peer_id,account_alias,account_address,balance
0,Account2,rfqX9sZyAHNc5PH8odzefqvbZDS8XMQmQF,180001000000
0,Account1,rNGgEcVm1cz8dDiv9b9vPnuvpbEJcnzEwP,20001000000
0,Account3,r3S75x31aMY1uUGXEY4jzB3aYiuvrkd2SH,100001000000
