peer_id,account_alias,account_address,balance
0,Account1,rH7fazwxKuaPvSrbVFYpf7CcLA7NinK6q4,19000999990
0,Account2,rptaPCV5w6bgUoN62cA1FDCNYx6LLrbh68,100001000000
0,Account3,ravgwEEdYFjQZsvCzoDFYddBXhYqLsNtfY,181001000000
