sender_peer_id,receiver_peer_id,tx_hash,next_ledger_seq
1,4,C5A904E575C9B00A4F7BA34D5239CBB71936F99C36F7D041331A45A01E752BB4,3
1,3,C5A904E575C9B00A4F7BA34D5239CBB71936F99C36F7D041331A45A01E752BB4,3
1,2,C5A904E575C9B00A4F7BA34D5239CBB71936F99C36F7D041331A45A01E752BB4,3
1,0,C5A904E575C9B00A4F7BA34D5239CBB71936F99C36F7D041331A45A01E752BB4,3
2,4,C5A904E575C9B00A4F7BA34D5239CBB71936F99C36F7D041331A45A01E752BB4,4
2,3,C5A904E575C9B00A4F7BA34D5239CBB71936F99C36F7D041331A45A01E752BB4,4
2,0,C5A904E575C9B00A4F7BA34D5239CBB71936F99C36F7D041331A45A01E752BB4,4
4,1,C5A904E575C9B00A4F7BA34D5239CBB71936F99C36F7D041331A45A01E752BB4,4
4,3,C5A904E575C9B00A4F7BA34D5239CBB71936F99C36F7D041331A45A01E752BB4,4
4,0,C5A904E575C9B00A4F7BA34D5239CBB71936F99C36F7D041331A45A01E752BB4,4
0,3,C5A904E575C9B00A4F7BA34D5239CBB71936F99C36F7D041331A45A01E752BB4,4
0,2,C5A904E575C9B00A4F7BA34D5239CBB71936F99C36F7D041331A45A01E752BB4,4
0,4,C5A904E575C9B00A4F7BA34D5239CBB71936F99C36F7D041331A45A01E752BB4,4
1,3,164F188E7CE6994D35F671791EECFB97F5A6205CC12AFAE9FDE8C181A8CFFCDC,4
1,0,164F188E7CE6994D35F671791EECFB97F5A6205CC12AFAE9FDE8C181A8CFFCDC,4
1,2,164F188E7CE6994D35F671791EECFB97F5A6205CC12AFAE9FDE8C181A8CFFCDC,4
1,4,164F188E7CE6994D35F671791EECFB97F5A6205CC12AFAE9FDE8C181A8CFFCDC,4
2,4,164F188E7CE6994D35F671791EECFB97F5A6205CC12AFAE9FDE8C181A8CFFCDC,4
2,3,164F188E7CE6994D35F671791EECFB97F5A6205CC12AFAE9FDE8C181A8CFFCDC,4
2,0,164F188E7CE6994D35F671791EECFB97F5A6205CC12AFAE9FDE8C181A8CFFCDC,4
3,4,C5A904E575C9B00A4F7BA34D5239CBB71936F99C36F7D041331A45A01E752BB4,4
3,2,C5A904E575C9B00A4F7BA34D5239CBB71936F99C36F7D041331A45A01E752BB4,4
3,0,C5A904E575C9B00A4F7BA34D5239CBB71936F99C36F7D041331A45A01E752BB4,4
4,3,164F188E7CE6994D35F671791EECFB97F5A6205CC12AFAE9FDE8C181A8CFFCDC,4
4,0,164F188E7CE6994D35F671791EECFB97F5A6205CC12AFAE9FDE8C181A8CFFCDC,4
4,1,164F188E7CE6994D35F671791EECFB97F5A6205CC12AFAE9FDE8C181A8CFFCDC,4
0,3,164F188E7CE6994D35F671791EECFB97F5A6205CC12AFAE9FDE8C181A8CFFCDC,4
0,4,164F188E7CE6994D35F671791EECFB97F5A6205CC12AFAE9FDE8C181A8CFFCDC,4
0,2,164F188E7CE6994D35F671791EECFB97F5A6205CC12AFAE9FDE8C181A8CFFCDC,4
1,3,739BA52FFC0432FD9E0C0DE9986E347DB161D24D6732B72B1C4BDE4C19E53F93,4
1,4,739BA52FFC0432FD9E0C0DE9986E347DB161D24D6732B72B1C4BDE4C19E53F93,4
1,0,739BA52FFC0432FD9E0C0DE9986E347DB161D24D6732B72B1C4BDE4C19E53F93,4
1,2,739BA52FFC0432FD9E0C0DE9986E347DB161D24D6732B72B1C4BDE4C19E53F93,4
2,3,739BA52FFC0432FD9E0C0DE9986E347DB161D24D6732B72B1C4BDE4C19E53F93,4
2,4,739BA52FFC0432FD9E0C0DE9986E347DB161D24D6732B72B1C4BDE4C19E53F93,4
2,0,739BA52FFC0432FD9E0C0DE9986E347DB161D24D6732B72B1C4BDE4C19E53F93,4
3,4,164F188E7CE6994D35F671791EECFB97F5A6205CC12AFAE9FDE8C181A8CFFCDC,4
3,2,164F188E7CE6994D35F671791EECFB97F5A6205CC12AFAE9FDE8C181A8CFFCDC,4
3,0,164F188E7CE6994D35F671791EECFB97F5A6205CC12AFAE9FDE8C181A8CFFCDC,4
4,3,739BA52FFC0432FD9E0C0DE9986E347DB161D24D6732B72B1C4BDE4C19E53F93,4
4,1,739BA52FFC0432FD9E0C0DE9986E347DB161D24D6732B72B1C4BDE4C19E53F93,4
4,0,739BA52FFC0432FD9E0C0DE9986E347DB161D24D6732B72B1C4BDE4C19E53F93,4
0,3,739BA52FFC0432FD9E0C0DE9986E347DB161D24D6732B72B1C4BDE4C19E53F93,4
0,2,739BA52FFC0432FD9E0C0DE9986E347DB161D24D6732B72B1C4BDE4C19E53F93,4
0,4,739BA52FFC0432FD9E0C0DE9986E347DB161D24D6732B72B1C4BDE4C19E53F93,4
3,4,739BA52FFC0432FD9E0C0DE9986E347DB161D24D6732B72B1C4BDE4C19E53F93,4
3,2,739BA52FFC0432FD9E0C0DE9986E347DB161D24D6732B72B1C4BDE4C19E53F93,4
3,0,739BA52FFC0432FD9E0C0DE9986E347DB161D24D6732B72B1C4BDE4C19E53F93,4
0,4,28CD4B262BBE806E9BAABCB980BC819CF2C073A99DD41365BB239551D36BE7F9,6
0,3,28CD4B262BBE806E9BAABCB980BC819CF2C073A99DD41365BB239551D36BE7F9,6
0,1,28CD4B262BBE806E9BAABCB980BC819CF2C073A99DD41365BB239551D36BE7F9,6
0,2,28CD4B262BBE806E9BAABCB980BC819CF2C073A99DD41365BB239551D36BE7F9,6
2,4,FDE31CA07E5CFB9316071BD1E199DBC1A409CDA1F6161679C8033923A7A591DE,6
2,3,FDE31CA07E5CFB9316071BD1E199DBC1A409CDA1F6161679C8033923A7A591DE,6
1,3,D34535D7CE9FCB87DCD7837670B9B72A5C3248503F55DA8B24D866A71AC60814,6
2,1,FDE31CA07E5CFB9316071BD1E199DBC1A409CDA1F6161679C8033923A7A591DE,6
1,0,D34535D7CE9FCB87DCD7837670B9B72A5C3248503F55DA8B24D866A71AC60814,6
2,0,FDE31CA07E5CFB9316071BD1E199DBC1A409CDA1F6161679C8033923A7A591DE,6
1,2,D34535D7CE9FCB87DCD7837670B9B72A5C3248503F55DA8B24D866A71AC60814,6
1,4,D34535D7CE9FCB87DCD7837670B9B72A5C3248503F55DA8B24D866A71AC60814,6
3,4,EEA48A93719277D85C98441ECF740C444484B5A015FDB45272C5277540D55556,6
3,0,EEA48A93719277D85C98441ECF740C444484B5A015FDB45272C5277540D55556,6
3,2,EEA48A93719277D85C98441ECF740C444484B5A015FDB45272C5277540D55556,6
3,1,EEA48A93719277D85C98441ECF740C444484B5A015FDB45272C5277540D55556,6
4,3,FDE31CA07E5CFB9316071BD1E199DBC1A409CDA1F6161679C8033923A7A591DE,6
4,1,FDE31CA07E5CFB9316071BD1E199DBC1A409CDA1F6161679C8033923A7A591DE,6
4,0,FDE31CA07E5CFB9316071BD1E199DBC1A409CDA1F6161679C8033923A7A591DE,6
1,3,FDE31CA07E5CFB9316071BD1E199DBC1A409CDA1F6161679C8033923A7A591DE,7
1,4,FDE31CA07E5CFB9316071BD1E199DBC1A409CDA1F6161679C8033923A7A591DE,7
1,0,FDE31CA07E5CFB9316071BD1E199DBC1A409CDA1F6161679C8033923A7A591DE,7
1,2,FDE31CA07E5CFB9316071BD1E199DBC1A409CDA1F6161679C8033923A7A591DE,7
1,3,EEA48A93719277D85C98441ECF740C444484B5A015FDB45272C5277540D55556,7
1,2,EEA48A93719277D85C98441ECF740C444484B5A015FDB45272C5277540D55556,7
1,0,EEA48A93719277D85C98441ECF740C444484B5A015FDB45272C5277540D55556,7
1,4,EEA48A93719277D85C98441ECF740C444484B5A015FDB45272C5277540D55556,7
0,3,FDE31CA07E5CFB9316071BD1E199DBC1A409CDA1F6161679C8033923A7A591DE,7
0,1,FDE31CA07E5CFB9316071BD1E199DBC1A409CDA1F6161679C8033923A7A591DE,7
0,2,FDE31CA07E5CFB9316071BD1E199DBC1A409CDA1F6161679C8033923A7A591DE,7
0,4,FDE31CA07E5CFB9316071BD1E199DBC1A409CDA1F6161679C8033923A7A591DE,7
3,4,FDE31CA07E5CFB9316071BD1E199DBC1A409CDA1F6161679C8033923A7A591DE,7
3,1,FDE31CA07E5CFB9316071BD1E199DBC1A409CDA1F6161679C8033923A7A591DE,7
3,2,FDE31CA07E5CFB9316071BD1E199DBC1A409CDA1F6161679C8033923A7A591DE,7
3,0,FDE31CA07E5CFB9316071BD1E199DBC1A409CDA1F6161679C8033923A7A591DE,7
