peer_id,peer_to_id,ledger_seq,ledger_hash,raw_contents
0,3,2,8397fc84793dc9b5186bd1afdca1cbf505930ac1aa32768c8a7e9d994b6bd7d1,[]
1,0,2,8397fc84793dc9b5186bd1afdca1cbf505930ac1aa32768c8a7e9d994b6bd7d1,[]
4,2,2,8397fc84793dc9b5186bd1afdca1cbf505930ac1aa32768c8a7e9d994b6bd7d1,[]
2,3,2,8397fc84793dc9b5186bd1afdca1cbf505930ac1aa32768c8a7e9d994b6bd7d1,[]
3,4,2,8397fc84793dc9b5186bd1afdca1cbf505930ac1aa32768c8a7e9d994b6bd7d1,[]
0,4,3,168e144cd13b4ee406b7746cbcc3b8b17d50c5a8e48bc8f085aba93cbfe11fe2,[]
2,3,3,168e144cd13b4ee406b7746cbcc3b8b17d50c5a8e48bc8f085aba93cbfe11fe2,[]
3,2,3,168e144cd13b4ee406b7746cbcc3b8b17d50c5a8e48bc8f085aba93cbfe11fe2,[]
1,3,3,168e144cd13b4ee406b7746cbcc3b8b17d50c5a8e48bc8f085aba93cbfe11fe2,[]
4,3,3,168e144cd13b4ee406b7746cbcc3b8b17d50c5a8e48bc8f085aba93cbfe11fe2,[]
0,3,4,9b51cc1813afae022745c61643ad4d17439161ca0abebb6a46507400493ebe9c,[]
2,4,4,9b51cc1813afae022745c61643ad4d17439161ca0abebb6a46507400493ebe9c,[]
3,4,4,9b51cc1813afae022745c61643ad4d17439161ca0abebb6a46507400493ebe9c,[]
1,3,4,9b51cc1813afae022745c61643ad4d17439161ca0abebb6a46507400493ebe9c,[]
4,2,4,9b51cc1813afae022745c61643ad4d17439161ca0abebb6a46507400493ebe9c,[]
0,4,5,e6633d0f7698e310390b1503ceb4bb7eff486192f4c53ffd40183aa36e03ace6,[]
3,4,5,307de35a87a46d82447238a00b3c3ec60a57e99943cbe23680a9c543f13a80f6,"['43676ADF3EF10AE5CE3EEB2E0E2DDBE18AD45A5D2B44E212FB9AA740C7790A4F', 'A6C8E7825D77F48E30D02609F43BBB863675BB0F099C00B9773E443895395A1D', 'D79C60F440C54E07E9993BDC9317D062F36533DEEFD0971AC11FCC5EEA3E85CE']"
4,0,5,307de35a87a46d82447238a00b3c3ec60a57e99943cbe23680a9c543f13a80f6,"['43676ADF3EF10AE5CE3EEB2E0E2DDBE18AD45A5D2B44E212FB9AA740C7790A4F', 'A6C8E7825D77F48E30D02609F43BBB863675BB0F099C00B9773E443895395A1D', 'D79C60F440C54E07E9993BDC9317D062F36533DEEFD0971AC11FCC5EEA3E85CE']"
2,4,5,307de35a87a46d82447238a00b3c3ec60a57e99943cbe23680a9c543f13a80f6,"['43676ADF3EF10AE5CE3EEB2E0E2DDBE18AD45A5D2B44E212FB9AA740C7790A4F', 'A6C8E7825D77F48E30D02609F43BBB863675BB0F099C00B9773E443895395A1D', 'D79C60F440C54E07E9993BDC9317D062F36533DEEFD0971AC11FCC5EEA3E85CE']"
1,4,5,307de35a87a46d82447238a00b3c3ec60a57e99943cbe23680a9c543f13a80f6,"['43676ADF3EF10AE5CE3EEB2E0E2DDBE18AD45A5D2B44E212FB9AA740C7790A4F', 'A6C8E7825D77F48E30D02609F43BBB863675BB0F099C00B9773E443895395A1D', 'D79C60F440C54E07E9993BDC9317D062F36533DEEFD0971AC11FCC5EEA3E85CE']"
1,4,6,4e1a3ada94af5eb7c44e98ccb8cdfc8da48f3406b418ad622b69636791eeeb44,[]
4,2,6,4e1a3ada94af5eb7c44e98ccb8cdfc8da48f3406b418ad622b69636791eeeb44,[]
2,4,6,4e1a3ada94af5eb7c44e98ccb8cdfc8da48f3406b418ad622b69636791eeeb44,[]
3,2,6,4e1a3ada94af5eb7c44e98ccb8cdfc8da48f3406b418ad622b69636791eeeb44,[]
0,3,6,4e1a3ada94af5eb7c44e98ccb8cdfc8da48f3406b418ad622b69636791eeeb44,[]
2,4,7,6d06577d0111e33062acca82dbb64cb5f5ddc0a0437bd4ee09c821204216c802,"['8B1CDA14E484DD22ED91CF32398C10ACDEFAAE53F59CFFADD3BBDEEEA0E0F543', 'A6CF7F80FC4BA22CC7200D7D3890EFDBE8A042AC047A74944E78DCCC2913A3F5']"
1,4,7,6d06577d0111e33062acca82dbb64cb5f5ddc0a0437bd4ee09c821204216c802,"['8B1CDA14E484DD22ED91CF32398C10ACDEFAAE53F59CFFADD3BBDEEEA0E0F543', 'A6CF7F80FC4BA22CC7200D7D3890EFDBE8A042AC047A74944E78DCCC2913A3F5']"
2,4,8,0faad95e7e92a3378961c3c0f638d7b28c3bcc58c5b28354da41aa0d0b51c76c,[]
1,4,8,0faad95e7e92a3378961c3c0f638d7b28c3bcc58c5b28354da41aa0d0b51c76c,[]
2,3,9,8e6b226e02696562821953ab453d4b895107f72df4ae992faa0c4bf094f11f8a,[]
1,4,9,8e6b226e02696562821953ab453d4b895107f72df4ae992faa0c4bf094f11f8a,[]
2,3,10,c6fff1a693374361dc89bed5fc8342d5445f722168d2e689e9abc11eb88b34a1,[]
1,4,10,c6fff1a693374361dc89bed5fc8342d5445f722168d2e689e9abc11eb88b34a1,[]
2,3,11,294c7b64a0172ca50c211377cfc47cf34275ee4e253d6f01cee5c2be64017c83,[]
1,3,11,294c7b64a0172ca50c211377cfc47cf34275ee4e253d6f01cee5c2be64017c83,[]
0,4,7,4937e7db62701f4f93ab98a1f94bd66d11b9a056bb0a12430d584d5ec2f095c3,"['9221F13F3B59AD28668A77A896D10B8F1EF7872B69B438F8FA03FA10F878AB8C', 'A6CF7F80FC4BA22CC7200D7D3890EFDBE8A042AC047A74944E78DCCC2913A3F5']"
4,3,7,5125609b009df135a680990e289b33c96fa89c80334c7d90027929f9618c3128,"['57E95C16758F036642D29AE870C8874CFEA1A4831E58DE8835F3D694BD65A069', 'A6CF7F80FC4BA22CC7200D7D3890EFDBE8A042AC047A74944E78DCCC2913A3F5']"
2,4,12,ea67c5f260f0cc4b6b946f092171c9a0827994f32c7a034c875866cb91b9b42e,[]
3,2,7,5125609b009df135a680990e289b33c96fa89c80334c7d90027929f9618c3128,"['57E95C16758F036642D29AE870C8874CFEA1A4831E58DE8835F3D694BD65A069', 'A6CF7F80FC4BA22CC7200D7D3890EFDBE8A042AC047A74944E78DCCC2913A3F5']"
1,3,12,ea67c5f260f0cc4b6b946f092171c9a0827994f32c7a034c875866cb91b9b42e,[]
2,4,13,82901882acfd71708a88752b12d06cc34aa444aa6a99987356cb4c5ce71f16ee,[]
1,4,13,82901882acfd71708a88752b12d06cc34aa444aa6a99987356cb4c5ce71f16ee,[]
2,4,14,c5789a9d8e8d361bf196218f01ba8d51fdacfe257206f36bc339c736a3b8061d,[]
1,4,14,c5789a9d8e8d361bf196218f01ba8d51fdacfe257206f36bc339c736a3b8061d,[]
2,4,15,ff282144eac66290e0b1d0d794c7d20267cb65c7994caf88f620c40505c8f53b,[]
1,3,15,ff282144eac66290e0b1d0d794c7d20267cb65c7994caf88f620c40505c8f53b,[]
2,4,16,bd92e4765622c8cc9f6034cd2956e198838fc33312c5edc816c3b50b7717a2ba,[]
1,3,16,bd92e4765622c8cc9f6034cd2956e198838fc33312c5edc816c3b50b7717a2ba,[]
2,4,17,eabef0bed6df383643c0ee527a0d4e6f34784d12c21aefd2c15b9795d19d2686,[]
1,0,17,eabef0bed6df383643c0ee527a0d4e6f34784d12c21aefd2c15b9795d19d2686,[]
2,4,18,1c1b52375013867281adfdd05e5a7c3b167c1fd109d59cdda219624f767c12b4,[]
1,4,18,1c1b52375013867281adfdd05e5a7c3b167c1fd109d59cdda219624f767c12b4,[]
0,3,8,5fbb6462da47dcc74a596244d3b665e039771b0f83ddcff16cc6267ce713fa54,[]
3,2,8,6e8707f3a44180525fefe512df787a0ec74bf4cba3686f5e10e053cf6d5bd3ee,[]
2,3,19,04597c56e880dca651af6669652d2c792e190fc87669cfe36782079ef5b15043,[]
1,4,19,04597c56e880dca651af6669652d2c792e190fc87669cfe36782079ef5b15043,[]
2,4,20,62ed66c01aba0e93d47032364c6a8ad0b4f50b608e8565aceb7d144287e6b3b6,[]
1,3,20,62ed66c01aba0e93d47032364c6a8ad0b4f50b608e8565aceb7d144287e6b3b6,[]
4,2,8,6e8707f3a44180525fefe512df787a0ec74bf4cba3686f5e10e053cf6d5bd3ee,[]
2,3,21,190614d907e907ed2b0bc7e070001ef804f6e1f857b816ef378867cdbd09a3ff,[]
1,3,21,190614d907e907ed2b0bc7e070001ef804f6e1f857b816ef378867cdbd09a3ff,[]
2,4,22,43c812616bca7c37e2f56fefd92030f3f0c9af3d2d5b958f8e7c02bf4b35b97d,[]
1,3,22,43c812616bca7c37e2f56fefd92030f3f0c9af3d2d5b958f8e7c02bf4b35b97d,[]
2,4,23,b6fbc45f4faebf12332e57bdcccb34a090c71303d84afaf2451ccb7adb6c1833,[]
1,3,23,b6fbc45f4faebf12332e57bdcccb34a090c71303d84afaf2451ccb7adb6c1833,[]
2,4,24,459d807e9a852d21b9739d06b0e473e14e568caf3aec4fed263ef3f3b3946dc9,[]
1,4,24,459d807e9a852d21b9739d06b0e473e14e568caf3aec4fed263ef3f3b3946dc9,[]
2,4,25,7a7973a2505ade1fb52567ebfde7d7829022259a997b173d1615861c71115fa8,[]
3,4,9,4288809f669b014ab9b660af7969020b8a4d997bd5e42a8f52ffc890734423dd,[]
0,4,9,7a55092392ce8b6601970197c435bb4ffb66a08f1cf73ece7a1d32e50e3868ba,[]
1,4,25,7a7973a2505ade1fb52567ebfde7d7829022259a997b173d1615861c71115fa8,[]
4,3,9,4288809f669b014ab9b660af7969020b8a4d997bd5e42a8f52ffc890734423dd,[]
2,4,26,ec297cdc729367d710e12c85156a933b57beb0c044e474fcaf7a3371e214ccca,[]
1,3,26,ec297cdc729367d710e12c85156a933b57beb0c044e474fcaf7a3371e214ccca,[]
2,4,27,09c56ab862d5b4bdc21a4c82a7790a7884ebc1f9f6a343638b023a7cbd4426ea,[]
1,4,27,09c56ab862d5b4bdc21a4c82a7790a7884ebc1f9f6a343638b023a7cbd4426ea,[]
2,3,28,f05337fc024e70a7aed4daa422b1cf1e7bc8ec66a9a38a478ee8060f63474bde,[]
1,4,28,f05337fc024e70a7aed4daa422b1cf1e7bc8ec66a9a38a478ee8060f63474bde,[]
2,3,29,b46381dd847a4c005836b651336ab3561227b5360eabd0ed598eac0b00e2fdb7,[]
1,0,29,b46381dd847a4c005836b651336ab3561227b5360eabd0ed598eac0b00e2fdb7,[]
2,3,30,182a6e90cf76a42c652a4cb7c7d044d855b256bf27a6df3aaf57919b3ec06b8b,[]
1,3,30,182a6e90cf76a42c652a4cb7c7d044d855b256bf27a6df3aaf57919b3ec06b8b,[]
2,3,31,15c6f4c9effe8ebddf4fbc13ad5171d80e3b953616a665eedfadbfb9205d79f1,[]
1,3,31,15c6f4c9effe8ebddf4fbc13ad5171d80e3b953616a665eedfadbfb9205d79f1,[]
3,4,10,062ff72ee953637b74887ad902b0ef5eae0219bf8cf529a4eed0bf2978904aea,[]
0,4,10,49104750f372ffe09a8598738eacf66cc9ee8b9b248a3acb879c3ab8b9ece06c,[]
4,2,10,062ff72ee953637b74887ad902b0ef5eae0219bf8cf529a4eed0bf2978904aea,[]
2,4,32,c45ab234e4191d878f9ac2d0a6f46d579273b5cd104d7bcbe7a53be6a9485f73,[]
1,4,32,c45ab234e4191d878f9ac2d0a6f46d579273b5cd104d7bcbe7a53be6a9485f73,[]
2,4,33,2533a76a8b92c180a14a9694210cf2d31be34e42c12ab8dabb48ac51eb72a35c,[]
1,4,33,2533a76a8b92c180a14a9694210cf2d31be34e42c12ab8dabb48ac51eb72a35c,[]
2,4,34,bd73d62cf7c318d7d272351843e8df2cf008c5f3b9b160740d8dcaf2ab9b25bf,[]
1,4,34,bd73d62cf7c318d7d272351843e8df2cf008c5f3b9b160740d8dcaf2ab9b25bf,[]
2,3,35,4bfadb49aa307c36112eff18275d33536d5e4a4c14556d8fee81bc3182e1790f,[]
1,4,35,4bfadb49aa307c36112eff18275d33536d5e4a4c14556d8fee81bc3182e1790f,[]
2,4,36,43e17ae9445424b3c894fecedcbbd4fadb9a2d55c033f657fc5a4689e0c87d7c,[]
1,4,36,43e17ae9445424b3c894fecedcbbd4fadb9a2d55c033f657fc5a4689e0c87d7c,[]
2,3,37,a73ababb2c6f479f26663a6cd437ac25584f0d73266be65fe60aff050005ae3d,[]
1,3,37,a73ababb2c6f479f26663a6cd437ac25584f0d73266be65fe60aff050005ae3d,[]
2,4,38,d5f6eb7d35bb619bc6c8fd874b8de57e9179c6186c1b095d145c5422f84bce2c,[]
1,3,38,d5f6eb7d35bb619bc6c8fd874b8de57e9179c6186c1b095d145c5422f84bce2c,[]
3,2,11,66c8fe3c32a4c65dd178780767520ad41fa67f32e2b84c8b2e53dbd77812872d,[]
0,3,11,f272d25b1fdd5c39f96a1fda39fe6e74cb7bf2d442dbbe65e7150eaf7b1ed580,[]
4,2,11,66c8fe3c32a4c65dd178780767520ad41fa67f32e2b84c8b2e53dbd77812872d,[]
2,1,39,1e7b975d6772f2f97dd5dfd00b6d42c4e27eee032f954b4055e417bd6ea0a64a,[]
1,3,39,1e7b975d6772f2f97dd5dfd00b6d42c4e27eee032f954b4055e417bd6ea0a64a,[]
2,4,40,8d99bbce1ba9529530469c40992d7685bf9e3c5d95ff594ed21ffff3831c6857,[]
1,3,40,8d99bbce1ba9529530469c40992d7685bf9e3c5d95ff594ed21ffff3831c6857,[]
2,4,41,1743052bc7a2924bb661c3fc2ae9e39bd7a212957f8a2ff4d1f103e7fbaf82b9,[]
1,3,41,1743052bc7a2924bb661c3fc2ae9e39bd7a212957f8a2ff4d1f103e7fbaf82b9,[]
2,4,42,3375a59b41a33941ddd2aa69e1893db850ce331e4ff28c2887828bb4bd15b467,[]
1,4,42,3375a59b41a33941ddd2aa69e1893db850ce331e4ff28c2887828bb4bd15b467,[]
2,1,43,493ef27e81ee842d9f9436334029ef8cf262c302dc25e591f2ed0cb18d112a72,[]
1,3,43,493ef27e81ee842d9f9436334029ef8cf262c302dc25e591f2ed0cb18d112a72,[]
2,4,44,1d9f8ba5aff879ae499a8bfd098bddde40f700947ca1b2999d296e40e695865c,[]
1,3,44,1d9f8ba5aff879ae499a8bfd098bddde40f700947ca1b2999d296e40e695865c,[]
2,4,45,2e69f262aa0db145d3ae80579941788567cd641bc46cd7756ecd5b992124f6c1,[]
3,2,12,4758c174c6f6a30c9b68cc18393d2d1774fb515ea02e89e7677d6f2e87fb8af9,[]
0,4,12,a60515475e8aa7d68be53235d73fe4b76d86c61a0e2dd05974d9f6a9dd8ca354,[]
1,4,45,2e69f262aa0db145d3ae80579941788567cd641bc46cd7756ecd5b992124f6c1,[]
4,3,12,4758c174c6f6a30c9b68cc18393d2d1774fb515ea02e89e7677d6f2e87fb8af9,[]
2,4,46,9ac57c4252e416a8b84d417f45233a8a8dceadd5b96b5fb22ef3ea92a55fb323,[]
1,4,46,9ac57c4252e416a8b84d417f45233a8a8dceadd5b96b5fb22ef3ea92a55fb323,[]
2,1,47,626f2bbfed36a6bcb1478d951697dad46e452ee3c26e055f4a5f5588efd25ff7,[]
1,4,47,626f2bbfed36a6bcb1478d951697dad46e452ee3c26e055f4a5f5588efd25ff7,[]
2,4,48,4a84fffbee067b2dcee1c76cc7e963f2a4c905ee7ce818a87b7ecdd7d5965597,[]
1,4,48,4a84fffbee067b2dcee1c76cc7e963f2a4c905ee7ce818a87b7ecdd7d5965597,[]
2,3,49,29afdaa750f9f0810b23ffa520f4155c7ca4660efb482464a3a02bdee4d701fc,[]
1,4,49,29afdaa750f9f0810b23ffa520f4155c7ca4660efb482464a3a02bdee4d701fc,[]
2,3,50,77c9efb142f2f387fa9f3d004a73899a8537c589c725613c96a4ee0001d58909,[]
1,4,50,77c9efb142f2f387fa9f3d004a73899a8537c589c725613c96a4ee0001d58909,[]
2,3,51,a77ac995f2628db68eb09480df0da3eb91c26826a2530a361fb0d4a9f7807157,[]
1,4,51,a77ac995f2628db68eb09480df0da3eb91c26826a2530a361fb0d4a9f7807157,[]
3,4,13,5b421e495731b1f7b3ac85038d4f44d00a88eeec56cc32c00de0f1d2bf91197c,[]
0,4,13,eda5c0f4b20bdc98a0735ff8b75f872f9c3750e5a8b1ba4071132aa059c2866e,[]
4,3,13,5b421e495731b1f7b3ac85038d4f44d00a88eeec56cc32c00de0f1d2bf91197c,[]
2,3,52,83e3ea513d74510632afd3cf9d93487b8e28e5c8235421589b3693c4d4cec031,[]
1,4,52,83e3ea513d74510632afd3cf9d93487b8e28e5c8235421589b3693c4d4cec031,[]
2,4,53,f3c2ef0e1a8d7720c81e0c389236fce3085fd0df9901d8387d6697e340c82cdd,[]
1,4,53,f3c2ef0e1a8d7720c81e0c389236fce3085fd0df9901d8387d6697e340c82cdd,[]
2,4,54,071f3d9a434e0b5765034f1b152c9eb7b542dece78ef9c5b2e03781d7289770d,[]
1,3,54,071f3d9a434e0b5765034f1b152c9eb7b542dece78ef9c5b2e03781d7289770d,[]
2,4,55,9d7c0c8300d22c1d1673be83b2947ede79c2fed9bf4e9745b12cf0da378b79f2,[]
1,3,55,9d7c0c8300d22c1d1673be83b2947ede79c2fed9bf4e9745b12cf0da378b79f2,[]
2,4,56,885b27ee0fdc860d3d9997e694e058098ff054a229b9dcc428830d21dd89d5e1,[]
1,4,56,885b27ee0fdc860d3d9997e694e058098ff054a229b9dcc428830d21dd89d5e1,[]
2,4,57,f0a47b1f4f07129bf63807074189cf531f1af8e266da5d325c0a853be1ffa9dd,[]
1,0,57,f0a47b1f4f07129bf63807074189cf531f1af8e266da5d325c0a853be1ffa9dd,[]
2,4,58,e69d8385a41121ec53f1458331b20eb7695c9fa3bfd84891f8d7fd3a3fd89588,[]
1,3,58,e69d8385a41121ec53f1458331b20eb7695c9fa3bfd84891f8d7fd3a3fd89588,[]
3,2,14,a3c52a9f3a63547b63d15d3da03534260e5f1ff3d944e405e4e52e5bf6e42ea1,[]
0,4,14,53b881442cb9880dc0afafaa9335887294adb433a92595b27e6e41b33d78c8f6,[]
4,2,14,a3c52a9f3a63547b63d15d3da03534260e5f1ff3d944e405e4e52e5bf6e42ea1,[]
2,0,59,c51f541097fde4f983dd446c0c9be9ac436618abe1a5bcdd807cd7dee1b03dea,[]
1,4,59,c51f541097fde4f983dd446c0c9be9ac436618abe1a5bcdd807cd7dee1b03dea,[]
2,1,60,1d249a7022fcb7563919f34183dc0d7d765726a689910fafa0b40b53b5c45ef5,[]
1,4,60,1d249a7022fcb7563919f34183dc0d7d765726a689910fafa0b40b53b5c45ef5,[]
2,4,61,942b5f088360aec69830833cdd8e1e5613c2a372440029b23cb145f1393a21b9,[]
1,3,61,942b5f088360aec69830833cdd8e1e5613c2a372440029b23cb145f1393a21b9,[]
2,3,62,895f91be5d9cce74784dbb84c0b9b145a006e30bd965aeba572a4c7d2a63c9b2,[]
1,4,62,895f91be5d9cce74784dbb84c0b9b145a006e30bd965aeba572a4c7d2a63c9b2,[]
2,0,63,ef38c372d39762b989abc0327263608deec2aedc84db842b1b2a39fbb5670ccc,[]
3,1,63,ef38c372d39762b989abc0327263608deec2aedc84db842b1b2a39fbb5670ccc,[]
0,4,63,ef38c372d39762b989abc0327263608deec2aedc84db842b1b2a39fbb5670ccc,[]
1,4,63,ef38c372d39762b989abc0327263608deec2aedc84db842b1b2a39fbb5670ccc,[]
4,2,63,ef38c372d39762b989abc0327263608deec2aedc84db842b1b2a39fbb5670ccc,[]
