peer_id,account_alias,account_address,balance
0,Account1,rJtGbLAYkZjNj8SSqc9neLhb43qJ1yEtUf,17000999990
0,Account2,rnBP7AY2id2LNHJPYbpq6St56MmcaS48kq,183001000000
0,Account3,rMDofsYyvY6ZjtBMKZDUp5XBFgmsWZzNMP,100001000000
