peer_id,account_alias,account_address,balance
0,Account2,rHu2ibjT3EfJBNqj64v7oxsRMkNrX11gKh,100001000000
0,Account1,rs5J6ymFxa35nvg7gUtR5RaPjQb8JipFse,19000999990
0,Account3,rDvKftAwG3nsDP7TrZjScQ9vutKaFgY3Jg,181001000000
