ledger_seq,peer_id,validated,ledger_hash,transactions
1,0,True,2D7DE9661AADBCDC6DD6630F0C616F5BE29803A5A5DC31486DD65E0F6A79DDB1,[]
1,1,True,2D7DE9661AADBCDC6DD6630F0C616F5BE29803A5A5DC31486DD65E0F6A79DDB1,[]
1,2,True,2D7DE9661AADBCDC6DD6630F0C616F5BE29803A5A5DC31486DD65E0F6A79DDB1,[]
1,3,True,2D7DE9661AADBCDC6DD6630F0C616F5BE29803A5A5DC31486DD65E0F6A79DDB1,[]
1,4,True,2D7DE9661AADBCDC6DD6630F0C616F5BE29803A5A5DC31486DD65E0F6A79DDB1,[]
2,0,True,18511EB8BEDF4664EA8A8C7603276EB86622E5B9D6D2C4B78148B1CAAF84280D,[]
2,1,True,18511EB8BEDF4664EA8A8C7603276EB86622E5B9D6D2C4B78148B1CAAF84280D,[]
2,2,True,18511EB8BEDF4664EA8A8C7603276EB86622E5B9D6D2C4B78148B1CAAF84280D,[]
2,3,True,18511EB8BEDF4664EA8A8C7603276EB86622E5B9D6D2C4B78148B1CAAF84280D,[]
2,4,True,18511EB8BEDF4664EA8A8C7603276EB86622E5B9D6D2C4B78148B1CAAF84280D,[]
3,0,True,6C8EF6DF0CCC4B138C42EE7A135C917F62114D77D26CA0BD2E84881CD5145EBB,[]
3,1,True,6C8EF6DF0CCC4B138C42EE7A135C917F62114D77D26CA0BD2E84881CD5145EBB,[]
3,2,True,6C8EF6DF0CCC4B138C42EE7A135C917F62114D77D26CA0BD2E84881CD5145EBB,[]
3,3,True,6C8EF6DF0CCC4B138C42EE7A135C917F62114D77D26CA0BD2E84881CD5145EBB,[]
3,4,True,6C8EF6DF0CCC4B138C42EE7A135C917F62114D77D26CA0BD2E84881CD5145EBB,[]
4,0,True,A9672DA382132BB063CE837EE9EF6B6CEB1E765723EFC20CAEF10F06CCBA7FEA,[]
4,1,True,A9672DA382132BB063CE837EE9EF6B6CEB1E765723EFC20CAEF10F06CCBA7FEA,[]
4,2,True,A9672DA382132BB063CE837EE9EF6B6CEB1E765723EFC20CAEF10F06CCBA7FEA,[]
4,3,True,A9672DA382132BB063CE837EE9EF6B6CEB1E765723EFC20CAEF10F06CCBA7FEA,[]
4,4,True,A9672DA382132BB063CE837EE9EF6B6CEB1E765723EFC20CAEF10F06CCBA7FEA,[]
5,0,True,1E071F6088B6FE1543D2AD9882625EC95143564E076C99D98BF1C924664B06F7,[]
5,1,True,1E071F6088B6FE1543D2AD9882625EC95143564E076C99D98BF1C924664B06F7,[]
5,2,True,1E071F6088B6FE1543D2AD9882625EC95143564E076C99D98BF1C924664B06F7,[]
5,3,True,1E071F6088B6FE1543D2AD9882625EC95143564E076C99D98BF1C924664B06F7,[]
5,4,True,1E071F6088B6FE1543D2AD9882625EC95143564E076C99D98BF1C924664B06F7,[]
6,0,True,F34934A671AA873395C3A9E5D68BEB383FB179CFF1C4B182C8D0209FFF03B499,[]
6,1,True,F34934A671AA873395C3A9E5D68BEB383FB179CFF1C4B182C8D0209FFF03B499,[]
6,2,True,F34934A671AA873395C3A9E5D68BEB383FB179CFF1C4B182C8D0209FFF03B499,[]
6,3,True,F34934A671AA873395C3A9E5D68BEB383FB179CFF1C4B182C8D0209FFF03B499,[]
6,4,True,F34934A671AA873395C3A9E5D68BEB383FB179CFF1C4B182C8D0209FFF03B499,[]
7,0,True,7D0408A46BD22303D9288616F3FD495917D56804EB9CEB08A4E50EFCCD8A3B09,[]
7,1,True,7D0408A46BD22303D9288616F3FD495917D56804EB9CEB08A4E50EFCCD8A3B09,[]
7,2,True,7D0408A46BD22303D9288616F3FD495917D56804EB9CEB08A4E50EFCCD8A3B09,[]
7,3,True,7D0408A46BD22303D9288616F3FD495917D56804EB9CEB08A4E50EFCCD8A3B09,[]
7,4,True,7D0408A46BD22303D9288616F3FD495917D56804EB9CEB08A4E50EFCCD8A3B09,[]
8,0,True,EE055C1BDF3FA245E65D70D8E86DF415C501EEE5196EC9F09D37B80EA434D93A,[]
8,1,True,EE055C1BDF3FA245E65D70D8E86DF415C501EEE5196EC9F09D37B80EA434D93A,[]
8,2,True,EE055C1BDF3FA245E65D70D8E86DF415C501EEE5196EC9F09D37B80EA434D93A,[]
8,3,True,EE055C1BDF3FA245E65D70D8E86DF415C501EEE5196EC9F09D37B80EA434D93A,[]
8,4,True,EE055C1BDF3FA245E65D70D8E86DF415C501EEE5196EC9F09D37B80EA434D93A,[]
9,0,True,FDB03E931212418990EB60CD7805FFD024F5A775EBBB72488ED494BA7E899622,[]
9,1,True,FDB03E931212418990EB60CD7805FFD024F5A775EBBB72488ED494BA7E899622,[]
9,2,True,FDB03E931212418990EB60CD7805FFD024F5A775EBBB72488ED494BA7E899622,[]
9,3,True,FDB03E931212418990EB60CD7805FFD024F5A775EBBB72488ED494BA7E899622,[]
9,4,True,FDB03E931212418990EB60CD7805FFD024F5A775EBBB72488ED494BA7E899622,[]
10,0,True,172D7144CB5DF7E2700AA4361D3441B96C224E9CD842B474F251EBEE866B46B0,[]
10,1,True,172D7144CB5DF7E2700AA4361D3441B96C224E9CD842B474F251EBEE866B46B0,[]
10,2,True,172D7144CB5DF7E2700AA4361D3441B96C224E9CD842B474F251EBEE866B46B0,[]
10,3,True,172D7144CB5DF7E2700AA4361D3441B96C224E9CD842B474F251EBEE866B46B0,[]
10,4,True,172D7144CB5DF7E2700AA4361D3441B96C224E9CD842B474F251EBEE866B46B0,[]
11,0,True,79B706B2ED296EC4D8FDB7E4006E0CEB9AD74D26BB85CDC5AC302D6080C60C40,[]
11,1,True,79B706B2ED296EC4D8FDB7E4006E0CEB9AD74D26BB85CDC5AC302D6080C60C40,[]
11,2,True,79B706B2ED296EC4D8FDB7E4006E0CEB9AD74D26BB85CDC5AC302D6080C60C40,[]
11,3,True,79B706B2ED296EC4D8FDB7E4006E0CEB9AD74D26BB85CDC5AC302D6080C60C40,[]
11,4,True,79B706B2ED296EC4D8FDB7E4006E0CEB9AD74D26BB85CDC5AC302D6080C60C40,[]
12,0,True,10A2F41C9E456725017F9FBE935CFF604D7A6EE50D7AE34A3E79A5D5A170B8AC,[]
12,1,True,10A2F41C9E456725017F9FBE935CFF604D7A6EE50D7AE34A3E79A5D5A170B8AC,[]
12,2,True,10A2F41C9E456725017F9FBE935CFF604D7A6EE50D7AE34A3E79A5D5A170B8AC,[]
12,3,True,10A2F41C9E456725017F9FBE935CFF604D7A6EE50D7AE34A3E79A5D5A170B8AC,[]
12,4,True,10A2F41C9E456725017F9FBE935CFF604D7A6EE50D7AE34A3E79A5D5A170B8AC,[]
13,0,True,E363BE011CAE2C56D13E5EC5AE0ADEECE605456CE548EEFCA2C3D74A1013631B,[]
13,1,True,E363BE011CAE2C56D13E5EC5AE0ADEECE605456CE548EEFCA2C3D74A1013631B,[]
13,2,True,E363BE011CAE2C56D13E5EC5AE0ADEECE605456CE548EEFCA2C3D74A1013631B,[]
13,3,True,E363BE011CAE2C56D13E5EC5AE0ADEECE605456CE548EEFCA2C3D74A1013631B,[]
13,4,True,E363BE011CAE2C56D13E5EC5AE0ADEECE605456CE548EEFCA2C3D74A1013631B,[]
14,0,True,D6DBE847EE76284BC10A79E7E527A2C08AA738DAEE7CD2EF2E0F942A9739B099,[]
14,1,True,D6DBE847EE76284BC10A79E7E527A2C08AA738DAEE7CD2EF2E0F942A9739B099,[]
14,2,True,D6DBE847EE76284BC10A79E7E527A2C08AA738DAEE7CD2EF2E0F942A9739B099,[]
14,3,True,D6DBE847EE76284BC10A79E7E527A2C08AA738DAEE7CD2EF2E0F942A9739B099,[]
14,4,True,D6DBE847EE76284BC10A79E7E527A2C08AA738DAEE7CD2EF2E0F942A9739B099,[]
15,0,True,BD4ECFF39F4954331D66BB9F704771906B82DC2B14D62BDD2703B188CAD97767,[]
15,1,True,BD4ECFF39F4954331D66BB9F704771906B82DC2B14D62BDD2703B188CAD97767,[]
15,2,True,BD4ECFF39F4954331D66BB9F704771906B82DC2B14D62BDD2703B188CAD97767,[]
15,3,True,BD4ECFF39F4954331D66BB9F704771906B82DC2B14D62BDD2703B188CAD97767,[]
15,4,True,BD4ECFF39F4954331D66BB9F704771906B82DC2B14D62BDD2703B188CAD97767,[]
16,0,True,A83B1965989018AAEF6BEB7BAF332AB158012F7B57BF69FFF70BFCDE0FFBD0F4,[]
16,1,True,A83B1965989018AAEF6BEB7BAF332AB158012F7B57BF69FFF70BFCDE0FFBD0F4,[]
16,2,True,A83B1965989018AAEF6BEB7BAF332AB158012F7B57BF69FFF70BFCDE0FFBD0F4,[]
16,3,True,A83B1965989018AAEF6BEB7BAF332AB158012F7B57BF69FFF70BFCDE0FFBD0F4,[]
16,4,True,A83B1965989018AAEF6BEB7BAF332AB158012F7B57BF69FFF70BFCDE0FFBD0F4,[]
17,0,True,063EF50507D1EF75315FE72E69A85D3C39B7BEA608B71BCAD727B798A936EE32,[]
17,1,True,063EF50507D1EF75315FE72E69A85D3C39B7BEA608B71BCAD727B798A936EE32,[]
17,2,True,063EF50507D1EF75315FE72E69A85D3C39B7BEA608B71BCAD727B798A936EE32,[]
17,3,True,063EF50507D1EF75315FE72E69A85D3C39B7BEA608B71BCAD727B798A936EE32,[]
17,4,True,063EF50507D1EF75315FE72E69A85D3C39B7BEA608B71BCAD727B798A936EE32,[]
18,0,True,BB082E0983C84B70254C566A0AEFB5E0730B6333D815C138214E4D5FF531EBB7,[]
18,1,True,BB082E0983C84B70254C566A0AEFB5E0730B6333D815C138214E4D5FF531EBB7,[]
18,2,True,BB082E0983C84B70254C566A0AEFB5E0730B6333D815C138214E4D5FF531EBB7,[]
18,3,True,BB082E0983C84B70254C566A0AEFB5E0730B6333D815C138214E4D5FF531EBB7,[]
18,4,True,BB082E0983C84B70254C566A0AEFB5E0730B6333D815C138214E4D5FF531EBB7,[]
19,0,True,705E7793E5DC4DF481C7521F635A77D04904D440D6D596FA3379875B91AC78DF,[]
19,1,True,705E7793E5DC4DF481C7521F635A77D04904D440D6D596FA3379875B91AC78DF,[]
19,2,True,705E7793E5DC4DF481C7521F635A77D04904D440D6D596FA3379875B91AC78DF,[]
19,3,True,705E7793E5DC4DF481C7521F635A77D04904D440D6D596FA3379875B91AC78DF,[]
19,4,True,705E7793E5DC4DF481C7521F635A77D04904D440D6D596FA3379875B91AC78DF,[]
20,0,True,BDC0E22781EB09CDEDC703F001A753E72178ACB193D10488387694BD478A3EF3,[]
20,1,True,BDC0E22781EB09CDEDC703F001A753E72178ACB193D10488387694BD478A3EF3,[]
20,2,True,BDC0E22781EB09CDEDC703F001A753E72178ACB193D10488387694BD478A3EF3,[]
20,3,True,BDC0E22781EB09CDEDC703F001A753E72178ACB193D10488387694BD478A3EF3,[]
20,4,True,BDC0E22781EB09CDEDC703F001A753E72178ACB193D10488387694BD478A3EF3,[]
validated-21,0,True,0A9B50CF7EEE5A106DCB33CD754313011C8E49F68551E5B56C83BAC94B3157F7,[]
validated-21,1,True,0A9B50CF7EEE5A106DCB33CD754313011C8E49F68551E5B56C83BAC94B3157F7,[]
validated-21,2,True,0A9B50CF7EEE5A106DCB33CD754313011C8E49F68551E5B56C83BAC94B3157F7,[]
validated-20,3,True,BDC0E22781EB09CDEDC703F001A753E72178ACB193D10488387694BD478A3EF3,[]
validated-21,4,True,0A9B50CF7EEE5A106DCB33CD754313011C8E49F68551E5B56C83BAC94B3157F7,[]
