ledger_seq,peer_id,validated,ledger_hash,transactions
1,0,True,2D7DE9661AADBCDC6DD6630F0C616F5BE29803A5A5DC31486DD65E0F6A79DDB1,[]
1,1,True,2D7DE9661AADBCDC6DD6630F0C616F5BE29803A5A5DC31486DD65E0F6A79DDB1,[]
1,2,True,2D7DE9661AADBCDC6DD6630F0C616F5BE29803A5A5DC31486DD65E0F6A79DDB1,[]
1,3,True,2D7DE9661AADBCDC6DD6630F0C616F5BE29803A5A5DC31486DD65E0F6A79DDB1,[]
1,4,True,2D7DE9661AADBCDC6DD6630F0C616F5BE29803A5A5DC31486DD65E0F6A79DDB1,[]
2,0,True,E47B7058A23594CC3AE9CB057BCC063DB494172FA8D5469484A92B340362ECBC,[]
2,1,True,E47B7058A23594CC3AE9CB057BCC063DB494172FA8D5469484A92B340362ECBC,[]
2,2,True,E47B7058A23594CC3AE9CB057BCC063DB494172FA8D5469484A92B340362ECBC,[]
2,3,True,E47B7058A23594CC3AE9CB057BCC063DB494172FA8D5469484A92B340362ECBC,[]
2,4,True,E47B7058A23594CC3AE9CB057BCC063DB494172FA8D5469484A92B340362ECBC,[]
3,0,True,F977682943AFEE81E990A619CB112ADC79ADAACA9090CDC102BFFA9F8BD0AF56,[]
3,1,True,F977682943AFEE81E990A619CB112ADC79ADAACA9090CDC102BFFA9F8BD0AF56,[]
3,2,True,F977682943AFEE81E990A619CB112ADC79ADAACA9090CDC102BFFA9F8BD0AF56,[]
3,3,True,F977682943AFEE81E990A619CB112ADC79ADAACA9090CDC102BFFA9F8BD0AF56,[]
3,4,True,F977682943AFEE81E990A619CB112ADC79ADAACA9090CDC102BFFA9F8BD0AF56,[]
4,0,True,B31D65E3AAC144BA728BDD993C30FBA06D2F3B4A75D3E52E7971A4505ED3A33F,[]
4,1,True,B31D65E3AAC144BA728BDD993C30FBA06D2F3B4A75D3E52E7971A4505ED3A33F,[]
4,2,True,B31D65E3AAC144BA728BDD993C30FBA06D2F3B4A75D3E52E7971A4505ED3A33F,[]
4,3,True,B31D65E3AAC144BA728BDD993C30FBA06D2F3B4A75D3E52E7971A4505ED3A33F,[]
4,4,True,B31D65E3AAC144BA728BDD993C30FBA06D2F3B4A75D3E52E7971A4505ED3A33F,[]
5,0,True,5659CF1C899165067814656321FD1A2443F5A24BBBFE34105F13FF73D5BD25E9,"['2D09C91622CA3D2D917F0E47EC9E8C2416FBFE0B45D4E92EDBAAA147DC92DC3B', 'A94534B40ACD6D8282916280DF8E76CF4388B47C88B258BCB8AC1B3F75D10207', 'E17F3CADD8435728B2FCA6855F66799C36762B047F4F3C78ABAC8637CF290876']"
5,1,True,5659CF1C899165067814656321FD1A2443F5A24BBBFE34105F13FF73D5BD25E9,"['2D09C91622CA3D2D917F0E47EC9E8C2416FBFE0B45D4E92EDBAAA147DC92DC3B', 'A94534B40ACD6D8282916280DF8E76CF4388B47C88B258BCB8AC1B3F75D10207', 'E17F3CADD8435728B2FCA6855F66799C36762B047F4F3C78ABAC8637CF290876']"
5,2,True,5659CF1C899165067814656321FD1A2443F5A24BBBFE34105F13FF73D5BD25E9,"['2D09C91622CA3D2D917F0E47EC9E8C2416FBFE0B45D4E92EDBAAA147DC92DC3B', 'A94534B40ACD6D8282916280DF8E76CF4388B47C88B258BCB8AC1B3F75D10207', 'E17F3CADD8435728B2FCA6855F66799C36762B047F4F3C78ABAC8637CF290876']"
5,3,True,5659CF1C899165067814656321FD1A2443F5A24BBBFE34105F13FF73D5BD25E9,"['2D09C91622CA3D2D917F0E47EC9E8C2416FBFE0B45D4E92EDBAAA147DC92DC3B', 'A94534B40ACD6D8282916280DF8E76CF4388B47C88B258BCB8AC1B3F75D10207', 'E17F3CADD8435728B2FCA6855F66799C36762B047F4F3C78ABAC8637CF290876']"
5,4,True,5659CF1C899165067814656321FD1A2443F5A24BBBFE34105F13FF73D5BD25E9,"['2D09C91622CA3D2D917F0E47EC9E8C2416FBFE0B45D4E92EDBAAA147DC92DC3B', 'A94534B40ACD6D8282916280DF8E76CF4388B47C88B258BCB8AC1B3F75D10207', 'E17F3CADD8435728B2FCA6855F66799C36762B047F4F3C78ABAC8637CF290876']"
6,0,True,045958F01256DCC7E0C8E9E14494829A548E0D99EA334BD50A36241F8852AE52,[]
6,1,True,045958F01256DCC7E0C8E9E14494829A548E0D99EA334BD50A36241F8852AE52,[]
6,2,True,045958F01256DCC7E0C8E9E14494829A548E0D99EA334BD50A36241F8852AE52,[]
6,3,True,045958F01256DCC7E0C8E9E14494829A548E0D99EA334BD50A36241F8852AE52,[]
6,4,True,045958F01256DCC7E0C8E9E14494829A548E0D99EA334BD50A36241F8852AE52,[]
7,0,True,DA50BAC635213DE4056B14774DACF129F7CEBBDC7E74590028D88281BEF0F797,"['268C356FAC36CC57D153AB59B80C354399A4CEC0012885939F73E9586BCAF480', 'BC8E99983F09ACC70FE433211F9232F2169E7370E0CEE4B08B800F7B33DACA5F']"
7,1,True,DA50BAC635213DE4056B14774DACF129F7CEBBDC7E74590028D88281BEF0F797,"['268C356FAC36CC57D153AB59B80C354399A4CEC0012885939F73E9586BCAF480', 'BC8E99983F09ACC70FE433211F9232F2169E7370E0CEE4B08B800F7B33DACA5F']"
7,2,True,DA50BAC635213DE4056B14774DACF129F7CEBBDC7E74590028D88281BEF0F797,"['268C356FAC36CC57D153AB59B80C354399A4CEC0012885939F73E9586BCAF480', 'BC8E99983F09ACC70FE433211F9232F2169E7370E0CEE4B08B800F7B33DACA5F']"
7,3,True,DA50BAC635213DE4056B14774DACF129F7CEBBDC7E74590028D88281BEF0F797,"['268C356FAC36CC57D153AB59B80C354399A4CEC0012885939F73E9586BCAF480', 'BC8E99983F09ACC70FE433211F9232F2169E7370E0CEE4B08B800F7B33DACA5F']"
7,4,True,DA50BAC635213DE4056B14774DACF129F7CEBBDC7E74590028D88281BEF0F797,"['268C356FAC36CC57D153AB59B80C354399A4CEC0012885939F73E9586BCAF480', 'BC8E99983F09ACC70FE433211F9232F2169E7370E0CEE4B08B800F7B33DACA5F']"
8,0,True,4FD11611F924E8A40FD9EC79F440E7FDA6694A88B4DE2C036629485BCE69F90B,[]
8,1,True,4FD11611F924E8A40FD9EC79F440E7FDA6694A88B4DE2C036629485BCE69F90B,[]
8,2,True,4FD11611F924E8A40FD9EC79F440E7FDA6694A88B4DE2C036629485BCE69F90B,[]
8,3,True,4FD11611F924E8A40FD9EC79F440E7FDA6694A88B4DE2C036629485BCE69F90B,[]
8,4,True,4FD11611F924E8A40FD9EC79F440E7FDA6694A88B4DE2C036629485BCE69F90B,[]
9,0,True,1770B3443ED375259F9B694E87261C3EB79831D2651A78C18145D66A0FDDD046,[]
9,1,True,1770B3443ED375259F9B694E87261C3EB79831D2651A78C18145D66A0FDDD046,[]
9,2,True,1770B3443ED375259F9B694E87261C3EB79831D2651A78C18145D66A0FDDD046,[]
9,3,True,1770B3443ED375259F9B694E87261C3EB79831D2651A78C18145D66A0FDDD046,[]
9,4,True,1770B3443ED375259F9B694E87261C3EB79831D2651A78C18145D66A0FDDD046,[]
10,0,True,C6D6BF2684D62B65958C596041BDC836AA321921B718588ABAE019E05E3D5920,[]
10,1,True,C6D6BF2684D62B65958C596041BDC836AA321921B718588ABAE019E05E3D5920,[]
10,2,True,C6D6BF2684D62B65958C596041BDC836AA321921B718588ABAE019E05E3D5920,[]
10,3,True,C6D6BF2684D62B65958C596041BDC836AA321921B718588ABAE019E05E3D5920,[]
10,4,True,C6D6BF2684D62B65958C596041BDC836AA321921B718588ABAE019E05E3D5920,[]
11,0,True,E452DD1141E8677B95D50DC1E97A44BEEE276EB97D6817438D17C17529C548B7,[]
11,1,True,E452DD1141E8677B95D50DC1E97A44BEEE276EB97D6817438D17C17529C548B7,[]
11,2,True,E452DD1141E8677B95D50DC1E97A44BEEE276EB97D6817438D17C17529C548B7,[]
11,3,True,E452DD1141E8677B95D50DC1E97A44BEEE276EB97D6817438D17C17529C548B7,[]
11,4,True,E452DD1141E8677B95D50DC1E97A44BEEE276EB97D6817438D17C17529C548B7,[]
12,0,True,E3F651C1336A350AC80B414338AB348A7924103A608539541C9FC523446E7C49,[]
12,1,True,E3F651C1336A350AC80B414338AB348A7924103A608539541C9FC523446E7C49,[]
12,2,True,E3F651C1336A350AC80B414338AB348A7924103A608539541C9FC523446E7C49,[]
12,3,True,E3F651C1336A350AC80B414338AB348A7924103A608539541C9FC523446E7C49,[]
12,4,True,E3F651C1336A350AC80B414338AB348A7924103A608539541C9FC523446E7C49,[]
13,0,True,AEF94276FE00B4B0019CD3DAE8AEF471019FC3AB945D275537824D988A93F39B,[]
13,1,True,AEF94276FE00B4B0019CD3DAE8AEF471019FC3AB945D275537824D988A93F39B,[]
13,2,True,AEF94276FE00B4B0019CD3DAE8AEF471019FC3AB945D275537824D988A93F39B,[]
13,3,True,AEF94276FE00B4B0019CD3DAE8AEF471019FC3AB945D275537824D988A93F39B,[]
13,4,True,AEF94276FE00B4B0019CD3DAE8AEF471019FC3AB945D275537824D988A93F39B,[]
14,0,True,A60C540ED2CB2A3867E918849179AE9D1A963727CFC3B958D66E968104F07653,[]
14,1,True,A60C540ED2CB2A3867E918849179AE9D1A963727CFC3B958D66E968104F07653,[]
14,2,True,A60C540ED2CB2A3867E918849179AE9D1A963727CFC3B958D66E968104F07653,[]
14,3,True,A60C540ED2CB2A3867E918849179AE9D1A963727CFC3B958D66E968104F07653,[]
14,4,True,A60C540ED2CB2A3867E918849179AE9D1A963727CFC3B958D66E968104F07653,[]
15,0,True,13454D74C304F6D2E82010142A23C2439A4A327F08A4E17001B397B04059566E,[]
15,1,True,13454D74C304F6D2E82010142A23C2439A4A327F08A4E17001B397B04059566E,[]
15,2,True,13454D74C304F6D2E82010142A23C2439A4A327F08A4E17001B397B04059566E,[]
15,3,True,13454D74C304F6D2E82010142A23C2439A4A327F08A4E17001B397B04059566E,[]
15,4,True,13454D74C304F6D2E82010142A23C2439A4A327F08A4E17001B397B04059566E,[]
16,0,True,8A2D47092040215BFEF39D5D100102C2E970641AAE8448029A1373F36C44D40F,[]
16,1,True,8A2D47092040215BFEF39D5D100102C2E970641AAE8448029A1373F36C44D40F,[]
16,2,True,8A2D47092040215BFEF39D5D100102C2E970641AAE8448029A1373F36C44D40F,[]
16,3,True,8A2D47092040215BFEF39D5D100102C2E970641AAE8448029A1373F36C44D40F,[]
16,4,True,8A2D47092040215BFEF39D5D100102C2E970641AAE8448029A1373F36C44D40F,[]
17,0,True,C604D84821629082D9C84BE6A68957080C9DD1AFAF41342B363F403C97C6898C,[]
17,1,True,C604D84821629082D9C84BE6A68957080C9DD1AFAF41342B363F403C97C6898C,[]
17,2,True,C604D84821629082D9C84BE6A68957080C9DD1AFAF41342B363F403C97C6898C,[]
17,3,True,C604D84821629082D9C84BE6A68957080C9DD1AFAF41342B363F403C97C6898C,[]
17,4,True,C604D84821629082D9C84BE6A68957080C9DD1AFAF41342B363F403C97C6898C,[]
18,0,True,31584DD7A06E9326B9BBFC761B4E3F88DE2A1797186EBA85914F1D0772D621BB,[]
18,1,True,31584DD7A06E9326B9BBFC761B4E3F88DE2A1797186EBA85914F1D0772D621BB,[]
18,2,True,31584DD7A06E9326B9BBFC761B4E3F88DE2A1797186EBA85914F1D0772D621BB,[]
18,3,True,31584DD7A06E9326B9BBFC761B4E3F88DE2A1797186EBA85914F1D0772D621BB,[]
18,4,True,31584DD7A06E9326B9BBFC761B4E3F88DE2A1797186EBA85914F1D0772D621BB,[]
19,0,True,8530BB2194EF062075A0D1FE04AC142DC1A4B610EDA1CAADC6298DF423AF2FC0,[]
19,1,True,8530BB2194EF062075A0D1FE04AC142DC1A4B610EDA1CAADC6298DF423AF2FC0,[]
19,2,True,8530BB2194EF062075A0D1FE04AC142DC1A4B610EDA1CAADC6298DF423AF2FC0,[]
19,3,True,8530BB2194EF062075A0D1FE04AC142DC1A4B610EDA1CAADC6298DF423AF2FC0,[]
19,4,True,8530BB2194EF062075A0D1FE04AC142DC1A4B610EDA1CAADC6298DF423AF2FC0,[]
20,0,True,A1C4C63F0A7537BBCB9739D66BF43527B6EBDA0C2E335387DF51D9CE97204353,[]
20,1,True,A1C4C63F0A7537BBCB9739D66BF43527B6EBDA0C2E335387DF51D9CE97204353,[]
20,2,True,A1C4C63F0A7537BBCB9739D66BF43527B6EBDA0C2E335387DF51D9CE97204353,[]
20,3,True,A1C4C63F0A7537BBCB9739D66BF43527B6EBDA0C2E335387DF51D9CE97204353,[]
20,4,True,A1C4C63F0A7537BBCB9739D66BF43527B6EBDA0C2E335387DF51D9CE97204353,[]
validated-21,0,True,9F48544A4FC67E1883B506B851DF12F1B3D51A7F6D730DCF63E9EECBC1776B96,[]
validated-21,1,True,9F48544A4FC67E1883B506B851DF12F1B3D51A7F6D730DCF63E9EECBC1776B96,[]
validated-21,2,True,9F48544A4FC67E1883B506B851DF12F1B3D51A7F6D730DCF63E9EECBC1776B96,[]
validated-21,3,True,9F48544A4FC67E1883B506B851DF12F1B3D51A7F6D730DCF63E9EECBC1776B96,[]
validated-20,4,True,A1C4C63F0A7537BBCB9739D66BF43527B6EBDA0C2E335387DF51D9CE97204353,[]
