timestamp,timestamp_sent,action,send_amount,from_node_id,to_node_id,message_type,original_data,possibly_mutated_data
1750587242048,1750587242048,2252,1,0,4,TMStatusChange,"newEvent: neCLOSING_LEDGER; ledgerSeq: 1; ledgerHash: ""-}\351f\032\255\274\334m\326c\017\014ao[\342\230\003\245\245\3341Hm\326^\017jy\335\261""; ledgerHashPrevious: ""\000\000\000\000\000\000\000\000\000\000\000\000\000\000\000\000\000\000\000\000\000\000\000\000\000\000\000\000\000\000\000\000""; networkTime: 803902441; firstSeq: 1; lastSeq: 1; ","newEvent: neCLOSING_LEDGER; ledgerSeq: 1; ledgerHash: ""-}\351f\032\255\274\334m\326c\017\014ao[\342\230\003\245\245\3341Hm\326^\017jy\335\261""; ledgerHashPrevious: ""\000\000\000\000\000\000\000\000\000\000\000\000\000\000\000\000\000\000\000\000\000\000\000\000\000\000\000\000\000\000\000\000""; networkTime: 803902441; firstSeq: 1; lastSeq: 1; "
1750587242049,1750587242049,468,1,0,1,TMStatusChange,"newEvent: neCLOSING_LEDGER; ledgerSeq: 1; ledgerHash: ""-}\351f\032\255\274\334m\326c\017\014ao[\342\230\003\245\245\3341Hm\326^\017jy\335\261""; ledgerHashPrevious: ""\000\000\000\000\000\000\000\000\000\000\000\000\000\000\000\000\000\000\000\000\000\000\000\000\000\000\000\000\000\000\000\000""; networkTime: 803902441; firstSeq: 1; lastSeq: 1; ","newEvent: neCLOSING_LEDGER; ledgerSeq: 1; ledgerHash: ""-}\351f\032\255\274\334m\326c\017\014ao[\342\230\003\245\245\3341Hm\326^\017jy\335\261""; ledgerHashPrevious: ""\000\000\000\000\000\000\000\000\000\000\000\000\000\000\000\000\000\000\000\000\000\000\000\000\000\000\000\000\000\000\000\000""; networkTime: 803902441; firstSeq: 1; lastSeq: 1; "
1750587242050,1750587242050,1862,1,1,0,TMStatusChange,"newEvent: neCLOSING_LEDGER; ledgerSeq: 1; ledgerHash: ""-}\351f\032\255\274\334m\326c\017\014ao[\342\230\003\245\245\3341Hm\326^\017jy\335\261""; ledgerHashPrevious: ""\000\000\000\000\000\000\000\000\000\000\000\000\000\000\000\000\000\000\000\000\000\000\000\000\000\000\000\000\000\000\000\000""; networkTime: 803902441; firstSeq: 1; lastSeq: 1; ","newEvent: neCLOSING_LEDGER; ledgerSeq: 1; ledgerHash: ""-}\351f\032\255\274\334m\326c\017\014ao[\342\230\003\245\245\3341Hm\326^\017jy\335\261""; ledgerHashPrevious: ""\000\000\000\000\000\000\000\000\000\000\000\000\000\000\000\000\000\000\000\000\000\000\000\000\000\000\000\000\000\000\000\000""; networkTime: 803902441; firstSeq: 1; lastSeq: 1; "
1750587242050,1750587242051,1591,1,3,1,TMStatusChange,"newEvent: neCLOSING_LEDGER; ledgerSeq: 1; ledgerHash: ""-}\351f\032\255\274\334m\326c\017\014ao[\342\230\003\245\245\3341Hm\326^\017jy\335\261""; ledgerHashPrevious: ""\000\000\000\000\000\000\000\000\000\000\000\000\000\000\000\000\000\000\000\000\000\000\000\000\000\000\000\000\000\000\000\000""; networkTime: 803902441; firstSeq: 1; lastSeq: 1; ","newEvent: neCLOSING_LEDGER; ledgerSeq: 1; ledgerHash: ""-}\351f\032\255\274\334m\326c\017\014ao[\342\230\003\245\245\3341Hm\326^\017jy\335\261""; ledgerHashPrevious: ""\000\000\000\000\000\000\000\000\000\000\000\000\000\000\000\000\000\000\000\000\000\000\000\000\000\000\000\000\000\000\000\000""; networkTime: 803902441; firstSeq: 1; lastSeq: 1; "
1750587242051,1750587242052,3150,1,0,3,TMStatusChange,"newEvent: neCLOSING_LEDGER; ledgerSeq: 1; ledgerHash: ""-}\351f\032\255\274\334m\326c\017\014ao[\342\230\003\245\245\3341Hm\326^\017jy\335\261""; ledgerHashPrevious: ""\000\000\000\000\000\000\000\000\000\000\000\000\000\000\000\000\000\000\000\000\000\000\000\000\000\000\000\000\000\000\000\000""; networkTime: 803902441; firstSeq: 1; lastSeq: 1; ","newEvent: neCLOSING_LEDGER; ledgerSeq: 1; ledgerHash: ""-}\351f\032\255\274\334m\326c\017\014ao[\342\230\003\245\245\3341Hm\326^\017jy\335\261""; ledgerHashPrevious: ""\000\000\000\000\000\000\000\000\000\000\000\000\000\000\000\000\000\000\000\000\000\000\000\000\000\000\000\000\000\000\000\000""; networkTime: 803902441; firstSeq: 1; lastSeq: 1; "
1750587242052,1750587242052,1393,1,3,0,TMStatusChange,"newEvent: neCLOSING_LEDGER; ledgerSeq: 1; ledgerHash: ""-}\351f\032\255\274\334m\326c\017\014ao[\342\230\003\245\245\3341Hm\326^\017jy\335\261""; ledgerHashPrevious: ""\000\000\000\000\000\000\000\000\000\000\000\000\000\000\000\000\000\000\000\000\000\000\000\000\000\000\000\000\000\000\000\000""; networkTime: 803902441; firstSeq: 1; lastSeq: 1; ","newEvent: neCLOSING_LEDGER; ledgerSeq: 1; ledgerHash: ""-}\351f\032\255\274\334m\326c\017\014ao[\342\230\003\245\245\3341Hm\326^\017jy\335\261""; ledgerHashPrevious: ""\000\000\000\000\000\000\000\000\000\000\000\000\000\000\000\000\000\000\000\000\000\000\000\000\000\000\000\000\000\000\000\000""; networkTime: 803902441; firstSeq: 1; lastSeq: 1; "
1750587242053,1750587242053,615,1,0,2,TMStatusChange,"newEvent: neCLOSING_LEDGER; ledgerSeq: 1; ledgerHash: ""-}\351f\032\255\274\334m\326c\017\014ao[\342\230\003\245\245\3341Hm\326^\017jy\335\261""; ledgerHashPrevious: ""\000\000\000\000\000\000\000\000\000\000\000\000\000\000\000\000\000\000\000\000\000\000\000\000\000\000\000\000\000\000\000\000""; networkTime: 803902441; firstSeq: 1; lastSeq: 1; ","newEvent: neCLOSING_LEDGER; ledgerSeq: 1; ledgerHash: ""-}\351f\032\255\274\334m\326c\017\014ao[\342\230\003\245\245\3341Hm\326^\017jy\335\261""; ledgerHashPrevious: ""\000\000\000\000\000\000\000\000\000\000\000\000\000\000\000\000\000\000\000\000\000\000\000\000\000\000\000\000\000\000\000\000""; networkTime: 803902441; firstSeq: 1; lastSeq: 1; "
1750587242054,1750587242054,0,1,4,0,TMEndpoints,version: 2; ,version: 2; 
1750587242054,1750587242054,1548,1,4,0,TMStatusChange,"newEvent: neCLOSING_LEDGER; ledgerSeq: 1; ledgerHash: ""-}\351f\032\255\274\334m\326c\017\014ao[\342\230\003\245\245\3341Hm\326^\017jy\335\261""; ledgerHashPrevious: ""\000\000\000\000\000\000\000\000\000\000\000\000\000\000\000\000\000\000\000\000\000\000\000\000\000\000\000\000\000\000\000\000""; networkTime: 803902441; firstSeq: 1; lastSeq: 1; ","newEvent: neCLOSING_LEDGER; ledgerSeq: 1; ledgerHash: ""-}\351f\032\255\274\334m\326c\017\014ao[\342\230\003\245\245\3341Hm\326^\017jy\335\261""; ledgerHashPrevious: ""\000\000\000\000\000\000\000\000\000\000\000\000\000\000\000\000\000\000\000\000\000\000\000\000\000\000\000\000\000\000\000\000""; networkTime: 803902441; firstSeq: 1; lastSeq: 1; "
1750587242259,1750587242259,3126,1,2,1,TMStatusChange,"newEvent: neCLOSING_LEDGER; ledgerSeq: 1; ledgerHash: ""-}\351f\032\255\274\334m\326c\017\014ao[\342\230\003\245\245\3341Hm\326^\017jy\335\261""; ledgerHashPrevious: ""\000\000\000\000\000\000\000\000\000\000\000\000\000\000\000\000\000\000\000\000\000\000\000\000\000\000\000\000\000\000\000\000""; networkTime: 803902442; firstSeq: 1; lastSeq: 1; ","newEvent: neCLOSING_LEDGER; ledgerSeq: 1; ledgerHash: ""-}\351f\032\255\274\334m\326c\017\014ao[\342\230\003\245\245\3341Hm\326^\017jy\335\261""; ledgerHashPrevious: ""\000\000\000\000\000\000\000\000\000\000\000\000\000\000\000\000\000\000\000\000\000\000\000\000\000\000\000\000\000\000\000\000""; networkTime: 803902442; firstSeq: 1; lastSeq: 1; "
1750587242260,1750587242260,3744,1,2,0,TMStatusChange,"newEvent: neCLOSING_LEDGER; ledgerSeq: 1; ledgerHash: ""-}\351f\032\255\274\334m\326c\017\014ao[\342\230\003\245\245\3341Hm\326^\017jy\335\261""; ledgerHashPrevious: ""\000\000\000\000\000\000\000\000\000\000\000\000\000\000\000\000\000\000\000\000\000\000\000\000\000\000\000\000\000\000\000\000""; networkTime: 803902442; firstSeq: 1; lastSeq: 1; ","newEvent: neCLOSING_LEDGER; ledgerSeq: 1; ledgerHash: ""-}\351f\032\255\274\334m\326c\017\014ao[\342\230\003\245\245\3341Hm\326^\017jy\335\261""; ledgerHashPrevious: ""\000\000\000\000\000\000\000\000\000\000\000\000\000\000\000\000\000\000\000\000\000\000\000\000\000\000\000\000\000\000\000\000""; networkTime: 803902442; firstSeq: 1; lastSeq: 1; "
1750587242260,1750587242260,3058,1,2,3,TMStatusChange,"newEvent: neCLOSING_LEDGER; ledgerSeq: 1; ledgerHash: ""-}\351f\032\255\274\334m\326c\017\014ao[\342\230\003\245\245\3341Hm\326^\017jy\335\261""; ledgerHashPrevious: ""\000\000\000\000\000\000\000\000\000\000\000\000\000\000\000\000\000\000\000\000\000\000\000\000\000\000\000\000\000\000\000\000""; networkTime: 803902442; firstSeq: 1; lastSeq: 1; ","newEvent: neCLOSING_LEDGER; ledgerSeq: 1; ledgerHash: ""-}\351f\032\255\274\334m\326c\017\014ao[\342\230\003\245\245\3341Hm\326^\017jy\335\261""; ledgerHashPrevious: ""\000\000\000\000\000\000\000\000\000\000\000\000\000\000\000\000\000\000\000\000\000\000\000\000\000\000\000\000\000\000\000\000""; networkTime: 803902442; firstSeq: 1; lastSeq: 1; "
1750587242260,1750587242260,3116,1,2,4,TMStatusChange,"newEvent: neCLOSING_LEDGER; ledgerSeq: 1; ledgerHash: ""-}\351f\032\255\274\334m\326c\017\014ao[\342\230\003\245\245\3341Hm\326^\017jy\335\261""; ledgerHashPrevious: ""\000\000\000\000\000\000\000\000\000\000\000\000\000\000\000\000\000\000\000\000\000\000\000\000\000\000\000\000\000\000\000\000""; networkTime: 803902442; firstSeq: 1; lastSeq: 1; ","newEvent: neCLOSING_LEDGER; ledgerSeq: 1; ledgerHash: ""-}\351f\032\255\274\334m\326c\017\014ao[\342\230\003\245\245\3341Hm\326^\017jy\335\261""; ledgerHashPrevious: ""\000\000\000\000\000\000\000\000\000\000\000\000\000\000\000\000\000\000\000\000\000\000\000\000\000\000\000\000\000\000\000\000""; networkTime: 803902442; firstSeq: 1; lastSeq: 1; "
1750587256422,1750587256422,1939,1,1,4,TMValidation,"validation: """"\200\000\000\000&\000\000\000\002)/\352\223\370:?HT\314/\177\320^Q\214.\207\210%\003 \010ML\347\200R\304&\320_\215\226\344\334\033\354\2002\255\216\332\317\255\034\017P\027\000\000\000\000\000\000\000\000\000\000\000\000\000\000\000\000\000\000\000\000\000\000\000\000\000\000\000\000\000\000\000\000P\031-}\351f\032\255\274\334m\326c\017\014ao[\342\230\003\245\245\3341Hm\326^\017jy\335\261s!\003\343\005\311u\203\370\0338\3174\324\010\006\301\251\177\261\304eOX\262)FA-\022r\263wm\024vF0D\002 <\016\371yF\227~gT\222\007U\000\023J3\336\332\351\234\211@fh\205$\224sS\261\370\351\002 w\325p""\\364)@\223\277i\363\366\230'\232\236\340\320\207J\301\367\346\351\317\264""gw\241\237""; ","validation: """"\200\000\000\000&\000\000\000\002)/\352\223\370:?HT\314/\177\320^Q\214.\207\210%\003 \010ML\347\200R\304&\320_\215\226\344\334\033\354\2002\255\216\332\317\255\034\017P\027\000\000\000\000\000\000\000\000\000\000\000\000\000\000\000\000\000\000\000\000\000\000\000\000\000\000\000\000\000\000\000\000P\031-}\351f\032\255\274\334m\326c\017\014ao[\342\230\003\245\245\3341Hm\326^\017jy\335\261s!\003\343\005\311u\203\370\0338\3174\324\010\006\301\251\177\261\304eOX\262)FA-\022r\263wm\024vF0D\002 <\016\371yF\227~gT\222\007U\000\023J3\336\332\351\234\211@fh\205$\224sS\261\370\351\002 w\325p""\\364)@\223\277i\363\366\230'\232\236\340\320\207J\301\367\346\351\317\264""gw\241\237""; "
1750587256425,1750587256425,3090,1,1,0,TMValidation,"validation: """"\200\000\000\000&\000\000\000\002)/\352\223\370:?HT\314/\177\320^Q\214.\207\210%\003 \010ML\347\200R\304&\320_\215\226\344\334\033\354\2002\255\216\332\317\255\034\017P\027\000\000\000\000\000\000\000\000\000\000\000\000\000\000\000\000\000\000\000\000\000\000\000\000\000\000\000\000\000\000\000\000P\031-}\351f\032\255\274\334m\326c\017\014ao[\342\230\003\245\245\3341Hm\326^\017jy\335\261s!\003\343\005\311u\203\370\0338\3174\324\010\006\301\251\177\261\304eOX\262)FA-\022r\263wm\024vF0D\002 <\016\371yF\227~gT\222\007U\000\023J3\336\332\351\234\211@fh\205$\224sS\261\370\351\002 w\325p""\\364)@\223\277i\363\366\230'\232\236\340\320\207J\301\367\346\351\317\264""gw\241\237""; ","validation: """"\200\000\000\000&\000\000\000\002)/\352\223\370:?HT\314/\177\320^Q\214.\207\210%\003 \010ML\347\200R\304&\320_\215\226\344\334\033\354\2002\255\216\332\317\255\034\017P\027\000\000\000\000\000\000\000\000\000\000\000\000\000\000\000\000\000\000\000\000\000\000\000\000\000\000\000\000\000\000\000\000P\031-}\351f\032\255\274\334m\326c\017\014ao[\342\230\003\245\245\3341Hm\326^\017jy\335\261s!\003\343\005\311u\203\370\0338\3174\324\010\006\301\251\177\261\304eOX\262)FA-\022r\263wm\024vF0D\002 <\016\371yF\227~gT\222\007U\000\023J3\336\332\351\234\211@fh\205$\224sS\261\370\351\002 w\325p""\\364)@\223\277i\363\366\230'\232\236\340\320\207J\301\367\346\351\317\264""gw\241\237""; "
1750587256423,1750587256424,3522,1,1,4,TMStatusChange,"newEvent: neACCEPTED_LEDGER; ledgerSeq: 2; ledgerHash: ""\214.\207\210%\003 \010ML\347\200R\304&\320_\215\226\344\334\033\354\2002\255\216\332\317\255\034\017""; ledgerHashPrevious: ""-}\351f\032\255\274\334m\326c\017\014ao[\342\230\003\245\245\3341Hm\326^\017jy\335\261""; networkTime: 803902456; firstSeq: 1; lastSeq: 1; ","newEvent: neACCEPTED_LEDGER; ledgerSeq: 2; ledgerHash: ""\214.\207\210%\003 \010ML\347\200R\304&\320_\215\226\344\334\033\354\2002\255\216\332\317\255\034\017""; ledgerHashPrevious: ""-}\351f\032\255\274\334m\326c\017\014ao[\342\230\003\245\245\3341Hm\326^\017jy\335\261""; networkTime: 803902456; firstSeq: 1; lastSeq: 1; "
1750587256424,1750587256424,1289,1,1,3,TMValidation,"validation: """"\200\000\000\000&\000\000\000\002)/\352\223\370:?HT\314/\177\320^Q\214.\207\210%\003 \010ML\347\200R\304&\320_\215\226\344\334\033\354\2002\255\216\332\317\255\034\017P\027\000\000\000\000\000\000\000\000\000\000\000\000\000\000\000\000\000\000\000\000\000\000\000\000\000\000\000\000\000\000\000\000P\031-}\351f\032\255\274\334m\326c\017\014ao[\342\230\003\245\245\3341Hm\326^\017jy\335\261s!\003\343\005\311u\203\370\0338\3174\324\010\006\301\251\177\261\304eOX\262)FA-\022r\263wm\024vF0D\002 <\016\371yF\227~gT\222\007U\000\023J3\336\332\351\234\211@fh\205$\224sS\261\370\351\002 w\325p""\\364)@\223\277i\363\366\230'\232\236\340\320\207J\301\367\346\351\317\264""gw\241\237""; ","validation: """"\200\000\000\000&\000\000\000\002)/\352\223\370:?HT\314/\177\320^Q\214.\207\210%\003 \010ML\347\200R\304&\320_\215\226\344\334\033\354\2002\255\216\332\317\255\034\017P\027\000\000\000\000\000\000\000\000\000\000\000\000\000\000\000\000\000\000\000\000\000\000\000\000\000\000\000\000\000\000\000\000P\031-}\351f\032\255\274\334m\326c\017\014ao[\342\230\003\245\245\3341Hm\326^\017jy\335\261s!\003\343\005\311u\203\370\0338\3174\324\010\006\301\251\177\261\304eOX\262)FA-\022r\263wm\024vF0D\002 <\016\371yF\227~gT\222\007U\000\023J3\336\332\351\234\211@fh\205$\224sS\261\370\351\002 w\325p""\\364)@\223\277i\363\366\230'\232\236\340\320\207J\301\367\346\351\317\264""gw\241\237""; "
1750587256423,1750587256423,1020,1,1,3,TMStatusChange,"newEvent: neACCEPTED_LEDGER; ledgerSeq: 2; ledgerHash: ""\214.\207\210%\003 \010ML\347\200R\304&\320_\215\226\344\334\033\354\2002\255\216\332\317\255\034\017""; ledgerHashPrevious: ""-}\351f\032\255\274\334m\326c\017\014ao[\342\230\003\245\245\3341Hm\326^\017jy\335\261""; networkTime: 803902456; firstSeq: 1; lastSeq: 1; ","newEvent: neACCEPTED_LEDGER; ledgerSeq: 2; ledgerHash: ""\214.\207\210%\003 \010ML\347\200R\304&\320_\215\226\344\334\033\354\2002\255\216\332\317\255\034\017""; ledgerHashPrevious: ""-}\351f\032\255\274\334m\326c\017\014ao[\342\230\003\245\245\3341Hm\326^\017jy\335\261""; networkTime: 803902456; firstSeq: 1; lastSeq: 1; "
1750587256425,1750587256426,961,1,1,2,TMStatusChange,"newEvent: neACCEPTED_LEDGER; ledgerSeq: 2; ledgerHash: ""\214.\207\210%\003 \010ML\347\200R\304&\320_\215\226\344\334\033\354\2002\255\216\332\317\255\034\017""; ledgerHashPrevious: ""-}\351f\032\255\274\334m\326c\017\014ao[\342\230\003\245\245\3341Hm\326^\017jy\335\261""; networkTime: 803902456; firstSeq: 1; lastSeq: 1; ","newEvent: neACCEPTED_LEDGER; ledgerSeq: 2; ledgerHash: ""\214.\207\210%\003 \010ML\347\200R\304&\320_\215\226\344\334\033\354\2002\255\216\332\317\255\034\017""; ledgerHashPrevious: ""-}\351f\032\255\274\334m\326c\017\014ao[\342\230\003\245\245\3341Hm\326^\017jy\335\261""; networkTime: 803902456; firstSeq: 1; lastSeq: 1; "
1750587256426,1750587256426,1652,1,1,2,TMValidation,"validation: """"\200\000\000\000&\000\000\000\002)/\352\223\370:?HT\314/\177\320^Q\214.\207\210%\003 \010ML\347\200R\304&\320_\215\226\344\334\033\354\2002\255\216\332\317\255\034\017P\027\000\000\000\000\000\000\000\000\000\000\000\000\000\000\000\000\000\000\000\000\000\000\000\000\000\000\000\000\000\000\000\000P\031-}\351f\032\255\274\334m\326c\017\014ao[\342\230\003\245\245\3341Hm\326^\017jy\335\261s!\003\343\005\311u\203\370\0338\3174\324\010\006\301\251\177\261\304eOX\262)FA-\022r\263wm\024vF0D\002 <\016\371yF\227~gT\222\007U\000\023J3\336\332\351\234\211@fh\205$\224sS\261\370\351\002 w\325p""\\364)@\223\277i\363\366\230'\232\236\340\320\207J\301\367\346\351\317\264""gw\241\237""; ","validation: """"\200\000\000\000&\000\000\000\002)/\352\223\370:?HT\314/\177\320^Q\214.\207\210%\003 \010ML\347\200R\304&\320_\215\226\344\334\033\354\2002\255\216\332\317\255\034\017P\027\000\000\000\000\000\000\000\000\000\000\000\000\000\000\000\000\000\000\000\000\000\000\000\000\000\000\000\000\000\000\000\000P\031-}\351f\032\255\274\334m\326c\017\014ao[\342\230\003\245\245\3341Hm\326^\017jy\335\261s!\003\343\005\311u\203\370\0338\3174\324\010\006\301\251\177\261\304eOX\262)FA-\022r\263wm\024vF0D\002 <\016\371yF\227~gT\222\007U\000\023J3\336\332\351\234\211@fh\205$\224sS\261\370\351\002 w\325p""\\364)@\223\277i\363\366\230'\232\236\340\320\207J\301\367\346\351\317\264""gw\241\237""; "
1750587256426,1750587256427,1862,1,1,0,TMStatusChange,"newEvent: neACCEPTED_LEDGER; ledgerSeq: 2; ledgerHash: ""\214.\207\210%\003 \010ML\347\200R\304&\320_\215\226\344\334\033\354\2002\255\216\332\317\255\034\017""; ledgerHashPrevious: ""-}\351f\032\255\274\334m\326c\017\014ao[\342\230\003\245\245\3341Hm\326^\017jy\335\261""; networkTime: 803902456; firstSeq: 1; lastSeq: 1; ","newEvent: neACCEPTED_LEDGER; ledgerSeq: 2; ledgerHash: ""\214.\207\210%\003 \010ML\347\200R\304&\320_\215\226\344\334\033\354\2002\255\216\332\317\255\034\017""; ledgerHashPrevious: ""-}\351f\032\255\274\334m\326c\017\014ao[\342\230\003\245\245\3341Hm\326^\017jy\335\261""; networkTime: 803902456; firstSeq: 1; lastSeq: 1; "
1750587256746,1750587256746,443,1,4,2,TMValidation,"validation: """"\200\000\000\000&\000\000\000\002)/\352\223\370:v|\203\267)\257\206\032Q\214.\207\210%\003 \010ML\347\200R\304&\320_\215\226\344\334\033\354\2002\255\216\332\317\255\034\017P\027\000\000\000\000\000\000\000\000\000\000\000\000\000\000\000\000\000\000\000\000\000\000\000\000\000\000\000\000\000\000\000\000P\031-}\351f\032\255\274\334m\326c\017\014ao[\342\230\003\245\245\3341Hm\326^\017jy\335\261s!\003.\200\224\215?)t\306\315\242\313\251\255\302\204=\232.\271%}\013\024s\024\002@\216l""\241FvG0E\002!\000\335\2369\214\375F\230ti6\257\356\323PD3\242%v\275\222k\353\304\242#\317\326\364\334M\345\002 }\2254\324\301yM%\210\300i\261\376\273\363\320\264\353\306\024\253\332Z\260\312R\336_\027%Q\177""; ","validation: """"\200\000\000\000&\000\000\000\002)/\352\223\370:v|\203\267)\257\206\032Q\214.\207\210%\003 \010ML\347\200R\304&\320_\215\226\344\334\033\354\2002\255\216\332\317\255\034\017P\027\000\000\000\000\000\000\000\000\000\000\000\000\000\000\000\000\000\000\000\000\000\000\000\000\000\000\000\000\000\000\000\000P\031-}\351f\032\255\274\334m\326c\017\014ao[\342\230\003\245\245\3341Hm\326^\017jy\335\261s!\003.\200\224\215?)t\306\315\242\313\251\255\302\204=\232.\271%}\013\024s\024\002@\216l""\241FvG0E\002!\000\335\2369\214\375F\230ti6\257\356\323PD3\242%v\275\222k\353\304\242#\317\326\364\334M\345\002 }\2254\324\301yM%\210\300i\261\376\273\363\320\264\353\306\024\253\332Z\260\312R\336_\027%Q\177""; "
1750587256747,1750587256747,1021,1,4,2,TMStatusChange,"newEvent: neACCEPTED_LEDGER; ledgerSeq: 2; ledgerHash: ""\214.\207\210%\003 \010ML\347\200R\304&\320_\215\226\344\334\033\354\2002\255\216\332\317\255\034\017""; ledgerHashPrevious: ""-}\351f\032\255\274\334m\326c\017\014ao[\342\230\003\245\245\3341Hm\326^\017jy\335\261""; networkTime: 803902456; firstSeq: 1; lastSeq: 1; ","newEvent: neACCEPTED_LEDGER; ledgerSeq: 2; ledgerHash: ""\214.\207\210%\003 \010ML\347\200R\304&\320_\215\226\344\334\033\354\2002\255\216\332\317\255\034\017""; ledgerHashPrevious: ""-}\351f\032\255\274\334m\326c\017\014ao[\342\230\003\245\245\3341Hm\326^\017jy\335\261""; networkTime: 803902456; firstSeq: 1; lastSeq: 1; "
1750587256748,1750587256748,1548,1,4,0,TMStatusChange,"newEvent: neACCEPTED_LEDGER; ledgerSeq: 2; ledgerHash: ""\214.\207\210%\003 \010ML\347\200R\304&\320_\215\226\344\334\033\354\2002\255\216\332\317\255\034\017""; ledgerHashPrevious: ""-}\351f\032\255\274\334m\326c\017\014ao[\342\230\003\245\245\3341Hm\326^\017jy\335\261""; networkTime: 803902456; firstSeq: 1; lastSeq: 1; ","newEvent: neACCEPTED_LEDGER; ledgerSeq: 2; ledgerHash: ""\214.\207\210%\003 \010ML\347\200R\304&\320_\215\226\344\334\033\354\2002\255\216\332\317\255\034\017""; ledgerHashPrevious: ""-}\351f\032\255\274\334m\326c\017\014ao[\342\230\003\245\245\3341Hm\326^\017jy\335\261""; networkTime: 803902456; firstSeq: 1; lastSeq: 1; "
1750587256748,1750587256748,3410,1,4,3,TMStatusChange,"newEvent: neACCEPTED_LEDGER; ledgerSeq: 2; ledgerHash: ""\214.\207\210%\003 \010ML\347\200R\304&\320_\215\226\344\334\033\354\2002\255\216\332\317\255\034\017""; ledgerHashPrevious: ""-}\351f\032\255\274\334m\326c\017\014ao[\342\230\003\245\245\3341Hm\326^\017jy\335\261""; networkTime: 803902456; firstSeq: 1; lastSeq: 1; ","newEvent: neACCEPTED_LEDGER; ledgerSeq: 2; ledgerHash: ""\214.\207\210%\003 \010ML\347\200R\304&\320_\215\226\344\334\033\354\2002\255\216\332\317\255\034\017""; ledgerHashPrevious: ""-}\351f\032\255\274\334m\326c\017\014ao[\342\230\003\245\245\3341Hm\326^\017jy\335\261""; networkTime: 803902456; firstSeq: 1; lastSeq: 1; "
1750587256749,1750587256749,1760,1,4,1,TMStatusChange,"newEvent: neACCEPTED_LEDGER; ledgerSeq: 2; ledgerHash: ""\214.\207\210%\003 \010ML\347\200R\304&\320_\215\226\344\334\033\354\2002\255\216\332\317\255\034\017""; ledgerHashPrevious: ""-}\351f\032\255\274\334m\326c\017\014ao[\342\230\003\245\245\3341Hm\326^\017jy\335\261""; networkTime: 803902456; firstSeq: 1; lastSeq: 1; ","newEvent: neACCEPTED_LEDGER; ledgerSeq: 2; ledgerHash: ""\214.\207\210%\003 \010ML\347\200R\304&\320_\215\226\344\334\033\354\2002\255\216\332\317\255\034\017""; ledgerHashPrevious: ""-}\351f\032\255\274\334m\326c\017\014ao[\342\230\003\245\245\3341Hm\326^\017jy\335\261""; networkTime: 803902456; firstSeq: 1; lastSeq: 1; "
1750587256750,1750587256750,1357,1,4,3,TMValidation,"validation: """"\200\000\000\000&\000\000\000\002)/\352\223\370:v|\203\267)\257\206\032Q\214.\207\210%\003 \010ML\347\200R\304&\320_\215\226\344\334\033\354\2002\255\216\332\317\255\034\017P\027\000\000\000\000\000\000\000\000\000\000\000\000\000\000\000\000\000\000\000\000\000\000\000\000\000\000\000\000\000\000\000\000P\031-}\351f\032\255\274\334m\326c\017\014ao[\342\230\003\245\245\3341Hm\326^\017jy\335\261s!\003.\200\224\215?)t\306\315\242\313\251\255\302\204=\232.\271%}\013\024s\024\002@\216l""\241FvG0E\002!\000\335\2369\214\375F\230ti6\257\356\323PD3\242%v\275\222k\353\304\242#\317\326\364\334M\345\002 }\2254\324\301yM%\210\300i\261\376\273\363\320\264\353\306\024\253\332Z\260\312R\336_\027%Q\177""; ","validation: """"\200\000\000\000&\000\000\000\002)/\352\223\370:v|\203\267)\257\206\032Q\214.\207\210%\003 \010ML\347\200R\304&\320_\215\226\344\334\033\354\2002\255\216\332\317\255\034\017P\027\000\000\000\000\000\000\000\000\000\000\000\000\000\000\000\000\000\000\000\000\000\000\000\000\000\000\000\000\000\000\000\000P\031-}\351f\032\255\274\334m\326c\017\014ao[\342\230\003\245\245\3341Hm\326^\017jy\335\261s!\003.\200\224\215?)t\306\315\242\313\251\255\302\204=\232.\271%}\013\024s\024\002@\216l""\241FvG0E\002!\000\335\2369\214\375F\230ti6\257\356\323PD3\242%v\275\222k\353\304\242#\317\326\364\334M\345\002 }\2254\324\301yM%\210\300i\261\376\273\363\320\264\353\306\024\253\332Z\260\312R\336_\027%Q\177""; "
1750587256750,1750587256750,2819,1,4,1,TMValidation,"validation: """"\200\000\000\000&\000\000\000\002)/\352\223\370:v|\203\267)\257\206\032Q\214.\207\210%\003 \010ML\347\200R\304&\320_\215\226\344\334\033\354\2002\255\216\332\317\255\034\017P\027\000\000\000\000\000\000\000\000\000\000\000\000\000\000\000\000\000\000\000\000\000\000\000\000\000\000\000\000\000\000\000\000P\031-}\351f\032\255\274\334m\326c\017\014ao[\342\230\003\245\245\3341Hm\326^\017jy\335\261s!\003.\200\224\215?)t\306\315\242\313\251\255\302\204=\232.\271%}\013\024s\024\002@\216l""\241FvG0E\002!\000\335\2369\214\375F\230ti6\257\356\323PD3\242%v\275\222k\353\304\242#\317\326\364\334M\345\002 }\2254\324\301yM%\210\300i\261\376\273\363\320\264\353\306\024\253\332Z\260\312R\336_\027%Q\177""; ","validation: """"\200\000\000\000&\000\000\000\002)/\352\223\370:v|\203\267)\257\206\032Q\214.\207\210%\003 \010ML\347\200R\304&\320_\215\226\344\334\033\354\2002\255\216\332\317\255\034\017P\027\000\000\000\000\000\000\000\000\000\000\000\000\000\000\000\000\000\000\000\000\000\000\000\000\000\000\000\000\000\000\000\000P\031-}\351f\032\255\274\334m\326c\017\014ao[\342\230\003\245\245\3341Hm\326^\017jy\335\261s!\003.\200\224\215?)t\306\315\242\313\251\255\302\204=\232.\271%}\013\024s\024\002@\216l""\241FvG0E\002!\000\335\2369\214\375F\230ti6\257\356\323PD3\242%v\275\222k\353\304\242#\317\326\364\334M\345\002 }\2254\324\301yM%\210\300i\261\376\273\363\320\264\353\306\024\253\332Z\260\312R\336_\027%Q\177""; "
1750587256750,1750587256750,3559,1,4,0,TMValidation,"validation: """"\200\000\000\000&\000\000\000\002)/\352\223\370:v|\203\267)\257\206\032Q\214.\207\210%\003 \010ML\347\200R\304&\320_\215\226\344\334\033\354\2002\255\216\332\317\255\034\017P\027\000\000\000\000\000\000\000\000\000\000\000\000\000\000\000\000\000\000\000\000\000\000\000\000\000\000\000\000\000\000\000\000P\031-}\351f\032\255\274\334m\326c\017\014ao[\342\230\003\245\245\3341Hm\326^\017jy\335\261s!\003.\200\224\215?)t\306\315\242\313\251\255\302\204=\232.\271%}\013\024s\024\002@\216l""\241FvG0E\002!\000\335\2369\214\375F\230ti6\257\356\323PD3\242%v\275\222k\353\304\242#\317\326\364\334M\345\002 }\2254\324\301yM%\210\300i\261\376\273\363\320\264\353\306\024\253\332Z\260\312R\336_\027%Q\177""; ","validation: """"\200\000\000\000&\000\000\000\002)/\352\223\370:v|\203\267)\257\206\032Q\214.\207\210%\003 \010ML\347\200R\304&\320_\215\226\344\334\033\354\2002\255\216\332\317\255\034\017P\027\000\000\000\000\000\000\000\000\000\000\000\000\000\000\000\000\000\000\000\000\000\000\000\000\000\000\000\000\000\000\000\000P\031-}\351f\032\255\274\334m\326c\017\014ao[\342\230\003\245\245\3341Hm\326^\017jy\335\261s!\003.\200\224\215?)t\306\315\242\313\251\255\302\204=\232.\271%}\013\024s\024\002@\216l""\241FvG0E\002!\000\335\2369\214\375F\230ti6\257\356\323PD3\242%v\275\222k\353\304\242#\317\326\364\334M\345\002 }\2254\324\301yM%\210\300i\261\376\273\363\320\264\353\306\024\253\332Z\260\312R\336_\027%Q\177""; "
1750587256862,1750587256862,3501,1,3,4,TMValidation,"validation: """"\200\000\000\000&\000\000\000\002)/\352\223\370:\211l\014`\252m\212dQ\214.\207\210%\003 \010ML\347\200R\304&\320_\215\226\344\334\033\354\2002\255\216\332\317\255\034\017P\027\000\000\000\000\000\000\000\000\000\000\000\000\000\000\000\000\000\000\000\000\000\000\000\000\000\000\000\000\000\000\000\000P\031-}\351f\032\255\274\334m\326c\017\014ao[\342\230\003\245\245\3341Hm\326^\017jy\335\261s!\003\325Q\255\224\274R@\312\253\262\347\352\034\346\347\242\215,\312\376=\277\353{\350\225\301\305`^, vG0E\002!\000\205'<\0028\310\365\276\2756\317\271\231\223\002\344&\340oZ\021\264+\275@g\374\177\367F\336\217\002 |{\354\030\244\270S\240\306Am\200<\036\373\374\324\374\362\347\257:\312\343\003\203\253\002\031\3270R""; ","validation: """"\200\000\000\000&\000\000\000\002)/\352\223\370:\211l\014`\252m\212dQ\214.\207\210%\003 \010ML\347\200R\304&\320_\215\226\344\334\033\354\2002\255\216\332\317\255\034\017P\027\000\000\000\000\000\000\000\000\000\000\000\000\000\000\000\000\000\000\000\000\000\000\000\000\000\000\000\000\000\000\000\000P\031-}\351f\032\255\274\334m\326c\017\014ao[\342\230\003\245\245\3341Hm\326^\017jy\335\261s!\003\325Q\255\224\274R@\312\253\262\347\352\034\346\347\242\215,\312\376=\277\353{\350\225\301\305`^, vG0E\002!\000\205'<\0028\310\365\276\2756\317\271\231\223\002\344&\340oZ\021\264+\275@g\374\177\367F\336\217\002 |{\354\030\244\270S\240\306Am\200<\036\373\374\324\374\362\347\257:\312\343\003\203\253\002\031\3270R""; "
1750587256863,1750587256863,734,1,3,2,TMValidation,"validation: """"\200\000\000\000&\000\000\000\002)/\352\223\370:\211l\014`\252m\212dQ\214.\207\210%\003 \010ML\347\200R\304&\320_\215\226\344\334\033\354\2002\255\216\332\317\255\034\017P\027\000\000\000\000\000\000\000\000\000\000\000\000\000\000\000\000\000\000\000\000\000\000\000\000\000\000\000\000\000\000\000\000P\031-}\351f\032\255\274\334m\326c\017\014ao[\342\230\003\245\245\3341Hm\326^\017jy\335\261s!\003\325Q\255\224\274R@\312\253\262\347\352\034\346\347\242\215,\312\376=\277\353{\350\225\301\305`^, vG0E\002!\000\205'<\0028\310\365\276\2756\317\271\231\223\002\344&\340oZ\021\264+\275@g\374\177\367F\336\217\002 |{\354\030\244\270S\240\306Am\200<\036\373\374\324\374\362\347\257:\312\343\003\203\253\002\031\3270R""; ","validation: """"\200\000\000\000&\000\000\000\002)/\352\223\370:\211l\014`\252m\212dQ\214.\207\210%\003 \010ML\347\200R\304&\320_\215\226\344\334\033\354\2002\255\216\332\317\255\034\017P\027\000\000\000\000\000\000\000\000\000\000\000\000\000\000\000\000\000\000\000\000\000\000\000\000\000\000\000\000\000\000\000\000P\031-}\351f\032\255\274\334m\326c\017\014ao[\342\230\003\245\245\3341Hm\326^\017jy\335\261s!\003\325Q\255\224\274R@\312\253\262\347\352\034\346\347\242\215,\312\376=\277\353{\350\225\301\305`^, vG0E\002!\000\205'<\0028\310\365\276\2756\317\271\231\223\002\344&\340oZ\021\264+\275@g\374\177\367F\336\217\002 |{\354\030\244\270S\240\306Am\200<\036\373\374\324\374\362\347\257:\312\343\003\203\253\002\031\3270R""; "
1750587256862,1750587256862,854,1,3,2,TMStatusChange,"newEvent: neACCEPTED_LEDGER; ledgerSeq: 2; ledgerHash: ""\214.\207\210%\003 \010ML\347\200R\304&\320_\215\226\344\334\033\354\2002\255\216\332\317\255\034\017""; ledgerHashPrevious: ""-}\351f\032\255\274\334m\326c\017\014ao[\342\230\003\245\245\3341Hm\326^\017jy\335\261""; networkTime: 803902456; firstSeq: 1; lastSeq: 1; ","newEvent: neACCEPTED_LEDGER; ledgerSeq: 2; ledgerHash: ""\214.\207\210%\003 \010ML\347\200R\304&\320_\215\226\344\334\033\354\2002\255\216\332\317\255\034\017""; ledgerHashPrevious: ""-}\351f\032\255\274\334m\326c\017\014ao[\342\230\003\245\245\3341Hm\326^\017jy\335\261""; networkTime: 803902456; firstSeq: 1; lastSeq: 1; "
1750587256864,1750587256864,1393,1,3,0,TMStatusChange,"newEvent: neACCEPTED_LEDGER; ledgerSeq: 2; ledgerHash: ""\214.\207\210%\003 \010ML\347\200R\304&\320_\215\226\344\334\033\354\2002\255\216\332\317\255\034\017""; ledgerHashPrevious: ""-}\351f\032\255\274\334m\326c\017\014ao[\342\230\003\245\245\3341Hm\326^\017jy\335\261""; networkTime: 803902456; firstSeq: 1; lastSeq: 1; ","newEvent: neACCEPTED_LEDGER; ledgerSeq: 2; ledgerHash: ""\214.\207\210%\003 \010ML\347\200R\304&\320_\215\226\344\334\033\354\2002\255\216\332\317\255\034\017""; ledgerHashPrevious: ""-}\351f\032\255\274\334m\326c\017\014ao[\342\230\003\245\245\3341Hm\326^\017jy\335\261""; networkTime: 803902456; firstSeq: 1; lastSeq: 1; "
1750587256864,1750587256864,3767,1,3,0,TMValidation,"validation: """"\200\000\000\000&\000\000\000\002)/\352\223\370:\211l\014`\252m\212dQ\214.\207\210%\003 \010ML\347\200R\304&\320_\215\226\344\334\033\354\2002\255\216\332\317\255\034\017P\027\000\000\000\000\000\000\000\000\000\000\000\000\000\000\000\000\000\000\000\000\000\000\000\000\000\000\000\000\000\000\000\000P\031-}\351f\032\255\274\334m\326c\017\014ao[\342\230\003\245\245\3341Hm\326^\017jy\335\261s!\003\325Q\255\224\274R@\312\253\262\347\352\034\346\347\242\215,\312\376=\277\353{\350\225\301\305`^, vG0E\002!\000\205'<\0028\310\365\276\2756\317\271\231\223\002\344&\340oZ\021\264+\275@g\374\177\367F\336\217\002 |{\354\030\244\270S\240\306Am\200<\036\373\374\324\374\362\347\257:\312\343\003\203\253\002\031\3270R""; ","validation: """"\200\000\000\000&\000\000\000\002)/\352\223\370:\211l\014`\252m\212dQ\214.\207\210%\003 \010ML\347\200R\304&\320_\215\226\344\334\033\354\2002\255\216\332\317\255\034\017P\027\000\000\000\000\000\000\000\000\000\000\000\000\000\000\000\000\000\000\000\000\000\000\000\000\000\000\000\000\000\000\000\000P\031-}\351f\032\255\274\334m\326c\017\014ao[\342\230\003\245\245\3341Hm\326^\017jy\335\261s!\003\325Q\255\224\274R@\312\253\262\347\352\034\346\347\242\215,\312\376=\277\353{\350\225\301\305`^, vG0E\002!\000\205'<\0028\310\365\276\2756\317\271\231\223\002\344&\340oZ\021\264+\275@g\374\177\367F\336\217\002 |{\354\030\244\270S\240\306Am\200<\036\373\374\324\374\362\347\257:\312\343\003\203\253\002\031\3270R""; "
1750587256864,1750587256864,972,1,3,4,TMStatusChange,"newEvent: neACCEPTED_LEDGER; ledgerSeq: 2; ledgerHash: ""\214.\207\210%\003 \010ML\347\200R\304&\320_\215\226\344\334\033\354\2002\255\216\332\317\255\034\017""; ledgerHashPrevious: ""-}\351f\032\255\274\334m\326c\017\014ao[\342\230\003\245\245\3341Hm\326^\017jy\335\261""; networkTime: 803902456; firstSeq: 1; lastSeq: 1; ","newEvent: neACCEPTED_LEDGER; ledgerSeq: 2; ledgerHash: ""\214.\207\210%\003 \010ML\347\200R\304&\320_\215\226\344\334\033\354\2002\255\216\332\317\255\034\017""; ledgerHashPrevious: ""-}\351f\032\255\274\334m\326c\017\014ao[\342\230\003\245\245\3341Hm\326^\017jy\335\261""; networkTime: 803902456; firstSeq: 1; lastSeq: 1; "
1750587256865,1750587256865,2573,1,3,1,TMValidation,"validation: """"\200\000\000\000&\000\000\000\002)/\352\223\370:\211l\014`\252m\212dQ\214.\207\210%\003 \010ML\347\200R\304&\320_\215\226\344\334\033\354\2002\255\216\332\317\255\034\017P\027\000\000\000\000\000\000\000\000\000\000\000\000\000\000\000\000\000\000\000\000\000\000\000\000\000\000\000\000\000\000\000\000P\031-}\351f\032\255\274\334m\326c\017\014ao[\342\230\003\245\245\3341Hm\326^\017jy\335\261s!\003\325Q\255\224\274R@\312\253\262\347\352\034\346\347\242\215,\312\376=\277\353{\350\225\301\305`^, vG0E\002!\000\205'<\0028\310\365\276\2756\317\271\231\223\002\344&\340oZ\021\264+\275@g\374\177\367F\336\217\002 |{\354\030\244\270S\240\306Am\200<\036\373\374\324\374\362\347\257:\312\343\003\203\253\002\031\3270R""; ","validation: """"\200\000\000\000&\000\000\000\002)/\352\223\370:\211l\014`\252m\212dQ\214.\207\210%\003 \010ML\347\200R\304&\320_\215\226\344\334\033\354\2002\255\216\332\317\255\034\017P\027\000\000\000\000\000\000\000\000\000\000\000\000\000\000\000\000\000\000\000\000\000\000\000\000\000\000\000\000\000\000\000\000P\031-}\351f\032\255\274\334m\326c\017\014ao[\342\230\003\245\245\3341Hm\326^\017jy\335\261s!\003\325Q\255\224\274R@\312\253\262\347\352\034\346\347\242\215,\312\376=\277\353{\350\225\301\305`^, vG0E\002!\000\205'<\0028\310\365\276\2756\317\271\231\223\002\344&\340oZ\021\264+\275@g\374\177\367F\336\217\002 |{\354\030\244\270S\240\306Am\200<\036\373\374\324\374\362\347\257:\312\343\003\203\253\002\031\3270R""; "
1750587256865,1750587256865,1591,1,3,1,TMStatusChange,"newEvent: neACCEPTED_LEDGER; ledgerSeq: 2; ledgerHash: ""\214.\207\210%\003 \010ML\347\200R\304&\320_\215\226\344\334\033\354\2002\255\216\332\317\255\034\017""; ledgerHashPrevious: ""-}\351f\032\255\274\334m\326c\017\014ao[\342\230\003\245\245\3341Hm\326^\017jy\335\261""; networkTime: 803902456; firstSeq: 1; lastSeq: 1; ","newEvent: neACCEPTED_LEDGER; ledgerSeq: 2; ledgerHash: ""\214.\207\210%\003 \010ML\347\200R\304&\320_\215\226\344\334\033\354\2002\255\216\332\317\255\034\017""; ledgerHashPrevious: ""-}\351f\032\255\274\334m\326c\017\014ao[\342\230\003\245\245\3341Hm\326^\017jy\335\261""; networkTime: 803902456; firstSeq: 1; lastSeq: 1; "
1750587256996,1750587256997,792,1,0,4,TMValidation,"validation: """"\200\000\000\000&\000\000\000\002)/\352\223\370:I\203w\200\211\SGQ\214.\207\210%\003 \010ML\347\200R\304&\320_\215\226\344\334\033\354\2002\255\216\332\317\255\034\017P\027\000\000\000\000\000\000\000\000\000\000\000\000\000\000\000\000\000\000\000\000\000\000\000\000\000\000\000\000\000\000\000\000P\031-}\351f\032\255\274\334m\326c\017\014ao[\342\230\003\245\245\3341Hm\326^\017jy\335\261s!\002\347\243J\206W\025ML\260\226\0163\217\250\337\325W\253\356*O\245Z\271\234\207C\274\375`\335\311vG0E\002!\000\264\023\311o\220\223\272}\312\226A\177o\245\352\r\013\271\225\r\216\225\365\n_}\351A\363'\213\215\002 \026T\253!\035\364\200\310\333}\002\024Z \234\206\327a\361(\372P\320\202\003\302G\237\214X=V""; ","validation: """"\200\000\000\000&\000\000\000\002)/\352\223\370:I\203w\200\211\SGQ\214.\207\210%\003 \010ML\347\200R\304&\320_\215\226\344\334\033\354\2002\255\216\332\317\255\034\017P\027\000\000\000\000\000\000\000\000\000\000\000\000\000\000\000\000\000\000\000\000\000\000\000\000\000\000\000\000\000\000\000\000P\031-}\351f\032\255\274\334m\326c\017\014ao[\342\230\003\245\245\3341Hm\326^\017jy\335\261s!\002\347\243J\206W\025ML\260\226\0163\217\250\337\325W\253\356*O\245Z\271\234\207C\274\375`\335\311vG0E\002!\000\264\023\311o\220\223\272}\312\226A\177o\245\352\r\013\271\225\r\216\225\365\n_}\351A\363'\213\215\002 \026T\253!\035\364\200\310\333}\002\024Z \234\206\327a\361(\372P\320\202\003\302G\237\214X=V""; "
1750587256997,1750587256997,3150,1,0,3,TMStatusChange,"newEvent: neACCEPTED_LEDGER; ledgerSeq: 2; ledgerHash: ""\214.\207\210%\003 \010ML\347\200R\304&\320_\215\226\344\334\033\354\2002\255\216\332\317\255\034\017""; ledgerHashPrevious: ""-}\351f\032\255\274\334m\326c\017\014ao[\342\230\003\245\245\3341Hm\326^\017jy\335\261""; networkTime: 803902456; firstSeq: 1; lastSeq: 1; ","newEvent: neACCEPTED_LEDGER; ledgerSeq: 2; ledgerHash: ""\214.\207\210%\003 \010ML\347\200R\304&\320_\215\226\344\334\033\354\2002\255\216\332\317\255\034\017""; ledgerHashPrevious: ""-}\351f\032\255\274\334m\326c\017\014ao[\342\230\003\245\245\3341Hm\326^\017jy\335\261""; networkTime: 803902456; firstSeq: 1; lastSeq: 1; "
1750587256998,1750587256998,2252,1,0,4,TMStatusChange,"newEvent: neACCEPTED_LEDGER; ledgerSeq: 2; ledgerHash: ""\214.\207\210%\003 \010ML\347\200R\304&\320_\215\226\344\334\033\354\2002\255\216\332\317\255\034\017""; ledgerHashPrevious: ""-}\351f\032\255\274\334m\326c\017\014ao[\342\230\003\245\245\3341Hm\326^\017jy\335\261""; networkTime: 803902456; firstSeq: 1; lastSeq: 1; ","newEvent: neACCEPTED_LEDGER; ledgerSeq: 2; ledgerHash: ""\214.\207\210%\003 \010ML\347\200R\304&\320_\215\226\344\334\033\354\2002\255\216\332\317\255\034\017""; ledgerHashPrevious: ""-}\351f\032\255\274\334m\326c\017\014ao[\342\230\003\245\245\3341Hm\326^\017jy\335\261""; networkTime: 803902456; firstSeq: 1; lastSeq: 1; "
1750587256998,1750587256998,779,1,0,3,TMValidation,"validation: """"\200\000\000\000&\000\000\000\002)/\352\223\370:I\203w\200\211\SGQ\214.\207\210%\003 \010ML\347\200R\304&\320_\215\226\344\334\033\354\2002\255\216\332\317\255\034\017P\027\000\000\000\000\000\000\000\000\000\000\000\000\000\000\000\000\000\000\000\000\000\000\000\000\000\000\000\000\000\000\000\000P\031-}\351f\032\255\274\334m\326c\017\014ao[\342\230\003\245\245\3341Hm\326^\017jy\335\261s!\002\347\243J\206W\025ML\260\226\0163\217\250\337\325W\253\356*O\245Z\271\234\207C\274\375`\335\311vG0E\002!\000\264\023\311o\220\223\272}\312\226A\177o\245\352\r\013\271\225\r\216\225\365\n_}\351A\363'\213\215\002 \026T\253!\035\364\200\310\333}\002\024Z \234\206\327a\361(\372P\320\202\003\302G\237\214X=V""; ","validation: """"\200\000\000\000&\000\000\000\002)/\352\223\370:I\203w\200\211\SGQ\214.\207\210%\003 \010ML\347\200R\304&\320_\215\226\344\334\033\354\2002\255\216\332\317\255\034\017P\027\000\000\000\000\000\000\000\000\000\000\000\000\000\000\000\000\000\000\000\000\000\000\000\000\000\000\000\000\000\000\000\000P\031-}\351f\032\255\274\334m\326c\017\014ao[\342\230\003\245\245\3341Hm\326^\017jy\335\261s!\002\347\243J\206W\025ML\260\226\0163\217\250\337\325W\253\356*O\245Z\271\234\207C\274\375`\335\311vG0E\002!\000\264\023\311o\220\223\272}\312\226A\177o\245\352\r\013\271\225\r\216\225\365\n_}\351A\363'\213\215\002 \026T\253!\035\364\200\310\333}\002\024Z \234\206\327a\361(\372P\320\202\003\302G\237\214X=V""; "
1750587256998,1750587256999,468,1,0,1,TMStatusChange,"newEvent: neACCEPTED_LEDGER; ledgerSeq: 2; ledgerHash: ""\214.\207\210%\003 \010ML\347\200R\304&\320_\215\226\344\334\033\354\2002\255\216\332\317\255\034\017""; ledgerHashPrevious: ""-}\351f\032\255\274\334m\326c\017\014ao[\342\230\003\245\245\3341Hm\326^\017jy\335\261""; networkTime: 803902456; firstSeq: 1; lastSeq: 1; ","newEvent: neACCEPTED_LEDGER; ledgerSeq: 2; ledgerHash: ""\214.\207\210%\003 \010ML\347\200R\304&\320_\215\226\344\334\033\354\2002\255\216\332\317\255\034\017""; ledgerHashPrevious: ""-}\351f\032\255\274\334m\326c\017\014ao[\342\230\003\245\245\3341Hm\326^\017jy\335\261""; networkTime: 803902456; firstSeq: 1; lastSeq: 1; "
1750587256999,1750587256999,2684,1,0,1,TMValidation,"validation: """"\200\000\000\000&\000\000\000\002)/\352\223\370:I\203w\200\211\SGQ\214.\207\210%\003 \010ML\347\200R\304&\320_\215\226\344\334\033\354\2002\255\216\332\317\255\034\017P\027\000\000\000\000\000\000\000\000\000\000\000\000\000\000\000\000\000\000\000\000\000\000\000\000\000\000\000\000\000\000\000\000P\031-}\351f\032\255\274\334m\326c\017\014ao[\342\230\003\245\245\3341Hm\326^\017jy\335\261s!\002\347\243J\206W\025ML\260\226\0163\217\250\337\325W\253\356*O\245Z\271\234\207C\274\375`\335\311vG0E\002!\000\264\023\311o\220\223\272}\312\226A\177o\245\352\r\013\271\225\r\216\225\365\n_}\351A\363'\213\215\002 \026T\253!\035\364\200\310\333}\002\024Z \234\206\327a\361(\372P\320\202\003\302G\237\214X=V""; ","validation: """"\200\000\000\000&\000\000\000\002)/\352\223\370:I\203w\200\211\SGQ\214.\207\210%\003 \010ML\347\200R\304&\320_\215\226\344\334\033\354\2002\255\216\332\317\255\034\017P\027\000\000\000\000\000\000\000\000\000\000\000\000\000\000\000\000\000\000\000\000\000\000\000\000\000\000\000\000\000\000\000\000P\031-}\351f\032\255\274\334m\326c\017\014ao[\342\230\003\245\245\3341Hm\326^\017jy\335\261s!\002\347\243J\206W\025ML\260\226\0163\217\250\337\325W\253\356*O\245Z\271\234\207C\274\375`\335\311vG0E\002!\000\264\023\311o\220\223\272}\312\226A\177o\245\352\r\013\271\225\r\216\225\365\n_}\351A\363'\213\215\002 \026T\253!\035\364\200\310\333}\002\024Z \234\206\327a\361(\372P\320\202\003\302G\237\214X=V""; "
1750587257001,1750587257001,615,1,0,2,TMStatusChange,"newEvent: neACCEPTED_LEDGER; ledgerSeq: 2; ledgerHash: ""\214.\207\210%\003 \010ML\347\200R\304&\320_\215\226\344\334\033\354\2002\255\216\332\317\255\034\017""; ledgerHashPrevious: ""-}\351f\032\255\274\334m\326c\017\014ao[\342\230\003\245\245\3341Hm\326^\017jy\335\261""; networkTime: 803902456; firstSeq: 1; lastSeq: 1; ","newEvent: neACCEPTED_LEDGER; ledgerSeq: 2; ledgerHash: ""\214.\207\210%\003 \010ML\347\200R\304&\320_\215\226\344\334\033\354\2002\255\216\332\317\255\034\017""; ledgerHashPrevious: ""-}\351f\032\255\274\334m\326c\017\014ao[\342\230\003\245\245\3341Hm\326^\017jy\335\261""; networkTime: 803902456; firstSeq: 1; lastSeq: 1; "
1750587257002,1750587257002,3563,1,0,2,TMValidation,"validation: """"\200\000\000\000&\000\000\000\002)/\352\223\370:I\203w\200\211\SGQ\214.\207\210%\003 \010ML\347\200R\304&\320_\215\226\344\334\033\354\2002\255\216\332\317\255\034\017P\027\000\000\000\000\000\000\000\000\000\000\000\000\000\000\000\000\000\000\000\000\000\000\000\000\000\000\000\000\000\000\000\000P\031-}\351f\032\255\274\334m\326c\017\014ao[\342\230\003\245\245\3341Hm\326^\017jy\335\261s!\002\347\243J\206W\025ML\260\226\0163\217\250\337\325W\253\356*O\245Z\271\234\207C\274\375`\335\311vG0E\002!\000\264\023\311o\220\223\272}\312\226A\177o\245\352\r\013\271\225\r\216\225\365\n_}\351A\363'\213\215\002 \026T\253!\035\364\200\310\333}\002\024Z \234\206\327a\361(\372P\320\202\003\302G\237\214X=V""; ","validation: """"\200\000\000\000&\000\000\000\002)/\352\223\370:I\203w\200\211\SGQ\214.\207\210%\003 \010ML\347\200R\304&\320_\215\226\344\334\033\354\2002\255\216\332\317\255\034\017P\027\000\000\000\000\000\000\000\000\000\000\000\000\000\000\000\000\000\000\000\000\000\000\000\000\000\000\000\000\000\000\000\000P\031-}\351f\032\255\274\334m\326c\017\014ao[\342\230\003\245\245\3341Hm\326^\017jy\335\261s!\002\347\243J\206W\025ML\260\226\0163\217\250\337\325W\253\356*O\245Z\271\234\207C\274\375`\335\311vG0E\002!\000\264\023\311o\220\223\272}\312\226A\177o\245\352\r\013\271\225\r\216\225\365\n_}\351A\363'\213\215\002 \026T\253!\035\364\200\310\333}\002\024Z \234\206\327a\361(\372P\320\202\003\302G\237\214X=V""; "
1750587257193,1750587257193,3898,1,2,3,TMGetLedger,"itype: liBASE; ledgerHash: ""\214.\207\210%\003 \010ML\347\200R\304&\320_\215\226\344\334\033\354\2002\255\216\332\317\255\034\017""; ","itype: liBASE; ledgerHash: ""\214.\207\210%\003 \010ML\347\200R\304&\320_\215\226\344\334\033\354\2002\255\216\332\317\255\034\017""; "
1750587257193,1750587257193,3989,1,2,3,TMValidation,"validation: """"\200\000\000\000&\000\000\000\002)/\352\223\370:v|\203\267)\257\206\032Q\214.\207\210%\003 \010ML\347\200R\304&\320_\215\226\344\334\033\354\2002\255\216\332\317\255\034\017P\027\000\000\000\000\000\000\000\000\000\000\000\000\000\000\000\000\000\000\000\000\000\000\000\000\000\000\000\000\000\000\000\000P\031-}\351f\032\255\274\334m\326c\017\014ao[\342\230\003\245\245\3341Hm\326^\017jy\335\261s!\003.\200\224\215?)t\306\315\242\313\251\255\302\204=\232.\271%}\013\024s\024\002@\216l""\241FvG0E\002!\000\335\2369\214\375F\230ti6\257\356\323PD3\242%v\275\222k\353\304\242#\317\326\364\334M\345\002 }\2254\324\301yM%\210\300i\261\376\273\363\320\264\353\306\024\253\332Z\260\312R\336_\027%Q\177""; ","validation: """"\200\000\000\000&\000\000\000\002)/\352\223\370:v|\203\267)\257\206\032Q\214.\207\210%\003 \010ML\347\200R\304&\320_\215\226\344\334\033\354\2002\255\216\332\317\255\034\017P\027\000\000\000\000\000\000\000\000\000\000\000\000\000\000\000\000\000\000\000\000\000\000\000\000\000\000\000\000\000\000\000\000P\031-}\351f\032\255\274\334m\326c\017\014ao[\342\230\003\245\245\3341Hm\326^\017jy\335\261s!\003.\200\224\215?)t\306\315\242\313\251\255\302\204=\232.\271%}\013\024s\024\002@\216l""\241FvG0E\002!\000\335\2369\214\375F\230ti6\257\356\323PD3\242%v\275\222k\353\304\242#\317\326\364\334M\345\002 }\2254\324\301yM%\210\300i\261\376\273\363\320\264\353\306\024\253\332Z\260\312R\336_\027%Q\177""; "
1750587257194,1750587257194,3898,1,2,3,TMGetLedger,"itype: liBASE; ledgerHash: ""\214.\207\210%\003 \010ML\347\200R\304&\320_\215\226\344\334\033\354\2002\255\216\332\317\255\034\017""; queryType: qtINDIRECT; ","itype: liBASE; ledgerHash: ""\214.\207\210%\003 \010ML\347\200R\304&\320_\215\226\344\334\033\354\2002\255\216\332\317\255\034\017""; queryType: qtINDIRECT; "
1750587257195,1750587257195,1582,1,2,0,TMGetLedger,"itype: liBASE; ledgerHash: ""\214.\207\210%\003 \010ML\347\200R\304&\320_\215\226\344\334\033\354\2002\255\216\332\317\255\034\017""; ","itype: liBASE; ledgerHash: ""\214.\207\210%\003 \010ML\347\200R\304&\320_\215\226\344\334\033\354\2002\255\216\332\317\255\034\017""; "
1750587257195,1750587257195,1094,1,2,1,TMValidation,"validation: """"\200\000\000\000&\000\000\000\002)/\352\223\370:v|\203\267)\257\206\032Q\214.\207\210%\003 \010ML\347\200R\304&\320_\215\226\344\334\033\354\2002\255\216\332\317\255\034\017P\027\000\000\000\000\000\000\000\000\000\000\000\000\000\000\000\000\000\000\000\000\000\000\000\000\000\000\000\000\000\000\000\000P\031-}\351f\032\255\274\334m\326c\017\014ao[\342\230\003\245\245\3341Hm\326^\017jy\335\261s!\003.\200\224\215?)t\306\315\242\313\251\255\302\204=\232.\271%}\013\024s\024\002@\216l""\241FvG0E\002!\000\335\2369\214\375F\230ti6\257\356\323PD3\242%v\275\222k\353\304\242#\317\326\364\334M\345\002 }\2254\324\301yM%\210\300i\261\376\273\363\320\264\353\306\024\253\332Z\260\312R\336_\027%Q\177""; ","validation: """"\200\000\000\000&\000\000\000\002)/\352\223\370:v|\203\267)\257\206\032Q\214.\207\210%\003 \010ML\347\200R\304&\320_\215\226\344\334\033\354\2002\255\216\332\317\255\034\017P\027\000\000\000\000\000\000\000\000\000\000\000\000\000\000\000\000\000\000\000\000\000\000\000\000\000\000\000\000\000\000\000\000P\031-}\351f\032\255\274\334m\326c\017\014ao[\342\230\003\245\245\3341Hm\326^\017jy\335\261s!\003.\200\224\215?)t\306\315\242\313\251\255\302\204=\232.\271%}\013\024s\024\002@\216l""\241FvG0E\002!\000\335\2369\214\375F\230ti6\257\356\323PD3\242%v\275\222k\353\304\242#\317\326\364\334M\345\002 }\2254\324\301yM%\210\300i\261\376\273\363\320\264\353\306\024\253\332Z\260\312R\336_\027%Q\177""; "
1750587257196,1750587257196,3488,1,2,0,TMValidation,"validation: """"\200\000\000\000&\000\000\000\002)/\352\223\370:v|\203\267)\257\206\032Q\214.\207\210%\003 \010ML\347\200R\304&\320_\215\226\344\334\033\354\2002\255\216\332\317\255\034\017P\027\000\000\000\000\000\000\000\000\000\000\000\000\000\000\000\000\000\000\000\000\000\000\000\000\000\000\000\000\000\000\000\000P\031-}\351f\032\255\274\334m\326c\017\014ao[\342\230\003\245\245\3341Hm\326^\017jy\335\261s!\003.\200\224\215?)t\306\315\242\313\251\255\302\204=\232.\271%}\013\024s\024\002@\216l""\241FvG0E\002!\000\335\2369\214\375F\230ti6\257\356\323PD3\242%v\275\222k\353\304\242#\317\326\364\334M\345\002 }\2254\324\301yM%\210\300i\261\376\273\363\320\264\353\306\024\253\332Z\260\312R\336_\027%Q\177""; ","validation: """"\200\000\000\000&\000\000\000\002)/\352\223\370:v|\203\267)\257\206\032Q\214.\207\210%\003 \010ML\347\200R\304&\320_\215\226\344\334\033\354\2002\255\216\332\317\255\034\017P\027\000\000\000\000\000\000\000\000\000\000\000\000\000\000\000\000\000\000\000\000\000\000\000\000\000\000\000\000\000\000\000\000P\031-}\351f\032\255\274\334m\326c\017\014ao[\342\230\003\245\245\3341Hm\326^\017jy\335\261s!\003.\200\224\215?)t\306\315\242\313\251\255\302\204=\232.\271%}\013\024s\024\002@\216l""\241FvG0E\002!\000\335\2369\214\375F\230ti6\257\356\323PD3\242%v\275\222k\353\304\242#\317\326\364\334M\345\002 }\2254\324\301yM%\210\300i\261\376\273\363\320\264\353\306\024\253\332Z\260\312R\336_\027%Q\177""; "
1750587257196,1750587257196,1582,1,2,0,TMGetLedger,"itype: liBASE; ledgerHash: ""\214.\207\210%\003 \010ML\347\200R\304&\320_\215\226\344\334\033\354\2002\255\216\332\317\255\034\017""; queryType: qtINDIRECT; ","itype: liBASE; ledgerHash: ""\214.\207\210%\003 \010ML\347\200R\304&\320_\215\226\344\334\033\354\2002\255\216\332\317\255\034\017""; queryType: qtINDIRECT; "
1750587257197,1750587257197,499,1,2,4,TMGetLedger,"itype: liBASE; ledgerHash: ""\214.\207\210%\003 \010ML\347\200R\304&\320_\215\226\344\334\033\354\2002\255\216\332\317\255\034\017""; ","itype: liBASE; ledgerHash: ""\214.\207\210%\003 \010ML\347\200R\304&\320_\215\226\344\334\033\354\2002\255\216\332\317\255\034\017""; "
1750587257198,1750587257198,342,1,2,1,TMGetLedger,"itype: liBASE; ledgerHash: ""\214.\207\210%\003 \010ML\347\200R\304&\320_\215\226\344\334\033\354\2002\255\216\332\317\255\034\017""; ","itype: liBASE; ledgerHash: ""\214.\207\210%\003 \010ML\347\200R\304&\320_\215\226\344\334\033\354\2002\255\216\332\317\255\034\017""; "
1750587257199,1750587257199,342,1,2,1,TMGetLedger,"itype: liBASE; ledgerHash: ""\214.\207\210%\003 \010ML\347\200R\304&\320_\215\226\344\334\033\354\2002\255\216\332\317\255\034\017""; queryType: qtINDIRECT; ","itype: liBASE; ledgerHash: ""\214.\207\210%\003 \010ML\347\200R\304&\320_\215\226\344\334\033\354\2002\255\216\332\317\255\034\017""; queryType: qtINDIRECT; "
1750587257199,1750587257199,499,1,2,4,TMGetLedger,"itype: liBASE; ledgerHash: ""\214.\207\210%\003 \010ML\347\200R\304&\320_\215\226\344\334\033\354\2002\255\216\332\317\255\034\017""; queryType: qtINDIRECT; ","itype: liBASE; ledgerHash: ""\214.\207\210%\003 \010ML\347\200R\304&\320_\215\226\344\334\033\354\2002\255\216\332\317\255\034\017""; queryType: qtINDIRECT; "
1750587257272,1750587257273,1036,1,2,4,TMValidation,"validation: """"\200\000\000\000&\000\000\000\002)/\352\223\371:Q\231\304\227'3\313\030Q\214.\207\210%\003 \010ML\347\200R\304&\320_\215\226\344\334\033\354\2002\255\216\332\317\255\034\017P\027\000\000\000\000\000\000\000\000\000\000\000\000\000\000\000\000\000\000\000\000\000\000\000\000\000\000\000\000\000\000\000\000P\031-}\351f\032\255\274\334m\326c\017\014ao[\342\230\003\245\245\3341Hm\326^\017jy\335\261s!\003ql\302)\235\321\t\213\224\356\374%%\311\327\037\374\304\t\335\2359\344\233\035]\347<u\236\364\222vF0D\002 $\373r\177{\020\247v\322\251*g\222\211I{\222\030\254\216'\000L)M\204\341Vb 2Y\002 {\276\367\373\014\037\237\332\266\324\2206\332\311S\300nHY+\345\306\027\370\246\255\326-\270o\215\301""; ","validation: """"\200\000\000\000&\000\000\000\002)/\352\223\371:Q\231\304\227'3\313\030Q\214.\207\210%\003 \010ML\347\200R\304&\320_\215\226\344\334\033\354\2002\255\216\332\317\255\034\017P\027\000\000\000\000\000\000\000\000\000\000\000\000\000\000\000\000\000\000\000\000\000\000\000\000\000\000\000\000\000\000\000\000P\031-}\351f\032\255\274\334m\326c\017\014ao[\342\230\003\245\245\3341Hm\326^\017jy\335\261s!\003ql\302)\235\321\t\213\224\356\374%%\311\327\037\374\304\t\335\2359\344\233\035]\347<u\236\364\222vF0D\002 $\373r\177{\020\247v\322\251*g\222\211I{\222\030\254\216'\000L)M\204\341Vb 2Y\002 {\276\367\373\014\037\237\332\266\324\2206\332\311S\300nHY+\345\306\027\370\246\255\326-\270o\215\301""; "
1750587257274,1750587257274,3989,1,2,3,TMValidation,"validation: """"\200\000\000\000&\000\000\000\002)/\352\223\371:Q\231\304\227'3\313\030Q\214.\207\210%\003 \010ML\347\200R\304&\320_\215\226\344\334\033\354\2002\255\216\332\317\255\034\017P\027\000\000\000\000\000\000\000\000\000\000\000\000\000\000\000\000\000\000\000\000\000\000\000\000\000\000\000\000\000\000\000\000P\031-}\351f\032\255\274\334m\326c\017\014ao[\342\230\003\245\245\3341Hm\326^\017jy\335\261s!\003ql\302)\235\321\t\213\224\356\374%%\311\327\037\374\304\t\335\2359\344\233\035]\347<u\236\364\222vF0D\002 $\373r\177{\020\247v\322\251*g\222\211I{\222\030\254\216'\000L)M\204\341Vb 2Y\002 {\276\367\373\014\037\237\332\266\324\2206\332\311S\300nHY+\345\306\027\370\246\255\326-\270o\215\301""; ","validation: """"\200\000\000\000&\000\000\000\002)/\352\223\371:Q\231\304\227'3\313\030Q\214.\207\210%\003 \010ML\347\200R\304&\320_\215\226\344\334\033\354\2002\255\216\332\317\255\034\017P\027\000\000\000\000\000\000\000\000\000\000\000\000\000\000\000\000\000\000\000\000\000\000\000\000\000\000\000\000\000\000\000\000P\031-}\351f\032\255\274\334m\326c\017\014ao[\342\230\003\245\245\3341Hm\326^\017jy\335\261s!\003ql\302)\235\321\t\213\224\356\374%%\311\327\037\374\304\t\335\2359\344\233\035]\347<u\236\364\222vF0D\002 $\373r\177{\020\247v\322\251*g\222\211I{\222\030\254\216'\000L)M\204\341Vb 2Y\002 {\276\367\373\014\037\237\332\266\324\2206\332\311S\300nHY+\345\306\027\370\246\255\326-\270o\215\301""; "
1750587257274,1750587257274,3058,1,2,3,TMStatusChange,"newEvent: neLOST_SYNC; ledgerSeq: 2; ledgerHash: ""\214.\207\210%\003 \010ML\347\200R\304&\320_\215\226\344\334\033\354\2002\255\216\332\317\255\034\017""; ledgerHashPrevious: ""-}\351f\032\255\274\334m\326c\017\014ao[\342\230\003\245\245\3341Hm\326^\017jy\335\261""; networkTime: 803902457; firstSeq: 1; lastSeq: 1; ","newEvent: neLOST_SYNC; ledgerSeq: 2; ledgerHash: ""\214.\207\210%\003 \010ML\347\200R\304&\320_\215\226\344\334\033\354\2002\255\216\332\317\255\034\017""; ledgerHashPrevious: ""-}\351f\032\255\274\334m\326c\017\014ao[\342\230\003\245\245\3341Hm\326^\017jy\335\261""; networkTime: 803902457; firstSeq: 1; lastSeq: 1; "
1750587257273,1750587257273,3116,1,2,4,TMStatusChange,"newEvent: neLOST_SYNC; ledgerSeq: 2; ledgerHash: ""\214.\207\210%\003 \010ML\347\200R\304&\320_\215\226\344\334\033\354\2002\255\216\332\317\255\034\017""; ledgerHashPrevious: ""-}\351f\032\255\274\334m\326c\017\014ao[\342\230\003\245\245\3341Hm\326^\017jy\335\261""; networkTime: 803902457; firstSeq: 1; lastSeq: 1; ","newEvent: neLOST_SYNC; ledgerSeq: 2; ledgerHash: ""\214.\207\210%\003 \010ML\347\200R\304&\320_\215\226\344\334\033\354\2002\255\216\332\317\255\034\017""; ledgerHashPrevious: ""-}\351f\032\255\274\334m\326c\017\014ao[\342\230\003\245\245\3341Hm\326^\017jy\335\261""; networkTime: 803902457; firstSeq: 1; lastSeq: 1; "
1750587257275,1750587257275,3744,1,2,0,TMStatusChange,"newEvent: neLOST_SYNC; ledgerSeq: 2; ledgerHash: ""\214.\207\210%\003 \010ML\347\200R\304&\320_\215\226\344\334\033\354\2002\255\216\332\317\255\034\017""; ledgerHashPrevious: ""-}\351f\032\255\274\334m\326c\017\014ao[\342\230\003\245\245\3341Hm\326^\017jy\335\261""; networkTime: 803902457; firstSeq: 1; lastSeq: 1; ","newEvent: neLOST_SYNC; ledgerSeq: 2; ledgerHash: ""\214.\207\210%\003 \010ML\347\200R\304&\320_\215\226\344\334\033\354\2002\255\216\332\317\255\034\017""; ledgerHashPrevious: ""-}\351f\032\255\274\334m\326c\017\014ao[\342\230\003\245\245\3341Hm\326^\017jy\335\261""; networkTime: 803902457; firstSeq: 1; lastSeq: 1; "
1750587257275,1750587257275,3126,1,2,1,TMStatusChange,"newEvent: neLOST_SYNC; ledgerSeq: 2; ledgerHash: ""\214.\207\210%\003 \010ML\347\200R\304&\320_\215\226\344\334\033\354\2002\255\216\332\317\255\034\017""; ledgerHashPrevious: ""-}\351f\032\255\274\334m\326c\017\014ao[\342\230\003\245\245\3341Hm\326^\017jy\335\261""; networkTime: 803902457; firstSeq: 1; lastSeq: 1; ","newEvent: neLOST_SYNC; ledgerSeq: 2; ledgerHash: ""\214.\207\210%\003 \010ML\347\200R\304&\320_\215\226\344\334\033\354\2002\255\216\332\317\255\034\017""; ledgerHashPrevious: ""-}\351f\032\255\274\334m\326c\017\014ao[\342\230\003\245\245\3341Hm\326^\017jy\335\261""; networkTime: 803902457; firstSeq: 1; lastSeq: 1; "
1750587257276,1750587257276,3488,1,2,0,TMValidation,"validation: """"\200\000\000\000&\000\000\000\002)/\352\223\371:Q\231\304\227'3\313\030Q\214.\207\210%\003 \010ML\347\200R\304&\320_\215\226\344\334\033\354\2002\255\216\332\317\255\034\017P\027\000\000\000\000\000\000\000\000\000\000\000\000\000\000\000\000\000\000\000\000\000\000\000\000\000\000\000\000\000\000\000\000P\031-}\351f\032\255\274\334m\326c\017\014ao[\342\230\003\245\245\3341Hm\326^\017jy\335\261s!\003ql\302)\235\321\t\213\224\356\374%%\311\327\037\374\304\t\335\2359\344\233\035]\347<u\236\364\222vF0D\002 $\373r\177{\020\247v\322\251*g\222\211I{\222\030\254\216'\000L)M\204\341Vb 2Y\002 {\276\367\373\014\037\237\332\266\324\2206\332\311S\300nHY+\345\306\027\370\246\255\326-\270o\215\301""; ","validation: """"\200\000\000\000&\000\000\000\002)/\352\223\371:Q\231\304\227'3\313\030Q\214.\207\210%\003 \010ML\347\200R\304&\320_\215\226\344\334\033\354\2002\255\216\332\317\255\034\017P\027\000\000\000\000\000\000\000\000\000\000\000\000\000\000\000\000\000\000\000\000\000\000\000\000\000\000\000\000\000\000\000\000P\031-}\351f\032\255\274\334m\326c\017\014ao[\342\230\003\245\245\3341Hm\326^\017jy\335\261s!\003ql\302)\235\321\t\213\224\356\374%%\311\327\037\374\304\t\335\2359\344\233\035]\347<u\236\364\222vF0D\002 $\373r\177{\020\247v\322\251*g\222\211I{\222\030\254\216'\000L)M\204\341Vb 2Y\002 {\276\367\373\014\037\237\332\266\324\2206\332\311S\300nHY+\345\306\027\370\246\255\326-\270o\215\301""; "
1750587257276,1750587257276,1094,1,2,1,TMValidation,"validation: """"\200\000\000\000&\000\000\000\002)/\352\223\371:Q\231\304\227'3\313\030Q\214.\207\210%\003 \010ML\347\200R\304&\320_\215\226\344\334\033\354\2002\255\216\332\317\255\034\017P\027\000\000\000\000\000\000\000\000\000\000\000\000\000\000\000\000\000\000\000\000\000\000\000\000\000\000\000\000\000\000\000\000P\031-}\351f\032\255\274\334m\326c\017\014ao[\342\230\003\245\245\3341Hm\326^\017jy\335\261s!\003ql\302)\235\321\t\213\224\356\374%%\311\327\037\374\304\t\335\2359\344\233\035]\347<u\236\364\222vF0D\002 $\373r\177{\020\247v\322\251*g\222\211I{\222\030\254\216'\000L)M\204\341Vb 2Y\002 {\276\367\373\014\037\237\332\266\324\2206\332\311S\300nHY+\345\306\027\370\246\255\326-\270o\215\301""; ","validation: """"\200\000\000\000&\000\000\000\002)/\352\223\371:Q\231\304\227'3\313\030Q\214.\207\210%\003 \010ML\347\200R\304&\320_\215\226\344\334\033\354\2002\255\216\332\317\255\034\017P\027\000\000\000\000\000\000\000\000\000\000\000\000\000\000\000\000\000\000\000\000\000\000\000\000\000\000\000\000\000\000\000\000P\031-}\351f\032\255\274\334m\326c\017\014ao[\342\230\003\245\245\3341Hm\326^\017jy\335\261s!\003ql\302)\235\321\t\213\224\356\374%%\311\327\037\374\304\t\335\2359\344\233\035]\347<u\236\364\222vF0D\002 $\373r\177{\020\247v\322\251*g\222\211I{\222\030\254\216'\000L)M\204\341Vb 2Y\002 {\276\367\373\014\037\237\332\266\324\2206\332\311S\300nHY+\345\306\027\370\246\255\326-\270o\215\301""; "
1750587257538,1750587257538,2472,1,1,2,TMLedgerData,"ledgerHash: ""\214.\207\210%\003 \010ML\347\200R\304&\320_\215\226\344\334\033\354\2002\255\216\332\317\255\034\017""; ledgerSeq: 2; type: liBASE; nodes {;   nodedata: ""\000\000\000\002\001cEx]\212\000\000-}\351f\032\255\274\334m\326c\017\014ao[\342\230\003\245\245\3341Hm\326^\017jy\335\261\000\000\000\000\000\000\000\000\000\000\000\000\000\000\000\000\000\000\000\000\000\000\000\000\000\000\000\000\000\000\000\000{e\2655L\2440\340\020\277~\333\017WF\230\334\351\277\266\267\357{\321\317\275\374\330\255\231Z\226(\366\274\006/\352\223\350\n\000""; }; nodes {;   nodedata: ""\303\016\021\310<Z\337\266>\225@&n\022\246\274\353\220\345b3\035\313\350L\354\254\002\005\305\035\017\002E\344\037@\210\363\010\336T\226\247'\204_{\261\370""1\235\2445\343\033Y!\212\201\341\272\225'\007>L\014O\253g\352\035\214I\361\342\213\274\243\225\r\327qi\207\254\211\347\300?w\214Ha~\260\013\003""; }; ","ledgerHash: ""\214.\207\210%\003 \010ML\347\200R\304&\320_\215\226\344\334\033\354\2002\255\216\332\317\255\034\017""; ledgerSeq: 2; type: liBASE; nodes {;   nodedata: ""\000\000\000\002\001cEx]\212\000\000-}\351f\032\255\274\334m\326c\017\014ao[\342\230\003\245\245\3341Hm\326^\017jy\335\261\000\000\000\000\000\000\000\000\000\000\000\000\000\000\000\000\000\000\000\000\000\000\000\000\000\000\000\000\000\000\000\000{e\2655L\2440\340\020\277~\333\017WF\230\334\351\277\266\267\357{\321\317\275\374\330\255\231Z\226(\366\274\006/\352\223\350\n\000""; }; nodes {;   nodedata: ""\303\016\021\310<Z\337\266>\225@&n\022\246\274\353\220\345b3\035\313\350L\354\254\002\005\305\035\017\002E\344\037@\210\363\010\336T\226\247'\204_{\261\370""1\235\2445\343\033Y!\212\201\341\272\225'\007>L\014O\253g\352\035\214I\361\342\213\274\243\225\r\327qi\207\254\211\347\300?w\214Ha~\260\013\003""; }; "
1750587257538,1750587257539,2472,1,1,2,TMLedgerData,"ledgerHash: ""\214.\207\210%\003 \010ML\347\200R\304&\320_\215\226\344\334\033\354\2002\255\216\332\317\255\034\017""; ledgerSeq: 2; type: liBASE; nodes {;   nodedata: ""\000\000\000\002\001cEx]\212\000\000-}\351f\032\255\274\334m\326c\017\014ao[\342\230\003\245\245\3341Hm\326^\017jy\335\261\000\000\000\000\000\000\000\000\000\000\000\000\000\000\000\000\000\000\000\000\000\000\000\000\000\000\000\000\000\000\000\000{e\2655L\2440\340\020\277~\333\017WF\230\334\351\277\266\267\357{\321\317\275\374\330\255\231Z\226(\366\274\006/\352\223\350\n\000""; }; nodes {;   nodedata: ""\303\016\021\310<Z\337\266>\225@&n\022\246\274\353\220\345b3\035\313\350L\354\254\002\005\305\035\017\002E\344\037@\210\363\010\336T\226\247'\204_{\261\370""1\235\2445\343\033Y!\212\201\341\272\225'\007>L\014O\253g\352\035\214I\361\342\213\274\243\225\r\327qi\207\254\211\347\300?w\214Ha~\260\013\003""; }; ","ledgerHash: ""\214.\207\210%\003 \010ML\347\200R\304&\320_\215\226\344\334\033\354\2002\255\216\332\317\255\034\017""; ledgerSeq: 2; type: liBASE; nodes {;   nodedata: ""\000\000\000\002\001cEx]\212\000\000-}\351f\032\255\274\334m\326c\017\014ao[\342\230\003\245\245\3341Hm\326^\017jy\335\261\000\000\000\000\000\000\000\000\000\000\000\000\000\000\000\000\000\000\000\000\000\000\000\000\000\000\000\000\000\000\000\000{e\2655L\2440\340\020\277~\333\017WF\230\334\351\277\266\267\357{\321\317\275\374\330\255\231Z\226(\366\274\006/\352\223\350\n\000""; }; nodes {;   nodedata: ""\303\016\021\310<Z\337\266>\225@&n\022\246\274\353\220\345b3\035\313\350L\354\254\002\005\305\035\017\002E\344\037@\210\363\010\336T\226\247'\204_{\261\370""1\235\2445\343\033Y!\212\201\341\272\225'\007>L\014O\253g\352\035\214I\361\342\213\274\243\225\r\327qi\207\254\211\347\300?w\214Ha~\260\013\003""; }; "
1750587257598,1750587257598,1036,1,2,4,TMValidation,"validation: """"\200\000\000\000&\000\000\000\002)/\352\223\370:\211l\014`\252m\212dQ\214.\207\210%\003 \010ML\347\200R\304&\320_\215\226\344\334\033\354\2002\255\216\332\317\255\034\017P\027\000\000\000\000\000\000\000\000\000\000\000\000\000\000\000\000\000\000\000\000\000\000\000\000\000\000\000\000\000\000\000\000P\031-}\351f\032\255\274\334m\326c\017\014ao[\342\230\003\245\245\3341Hm\326^\017jy\335\261s!\003\325Q\255\224\274R@\312\253\262\347\352\034\346\347\242\215,\312\376=\277\353{\350\225\301\305`^, vG0E\002!\000\205'<\0028\310\365\276\2756\317\271\231\223\002\344&\340oZ\021\264+\275@g\374\177\367F\336\217\002 |{\354\030\244\270S\240\306Am\200<\036\373\374\324\374\362\347\257:\312\343\003\203\253\002\031\3270R""; ","validation: """"\200\000\000\000&\000\000\000\002)/\352\223\370:\211l\014`\252m\212dQ\214.\207\210%\003 \010ML\347\200R\304&\320_\215\226\344\334\033\354\2002\255\216\332\317\255\034\017P\027\000\000\000\000\000\000\000\000\000\000\000\000\000\000\000\000\000\000\000\000\000\000\000\000\000\000\000\000\000\000\000\000P\031-}\351f\032\255\274\334m\326c\017\014ao[\342\230\003\245\245\3341Hm\326^\017jy\335\261s!\003\325Q\255\224\274R@\312\253\262\347\352\034\346\347\242\215,\312\376=\277\353{\350\225\301\305`^, vG0E\002!\000\205'<\0028\310\365\276\2756\317\271\231\223\002\344&\340oZ\021\264+\275@g\374\177\367F\336\217\002 |{\354\030\244\270S\240\306Am\200<\036\373\374\324\374\362\347\257:\312\343\003\203\253\002\031\3270R""; "
1750587257599,1750587257599,1094,1,2,1,TMValidation,"validation: """"\200\000\000\000&\000\000\000\002)/\352\223\370:\211l\014`\252m\212dQ\214.\207\210%\003 \010ML\347\200R\304&\320_\215\226\344\334\033\354\2002\255\216\332\317\255\034\017P\027\000\000\000\000\000\000\000\000\000\000\000\000\000\000\000\000\000\000\000\000\000\000\000\000\000\000\000\000\000\000\000\000P\031-}\351f\032\255\274\334m\326c\017\014ao[\342\230\003\245\245\3341Hm\326^\017jy\335\261s!\003\325Q\255\224\274R@\312\253\262\347\352\034\346\347\242\215,\312\376=\277\353{\350\225\301\305`^, vG0E\002!\000\205'<\0028\310\365\276\2756\317\271\231\223\002\344&\340oZ\021\264+\275@g\374\177\367F\336\217\002 |{\354\030\244\270S\240\306Am\200<\036\373\374\324\374\362\347\257:\312\343\003\203\253\002\031\3270R""; ","validation: """"\200\000\000\000&\000\000\000\002)/\352\223\370:\211l\014`\252m\212dQ\214.\207\210%\003 \010ML\347\200R\304&\320_\215\226\344\334\033\354\2002\255\216\332\317\255\034\017P\027\000\000\000\000\000\000\000\000\000\000\000\000\000\000\000\000\000\000\000\000\000\000\000\000\000\000\000\000\000\000\000\000P\031-}\351f\032\255\274\334m\326c\017\014ao[\342\230\003\245\245\3341Hm\326^\017jy\335\261s!\003\325Q\255\224\274R@\312\253\262\347\352\034\346\347\242\215,\312\376=\277\353{\350\225\301\305`^, vG0E\002!\000\205'<\0028\310\365\276\2756\317\271\231\223\002\344&\340oZ\021\264+\275@g\374\177\367F\336\217\002 |{\354\030\244\270S\240\306Am\200<\036\373\374\324\374\362\347\257:\312\343\003\203\253\002\031\3270R""; "
1750587257600,1750587257600,3488,1,2,0,TMValidation,"validation: """"\200\000\000\000&\000\000\000\002)/\352\223\370:\211l\014`\252m\212dQ\214.\207\210%\003 \010ML\347\200R\304&\320_\215\226\344\334\033\354\2002\255\216\332\317\255\034\017P\027\000\000\000\000\000\000\000\000\000\000\000\000\000\000\000\000\000\000\000\000\000\000\000\000\000\000\000\000\000\000\000\000P\031-}\351f\032\255\274\334m\326c\017\014ao[\342\230\003\245\245\3341Hm\326^\017jy\335\261s!\003\325Q\255\224\274R@\312\253\262\347\352\034\346\347\242\215,\312\376=\277\353{\350\225\301\305`^, vG0E\002!\000\205'<\0028\310\365\276\2756\317\271\231\223\002\344&\340oZ\021\264+\275@g\374\177\367F\336\217\002 |{\354\030\244\270S\240\306Am\200<\036\373\374\324\374\362\347\257:\312\343\003\203\253\002\031\3270R""; ","validation: """"\200\000\000\000&\000\000\000\002)/\352\223\370:\211l\014`\252m\212dQ\214.\207\210%\003 \010ML\347\200R\304&\320_\215\226\344\334\033\354\2002\255\216\332\317\255\034\017P\027\000\000\000\000\000\000\000\000\000\000\000\000\000\000\000\000\000\000\000\000\000\000\000\000\000\000\000\000\000\000\000\000P\031-}\351f\032\255\274\334m\326c\017\014ao[\342\230\003\245\245\3341Hm\326^\017jy\335\261s!\003\325Q\255\224\274R@\312\253\262\347\352\034\346\347\242\215,\312\376=\277\353{\350\225\301\305`^, vG0E\002!\000\205'<\0028\310\365\276\2756\317\271\231\223\002\344&\340oZ\021\264+\275@g\374\177\367F\336\217\002 |{\354\030\244\270S\240\306Am\200<\036\373\374\324\374\362\347\257:\312\343\003\203\253\002\031\3270R""; "
1750587257694,1750587257694,2792,1,4,2,TMLedgerData,"ledgerHash: ""\214.\207\210%\003 \010ML\347\200R\304&\320_\215\226\344\334\033\354\2002\255\216\332\317\255\034\017""; ledgerSeq: 2; type: liBASE; nodes {;   nodedata: ""\000\000\000\002\001cEx]\212\000\000-}\351f\032\255\274\334m\326c\017\014ao[\342\230\003\245\245\3341Hm\326^\017jy\335\261\000\000\000\000\000\000\000\000\000\000\000\000\000\000\000\000\000\000\000\000\000\000\000\000\000\000\000\000\000\000\000\000{e\2655L\2440\340\020\277~\333\017WF\230\334\351\277\266\267\357{\321\317\275\374\330\255\231Z\226(\366\274\006/\352\223\350\n\000""; }; nodes {;   nodedata: ""\303\016\021\310<Z\337\266>\225@&n\022\246\274\353\220\345b3\035\313\350L\354\254\002\005\305\035\017\002E\344\037@\210\363\010\336T\226\247'\204_{\261\370""1\235\2445\343\033Y!\212\201\341\272\225'\007>L\014O\253g\352\035\214I\361\342\213\274\243\225\r\327qi\207\254\211\347\300?w\214Ha~\260\013\003""; }; ","ledgerHash: ""\214.\207\210%\003 \010ML\347\200R\304&\320_\215\226\344\334\033\354\2002\255\216\332\317\255\034\017""; ledgerSeq: 2; type: liBASE; nodes {;   nodedata: ""\000\000\000\002\001cEx]\212\000\000-}\351f\032\255\274\334m\326c\017\014ao[\342\230\003\245\245\3341Hm\326^\017jy\335\261\000\000\000\000\000\000\000\000\000\000\000\000\000\000\000\000\000\000\000\000\000\000\000\000\000\000\000\000\000\000\000\000{e\2655L\2440\340\020\277~\333\017WF\230\334\351\277\266\267\357{\321\317\275\374\330\255\231Z\226(\366\274\006/\352\223\350\n\000""; }; nodes {;   nodedata: ""\303\016\021\310<Z\337\266>\225@&n\022\246\274\353\220\345b3\035\313\350L\354\254\002\005\305\035\017\002E\344\037@\210\363\010\336T\226\247'\204_{\261\370""1\235\2445\343\033Y!\212\201\341\272\225'\007>L\014O\253g\352\035\214I\361\342\213\274\243\225\r\327qi\207\254\211\347\300?w\214Ha~\260\013\003""; }; "
1750587257694,1750587257695,2792,1,4,2,TMLedgerData,"ledgerHash: ""\214.\207\210%\003 \010ML\347\200R\304&\320_\215\226\344\334\033\354\2002\255\216\332\317\255\034\017""; ledgerSeq: 2; type: liBASE; nodes {;   nodedata: ""\000\000\000\002\001cEx]\212\000\000-}\351f\032\255\274\334m\326c\017\014ao[\342\230\003\245\245\3341Hm\326^\017jy\335\261\000\000\000\000\000\000\000\000\000\000\000\000\000\000\000\000\000\000\000\000\000\000\000\000\000\000\000\000\000\000\000\000{e\2655L\2440\340\020\277~\333\017WF\230\334\351\277\266\267\357{\321\317\275\374\330\255\231Z\226(\366\274\006/\352\223\350\n\000""; }; nodes {;   nodedata: ""\303\016\021\310<Z\337\266>\225@&n\022\246\274\353\220\345b3\035\313\350L\354\254\002\005\305\035\017\002E\344\037@\210\363\010\336T\226\247'\204_{\261\370""1\235\2445\343\033Y!\212\201\341\272\225'\007>L\014O\253g\352\035\214I\361\342\213\274\243\225\r\327qi\207\254\211\347\300?w\214Ha~\260\013\003""; }; ","ledgerHash: ""\214.\207\210%\003 \010ML\347\200R\304&\320_\215\226\344\334\033\354\2002\255\216\332\317\255\034\017""; ledgerSeq: 2; type: liBASE; nodes {;   nodedata: ""\000\000\000\002\001cEx]\212\000\000-}\351f\032\255\274\334m\326c\017\014ao[\342\230\003\245\245\3341Hm\326^\017jy\335\261\000\000\000\000\000\000\000\000\000\000\000\000\000\000\000\000\000\000\000\000\000\000\000\000\000\000\000\000\000\000\000\000{e\2655L\2440\340\020\277~\333\017WF\230\334\351\277\266\267\357{\321\317\275\374\330\255\231Z\226(\366\274\006/\352\223\350\n\000""; }; nodes {;   nodedata: ""\303\016\021\310<Z\337\266>\225@&n\022\246\274\353\220\345b3\035\313\350L\354\254\002\005\305\035\017\002E\344\037@\210\363\010\336T\226\247'\204_{\261\370""1\235\2445\343\033Y!\212\201\341\272\225'\007>L\014O\253g\352\035\214I\361\342\213\274\243\225\r\327qi\207\254\211\347\300?w\214Ha~\260\013\003""; }; "
1750587257713,1750587257713,734,1,3,2,TMValidation,"validation: """"\200\000\000\000&\000\000\000\002)/\352\223\370:?HT\314/\177\320^Q\214.\207\210%\003 \010ML\347\200R\304&\320_\215\226\344\334\033\354\2002\255\216\332\317\255\034\017P\027\000\000\000\000\000\000\000\000\000\000\000\000\000\000\000\000\000\000\000\000\000\000\000\000\000\000\000\000\000\000\000\000P\031-}\351f\032\255\274\334m\326c\017\014ao[\342\230\003\245\245\3341Hm\326^\017jy\335\261s!\003\343\005\311u\203\370\0338\3174\324\010\006\301\251\177\261\304eOX\262)FA-\022r\263wm\024vF0D\002 <\016\371yF\227~gT\222\007U\000\023J3\336\332\351\234\211@fh\205$\224sS\261\370\351\002 w\325p""\\364)@\223\277i\363\366\230'\232\236\340\320\207J\301\367\346\351\317\264""gw\241\237""; ","validation: """"\200\000\000\000&\000\000\000\002)/\352\223\370:?HT\314/\177\320^Q\214.\207\210%\003 \010ML\347\200R\304&\320_\215\226\344\334\033\354\2002\255\216\332\317\255\034\017P\027\000\000\000\000\000\000\000\000\000\000\000\000\000\000\000\000\000\000\000\000\000\000\000\000\000\000\000\000\000\000\000\000P\031-}\351f\032\255\274\334m\326c\017\014ao[\342\230\003\245\245\3341Hm\326^\017jy\335\261s!\003\343\005\311u\203\370\0338\3174\324\010\006\301\251\177\261\304eOX\262)FA-\022r\263wm\024vF0D\002 <\016\371yF\227~gT\222\007U\000\023J3\336\332\351\234\211@fh\205$\224sS\261\370\351\002 w\325p""\\364)@\223\277i\363\366\230'\232\236\340\320\207J\301\367\346\351\317\264""gw\241\237""; "
1750587257714,1750587257714,3501,1,3,4,TMValidation,"validation: """"\200\000\000\000&\000\000\000\002)/\352\223\370:?HT\314/\177\320^Q\214.\207\210%\003 \010ML\347\200R\304&\320_\215\226\344\334\033\354\2002\255\216\332\317\255\034\017P\027\000\000\000\000\000\000\000\000\000\000\000\000\000\000\000\000\000\000\000\000\000\000\000\000\000\000\000\000\000\000\000\000P\031-}\351f\032\255\274\334m\326c\017\014ao[\342\230\003\245\245\3341Hm\326^\017jy\335\261s!\003\343\005\311u\203\370\0338\3174\324\010\006\301\251\177\261\304eOX\262)FA-\022r\263wm\024vF0D\002 <\016\371yF\227~gT\222\007U\000\023J3\336\332\351\234\211@fh\205$\224sS\261\370\351\002 w\325p""\\364)@\223\277i\363\366\230'\232\236\340\320\207J\301\367\346\351\317\264""gw\241\237""; ","validation: """"\200\000\000\000&\000\000\000\002)/\352\223\370:?HT\314/\177\320^Q\214.\207\210%\003 \010ML\347\200R\304&\320_\215\226\344\334\033\354\2002\255\216\332\317\255\034\017P\027\000\000\000\000\000\000\000\000\000\000\000\000\000\000\000\000\000\000\000\000\000\000\000\000\000\000\000\000\000\000\000\000P\031-}\351f\032\255\274\334m\326c\017\014ao[\342\230\003\245\245\3341Hm\326^\017jy\335\261s!\003\343\005\311u\203\370\0338\3174\324\010\006\301\251\177\261\304eOX\262)FA-\022r\263wm\024vF0D\002 <\016\371yF\227~gT\222\007U\000\023J3\336\332\351\234\211@fh\205$\224sS\261\370\351\002 w\325p""\\364)@\223\277i\363\366\230'\232\236\340\320\207J\301\367\346\351\317\264""gw\241\237""; "
1750587257715,1750587257715,3767,1,3,0,TMValidation,"validation: """"\200\000\000\000&\000\000\000\002)/\352\223\370:?HT\314/\177\320^Q\214.\207\210%\003 \010ML\347\200R\304&\320_\215\226\344\334\033\354\2002\255\216\332\317\255\034\017P\027\000\000\000\000\000\000\000\000\000\000\000\000\000\000\000\000\000\000\000\000\000\000\000\000\000\000\000\000\000\000\000\000P\031-}\351f\032\255\274\334m\326c\017\014ao[\342\230\003\245\245\3341Hm\326^\017jy\335\261s!\003\343\005\311u\203\370\0338\3174\324\010\006\301\251\177\261\304eOX\262)FA-\022r\263wm\024vF0D\002 <\016\371yF\227~gT\222\007U\000\023J3\336\332\351\234\211@fh\205$\224sS\261\370\351\002 w\325p""\\364)@\223\277i\363\366\230'\232\236\340\320\207J\301\367\346\351\317\264""gw\241\237""; ","validation: """"\200\000\000\000&\000\000\000\002)/\352\223\370:?HT\314/\177\320^Q\214.\207\210%\003 \010ML\347\200R\304&\320_\215\226\344\334\033\354\2002\255\216\332\317\255\034\017P\027\000\000\000\000\000\000\000\000\000\000\000\000\000\000\000\000\000\000\000\000\000\000\000\000\000\000\000\000\000\000\000\000P\031-}\351f\032\255\274\334m\326c\017\014ao[\342\230\003\245\245\3341Hm\326^\017jy\335\261s!\003\343\005\311u\203\370\0338\3174\324\010\006\301\251\177\261\304eOX\262)FA-\022r\263wm\024vF0D\002 <\016\371yF\227~gT\222\007U\000\023J3\336\332\351\234\211@fh\205$\224sS\261\370\351\002 w\325p""\\364)@\223\277i\363\366\230'\232\236\340\320\207J\301\367\346\351\317\264""gw\241\237""; "
1750587257777,1750587257777,3501,1,3,4,TMValidation,"validation: """"\200\000\000\000&\000\000\000\002)/\352\223\370:I\203w\200\211\SGQ\214.\207\210%\003 \010ML\347\200R\304&\320_\215\226\344\334\033\354\2002\255\216\332\317\255\034\017P\027\000\000\000\000\000\000\000\000\000\000\000\000\000\000\000\000\000\000\000\000\000\000\000\000\000\000\000\000\000\000\000\000P\031-}\351f\032\255\274\334m\326c\017\014ao[\342\230\003\245\245\3341Hm\326^\017jy\335\261s!\002\347\243J\206W\025ML\260\226\0163\217\250\337\325W\253\356*O\245Z\271\234\207C\274\375`\335\311vG0E\002!\000\264\023\311o\220\223\272}\312\226A\177o\245\352\r\013\271\225\r\216\225\365\n_}\351A\363'\213\215\002 \026T\253!\035\364\200\310\333}\002\024Z \234\206\327a\361(\372P\320\202\003\302G\237\214X=V""; ","validation: """"\200\000\000\000&\000\000\000\002)/\352\223\370:I\203w\200\211\SGQ\214.\207\210%\003 \010ML\347\200R\304&\320_\215\226\344\334\033\354\2002\255\216\332\317\255\034\017P\027\000\000\000\000\000\000\000\000\000\000\000\000\000\000\000\000\000\000\000\000\000\000\000\000\000\000\000\000\000\000\000\000P\031-}\351f\032\255\274\334m\326c\017\014ao[\342\230\003\245\245\3341Hm\326^\017jy\335\261s!\002\347\243J\206W\025ML\260\226\0163\217\250\337\325W\253\356*O\245Z\271\234\207C\274\375`\335\311vG0E\002!\000\264\023\311o\220\223\272}\312\226A\177o\245\352\r\013\271\225\r\216\225\365\n_}\351A\363'\213\215\002 \026T\253!\035\364\200\310\333}\002\024Z \234\206\327a\361(\372P\320\202\003\302G\237\214X=V""; "
1750587257778,1750587257778,2573,1,3,1,TMValidation,"validation: """"\200\000\000\000&\000\000\000\002)/\352\223\370:I\203w\200\211\SGQ\214.\207\210%\003 \010ML\347\200R\304&\320_\215\226\344\334\033\354\2002\255\216\332\317\255\034\017P\027\000\000\000\000\000\000\000\000\000\000\000\000\000\000\000\000\000\000\000\000\000\000\000\000\000\000\000\000\000\000\000\000P\031-}\351f\032\255\274\334m\326c\017\014ao[\342\230\003\245\245\3341Hm\326^\017jy\335\261s!\002\347\243J\206W\025ML\260\226\0163\217\250\337\325W\253\356*O\245Z\271\234\207C\274\375`\335\311vG0E\002!\000\264\023\311o\220\223\272}\312\226A\177o\245\352\r\013\271\225\r\216\225\365\n_}\351A\363'\213\215\002 \026T\253!\035\364\200\310\333}\002\024Z \234\206\327a\361(\372P\320\202\003\302G\237\214X=V""; ","validation: """"\200\000\000\000&\000\000\000\002)/\352\223\370:I\203w\200\211\SGQ\214.\207\210%\003 \010ML\347\200R\304&\320_\215\226\344\334\033\354\2002\255\216\332\317\255\034\017P\027\000\000\000\000\000\000\000\000\000\000\000\000\000\000\000\000\000\000\000\000\000\000\000\000\000\000\000\000\000\000\000\000P\031-}\351f\032\255\274\334m\326c\017\014ao[\342\230\003\245\245\3341Hm\326^\017jy\335\261s!\002\347\243J\206W\025ML\260\226\0163\217\250\337\325W\253\356*O\245Z\271\234\207C\274\375`\335\311vG0E\002!\000\264\023\311o\220\223\272}\312\226A\177o\245\352\r\013\271\225\r\216\225\365\n_}\351A\363'\213\215\002 \026T\253!\035\364\200\310\333}\002\024Z \234\206\327a\361(\372P\320\202\003\302G\237\214X=V""; "
1750587257778,1750587257778,734,1,3,2,TMValidation,"validation: """"\200\000\000\000&\000\000\000\002)/\352\223\370:I\203w\200\211\SGQ\214.\207\210%\003 \010ML\347\200R\304&\320_\215\226\344\334\033\354\2002\255\216\332\317\255\034\017P\027\000\000\000\000\000\000\000\000\000\000\000\000\000\000\000\000\000\000\000\000\000\000\000\000\000\000\000\000\000\000\000\000P\031-}\351f\032\255\274\334m\326c\017\014ao[\342\230\003\245\245\3341Hm\326^\017jy\335\261s!\002\347\243J\206W\025ML\260\226\0163\217\250\337\325W\253\356*O\245Z\271\234\207C\274\375`\335\311vG0E\002!\000\264\023\311o\220\223\272}\312\226A\177o\245\352\r\013\271\225\r\216\225\365\n_}\351A\363'\213\215\002 \026T\253!\035\364\200\310\333}\002\024Z \234\206\327a\361(\372P\320\202\003\302G\237\214X=V""; ","validation: """"\200\000\000\000&\000\000\000\002)/\352\223\370:I\203w\200\211\SGQ\214.\207\210%\003 \010ML\347\200R\304&\320_\215\226\344\334\033\354\2002\255\216\332\317\255\034\017P\027\000\000\000\000\000\000\000\000\000\000\000\000\000\000\000\000\000\000\000\000\000\000\000\000\000\000\000\000\000\000\000\000P\031-}\351f\032\255\274\334m\326c\017\014ao[\342\230\003\245\245\3341Hm\326^\017jy\335\261s!\002\347\243J\206W\025ML\260\226\0163\217\250\337\325W\253\356*O\245Z\271\234\207C\274\375`\335\311vG0E\002!\000\264\023\311o\220\223\272}\312\226A\177o\245\352\r\013\271\225\r\216\225\365\n_}\351A\363'\213\215\002 \026T\253!\035\364\200\310\333}\002\024Z \234\206\327a\361(\372P\320\202\003\302G\237\214X=V""; "
1750587257790,1750587257790,1357,1,4,3,TMValidation,"validation: """"\200\000\000\000&\000\000\000\002)/\352\223\370:I\203w\200\211\SGQ\214.\207\210%\003 \010ML\347\200R\304&\320_\215\226\344\334\033\354\2002\255\216\332\317\255\034\017P\027\000\000\000\000\000\000\000\000\000\000\000\000\000\000\000\000\000\000\000\000\000\000\000\000\000\000\000\000\000\000\000\000P\031-}\351f\032\255\274\334m\326c\017\014ao[\342\230\003\245\245\3341Hm\326^\017jy\335\261s!\002\347\243J\206W\025ML\260\226\0163\217\250\337\325W\253\356*O\245Z\271\234\207C\274\375`\335\311vG0E\002!\000\264\023\311o\220\223\272}\312\226A\177o\245\352\r\013\271\225\r\216\225\365\n_}\351A\363'\213\215\002 \026T\253!\035\364\200\310\333}\002\024Z \234\206\327a\361(\372P\320\202\003\302G\237\214X=V""; ","validation: """"\200\000\000\000&\000\000\000\002)/\352\223\370:I\203w\200\211\SGQ\214.\207\210%\003 \010ML\347\200R\304&\320_\215\226\344\334\033\354\2002\255\216\332\317\255\034\017P\027\000\000\000\000\000\000\000\000\000\000\000\000\000\000\000\000\000\000\000\000\000\000\000\000\000\000\000\000\000\000\000\000P\031-}\351f\032\255\274\334m\326c\017\014ao[\342\230\003\245\245\3341Hm\326^\017jy\335\261s!\002\347\243J\206W\025ML\260\226\0163\217\250\337\325W\253\356*O\245Z\271\234\207C\274\375`\335\311vG0E\002!\000\264\023\311o\220\223\272}\312\226A\177o\245\352\r\013\271\225\r\216\225\365\n_}\351A\363'\213\215\002 \026T\253!\035\364\200\310\333}\002\024Z \234\206\327a\361(\372P\320\202\003\302G\237\214X=V""; "
1750587257791,1750587257791,443,1,4,2,TMValidation,"validation: """"\200\000\000\000&\000\000\000\002)/\352\223\370:I\203w\200\211\SGQ\214.\207\210%\003 \010ML\347\200R\304&\320_\215\226\344\334\033\354\2002\255\216\332\317\255\034\017P\027\000\000\000\000\000\000\000\000\000\000\000\000\000\000\000\000\000\000\000\000\000\000\000\000\000\000\000\000\000\000\000\000P\031-}\351f\032\255\274\334m\326c\017\014ao[\342\230\003\245\245\3341Hm\326^\017jy\335\261s!\002\347\243J\206W\025ML\260\226\0163\217\250\337\325W\253\356*O\245Z\271\234\207C\274\375`\335\311vG0E\002!\000\264\023\311o\220\223\272}\312\226A\177o\245\352\r\013\271\225\r\216\225\365\n_}\351A\363'\213\215\002 \026T\253!\035\364\200\310\333}\002\024Z \234\206\327a\361(\372P\320\202\003\302G\237\214X=V""; ","validation: """"\200\000\000\000&\000\000\000\002)/\352\223\370:I\203w\200\211\SGQ\214.\207\210%\003 \010ML\347\200R\304&\320_\215\226\344\334\033\354\2002\255\216\332\317\255\034\017P\027\000\000\000\000\000\000\000\000\000\000\000\000\000\000\000\000\000\000\000\000\000\000\000\000\000\000\000\000\000\000\000\000P\031-}\351f\032\255\274\334m\326c\017\014ao[\342\230\003\245\245\3341Hm\326^\017jy\335\261s!\002\347\243J\206W\025ML\260\226\0163\217\250\337\325W\253\356*O\245Z\271\234\207C\274\375`\335\311vG0E\002!\000\264\023\311o\220\223\272}\312\226A\177o\245\352\r\013\271\225\r\216\225\365\n_}\351A\363'\213\215\002 \026T\253!\035\364\200\310\333}\002\024Z \234\206\327a\361(\372P\320\202\003\302G\237\214X=V""; "
1750587257791,1750587257791,2819,1,4,1,TMValidation,"validation: """"\200\000\000\000&\000\000\000\002)/\352\223\370:I\203w\200\211\SGQ\214.\207\210%\003 \010ML\347\200R\304&\320_\215\226\344\334\033\354\2002\255\216\332\317\255\034\017P\027\000\000\000\000\000\000\000\000\000\000\000\000\000\000\000\000\000\000\000\000\000\000\000\000\000\000\000\000\000\000\000\000P\031-}\351f\032\255\274\334m\326c\017\014ao[\342\230\003\245\245\3341Hm\326^\017jy\335\261s!\002\347\243J\206W\025ML\260\226\0163\217\250\337\325W\253\356*O\245Z\271\234\207C\274\375`\335\311vG0E\002!\000\264\023\311o\220\223\272}\312\226A\177o\245\352\r\013\271\225\r\216\225\365\n_}\351A\363'\213\215\002 \026T\253!\035\364\200\310\333}\002\024Z \234\206\327a\361(\372P\320\202\003\302G\237\214X=V""; ","validation: """"\200\000\000\000&\000\000\000\002)/\352\223\370:I\203w\200\211\SGQ\214.\207\210%\003 \010ML\347\200R\304&\320_\215\226\344\334\033\354\2002\255\216\332\317\255\034\017P\027\000\000\000\000\000\000\000\000\000\000\000\000\000\000\000\000\000\000\000\000\000\000\000\000\000\000\000\000\000\000\000\000P\031-}\351f\032\255\274\334m\326c\017\014ao[\342\230\003\245\245\3341Hm\326^\017jy\335\261s!\002\347\243J\206W\025ML\260\226\0163\217\250\337\325W\253\356*O\245Z\271\234\207C\274\375`\335\311vG0E\002!\000\264\023\311o\220\223\272}\312\226A\177o\245\352\r\013\271\225\r\216\225\365\n_}\351A\363'\213\215\002 \026T\253!\035\364\200\310\333}\002\024Z \234\206\327a\361(\372P\320\202\003\302G\237\214X=V""; "
1750587258076,1750587258076,1036,1,2,4,TMValidation,"validation: """"\200\000\000\000&\000\000\000\002)/\352\223\370:?HT\314/\177\320^Q\214.\207\210%\003 \010ML\347\200R\304&\320_\215\226\344\334\033\354\2002\255\216\332\317\255\034\017P\027\000\000\000\000\000\000\000\000\000\000\000\000\000\000\000\000\000\000\000\000\000\000\000\000\000\000\000\000\000\000\000\000P\031-}\351f\032\255\274\334m\326c\017\014ao[\342\230\003\245\245\3341Hm\326^\017jy\335\261s!\003\343\005\311u\203\370\0338\3174\324\010\006\301\251\177\261\304eOX\262)FA-\022r\263wm\024vF0D\002 <\016\371yF\227~gT\222\007U\000\023J3\336\332\351\234\211@fh\205$\224sS\261\370\351\002 w\325p""\\364)@\223\277i\363\366\230'\232\236\340\320\207J\301\367\346\351\317\264""gw\241\237""; ","validation: """"\200\000\000\000&\000\000\000\002)/\352\223\370:?HT\314/\177\320^Q\214.\207\210%\003 \010ML\347\200R\304&\320_\215\226\344\334\033\354\2002\255\216\332\317\255\034\017P\027\000\000\000\000\000\000\000\000\000\000\000\000\000\000\000\000\000\000\000\000\000\000\000\000\000\000\000\000\000\000\000\000P\031-}\351f\032\255\274\334m\326c\017\014ao[\342\230\003\245\245\3341Hm\326^\017jy\335\261s!\003\343\005\311u\203\370\0338\3174\324\010\006\301\251\177\261\304eOX\262)FA-\022r\263wm\024vF0D\002 <\016\371yF\227~gT\222\007U\000\023J3\336\332\351\234\211@fh\205$\224sS\261\370\351\002 w\325p""\\364)@\223\277i\363\366\230'\232\236\340\320\207J\301\367\346\351\317\264""gw\241\237""; "
1750587258077,1750587258077,3989,1,2,3,TMValidation,"validation: """"\200\000\000\000&\000\000\000\002)/\352\223\370:?HT\314/\177\320^Q\214.\207\210%\003 \010ML\347\200R\304&\320_\215\226\344\334\033\354\2002\255\216\332\317\255\034\017P\027\000\000\000\000\000\000\000\000\000\000\000\000\000\000\000\000\000\000\000\000\000\000\000\000\000\000\000\000\000\000\000\000P\031-}\351f\032\255\274\334m\326c\017\014ao[\342\230\003\245\245\3341Hm\326^\017jy\335\261s!\003\343\005\311u\203\370\0338\3174\324\010\006\301\251\177\261\304eOX\262)FA-\022r\263wm\024vF0D\002 <\016\371yF\227~gT\222\007U\000\023J3\336\332\351\234\211@fh\205$\224sS\261\370\351\002 w\325p""\\364)@\223\277i\363\366\230'\232\236\340\320\207J\301\367\346\351\317\264""gw\241\237""; ","validation: """"\200\000\000\000&\000\000\000\002)/\352\223\370:?HT\314/\177\320^Q\214.\207\210%\003 \010ML\347\200R\304&\320_\215\226\344\334\033\354\2002\255\216\332\317\255\034\017P\027\000\000\000\000\000\000\000\000\000\000\000\000\000\000\000\000\000\000\000\000\000\000\000\000\000\000\000\000\000\000\000\000P\031-}\351f\032\255\274\334m\326c\017\014ao[\342\230\003\245\245\3341Hm\326^\017jy\335\261s!\003\343\005\311u\203\370\0338\3174\324\010\006\301\251\177\261\304eOX\262)FA-\022r\263wm\024vF0D\002 <\016\371yF\227~gT\222\007U\000\023J3\336\332\351\234\211@fh\205$\224sS\261\370\351\002 w\325p""\\364)@\223\277i\363\366\230'\232\236\340\320\207J\301\367\346\351\317\264""gw\241\237""; "
1750587258077,1750587258077,3488,1,2,0,TMValidation,"validation: """"\200\000\000\000&\000\000\000\002)/\352\223\370:?HT\314/\177\320^Q\214.\207\210%\003 \010ML\347\200R\304&\320_\215\226\344\334\033\354\2002\255\216\332\317\255\034\017P\027\000\000\000\000\000\000\000\000\000\000\000\000\000\000\000\000\000\000\000\000\000\000\000\000\000\000\000\000\000\000\000\000P\031-}\351f\032\255\274\334m\326c\017\014ao[\342\230\003\245\245\3341Hm\326^\017jy\335\261s!\003\343\005\311u\203\370\0338\3174\324\010\006\301\251\177\261\304eOX\262)FA-\022r\263wm\024vF0D\002 <\016\371yF\227~gT\222\007U\000\023J3\336\332\351\234\211@fh\205$\224sS\261\370\351\002 w\325p""\\364)@\223\277i\363\366\230'\232\236\340\320\207J\301\367\346\351\317\264""gw\241\237""; ","validation: """"\200\000\000\000&\000\000\000\002)/\352\223\370:?HT\314/\177\320^Q\214.\207\210%\003 \010ML\347\200R\304&\320_\215\226\344\334\033\354\2002\255\216\332\317\255\034\017P\027\000\000\000\000\000\000\000\000\000\000\000\000\000\000\000\000\000\000\000\000\000\000\000\000\000\000\000\000\000\000\000\000P\031-}\351f\032\255\274\334m\326c\017\014ao[\342\230\003\245\245\3341Hm\326^\017jy\335\261s!\003\343\005\311u\203\370\0338\3174\324\010\006\301\251\177\261\304eOX\262)FA-\022r\263wm\024vF0D\002 <\016\371yF\227~gT\222\007U\000\023J3\336\332\351\234\211@fh\205$\224sS\261\370\351\002 w\325p""\\364)@\223\277i\363\366\230'\232\236\340\320\207J\301\367\346\351\317\264""gw\241\237""; "
1750587258106,1750587258107,2573,1,3,1,TMValidation,"validation: """"\200\000\000\000&\000\000\000\002)/\352\223\370:v|\203\267)\257\206\032Q\214.\207\210%\003 \010ML\347\200R\304&\320_\215\226\344\334\033\354\2002\255\216\332\317\255\034\017P\027\000\000\000\000\000\000\000\000\000\000\000\000\000\000\000\000\000\000\000\000\000\000\000\000\000\000\000\000\000\000\000\000P\031-}\351f\032\255\274\334m\326c\017\014ao[\342\230\003\245\245\3341Hm\326^\017jy\335\261s!\003.\200\224\215?)t\306\315\242\313\251\255\302\204=\232.\271%}\013\024s\024\002@\216l""\241FvG0E\002!\000\335\2369\214\375F\230ti6\257\356\323PD3\242%v\275\222k\353\304\242#\317\326\364\334M\345\002 }\2254\324\301yM%\210\300i\261\376\273\363\320\264\353\306\024\253\332Z\260\312R\336_\027%Q\177""; ","validation: """"\200\000\000\000&\000\000\000\002)/\352\223\370:v|\203\267)\257\206\032Q\214.\207\210%\003 \010ML\347\200R\304&\320_\215\226\344\334\033\354\2002\255\216\332\317\255\034\017P\027\000\000\000\000\000\000\000\000\000\000\000\000\000\000\000\000\000\000\000\000\000\000\000\000\000\000\000\000\000\000\000\000P\031-}\351f\032\255\274\334m\326c\017\014ao[\342\230\003\245\245\3341Hm\326^\017jy\335\261s!\003.\200\224\215?)t\306\315\242\313\251\255\302\204=\232.\271%}\013\024s\024\002@\216l""\241FvG0E\002!\000\335\2369\214\375F\230ti6\257\356\323PD3\242%v\275\222k\353\304\242#\317\326\364\334M\345\002 }\2254\324\301yM%\210\300i\261\376\273\363\320\264\353\306\024\253\332Z\260\312R\336_\027%Q\177""; "
1750587258107,1750587258107,734,1,3,2,TMValidation,"validation: """"\200\000\000\000&\000\000\000\002)/\352\223\370:v|\203\267)\257\206\032Q\214.\207\210%\003 \010ML\347\200R\304&\320_\215\226\344\334\033\354\2002\255\216\332\317\255\034\017P\027\000\000\000\000\000\000\000\000\000\000\000\000\000\000\000\000\000\000\000\000\000\000\000\000\000\000\000\000\000\000\000\000P\031-}\351f\032\255\274\334m\326c\017\014ao[\342\230\003\245\245\3341Hm\326^\017jy\335\261s!\003.\200\224\215?)t\306\315\242\313\251\255\302\204=\232.\271%}\013\024s\024\002@\216l""\241FvG0E\002!\000\335\2369\214\375F\230ti6\257\356\323PD3\242%v\275\222k\353\304\242#\317\326\364\334M\345\002 }\2254\324\301yM%\210\300i\261\376\273\363\320\264\353\306\024\253\332Z\260\312R\336_\027%Q\177""; ","validation: """"\200\000\000\000&\000\000\000\002)/\352\223\370:v|\203\267)\257\206\032Q\214.\207\210%\003 \010ML\347\200R\304&\320_\215\226\344\334\033\354\2002\255\216\332\317\255\034\017P\027\000\000\000\000\000\000\000\000\000\000\000\000\000\000\000\000\000\000\000\000\000\000\000\000\000\000\000\000\000\000\000\000P\031-}\351f\032\255\274\334m\326c\017\014ao[\342\230\003\245\245\3341Hm\326^\017jy\335\261s!\003.\200\224\215?)t\306\315\242\313\251\255\302\204=\232.\271%}\013\024s\024\002@\216l""\241FvG0E\002!\000\335\2369\214\375F\230ti6\257\356\323PD3\242%v\275\222k\353\304\242#\317\326\364\334M\345\002 }\2254\324\301yM%\210\300i\261\376\273\363\320\264\353\306\024\253\332Z\260\312R\336_\027%Q\177""; "
1750587258107,1750587258107,3767,1,3,0,TMValidation,"validation: """"\200\000\000\000&\000\000\000\002)/\352\223\370:v|\203\267)\257\206\032Q\214.\207\210%\003 \010ML\347\200R\304&\320_\215\226\344\334\033\354\2002\255\216\332\317\255\034\017P\027\000\000\000\000\000\000\000\000\000\000\000\000\000\000\000\000\000\000\000\000\000\000\000\000\000\000\000\000\000\000\000\000P\031-}\351f\032\255\274\334m\326c\017\014ao[\342\230\003\245\245\3341Hm\326^\017jy\335\261s!\003.\200\224\215?)t\306\315\242\313\251\255\302\204=\232.\271%}\013\024s\024\002@\216l""\241FvG0E\002!\000\335\2369\214\375F\230ti6\257\356\323PD3\242%v\275\222k\353\304\242#\317\326\364\334M\345\002 }\2254\324\301yM%\210\300i\261\376\273\363\320\264\353\306\024\253\332Z\260\312R\336_\027%Q\177""; ","validation: """"\200\000\000\000&\000\000\000\002)/\352\223\370:v|\203\267)\257\206\032Q\214.\207\210%\003 \010ML\347\200R\304&\320_\215\226\344\334\033\354\2002\255\216\332\317\255\034\017P\027\000\000\000\000\000\000\000\000\000\000\000\000\000\000\000\000\000\000\000\000\000\000\000\000\000\000\000\000\000\000\000\000P\031-}\351f\032\255\274\334m\326c\017\014ao[\342\230\003\245\245\3341Hm\326^\017jy\335\261s!\003.\200\224\215?)t\306\315\242\313\251\255\302\204=\232.\271%}\013\024s\024\002@\216l""\241FvG0E\002!\000\335\2369\214\375F\230ti6\257\356\323PD3\242%v\275\222k\353\304\242#\317\326\364\334M\345\002 }\2254\324\301yM%\210\300i\261\376\273\363\320\264\353\306\024\253\332Z\260\312R\336_\027%Q\177""; "
1750587258236,1750587258236,3989,1,2,3,TMValidation,"validation: """"\200\000\000\000&\000\000\000\002)/\352\223\370:I\203w\200\211\SGQ\214.\207\210%\003 \010ML\347\200R\304&\320_\215\226\344\334\033\354\2002\255\216\332\317\255\034\017P\027\000\000\000\000\000\000\000\000\000\000\000\000\000\000\000\000\000\000\000\000\000\000\000\000\000\000\000\000\000\000\000\000P\031-}\351f\032\255\274\334m\326c\017\014ao[\342\230\003\245\245\3341Hm\326^\017jy\335\261s!\002\347\243J\206W\025ML\260\226\0163\217\250\337\325W\253\356*O\245Z\271\234\207C\274\375`\335\311vG0E\002!\000\264\023\311o\220\223\272}\312\226A\177o\245\352\r\013\271\225\r\216\225\365\n_}\351A\363'\213\215\002 \026T\253!\035\364\200\310\333}\002\024Z \234\206\327a\361(\372P\320\202\003\302G\237\214X=V""; ","validation: """"\200\000\000\000&\000\000\000\002)/\352\223\370:I\203w\200\211\SGQ\214.\207\210%\003 \010ML\347\200R\304&\320_\215\226\344\334\033\354\2002\255\216\332\317\255\034\017P\027\000\000\000\000\000\000\000\000\000\000\000\000\000\000\000\000\000\000\000\000\000\000\000\000\000\000\000\000\000\000\000\000P\031-}\351f\032\255\274\334m\326c\017\014ao[\342\230\003\245\245\3341Hm\326^\017jy\335\261s!\002\347\243J\206W\025ML\260\226\0163\217\250\337\325W\253\356*O\245Z\271\234\207C\274\375`\335\311vG0E\002!\000\264\023\311o\220\223\272}\312\226A\177o\245\352\r\013\271\225\r\216\225\365\n_}\351A\363'\213\215\002 \026T\253!\035\364\200\310\333}\002\024Z \234\206\327a\361(\372P\320\202\003\302G\237\214X=V""; "
1750587258237,1750587258237,3488,1,2,0,TMValidation,"validation: """"\200\000\000\000&\000\000\000\002)/\352\223\370:I\203w\200\211\SGQ\214.\207\210%\003 \010ML\347\200R\304&\320_\215\226\344\334\033\354\2002\255\216\332\317\255\034\017P\027\000\000\000\000\000\000\000\000\000\000\000\000\000\000\000\000\000\000\000\000\000\000\000\000\000\000\000\000\000\000\000\000P\031-}\351f\032\255\274\334m\326c\017\014ao[\342\230\003\245\245\3341Hm\326^\017jy\335\261s!\002\347\243J\206W\025ML\260\226\0163\217\250\337\325W\253\356*O\245Z\271\234\207C\274\375`\335\311vG0E\002!\000\264\023\311o\220\223\272}\312\226A\177o\245\352\r\013\271\225\r\216\225\365\n_}\351A\363'\213\215\002 \026T\253!\035\364\200\310\333}\002\024Z \234\206\327a\361(\372P\320\202\003\302G\237\214X=V""; ","validation: """"\200\000\000\000&\000\000\000\002)/\352\223\370:I\203w\200\211\SGQ\214.\207\210%\003 \010ML\347\200R\304&\320_\215\226\344\334\033\354\2002\255\216\332\317\255\034\017P\027\000\000\000\000\000\000\000\000\000\000\000\000\000\000\000\000\000\000\000\000\000\000\000\000\000\000\000\000\000\000\000\000P\031-}\351f\032\255\274\334m\326c\017\014ao[\342\230\003\245\245\3341Hm\326^\017jy\335\261s!\002\347\243J\206W\025ML\260\226\0163\217\250\337\325W\253\356*O\245Z\271\234\207C\274\375`\335\311vG0E\002!\000\264\023\311o\220\223\272}\312\226A\177o\245\352\r\013\271\225\r\216\225\365\n_}\351A\363'\213\215\002 \026T\253!\035\364\200\310\333}\002\024Z \234\206\327a\361(\372P\320\202\003\302G\237\214X=V""; "
1750587258237,1750587258238,1094,1,2,1,TMValidation,"validation: """"\200\000\000\000&\000\000\000\002)/\352\223\370:I\203w\200\211\SGQ\214.\207\210%\003 \010ML\347\200R\304&\320_\215\226\344\334\033\354\2002\255\216\332\317\255\034\017P\027\000\000\000\000\000\000\000\000\000\000\000\000\000\000\000\000\000\000\000\000\000\000\000\000\000\000\000\000\000\000\000\000P\031-}\351f\032\255\274\334m\326c\017\014ao[\342\230\003\245\245\3341Hm\326^\017jy\335\261s!\002\347\243J\206W\025ML\260\226\0163\217\250\337\325W\253\356*O\245Z\271\234\207C\274\375`\335\311vG0E\002!\000\264\023\311o\220\223\272}\312\226A\177o\245\352\r\013\271\225\r\216\225\365\n_}\351A\363'\213\215\002 \026T\253!\035\364\200\310\333}\002\024Z \234\206\327a\361(\372P\320\202\003\302G\237\214X=V""; ","validation: """"\200\000\000\000&\000\000\000\002)/\352\223\370:I\203w\200\211\SGQ\214.\207\210%\003 \010ML\347\200R\304&\320_\215\226\344\334\033\354\2002\255\216\332\317\255\034\017P\027\000\000\000\000\000\000\000\000\000\000\000\000\000\000\000\000\000\000\000\000\000\000\000\000\000\000\000\000\000\000\000\000P\031-}\351f\032\255\274\334m\326c\017\014ao[\342\230\003\245\245\3341Hm\326^\017jy\335\261s!\002\347\243J\206W\025ML\260\226\0163\217\250\337\325W\253\356*O\245Z\271\234\207C\274\375`\335\311vG0E\002!\000\264\023\311o\220\223\272}\312\226A\177o\245\352\r\013\271\225\r\216\225\365\n_}\351A\363'\213\215\002 \026T\253!\035\364\200\310\333}\002\024Z \234\206\327a\361(\372P\320\202\003\302G\237\214X=V""; "
1750587258288,1750587258289,1289,1,1,3,TMValidation,"validation: """"\200\000\000\000&\000\000\000\002)/\352\223\370:v|\203\267)\257\206\032Q\214.\207\210%\003 \010ML\347\200R\304&\320_\215\226\344\334\033\354\2002\255\216\332\317\255\034\017P\027\000\000\000\000\000\000\000\000\000\000\000\000\000\000\000\000\000\000\000\000\000\000\000\000\000\000\000\000\000\000\000\000P\031-}\351f\032\255\274\334m\326c\017\014ao[\342\230\003\245\245\3341Hm\326^\017jy\335\261s!\003.\200\224\215?)t\306\315\242\313\251\255\302\204=\232.\271%}\013\024s\024\002@\216l""\241FvG0E\002!\000\335\2369\214\375F\230ti6\257\356\323PD3\242%v\275\222k\353\304\242#\317\326\364\334M\345\002 }\2254\324\301yM%\210\300i\261\376\273\363\320\264\353\306\024\253\332Z\260\312R\336_\027%Q\177""; ","validation: """"\200\000\000\000&\000\000\000\002)/\352\223\370:v|\203\267)\257\206\032Q\214.\207\210%\003 \010ML\347\200R\304&\320_\215\226\344\334\033\354\2002\255\216\332\317\255\034\017P\027\000\000\000\000\000\000\000\000\000\000\000\000\000\000\000\000\000\000\000\000\000\000\000\000\000\000\000\000\000\000\000\000P\031-}\351f\032\255\274\334m\326c\017\014ao[\342\230\003\245\245\3341Hm\326^\017jy\335\261s!\003.\200\224\215?)t\306\315\242\313\251\255\302\204=\232.\271%}\013\024s\024\002@\216l""\241FvG0E\002!\000\335\2369\214\375F\230ti6\257\356\323PD3\242%v\275\222k\353\304\242#\317\326\364\334M\345\002 }\2254\324\301yM%\210\300i\261\376\273\363\320\264\353\306\024\253\332Z\260\312R\336_\027%Q\177""; "
1750587258289,1750587258289,1939,1,1,4,TMValidation,"validation: """"\200\000\000\000&\000\000\000\002)/\352\223\370:v|\203\267)\257\206\032Q\214.\207\210%\003 \010ML\347\200R\304&\320_\215\226\344\334\033\354\2002\255\216\332\317\255\034\017P\027\000\000\000\000\000\000\000\000\000\000\000\000\000\000\000\000\000\000\000\000\000\000\000\000\000\000\000\000\000\000\000\000P\031-}\351f\032\255\274\334m\326c\017\014ao[\342\230\003\245\245\3341Hm\326^\017jy\335\261s!\003.\200\224\215?)t\306\315\242\313\251\255\302\204=\232.\271%}\013\024s\024\002@\216l""\241FvG0E\002!\000\335\2369\214\375F\230ti6\257\356\323PD3\242%v\275\222k\353\304\242#\317\326\364\334M\345\002 }\2254\324\301yM%\210\300i\261\376\273\363\320\264\353\306\024\253\332Z\260\312R\336_\027%Q\177""; ","validation: """"\200\000\000\000&\000\000\000\002)/\352\223\370:v|\203\267)\257\206\032Q\214.\207\210%\003 \010ML\347\200R\304&\320_\215\226\344\334\033\354\2002\255\216\332\317\255\034\017P\027\000\000\000\000\000\000\000\000\000\000\000\000\000\000\000\000\000\000\000\000\000\000\000\000\000\000\000\000\000\000\000\000P\031-}\351f\032\255\274\334m\326c\017\014ao[\342\230\003\245\245\3341Hm\326^\017jy\335\261s!\003.\200\224\215?)t\306\315\242\313\251\255\302\204=\232.\271%}\013\024s\024\002@\216l""\241FvG0E\002!\000\335\2369\214\375F\230ti6\257\356\323PD3\242%v\275\222k\353\304\242#\317\326\364\334M\345\002 }\2254\324\301yM%\210\300i\261\376\273\363\320\264\353\306\024\253\332Z\260\312R\336_\027%Q\177""; "
1750587258289,1750587258290,3090,1,1,0,TMValidation,"validation: """"\200\000\000\000&\000\000\000\002)/\352\223\370:v|\203\267)\257\206\032Q\214.\207\210%\003 \010ML\347\200R\304&\320_\215\226\344\334\033\354\2002\255\216\332\317\255\034\017P\027\000\000\000\000\000\000\000\000\000\000\000\000\000\000\000\000\000\000\000\000\000\000\000\000\000\000\000\000\000\000\000\000P\031-}\351f\032\255\274\334m\326c\017\014ao[\342\230\003\245\245\3341Hm\326^\017jy\335\261s!\003.\200\224\215?)t\306\315\242\313\251\255\302\204=\232.\271%}\013\024s\024\002@\216l""\241FvG0E\002!\000\335\2369\214\375F\230ti6\257\356\323PD3\242%v\275\222k\353\304\242#\317\326\364\334M\345\002 }\2254\324\301yM%\210\300i\261\376\273\363\320\264\353\306\024\253\332Z\260\312R\336_\027%Q\177""; ","validation: """"\200\000\000\000&\000\000\000\002)/\352\223\370:v|\203\267)\257\206\032Q\214.\207\210%\003 \010ML\347\200R\304&\320_\215\226\344\334\033\354\2002\255\216\332\317\255\034\017P\027\000\000\000\000\000\000\000\000\000\000\000\000\000\000\000\000\000\000\000\000\000\000\000\000\000\000\000\000\000\000\000\000P\031-}\351f\032\255\274\334m\326c\017\014ao[\342\230\003\245\245\3341Hm\326^\017jy\335\261s!\003.\200\224\215?)t\306\315\242\313\251\255\302\204=\232.\271%}\013\024s\024\002@\216l""\241FvG0E\002!\000\335\2369\214\375F\230ti6\257\356\323PD3\242%v\275\222k\353\304\242#\317\326\364\334M\345\002 }\2254\324\301yM%\210\300i\261\376\273\363\320\264\353\306\024\253\332Z\260\312R\336_\027%Q\177""; "
1750587258311,1750587258311,1357,1,4,3,TMValidation,"validation: """"\200\000\000\000&\000\000\000\002)/\352\223\371:Q\231\304\227'3\313\030Q\214.\207\210%\003 \010ML\347\200R\304&\320_\215\226\344\334\033\354\2002\255\216\332\317\255\034\017P\027\000\000\000\000\000\000\000\000\000\000\000\000\000\000\000\000\000\000\000\000\000\000\000\000\000\000\000\000\000\000\000\000P\031-}\351f\032\255\274\334m\326c\017\014ao[\342\230\003\245\245\3341Hm\326^\017jy\335\261s!\003ql\302)\235\321\t\213\224\356\374%%\311\327\037\374\304\t\335\2359\344\233\035]\347<u\236\364\222vF0D\002 $\373r\177{\020\247v\322\251*g\222\211I{\222\030\254\216'\000L)M\204\341Vb 2Y\002 {\276\367\373\014\037\237\332\266\324\2206\332\311S\300nHY+\345\306\027\370\246\255\326-\270o\215\301""; ","validation: """"\200\000\000\000&\000\000\000\002)/\352\223\371:Q\231\304\227'3\313\030Q\214.\207\210%\003 \010ML\347\200R\304&\320_\215\226\344\334\033\354\2002\255\216\332\317\255\034\017P\027\000\000\000\000\000\000\000\000\000\000\000\000\000\000\000\000\000\000\000\000\000\000\000\000\000\000\000\000\000\000\000\000P\031-}\351f\032\255\274\334m\326c\017\014ao[\342\230\003\245\245\3341Hm\326^\017jy\335\261s!\003ql\302)\235\321\t\213\224\356\374%%\311\327\037\374\304\t\335\2359\344\233\035]\347<u\236\364\222vF0D\002 $\373r\177{\020\247v\322\251*g\222\211I{\222\030\254\216'\000L)M\204\341Vb 2Y\002 {\276\367\373\014\037\237\332\266\324\2206\332\311S\300nHY+\345\306\027\370\246\255\326-\270o\215\301""; "
1750587258311,1750587258312,3559,1,4,0,TMValidation,"validation: """"\200\000\000\000&\000\000\000\002)/\352\223\371:Q\231\304\227'3\313\030Q\214.\207\210%\003 \010ML\347\200R\304&\320_\215\226\344\334\033\354\2002\255\216\332\317\255\034\017P\027\000\000\000\000\000\000\000\000\000\000\000\000\000\000\000\000\000\000\000\000\000\000\000\000\000\000\000\000\000\000\000\000P\031-}\351f\032\255\274\334m\326c\017\014ao[\342\230\003\245\245\3341Hm\326^\017jy\335\261s!\003ql\302)\235\321\t\213\224\356\374%%\311\327\037\374\304\t\335\2359\344\233\035]\347<u\236\364\222vF0D\002 $\373r\177{\020\247v\322\251*g\222\211I{\222\030\254\216'\000L)M\204\341Vb 2Y\002 {\276\367\373\014\037\237\332\266\324\2206\332\311S\300nHY+\345\306\027\370\246\255\326-\270o\215\301""; ","validation: """"\200\000\000\000&\000\000\000\002)/\352\223\371:Q\231\304\227'3\313\030Q\214.\207\210%\003 \010ML\347\200R\304&\320_\215\226\344\334\033\354\2002\255\216\332\317\255\034\017P\027\000\000\000\000\000\000\000\000\000\000\000\000\000\000\000\000\000\000\000\000\000\000\000\000\000\000\000\000\000\000\000\000P\031-}\351f\032\255\274\334m\326c\017\014ao[\342\230\003\245\245\3341Hm\326^\017jy\335\261s!\003ql\302)\235\321\t\213\224\356\374%%\311\327\037\374\304\t\335\2359\344\233\035]\347<u\236\364\222vF0D\002 $\373r\177{\020\247v\322\251*g\222\211I{\222\030\254\216'\000L)M\204\341Vb 2Y\002 {\276\367\373\014\037\237\332\266\324\2206\332\311S\300nHY+\345\306\027\370\246\255\326-\270o\215\301""; "
1750587258312,1750587258312,2819,1,4,1,TMValidation,"validation: """"\200\000\000\000&\000\000\000\002)/\352\223\371:Q\231\304\227'3\313\030Q\214.\207\210%\003 \010ML\347\200R\304&\320_\215\226\344\334\033\354\2002\255\216\332\317\255\034\017P\027\000\000\000\000\000\000\000\000\000\000\000\000\000\000\000\000\000\000\000\000\000\000\000\000\000\000\000\000\000\000\000\000P\031-}\351f\032\255\274\334m\326c\017\014ao[\342\230\003\245\245\3341Hm\326^\017jy\335\261s!\003ql\302)\235\321\t\213\224\356\374%%\311\327\037\374\304\t\335\2359\344\233\035]\347<u\236\364\222vF0D\002 $\373r\177{\020\247v\322\251*g\222\211I{\222\030\254\216'\000L)M\204\341Vb 2Y\002 {\276\367\373\014\037\237\332\266\324\2206\332\311S\300nHY+\345\306\027\370\246\255\326-\270o\215\301""; ","validation: """"\200\000\000\000&\000\000\000\002)/\352\223\371:Q\231\304\227'3\313\030Q\214.\207\210%\003 \010ML\347\200R\304&\320_\215\226\344\334\033\354\2002\255\216\332\317\255\034\017P\027\000\000\000\000\000\000\000\000\000\000\000\000\000\000\000\000\000\000\000\000\000\000\000\000\000\000\000\000\000\000\000\000P\031-}\351f\032\255\274\334m\326c\017\014ao[\342\230\003\245\245\3341Hm\326^\017jy\335\261s!\003ql\302)\235\321\t\213\224\356\374%%\311\327\037\374\304\t\335\2359\344\233\035]\347<u\236\364\222vF0D\002 $\373r\177{\020\247v\322\251*g\222\211I{\222\030\254\216'\000L)M\204\341Vb 2Y\002 {\276\367\373\014\037\237\332\266\324\2206\332\311S\300nHY+\345\306\027\370\246\255\326-\270o\215\301""; "
1750587258362,1750587258362,1357,1,4,3,TMValidation,"validation: """"\200\000\000\000&\000\000\000\002)/\352\223\370:?HT\314/\177\320^Q\214.\207\210%\003 \010ML\347\200R\304&\320_\215\226\344\334\033\354\2002\255\216\332\317\255\034\017P\027\000\000\000\000\000\000\000\000\000\000\000\000\000\000\000\000\000\000\000\000\000\000\000\000\000\000\000\000\000\000\000\000P\031-}\351f\032\255\274\334m\326c\017\014ao[\342\230\003\245\245\3341Hm\326^\017jy\335\261s!\003\343\005\311u\203\370\0338\3174\324\010\006\301\251\177\261\304eOX\262)FA-\022r\263wm\024vF0D\002 <\016\371yF\227~gT\222\007U\000\023J3\336\332\351\234\211@fh\205$\224sS\261\370\351\002 w\325p""\\364)@\223\277i\363\366\230'\232\236\340\320\207J\301\367\346\351\317\264""gw\241\237""; ","validation: """"\200\000\000\000&\000\000\000\002)/\352\223\370:?HT\314/\177\320^Q\214.\207\210%\003 \010ML\347\200R\304&\320_\215\226\344\334\033\354\2002\255\216\332\317\255\034\017P\027\000\000\000\000\000\000\000\000\000\000\000\000\000\000\000\000\000\000\000\000\000\000\000\000\000\000\000\000\000\000\000\000P\031-}\351f\032\255\274\334m\326c\017\014ao[\342\230\003\245\245\3341Hm\326^\017jy\335\261s!\003\343\005\311u\203\370\0338\3174\324\010\006\301\251\177\261\304eOX\262)FA-\022r\263wm\024vF0D\002 <\016\371yF\227~gT\222\007U\000\023J3\336\332\351\234\211@fh\205$\224sS\261\370\351\002 w\325p""\\364)@\223\277i\363\366\230'\232\236\340\320\207J\301\367\346\351\317\264""gw\241\237""; "
1750587258363,1750587258363,3559,1,4,0,TMValidation,"validation: """"\200\000\000\000&\000\000\000\002)/\352\223\370:?HT\314/\177\320^Q\214.\207\210%\003 \010ML\347\200R\304&\320_\215\226\344\334\033\354\2002\255\216\332\317\255\034\017P\027\000\000\000\000\000\000\000\000\000\000\000\000\000\000\000\000\000\000\000\000\000\000\000\000\000\000\000\000\000\000\000\000P\031-}\351f\032\255\274\334m\326c\017\014ao[\342\230\003\245\245\3341Hm\326^\017jy\335\261s!\003\343\005\311u\203\370\0338\3174\324\010\006\301\251\177\261\304eOX\262)FA-\022r\263wm\024vF0D\002 <\016\371yF\227~gT\222\007U\000\023J3\336\332\351\234\211@fh\205$\224sS\261\370\351\002 w\325p""\\364)@\223\277i\363\366\230'\232\236\340\320\207J\301\367\346\351\317\264""gw\241\237""; ","validation: """"\200\000\000\000&\000\000\000\002)/\352\223\370:?HT\314/\177\320^Q\214.\207\210%\003 \010ML\347\200R\304&\320_\215\226\344\334\033\354\2002\255\216\332\317\255\034\017P\027\000\000\000\000\000\000\000\000\000\000\000\000\000\000\000\000\000\000\000\000\000\000\000\000\000\000\000\000\000\000\000\000P\031-}\351f\032\255\274\334m\326c\017\014ao[\342\230\003\245\245\3341Hm\326^\017jy\335\261s!\003\343\005\311u\203\370\0338\3174\324\010\006\301\251\177\261\304eOX\262)FA-\022r\263wm\024vF0D\002 <\016\371yF\227~gT\222\007U\000\023J3\336\332\351\234\211@fh\205$\224sS\261\370\351\002 w\325p""\\364)@\223\277i\363\366\230'\232\236\340\320\207J\301\367\346\351\317\264""gw\241\237""; "
1750587258363,1750587258364,443,1,4,2,TMValidation,"validation: """"\200\000\000\000&\000\000\000\002)/\352\223\370:?HT\314/\177\320^Q\214.\207\210%\003 \010ML\347\200R\304&\320_\215\226\344\334\033\354\2002\255\216\332\317\255\034\017P\027\000\000\000\000\000\000\000\000\000\000\000\000\000\000\000\000\000\000\000\000\000\000\000\000\000\000\000\000\000\000\000\000P\031-}\351f\032\255\274\334m\326c\017\014ao[\342\230\003\245\245\3341Hm\326^\017jy\335\261s!\003\343\005\311u\203\370\0338\3174\324\010\006\301\251\177\261\304eOX\262)FA-\022r\263wm\024vF0D\002 <\016\371yF\227~gT\222\007U\000\023J3\336\332\351\234\211@fh\205$\224sS\261\370\351\002 w\325p""\\364)@\223\277i\363\366\230'\232\236\340\320\207J\301\367\346\351\317\264""gw\241\237""; ","validation: """"\200\000\000\000&\000\000\000\002)/\352\223\370:?HT\314/\177\320^Q\214.\207\210%\003 \010ML\347\200R\304&\320_\215\226\344\334\033\354\2002\255\216\332\317\255\034\017P\027\000\000\000\000\000\000\000\000\000\000\000\000\000\000\000\000\000\000\000\000\000\000\000\000\000\000\000\000\000\000\000\000P\031-}\351f\032\255\274\334m\326c\017\014ao[\342\230\003\245\245\3341Hm\326^\017jy\335\261s!\003\343\005\311u\203\370\0338\3174\324\010\006\301\251\177\261\304eOX\262)FA-\022r\263wm\024vF0D\002 <\016\371yF\227~gT\222\007U\000\023J3\336\332\351\234\211@fh\205$\224sS\261\370\351\002 w\325p""\\364)@\223\277i\363\366\230'\232\236\340\320\207J\301\367\346\351\317\264""gw\241\237""; "
1750587258368,1750587258368,3090,1,1,0,TMValidation,"validation: """"\200\000\000\000&\000\000\000\002)/\352\223\371:Q\231\304\227'3\313\030Q\214.\207\210%\003 \010ML\347\200R\304&\320_\215\226\344\334\033\354\2002\255\216\332\317\255\034\017P\027\000\000\000\000\000\000\000\000\000\000\000\000\000\000\000\000\000\000\000\000\000\000\000\000\000\000\000\000\000\000\000\000P\031-}\351f\032\255\274\334m\326c\017\014ao[\342\230\003\245\245\3341Hm\326^\017jy\335\261s!\003ql\302)\235\321\t\213\224\356\374%%\311\327\037\374\304\t\335\2359\344\233\035]\347<u\236\364\222vF0D\002 $\373r\177{\020\247v\322\251*g\222\211I{\222\030\254\216'\000L)M\204\341Vb 2Y\002 {\276\367\373\014\037\237\332\266\324\2206\332\311S\300nHY+\345\306\027\370\246\255\326-\270o\215\301""; ","validation: """"\200\000\000\000&\000\000\000\002)/\352\223\371:Q\231\304\227'3\313\030Q\214.\207\210%\003 \010ML\347\200R\304&\320_\215\226\344\334\033\354\2002\255\216\332\317\255\034\017P\027\000\000\000\000\000\000\000\000\000\000\000\000\000\000\000\000\000\000\000\000\000\000\000\000\000\000\000\000\000\000\000\000P\031-}\351f\032\255\274\334m\326c\017\014ao[\342\230\003\245\245\3341Hm\326^\017jy\335\261s!\003ql\302)\235\321\t\213\224\356\374%%\311\327\037\374\304\t\335\2359\344\233\035]\347<u\236\364\222vF0D\002 $\373r\177{\020\247v\322\251*g\222\211I{\222\030\254\216'\000L)M\204\341Vb 2Y\002 {\276\367\373\014\037\237\332\266\324\2206\332\311S\300nHY+\345\306\027\370\246\255\326-\270o\215\301""; "
1750587258369,1750587258369,1289,1,1,3,TMValidation,"validation: """"\200\000\000\000&\000\000\000\002)/\352\223\371:Q\231\304\227'3\313\030Q\214.\207\210%\003 \010ML\347\200R\304&\320_\215\226\344\334\033\354\2002\255\216\332\317\255\034\017P\027\000\000\000\000\000\000\000\000\000\000\000\000\000\000\000\000\000\000\000\000\000\000\000\000\000\000\000\000\000\000\000\000P\031-}\351f\032\255\274\334m\326c\017\014ao[\342\230\003\245\245\3341Hm\326^\017jy\335\261s!\003ql\302)\235\321\t\213\224\356\374%%\311\327\037\374\304\t\335\2359\344\233\035]\347<u\236\364\222vF0D\002 $\373r\177{\020\247v\322\251*g\222\211I{\222\030\254\216'\000L)M\204\341Vb 2Y\002 {\276\367\373\014\037\237\332\266\324\2206\332\311S\300nHY+\345\306\027\370\246\255\326-\270o\215\301""; ","validation: """"\200\000\000\000&\000\000\000\002)/\352\223\371:Q\231\304\227'3\313\030Q\214.\207\210%\003 \010ML\347\200R\304&\320_\215\226\344\334\033\354\2002\255\216\332\317\255\034\017P\027\000\000\000\000\000\000\000\000\000\000\000\000\000\000\000\000\000\000\000\000\000\000\000\000\000\000\000\000\000\000\000\000P\031-}\351f\032\255\274\334m\326c\017\014ao[\342\230\003\245\245\3341Hm\326^\017jy\335\261s!\003ql\302)\235\321\t\213\224\356\374%%\311\327\037\374\304\t\335\2359\344\233\035]\347<u\236\364\222vF0D\002 $\373r\177{\020\247v\322\251*g\222\211I{\222\030\254\216'\000L)M\204\341Vb 2Y\002 {\276\367\373\014\037\237\332\266\324\2206\332\311S\300nHY+\345\306\027\370\246\255\326-\270o\215\301""; "
1750587258368,1750587258368,1939,1,1,4,TMValidation,"validation: """"\200\000\000\000&\000\000\000\002)/\352\223\371:Q\231\304\227'3\313\030Q\214.\207\210%\003 \010ML\347\200R\304&\320_\215\226\344\334\033\354\2002\255\216\332\317\255\034\017P\027\000\000\000\000\000\000\000\000\000\000\000\000\000\000\000\000\000\000\000\000\000\000\000\000\000\000\000\000\000\000\000\000P\031-}\351f\032\255\274\334m\326c\017\014ao[\342\230\003\245\245\3341Hm\326^\017jy\335\261s!\003ql\302)\235\321\t\213\224\356\374%%\311\327\037\374\304\t\335\2359\344\233\035]\347<u\236\364\222vF0D\002 $\373r\177{\020\247v\322\251*g\222\211I{\222\030\254\216'\000L)M\204\341Vb 2Y\002 {\276\367\373\014\037\237\332\266\324\2206\332\311S\300nHY+\345\306\027\370\246\255\326-\270o\215\301""; ","validation: """"\200\000\000\000&\000\000\000\002)/\352\223\371:Q\231\304\227'3\313\030Q\214.\207\210%\003 \010ML\347\200R\304&\320_\215\226\344\334\033\354\2002\255\216\332\317\255\034\017P\027\000\000\000\000\000\000\000\000\000\000\000\000\000\000\000\000\000\000\000\000\000\000\000\000\000\000\000\000\000\000\000\000P\031-}\351f\032\255\274\334m\326c\017\014ao[\342\230\003\245\245\3341Hm\326^\017jy\335\261s!\003ql\302)\235\321\t\213\224\356\374%%\311\327\037\374\304\t\335\2359\344\233\035]\347<u\236\364\222vF0D\002 $\373r\177{\020\247v\322\251*g\222\211I{\222\030\254\216'\000L)M\204\341Vb 2Y\002 {\276\367\373\014\037\237\332\266\324\2206\332\311S\300nHY+\345\306\027\370\246\255\326-\270o\215\301""; "
1750587258637,1750587258637,1357,1,4,3,TMValidation,"validation: """"\200\000\000\000&\000\000\000\002)/\352\223\370:\211l\014`\252m\212dQ\214.\207\210%\003 \010ML\347\200R\304&\320_\215\226\344\334\033\354\2002\255\216\332\317\255\034\017P\027\000\000\000\000\000\000\000\000\000\000\000\000\000\000\000\000\000\000\000\000\000\000\000\000\000\000\000\000\000\000\000\000P\031-}\351f\032\255\274\334m\326c\017\014ao[\342\230\003\245\245\3341Hm\326^\017jy\335\261s!\003\325Q\255\224\274R@\312\253\262\347\352\034\346\347\242\215,\312\376=\277\353{\350\225\301\305`^, vG0E\002!\000\205'<\0028\310\365\276\2756\317\271\231\223\002\344&\340oZ\021\264+\275@g\374\177\367F\336\217\002 |{\354\030\244\270S\240\306Am\200<\036\373\374\324\374\362\347\257:\312\343\003\203\253\002\031\3270R""; ","validation: """"\200\000\000\000&\000\000\000\002)/\352\223\370:\211l\014`\252m\212dQ\214.\207\210%\003 \010ML\347\200R\304&\320_\215\226\344\334\033\354\2002\255\216\332\317\255\034\017P\027\000\000\000\000\000\000\000\000\000\000\000\000\000\000\000\000\000\000\000\000\000\000\000\000\000\000\000\000\000\000\000\000P\031-}\351f\032\255\274\334m\326c\017\014ao[\342\230\003\245\245\3341Hm\326^\017jy\335\261s!\003\325Q\255\224\274R@\312\253\262\347\352\034\346\347\242\215,\312\376=\277\353{\350\225\301\305`^, vG0E\002!\000\205'<\0028\310\365\276\2756\317\271\231\223\002\344&\340oZ\021\264+\275@g\374\177\367F\336\217\002 |{\354\030\244\270S\240\306Am\200<\036\373\374\324\374\362\347\257:\312\343\003\203\253\002\031\3270R""; "
1750587258637,1750587258637,3559,1,4,0,TMValidation,"validation: """"\200\000\000\000&\000\000\000\002)/\352\223\370:\211l\014`\252m\212dQ\214.\207\210%\003 \010ML\347\200R\304&\320_\215\226\344\334\033\354\2002\255\216\332\317\255\034\017P\027\000\000\000\000\000\000\000\000\000\000\000\000\000\000\000\000\000\000\000\000\000\000\000\000\000\000\000\000\000\000\000\000P\031-}\351f\032\255\274\334m\326c\017\014ao[\342\230\003\245\245\3341Hm\326^\017jy\335\261s!\003\325Q\255\224\274R@\312\253\262\347\352\034\346\347\242\215,\312\376=\277\353{\350\225\301\305`^, vG0E\002!\000\205'<\0028\310\365\276\2756\317\271\231\223\002\344&\340oZ\021\264+\275@g\374\177\367F\336\217\002 |{\354\030\244\270S\240\306Am\200<\036\373\374\324\374\362\347\257:\312\343\003\203\253\002\031\3270R""; ","validation: """"\200\000\000\000&\000\000\000\002)/\352\223\370:\211l\014`\252m\212dQ\214.\207\210%\003 \010ML\347\200R\304&\320_\215\226\344\334\033\354\2002\255\216\332\317\255\034\017P\027\000\000\000\000\000\000\000\000\000\000\000\000\000\000\000\000\000\000\000\000\000\000\000\000\000\000\000\000\000\000\000\000P\031-}\351f\032\255\274\334m\326c\017\014ao[\342\230\003\245\245\3341Hm\326^\017jy\335\261s!\003\325Q\255\224\274R@\312\253\262\347\352\034\346\347\242\215,\312\376=\277\353{\350\225\301\305`^, vG0E\002!\000\205'<\0028\310\365\276\2756\317\271\231\223\002\344&\340oZ\021\264+\275@g\374\177\367F\336\217\002 |{\354\030\244\270S\240\306Am\200<\036\373\374\324\374\362\347\257:\312\343\003\203\253\002\031\3270R""; "
1750587258637,1750587258638,2819,1,4,1,TMValidation,"validation: """"\200\000\000\000&\000\000\000\002)/\352\223\370:\211l\014`\252m\212dQ\214.\207\210%\003 \010ML\347\200R\304&\320_\215\226\344\334\033\354\2002\255\216\332\317\255\034\017P\027\000\000\000\000\000\000\000\000\000\000\000\000\000\000\000\000\000\000\000\000\000\000\000\000\000\000\000\000\000\000\000\000P\031-}\351f\032\255\274\334m\326c\017\014ao[\342\230\003\245\245\3341Hm\326^\017jy\335\261s!\003\325Q\255\224\274R@\312\253\262\347\352\034\346\347\242\215,\312\376=\277\353{\350\225\301\305`^, vG0E\002!\000\205'<\0028\310\365\276\2756\317\271\231\223\002\344&\340oZ\021\264+\275@g\374\177\367F\336\217\002 |{\354\030\244\270S\240\306Am\200<\036\373\374\324\374\362\347\257:\312\343\003\203\253\002\031\3270R""; ","validation: """"\200\000\000\000&\000\000\000\002)/\352\223\370:\211l\014`\252m\212dQ\214.\207\210%\003 \010ML\347\200R\304&\320_\215\226\344\334\033\354\2002\255\216\332\317\255\034\017P\027\000\000\000\000\000\000\000\000\000\000\000\000\000\000\000\000\000\000\000\000\000\000\000\000\000\000\000\000\000\000\000\000P\031-}\351f\032\255\274\334m\326c\017\014ao[\342\230\003\245\245\3341Hm\326^\017jy\335\261s!\003\325Q\255\224\274R@\312\253\262\347\352\034\346\347\242\215,\312\376=\277\353{\350\225\301\305`^, vG0E\002!\000\205'<\0028\310\365\276\2756\317\271\231\223\002\344&\340oZ\021\264+\275@g\374\177\367F\336\217\002 |{\354\030\244\270S\240\306Am\200<\036\373\374\324\374\362\347\257:\312\343\003\203\253\002\031\3270R""; "
1750587258695,1750587258695,1289,1,1,3,TMValidation,"validation: """"\200\000\000\000&\000\000\000\002)/\352\223\370:\211l\014`\252m\212dQ\214.\207\210%\003 \010ML\347\200R\304&\320_\215\226\344\334\033\354\2002\255\216\332\317\255\034\017P\027\000\000\000\000\000\000\000\000\000\000\000\000\000\000\000\000\000\000\000\000\000\000\000\000\000\000\000\000\000\000\000\000P\031-}\351f\032\255\274\334m\326c\017\014ao[\342\230\003\245\245\3341Hm\326^\017jy\335\261s!\003\325Q\255\224\274R@\312\253\262\347\352\034\346\347\242\215,\312\376=\277\353{\350\225\301\305`^, vG0E\002!\000\205'<\0028\310\365\276\2756\317\271\231\223\002\344&\340oZ\021\264+\275@g\374\177\367F\336\217\002 |{\354\030\244\270S\240\306Am\200<\036\373\374\324\374\362\347\257:\312\343\003\203\253\002\031\3270R""; ","validation: """"\200\000\000\000&\000\000\000\002)/\352\223\370:\211l\014`\252m\212dQ\214.\207\210%\003 \010ML\347\200R\304&\320_\215\226\344\334\033\354\2002\255\216\332\317\255\034\017P\027\000\000\000\000\000\000\000\000\000\000\000\000\000\000\000\000\000\000\000\000\000\000\000\000\000\000\000\000\000\000\000\000P\031-}\351f\032\255\274\334m\326c\017\014ao[\342\230\003\245\245\3341Hm\326^\017jy\335\261s!\003\325Q\255\224\274R@\312\253\262\347\352\034\346\347\242\215,\312\376=\277\353{\350\225\301\305`^, vG0E\002!\000\205'<\0028\310\365\276\2756\317\271\231\223\002\344&\340oZ\021\264+\275@g\374\177\367F\336\217\002 |{\354\030\244\270S\240\306Am\200<\036\373\374\324\374\362\347\257:\312\343\003\203\253\002\031\3270R""; "
1750587258696,1750587258696,3090,1,1,0,TMValidation,"validation: """"\200\000\000\000&\000\000\000\002)/\352\223\370:\211l\014`\252m\212dQ\214.\207\210%\003 \010ML\347\200R\304&\320_\215\226\344\334\033\354\2002\255\216\332\317\255\034\017P\027\000\000\000\000\000\000\000\000\000\000\000\000\000\000\000\000\000\000\000\000\000\000\000\000\000\000\000\000\000\000\000\000P\031-}\351f\032\255\274\334m\326c\017\014ao[\342\230\003\245\245\3341Hm\326^\017jy\335\261s!\003\325Q\255\224\274R@\312\253\262\347\352\034\346\347\242\215,\312\376=\277\353{\350\225\301\305`^, vG0E\002!\000\205'<\0028\310\365\276\2756\317\271\231\223\002\344&\340oZ\021\264+\275@g\374\177\367F\336\217\002 |{\354\030\244\270S\240\306Am\200<\036\373\374\324\374\362\347\257:\312\343\003\203\253\002\031\3270R""; ","validation: """"\200\000\000\000&\000\000\000\002)/\352\223\370:\211l\014`\252m\212dQ\214.\207\210%\003 \010ML\347\200R\304&\320_\215\226\344\334\033\354\2002\255\216\332\317\255\034\017P\027\000\000\000\000\000\000\000\000\000\000\000\000\000\000\000\000\000\000\000\000\000\000\000\000\000\000\000\000\000\000\000\000P\031-}\351f\032\255\274\334m\326c\017\014ao[\342\230\003\245\245\3341Hm\326^\017jy\335\261s!\003\325Q\255\224\274R@\312\253\262\347\352\034\346\347\242\215,\312\376=\277\353{\350\225\301\305`^, vG0E\002!\000\205'<\0028\310\365\276\2756\317\271\231\223\002\344&\340oZ\021\264+\275@g\374\177\367F\336\217\002 |{\354\030\244\270S\240\306Am\200<\036\373\374\324\374\362\347\257:\312\343\003\203\253\002\031\3270R""; "
1750587258696,1750587258696,1939,1,1,4,TMValidation,"validation: """"\200\000\000\000&\000\000\000\002)/\352\223\370:\211l\014`\252m\212dQ\214.\207\210%\003 \010ML\347\200R\304&\320_\215\226\344\334\033\354\2002\255\216\332\317\255\034\017P\027\000\000\000\000\000\000\000\000\000\000\000\000\000\000\000\000\000\000\000\000\000\000\000\000\000\000\000\000\000\000\000\000P\031-}\351f\032\255\274\334m\326c\017\014ao[\342\230\003\245\245\3341Hm\326^\017jy\335\261s!\003\325Q\255\224\274R@\312\253\262\347\352\034\346\347\242\215,\312\376=\277\353{\350\225\301\305`^, vG0E\002!\000\205'<\0028\310\365\276\2756\317\271\231\223\002\344&\340oZ\021\264+\275@g\374\177\367F\336\217\002 |{\354\030\244\270S\240\306Am\200<\036\373\374\324\374\362\347\257:\312\343\003\203\253\002\031\3270R""; ","validation: """"\200\000\000\000&\000\000\000\002)/\352\223\370:\211l\014`\252m\212dQ\214.\207\210%\003 \010ML\347\200R\304&\320_\215\226\344\334\033\354\2002\255\216\332\317\255\034\017P\027\000\000\000\000\000\000\000\000\000\000\000\000\000\000\000\000\000\000\000\000\000\000\000\000\000\000\000\000\000\000\000\000P\031-}\351f\032\255\274\334m\326c\017\014ao[\342\230\003\245\245\3341Hm\326^\017jy\335\261s!\003\325Q\255\224\274R@\312\253\262\347\352\034\346\347\242\215,\312\376=\277\353{\350\225\301\305`^, vG0E\002!\000\205'<\0028\310\365\276\2756\317\271\231\223\002\344&\340oZ\021\264+\275@g\374\177\367F\336\217\002 |{\354\030\244\270S\240\306Am\200<\036\373\374\324\374\362\347\257:\312\343\003\203\253\002\031\3270R""; "
1750587258777,1750587258777,1753,1,0,2,TMLedgerData,"ledgerHash: ""\214.\207\210%\003 \010ML\347\200R\304&\320_\215\226\344\334\033\354\2002\255\216\332\317\255\034\017""; ledgerSeq: 2; type: liBASE; nodes {;   nodedata: ""\000\000\000\002\001cEx]\212\000\000-}\351f\032\255\274\334m\326c\017\014ao[\342\230\003\245\245\3341Hm\326^\017jy\335\261\000\000\000\000\000\000\000\000\000\000\000\000\000\000\000\000\000\000\000\000\000\000\000\000\000\000\000\000\000\000\000\000{e\2655L\2440\340\020\277~\333\017WF\230\334\351\277\266\267\357{\321\317\275\374\330\255\231Z\226(\366\274\006/\352\223\350\n\000""; }; nodes {;   nodedata: ""\303\016\021\310<Z\337\266>\225@&n\022\246\274\353\220\345b3\035\313\350L\354\254\002\005\305\035\017\002E\344\037@\210\363\010\336T\226\247'\204_{\261\370""1\235\2445\343\033Y!\212\201\341\272\225'\007>L\014O\253g\352\035\214I\361\342\213\274\243\225\r\327qi\207\254\211\347\300?w\214Ha~\260\013\003""; }; ","ledgerHash: ""\214.\207\210%\003 \010ML\347\200R\304&\320_\215\226\344\334\033\354\2002\255\216\332\317\255\034\017""; ledgerSeq: 2; type: liBASE; nodes {;   nodedata: ""\000\000\000\002\001cEx]\212\000\000-}\351f\032\255\274\334m\326c\017\014ao[\342\230\003\245\245\3341Hm\326^\017jy\335\261\000\000\000\000\000\000\000\000\000\000\000\000\000\000\000\000\000\000\000\000\000\000\000\000\000\000\000\000\000\000\000\000{e\2655L\2440\340\020\277~\333\017WF\230\334\351\277\266\267\357{\321\317\275\374\330\255\231Z\226(\366\274\006/\352\223\350\n\000""; }; nodes {;   nodedata: ""\303\016\021\310<Z\337\266>\225@&n\022\246\274\353\220\345b3\035\313\350L\354\254\002\005\305\035\017\002E\344\037@\210\363\010\336T\226\247'\204_{\261\370""1\235\2445\343\033Y!\212\201\341\272\225'\007>L\014O\253g\352\035\214I\361\342\213\274\243\225\r\327qi\207\254\211\347\300?w\214Ha~\260\013\003""; }; "
1750587258777,1750587258778,1753,1,0,2,TMLedgerData,"ledgerHash: ""\214.\207\210%\003 \010ML\347\200R\304&\320_\215\226\344\334\033\354\2002\255\216\332\317\255\034\017""; ledgerSeq: 2; type: liBASE; nodes {;   nodedata: ""\000\000\000\002\001cEx]\212\000\000-}\351f\032\255\274\334m\326c\017\014ao[\342\230\003\245\245\3341Hm\326^\017jy\335\261\000\000\000\000\000\000\000\000\000\000\000\000\000\000\000\000\000\000\000\000\000\000\000\000\000\000\000\000\000\000\000\000{e\2655L\2440\340\020\277~\333\017WF\230\334\351\277\266\267\357{\321\317\275\374\330\255\231Z\226(\366\274\006/\352\223\350\n\000""; }; nodes {;   nodedata: ""\303\016\021\310<Z\337\266>\225@&n\022\246\274\353\220\345b3\035\313\350L\354\254\002\005\305\035\017\002E\344\037@\210\363\010\336T\226\247'\204_{\261\370""1\235\2445\343\033Y!\212\201\341\272\225'\007>L\014O\253g\352\035\214I\361\342\213\274\243\225\r\327qi\207\254\211\347\300?w\214Ha~\260\013\003""; }; ","ledgerHash: ""\214.\207\210%\003 \010ML\347\200R\304&\320_\215\226\344\334\033\354\2002\255\216\332\317\255\034\017""; ledgerSeq: 2; type: liBASE; nodes {;   nodedata: ""\000\000\000\002\001cEx]\212\000\000-}\351f\032\255\274\334m\326c\017\014ao[\342\230\003\245\245\3341Hm\326^\017jy\335\261\000\000\000\000\000\000\000\000\000\000\000\000\000\000\000\000\000\000\000\000\000\000\000\000\000\000\000\000\000\000\000\000{e\2655L\2440\340\020\277~\333\017WF\230\334\351\277\266\267\357{\321\317\275\374\330\255\231Z\226(\366\274\006/\352\223\350\n\000""; }; nodes {;   nodedata: ""\303\016\021\310<Z\337\266>\225@&n\022\246\274\353\220\345b3\035\313\350L\354\254\002\005\305\035\017\002E\344\037@\210\363\010\336T\226\247'\204_{\261\370""1\235\2445\343\033Y!\212\201\341\272\225'\007>L\014O\253g\352\035\214I\361\342\213\274\243\225\r\327qi\207\254\211\347\300?w\214Ha~\260\013\003""; }; "
1750587259333,1750587259334,1289,1,1,3,TMValidation,"validation: """"\200\000\000\000&\000\000\000\002)/\352\223\370:I\203w\200\211\SGQ\214.\207\210%\003 \010ML\347\200R\304&\320_\215\226\344\334\033\354\2002\255\216\332\317\255\034\017P\027\000\000\000\000\000\000\000\000\000\000\000\000\000\000\000\000\000\000\000\000\000\000\000\000\000\000\000\000\000\000\000\000P\031-}\351f\032\255\274\334m\326c\017\014ao[\342\230\003\245\245\3341Hm\326^\017jy\335\261s!\002\347\243J\206W\025ML\260\226\0163\217\250\337\325W\253\356*O\245Z\271\234\207C\274\375`\335\311vG0E\002!\000\264\023\311o\220\223\272}\312\226A\177o\245\352\r\013\271\225\r\216\225\365\n_}\351A\363'\213\215\002 \026T\253!\035\364\200\310\333}\002\024Z \234\206\327a\361(\372P\320\202\003\302G\237\214X=V""; ","validation: """"\200\000\000\000&\000\000\000\002)/\352\223\370:I\203w\200\211\SGQ\214.\207\210%\003 \010ML\347\200R\304&\320_\215\226\344\334\033\354\2002\255\216\332\317\255\034\017P\027\000\000\000\000\000\000\000\000\000\000\000\000\000\000\000\000\000\000\000\000\000\000\000\000\000\000\000\000\000\000\000\000P\031-}\351f\032\255\274\334m\326c\017\014ao[\342\230\003\245\245\3341Hm\326^\017jy\335\261s!\002\347\243J\206W\025ML\260\226\0163\217\250\337\325W\253\356*O\245Z\271\234\207C\274\375`\335\311vG0E\002!\000\264\023\311o\220\223\272}\312\226A\177o\245\352\r\013\271\225\r\216\225\365\n_}\351A\363'\213\215\002 \026T\253!\035\364\200\310\333}\002\024Z \234\206\327a\361(\372P\320\202\003\302G\237\214X=V""; "
1750587259334,1750587259334,1939,1,1,4,TMValidation,"validation: """"\200\000\000\000&\000\000\000\002)/\352\223\370:I\203w\200\211\SGQ\214.\207\210%\003 \010ML\347\200R\304&\320_\215\226\344\334\033\354\2002\255\216\332\317\255\034\017P\027\000\000\000\000\000\000\000\000\000\000\000\000\000\000\000\000\000\000\000\000\000\000\000\000\000\000\000\000\000\000\000\000P\031-}\351f\032\255\274\334m\326c\017\014ao[\342\230\003\245\245\3341Hm\326^\017jy\335\261s!\002\347\243J\206W\025ML\260\226\0163\217\250\337\325W\253\356*O\245Z\271\234\207C\274\375`\335\311vG0E\002!\000\264\023\311o\220\223\272}\312\226A\177o\245\352\r\013\271\225\r\216\225\365\n_}\351A\363'\213\215\002 \026T\253!\035\364\200\310\333}\002\024Z \234\206\327a\361(\372P\320\202\003\302G\237\214X=V""; ","validation: """"\200\000\000\000&\000\000\000\002)/\352\223\370:I\203w\200\211\SGQ\214.\207\210%\003 \010ML\347\200R\304&\320_\215\226\344\334\033\354\2002\255\216\332\317\255\034\017P\027\000\000\000\000\000\000\000\000\000\000\000\000\000\000\000\000\000\000\000\000\000\000\000\000\000\000\000\000\000\000\000\000P\031-}\351f\032\255\274\334m\326c\017\014ao[\342\230\003\245\245\3341Hm\326^\017jy\335\261s!\002\347\243J\206W\025ML\260\226\0163\217\250\337\325W\253\356*O\245Z\271\234\207C\274\375`\335\311vG0E\002!\000\264\023\311o\220\223\272}\312\226A\177o\245\352\r\013\271\225\r\216\225\365\n_}\351A\363'\213\215\002 \026T\253!\035\364\200\310\333}\002\024Z \234\206\327a\361(\372P\320\202\003\302G\237\214X=V""; "
1750587259335,1750587259335,3090,1,1,0,TMValidation,"validation: """"\200\000\000\000&\000\000\000\002)/\352\223\370:I\203w\200\211\SGQ\214.\207\210%\003 \010ML\347\200R\304&\320_\215\226\344\334\033\354\2002\255\216\332\317\255\034\017P\027\000\000\000\000\000\000\000\000\000\000\000\000\000\000\000\000\000\000\000\000\000\000\000\000\000\000\000\000\000\000\000\000P\031-}\351f\032\255\274\334m\326c\017\014ao[\342\230\003\245\245\3341Hm\326^\017jy\335\261s!\002\347\243J\206W\025ML\260\226\0163\217\250\337\325W\253\356*O\245Z\271\234\207C\274\375`\335\311vG0E\002!\000\264\023\311o\220\223\272}\312\226A\177o\245\352\r\013\271\225\r\216\225\365\n_}\351A\363'\213\215\002 \026T\253!\035\364\200\310\333}\002\024Z \234\206\327a\361(\372P\320\202\003\302G\237\214X=V""; ","validation: """"\200\000\000\000&\000\000\000\002)/\352\223\370:I\203w\200\211\SGQ\214.\207\210%\003 \010ML\347\200R\304&\320_\215\226\344\334\033\354\2002\255\216\332\317\255\034\017P\027\000\000\000\000\000\000\000\000\000\000\000\000\000\000\000\000\000\000\000\000\000\000\000\000\000\000\000\000\000\000\000\000P\031-}\351f\032\255\274\334m\326c\017\014ao[\342\230\003\245\245\3341Hm\326^\017jy\335\261s!\002\347\243J\206W\025ML\260\226\0163\217\250\337\325W\253\356*O\245Z\271\234\207C\274\375`\335\311vG0E\002!\000\264\023\311o\220\223\272}\312\226A\177o\245\352\r\013\271\225\r\216\225\365\n_}\351A\363'\213\215\002 \026T\253!\035\364\200\310\333}\002\024Z \234\206\327a\361(\372P\320\202\003\302G\237\214X=V""; "
1750587259515,1750587259515,779,1,0,3,TMValidation,"validation: """"\200\000\000\000&\000\000\000\002)/\352\223\370:?HT\314/\177\320^Q\214.\207\210%\003 \010ML\347\200R\304&\320_\215\226\344\334\033\354\2002\255\216\332\317\255\034\017P\027\000\000\000\000\000\000\000\000\000\000\000\000\000\000\000\000\000\000\000\000\000\000\000\000\000\000\000\000\000\000\000\000P\031-}\351f\032\255\274\334m\326c\017\014ao[\342\230\003\245\245\3341Hm\326^\017jy\335\261s!\003\343\005\311u\203\370\0338\3174\324\010\006\301\251\177\261\304eOX\262)FA-\022r\263wm\024vF0D\002 <\016\371yF\227~gT\222\007U\000\023J3\336\332\351\234\211@fh\205$\224sS\261\370\351\002 w\325p""\\364)@\223\277i\363\366\230'\232\236\340\320\207J\301\367\346\351\317\264""gw\241\237""; ","validation: """"\200\000\000\000&\000\000\000\002)/\352\223\370:?HT\314/\177\320^Q\214.\207\210%\003 \010ML\347\200R\304&\320_\215\226\344\334\033\354\2002\255\216\332\317\255\034\017P\027\000\000\000\000\000\000\000\000\000\000\000\000\000\000\000\000\000\000\000\000\000\000\000\000\000\000\000\000\000\000\000\000P\031-}\351f\032\255\274\334m\326c\017\014ao[\342\230\003\245\245\3341Hm\326^\017jy\335\261s!\003\343\005\311u\203\370\0338\3174\324\010\006\301\251\177\261\304eOX\262)FA-\022r\263wm\024vF0D\002 <\016\371yF\227~gT\222\007U\000\023J3\336\332\351\234\211@fh\205$\224sS\261\370\351\002 w\325p""\\364)@\223\277i\363\366\230'\232\236\340\320\207J\301\367\346\351\317\264""gw\241\237""; "
1750587259515,1750587259516,792,1,0,4,TMValidation,"validation: """"\200\000\000\000&\000\000\000\002)/\352\223\370:?HT\314/\177\320^Q\214.\207\210%\003 \010ML\347\200R\304&\320_\215\226\344\334\033\354\2002\255\216\332\317\255\034\017P\027\000\000\000\000\000\000\000\000\000\000\000\000\000\000\000\000\000\000\000\000\000\000\000\000\000\000\000\000\000\000\000\000P\031-}\351f\032\255\274\334m\326c\017\014ao[\342\230\003\245\245\3341Hm\326^\017jy\335\261s!\003\343\005\311u\203\370\0338\3174\324\010\006\301\251\177\261\304eOX\262)FA-\022r\263wm\024vF0D\002 <\016\371yF\227~gT\222\007U\000\023J3\336\332\351\234\211@fh\205$\224sS\261\370\351\002 w\325p""\\364)@\223\277i\363\366\230'\232\236\340\320\207J\301\367\346\351\317\264""gw\241\237""; ","validation: """"\200\000\000\000&\000\000\000\002)/\352\223\370:?HT\314/\177\320^Q\214.\207\210%\003 \010ML\347\200R\304&\320_\215\226\344\334\033\354\2002\255\216\332\317\255\034\017P\027\000\000\000\000\000\000\000\000\000\000\000\000\000\000\000\000\000\000\000\000\000\000\000\000\000\000\000\000\000\000\000\000P\031-}\351f\032\255\274\334m\326c\017\014ao[\342\230\003\245\245\3341Hm\326^\017jy\335\261s!\003\343\005\311u\203\370\0338\3174\324\010\006\301\251\177\261\304eOX\262)FA-\022r\263wm\024vF0D\002 <\016\371yF\227~gT\222\007U\000\023J3\336\332\351\234\211@fh\205$\224sS\261\370\351\002 w\325p""\\364)@\223\277i\363\366\230'\232\236\340\320\207J\301\367\346\351\317\264""gw\241\237""; "
1750587259516,1750587259516,3563,1,0,2,TMValidation,"validation: """"\200\000\000\000&\000\000\000\002)/\352\223\370:?HT\314/\177\320^Q\214.\207\210%\003 \010ML\347\200R\304&\320_\215\226\344\334\033\354\2002\255\216\332\317\255\034\017P\027\000\000\000\000\000\000\000\000\000\000\000\000\000\000\000\000\000\000\000\000\000\000\000\000\000\000\000\000\000\000\000\000P\031-}\351f\032\255\274\334m\326c\017\014ao[\342\230\003\245\245\3341Hm\326^\017jy\335\261s!\003\343\005\311u\203\370\0338\3174\324\010\006\301\251\177\261\304eOX\262)FA-\022r\263wm\024vF0D\002 <\016\371yF\227~gT\222\007U\000\023J3\336\332\351\234\211@fh\205$\224sS\261\370\351\002 w\325p""\\364)@\223\277i\363\366\230'\232\236\340\320\207J\301\367\346\351\317\264""gw\241\237""; ","validation: """"\200\000\000\000&\000\000\000\002)/\352\223\370:?HT\314/\177\320^Q\214.\207\210%\003 \010ML\347\200R\304&\320_\215\226\344\334\033\354\2002\255\216\332\317\255\034\017P\027\000\000\000\000\000\000\000\000\000\000\000\000\000\000\000\000\000\000\000\000\000\000\000\000\000\000\000\000\000\000\000\000P\031-}\351f\032\255\274\334m\326c\017\014ao[\342\230\003\245\245\3341Hm\326^\017jy\335\261s!\003\343\005\311u\203\370\0338\3174\324\010\006\301\251\177\261\304eOX\262)FA-\022r\263wm\024vF0D\002 <\016\371yF\227~gT\222\007U\000\023J3\336\332\351\234\211@fh\205$\224sS\261\370\351\002 w\325p""\\364)@\223\277i\363\366\230'\232\236\340\320\207J\301\367\346\351\317\264""gw\241\237""; "
1750587259660,1750587259660,3501,1,3,4,TMValidation,"validation: """"\200\000\000\000&\000\000\000\002)/\352\223\371:Q\231\304\227'3\313\030Q\214.\207\210%\003 \010ML\347\200R\304&\320_\215\226\344\334\033\354\2002\255\216\332\317\255\034\017P\027\000\000\000\000\000\000\000\000\000\000\000\000\000\000\000\000\000\000\000\000\000\000\000\000\000\000\000\000\000\000\000\000P\031-}\351f\032\255\274\334m\326c\017\014ao[\342\230\003\245\245\3341Hm\326^\017jy\335\261s!\003ql\302)\235\321\t\213\224\356\374%%\311\327\037\374\304\t\335\2359\344\233\035]\347<u\236\364\222vF0D\002 $\373r\177{\020\247v\322\251*g\222\211I{\222\030\254\216'\000L)M\204\341Vb 2Y\002 {\276\367\373\014\037\237\332\266\324\2206\332\311S\300nHY+\345\306\027\370\246\255\326-\270o\215\301""; ","validation: """"\200\000\000\000&\000\000\000\002)/\352\223\371:Q\231\304\227'3\313\030Q\214.\207\210%\003 \010ML\347\200R\304&\320_\215\226\344\334\033\354\2002\255\216\332\317\255\034\017P\027\000\000\000\000\000\000\000\000\000\000\000\000\000\000\000\000\000\000\000\000\000\000\000\000\000\000\000\000\000\000\000\000P\031-}\351f\032\255\274\334m\326c\017\014ao[\342\230\003\245\245\3341Hm\326^\017jy\335\261s!\003ql\302)\235\321\t\213\224\356\374%%\311\327\037\374\304\t\335\2359\344\233\035]\347<u\236\364\222vF0D\002 $\373r\177{\020\247v\322\251*g\222\211I{\222\030\254\216'\000L)M\204\341Vb 2Y\002 {\276\367\373\014\037\237\332\266\324\2206\332\311S\300nHY+\345\306\027\370\246\255\326-\270o\215\301""; "
1750587259660,1750587259660,3767,1,3,0,TMValidation,"validation: """"\200\000\000\000&\000\000\000\002)/\352\223\371:Q\231\304\227'3\313\030Q\214.\207\210%\003 \010ML\347\200R\304&\320_\215\226\344\334\033\354\2002\255\216\332\317\255\034\017P\027\000\000\000\000\000\000\000\000\000\000\000\000\000\000\000\000\000\000\000\000\000\000\000\000\000\000\000\000\000\000\000\000P\031-}\351f\032\255\274\334m\326c\017\014ao[\342\230\003\245\245\3341Hm\326^\017jy\335\261s!\003ql\302)\235\321\t\213\224\356\374%%\311\327\037\374\304\t\335\2359\344\233\035]\347<u\236\364\222vF0D\002 $\373r\177{\020\247v\322\251*g\222\211I{\222\030\254\216'\000L)M\204\341Vb 2Y\002 {\276\367\373\014\037\237\332\266\324\2206\332\311S\300nHY+\345\306\027\370\246\255\326-\270o\215\301""; ","validation: """"\200\000\000\000&\000\000\000\002)/\352\223\371:Q\231\304\227'3\313\030Q\214.\207\210%\003 \010ML\347\200R\304&\320_\215\226\344\334\033\354\2002\255\216\332\317\255\034\017P\027\000\000\000\000\000\000\000\000\000\000\000\000\000\000\000\000\000\000\000\000\000\000\000\000\000\000\000\000\000\000\000\000P\031-}\351f\032\255\274\334m\326c\017\014ao[\342\230\003\245\245\3341Hm\326^\017jy\335\261s!\003ql\302)\235\321\t\213\224\356\374%%\311\327\037\374\304\t\335\2359\344\233\035]\347<u\236\364\222vF0D\002 $\373r\177{\020\247v\322\251*g\222\211I{\222\030\254\216'\000L)M\204\341Vb 2Y\002 {\276\367\373\014\037\237\332\266\324\2206\332\311S\300nHY+\345\306\027\370\246\255\326-\270o\215\301""; "
1750587259661,1750587259661,734,1,3,2,TMValidation,"validation: """"\200\000\000\000&\000\000\000\002)/\352\223\371:Q\231\304\227'3\313\030Q\214.\207\210%\003 \010ML\347\200R\304&\320_\215\226\344\334\033\354\2002\255\216\332\317\255\034\017P\027\000\000\000\000\000\000\000\000\000\000\000\000\000\000\000\000\000\000\000\000\000\000\000\000\000\000\000\000\000\000\000\000P\031-}\351f\032\255\274\334m\326c\017\014ao[\342\230\003\245\245\3341Hm\326^\017jy\335\261s!\003ql\302)\235\321\t\213\224\356\374%%\311\327\037\374\304\t\335\2359\344\233\035]\347<u\236\364\222vF0D\002 $\373r\177{\020\247v\322\251*g\222\211I{\222\030\254\216'\000L)M\204\341Vb 2Y\002 {\276\367\373\014\037\237\332\266\324\2206\332\311S\300nHY+\345\306\027\370\246\255\326-\270o\215\301""; ","validation: """"\200\000\000\000&\000\000\000\002)/\352\223\371:Q\231\304\227'3\313\030Q\214.\207\210%\003 \010ML\347\200R\304&\320_\215\226\344\334\033\354\2002\255\216\332\317\255\034\017P\027\000\000\000\000\000\000\000\000\000\000\000\000\000\000\000\000\000\000\000\000\000\000\000\000\000\000\000\000\000\000\000\000P\031-}\351f\032\255\274\334m\326c\017\014ao[\342\230\003\245\245\3341Hm\326^\017jy\335\261s!\003ql\302)\235\321\t\213\224\356\374%%\311\327\037\374\304\t\335\2359\344\233\035]\347<u\236\364\222vF0D\002 $\373r\177{\020\247v\322\251*g\222\211I{\222\030\254\216'\000L)M\204\341Vb 2Y\002 {\276\367\373\014\037\237\332\266\324\2206\332\311S\300nHY+\345\306\027\370\246\255\326-\270o\215\301""; "
1750587260272,1750587260273,3082,1,2,4,TMProposeSet,"proposeSeq: 0; currentTxHash: ""\000\000\000\000\000\000\000\000\000\000\000\000\000\000\000\000\000\000\000\000\000\000\000\000\000\000\000\000\000\000\000\000""; nodePubKey: ""\003ql\302)\235\321\t\213\224\356\374%%\311\327\037\374\304\t\335\2359\344\233\035]\347<u\236\364\222""; closeTime: 803902460; signature: ""0D\002 |;J^\3255\277L}\242\207\002\233\250\364\337\013\346cv\370Z\264\254B\3627\322\254\301%\211\002 T\231\243\233\370\206r\325,\340K(\304\332\001h\321]\244\023\177\023d\021\023\232S;4u\010\345""; previousledger: ""\214.\207\210%\003 \010ML\347\200R\304&\320_\215\226\344\334\033\354\2002\255\216\332\317\255\034\017""; ","proposeSeq: 0; currentTxHash: ""\000\000\000\000\000\000\000\000\000\000\000\000\000\000\000\000\000\000\000\000\000\000\000\000\000\000\000\000\000\000\000\000""; nodePubKey: ""\003ql\302)\235\321\t\213\224\356\374%%\311\327\037\374\304\t\335\2359\344\233\035]\347<u\236\364\222""; closeTime: 803902460; signature: ""0D\002 |;J^\3255\277L}\242\207\002\233\250\364\337\013\346cv\370Z\264\254B\3627\322\254\301%\211\002 T\231\243\233\370\206r\325,\340K(\304\332\001h\321]\244\023\177\023d\021\023\232S;4u\010\345""; previousledger: ""\214.\207\210%\003 \010ML\347\200R\304&\320_\215\226\344\334\033\354\2002\255\216\332\317\255\034\017""; "
1750587260274,1750587260274,3546,1,2,0,TMProposeSet,"proposeSeq: 0; currentTxHash: ""\000\000\000\000\000\000\000\000\000\000\000\000\000\000\000\000\000\000\000\000\000\000\000\000\000\000\000\000\000\000\000\000""; nodePubKey: ""\003ql\302)\235\321\t\213\224\356\374%%\311\327\037\374\304\t\335\2359\344\233\035]\347<u\236\364\222""; closeTime: 803902460; signature: ""0D\002 |;J^\3255\277L}\242\207\002\233\250\364\337\013\346cv\370Z\264\254B\3627\322\254\301%\211\002 T\231\243\233\370\206r\325,\340K(\304\332\001h\321]\244\023\177\023d\021\023\232S;4u\010\345""; previousledger: ""\214.\207\210%\003 \010ML\347\200R\304&\320_\215\226\344\334\033\354\2002\255\216\332\317\255\034\017""; ","proposeSeq: 0; currentTxHash: ""\000\000\000\000\000\000\000\000\000\000\000\000\000\000\000\000\000\000\000\000\000\000\000\000\000\000\000\000\000\000\000\000""; nodePubKey: ""\003ql\302)\235\321\t\213\224\356\374%%\311\327\037\374\304\t\335\2359\344\233\035]\347<u\236\364\222""; closeTime: 803902460; signature: ""0D\002 |;J^\3255\277L}\242\207\002\233\250\364\337\013\346cv\370Z\264\254B\3627\322\254\301%\211\002 T\231\243\233\370\206r\325,\340K(\304\332\001h\321]\244\023\177\023d\021\023\232S;4u\010\345""; previousledger: ""\214.\207\210%\003 \010ML\347\200R\304&\320_\215\226\344\334\033\354\2002\255\216\332\317\255\034\017""; "
1750587260276,1750587260277,3725,1,2,3,TMProposeSet,"proposeSeq: 0; currentTxHash: ""\000\000\000\000\000\000\000\000\000\000\000\000\000\000\000\000\000\000\000\000\000\000\000\000\000\000\000\000\000\000\000\000""; nodePubKey: ""\003ql\302)\235\321\t\213\224\356\374%%\311\327\037\374\304\t\335\2359\344\233\035]\347<u\236\364\222""; closeTime: 803902460; signature: ""0D\002 |;J^\3255\277L}\242\207\002\233\250\364\337\013\346cv\370Z\264\254B\3627\322\254\301%\211\002 T\231\243\233\370\206r\325,\340K(\304\332\001h\321]\244\023\177\023d\021\023\232S;4u\010\345""; previousledger: ""\214.\207\210%\003 \010ML\347\200R\304&\320_\215\226\344\334\033\354\2002\255\216\332\317\255\034\017""; ","proposeSeq: 0; currentTxHash: ""\000\000\000\000\000\000\000\000\000\000\000\000\000\000\000\000\000\000\000\000\000\000\000\000\000\000\000\000\000\000\000\000""; nodePubKey: ""\003ql\302)\235\321\t\213\224\356\374%%\311\327\037\374\304\t\335\2359\344\233\035]\347<u\236\364\222""; closeTime: 803902460; signature: ""0D\002 |;J^\3255\277L}\242\207\002\233\250\364\337\013\346cv\370Z\264\254B\3627\322\254\301%\211\002 T\231\243\233\370\206r\325,\340K(\304\332\001h\321]\244\023\177\023d\021\023\232S;4u\010\345""; previousledger: ""\214.\207\210%\003 \010ML\347\200R\304&\320_\215\226\344\334\033\354\2002\255\216\332\317\255\034\017""; "
1750587260277,1750587260277,1838,1,2,1,TMProposeSet,"proposeSeq: 0; currentTxHash: ""\000\000\000\000\000\000\000\000\000\000\000\000\000\000\000\000\000\000\000\000\000\000\000\000\000\000\000\000\000\000\000\000""; nodePubKey: ""\003ql\302)\235\321\t\213\224\356\374%%\311\327\037\374\304\t\335\2359\344\233\035]\347<u\236\364\222""; closeTime: 803902460; signature: ""0D\002 |;J^\3255\277L}\242\207\002\233\250\364\337\013\346cv\370Z\264\254B\3627\322\254\301%\211\002 T\231\243\233\370\206r\325,\340K(\304\332\001h\321]\244\023\177\023d\021\023\232S;4u\010\345""; previousledger: ""\214.\207\210%\003 \010ML\347\200R\304&\320_\215\226\344\334\033\354\2002\255\216\332\317\255\034\017""; ","proposeSeq: 0; currentTxHash: ""\000\000\000\000\000\000\000\000\000\000\000\000\000\000\000\000\000\000\000\000\000\000\000\000\000\000\000\000\000\000\000\000""; nodePubKey: ""\003ql\302)\235\321\t\213\224\356\374%%\311\327\037\374\304\t\335\2359\344\233\035]\347<u\236\364\222""; closeTime: 803902460; signature: ""0D\002 |;J^\3255\277L}\242\207\002\233\250\364\337\013\346cv\370Z\264\254B\3627\322\254\301%\211\002 T\231\243\233\370\206r\325,\340K(\304\332\001h\321]\244\023\177\023d\021\023\232S;4u\010\345""; previousledger: ""\214.\207\210%\003 \010ML\347\200R\304&\320_\215\226\344\334\033\354\2002\255\216\332\317\255\034\017""; "
1750587260309,1750587260309,779,1,0,3,TMValidation,"validation: """"\200\000\000\000&\000\000\000\002)/\352\223\370:v|\203\267)\257\206\032Q\214.\207\210%\003 \010ML\347\200R\304&\320_\215\226\344\334\033\354\2002\255\216\332\317\255\034\017P\027\000\000\000\000\000\000\000\000\000\000\000\000\000\000\000\000\000\000\000\000\000\000\000\000\000\000\000\000\000\000\000\000P\031-}\351f\032\255\274\334m\326c\017\014ao[\342\230\003\245\245\3341Hm\326^\017jy\335\261s!\003.\200\224\215?)t\306\315\242\313\251\255\302\204=\232.\271%}\013\024s\024\002@\216l""\241FvG0E\002!\000\335\2369\214\375F\230ti6\257\356\323PD3\242%v\275\222k\353\304\242#\317\326\364\334M\345\002 }\2254\324\301yM%\210\300i\261\376\273\363\320\264\353\306\024\253\332Z\260\312R\336_\027%Q\177""; ","validation: """"\200\000\000\000&\000\000\000\002)/\352\223\370:v|\203\267)\257\206\032Q\214.\207\210%\003 \010ML\347\200R\304&\320_\215\226\344\334\033\354\2002\255\216\332\317\255\034\017P\027\000\000\000\000\000\000\000\000\000\000\000\000\000\000\000\000\000\000\000\000\000\000\000\000\000\000\000\000\000\000\000\000P\031-}\351f\032\255\274\334m\326c\017\014ao[\342\230\003\245\245\3341Hm\326^\017jy\335\261s!\003.\200\224\215?)t\306\315\242\313\251\255\302\204=\232.\271%}\013\024s\024\002@\216l""\241FvG0E\002!\000\335\2369\214\375F\230ti6\257\356\323PD3\242%v\275\222k\353\304\242#\317\326\364\334M\345\002 }\2254\324\301yM%\210\300i\261\376\273\363\320\264\353\306\024\253\332Z\260\312R\336_\027%Q\177""; "
1750587260310,1750587260310,2684,1,0,1,TMValidation,"validation: """"\200\000\000\000&\000\000\000\002)/\352\223\370:v|\203\267)\257\206\032Q\214.\207\210%\003 \010ML\347\200R\304&\320_\215\226\344\334\033\354\2002\255\216\332\317\255\034\017P\027\000\000\000\000\000\000\000\000\000\000\000\000\000\000\000\000\000\000\000\000\000\000\000\000\000\000\000\000\000\000\000\000P\031-}\351f\032\255\274\334m\326c\017\014ao[\342\230\003\245\245\3341Hm\326^\017jy\335\261s!\003.\200\224\215?)t\306\315\242\313\251\255\302\204=\232.\271%}\013\024s\024\002@\216l""\241FvG0E\002!\000\335\2369\214\375F\230ti6\257\356\323PD3\242%v\275\222k\353\304\242#\317\326\364\334M\345\002 }\2254\324\301yM%\210\300i\261\376\273\363\320\264\353\306\024\253\332Z\260\312R\336_\027%Q\177""; ","validation: """"\200\000\000\000&\000\000\000\002)/\352\223\370:v|\203\267)\257\206\032Q\214.\207\210%\003 \010ML\347\200R\304&\320_\215\226\344\334\033\354\2002\255\216\332\317\255\034\017P\027\000\000\000\000\000\000\000\000\000\000\000\000\000\000\000\000\000\000\000\000\000\000\000\000\000\000\000\000\000\000\000\000P\031-}\351f\032\255\274\334m\326c\017\014ao[\342\230\003\245\245\3341Hm\326^\017jy\335\261s!\003.\200\224\215?)t\306\315\242\313\251\255\302\204=\232.\271%}\013\024s\024\002@\216l""\241FvG0E\002!\000\335\2369\214\375F\230ti6\257\356\323PD3\242%v\275\222k\353\304\242#\317\326\364\334M\345\002 }\2254\324\301yM%\210\300i\261\376\273\363\320\264\353\306\024\253\332Z\260\312R\336_\027%Q\177""; "
1750587260309,1750587260309,3563,1,0,2,TMValidation,"validation: """"\200\000\000\000&\000\000\000\002)/\352\223\370:v|\203\267)\257\206\032Q\214.\207\210%\003 \010ML\347\200R\304&\320_\215\226\344\334\033\354\2002\255\216\332\317\255\034\017P\027\000\000\000\000\000\000\000\000\000\000\000\000\000\000\000\000\000\000\000\000\000\000\000\000\000\000\000\000\000\000\000\000P\031-}\351f\032\255\274\334m\326c\017\014ao[\342\230\003\245\245\3341Hm\326^\017jy\335\261s!\003.\200\224\215?)t\306\315\242\313\251\255\302\204=\232.\271%}\013\024s\024\002@\216l""\241FvG0E\002!\000\335\2369\214\375F\230ti6\257\356\323PD3\242%v\275\222k\353\304\242#\317\326\364\334M\345\002 }\2254\324\301yM%\210\300i\261\376\273\363\320\264\353\306\024\253\332Z\260\312R\336_\027%Q\177""; ","validation: """"\200\000\000\000&\000\000\000\002)/\352\223\370:v|\203\267)\257\206\032Q\214.\207\210%\003 \010ML\347\200R\304&\320_\215\226\344\334\033\354\2002\255\216\332\317\255\034\017P\027\000\000\000\000\000\000\000\000\000\000\000\000\000\000\000\000\000\000\000\000\000\000\000\000\000\000\000\000\000\000\000\000P\031-}\351f\032\255\274\334m\326c\017\014ao[\342\230\003\245\245\3341Hm\326^\017jy\335\261s!\003.\200\224\215?)t\306\315\242\313\251\255\302\204=\232.\271%}\013\024s\024\002@\216l""\241FvG0E\002!\000\335\2369\214\375F\230ti6\257\356\323PD3\242%v\275\222k\353\304\242#\317\326\364\334M\345\002 }\2254\324\301yM%\210\300i\261\376\273\363\320\264\353\306\024\253\332Z\260\312R\336_\027%Q\177""; "
1750587260273,1750587260362,3116,1,2,4,TMStatusChange,"newEvent: neCLOSING_LEDGER; ledgerSeq: 2; ledgerHash: ""\214.\207\210%\003 \010ML\347\200R\304&\320_\215\226\344\334\033\354\2002\255\216\332\317\255\034\017""; ledgerHashPrevious: ""-}\351f\032\255\274\334m\326c\017\014ao[\342\230\003\245\245\3341Hm\326^\017jy\335\261""; networkTime: 803902460; firstSeq: 1; lastSeq: 1; ","newEvent: neCLOSING_LEDGER; ledgerSeq: 2; ledgerHash: ""\214.\207\210%\003 \010ML\347\200R\304&\320_\215\226\344\334\033\354\2002\255\216\332\317\255\034\017""; ledgerHashPrevious: ""-}\351f\032\255\274\334m\326c\017\014ao[\342\230\003\245\245\3341Hm\326^\017jy\335\261""; networkTime: 803902460; firstSeq: 1; lastSeq: 1; "
1750587260276,1750587260363,3744,1,2,0,TMStatusChange,"newEvent: neCLOSING_LEDGER; ledgerSeq: 2; ledgerHash: ""\214.\207\210%\003 \010ML\347\200R\304&\320_\215\226\344\334\033\354\2002\255\216\332\317\255\034\017""; ledgerHashPrevious: ""-}\351f\032\255\274\334m\326c\017\014ao[\342\230\003\245\245\3341Hm\326^\017jy\335\261""; networkTime: 803902460; firstSeq: 1; lastSeq: 1; ","newEvent: neCLOSING_LEDGER; ledgerSeq: 2; ledgerHash: ""\214.\207\210%\003 \010ML\347\200R\304&\320_\215\226\344\334\033\354\2002\255\216\332\317\255\034\017""; ledgerHashPrevious: ""-}\351f\032\255\274\334m\326c\017\014ao[\342\230\003\245\245\3341Hm\326^\017jy\335\261""; networkTime: 803902460; firstSeq: 1; lastSeq: 1; "
1750587260277,1750587260363,3126,1,2,1,TMStatusChange,"newEvent: neCLOSING_LEDGER; ledgerSeq: 2; ledgerHash: ""\214.\207\210%\003 \010ML\347\200R\304&\320_\215\226\344\334\033\354\2002\255\216\332\317\255\034\017""; ledgerHashPrevious: ""-}\351f\032\255\274\334m\326c\017\014ao[\342\230\003\245\245\3341Hm\326^\017jy\335\261""; networkTime: 803902460; firstSeq: 1; lastSeq: 1; ","newEvent: neCLOSING_LEDGER; ledgerSeq: 2; ledgerHash: ""\214.\207\210%\003 \010ML\347\200R\304&\320_\215\226\344\334\033\354\2002\255\216\332\317\255\034\017""; ledgerHashPrevious: ""-}\351f\032\255\274\334m\326c\017\014ao[\342\230\003\245\245\3341Hm\326^\017jy\335\261""; networkTime: 803902460; firstSeq: 1; lastSeq: 1; "
1750587260276,1750587260362,3058,1,2,3,TMStatusChange,"newEvent: neCLOSING_LEDGER; ledgerSeq: 2; ledgerHash: ""\214.\207\210%\003 \010ML\347\200R\304&\320_\215\226\344\334\033\354\2002\255\216\332\317\255\034\017""; ledgerHashPrevious: ""-}\351f\032\255\274\334m\326c\017\014ao[\342\230\003\245\245\3341Hm\326^\017jy\335\261""; networkTime: 803902460; firstSeq: 1; lastSeq: 1; ","newEvent: neCLOSING_LEDGER; ledgerSeq: 2; ledgerHash: ""\214.\207\210%\003 \010ML\347\200R\304&\320_\215\226\344\334\033\354\2002\255\216\332\317\255\034\017""; ledgerHashPrevious: ""-}\351f\032\255\274\334m\326c\017\014ao[\342\230\003\245\245\3341Hm\326^\017jy\335\261""; networkTime: 803902460; firstSeq: 1; lastSeq: 1; "
1750587260423,1750587260423,3538,1,1,3,TMProposeSet,"proposeSeq: 0; currentTxHash: ""\000\000\000\000\000\000\000\000\000\000\000\000\000\000\000\000\000\000\000\000\000\000\000\000\000\000\000\000\000\000\000\000""; nodePubKey: ""\003\343\005\311u\203\370\0338\3174\324\010\006\301\251\177\261\304eOX\262)FA-\022r\263wm\024""; closeTime: 803902460; signature: ""0E\002!\000\352\177\355Rd\326\3578\206g\314)\303:\340c\262_&\243\357\010\202u\022m\335\201z\220-\002\002 =\233\221I\303J\350\276\014?\246N\226x\302\001\210\307\352\356d\034\311e\205Yg\022\347\nX\210""; previousledger: ""\214.\207\210%\003 \010ML\347\200R\304&\320_\215\226\344\334\033\354\2002\255\216\332\317\255\034\017""; ","proposeSeq: 0; currentTxHash: ""\000\000\000\000\000\000\000\000\000\000\000\000\000\000\000\000\000\000\000\000\000\000\000\000\000\000\000\000\000\000\000\000""; nodePubKey: ""\003\343\005\311u\203\370\0338\3174\324\010\006\301\251\177\261\304eOX\262)FA-\022r\263wm\024""; closeTime: 803902460; signature: ""0E\002!\000\352\177\355Rd\326\3578\206g\314)\303:\340c\262_&\243\357\010\202u\022m\335\201z\220-\002\002 =\233\221I\303J\350\276\014?\246N\226x\302\001\210\307\352\356d\034\311e\205Yg\022\347\nX\210""; previousledger: ""\214.\207\210%\003 \010ML\347\200R\304&\320_\215\226\344\334\033\354\2002\255\216\332\317\255\034\017""; "
1750587260426,1750587260426,1799,1,1,2,TMProposeSet,"proposeSeq: 0; currentTxHash: ""\000\000\000\000\000\000\000\000\000\000\000\000\000\000\000\000\000\000\000\000\000\000\000\000\000\000\000\000\000\000\000\000""; nodePubKey: ""\003\343\005\311u\203\370\0338\3174\324\010\006\301\251\177\261\304eOX\262)FA-\022r\263wm\024""; closeTime: 803902460; signature: ""0E\002!\000\352\177\355Rd\326\3578\206g\314)\303:\340c\262_&\243\357\010\202u\022m\335\201z\220-\002\002 =\233\221I\303J\350\276\014?\246N\226x\302\001\210\307\352\356d\034\311e\205Yg\022\347\nX\210""; previousledger: ""\214.\207\210%\003 \010ML\347\200R\304&\320_\215\226\344\334\033\354\2002\255\216\332\317\255\034\017""; ","proposeSeq: 0; currentTxHash: ""\000\000\000\000\000\000\000\000\000\000\000\000\000\000\000\000\000\000\000\000\000\000\000\000\000\000\000\000\000\000\000\000""; nodePubKey: ""\003\343\005\311u\203\370\0338\3174\324\010\006\301\251\177\261\304eOX\262)FA-\022r\263wm\024""; closeTime: 803902460; signature: ""0E\002!\000\352\177\355Rd\326\3578\206g\314)\303:\340c\262_&\243\357\010\202u\022m\335\201z\220-\002\002 =\233\221I\303J\350\276\014?\246N\226x\302\001\210\307\352\356d\034\311e\205Yg\022\347\nX\210""; previousledger: ""\214.\207\210%\003 \010ML\347\200R\304&\320_\215\226\344\334\033\354\2002\255\216\332\317\255\034\017""; "
1750587260427,1750587260427,3375,1,1,4,TMProposeSet,"proposeSeq: 0; currentTxHash: ""\000\000\000\000\000\000\000\000\000\000\000\000\000\000\000\000\000\000\000\000\000\000\000\000\000\000\000\000\000\000\000\000""; nodePubKey: ""\003\343\005\311u\203\370\0338\3174\324\010\006\301\251\177\261\304eOX\262)FA-\022r\263wm\024""; closeTime: 803902460; signature: ""0E\002!\000\352\177\355Rd\326\3578\206g\314)\303:\340c\262_&\243\357\010\202u\022m\335\201z\220-\002\002 =\233\221I\303J\350\276\014?\246N\226x\302\001\210\307\352\356d\034\311e\205Yg\022\347\nX\210""; previousledger: ""\214.\207\210%\003 \010ML\347\200R\304&\320_\215\226\344\334\033\354\2002\255\216\332\317\255\034\017""; ","proposeSeq: 0; currentTxHash: ""\000\000\000\000\000\000\000\000\000\000\000\000\000\000\000\000\000\000\000\000\000\000\000\000\000\000\000\000\000\000\000\000""; nodePubKey: ""\003\343\005\311u\203\370\0338\3174\324\010\006\301\251\177\261\304eOX\262)FA-\022r\263wm\024""; closeTime: 803902460; signature: ""0E\002!\000\352\177\355Rd\326\3578\206g\314)\303:\340c\262_&\243\357\010\202u\022m\335\201z\220-\002\002 =\233\221I\303J\350\276\014?\246N\226x\302\001\210\307\352\356d\034\311e\205Yg\022\347\nX\210""; previousledger: ""\214.\207\210%\003 \010ML\347\200R\304&\320_\215\226\344\334\033\354\2002\255\216\332\317\255\034\017""; "
1750587260426,1750587260426,926,1,1,0,TMProposeSet,"proposeSeq: 0; currentTxHash: ""\000\000\000\000\000\000\000\000\000\000\000\000\000\000\000\000\000\000\000\000\000\000\000\000\000\000\000\000\000\000\000\000""; nodePubKey: ""\003\343\005\311u\203\370\0338\3174\324\010\006\301\251\177\261\304eOX\262)FA-\022r\263wm\024""; closeTime: 803902460; signature: ""0E\002!\000\352\177\355Rd\326\3578\206g\314)\303:\340c\262_&\243\357\010\202u\022m\335\201z\220-\002\002 =\233\221I\303J\350\276\014?\246N\226x\302\001\210\307\352\356d\034\311e\205Yg\022\347\nX\210""; previousledger: ""\214.\207\210%\003 \010ML\347\200R\304&\320_\215\226\344\334\033\354\2002\255\216\332\317\255\034\017""; ","proposeSeq: 0; currentTxHash: ""\000\000\000\000\000\000\000\000\000\000\000\000\000\000\000\000\000\000\000\000\000\000\000\000\000\000\000\000\000\000\000\000""; nodePubKey: ""\003\343\005\311u\203\370\0338\3174\324\010\006\301\251\177\261\304eOX\262)FA-\022r\263wm\024""; closeTime: 803902460; signature: ""0E\002!\000\352\177\355Rd\326\3578\206g\314)\303:\340c\262_&\243\357\010\202u\022m\335\201z\220-\002\002 =\233\221I\303J\350\276\014?\246N\226x\302\001\210\307\352\356d\034\311e\205Yg\022\347\nX\210""; previousledger: ""\214.\207\210%\003 \010ML\347\200R\304&\320_\215\226\344\334\033\354\2002\255\216\332\317\255\034\017""; "
1750587260421,1750587260498,3522,1,1,4,TMStatusChange,"newEvent: neCLOSING_LEDGER; ledgerSeq: 2; ledgerHash: ""\214.\207\210%\003 \010ML\347\200R\304&\320_\215\226\344\334\033\354\2002\255\216\332\317\255\034\017""; ledgerHashPrevious: ""-}\351f\032\255\274\334m\326c\017\014ao[\342\230\003\245\245\3341Hm\326^\017jy\335\261""; networkTime: 803902460; firstSeq: 1; lastSeq: 1; ","newEvent: neCLOSING_LEDGER; ledgerSeq: 2; ledgerHash: ""\214.\207\210%\003 \010ML\347\200R\304&\320_\215\226\344\334\033\354\2002\255\216\332\317\255\034\017""; ledgerHashPrevious: ""-}\351f\032\255\274\334m\326c\017\014ao[\342\230\003\245\245\3341Hm\326^\017jy\335\261""; networkTime: 803902460; firstSeq: 1; lastSeq: 1; "
1750587260423,1750587260500,1862,1,1,0,TMStatusChange,"newEvent: neCLOSING_LEDGER; ledgerSeq: 2; ledgerHash: ""\214.\207\210%\003 \010ML\347\200R\304&\320_\215\226\344\334\033\354\2002\255\216\332\317\255\034\017""; ledgerHashPrevious: ""-}\351f\032\255\274\334m\326c\017\014ao[\342\230\003\245\245\3341Hm\326^\017jy\335\261""; networkTime: 803902460; firstSeq: 1; lastSeq: 1; ","newEvent: neCLOSING_LEDGER; ledgerSeq: 2; ledgerHash: ""\214.\207\210%\003 \010ML\347\200R\304&\320_\215\226\344\334\033\354\2002\255\216\332\317\255\034\017""; ledgerHashPrevious: ""-}\351f\032\255\274\334m\326c\017\014ao[\342\230\003\245\245\3341Hm\326^\017jy\335\261""; networkTime: 803902460; firstSeq: 1; lastSeq: 1; "
1750587260425,1750587260500,961,1,1,2,TMStatusChange,"newEvent: neCLOSING_LEDGER; ledgerSeq: 2; ledgerHash: ""\214.\207\210%\003 \010ML\347\200R\304&\320_\215\226\344\334\033\354\2002\255\216\332\317\255\034\017""; ledgerHashPrevious: ""-}\351f\032\255\274\334m\326c\017\014ao[\342\230\003\245\245\3341Hm\326^\017jy\335\261""; networkTime: 803902460; firstSeq: 1; lastSeq: 1; ","newEvent: neCLOSING_LEDGER; ledgerSeq: 2; ledgerHash: ""\214.\207\210%\003 \010ML\347\200R\304&\320_\215\226\344\334\033\354\2002\255\216\332\317\255\034\017""; ledgerHashPrevious: ""-}\351f\032\255\274\334m\326c\017\014ao[\342\230\003\245\245\3341Hm\326^\017jy\335\261""; networkTime: 803902460; firstSeq: 1; lastSeq: 1; "
1750587260425,1750587260501,1020,1,1,3,TMStatusChange,"newEvent: neCLOSING_LEDGER; ledgerSeq: 2; ledgerHash: ""\214.\207\210%\003 \010ML\347\200R\304&\320_\215\226\344\334\033\354\2002\255\216\332\317\255\034\017""; ledgerHashPrevious: ""-}\351f\032\255\274\334m\326c\017\014ao[\342\230\003\245\245\3341Hm\326^\017jy\335\261""; networkTime: 803902460; firstSeq: 1; lastSeq: 1; ","newEvent: neCLOSING_LEDGER; ledgerSeq: 2; ledgerHash: ""\214.\207\210%\003 \010ML\347\200R\304&\320_\215\226\344\334\033\354\2002\255\216\332\317\255\034\017""; ledgerHashPrevious: ""-}\351f\032\255\274\334m\326c\017\014ao[\342\230\003\245\245\3341Hm\326^\017jy\335\261""; networkTime: 803902460; firstSeq: 1; lastSeq: 1; "
1750587260631,1750587260631,792,1,0,4,TMValidation,"validation: """"\200\000\000\000&\000\000\000\002)/\352\223\370:\211l\014`\252m\212dQ\214.\207\210%\003 \010ML\347\200R\304&\320_\215\226\344\334\033\354\2002\255\216\332\317\255\034\017P\027\000\000\000\000\000\000\000\000\000\000\000\000\000\000\000\000\000\000\000\000\000\000\000\000\000\000\000\000\000\000\000\000P\031-}\351f\032\255\274\334m\326c\017\014ao[\342\230\003\245\245\3341Hm\326^\017jy\335\261s!\003\325Q\255\224\274R@\312\253\262\347\352\034\346\347\242\215,\312\376=\277\353{\350\225\301\305`^, vG0E\002!\000\205'<\0028\310\365\276\2756\317\271\231\223\002\344&\340oZ\021\264+\275@g\374\177\367F\336\217\002 |{\354\030\244\270S\240\306Am\200<\036\373\374\324\374\362\347\257:\312\343\003\203\253\002\031\3270R""; ","validation: """"\200\000\000\000&\000\000\000\002)/\352\223\370:\211l\014`\252m\212dQ\214.\207\210%\003 \010ML\347\200R\304&\320_\215\226\344\334\033\354\2002\255\216\332\317\255\034\017P\027\000\000\000\000\000\000\000\000\000\000\000\000\000\000\000\000\000\000\000\000\000\000\000\000\000\000\000\000\000\000\000\000P\031-}\351f\032\255\274\334m\326c\017\014ao[\342\230\003\245\245\3341Hm\326^\017jy\335\261s!\003\325Q\255\224\274R@\312\253\262\347\352\034\346\347\242\215,\312\376=\277\353{\350\225\301\305`^, vG0E\002!\000\205'<\0028\310\365\276\2756\317\271\231\223\002\344&\340oZ\021\264+\275@g\374\177\367F\336\217\002 |{\354\030\244\270S\240\306Am\200<\036\373\374\324\374\362\347\257:\312\343\003\203\253\002\031\3270R""; "
1750587260631,1750587260632,2684,1,0,1,TMValidation,"validation: """"\200\000\000\000&\000\000\000\002)/\352\223\370:\211l\014`\252m\212dQ\214.\207\210%\003 \010ML\347\200R\304&\320_\215\226\344\334\033\354\2002\255\216\332\317\255\034\017P\027\000\000\000\000\000\000\000\000\000\000\000\000\000\000\000\000\000\000\000\000\000\000\000\000\000\000\000\000\000\000\000\000P\031-}\351f\032\255\274\334m\326c\017\014ao[\342\230\003\245\245\3341Hm\326^\017jy\335\261s!\003\325Q\255\224\274R@\312\253\262\347\352\034\346\347\242\215,\312\376=\277\353{\350\225\301\305`^, vG0E\002!\000\205'<\0028\310\365\276\2756\317\271\231\223\002\344&\340oZ\021\264+\275@g\374\177\367F\336\217\002 |{\354\030\244\270S\240\306Am\200<\036\373\374\324\374\362\347\257:\312\343\003\203\253\002\031\3270R""; ","validation: """"\200\000\000\000&\000\000\000\002)/\352\223\370:\211l\014`\252m\212dQ\214.\207\210%\003 \010ML\347\200R\304&\320_\215\226\344\334\033\354\2002\255\216\332\317\255\034\017P\027\000\000\000\000\000\000\000\000\000\000\000\000\000\000\000\000\000\000\000\000\000\000\000\000\000\000\000\000\000\000\000\000P\031-}\351f\032\255\274\334m\326c\017\014ao[\342\230\003\245\245\3341Hm\326^\017jy\335\261s!\003\325Q\255\224\274R@\312\253\262\347\352\034\346\347\242\215,\312\376=\277\353{\350\225\301\305`^, vG0E\002!\000\205'<\0028\310\365\276\2756\317\271\231\223\002\344&\340oZ\021\264+\275@g\374\177\367F\336\217\002 |{\354\030\244\270S\240\306Am\200<\036\373\374\324\374\362\347\257:\312\343\003\203\253\002\031\3270R""; "
1750587260632,1750587260632,3563,1,0,2,TMValidation,"validation: """"\200\000\000\000&\000\000\000\002)/\352\223\370:\211l\014`\252m\212dQ\214.\207\210%\003 \010ML\347\200R\304&\320_\215\226\344\334\033\354\2002\255\216\332\317\255\034\017P\027\000\000\000\000\000\000\000\000\000\000\000\000\000\000\000\000\000\000\000\000\000\000\000\000\000\000\000\000\000\000\000\000P\031-}\351f\032\255\274\334m\326c\017\014ao[\342\230\003\245\245\3341Hm\326^\017jy\335\261s!\003\325Q\255\224\274R@\312\253\262\347\352\034\346\347\242\215,\312\376=\277\353{\350\225\301\305`^, vG0E\002!\000\205'<\0028\310\365\276\2756\317\271\231\223\002\344&\340oZ\021\264+\275@g\374\177\367F\336\217\002 |{\354\030\244\270S\240\306Am\200<\036\373\374\324\374\362\347\257:\312\343\003\203\253\002\031\3270R""; ","validation: """"\200\000\000\000&\000\000\000\002)/\352\223\370:\211l\014`\252m\212dQ\214.\207\210%\003 \010ML\347\200R\304&\320_\215\226\344\334\033\354\2002\255\216\332\317\255\034\017P\027\000\000\000\000\000\000\000\000\000\000\000\000\000\000\000\000\000\000\000\000\000\000\000\000\000\000\000\000\000\000\000\000P\031-}\351f\032\255\274\334m\326c\017\014ao[\342\230\003\245\245\3341Hm\326^\017jy\335\261s!\003\325Q\255\224\274R@\312\253\262\347\352\034\346\347\242\215,\312\376=\277\353{\350\225\301\305`^, vG0E\002!\000\205'<\0028\310\365\276\2756\317\271\231\223\002\344&\340oZ\021\264+\275@g\374\177\367F\336\217\002 |{\354\030\244\270S\240\306Am\200<\036\373\374\324\374\362\347\257:\312\343\003\203\253\002\031\3270R""; "
1750587260747,1750587260747,3614,1,4,2,TMProposeSet,"proposeSeq: 0; currentTxHash: ""\000\000\000\000\000\000\000\000\000\000\000\000\000\000\000\000\000\000\000\000\000\000\000\000\000\000\000\000\000\000\000\000""; nodePubKey: ""\003.\200\224\215?)t\306\315\242\313\251\255\302\204=\232.\271%}\013\024s\024\002@\216l""\241F""; closeTime: 803902460; signature: ""0D\002 J\371\340\301\200\346EUM\364\311\374\270\000o\222jX\276\327\177\272,\237\277@\251\021QH%b\002 m\177\233iA\330\203\353?]\230\3528EQ\347\264\332\241/8\375\t2\352u+\211\357.\231g""; previousledger: ""\214.\207\210%\003 \010ML\347\200R\304&\320_\215\226\344\334\033\354\2002\255\216\332\317\255\034\017""; ","proposeSeq: 0; currentTxHash: ""\000\000\000\000\000\000\000\000\000\000\000\000\000\000\000\000\000\000\000\000\000\000\000\000\000\000\000\000\000\000\000\000""; nodePubKey: ""\003.\200\224\215?)t\306\315\242\313\251\255\302\204=\232.\271%}\013\024s\024\002@\216l""\241F""; closeTime: 803902460; signature: ""0D\002 J\371\340\301\200\346EUM\364\311\374\270\000o\222jX\276\327\177\272,\237\277@\251\021QH%b\002 m\177\233iA\330\203\353?]\230\3528EQ\347\264\332\241/8\375\t2\352u+\211\357.\231g""; previousledger: ""\214.\207\210%\003 \010ML\347\200R\304&\320_\215\226\344\334\033\354\2002\255\216\332\317\255\034\017""; "
1750587260748,1750587260748,961,1,4,3,TMProposeSet,"proposeSeq: 0; currentTxHash: ""\000\000\000\000\000\000\000\000\000\000\000\000\000\000\000\000\000\000\000\000\000\000\000\000\000\000\000\000\000\000\000\000""; nodePubKey: ""\003.\200\224\215?)t\306\315\242\313\251\255\302\204=\232.\271%}\013\024s\024\002@\216l""\241F""; closeTime: 803902460; signature: ""0D\002 J\371\340\301\200\346EUM\364\311\374\270\000o\222jX\276\327\177\272,\237\277@\251\021QH%b\002 m\177\233iA\330\203\353?]\230\3528EQ\347\264\332\241/8\375\t2\352u+\211\357.\231g""; previousledger: ""\214.\207\210%\003 \010ML\347\200R\304&\320_\215\226\344\334\033\354\2002\255\216\332\317\255\034\017""; ","proposeSeq: 0; currentTxHash: ""\000\000\000\000\000\000\000\000\000\000\000\000\000\000\000\000\000\000\000\000\000\000\000\000\000\000\000\000\000\000\000\000""; nodePubKey: ""\003.\200\224\215?)t\306\315\242\313\251\255\302\204=\232.\271%}\013\024s\024\002@\216l""\241F""; closeTime: 803902460; signature: ""0D\002 J\371\340\301\200\346EUM\364\311\374\270\000o\222jX\276\327\177\272,\237\277@\251\021QH%b\002 m\177\233iA\330\203\353?]\230\3528EQ\347\264\332\241/8\375\t2\352u+\211\357.\231g""; previousledger: ""\214.\207\210%\003 \010ML\347\200R\304&\320_\215\226\344\334\033\354\2002\255\216\332\317\255\034\017""; "
1750587260752,1750587260752,980,1,4,1,TMProposeSet,"proposeSeq: 0; currentTxHash: ""\000\000\000\000\000\000\000\000\000\000\000\000\000\000\000\000\000\000\000\000\000\000\000\000\000\000\000\000\000\000\000\000""; nodePubKey: ""\003.\200\224\215?)t\306\315\242\313\251\255\302\204=\232.\271%}\013\024s\024\002@\216l""\241F""; closeTime: 803902460; signature: ""0D\002 J\371\340\301\200\346EUM\364\311\374\270\000o\222jX\276\327\177\272,\237\277@\251\021QH%b\002 m\177\233iA\330\203\353?]\230\3528EQ\347\264\332\241/8\375\t2\352u+\211\357.\231g""; previousledger: ""\214.\207\210%\003 \010ML\347\200R\304&\320_\215\226\344\334\033\354\2002\255\216\332\317\255\034\017""; ","proposeSeq: 0; currentTxHash: ""\000\000\000\000\000\000\000\000\000\000\000\000\000\000\000\000\000\000\000\000\000\000\000\000\000\000\000\000\000\000\000\000""; nodePubKey: ""\003.\200\224\215?)t\306\315\242\313\251\255\302\204=\232.\271%}\013\024s\024\002@\216l""\241F""; closeTime: 803902460; signature: ""0D\002 J\371\340\301\200\346EUM\364\311\374\270\000o\222jX\276\327\177\272,\237\277@\251\021QH%b\002 m\177\233iA\330\203\353?]\230\3528EQ\347\264\332\241/8\375\t2\352u+\211\357.\231g""; previousledger: ""\214.\207\210%\003 \010ML\347\200R\304&\320_\215\226\344\334\033\354\2002\255\216\332\317\255\034\017""; "
1750587260752,1750587260752,1110,1,4,0,TMProposeSet,"proposeSeq: 0; currentTxHash: ""\000\000\000\000\000\000\000\000\000\000\000\000\000\000\000\000\000\000\000\000\000\000\000\000\000\000\000\000\000\000\000\000""; nodePubKey: ""\003.\200\224\215?)t\306\315\242\313\251\255\302\204=\232.\271%}\013\024s\024\002@\216l""\241F""; closeTime: 803902460; signature: ""0D\002 J\371\340\301\200\346EUM\364\311\374\270\000o\222jX\276\327\177\272,\237\277@\251\021QH%b\002 m\177\233iA\330\203\353?]\230\3528EQ\347\264\332\241/8\375\t2\352u+\211\357.\231g""; previousledger: ""\214.\207\210%\003 \010ML\347\200R\304&\320_\215\226\344\334\033\354\2002\255\216\332\317\255\034\017""; ","proposeSeq: 0; currentTxHash: ""\000\000\000\000\000\000\000\000\000\000\000\000\000\000\000\000\000\000\000\000\000\000\000\000\000\000\000\000\000\000\000\000""; nodePubKey: ""\003.\200\224\215?)t\306\315\242\313\251\255\302\204=\232.\271%}\013\024s\024\002@\216l""\241F""; closeTime: 803902460; signature: ""0D\002 J\371\340\301\200\346EUM\364\311\374\270\000o\222jX\276\327\177\272,\237\277@\251\021QH%b\002 m\177\233iA\330\203\353?]\230\3528EQ\347\264\332\241/8\375\t2\352u+\211\357.\231g""; previousledger: ""\214.\207\210%\003 \010ML\347\200R\304&\320_\215\226\344\334\033\354\2002\255\216\332\317\255\034\017""; "
1750587260763,1750587260763,792,1,0,4,TMValidation,"validation: """"\200\000\000\000&\000\000\000\002)/\352\223\371:Q\231\304\227'3\313\030Q\214.\207\210%\003 \010ML\347\200R\304&\320_\215\226\344\334\033\354\2002\255\216\332\317\255\034\017P\027\000\000\000\000\000\000\000\000\000\000\000\000\000\000\000\000\000\000\000\000\000\000\000\000\000\000\000\000\000\000\000\000P\031-}\351f\032\255\274\334m\326c\017\014ao[\342\230\003\245\245\3341Hm\326^\017jy\335\261s!\003ql\302)\235\321\t\213\224\356\374%%\311\327\037\374\304\t\335\2359\344\233\035]\347<u\236\364\222vF0D\002 $\373r\177{\020\247v\322\251*g\222\211I{\222\030\254\216'\000L)M\204\341Vb 2Y\002 {\276\367\373\014\037\237\332\266\324\2206\332\311S\300nHY+\345\306\027\370\246\255\326-\270o\215\301""; ","validation: """"\200\000\000\000&\000\000\000\002)/\352\223\371:Q\231\304\227'3\313\030Q\214.\207\210%\003 \010ML\347\200R\304&\320_\215\226\344\334\033\354\2002\255\216\332\317\255\034\017P\027\000\000\000\000\000\000\000\000\000\000\000\000\000\000\000\000\000\000\000\000\000\000\000\000\000\000\000\000\000\000\000\000P\031-}\351f\032\255\274\334m\326c\017\014ao[\342\230\003\245\245\3341Hm\326^\017jy\335\261s!\003ql\302)\235\321\t\213\224\356\374%%\311\327\037\374\304\t\335\2359\344\233\035]\347<u\236\364\222vF0D\002 $\373r\177{\020\247v\322\251*g\222\211I{\222\030\254\216'\000L)M\204\341Vb 2Y\002 {\276\367\373\014\037\237\332\266\324\2206\332\311S\300nHY+\345\306\027\370\246\255\326-\270o\215\301""; "
1750587260764,1750587260764,779,1,0,3,TMValidation,"validation: """"\200\000\000\000&\000\000\000\002)/\352\223\371:Q\231\304\227'3\313\030Q\214.\207\210%\003 \010ML\347\200R\304&\320_\215\226\344\334\033\354\2002\255\216\332\317\255\034\017P\027\000\000\000\000\000\000\000\000\000\000\000\000\000\000\000\000\000\000\000\000\000\000\000\000\000\000\000\000\000\000\000\000P\031-}\351f\032\255\274\334m\326c\017\014ao[\342\230\003\245\245\3341Hm\326^\017jy\335\261s!\003ql\302)\235\321\t\213\224\356\374%%\311\327\037\374\304\t\335\2359\344\233\035]\347<u\236\364\222vF0D\002 $\373r\177{\020\247v\322\251*g\222\211I{\222\030\254\216'\000L)M\204\341Vb 2Y\002 {\276\367\373\014\037\237\332\266\324\2206\332\311S\300nHY+\345\306\027\370\246\255\326-\270o\215\301""; ","validation: """"\200\000\000\000&\000\000\000\002)/\352\223\371:Q\231\304\227'3\313\030Q\214.\207\210%\003 \010ML\347\200R\304&\320_\215\226\344\334\033\354\2002\255\216\332\317\255\034\017P\027\000\000\000\000\000\000\000\000\000\000\000\000\000\000\000\000\000\000\000\000\000\000\000\000\000\000\000\000\000\000\000\000P\031-}\351f\032\255\274\334m\326c\017\014ao[\342\230\003\245\245\3341Hm\326^\017jy\335\261s!\003ql\302)\235\321\t\213\224\356\374%%\311\327\037\374\304\t\335\2359\344\233\035]\347<u\236\364\222vF0D\002 $\373r\177{\020\247v\322\251*g\222\211I{\222\030\254\216'\000L)M\204\341Vb 2Y\002 {\276\367\373\014\037\237\332\266\324\2206\332\311S\300nHY+\345\306\027\370\246\255\326-\270o\215\301""; "
1750587260764,1750587260764,2684,1,0,1,TMValidation,"validation: """"\200\000\000\000&\000\000\000\002)/\352\223\371:Q\231\304\227'3\313\030Q\214.\207\210%\003 \010ML\347\200R\304&\320_\215\226\344\334\033\354\2002\255\216\332\317\255\034\017P\027\000\000\000\000\000\000\000\000\000\000\000\000\000\000\000\000\000\000\000\000\000\000\000\000\000\000\000\000\000\000\000\000P\031-}\351f\032\255\274\334m\326c\017\014ao[\342\230\003\245\245\3341Hm\326^\017jy\335\261s!\003ql\302)\235\321\t\213\224\356\374%%\311\327\037\374\304\t\335\2359\344\233\035]\347<u\236\364\222vF0D\002 $\373r\177{\020\247v\322\251*g\222\211I{\222\030\254\216'\000L)M\204\341Vb 2Y\002 {\276\367\373\014\037\237\332\266\324\2206\332\311S\300nHY+\345\306\027\370\246\255\326-\270o\215\301""; ","validation: """"\200\000\000\000&\000\000\000\002)/\352\223\371:Q\231\304\227'3\313\030Q\214.\207\210%\003 \010ML\347\200R\304&\320_\215\226\344\334\033\354\2002\255\216\332\317\255\034\017P\027\000\000\000\000\000\000\000\000\000\000\000\000\000\000\000\000\000\000\000\000\000\000\000\000\000\000\000\000\000\000\000\000P\031-}\351f\032\255\274\334m\326c\017\014ao[\342\230\003\245\245\3341Hm\326^\017jy\335\261s!\003ql\302)\235\321\t\213\224\356\374%%\311\327\037\374\304\t\335\2359\344\233\035]\347<u\236\364\222vF0D\002 $\373r\177{\020\247v\322\251*g\222\211I{\222\030\254\216'\000L)M\204\341Vb 2Y\002 {\276\367\373\014\037\237\332\266\324\2206\332\311S\300nHY+\345\306\027\370\246\255\326-\270o\215\301""; "
1750587260748,1750587260826,1021,1,4,2,TMStatusChange,"newEvent: neCLOSING_LEDGER; ledgerSeq: 2; ledgerHash: ""\214.\207\210%\003 \010ML\347\200R\304&\320_\215\226\344\334\033\354\2002\255\216\332\317\255\034\017""; ledgerHashPrevious: ""-}\351f\032\255\274\334m\326c\017\014ao[\342\230\003\245\245\3341Hm\326^\017jy\335\261""; networkTime: 803902460; firstSeq: 1; lastSeq: 1; ","newEvent: neCLOSING_LEDGER; ledgerSeq: 2; ledgerHash: ""\214.\207\210%\003 \010ML\347\200R\304&\320_\215\226\344\334\033\354\2002\255\216\332\317\255\034\017""; ledgerHashPrevious: ""-}\351f\032\255\274\334m\326c\017\014ao[\342\230\003\245\245\3341Hm\326^\017jy\335\261""; networkTime: 803902460; firstSeq: 1; lastSeq: 1; "
1750587260753,1750587260827,1548,1,4,0,TMStatusChange,"newEvent: neCLOSING_LEDGER; ledgerSeq: 2; ledgerHash: ""\214.\207\210%\003 \010ML\347\200R\304&\320_\215\226\344\334\033\354\2002\255\216\332\317\255\034\017""; ledgerHashPrevious: ""-}\351f\032\255\274\334m\326c\017\014ao[\342\230\003\245\245\3341Hm\326^\017jy\335\261""; networkTime: 803902460; firstSeq: 1; lastSeq: 1; ","newEvent: neCLOSING_LEDGER; ledgerSeq: 2; ledgerHash: ""\214.\207\210%\003 \010ML\347\200R\304&\320_\215\226\344\334\033\354\2002\255\216\332\317\255\034\017""; ledgerHashPrevious: ""-}\351f\032\255\274\334m\326c\017\014ao[\342\230\003\245\245\3341Hm\326^\017jy\335\261""; networkTime: 803902460; firstSeq: 1; lastSeq: 1; "
1750587260752,1750587260827,3410,1,4,3,TMStatusChange,"newEvent: neCLOSING_LEDGER; ledgerSeq: 2; ledgerHash: ""\214.\207\210%\003 \010ML\347\200R\304&\320_\215\226\344\334\033\354\2002\255\216\332\317\255\034\017""; ledgerHashPrevious: ""-}\351f\032\255\274\334m\326c\017\014ao[\342\230\003\245\245\3341Hm\326^\017jy\335\261""; networkTime: 803902460; firstSeq: 1; lastSeq: 1; ","newEvent: neCLOSING_LEDGER; ledgerSeq: 2; ledgerHash: ""\214.\207\210%\003 \010ML\347\200R\304&\320_\215\226\344\334\033\354\2002\255\216\332\317\255\034\017""; ledgerHashPrevious: ""-}\351f\032\255\274\334m\326c\017\014ao[\342\230\003\245\245\3341Hm\326^\017jy\335\261""; networkTime: 803902460; firstSeq: 1; lastSeq: 1; "
1750587260751,1750587260826,1760,1,4,1,TMStatusChange,"newEvent: neCLOSING_LEDGER; ledgerSeq: 2; ledgerHash: ""\214.\207\210%\003 \010ML\347\200R\304&\320_\215\226\344\334\033\354\2002\255\216\332\317\255\034\017""; ledgerHashPrevious: ""-}\351f\032\255\274\334m\326c\017\014ao[\342\230\003\245\245\3341Hm\326^\017jy\335\261""; networkTime: 803902460; firstSeq: 1; lastSeq: 1; ","newEvent: neCLOSING_LEDGER; ledgerSeq: 2; ledgerHash: ""\214.\207\210%\003 \010ML\347\200R\304&\320_\215\226\344\334\033\354\2002\255\216\332\317\255\034\017""; ledgerHashPrevious: ""-}\351f\032\255\274\334m\326c\017\014ao[\342\230\003\245\245\3341Hm\326^\017jy\335\261""; networkTime: 803902460; firstSeq: 1; lastSeq: 1; "
1750587260864,1750587260864,1317,1,3,2,TMProposeSet,"proposeSeq: 0; currentTxHash: ""\000\000\000\000\000\000\000\000\000\000\000\000\000\000\000\000\000\000\000\000\000\000\000\000\000\000\000\000\000\000\000\000""; nodePubKey: ""\003\325Q\255\224\274R@\312\253\262\347\352\034\346\347\242\215,\312\376=\277\353{\350\225\301\305`^, ""; closeTime: 803902460; signature: ""0D\002 s9D\377\337\270\034\232\230t\016\366\260d\206\256\354\223\211[/\270\257\361[^\262\013\231Kp\271\002 \026\353I\300\007w\364\364A\032\252\252]4T3\355E\353\306*+|\350\007\323mC%\007\330\026""; previousledger: ""\214.\207\210%\003 \010ML\347\200R\304&\320_\215\226\344\334\033\354\2002\255\216\332\317\255\034\017""; ","proposeSeq: 0; currentTxHash: ""\000\000\000\000\000\000\000\000\000\000\000\000\000\000\000\000\000\000\000\000\000\000\000\000\000\000\000\000\000\000\000\000""; nodePubKey: ""\003\325Q\255\224\274R@\312\253\262\347\352\034\346\347\242\215,\312\376=\277\353{\350\225\301\305`^, ""; closeTime: 803902460; signature: ""0D\002 s9D\377\337\270\034\232\230t\016\366\260d\206\256\354\223\211[/\270\257\361[^\262\013\231Kp\271\002 \026\353I\300\007w\364\364A\032\252\252]4T3\355E\353\306*+|\350\007\323mC%\007\330\026""; previousledger: ""\214.\207\210%\003 \010ML\347\200R\304&\320_\215\226\344\334\033\354\2002\255\216\332\317\255\034\017""; "
1750587260864,1750587260865,3656,1,3,1,TMProposeSet,"proposeSeq: 0; currentTxHash: ""\000\000\000\000\000\000\000\000\000\000\000\000\000\000\000\000\000\000\000\000\000\000\000\000\000\000\000\000\000\000\000\000""; nodePubKey: ""\003\325Q\255\224\274R@\312\253\262\347\352\034\346\347\242\215,\312\376=\277\353{\350\225\301\305`^, ""; closeTime: 803902460; signature: ""0D\002 s9D\377\337\270\034\232\230t\016\366\260d\206\256\354\223\211[/\270\257\361[^\262\013\231Kp\271\002 \026\353I\300\007w\364\364A\032\252\252]4T3\355E\353\306*+|\350\007\323mC%\007\330\026""; previousledger: ""\214.\207\210%\003 \010ML\347\200R\304&\320_\215\226\344\334\033\354\2002\255\216\332\317\255\034\017""; ","proposeSeq: 0; currentTxHash: ""\000\000\000\000\000\000\000\000\000\000\000\000\000\000\000\000\000\000\000\000\000\000\000\000\000\000\000\000\000\000\000\000""; nodePubKey: ""\003\325Q\255\224\274R@\312\253\262\347\352\034\346\347\242\215,\312\376=\277\353{\350\225\301\305`^, ""; closeTime: 803902460; signature: ""0D\002 s9D\377\337\270\034\232\230t\016\366\260d\206\256\354\223\211[/\270\257\361[^\262\013\231Kp\271\002 \026\353I\300\007w\364\364A\032\252\252]4T3\355E\353\306*+|\350\007\323mC%\007\330\026""; previousledger: ""\214.\207\210%\003 \010ML\347\200R\304&\320_\215\226\344\334\033\354\2002\255\216\332\317\255\034\017""; "
1750587260865,1750587260865,443,1,3,0,TMProposeSet,"proposeSeq: 0; currentTxHash: ""\000\000\000\000\000\000\000\000\000\000\000\000\000\000\000\000\000\000\000\000\000\000\000\000\000\000\000\000\000\000\000\000""; nodePubKey: ""\003\325Q\255\224\274R@\312\253\262\347\352\034\346\347\242\215,\312\376=\277\353{\350\225\301\305`^, ""; closeTime: 803902460; signature: ""0D\002 s9D\377\337\270\034\232\230t\016\366\260d\206\256\354\223\211[/\270\257\361[^\262\013\231Kp\271\002 \026\353I\300\007w\364\364A\032\252\252]4T3\355E\353\306*+|\350\007\323mC%\007\330\026""; previousledger: ""\214.\207\210%\003 \010ML\347\200R\304&\320_\215\226\344\334\033\354\2002\255\216\332\317\255\034\017""; ","proposeSeq: 0; currentTxHash: ""\000\000\000\000\000\000\000\000\000\000\000\000\000\000\000\000\000\000\000\000\000\000\000\000\000\000\000\000\000\000\000\000""; nodePubKey: ""\003\325Q\255\224\274R@\312\253\262\347\352\034\346\347\242\215,\312\376=\277\353{\350\225\301\305`^, ""; closeTime: 803902460; signature: ""0D\002 s9D\377\337\270\034\232\230t\016\366\260d\206\256\354\223\211[/\270\257\361[^\262\013\231Kp\271\002 \026\353I\300\007w\364\364A\032\252\252]4T3\355E\353\306*+|\350\007\323mC%\007\330\026""; previousledger: ""\214.\207\210%\003 \010ML\347\200R\304&\320_\215\226\344\334\033\354\2002\255\216\332\317\255\034\017""; "
1750587260906,1750587260906,483,1,3,4,TMProposeSet,"proposeSeq: 0; currentTxHash: ""\000\000\000\000\000\000\000\000\000\000\000\000\000\000\000\000\000\000\000\000\000\000\000\000\000\000\000\000\000\000\000\000""; nodePubKey: ""\003\325Q\255\224\274R@\312\253\262\347\352\034\346\347\242\215,\312\376=\277\353{\350\225\301\305`^, ""; closeTime: 803902460; signature: ""0D\002 s9D\377\337\270\034\232\230t\016\366\260d\206\256\354\223\211[/\270\257\361[^\262\013\231Kp\271\002 \026\353I\300\007w\364\364A\032\252\252]4T3\355E\353\306*+|\350\007\323mC%\007\330\026""; previousledger: ""\214.\207\210%\003 \010ML\347\200R\304&\320_\215\226\344\334\033\354\2002\255\216\332\317\255\034\017""; ","proposeSeq: 0; currentTxHash: ""\000\000\000\000\000\000\000\000\000\000\000\000\000\000\000\000\000\000\000\000\000\000\000\000\000\000\000\000\000\000\000\000""; nodePubKey: ""\003\325Q\255\224\274R@\312\253\262\347\352\034\346\347\242\215,\312\376=\277\353{\350\225\301\305`^, ""; closeTime: 803902460; signature: ""0D\002 s9D\377\337\270\034\232\230t\016\366\260d\206\256\354\223\211[/\270\257\361[^\262\013\231Kp\271\002 \026\353I\300\007w\364\364A\032\252\252]4T3\355E\353\306*+|\350\007\323mC%\007\330\026""; previousledger: ""\214.\207\210%\003 \010ML\347\200R\304&\320_\215\226\344\334\033\354\2002\255\216\332\317\255\034\017""; "
1750587260862,1750587260939,972,1,3,4,TMStatusChange,"newEvent: neCLOSING_LEDGER; ledgerSeq: 2; ledgerHash: ""\214.\207\210%\003 \010ML\347\200R\304&\320_\215\226\344\334\033\354\2002\255\216\332\317\255\034\017""; ledgerHashPrevious: ""-}\351f\032\255\274\334m\326c\017\014ao[\342\230\003\245\245\3341Hm\326^\017jy\335\261""; networkTime: 803902460; firstSeq: 1; lastSeq: 1; ","newEvent: neCLOSING_LEDGER; ledgerSeq: 2; ledgerHash: ""\214.\207\210%\003 \010ML\347\200R\304&\320_\215\226\344\334\033\354\2002\255\216\332\317\255\034\017""; ledgerHashPrevious: ""-}\351f\032\255\274\334m\326c\017\014ao[\342\230\003\245\245\3341Hm\326^\017jy\335\261""; networkTime: 803902460; firstSeq: 1; lastSeq: 1; "
1750587260865,1750587260941,1591,1,3,1,TMStatusChange,"newEvent: neCLOSING_LEDGER; ledgerSeq: 2; ledgerHash: ""\214.\207\210%\003 \010ML\347\200R\304&\320_\215\226\344\334\033\354\2002\255\216\332\317\255\034\017""; ledgerHashPrevious: ""-}\351f\032\255\274\334m\326c\017\014ao[\342\230\003\245\245\3341Hm\326^\017jy\335\261""; networkTime: 803902460; firstSeq: 1; lastSeq: 1; ","newEvent: neCLOSING_LEDGER; ledgerSeq: 2; ledgerHash: ""\214.\207\210%\003 \010ML\347\200R\304&\320_\215\226\344\334\033\354\2002\255\216\332\317\255\034\017""; ledgerHashPrevious: ""-}\351f\032\255\274\334m\326c\017\014ao[\342\230\003\245\245\3341Hm\326^\017jy\335\261""; networkTime: 803902460; firstSeq: 1; lastSeq: 1; "
1750587260865,1750587260941,854,1,3,2,TMStatusChange,"newEvent: neCLOSING_LEDGER; ledgerSeq: 2; ledgerHash: ""\214.\207\210%\003 \010ML\347\200R\304&\320_\215\226\344\334\033\354\2002\255\216\332\317\255\034\017""; ledgerHashPrevious: ""-}\351f\032\255\274\334m\326c\017\014ao[\342\230\003\245\245\3341Hm\326^\017jy\335\261""; networkTime: 803902460; firstSeq: 1; lastSeq: 1; ","newEvent: neCLOSING_LEDGER; ledgerSeq: 2; ledgerHash: ""\214.\207\210%\003 \010ML\347\200R\304&\320_\215\226\344\334\033\354\2002\255\216\332\317\255\034\017""; ledgerHashPrevious: ""-}\351f\032\255\274\334m\326c\017\014ao[\342\230\003\245\245\3341Hm\326^\017jy\335\261""; networkTime: 803902460; firstSeq: 1; lastSeq: 1; "
1750587260866,1750587260941,1393,1,3,0,TMStatusChange,"newEvent: neCLOSING_LEDGER; ledgerSeq: 2; ledgerHash: ""\214.\207\210%\003 \010ML\347\200R\304&\320_\215\226\344\334\033\354\2002\255\216\332\317\255\034\017""; ledgerHashPrevious: ""-}\351f\032\255\274\334m\326c\017\014ao[\342\230\003\245\245\3341Hm\326^\017jy\335\261""; networkTime: 803902460; firstSeq: 1; lastSeq: 1; ","newEvent: neCLOSING_LEDGER; ledgerSeq: 2; ledgerHash: ""\214.\207\210%\003 \010ML\347\200R\304&\320_\215\226\344\334\033\354\2002\255\216\332\317\255\034\017""; ledgerHashPrevious: ""-}\351f\032\255\274\334m\326c\017\014ao[\342\230\003\245\245\3341Hm\326^\017jy\335\261""; networkTime: 803902460; firstSeq: 1; lastSeq: 1; "
1750587260997,1750587260997,2970,1,0,4,TMProposeSet,"proposeSeq: 0; currentTxHash: ""\000\000\000\000\000\000\000\000\000\000\000\000\000\000\000\000\000\000\000\000\000\000\000\000\000\000\000\000\000\000\000\000""; nodePubKey: ""\002\347\243J\206W\025ML\260\226\0163\217\250\337\325W\253\356*O\245Z\271\234\207C\274\375`\335\311""; closeTime: 803902460; signature: ""0E\002!\000\377\324.\225\177V[''V\303_w\007{\035}\021\334\313_]\344\330\230\274\000\321\357\331Z\254\002 L\202\312\342\212\221\000\005\247OG\227\025\335\036o\r\343\234L\204\036\330e.\231\323y$\3204\350""; previousledger: ""\214.\207\210%\003 \010ML\347\200R\304&\320_\215\226\344\334\033\354\2002\255\216\332\317\255\034\017""; ","proposeSeq: 0; currentTxHash: ""\000\000\000\000\000\000\000\000\000\000\000\000\000\000\000\000\000\000\000\000\000\000\000\000\000\000\000\000\000\000\000\000""; nodePubKey: ""\002\347\243J\206W\025ML\260\226\0163\217\250\337\325W\253\356*O\245Z\271\234\207C\274\375`\335\311""; closeTime: 803902460; signature: ""0E\002!\000\377\324.\225\177V[''V\303_w\007{\035}\021\334\313_]\344\330\230\274\000\321\357\331Z\254\002 L\202\312\342\212\221\000\005\247OG\227\025\335\036o\r\343\234L\204\036\330e.\231\323y$\3204\350""; previousledger: ""\214.\207\210%\003 \010ML\347\200R\304&\320_\215\226\344\334\033\354\2002\255\216\332\317\255\034\017""; "
1750587260997,1750587260997,141,1,0,3,TMProposeSet,"proposeSeq: 0; currentTxHash: ""\000\000\000\000\000\000\000\000\000\000\000\000\000\000\000\000\000\000\000\000\000\000\000\000\000\000\000\000\000\000\000\000""; nodePubKey: ""\002\347\243J\206W\025ML\260\226\0163\217\250\337\325W\253\356*O\245Z\271\234\207C\274\375`\335\311""; closeTime: 803902460; signature: ""0E\002!\000\377\324.\225\177V[''V\303_w\007{\035}\021\334\313_]\344\330\230\274\000\321\357\331Z\254\002 L\202\312\342\212\221\000\005\247OG\227\025\335\036o\r\343\234L\204\036\330e.\231\323y$\3204\350""; previousledger: ""\214.\207\210%\003 \010ML\347\200R\304&\320_\215\226\344\334\033\354\2002\255\216\332\317\255\034\017""; ","proposeSeq: 0; currentTxHash: ""\000\000\000\000\000\000\000\000\000\000\000\000\000\000\000\000\000\000\000\000\000\000\000\000\000\000\000\000\000\000\000\000""; nodePubKey: ""\002\347\243J\206W\025ML\260\226\0163\217\250\337\325W\253\356*O\245Z\271\234\207C\274\375`\335\311""; closeTime: 803902460; signature: ""0E\002!\000\377\324.\225\177V[''V\303_w\007{\035}\021\334\313_]\344\330\230\274\000\321\357\331Z\254\002 L\202\312\342\212\221\000\005\247OG\227\025\335\036o\r\343\234L\204\036\330e.\231\323y$\3204\350""; previousledger: ""\214.\207\210%\003 \010ML\347\200R\304&\320_\215\226\344\334\033\354\2002\255\216\332\317\255\034\017""; "
1750587261007,1750587261007,190,1,0,1,TMProposeSet,"proposeSeq: 0; currentTxHash: ""\000\000\000\000\000\000\000\000\000\000\000\000\000\000\000\000\000\000\000\000\000\000\000\000\000\000\000\000\000\000\000\000""; nodePubKey: ""\002\347\243J\206W\025ML\260\226\0163\217\250\337\325W\253\356*O\245Z\271\234\207C\274\375`\335\311""; closeTime: 803902460; signature: ""0E\002!\000\377\324.\225\177V[''V\303_w\007{\035}\021\334\313_]\344\330\230\274\000\321\357\331Z\254\002 L\202\312\342\212\221\000\005\247OG\227\025\335\036o\r\343\234L\204\036\330e.\231\323y$\3204\350""; previousledger: ""\214.\207\210%\003 \010ML\347\200R\304&\320_\215\226\344\334\033\354\2002\255\216\332\317\255\034\017""; ","proposeSeq: 0; currentTxHash: ""\000\000\000\000\000\000\000\000\000\000\000\000\000\000\000\000\000\000\000\000\000\000\000\000\000\000\000\000\000\000\000\000""; nodePubKey: ""\002\347\243J\206W\025ML\260\226\0163\217\250\337\325W\253\356*O\245Z\271\234\207C\274\375`\335\311""; closeTime: 803902460; signature: ""0E\002!\000\377\324.\225\177V[''V\303_w\007{\035}\021\334\313_]\344\330\230\274\000\321\357\331Z\254\002 L\202\312\342\212\221\000\005\247OG\227\025\335\036o\r\343\234L\204\036\330e.\231\323y$\3204\350""; previousledger: ""\214.\207\210%\003 \010ML\347\200R\304&\320_\215\226\344\334\033\354\2002\255\216\332\317\255\034\017""; "
1750587261007,1750587261007,1290,1,0,2,TMProposeSet,"proposeSeq: 0; currentTxHash: ""\000\000\000\000\000\000\000\000\000\000\000\000\000\000\000\000\000\000\000\000\000\000\000\000\000\000\000\000\000\000\000\000""; nodePubKey: ""\002\347\243J\206W\025ML\260\226\0163\217\250\337\325W\253\356*O\245Z\271\234\207C\274\375`\335\311""; closeTime: 803902460; signature: ""0E\002!\000\377\324.\225\177V[''V\303_w\007{\035}\021\334\313_]\344\330\230\274\000\321\357\331Z\254\002 L\202\312\342\212\221\000\005\247OG\227\025\335\036o\r\343\234L\204\036\330e.\231\323y$\3204\350""; previousledger: ""\214.\207\210%\003 \010ML\347\200R\304&\320_\215\226\344\334\033\354\2002\255\216\332\317\255\034\017""; ","proposeSeq: 0; currentTxHash: ""\000\000\000\000\000\000\000\000\000\000\000\000\000\000\000\000\000\000\000\000\000\000\000\000\000\000\000\000\000\000\000\000""; nodePubKey: ""\002\347\243J\206W\025ML\260\226\0163\217\250\337\325W\253\356*O\245Z\271\234\207C\274\375`\335\311""; closeTime: 803902460; signature: ""0E\002!\000\377\324.\225\177V[''V\303_w\007{\035}\021\334\313_]\344\330\230\274\000\321\357\331Z\254\002 L\202\312\342\212\221\000\005\247OG\227\025\335\036o\r\343\234L\204\036\330e.\231\323y$\3204\350""; previousledger: ""\214.\207\210%\003 \010ML\347\200R\304&\320_\215\226\344\334\033\354\2002\255\216\332\317\255\034\017""; "
1750587261004,1750587261085,3150,1,0,3,TMStatusChange,"newEvent: neCLOSING_LEDGER; ledgerSeq: 2; ledgerHash: ""\214.\207\210%\003 \010ML\347\200R\304&\320_\215\226\344\334\033\354\2002\255\216\332\317\255\034\017""; ledgerHashPrevious: ""-}\351f\032\255\274\334m\326c\017\014ao[\342\230\003\245\245\3341Hm\326^\017jy\335\261""; networkTime: 803902460; firstSeq: 1; lastSeq: 1; ","newEvent: neCLOSING_LEDGER; ledgerSeq: 2; ledgerHash: ""\214.\207\210%\003 \010ML\347\200R\304&\320_\215\226\344\334\033\354\2002\255\216\332\317\255\034\017""; ledgerHashPrevious: ""-}\351f\032\255\274\334m\326c\017\014ao[\342\230\003\245\245\3341Hm\326^\017jy\335\261""; networkTime: 803902460; firstSeq: 1; lastSeq: 1; "
1750587261006,1750587261085,468,1,0,1,TMStatusChange,"newEvent: neCLOSING_LEDGER; ledgerSeq: 2; ledgerHash: ""\214.\207\210%\003 \010ML\347\200R\304&\320_\215\226\344\334\033\354\2002\255\216\332\317\255\034\017""; ledgerHashPrevious: ""-}\351f\032\255\274\334m\326c\017\014ao[\342\230\003\245\245\3341Hm\326^\017jy\335\261""; networkTime: 803902460; firstSeq: 1; lastSeq: 1; ","newEvent: neCLOSING_LEDGER; ledgerSeq: 2; ledgerHash: ""\214.\207\210%\003 \010ML\347\200R\304&\320_\215\226\344\334\033\354\2002\255\216\332\317\255\034\017""; ledgerHashPrevious: ""-}\351f\032\255\274\334m\326c\017\014ao[\342\230\003\245\245\3341Hm\326^\017jy\335\261""; networkTime: 803902460; firstSeq: 1; lastSeq: 1; "
1750587261006,1750587261085,2252,1,0,4,TMStatusChange,"newEvent: neCLOSING_LEDGER; ledgerSeq: 2; ledgerHash: ""\214.\207\210%\003 \010ML\347\200R\304&\320_\215\226\344\334\033\354\2002\255\216\332\317\255\034\017""; ledgerHashPrevious: ""-}\351f\032\255\274\334m\326c\017\014ao[\342\230\003\245\245\3341Hm\326^\017jy\335\261""; networkTime: 803902460; firstSeq: 1; lastSeq: 1; ","newEvent: neCLOSING_LEDGER; ledgerSeq: 2; ledgerHash: ""\214.\207\210%\003 \010ML\347\200R\304&\320_\215\226\344\334\033\354\2002\255\216\332\317\255\034\017""; ledgerHashPrevious: ""-}\351f\032\255\274\334m\326c\017\014ao[\342\230\003\245\245\3341Hm\326^\017jy\335\261""; networkTime: 803902460; firstSeq: 1; lastSeq: 1; "
1750587261009,1750587261086,615,1,0,2,TMStatusChange,"newEvent: neCLOSING_LEDGER; ledgerSeq: 2; ledgerHash: ""\214.\207\210%\003 \010ML\347\200R\304&\320_\215\226\344\334\033\354\2002\255\216\332\317\255\034\017""; ledgerHashPrevious: ""-}\351f\032\255\274\334m\326c\017\014ao[\342\230\003\245\245\3341Hm\326^\017jy\335\261""; networkTime: 803902460; firstSeq: 1; lastSeq: 1; ","newEvent: neCLOSING_LEDGER; ledgerSeq: 2; ledgerHash: ""\214.\207\210%\003 \010ML\347\200R\304&\320_\215\226\344\334\033\354\2002\255\216\332\317\255\034\017""; ledgerHashPrevious: ""-}\351f\032\255\274\334m\326c\017\014ao[\342\230\003\245\245\3341Hm\326^\017jy\335\261""; networkTime: 803902460; firstSeq: 1; lastSeq: 1; "
1750587261093,1750587261093,628,1,3,2,TMLedgerData,"ledgerHash: ""\214.\207\210%\003 \010ML\347\200R\304&\320_\215\226\344\334\033\354\2002\255\216\332\317\255\034\017""; ledgerSeq: 2; type: liBASE; nodes {;   nodedata: ""\000\000\000\002\001cEx]\212\000\000-}\351f\032\255\274\334m\326c\017\014ao[\342\230\003\245\245\3341Hm\326^\017jy\335\261\000\000\000\000\000\000\000\000\000\000\000\000\000\000\000\000\000\000\000\000\000\000\000\000\000\000\000\000\000\000\000\000{e\2655L\2440\340\020\277~\333\017WF\230\334\351\277\266\267\357{\321\317\275\374\330\255\231Z\226(\366\274\006/\352\223\350\n\000""; }; nodes {;   nodedata: ""\303\016\021\310<Z\337\266>\225@&n\022\246\274\353\220\345b3\035\313\350L\354\254\002\005\305\035\017\002E\344\037@\210\363\010\336T\226\247'\204_{\261\370""1\235\2445\343\033Y!\212\201\341\272\225'\007>L\014O\253g\352\035\214I\361\342\213\274\243\225\r\327qi\207\254\211\347\300?w\214Ha~\260\013\003""; }; ","ledgerHash: ""\214.\207\210%\003 \010ML\347\200R\304&\320_\215\226\344\334\033\354\2002\255\216\332\317\255\034\017""; ledgerSeq: 2; type: liBASE; nodes {;   nodedata: ""\000\000\000\002\001cEx]\212\000\000-}\351f\032\255\274\334m\326c\017\014ao[\342\230\003\245\245\3341Hm\326^\017jy\335\261\000\000\000\000\000\000\000\000\000\000\000\000\000\000\000\000\000\000\000\000\000\000\000\000\000\000\000\000\000\000\000\000{e\2655L\2440\340\020\277~\333\017WF\230\334\351\277\266\267\357{\321\317\275\374\330\255\231Z\226(\366\274\006/\352\223\350\n\000""; }; nodes {;   nodedata: ""\303\016\021\310<Z\337\266>\225@&n\022\246\274\353\220\345b3\035\313\350L\354\254\002\005\305\035\017\002E\344\037@\210\363\010\336T\226\247'\204_{\261\370""1\235\2445\343\033Y!\212\201\341\272\225'\007>L\014O\253g\352\035\214I\361\342\213\274\243\225\r\327qi\207\254\211\347\300?w\214Ha~\260\013\003""; }; "
1750587261094,1750587261094,628,1,3,2,TMLedgerData,"ledgerHash: ""\214.\207\210%\003 \010ML\347\200R\304&\320_\215\226\344\334\033\354\2002\255\216\332\317\255\034\017""; ledgerSeq: 2; type: liBASE; nodes {;   nodedata: ""\000\000\000\002\001cEx]\212\000\000-}\351f\032\255\274\334m\326c\017\014ao[\342\230\003\245\245\3341Hm\326^\017jy\335\261\000\000\000\000\000\000\000\000\000\000\000\000\000\000\000\000\000\000\000\000\000\000\000\000\000\000\000\000\000\000\000\000{e\2655L\2440\340\020\277~\333\017WF\230\334\351\277\266\267\357{\321\317\275\374\330\255\231Z\226(\366\274\006/\352\223\350\n\000""; }; nodes {;   nodedata: ""\303\016\021\310<Z\337\266>\225@&n\022\246\274\353\220\345b3\035\313\350L\354\254\002\005\305\035\017\002E\344\037@\210\363\010\336T\226\247'\204_{\261\370""1\235\2445\343\033Y!\212\201\341\272\225'\007>L\014O\253g\352\035\214I\361\342\213\274\243\225\r\327qi\207\254\211\347\300?w\214Ha~\260\013\003""; }; ","ledgerHash: ""\214.\207\210%\003 \010ML\347\200R\304&\320_\215\226\344\334\033\354\2002\255\216\332\317\255\034\017""; ledgerSeq: 2; type: liBASE; nodes {;   nodedata: ""\000\000\000\002\001cEx]\212\000\000-}\351f\032\255\274\334m\326c\017\014ao[\342\230\003\245\245\3341Hm\326^\017jy\335\261\000\000\000\000\000\000\000\000\000\000\000\000\000\000\000\000\000\000\000\000\000\000\000\000\000\000\000\000\000\000\000\000{e\2655L\2440\340\020\277~\333\017WF\230\334\351\277\266\267\357{\321\317\275\374\330\255\231Z\226(\366\274\006/\352\223\350\n\000""; }; nodes {;   nodedata: ""\303\016\021\310<Z\337\266>\225@&n\022\246\274\353\220\345b3\035\313\350L\354\254\002\005\305\035\017\002E\344\037@\210\363\010\336T\226\247'\204_{\261\370""1\235\2445\343\033Y!\212\201\341\272\225'\007>L\014O\253g\352\035\214I\361\342\213\274\243\225\r\327qi\207\254\211\347\300?w\214Ha~\260\013\003""; }; "
1750587261139,1750587261139,1317,1,3,2,TMProposeSet,"proposeSeq: 0; currentTxHash: ""\000\000\000\000\000\000\000\000\000\000\000\000\000\000\000\000\000\000\000\000\000\000\000\000\000\000\000\000\000\000\000\000""; nodePubKey: ""\002\347\243J\206W\025ML\260\226\0163\217\250\337\325W\253\356*O\245Z\271\234\207C\274\375`\335\311""; closeTime: 803902460; signature: ""0E\002!\000\377\324.\225\177V[''V\303_w\007{\035}\021\334\313_]\344\330\230\274\000\321\357\331Z\254\002 L\202\312\342\212\221\000\005\247OG\227\025\335\036o\r\343\234L\204\036\330e.\231\323y$\3204\350""; previousledger: ""\214.\207\210%\003 \010ML\347\200R\304&\320_\215\226\344\334\033\354\2002\255\216\332\317\255\034\017""; ","proposeSeq: 0; currentTxHash: ""\000\000\000\000\000\000\000\000\000\000\000\000\000\000\000\000\000\000\000\000\000\000\000\000\000\000\000\000\000\000\000\000""; nodePubKey: ""\002\347\243J\206W\025ML\260\226\0163\217\250\337\325W\253\356*O\245Z\271\234\207C\274\375`\335\311""; closeTime: 803902460; signature: ""0E\002!\000\377\324.\225\177V[''V\303_w\007{\035}\021\334\313_]\344\330\230\274\000\321\357\331Z\254\002 L\202\312\342\212\221\000\005\247OG\227\025\335\036o\r\343\234L\204\036\330e.\231\323y$\3204\350""; previousledger: ""\214.\207\210%\003 \010ML\347\200R\304&\320_\215\226\344\334\033\354\2002\255\216\332\317\255\034\017""; "
1750587261140,1750587261140,483,1,3,4,TMProposeSet,"proposeSeq: 0; currentTxHash: ""\000\000\000\000\000\000\000\000\000\000\000\000\000\000\000\000\000\000\000\000\000\000\000\000\000\000\000\000\000\000\000\000""; nodePubKey: ""\002\347\243J\206W\025ML\260\226\0163\217\250\337\325W\253\356*O\245Z\271\234\207C\274\375`\335\311""; closeTime: 803902460; signature: ""0E\002!\000\377\324.\225\177V[''V\303_w\007{\035}\021\334\313_]\344\330\230\274\000\321\357\331Z\254\002 L\202\312\342\212\221\000\005\247OG\227\025\335\036o\r\343\234L\204\036\330e.\231\323y$\3204\350""; previousledger: ""\214.\207\210%\003 \010ML\347\200R\304&\320_\215\226\344\334\033\354\2002\255\216\332\317\255\034\017""; ","proposeSeq: 0; currentTxHash: ""\000\000\000\000\000\000\000\000\000\000\000\000\000\000\000\000\000\000\000\000\000\000\000\000\000\000\000\000\000\000\000\000""; nodePubKey: ""\002\347\243J\206W\025ML\260\226\0163\217\250\337\325W\253\356*O\245Z\271\234\207C\274\375`\335\311""; closeTime: 803902460; signature: ""0E\002!\000\377\324.\225\177V[''V\303_w\007{\035}\021\334\313_]\344\330\230\274\000\321\357\331Z\254\002 L\202\312\342\212\221\000\005\247OG\227\025\335\036o\r\343\234L\204\036\330e.\231\323y$\3204\350""; previousledger: ""\214.\207\210%\003 \010ML\347\200R\304&\320_\215\226\344\334\033\354\2002\255\216\332\317\255\034\017""; "
1750587261140,1750587261140,3656,1,3,1,TMProposeSet,"proposeSeq: 0; currentTxHash: ""\000\000\000\000\000\000\000\000\000\000\000\000\000\000\000\000\000\000\000\000\000\000\000\000\000\000\000\000\000\000\000\000""; nodePubKey: ""\002\347\243J\206W\025ML\260\226\0163\217\250\337\325W\253\356*O\245Z\271\234\207C\274\375`\335\311""; closeTime: 803902460; signature: ""0E\002!\000\377\324.\225\177V[''V\303_w\007{\035}\021\334\313_]\344\330\230\274\000\321\357\331Z\254\002 L\202\312\342\212\221\000\005\247OG\227\025\335\036o\r\343\234L\204\036\330e.\231\323y$\3204\350""; previousledger: ""\214.\207\210%\003 \010ML\347\200R\304&\320_\215\226\344\334\033\354\2002\255\216\332\317\255\034\017""; ","proposeSeq: 0; currentTxHash: ""\000\000\000\000\000\000\000\000\000\000\000\000\000\000\000\000\000\000\000\000\000\000\000\000\000\000\000\000\000\000\000\000""; nodePubKey: ""\002\347\243J\206W\025ML\260\226\0163\217\250\337\325W\253\356*O\245Z\271\234\207C\274\375`\335\311""; closeTime: 803902460; signature: ""0E\002!\000\377\324.\225\177V[''V\303_w\007{\035}\021\334\313_]\344\330\230\274\000\321\357\331Z\254\002 L\202\312\342\212\221\000\005\247OG\227\025\335\036o\r\343\234L\204\036\330e.\231\323y$\3204\350""; previousledger: ""\214.\207\210%\003 \010ML\347\200R\304&\320_\215\226\344\334\033\354\2002\255\216\332\317\255\034\017""; "
1750587261190,1750587261190,3375,1,1,4,TMProposeSet,"proposeSeq: 0; currentTxHash: ""\000\000\000\000\000\000\000\000\000\000\000\000\000\000\000\000\000\000\000\000\000\000\000\000\000\000\000\000\000\000\000\000""; nodePubKey: ""\002\347\243J\206W\025ML\260\226\0163\217\250\337\325W\253\356*O\245Z\271\234\207C\274\375`\335\311""; closeTime: 803902460; signature: ""0E\002!\000\377\324.\225\177V[''V\303_w\007{\035}\021\334\313_]\344\330\230\274\000\321\357\331Z\254\002 L\202\312\342\212\221\000\005\247OG\227\025\335\036o\r\343\234L\204\036\330e.\231\323y$\3204\350""; previousledger: ""\214.\207\210%\003 \010ML\347\200R\304&\320_\215\226\344\334\033\354\2002\255\216\332\317\255\034\017""; ","proposeSeq: 0; currentTxHash: ""\000\000\000\000\000\000\000\000\000\000\000\000\000\000\000\000\000\000\000\000\000\000\000\000\000\000\000\000\000\000\000\000""; nodePubKey: ""\002\347\243J\206W\025ML\260\226\0163\217\250\337\325W\253\356*O\245Z\271\234\207C\274\375`\335\311""; closeTime: 803902460; signature: ""0E\002!\000\377\324.\225\177V[''V\303_w\007{\035}\021\334\313_]\344\330\230\274\000\321\357\331Z\254\002 L\202\312\342\212\221\000\005\247OG\227\025\335\036o\r\343\234L\204\036\330e.\231\323y$\3204\350""; previousledger: ""\214.\207\210%\003 \010ML\347\200R\304&\320_\215\226\344\334\033\354\2002\255\216\332\317\255\034\017""; "
1750587261190,1750587261190,1799,1,1,2,TMProposeSet,"proposeSeq: 0; currentTxHash: ""\000\000\000\000\000\000\000\000\000\000\000\000\000\000\000\000\000\000\000\000\000\000\000\000\000\000\000\000\000\000\000\000""; nodePubKey: ""\002\347\243J\206W\025ML\260\226\0163\217\250\337\325W\253\356*O\245Z\271\234\207C\274\375`\335\311""; closeTime: 803902460; signature: ""0E\002!\000\377\324.\225\177V[''V\303_w\007{\035}\021\334\313_]\344\330\230\274\000\321\357\331Z\254\002 L\202\312\342\212\221\000\005\247OG\227\025\335\036o\r\343\234L\204\036\330e.\231\323y$\3204\350""; previousledger: ""\214.\207\210%\003 \010ML\347\200R\304&\320_\215\226\344\334\033\354\2002\255\216\332\317\255\034\017""; ","proposeSeq: 0; currentTxHash: ""\000\000\000\000\000\000\000\000\000\000\000\000\000\000\000\000\000\000\000\000\000\000\000\000\000\000\000\000\000\000\000\000""; nodePubKey: ""\002\347\243J\206W\025ML\260\226\0163\217\250\337\325W\253\356*O\245Z\271\234\207C\274\375`\335\311""; closeTime: 803902460; signature: ""0E\002!\000\377\324.\225\177V[''V\303_w\007{\035}\021\334\313_]\344\330\230\274\000\321\357\331Z\254\002 L\202\312\342\212\221\000\005\247OG\227\025\335\036o\r\343\234L\204\036\330e.\231\323y$\3204\350""; previousledger: ""\214.\207\210%\003 \010ML\347\200R\304&\320_\215\226\344\334\033\354\2002\255\216\332\317\255\034\017""; "
1750587261191,1750587261191,3538,1,1,3,TMProposeSet,"proposeSeq: 0; currentTxHash: ""\000\000\000\000\000\000\000\000\000\000\000\000\000\000\000\000\000\000\000\000\000\000\000\000\000\000\000\000\000\000\000\000""; nodePubKey: ""\002\347\243J\206W\025ML\260\226\0163\217\250\337\325W\253\356*O\245Z\271\234\207C\274\375`\335\311""; closeTime: 803902460; signature: ""0E\002!\000\377\324.\225\177V[''V\303_w\007{\035}\021\334\313_]\344\330\230\274\000\321\357\331Z\254\002 L\202\312\342\212\221\000\005\247OG\227\025\335\036o\r\343\234L\204\036\330e.\231\323y$\3204\350""; previousledger: ""\214.\207\210%\003 \010ML\347\200R\304&\320_\215\226\344\334\033\354\2002\255\216\332\317\255\034\017""; ","proposeSeq: 0; currentTxHash: ""\000\000\000\000\000\000\000\000\000\000\000\000\000\000\000\000\000\000\000\000\000\000\000\000\000\000\000\000\000\000\000\000""; nodePubKey: ""\002\347\243J\206W\025ML\260\226\0163\217\250\337\325W\253\356*O\245Z\271\234\207C\274\375`\335\311""; closeTime: 803902460; signature: ""0E\002!\000\377\324.\225\177V[''V\303_w\007{\035}\021\334\313_]\344\330\230\274\000\321\357\331Z\254\002 L\202\312\342\212\221\000\005\247OG\227\025\335\036o\r\343\234L\204\036\330e.\231\323y$\3204\350""; previousledger: ""\214.\207\210%\003 \010ML\347\200R\304&\320_\215\226\344\334\033\354\2002\255\216\332\317\255\034\017""; "
1750587261307,1750587261307,2970,1,0,4,TMProposeSet,"proposeSeq: 0; currentTxHash: ""\000\000\000\000\000\000\000\000\000\000\000\000\000\000\000\000\000\000\000\000\000\000\000\000\000\000\000\000\000\000\000\000""; nodePubKey: ""\003\325Q\255\224\274R@\312\253\262\347\352\034\346\347\242\215,\312\376=\277\353{\350\225\301\305`^, ""; closeTime: 803902460; signature: ""0D\002 s9D\377\337\270\034\232\230t\016\366\260d\206\256\354\223\211[/\270\257\361[^\262\013\231Kp\271\002 \026\353I\300\007w\364\364A\032\252\252]4T3\355E\353\306*+|\350\007\323mC%\007\330\026""; previousledger: ""\214.\207\210%\003 \010ML\347\200R\304&\320_\215\226\344\334\033\354\2002\255\216\332\317\255\034\017""; ","proposeSeq: 0; currentTxHash: ""\000\000\000\000\000\000\000\000\000\000\000\000\000\000\000\000\000\000\000\000\000\000\000\000\000\000\000\000\000\000\000\000""; nodePubKey: ""\003\325Q\255\224\274R@\312\253\262\347\352\034\346\347\242\215,\312\376=\277\353{\350\225\301\305`^, ""; closeTime: 803902460; signature: ""0D\002 s9D\377\337\270\034\232\230t\016\366\260d\206\256\354\223\211[/\270\257\361[^\262\013\231Kp\271\002 \026\353I\300\007w\364\364A\032\252\252]4T3\355E\353\306*+|\350\007\323mC%\007\330\026""; previousledger: ""\214.\207\210%\003 \010ML\347\200R\304&\320_\215\226\344\334\033\354\2002\255\216\332\317\255\034\017""; "
1750587261308,1750587261308,190,1,0,1,TMProposeSet,"proposeSeq: 0; currentTxHash: ""\000\000\000\000\000\000\000\000\000\000\000\000\000\000\000\000\000\000\000\000\000\000\000\000\000\000\000\000\000\000\000\000""; nodePubKey: ""\003\325Q\255\224\274R@\312\253\262\347\352\034\346\347\242\215,\312\376=\277\353{\350\225\301\305`^, ""; closeTime: 803902460; signature: ""0D\002 s9D\377\337\270\034\232\230t\016\366\260d\206\256\354\223\211[/\270\257\361[^\262\013\231Kp\271\002 \026\353I\300\007w\364\364A\032\252\252]4T3\355E\353\306*+|\350\007\323mC%\007\330\026""; previousledger: ""\214.\207\210%\003 \010ML\347\200R\304&\320_\215\226\344\334\033\354\2002\255\216\332\317\255\034\017""; ","proposeSeq: 0; currentTxHash: ""\000\000\000\000\000\000\000\000\000\000\000\000\000\000\000\000\000\000\000\000\000\000\000\000\000\000\000\000\000\000\000\000""; nodePubKey: ""\003\325Q\255\224\274R@\312\253\262\347\352\034\346\347\242\215,\312\376=\277\353{\350\225\301\305`^, ""; closeTime: 803902460; signature: ""0D\002 s9D\377\337\270\034\232\230t\016\366\260d\206\256\354\223\211[/\270\257\361[^\262\013\231Kp\271\002 \026\353I\300\007w\364\364A\032\252\252]4T3\355E\353\306*+|\350\007\323mC%\007\330\026""; previousledger: ""\214.\207\210%\003 \010ML\347\200R\304&\320_\215\226\344\334\033\354\2002\255\216\332\317\255\034\017""; "
1750587261308,1750587261308,1290,1,0,2,TMProposeSet,"proposeSeq: 0; currentTxHash: ""\000\000\000\000\000\000\000\000\000\000\000\000\000\000\000\000\000\000\000\000\000\000\000\000\000\000\000\000\000\000\000\000""; nodePubKey: ""\003\325Q\255\224\274R@\312\253\262\347\352\034\346\347\242\215,\312\376=\277\353{\350\225\301\305`^, ""; closeTime: 803902460; signature: ""0D\002 s9D\377\337\270\034\232\230t\016\366\260d\206\256\354\223\211[/\270\257\361[^\262\013\231Kp\271\002 \026\353I\300\007w\364\364A\032\252\252]4T3\355E\353\306*+|\350\007\323mC%\007\330\026""; previousledger: ""\214.\207\210%\003 \010ML\347\200R\304&\320_\215\226\344\334\033\354\2002\255\216\332\317\255\034\017""; ","proposeSeq: 0; currentTxHash: ""\000\000\000\000\000\000\000\000\000\000\000\000\000\000\000\000\000\000\000\000\000\000\000\000\000\000\000\000\000\000\000\000""; nodePubKey: ""\003\325Q\255\224\274R@\312\253\262\347\352\034\346\347\242\215,\312\376=\277\353{\350\225\301\305`^, ""; closeTime: 803902460; signature: ""0D\002 s9D\377\337\270\034\232\230t\016\366\260d\206\256\354\223\211[/\270\257\361[^\262\013\231Kp\271\002 \026\353I\300\007w\364\364A\032\252\252]4T3\355E\353\306*+|\350\007\323mC%\007\330\026""; previousledger: ""\214.\207\210%\003 \010ML\347\200R\304&\320_\215\226\344\334\033\354\2002\255\216\332\317\255\034\017""; "
1750587261350,1750587261350,2970,1,0,4,TMProposeSet,"proposeSeq: 0; currentTxHash: ""\000\000\000\000\000\000\000\000\000\000\000\000\000\000\000\000\000\000\000\000\000\000\000\000\000\000\000\000\000\000\000\000""; nodePubKey: ""\003\343\005\311u\203\370\0338\3174\324\010\006\301\251\177\261\304eOX\262)FA-\022r\263wm\024""; closeTime: 803902460; signature: ""0E\002!\000\352\177\355Rd\326\3578\206g\314)\303:\340c\262_&\243\357\010\202u\022m\335\201z\220-\002\002 =\233\221I\303J\350\276\014?\246N\226x\302\001\210\307\352\356d\034\311e\205Yg\022\347\nX\210""; previousledger: ""\214.\207\210%\003 \010ML\347\200R\304&\320_\215\226\344\334\033\354\2002\255\216\332\317\255\034\017""; ","proposeSeq: 0; currentTxHash: ""\000\000\000\000\000\000\000\000\000\000\000\000\000\000\000\000\000\000\000\000\000\000\000\000\000\000\000\000\000\000\000\000""; nodePubKey: ""\003\343\005\311u\203\370\0338\3174\324\010\006\301\251\177\261\304eOX\262)FA-\022r\263wm\024""; closeTime: 803902460; signature: ""0E\002!\000\352\177\355Rd\326\3578\206g\314)\303:\340c\262_&\243\357\010\202u\022m\335\201z\220-\002\002 =\233\221I\303J\350\276\014?\246N\226x\302\001\210\307\352\356d\034\311e\205Yg\022\347\nX\210""; previousledger: ""\214.\207\210%\003 \010ML\347\200R\304&\320_\215\226\344\334\033\354\2002\255\216\332\317\255\034\017""; "
1750587261351,1750587261351,141,1,0,3,TMProposeSet,"proposeSeq: 0; currentTxHash: ""\000\000\000\000\000\000\000\000\000\000\000\000\000\000\000\000\000\000\000\000\000\000\000\000\000\000\000\000\000\000\000\000""; nodePubKey: ""\003\343\005\311u\203\370\0338\3174\324\010\006\301\251\177\261\304eOX\262)FA-\022r\263wm\024""; closeTime: 803902460; signature: ""0E\002!\000\352\177\355Rd\326\3578\206g\314)\303:\340c\262_&\243\357\010\202u\022m\335\201z\220-\002\002 =\233\221I\303J\350\276\014?\246N\226x\302\001\210\307\352\356d\034\311e\205Yg\022\347\nX\210""; previousledger: ""\214.\207\210%\003 \010ML\347\200R\304&\320_\215\226\344\334\033\354\2002\255\216\332\317\255\034\017""; ","proposeSeq: 0; currentTxHash: ""\000\000\000\000\000\000\000\000\000\000\000\000\000\000\000\000\000\000\000\000\000\000\000\000\000\000\000\000\000\000\000\000""; nodePubKey: ""\003\343\005\311u\203\370\0338\3174\324\010\006\301\251\177\261\304eOX\262)FA-\022r\263wm\024""; closeTime: 803902460; signature: ""0E\002!\000\352\177\355Rd\326\3578\206g\314)\303:\340c\262_&\243\357\010\202u\022m\335\201z\220-\002\002 =\233\221I\303J\350\276\014?\246N\226x\302\001\210\307\352\356d\034\311e\205Yg\022\347\nX\210""; previousledger: ""\214.\207\210%\003 \010ML\347\200R\304&\320_\215\226\344\334\033\354\2002\255\216\332\317\255\034\017""; "
1750587261351,1750587261351,1290,1,0,2,TMProposeSet,"proposeSeq: 0; currentTxHash: ""\000\000\000\000\000\000\000\000\000\000\000\000\000\000\000\000\000\000\000\000\000\000\000\000\000\000\000\000\000\000\000\000""; nodePubKey: ""\003\343\005\311u\203\370\0338\3174\324\010\006\301\251\177\261\304eOX\262)FA-\022r\263wm\024""; closeTime: 803902460; signature: ""0E\002!\000\352\177\355Rd\326\3578\206g\314)\303:\340c\262_&\243\357\010\202u\022m\335\201z\220-\002\002 =\233\221I\303J\350\276\014?\246N\226x\302\001\210\307\352\356d\034\311e\205Yg\022\347\nX\210""; previousledger: ""\214.\207\210%\003 \010ML\347\200R\304&\320_\215\226\344\334\033\354\2002\255\216\332\317\255\034\017""; ","proposeSeq: 0; currentTxHash: ""\000\000\000\000\000\000\000\000\000\000\000\000\000\000\000\000\000\000\000\000\000\000\000\000\000\000\000\000\000\000\000\000""; nodePubKey: ""\003\343\005\311u\203\370\0338\3174\324\010\006\301\251\177\261\304eOX\262)FA-\022r\263wm\024""; closeTime: 803902460; signature: ""0E\002!\000\352\177\355Rd\326\3578\206g\314)\303:\340c\262_&\243\357\010\202u\022m\335\201z\220-\002\002 =\233\221I\303J\350\276\014?\246N\226x\302\001\210\307\352\356d\034\311e\205Yg\022\347\nX\210""; previousledger: ""\214.\207\210%\003 \010ML\347\200R\304&\320_\215\226\344\334\033\354\2002\255\216\332\317\255\034\017""; "
1750587261391,1750587261391,3614,1,4,2,TMProposeSet,"proposeSeq: 0; currentTxHash: ""\000\000\000\000\000\000\000\000\000\000\000\000\000\000\000\000\000\000\000\000\000\000\000\000\000\000\000\000\000\000\000\000""; nodePubKey: ""\003\325Q\255\224\274R@\312\253\262\347\352\034\346\347\242\215,\312\376=\277\353{\350\225\301\305`^, ""; closeTime: 803902460; signature: ""0D\002 s9D\377\337\270\034\232\230t\016\366\260d\206\256\354\223\211[/\270\257\361[^\262\013\231Kp\271\002 \026\353I\300\007w\364\364A\032\252\252]4T3\355E\353\306*+|\350\007\323mC%\007\330\026""; previousledger: ""\214.\207\210%\003 \010ML\347\200R\304&\320_\215\226\344\334\033\354\2002\255\216\332\317\255\034\017""; ","proposeSeq: 0; currentTxHash: ""\000\000\000\000\000\000\000\000\000\000\000\000\000\000\000\000\000\000\000\000\000\000\000\000\000\000\000\000\000\000\000\000""; nodePubKey: ""\003\325Q\255\224\274R@\312\253\262\347\352\034\346\347\242\215,\312\376=\277\353{\350\225\301\305`^, ""; closeTime: 803902460; signature: ""0D\002 s9D\377\337\270\034\232\230t\016\366\260d\206\256\354\223\211[/\270\257\361[^\262\013\231Kp\271\002 \026\353I\300\007w\364\364A\032\252\252]4T3\355E\353\306*+|\350\007\323mC%\007\330\026""; previousledger: ""\214.\207\210%\003 \010ML\347\200R\304&\320_\215\226\344\334\033\354\2002\255\216\332\317\255\034\017""; "
1750587261391,1750587261392,1110,1,4,0,TMProposeSet,"proposeSeq: 0; currentTxHash: ""\000\000\000\000\000\000\000\000\000\000\000\000\000\000\000\000\000\000\000\000\000\000\000\000\000\000\000\000\000\000\000\000""; nodePubKey: ""\003\325Q\255\224\274R@\312\253\262\347\352\034\346\347\242\215,\312\376=\277\353{\350\225\301\305`^, ""; closeTime: 803902460; signature: ""0D\002 s9D\377\337\270\034\232\230t\016\366\260d\206\256\354\223\211[/\270\257\361[^\262\013\231Kp\271\002 \026\353I\300\007w\364\364A\032\252\252]4T3\355E\353\306*+|\350\007\323mC%\007\330\026""; previousledger: ""\214.\207\210%\003 \010ML\347\200R\304&\320_\215\226\344\334\033\354\2002\255\216\332\317\255\034\017""; ","proposeSeq: 0; currentTxHash: ""\000\000\000\000\000\000\000\000\000\000\000\000\000\000\000\000\000\000\000\000\000\000\000\000\000\000\000\000\000\000\000\000""; nodePubKey: ""\003\325Q\255\224\274R@\312\253\262\347\352\034\346\347\242\215,\312\376=\277\353{\350\225\301\305`^, ""; closeTime: 803902460; signature: ""0D\002 s9D\377\337\270\034\232\230t\016\366\260d\206\256\354\223\211[/\270\257\361[^\262\013\231Kp\271\002 \026\353I\300\007w\364\364A\032\252\252]4T3\355E\353\306*+|\350\007\323mC%\007\330\026""; previousledger: ""\214.\207\210%\003 \010ML\347\200R\304&\320_\215\226\344\334\033\354\2002\255\216\332\317\255\034\017""; "
1750587261391,1750587261391,980,1,4,1,TMProposeSet,"proposeSeq: 0; currentTxHash: ""\000\000\000\000\000\000\000\000\000\000\000\000\000\000\000\000\000\000\000\000\000\000\000\000\000\000\000\000\000\000\000\000""; nodePubKey: ""\003\325Q\255\224\274R@\312\253\262\347\352\034\346\347\242\215,\312\376=\277\353{\350\225\301\305`^, ""; closeTime: 803902460; signature: ""0D\002 s9D\377\337\270\034\232\230t\016\366\260d\206\256\354\223\211[/\270\257\361[^\262\013\231Kp\271\002 \026\353I\300\007w\364\364A\032\252\252]4T3\355E\353\306*+|\350\007\323mC%\007\330\026""; previousledger: ""\214.\207\210%\003 \010ML\347\200R\304&\320_\215\226\344\334\033\354\2002\255\216\332\317\255\034\017""; ","proposeSeq: 0; currentTxHash: ""\000\000\000\000\000\000\000\000\000\000\000\000\000\000\000\000\000\000\000\000\000\000\000\000\000\000\000\000\000\000\000\000""; nodePubKey: ""\003\325Q\255\224\274R@\312\253\262\347\352\034\346\347\242\215,\312\376=\277\353{\350\225\301\305`^, ""; closeTime: 803902460; signature: ""0D\002 s9D\377\337\270\034\232\230t\016\366\260d\206\256\354\223\211[/\270\257\361[^\262\013\231Kp\271\002 \026\353I\300\007w\364\364A\032\252\252]4T3\355E\353\306*+|\350\007\323mC%\007\330\026""; previousledger: ""\214.\207\210%\003 \010ML\347\200R\304&\320_\215\226\344\334\033\354\2002\255\216\332\317\255\034\017""; "
1750587261493,1750587261494,483,1,3,4,TMProposeSet,"proposeSeq: 0; currentTxHash: ""\000\000\000\000\000\000\000\000\000\000\000\000\000\000\000\000\000\000\000\000\000\000\000\000\000\000\000\000\000\000\000\000""; nodePubKey: ""\003\343\005\311u\203\370\0338\3174\324\010\006\301\251\177\261\304eOX\262)FA-\022r\263wm\024""; closeTime: 803902460; signature: ""0E\002!\000\352\177\355Rd\326\3578\206g\314)\303:\340c\262_&\243\357\010\202u\022m\335\201z\220-\002\002 =\233\221I\303J\350\276\014?\246N\226x\302\001\210\307\352\356d\034\311e\205Yg\022\347\nX\210""; previousledger: ""\214.\207\210%\003 \010ML\347\200R\304&\320_\215\226\344\334\033\354\2002\255\216\332\317\255\034\017""; ","proposeSeq: 0; currentTxHash: ""\000\000\000\000\000\000\000\000\000\000\000\000\000\000\000\000\000\000\000\000\000\000\000\000\000\000\000\000\000\000\000\000""; nodePubKey: ""\003\343\005\311u\203\370\0338\3174\324\010\006\301\251\177\261\304eOX\262)FA-\022r\263wm\024""; closeTime: 803902460; signature: ""0E\002!\000\352\177\355Rd\326\3578\206g\314)\303:\340c\262_&\243\357\010\202u\022m\335\201z\220-\002\002 =\233\221I\303J\350\276\014?\246N\226x\302\001\210\307\352\356d\034\311e\205Yg\022\347\nX\210""; previousledger: ""\214.\207\210%\003 \010ML\347\200R\304&\320_\215\226\344\334\033\354\2002\255\216\332\317\255\034\017""; "
1750587261494,1750587261494,1317,1,3,2,TMProposeSet,"proposeSeq: 0; currentTxHash: ""\000\000\000\000\000\000\000\000\000\000\000\000\000\000\000\000\000\000\000\000\000\000\000\000\000\000\000\000\000\000\000\000""; nodePubKey: ""\003\343\005\311u\203\370\0338\3174\324\010\006\301\251\177\261\304eOX\262)FA-\022r\263wm\024""; closeTime: 803902460; signature: ""0E\002!\000\352\177\355Rd\326\3578\206g\314)\303:\340c\262_&\243\357\010\202u\022m\335\201z\220-\002\002 =\233\221I\303J\350\276\014?\246N\226x\302\001\210\307\352\356d\034\311e\205Yg\022\347\nX\210""; previousledger: ""\214.\207\210%\003 \010ML\347\200R\304&\320_\215\226\344\334\033\354\2002\255\216\332\317\255\034\017""; ","proposeSeq: 0; currentTxHash: ""\000\000\000\000\000\000\000\000\000\000\000\000\000\000\000\000\000\000\000\000\000\000\000\000\000\000\000\000\000\000\000\000""; nodePubKey: ""\003\343\005\311u\203\370\0338\3174\324\010\006\301\251\177\261\304eOX\262)FA-\022r\263wm\024""; closeTime: 803902460; signature: ""0E\002!\000\352\177\355Rd\326\3578\206g\314)\303:\340c\262_&\243\357\010\202u\022m\335\201z\220-\002\002 =\233\221I\303J\350\276\014?\246N\226x\302\001\210\307\352\356d\034\311e\205Yg\022\347\nX\210""; previousledger: ""\214.\207\210%\003 \010ML\347\200R\304&\320_\215\226\344\334\033\354\2002\255\216\332\317\255\034\017""; "
1750587261495,1750587261495,3656,1,3,1,TMProposeSet,"proposeSeq: 0; currentTxHash: ""\000\000\000\000\000\000\000\000\000\000\000\000\000\000\000\000\000\000\000\000\000\000\000\000\000\000\000\000\000\000\000\000""; nodePubKey: ""\003\343\005\311u\203\370\0338\3174\324\010\006\301\251\177\261\304eOX\262)FA-\022r\263wm\024""; closeTime: 803902460; signature: ""0E\002!\000\352\177\355Rd\326\3578\206g\314)\303:\340c\262_&\243\357\010\202u\022m\335\201z\220-\002\002 =\233\221I\303J\350\276\014?\246N\226x\302\001\210\307\352\356d\034\311e\205Yg\022\347\nX\210""; previousledger: ""\214.\207\210%\003 \010ML\347\200R\304&\320_\215\226\344\334\033\354\2002\255\216\332\317\255\034\017""; ","proposeSeq: 0; currentTxHash: ""\000\000\000\000\000\000\000\000\000\000\000\000\000\000\000\000\000\000\000\000\000\000\000\000\000\000\000\000\000\000\000\000""; nodePubKey: ""\003\343\005\311u\203\370\0338\3174\324\010\006\301\251\177\261\304eOX\262)FA-\022r\263wm\024""; closeTime: 803902460; signature: ""0E\002!\000\352\177\355Rd\326\3578\206g\314)\303:\340c\262_&\243\357\010\202u\022m\335\201z\220-\002\002 =\233\221I\303J\350\276\014?\246N\226x\302\001\210\307\352\356d\034\311e\205Yg\022\347\nX\210""; previousledger: ""\214.\207\210%\003 \010ML\347\200R\304&\320_\215\226\344\334\033\354\2002\255\216\332\317\255\034\017""; "
1750587261499,1750587261499,3375,1,1,4,TMProposeSet,"proposeSeq: 0; currentTxHash: ""\000\000\000\000\000\000\000\000\000\000\000\000\000\000\000\000\000\000\000\000\000\000\000\000\000\000\000\000\000\000\000\000""; nodePubKey: ""\003\325Q\255\224\274R@\312\253\262\347\352\034\346\347\242\215,\312\376=\277\353{\350\225\301\305`^, ""; closeTime: 803902460; signature: ""0D\002 s9D\377\337\270\034\232\230t\016\366\260d\206\256\354\223\211[/\270\257\361[^\262\013\231Kp\271\002 \026\353I\300\007w\364\364A\032\252\252]4T3\355E\353\306*+|\350\007\323mC%\007\330\026""; previousledger: ""\214.\207\210%\003 \010ML\347\200R\304&\320_\215\226\344\334\033\354\2002\255\216\332\317\255\034\017""; ","proposeSeq: 0; currentTxHash: ""\000\000\000\000\000\000\000\000\000\000\000\000\000\000\000\000\000\000\000\000\000\000\000\000\000\000\000\000\000\000\000\000""; nodePubKey: ""\003\325Q\255\224\274R@\312\253\262\347\352\034\346\347\242\215,\312\376=\277\353{\350\225\301\305`^, ""; closeTime: 803902460; signature: ""0D\002 s9D\377\337\270\034\232\230t\016\366\260d\206\256\354\223\211[/\270\257\361[^\262\013\231Kp\271\002 \026\353I\300\007w\364\364A\032\252\252]4T3\355E\353\306*+|\350\007\323mC%\007\330\026""; previousledger: ""\214.\207\210%\003 \010ML\347\200R\304&\320_\215\226\344\334\033\354\2002\255\216\332\317\255\034\017""; "
1750587261500,1750587261500,1799,1,1,2,TMProposeSet,"proposeSeq: 0; currentTxHash: ""\000\000\000\000\000\000\000\000\000\000\000\000\000\000\000\000\000\000\000\000\000\000\000\000\000\000\000\000\000\000\000\000""; nodePubKey: ""\003\325Q\255\224\274R@\312\253\262\347\352\034\346\347\242\215,\312\376=\277\353{\350\225\301\305`^, ""; closeTime: 803902460; signature: ""0D\002 s9D\377\337\270\034\232\230t\016\366\260d\206\256\354\223\211[/\270\257\361[^\262\013\231Kp\271\002 \026\353I\300\007w\364\364A\032\252\252]4T3\355E\353\306*+|\350\007\323mC%\007\330\026""; previousledger: ""\214.\207\210%\003 \010ML\347\200R\304&\320_\215\226\344\334\033\354\2002\255\216\332\317\255\034\017""; ","proposeSeq: 0; currentTxHash: ""\000\000\000\000\000\000\000\000\000\000\000\000\000\000\000\000\000\000\000\000\000\000\000\000\000\000\000\000\000\000\000\000""; nodePubKey: ""\003\325Q\255\224\274R@\312\253\262\347\352\034\346\347\242\215,\312\376=\277\353{\350\225\301\305`^, ""; closeTime: 803902460; signature: ""0D\002 s9D\377\337\270\034\232\230t\016\366\260d\206\256\354\223\211[/\270\257\361[^\262\013\231Kp\271\002 \026\353I\300\007w\364\364A\032\252\252]4T3\355E\353\306*+|\350\007\323mC%\007\330\026""; previousledger: ""\214.\207\210%\003 \010ML\347\200R\304&\320_\215\226\344\334\033\354\2002\255\216\332\317\255\034\017""; "
1750587261500,1750587261500,3538,1,1,3,TMProposeSet,"proposeSeq: 0; currentTxHash: ""\000\000\000\000\000\000\000\000\000\000\000\000\000\000\000\000\000\000\000\000\000\000\000\000\000\000\000\000\000\000\000\000""; nodePubKey: ""\003\325Q\255\224\274R@\312\253\262\347\352\034\346\347\242\215,\312\376=\277\353{\350\225\301\305`^, ""; closeTime: 803902460; signature: ""0D\002 s9D\377\337\270\034\232\230t\016\366\260d\206\256\354\223\211[/\270\257\361[^\262\013\231Kp\271\002 \026\353I\300\007w\364\364A\032\252\252]4T3\355E\353\306*+|\350\007\323mC%\007\330\026""; previousledger: ""\214.\207\210%\003 \010ML\347\200R\304&\320_\215\226\344\334\033\354\2002\255\216\332\317\255\034\017""; ","proposeSeq: 0; currentTxHash: ""\000\000\000\000\000\000\000\000\000\000\000\000\000\000\000\000\000\000\000\000\000\000\000\000\000\000\000\000\000\000\000\000""; nodePubKey: ""\003\325Q\255\224\274R@\312\253\262\347\352\034\346\347\242\215,\312\376=\277\353{\350\225\301\305`^, ""; closeTime: 803902460; signature: ""0D\002 s9D\377\337\270\034\232\230t\016\366\260d\206\256\354\223\211[/\270\257\361[^\262\013\231Kp\271\002 \026\353I\300\007w\364\364A\032\252\252]4T3\355E\353\306*+|\350\007\323mC%\007\330\026""; previousledger: ""\214.\207\210%\003 \010ML\347\200R\304&\320_\215\226\344\334\033\354\2002\255\216\332\317\255\034\017""; "
1750587261625,1750587261625,980,1,4,1,TMProposeSet,"proposeSeq: 0; currentTxHash: ""\000\000\000\000\000\000\000\000\000\000\000\000\000\000\000\000\000\000\000\000\000\000\000\000\000\000\000\000\000\000\000\000""; nodePubKey: ""\002\347\243J\206W\025ML\260\226\0163\217\250\337\325W\253\356*O\245Z\271\234\207C\274\375`\335\311""; closeTime: 803902460; signature: ""0E\002!\000\377\324.\225\177V[''V\303_w\007{\035}\021\334\313_]\344\330\230\274\000\321\357\331Z\254\002 L\202\312\342\212\221\000\005\247OG\227\025\335\036o\r\343\234L\204\036\330e.\231\323y$\3204\350""; previousledger: ""\214.\207\210%\003 \010ML\347\200R\304&\320_\215\226\344\334\033\354\2002\255\216\332\317\255\034\017""; ","proposeSeq: 0; currentTxHash: ""\000\000\000\000\000\000\000\000\000\000\000\000\000\000\000\000\000\000\000\000\000\000\000\000\000\000\000\000\000\000\000\000""; nodePubKey: ""\002\347\243J\206W\025ML\260\226\0163\217\250\337\325W\253\356*O\245Z\271\234\207C\274\375`\335\311""; closeTime: 803902460; signature: ""0E\002!\000\377\324.\225\177V[''V\303_w\007{\035}\021\334\313_]\344\330\230\274\000\321\357\331Z\254\002 L\202\312\342\212\221\000\005\247OG\227\025\335\036o\r\343\234L\204\036\330e.\231\323y$\3204\350""; previousledger: ""\214.\207\210%\003 \010ML\347\200R\304&\320_\215\226\344\334\033\354\2002\255\216\332\317\255\034\017""; "
1750587261626,1750587261626,1110,1,4,0,TMProposeSet,"proposeSeq: 0; currentTxHash: ""\000\000\000\000\000\000\000\000\000\000\000\000\000\000\000\000\000\000\000\000\000\000\000\000\000\000\000\000\000\000\000\000""; nodePubKey: ""\002\347\243J\206W\025ML\260\226\0163\217\250\337\325W\253\356*O\245Z\271\234\207C\274\375`\335\311""; closeTime: 803902460; signature: ""0E\002!\000\377\324.\225\177V[''V\303_w\007{\035}\021\334\313_]\344\330\230\274\000\321\357\331Z\254\002 L\202\312\342\212\221\000\005\247OG\227\025\335\036o\r\343\234L\204\036\330e.\231\323y$\3204\350""; previousledger: ""\214.\207\210%\003 \010ML\347\200R\304&\320_\215\226\344\334\033\354\2002\255\216\332\317\255\034\017""; ","proposeSeq: 0; currentTxHash: ""\000\000\000\000\000\000\000\000\000\000\000\000\000\000\000\000\000\000\000\000\000\000\000\000\000\000\000\000\000\000\000\000""; nodePubKey: ""\002\347\243J\206W\025ML\260\226\0163\217\250\337\325W\253\356*O\245Z\271\234\207C\274\375`\335\311""; closeTime: 803902460; signature: ""0E\002!\000\377\324.\225\177V[''V\303_w\007{\035}\021\334\313_]\344\330\230\274\000\321\357\331Z\254\002 L\202\312\342\212\221\000\005\247OG\227\025\335\036o\r\343\234L\204\036\330e.\231\323y$\3204\350""; previousledger: ""\214.\207\210%\003 \010ML\347\200R\304&\320_\215\226\344\334\033\354\2002\255\216\332\317\255\034\017""; "
1750587261626,1750587261627,3614,1,4,2,TMProposeSet,"proposeSeq: 0; currentTxHash: ""\000\000\000\000\000\000\000\000\000\000\000\000\000\000\000\000\000\000\000\000\000\000\000\000\000\000\000\000\000\000\000\000""; nodePubKey: ""\002\347\243J\206W\025ML\260\226\0163\217\250\337\325W\253\356*O\245Z\271\234\207C\274\375`\335\311""; closeTime: 803902460; signature: ""0E\002!\000\377\324.\225\177V[''V\303_w\007{\035}\021\334\313_]\344\330\230\274\000\321\357\331Z\254\002 L\202\312\342\212\221\000\005\247OG\227\025\335\036o\r\343\234L\204\036\330e.\231\323y$\3204\350""; previousledger: ""\214.\207\210%\003 \010ML\347\200R\304&\320_\215\226\344\334\033\354\2002\255\216\332\317\255\034\017""; ","proposeSeq: 0; currentTxHash: ""\000\000\000\000\000\000\000\000\000\000\000\000\000\000\000\000\000\000\000\000\000\000\000\000\000\000\000\000\000\000\000\000""; nodePubKey: ""\002\347\243J\206W\025ML\260\226\0163\217\250\337\325W\253\356*O\245Z\271\234\207C\274\375`\335\311""; closeTime: 803902460; signature: ""0E\002!\000\377\324.\225\177V[''V\303_w\007{\035}\021\334\313_]\344\330\230\274\000\321\357\331Z\254\002 L\202\312\342\212\221\000\005\247OG\227\025\335\036o\r\343\234L\204\036\330e.\231\323y$\3204\350""; previousledger: ""\214.\207\210%\003 \010ML\347\200R\304&\320_\215\226\344\334\033\354\2002\255\216\332\317\255\034\017""; "
1750587261711,1750587261711,443,1,3,0,TMProposeSet,"proposeSeq: 0; currentTxHash: ""\000\000\000\000\000\000\000\000\000\000\000\000\000\000\000\000\000\000\000\000\000\000\000\000\000\000\000\000\000\000\000\000""; nodePubKey: ""\003.\200\224\215?)t\306\315\242\313\251\255\302\204=\232.\271%}\013\024s\024\002@\216l""\241F""; closeTime: 803902460; signature: ""0D\002 J\371\340\301\200\346EUM\364\311\374\270\000o\222jX\276\327\177\272,\237\277@\251\021QH%b\002 m\177\233iA\330\203\353?]\230\3528EQ\347\264\332\241/8\375\t2\352u+\211\357.\231g""; previousledger: ""\214.\207\210%\003 \010ML\347\200R\304&\320_\215\226\344\334\033\354\2002\255\216\332\317\255\034\017""; ","proposeSeq: 0; currentTxHash: ""\000\000\000\000\000\000\000\000\000\000\000\000\000\000\000\000\000\000\000\000\000\000\000\000\000\000\000\000\000\000\000\000""; nodePubKey: ""\003.\200\224\215?)t\306\315\242\313\251\255\302\204=\232.\271%}\013\024s\024\002@\216l""\241F""; closeTime: 803902460; signature: ""0D\002 J\371\340\301\200\346EUM\364\311\374\270\000o\222jX\276\327\177\272,\237\277@\251\021QH%b\002 m\177\233iA\330\203\353?]\230\3528EQ\347\264\332\241/8\375\t2\352u+\211\357.\231g""; previousledger: ""\214.\207\210%\003 \010ML\347\200R\304&\320_\215\226\344\334\033\354\2002\255\216\332\317\255\034\017""; "
1750587261712,1750587261712,1317,1,3,2,TMProposeSet,"proposeSeq: 0; currentTxHash: ""\000\000\000\000\000\000\000\000\000\000\000\000\000\000\000\000\000\000\000\000\000\000\000\000\000\000\000\000\000\000\000\000""; nodePubKey: ""\003.\200\224\215?)t\306\315\242\313\251\255\302\204=\232.\271%}\013\024s\024\002@\216l""\241F""; closeTime: 803902460; signature: ""0D\002 J\371\340\301\200\346EUM\364\311\374\270\000o\222jX\276\327\177\272,\237\277@\251\021QH%b\002 m\177\233iA\330\203\353?]\230\3528EQ\347\264\332\241/8\375\t2\352u+\211\357.\231g""; previousledger: ""\214.\207\210%\003 \010ML\347\200R\304&\320_\215\226\344\334\033\354\2002\255\216\332\317\255\034\017""; ","proposeSeq: 0; currentTxHash: ""\000\000\000\000\000\000\000\000\000\000\000\000\000\000\000\000\000\000\000\000\000\000\000\000\000\000\000\000\000\000\000\000""; nodePubKey: ""\003.\200\224\215?)t\306\315\242\313\251\255\302\204=\232.\271%}\013\024s\024\002@\216l""\241F""; closeTime: 803902460; signature: ""0D\002 J\371\340\301\200\346EUM\364\311\374\270\000o\222jX\276\327\177\272,\237\277@\251\021QH%b\002 m\177\233iA\330\203\353?]\230\3528EQ\347\264\332\241/8\375\t2\352u+\211\357.\231g""; previousledger: ""\214.\207\210%\003 \010ML\347\200R\304&\320_\215\226\344\334\033\354\2002\255\216\332\317\255\034\017""; "
1750587261712,1750587261712,3656,1,3,1,TMProposeSet,"proposeSeq: 0; currentTxHash: ""\000\000\000\000\000\000\000\000\000\000\000\000\000\000\000\000\000\000\000\000\000\000\000\000\000\000\000\000\000\000\000\000""; nodePubKey: ""\003.\200\224\215?)t\306\315\242\313\251\255\302\204=\232.\271%}\013\024s\024\002@\216l""\241F""; closeTime: 803902460; signature: ""0D\002 J\371\340\301\200\346EUM\364\311\374\270\000o\222jX\276\327\177\272,\237\277@\251\021QH%b\002 m\177\233iA\330\203\353?]\230\3528EQ\347\264\332\241/8\375\t2\352u+\211\357.\231g""; previousledger: ""\214.\207\210%\003 \010ML\347\200R\304&\320_\215\226\344\334\033\354\2002\255\216\332\317\255\034\017""; ","proposeSeq: 0; currentTxHash: ""\000\000\000\000\000\000\000\000\000\000\000\000\000\000\000\000\000\000\000\000\000\000\000\000\000\000\000\000\000\000\000\000""; nodePubKey: ""\003.\200\224\215?)t\306\315\242\313\251\255\302\204=\232.\271%}\013\024s\024\002@\216l""\241F""; closeTime: 803902460; signature: ""0D\002 J\371\340\301\200\346EUM\364\311\374\270\000o\222jX\276\327\177\272,\237\277@\251\021QH%b\002 m\177\233iA\330\203\353?]\230\3528EQ\347\264\332\241/8\375\t2\352u+\211\357.\231g""; previousledger: ""\214.\207\210%\003 \010ML\347\200R\304&\320_\215\226\344\334\033\354\2002\255\216\332\317\255\034\017""; "
1750587261728,1750587261728,926,1,1,0,TMProposeSet,"proposeSeq: 0; currentTxHash: ""\000\000\000\000\000\000\000\000\000\000\000\000\000\000\000\000\000\000\000\000\000\000\000\000\000\000\000\000\000\000\000\000""; nodePubKey: ""\003.\200\224\215?)t\306\315\242\313\251\255\302\204=\232.\271%}\013\024s\024\002@\216l""\241F""; closeTime: 803902460; signature: ""0D\002 J\371\340\301\200\346EUM\364\311\374\270\000o\222jX\276\327\177\272,\237\277@\251\021QH%b\002 m\177\233iA\330\203\353?]\230\3528EQ\347\264\332\241/8\375\t2\352u+\211\357.\231g""; previousledger: ""\214.\207\210%\003 \010ML\347\200R\304&\320_\215\226\344\334\033\354\2002\255\216\332\317\255\034\017""; ","proposeSeq: 0; currentTxHash: ""\000\000\000\000\000\000\000\000\000\000\000\000\000\000\000\000\000\000\000\000\000\000\000\000\000\000\000\000\000\000\000\000""; nodePubKey: ""\003.\200\224\215?)t\306\315\242\313\251\255\302\204=\232.\271%}\013\024s\024\002@\216l""\241F""; closeTime: 803902460; signature: ""0D\002 J\371\340\301\200\346EUM\364\311\374\270\000o\222jX\276\327\177\272,\237\277@\251\021QH%b\002 m\177\233iA\330\203\353?]\230\3528EQ\347\264\332\241/8\375\t2\352u+\211\357.\231g""; previousledger: ""\214.\207\210%\003 \010ML\347\200R\304&\320_\215\226\344\334\033\354\2002\255\216\332\317\255\034\017""; "
1750587261729,1750587261729,1799,1,1,2,TMProposeSet,"proposeSeq: 0; currentTxHash: ""\000\000\000\000\000\000\000\000\000\000\000\000\000\000\000\000\000\000\000\000\000\000\000\000\000\000\000\000\000\000\000\000""; nodePubKey: ""\003.\200\224\215?)t\306\315\242\313\251\255\302\204=\232.\271%}\013\024s\024\002@\216l""\241F""; closeTime: 803902460; signature: ""0D\002 J\371\340\301\200\346EUM\364\311\374\270\000o\222jX\276\327\177\272,\237\277@\251\021QH%b\002 m\177\233iA\330\203\353?]\230\3528EQ\347\264\332\241/8\375\t2\352u+\211\357.\231g""; previousledger: ""\214.\207\210%\003 \010ML\347\200R\304&\320_\215\226\344\334\033\354\2002\255\216\332\317\255\034\017""; ","proposeSeq: 0; currentTxHash: ""\000\000\000\000\000\000\000\000\000\000\000\000\000\000\000\000\000\000\000\000\000\000\000\000\000\000\000\000\000\000\000\000""; nodePubKey: ""\003.\200\224\215?)t\306\315\242\313\251\255\302\204=\232.\271%}\013\024s\024\002@\216l""\241F""; closeTime: 803902460; signature: ""0D\002 J\371\340\301\200\346EUM\364\311\374\270\000o\222jX\276\327\177\272,\237\277@\251\021QH%b\002 m\177\233iA\330\203\353?]\230\3528EQ\347\264\332\241/8\375\t2\352u+\211\357.\231g""; previousledger: ""\214.\207\210%\003 \010ML\347\200R\304&\320_\215\226\344\334\033\354\2002\255\216\332\317\255\034\017""; "
1750587261729,1750587261729,3538,1,1,3,TMProposeSet,"proposeSeq: 0; currentTxHash: ""\000\000\000\000\000\000\000\000\000\000\000\000\000\000\000\000\000\000\000\000\000\000\000\000\000\000\000\000\000\000\000\000""; nodePubKey: ""\003.\200\224\215?)t\306\315\242\313\251\255\302\204=\232.\271%}\013\024s\024\002@\216l""\241F""; closeTime: 803902460; signature: ""0D\002 J\371\340\301\200\346EUM\364\311\374\270\000o\222jX\276\327\177\272,\237\277@\251\021QH%b\002 m\177\233iA\330\203\353?]\230\3528EQ\347\264\332\241/8\375\t2\352u+\211\357.\231g""; previousledger: ""\214.\207\210%\003 \010ML\347\200R\304&\320_\215\226\344\334\033\354\2002\255\216\332\317\255\034\017""; ","proposeSeq: 0; currentTxHash: ""\000\000\000\000\000\000\000\000\000\000\000\000\000\000\000\000\000\000\000\000\000\000\000\000\000\000\000\000\000\000\000\000""; nodePubKey: ""\003.\200\224\215?)t\306\315\242\313\251\255\302\204=\232.\271%}\013\024s\024\002@\216l""\241F""; closeTime: 803902460; signature: ""0D\002 J\371\340\301\200\346EUM\364\311\374\270\000o\222jX\276\327\177\272,\237\277@\251\021QH%b\002 m\177\233iA\330\203\353?]\230\3528EQ\347\264\332\241/8\375\t2\352u+\211\357.\231g""; previousledger: ""\214.\207\210%\003 \010ML\347\200R\304&\320_\215\226\344\334\033\354\2002\255\216\332\317\255\034\017""; "
1750587261860,1750587261860,1290,1,0,2,TMProposeSet,"proposeSeq: 0; currentTxHash: ""\000\000\000\000\000\000\000\000\000\000\000\000\000\000\000\000\000\000\000\000\000\000\000\000\000\000\000\000\000\000\000\000""; nodePubKey: ""\003.\200\224\215?)t\306\315\242\313\251\255\302\204=\232.\271%}\013\024s\024\002@\216l""\241F""; closeTime: 803902460; signature: ""0D\002 J\371\340\301\200\346EUM\364\311\374\270\000o\222jX\276\327\177\272,\237\277@\251\021QH%b\002 m\177\233iA\330\203\353?]\230\3528EQ\347\264\332\241/8\375\t2\352u+\211\357.\231g""; previousledger: ""\214.\207\210%\003 \010ML\347\200R\304&\320_\215\226\344\334\033\354\2002\255\216\332\317\255\034\017""; ","proposeSeq: 0; currentTxHash: ""\000\000\000\000\000\000\000\000\000\000\000\000\000\000\000\000\000\000\000\000\000\000\000\000\000\000\000\000\000\000\000\000""; nodePubKey: ""\003.\200\224\215?)t\306\315\242\313\251\255\302\204=\232.\271%}\013\024s\024\002@\216l""\241F""; closeTime: 803902460; signature: ""0D\002 J\371\340\301\200\346EUM\364\311\374\270\000o\222jX\276\327\177\272,\237\277@\251\021QH%b\002 m\177\233iA\330\203\353?]\230\3528EQ\347\264\332\241/8\375\t2\352u+\211\357.\231g""; previousledger: ""\214.\207\210%\003 \010ML\347\200R\304&\320_\215\226\344\334\033\354\2002\255\216\332\317\255\034\017""; "
1750587261860,1750587261860,141,1,0,3,TMProposeSet,"proposeSeq: 0; currentTxHash: ""\000\000\000\000\000\000\000\000\000\000\000\000\000\000\000\000\000\000\000\000\000\000\000\000\000\000\000\000\000\000\000\000""; nodePubKey: ""\003.\200\224\215?)t\306\315\242\313\251\255\302\204=\232.\271%}\013\024s\024\002@\216l""\241F""; closeTime: 803902460; signature: ""0D\002 J\371\340\301\200\346EUM\364\311\374\270\000o\222jX\276\327\177\272,\237\277@\251\021QH%b\002 m\177\233iA\330\203\353?]\230\3528EQ\347\264\332\241/8\375\t2\352u+\211\357.\231g""; previousledger: ""\214.\207\210%\003 \010ML\347\200R\304&\320_\215\226\344\334\033\354\2002\255\216\332\317\255\034\017""; ","proposeSeq: 0; currentTxHash: ""\000\000\000\000\000\000\000\000\000\000\000\000\000\000\000\000\000\000\000\000\000\000\000\000\000\000\000\000\000\000\000\000""; nodePubKey: ""\003.\200\224\215?)t\306\315\242\313\251\255\302\204=\232.\271%}\013\024s\024\002@\216l""\241F""; closeTime: 803902460; signature: ""0D\002 J\371\340\301\200\346EUM\364\311\374\270\000o\222jX\276\327\177\272,\237\277@\251\021QH%b\002 m\177\233iA\330\203\353?]\230\3528EQ\347\264\332\241/8\375\t2\352u+\211\357.\231g""; previousledger: ""\214.\207\210%\003 \010ML\347\200R\304&\320_\215\226\344\334\033\354\2002\255\216\332\317\255\034\017""; "
1750587261860,1750587261860,190,1,0,1,TMProposeSet,"proposeSeq: 0; currentTxHash: ""\000\000\000\000\000\000\000\000\000\000\000\000\000\000\000\000\000\000\000\000\000\000\000\000\000\000\000\000\000\000\000\000""; nodePubKey: ""\003.\200\224\215?)t\306\315\242\313\251\255\302\204=\232.\271%}\013\024s\024\002@\216l""\241F""; closeTime: 803902460; signature: ""0D\002 J\371\340\301\200\346EUM\364\311\374\270\000o\222jX\276\327\177\272,\237\277@\251\021QH%b\002 m\177\233iA\330\203\353?]\230\3528EQ\347\264\332\241/8\375\t2\352u+\211\357.\231g""; previousledger: ""\214.\207\210%\003 \010ML\347\200R\304&\320_\215\226\344\334\033\354\2002\255\216\332\317\255\034\017""; ","proposeSeq: 0; currentTxHash: ""\000\000\000\000\000\000\000\000\000\000\000\000\000\000\000\000\000\000\000\000\000\000\000\000\000\000\000\000\000\000\000\000""; nodePubKey: ""\003.\200\224\215?)t\306\315\242\313\251\255\302\204=\232.\271%}\013\024s\024\002@\216l""\241F""; closeTime: 803902460; signature: ""0D\002 J\371\340\301\200\346EUM\364\311\374\270\000o\222jX\276\327\177\272,\237\277@\251\021QH%b\002 m\177\233iA\330\203\353?]\230\3528EQ\347\264\332\241/8\375\t2\352u+\211\357.\231g""; previousledger: ""\214.\207\210%\003 \010ML\347\200R\304&\320_\215\226\344\334\033\354\2002\255\216\332\317\255\034\017""; "
1750587261979,1750587261979,3614,1,4,2,TMProposeSet,"proposeSeq: 0; currentTxHash: ""\000\000\000\000\000\000\000\000\000\000\000\000\000\000\000\000\000\000\000\000\000\000\000\000\000\000\000\000\000\000\000\000""; nodePubKey: ""\003\343\005\311u\203\370\0338\3174\324\010\006\301\251\177\261\304eOX\262)FA-\022r\263wm\024""; closeTime: 803902460; signature: ""0E\002!\000\352\177\355Rd\326\3578\206g\314)\303:\340c\262_&\243\357\010\202u\022m\335\201z\220-\002\002 =\233\221I\303J\350\276\014?\246N\226x\302\001\210\307\352\356d\034\311e\205Yg\022\347\nX\210""; previousledger: ""\214.\207\210%\003 \010ML\347\200R\304&\320_\215\226\344\334\033\354\2002\255\216\332\317\255\034\017""; ","proposeSeq: 0; currentTxHash: ""\000\000\000\000\000\000\000\000\000\000\000\000\000\000\000\000\000\000\000\000\000\000\000\000\000\000\000\000\000\000\000\000""; nodePubKey: ""\003\343\005\311u\203\370\0338\3174\324\010\006\301\251\177\261\304eOX\262)FA-\022r\263wm\024""; closeTime: 803902460; signature: ""0E\002!\000\352\177\355Rd\326\3578\206g\314)\303:\340c\262_&\243\357\010\202u\022m\335\201z\220-\002\002 =\233\221I\303J\350\276\014?\246N\226x\302\001\210\307\352\356d\034\311e\205Yg\022\347\nX\210""; previousledger: ""\214.\207\210%\003 \010ML\347\200R\304&\320_\215\226\344\334\033\354\2002\255\216\332\317\255\034\017""; "
1750587261979,1750587261979,1110,1,4,0,TMProposeSet,"proposeSeq: 0; currentTxHash: ""\000\000\000\000\000\000\000\000\000\000\000\000\000\000\000\000\000\000\000\000\000\000\000\000\000\000\000\000\000\000\000\000""; nodePubKey: ""\003\343\005\311u\203\370\0338\3174\324\010\006\301\251\177\261\304eOX\262)FA-\022r\263wm\024""; closeTime: 803902460; signature: ""0E\002!\000\352\177\355Rd\326\3578\206g\314)\303:\340c\262_&\243\357\010\202u\022m\335\201z\220-\002\002 =\233\221I\303J\350\276\014?\246N\226x\302\001\210\307\352\356d\034\311e\205Yg\022\347\nX\210""; previousledger: ""\214.\207\210%\003 \010ML\347\200R\304&\320_\215\226\344\334\033\354\2002\255\216\332\317\255\034\017""; ","proposeSeq: 0; currentTxHash: ""\000\000\000\000\000\000\000\000\000\000\000\000\000\000\000\000\000\000\000\000\000\000\000\000\000\000\000\000\000\000\000\000""; nodePubKey: ""\003\343\005\311u\203\370\0338\3174\324\010\006\301\251\177\261\304eOX\262)FA-\022r\263wm\024""; closeTime: 803902460; signature: ""0E\002!\000\352\177\355Rd\326\3578\206g\314)\303:\340c\262_&\243\357\010\202u\022m\335\201z\220-\002\002 =\233\221I\303J\350\276\014?\246N\226x\302\001\210\307\352\356d\034\311e\205Yg\022\347\nX\210""; previousledger: ""\214.\207\210%\003 \010ML\347\200R\304&\320_\215\226\344\334\033\354\2002\255\216\332\317\255\034\017""; "
1750587261979,1750587261980,980,1,4,1,TMProposeSet,"proposeSeq: 0; currentTxHash: ""\000\000\000\000\000\000\000\000\000\000\000\000\000\000\000\000\000\000\000\000\000\000\000\000\000\000\000\000\000\000\000\000""; nodePubKey: ""\003\343\005\311u\203\370\0338\3174\324\010\006\301\251\177\261\304eOX\262)FA-\022r\263wm\024""; closeTime: 803902460; signature: ""0E\002!\000\352\177\355Rd\326\3578\206g\314)\303:\340c\262_&\243\357\010\202u\022m\335\201z\220-\002\002 =\233\221I\303J\350\276\014?\246N\226x\302\001\210\307\352\356d\034\311e\205Yg\022\347\nX\210""; previousledger: ""\214.\207\210%\003 \010ML\347\200R\304&\320_\215\226\344\334\033\354\2002\255\216\332\317\255\034\017""; ","proposeSeq: 0; currentTxHash: ""\000\000\000\000\000\000\000\000\000\000\000\000\000\000\000\000\000\000\000\000\000\000\000\000\000\000\000\000\000\000\000\000""; nodePubKey: ""\003\343\005\311u\203\370\0338\3174\324\010\006\301\251\177\261\304eOX\262)FA-\022r\263wm\024""; closeTime: 803902460; signature: ""0E\002!\000\352\177\355Rd\326\3578\206g\314)\303:\340c\262_&\243\357\010\202u\022m\335\201z\220-\002\002 =\233\221I\303J\350\276\014?\246N\226x\302\001\210\307\352\356d\034\311e\205Yg\022\347\nX\210""; previousledger: ""\214.\207\210%\003 \010ML\347\200R\304&\320_\215\226\344\334\033\354\2002\255\216\332\317\255\034\017""; "
1750587262182,1750587262182,926,1,1,0,TMProposeSet,"proposeSeq: 0; currentTxHash: ""\000\000\000\000\000\000\000\000\000\000\000\000\000\000\000\000\000\000\000\000\000\000\000\000\000\000\000\000\000\000\000\000""; nodePubKey: ""\003ql\302)\235\321\t\213\224\356\374%%\311\327\037\374\304\t\335\2359\344\233\035]\347<u\236\364\222""; closeTime: 803902460; signature: ""0D\002 |;J^\3255\277L}\242\207\002\233\250\364\337\013\346cv\370Z\264\254B\3627\322\254\301%\211\002 T\231\243\233\370\206r\325,\340K(\304\332\001h\321]\244\023\177\023d\021\023\232S;4u\010\345""; previousledger: ""\214.\207\210%\003 \010ML\347\200R\304&\320_\215\226\344\334\033\354\2002\255\216\332\317\255\034\017""; ","proposeSeq: 0; currentTxHash: ""\000\000\000\000\000\000\000\000\000\000\000\000\000\000\000\000\000\000\000\000\000\000\000\000\000\000\000\000\000\000\000\000""; nodePubKey: ""\003ql\302)\235\321\t\213\224\356\374%%\311\327\037\374\304\t\335\2359\344\233\035]\347<u\236\364\222""; closeTime: 803902460; signature: ""0D\002 |;J^\3255\277L}\242\207\002\233\250\364\337\013\346cv\370Z\264\254B\3627\322\254\301%\211\002 T\231\243\233\370\206r\325,\340K(\304\332\001h\321]\244\023\177\023d\021\023\232S;4u\010\345""; previousledger: ""\214.\207\210%\003 \010ML\347\200R\304&\320_\215\226\344\334\033\354\2002\255\216\332\317\255\034\017""; "
1750587262206,1750587262207,3538,1,1,3,TMProposeSet,"proposeSeq: 0; currentTxHash: ""\000\000\000\000\000\000\000\000\000\000\000\000\000\000\000\000\000\000\000\000\000\000\000\000\000\000\000\000\000\000\000\000""; nodePubKey: ""\003ql\302)\235\321\t\213\224\356\374%%\311\327\037\374\304\t\335\2359\344\233\035]\347<u\236\364\222""; closeTime: 803902460; signature: ""0D\002 |;J^\3255\277L}\242\207\002\233\250\364\337\013\346cv\370Z\264\254B\3627\322\254\301%\211\002 T\231\243\233\370\206r\325,\340K(\304\332\001h\321]\244\023\177\023d\021\023\232S;4u\010\345""; previousledger: ""\214.\207\210%\003 \010ML\347\200R\304&\320_\215\226\344\334\033\354\2002\255\216\332\317\255\034\017""; ","proposeSeq: 0; currentTxHash: ""\000\000\000\000\000\000\000\000\000\000\000\000\000\000\000\000\000\000\000\000\000\000\000\000\000\000\000\000\000\000\000\000""; nodePubKey: ""\003ql\302)\235\321\t\213\224\356\374%%\311\327\037\374\304\t\335\2359\344\233\035]\347<u\236\364\222""; closeTime: 803902460; signature: ""0D\002 |;J^\3255\277L}\242\207\002\233\250\364\337\013\346cv\370Z\264\254B\3627\322\254\301%\211\002 T\231\243\233\370\206r\325,\340K(\304\332\001h\321]\244\023\177\023d\021\023\232S;4u\010\345""; previousledger: ""\214.\207\210%\003 \010ML\347\200R\304&\320_\215\226\344\334\033\354\2002\255\216\332\317\255\034\017""; "
1750587262215,1750587262215,3375,1,1,4,TMProposeSet,"proposeSeq: 0; currentTxHash: ""\000\000\000\000\000\000\000\000\000\000\000\000\000\000\000\000\000\000\000\000\000\000\000\000\000\000\000\000\000\000\000\000""; nodePubKey: ""\003ql\302)\235\321\t\213\224\356\374%%\311\327\037\374\304\t\335\2359\344\233\035]\347<u\236\364\222""; closeTime: 803902460; signature: ""0D\002 |;J^\3255\277L}\242\207\002\233\250\364\337\013\346cv\370Z\264\254B\3627\322\254\301%\211\002 T\231\243\233\370\206r\325,\340K(\304\332\001h\321]\244\023\177\023d\021\023\232S;4u\010\345""; previousledger: ""\214.\207\210%\003 \010ML\347\200R\304&\320_\215\226\344\334\033\354\2002\255\216\332\317\255\034\017""; ","proposeSeq: 0; currentTxHash: ""\000\000\000\000\000\000\000\000\000\000\000\000\000\000\000\000\000\000\000\000\000\000\000\000\000\000\000\000\000\000\000\000""; nodePubKey: ""\003ql\302)\235\321\t\213\224\356\374%%\311\327\037\374\304\t\335\2359\344\233\035]\347<u\236\364\222""; closeTime: 803902460; signature: ""0D\002 |;J^\3255\277L}\242\207\002\233\250\364\337\013\346cv\370Z\264\254B\3627\322\254\301%\211\002 T\231\243\233\370\206r\325,\340K(\304\332\001h\321]\244\023\177\023d\021\023\232S;4u\010\345""; previousledger: ""\214.\207\210%\003 \010ML\347\200R\304&\320_\215\226\344\334\033\354\2002\255\216\332\317\255\034\017""; "
1750587262217,1750587262217,3082,1,2,4,TMProposeSet,"proposeSeq: 0; currentTxHash: ""\000\000\000\000\000\000\000\000\000\000\000\000\000\000\000\000\000\000\000\000\000\000\000\000\000\000\000\000\000\000\000\000""; nodePubKey: ""\003\325Q\255\224\274R@\312\253\262\347\352\034\346\347\242\215,\312\376=\277\353{\350\225\301\305`^, ""; closeTime: 803902460; signature: ""0D\002 s9D\377\337\270\034\232\230t\016\366\260d\206\256\354\223\211[/\270\257\361[^\262\013\231Kp\271\002 \026\353I\300\007w\364\364A\032\252\252]4T3\355E\353\306*+|\350\007\323mC%\007\330\026""; previousledger: ""\214.\207\210%\003 \010ML\347\200R\304&\320_\215\226\344\334\033\354\2002\255\216\332\317\255\034\017""; ","proposeSeq: 0; currentTxHash: ""\000\000\000\000\000\000\000\000\000\000\000\000\000\000\000\000\000\000\000\000\000\000\000\000\000\000\000\000\000\000\000\000""; nodePubKey: ""\003\325Q\255\224\274R@\312\253\262\347\352\034\346\347\242\215,\312\376=\277\353{\350\225\301\305`^, ""; closeTime: 803902460; signature: ""0D\002 s9D\377\337\270\034\232\230t\016\366\260d\206\256\354\223\211[/\270\257\361[^\262\013\231Kp\271\002 \026\353I\300\007w\364\364A\032\252\252]4T3\355E\353\306*+|\350\007\323mC%\007\330\026""; previousledger: ""\214.\207\210%\003 \010ML\347\200R\304&\320_\215\226\344\334\033\354\2002\255\216\332\317\255\034\017""; "
1750587262218,1750587262218,1838,1,2,1,TMProposeSet,"proposeSeq: 0; currentTxHash: ""\000\000\000\000\000\000\000\000\000\000\000\000\000\000\000\000\000\000\000\000\000\000\000\000\000\000\000\000\000\000\000\000""; nodePubKey: ""\003\325Q\255\224\274R@\312\253\262\347\352\034\346\347\242\215,\312\376=\277\353{\350\225\301\305`^, ""; closeTime: 803902460; signature: ""0D\002 s9D\377\337\270\034\232\230t\016\366\260d\206\256\354\223\211[/\270\257\361[^\262\013\231Kp\271\002 \026\353I\300\007w\364\364A\032\252\252]4T3\355E\353\306*+|\350\007\323mC%\007\330\026""; previousledger: ""\214.\207\210%\003 \010ML\347\200R\304&\320_\215\226\344\334\033\354\2002\255\216\332\317\255\034\017""; ","proposeSeq: 0; currentTxHash: ""\000\000\000\000\000\000\000\000\000\000\000\000\000\000\000\000\000\000\000\000\000\000\000\000\000\000\000\000\000\000\000\000""; nodePubKey: ""\003\325Q\255\224\274R@\312\253\262\347\352\034\346\347\242\215,\312\376=\277\353{\350\225\301\305`^, ""; closeTime: 803902460; signature: ""0D\002 s9D\377\337\270\034\232\230t\016\366\260d\206\256\354\223\211[/\270\257\361[^\262\013\231Kp\271\002 \026\353I\300\007w\364\364A\032\252\252]4T3\355E\353\306*+|\350\007\323mC%\007\330\026""; previousledger: ""\214.\207\210%\003 \010ML\347\200R\304&\320_\215\226\344\334\033\354\2002\255\216\332\317\255\034\017""; "
1750587262218,1750587262218,3546,1,2,0,TMProposeSet,"proposeSeq: 0; currentTxHash: ""\000\000\000\000\000\000\000\000\000\000\000\000\000\000\000\000\000\000\000\000\000\000\000\000\000\000\000\000\000\000\000\000""; nodePubKey: ""\003\325Q\255\224\274R@\312\253\262\347\352\034\346\347\242\215,\312\376=\277\353{\350\225\301\305`^, ""; closeTime: 803902460; signature: ""0D\002 s9D\377\337\270\034\232\230t\016\366\260d\206\256\354\223\211[/\270\257\361[^\262\013\231Kp\271\002 \026\353I\300\007w\364\364A\032\252\252]4T3\355E\353\306*+|\350\007\323mC%\007\330\026""; previousledger: ""\214.\207\210%\003 \010ML\347\200R\304&\320_\215\226\344\334\033\354\2002\255\216\332\317\255\034\017""; ","proposeSeq: 0; currentTxHash: ""\000\000\000\000\000\000\000\000\000\000\000\000\000\000\000\000\000\000\000\000\000\000\000\000\000\000\000\000\000\000\000\000""; nodePubKey: ""\003\325Q\255\224\274R@\312\253\262\347\352\034\346\347\242\215,\312\376=\277\353{\350\225\301\305`^, ""; closeTime: 803902460; signature: ""0D\002 s9D\377\337\270\034\232\230t\016\366\260d\206\256\354\223\211[/\270\257\361[^\262\013\231Kp\271\002 \026\353I\300\007w\364\364A\032\252\252]4T3\355E\353\306*+|\350\007\323mC%\007\330\026""; previousledger: ""\214.\207\210%\003 \010ML\347\200R\304&\320_\215\226\344\334\033\354\2002\255\216\332\317\255\034\017""; "
1750587262224,1750587262225,3546,1,2,0,TMProposeSet,"proposeSeq: 0; currentTxHash: ""\000\000\000\000\000\000\000\000\000\000\000\000\000\000\000\000\000\000\000\000\000\000\000\000\000\000\000\000\000\000\000\000""; nodePubKey: ""\003\343\005\311u\203\370\0338\3174\324\010\006\301\251\177\261\304eOX\262)FA-\022r\263wm\024""; closeTime: 803902460; signature: ""0E\002!\000\352\177\355Rd\326\3578\206g\314)\303:\340c\262_&\243\357\010\202u\022m\335\201z\220-\002\002 =\233\221I\303J\350\276\014?\246N\226x\302\001\210\307\352\356d\034\311e\205Yg\022\347\nX\210""; previousledger: ""\214.\207\210%\003 \010ML\347\200R\304&\320_\215\226\344\334\033\354\2002\255\216\332\317\255\034\017""; ","proposeSeq: 0; currentTxHash: ""\000\000\000\000\000\000\000\000\000\000\000\000\000\000\000\000\000\000\000\000\000\000\000\000\000\000\000\000\000\000\000\000""; nodePubKey: ""\003\343\005\311u\203\370\0338\3174\324\010\006\301\251\177\261\304eOX\262)FA-\022r\263wm\024""; closeTime: 803902460; signature: ""0E\002!\000\352\177\355Rd\326\3578\206g\314)\303:\340c\262_&\243\357\010\202u\022m\335\201z\220-\002\002 =\233\221I\303J\350\276\014?\246N\226x\302\001\210\307\352\356d\034\311e\205Yg\022\347\nX\210""; previousledger: ""\214.\207\210%\003 \010ML\347\200R\304&\320_\215\226\344\334\033\354\2002\255\216\332\317\255\034\017""; "
1750587262225,1750587262225,3082,1,2,4,TMProposeSet,"proposeSeq: 0; currentTxHash: ""\000\000\000\000\000\000\000\000\000\000\000\000\000\000\000\000\000\000\000\000\000\000\000\000\000\000\000\000\000\000\000\000""; nodePubKey: ""\003\343\005\311u\203\370\0338\3174\324\010\006\301\251\177\261\304eOX\262)FA-\022r\263wm\024""; closeTime: 803902460; signature: ""0E\002!\000\352\177\355Rd\326\3578\206g\314)\303:\340c\262_&\243\357\010\202u\022m\335\201z\220-\002\002 =\233\221I\303J\350\276\014?\246N\226x\302\001\210\307\352\356d\034\311e\205Yg\022\347\nX\210""; previousledger: ""\214.\207\210%\003 \010ML\347\200R\304&\320_\215\226\344\334\033\354\2002\255\216\332\317\255\034\017""; ","proposeSeq: 0; currentTxHash: ""\000\000\000\000\000\000\000\000\000\000\000\000\000\000\000\000\000\000\000\000\000\000\000\000\000\000\000\000\000\000\000\000""; nodePubKey: ""\003\343\005\311u\203\370\0338\3174\324\010\006\301\251\177\261\304eOX\262)FA-\022r\263wm\024""; closeTime: 803902460; signature: ""0E\002!\000\352\177\355Rd\326\3578\206g\314)\303:\340c\262_&\243\357\010\202u\022m\335\201z\220-\002\002 =\233\221I\303J\350\276\014?\246N\226x\302\001\210\307\352\356d\034\311e\205Yg\022\347\nX\210""; previousledger: ""\214.\207\210%\003 \010ML\347\200R\304&\320_\215\226\344\334\033\354\2002\255\216\332\317\255\034\017""; "
1750587262225,1750587262226,3725,1,2,3,TMProposeSet,"proposeSeq: 0; currentTxHash: ""\000\000\000\000\000\000\000\000\000\000\000\000\000\000\000\000\000\000\000\000\000\000\000\000\000\000\000\000\000\000\000\000""; nodePubKey: ""\003\343\005\311u\203\370\0338\3174\324\010\006\301\251\177\261\304eOX\262)FA-\022r\263wm\024""; closeTime: 803902460; signature: ""0E\002!\000\352\177\355Rd\326\3578\206g\314)\303:\340c\262_&\243\357\010\202u\022m\335\201z\220-\002\002 =\233\221I\303J\350\276\014?\246N\226x\302\001\210\307\352\356d\034\311e\205Yg\022\347\nX\210""; previousledger: ""\214.\207\210%\003 \010ML\347\200R\304&\320_\215\226\344\334\033\354\2002\255\216\332\317\255\034\017""; ","proposeSeq: 0; currentTxHash: ""\000\000\000\000\000\000\000\000\000\000\000\000\000\000\000\000\000\000\000\000\000\000\000\000\000\000\000\000\000\000\000\000""; nodePubKey: ""\003\343\005\311u\203\370\0338\3174\324\010\006\301\251\177\261\304eOX\262)FA-\022r\263wm\024""; closeTime: 803902460; signature: ""0E\002!\000\352\177\355Rd\326\3578\206g\314)\303:\340c\262_&\243\357\010\202u\022m\335\201z\220-\002\002 =\233\221I\303J\350\276\014?\246N\226x\302\001\210\307\352\356d\034\311e\205Yg\022\347\nX\210""; previousledger: ""\214.\207\210%\003 \010ML\347\200R\304&\320_\215\226\344\334\033\354\2002\255\216\332\317\255\034\017""; "
1750587262274,1750587262274,3116,1,2,4,TMStatusChange,"newEvent: neACCEPTED_LEDGER; ledgerSeq: 3; ledgerHash: ""T\270\242(,&\233\326\374o\306[\235\317>\021e\005s\261\371l\216\017\003\032\017J\217\244W<""; ledgerHashPrevious: ""\214.\207\210%\003 \010ML\347\200R\304&\320_\215\226\344\334\033\354\2002\255\216\332\317\255\034\017""; networkTime: 803902462; firstSeq: 1; lastSeq: 1; ","newEvent: neACCEPTED_LEDGER; ledgerSeq: 3; ledgerHash: ""T\270\242(,&\233\326\374o\306[\235\317>\021e\005s\261\371l\216\017\003\032\017J\217\244W<""; ledgerHashPrevious: ""\214.\207\210%\003 \010ML\347\200R\304&\320_\215\226\344\334\033\354\2002\255\216\332\317\255\034\017""; networkTime: 803902462; firstSeq: 1; lastSeq: 1; "
1750587262274,1750587262274,1036,1,2,4,TMValidation,"validation: """"\200\000\000\001&\000\000\000\003)/\352\223\376:Q\231\304\227'3\313\030QT\270\242(,&\233\326\374o\306[\235\317>\021e\005s\261\371l\216\017\003\032\017J\217\244W<P\027\000\000\000\000\000\000\000\000\000\000\000\000\000\000\000\000\000\000\000\000\000\000\000\000\000\000\000\000\000\000\000\000P\031-}\351f\032\255\274\334m\326c\017\014ao[\342\230\003\245\245\3341Hm\326^\017jy\335\261s!\003ql\302)\235\321\t\213\224\356\374%%\311\327\037\374\304\t\335\2359\344\233\035]\347<u\236\364\222vG0E\002!\000\223\033N-\241FZ\263] n\254;\307\376v}\331\0108\235\245\013\207\300}\265D\262\226\035\177\002 ~'\005}t\372\376\036\017\231\225\2315\022J\327\304\260\271\034\326\316B\005\305\352\340\340q\370\342\344""; ","validation: """"\200\000\000\001&\000\000\000\003)/\352\223\376:Q\231\304\227'3\313\030QT\270\242(,&\233\326\374o\306[\235\317>\021e\005s\261\371l\216\017\003\032\017J\217\244W<P\027\000\000\000\000\000\000\000\000\000\000\000\000\000\000\000\000\000\000\000\000\000\000\000\000\000\000\000\000\000\000\000\000P\031-}\351f\032\255\274\334m\326c\017\014ao[\342\230\003\245\245\3341Hm\326^\017jy\335\261s!\003ql\302)\235\321\t\213\224\356\374%%\311\327\037\374\304\t\335\2359\344\233\035]\347<u\236\364\222vG0E\002!\000\223\033N-\241FZ\263] n\254;\307\376v}\331\0108\235\245\013\207\300}\265D\262\226\035\177\002 ~'\005}t\372\376\036\017\231\225\2315\022J\327\304\260\271\034\326\316B\005\305\352\340\340q\370\342\344""; "
1750587262276,1750587262276,3488,1,2,0,TMValidation,"validation: """"\200\000\000\001&\000\000\000\003)/\352\223\376:Q\231\304\227'3\313\030QT\270\242(,&\233\326\374o\306[\235\317>\021e\005s\261\371l\216\017\003\032\017J\217\244W<P\027\000\000\000\000\000\000\000\000\000\000\000\000\000\000\000\000\000\000\000\000\000\000\000\000\000\000\000\000\000\000\000\000P\031-}\351f\032\255\274\334m\326c\017\014ao[\342\230\003\245\245\3341Hm\326^\017jy\335\261s!\003ql\302)\235\321\t\213\224\356\374%%\311\327\037\374\304\t\335\2359\344\233\035]\347<u\236\364\222vG0E\002!\000\223\033N-\241FZ\263] n\254;\307\376v}\331\0108\235\245\013\207\300}\265D\262\226\035\177\002 ~'\005}t\372\376\036\017\231\225\2315\022J\327\304\260\271\034\326\316B\005\305\352\340\340q\370\342\344""; ","validation: """"\200\000\000\001&\000\000\000\003)/\352\223\376:Q\231\304\227'3\313\030QT\270\242(,&\233\326\374o\306[\235\317>\021e\005s\261\371l\216\017\003\032\017J\217\244W<P\027\000\000\000\000\000\000\000\000\000\000\000\000\000\000\000\000\000\000\000\000\000\000\000\000\000\000\000\000\000\000\000\000P\031-}\351f\032\255\274\334m\326c\017\014ao[\342\230\003\245\245\3341Hm\326^\017jy\335\261s!\003ql\302)\235\321\t\213\224\356\374%%\311\327\037\374\304\t\335\2359\344\233\035]\347<u\236\364\222vG0E\002!\000\223\033N-\241FZ\263] n\254;\307\376v}\331\0108\235\245\013\207\300}\265D\262\226\035\177\002 ~'\005}t\372\376\036\017\231\225\2315\022J\327\304\260\271\034\326\316B\005\305\352\340\340q\370\342\344""; "
1750587262276,1750587262276,3126,1,2,1,TMStatusChange,"newEvent: neACCEPTED_LEDGER; ledgerSeq: 3; ledgerHash: ""T\270\242(,&\233\326\374o\306[\235\317>\021e\005s\261\371l\216\017\003\032\017J\217\244W<""; ledgerHashPrevious: ""\214.\207\210%\003 \010ML\347\200R\304&\320_\215\226\344\334\033\354\2002\255\216\332\317\255\034\017""; networkTime: 803902462; firstSeq: 1; lastSeq: 1; ","newEvent: neACCEPTED_LEDGER; ledgerSeq: 3; ledgerHash: ""T\270\242(,&\233\326\374o\306[\235\317>\021e\005s\261\371l\216\017\003\032\017J\217\244W<""; ledgerHashPrevious: ""\214.\207\210%\003 \010ML\347\200R\304&\320_\215\226\344\334\033\354\2002\255\216\332\317\255\034\017""; networkTime: 803902462; firstSeq: 1; lastSeq: 1; "
1750587262277,1750587262277,3744,1,2,0,TMStatusChange,"newEvent: neACCEPTED_LEDGER; ledgerSeq: 3; ledgerHash: ""T\270\242(,&\233\326\374o\306[\235\317>\021e\005s\261\371l\216\017\003\032\017J\217\244W<""; ledgerHashPrevious: ""\214.\207\210%\003 \010ML\347\200R\304&\320_\215\226\344\334\033\354\2002\255\216\332\317\255\034\017""; networkTime: 803902462; firstSeq: 1; lastSeq: 1; ","newEvent: neACCEPTED_LEDGER; ledgerSeq: 3; ledgerHash: ""T\270\242(,&\233\326\374o\306[\235\317>\021e\005s\261\371l\216\017\003\032\017J\217\244W<""; ledgerHashPrevious: ""\214.\207\210%\003 \010ML\347\200R\304&\320_\215\226\344\334\033\354\2002\255\216\332\317\255\034\017""; networkTime: 803902462; firstSeq: 1; lastSeq: 1; "
1750587262277,1750587262277,3989,1,2,3,TMValidation,"validation: """"\200\000\000\001&\000\000\000\003)/\352\223\376:Q\231\304\227'3\313\030QT\270\242(,&\233\326\374o\306[\235\317>\021e\005s\261\371l\216\017\003\032\017J\217\244W<P\027\000\000\000\000\000\000\000\000\000\000\000\000\000\000\000\000\000\000\000\000\000\000\000\000\000\000\000\000\000\000\000\000P\031-}\351f\032\255\274\334m\326c\017\014ao[\342\230\003\245\245\3341Hm\326^\017jy\335\261s!\003ql\302)\235\321\t\213\224\356\374%%\311\327\037\374\304\t\335\2359\344\233\035]\347<u\236\364\222vG0E\002!\000\223\033N-\241FZ\263] n\254;\307\376v}\331\0108\235\245\013\207\300}\265D\262\226\035\177\002 ~'\005}t\372\376\036\017\231\225\2315\022J\327\304\260\271\034\326\316B\005\305\352\340\340q\370\342\344""; ","validation: """"\200\000\000\001&\000\000\000\003)/\352\223\376:Q\231\304\227'3\313\030QT\270\242(,&\233\326\374o\306[\235\317>\021e\005s\261\371l\216\017\003\032\017J\217\244W<P\027\000\000\000\000\000\000\000\000\000\000\000\000\000\000\000\000\000\000\000\000\000\000\000\000\000\000\000\000\000\000\000\000P\031-}\351f\032\255\274\334m\326c\017\014ao[\342\230\003\245\245\3341Hm\326^\017jy\335\261s!\003ql\302)\235\321\t\213\224\356\374%%\311\327\037\374\304\t\335\2359\344\233\035]\347<u\236\364\222vG0E\002!\000\223\033N-\241FZ\263] n\254;\307\376v}\331\0108\235\245\013\207\300}\265D\262\226\035\177\002 ~'\005}t\372\376\036\017\231\225\2315\022J\327\304\260\271\034\326\316B\005\305\352\340\340q\370\342\344""; "
1750587262277,1750587262277,3058,1,2,3,TMStatusChange,"newEvent: neACCEPTED_LEDGER; ledgerSeq: 3; ledgerHash: ""T\270\242(,&\233\326\374o\306[\235\317>\021e\005s\261\371l\216\017\003\032\017J\217\244W<""; ledgerHashPrevious: ""\214.\207\210%\003 \010ML\347\200R\304&\320_\215\226\344\334\033\354\2002\255\216\332\317\255\034\017""; networkTime: 803902462; firstSeq: 1; lastSeq: 1; ","newEvent: neACCEPTED_LEDGER; ledgerSeq: 3; ledgerHash: ""T\270\242(,&\233\326\374o\306[\235\317>\021e\005s\261\371l\216\017\003\032\017J\217\244W<""; ledgerHashPrevious: ""\214.\207\210%\003 \010ML\347\200R\304&\320_\215\226\344\334\033\354\2002\255\216\332\317\255\034\017""; networkTime: 803902462; firstSeq: 1; lastSeq: 1; "
1750587262277,1750587262278,1094,1,2,1,TMValidation,"validation: """"\200\000\000\001&\000\000\000\003)/\352\223\376:Q\231\304\227'3\313\030QT\270\242(,&\233\326\374o\306[\235\317>\021e\005s\261\371l\216\017\003\032\017J\217\244W<P\027\000\000\000\000\000\000\000\000\000\000\000\000\000\000\000\000\000\000\000\000\000\000\000\000\000\000\000\000\000\000\000\000P\031-}\351f\032\255\274\334m\326c\017\014ao[\342\230\003\245\245\3341Hm\326^\017jy\335\261s!\003ql\302)\235\321\t\213\224\356\374%%\311\327\037\374\304\t\335\2359\344\233\035]\347<u\236\364\222vG0E\002!\000\223\033N-\241FZ\263] n\254;\307\376v}\331\0108\235\245\013\207\300}\265D\262\226\035\177\002 ~'\005}t\372\376\036\017\231\225\2315\022J\327\304\260\271\034\326\316B\005\305\352\340\340q\370\342\344""; ","validation: """"\200\000\000\001&\000\000\000\003)/\352\223\376:Q\231\304\227'3\313\030QT\270\242(,&\233\326\374o\306[\235\317>\021e\005s\261\371l\216\017\003\032\017J\217\244W<P\027\000\000\000\000\000\000\000\000\000\000\000\000\000\000\000\000\000\000\000\000\000\000\000\000\000\000\000\000\000\000\000\000P\031-}\351f\032\255\274\334m\326c\017\014ao[\342\230\003\245\245\3341Hm\326^\017jy\335\261s!\003ql\302)\235\321\t\213\224\356\374%%\311\327\037\374\304\t\335\2359\344\233\035]\347<u\236\364\222vG0E\002!\000\223\033N-\241FZ\263] n\254;\307\376v}\331\0108\235\245\013\207\300}\265D\262\226\035\177\002 ~'\005}t\372\376\036\017\231\225\2315\022J\327\304\260\271\034\326\316B\005\305\352\340\340q\370\342\344""; "
1750587262423,1750587262423,1289,1,1,3,TMValidation,"validation: """"\200\000\000\001&\000\000\000\003)/\352\223\376:?HT\314/\177\320^QT\270\242(,&\233\326\374o\306[\235\317>\021e\005s\261\371l\216\017\003\032\017J\217\244W<P\027\000\000\000\000\000\000\000\000\000\000\000\000\000\000\000\000\000\000\000\000\000\000\000\000\000\000\000\000\000\000\000\000P\031-}\351f\032\255\274\334m\326c\017\014ao[\342\230\003\245\245\3341Hm\326^\017jy\335\261s!\003\343\005\311u\203\370\0338\3174\324\010\006\301\251\177\261\304eOX\262)FA-\022r\263wm\024vG0E\002!\000\325\372\350\343\177;\342+\266A\230\272\023N\014R\021\342kV""\376\233\334\254\347\322\362\026a\3627\002 [\244\334v""\313\014\24601\210\260\326fvF'9M2\215\210\226Y\201\240\307\357\016,\241\343""; ","validation: """"\200\000\000\001&\000\000\000\003)/\352\223\376:?HT\314/\177\320^QT\270\242(,&\233\326\374o\306[\235\317>\021e\005s\261\371l\216\017\003\032\017J\217\244W<P\027\000\000\000\000\000\000\000\000\000\000\000\000\000\000\000\000\000\000\000\000\000\000\000\000\000\000\000\000\000\000\000\000P\031-}\351f\032\255\274\334m\326c\017\014ao[\342\230\003\245\245\3341Hm\326^\017jy\335\261s!\003\343\005\311u\203\370\0338\3174\324\010\006\301\251\177\261\304eOX\262)FA-\022r\263wm\024vG0E\002!\000\325\372\350\343\177;\342+\266A\230\272\023N\014R\021\342kV""\376\233\334\254\347\322\362\026a\3627\002 [\244\334v""\313\014\24601\210\260\326fvF'9M2\215\210\226Y\201\240\307\357\016,\241\343""; "
1750587262423,1750587262423,3522,1,1,4,TMStatusChange,"newEvent: neACCEPTED_LEDGER; ledgerSeq: 3; ledgerHash: ""T\270\242(,&\233\326\374o\306[\235\317>\021e\005s\261\371l\216\017\003\032\017J\217\244W<""; ledgerHashPrevious: ""\214.\207\210%\003 \010ML\347\200R\304&\320_\215\226\344\334\033\354\2002\255\216\332\317\255\034\017""; networkTime: 803902462; firstSeq: 1; lastSeq: 1; ","newEvent: neACCEPTED_LEDGER; ledgerSeq: 3; ledgerHash: ""T\270\242(,&\233\326\374o\306[\235\317>\021e\005s\261\371l\216\017\003\032\017J\217\244W<""; ledgerHashPrevious: ""\214.\207\210%\003 \010ML\347\200R\304&\320_\215\226\344\334\033\354\2002\255\216\332\317\255\034\017""; networkTime: 803902462; firstSeq: 1; lastSeq: 1; "
1750587262424,1750587262424,1020,1,1,3,TMStatusChange,"newEvent: neACCEPTED_LEDGER; ledgerSeq: 3; ledgerHash: ""T\270\242(,&\233\326\374o\306[\235\317>\021e\005s\261\371l\216\017\003\032\017J\217\244W<""; ledgerHashPrevious: ""\214.\207\210%\003 \010ML\347\200R\304&\320_\215\226\344\334\033\354\2002\255\216\332\317\255\034\017""; networkTime: 803902462; firstSeq: 1; lastSeq: 1; ","newEvent: neACCEPTED_LEDGER; ledgerSeq: 3; ledgerHash: ""T\270\242(,&\233\326\374o\306[\235\317>\021e\005s\261\371l\216\017\003\032\017J\217\244W<""; ledgerHashPrevious: ""\214.\207\210%\003 \010ML\347\200R\304&\320_\215\226\344\334\033\354\2002\255\216\332\317\255\034\017""; networkTime: 803902462; firstSeq: 1; lastSeq: 1; "
1750587262424,1750587262424,1939,1,1,4,TMValidation,"validation: """"\200\000\000\001&\000\000\000\003)/\352\223\376:?HT\314/\177\320^QT\270\242(,&\233\326\374o\306[\235\317>\021e\005s\261\371l\216\017\003\032\017J\217\244W<P\027\000\000\000\000\000\000\000\000\000\000\000\000\000\000\000\000\000\000\000\000\000\000\000\000\000\000\000\000\000\000\000\000P\031-}\351f\032\255\274\334m\326c\017\014ao[\342\230\003\245\245\3341Hm\326^\017jy\335\261s!\003\343\005\311u\203\370\0338\3174\324\010\006\301\251\177\261\304eOX\262)FA-\022r\263wm\024vG0E\002!\000\325\372\350\343\177;\342+\266A\230\272\023N\014R\021\342kV""\376\233\334\254\347\322\362\026a\3627\002 [\244\334v""\313\014\24601\210\260\326fvF'9M2\215\210\226Y\201\240\307\357\016,\241\343""; ","validation: """"\200\000\000\001&\000\000\000\003)/\352\223\376:?HT\314/\177\320^QT\270\242(,&\233\326\374o\306[\235\317>\021e\005s\261\371l\216\017\003\032\017J\217\244W<P\027\000\000\000\000\000\000\000\000\000\000\000\000\000\000\000\000\000\000\000\000\000\000\000\000\000\000\000\000\000\000\000\000P\031-}\351f\032\255\274\334m\326c\017\014ao[\342\230\003\245\245\3341Hm\326^\017jy\335\261s!\003\343\005\311u\203\370\0338\3174\324\010\006\301\251\177\261\304eOX\262)FA-\022r\263wm\024vG0E\002!\000\325\372\350\343\177;\342+\266A\230\272\023N\014R\021\342kV""\376\233\334\254\347\322\362\026a\3627\002 [\244\334v""\313\014\24601\210\260\326fvF'9M2\215\210\226Y\201\240\307\357\016,\241\343""; "
1750587262426,1750587262426,3090,1,1,0,TMValidation,"validation: """"\200\000\000\001&\000\000\000\003)/\352\223\376:?HT\314/\177\320^QT\270\242(,&\233\326\374o\306[\235\317>\021e\005s\261\371l\216\017\003\032\017J\217\244W<P\027\000\000\000\000\000\000\000\000\000\000\000\000\000\000\000\000\000\000\000\000\000\000\000\000\000\000\000\000\000\000\000\000P\031-}\351f\032\255\274\334m\326c\017\014ao[\342\230\003\245\245\3341Hm\326^\017jy\335\261s!\003\343\005\311u\203\370\0338\3174\324\010\006\301\251\177\261\304eOX\262)FA-\022r\263wm\024vG0E\002!\000\325\372\350\343\177;\342+\266A\230\272\023N\014R\021\342kV""\376\233\334\254\347\322\362\026a\3627\002 [\244\334v""\313\014\24601\210\260\326fvF'9M2\215\210\226Y\201\240\307\357\016,\241\343""; ","validation: """"\200\000\000\001&\000\000\000\003)/\352\223\376:?HT\314/\177\320^QT\270\242(,&\233\326\374o\306[\235\317>\021e\005s\261\371l\216\017\003\032\017J\217\244W<P\027\000\000\000\000\000\000\000\000\000\000\000\000\000\000\000\000\000\000\000\000\000\000\000\000\000\000\000\000\000\000\000\000P\031-}\351f\032\255\274\334m\326c\017\014ao[\342\230\003\245\245\3341Hm\326^\017jy\335\261s!\003\343\005\311u\203\370\0338\3174\324\010\006\301\251\177\261\304eOX\262)FA-\022r\263wm\024vG0E\002!\000\325\372\350\343\177;\342+\266A\230\272\023N\014R\021\342kV""\376\233\334\254\347\322\362\026a\3627\002 [\244\334v""\313\014\24601\210\260\326fvF'9M2\215\210\226Y\201\240\307\357\016,\241\343""; "
1750587262426,1750587262426,1862,1,1,0,TMStatusChange,"newEvent: neACCEPTED_LEDGER; ledgerSeq: 3; ledgerHash: ""T\270\242(,&\233\326\374o\306[\235\317>\021e\005s\261\371l\216\017\003\032\017J\217\244W<""; ledgerHashPrevious: ""\214.\207\210%\003 \010ML\347\200R\304&\320_\215\226\344\334\033\354\2002\255\216\332\317\255\034\017""; networkTime: 803902462; firstSeq: 1; lastSeq: 1; ","newEvent: neACCEPTED_LEDGER; ledgerSeq: 3; ledgerHash: ""T\270\242(,&\233\326\374o\306[\235\317>\021e\005s\261\371l\216\017\003\032\017J\217\244W<""; ledgerHashPrevious: ""\214.\207\210%\003 \010ML\347\200R\304&\320_\215\226\344\334\033\354\2002\255\216\332\317\255\034\017""; networkTime: 803902462; firstSeq: 1; lastSeq: 1; "
1750587262427,1750587262427,1652,1,1,2,TMValidation,"validation: """"\200\000\000\001&\000\000\000\003)/\352\223\376:?HT\314/\177\320^QT\270\242(,&\233\326\374o\306[\235\317>\021e\005s\261\371l\216\017\003\032\017J\217\244W<P\027\000\000\000\000\000\000\000\000\000\000\000\000\000\000\000\000\000\000\000\000\000\000\000\000\000\000\000\000\000\000\000\000P\031-}\351f\032\255\274\334m\326c\017\014ao[\342\230\003\245\245\3341Hm\326^\017jy\335\261s!\003\343\005\311u\203\370\0338\3174\324\010\006\301\251\177\261\304eOX\262)FA-\022r\263wm\024vG0E\002!\000\325\372\350\343\177;\342+\266A\230\272\023N\014R\021\342kV""\376\233\334\254\347\322\362\026a\3627\002 [\244\334v""\313\014\24601\210\260\326fvF'9M2\215\210\226Y\201\240\307\357\016,\241\343""; ","validation: """"\200\000\000\001&\000\000\000\003)/\352\223\376:?HT\314/\177\320^QT\270\242(,&\233\326\374o\306[\235\317>\021e\005s\261\371l\216\017\003\032\017J\217\244W<P\027\000\000\000\000\000\000\000\000\000\000\000\000\000\000\000\000\000\000\000\000\000\000\000\000\000\000\000\000\000\000\000\000P\031-}\351f\032\255\274\334m\326c\017\014ao[\342\230\003\245\245\3341Hm\326^\017jy\335\261s!\003\343\005\311u\203\370\0338\3174\324\010\006\301\251\177\261\304eOX\262)FA-\022r\263wm\024vG0E\002!\000\325\372\350\343\177;\342+\266A\230\272\023N\014R\021\342kV""\376\233\334\254\347\322\362\026a\3627\002 [\244\334v""\313\014\24601\210\260\326fvF'9M2\215\210\226Y\201\240\307\357\016,\241\343""; "
1750587262428,1750587262428,961,1,1,2,TMStatusChange,"newEvent: neACCEPTED_LEDGER; ledgerSeq: 3; ledgerHash: ""T\270\242(,&\233\326\374o\306[\235\317>\021e\005s\261\371l\216\017\003\032\017J\217\244W<""; ledgerHashPrevious: ""\214.\207\210%\003 \010ML\347\200R\304&\320_\215\226\344\334\033\354\2002\255\216\332\317\255\034\017""; networkTime: 803902462; firstSeq: 1; lastSeq: 1; ","newEvent: neACCEPTED_LEDGER; ledgerSeq: 3; ledgerHash: ""T\270\242(,&\233\326\374o\306[\235\317>\021e\005s\261\371l\216\017\003\032\017J\217\244W<""; ledgerHashPrevious: ""\214.\207\210%\003 \010ML\347\200R\304&\320_\215\226\344\334\033\354\2002\255\216\332\317\255\034\017""; networkTime: 803902462; firstSeq: 1; lastSeq: 1; "
1750587262749,1750587262749,443,1,4,2,TMValidation,"validation: """"\200\000\000\001&\000\000\000\003)/\352\223\376:v|\203\267)\257\206\032QT\270\242(,&\233\326\374o\306[\235\317>\021e\005s\261\371l\216\017\003\032\017J\217\244W<P\027\000\000\000\000\000\000\000\000\000\000\000\000\000\000\000\000\000\000\000\000\000\000\000\000\000\000\000\000\000\000\000\000P\031-}\351f\032\255\274\334m\326c\017\014ao[\342\230\003\245\245\3341Hm\326^\017jy\335\261s!\003.\200\224\215?)t\306\315\242\313\251\255\302\204=\232.\271%}\013\024s\024\002@\216l""\241FvF0D\002 $\001\206\263\325\177\t\232\201\177\t\246\027;#l\367\374\275v\247J\007C\364\216P:\325g\251\250\002 7\366\304Q\241\247\324\t\007\2641$'\250\265\217\321+\341\341dC\021] 7\244*\177\210z\231""; ","validation: """"\200\000\000\001&\000\000\000\003)/\352\223\376:v|\203\267)\257\206\032QT\270\242(,&\233\326\374o\306[\235\317>\021e\005s\261\371l\216\017\003\032\017J\217\244W<P\027\000\000\000\000\000\000\000\000\000\000\000\000\000\000\000\000\000\000\000\000\000\000\000\000\000\000\000\000\000\000\000\000P\031-}\351f\032\255\274\334m\326c\017\014ao[\342\230\003\245\245\3341Hm\326^\017jy\335\261s!\003.\200\224\215?)t\306\315\242\313\251\255\302\204=\232.\271%}\013\024s\024\002@\216l""\241FvF0D\002 $\001\206\263\325\177\t\232\201\177\t\246\027;#l\367\374\275v\247J\007C\364\216P:\325g\251\250\002 7\366\304Q\241\247\324\t\007\2641$'\250\265\217\321+\341\341dC\021] 7\244*\177\210z\231""; "
1750587262749,1750587262749,1021,1,4,2,TMStatusChange,"newEvent: neACCEPTED_LEDGER; ledgerSeq: 3; ledgerHash: ""T\270\242(,&\233\326\374o\306[\235\317>\021e\005s\261\371l\216\017\003\032\017J\217\244W<""; ledgerHashPrevious: ""\214.\207\210%\003 \010ML\347\200R\304&\320_\215\226\344\334\033\354\2002\255\216\332\317\255\034\017""; networkTime: 803902462; firstSeq: 1; lastSeq: 1; ","newEvent: neACCEPTED_LEDGER; ledgerSeq: 3; ledgerHash: ""T\270\242(,&\233\326\374o\306[\235\317>\021e\005s\261\371l\216\017\003\032\017J\217\244W<""; ledgerHashPrevious: ""\214.\207\210%\003 \010ML\347\200R\304&\320_\215\226\344\334\033\354\2002\255\216\332\317\255\034\017""; networkTime: 803902462; firstSeq: 1; lastSeq: 1; "
1750587262750,1750587262751,1357,1,4,3,TMValidation,"validation: """"\200\000\000\001&\000\000\000\003)/\352\223\376:v|\203\267)\257\206\032QT\270\242(,&\233\326\374o\306[\235\317>\021e\005s\261\371l\216\017\003\032\017J\217\244W<P\027\000\000\000\000\000\000\000\000\000\000\000\000\000\000\000\000\000\000\000\000\000\000\000\000\000\000\000\000\000\000\000\000P\031-}\351f\032\255\274\334m\326c\017\014ao[\342\230\003\245\245\3341Hm\326^\017jy\335\261s!\003.\200\224\215?)t\306\315\242\313\251\255\302\204=\232.\271%}\013\024s\024\002@\216l""\241FvF0D\002 $\001\206\263\325\177\t\232\201\177\t\246\027;#l\367\374\275v\247J\007C\364\216P:\325g\251\250\002 7\366\304Q\241\247\324\t\007\2641$'\250\265\217\321+\341\341dC\021] 7\244*\177\210z\231""; ","validation: """"\200\000\000\001&\000\000\000\003)/\352\223\376:v|\203\267)\257\206\032QT\270\242(,&\233\326\374o\306[\235\317>\021e\005s\261\371l\216\017\003\032\017J\217\244W<P\027\000\000\000\000\000\000\000\000\000\000\000\000\000\000\000\000\000\000\000\000\000\000\000\000\000\000\000\000\000\000\000\000P\031-}\351f\032\255\274\334m\326c\017\014ao[\342\230\003\245\245\3341Hm\326^\017jy\335\261s!\003.\200\224\215?)t\306\315\242\313\251\255\302\204=\232.\271%}\013\024s\024\002@\216l""\241FvF0D\002 $\001\206\263\325\177\t\232\201\177\t\246\027;#l\367\374\275v\247J\007C\364\216P:\325g\251\250\002 7\366\304Q\241\247\324\t\007\2641$'\250\265\217\321+\341\341dC\021] 7\244*\177\210z\231""; "
1750587262751,1750587262751,1760,1,4,1,TMStatusChange,"newEvent: neACCEPTED_LEDGER; ledgerSeq: 3; ledgerHash: ""T\270\242(,&\233\326\374o\306[\235\317>\021e\005s\261\371l\216\017\003\032\017J\217\244W<""; ledgerHashPrevious: ""\214.\207\210%\003 \010ML\347\200R\304&\320_\215\226\344\334\033\354\2002\255\216\332\317\255\034\017""; networkTime: 803902462; firstSeq: 1; lastSeq: 1; ","newEvent: neACCEPTED_LEDGER; ledgerSeq: 3; ledgerHash: ""T\270\242(,&\233\326\374o\306[\235\317>\021e\005s\261\371l\216\017\003\032\017J\217\244W<""; ledgerHashPrevious: ""\214.\207\210%\003 \010ML\347\200R\304&\320_\215\226\344\334\033\354\2002\255\216\332\317\255\034\017""; networkTime: 803902462; firstSeq: 1; lastSeq: 1; "
1750587262751,1750587262751,2819,1,4,1,TMValidation,"validation: """"\200\000\000\001&\000\000\000\003)/\352\223\376:v|\203\267)\257\206\032QT\270\242(,&\233\326\374o\306[\235\317>\021e\005s\261\371l\216\017\003\032\017J\217\244W<P\027\000\000\000\000\000\000\000\000\000\000\000\000\000\000\000\000\000\000\000\000\000\000\000\000\000\000\000\000\000\000\000\000P\031-}\351f\032\255\274\334m\326c\017\014ao[\342\230\003\245\245\3341Hm\326^\017jy\335\261s!\003.\200\224\215?)t\306\315\242\313\251\255\302\204=\232.\271%}\013\024s\024\002@\216l""\241FvF0D\002 $\001\206\263\325\177\t\232\201\177\t\246\027;#l\367\374\275v\247J\007C\364\216P:\325g\251\250\002 7\366\304Q\241\247\324\t\007\2641$'\250\265\217\321+\341\341dC\021] 7\244*\177\210z\231""; ","validation: """"\200\000\000\001&\000\000\000\003)/\352\223\376:v|\203\267)\257\206\032QT\270\242(,&\233\326\374o\306[\235\317>\021e\005s\261\371l\216\017\003\032\017J\217\244W<P\027\000\000\000\000\000\000\000\000\000\000\000\000\000\000\000\000\000\000\000\000\000\000\000\000\000\000\000\000\000\000\000\000P\031-}\351f\032\255\274\334m\326c\017\014ao[\342\230\003\245\245\3341Hm\326^\017jy\335\261s!\003.\200\224\215?)t\306\315\242\313\251\255\302\204=\232.\271%}\013\024s\024\002@\216l""\241FvF0D\002 $\001\206\263\325\177\t\232\201\177\t\246\027;#l\367\374\275v\247J\007C\364\216P:\325g\251\250\002 7\366\304Q\241\247\324\t\007\2641$'\250\265\217\321+\341\341dC\021] 7\244*\177\210z\231""; "
1750587262752,1750587262752,3410,1,4,3,TMStatusChange,"newEvent: neACCEPTED_LEDGER; ledgerSeq: 3; ledgerHash: ""T\270\242(,&\233\326\374o\306[\235\317>\021e\005s\261\371l\216\017\003\032\017J\217\244W<""; ledgerHashPrevious: ""\214.\207\210%\003 \010ML\347\200R\304&\320_\215\226\344\334\033\354\2002\255\216\332\317\255\034\017""; networkTime: 803902462; firstSeq: 1; lastSeq: 1; ","newEvent: neACCEPTED_LEDGER; ledgerSeq: 3; ledgerHash: ""T\270\242(,&\233\326\374o\306[\235\317>\021e\005s\261\371l\216\017\003\032\017J\217\244W<""; ledgerHashPrevious: ""\214.\207\210%\003 \010ML\347\200R\304&\320_\215\226\344\334\033\354\2002\255\216\332\317\255\034\017""; networkTime: 803902462; firstSeq: 1; lastSeq: 1; "
1750587262753,1750587262753,1548,1,4,0,TMStatusChange,"newEvent: neACCEPTED_LEDGER; ledgerSeq: 3; ledgerHash: ""T\270\242(,&\233\326\374o\306[\235\317>\021e\005s\261\371l\216\017\003\032\017J\217\244W<""; ledgerHashPrevious: ""\214.\207\210%\003 \010ML\347\200R\304&\320_\215\226\344\334\033\354\2002\255\216\332\317\255\034\017""; networkTime: 803902462; firstSeq: 1; lastSeq: 1; ","newEvent: neACCEPTED_LEDGER; ledgerSeq: 3; ledgerHash: ""T\270\242(,&\233\326\374o\306[\235\317>\021e\005s\261\371l\216\017\003\032\017J\217\244W<""; ledgerHashPrevious: ""\214.\207\210%\003 \010ML\347\200R\304&\320_\215\226\344\334\033\354\2002\255\216\332\317\255\034\017""; networkTime: 803902462; firstSeq: 1; lastSeq: 1; "
1750587262753,1750587262753,3559,1,4,0,TMValidation,"validation: """"\200\000\000\001&\000\000\000\003)/\352\223\376:v|\203\267)\257\206\032QT\270\242(,&\233\326\374o\306[\235\317>\021e\005s\261\371l\216\017\003\032\017J\217\244W<P\027\000\000\000\000\000\000\000\000\000\000\000\000\000\000\000\000\000\000\000\000\000\000\000\000\000\000\000\000\000\000\000\000P\031-}\351f\032\255\274\334m\326c\017\014ao[\342\230\003\245\245\3341Hm\326^\017jy\335\261s!\003.\200\224\215?)t\306\315\242\313\251\255\302\204=\232.\271%}\013\024s\024\002@\216l""\241FvF0D\002 $\001\206\263\325\177\t\232\201\177\t\246\027;#l\367\374\275v\247J\007C\364\216P:\325g\251\250\002 7\366\304Q\241\247\324\t\007\2641$'\250\265\217\321+\341\341dC\021] 7\244*\177\210z\231""; ","validation: """"\200\000\000\001&\000\000\000\003)/\352\223\376:v|\203\267)\257\206\032QT\270\242(,&\233\326\374o\306[\235\317>\021e\005s\261\371l\216\017\003\032\017J\217\244W<P\027\000\000\000\000\000\000\000\000\000\000\000\000\000\000\000\000\000\000\000\000\000\000\000\000\000\000\000\000\000\000\000\000P\031-}\351f\032\255\274\334m\326c\017\014ao[\342\230\003\245\245\3341Hm\326^\017jy\335\261s!\003.\200\224\215?)t\306\315\242\313\251\255\302\204=\232.\271%}\013\024s\024\002@\216l""\241FvF0D\002 $\001\206\263\325\177\t\232\201\177\t\246\027;#l\367\374\275v\247J\007C\364\216P:\325g\251\250\002 7\366\304Q\241\247\324\t\007\2641$'\250\265\217\321+\341\341dC\021] 7\244*\177\210z\231""; "
1750587262864,1750587262864,734,1,3,2,TMValidation,"validation: """"\200\000\000\001&\000\000\000\003)/\352\223\376:\211l\014`\252m\212dQT\270\242(,&\233\326\374o\306[\235\317>\021e\005s\261\371l\216\017\003\032\017J\217\244W<P\027\000\000\000\000\000\000\000\000\000\000\000\000\000\000\000\000\000\000\000\000\000\000\000\000\000\000\000\000\000\000\000\000P\031-}\351f\032\255\274\334m\326c\017\014ao[\342\230\003\245\245\3341Hm\326^\017jy\335\261s!\003\325Q\255\224\274R@\312\253\262\347\352\034\346\347\242\215,\312\376=\277\353{\350\225\301\305`^, vG0E\002!\000\341\001\037\027q\016\241\322B\006\2436\330\370(|\311\005U\371\265@\032qwO\243\224K\035\030\224\002 \035F\212\035\005d\034R\367\251\341]\356)\252*\342\336\200t\327"" \366\242\336 \375\014L\237'""; ","validation: """"\200\000\000\001&\000\000\000\003)/\352\223\376:\211l\014`\252m\212dQT\270\242(,&\233\326\374o\306[\235\317>\021e\005s\261\371l\216\017\003\032\017J\217\244W<P\027\000\000\000\000\000\000\000\000\000\000\000\000\000\000\000\000\000\000\000\000\000\000\000\000\000\000\000\000\000\000\000\000P\031-}\351f\032\255\274\334m\326c\017\014ao[\342\230\003\245\245\3341Hm\326^\017jy\335\261s!\003\325Q\255\224\274R@\312\253\262\347\352\034\346\347\242\215,\312\376=\277\353{\350\225\301\305`^, vG0E\002!\000\341\001\037\027q\016\241\322B\006\2436\330\370(|\311\005U\371\265@\032qwO\243\224K\035\030\224\002 \035F\212\035\005d\034R\367\251\341]\356)\252*\342\336\200t\327"" \366\242\336 \375\014L\237'""; "
1750587262865,1750587262865,972,1,3,4,TMStatusChange,"newEvent: neACCEPTED_LEDGER; ledgerSeq: 3; ledgerHash: ""T\270\242(,&\233\326\374o\306[\235\317>\021e\005s\261\371l\216\017\003\032\017J\217\244W<""; ledgerHashPrevious: ""\214.\207\210%\003 \010ML\347\200R\304&\320_\215\226\344\334\033\354\2002\255\216\332\317\255\034\017""; networkTime: 803902462; firstSeq: 1; lastSeq: 1; ","newEvent: neACCEPTED_LEDGER; ledgerSeq: 3; ledgerHash: ""T\270\242(,&\233\326\374o\306[\235\317>\021e\005s\261\371l\216\017\003\032\017J\217\244W<""; ledgerHashPrevious: ""\214.\207\210%\003 \010ML\347\200R\304&\320_\215\226\344\334\033\354\2002\255\216\332\317\255\034\017""; networkTime: 803902462; firstSeq: 1; lastSeq: 1; "
1750587262864,1750587262865,3501,1,3,4,TMValidation,"validation: """"\200\000\000\001&\000\000\000\003)/\352\223\376:\211l\014`\252m\212dQT\270\242(,&\233\326\374o\306[\235\317>\021e\005s\261\371l\216\017\003\032\017J\217\244W<P\027\000\000\000\000\000\000\000\000\000\000\000\000\000\000\000\000\000\000\000\000\000\000\000\000\000\000\000\000\000\000\000\000P\031-}\351f\032\255\274\334m\326c\017\014ao[\342\230\003\245\245\3341Hm\326^\017jy\335\261s!\003\325Q\255\224\274R@\312\253\262\347\352\034\346\347\242\215,\312\376=\277\353{\350\225\301\305`^, vG0E\002!\000\341\001\037\027q\016\241\322B\006\2436\330\370(|\311\005U\371\265@\032qwO\243\224K\035\030\224\002 \035F\212\035\005d\034R\367\251\341]\356)\252*\342\336\200t\327"" \366\242\336 \375\014L\237'""; ","validation: """"\200\000\000\001&\000\000\000\003)/\352\223\376:\211l\014`\252m\212dQT\270\242(,&\233\326\374o\306[\235\317>\021e\005s\261\371l\216\017\003\032\017J\217\244W<P\027\000\000\000\000\000\000\000\000\000\000\000\000\000\000\000\000\000\000\000\000\000\000\000\000\000\000\000\000\000\000\000\000P\031-}\351f\032\255\274\334m\326c\017\014ao[\342\230\003\245\245\3341Hm\326^\017jy\335\261s!\003\325Q\255\224\274R@\312\253\262\347\352\034\346\347\242\215,\312\376=\277\353{\350\225\301\305`^, vG0E\002!\000\341\001\037\027q\016\241\322B\006\2436\330\370(|\311\005U\371\265@\032qwO\243\224K\035\030\224\002 \035F\212\035\005d\034R\367\251\341]\356)\252*\342\336\200t\327"" \366\242\336 \375\014L\237'""; "
1750587262865,1750587262866,854,1,3,2,TMStatusChange,"newEvent: neACCEPTED_LEDGER; ledgerSeq: 3; ledgerHash: ""T\270\242(,&\233\326\374o\306[\235\317>\021e\005s\261\371l\216\017\003\032\017J\217\244W<""; ledgerHashPrevious: ""\214.\207\210%\003 \010ML\347\200R\304&\320_\215\226\344\334\033\354\2002\255\216\332\317\255\034\017""; networkTime: 803902462; firstSeq: 1; lastSeq: 1; ","newEvent: neACCEPTED_LEDGER; ledgerSeq: 3; ledgerHash: ""T\270\242(,&\233\326\374o\306[\235\317>\021e\005s\261\371l\216\017\003\032\017J\217\244W<""; ledgerHashPrevious: ""\214.\207\210%\003 \010ML\347\200R\304&\320_\215\226\344\334\033\354\2002\255\216\332\317\255\034\017""; networkTime: 803902462; firstSeq: 1; lastSeq: 1; "
1750587262867,1750587262867,2573,1,3,1,TMValidation,"validation: """"\200\000\000\001&\000\000\000\003)/\352\223\376:\211l\014`\252m\212dQT\270\242(,&\233\326\374o\306[\235\317>\021e\005s\261\371l\216\017\003\032\017J\217\244W<P\027\000\000\000\000\000\000\000\000\000\000\000\000\000\000\000\000\000\000\000\000\000\000\000\000\000\000\000\000\000\000\000\000P\031-}\351f\032\255\274\334m\326c\017\014ao[\342\230\003\245\245\3341Hm\326^\017jy\335\261s!\003\325Q\255\224\274R@\312\253\262\347\352\034\346\347\242\215,\312\376=\277\353{\350\225\301\305`^, vG0E\002!\000\341\001\037\027q\016\241\322B\006\2436\330\370(|\311\005U\371\265@\032qwO\243\224K\035\030\224\002 \035F\212\035\005d\034R\367\251\341]\356)\252*\342\336\200t\327"" \366\242\336 \375\014L\237'""; ","validation: """"\200\000\000\001&\000\000\000\003)/\352\223\376:\211l\014`\252m\212dQT\270\242(,&\233\326\374o\306[\235\317>\021e\005s\261\371l\216\017\003\032\017J\217\244W<P\027\000\000\000\000\000\000\000\000\000\000\000\000\000\000\000\000\000\000\000\000\000\000\000\000\000\000\000\000\000\000\000\000P\031-}\351f\032\255\274\334m\326c\017\014ao[\342\230\003\245\245\3341Hm\326^\017jy\335\261s!\003\325Q\255\224\274R@\312\253\262\347\352\034\346\347\242\215,\312\376=\277\353{\350\225\301\305`^, vG0E\002!\000\341\001\037\027q\016\241\322B\006\2436\330\370(|\311\005U\371\265@\032qwO\243\224K\035\030\224\002 \035F\212\035\005d\034R\367\251\341]\356)\252*\342\336\200t\327"" \366\242\336 \375\014L\237'""; "
1750587262868,1750587262868,1591,1,3,1,TMStatusChange,"newEvent: neACCEPTED_LEDGER; ledgerSeq: 3; ledgerHash: ""T\270\242(,&\233\326\374o\306[\235\317>\021e\005s\261\371l\216\017\003\032\017J\217\244W<""; ledgerHashPrevious: ""\214.\207\210%\003 \010ML\347\200R\304&\320_\215\226\344\334\033\354\2002\255\216\332\317\255\034\017""; networkTime: 803902462; firstSeq: 1; lastSeq: 1; ","newEvent: neACCEPTED_LEDGER; ledgerSeq: 3; ledgerHash: ""T\270\242(,&\233\326\374o\306[\235\317>\021e\005s\261\371l\216\017\003\032\017J\217\244W<""; ledgerHashPrevious: ""\214.\207\210%\003 \010ML\347\200R\304&\320_\215\226\344\334\033\354\2002\255\216\332\317\255\034\017""; networkTime: 803902462; firstSeq: 1; lastSeq: 1; "
1750587262868,1750587262868,3767,1,3,0,TMValidation,"validation: """"\200\000\000\001&\000\000\000\003)/\352\223\376:\211l\014`\252m\212dQT\270\242(,&\233\326\374o\306[\235\317>\021e\005s\261\371l\216\017\003\032\017J\217\244W<P\027\000\000\000\000\000\000\000\000\000\000\000\000\000\000\000\000\000\000\000\000\000\000\000\000\000\000\000\000\000\000\000\000P\031-}\351f\032\255\274\334m\326c\017\014ao[\342\230\003\245\245\3341Hm\326^\017jy\335\261s!\003\325Q\255\224\274R@\312\253\262\347\352\034\346\347\242\215,\312\376=\277\353{\350\225\301\305`^, vG0E\002!\000\341\001\037\027q\016\241\322B\006\2436\330\370(|\311\005U\371\265@\032qwO\243\224K\035\030\224\002 \035F\212\035\005d\034R\367\251\341]\356)\252*\342\336\200t\327"" \366\242\336 \375\014L\237'""; ","validation: """"\200\000\000\001&\000\000\000\003)/\352\223\376:\211l\014`\252m\212dQT\270\242(,&\233\326\374o\306[\235\317>\021e\005s\261\371l\216\017\003\032\017J\217\244W<P\027\000\000\000\000\000\000\000\000\000\000\000\000\000\000\000\000\000\000\000\000\000\000\000\000\000\000\000\000\000\000\000\000P\031-}\351f\032\255\274\334m\326c\017\014ao[\342\230\003\245\245\3341Hm\326^\017jy\335\261s!\003\325Q\255\224\274R@\312\253\262\347\352\034\346\347\242\215,\312\376=\277\353{\350\225\301\305`^, vG0E\002!\000\341\001\037\027q\016\241\322B\006\2436\330\370(|\311\005U\371\265@\032qwO\243\224K\035\030\224\002 \035F\212\035\005d\034R\367\251\341]\356)\252*\342\336\200t\327"" \366\242\336 \375\014L\237'""; "
1750587262869,1750587262869,1393,1,3,0,TMStatusChange,"newEvent: neACCEPTED_LEDGER; ledgerSeq: 3; ledgerHash: ""T\270\242(,&\233\326\374o\306[\235\317>\021e\005s\261\371l\216\017\003\032\017J\217\244W<""; ledgerHashPrevious: ""\214.\207\210%\003 \010ML\347\200R\304&\320_\215\226\344\334\033\354\2002\255\216\332\317\255\034\017""; networkTime: 803902462; firstSeq: 1; lastSeq: 1; ","newEvent: neACCEPTED_LEDGER; ledgerSeq: 3; ledgerHash: ""T\270\242(,&\233\326\374o\306[\235\317>\021e\005s\261\371l\216\017\003\032\017J\217\244W<""; ledgerHashPrevious: ""\214.\207\210%\003 \010ML\347\200R\304&\320_\215\226\344\334\033\354\2002\255\216\332\317\255\034\017""; networkTime: 803902462; firstSeq: 1; lastSeq: 1; "
1750587262998,1750587262998,2252,1,0,4,TMStatusChange,"newEvent: neACCEPTED_LEDGER; ledgerSeq: 3; ledgerHash: ""T\270\242(,&\233\326\374o\306[\235\317>\021e\005s\261\371l\216\017\003\032\017J\217\244W<""; ledgerHashPrevious: ""\214.\207\210%\003 \010ML\347\200R\304&\320_\215\226\344\334\033\354\2002\255\216\332\317\255\034\017""; networkTime: 803902462; firstSeq: 1; lastSeq: 1; ","newEvent: neACCEPTED_LEDGER; ledgerSeq: 3; ledgerHash: ""T\270\242(,&\233\326\374o\306[\235\317>\021e\005s\261\371l\216\017\003\032\017J\217\244W<""; ledgerHashPrevious: ""\214.\207\210%\003 \010ML\347\200R\304&\320_\215\226\344\334\033\354\2002\255\216\332\317\255\034\017""; networkTime: 803902462; firstSeq: 1; lastSeq: 1; "
1750587262999,1750587262999,2684,1,0,1,TMValidation,"validation: """"\200\000\000\001&\000\000\000\003)/\352\223\376:I\203w\200\211\SGQT\270\242(,&\233\326\374o\306[\235\317>\021e\005s\261\371l\216\017\003\032\017J\217\244W<P\027\000\000\000\000\000\000\000\000\000\000\000\000\000\000\000\000\000\000\000\000\000\000\000\000\000\000\000\000\000\000\000\000P\031-}\351f\032\255\274\334m\326c\017\014ao[\342\230\003\245\245\3341Hm\326^\017jy\335\261s!\002\347\243J\206W\025ML\260\226\0163\217\250\337\325W\253\356*O\245Z\271\234\207C\274\375`\335\311vG0E\002!\000\335(F&gh\344p\260\367\252\024-\356EC\227 {\023\031\255\360;\247\305m\245\253\0102\234\002 m\226\3464\000\350.\3777>\277\351\260\205`\031\322H\32196B\317hc\020\230I\2201W\355""; ","validation: """"\200\000\000\001&\000\000\000\003)/\352\223\376:I\203w\200\211\SGQT\270\242(,&\233\326\374o\306[\235\317>\021e\005s\261\371l\216\017\003\032\017J\217\244W<P\027\000\000\000\000\000\000\000\000\000\000\000\000\000\000\000\000\000\000\000\000\000\000\000\000\000\000\000\000\000\000\000\000P\031-}\351f\032\255\274\334m\326c\017\014ao[\342\230\003\245\245\3341Hm\326^\017jy\335\261s!\002\347\243J\206W\025ML\260\226\0163\217\250\337\325W\253\356*O\245Z\271\234\207C\274\375`\335\311vG0E\002!\000\335(F&gh\344p\260\367\252\024-\356EC\227 {\023\031\255\360;\247\305m\245\253\0102\234\002 m\226\3464\000\350.\3777>\277\351\260\205`\031\322H\32196B\317hc\020\230I\2201W\355""; "
1750587263000,1750587263000,468,1,0,1,TMStatusChange,"newEvent: neACCEPTED_LEDGER; ledgerSeq: 3; ledgerHash: ""T\270\242(,&\233\326\374o\306[\235\317>\021e\005s\261\371l\216\017\003\032\017J\217\244W<""; ledgerHashPrevious: ""\214.\207\210%\003 \010ML\347\200R\304&\320_\215\226\344\334\033\354\2002\255\216\332\317\255\034\017""; networkTime: 803902462; firstSeq: 1; lastSeq: 1; ","newEvent: neACCEPTED_LEDGER; ledgerSeq: 3; ledgerHash: ""T\270\242(,&\233\326\374o\306[\235\317>\021e\005s\261\371l\216\017\003\032\017J\217\244W<""; ledgerHashPrevious: ""\214.\207\210%\003 \010ML\347\200R\304&\320_\215\226\344\334\033\354\2002\255\216\332\317\255\034\017""; networkTime: 803902462; firstSeq: 1; lastSeq: 1; "
1750587263000,1750587263000,792,1,0,4,TMValidation,"validation: """"\200\000\000\001&\000\000\000\003)/\352\223\376:I\203w\200\211\SGQT\270\242(,&\233\326\374o\306[\235\317>\021e\005s\261\371l\216\017\003\032\017J\217\244W<P\027\000\000\000\000\000\000\000\000\000\000\000\000\000\000\000\000\000\000\000\000\000\000\000\000\000\000\000\000\000\000\000\000P\031-}\351f\032\255\274\334m\326c\017\014ao[\342\230\003\245\245\3341Hm\326^\017jy\335\261s!\002\347\243J\206W\025ML\260\226\0163\217\250\337\325W\253\356*O\245Z\271\234\207C\274\375`\335\311vG0E\002!\000\335(F&gh\344p\260\367\252\024-\356EC\227 {\023\031\255\360;\247\305m\245\253\0102\234\002 m\226\3464\000\350.\3777>\277\351\260\205`\031\322H\32196B\317hc\020\230I\2201W\355""; ","validation: """"\200\000\000\001&\000\000\000\003)/\352\223\376:I\203w\200\211\SGQT\270\242(,&\233\326\374o\306[\235\317>\021e\005s\261\371l\216\017\003\032\017J\217\244W<P\027\000\000\000\000\000\000\000\000\000\000\000\000\000\000\000\000\000\000\000\000\000\000\000\000\000\000\000\000\000\000\000\000P\031-}\351f\032\255\274\334m\326c\017\014ao[\342\230\003\245\245\3341Hm\326^\017jy\335\261s!\002\347\243J\206W\025ML\260\226\0163\217\250\337\325W\253\356*O\245Z\271\234\207C\274\375`\335\311vG0E\002!\000\335(F&gh\344p\260\367\252\024-\356EC\227 {\023\031\255\360;\247\305m\245\253\0102\234\002 m\226\3464\000\350.\3777>\277\351\260\205`\031\322H\32196B\317hc\020\230I\2201W\355""; "
1750587263000,1750587263000,3563,1,0,2,TMValidation,"validation: """"\200\000\000\001&\000\000\000\003)/\352\223\376:I\203w\200\211\SGQT\270\242(,&\233\326\374o\306[\235\317>\021e\005s\261\371l\216\017\003\032\017J\217\244W<P\027\000\000\000\000\000\000\000\000\000\000\000\000\000\000\000\000\000\000\000\000\000\000\000\000\000\000\000\000\000\000\000\000P\031-}\351f\032\255\274\334m\326c\017\014ao[\342\230\003\245\245\3341Hm\326^\017jy\335\261s!\002\347\243J\206W\025ML\260\226\0163\217\250\337\325W\253\356*O\245Z\271\234\207C\274\375`\335\311vG0E\002!\000\335(F&gh\344p\260\367\252\024-\356EC\227 {\023\031\255\360;\247\305m\245\253\0102\234\002 m\226\3464\000\350.\3777>\277\351\260\205`\031\322H\32196B\317hc\020\230I\2201W\355""; ","validation: """"\200\000\000\001&\000\000\000\003)/\352\223\376:I\203w\200\211\SGQT\270\242(,&\233\326\374o\306[\235\317>\021e\005s\261\371l\216\017\003\032\017J\217\244W<P\027\000\000\000\000\000\000\000\000\000\000\000\000\000\000\000\000\000\000\000\000\000\000\000\000\000\000\000\000\000\000\000\000P\031-}\351f\032\255\274\334m\326c\017\014ao[\342\230\003\245\245\3341Hm\326^\017jy\335\261s!\002\347\243J\206W\025ML\260\226\0163\217\250\337\325W\253\356*O\245Z\271\234\207C\274\375`\335\311vG0E\002!\000\335(F&gh\344p\260\367\252\024-\356EC\227 {\023\031\255\360;\247\305m\245\253\0102\234\002 m\226\3464\000\350.\3777>\277\351\260\205`\031\322H\32196B\317hc\020\230I\2201W\355""; "
1750587263000,1750587263001,615,1,0,2,TMStatusChange,"newEvent: neACCEPTED_LEDGER; ledgerSeq: 3; ledgerHash: ""T\270\242(,&\233\326\374o\306[\235\317>\021e\005s\261\371l\216\017\003\032\017J\217\244W<""; ledgerHashPrevious: ""\214.\207\210%\003 \010ML\347\200R\304&\320_\215\226\344\334\033\354\2002\255\216\332\317\255\034\017""; networkTime: 803902462; firstSeq: 1; lastSeq: 1; ","newEvent: neACCEPTED_LEDGER; ledgerSeq: 3; ledgerHash: ""T\270\242(,&\233\326\374o\306[\235\317>\021e\005s\261\371l\216\017\003\032\017J\217\244W<""; ledgerHashPrevious: ""\214.\207\210%\003 \010ML\347\200R\304&\320_\215\226\344\334\033\354\2002\255\216\332\317\255\034\017""; networkTime: 803902462; firstSeq: 1; lastSeq: 1; "
1750587263001,1750587263001,3150,1,0,3,TMStatusChange,"newEvent: neACCEPTED_LEDGER; ledgerSeq: 3; ledgerHash: ""T\270\242(,&\233\326\374o\306[\235\317>\021e\005s\261\371l\216\017\003\032\017J\217\244W<""; ledgerHashPrevious: ""\214.\207\210%\003 \010ML\347\200R\304&\320_\215\226\344\334\033\354\2002\255\216\332\317\255\034\017""; networkTime: 803902462; firstSeq: 1; lastSeq: 1; ","newEvent: neACCEPTED_LEDGER; ledgerSeq: 3; ledgerHash: ""T\270\242(,&\233\326\374o\306[\235\317>\021e\005s\261\371l\216\017\003\032\017J\217\244W<""; ledgerHashPrevious: ""\214.\207\210%\003 \010ML\347\200R\304&\320_\215\226\344\334\033\354\2002\255\216\332\317\255\034\017""; networkTime: 803902462; firstSeq: 1; lastSeq: 1; "
1750587263038,1750587263038,779,1,0,3,TMValidation,"validation: """"\200\000\000\001&\000\000\000\003)/\352\223\376:I\203w\200\211\SGQT\270\242(,&\233\326\374o\306[\235\317>\021e\005s\261\371l\216\017\003\032\017J\217\244W<P\027\000\000\000\000\000\000\000\000\000\000\000\000\000\000\000\000\000\000\000\000\000\000\000\000\000\000\000\000\000\000\000\000P\031-}\351f\032\255\274\334m\326c\017\014ao[\342\230\003\245\245\3341Hm\326^\017jy\335\261s!\002\347\243J\206W\025ML\260\226\0163\217\250\337\325W\253\356*O\245Z\271\234\207C\274\375`\335\311vG0E\002!\000\335(F&gh\344p\260\367\252\024-\356EC\227 {\023\031\255\360;\247\305m\245\253\0102\234\002 m\226\3464\000\350.\3777>\277\351\260\205`\031\322H\32196B\317hc\020\230I\2201W\355""; ","validation: """"\200\000\000\001&\000\000\000\003)/\352\223\376:I\203w\200\211\SGQT\270\242(,&\233\326\374o\306[\235\317>\021e\005s\261\371l\216\017\003\032\017J\217\244W<P\027\000\000\000\000\000\000\000\000\000\000\000\000\000\000\000\000\000\000\000\000\000\000\000\000\000\000\000\000\000\000\000\000P\031-}\351f\032\255\274\334m\326c\017\014ao[\342\230\003\245\245\3341Hm\326^\017jy\335\261s!\002\347\243J\206W\025ML\260\226\0163\217\250\337\325W\253\356*O\245Z\271\234\207C\274\375`\335\311vG0E\002!\000\335(F&gh\344p\260\367\252\024-\356EC\227 {\023\031\255\360;\247\305m\245\253\0102\234\002 m\226\3464\000\350.\3777>\277\351\260\205`\031\322H\32196B\317hc\020\230I\2201W\355""; "
1750587263194,1750587263194,1094,1,2,1,TMValidation,"validation: """"\200\000\000\001&\000\000\000\003)/\352\223\376:v|\203\267)\257\206\032QT\270\242(,&\233\326\374o\306[\235\317>\021e\005s\261\371l\216\017\003\032\017J\217\244W<P\027\000\000\000\000\000\000\000\000\000\000\000\000\000\000\000\000\000\000\000\000\000\000\000\000\000\000\000\000\000\000\000\000P\031-}\351f\032\255\274\334m\326c\017\014ao[\342\230\003\245\245\3341Hm\326^\017jy\335\261s!\003.\200\224\215?)t\306\315\242\313\251\255\302\204=\232.\271%}\013\024s\024\002@\216l""\241FvF0D\002 $\001\206\263\325\177\t\232\201\177\t\246\027;#l\367\374\275v\247J\007C\364\216P:\325g\251\250\002 7\366\304Q\241\247\324\t\007\2641$'\250\265\217\321+\341\341dC\021] 7\244*\177\210z\231""; ","validation: """"\200\000\000\001&\000\000\000\003)/\352\223\376:v|\203\267)\257\206\032QT\270\242(,&\233\326\374o\306[\235\317>\021e\005s\261\371l\216\017\003\032\017J\217\244W<P\027\000\000\000\000\000\000\000\000\000\000\000\000\000\000\000\000\000\000\000\000\000\000\000\000\000\000\000\000\000\000\000\000P\031-}\351f\032\255\274\334m\326c\017\014ao[\342\230\003\245\245\3341Hm\326^\017jy\335\261s!\003.\200\224\215?)t\306\315\242\313\251\255\302\204=\232.\271%}\013\024s\024\002@\216l""\241FvF0D\002 $\001\206\263\325\177\t\232\201\177\t\246\027;#l\367\374\275v\247J\007C\364\216P:\325g\251\250\002 7\366\304Q\241\247\324\t\007\2641$'\250\265\217\321+\341\341dC\021] 7\244*\177\210z\231""; "
1750587263195,1750587263195,3488,1,2,0,TMValidation,"validation: """"\200\000\000\001&\000\000\000\003)/\352\223\376:v|\203\267)\257\206\032QT\270\242(,&\233\326\374o\306[\235\317>\021e\005s\261\371l\216\017\003\032\017J\217\244W<P\027\000\000\000\000\000\000\000\000\000\000\000\000\000\000\000\000\000\000\000\000\000\000\000\000\000\000\000\000\000\000\000\000P\031-}\351f\032\255\274\334m\326c\017\014ao[\342\230\003\245\245\3341Hm\326^\017jy\335\261s!\003.\200\224\215?)t\306\315\242\313\251\255\302\204=\232.\271%}\013\024s\024\002@\216l""\241FvF0D\002 $\001\206\263\325\177\t\232\201\177\t\246\027;#l\367\374\275v\247J\007C\364\216P:\325g\251\250\002 7\366\304Q\241\247\324\t\007\2641$'\250\265\217\321+\341\341dC\021] 7\244*\177\210z\231""; ","validation: """"\200\000\000\001&\000\000\000\003)/\352\223\376:v|\203\267)\257\206\032QT\270\242(,&\233\326\374o\306[\235\317>\021e\005s\261\371l\216\017\003\032\017J\217\244W<P\027\000\000\000\000\000\000\000\000\000\000\000\000\000\000\000\000\000\000\000\000\000\000\000\000\000\000\000\000\000\000\000\000P\031-}\351f\032\255\274\334m\326c\017\014ao[\342\230\003\245\245\3341Hm\326^\017jy\335\261s!\003.\200\224\215?)t\306\315\242\313\251\255\302\204=\232.\271%}\013\024s\024\002@\216l""\241FvF0D\002 $\001\206\263\325\177\t\232\201\177\t\246\027;#l\367\374\275v\247J\007C\364\216P:\325g\251\250\002 7\366\304Q\241\247\324\t\007\2641$'\250\265\217\321+\341\341dC\021] 7\244*\177\210z\231""; "
1750587263195,1750587263195,3989,1,2,3,TMValidation,"validation: """"\200\000\000\001&\000\000\000\003)/\352\223\376:v|\203\267)\257\206\032QT\270\242(,&\233\326\374o\306[\235\317>\021e\005s\261\371l\216\017\003\032\017J\217\244W<P\027\000\000\000\000\000\000\000\000\000\000\000\000\000\000\000\000\000\000\000\000\000\000\000\000\000\000\000\000\000\000\000\000P\031-}\351f\032\255\274\334m\326c\017\014ao[\342\230\003\245\245\3341Hm\326^\017jy\335\261s!\003.\200\224\215?)t\306\315\242\313\251\255\302\204=\232.\271%}\013\024s\024\002@\216l""\241FvF0D\002 $\001\206\263\325\177\t\232\201\177\t\246\027;#l\367\374\275v\247J\007C\364\216P:\325g\251\250\002 7\366\304Q\241\247\324\t\007\2641$'\250\265\217\321+\341\341dC\021] 7\244*\177\210z\231""; ","validation: """"\200\000\000\001&\000\000\000\003)/\352\223\376:v|\203\267)\257\206\032QT\270\242(,&\233\326\374o\306[\235\317>\021e\005s\261\371l\216\017\003\032\017J\217\244W<P\027\000\000\000\000\000\000\000\000\000\000\000\000\000\000\000\000\000\000\000\000\000\000\000\000\000\000\000\000\000\000\000\000P\031-}\351f\032\255\274\334m\326c\017\014ao[\342\230\003\245\245\3341Hm\326^\017jy\335\261s!\003.\200\224\215?)t\306\315\242\313\251\255\302\204=\232.\271%}\013\024s\024\002@\216l""\241FvF0D\002 $\001\206\263\325\177\t\232\201\177\t\246\027;#l\367\374\275v\247J\007C\364\216P:\325g\251\250\002 7\366\304Q\241\247\324\t\007\2641$'\250\265\217\321+\341\341dC\021] 7\244*\177\210z\231""; "
1750587263275,1750587263275,3725,1,2,3,TMProposeSet,"proposeSeq: 0; currentTxHash: ""\000\000\000\000\000\000\000\000\000\000\000\000\000\000\000\000\000\000\000\000\000\000\000\000\000\000\000\000\000\000\000\000""; nodePubKey: ""\003ql\302)\235\321\t\213\224\356\374%%\311\327\037\374\304\t\335\2359\344\233\035]\347<u\236\364\222""; closeTime: 803902463; signature: ""0D\002 L\225\273H\246\212\2157\326-\356E\347\225?\237\312\252|\242\335w\266\360\217\031/\375\311n\035\200\002 l\271\023\254\tW\243i\371\036\334\010\2678\335\231Q\3523\245_\336\002i\314\32515\211\024?\330""; previousledger: ""T\270\242(,&\233\326\374o\306[\235\317>\021e\005s\261\371l\216\017\003\032\017J\217\244W<""; ","proposeSeq: 0; currentTxHash: ""\000\000\000\000\000\000\000\000\000\000\000\000\000\000\000\000\000\000\000\000\000\000\000\000\000\000\000\000\000\000\000\000""; nodePubKey: ""\003ql\302)\235\321\t\213\224\356\374%%\311\327\037\374\304\t\335\2359\344\233\035]\347<u\236\364\222""; closeTime: 803902463; signature: ""0D\002 L\225\273H\246\212\2157\326-\356E\347\225?\237\312\252|\242\335w\266\360\217\031/\375\311n\035\200\002 l\271\023\254\tW\243i\371\036\334\010\2678\335\231Q\3523\245_\336\002i\314\32515\211\024?\330""; previousledger: ""T\270\242(,&\233\326\374o\306[\235\317>\021e\005s\261\371l\216\017\003\032\017J\217\244W<""; "
1750587263275,1750587263275,3082,1,2,4,TMProposeSet,"proposeSeq: 0; currentTxHash: ""\000\000\000\000\000\000\000\000\000\000\000\000\000\000\000\000\000\000\000\000\000\000\000\000\000\000\000\000\000\000\000\000""; nodePubKey: ""\003ql\302)\235\321\t\213\224\356\374%%\311\327\037\374\304\t\335\2359\344\233\035]\347<u\236\364\222""; closeTime: 803902463; signature: ""0D\002 L\225\273H\246\212\2157\326-\356E\347\225?\237\312\252|\242\335w\266\360\217\031/\375\311n\035\200\002 l\271\023\254\tW\243i\371\036\334\010\2678\335\231Q\3523\245_\336\002i\314\32515\211\024?\330""; previousledger: ""T\270\242(,&\233\326\374o\306[\235\317>\021e\005s\261\371l\216\017\003\032\017J\217\244W<""; ","proposeSeq: 0; currentTxHash: ""\000\000\000\000\000\000\000\000\000\000\000\000\000\000\000\000\000\000\000\000\000\000\000\000\000\000\000\000\000\000\000\000""; nodePubKey: ""\003ql\302)\235\321\t\213\224\356\374%%\311\327\037\374\304\t\335\2359\344\233\035]\347<u\236\364\222""; closeTime: 803902463; signature: ""0D\002 L\225\273H\246\212\2157\326-\356E\347\225?\237\312\252|\242\335w\266\360\217\031/\375\311n\035\200\002 l\271\023\254\tW\243i\371\036\334\010\2678\335\231Q\3523\245_\336\002i\314\32515\211\024?\330""; previousledger: ""T\270\242(,&\233\326\374o\306[\235\317>\021e\005s\261\371l\216\017\003\032\017J\217\244W<""; "
1750587263277,1750587263277,3546,1,2,0,TMProposeSet,"proposeSeq: 0; currentTxHash: ""\000\000\000\000\000\000\000\000\000\000\000\000\000\000\000\000\000\000\000\000\000\000\000\000\000\000\000\000\000\000\000\000""; nodePubKey: ""\003ql\302)\235\321\t\213\224\356\374%%\311\327\037\374\304\t\335\2359\344\233\035]\347<u\236\364\222""; closeTime: 803902463; signature: ""0D\002 L\225\273H\246\212\2157\326-\356E\347\225?\237\312\252|\242\335w\266\360\217\031/\375\311n\035\200\002 l\271\023\254\tW\243i\371\036\334\010\2678\335\231Q\3523\245_\336\002i\314\32515\211\024?\330""; previousledger: ""T\270\242(,&\233\326\374o\306[\235\317>\021e\005s\261\371l\216\017\003\032\017J\217\244W<""; ","proposeSeq: 0; currentTxHash: ""\000\000\000\000\000\000\000\000\000\000\000\000\000\000\000\000\000\000\000\000\000\000\000\000\000\000\000\000\000\000\000\000""; nodePubKey: ""\003ql\302)\235\321\t\213\224\356\374%%\311\327\037\374\304\t\335\2359\344\233\035]\347<u\236\364\222""; closeTime: 803902463; signature: ""0D\002 L\225\273H\246\212\2157\326-\356E\347\225?\237\312\252|\242\335w\266\360\217\031/\375\311n\035\200\002 l\271\023\254\tW\243i\371\036\334\010\2678\335\231Q\3523\245_\336\002i\314\32515\211\024?\330""; previousledger: ""T\270\242(,&\233\326\374o\306[\235\317>\021e\005s\261\371l\216\017\003\032\017J\217\244W<""; "
1750587263278,1750587263278,1838,1,2,1,TMProposeSet,"proposeSeq: 0; currentTxHash: ""\000\000\000\000\000\000\000\000\000\000\000\000\000\000\000\000\000\000\000\000\000\000\000\000\000\000\000\000\000\000\000\000""; nodePubKey: ""\003ql\302)\235\321\t\213\224\356\374%%\311\327\037\374\304\t\335\2359\344\233\035]\347<u\236\364\222""; closeTime: 803902463; signature: ""0D\002 L\225\273H\246\212\2157\326-\356E\347\225?\237\312\252|\242\335w\266\360\217\031/\375\311n\035\200\002 l\271\023\254\tW\243i\371\036\334\010\2678\335\231Q\3523\245_\336\002i\314\32515\211\024?\330""; previousledger: ""T\270\242(,&\233\326\374o\306[\235\317>\021e\005s\261\371l\216\017\003\032\017J\217\244W<""; ","proposeSeq: 0; currentTxHash: ""\000\000\000\000\000\000\000\000\000\000\000\000\000\000\000\000\000\000\000\000\000\000\000\000\000\000\000\000\000\000\000\000""; nodePubKey: ""\003ql\302)\235\321\t\213\224\356\374%%\311\327\037\374\304\t\335\2359\344\233\035]\347<u\236\364\222""; closeTime: 803902463; signature: ""0D\002 L\225\273H\246\212\2157\326-\356E\347\225?\237\312\252|\242\335w\266\360\217\031/\375\311n\035\200\002 l\271\023\254\tW\243i\371\036\334\010\2678\335\231Q\3523\245_\336\002i\314\32515\211\024?\330""; previousledger: ""T\270\242(,&\233\326\374o\306[\235\317>\021e\005s\261\371l\216\017\003\032\017J\217\244W<""; "
1750587263312,1750587263312,1357,1,4,3,TMValidation,"validation: """"\200\000\000\001&\000\000\000\003)/\352\223\376:Q\231\304\227'3\313\030QT\270\242(,&\233\326\374o\306[\235\317>\021e\005s\261\371l\216\017\003\032\017J\217\244W<P\027\000\000\000\000\000\000\000\000\000\000\000\000\000\000\000\000\000\000\000\000\000\000\000\000\000\000\000\000\000\000\000\000P\031-}\351f\032\255\274\334m\326c\017\014ao[\342\230\003\245\245\3341Hm\326^\017jy\335\261s!\003ql\302)\235\321\t\213\224\356\374%%\311\327\037\374\304\t\335\2359\344\233\035]\347<u\236\364\222vG0E\002!\000\223\033N-\241FZ\263] n\254;\307\376v}\331\0108\235\245\013\207\300}\265D\262\226\035\177\002 ~'\005}t\372\376\036\017\231\225\2315\022J\327\304\260\271\034\326\316B\005\305\352\340\340q\370\342\344""; ","validation: """"\200\000\000\001&\000\000\000\003)/\352\223\376:Q\231\304\227'3\313\030QT\270\242(,&\233\326\374o\306[\235\317>\021e\005s\261\371l\216\017\003\032\017J\217\244W<P\027\000\000\000\000\000\000\000\000\000\000\000\000\000\000\000\000\000\000\000\000\000\000\000\000\000\000\000\000\000\000\000\000P\031-}\351f\032\255\274\334m\326c\017\014ao[\342\230\003\245\245\3341Hm\326^\017jy\335\261s!\003ql\302)\235\321\t\213\224\356\374%%\311\327\037\374\304\t\335\2359\344\233\035]\347<u\236\364\222vG0E\002!\000\223\033N-\241FZ\263] n\254;\307\376v}\331\0108\235\245\013\207\300}\265D\262\226\035\177\002 ~'\005}t\372\376\036\017\231\225\2315\022J\327\304\260\271\034\326\316B\005\305\352\340\340q\370\342\344""; "
1750587263315,1750587263315,3559,1,4,0,TMValidation,"validation: """"\200\000\000\001&\000\000\000\003)/\352\223\376:Q\231\304\227'3\313\030QT\270\242(,&\233\326\374o\306[\235\317>\021e\005s\261\371l\216\017\003\032\017J\217\244W<P\027\000\000\000\000\000\000\000\000\000\000\000\000\000\000\000\000\000\000\000\000\000\000\000\000\000\000\000\000\000\000\000\000P\031-}\351f\032\255\274\334m\326c\017\014ao[\342\230\003\245\245\3341Hm\326^\017jy\335\261s!\003ql\302)\235\321\t\213\224\356\374%%\311\327\037\374\304\t\335\2359\344\233\035]\347<u\236\364\222vG0E\002!\000\223\033N-\241FZ\263] n\254;\307\376v}\331\0108\235\245\013\207\300}\265D\262\226\035\177\002 ~'\005}t\372\376\036\017\231\225\2315\022J\327\304\260\271\034\326\316B\005\305\352\340\340q\370\342\344""; ","validation: """"\200\000\000\001&\000\000\000\003)/\352\223\376:Q\231\304\227'3\313\030QT\270\242(,&\233\326\374o\306[\235\317>\021e\005s\261\371l\216\017\003\032\017J\217\244W<P\027\000\000\000\000\000\000\000\000\000\000\000\000\000\000\000\000\000\000\000\000\000\000\000\000\000\000\000\000\000\000\000\000P\031-}\351f\032\255\274\334m\326c\017\014ao[\342\230\003\245\245\3341Hm\326^\017jy\335\261s!\003ql\302)\235\321\t\213\224\356\374%%\311\327\037\374\304\t\335\2359\344\233\035]\347<u\236\364\222vG0E\002!\000\223\033N-\241FZ\263] n\254;\307\376v}\331\0108\235\245\013\207\300}\265D\262\226\035\177\002 ~'\005}t\372\376\036\017\231\225\2315\022J\327\304\260\271\034\326\316B\005\305\352\340\340q\370\342\344""; "
1750587263315,1750587263315,2819,1,4,1,TMValidation,"validation: """"\200\000\000\001&\000\000\000\003)/\352\223\376:Q\231\304\227'3\313\030QT\270\242(,&\233\326\374o\306[\235\317>\021e\005s\261\371l\216\017\003\032\017J\217\244W<P\027\000\000\000\000\000\000\000\000\000\000\000\000\000\000\000\000\000\000\000\000\000\000\000\000\000\000\000\000\000\000\000\000P\031-}\351f\032\255\274\334m\326c\017\014ao[\342\230\003\245\245\3341Hm\326^\017jy\335\261s!\003ql\302)\235\321\t\213\224\356\374%%\311\327\037\374\304\t\335\2359\344\233\035]\347<u\236\364\222vG0E\002!\000\223\033N-\241FZ\263] n\254;\307\376v}\331\0108\235\245\013\207\300}\265D\262\226\035\177\002 ~'\005}t\372\376\036\017\231\225\2315\022J\327\304\260\271\034\326\316B\005\305\352\340\340q\370\342\344""; ","validation: """"\200\000\000\001&\000\000\000\003)/\352\223\376:Q\231\304\227'3\313\030QT\270\242(,&\233\326\374o\306[\235\317>\021e\005s\261\371l\216\017\003\032\017J\217\244W<P\027\000\000\000\000\000\000\000\000\000\000\000\000\000\000\000\000\000\000\000\000\000\000\000\000\000\000\000\000\000\000\000\000P\031-}\351f\032\255\274\334m\326c\017\014ao[\342\230\003\245\245\3341Hm\326^\017jy\335\261s!\003ql\302)\235\321\t\213\224\356\374%%\311\327\037\374\304\t\335\2359\344\233\035]\347<u\236\364\222vG0E\002!\000\223\033N-\241FZ\263] n\254;\307\376v}\331\0108\235\245\013\207\300}\265D\262\226\035\177\002 ~'\005}t\372\376\036\017\231\225\2315\022J\327\304\260\271\034\326\316B\005\305\352\340\340q\370\342\344""; "
1750587263275,1750587263317,3116,1,2,4,TMStatusChange,"newEvent: neCLOSING_LEDGER; ledgerSeq: 3; ledgerHash: ""T\270\242(,&\233\326\374o\306[\235\317>\021e\005s\261\371l\216\017\003\032\017J\217\244W<""; ledgerHashPrevious: ""\214.\207\210%\003 \010ML\347\200R\304&\320_\215\226\344\334\033\354\2002\255\216\332\317\255\034\017""; networkTime: 803902463; firstSeq: 1; lastSeq: 3; ","newEvent: neCLOSING_LEDGER; ledgerSeq: 3; ledgerHash: ""T\270\242(,&\233\326\374o\306[\235\317>\021e\005s\261\371l\216\017\003\032\017J\217\244W<""; ledgerHashPrevious: ""\214.\207\210%\003 \010ML\347\200R\304&\320_\215\226\344\334\033\354\2002\255\216\332\317\255\034\017""; networkTime: 803902463; firstSeq: 1; lastSeq: 3; "
1750587263277,1750587263317,3744,1,2,0,TMStatusChange,"newEvent: neCLOSING_LEDGER; ledgerSeq: 3; ledgerHash: ""T\270\242(,&\233\326\374o\306[\235\317>\021e\005s\261\371l\216\017\003\032\017J\217\244W<""; ledgerHashPrevious: ""\214.\207\210%\003 \010ML\347\200R\304&\320_\215\226\344\334\033\354\2002\255\216\332\317\255\034\017""; networkTime: 803902463; firstSeq: 1; lastSeq: 3; ","newEvent: neCLOSING_LEDGER; ledgerSeq: 3; ledgerHash: ""T\270\242(,&\233\326\374o\306[\235\317>\021e\005s\261\371l\216\017\003\032\017J\217\244W<""; ledgerHashPrevious: ""\214.\207\210%\003 \010ML\347\200R\304&\320_\215\226\344\334\033\354\2002\255\216\332\317\255\034\017""; networkTime: 803902463; firstSeq: 1; lastSeq: 3; "
1750587263278,1750587263318,3126,1,2,1,TMStatusChange,"newEvent: neCLOSING_LEDGER; ledgerSeq: 3; ledgerHash: ""T\270\242(,&\233\326\374o\306[\235\317>\021e\005s\261\371l\216\017\003\032\017J\217\244W<""; ledgerHashPrevious: ""\214.\207\210%\003 \010ML\347\200R\304&\320_\215\226\344\334\033\354\2002\255\216\332\317\255\034\017""; networkTime: 803902463; firstSeq: 1; lastSeq: 3; ","newEvent: neCLOSING_LEDGER; ledgerSeq: 3; ledgerHash: ""T\270\242(,&\233\326\374o\306[\235\317>\021e\005s\261\371l\216\017\003\032\017J\217\244W<""; ledgerHashPrevious: ""\214.\207\210%\003 \010ML\347\200R\304&\320_\215\226\344\334\033\354\2002\255\216\332\317\255\034\017""; networkTime: 803902463; firstSeq: 1; lastSeq: 3; "
1750587263279,1750587263319,3058,1,2,3,TMStatusChange,"newEvent: neCLOSING_LEDGER; ledgerSeq: 3; ledgerHash: ""T\270\242(,&\233\326\374o\306[\235\317>\021e\005s\261\371l\216\017\003\032\017J\217\244W<""; ledgerHashPrevious: ""\214.\207\210%\003 \010ML\347\200R\304&\320_\215\226\344\334\033\354\2002\255\216\332\317\255\034\017""; networkTime: 803902463; firstSeq: 1; lastSeq: 3; ","newEvent: neCLOSING_LEDGER; ledgerSeq: 3; ledgerHash: ""T\270\242(,&\233\326\374o\306[\235\317>\021e\005s\261\371l\216\017\003\032\017J\217\244W<""; ledgerHashPrevious: ""\214.\207\210%\003 \010ML\347\200R\304&\320_\215\226\344\334\033\354\2002\255\216\332\317\255\034\017""; networkTime: 803902463; firstSeq: 1; lastSeq: 3; "
1750587263370,1750587263370,1939,1,1,4,TMValidation,"validation: """"\200\000\000\001&\000\000\000\003)/\352\223\376:Q\231\304\227'3\313\030QT\270\242(,&\233\326\374o\306[\235\317>\021e\005s\261\371l\216\017\003\032\017J\217\244W<P\027\000\000\000\000\000\000\000\000\000\000\000\000\000\000\000\000\000\000\000\000\000\000\000\000\000\000\000\000\000\000\000\000P\031-}\351f\032\255\274\334m\326c\017\014ao[\342\230\003\245\245\3341Hm\326^\017jy\335\261s!\003ql\302)\235\321\t\213\224\356\374%%\311\327\037\374\304\t\335\2359\344\233\035]\347<u\236\364\222vG0E\002!\000\223\033N-\241FZ\263] n\254;\307\376v}\331\0108\235\245\013\207\300}\265D\262\226\035\177\002 ~'\005}t\372\376\036\017\231\225\2315\022J\327\304\260\271\034\326\316B\005\305\352\340\340q\370\342\344""; ","validation: """"\200\000\000\001&\000\000\000\003)/\352\223\376:Q\231\304\227'3\313\030QT\270\242(,&\233\326\374o\306[\235\317>\021e\005s\261\371l\216\017\003\032\017J\217\244W<P\027\000\000\000\000\000\000\000\000\000\000\000\000\000\000\000\000\000\000\000\000\000\000\000\000\000\000\000\000\000\000\000\000P\031-}\351f\032\255\274\334m\326c\017\014ao[\342\230\003\245\245\3341Hm\326^\017jy\335\261s!\003ql\302)\235\321\t\213\224\356\374%%\311\327\037\374\304\t\335\2359\344\233\035]\347<u\236\364\222vG0E\002!\000\223\033N-\241FZ\263] n\254;\307\376v}\331\0108\235\245\013\207\300}\265D\262\226\035\177\002 ~'\005}t\372\376\036\017\231\225\2315\022J\327\304\260\271\034\326\316B\005\305\352\340\340q\370\342\344""; "
1750587263370,1750587263370,3090,1,1,0,TMValidation,"validation: """"\200\000\000\001&\000\000\000\003)/\352\223\376:Q\231\304\227'3\313\030QT\270\242(,&\233\326\374o\306[\235\317>\021e\005s\261\371l\216\017\003\032\017J\217\244W<P\027\000\000\000\000\000\000\000\000\000\000\000\000\000\000\000\000\000\000\000\000\000\000\000\000\000\000\000\000\000\000\000\000P\031-}\351f\032\255\274\334m\326c\017\014ao[\342\230\003\245\245\3341Hm\326^\017jy\335\261s!\003ql\302)\235\321\t\213\224\356\374%%\311\327\037\374\304\t\335\2359\344\233\035]\347<u\236\364\222vG0E\002!\000\223\033N-\241FZ\263] n\254;\307\376v}\331\0108\235\245\013\207\300}\265D\262\226\035\177\002 ~'\005}t\372\376\036\017\231\225\2315\022J\327\304\260\271\034\326\316B\005\305\352\340\340q\370\342\344""; ","validation: """"\200\000\000\001&\000\000\000\003)/\352\223\376:Q\231\304\227'3\313\030QT\270\242(,&\233\326\374o\306[\235\317>\021e\005s\261\371l\216\017\003\032\017J\217\244W<P\027\000\000\000\000\000\000\000\000\000\000\000\000\000\000\000\000\000\000\000\000\000\000\000\000\000\000\000\000\000\000\000\000P\031-}\351f\032\255\274\334m\326c\017\014ao[\342\230\003\245\245\3341Hm\326^\017jy\335\261s!\003ql\302)\235\321\t\213\224\356\374%%\311\327\037\374\304\t\335\2359\344\233\035]\347<u\236\364\222vG0E\002!\000\223\033N-\241FZ\263] n\254;\307\376v}\331\0108\235\245\013\207\300}\265D\262\226\035\177\002 ~'\005}t\372\376\036\017\231\225\2315\022J\327\304\260\271\034\326\316B\005\305\352\340\340q\370\342\344""; "
1750587263371,1750587263371,1289,1,1,3,TMValidation,"validation: """"\200\000\000\001&\000\000\000\003)/\352\223\376:Q\231\304\227'3\313\030QT\270\242(,&\233\326\374o\306[\235\317>\021e\005s\261\371l\216\017\003\032\017J\217\244W<P\027\000\000\000\000\000\000\000\000\000\000\000\000\000\000\000\000\000\000\000\000\000\000\000\000\000\000\000\000\000\000\000\000P\031-}\351f\032\255\274\334m\326c\017\014ao[\342\230\003\245\245\3341Hm\326^\017jy\335\261s!\003ql\302)\235\321\t\213\224\356\374%%\311\327\037\374\304\t\335\2359\344\233\035]\347<u\236\364\222vG0E\002!\000\223\033N-\241FZ\263] n\254;\307\376v}\331\0108\235\245\013\207\300}\265D\262\226\035\177\002 ~'\005}t\372\376\036\017\231\225\2315\022J\327\304\260\271\034\326\316B\005\305\352\340\340q\370\342\344""; ","validation: """"\200\000\000\001&\000\000\000\003)/\352\223\376:Q\231\304\227'3\313\030QT\270\242(,&\233\326\374o\306[\235\317>\021e\005s\261\371l\216\017\003\032\017J\217\244W<P\027\000\000\000\000\000\000\000\000\000\000\000\000\000\000\000\000\000\000\000\000\000\000\000\000\000\000\000\000\000\000\000\000P\031-}\351f\032\255\274\334m\326c\017\014ao[\342\230\003\245\245\3341Hm\326^\017jy\335\261s!\003ql\302)\235\321\t\213\224\356\374%%\311\327\037\374\304\t\335\2359\344\233\035]\347<u\236\364\222vG0E\002!\000\223\033N-\241FZ\263] n\254;\307\376v}\331\0108\235\245\013\207\300}\265D\262\226\035\177\002 ~'\005}t\372\376\036\017\231\225\2315\022J\327\304\260\271\034\326\316B\005\305\352\340\340q\370\342\344""; "
1750587263601,1750587263601,3488,1,2,0,TMValidation,"validation: """"\200\000\000\001&\000\000\000\003)/\352\223\376:\211l\014`\252m\212dQT\270\242(,&\233\326\374o\306[\235\317>\021e\005s\261\371l\216\017\003\032\017J\217\244W<P\027\000\000\000\000\000\000\000\000\000\000\000\000\000\000\000\000\000\000\000\000\000\000\000\000\000\000\000\000\000\000\000\000P\031-}\351f\032\255\274\334m\326c\017\014ao[\342\230\003\245\245\3341Hm\326^\017jy\335\261s!\003\325Q\255\224\274R@\312\253\262\347\352\034\346\347\242\215,\312\376=\277\353{\350\225\301\305`^, vG0E\002!\000\341\001\037\027q\016\241\322B\006\2436\330\370(|\311\005U\371\265@\032qwO\243\224K\035\030\224\002 \035F\212\035\005d\034R\367\251\341]\356)\252*\342\336\200t\327"" \366\242\336 \375\014L\237'""; ","validation: """"\200\000\000\001&\000\000\000\003)/\352\223\376:\211l\014`\252m\212dQT\270\242(,&\233\326\374o\306[\235\317>\021e\005s\261\371l\216\017\003\032\017J\217\244W<P\027\000\000\000\000\000\000\000\000\000\000\000\000\000\000\000\000\000\000\000\000\000\000\000\000\000\000\000\000\000\000\000\000P\031-}\351f\032\255\274\334m\326c\017\014ao[\342\230\003\245\245\3341Hm\326^\017jy\335\261s!\003\325Q\255\224\274R@\312\253\262\347\352\034\346\347\242\215,\312\376=\277\353{\350\225\301\305`^, vG0E\002!\000\341\001\037\027q\016\241\322B\006\2436\330\370(|\311\005U\371\265@\032qwO\243\224K\035\030\224\002 \035F\212\035\005d\034R\367\251\341]\356)\252*\342\336\200t\327"" \366\242\336 \375\014L\237'""; "
1750587263602,1750587263602,1036,1,2,4,TMValidation,"validation: """"\200\000\000\001&\000\000\000\003)/\352\223\376:\211l\014`\252m\212dQT\270\242(,&\233\326\374o\306[\235\317>\021e\005s\261\371l\216\017\003\032\017J\217\244W<P\027\000\000\000\000\000\000\000\000\000\000\000\000\000\000\000\000\000\000\000\000\000\000\000\000\000\000\000\000\000\000\000\000P\031-}\351f\032\255\274\334m\326c\017\014ao[\342\230\003\245\245\3341Hm\326^\017jy\335\261s!\003\325Q\255\224\274R@\312\253\262\347\352\034\346\347\242\215,\312\376=\277\353{\350\225\301\305`^, vG0E\002!\000\341\001\037\027q\016\241\322B\006\2436\330\370(|\311\005U\371\265@\032qwO\243\224K\035\030\224\002 \035F\212\035\005d\034R\367\251\341]\356)\252*\342\336\200t\327"" \366\242\336 \375\014L\237'""; ","validation: """"\200\000\000\001&\000\000\000\003)/\352\223\376:\211l\014`\252m\212dQT\270\242(,&\233\326\374o\306[\235\317>\021e\005s\261\371l\216\017\003\032\017J\217\244W<P\027\000\000\000\000\000\000\000\000\000\000\000\000\000\000\000\000\000\000\000\000\000\000\000\000\000\000\000\000\000\000\000\000P\031-}\351f\032\255\274\334m\326c\017\014ao[\342\230\003\245\245\3341Hm\326^\017jy\335\261s!\003\325Q\255\224\274R@\312\253\262\347\352\034\346\347\242\215,\312\376=\277\353{\350\225\301\305`^, vG0E\002!\000\341\001\037\027q\016\241\322B\006\2436\330\370(|\311\005U\371\265@\032qwO\243\224K\035\030\224\002 \035F\212\035\005d\034R\367\251\341]\356)\252*\342\336\200t\327"" \366\242\336 \375\014L\237'""; "
1750587263602,1750587263602,1094,1,2,1,TMValidation,"validation: """"\200\000\000\001&\000\000\000\003)/\352\223\376:\211l\014`\252m\212dQT\270\242(,&\233\326\374o\306[\235\317>\021e\005s\261\371l\216\017\003\032\017J\217\244W<P\027\000\000\000\000\000\000\000\000\000\000\000\000\000\000\000\000\000\000\000\000\000\000\000\000\000\000\000\000\000\000\000\000P\031-}\351f\032\255\274\334m\326c\017\014ao[\342\230\003\245\245\3341Hm\326^\017jy\335\261s!\003\325Q\255\224\274R@\312\253\262\347\352\034\346\347\242\215,\312\376=\277\353{\350\225\301\305`^, vG0E\002!\000\341\001\037\027q\016\241\322B\006\2436\330\370(|\311\005U\371\265@\032qwO\243\224K\035\030\224\002 \035F\212\035\005d\034R\367\251\341]\356)\252*\342\336\200t\327"" \366\242\336 \375\014L\237'""; ","validation: """"\200\000\000\001&\000\000\000\003)/\352\223\376:\211l\014`\252m\212dQT\270\242(,&\233\326\374o\306[\235\317>\021e\005s\261\371l\216\017\003\032\017J\217\244W<P\027\000\000\000\000\000\000\000\000\000\000\000\000\000\000\000\000\000\000\000\000\000\000\000\000\000\000\000\000\000\000\000\000P\031-}\351f\032\255\274\334m\326c\017\014ao[\342\230\003\245\245\3341Hm\326^\017jy\335\261s!\003\325Q\255\224\274R@\312\253\262\347\352\034\346\347\242\215,\312\376=\277\353{\350\225\301\305`^, vG0E\002!\000\341\001\037\027q\016\241\322B\006\2436\330\370(|\311\005U\371\265@\032qwO\243\224K\035\030\224\002 \035F\212\035\005d\034R\367\251\341]\356)\252*\342\336\200t\327"" \366\242\336 \375\014L\237'""; "
1750587263714,1750587263714,734,1,3,2,TMValidation,"validation: """"\200\000\000\001&\000\000\000\003)/\352\223\376:?HT\314/\177\320^QT\270\242(,&\233\326\374o\306[\235\317>\021e\005s\261\371l\216\017\003\032\017J\217\244W<P\027\000\000\000\000\000\000\000\000\000\000\000\000\000\000\000\000\000\000\000\000\000\000\000\000\000\000\000\000\000\000\000\000P\031-}\351f\032\255\274\334m\326c\017\014ao[\342\230\003\245\245\3341Hm\326^\017jy\335\261s!\003\343\005\311u\203\370\0338\3174\324\010\006\301\251\177\261\304eOX\262)FA-\022r\263wm\024vG0E\002!\000\325\372\350\343\177;\342+\266A\230\272\023N\014R\021\342kV""\376\233\334\254\347\322\362\026a\3627\002 [\244\334v""\313\014\24601\210\260\326fvF'9M2\215\210\226Y\201\240\307\357\016,\241\343""; ","validation: """"\200\000\000\001&\000\000\000\003)/\352\223\376:?HT\314/\177\320^QT\270\242(,&\233\326\374o\306[\235\317>\021e\005s\261\371l\216\017\003\032\017J\217\244W<P\027\000\000\000\000\000\000\000\000\000\000\000\000\000\000\000\000\000\000\000\000\000\000\000\000\000\000\000\000\000\000\000\000P\031-}\351f\032\255\274\334m\326c\017\014ao[\342\230\003\245\245\3341Hm\326^\017jy\335\261s!\003\343\005\311u\203\370\0338\3174\324\010\006\301\251\177\261\304eOX\262)FA-\022r\263wm\024vG0E\002!\000\325\372\350\343\177;\342+\266A\230\272\023N\014R\021\342kV""\376\233\334\254\347\322\362\026a\3627\002 [\244\334v""\313\014\24601\210\260\326fvF'9M2\215\210\226Y\201\240\307\357\016,\241\343""; "
1750587263714,1750587263715,3501,1,3,4,TMValidation,"validation: """"\200\000\000\001&\000\000\000\003)/\352\223\376:?HT\314/\177\320^QT\270\242(,&\233\326\374o\306[\235\317>\021e\005s\261\371l\216\017\003\032\017J\217\244W<P\027\000\000\000\000\000\000\000\000\000\000\000\000\000\000\000\000\000\000\000\000\000\000\000\000\000\000\000\000\000\000\000\000P\031-}\351f\032\255\274\334m\326c\017\014ao[\342\230\003\245\245\3341Hm\326^\017jy\335\261s!\003\343\005\311u\203\370\0338\3174\324\010\006\301\251\177\261\304eOX\262)FA-\022r\263wm\024vG0E\002!\000\325\372\350\343\177;\342+\266A\230\272\023N\014R\021\342kV""\376\233\334\254\347\322\362\026a\3627\002 [\244\334v""\313\014\24601\210\260\326fvF'9M2\215\210\226Y\201\240\307\357\016,\241\343""; ","validation: """"\200\000\000\001&\000\000\000\003)/\352\223\376:?HT\314/\177\320^QT\270\242(,&\233\326\374o\306[\235\317>\021e\005s\261\371l\216\017\003\032\017J\217\244W<P\027\000\000\000\000\000\000\000\000\000\000\000\000\000\000\000\000\000\000\000\000\000\000\000\000\000\000\000\000\000\000\000\000P\031-}\351f\032\255\274\334m\326c\017\014ao[\342\230\003\245\245\3341Hm\326^\017jy\335\261s!\003\343\005\311u\203\370\0338\3174\324\010\006\301\251\177\261\304eOX\262)FA-\022r\263wm\024vG0E\002!\000\325\372\350\343\177;\342+\266A\230\272\023N\014R\021\342kV""\376\233\334\254\347\322\362\026a\3627\002 [\244\334v""\313\014\24601\210\260\326fvF'9M2\215\210\226Y\201\240\307\357\016,\241\343""; "
1750587263715,1750587263715,3767,1,3,0,TMValidation,"validation: """"\200\000\000\001&\000\000\000\003)/\352\223\376:?HT\314/\177\320^QT\270\242(,&\233\326\374o\306[\235\317>\021e\005s\261\371l\216\017\003\032\017J\217\244W<P\027\000\000\000\000\000\000\000\000\000\000\000\000\000\000\000\000\000\000\000\000\000\000\000\000\000\000\000\000\000\000\000\000P\031-}\351f\032\255\274\334m\326c\017\014ao[\342\230\003\245\245\3341Hm\326^\017jy\335\261s!\003\343\005\311u\203\370\0338\3174\324\010\006\301\251\177\261\304eOX\262)FA-\022r\263wm\024vG0E\002!\000\325\372\350\343\177;\342+\266A\230\272\023N\014R\021\342kV""\376\233\334\254\347\322\362\026a\3627\002 [\244\334v""\313\014\24601\210\260\326fvF'9M2\215\210\226Y\201\240\307\357\016,\241\343""; ","validation: """"\200\000\000\001&\000\000\000\003)/\352\223\376:?HT\314/\177\320^QT\270\242(,&\233\326\374o\306[\235\317>\021e\005s\261\371l\216\017\003\032\017J\217\244W<P\027\000\000\000\000\000\000\000\000\000\000\000\000\000\000\000\000\000\000\000\000\000\000\000\000\000\000\000\000\000\000\000\000P\031-}\351f\032\255\274\334m\326c\017\014ao[\342\230\003\245\245\3341Hm\326^\017jy\335\261s!\003\343\005\311u\203\370\0338\3174\324\010\006\301\251\177\261\304eOX\262)FA-\022r\263wm\024vG0E\002!\000\325\372\350\343\177;\342+\266A\230\272\023N\014R\021\342kV""\376\233\334\254\347\322\362\026a\3627\002 [\244\334v""\313\014\24601\210\260\326fvF'9M2\215\210\226Y\201\240\307\357\016,\241\343""; "
1750587263747,1750587263748,3614,1,4,2,TMProposeSet,"proposeSeq: 0; currentTxHash: ""\000\000\000\000\000\000\000\000\000\000\000\000\000\000\000\000\000\000\000\000\000\000\000\000\000\000\000\000\000\000\000\000""; nodePubKey: ""\003.\200\224\215?)t\306\315\242\313\251\255\302\204=\232.\271%}\013\024s\024\002@\216l""\241F""; closeTime: 803902463; signature: ""0E\002!\000\244\260\020%\033\023&\\371&?\353\355\002\217G\027\354\2756\neZ3\244\345\336-\341^\211\312\002 Q\242\326\372u\352\006\003\333\335i\272\323s\264\023\324\222\330\030\305\323\256q\273k\375\304\331\353s\004""; previousledger: ""T\270\242(,&\233\326\374o\306[\235\317>\021e\005s\261\371l\216\017\003\032\017J\217\244W<""; ","proposeSeq: 0; currentTxHash: ""\000\000\000\000\000\000\000\000\000\000\000\000\000\000\000\000\000\000\000\000\000\000\000\000\000\000\000\000\000\000\000\000""; nodePubKey: ""\003.\200\224\215?)t\306\315\242\313\251\255\302\204=\232.\271%}\013\024s\024\002@\216l""\241F""; closeTime: 803902463; signature: ""0E\002!\000\244\260\020%\033\023&\\371&?\353\355\002\217G\027\354\2756\neZ3\244\345\336-\341^\211\312\002 Q\242\326\372u\352\006\003\333\335i\272\323s\264\023\324\222\330\030\305\323\256q\273k\375\304\331\353s\004""; previousledger: ""T\270\242(,&\233\326\374o\306[\235\317>\021e\005s\261\371l\216\017\003\032\017J\217\244W<""; "
1750587263751,1750587263751,980,1,4,1,TMProposeSet,"proposeSeq: 0; currentTxHash: ""\000\000\000\000\000\000\000\000\000\000\000\000\000\000\000\000\000\000\000\000\000\000\000\000\000\000\000\000\000\000\000\000""; nodePubKey: ""\003.\200\224\215?)t\306\315\242\313\251\255\302\204=\232.\271%}\013\024s\024\002@\216l""\241F""; closeTime: 803902463; signature: ""0E\002!\000\244\260\020%\033\023&\\371&?\353\355\002\217G\027\354\2756\neZ3\244\345\336-\341^\211\312\002 Q\242\326\372u\352\006\003\333\335i\272\323s\264\023\324\222\330\030\305\323\256q\273k\375\304\331\353s\004""; previousledger: ""T\270\242(,&\233\326\374o\306[\235\317>\021e\005s\261\371l\216\017\003\032\017J\217\244W<""; ","proposeSeq: 0; currentTxHash: ""\000\000\000\000\000\000\000\000\000\000\000\000\000\000\000\000\000\000\000\000\000\000\000\000\000\000\000\000\000\000\000\000""; nodePubKey: ""\003.\200\224\215?)t\306\315\242\313\251\255\302\204=\232.\271%}\013\024s\024\002@\216l""\241F""; closeTime: 803902463; signature: ""0E\002!\000\244\260\020%\033\023&\\371&?\353\355\002\217G\027\354\2756\neZ3\244\345\336-\341^\211\312\002 Q\242\326\372u\352\006\003\333\335i\272\323s\264\023\324\222\330\030\305\323\256q\273k\375\304\331\353s\004""; previousledger: ""T\270\242(,&\233\326\374o\306[\235\317>\021e\005s\261\371l\216\017\003\032\017J\217\244W<""; "
1750587263752,1750587263752,961,1,4,3,TMProposeSet,"proposeSeq: 0; currentTxHash: ""\000\000\000\000\000\000\000\000\000\000\000\000\000\000\000\000\000\000\000\000\000\000\000\000\000\000\000\000\000\000\000\000""; nodePubKey: ""\003.\200\224\215?)t\306\315\242\313\251\255\302\204=\232.\271%}\013\024s\024\002@\216l""\241F""; closeTime: 803902463; signature: ""0E\002!\000\244\260\020%\033\023&\\371&?\353\355\002\217G\027\354\2756\neZ3\244\345\336-\341^\211\312\002 Q\242\326\372u\352\006\003\333\335i\272\323s\264\023\324\222\330\030\305\323\256q\273k\375\304\331\353s\004""; previousledger: ""T\270\242(,&\233\326\374o\306[\235\317>\021e\005s\261\371l\216\017\003\032\017J\217\244W<""; ","proposeSeq: 0; currentTxHash: ""\000\000\000\000\000\000\000\000\000\000\000\000\000\000\000\000\000\000\000\000\000\000\000\000\000\000\000\000\000\000\000\000""; nodePubKey: ""\003.\200\224\215?)t\306\315\242\313\251\255\302\204=\232.\271%}\013\024s\024\002@\216l""\241F""; closeTime: 803902463; signature: ""0E\002!\000\244\260\020%\033\023&\\371&?\353\355\002\217G\027\354\2756\neZ3\244\345\336-\341^\211\312\002 Q\242\326\372u\352\006\003\333\335i\272\323s\264\023\324\222\330\030\305\323\256q\273k\375\304\331\353s\004""; previousledger: ""T\270\242(,&\233\326\374o\306[\235\317>\021e\005s\261\371l\216\017\003\032\017J\217\244W<""; "
1750587263752,1750587263752,1110,1,4,0,TMProposeSet,"proposeSeq: 0; currentTxHash: ""\000\000\000\000\000\000\000\000\000\000\000\000\000\000\000\000\000\000\000\000\000\000\000\000\000\000\000\000\000\000\000\000""; nodePubKey: ""\003.\200\224\215?)t\306\315\242\313\251\255\302\204=\232.\271%}\013\024s\024\002@\216l""\241F""; closeTime: 803902463; signature: ""0E\002!\000\244\260\020%\033\023&\\371&?\353\355\002\217G\027\354\2756\neZ3\244\345\336-\341^\211\312\002 Q\242\326\372u\352\006\003\333\335i\272\323s\264\023\324\222\330\030\305\323\256q\273k\375\304\331\353s\004""; previousledger: ""T\270\242(,&\233\326\374o\306[\235\317>\021e\005s\261\371l\216\017\003\032\017J\217\244W<""; ","proposeSeq: 0; currentTxHash: ""\000\000\000\000\000\000\000\000\000\000\000\000\000\000\000\000\000\000\000\000\000\000\000\000\000\000\000\000\000\000\000\000""; nodePubKey: ""\003.\200\224\215?)t\306\315\242\313\251\255\302\204=\232.\271%}\013\024s\024\002@\216l""\241F""; closeTime: 803902463; signature: ""0E\002!\000\244\260\020%\033\023&\\371&?\353\355\002\217G\027\354\2756\neZ3\244\345\336-\341^\211\312\002 Q\242\326\372u\352\006\003\333\335i\272\323s\264\023\324\222\330\030\305\323\256q\273k\375\304\331\353s\004""; previousledger: ""T\270\242(,&\233\326\374o\306[\235\317>\021e\005s\261\371l\216\017\003\032\017J\217\244W<""; "
1750587263792,1750587263792,1357,1,4,3,TMValidation,"validation: """"\200\000\000\001&\000\000\000\003)/\352\223\376:I\203w\200\211\SGQT\270\242(,&\233\326\374o\306[\235\317>\021e\005s\261\371l\216\017\003\032\017J\217\244W<P\027\000\000\000\000\000\000\000\000\000\000\000\000\000\000\000\000\000\000\000\000\000\000\000\000\000\000\000\000\000\000\000\000P\031-}\351f\032\255\274\334m\326c\017\014ao[\342\230\003\245\245\3341Hm\326^\017jy\335\261s!\002\347\243J\206W\025ML\260\226\0163\217\250\337\325W\253\356*O\245Z\271\234\207C\274\375`\335\311vG0E\002!\000\335(F&gh\344p\260\367\252\024-\356EC\227 {\023\031\255\360;\247\305m\245\253\0102\234\002 m\226\3464\000\350.\3777>\277\351\260\205`\031\322H\32196B\317hc\020\230I\2201W\355""; ","validation: """"\200\000\000\001&\000\000\000\003)/\352\223\376:I\203w\200\211\SGQT\270\242(,&\233\326\374o\306[\235\317>\021e\005s\261\371l\216\017\003\032\017J\217\244W<P\027\000\000\000\000\000\000\000\000\000\000\000\000\000\000\000\000\000\000\000\000\000\000\000\000\000\000\000\000\000\000\000\000P\031-}\351f\032\255\274\334m\326c\017\014ao[\342\230\003\245\245\3341Hm\326^\017jy\335\261s!\002\347\243J\206W\025ML\260\226\0163\217\250\337\325W\253\356*O\245Z\271\234\207C\274\375`\335\311vG0E\002!\000\335(F&gh\344p\260\367\252\024-\356EC\227 {\023\031\255\360;\247\305m\245\253\0102\234\002 m\226\3464\000\350.\3777>\277\351\260\205`\031\322H\32196B\317hc\020\230I\2201W\355""; "
1750587263792,1750587263793,443,1,4,2,TMValidation,"validation: """"\200\000\000\001&\000\000\000\003)/\352\223\376:I\203w\200\211\SGQT\270\242(,&\233\326\374o\306[\235\317>\021e\005s\261\371l\216\017\003\032\017J\217\244W<P\027\000\000\000\000\000\000\000\000\000\000\000\000\000\000\000\000\000\000\000\000\000\000\000\000\000\000\000\000\000\000\000\000P\031-}\351f\032\255\274\334m\326c\017\014ao[\342\230\003\245\245\3341Hm\326^\017jy\335\261s!\002\347\243J\206W\025ML\260\226\0163\217\250\337\325W\253\356*O\245Z\271\234\207C\274\375`\335\311vG0E\002!\000\335(F&gh\344p\260\367\252\024-\356EC\227 {\023\031\255\360;\247\305m\245\253\0102\234\002 m\226\3464\000\350.\3777>\277\351\260\205`\031\322H\32196B\317hc\020\230I\2201W\355""; ","validation: """"\200\000\000\001&\000\000\000\003)/\352\223\376:I\203w\200\211\SGQT\270\242(,&\233\326\374o\306[\235\317>\021e\005s\261\371l\216\017\003\032\017J\217\244W<P\027\000\000\000\000\000\000\000\000\000\000\000\000\000\000\000\000\000\000\000\000\000\000\000\000\000\000\000\000\000\000\000\000P\031-}\351f\032\255\274\334m\326c\017\014ao[\342\230\003\245\245\3341Hm\326^\017jy\335\261s!\002\347\243J\206W\025ML\260\226\0163\217\250\337\325W\253\356*O\245Z\271\234\207C\274\375`\335\311vG0E\002!\000\335(F&gh\344p\260\367\252\024-\356EC\227 {\023\031\255\360;\247\305m\245\253\0102\234\002 m\226\3464\000\350.\3777>\277\351\260\205`\031\322H\32196B\317hc\020\230I\2201W\355""; "
1750587263793,1750587263793,2819,1,4,1,TMValidation,"validation: """"\200\000\000\001&\000\000\000\003)/\352\223\376:I\203w\200\211\SGQT\270\242(,&\233\326\374o\306[\235\317>\021e\005s\261\371l\216\017\003\032\017J\217\244W<P\027\000\000\000\000\000\000\000\000\000\000\000\000\000\000\000\000\000\000\000\000\000\000\000\000\000\000\000\000\000\000\000\000P\031-}\351f\032\255\274\334m\326c\017\014ao[\342\230\003\245\245\3341Hm\326^\017jy\335\261s!\002\347\243J\206W\025ML\260\226\0163\217\250\337\325W\253\356*O\245Z\271\234\207C\274\375`\335\311vG0E\002!\000\335(F&gh\344p\260\367\252\024-\356EC\227 {\023\031\255\360;\247\305m\245\253\0102\234\002 m\226\3464\000\350.\3777>\277\351\260\205`\031\322H\32196B\317hc\020\230I\2201W\355""; ","validation: """"\200\000\000\001&\000\000\000\003)/\352\223\376:I\203w\200\211\SGQT\270\242(,&\233\326\374o\306[\235\317>\021e\005s\261\371l\216\017\003\032\017J\217\244W<P\027\000\000\000\000\000\000\000\000\000\000\000\000\000\000\000\000\000\000\000\000\000\000\000\000\000\000\000\000\000\000\000\000P\031-}\351f\032\255\274\334m\326c\017\014ao[\342\230\003\245\245\3341Hm\326^\017jy\335\261s!\002\347\243J\206W\025ML\260\226\0163\217\250\337\325W\253\356*O\245Z\271\234\207C\274\375`\335\311vG0E\002!\000\335(F&gh\344p\260\367\252\024-\356EC\227 {\023\031\255\360;\247\305m\245\253\0102\234\002 m\226\3464\000\350.\3777>\277\351\260\205`\031\322H\32196B\317hc\020\230I\2201W\355""; "
1750587263818,1750587263819,3501,1,3,4,TMValidation,"validation: """"\200\000\000\001&\000\000\000\003)/\352\223\376:I\203w\200\211\SGQT\270\242(,&\233\326\374o\306[\235\317>\021e\005s\261\371l\216\017\003\032\017J\217\244W<P\027\000\000\000\000\000\000\000\000\000\000\000\000\000\000\000\000\000\000\000\000\000\000\000\000\000\000\000\000\000\000\000\000P\031-}\351f\032\255\274\334m\326c\017\014ao[\342\230\003\245\245\3341Hm\326^\017jy\335\261s!\002\347\243J\206W\025ML\260\226\0163\217\250\337\325W\253\356*O\245Z\271\234\207C\274\375`\335\311vG0E\002!\000\335(F&gh\344p\260\367\252\024-\356EC\227 {\023\031\255\360;\247\305m\245\253\0102\234\002 m\226\3464\000\350.\3777>\277\351\260\205`\031\322H\32196B\317hc\020\230I\2201W\355""; ","validation: """"\200\000\000\001&\000\000\000\003)/\352\223\376:I\203w\200\211\SGQT\270\242(,&\233\326\374o\306[\235\317>\021e\005s\261\371l\216\017\003\032\017J\217\244W<P\027\000\000\000\000\000\000\000\000\000\000\000\000\000\000\000\000\000\000\000\000\000\000\000\000\000\000\000\000\000\000\000\000P\031-}\351f\032\255\274\334m\326c\017\014ao[\342\230\003\245\245\3341Hm\326^\017jy\335\261s!\002\347\243J\206W\025ML\260\226\0163\217\250\337\325W\253\356*O\245Z\271\234\207C\274\375`\335\311vG0E\002!\000\335(F&gh\344p\260\367\252\024-\356EC\227 {\023\031\255\360;\247\305m\245\253\0102\234\002 m\226\3464\000\350.\3777>\277\351\260\205`\031\322H\32196B\317hc\020\230I\2201W\355""; "
1750587263819,1750587263819,2573,1,3,1,TMValidation,"validation: """"\200\000\000\001&\000\000\000\003)/\352\223\376:I\203w\200\211\SGQT\270\242(,&\233\326\374o\306[\235\317>\021e\005s\261\371l\216\017\003\032\017J\217\244W<P\027\000\000\000\000\000\000\000\000\000\000\000\000\000\000\000\000\000\000\000\000\000\000\000\000\000\000\000\000\000\000\000\000P\031-}\351f\032\255\274\334m\326c\017\014ao[\342\230\003\245\245\3341Hm\326^\017jy\335\261s!\002\347\243J\206W\025ML\260\226\0163\217\250\337\325W\253\356*O\245Z\271\234\207C\274\375`\335\311vG0E\002!\000\335(F&gh\344p\260\367\252\024-\356EC\227 {\023\031\255\360;\247\305m\245\253\0102\234\002 m\226\3464\000\350.\3777>\277\351\260\205`\031\322H\32196B\317hc\020\230I\2201W\355""; ","validation: """"\200\000\000\001&\000\000\000\003)/\352\223\376:I\203w\200\211\SGQT\270\242(,&\233\326\374o\306[\235\317>\021e\005s\261\371l\216\017\003\032\017J\217\244W<P\027\000\000\000\000\000\000\000\000\000\000\000\000\000\000\000\000\000\000\000\000\000\000\000\000\000\000\000\000\000\000\000\000P\031-}\351f\032\255\274\334m\326c\017\014ao[\342\230\003\245\245\3341Hm\326^\017jy\335\261s!\002\347\243J\206W\025ML\260\226\0163\217\250\337\325W\253\356*O\245Z\271\234\207C\274\375`\335\311vG0E\002!\000\335(F&gh\344p\260\367\252\024-\356EC\227 {\023\031\255\360;\247\305m\245\253\0102\234\002 m\226\3464\000\350.\3777>\277\351\260\205`\031\322H\32196B\317hc\020\230I\2201W\355""; "
1750587263820,1750587263820,734,1,3,2,TMValidation,"validation: """"\200\000\000\001&\000\000\000\003)/\352\223\376:I\203w\200\211\SGQT\270\242(,&\233\326\374o\306[\235\317>\021e\005s\261\371l\216\017\003\032\017J\217\244W<P\027\000\000\000\000\000\000\000\000\000\000\000\000\000\000\000\000\000\000\000\000\000\000\000\000\000\000\000\000\000\000\000\000P\031-}\351f\032\255\274\334m\326c\017\014ao[\342\230\003\245\245\3341Hm\326^\017jy\335\261s!\002\347\243J\206W\025ML\260\226\0163\217\250\337\325W\253\356*O\245Z\271\234\207C\274\375`\335\311vG0E\002!\000\335(F&gh\344p\260\367\252\024-\356EC\227 {\023\031\255\360;\247\305m\245\253\0102\234\002 m\226\3464\000\350.\3777>\277\351\260\205`\031\322H\32196B\317hc\020\230I\2201W\355""; ","validation: """"\200\000\000\001&\000\000\000\003)/\352\223\376:I\203w\200\211\SGQT\270\242(,&\233\326\374o\306[\235\317>\021e\005s\261\371l\216\017\003\032\017J\217\244W<P\027\000\000\000\000\000\000\000\000\000\000\000\000\000\000\000\000\000\000\000\000\000\000\000\000\000\000\000\000\000\000\000\000P\031-}\351f\032\255\274\334m\326c\017\014ao[\342\230\003\245\245\3341Hm\326^\017jy\335\261s!\002\347\243J\206W\025ML\260\226\0163\217\250\337\325W\253\356*O\245Z\271\234\207C\274\375`\335\311vG0E\002!\000\335(F&gh\344p\260\367\252\024-\356EC\227 {\023\031\255\360;\247\305m\245\253\0102\234\002 m\226\3464\000\350.\3777>\277\351\260\205`\031\322H\32196B\317hc\020\230I\2201W\355""; "
1750587263864,1750587263864,483,1,3,4,TMProposeSet,"proposeSeq: 0; currentTxHash: ""\000\000\000\000\000\000\000\000\000\000\000\000\000\000\000\000\000\000\000\000\000\000\000\000\000\000\000\000\000\000\000\000""; nodePubKey: ""\003\325Q\255\224\274R@\312\253\262\347\352\034\346\347\242\215,\312\376=\277\353{\350\225\301\305`^, ""; closeTime: 803902463; signature: ""0D\002 /|\270\002A\010\351\366Jn|\272{\364\211\203\0036\223\301\006\261f\355D\255:\003w}\263\036\002 .\311\030\001>\t4\244\352\020\376\344\004\023\017\323\233\325\3115Wj\204\230Z\244E\373\353\030\315~""; previousledger: ""T\270\242(,&\233\326\374o\306[\235\317>\021e\005s\261\371l\216\017\003\032\017J\217\244W<""; ","proposeSeq: 0; currentTxHash: ""\000\000\000\000\000\000\000\000\000\000\000\000\000\000\000\000\000\000\000\000\000\000\000\000\000\000\000\000\000\000\000\000""; nodePubKey: ""\003\325Q\255\224\274R@\312\253\262\347\352\034\346\347\242\215,\312\376=\277\353{\350\225\301\305`^, ""; closeTime: 803902463; signature: ""0D\002 /|\270\002A\010\351\366Jn|\272{\364\211\203\0036\223\301\006\261f\355D\255:\003w}\263\036\002 .\311\030\001>\t4\244\352\020\376\344\004\023\017\323\233\325\3115Wj\204\230Z\244E\373\353\030\315~""; previousledger: ""T\270\242(,&\233\326\374o\306[\235\317>\021e\005s\261\371l\216\017\003\032\017J\217\244W<""; "
1750587263864,1750587263865,3656,1,3,1,TMProposeSet,"proposeSeq: 0; currentTxHash: ""\000\000\000\000\000\000\000\000\000\000\000\000\000\000\000\000\000\000\000\000\000\000\000\000\000\000\000\000\000\000\000\000""; nodePubKey: ""\003\325Q\255\224\274R@\312\253\262\347\352\034\346\347\242\215,\312\376=\277\353{\350\225\301\305`^, ""; closeTime: 803902463; signature: ""0D\002 /|\270\002A\010\351\366Jn|\272{\364\211\203\0036\223\301\006\261f\355D\255:\003w}\263\036\002 .\311\030\001>\t4\244\352\020\376\344\004\023\017\323\233\325\3115Wj\204\230Z\244E\373\353\030\315~""; previousledger: ""T\270\242(,&\233\326\374o\306[\235\317>\021e\005s\261\371l\216\017\003\032\017J\217\244W<""; ","proposeSeq: 0; currentTxHash: ""\000\000\000\000\000\000\000\000\000\000\000\000\000\000\000\000\000\000\000\000\000\000\000\000\000\000\000\000\000\000\000\000""; nodePubKey: ""\003\325Q\255\224\274R@\312\253\262\347\352\034\346\347\242\215,\312\376=\277\353{\350\225\301\305`^, ""; closeTime: 803902463; signature: ""0D\002 /|\270\002A\010\351\366Jn|\272{\364\211\203\0036\223\301\006\261f\355D\255:\003w}\263\036\002 .\311\030\001>\t4\244\352\020\376\344\004\023\017\323\233\325\3115Wj\204\230Z\244E\373\353\030\315~""; previousledger: ""T\270\242(,&\233\326\374o\306[\235\317>\021e\005s\261\371l\216\017\003\032\017J\217\244W<""; "
1750587263865,1750587263866,443,1,3,0,TMProposeSet,"proposeSeq: 0; currentTxHash: ""\000\000\000\000\000\000\000\000\000\000\000\000\000\000\000\000\000\000\000\000\000\000\000\000\000\000\000\000\000\000\000\000""; nodePubKey: ""\003\325Q\255\224\274R@\312\253\262\347\352\034\346\347\242\215,\312\376=\277\353{\350\225\301\305`^, ""; closeTime: 803902463; signature: ""0D\002 /|\270\002A\010\351\366Jn|\272{\364\211\203\0036\223\301\006\261f\355D\255:\003w}\263\036\002 .\311\030\001>\t4\244\352\020\376\344\004\023\017\323\233\325\3115Wj\204\230Z\244E\373\353\030\315~""; previousledger: ""T\270\242(,&\233\326\374o\306[\235\317>\021e\005s\261\371l\216\017\003\032\017J\217\244W<""; ","proposeSeq: 0; currentTxHash: ""\000\000\000\000\000\000\000\000\000\000\000\000\000\000\000\000\000\000\000\000\000\000\000\000\000\000\000\000\000\000\000\000""; nodePubKey: ""\003\325Q\255\224\274R@\312\253\262\347\352\034\346\347\242\215,\312\376=\277\353{\350\225\301\305`^, ""; closeTime: 803902463; signature: ""0D\002 /|\270\002A\010\351\366Jn|\272{\364\211\203\0036\223\301\006\261f\355D\255:\003w}\263\036\002 .\311\030\001>\t4\244\352\020\376\344\004\023\017\323\233\325\3115Wj\204\230Z\244E\373\353\030\315~""; previousledger: ""T\270\242(,&\233\326\374o\306[\235\317>\021e\005s\261\371l\216\017\003\032\017J\217\244W<""; "
1750587263866,1750587263866,1317,1,3,2,TMProposeSet,"proposeSeq: 0; currentTxHash: ""\000\000\000\000\000\000\000\000\000\000\000\000\000\000\000\000\000\000\000\000\000\000\000\000\000\000\000\000\000\000\000\000""; nodePubKey: ""\003\325Q\255\224\274R@\312\253\262\347\352\034\346\347\242\215,\312\376=\277\353{\350\225\301\305`^, ""; closeTime: 803902463; signature: ""0D\002 /|\270\002A\010\351\366Jn|\272{\364\211\203\0036\223\301\006\261f\355D\255:\003w}\263\036\002 .\311\030\001>\t4\244\352\020\376\344\004\023\017\323\233\325\3115Wj\204\230Z\244E\373\353\030\315~""; previousledger: ""T\270\242(,&\233\326\374o\306[\235\317>\021e\005s\261\371l\216\017\003\032\017J\217\244W<""; ","proposeSeq: 0; currentTxHash: ""\000\000\000\000\000\000\000\000\000\000\000\000\000\000\000\000\000\000\000\000\000\000\000\000\000\000\000\000\000\000\000\000""; nodePubKey: ""\003\325Q\255\224\274R@\312\253\262\347\352\034\346\347\242\215,\312\376=\277\353{\350\225\301\305`^, ""; closeTime: 803902463; signature: ""0D\002 /|\270\002A\010\351\366Jn|\272{\364\211\203\0036\223\301\006\261f\355D\255:\003w}\263\036\002 .\311\030\001>\t4\244\352\020\376\344\004\023\017\323\233\325\3115Wj\204\230Z\244E\373\353\030\315~""; previousledger: ""T\270\242(,&\233\326\374o\306[\235\317>\021e\005s\261\371l\216\017\003\032\017J\217\244W<""; "
1750587263748,1750587263945,1021,1,4,2,TMStatusChange,"newEvent: neCLOSING_LEDGER; ledgerSeq: 3; ledgerHash: ""T\270\242(,&\233\326\374o\306[\235\317>\021e\005s\261\371l\216\017\003\032\017J\217\244W<""; ledgerHashPrevious: ""\214.\207\210%\003 \010ML\347\200R\304&\320_\215\226\344\334\033\354\2002\255\216\332\317\255\034\017""; networkTime: 803902463; firstSeq: 1; lastSeq: 3; ","newEvent: neCLOSING_LEDGER; ledgerSeq: 3; ledgerHash: ""T\270\242(,&\233\326\374o\306[\235\317>\021e\005s\261\371l\216\017\003\032\017J\217\244W<""; ledgerHashPrevious: ""\214.\207\210%\003 \010ML\347\200R\304&\320_\215\226\344\334\033\354\2002\255\216\332\317\255\034\017""; networkTime: 803902463; firstSeq: 1; lastSeq: 3; "
1750587263750,1750587263945,3410,1,4,3,TMStatusChange,"newEvent: neCLOSING_LEDGER; ledgerSeq: 3; ledgerHash: ""T\270\242(,&\233\326\374o\306[\235\317>\021e\005s\261\371l\216\017\003\032\017J\217\244W<""; ledgerHashPrevious: ""\214.\207\210%\003 \010ML\347\200R\304&\320_\215\226\344\334\033\354\2002\255\216\332\317\255\034\017""; networkTime: 803902463; firstSeq: 1; lastSeq: 3; ","newEvent: neCLOSING_LEDGER; ledgerSeq: 3; ledgerHash: ""T\270\242(,&\233\326\374o\306[\235\317>\021e\005s\261\371l\216\017\003\032\017J\217\244W<""; ledgerHashPrevious: ""\214.\207\210%\003 \010ML\347\200R\304&\320_\215\226\344\334\033\354\2002\255\216\332\317\255\034\017""; networkTime: 803902463; firstSeq: 1; lastSeq: 3; "
1750587263751,1750587263945,1760,1,4,1,TMStatusChange,"newEvent: neCLOSING_LEDGER; ledgerSeq: 3; ledgerHash: ""T\270\242(,&\233\326\374o\306[\235\317>\021e\005s\261\371l\216\017\003\032\017J\217\244W<""; ledgerHashPrevious: ""\214.\207\210%\003 \010ML\347\200R\304&\320_\215\226\344\334\033\354\2002\255\216\332\317\255\034\017""; networkTime: 803902463; firstSeq: 1; lastSeq: 3; ","newEvent: neCLOSING_LEDGER; ledgerSeq: 3; ledgerHash: ""T\270\242(,&\233\326\374o\306[\235\317>\021e\005s\261\371l\216\017\003\032\017J\217\244W<""; ledgerHashPrevious: ""\214.\207\210%\003 \010ML\347\200R\304&\320_\215\226\344\334\033\354\2002\255\216\332\317\255\034\017""; networkTime: 803902463; firstSeq: 1; lastSeq: 3; "
1750587263751,1750587263946,1548,1,4,0,TMStatusChange,"newEvent: neCLOSING_LEDGER; ledgerSeq: 3; ledgerHash: ""T\270\242(,&\233\326\374o\306[\235\317>\021e\005s\261\371l\216\017\003\032\017J\217\244W<""; ledgerHashPrevious: ""\214.\207\210%\003 \010ML\347\200R\304&\320_\215\226\344\334\033\354\2002\255\216\332\317\255\034\017""; networkTime: 803902463; firstSeq: 1; lastSeq: 3; ","newEvent: neCLOSING_LEDGER; ledgerSeq: 3; ledgerHash: ""T\270\242(,&\233\326\374o\306[\235\317>\021e\005s\261\371l\216\017\003\032\017J\217\244W<""; ledgerHashPrevious: ""\214.\207\210%\003 \010ML\347\200R\304&\320_\215\226\344\334\033\354\2002\255\216\332\317\255\034\017""; networkTime: 803902463; firstSeq: 1; lastSeq: 3; "
1750587264077,1750587264078,3989,1,2,3,TMValidation,"validation: """"\200\000\000\001&\000\000\000\003)/\352\223\376:?HT\314/\177\320^QT\270\242(,&\233\326\374o\306[\235\317>\021e\005s\261\371l\216\017\003\032\017J\217\244W<P\027\000\000\000\000\000\000\000\000\000\000\000\000\000\000\000\000\000\000\000\000\000\000\000\000\000\000\000\000\000\000\000\000P\031-}\351f\032\255\274\334m\326c\017\014ao[\342\230\003\245\245\3341Hm\326^\017jy\335\261s!\003\343\005\311u\203\370\0338\3174\324\010\006\301\251\177\261\304eOX\262)FA-\022r\263wm\024vG0E\002!\000\325\372\350\343\177;\342+\266A\230\272\023N\014R\021\342kV""\376\233\334\254\347\322\362\026a\3627\002 [\244\334v""\313\014\24601\210\260\326fvF'9M2\215\210\226Y\201\240\307\357\016,\241\343""; ","validation: """"\200\000\000\001&\000\000\000\003)/\352\223\376:?HT\314/\177\320^QT\270\242(,&\233\326\374o\306[\235\317>\021e\005s\261\371l\216\017\003\032\017J\217\244W<P\027\000\000\000\000\000\000\000\000\000\000\000\000\000\000\000\000\000\000\000\000\000\000\000\000\000\000\000\000\000\000\000\000P\031-}\351f\032\255\274\334m\326c\017\014ao[\342\230\003\245\245\3341Hm\326^\017jy\335\261s!\003\343\005\311u\203\370\0338\3174\324\010\006\301\251\177\261\304eOX\262)FA-\022r\263wm\024vG0E\002!\000\325\372\350\343\177;\342+\266A\230\272\023N\014R\021\342kV""\376\233\334\254\347\322\362\026a\3627\002 [\244\334v""\313\014\24601\210\260\326fvF'9M2\215\210\226Y\201\240\307\357\016,\241\343""; "
1750587264078,1750587264078,1036,1,2,4,TMValidation,"validation: """"\200\000\000\001&\000\000\000\003)/\352\223\376:?HT\314/\177\320^QT\270\242(,&\233\326\374o\306[\235\317>\021e\005s\261\371l\216\017\003\032\017J\217\244W<P\027\000\000\000\000\000\000\000\000\000\000\000\000\000\000\000\000\000\000\000\000\000\000\000\000\000\000\000\000\000\000\000\000P\031-}\351f\032\255\274\334m\326c\017\014ao[\342\230\003\245\245\3341Hm\326^\017jy\335\261s!\003\343\005\311u\203\370\0338\3174\324\010\006\301\251\177\261\304eOX\262)FA-\022r\263wm\024vG0E\002!\000\325\372\350\343\177;\342+\266A\230\272\023N\014R\021\342kV""\376\233\334\254\347\322\362\026a\3627\002 [\244\334v""\313\014\24601\210\260\326fvF'9M2\215\210\226Y\201\240\307\357\016,\241\343""; ","validation: """"\200\000\000\001&\000\000\000\003)/\352\223\376:?HT\314/\177\320^QT\270\242(,&\233\326\374o\306[\235\317>\021e\005s\261\371l\216\017\003\032\017J\217\244W<P\027\000\000\000\000\000\000\000\000\000\000\000\000\000\000\000\000\000\000\000\000\000\000\000\000\000\000\000\000\000\000\000\000P\031-}\351f\032\255\274\334m\326c\017\014ao[\342\230\003\245\245\3341Hm\326^\017jy\335\261s!\003\343\005\311u\203\370\0338\3174\324\010\006\301\251\177\261\304eOX\262)FA-\022r\263wm\024vG0E\002!\000\325\372\350\343\177;\342+\266A\230\272\023N\014R\021\342kV""\376\233\334\254\347\322\362\026a\3627\002 [\244\334v""\313\014\24601\210\260\326fvF'9M2\215\210\226Y\201\240\307\357\016,\241\343""; "
1750587264079,1750587264079,3488,1,2,0,TMValidation,"validation: """"\200\000\000\001&\000\000\000\003)/\352\223\376:?HT\314/\177\320^QT\270\242(,&\233\326\374o\306[\235\317>\021e\005s\261\371l\216\017\003\032\017J\217\244W<P\027\000\000\000\000\000\000\000\000\000\000\000\000\000\000\000\000\000\000\000\000\000\000\000\000\000\000\000\000\000\000\000\000P\031-}\351f\032\255\274\334m\326c\017\014ao[\342\230\003\245\245\3341Hm\326^\017jy\335\261s!\003\343\005\311u\203\370\0338\3174\324\010\006\301\251\177\261\304eOX\262)FA-\022r\263wm\024vG0E\002!\000\325\372\350\343\177;\342+\266A\230\272\023N\014R\021\342kV""\376\233\334\254\347\322\362\026a\3627\002 [\244\334v""\313\014\24601\210\260\326fvF'9M2\215\210\226Y\201\240\307\357\016,\241\343""; ","validation: """"\200\000\000\001&\000\000\000\003)/\352\223\376:?HT\314/\177\320^QT\270\242(,&\233\326\374o\306[\235\317>\021e\005s\261\371l\216\017\003\032\017J\217\244W<P\027\000\000\000\000\000\000\000\000\000\000\000\000\000\000\000\000\000\000\000\000\000\000\000\000\000\000\000\000\000\000\000\000P\031-}\351f\032\255\274\334m\326c\017\014ao[\342\230\003\245\245\3341Hm\326^\017jy\335\261s!\003\343\005\311u\203\370\0338\3174\324\010\006\301\251\177\261\304eOX\262)FA-\022r\263wm\024vG0E\002!\000\325\372\350\343\177;\342+\266A\230\272\023N\014R\021\342kV""\376\233\334\254\347\322\362\026a\3627\002 [\244\334v""\313\014\24601\210\260\326fvF'9M2\215\210\226Y\201\240\307\357\016,\241\343""; "
1750587264108,1750587264108,2573,1,3,1,TMValidation,"validation: """"\200\000\000\001&\000\000\000\003)/\352\223\376:v|\203\267)\257\206\032QT\270\242(,&\233\326\374o\306[\235\317>\021e\005s\261\371l\216\017\003\032\017J\217\244W<P\027\000\000\000\000\000\000\000\000\000\000\000\000\000\000\000\000\000\000\000\000\000\000\000\000\000\000\000\000\000\000\000\000P\031-}\351f\032\255\274\334m\326c\017\014ao[\342\230\003\245\245\3341Hm\326^\017jy\335\261s!\003.\200\224\215?)t\306\315\242\313\251\255\302\204=\232.\271%}\013\024s\024\002@\216l""\241FvF0D\002 $\001\206\263\325\177\t\232\201\177\t\246\027;#l\367\374\275v\247J\007C\364\216P:\325g\251\250\002 7\366\304Q\241\247\324\t\007\2641$'\250\265\217\321+\341\341dC\021] 7\244*\177\210z\231""; ","validation: """"\200\000\000\001&\000\000\000\003)/\352\223\376:v|\203\267)\257\206\032QT\270\242(,&\233\326\374o\306[\235\317>\021e\005s\261\371l\216\017\003\032\017J\217\244W<P\027\000\000\000\000\000\000\000\000\000\000\000\000\000\000\000\000\000\000\000\000\000\000\000\000\000\000\000\000\000\000\000\000P\031-}\351f\032\255\274\334m\326c\017\014ao[\342\230\003\245\245\3341Hm\326^\017jy\335\261s!\003.\200\224\215?)t\306\315\242\313\251\255\302\204=\232.\271%}\013\024s\024\002@\216l""\241FvF0D\002 $\001\206\263\325\177\t\232\201\177\t\246\027;#l\367\374\275v\247J\007C\364\216P:\325g\251\250\002 7\366\304Q\241\247\324\t\007\2641$'\250\265\217\321+\341\341dC\021] 7\244*\177\210z\231""; "
1750587264109,1750587264109,3767,1,3,0,TMValidation,"validation: """"\200\000\000\001&\000\000\000\003)/\352\223\376:v|\203\267)\257\206\032QT\270\242(,&\233\326\374o\306[\235\317>\021e\005s\261\371l\216\017\003\032\017J\217\244W<P\027\000\000\000\000\000\000\000\000\000\000\000\000\000\000\000\000\000\000\000\000\000\000\000\000\000\000\000\000\000\000\000\000P\031-}\351f\032\255\274\334m\326c\017\014ao[\342\230\003\245\245\3341Hm\326^\017jy\335\261s!\003.\200\224\215?)t\306\315\242\313\251\255\302\204=\232.\271%}\013\024s\024\002@\216l""\241FvF0D\002 $\001\206\263\325\177\t\232\201\177\t\246\027;#l\367\374\275v\247J\007C\364\216P:\325g\251\250\002 7\366\304Q\241\247\324\t\007\2641$'\250\265\217\321+\341\341dC\021] 7\244*\177\210z\231""; ","validation: """"\200\000\000\001&\000\000\000\003)/\352\223\376:v|\203\267)\257\206\032QT\270\242(,&\233\326\374o\306[\235\317>\021e\005s\261\371l\216\017\003\032\017J\217\244W<P\027\000\000\000\000\000\000\000\000\000\000\000\000\000\000\000\000\000\000\000\000\000\000\000\000\000\000\000\000\000\000\000\000P\031-}\351f\032\255\274\334m\326c\017\014ao[\342\230\003\245\245\3341Hm\326^\017jy\335\261s!\003.\200\224\215?)t\306\315\242\313\251\255\302\204=\232.\271%}\013\024s\024\002@\216l""\241FvF0D\002 $\001\206\263\325\177\t\232\201\177\t\246\027;#l\367\374\275v\247J\007C\364\216P:\325g\251\250\002 7\366\304Q\241\247\324\t\007\2641$'\250\265\217\321+\341\341dC\021] 7\244*\177\210z\231""; "
1750587264108,1750587264108,734,1,3,2,TMValidation,"validation: """"\200\000\000\001&\000\000\000\003)/\352\223\376:v|\203\267)\257\206\032QT\270\242(,&\233\326\374o\306[\235\317>\021e\005s\261\371l\216\017\003\032\017J\217\244W<P\027\000\000\000\000\000\000\000\000\000\000\000\000\000\000\000\000\000\000\000\000\000\000\000\000\000\000\000\000\000\000\000\000P\031-}\351f\032\255\274\334m\326c\017\014ao[\342\230\003\245\245\3341Hm\326^\017jy\335\261s!\003.\200\224\215?)t\306\315\242\313\251\255\302\204=\232.\271%}\013\024s\024\002@\216l""\241FvF0D\002 $\001\206\263\325\177\t\232\201\177\t\246\027;#l\367\374\275v\247J\007C\364\216P:\325g\251\250\002 7\366\304Q\241\247\324\t\007\2641$'\250\265\217\321+\341\341dC\021] 7\244*\177\210z\231""; ","validation: """"\200\000\000\001&\000\000\000\003)/\352\223\376:v|\203\267)\257\206\032QT\270\242(,&\233\326\374o\306[\235\317>\021e\005s\261\371l\216\017\003\032\017J\217\244W<P\027\000\000\000\000\000\000\000\000\000\000\000\000\000\000\000\000\000\000\000\000\000\000\000\000\000\000\000\000\000\000\000\000P\031-}\351f\032\255\274\334m\326c\017\014ao[\342\230\003\245\245\3341Hm\326^\017jy\335\261s!\003.\200\224\215?)t\306\315\242\313\251\255\302\204=\232.\271%}\013\024s\024\002@\216l""\241FvF0D\002 $\001\206\263\325\177\t\232\201\177\t\246\027;#l\367\374\275v\247J\007C\364\216P:\325g\251\250\002 7\366\304Q\241\247\324\t\007\2641$'\250\265\217\321+\341\341dC\021] 7\244*\177\210z\231""; "
1750587264155,1750587264156,1777,1,1,3,TMTransaction,"rawTransaction: ""\022\000\000""\000\000\000\000$\000\000\000\001 \033\000\000\000\027a@\000\000\027H\206*@h@\000\000\000\000\000\000\ns!\0030\347\374\235V\273%\326\211;\243\363\027\256[\3173\263)\033\326=\263&T\243\023""/\177\320 tF0D\002 0\023\341\332; \2711\245\020\321\3300\345\267-)\230\177\246\236AQ\327\203\207H\226+\000%\336\002 \024\036\211\237\201t\376\272E\270\230\020\334\014\356g\273\025((\376\266\216@ \254^2T\233\013\034\201\024\265\367by\212S\325C\240\024\312\370\262\227\317\370\362\3717\350\203\024E0\246\210\344\325\345r\024T\251\006P\255\352\333\372\351\337\302""; status: tsCURRENT; receiveTimestamp: 803902464; deferred: false; ","rawTransaction: ""\022\000\000""\000\000\000\000$\000\000\000\001 \033\000\000\000\027a@\000\000\027H\206*@h@\000\000\000\000\000\000\ns!\0030\347\374\235V\273%\326\211;\243\363\027\256[\3173\263)\033\326=\263&T\243\023""/\177\320 tF0D\002 0\023\341\332; \2711\245\020\321\3300\345\267-)\230\177\246\236AQ\327\203\207H\226+\000%\336\002 \024\036\211\237\201t\376\272E\270\230\020\334\014\356g\273\025((\376\266\216@ \254^2T\233\013\034\201\024\265\367by\212S\325C\240\024\312\370\262\227\317\370\362\3717\350\203\024E0\246\210\344\325\345r\024T\251\006P\255\352\333\372\351\337\302""; status: tsCURRENT; receiveTimestamp: 803902464; deferred: false; "
1750587264155,1750587264156,2839,1,1,4,TMTransaction,"rawTransaction: ""\022\000\000""\000\000\000\000$\000\000\000\001 \033\000\000\000\027a@\000\000\027H\206*@h@\000\000\000\000\000\000\ns!\0030\347\374\235V\273%\326\211;\243\363\027\256[\3173\263)\033\326=\263&T\243\023""/\177\320 tF0D\002 0\023\341\332; \2711\245\020\321\3300\345\267-)\230\177\246\236AQ\327\203\207H\226+\000%\336\002 \024\036\211\237\201t\376\272E\270\230\020\334\014\356g\273\025((\376\266\216@ \254^2T\233\013\034\201\024\265\367by\212S\325C\240\024\312\370\262\227\317\370\362\3717\350\203\024E0\246\210\344\325\345r\024T\251\006P\255\352\333\372\351\337\302""; status: tsCURRENT; receiveTimestamp: 803902464; deferred: false; ","rawTransaction: ""\022\000\000""\000\000\000\000$\000\000\000\001 \033\000\000\000\027a@\000\000\027H\206*@h@\000\000\000\000\000\000\ns!\0030\347\374\235V\273%\326\211;\243\363\027\256[\3173\263)\033\326=\263&T\243\023""/\177\320 tF0D\002 0\023\341\332; \2711\245\020\321\3300\345\267-)\230\177\246\236AQ\327\203\207H\226+\000%\336\002 \024\036\211\237\201t\376\272E\270\230\020\334\014\356g\273\025((\376\266\216@ \254^2T\233\013\034\201\024\265\367by\212S\325C\240\024\312\370\262\227\317\370\362\3717\350\203\024E0\246\210\344\325\345r\024T\251\006P\255\352\333\372\351\337\302""; status: tsCURRENT; receiveTimestamp: 803902464; deferred: false; "
1750587264155,1750587264157,2561,1,1,2,TMTransaction,"rawTransaction: ""\022\000\000""\000\000\000\000$\000\000\000\001 \033\000\000\000\027a@\000\000\027H\206*@h@\000\000\000\000\000\000\ns!\0030\347\374\235V\273%\326\211;\243\363\027\256[\3173\263)\033\326=\263&T\243\023""/\177\320 tF0D\002 0\023\341\332; \2711\245\020\321\3300\345\267-)\230\177\246\236AQ\327\203\207H\226+\000%\336\002 \024\036\211\237\201t\376\272E\270\230\020\334\014\356g\273\025((\376\266\216@ \254^2T\233\013\034\201\024\265\367by\212S\325C\240\024\312\370\262\227\317\370\362\3717\350\203\024E0\246\210\344\325\345r\024T\251\006P\255\352\333\372\351\337\302""; status: tsCURRENT; receiveTimestamp: 803902464; deferred: false; ","rawTransaction: ""\022\000\000""\000\000\000\000$\000\000\000\001 \033\000\000\000\027a@\000\000\027H\206*@h@\000\000\000\000\000\000\ns!\0030\347\374\235V\273%\326\211;\243\363\027\256[\3173\263)\033\326=\263&T\243\023""/\177\320 tF0D\002 0\023\341\332; \2711\245\020\321\3300\345\267-)\230\177\246\236AQ\327\203\207H\226+\000%\336\002 \024\036\211\237\201t\376\272E\270\230\020\334\014\356g\273\025((\376\266\216@ \254^2T\233\013\034\201\024\265\367by\212S\325C\240\024\312\370\262\227\317\370\362\3717\350\203\024E0\246\210\344\325\345r\024T\251\006P\255\352\333\372\351\337\302""; status: tsCURRENT; receiveTimestamp: 803902464; deferred: false; "
1750587264156,1750587264158,1343,1,1,0,TMTransaction,"rawTransaction: ""\022\000\000""\000\000\000\000$\000\000\000\001 \033\000\000\000\027a@\000\000\027H\206*@h@\000\000\000\000\000\000\ns!\0030\347\374\235V\273%\326\211;\243\363\027\256[\3173\263)\033\326=\263&T\243\023""/\177\320 tF0D\002 0\023\341\332; \2711\245\020\321\3300\345\267-)\230\177\246\236AQ\327\203\207H\226+\000%\336\002 \024\036\211\237\201t\376\272E\270\230\020\334\014\356g\273\025((\376\266\216@ \254^2T\233\013\034\201\024\265\367by\212S\325C\240\024\312\370\262\227\317\370\362\3717\350\203\024E0\246\210\344\325\345r\024T\251\006P\255\352\333\372\351\337\302""; status: tsCURRENT; receiveTimestamp: 803902464; deferred: false; ","rawTransaction: ""\022\000\000""\000\000\000\000$\000\000\000\001 \033\000\000\000\027a@\000\000\027H\206*@h@\000\000\000\000\000\000\ns!\0030\347\374\235V\273%\326\211;\243\363\027\256[\3173\263)\033\326=\263&T\243\023""/\177\320 tF0D\002 0\023\341\332; \2711\245\020\321\3300\345\267-)\230\177\246\236AQ\327\203\207H\226+\000%\336\002 \024\036\211\237\201t\376\272E\270\230\020\334\014\356g\273\025((\376\266\216@ \254^2T\233\013\034\201\024\265\367by\212S\325C\240\024\312\370\262\227\317\370\362\3717\350\203\024E0\246\210\344\325\345r\024T\251\006P\255\352\333\372\351\337\302""; status: tsCURRENT; receiveTimestamp: 803902464; deferred: false; "
1750587263863,1750587264180,854,1,3,2,TMStatusChange,"newEvent: neCLOSING_LEDGER; ledgerSeq: 3; ledgerHash: ""T\270\242(,&\233\326\374o\306[\235\317>\021e\005s\261\371l\216\017\003\032\017J\217\244W<""; ledgerHashPrevious: ""\214.\207\210%\003 \010ML\347\200R\304&\320_\215\226\344\334\033\354\2002\255\216\332\317\255\034\017""; networkTime: 803902463; firstSeq: 1; lastSeq: 3; ","newEvent: neCLOSING_LEDGER; ledgerSeq: 3; ledgerHash: ""T\270\242(,&\233\326\374o\306[\235\317>\021e\005s\261\371l\216\017\003\032\017J\217\244W<""; ledgerHashPrevious: ""\214.\207\210%\003 \010ML\347\200R\304&\320_\215\226\344\334\033\354\2002\255\216\332\317\255\034\017""; networkTime: 803902463; firstSeq: 1; lastSeq: 3; "
1750587263865,1750587264180,1393,1,3,0,TMStatusChange,"newEvent: neCLOSING_LEDGER; ledgerSeq: 3; ledgerHash: ""T\270\242(,&\233\326\374o\306[\235\317>\021e\005s\261\371l\216\017\003\032\017J\217\244W<""; ledgerHashPrevious: ""\214.\207\210%\003 \010ML\347\200R\304&\320_\215\226\344\334\033\354\2002\255\216\332\317\255\034\017""; networkTime: 803902463; firstSeq: 1; lastSeq: 3; ","newEvent: neCLOSING_LEDGER; ledgerSeq: 3; ledgerHash: ""T\270\242(,&\233\326\374o\306[\235\317>\021e\005s\261\371l\216\017\003\032\017J\217\244W<""; ledgerHashPrevious: ""\214.\207\210%\003 \010ML\347\200R\304&\320_\215\226\344\334\033\354\2002\255\216\332\317\255\034\017""; networkTime: 803902463; firstSeq: 1; lastSeq: 3; "
1750587263864,1750587264180,972,1,3,4,TMStatusChange,"newEvent: neCLOSING_LEDGER; ledgerSeq: 3; ledgerHash: ""T\270\242(,&\233\326\374o\306[\235\317>\021e\005s\261\371l\216\017\003\032\017J\217\244W<""; ledgerHashPrevious: ""\214.\207\210%\003 \010ML\347\200R\304&\320_\215\226\344\334\033\354\2002\255\216\332\317\255\034\017""; networkTime: 803902463; firstSeq: 1; lastSeq: 3; ","newEvent: neCLOSING_LEDGER; ledgerSeq: 3; ledgerHash: ""T\270\242(,&\233\326\374o\306[\235\317>\021e\005s\261\371l\216\017\003\032\017J\217\244W<""; ledgerHashPrevious: ""\214.\207\210%\003 \010ML\347\200R\304&\320_\215\226\344\334\033\354\2002\255\216\332\317\255\034\017""; networkTime: 803902463; firstSeq: 1; lastSeq: 3; "
1750587263865,1750587264180,1591,1,3,1,TMStatusChange,"newEvent: neCLOSING_LEDGER; ledgerSeq: 3; ledgerHash: ""T\270\242(,&\233\326\374o\306[\235\317>\021e\005s\261\371l\216\017\003\032\017J\217\244W<""; ledgerHashPrevious: ""\214.\207\210%\003 \010ML\347\200R\304&\320_\215\226\344\334\033\354\2002\255\216\332\317\255\034\017""; networkTime: 803902463; firstSeq: 1; lastSeq: 3; ","newEvent: neCLOSING_LEDGER; ledgerSeq: 3; ledgerHash: ""T\270\242(,&\233\326\374o\306[\235\317>\021e\005s\261\371l\216\017\003\032\017J\217\244W<""; ledgerHashPrevious: ""\214.\207\210%\003 \010ML\347\200R\304&\320_\215\226\344\334\033\354\2002\255\216\332\317\255\034\017""; networkTime: 803902463; firstSeq: 1; lastSeq: 3; "
1750587264239,1750587264239,3989,1,2,3,TMValidation,"validation: """"\200\000\000\001&\000\000\000\003)/\352\223\376:I\203w\200\211\SGQT\270\242(,&\233\326\374o\306[\235\317>\021e\005s\261\371l\216\017\003\032\017J\217\244W<P\027\000\000\000\000\000\000\000\000\000\000\000\000\000\000\000\000\000\000\000\000\000\000\000\000\000\000\000\000\000\000\000\000P\031-}\351f\032\255\274\334m\326c\017\014ao[\342\230\003\245\245\3341Hm\326^\017jy\335\261s!\002\347\243J\206W\025ML\260\226\0163\217\250\337\325W\253\356*O\245Z\271\234\207C\274\375`\335\311vG0E\002!\000\335(F&gh\344p\260\367\252\024-\356EC\227 {\023\031\255\360;\247\305m\245\253\0102\234\002 m\226\3464\000\350.\3777>\277\351\260\205`\031\322H\32196B\317hc\020\230I\2201W\355""; ","validation: """"\200\000\000\001&\000\000\000\003)/\352\223\376:I\203w\200\211\SGQT\270\242(,&\233\326\374o\306[\235\317>\021e\005s\261\371l\216\017\003\032\017J\217\244W<P\027\000\000\000\000\000\000\000\000\000\000\000\000\000\000\000\000\000\000\000\000\000\000\000\000\000\000\000\000\000\000\000\000P\031-}\351f\032\255\274\334m\326c\017\014ao[\342\230\003\245\245\3341Hm\326^\017jy\335\261s!\002\347\243J\206W\025ML\260\226\0163\217\250\337\325W\253\356*O\245Z\271\234\207C\274\375`\335\311vG0E\002!\000\335(F&gh\344p\260\367\252\024-\356EC\227 {\023\031\255\360;\247\305m\245\253\0102\234\002 m\226\3464\000\350.\3777>\277\351\260\205`\031\322H\32196B\317hc\020\230I\2201W\355""; "
1750587264239,1750587264240,1094,1,2,1,TMValidation,"validation: """"\200\000\000\001&\000\000\000\003)/\352\223\376:I\203w\200\211\SGQT\270\242(,&\233\326\374o\306[\235\317>\021e\005s\261\371l\216\017\003\032\017J\217\244W<P\027\000\000\000\000\000\000\000\000\000\000\000\000\000\000\000\000\000\000\000\000\000\000\000\000\000\000\000\000\000\000\000\000P\031-}\351f\032\255\274\334m\326c\017\014ao[\342\230\003\245\245\3341Hm\326^\017jy\335\261s!\002\347\243J\206W\025ML\260\226\0163\217\250\337\325W\253\356*O\245Z\271\234\207C\274\375`\335\311vG0E\002!\000\335(F&gh\344p\260\367\252\024-\356EC\227 {\023\031\255\360;\247\305m\245\253\0102\234\002 m\226\3464\000\350.\3777>\277\351\260\205`\031\322H\32196B\317hc\020\230I\2201W\355""; ","validation: """"\200\000\000\001&\000\000\000\003)/\352\223\376:I\203w\200\211\SGQT\270\242(,&\233\326\374o\306[\235\317>\021e\005s\261\371l\216\017\003\032\017J\217\244W<P\027\000\000\000\000\000\000\000\000\000\000\000\000\000\000\000\000\000\000\000\000\000\000\000\000\000\000\000\000\000\000\000\000P\031-}\351f\032\255\274\334m\326c\017\014ao[\342\230\003\245\245\3341Hm\326^\017jy\335\261s!\002\347\243J\206W\025ML\260\226\0163\217\250\337\325W\253\356*O\245Z\271\234\207C\274\375`\335\311vG0E\002!\000\335(F&gh\344p\260\367\252\024-\356EC\227 {\023\031\255\360;\247\305m\245\253\0102\234\002 m\226\3464\000\350.\3777>\277\351\260\205`\031\322H\32196B\317hc\020\230I\2201W\355""; "
1750587264240,1750587264240,3488,1,2,0,TMValidation,"validation: """"\200\000\000\001&\000\000\000\003)/\352\223\376:I\203w\200\211\SGQT\270\242(,&\233\326\374o\306[\235\317>\021e\005s\261\371l\216\017\003\032\017J\217\244W<P\027\000\000\000\000\000\000\000\000\000\000\000\000\000\000\000\000\000\000\000\000\000\000\000\000\000\000\000\000\000\000\000\000P\031-}\351f\032\255\274\334m\326c\017\014ao[\342\230\003\245\245\3341Hm\326^\017jy\335\261s!\002\347\243J\206W\025ML\260\226\0163\217\250\337\325W\253\356*O\245Z\271\234\207C\274\375`\335\311vG0E\002!\000\335(F&gh\344p\260\367\252\024-\356EC\227 {\023\031\255\360;\247\305m\245\253\0102\234\002 m\226\3464\000\350.\3777>\277\351\260\205`\031\322H\32196B\317hc\020\230I\2201W\355""; ","validation: """"\200\000\000\001&\000\000\000\003)/\352\223\376:I\203w\200\211\SGQT\270\242(,&\233\326\374o\306[\235\317>\021e\005s\261\371l\216\017\003\032\017J\217\244W<P\027\000\000\000\000\000\000\000\000\000\000\000\000\000\000\000\000\000\000\000\000\000\000\000\000\000\000\000\000\000\000\000\000P\031-}\351f\032\255\274\334m\326c\017\014ao[\342\230\003\245\245\3341Hm\326^\017jy\335\261s!\002\347\243J\206W\025ML\260\226\0163\217\250\337\325W\253\356*O\245Z\271\234\207C\274\375`\335\311vG0E\002!\000\335(F&gh\344p\260\367\252\024-\356EC\227 {\023\031\255\360;\247\305m\245\253\0102\234\002 m\226\3464\000\350.\3777>\277\351\260\205`\031\322H\32196B\317hc\020\230I\2201W\355""; "
1750587264290,1750587264290,1939,1,1,4,TMValidation,"validation: """"\200\000\000\001&\000\000\000\003)/\352\223\376:v|\203\267)\257\206\032QT\270\242(,&\233\326\374o\306[\235\317>\021e\005s\261\371l\216\017\003\032\017J\217\244W<P\027\000\000\000\000\000\000\000\000\000\000\000\000\000\000\000\000\000\000\000\000\000\000\000\000\000\000\000\000\000\000\000\000P\031-}\351f\032\255\274\334m\326c\017\014ao[\342\230\003\245\245\3341Hm\326^\017jy\335\261s!\003.\200\224\215?)t\306\315\242\313\251\255\302\204=\232.\271%}\013\024s\024\002@\216l""\241FvF0D\002 $\001\206\263\325\177\t\232\201\177\t\246\027;#l\367\374\275v\247J\007C\364\216P:\325g\251\250\002 7\366\304Q\241\247\324\t\007\2641$'\250\265\217\321+\341\341dC\021] 7\244*\177\210z\231""; ","validation: """"\200\000\000\001&\000\000\000\003)/\352\223\376:v|\203\267)\257\206\032QT\270\242(,&\233\326\374o\306[\235\317>\021e\005s\261\371l\216\017\003\032\017J\217\244W<P\027\000\000\000\000\000\000\000\000\000\000\000\000\000\000\000\000\000\000\000\000\000\000\000\000\000\000\000\000\000\000\000\000P\031-}\351f\032\255\274\334m\326c\017\014ao[\342\230\003\245\245\3341Hm\326^\017jy\335\261s!\003.\200\224\215?)t\306\315\242\313\251\255\302\204=\232.\271%}\013\024s\024\002@\216l""\241FvF0D\002 $\001\206\263\325\177\t\232\201\177\t\246\027;#l\367\374\275v\247J\007C\364\216P:\325g\251\250\002 7\366\304Q\241\247\324\t\007\2641$'\250\265\217\321+\341\341dC\021] 7\244*\177\210z\231""; "
1750587264291,1750587264291,1289,1,1,3,TMValidation,"validation: """"\200\000\000\001&\000\000\000\003)/\352\223\376:v|\203\267)\257\206\032QT\270\242(,&\233\326\374o\306[\235\317>\021e\005s\261\371l\216\017\003\032\017J\217\244W<P\027\000\000\000\000\000\000\000\000\000\000\000\000\000\000\000\000\000\000\000\000\000\000\000\000\000\000\000\000\000\000\000\000P\031-}\351f\032\255\274\334m\326c\017\014ao[\342\230\003\245\245\3341Hm\326^\017jy\335\261s!\003.\200\224\215?)t\306\315\242\313\251\255\302\204=\232.\271%}\013\024s\024\002@\216l""\241FvF0D\002 $\001\206\263\325\177\t\232\201\177\t\246\027;#l\367\374\275v\247J\007C\364\216P:\325g\251\250\002 7\366\304Q\241\247\324\t\007\2641$'\250\265\217\321+\341\341dC\021] 7\244*\177\210z\231""; ","validation: """"\200\000\000\001&\000\000\000\003)/\352\223\376:v|\203\267)\257\206\032QT\270\242(,&\233\326\374o\306[\235\317>\021e\005s\261\371l\216\017\003\032\017J\217\244W<P\027\000\000\000\000\000\000\000\000\000\000\000\000\000\000\000\000\000\000\000\000\000\000\000\000\000\000\000\000\000\000\000\000P\031-}\351f\032\255\274\334m\326c\017\014ao[\342\230\003\245\245\3341Hm\326^\017jy\335\261s!\003.\200\224\215?)t\306\315\242\313\251\255\302\204=\232.\271%}\013\024s\024\002@\216l""\241FvF0D\002 $\001\206\263\325\177\t\232\201\177\t\246\027;#l\367\374\275v\247J\007C\364\216P:\325g\251\250\002 7\366\304Q\241\247\324\t\007\2641$'\250\265\217\321+\341\341dC\021] 7\244*\177\210z\231""; "
1750587264291,1750587264291,3090,1,1,0,TMValidation,"validation: """"\200\000\000\001&\000\000\000\003)/\352\223\376:v|\203\267)\257\206\032QT\270\242(,&\233\326\374o\306[\235\317>\021e\005s\261\371l\216\017\003\032\017J\217\244W<P\027\000\000\000\000\000\000\000\000\000\000\000\000\000\000\000\000\000\000\000\000\000\000\000\000\000\000\000\000\000\000\000\000P\031-}\351f\032\255\274\334m\326c\017\014ao[\342\230\003\245\245\3341Hm\326^\017jy\335\261s!\003.\200\224\215?)t\306\315\242\313\251\255\302\204=\232.\271%}\013\024s\024\002@\216l""\241FvF0D\002 $\001\206\263\325\177\t\232\201\177\t\246\027;#l\367\374\275v\247J\007C\364\216P:\325g\251\250\002 7\366\304Q\241\247\324\t\007\2641$'\250\265\217\321+\341\341dC\021] 7\244*\177\210z\231""; ","validation: """"\200\000\000\001&\000\000\000\003)/\352\223\376:v|\203\267)\257\206\032QT\270\242(,&\233\326\374o\306[\235\317>\021e\005s\261\371l\216\017\003\032\017J\217\244W<P\027\000\000\000\000\000\000\000\000\000\000\000\000\000\000\000\000\000\000\000\000\000\000\000\000\000\000\000\000\000\000\000\000P\031-}\351f\032\255\274\334m\326c\017\014ao[\342\230\003\245\245\3341Hm\326^\017jy\335\261s!\003.\200\224\215?)t\306\315\242\313\251\255\302\204=\232.\271%}\013\024s\024\002@\216l""\241FvF0D\002 $\001\206\263\325\177\t\232\201\177\t\246\027;#l\367\374\275v\247J\007C\364\216P:\325g\251\250\002 7\366\304Q\241\247\324\t\007\2641$'\250\265\217\321+\341\341dC\021] 7\244*\177\210z\231""; "
1750587264309,1750587264309,1290,1,0,2,TMProposeSet,"proposeSeq: 0; currentTxHash: ""\000\000\000\000\000\000\000\000\000\000\000\000\000\000\000\000\000\000\000\000\000\000\000\000\000\000\000\000\000\000\000\000""; nodePubKey: ""\003\325Q\255\224\274R@\312\253\262\347\352\034\346\347\242\215,\312\376=\277\353{\350\225\301\305`^, ""; closeTime: 803902463; signature: ""0D\002 /|\270\002A\010\351\366Jn|\272{\364\211\203\0036\223\301\006\261f\355D\255:\003w}\263\036\002 .\311\030\001>\t4\244\352\020\376\344\004\023\017\323\233\325\3115Wj\204\230Z\244E\373\353\030\315~""; previousledger: ""T\270\242(,&\233\326\374o\306[\235\317>\021e\005s\261\371l\216\017\003\032\017J\217\244W<""; ","proposeSeq: 0; currentTxHash: ""\000\000\000\000\000\000\000\000\000\000\000\000\000\000\000\000\000\000\000\000\000\000\000\000\000\000\000\000\000\000\000\000""; nodePubKey: ""\003\325Q\255\224\274R@\312\253\262\347\352\034\346\347\242\215,\312\376=\277\353{\350\225\301\305`^, ""; closeTime: 803902463; signature: ""0D\002 /|\270\002A\010\351\366Jn|\272{\364\211\203\0036\223\301\006\261f\355D\255:\003w}\263\036\002 .\311\030\001>\t4\244\352\020\376\344\004\023\017\323\233\325\3115Wj\204\230Z\244E\373\353\030\315~""; previousledger: ""T\270\242(,&\233\326\374o\306[\235\317>\021e\005s\261\371l\216\017\003\032\017J\217\244W<""; "
1750587264310,1750587264310,190,1,0,1,TMProposeSet,"proposeSeq: 0; currentTxHash: ""\000\000\000\000\000\000\000\000\000\000\000\000\000\000\000\000\000\000\000\000\000\000\000\000\000\000\000\000\000\000\000\000""; nodePubKey: ""\003\325Q\255\224\274R@\312\253\262\347\352\034\346\347\242\215,\312\376=\277\353{\350\225\301\305`^, ""; closeTime: 803902463; signature: ""0D\002 /|\270\002A\010\351\366Jn|\272{\364\211\203\0036\223\301\006\261f\355D\255:\003w}\263\036\002 .\311\030\001>\t4\244\352\020\376\344\004\023\017\323\233\325\3115Wj\204\230Z\244E\373\353\030\315~""; previousledger: ""T\270\242(,&\233\326\374o\306[\235\317>\021e\005s\261\371l\216\017\003\032\017J\217\244W<""; ","proposeSeq: 0; currentTxHash: ""\000\000\000\000\000\000\000\000\000\000\000\000\000\000\000\000\000\000\000\000\000\000\000\000\000\000\000\000\000\000\000\000""; nodePubKey: ""\003\325Q\255\224\274R@\312\253\262\347\352\034\346\347\242\215,\312\376=\277\353{\350\225\301\305`^, ""; closeTime: 803902463; signature: ""0D\002 /|\270\002A\010\351\366Jn|\272{\364\211\203\0036\223\301\006\261f\355D\255:\003w}\263\036\002 .\311\030\001>\t4\244\352\020\376\344\004\023\017\323\233\325\3115Wj\204\230Z\244E\373\353\030\315~""; previousledger: ""T\270\242(,&\233\326\374o\306[\235\317>\021e\005s\261\371l\216\017\003\032\017J\217\244W<""; "
1750587264309,1750587264310,2970,1,0,4,TMProposeSet,"proposeSeq: 0; currentTxHash: ""\000\000\000\000\000\000\000\000\000\000\000\000\000\000\000\000\000\000\000\000\000\000\000\000\000\000\000\000\000\000\000\000""; nodePubKey: ""\003\325Q\255\224\274R@\312\253\262\347\352\034\346\347\242\215,\312\376=\277\353{\350\225\301\305`^, ""; closeTime: 803902463; signature: ""0D\002 /|\270\002A\010\351\366Jn|\272{\364\211\203\0036\223\301\006\261f\355D\255:\003w}\263\036\002 .\311\030\001>\t4\244\352\020\376\344\004\023\017\323\233\325\3115Wj\204\230Z\244E\373\353\030\315~""; previousledger: ""T\270\242(,&\233\326\374o\306[\235\317>\021e\005s\261\371l\216\017\003\032\017J\217\244W<""; ","proposeSeq: 0; currentTxHash: ""\000\000\000\000\000\000\000\000\000\000\000\000\000\000\000\000\000\000\000\000\000\000\000\000\000\000\000\000\000\000\000\000""; nodePubKey: ""\003\325Q\255\224\274R@\312\253\262\347\352\034\346\347\242\215,\312\376=\277\353{\350\225\301\305`^, ""; closeTime: 803902463; signature: ""0D\002 /|\270\002A\010\351\366Jn|\272{\364\211\203\0036\223\301\006\261f\355D\255:\003w}\263\036\002 .\311\030\001>\t4\244\352\020\376\344\004\023\017\323\233\325\3115Wj\204\230Z\244E\373\353\030\315~""; previousledger: ""T\270\242(,&\233\326\374o\306[\235\317>\021e\005s\261\371l\216\017\003\032\017J\217\244W<""; "
1750587264349,1750587264349,980,1,4,1,TMProposeSet,"proposeSeq: 0; currentTxHash: ""\000\000\000\000\000\000\000\000\000\000\000\000\000\000\000\000\000\000\000\000\000\000\000\000\000\000\000\000\000\000\000\000""; nodePubKey: ""\003\325Q\255\224\274R@\312\253\262\347\352\034\346\347\242\215,\312\376=\277\353{\350\225\301\305`^, ""; closeTime: 803902463; signature: ""0D\002 /|\270\002A\010\351\366Jn|\272{\364\211\203\0036\223\301\006\261f\355D\255:\003w}\263\036\002 .\311\030\001>\t4\244\352\020\376\344\004\023\017\323\233\325\3115Wj\204\230Z\244E\373\353\030\315~""; previousledger: ""T\270\242(,&\233\326\374o\306[\235\317>\021e\005s\261\371l\216\017\003\032\017J\217\244W<""; ","proposeSeq: 0; currentTxHash: ""\000\000\000\000\000\000\000\000\000\000\000\000\000\000\000\000\000\000\000\000\000\000\000\000\000\000\000\000\000\000\000\000""; nodePubKey: ""\003\325Q\255\224\274R@\312\253\262\347\352\034\346\347\242\215,\312\376=\277\353{\350\225\301\305`^, ""; closeTime: 803902463; signature: ""0D\002 /|\270\002A\010\351\366Jn|\272{\364\211\203\0036\223\301\006\261f\355D\255:\003w}\263\036\002 .\311\030\001>\t4\244\352\020\376\344\004\023\017\323\233\325\3115Wj\204\230Z\244E\373\353\030\315~""; previousledger: ""T\270\242(,&\233\326\374o\306[\235\317>\021e\005s\261\371l\216\017\003\032\017J\217\244W<""; "
1750587264349,1750587264350,3614,1,4,2,TMProposeSet,"proposeSeq: 0; currentTxHash: ""\000\000\000\000\000\000\000\000\000\000\000\000\000\000\000\000\000\000\000\000\000\000\000\000\000\000\000\000\000\000\000\000""; nodePubKey: ""\003\325Q\255\224\274R@\312\253\262\347\352\034\346\347\242\215,\312\376=\277\353{\350\225\301\305`^, ""; closeTime: 803902463; signature: ""0D\002 /|\270\002A\010\351\366Jn|\272{\364\211\203\0036\223\301\006\261f\355D\255:\003w}\263\036\002 .\311\030\001>\t4\244\352\020\376\344\004\023\017\323\233\325\3115Wj\204\230Z\244E\373\353\030\315~""; previousledger: ""T\270\242(,&\233\326\374o\306[\235\317>\021e\005s\261\371l\216\017\003\032\017J\217\244W<""; ","proposeSeq: 0; currentTxHash: ""\000\000\000\000\000\000\000\000\000\000\000\000\000\000\000\000\000\000\000\000\000\000\000\000\000\000\000\000\000\000\000\000""; nodePubKey: ""\003\325Q\255\224\274R@\312\253\262\347\352\034\346\347\242\215,\312\376=\277\353{\350\225\301\305`^, ""; closeTime: 803902463; signature: ""0D\002 /|\270\002A\010\351\366Jn|\272{\364\211\203\0036\223\301\006\261f\355D\255:\003w}\263\036\002 .\311\030\001>\t4\244\352\020\376\344\004\023\017\323\233\325\3115Wj\204\230Z\244E\373\353\030\315~""; previousledger: ""T\270\242(,&\233\326\374o\306[\235\317>\021e\005s\261\371l\216\017\003\032\017J\217\244W<""; "
1750587264349,1750587264349,1110,1,4,0,TMProposeSet,"proposeSeq: 0; currentTxHash: ""\000\000\000\000\000\000\000\000\000\000\000\000\000\000\000\000\000\000\000\000\000\000\000\000\000\000\000\000\000\000\000\000""; nodePubKey: ""\003\325Q\255\224\274R@\312\253\262\347\352\034\346\347\242\215,\312\376=\277\353{\350\225\301\305`^, ""; closeTime: 803902463; signature: ""0D\002 /|\270\002A\010\351\366Jn|\272{\364\211\203\0036\223\301\006\261f\355D\255:\003w}\263\036\002 .\311\030\001>\t4\244\352\020\376\344\004\023\017\323\233\325\3115Wj\204\230Z\244E\373\353\030\315~""; previousledger: ""T\270\242(,&\233\326\374o\306[\235\317>\021e\005s\261\371l\216\017\003\032\017J\217\244W<""; ","proposeSeq: 0; currentTxHash: ""\000\000\000\000\000\000\000\000\000\000\000\000\000\000\000\000\000\000\000\000\000\000\000\000\000\000\000\000\000\000\000\000""; nodePubKey: ""\003\325Q\255\224\274R@\312\253\262\347\352\034\346\347\242\215,\312\376=\277\353{\350\225\301\305`^, ""; closeTime: 803902463; signature: ""0D\002 /|\270\002A\010\351\366Jn|\272{\364\211\203\0036\223\301\006\261f\355D\255:\003w}\263\036\002 .\311\030\001>\t4\244\352\020\376\344\004\023\017\323\233\325\3115Wj\204\230Z\244E\373\353\030\315~""; previousledger: ""T\270\242(,&\233\326\374o\306[\235\317>\021e\005s\261\371l\216\017\003\032\017J\217\244W<""; "
1750587264364,1750587264364,443,1,4,2,TMValidation,"validation: """"\200\000\000\001&\000\000\000\003)/\352\223\376:?HT\314/\177\320^QT\270\242(,&\233\326\374o\306[\235\317>\021e\005s\261\371l\216\017\003\032\017J\217\244W<P\027\000\000\000\000\000\000\000\000\000\000\000\000\000\000\000\000\000\000\000\000\000\000\000\000\000\000\000\000\000\000\000\000P\031-}\351f\032\255\274\334m\326c\017\014ao[\342\230\003\245\245\3341Hm\326^\017jy\335\261s!\003\343\005\311u\203\370\0338\3174\324\010\006\301\251\177\261\304eOX\262)FA-\022r\263wm\024vG0E\002!\000\325\372\350\343\177;\342+\266A\230\272\023N\014R\021\342kV""\376\233\334\254\347\322\362\026a\3627\002 [\244\334v""\313\014\24601\210\260\326fvF'9M2\215\210\226Y\201\240\307\357\016,\241\343""; ","validation: """"\200\000\000\001&\000\000\000\003)/\352\223\376:?HT\314/\177\320^QT\270\242(,&\233\326\374o\306[\235\317>\021e\005s\261\371l\216\017\003\032\017J\217\244W<P\027\000\000\000\000\000\000\000\000\000\000\000\000\000\000\000\000\000\000\000\000\000\000\000\000\000\000\000\000\000\000\000\000P\031-}\351f\032\255\274\334m\326c\017\014ao[\342\230\003\245\245\3341Hm\326^\017jy\335\261s!\003\343\005\311u\203\370\0338\3174\324\010\006\301\251\177\261\304eOX\262)FA-\022r\263wm\024vG0E\002!\000\325\372\350\343\177;\342+\266A\230\272\023N\014R\021\342kV""\376\233\334\254\347\322\362\026a\3627\002 [\244\334v""\313\014\24601\210\260\326fvF'9M2\215\210\226Y\201\240\307\357\016,\241\343""; "
1750587264364,1750587264364,3559,1,4,0,TMValidation,"validation: """"\200\000\000\001&\000\000\000\003)/\352\223\376:?HT\314/\177\320^QT\270\242(,&\233\326\374o\306[\235\317>\021e\005s\261\371l\216\017\003\032\017J\217\244W<P\027\000\000\000\000\000\000\000\000\000\000\000\000\000\000\000\000\000\000\000\000\000\000\000\000\000\000\000\000\000\000\000\000P\031-}\351f\032\255\274\334m\326c\017\014ao[\342\230\003\245\245\3341Hm\326^\017jy\335\261s!\003\343\005\311u\203\370\0338\3174\324\010\006\301\251\177\261\304eOX\262)FA-\022r\263wm\024vG0E\002!\000\325\372\350\343\177;\342+\266A\230\272\023N\014R\021\342kV""\376\233\334\254\347\322\362\026a\3627\002 [\244\334v""\313\014\24601\210\260\326fvF'9M2\215\210\226Y\201\240\307\357\016,\241\343""; ","validation: """"\200\000\000\001&\000\000\000\003)/\352\223\376:?HT\314/\177\320^QT\270\242(,&\233\326\374o\306[\235\317>\021e\005s\261\371l\216\017\003\032\017J\217\244W<P\027\000\000\000\000\000\000\000\000\000\000\000\000\000\000\000\000\000\000\000\000\000\000\000\000\000\000\000\000\000\000\000\000P\031-}\351f\032\255\274\334m\326c\017\014ao[\342\230\003\245\245\3341Hm\326^\017jy\335\261s!\003\343\005\311u\203\370\0338\3174\324\010\006\301\251\177\261\304eOX\262)FA-\022r\263wm\024vG0E\002!\000\325\372\350\343\177;\342+\266A\230\272\023N\014R\021\342kV""\376\233\334\254\347\322\362\026a\3627\002 [\244\334v""\313\014\24601\210\260\326fvF'9M2\215\210\226Y\201\240\307\357\016,\241\343""; "
1750587264364,1750587264365,1357,1,4,3,TMValidation,"validation: """"\200\000\000\001&\000\000\000\003)/\352\223\376:?HT\314/\177\320^QT\270\242(,&\233\326\374o\306[\235\317>\021e\005s\261\371l\216\017\003\032\017J\217\244W<P\027\000\000\000\000\000\000\000\000\000\000\000\000\000\000\000\000\000\000\000\000\000\000\000\000\000\000\000\000\000\000\000\000P\031-}\351f\032\255\274\334m\326c\017\014ao[\342\230\003\245\245\3341Hm\326^\017jy\335\261s!\003\343\005\311u\203\370\0338\3174\324\010\006\301\251\177\261\304eOX\262)FA-\022r\263wm\024vG0E\002!\000\325\372\350\343\177;\342+\266A\230\272\023N\014R\021\342kV""\376\233\334\254\347\322\362\026a\3627\002 [\244\334v""\313\014\24601\210\260\326fvF'9M2\215\210\226Y\201\240\307\357\016,\241\343""; ","validation: """"\200\000\000\001&\000\000\000\003)/\352\223\376:?HT\314/\177\320^QT\270\242(,&\233\326\374o\306[\235\317>\021e\005s\261\371l\216\017\003\032\017J\217\244W<P\027\000\000\000\000\000\000\000\000\000\000\000\000\000\000\000\000\000\000\000\000\000\000\000\000\000\000\000\000\000\000\000\000P\031-}\351f\032\255\274\334m\326c\017\014ao[\342\230\003\245\245\3341Hm\326^\017jy\335\261s!\003\343\005\311u\203\370\0338\3174\324\010\006\301\251\177\261\304eOX\262)FA-\022r\263wm\024vG0E\002!\000\325\372\350\343\177;\342+\266A\230\272\023N\014R\021\342kV""\376\233\334\254\347\322\362\026a\3627\002 [\244\334v""\313\014\24601\210\260\326fvF'9M2\215\210\226Y\201\240\307\357\016,\241\343""; "
1750587264429,1750587264429,3383,1,1,4,TMHaveTransactionSet,"status: tsHAVE; hash: ""u\315\243\367\211\2625\240r:n\277\003\026\366\353'\216jy9\\001\220\223~\341j\254O\025\257""; ","status: tsHAVE; hash: ""u\315\243\367\211\2625\240r:n\277\003\026\366\353'\216jy9\\001\220\223~\341j\254O\025\257""; "
1750587264430,1750587264430,3375,1,1,4,TMProposeSet,"proposeSeq: 0; currentTxHash: ""u\315\243\367\211\2625\240r:n\277\003\026\366\353'\216jy9\\001\220\223~\341j\254O\025\257""; nodePubKey: ""\003\343\005\311u\203\370\0338\3174\324\010\006\301\251\177\261\304eOX\262)FA-\022r\263wm\024""; closeTime: 803902464; signature: ""0E\002!\000\356\240\267\261\201tX\251V_\377W>C\260\330\333H\212\3517@\351\301\250\006B\245Z\202\004\245\002 Ie2'y\t\305D\002\233B7\312x\262J[BVc\344\326\0356\323'&t\244M\216\276""; previousledger: ""T\270\242(,&\233\326\374o\306[\235\317>\021e\005s\261\371l\216\017\003\032\017J\217\244W<""; ","proposeSeq: 0; currentTxHash: ""u\315\243\367\211\2625\240r:n\277\003\026\366\353'\216jy9\\001\220\223~\341j\254O\025\257""; nodePubKey: ""\003\343\005\311u\203\370\0338\3174\324\010\006\301\251\177\261\304eOX\262)FA-\022r\263wm\024""; closeTime: 803902464; signature: ""0E\002!\000\356\240\267\261\201tX\251V_\377W>C\260\330\333H\212\3517@\351\301\250\006B\245Z\202\004\245\002 Ie2'y\t\305D\002\233B7\312x\262J[BVc\344\326\0356\323'&t\244M\216\276""; previousledger: ""T\270\242(,&\233\326\374o\306[\235\317>\021e\005s\261\371l\216\017\003\032\017J\217\244W<""; "
1750587264430,1750587264430,926,1,1,0,TMProposeSet,"proposeSeq: 0; currentTxHash: ""u\315\243\367\211\2625\240r:n\277\003\026\366\353'\216jy9\\001\220\223~\341j\254O\025\257""; nodePubKey: ""\003\343\005\311u\203\370\0338\3174\324\010\006\301\251\177\261\304eOX\262)FA-\022r\263wm\024""; closeTime: 803902464; signature: ""0E\002!\000\356\240\267\261\201tX\251V_\377W>C\260\330\333H\212\3517@\351\301\250\006B\245Z\202\004\245\002 Ie2'y\t\305D\002\233B7\312x\262J[BVc\344\326\0356\323'&t\244M\216\276""; previousledger: ""T\270\242(,&\233\326\374o\306[\235\317>\021e\005s\261\371l\216\017\003\032\017J\217\244W<""; ","proposeSeq: 0; currentTxHash: ""u\315\243\367\211\2625\240r:n\277\003\026\366\353'\216jy9\\001\220\223~\341j\254O\025\257""; nodePubKey: ""\003\343\005\311u\203\370\0338\3174\324\010\006\301\251\177\261\304eOX\262)FA-\022r\263wm\024""; closeTime: 803902464; signature: ""0E\002!\000\356\240\267\261\201tX\251V_\377W>C\260\330\333H\212\3517@\351\301\250\006B\245Z\202\004\245\002 Ie2'y\t\305D\002\233B7\312x\262J[BVc\344\326\0356\323'&t\244M\216\276""; previousledger: ""T\270\242(,&\233\326\374o\306[\235\317>\021e\005s\261\371l\216\017\003\032\017J\217\244W<""; "
1750587264431,1750587264431,361,1,1,0,TMHaveTransactionSet,"status: tsHAVE; hash: ""u\315\243\367\211\2625\240r:n\277\003\026\366\353'\216jy9\\001\220\223~\341j\254O\025\257""; ","status: tsHAVE; hash: ""u\315\243\367\211\2625\240r:n\277\003\026\366\353'\216jy9\\001\220\223~\341j\254O\025\257""; "
1750587264431,1750587264431,1836,1,1,3,TMHaveTransactionSet,"status: tsHAVE; hash: ""u\315\243\367\211\2625\240r:n\277\003\026\366\353'\216jy9\\001\220\223~\341j\254O\025\257""; ","status: tsHAVE; hash: ""u\315\243\367\211\2625\240r:n\277\003\026\366\353'\216jy9\\001\220\223~\341j\254O\025\257""; "
1750587264431,1750587264431,3538,1,1,3,TMProposeSet,"proposeSeq: 0; currentTxHash: ""u\315\243\367\211\2625\240r:n\277\003\026\366\353'\216jy9\\001\220\223~\341j\254O\025\257""; nodePubKey: ""\003\343\005\311u\203\370\0338\3174\324\010\006\301\251\177\261\304eOX\262)FA-\022r\263wm\024""; closeTime: 803902464; signature: ""0E\002!\000\356\240\267\261\201tX\251V_\377W>C\260\330\333H\212\3517@\351\301\250\006B\245Z\202\004\245\002 Ie2'y\t\305D\002\233B7\312x\262J[BVc\344\326\0356\323'&t\244M\216\276""; previousledger: ""T\270\242(,&\233\326\374o\306[\235\317>\021e\005s\261\371l\216\017\003\032\017J\217\244W<""; ","proposeSeq: 0; currentTxHash: ""u\315\243\367\211\2625\240r:n\277\003\026\366\353'\216jy9\\001\220\223~\341j\254O\025\257""; nodePubKey: ""\003\343\005\311u\203\370\0338\3174\324\010\006\301\251\177\261\304eOX\262)FA-\022r\263wm\024""; closeTime: 803902464; signature: ""0E\002!\000\356\240\267\261\201tX\251V_\377W>C\260\330\333H\212\3517@\351\301\250\006B\245Z\202\004\245\002 Ie2'y\t\305D\002\233B7\312x\262J[BVc\344\326\0356\323'&t\244M\216\276""; previousledger: ""T\270\242(,&\233\326\374o\306[\235\317>\021e\005s\261\371l\216\017\003\032\017J\217\244W<""; "
1750587264464,1750587264464,3053,1,1,2,TMHaveTransactionSet,"status: tsHAVE; hash: ""u\315\243\367\211\2625\240r:n\277\003\026\366\353'\216jy9\\001\220\223~\341j\254O\025\257""; ","status: tsHAVE; hash: ""u\315\243\367\211\2625\240r:n\277\003\026\366\353'\216jy9\\001\220\223~\341j\254O\025\257""; "
1750587264465,1750587264465,1799,1,1,2,TMProposeSet,"proposeSeq: 0; currentTxHash: ""u\315\243\367\211\2625\240r:n\277\003\026\366\353'\216jy9\\001\220\223~\341j\254O\025\257""; nodePubKey: ""\003\343\005\311u\203\370\0338\3174\324\010\006\301\251\177\261\304eOX\262)FA-\022r\263wm\024""; closeTime: 803902464; signature: ""0E\002!\000\356\240\267\261\201tX\251V_\377W>C\260\330\333H\212\3517@\351\301\250\006B\245Z\202\004\245\002 Ie2'y\t\305D\002\233B7\312x\262J[BVc\344\326\0356\323'&t\244M\216\276""; previousledger: ""T\270\242(,&\233\326\374o\306[\235\317>\021e\005s\261\371l\216\017\003\032\017J\217\244W<""; ","proposeSeq: 0; currentTxHash: ""u\315\243\367\211\2625\240r:n\277\003\026\366\353'\216jy9\\001\220\223~\341j\254O\025\257""; nodePubKey: ""\003\343\005\311u\203\370\0338\3174\324\010\006\301\251\177\261\304eOX\262)FA-\022r\263wm\024""; closeTime: 803902464; signature: ""0E\002!\000\356\240\267\261\201tX\251V_\377W>C\260\330\333H\212\3517@\351\301\250\006B\245Z\202\004\245\002 Ie2'y\t\305D\002\233B7\312x\262J[BVc\344\326\0356\323'&t\244M\216\276""; previousledger: ""T\270\242(,&\233\326\374o\306[\235\317>\021e\005s\261\371l\216\017\003\032\017J\217\244W<""; "
1750587264422,1750587264496,3522,1,1,4,TMStatusChange,"newEvent: neCLOSING_LEDGER; ledgerSeq: 3; ledgerHash: ""T\270\242(,&\233\326\374o\306[\235\317>\021e\005s\261\371l\216\017\003\032\017J\217\244W<""; ledgerHashPrevious: ""\214.\207\210%\003 \010ML\347\200R\304&\320_\215\226\344\334\033\354\2002\255\216\332\317\255\034\017""; networkTime: 803902464; firstSeq: 1; lastSeq: 3; ","newEvent: neCLOSING_LEDGER; ledgerSeq: 3; ledgerHash: ""T\270\242(,&\233\326\374o\306[\235\317>\021e\005s\261\371l\216\017\003\032\017J\217\244W<""; ledgerHashPrevious: ""\214.\207\210%\003 \010ML\347\200R\304&\320_\215\226\344\334\033\354\2002\255\216\332\317\255\034\017""; networkTime: 803902464; firstSeq: 1; lastSeq: 3; "
1750587264423,1750587264497,1020,1,1,3,TMStatusChange,"newEvent: neCLOSING_LEDGER; ledgerSeq: 3; ledgerHash: ""T\270\242(,&\233\326\374o\306[\235\317>\021e\005s\261\371l\216\017\003\032\017J\217\244W<""; ledgerHashPrevious: ""\214.\207\210%\003 \010ML\347\200R\304&\320_\215\226\344\334\033\354\2002\255\216\332\317\255\034\017""; networkTime: 803902464; firstSeq: 1; lastSeq: 3; ","newEvent: neCLOSING_LEDGER; ledgerSeq: 3; ledgerHash: ""T\270\242(,&\233\326\374o\306[\235\317>\021e\005s\261\371l\216\017\003\032\017J\217\244W<""; ledgerHashPrevious: ""\214.\207\210%\003 \010ML\347\200R\304&\320_\215\226\344\334\033\354\2002\255\216\332\317\255\034\017""; networkTime: 803902464; firstSeq: 1; lastSeq: 3; "
1750587264422,1750587264496,1862,1,1,0,TMStatusChange,"newEvent: neCLOSING_LEDGER; ledgerSeq: 3; ledgerHash: ""T\270\242(,&\233\326\374o\306[\235\317>\021e\005s\261\371l\216\017\003\032\017J\217\244W<""; ledgerHashPrevious: ""\214.\207\210%\003 \010ML\347\200R\304&\320_\215\226\344\334\033\354\2002\255\216\332\317\255\034\017""; networkTime: 803902464; firstSeq: 1; lastSeq: 3; ","newEvent: neCLOSING_LEDGER; ledgerSeq: 3; ledgerHash: ""T\270\242(,&\233\326\374o\306[\235\317>\021e\005s\261\371l\216\017\003\032\017J\217\244W<""; ledgerHashPrevious: ""\214.\207\210%\003 \010ML\347\200R\304&\320_\215\226\344\334\033\354\2002\255\216\332\317\255\034\017""; networkTime: 803902464; firstSeq: 1; lastSeq: 3; "
1750587264424,1750587264497,961,1,1,2,TMStatusChange,"newEvent: neCLOSING_LEDGER; ledgerSeq: 3; ledgerHash: ""T\270\242(,&\233\326\374o\306[\235\317>\021e\005s\261\371l\216\017\003\032\017J\217\244W<""; ledgerHashPrevious: ""\214.\207\210%\003 \010ML\347\200R\304&\320_\215\226\344\334\033\354\2002\255\216\332\317\255\034\017""; networkTime: 803902464; firstSeq: 1; lastSeq: 3; ","newEvent: neCLOSING_LEDGER; ledgerSeq: 3; ledgerHash: ""T\270\242(,&\233\326\374o\306[\235\317>\021e\005s\261\371l\216\017\003\032\017J\217\244W<""; ledgerHashPrevious: ""\214.\207\210%\003 \010ML\347\200R\304&\320_\215\226\344\334\033\354\2002\255\216\332\317\255\034\017""; networkTime: 803902464; firstSeq: 1; lastSeq: 3; "
1750587264504,1750587264504,3538,1,1,3,TMProposeSet,"proposeSeq: 0; currentTxHash: ""\000\000\000\000\000\000\000\000\000\000\000\000\000\000\000\000\000\000\000\000\000\000\000\000\000\000\000\000\000\000\000\000""; nodePubKey: ""\003\325Q\255\224\274R@\312\253\262\347\352\034\346\347\242\215,\312\376=\277\353{\350\225\301\305`^, ""; closeTime: 803902463; signature: ""0D\002 /|\270\002A\010\351\366Jn|\272{\364\211\203\0036\223\301\006\261f\355D\255:\003w}\263\036\002 .\311\030\001>\t4\244\352\020\376\344\004\023\017\323\233\325\3115Wj\204\230Z\244E\373\353\030\315~""; previousledger: ""T\270\242(,&\233\326\374o\306[\235\317>\021e\005s\261\371l\216\017\003\032\017J\217\244W<""; ","proposeSeq: 0; currentTxHash: ""\000\000\000\000\000\000\000\000\000\000\000\000\000\000\000\000\000\000\000\000\000\000\000\000\000\000\000\000\000\000\000\000""; nodePubKey: ""\003\325Q\255\224\274R@\312\253\262\347\352\034\346\347\242\215,\312\376=\277\353{\350\225\301\305`^, ""; closeTime: 803902463; signature: ""0D\002 /|\270\002A\010\351\366Jn|\272{\364\211\203\0036\223\301\006\261f\355D\255:\003w}\263\036\002 .\311\030\001>\t4\244\352\020\376\344\004\023\017\323\233\325\3115Wj\204\230Z\244E\373\353\030\315~""; previousledger: ""T\270\242(,&\233\326\374o\306[\235\317>\021e\005s\261\371l\216\017\003\032\017J\217\244W<""; "
1750587264504,1750587264504,1799,1,1,2,TMProposeSet,"proposeSeq: 0; currentTxHash: ""\000\000\000\000\000\000\000\000\000\000\000\000\000\000\000\000\000\000\000\000\000\000\000\000\000\000\000\000\000\000\000\000""; nodePubKey: ""\003\325Q\255\224\274R@\312\253\262\347\352\034\346\347\242\215,\312\376=\277\353{\350\225\301\305`^, ""; closeTime: 803902463; signature: ""0D\002 /|\270\002A\010\351\366Jn|\272{\364\211\203\0036\223\301\006\261f\355D\255:\003w}\263\036\002 .\311\030\001>\t4\244\352\020\376\344\004\023\017\323\233\325\3115Wj\204\230Z\244E\373\353\030\315~""; previousledger: ""T\270\242(,&\233\326\374o\306[\235\317>\021e\005s\261\371l\216\017\003\032\017J\217\244W<""; ","proposeSeq: 0; currentTxHash: ""\000\000\000\000\000\000\000\000\000\000\000\000\000\000\000\000\000\000\000\000\000\000\000\000\000\000\000\000\000\000\000\000""; nodePubKey: ""\003\325Q\255\224\274R@\312\253\262\347\352\034\346\347\242\215,\312\376=\277\353{\350\225\301\305`^, ""; closeTime: 803902463; signature: ""0D\002 /|\270\002A\010\351\366Jn|\272{\364\211\203\0036\223\301\006\261f\355D\255:\003w}\263\036\002 .\311\030\001>\t4\244\352\020\376\344\004\023\017\323\233\325\3115Wj\204\230Z\244E\373\353\030\315~""; previousledger: ""T\270\242(,&\233\326\374o\306[\235\317>\021e\005s\261\371l\216\017\003\032\017J\217\244W<""; "
1750587264504,1750587264505,3375,1,1,4,TMProposeSet,"proposeSeq: 0; currentTxHash: ""\000\000\000\000\000\000\000\000\000\000\000\000\000\000\000\000\000\000\000\000\000\000\000\000\000\000\000\000\000\000\000\000""; nodePubKey: ""\003\325Q\255\224\274R@\312\253\262\347\352\034\346\347\242\215,\312\376=\277\353{\350\225\301\305`^, ""; closeTime: 803902463; signature: ""0D\002 /|\270\002A\010\351\366Jn|\272{\364\211\203\0036\223\301\006\261f\355D\255:\003w}\263\036\002 .\311\030\001>\t4\244\352\020\376\344\004\023\017\323\233\325\3115Wj\204\230Z\244E\373\353\030\315~""; previousledger: ""T\270\242(,&\233\326\374o\306[\235\317>\021e\005s\261\371l\216\017\003\032\017J\217\244W<""; ","proposeSeq: 0; currentTxHash: ""\000\000\000\000\000\000\000\000\000\000\000\000\000\000\000\000\000\000\000\000\000\000\000\000\000\000\000\000\000\000\000\000""; nodePubKey: ""\003\325Q\255\224\274R@\312\253\262\347\352\034\346\347\242\215,\312\376=\277\353{\350\225\301\305`^, ""; closeTime: 803902463; signature: ""0D\002 /|\270\002A\010\351\366Jn|\272{\364\211\203\0036\223\301\006\261f\355D\255:\003w}\263\036\002 .\311\030\001>\t4\244\352\020\376\344\004\023\017\323\233\325\3115Wj\204\230Z\244E\373\353\030\315~""; previousledger: ""T\270\242(,&\233\326\374o\306[\235\317>\021e\005s\261\371l\216\017\003\032\017J\217\244W<""; "
1750587264639,1750587264639,2819,1,4,1,TMValidation,"validation: """"\200\000\000\001&\000\000\000\003)/\352\223\376:\211l\014`\252m\212dQT\270\242(,&\233\326\374o\306[\235\317>\021e\005s\261\371l\216\017\003\032\017J\217\244W<P\027\000\000\000\000\000\000\000\000\000\000\000\000\000\000\000\000\000\000\000\000\000\000\000\000\000\000\000\000\000\000\000\000P\031-}\351f\032\255\274\334m\326c\017\014ao[\342\230\003\245\245\3341Hm\326^\017jy\335\261s!\003\325Q\255\224\274R@\312\253\262\347\352\034\346\347\242\215,\312\376=\277\353{\350\225\301\305`^, vG0E\002!\000\341\001\037\027q\016\241\322B\006\2436\330\370(|\311\005U\371\265@\032qwO\243\224K\035\030\224\002 \035F\212\035\005d\034R\367\251\341]\356)\252*\342\336\200t\327"" \366\242\336 \375\014L\237'""; ","validation: """"\200\000\000\001&\000\000\000\003)/\352\223\376:\211l\014`\252m\212dQT\270\242(,&\233\326\374o\306[\235\317>\021e\005s\261\371l\216\017\003\032\017J\217\244W<P\027\000\000\000\000\000\000\000\000\000\000\000\000\000\000\000\000\000\000\000\000\000\000\000\000\000\000\000\000\000\000\000\000P\031-}\351f\032\255\274\334m\326c\017\014ao[\342\230\003\245\245\3341Hm\326^\017jy\335\261s!\003\325Q\255\224\274R@\312\253\262\347\352\034\346\347\242\215,\312\376=\277\353{\350\225\301\305`^, vG0E\002!\000\341\001\037\027q\016\241\322B\006\2436\330\370(|\311\005U\371\265@\032qwO\243\224K\035\030\224\002 \035F\212\035\005d\034R\367\251\341]\356)\252*\342\336\200t\327"" \366\242\336 \375\014L\237'""; "
1750587264639,1750587264639,1357,1,4,3,TMValidation,"validation: """"\200\000\000\001&\000\000\000\003)/\352\223\376:\211l\014`\252m\212dQT\270\242(,&\233\326\374o\306[\235\317>\021e\005s\261\371l\216\017\003\032\017J\217\244W<P\027\000\000\000\000\000\000\000\000\000\000\000\000\000\000\000\000\000\000\000\000\000\000\000\000\000\000\000\000\000\000\000\000P\031-}\351f\032\255\274\334m\326c\017\014ao[\342\230\003\245\245\3341Hm\326^\017jy\335\261s!\003\325Q\255\224\274R@\312\253\262\347\352\034\346\347\242\215,\312\376=\277\353{\350\225\301\305`^, vG0E\002!\000\341\001\037\027q\016\241\322B\006\2436\330\370(|\311\005U\371\265@\032qwO\243\224K\035\030\224\002 \035F\212\035\005d\034R\367\251\341]\356)\252*\342\336\200t\327"" \366\242\336 \375\014L\237'""; ","validation: """"\200\000\000\001&\000\000\000\003)/\352\223\376:\211l\014`\252m\212dQT\270\242(,&\233\326\374o\306[\235\317>\021e\005s\261\371l\216\017\003\032\017J\217\244W<P\027\000\000\000\000\000\000\000\000\000\000\000\000\000\000\000\000\000\000\000\000\000\000\000\000\000\000\000\000\000\000\000\000P\031-}\351f\032\255\274\334m\326c\017\014ao[\342\230\003\245\245\3341Hm\326^\017jy\335\261s!\003\325Q\255\224\274R@\312\253\262\347\352\034\346\347\242\215,\312\376=\277\353{\350\225\301\305`^, vG0E\002!\000\341\001\037\027q\016\241\322B\006\2436\330\370(|\311\005U\371\265@\032qwO\243\224K\035\030\224\002 \035F\212\035\005d\034R\367\251\341]\356)\252*\342\336\200t\327"" \366\242\336 \375\014L\237'""; "
1750587264639,1750587264640,3559,1,4,0,TMValidation,"validation: """"\200\000\000\001&\000\000\000\003)/\352\223\376:\211l\014`\252m\212dQT\270\242(,&\233\326\374o\306[\235\317>\021e\005s\261\371l\216\017\003\032\017J\217\244W<P\027\000\000\000\000\000\000\000\000\000\000\000\000\000\000\000\000\000\000\000\000\000\000\000\000\000\000\000\000\000\000\000\000P\031-}\351f\032\255\274\334m\326c\017\014ao[\342\230\003\245\245\3341Hm\326^\017jy\335\261s!\003\325Q\255\224\274R@\312\253\262\347\352\034\346\347\242\215,\312\376=\277\353{\350\225\301\305`^, vG0E\002!\000\341\001\037\027q\016\241\322B\006\2436\330\370(|\311\005U\371\265@\032qwO\243\224K\035\030\224\002 \035F\212\035\005d\034R\367\251\341]\356)\252*\342\336\200t\327"" \366\242\336 \375\014L\237'""; ","validation: """"\200\000\000\001&\000\000\000\003)/\352\223\376:\211l\014`\252m\212dQT\270\242(,&\233\326\374o\306[\235\317>\021e\005s\261\371l\216\017\003\032\017J\217\244W<P\027\000\000\000\000\000\000\000\000\000\000\000\000\000\000\000\000\000\000\000\000\000\000\000\000\000\000\000\000\000\000\000\000P\031-}\351f\032\255\274\334m\326c\017\014ao[\342\230\003\245\245\3341Hm\326^\017jy\335\261s!\003\325Q\255\224\274R@\312\253\262\347\352\034\346\347\242\215,\312\376=\277\353{\350\225\301\305`^, vG0E\002!\000\341\001\037\027q\016\241\322B\006\2436\330\370(|\311\005U\371\265@\032qwO\243\224K\035\030\224\002 \035F\212\035\005d\034R\367\251\341]\356)\252*\342\336\200t\327"" \366\242\336 \375\014L\237'""; "
1750587264661,1750587264661,3501,1,3,4,TMValidation,"validation: """"\200\000\000\001&\000\000\000\003)/\352\223\376:Q\231\304\227'3\313\030QT\270\242(,&\233\326\374o\306[\235\317>\021e\005s\261\371l\216\017\003\032\017J\217\244W<P\027\000\000\000\000\000\000\000\000\000\000\000\000\000\000\000\000\000\000\000\000\000\000\000\000\000\000\000\000\000\000\000\000P\031-}\351f\032\255\274\334m\326c\017\014ao[\342\230\003\245\245\3341Hm\326^\017jy\335\261s!\003ql\302)\235\321\t\213\224\356\374%%\311\327\037\374\304\t\335\2359\344\233\035]\347<u\236\364\222vG0E\002!\000\223\033N-\241FZ\263] n\254;\307\376v}\331\0108\235\245\013\207\300}\265D\262\226\035\177\002 ~'\005}t\372\376\036\017\231\225\2315\022J\327\304\260\271\034\326\316B\005\305\352\340\340q\370\342\344""; ","validation: """"\200\000\000\001&\000\000\000\003)/\352\223\376:Q\231\304\227'3\313\030QT\270\242(,&\233\326\374o\306[\235\317>\021e\005s\261\371l\216\017\003\032\017J\217\244W<P\027\000\000\000\000\000\000\000\000\000\000\000\000\000\000\000\000\000\000\000\000\000\000\000\000\000\000\000\000\000\000\000\000P\031-}\351f\032\255\274\334m\326c\017\014ao[\342\230\003\245\245\3341Hm\326^\017jy\335\261s!\003ql\302)\235\321\t\213\224\356\374%%\311\327\037\374\304\t\335\2359\344\233\035]\347<u\236\364\222vG0E\002!\000\223\033N-\241FZ\263] n\254;\307\376v}\331\0108\235\245\013\207\300}\265D\262\226\035\177\002 ~'\005}t\372\376\036\017\231\225\2315\022J\327\304\260\271\034\326\316B\005\305\352\340\340q\370\342\344""; "
1750587264661,1750587264661,734,1,3,2,TMValidation,"validation: """"\200\000\000\001&\000\000\000\003)/\352\223\376:Q\231\304\227'3\313\030QT\270\242(,&\233\326\374o\306[\235\317>\021e\005s\261\371l\216\017\003\032\017J\217\244W<P\027\000\000\000\000\000\000\000\000\000\000\000\000\000\000\000\000\000\000\000\000\000\000\000\000\000\000\000\000\000\000\000\000P\031-}\351f\032\255\274\334m\326c\017\014ao[\342\230\003\245\245\3341Hm\326^\017jy\335\261s!\003ql\302)\235\321\t\213\224\356\374%%\311\327\037\374\304\t\335\2359\344\233\035]\347<u\236\364\222vG0E\002!\000\223\033N-\241FZ\263] n\254;\307\376v}\331\0108\235\245\013\207\300}\265D\262\226\035\177\002 ~'\005}t\372\376\036\017\231\225\2315\022J\327\304\260\271\034\326\316B\005\305\352\340\340q\370\342\344""; ","validation: """"\200\000\000\001&\000\000\000\003)/\352\223\376:Q\231\304\227'3\313\030QT\270\242(,&\233\326\374o\306[\235\317>\021e\005s\261\371l\216\017\003\032\017J\217\244W<P\027\000\000\000\000\000\000\000\000\000\000\000\000\000\000\000\000\000\000\000\000\000\000\000\000\000\000\000\000\000\000\000\000P\031-}\351f\032\255\274\334m\326c\017\014ao[\342\230\003\245\245\3341Hm\326^\017jy\335\261s!\003ql\302)\235\321\t\213\224\356\374%%\311\327\037\374\304\t\335\2359\344\233\035]\347<u\236\364\222vG0E\002!\000\223\033N-\241FZ\263] n\254;\307\376v}\331\0108\235\245\013\207\300}\265D\262\226\035\177\002 ~'\005}t\372\376\036\017\231\225\2315\022J\327\304\260\271\034\326\316B\005\305\352\340\340q\370\342\344""; "
1750587264661,1750587264662,3767,1,3,0,TMValidation,"validation: """"\200\000\000\001&\000\000\000\003)/\352\223\376:Q\231\304\227'3\313\030QT\270\242(,&\233\326\374o\306[\235\317>\021e\005s\261\371l\216\017\003\032\017J\217\244W<P\027\000\000\000\000\000\000\000\000\000\000\000\000\000\000\000\000\000\000\000\000\000\000\000\000\000\000\000\000\000\000\000\000P\031-}\351f\032\255\274\334m\326c\017\014ao[\342\230\003\245\245\3341Hm\326^\017jy\335\261s!\003ql\302)\235\321\t\213\224\356\374%%\311\327\037\374\304\t\335\2359\344\233\035]\347<u\236\364\222vG0E\002!\000\223\033N-\241FZ\263] n\254;\307\376v}\331\0108\235\245\013\207\300}\265D\262\226\035\177\002 ~'\005}t\372\376\036\017\231\225\2315\022J\327\304\260\271\034\326\316B\005\305\352\340\340q\370\342\344""; ","validation: """"\200\000\000\001&\000\000\000\003)/\352\223\376:Q\231\304\227'3\313\030QT\270\242(,&\233\326\374o\306[\235\317>\021e\005s\261\371l\216\017\003\032\017J\217\244W<P\027\000\000\000\000\000\000\000\000\000\000\000\000\000\000\000\000\000\000\000\000\000\000\000\000\000\000\000\000\000\000\000\000P\031-}\351f\032\255\274\334m\326c\017\014ao[\342\230\003\245\245\3341Hm\326^\017jy\335\261s!\003ql\302)\235\321\t\213\224\356\374%%\311\327\037\374\304\t\335\2359\344\233\035]\347<u\236\364\222vG0E\002!\000\223\033N-\241FZ\263] n\254;\307\376v}\331\0108\235\245\013\207\300}\265D\262\226\035\177\002 ~'\005}t\372\376\036\017\231\225\2315\022J\327\304\260\271\034\326\316B\005\305\352\340\340q\370\342\344""; "
1750587264697,1750587264697,1939,1,1,4,TMValidation,"validation: """"\200\000\000\001&\000\000\000\003)/\352\223\376:\211l\014`\252m\212dQT\270\242(,&\233\326\374o\306[\235\317>\021e\005s\261\371l\216\017\003\032\017J\217\244W<P\027\000\000\000\000\000\000\000\000\000\000\000\000\000\000\000\000\000\000\000\000\000\000\000\000\000\000\000\000\000\000\000\000P\031-}\351f\032\255\274\334m\326c\017\014ao[\342\230\003\245\245\3341Hm\326^\017jy\335\261s!\003\325Q\255\224\274R@\312\253\262\347\352\034\346\347\242\215,\312\376=\277\353{\350\225\301\305`^, vG0E\002!\000\341\001\037\027q\016\241\322B\006\2436\330\370(|\311\005U\371\265@\032qwO\243\224K\035\030\224\002 \035F\212\035\005d\034R\367\251\341]\356)\252*\342\336\200t\327"" \366\242\336 \375\014L\237'""; ","validation: """"\200\000\000\001&\000\000\000\003)/\352\223\376:\211l\014`\252m\212dQT\270\242(,&\233\326\374o\306[\235\317>\021e\005s\261\371l\216\017\003\032\017J\217\244W<P\027\000\000\000\000\000\000\000\000\000\000\000\000\000\000\000\000\000\000\000\000\000\000\000\000\000\000\000\000\000\000\000\000P\031-}\351f\032\255\274\334m\326c\017\014ao[\342\230\003\245\245\3341Hm\326^\017jy\335\261s!\003\325Q\255\224\274R@\312\253\262\347\352\034\346\347\242\215,\312\376=\277\353{\350\225\301\305`^, vG0E\002!\000\341\001\037\027q\016\241\322B\006\2436\330\370(|\311\005U\371\265@\032qwO\243\224K\035\030\224\002 \035F\212\035\005d\034R\367\251\341]\356)\252*\342\336\200t\327"" \366\242\336 \375\014L\237'""; "
1750587264697,1750587264697,1289,1,1,3,TMValidation,"validation: """"\200\000\000\001&\000\000\000\003)/\352\223\376:\211l\014`\252m\212dQT\270\242(,&\233\326\374o\306[\235\317>\021e\005s\261\371l\216\017\003\032\017J\217\244W<P\027\000\000\000\000\000\000\000\000\000\000\000\000\000\000\000\000\000\000\000\000\000\000\000\000\000\000\000\000\000\000\000\000P\031-}\351f\032\255\274\334m\326c\017\014ao[\342\230\003\245\245\3341Hm\326^\017jy\335\261s!\003\325Q\255\224\274R@\312\253\262\347\352\034\346\347\242\215,\312\376=\277\353{\350\225\301\305`^, vG0E\002!\000\341\001\037\027q\016\241\322B\006\2436\330\370(|\311\005U\371\265@\032qwO\243\224K\035\030\224\002 \035F\212\035\005d\034R\367\251\341]\356)\252*\342\336\200t\327"" \366\242\336 \375\014L\237'""; ","validation: """"\200\000\000\001&\000\000\000\003)/\352\223\376:\211l\014`\252m\212dQT\270\242(,&\233\326\374o\306[\235\317>\021e\005s\261\371l\216\017\003\032\017J\217\244W<P\027\000\000\000\000\000\000\000\000\000\000\000\000\000\000\000\000\000\000\000\000\000\000\000\000\000\000\000\000\000\000\000\000P\031-}\351f\032\255\274\334m\326c\017\014ao[\342\230\003\245\245\3341Hm\326^\017jy\335\261s!\003\325Q\255\224\274R@\312\253\262\347\352\034\346\347\242\215,\312\376=\277\353{\350\225\301\305`^, vG0E\002!\000\341\001\037\027q\016\241\322B\006\2436\330\370(|\311\005U\371\265@\032qwO\243\224K\035\030\224\002 \035F\212\035\005d\034R\367\251\341]\356)\252*\342\336\200t\327"" \366\242\336 \375\014L\237'""; "
1750587264698,1750587264698,3090,1,1,0,TMValidation,"validation: """"\200\000\000\001&\000\000\000\003)/\352\223\376:\211l\014`\252m\212dQT\270\242(,&\233\326\374o\306[\235\317>\021e\005s\261\371l\216\017\003\032\017J\217\244W<P\027\000\000\000\000\000\000\000\000\000\000\000\000\000\000\000\000\000\000\000\000\000\000\000\000\000\000\000\000\000\000\000\000P\031-}\351f\032\255\274\334m\326c\017\014ao[\342\230\003\245\245\3341Hm\326^\017jy\335\261s!\003\325Q\255\224\274R@\312\253\262\347\352\034\346\347\242\215,\312\376=\277\353{\350\225\301\305`^, vG0E\002!\000\341\001\037\027q\016\241\322B\006\2436\330\370(|\311\005U\371\265@\032qwO\243\224K\035\030\224\002 \035F\212\035\005d\034R\367\251\341]\356)\252*\342\336\200t\327"" \366\242\336 \375\014L\237'""; ","validation: """"\200\000\000\001&\000\000\000\003)/\352\223\376:\211l\014`\252m\212dQT\270\242(,&\233\326\374o\306[\235\317>\021e\005s\261\371l\216\017\003\032\017J\217\244W<P\027\000\000\000\000\000\000\000\000\000\000\000\000\000\000\000\000\000\000\000\000\000\000\000\000\000\000\000\000\000\000\000\000P\031-}\351f\032\255\274\334m\326c\017\014ao[\342\230\003\245\245\3341Hm\326^\017jy\335\261s!\003\325Q\255\224\274R@\312\253\262\347\352\034\346\347\242\215,\312\376=\277\353{\350\225\301\305`^, vG0E\002!\000\341\001\037\027q\016\241\322B\006\2436\330\370(|\311\005U\371\265@\032qwO\243\224K\035\030\224\002 \035F\212\035\005d\034R\367\251\341]\356)\252*\342\336\200t\327"" \366\242\336 \375\014L\237'""; "
1750587264710,1750587264710,1317,1,3,2,TMProposeSet,"proposeSeq: 0; currentTxHash: ""\000\000\000\000\000\000\000\000\000\000\000\000\000\000\000\000\000\000\000\000\000\000\000\000\000\000\000\000\000\000\000\000""; nodePubKey: ""\003.\200\224\215?)t\306\315\242\313\251\255\302\204=\232.\271%}\013\024s\024\002@\216l""\241F""; closeTime: 803902463; signature: ""0E\002!\000\244\260\020%\033\023&\\371&?\353\355\002\217G\027\354\2756\neZ3\244\345\336-\341^\211\312\002 Q\242\326\372u\352\006\003\333\335i\272\323s\264\023\324\222\330\030\305\323\256q\273k\375\304\331\353s\004""; previousledger: ""T\270\242(,&\233\326\374o\306[\235\317>\021e\005s\261\371l\216\017\003\032\017J\217\244W<""; ","proposeSeq: 0; currentTxHash: ""\000\000\000\000\000\000\000\000\000\000\000\000\000\000\000\000\000\000\000\000\000\000\000\000\000\000\000\000\000\000\000\000""; nodePubKey: ""\003.\200\224\215?)t\306\315\242\313\251\255\302\204=\232.\271%}\013\024s\024\002@\216l""\241F""; closeTime: 803902463; signature: ""0E\002!\000\244\260\020%\033\023&\\371&?\353\355\002\217G\027\354\2756\neZ3\244\345\336-\341^\211\312\002 Q\242\326\372u\352\006\003\333\335i\272\323s\264\023\324\222\330\030\305\323\256q\273k\375\304\331\353s\004""; previousledger: ""T\270\242(,&\233\326\374o\306[\235\317>\021e\005s\261\371l\216\017\003\032\017J\217\244W<""; "
1750587264711,1750587264711,443,1,3,0,TMProposeSet,"proposeSeq: 0; currentTxHash: ""\000\000\000\000\000\000\000\000\000\000\000\000\000\000\000\000\000\000\000\000\000\000\000\000\000\000\000\000\000\000\000\000""; nodePubKey: ""\003.\200\224\215?)t\306\315\242\313\251\255\302\204=\232.\271%}\013\024s\024\002@\216l""\241F""; closeTime: 803902463; signature: ""0E\002!\000\244\260\020%\033\023&\\371&?\353\355\002\217G\027\354\2756\neZ3\244\345\336-\341^\211\312\002 Q\242\326\372u\352\006\003\333\335i\272\323s\264\023\324\222\330\030\305\323\256q\273k\375\304\331\353s\004""; previousledger: ""T\270\242(,&\233\326\374o\306[\235\317>\021e\005s\261\371l\216\017\003\032\017J\217\244W<""; ","proposeSeq: 0; currentTxHash: ""\000\000\000\000\000\000\000\000\000\000\000\000\000\000\000\000\000\000\000\000\000\000\000\000\000\000\000\000\000\000\000\000""; nodePubKey: ""\003.\200\224\215?)t\306\315\242\313\251\255\302\204=\232.\271%}\013\024s\024\002@\216l""\241F""; closeTime: 803902463; signature: ""0E\002!\000\244\260\020%\033\023&\\371&?\353\355\002\217G\027\354\2756\neZ3\244\345\336-\341^\211\312\002 Q\242\326\372u\352\006\003\333\335i\272\323s\264\023\324\222\330\030\305\323\256q\273k\375\304\331\353s\004""; previousledger: ""T\270\242(,&\233\326\374o\306[\235\317>\021e\005s\261\371l\216\017\003\032\017J\217\244W<""; "
1750587264711,1750587264711,3656,1,3,1,TMProposeSet,"proposeSeq: 0; currentTxHash: ""\000\000\000\000\000\000\000\000\000\000\000\000\000\000\000\000\000\000\000\000\000\000\000\000\000\000\000\000\000\000\000\000""; nodePubKey: ""\003.\200\224\215?)t\306\315\242\313\251\255\302\204=\232.\271%}\013\024s\024\002@\216l""\241F""; closeTime: 803902463; signature: ""0E\002!\000\244\260\020%\033\023&\\371&?\353\355\002\217G\027\354\2756\neZ3\244\345\336-\341^\211\312\002 Q\242\326\372u\352\006\003\333\335i\272\323s\264\023\324\222\330\030\305\323\256q\273k\375\304\331\353s\004""; previousledger: ""T\270\242(,&\233\326\374o\306[\235\317>\021e\005s\261\371l\216\017\003\032\017J\217\244W<""; ","proposeSeq: 0; currentTxHash: ""\000\000\000\000\000\000\000\000\000\000\000\000\000\000\000\000\000\000\000\000\000\000\000\000\000\000\000\000\000\000\000\000""; nodePubKey: ""\003.\200\224\215?)t\306\315\242\313\251\255\302\204=\232.\271%}\013\024s\024\002@\216l""\241F""; closeTime: 803902463; signature: ""0E\002!\000\244\260\020%\033\023&\\371&?\353\355\002\217G\027\354\2756\neZ3\244\345\336-\341^\211\312\002 Q\242\326\372u\352\006\003\333\335i\272\323s\264\023\324\222\330\030\305\323\256q\273k\375\304\331\353s\004""; previousledger: ""T\270\242(,&\233\326\374o\306[\235\317>\021e\005s\261\371l\216\017\003\032\017J\217\244W<""; "
1750587264730,1750587264730,926,1,1,0,TMProposeSet,"proposeSeq: 0; currentTxHash: ""\000\000\000\000\000\000\000\000\000\000\000\000\000\000\000\000\000\000\000\000\000\000\000\000\000\000\000\000\000\000\000\000""; nodePubKey: ""\003.\200\224\215?)t\306\315\242\313\251\255\302\204=\232.\271%}\013\024s\024\002@\216l""\241F""; closeTime: 803902463; signature: ""0E\002!\000\244\260\020%\033\023&\\371&?\353\355\002\217G\027\354\2756\neZ3\244\345\336-\341^\211\312\002 Q\242\326\372u\352\006\003\333\335i\272\323s\264\023\324\222\330\030\305\323\256q\273k\375\304\331\353s\004""; previousledger: ""T\270\242(,&\233\326\374o\306[\235\317>\021e\005s\261\371l\216\017\003\032\017J\217\244W<""; ","proposeSeq: 0; currentTxHash: ""\000\000\000\000\000\000\000\000\000\000\000\000\000\000\000\000\000\000\000\000\000\000\000\000\000\000\000\000\000\000\000\000""; nodePubKey: ""\003.\200\224\215?)t\306\315\242\313\251\255\302\204=\232.\271%}\013\024s\024\002@\216l""\241F""; closeTime: 803902463; signature: ""0E\002!\000\244\260\020%\033\023&\\371&?\353\355\002\217G\027\354\2756\neZ3\244\345\336-\341^\211\312\002 Q\242\326\372u\352\006\003\333\335i\272\323s\264\023\324\222\330\030\305\323\256q\273k\375\304\331\353s\004""; previousledger: ""T\270\242(,&\233\326\374o\306[\235\317>\021e\005s\261\371l\216\017\003\032\017J\217\244W<""; "
1750587264730,1750587264730,1799,1,1,2,TMProposeSet,"proposeSeq: 0; currentTxHash: ""\000\000\000\000\000\000\000\000\000\000\000\000\000\000\000\000\000\000\000\000\000\000\000\000\000\000\000\000\000\000\000\000""; nodePubKey: ""\003.\200\224\215?)t\306\315\242\313\251\255\302\204=\232.\271%}\013\024s\024\002@\216l""\241F""; closeTime: 803902463; signature: ""0E\002!\000\244\260\020%\033\023&\\371&?\353\355\002\217G\027\354\2756\neZ3\244\345\336-\341^\211\312\002 Q\242\326\372u\352\006\003\333\335i\272\323s\264\023\324\222\330\030\305\323\256q\273k\375\304\331\353s\004""; previousledger: ""T\270\242(,&\233\326\374o\306[\235\317>\021e\005s\261\371l\216\017\003\032\017J\217\244W<""; ","proposeSeq: 0; currentTxHash: ""\000\000\000\000\000\000\000\000\000\000\000\000\000\000\000\000\000\000\000\000\000\000\000\000\000\000\000\000\000\000\000\000""; nodePubKey: ""\003.\200\224\215?)t\306\315\242\313\251\255\302\204=\232.\271%}\013\024s\024\002@\216l""\241F""; closeTime: 803902463; signature: ""0E\002!\000\244\260\020%\033\023&\\371&?\353\355\002\217G\027\354\2756\neZ3\244\345\336-\341^\211\312\002 Q\242\326\372u\352\006\003\333\335i\272\323s\264\023\324\222\330\030\305\323\256q\273k\375\304\331\353s\004""; previousledger: ""T\270\242(,&\233\326\374o\306[\235\317>\021e\005s\261\371l\216\017\003\032\017J\217\244W<""; "
1750587264740,1750587264740,3538,1,1,3,TMProposeSet,"proposeSeq: 0; currentTxHash: ""\000\000\000\000\000\000\000\000\000\000\000\000\000\000\000\000\000\000\000\000\000\000\000\000\000\000\000\000\000\000\000\000""; nodePubKey: ""\003.\200\224\215?)t\306\315\242\313\251\255\302\204=\232.\271%}\013\024s\024\002@\216l""\241F""; closeTime: 803902463; signature: ""0E\002!\000\244\260\020%\033\023&\\371&?\353\355\002\217G\027\354\2756\neZ3\244\345\336-\341^\211\312\002 Q\242\326\372u\352\006\003\333\335i\272\323s\264\023\324\222\330\030\305\323\256q\273k\375\304\331\353s\004""; previousledger: ""T\270\242(,&\233\326\374o\306[\235\317>\021e\005s\261\371l\216\017\003\032\017J\217\244W<""; ","proposeSeq: 0; currentTxHash: ""\000\000\000\000\000\000\000\000\000\000\000\000\000\000\000\000\000\000\000\000\000\000\000\000\000\000\000\000\000\000\000\000""; nodePubKey: ""\003.\200\224\215?)t\306\315\242\313\251\255\302\204=\232.\271%}\013\024s\024\002@\216l""\241F""; closeTime: 803902463; signature: ""0E\002!\000\244\260\020%\033\023&\\371&?\353\355\002\217G\027\354\2756\neZ3\244\345\336-\341^\211\312\002 Q\242\326\372u\352\006\003\333\335i\272\323s\264\023\324\222\330\030\305\323\256q\273k\375\304\331\353s\004""; previousledger: ""T\270\242(,&\233\326\374o\306[\235\317>\021e\005s\261\371l\216\017\003\032\017J\217\244W<""; "
1750587264862,1750587264862,141,1,0,3,TMProposeSet,"proposeSeq: 0; currentTxHash: ""\000\000\000\000\000\000\000\000\000\000\000\000\000\000\000\000\000\000\000\000\000\000\000\000\000\000\000\000\000\000\000\000""; nodePubKey: ""\003.\200\224\215?)t\306\315\242\313\251\255\302\204=\232.\271%}\013\024s\024\002@\216l""\241F""; closeTime: 803902463; signature: ""0E\002!\000\244\260\020%\033\023&\\371&?\353\355\002\217G\027\354\2756\neZ3\244\345\336-\341^\211\312\002 Q\242\326\372u\352\006\003\333\335i\272\323s\264\023\324\222\330\030\305\323\256q\273k\375\304\331\353s\004""; previousledger: ""T\270\242(,&\233\326\374o\306[\235\317>\021e\005s\261\371l\216\017\003\032\017J\217\244W<""; ","proposeSeq: 0; currentTxHash: ""\000\000\000\000\000\000\000\000\000\000\000\000\000\000\000\000\000\000\000\000\000\000\000\000\000\000\000\000\000\000\000\000""; nodePubKey: ""\003.\200\224\215?)t\306\315\242\313\251\255\302\204=\232.\271%}\013\024s\024\002@\216l""\241F""; closeTime: 803902463; signature: ""0E\002!\000\244\260\020%\033\023&\\371&?\353\355\002\217G\027\354\2756\neZ3\244\345\336-\341^\211\312\002 Q\242\326\372u\352\006\003\333\335i\272\323s\264\023\324\222\330\030\305\323\256q\273k\375\304\331\353s\004""; previousledger: ""T\270\242(,&\233\326\374o\306[\235\317>\021e\005s\261\371l\216\017\003\032\017J\217\244W<""; "
1750587264863,1750587264863,190,1,0,1,TMProposeSet,"proposeSeq: 0; currentTxHash: ""\000\000\000\000\000\000\000\000\000\000\000\000\000\000\000\000\000\000\000\000\000\000\000\000\000\000\000\000\000\000\000\000""; nodePubKey: ""\003.\200\224\215?)t\306\315\242\313\251\255\302\204=\232.\271%}\013\024s\024\002@\216l""\241F""; closeTime: 803902463; signature: ""0E\002!\000\244\260\020%\033\023&\\371&?\353\355\002\217G\027\354\2756\neZ3\244\345\336-\341^\211\312\002 Q\242\326\372u\352\006\003\333\335i\272\323s\264\023\324\222\330\030\305\323\256q\273k\375\304\331\353s\004""; previousledger: ""T\270\242(,&\233\326\374o\306[\235\317>\021e\005s\261\371l\216\017\003\032\017J\217\244W<""; ","proposeSeq: 0; currentTxHash: ""\000\000\000\000\000\000\000\000\000\000\000\000\000\000\000\000\000\000\000\000\000\000\000\000\000\000\000\000\000\000\000\000""; nodePubKey: ""\003.\200\224\215?)t\306\315\242\313\251\255\302\204=\232.\271%}\013\024s\024\002@\216l""\241F""; closeTime: 803902463; signature: ""0E\002!\000\244\260\020%\033\023&\\371&?\353\355\002\217G\027\354\2756\neZ3\244\345\336-\341^\211\312\002 Q\242\326\372u\352\006\003\333\335i\272\323s\264\023\324\222\330\030\305\323\256q\273k\375\304\331\353s\004""; previousledger: ""T\270\242(,&\233\326\374o\306[\235\317>\021e\005s\261\371l\216\017\003\032\017J\217\244W<""; "
1750587264864,1750587264864,1290,1,0,2,TMProposeSet,"proposeSeq: 0; currentTxHash: ""\000\000\000\000\000\000\000\000\000\000\000\000\000\000\000\000\000\000\000\000\000\000\000\000\000\000\000\000\000\000\000\000""; nodePubKey: ""\003.\200\224\215?)t\306\315\242\313\251\255\302\204=\232.\271%}\013\024s\024\002@\216l""\241F""; closeTime: 803902463; signature: ""0E\002!\000\244\260\020%\033\023&\\371&?\353\355\002\217G\027\354\2756\neZ3\244\345\336-\341^\211\312\002 Q\242\326\372u\352\006\003\333\335i\272\323s\264\023\324\222\330\030\305\323\256q\273k\375\304\331\353s\004""; previousledger: ""T\270\242(,&\233\326\374o\306[\235\317>\021e\005s\261\371l\216\017\003\032\017J\217\244W<""; ","proposeSeq: 0; currentTxHash: ""\000\000\000\000\000\000\000\000\000\000\000\000\000\000\000\000\000\000\000\000\000\000\000\000\000\000\000\000\000\000\000\000""; nodePubKey: ""\003.\200\224\215?)t\306\315\242\313\251\255\302\204=\232.\271%}\013\024s\024\002@\216l""\241F""; closeTime: 803902463; signature: ""0E\002!\000\244\260\020%\033\023&\\371&?\353\355\002\217G\027\354\2756\neZ3\244\345\336-\341^\211\312\002 Q\242\326\372u\352\006\003\333\335i\272\323s\264\023\324\222\330\030\305\323\256q\273k\375\304\331\353s\004""; previousledger: ""T\270\242(,&\233\326\374o\306[\235\317>\021e\005s\261\371l\216\017\003\032\017J\217\244W<""; "
1750587264999,1750587264999,141,1,0,3,TMProposeSet,"proposeSeq: 0; currentTxHash: ""\000\000\000\000\000\000\000\000\000\000\000\000\000\000\000\000\000\000\000\000\000\000\000\000\000\000\000\000\000\000\000\000""; nodePubKey: ""\002\347\243J\206W\025ML\260\226\0163\217\250\337\325W\253\356*O\245Z\271\234\207C\274\375`\335\311""; closeTime: 803902464; signature: ""0D\002 \007q\233\301\252\373\350\204kF\257\216\021\037\177?\252\275K\204\337%\234\357\341$\270\001\233e\346\266\002 3H\351Y&\224'\247e\3570_;\204P\370\243\244\352b\303\333\333L\230d\352\257xA\332\371""; previousledger: ""T\270\242(,&\233\326\374o\306[\235\317>\021e\005s\261\371l\216\017\003\032\017J\217\244W<""; ","proposeSeq: 0; currentTxHash: ""\000\000\000\000\000\000\000\000\000\000\000\000\000\000\000\000\000\000\000\000\000\000\000\000\000\000\000\000\000\000\000\000""; nodePubKey: ""\002\347\243J\206W\025ML\260\226\0163\217\250\337\325W\253\356*O\245Z\271\234\207C\274\375`\335\311""; closeTime: 803902464; signature: ""0D\002 \007q\233\301\252\373\350\204kF\257\216\021\037\177?\252\275K\204\337%\234\357\341$\270\001\233e\346\266\002 3H\351Y&\224'\247e\3570_;\204P\370\243\244\352b\303\333\333L\230d\352\257xA\332\371""; previousledger: ""T\270\242(,&\233\326\374o\306[\235\317>\021e\005s\261\371l\216\017\003\032\017J\217\244W<""; "
1750587265000,1750587265000,2970,1,0,4,TMProposeSet,"proposeSeq: 0; currentTxHash: ""\000\000\000\000\000\000\000\000\000\000\000\000\000\000\000\000\000\000\000\000\000\000\000\000\000\000\000\000\000\000\000\000""; nodePubKey: ""\002\347\243J\206W\025ML\260\226\0163\217\250\337\325W\253\356*O\245Z\271\234\207C\274\375`\335\311""; closeTime: 803902464; signature: ""0D\002 \007q\233\301\252\373\350\204kF\257\216\021\037\177?\252\275K\204\337%\234\357\341$\270\001\233e\346\266\002 3H\351Y&\224'\247e\3570_;\204P\370\243\244\352b\303\333\333L\230d\352\257xA\332\371""; previousledger: ""T\270\242(,&\233\326\374o\306[\235\317>\021e\005s\261\371l\216\017\003\032\017J\217\244W<""; ","proposeSeq: 0; currentTxHash: ""\000\000\000\000\000\000\000\000\000\000\000\000\000\000\000\000\000\000\000\000\000\000\000\000\000\000\000\000\000\000\000\000""; nodePubKey: ""\002\347\243J\206W\025ML\260\226\0163\217\250\337\325W\253\356*O\245Z\271\234\207C\274\375`\335\311""; closeTime: 803902464; signature: ""0D\002 \007q\233\301\252\373\350\204kF\257\216\021\037\177?\252\275K\204\337%\234\357\341$\270\001\233e\346\266\002 3H\351Y&\224'\247e\3570_;\204P\370\243\244\352b\303\333\333L\230d\352\257xA\332\371""; previousledger: ""T\270\242(,&\233\326\374o\306[\235\317>\021e\005s\261\371l\216\017\003\032\017J\217\244W<""; "
1750587265002,1750587265002,1290,1,0,2,TMProposeSet,"proposeSeq: 0; currentTxHash: ""\000\000\000\000\000\000\000\000\000\000\000\000\000\000\000\000\000\000\000\000\000\000\000\000\000\000\000\000\000\000\000\000""; nodePubKey: ""\002\347\243J\206W\025ML\260\226\0163\217\250\337\325W\253\356*O\245Z\271\234\207C\274\375`\335\311""; closeTime: 803902464; signature: ""0D\002 \007q\233\301\252\373\350\204kF\257\216\021\037\177?\252\275K\204\337%\234\357\341$\270\001\233e\346\266\002 3H\351Y&\224'\247e\3570_;\204P\370\243\244\352b\303\333\333L\230d\352\257xA\332\371""; previousledger: ""T\270\242(,&\233\326\374o\306[\235\317>\021e\005s\261\371l\216\017\003\032\017J\217\244W<""; ","proposeSeq: 0; currentTxHash: ""\000\000\000\000\000\000\000\000\000\000\000\000\000\000\000\000\000\000\000\000\000\000\000\000\000\000\000\000\000\000\000\000""; nodePubKey: ""\002\347\243J\206W\025ML\260\226\0163\217\250\337\325W\253\356*O\245Z\271\234\207C\274\375`\335\311""; closeTime: 803902464; signature: ""0D\002 \007q\233\301\252\373\350\204kF\257\216\021\037\177?\252\275K\204\337%\234\357\341$\270\001\233e\346\266\002 3H\351Y&\224'\247e\3570_;\204P\370\243\244\352b\303\333\333L\230d\352\257xA\332\371""; previousledger: ""T\270\242(,&\233\326\374o\306[\235\317>\021e\005s\261\371l\216\017\003\032\017J\217\244W<""; "
1750587265002,1750587265003,190,1,0,1,TMProposeSet,"proposeSeq: 0; currentTxHash: ""\000\000\000\000\000\000\000\000\000\000\000\000\000\000\000\000\000\000\000\000\000\000\000\000\000\000\000\000\000\000\000\000""; nodePubKey: ""\002\347\243J\206W\025ML\260\226\0163\217\250\337\325W\253\356*O\245Z\271\234\207C\274\375`\335\311""; closeTime: 803902464; signature: ""0D\002 \007q\233\301\252\373\350\204kF\257\216\021\037\177?\252\275K\204\337%\234\357\341$\270\001\233e\346\266\002 3H\351Y&\224'\247e\3570_;\204P\370\243\244\352b\303\333\333L\230d\352\257xA\332\371""; previousledger: ""T\270\242(,&\233\326\374o\306[\235\317>\021e\005s\261\371l\216\017\003\032\017J\217\244W<""; ","proposeSeq: 0; currentTxHash: ""\000\000\000\000\000\000\000\000\000\000\000\000\000\000\000\000\000\000\000\000\000\000\000\000\000\000\000\000\000\000\000\000""; nodePubKey: ""\002\347\243J\206W\025ML\260\226\0163\217\250\337\325W\253\356*O\245Z\271\234\207C\274\375`\335\311""; closeTime: 803902464; signature: ""0D\002 \007q\233\301\252\373\350\204kF\257\216\021\037\177?\252\275K\204\337%\234\357\341$\270\001\233e\346\266\002 3H\351Y&\224'\247e\3570_;\204P\370\243\244\352b\303\333\333L\230d\352\257xA\332\371""; previousledger: ""T\270\242(,&\233\326\374o\306[\235\317>\021e\005s\261\371l\216\017\003\032\017J\217\244W<""; "
1750587264998,1750587265106,2252,1,0,4,TMStatusChange,"newEvent: neCLOSING_LEDGER; ledgerSeq: 3; ledgerHash: ""T\270\242(,&\233\326\374o\306[\235\317>\021e\005s\261\371l\216\017\003\032\017J\217\244W<""; ledgerHashPrevious: ""\214.\207\210%\003 \010ML\347\200R\304&\320_\215\226\344\334\033\354\2002\255\216\332\317\255\034\017""; networkTime: 803902464; firstSeq: 1; lastSeq: 1; ","newEvent: neCLOSING_LEDGER; ledgerSeq: 3; ledgerHash: ""T\270\242(,&\233\326\374o\306[\235\317>\021e\005s\261\371l\216\017\003\032\017J\217\244W<""; ledgerHashPrevious: ""\214.\207\210%\003 \010ML\347\200R\304&\320_\215\226\344\334\033\354\2002\255\216\332\317\255\034\017""; networkTime: 803902464; firstSeq: 1; lastSeq: 1; "
1750587264999,1750587265107,3150,1,0,3,TMStatusChange,"newEvent: neCLOSING_LEDGER; ledgerSeq: 3; ledgerHash: ""T\270\242(,&\233\326\374o\306[\235\317>\021e\005s\261\371l\216\017\003\032\017J\217\244W<""; ledgerHashPrevious: ""\214.\207\210%\003 \010ML\347\200R\304&\320_\215\226\344\334\033\354\2002\255\216\332\317\255\034\017""; networkTime: 803902464; firstSeq: 1; lastSeq: 1; ","newEvent: neCLOSING_LEDGER; ledgerSeq: 3; ledgerHash: ""T\270\242(,&\233\326\374o\306[\235\317>\021e\005s\261\371l\216\017\003\032\017J\217\244W<""; ledgerHashPrevious: ""\214.\207\210%\003 \010ML\347\200R\304&\320_\215\226\344\334\033\354\2002\255\216\332\317\255\034\017""; networkTime: 803902464; firstSeq: 1; lastSeq: 1; "
1750587265001,1750587265107,468,1,0,1,TMStatusChange,"newEvent: neCLOSING_LEDGER; ledgerSeq: 3; ledgerHash: ""T\270\242(,&\233\326\374o\306[\235\317>\021e\005s\261\371l\216\017\003\032\017J\217\244W<""; ledgerHashPrevious: ""\214.\207\210%\003 \010ML\347\200R\304&\320_\215\226\344\334\033\354\2002\255\216\332\317\255\034\017""; networkTime: 803902464; firstSeq: 1; lastSeq: 1; ","newEvent: neCLOSING_LEDGER; ledgerSeq: 3; ledgerHash: ""T\270\242(,&\233\326\374o\306[\235\317>\021e\005s\261\371l\216\017\003\032\017J\217\244W<""; ledgerHashPrevious: ""\214.\207\210%\003 \010ML\347\200R\304&\320_\215\226\344\334\033\354\2002\255\216\332\317\255\034\017""; networkTime: 803902464; firstSeq: 1; lastSeq: 1; "
1750587265002,1750587265108,615,1,0,2,TMStatusChange,"newEvent: neCLOSING_LEDGER; ledgerSeq: 3; ledgerHash: ""T\270\242(,&\233\326\374o\306[\235\317>\021e\005s\261\371l\216\017\003\032\017J\217\244W<""; ledgerHashPrevious: ""\214.\207\210%\003 \010ML\347\200R\304&\320_\215\226\344\334\033\354\2002\255\216\332\317\255\034\017""; networkTime: 803902464; firstSeq: 1; lastSeq: 1; ","newEvent: neCLOSING_LEDGER; ledgerSeq: 3; ledgerHash: ""T\270\242(,&\233\326\374o\306[\235\317>\021e\005s\261\371l\216\017\003\032\017J\217\244W<""; ledgerHashPrevious: ""\214.\207\210%\003 \010ML\347\200R\304&\320_\215\226\344\334\033\354\2002\255\216\332\317\255\034\017""; networkTime: 803902464; firstSeq: 1; lastSeq: 1; "
1750587265115,1750587265115,3375,1,1,4,TMProposeSet,"proposeSeq: 0; currentTxHash: ""\000\000\000\000\000\000\000\000\000\000\000\000\000\000\000\000\000\000\000\000\000\000\000\000\000\000\000\000\000\000\000\000""; nodePubKey: ""\003ql\302)\235\321\t\213\224\356\374%%\311\327\037\374\304\t\335\2359\344\233\035]\347<u\236\364\222""; closeTime: 803902463; signature: ""0D\002 L\225\273H\246\212\2157\326-\356E\347\225?\237\312\252|\242\335w\266\360\217\031/\375\311n\035\200\002 l\271\023\254\tW\243i\371\036\334\010\2678\335\231Q\3523\245_\336\002i\314\32515\211\024?\330""; previousledger: ""T\270\242(,&\233\326\374o\306[\235\317>\021e\005s\261\371l\216\017\003\032\017J\217\244W<""; ","proposeSeq: 0; currentTxHash: ""\000\000\000\000\000\000\000\000\000\000\000\000\000\000\000\000\000\000\000\000\000\000\000\000\000\000\000\000\000\000\000\000""; nodePubKey: ""\003ql\302)\235\321\t\213\224\356\374%%\311\327\037\374\304\t\335\2359\344\233\035]\347<u\236\364\222""; closeTime: 803902463; signature: ""0D\002 L\225\273H\246\212\2157\326-\356E\347\225?\237\312\252|\242\335w\266\360\217\031/\375\311n\035\200\002 l\271\023\254\tW\243i\371\036\334\010\2678\335\231Q\3523\245_\336\002i\314\32515\211\024?\330""; previousledger: ""T\270\242(,&\233\326\374o\306[\235\317>\021e\005s\261\371l\216\017\003\032\017J\217\244W<""; "
1750587265116,1750587265116,926,1,1,0,TMProposeSet,"proposeSeq: 0; currentTxHash: ""\000\000\000\000\000\000\000\000\000\000\000\000\000\000\000\000\000\000\000\000\000\000\000\000\000\000\000\000\000\000\000\000""; nodePubKey: ""\003ql\302)\235\321\t\213\224\356\374%%\311\327\037\374\304\t\335\2359\344\233\035]\347<u\236\364\222""; closeTime: 803902463; signature: ""0D\002 L\225\273H\246\212\2157\326-\356E\347\225?\237\312\252|\242\335w\266\360\217\031/\375\311n\035\200\002 l\271\023\254\tW\243i\371\036\334\010\2678\335\231Q\3523\245_\336\002i\314\32515\211\024?\330""; previousledger: ""T\270\242(,&\233\326\374o\306[\235\317>\021e\005s\261\371l\216\017\003\032\017J\217\244W<""; ","proposeSeq: 0; currentTxHash: ""\000\000\000\000\000\000\000\000\000\000\000\000\000\000\000\000\000\000\000\000\000\000\000\000\000\000\000\000\000\000\000\000""; nodePubKey: ""\003ql\302)\235\321\t\213\224\356\374%%\311\327\037\374\304\t\335\2359\344\233\035]\347<u\236\364\222""; closeTime: 803902463; signature: ""0D\002 L\225\273H\246\212\2157\326-\356E\347\225?\237\312\252|\242\335w\266\360\217\031/\375\311n\035\200\002 l\271\023\254\tW\243i\371\036\334\010\2678\335\231Q\3523\245_\336\002i\314\32515\211\024?\330""; previousledger: ""T\270\242(,&\233\326\374o\306[\235\317>\021e\005s\261\371l\216\017\003\032\017J\217\244W<""; "
1750587265115,1750587265115,3538,1,1,3,TMProposeSet,"proposeSeq: 0; currentTxHash: ""\000\000\000\000\000\000\000\000\000\000\000\000\000\000\000\000\000\000\000\000\000\000\000\000\000\000\000\000\000\000\000\000""; nodePubKey: ""\003ql\302)\235\321\t\213\224\356\374%%\311\327\037\374\304\t\335\2359\344\233\035]\347<u\236\364\222""; closeTime: 803902463; signature: ""0D\002 L\225\273H\246\212\2157\326-\356E\347\225?\237\312\252|\242\335w\266\360\217\031/\375\311n\035\200\002 l\271\023\254\tW\243i\371\036\334\010\2678\335\231Q\3523\245_\336\002i\314\32515\211\024?\330""; previousledger: ""T\270\242(,&\233\326\374o\306[\235\317>\021e\005s\261\371l\216\017\003\032\017J\217\244W<""; ","proposeSeq: 0; currentTxHash: ""\000\000\000\000\000\000\000\000\000\000\000\000\000\000\000\000\000\000\000\000\000\000\000\000\000\000\000\000\000\000\000\000""; nodePubKey: ""\003ql\302)\235\321\t\213\224\356\374%%\311\327\037\374\304\t\335\2359\344\233\035]\347<u\236\364\222""; closeTime: 803902463; signature: ""0D\002 L\225\273H\246\212\2157\326-\356E\347\225?\237\312\252|\242\335w\266\360\217\031/\375\311n\035\200\002 l\271\023\254\tW\243i\371\036\334\010\2678\335\231Q\3523\245_\336\002i\314\32515\211\024?\330""; previousledger: ""T\270\242(,&\233\326\374o\306[\235\317>\021e\005s\261\371l\216\017\003\032\017J\217\244W<""; "
1750587265142,1750587265142,1317,1,3,2,TMProposeSet,"proposeSeq: 0; currentTxHash: ""\000\000\000\000\000\000\000\000\000\000\000\000\000\000\000\000\000\000\000\000\000\000\000\000\000\000\000\000\000\000\000\000""; nodePubKey: ""\002\347\243J\206W\025ML\260\226\0163\217\250\337\325W\253\356*O\245Z\271\234\207C\274\375`\335\311""; closeTime: 803902464; signature: ""0D\002 \007q\233\301\252\373\350\204kF\257\216\021\037\177?\252\275K\204\337%\234\357\341$\270\001\233e\346\266\002 3H\351Y&\224'\247e\3570_;\204P\370\243\244\352b\303\333\333L\230d\352\257xA\332\371""; previousledger: ""T\270\242(,&\233\326\374o\306[\235\317>\021e\005s\261\371l\216\017\003\032\017J\217\244W<""; ","proposeSeq: 0; currentTxHash: ""\000\000\000\000\000\000\000\000\000\000\000\000\000\000\000\000\000\000\000\000\000\000\000\000\000\000\000\000\000\000\000\000""; nodePubKey: ""\002\347\243J\206W\025ML\260\226\0163\217\250\337\325W\253\356*O\245Z\271\234\207C\274\375`\335\311""; closeTime: 803902464; signature: ""0D\002 \007q\233\301\252\373\350\204kF\257\216\021\037\177?\252\275K\204\337%\234\357\341$\270\001\233e\346\266\002 3H\351Y&\224'\247e\3570_;\204P\370\243\244\352b\303\333\333L\230d\352\257xA\332\371""; previousledger: ""T\270\242(,&\233\326\374o\306[\235\317>\021e\005s\261\371l\216\017\003\032\017J\217\244W<""; "
1750587265142,1750587265142,483,1,3,4,TMProposeSet,"proposeSeq: 0; currentTxHash: ""\000\000\000\000\000\000\000\000\000\000\000\000\000\000\000\000\000\000\000\000\000\000\000\000\000\000\000\000\000\000\000\000""; nodePubKey: ""\002\347\243J\206W\025ML\260\226\0163\217\250\337\325W\253\356*O\245Z\271\234\207C\274\375`\335\311""; closeTime: 803902464; signature: ""0D\002 \007q\233\301\252\373\350\204kF\257\216\021\037\177?\252\275K\204\337%\234\357\341$\270\001\233e\346\266\002 3H\351Y&\224'\247e\3570_;\204P\370\243\244\352b\303\333\333L\230d\352\257xA\332\371""; previousledger: ""T\270\242(,&\233\326\374o\306[\235\317>\021e\005s\261\371l\216\017\003\032\017J\217\244W<""; ","proposeSeq: 0; currentTxHash: ""\000\000\000\000\000\000\000\000\000\000\000\000\000\000\000\000\000\000\000\000\000\000\000\000\000\000\000\000\000\000\000\000""; nodePubKey: ""\002\347\243J\206W\025ML\260\226\0163\217\250\337\325W\253\356*O\245Z\271\234\207C\274\375`\335\311""; closeTime: 803902464; signature: ""0D\002 \007q\233\301\252\373\350\204kF\257\216\021\037\177?\252\275K\204\337%\234\357\341$\270\001\233e\346\266\002 3H\351Y&\224'\247e\3570_;\204P\370\243\244\352b\303\333\333L\230d\352\257xA\332\371""; previousledger: ""T\270\242(,&\233\326\374o\306[\235\317>\021e\005s\261\371l\216\017\003\032\017J\217\244W<""; "
1750587265143,1750587265143,3656,1,3,1,TMProposeSet,"proposeSeq: 0; currentTxHash: ""\000\000\000\000\000\000\000\000\000\000\000\000\000\000\000\000\000\000\000\000\000\000\000\000\000\000\000\000\000\000\000\000""; nodePubKey: ""\002\347\243J\206W\025ML\260\226\0163\217\250\337\325W\253\356*O\245Z\271\234\207C\274\375`\335\311""; closeTime: 803902464; signature: ""0D\002 \007q\233\301\252\373\350\204kF\257\216\021\037\177?\252\275K\204\337%\234\357\341$\270\001\233e\346\266\002 3H\351Y&\224'\247e\3570_;\204P\370\243\244\352b\303\333\333L\230d\352\257xA\332\371""; previousledger: ""T\270\242(,&\233\326\374o\306[\235\317>\021e\005s\261\371l\216\017\003\032\017J\217\244W<""; ","proposeSeq: 0; currentTxHash: ""\000\000\000\000\000\000\000\000\000\000\000\000\000\000\000\000\000\000\000\000\000\000\000\000\000\000\000\000\000\000\000\000""; nodePubKey: ""\002\347\243J\206W\025ML\260\226\0163\217\250\337\325W\253\356*O\245Z\271\234\207C\274\375`\335\311""; closeTime: 803902464; signature: ""0D\002 \007q\233\301\252\373\350\204kF\257\216\021\037\177?\252\275K\204\337%\234\357\341$\270\001\233e\346\266\002 3H\351Y&\224'\247e\3570_;\204P\370\243\244\352b\303\333\333L\230d\352\257xA\332\371""; previousledger: ""T\270\242(,&\233\326\374o\306[\235\317>\021e\005s\261\371l\216\017\003\032\017J\217\244W<""; "
1750587265177,1750587265178,2839,1,1,4,TMTransaction,"rawTransaction: ""\022\000\000""\000\000\000\000$\000\000\000\002 \033\000\000\000\027a@\000\000\027H\206*@h@\000\000\000\000\000\000\ns!\0030\347\374\235V\273%\326\211;\243\363\027\256[\3173\263)\033\326=\263&T\243\023""/\177\320 tG0E\002!\000\354\026Q~\030\260\230\312\233p\304\177>\274\255\213\032!\016\355\331\243\222\312%\364\027\357\224\037\371[\002 =\214\276+a}GM\202\370!\322\021\221\r-\P\030M?a\nUJ<\020u\207P\203\316\201\024\265\367by\212S\325C\240\024\312\370\262\227\317\370\362\3717\350\203\024\023\252#\014BS\272`\277B\346\245]\332\351o'013""; status: tsCURRENT; receiveTimestamp: 803902465; deferred: false; ","rawTransaction: ""\022\000\000""\000\000\000\000$\000\000\000\002 \033\000\000\000\027a@\000\000\027H\206*@h@\000\000\000\000\000\000\ns!\0030\347\374\235V\273%\326\211;\243\363\027\256[\3173\263)\033\326=\263&T\243\023""/\177\320 tG0E\002!\000\354\026Q~\030\260\230\312\233p\304\177>\274\255\213\032!\016\355\331\243\222\312%\364\027\357\224\037\371[\002 =\214\276+a}GM\202\370!\322\021\221\r-\P\030M?a\nUJ<\020u\207P\203\316\201\024\265\367by\212S\325C\240\024\312\370\262\227\317\370\362\3717\350\203\024\023\252#\014BS\272`\277B\346\245]\332\351o'013""; status: tsCURRENT; receiveTimestamp: 803902465; deferred: false; "
1750587265177,1750587265180,1777,1,1,3,TMTransaction,"rawTransaction: ""\022\000\000""\000\000\000\000$\000\000\000\002 \033\000\000\000\027a@\000\000\027H\206*@h@\000\000\000\000\000\000\ns!\0030\347\374\235V\273%\326\211;\243\363\027\256[\3173\263)\033\326=\263&T\243\023""/\177\320 tG0E\002!\000\354\026Q~\030\260\230\312\233p\304\177>\274\255\213\032!\016\355\331\243\222\312%\364\027\357\224\037\371[\002 =\214\276+a}GM\202\370!\322\021\221\r-\P\030M?a\nUJ<\020u\207P\203\316\201\024\265\367by\212S\325C\240\024\312\370\262\227\317\370\362\3717\350\203\024\023\252#\014BS\272`\277B\346\245]\332\351o'013""; status: tsCURRENT; receiveTimestamp: 803902465; deferred: false; ","rawTransaction: ""\022\000\000""\000\000\000\000$\000\000\000\002 \033\000\000\000\027a@\000\000\027H\206*@h@\000\000\000\000\000\000\ns!\0030\347\374\235V\273%\326\211;\243\363\027\256[\3173\263)\033\326=\263&T\243\023""/\177\320 tG0E\002!\000\354\026Q~\030\260\230\312\233p\304\177>\274\255\213\032!\016\355\331\243\222\312%\364\027\357\224\037\371[\002 =\214\276+a}GM\202\370!\322\021\221\r-\P\030M?a\nUJ<\020u\207P\203\316\201\024\265\367by\212S\325C\240\024\312\370\262\227\317\370\362\3717\350\203\024\023\252#\014BS\272`\277B\346\245]\332\351o'013""; status: tsCURRENT; receiveTimestamp: 803902465; deferred: false; "
1750587265179,1750587265181,1343,1,1,0,TMTransaction,"rawTransaction: ""\022\000\000""\000\000\000\000$\000\000\000\002 \033\000\000\000\027a@\000\000\027H\206*@h@\000\000\000\000\000\000\ns!\0030\347\374\235V\273%\326\211;\243\363\027\256[\3173\263)\033\326=\263&T\243\023""/\177\320 tG0E\002!\000\354\026Q~\030\260\230\312\233p\304\177>\274\255\213\032!\016\355\331\243\222\312%\364\027\357\224\037\371[\002 =\214\276+a}GM\202\370!\322\021\221\r-\P\030M?a\nUJ<\020u\207P\203\316\201\024\265\367by\212S\325C\240\024\312\370\262\227\317\370\362\3717\350\203\024\023\252#\014BS\272`\277B\346\245]\332\351o'013""; status: tsCURRENT; receiveTimestamp: 803902465; deferred: false; ","rawTransaction: ""\022\000\000""\000\000\000\000$\000\000\000\002 \033\000\000\000\027a@\000\000\027H\206*@h@\000\000\000\000\000\000\ns!\0030\347\374\235V\273%\326\211;\243\363\027\256[\3173\263)\033\326=\263&T\243\023""/\177\320 tG0E\002!\000\354\026Q~\030\260\230\312\233p\304\177>\274\255\213\032!\016\355\331\243\222\312%\364\027\357\224\037\371[\002 =\214\276+a}GM\202\370!\322\021\221\r-\P\030M?a\nUJ<\020u\207P\203\316\201\024\265\367by\212S\325C\240\024\312\370\262\227\317\370\362\3717\350\203\024\023\252#\014BS\272`\277B\346\245]\332\351o'013""; status: tsCURRENT; receiveTimestamp: 803902465; deferred: false; "
1750587265179,1750587265181,2561,1,1,2,TMTransaction,"rawTransaction: ""\022\000\000""\000\000\000\000$\000\000\000\002 \033\000\000\000\027a@\000\000\027H\206*@h@\000\000\000\000\000\000\ns!\0030\347\374\235V\273%\326\211;\243\363\027\256[\3173\263)\033\326=\263&T\243\023""/\177\320 tG0E\002!\000\354\026Q~\030\260\230\312\233p\304\177>\274\255\213\032!\016\355\331\243\222\312%\364\027\357\224\037\371[\002 =\214\276+a}GM\202\370!\322\021\221\r-\P\030M?a\nUJ<\020u\207P\203\316\201\024\265\367by\212S\325C\240\024\312\370\262\227\317\370\362\3717\350\203\024\023\252#\014BS\272`\277B\346\245]\332\351o'013""; status: tsCURRENT; receiveTimestamp: 803902465; deferred: false; ","rawTransaction: ""\022\000\000""\000\000\000\000$\000\000\000\002 \033\000\000\000\027a@\000\000\027H\206*@h@\000\000\000\000\000\000\ns!\0030\347\374\235V\273%\326\211;\243\363\027\256[\3173\263)\033\326=\263&T\243\023""/\177\320 tG0E\002!\000\354\026Q~\030\260\230\312\233p\304\177>\274\255\213\032!\016\355\331\243\222\312%\364\027\357\224\037\371[\002 =\214\276+a}GM\202\370!\322\021\221\r-\P\030M?a\nUJ<\020u\207P\203\316\201\024\265\367by\212S\325C\240\024\312\370\262\227\317\370\362\3717\350\203\024\023\252#\014BS\272`\277B\346\245]\332\351o'013""; status: tsCURRENT; receiveTimestamp: 803902465; deferred: false; "
1750587265183,1750587265183,1838,1,2,1,TMProposeSet,"proposeSeq: 0; currentTxHash: ""\000\000\000\000\000\000\000\000\000\000\000\000\000\000\000\000\000\000\000\000\000\000\000\000\000\000\000\000\000\000\000\000""; nodePubKey: ""\003\325Q\255\224\274R@\312\253\262\347\352\034\346\347\242\215,\312\376=\277\353{\350\225\301\305`^, ""; closeTime: 803902463; signature: ""0D\002 /|\270\002A\010\351\366Jn|\272{\364\211\203\0036\223\301\006\261f\355D\255:\003w}\263\036\002 .\311\030\001>\t4\244\352\020\376\344\004\023\017\323\233\325\3115Wj\204\230Z\244E\373\353\030\315~""; previousledger: ""T\270\242(,&\233\326\374o\306[\235\317>\021e\005s\261\371l\216\017\003\032\017J\217\244W<""; ","proposeSeq: 0; currentTxHash: ""\000\000\000\000\000\000\000\000\000\000\000\000\000\000\000\000\000\000\000\000\000\000\000\000\000\000\000\000\000\000\000\000""; nodePubKey: ""\003\325Q\255\224\274R@\312\253\262\347\352\034\346\347\242\215,\312\376=\277\353{\350\225\301\305`^, ""; closeTime: 803902463; signature: ""0D\002 /|\270\002A\010\351\366Jn|\272{\364\211\203\0036\223\301\006\261f\355D\255:\003w}\263\036\002 .\311\030\001>\t4\244\352\020\376\344\004\023\017\323\233\325\3115Wj\204\230Z\244E\373\353\030\315~""; previousledger: ""T\270\242(,&\233\326\374o\306[\235\317>\021e\005s\261\371l\216\017\003\032\017J\217\244W<""; "
1750587265183,1750587265183,3082,1,2,4,TMProposeSet,"proposeSeq: 0; currentTxHash: ""\000\000\000\000\000\000\000\000\000\000\000\000\000\000\000\000\000\000\000\000\000\000\000\000\000\000\000\000\000\000\000\000""; nodePubKey: ""\003\325Q\255\224\274R@\312\253\262\347\352\034\346\347\242\215,\312\376=\277\353{\350\225\301\305`^, ""; closeTime: 803902463; signature: ""0D\002 /|\270\002A\010\351\366Jn|\272{\364\211\203\0036\223\301\006\261f\355D\255:\003w}\263\036\002 .\311\030\001>\t4\244\352\020\376\344\004\023\017\323\233\325\3115Wj\204\230Z\244E\373\353\030\315~""; previousledger: ""T\270\242(,&\233\326\374o\306[\235\317>\021e\005s\261\371l\216\017\003\032\017J\217\244W<""; ","proposeSeq: 0; currentTxHash: ""\000\000\000\000\000\000\000\000\000\000\000\000\000\000\000\000\000\000\000\000\000\000\000\000\000\000\000\000\000\000\000\000""; nodePubKey: ""\003\325Q\255\224\274R@\312\253\262\347\352\034\346\347\242\215,\312\376=\277\353{\350\225\301\305`^, ""; closeTime: 803902463; signature: ""0D\002 /|\270\002A\010\351\366Jn|\272{\364\211\203\0036\223\301\006\261f\355D\255:\003w}\263\036\002 .\311\030\001>\t4\244\352\020\376\344\004\023\017\323\233\325\3115Wj\204\230Z\244E\373\353\030\315~""; previousledger: ""T\270\242(,&\233\326\374o\306[\235\317>\021e\005s\261\371l\216\017\003\032\017J\217\244W<""; "
1750587265183,1750587265184,3546,1,2,0,TMProposeSet,"proposeSeq: 0; currentTxHash: ""\000\000\000\000\000\000\000\000\000\000\000\000\000\000\000\000\000\000\000\000\000\000\000\000\000\000\000\000\000\000\000\000""; nodePubKey: ""\003\325Q\255\224\274R@\312\253\262\347\352\034\346\347\242\215,\312\376=\277\353{\350\225\301\305`^, ""; closeTime: 803902463; signature: ""0D\002 /|\270\002A\010\351\366Jn|\272{\364\211\203\0036\223\301\006\261f\355D\255:\003w}\263\036\002 .\311\030\001>\t4\244\352\020\376\344\004\023\017\323\233\325\3115Wj\204\230Z\244E\373\353\030\315~""; previousledger: ""T\270\242(,&\233\326\374o\306[\235\317>\021e\005s\261\371l\216\017\003\032\017J\217\244W<""; ","proposeSeq: 0; currentTxHash: ""\000\000\000\000\000\000\000\000\000\000\000\000\000\000\000\000\000\000\000\000\000\000\000\000\000\000\000\000\000\000\000\000""; nodePubKey: ""\003\325Q\255\224\274R@\312\253\262\347\352\034\346\347\242\215,\312\376=\277\353{\350\225\301\305`^, ""; closeTime: 803902463; signature: ""0D\002 /|\270\002A\010\351\366Jn|\272{\364\211\203\0036\223\301\006\261f\355D\255:\003w}\263\036\002 .\311\030\001>\t4\244\352\020\376\344\004\023\017\323\233\325\3115Wj\204\230Z\244E\373\353\030\315~""; previousledger: ""T\270\242(,&\233\326\374o\306[\235\317>\021e\005s\261\371l\216\017\003\032\017J\217\244W<""; "
1750587265191,1750587265191,3375,1,1,4,TMProposeSet,"proposeSeq: 0; currentTxHash: ""\000\000\000\000\000\000\000\000\000\000\000\000\000\000\000\000\000\000\000\000\000\000\000\000\000\000\000\000\000\000\000\000""; nodePubKey: ""\002\347\243J\206W\025ML\260\226\0163\217\250\337\325W\253\356*O\245Z\271\234\207C\274\375`\335\311""; closeTime: 803902464; signature: ""0D\002 \007q\233\301\252\373\350\204kF\257\216\021\037\177?\252\275K\204\337%\234\357\341$\270\001\233e\346\266\002 3H\351Y&\224'\247e\3570_;\204P\370\243\244\352b\303\333\333L\230d\352\257xA\332\371""; previousledger: ""T\270\242(,&\233\326\374o\306[\235\317>\021e\005s\261\371l\216\017\003\032\017J\217\244W<""; ","proposeSeq: 0; currentTxHash: ""\000\000\000\000\000\000\000\000\000\000\000\000\000\000\000\000\000\000\000\000\000\000\000\000\000\000\000\000\000\000\000\000""; nodePubKey: ""\002\347\243J\206W\025ML\260\226\0163\217\250\337\325W\253\356*O\245Z\271\234\207C\274\375`\335\311""; closeTime: 803902464; signature: ""0D\002 \007q\233\301\252\373\350\204kF\257\216\021\037\177?\252\275K\204\337%\234\357\341$\270\001\233e\346\266\002 3H\351Y&\224'\247e\3570_;\204P\370\243\244\352b\303\333\333L\230d\352\257xA\332\371""; previousledger: ""T\270\242(,&\233\326\374o\306[\235\317>\021e\005s\261\371l\216\017\003\032\017J\217\244W<""; "
1750587265191,1750587265191,1799,1,1,2,TMProposeSet,"proposeSeq: 0; currentTxHash: ""\000\000\000\000\000\000\000\000\000\000\000\000\000\000\000\000\000\000\000\000\000\000\000\000\000\000\000\000\000\000\000\000""; nodePubKey: ""\002\347\243J\206W\025ML\260\226\0163\217\250\337\325W\253\356*O\245Z\271\234\207C\274\375`\335\311""; closeTime: 803902464; signature: ""0D\002 \007q\233\301\252\373\350\204kF\257\216\021\037\177?\252\275K\204\337%\234\357\341$\270\001\233e\346\266\002 3H\351Y&\224'\247e\3570_;\204P\370\243\244\352b\303\333\333L\230d\352\257xA\332\371""; previousledger: ""T\270\242(,&\233\326\374o\306[\235\317>\021e\005s\261\371l\216\017\003\032\017J\217\244W<""; ","proposeSeq: 0; currentTxHash: ""\000\000\000\000\000\000\000\000\000\000\000\000\000\000\000\000\000\000\000\000\000\000\000\000\000\000\000\000\000\000\000\000""; nodePubKey: ""\002\347\243J\206W\025ML\260\226\0163\217\250\337\325W\253\356*O\245Z\271\234\207C\274\375`\335\311""; closeTime: 803902464; signature: ""0D\002 \007q\233\301\252\373\350\204kF\257\216\021\037\177?\252\275K\204\337%\234\357\341$\270\001\233e\346\266\002 3H\351Y&\224'\247e\3570_;\204P\370\243\244\352b\303\333\333L\230d\352\257xA\332\371""; previousledger: ""T\270\242(,&\233\326\374o\306[\235\317>\021e\005s\261\371l\216\017\003\032\017J\217\244W<""; "
1750587265222,1750587265222,3538,1,1,3,TMProposeSet,"proposeSeq: 0; currentTxHash: ""\000\000\000\000\000\000\000\000\000\000\000\000\000\000\000\000\000\000\000\000\000\000\000\000\000\000\000\000\000\000\000\000""; nodePubKey: ""\002\347\243J\206W\025ML\260\226\0163\217\250\337\325W\253\356*O\245Z\271\234\207C\274\375`\335\311""; closeTime: 803902464; signature: ""0D\002 \007q\233\301\252\373\350\204kF\257\216\021\037\177?\252\275K\204\337%\234\357\341$\270\001\233e\346\266\002 3H\351Y&\224'\247e\3570_;\204P\370\243\244\352b\303\333\333L\230d\352\257xA\332\371""; previousledger: ""T\270\242(,&\233\326\374o\306[\235\317>\021e\005s\261\371l\216\017\003\032\017J\217\244W<""; ","proposeSeq: 0; currentTxHash: ""\000\000\000\000\000\000\000\000\000\000\000\000\000\000\000\000\000\000\000\000\000\000\000\000\000\000\000\000\000\000\000\000""; nodePubKey: ""\002\347\243J\206W\025ML\260\226\0163\217\250\337\325W\253\356*O\245Z\271\234\207C\274\375`\335\311""; closeTime: 803902464; signature: ""0D\002 \007q\233\301\252\373\350\204kF\257\216\021\037\177?\252\275K\204\337%\234\357\341$\270\001\233e\346\266\002 3H\351Y&\224'\247e\3570_;\204P\370\243\244\352b\303\333\333L\230d\352\257xA\332\371""; previousledger: ""T\270\242(,&\233\326\374o\306[\235\317>\021e\005s\261\371l\216\017\003\032\017J\217\244W<""; "
1750587265282,1750587265283,1036,1,2,4,TMValidation,"validation: """"\200\000\000\001&\000\000\000\004)/\352\224\001:Q\231\304\227'3\313\030Q\241'\332/+\360Bx\036+\210j\237K%\340]\246E\2434\264K\036\030qP\317\315\336\325\007P\027\000\000\000\000\000\000\000\000\000\000\000\000\000\000\000\000\000\000\000\000\000\000\000\000\000\000\000\000\000\000\000\000P\031T\270\242(,&\233\326\374o\306[\235\317>\021e\005s\261\371l\216\017\003\032\017J\217\244W<s!\003ql\302)\235\321\t\213\224\356\374%%\311\327\037\374\304\t\335\2359\344\233\035]\347<u\236\364\222vG0E\002!\000\373\375`]\006\263A\371\324\0350H\202=\272\026\314\307dx\027\275\nv\363\355I\366\270z\374\366\002 Z\022!!\376\250=\256\250A\274{?\025\232\244\244 \027\262\022K%\351\314\336\374\257\204\340f\003""; ","validation: """"\200\000\000\001&\000\000\000\004)/\352\224\001:Q\231\304\227'3\313\030Q\241'\332/+\360Bx\036+\210j\237K%\340]\246E\2434\264K\036\030qP\317\315\336\325\007P\027\000\000\000\000\000\000\000\000\000\000\000\000\000\000\000\000\000\000\000\000\000\000\000\000\000\000\000\000\000\000\000\000P\031T\270\242(,&\233\326\374o\306[\235\317>\021e\005s\261\371l\216\017\003\032\017J\217\244W<s!\003ql\302)\235\321\t\213\224\356\374%%\311\327\037\374\304\t\335\2359\344\233\035]\347<u\236\364\222vG0E\002!\000\373\375`]\006\263A\371\324\0350H\202=\272\026\314\307dx\027\275\nv\363\355I\366\270z\374\366\002 Z\022!!\376\250=\256\250A\274{?\025\232\244\244 \027\262\022K%\351\314\336\374\257\204\340f\003""; "
1750587265283,1750587265283,3116,1,2,4,TMStatusChange,"newEvent: neACCEPTED_LEDGER; ledgerSeq: 4; ledgerHash: ""\241'\332/+\360Bx\036+\210j\237K%\340]\246E\2434\264K\036\030qP\317\315\336\325\007""; ledgerHashPrevious: ""T\270\242(,&\233\326\374o\306[\235\317>\021e\005s\261\371l\216\017\003\032\017J\217\244W<""; networkTime: 803902465; firstSeq: 1; lastSeq: 3; ","newEvent: neACCEPTED_LEDGER; ledgerSeq: 4; ledgerHash: ""\241'\332/+\360Bx\036+\210j\237K%\340]\246E\2434\264K\036\030qP\317\315\336\325\007""; ledgerHashPrevious: ""T\270\242(,&\233\326\374o\306[\235\317>\021e\005s\261\371l\216\017\003\032\017J\217\244W<""; networkTime: 803902465; firstSeq: 1; lastSeq: 3; "
1750587265283,1750587265283,3058,1,2,3,TMStatusChange,"newEvent: neACCEPTED_LEDGER; ledgerSeq: 4; ledgerHash: ""\241'\332/+\360Bx\036+\210j\237K%\340]\246E\2434\264K\036\030qP\317\315\336\325\007""; ledgerHashPrevious: ""T\270\242(,&\233\326\374o\306[\235\317>\021e\005s\261\371l\216\017\003\032\017J\217\244W<""; networkTime: 803902465; firstSeq: 1; lastSeq: 3; ","newEvent: neACCEPTED_LEDGER; ledgerSeq: 4; ledgerHash: ""\241'\332/+\360Bx\036+\210j\237K%\340]\246E\2434\264K\036\030qP\317\315\336\325\007""; ledgerHashPrevious: ""T\270\242(,&\233\326\374o\306[\235\317>\021e\005s\261\371l\216\017\003\032\017J\217\244W<""; networkTime: 803902465; firstSeq: 1; lastSeq: 3; "
1750587265284,1750587265285,3989,1,2,3,TMValidation,"validation: """"\200\000\000\001&\000\000\000\004)/\352\224\001:Q\231\304\227'3\313\030Q\241'\332/+\360Bx\036+\210j\237K%\340]\246E\2434\264K\036\030qP\317\315\336\325\007P\027\000\000\000\000\000\000\000\000\000\000\000\000\000\000\000\000\000\000\000\000\000\000\000\000\000\000\000\000\000\000\000\000P\031T\270\242(,&\233\326\374o\306[\235\317>\021e\005s\261\371l\216\017\003\032\017J\217\244W<s!\003ql\302)\235\321\t\213\224\356\374%%\311\327\037\374\304\t\335\2359\344\233\035]\347<u\236\364\222vG0E\002!\000\373\375`]\006\263A\371\324\0350H\202=\272\026\314\307dx\027\275\nv\363\355I\366\270z\374\366\002 Z\022!!\376\250=\256\250A\274{?\025\232\244\244 \027\262\022K%\351\314\336\374\257\204\340f\003""; ","validation: """"\200\000\000\001&\000\000\000\004)/\352\224\001:Q\231\304\227'3\313\030Q\241'\332/+\360Bx\036+\210j\237K%\340]\246E\2434\264K\036\030qP\317\315\336\325\007P\027\000\000\000\000\000\000\000\000\000\000\000\000\000\000\000\000\000\000\000\000\000\000\000\000\000\000\000\000\000\000\000\000P\031T\270\242(,&\233\326\374o\306[\235\317>\021e\005s\261\371l\216\017\003\032\017J\217\244W<s!\003ql\302)\235\321\t\213\224\356\374%%\311\327\037\374\304\t\335\2359\344\233\035]\347<u\236\364\222vG0E\002!\000\373\375`]\006\263A\371\324\0350H\202=\272\026\314\307dx\027\275\nv\363\355I\366\270z\374\366\002 Z\022!!\376\250=\256\250A\274{?\025\232\244\244 \027\262\022K%\351\314\336\374\257\204\340f\003""; "
1750587265285,1750587265285,3488,1,2,0,TMValidation,"validation: """"\200\000\000\001&\000\000\000\004)/\352\224\001:Q\231\304\227'3\313\030Q\241'\332/+\360Bx\036+\210j\237K%\340]\246E\2434\264K\036\030qP\317\315\336\325\007P\027\000\000\000\000\000\000\000\000\000\000\000\000\000\000\000\000\000\000\000\000\000\000\000\000\000\000\000\000\000\000\000\000P\031T\270\242(,&\233\326\374o\306[\235\317>\021e\005s\261\371l\216\017\003\032\017J\217\244W<s!\003ql\302)\235\321\t\213\224\356\374%%\311\327\037\374\304\t\335\2359\344\233\035]\347<u\236\364\222vG0E\002!\000\373\375`]\006\263A\371\324\0350H\202=\272\026\314\307dx\027\275\nv\363\355I\366\270z\374\366\002 Z\022!!\376\250=\256\250A\274{?\025\232\244\244 \027\262\022K%\351\314\336\374\257\204\340f\003""; ","validation: """"\200\000\000\001&\000\000\000\004)/\352\224\001:Q\231\304\227'3\313\030Q\241'\332/+\360Bx\036+\210j\237K%\340]\246E\2434\264K\036\030qP\317\315\336\325\007P\027\000\000\000\000\000\000\000\000\000\000\000\000\000\000\000\000\000\000\000\000\000\000\000\000\000\000\000\000\000\000\000\000P\031T\270\242(,&\233\326\374o\306[\235\317>\021e\005s\261\371l\216\017\003\032\017J\217\244W<s!\003ql\302)\235\321\t\213\224\356\374%%\311\327\037\374\304\t\335\2359\344\233\035]\347<u\236\364\222vG0E\002!\000\373\375`]\006\263A\371\324\0350H\202=\272\026\314\307dx\027\275\nv\363\355I\366\270z\374\366\002 Z\022!!\376\250=\256\250A\274{?\025\232\244\244 \027\262\022K%\351\314\336\374\257\204\340f\003""; "
1750587265285,1750587265285,3744,1,2,0,TMStatusChange,"newEvent: neACCEPTED_LEDGER; ledgerSeq: 4; ledgerHash: ""\241'\332/+\360Bx\036+\210j\237K%\340]\246E\2434\264K\036\030qP\317\315\336\325\007""; ledgerHashPrevious: ""T\270\242(,&\233\326\374o\306[\235\317>\021e\005s\261\371l\216\017\003\032\017J\217\244W<""; networkTime: 803902465; firstSeq: 1; lastSeq: 3; ","newEvent: neACCEPTED_LEDGER; ledgerSeq: 4; ledgerHash: ""\241'\332/+\360Bx\036+\210j\237K%\340]\246E\2434\264K\036\030qP\317\315\336\325\007""; ledgerHashPrevious: ""T\270\242(,&\233\326\374o\306[\235\317>\021e\005s\261\371l\216\017\003\032\017J\217\244W<""; networkTime: 803902465; firstSeq: 1; lastSeq: 3; "
1750587265285,1750587265285,1094,1,2,1,TMValidation,"validation: """"\200\000\000\001&\000\000\000\004)/\352\224\001:Q\231\304\227'3\313\030Q\241'\332/+\360Bx\036+\210j\237K%\340]\246E\2434\264K\036\030qP\317\315\336\325\007P\027\000\000\000\000\000\000\000\000\000\000\000\000\000\000\000\000\000\000\000\000\000\000\000\000\000\000\000\000\000\000\000\000P\031T\270\242(,&\233\326\374o\306[\235\317>\021e\005s\261\371l\216\017\003\032\017J\217\244W<s!\003ql\302)\235\321\t\213\224\356\374%%\311\327\037\374\304\t\335\2359\344\233\035]\347<u\236\364\222vG0E\002!\000\373\375`]\006\263A\371\324\0350H\202=\272\026\314\307dx\027\275\nv\363\355I\366\270z\374\366\002 Z\022!!\376\250=\256\250A\274{?\025\232\244\244 \027\262\022K%\351\314\336\374\257\204\340f\003""; ","validation: """"\200\000\000\001&\000\000\000\004)/\352\224\001:Q\231\304\227'3\313\030Q\241'\332/+\360Bx\036+\210j\237K%\340]\246E\2434\264K\036\030qP\317\315\336\325\007P\027\000\000\000\000\000\000\000\000\000\000\000\000\000\000\000\000\000\000\000\000\000\000\000\000\000\000\000\000\000\000\000\000P\031T\270\242(,&\233\326\374o\306[\235\317>\021e\005s\261\371l\216\017\003\032\017J\217\244W<s!\003ql\302)\235\321\t\213\224\356\374%%\311\327\037\374\304\t\335\2359\344\233\035]\347<u\236\364\222vG0E\002!\000\373\375`]\006\263A\371\324\0350H\202=\272\026\314\307dx\027\275\nv\363\355I\366\270z\374\366\002 Z\022!!\376\250=\256\250A\274{?\025\232\244\244 \027\262\022K%\351\314\336\374\257\204\340f\003""; "
1750587265286,1750587265286,3126,1,2,1,TMStatusChange,"newEvent: neACCEPTED_LEDGER; ledgerSeq: 4; ledgerHash: ""\241'\332/+\360Bx\036+\210j\237K%\340]\246E\2434\264K\036\030qP\317\315\336\325\007""; ledgerHashPrevious: ""T\270\242(,&\233\326\374o\306[\235\317>\021e\005s\261\371l\216\017\003\032\017J\217\244W<""; networkTime: 803902465; firstSeq: 1; lastSeq: 3; ","newEvent: neACCEPTED_LEDGER; ledgerSeq: 4; ledgerHash: ""\241'\332/+\360Bx\036+\210j\237K%\340]\246E\2434\264K\036\030qP\317\315\336\325\007""; ledgerHashPrevious: ""T\270\242(,&\233\326\374o\306[\235\317>\021e\005s\261\371l\216\017\003\032\017J\217\244W<""; networkTime: 803902465; firstSeq: 1; lastSeq: 3; "
1750587265335,1750587265335,1939,1,1,4,TMValidation,"validation: """"\200\000\000\001&\000\000\000\003)/\352\223\376:I\203w\200\211\SGQT\270\242(,&\233\326\374o\306[\235\317>\021e\005s\261\371l\216\017\003\032\017J\217\244W<P\027\000\000\000\000\000\000\000\000\000\000\000\000\000\000\000\000\000\000\000\000\000\000\000\000\000\000\000\000\000\000\000\000P\031-}\351f\032\255\274\334m\326c\017\014ao[\342\230\003\245\245\3341Hm\326^\017jy\335\261s!\002\347\243J\206W\025ML\260\226\0163\217\250\337\325W\253\356*O\245Z\271\234\207C\274\375`\335\311vG0E\002!\000\335(F&gh\344p\260\367\252\024-\356EC\227 {\023\031\255\360;\247\305m\245\253\0102\234\002 m\226\3464\000\350.\3777>\277\351\260\205`\031\322H\32196B\317hc\020\230I\2201W\355""; ","validation: """"\200\000\000\001&\000\000\000\003)/\352\223\376:I\203w\200\211\SGQT\270\242(,&\233\326\374o\306[\235\317>\021e\005s\261\371l\216\017\003\032\017J\217\244W<P\027\000\000\000\000\000\000\000\000\000\000\000\000\000\000\000\000\000\000\000\000\000\000\000\000\000\000\000\000\000\000\000\000P\031-}\351f\032\255\274\334m\326c\017\014ao[\342\230\003\245\245\3341Hm\326^\017jy\335\261s!\002\347\243J\206W\025ML\260\226\0163\217\250\337\325W\253\356*O\245Z\271\234\207C\274\375`\335\311vG0E\002!\000\335(F&gh\344p\260\367\252\024-\356EC\227 {\023\031\255\360;\247\305m\245\253\0102\234\002 m\226\3464\000\350.\3777>\277\351\260\205`\031\322H\32196B\317hc\020\230I\2201W\355""; "
1750587265336,1750587265336,3090,1,1,0,TMValidation,"validation: """"\200\000\000\001&\000\000\000\003)/\352\223\376:I\203w\200\211\SGQT\270\242(,&\233\326\374o\306[\235\317>\021e\005s\261\371l\216\017\003\032\017J\217\244W<P\027\000\000\000\000\000\000\000\000\000\000\000\000\000\000\000\000\000\000\000\000\000\000\000\000\000\000\000\000\000\000\000\000P\031-}\351f\032\255\274\334m\326c\017\014ao[\342\230\003\245\245\3341Hm\326^\017jy\335\261s!\002\347\243J\206W\025ML\260\226\0163\217\250\337\325W\253\356*O\245Z\271\234\207C\274\375`\335\311vG0E\002!\000\335(F&gh\344p\260\367\252\024-\356EC\227 {\023\031\255\360;\247\305m\245\253\0102\234\002 m\226\3464\000\350.\3777>\277\351\260\205`\031\322H\32196B\317hc\020\230I\2201W\355""; ","validation: """"\200\000\000\001&\000\000\000\003)/\352\223\376:I\203w\200\211\SGQT\270\242(,&\233\326\374o\306[\235\317>\021e\005s\261\371l\216\017\003\032\017J\217\244W<P\027\000\000\000\000\000\000\000\000\000\000\000\000\000\000\000\000\000\000\000\000\000\000\000\000\000\000\000\000\000\000\000\000P\031-}\351f\032\255\274\334m\326c\017\014ao[\342\230\003\245\245\3341Hm\326^\017jy\335\261s!\002\347\243J\206W\025ML\260\226\0163\217\250\337\325W\253\356*O\245Z\271\234\207C\274\375`\335\311vG0E\002!\000\335(F&gh\344p\260\367\252\024-\356EC\227 {\023\031\255\360;\247\305m\245\253\0102\234\002 m\226\3464\000\350.\3777>\277\351\260\205`\031\322H\32196B\317hc\020\230I\2201W\355""; "
1750587265336,1750587265336,1289,1,1,3,TMValidation,"validation: """"\200\000\000\001&\000\000\000\003)/\352\223\376:I\203w\200\211\SGQT\270\242(,&\233\326\374o\306[\235\317>\021e\005s\261\371l\216\017\003\032\017J\217\244W<P\027\000\000\000\000\000\000\000\000\000\000\000\000\000\000\000\000\000\000\000\000\000\000\000\000\000\000\000\000\000\000\000\000P\031-}\351f\032\255\274\334m\326c\017\014ao[\342\230\003\245\245\3341Hm\326^\017jy\335\261s!\002\347\243J\206W\025ML\260\226\0163\217\250\337\325W\253\356*O\245Z\271\234\207C\274\375`\335\311vG0E\002!\000\335(F&gh\344p\260\367\252\024-\356EC\227 {\023\031\255\360;\247\305m\245\253\0102\234\002 m\226\3464\000\350.\3777>\277\351\260\205`\031\322H\32196B\317hc\020\230I\2201W\355""; ","validation: """"\200\000\000\001&\000\000\000\003)/\352\223\376:I\203w\200\211\SGQT\270\242(,&\233\326\374o\306[\235\317>\021e\005s\261\371l\216\017\003\032\017J\217\244W<P\027\000\000\000\000\000\000\000\000\000\000\000\000\000\000\000\000\000\000\000\000\000\000\000\000\000\000\000\000\000\000\000\000P\031-}\351f\032\255\274\334m\326c\017\014ao[\342\230\003\245\245\3341Hm\326^\017jy\335\261s!\002\347\243J\206W\025ML\260\226\0163\217\250\337\325W\253\356*O\245Z\271\234\207C\274\375`\335\311vG0E\002!\000\335(F&gh\344p\260\367\252\024-\356EC\227 {\023\031\255\360;\247\305m\245\253\0102\234\002 m\226\3464\000\350.\3777>\277\351\260\205`\031\322H\32196B\317hc\020\230I\2201W\355""; "
1750587265358,1750587265358,1764,1,0,3,TMGetLedger,"itype: liTS_CANDIDATE; ledgerHash: ""u\315\243\367\211\2625\240r:n\277\003\026\366\353'\216jy9\\001\220\223~\341j\254O\025\257""; nodeIDs: ""\000\000\000\000\000\000\000\000\000\000\000\000\000\000\000\000\000\000\000\000\000\000\000\000\000\000\000\000\000\000\000\000\000""; queryDepth: 3; ","itype: liTS_CANDIDATE; ledgerHash: ""u\315\243\367\211\2625\240r:n\277\003\026\366\353'\216jy9\\001\220\223~\341j\254O\025\257""; nodeIDs: ""\000\000\000\000\000\000\000\000\000\000\000\000\000\000\000\000\000\000\000\000\000\000\000\000\000\000\000\000\000\000\000\000\000""; queryDepth: 3; "
1750587265358,1750587265359,393,1,0,1,TMGetLedger,"itype: liTS_CANDIDATE; ledgerHash: ""u\315\243\367\211\2625\240r:n\277\003\026\366\353'\216jy9\\001\220\223~\341j\254O\025\257""; nodeIDs: ""\000\000\000\000\000\000\000\000\000\000\000\000\000\000\000\000\000\000\000\000\000\000\000\000\000\000\000\000\000\000\000\000\000""; queryDepth: 3; ","itype: liTS_CANDIDATE; ledgerHash: ""u\315\243\367\211\2625\240r:n\277\003\026\366\353'\216jy9\\001\220\223~\341j\254O\025\257""; nodeIDs: ""\000\000\000\000\000\000\000\000\000\000\000\000\000\000\000\000\000\000\000\000\000\000\000\000\000\000\000\000\000\000\000\000\000""; queryDepth: 3; "
1750587265360,1750587265360,1290,1,0,2,TMProposeSet,"proposeSeq: 0; currentTxHash: ""u\315\243\367\211\2625\240r:n\277\003\026\366\353'\216jy9\\001\220\223~\341j\254O\025\257""; nodePubKey: ""\003\343\005\311u\203\370\0338\3174\324\010\006\301\251\177\261\304eOX\262)FA-\022r\263wm\024""; closeTime: 803902464; signature: ""0E\002!\000\356\240\267\261\201tX\251V_\377W>C\260\330\333H\212\3517@\351\301\250\006B\245Z\202\004\245\002 Ie2'y\t\305D\002\233B7\312x\262J[BVc\344\326\0356\323'&t\244M\216\276""; previousledger: ""T\270\242(,&\233\326\374o\306[\235\317>\021e\005s\261\371l\216\017\003\032\017J\217\244W<""; ","proposeSeq: 0; currentTxHash: ""u\315\243\367\211\2625\240r:n\277\003\026\366\353'\216jy9\\001\220\223~\341j\254O\025\257""; nodePubKey: ""\003\343\005\311u\203\370\0338\3174\324\010\006\301\251\177\261\304eOX\262)FA-\022r\263wm\024""; closeTime: 803902464; signature: ""0E\002!\000\356\240\267\261\201tX\251V_\377W>C\260\330\333H\212\3517@\351\301\250\006B\245Z\202\004\245\002 Ie2'y\t\305D\002\233B7\312x\262J[BVc\344\326\0356\323'&t\244M\216\276""; previousledger: ""T\270\242(,&\233\326\374o\306[\235\317>\021e\005s\261\371l\216\017\003\032\017J\217\244W<""; "
1750587265359,1750587265359,141,1,0,3,TMProposeSet,"proposeSeq: 0; currentTxHash: ""u\315\243\367\211\2625\240r:n\277\003\026\366\353'\216jy9\\001\220\223~\341j\254O\025\257""; nodePubKey: ""\003\343\005\311u\203\370\0338\3174\324\010\006\301\251\177\261\304eOX\262)FA-\022r\263wm\024""; closeTime: 803902464; signature: ""0E\002!\000\356\240\267\261\201tX\251V_\377W>C\260\330\333H\212\3517@\351\301\250\006B\245Z\202\004\245\002 Ie2'y\t\305D\002\233B7\312x\262J[BVc\344\326\0356\323'&t\244M\216\276""; previousledger: ""T\270\242(,&\233\326\374o\306[\235\317>\021e\005s\261\371l\216\017\003\032\017J\217\244W<""; ","proposeSeq: 0; currentTxHash: ""u\315\243\367\211\2625\240r:n\277\003\026\366\353'\216jy9\\001\220\223~\341j\254O\025\257""; nodePubKey: ""\003\343\005\311u\203\370\0338\3174\324\010\006\301\251\177\261\304eOX\262)FA-\022r\263wm\024""; closeTime: 803902464; signature: ""0E\002!\000\356\240\267\261\201tX\251V_\377W>C\260\330\333H\212\3517@\351\301\250\006B\245Z\202\004\245\002 Ie2'y\t\305D\002\233B7\312x\262J[BVc\344\326\0356\323'&t\244M\216\276""; previousledger: ""T\270\242(,&\233\326\374o\306[\235\317>\021e\005s\261\371l\216\017\003\032\017J\217\244W<""; "
1750587265360,1750587265360,2970,1,0,4,TMProposeSet,"proposeSeq: 0; currentTxHash: ""u\315\243\367\211\2625\240r:n\277\003\026\366\353'\216jy9\\001\220\223~\341j\254O\025\257""; nodePubKey: ""\003\343\005\311u\203\370\0338\3174\324\010\006\301\251\177\261\304eOX\262)FA-\022r\263wm\024""; closeTime: 803902464; signature: ""0E\002!\000\356\240\267\261\201tX\251V_\377W>C\260\330\333H\212\3517@\351\301\250\006B\245Z\202\004\245\002 Ie2'y\t\305D\002\233B7\312x\262J[BVc\344\326\0356\323'&t\244M\216\276""; previousledger: ""T\270\242(,&\233\326\374o\306[\235\317>\021e\005s\261\371l\216\017\003\032\017J\217\244W<""; ","proposeSeq: 0; currentTxHash: ""u\315\243\367\211\2625\240r:n\277\003\026\366\353'\216jy9\\001\220\223~\341j\254O\025\257""; nodePubKey: ""\003\343\005\311u\203\370\0338\3174\324\010\006\301\251\177\261\304eOX\262)FA-\022r\263wm\024""; closeTime: 803902464; signature: ""0E\002!\000\356\240\267\261\201tX\251V_\377W>C\260\330\333H\212\3517@\351\301\250\006B\245Z\202\004\245\002 Ie2'y\t\305D\002\233B7\312x\262J[BVc\344\326\0356\323'&t\244M\216\276""; previousledger: ""T\270\242(,&\233\326\374o\306[\235\317>\021e\005s\261\371l\216\017\003\032\017J\217\244W<""; "
1750587265502,1750587265503,1136,1,3,0,TMGetLedger,"itype: liTS_CANDIDATE; ledgerHash: ""u\315\243\367\211\2625\240r:n\277\003\026\366\353'\216jy9\\001\220\223~\341j\254O\025\257""; nodeIDs: ""\000\000\000\000\000\000\000\000\000\000\000\000\000\000\000\000\000\000\000\000\000\000\000\000\000\000\000\000\000\000\000\000\000""; queryDepth: 3; ","itype: liTS_CANDIDATE; ledgerHash: ""u\315\243\367\211\2625\240r:n\277\003\026\366\353'\216jy9\\001\220\223~\341j\254O\025\257""; nodeIDs: ""\000\000\000\000\000\000\000\000\000\000\000\000\000\000\000\000\000\000\000\000\000\000\000\000\000\000\000\000\000\000\000\000\000""; queryDepth: 3; "
1750587265503,1750587265503,2142,1,3,1,TMGetLedger,"itype: liTS_CANDIDATE; ledgerHash: ""u\315\243\367\211\2625\240r:n\277\003\026\366\353'\216jy9\\001\220\223~\341j\254O\025\257""; nodeIDs: ""\000\000\000\000\000\000\000\000\000\000\000\000\000\000\000\000\000\000\000\000\000\000\000\000\000\000\000\000\000\000\000\000\000""; queryDepth: 3; ","itype: liTS_CANDIDATE; ledgerHash: ""u\315\243\367\211\2625\240r:n\277\003\026\366\353'\216jy9\\001\220\223~\341j\254O\025\257""; nodeIDs: ""\000\000\000\000\000\000\000\000\000\000\000\000\000\000\000\000\000\000\000\000\000\000\000\000\000\000\000\000\000\000\000\000\000""; queryDepth: 3; "
1750587265504,1750587265504,483,1,3,4,TMProposeSet,"proposeSeq: 0; currentTxHash: ""u\315\243\367\211\2625\240r:n\277\003\026\366\353'\216jy9\\001\220\223~\341j\254O\025\257""; nodePubKey: ""\003\343\005\311u\203\370\0338\3174\324\010\006\301\251\177\261\304eOX\262)FA-\022r\263wm\024""; closeTime: 803902464; signature: ""0E\002!\000\356\240\267\261\201tX\251V_\377W>C\260\330\333H\212\3517@\351\301\250\006B\245Z\202\004\245\002 Ie2'y\t\305D\002\233B7\312x\262J[BVc\344\326\0356\323'&t\244M\216\276""; previousledger: ""T\270\242(,&\233\326\374o\306[\235\317>\021e\005s\261\371l\216\017\003\032\017J\217\244W<""; ","proposeSeq: 0; currentTxHash: ""u\315\243\367\211\2625\240r:n\277\003\026\366\353'\216jy9\\001\220\223~\341j\254O\025\257""; nodePubKey: ""\003\343\005\311u\203\370\0338\3174\324\010\006\301\251\177\261\304eOX\262)FA-\022r\263wm\024""; closeTime: 803902464; signature: ""0E\002!\000\356\240\267\261\201tX\251V_\377W>C\260\330\333H\212\3517@\351\301\250\006B\245Z\202\004\245\002 Ie2'y\t\305D\002\233B7\312x\262J[BVc\344\326\0356\323'&t\244M\216\276""; previousledger: ""T\270\242(,&\233\326\374o\306[\235\317>\021e\005s\261\371l\216\017\003\032\017J\217\244W<""; "
1750587265504,1750587265504,3656,1,3,1,TMProposeSet,"proposeSeq: 0; currentTxHash: ""u\315\243\367\211\2625\240r:n\277\003\026\366\353'\216jy9\\001\220\223~\341j\254O\025\257""; nodePubKey: ""\003\343\005\311u\203\370\0338\3174\324\010\006\301\251\177\261\304eOX\262)FA-\022r\263wm\024""; closeTime: 803902464; signature: ""0E\002!\000\356\240\267\261\201tX\251V_\377W>C\260\330\333H\212\3517@\351\301\250\006B\245Z\202\004\245\002 Ie2'y\t\305D\002\233B7\312x\262J[BVc\344\326\0356\323'&t\244M\216\276""; previousledger: ""T\270\242(,&\233\326\374o\306[\235\317>\021e\005s\261\371l\216\017\003\032\017J\217\244W<""; ","proposeSeq: 0; currentTxHash: ""u\315\243\367\211\2625\240r:n\277\003\026\366\353'\216jy9\\001\220\223~\341j\254O\025\257""; nodePubKey: ""\003\343\005\311u\203\370\0338\3174\324\010\006\301\251\177\261\304eOX\262)FA-\022r\263wm\024""; closeTime: 803902464; signature: ""0E\002!\000\356\240\267\261\201tX\251V_\377W>C\260\330\333H\212\3517@\351\301\250\006B\245Z\202\004\245\002 Ie2'y\t\305D\002\233B7\312x\262J[BVc\344\326\0356\323'&t\244M\216\276""; previousledger: ""T\270\242(,&\233\326\374o\306[\235\317>\021e\005s\261\371l\216\017\003\032\017J\217\244W<""; "
1750587265505,1750587265505,1317,1,3,2,TMProposeSet,"proposeSeq: 0; currentTxHash: ""u\315\243\367\211\2625\240r:n\277\003\026\366\353'\216jy9\\001\220\223~\341j\254O\025\257""; nodePubKey: ""\003\343\005\311u\203\370\0338\3174\324\010\006\301\251\177\261\304eOX\262)FA-\022r\263wm\024""; closeTime: 803902464; signature: ""0E\002!\000\356\240\267\261\201tX\251V_\377W>C\260\330\333H\212\3517@\351\301\250\006B\245Z\202\004\245\002 Ie2'y\t\305D\002\233B7\312x\262J[BVc\344\326\0356\323'&t\244M\216\276""; previousledger: ""T\270\242(,&\233\326\374o\306[\235\317>\021e\005s\261\371l\216\017\003\032\017J\217\244W<""; ","proposeSeq: 0; currentTxHash: ""u\315\243\367\211\2625\240r:n\277\003\026\366\353'\216jy9\\001\220\223~\341j\254O\025\257""; nodePubKey: ""\003\343\005\311u\203\370\0338\3174\324\010\006\301\251\177\261\304eOX\262)FA-\022r\263wm\024""; closeTime: 803902464; signature: ""0E\002!\000\356\240\267\261\201tX\251V_\377W>C\260\330\333H\212\3517@\351\301\250\006B\245Z\202\004\245\002 Ie2'y\t\305D\002\233B7\312x\262J[BVc\344\326\0356\323'&t\244M\216\276""; previousledger: ""T\270\242(,&\233\326\374o\306[\235\317>\021e\005s\261\371l\216\017\003\032\017J\217\244W<""; "
1750587265516,1750587265516,792,1,0,4,TMValidation,"validation: """"\200\000\000\001&\000\000\000\003)/\352\223\376:?HT\314/\177\320^QT\270\242(,&\233\326\374o\306[\235\317>\021e\005s\261\371l\216\017\003\032\017J\217\244W<P\027\000\000\000\000\000\000\000\000\000\000\000\000\000\000\000\000\000\000\000\000\000\000\000\000\000\000\000\000\000\000\000\000P\031-}\351f\032\255\274\334m\326c\017\014ao[\342\230\003\245\245\3341Hm\326^\017jy\335\261s!\003\343\005\311u\203\370\0338\3174\324\010\006\301\251\177\261\304eOX\262)FA-\022r\263wm\024vG0E\002!\000\325\372\350\343\177;\342+\266A\230\272\023N\014R\021\342kV""\376\233\334\254\347\322\362\026a\3627\002 [\244\334v""\313\014\24601\210\260\326fvF'9M2\215\210\226Y\201\240\307\357\016,\241\343""; ","validation: """"\200\000\000\001&\000\000\000\003)/\352\223\376:?HT\314/\177\320^QT\270\242(,&\233\326\374o\306[\235\317>\021e\005s\261\371l\216\017\003\032\017J\217\244W<P\027\000\000\000\000\000\000\000\000\000\000\000\000\000\000\000\000\000\000\000\000\000\000\000\000\000\000\000\000\000\000\000\000P\031-}\351f\032\255\274\334m\326c\017\014ao[\342\230\003\245\245\3341Hm\326^\017jy\335\261s!\003\343\005\311u\203\370\0338\3174\324\010\006\301\251\177\261\304eOX\262)FA-\022r\263wm\024vG0E\002!\000\325\372\350\343\177;\342+\266A\230\272\023N\014R\021\342kV""\376\233\334\254\347\322\362\026a\3627\002 [\244\334v""\313\014\24601\210\260\326fvF'9M2\215\210\226Y\201\240\307\357\016,\241\343""; "
1750587265517,1750587265517,779,1,0,3,TMValidation,"validation: """"\200\000\000\001&\000\000\000\003)/\352\223\376:?HT\314/\177\320^QT\270\242(,&\233\326\374o\306[\235\317>\021e\005s\261\371l\216\017\003\032\017J\217\244W<P\027\000\000\000\000\000\000\000\000\000\000\000\000\000\000\000\000\000\000\000\000\000\000\000\000\000\000\000\000\000\000\000\000P\031-}\351f\032\255\274\334m\326c\017\014ao[\342\230\003\245\245\3341Hm\326^\017jy\335\261s!\003\343\005\311u\203\370\0338\3174\324\010\006\301\251\177\261\304eOX\262)FA-\022r\263wm\024vG0E\002!\000\325\372\350\343\177;\342+\266A\230\272\023N\014R\021\342kV""\376\233\334\254\347\322\362\026a\3627\002 [\244\334v""\313\014\24601\210\260\326fvF'9M2\215\210\226Y\201\240\307\357\016,\241\343""; ","validation: """"\200\000\000\001&\000\000\000\003)/\352\223\376:?HT\314/\177\320^QT\270\242(,&\233\326\374o\306[\235\317>\021e\005s\261\371l\216\017\003\032\017J\217\244W<P\027\000\000\000\000\000\000\000\000\000\000\000\000\000\000\000\000\000\000\000\000\000\000\000\000\000\000\000\000\000\000\000\000P\031-}\351f\032\255\274\334m\326c\017\014ao[\342\230\003\245\245\3341Hm\326^\017jy\335\261s!\003\343\005\311u\203\370\0338\3174\324\010\006\301\251\177\261\304eOX\262)FA-\022r\263wm\024vG0E\002!\000\325\372\350\343\177;\342+\266A\230\272\023N\014R\021\342kV""\376\233\334\254\347\322\362\026a\3627\002 [\244\334v""\313\014\24601\210\260\326fvF'9M2\215\210\226Y\201\240\307\357\016,\241\343""; "
1750587265517,1750587265517,3563,1,0,2,TMValidation,"validation: """"\200\000\000\001&\000\000\000\003)/\352\223\376:?HT\314/\177\320^QT\270\242(,&\233\326\374o\306[\235\317>\021e\005s\261\371l\216\017\003\032\017J\217\244W<P\027\000\000\000\000\000\000\000\000\000\000\000\000\000\000\000\000\000\000\000\000\000\000\000\000\000\000\000\000\000\000\000\000P\031-}\351f\032\255\274\334m\326c\017\014ao[\342\230\003\245\245\3341Hm\326^\017jy\335\261s!\003\343\005\311u\203\370\0338\3174\324\010\006\301\251\177\261\304eOX\262)FA-\022r\263wm\024vG0E\002!\000\325\372\350\343\177;\342+\266A\230\272\023N\014R\021\342kV""\376\233\334\254\347\322\362\026a\3627\002 [\244\334v""\313\014\24601\210\260\326fvF'9M2\215\210\226Y\201\240\307\357\016,\241\343""; ","validation: """"\200\000\000\001&\000\000\000\003)/\352\223\376:?HT\314/\177\320^QT\270\242(,&\233\326\374o\306[\235\317>\021e\005s\261\371l\216\017\003\032\017J\217\244W<P\027\000\000\000\000\000\000\000\000\000\000\000\000\000\000\000\000\000\000\000\000\000\000\000\000\000\000\000\000\000\000\000\000P\031-}\351f\032\255\274\334m\326c\017\014ao[\342\230\003\245\245\3341Hm\326^\017jy\335\261s!\003\343\005\311u\203\370\0338\3174\324\010\006\301\251\177\261\304eOX\262)FA-\022r\263wm\024vG0E\002!\000\325\372\350\343\177;\342+\266A\230\272\023N\014R\021\342kV""\376\233\334\254\347\322\362\026a\3627\002 [\244\334v""\313\014\24601\210\260\326fvF'9M2\215\210\226Y\201\240\307\357\016,\241\343""; "
1750587265608,1750587265608,3414,1,0,2,TMGetLedger,"itype: liTS_CANDIDATE; ledgerHash: ""u\315\243\367\211\2625\240r:n\277\003\026\366\353'\216jy9\\001\220\223~\341j\254O\025\257""; nodeIDs: ""\000\000\000\000\000\000\000\000\000\000\000\000\000\000\000\000\000\000\000\000\000\000\000\000\000\000\000\000\000\000\000\000\000""; queryType: qtINDIRECT; queryDepth: 3; ","itype: liTS_CANDIDATE; ledgerHash: ""u\315\243\367\211\2625\240r:n\277\003\026\366\353'\216jy9\\001\220\223~\341j\254O\025\257""; nodeIDs: ""\000\000\000\000\000\000\000\000\000\000\000\000\000\000\000\000\000\000\000\000\000\000\000\000\000\000\000\000\000\000\000\000\000""; queryType: qtINDIRECT; queryDepth: 3; "
1750587265626,1750587265626,3614,1,4,2,TMProposeSet,"proposeSeq: 0; currentTxHash: ""\000\000\000\000\000\000\000\000\000\000\000\000\000\000\000\000\000\000\000\000\000\000\000\000\000\000\000\000\000\000\000\000""; nodePubKey: ""\002\347\243J\206W\025ML\260\226\0163\217\250\337\325W\253\356*O\245Z\271\234\207C\274\375`\335\311""; closeTime: 803902464; signature: ""0D\002 \007q\233\301\252\373\350\204kF\257\216\021\037\177?\252\275K\204\337%\234\357\341$\270\001\233e\346\266\002 3H\351Y&\224'\247e\3570_;\204P\370\243\244\352b\303\333\333L\230d\352\257xA\332\371""; previousledger: ""T\270\242(,&\233\326\374o\306[\235\317>\021e\005s\261\371l\216\017\003\032\017J\217\244W<""; ","proposeSeq: 0; currentTxHash: ""\000\000\000\000\000\000\000\000\000\000\000\000\000\000\000\000\000\000\000\000\000\000\000\000\000\000\000\000\000\000\000\000""; nodePubKey: ""\002\347\243J\206W\025ML\260\226\0163\217\250\337\325W\253\356*O\245Z\271\234\207C\274\375`\335\311""; closeTime: 803902464; signature: ""0D\002 \007q\233\301\252\373\350\204kF\257\216\021\037\177?\252\275K\204\337%\234\357\341$\270\001\233e\346\266\002 3H\351Y&\224'\247e\3570_;\204P\370\243\244\352b\303\333\333L\230d\352\257xA\332\371""; previousledger: ""T\270\242(,&\233\326\374o\306[\235\317>\021e\005s\261\371l\216\017\003\032\017J\217\244W<""; "
1750587265626,1750587265627,980,1,4,1,TMProposeSet,"proposeSeq: 0; currentTxHash: ""\000\000\000\000\000\000\000\000\000\000\000\000\000\000\000\000\000\000\000\000\000\000\000\000\000\000\000\000\000\000\000\000""; nodePubKey: ""\002\347\243J\206W\025ML\260\226\0163\217\250\337\325W\253\356*O\245Z\271\234\207C\274\375`\335\311""; closeTime: 803902464; signature: ""0D\002 \007q\233\301\252\373\350\204kF\257\216\021\037\177?\252\275K\204\337%\234\357\341$\270\001\233e\346\266\002 3H\351Y&\224'\247e\3570_;\204P\370\243\244\352b\303\333\333L\230d\352\257xA\332\371""; previousledger: ""T\270\242(,&\233\326\374o\306[\235\317>\021e\005s\261\371l\216\017\003\032\017J\217\244W<""; ","proposeSeq: 0; currentTxHash: ""\000\000\000\000\000\000\000\000\000\000\000\000\000\000\000\000\000\000\000\000\000\000\000\000\000\000\000\000\000\000\000\000""; nodePubKey: ""\002\347\243J\206W\025ML\260\226\0163\217\250\337\325W\253\356*O\245Z\271\234\207C\274\375`\335\311""; closeTime: 803902464; signature: ""0D\002 \007q\233\301\252\373\350\204kF\257\216\021\037\177?\252\275K\204\337%\234\357\341$\270\001\233e\346\266\002 3H\351Y&\224'\247e\3570_;\204P\370\243\244\352b\303\333\333L\230d\352\257xA\332\371""; previousledger: ""T\270\242(,&\233\326\374o\306[\235\317>\021e\005s\261\371l\216\017\003\032\017J\217\244W<""; "
1750587265627,1750587265627,1110,1,4,0,TMProposeSet,"proposeSeq: 0; currentTxHash: ""\000\000\000\000\000\000\000\000\000\000\000\000\000\000\000\000\000\000\000\000\000\000\000\000\000\000\000\000\000\000\000\000""; nodePubKey: ""\002\347\243J\206W\025ML\260\226\0163\217\250\337\325W\253\356*O\245Z\271\234\207C\274\375`\335\311""; closeTime: 803902464; signature: ""0D\002 \007q\233\301\252\373\350\204kF\257\216\021\037\177?\252\275K\204\337%\234\357\341$\270\001\233e\346\266\002 3H\351Y&\224'\247e\3570_;\204P\370\243\244\352b\303\333\333L\230d\352\257xA\332\371""; previousledger: ""T\270\242(,&\233\326\374o\306[\235\317>\021e\005s\261\371l\216\017\003\032\017J\217\244W<""; ","proposeSeq: 0; currentTxHash: ""\000\000\000\000\000\000\000\000\000\000\000\000\000\000\000\000\000\000\000\000\000\000\000\000\000\000\000\000\000\000\000\000""; nodePubKey: ""\002\347\243J\206W\025ML\260\226\0163\217\250\337\325W\253\356*O\245Z\271\234\207C\274\375`\335\311""; closeTime: 803902464; signature: ""0D\002 \007q\233\301\252\373\350\204kF\257\216\021\037\177?\252\275K\204\337%\234\357\341$\270\001\233e\346\266\002 3H\351Y&\224'\247e\3570_;\204P\370\243\244\352b\303\333\333L\230d\352\257xA\332\371""; previousledger: ""T\270\242(,&\233\326\374o\306[\235\317>\021e\005s\261\371l\216\017\003\032\017J\217\244W<""; "
1750587265752,1750587265752,3118,1,3,4,TMGetLedger,"itype: liTS_CANDIDATE; ledgerHash: ""u\315\243\367\211\2625\240r:n\277\003\026\366\353'\216jy9\\001\220\223~\341j\254O\025\257""; nodeIDs: ""\000\000\000\000\000\000\000\000\000\000\000\000\000\000\000\000\000\000\000\000\000\000\000\000\000\000\000\000\000\000\000\000\000""; queryType: qtINDIRECT; queryDepth: 3; ","itype: liTS_CANDIDATE; ledgerHash: ""u\315\243\367\211\2625\240r:n\277\003\026\366\353'\216jy9\\001\220\223~\341j\254O\025\257""; nodeIDs: ""\000\000\000\000\000\000\000\000\000\000\000\000\000\000\000\000\000\000\000\000\000\000\000\000\000\000\000\000\000\000\000\000\000""; queryType: qtINDIRECT; queryDepth: 3; "
1750587265753,1750587265753,2655,1,1,0,TMLedgerData,"ledgerHash: ""u\315\243\367\211\2625\240r:n\277\003\026\366\353'\216jy9\\001\220\223~\341j\254O\025\257""; ledgerSeq: 0; type: liTS_CANDIDATE; nodes {;   nodedata: ""\246C\232\272\013^\241\340~\030'\005/\234\037\355\231\230\017\266\365\303w\360\273\374\234\362S:\270\023\n\003"";   nodeid: ""\000\000\000\000\000\000\000\000\000\000\000\000\000\000\000\000\000\000\000\000\000\000\000\000\000\000\000\000\000\000\000\000\000""; }; ","ledgerHash: ""u\315\243\367\211\2625\240r:n\277\003\026\366\353'\216jy9\\001\220\223~\341j\254O\025\257""; ledgerSeq: 0; type: liTS_CANDIDATE; nodes {;   nodedata: ""\246C\232\272\013^\241\340~\030'\005/\234\037\355\231\230\017\266\365\303w\360\273\374\234\362S:\270\023\n\003"";   nodeid: ""\000\000\000\000\000\000\000\000\000\000\000\000\000\000\000\000\000\000\000\000\000\000\000\000\000\000\000\000\000\000\000\000\000""; }; "
1750587265755,1750587265755,1021,1,4,2,TMStatusChange,"newEvent: neACCEPTED_LEDGER; ledgerSeq: 4; ledgerHash: ""\241'\332/+\360Bx\036+\210j\237K%\340]\246E\2434\264K\036\030qP\317\315\336\325\007""; ledgerHashPrevious: ""T\270\242(,&\233\326\374o\306[\235\317>\021e\005s\261\371l\216\017\003\032\017J\217\244W<""; networkTime: 803902465; firstSeq: 1; lastSeq: 3; ","newEvent: neACCEPTED_LEDGER; ledgerSeq: 4; ledgerHash: ""\241'\332/+\360Bx\036+\210j\237K%\340]\246E\2434\264K\036\030qP\317\315\336\325\007""; ledgerHashPrevious: ""T\270\242(,&\233\326\374o\306[\235\317>\021e\005s\261\371l\216\017\003\032\017J\217\244W<""; networkTime: 803902465; firstSeq: 1; lastSeq: 3; "
1750587265755,1750587265755,1760,1,4,1,TMStatusChange,"newEvent: neACCEPTED_LEDGER; ledgerSeq: 4; ledgerHash: ""\241'\332/+\360Bx\036+\210j\237K%\340]\246E\2434\264K\036\030qP\317\315\336\325\007""; ledgerHashPrevious: ""T\270\242(,&\233\326\374o\306[\235\317>\021e\005s\261\371l\216\017\003\032\017J\217\244W<""; networkTime: 803902465; firstSeq: 1; lastSeq: 3; ","newEvent: neACCEPTED_LEDGER; ledgerSeq: 4; ledgerHash: ""\241'\332/+\360Bx\036+\210j\237K%\340]\246E\2434\264K\036\030qP\317\315\336\325\007""; ledgerHashPrevious: ""T\270\242(,&\233\326\374o\306[\235\317>\021e\005s\261\371l\216\017\003\032\017J\217\244W<""; networkTime: 803902465; firstSeq: 1; lastSeq: 3; "
1750587265755,1750587265756,3410,1,4,3,TMStatusChange,"newEvent: neACCEPTED_LEDGER; ledgerSeq: 4; ledgerHash: ""\241'\332/+\360Bx\036+\210j\237K%\340]\246E\2434\264K\036\030qP\317\315\336\325\007""; ledgerHashPrevious: ""T\270\242(,&\233\326\374o\306[\235\317>\021e\005s\261\371l\216\017\003\032\017J\217\244W<""; networkTime: 803902465; firstSeq: 1; lastSeq: 3; ","newEvent: neACCEPTED_LEDGER; ledgerSeq: 4; ledgerHash: ""\241'\332/+\360Bx\036+\210j\237K%\340]\246E\2434\264K\036\030qP\317\315\336\325\007""; ledgerHashPrevious: ""T\270\242(,&\233\326\374o\306[\235\317>\021e\005s\261\371l\216\017\003\032\017J\217\244W<""; networkTime: 803902465; firstSeq: 1; lastSeq: 3; "
1750587265756,1750587265756,1548,1,4,0,TMStatusChange,"newEvent: neACCEPTED_LEDGER; ledgerSeq: 4; ledgerHash: ""\241'\332/+\360Bx\036+\210j\237K%\340]\246E\2434\264K\036\030qP\317\315\336\325\007""; ledgerHashPrevious: ""T\270\242(,&\233\326\374o\306[\235\317>\021e\005s\261\371l\216\017\003\032\017J\217\244W<""; networkTime: 803902465; firstSeq: 1; lastSeq: 3; ","newEvent: neACCEPTED_LEDGER; ledgerSeq: 4; ledgerHash: ""\241'\332/+\360Bx\036+\210j\237K%\340]\246E\2434\264K\036\030qP\317\315\336\325\007""; ledgerHashPrevious: ""T\270\242(,&\233\326\374o\306[\235\317>\021e\005s\261\371l\216\017\003\032\017J\217\244W<""; networkTime: 803902465; firstSeq: 1; lastSeq: 3; "
1750587265757,1750587265757,3559,1,4,0,TMValidation,"validation: """"\200\000\000\001&\000\000\000\004)/\352\224\001:v|\203\267)\257\206\032Q\241'\332/+\360Bx\036+\210j\237K%\340]\246E\2434\264K\036\030qP\317\315\336\325\007P\027\000\000\000\000\000\000\000\000\000\000\000\000\000\000\000\000\000\000\000\000\000\000\000\000\000\000\000\000\000\000\000\000P\031T\270\242(,&\233\326\374o\306[\235\317>\021e\005s\261\371l\216\017\003\032\017J\217\244W<s!\003.\200\224\215?)t\306\315\242\313\251\255\302\204=\232.\271%}\013\024s\024\002@\216l""\241FvG0E\002!\000\204\352\232*\251}\365I!\277\303\220\265s5s\311\300;S\302\014\362'B\260C\203f\303*\312\002 i\212\372th\245\353\303\376\010q\302\223W\306\274\307n\310Y\205\346\026z/\3453\356 RO\334""; ","validation: """"\200\000\000\001&\000\000\000\004)/\352\224\001:v|\203\267)\257\206\032Q\241'\332/+\360Bx\036+\210j\237K%\340]\246E\2434\264K\036\030qP\317\315\336\325\007P\027\000\000\000\000\000\000\000\000\000\000\000\000\000\000\000\000\000\000\000\000\000\000\000\000\000\000\000\000\000\000\000\000P\031T\270\242(,&\233\326\374o\306[\235\317>\021e\005s\261\371l\216\017\003\032\017J\217\244W<s!\003.\200\224\215?)t\306\315\242\313\251\255\302\204=\232.\271%}\013\024s\024\002@\216l""\241FvG0E\002!\000\204\352\232*\251}\365I!\277\303\220\265s5s\311\300;S\302\014\362'B\260C\203f\303*\312\002 i\212\372th\245\353\303\376\010q\302\223W\306\274\307n\310Y\205\346\026z/\3453\356 RO\334""; "
1750587265758,1750587265758,1357,1,4,3,TMValidation,"validation: """"\200\000\000\001&\000\000\000\004)/\352\224\001:v|\203\267)\257\206\032Q\241'\332/+\360Bx\036+\210j\237K%\340]\246E\2434\264K\036\030qP\317\315\336\325\007P\027\000\000\000\000\000\000\000\000\000\000\000\000\000\000\000\000\000\000\000\000\000\000\000\000\000\000\000\000\000\000\000\000P\031T\270\242(,&\233\326\374o\306[\235\317>\021e\005s\261\371l\216\017\003\032\017J\217\244W<s!\003.\200\224\215?)t\306\315\242\313\251\255\302\204=\232.\271%}\013\024s\024\002@\216l""\241FvG0E\002!\000\204\352\232*\251}\365I!\277\303\220\265s5s\311\300;S\302\014\362'B\260C\203f\303*\312\002 i\212\372th\245\353\303\376\010q\302\223W\306\274\307n\310Y\205\346\026z/\3453\356 RO\334""; ","validation: """"\200\000\000\001&\000\000\000\004)/\352\224\001:v|\203\267)\257\206\032Q\241'\332/+\360Bx\036+\210j\237K%\340]\246E\2434\264K\036\030qP\317\315\336\325\007P\027\000\000\000\000\000\000\000\000\000\000\000\000\000\000\000\000\000\000\000\000\000\000\000\000\000\000\000\000\000\000\000\000P\031T\270\242(,&\233\326\374o\306[\235\317>\021e\005s\261\371l\216\017\003\032\017J\217\244W<s!\003.\200\224\215?)t\306\315\242\313\251\255\302\204=\232.\271%}\013\024s\024\002@\216l""\241FvG0E\002!\000\204\352\232*\251}\365I!\277\303\220\265s5s\311\300;S\302\014\362'B\260C\203f\303*\312\002 i\212\372th\245\353\303\376\010q\302\223W\306\274\307n\310Y\205\346\026z/\3453\356 RO\334""; "
1750587265758,1750587265758,443,1,4,2,TMValidation,"validation: """"\200\000\000\001&\000\000\000\004)/\352\224\001:v|\203\267)\257\206\032Q\241'\332/+\360Bx\036+\210j\237K%\340]\246E\2434\264K\036\030qP\317\315\336\325\007P\027\000\000\000\000\000\000\000\000\000\000\000\000\000\000\000\000\000\000\000\000\000\000\000\000\000\000\000\000\000\000\000\000P\031T\270\242(,&\233\326\374o\306[\235\317>\021e\005s\261\371l\216\017\003\032\017J\217\244W<s!\003.\200\224\215?)t\306\315\242\313\251\255\302\204=\232.\271%}\013\024s\024\002@\216l""\241FvG0E\002!\000\204\352\232*\251}\365I!\277\303\220\265s5s\311\300;S\302\014\362'B\260C\203f\303*\312\002 i\212\372th\245\353\303\376\010q\302\223W\306\274\307n\310Y\205\346\026z/\3453\356 RO\334""; ","validation: """"\200\000\000\001&\000\000\000\004)/\352\224\001:v|\203\267)\257\206\032Q\241'\332/+\360Bx\036+\210j\237K%\340]\246E\2434\264K\036\030qP\317\315\336\325\007P\027\000\000\000\000\000\000\000\000\000\000\000\000\000\000\000\000\000\000\000\000\000\000\000\000\000\000\000\000\000\000\000\000P\031T\270\242(,&\233\326\374o\306[\235\317>\021e\005s\261\371l\216\017\003\032\017J\217\244W<s!\003.\200\224\215?)t\306\315\242\313\251\255\302\204=\232.\271%}\013\024s\024\002@\216l""\241FvG0E\002!\000\204\352\232*\251}\365I!\277\303\220\265s5s\311\300;S\302\014\362'B\260C\203f\303*\312\002 i\212\372th\245\353\303\376\010q\302\223W\306\274\307n\310Y\205\346\026z/\3453\356 RO\334""; "
1750587265758,1750587265759,2819,1,4,1,TMValidation,"validation: """"\200\000\000\001&\000\000\000\004)/\352\224\001:v|\203\267)\257\206\032Q\241'\332/+\360Bx\036+\210j\237K%\340]\246E\2434\264K\036\030qP\317\315\336\325\007P\027\000\000\000\000\000\000\000\000\000\000\000\000\000\000\000\000\000\000\000\000\000\000\000\000\000\000\000\000\000\000\000\000P\031T\270\242(,&\233\326\374o\306[\235\317>\021e\005s\261\371l\216\017\003\032\017J\217\244W<s!\003.\200\224\215?)t\306\315\242\313\251\255\302\204=\232.\271%}\013\024s\024\002@\216l""\241FvG0E\002!\000\204\352\232*\251}\365I!\277\303\220\265s5s\311\300;S\302\014\362'B\260C\203f\303*\312\002 i\212\372th\245\353\303\376\010q\302\223W\306\274\307n\310Y\205\346\026z/\3453\356 RO\334""; ","validation: """"\200\000\000\001&\000\000\000\004)/\352\224\001:v|\203\267)\257\206\032Q\241'\332/+\360Bx\036+\210j\237K%\340]\246E\2434\264K\036\030qP\317\315\336\325\007P\027\000\000\000\000\000\000\000\000\000\000\000\000\000\000\000\000\000\000\000\000\000\000\000\000\000\000\000\000\000\000\000\000P\031T\270\242(,&\233\326\374o\306[\235\317>\021e\005s\261\371l\216\017\003\032\017J\217\244W<s!\003.\200\224\215?)t\306\315\242\313\251\255\302\204=\232.\271%}\013\024s\024\002@\216l""\241FvG0E\002!\000\204\352\232*\251}\365I!\277\303\220\265s5s\311\300;S\302\014\362'B\260C\203f\303*\312\002 i\212\372th\245\353\303\376\010q\302\223W\306\274\307n\310Y\205\346\026z/\3453\356 RO\334""; "
1750587265765,1750587265765,779,1,0,3,TMValidation,"validation: """"\200\000\000\001&\000\000\000\003)/\352\223\376:Q\231\304\227'3\313\030QT\270\242(,&\233\326\374o\306[\235\317>\021e\005s\261\371l\216\017\003\032\017J\217\244W<P\027\000\000\000\000\000\000\000\000\000\000\000\000\000\000\000\000\000\000\000\000\000\000\000\000\000\000\000\000\000\000\000\000P\031-}\351f\032\255\274\334m\326c\017\014ao[\342\230\003\245\245\3341Hm\326^\017jy\335\261s!\003ql\302)\235\321\t\213\224\356\374%%\311\327\037\374\304\t\335\2359\344\233\035]\347<u\236\364\222vG0E\002!\000\223\033N-\241FZ\263] n\254;\307\376v}\331\0108\235\245\013\207\300}\265D\262\226\035\177\002 ~'\005}t\372\376\036\017\231\225\2315\022J\327\304\260\271\034\326\316B\005\305\352\340\340q\370\342\344""; ","validation: """"\200\000\000\001&\000\000\000\003)/\352\223\376:Q\231\304\227'3\313\030QT\270\242(,&\233\326\374o\306[\235\317>\021e\005s\261\371l\216\017\003\032\017J\217\244W<P\027\000\000\000\000\000\000\000\000\000\000\000\000\000\000\000\000\000\000\000\000\000\000\000\000\000\000\000\000\000\000\000\000P\031-}\351f\032\255\274\334m\326c\017\014ao[\342\230\003\245\245\3341Hm\326^\017jy\335\261s!\003ql\302)\235\321\t\213\224\356\374%%\311\327\037\374\304\t\335\2359\344\233\035]\347<u\236\364\222vG0E\002!\000\223\033N-\241FZ\263] n\254;\307\376v}\331\0108\235\245\013\207\300}\265D\262\226\035\177\002 ~'\005}t\372\376\036\017\231\225\2315\022J\327\304\260\271\034\326\316B\005\305\352\340\340q\370\342\344""; "
1750587265766,1750587265766,2684,1,0,1,TMValidation,"validation: """"\200\000\000\001&\000\000\000\003)/\352\223\376:Q\231\304\227'3\313\030QT\270\242(,&\233\326\374o\306[\235\317>\021e\005s\261\371l\216\017\003\032\017J\217\244W<P\027\000\000\000\000\000\000\000\000\000\000\000\000\000\000\000\000\000\000\000\000\000\000\000\000\000\000\000\000\000\000\000\000P\031-}\351f\032\255\274\334m\326c\017\014ao[\342\230\003\245\245\3341Hm\326^\017jy\335\261s!\003ql\302)\235\321\t\213\224\356\374%%\311\327\037\374\304\t\335\2359\344\233\035]\347<u\236\364\222vG0E\002!\000\223\033N-\241FZ\263] n\254;\307\376v}\331\0108\235\245\013\207\300}\265D\262\226\035\177\002 ~'\005}t\372\376\036\017\231\225\2315\022J\327\304\260\271\034\326\316B\005\305\352\340\340q\370\342\344""; ","validation: """"\200\000\000\001&\000\000\000\003)/\352\223\376:Q\231\304\227'3\313\030QT\270\242(,&\233\326\374o\306[\235\317>\021e\005s\261\371l\216\017\003\032\017J\217\244W<P\027\000\000\000\000\000\000\000\000\000\000\000\000\000\000\000\000\000\000\000\000\000\000\000\000\000\000\000\000\000\000\000\000P\031-}\351f\032\255\274\334m\326c\017\014ao[\342\230\003\245\245\3341Hm\326^\017jy\335\261s!\003ql\302)\235\321\t\213\224\356\374%%\311\327\037\374\304\t\335\2359\344\233\035]\347<u\236\364\222vG0E\002!\000\223\033N-\241FZ\263] n\254;\307\376v}\331\0108\235\245\013\207\300}\265D\262\226\035\177\002 ~'\005}t\372\376\036\017\231\225\2315\022J\327\304\260\271\034\326\316B\005\305\352\340\340q\370\342\344""; "
1750587265766,1750587265766,792,1,0,4,TMValidation,"validation: """"\200\000\000\001&\000\000\000\003)/\352\223\376:Q\231\304\227'3\313\030QT\270\242(,&\233\326\374o\306[\235\317>\021e\005s\261\371l\216\017\003\032\017J\217\244W<P\027\000\000\000\000\000\000\000\000\000\000\000\000\000\000\000\000\000\000\000\000\000\000\000\000\000\000\000\000\000\000\000\000P\031-}\351f\032\255\274\334m\326c\017\014ao[\342\230\003\245\245\3341Hm\326^\017jy\335\261s!\003ql\302)\235\321\t\213\224\356\374%%\311\327\037\374\304\t\335\2359\344\233\035]\347<u\236\364\222vG0E\002!\000\223\033N-\241FZ\263] n\254;\307\376v}\331\0108\235\245\013\207\300}\265D\262\226\035\177\002 ~'\005}t\372\376\036\017\231\225\2315\022J\327\304\260\271\034\326\316B\005\305\352\340\340q\370\342\344""; ","validation: """"\200\000\000\001&\000\000\000\003)/\352\223\376:Q\231\304\227'3\313\030QT\270\242(,&\233\326\374o\306[\235\317>\021e\005s\261\371l\216\017\003\032\017J\217\244W<P\027\000\000\000\000\000\000\000\000\000\000\000\000\000\000\000\000\000\000\000\000\000\000\000\000\000\000\000\000\000\000\000\000P\031-}\351f\032\255\274\334m\326c\017\014ao[\342\230\003\245\245\3341Hm\326^\017jy\335\261s!\003ql\302)\235\321\t\213\224\356\374%%\311\327\037\374\304\t\335\2359\344\233\035]\347<u\236\364\222vG0E\002!\000\223\033N-\241FZ\263] n\254;\307\376v}\331\0108\235\245\013\207\300}\265D\262\226\035\177\002 ~'\005}t\372\376\036\017\231\225\2315\022J\327\304\260\271\034\326\316B\005\305\352\340\340q\370\342\344""; "
1750587265897,1750587265897,1466,1,0,4,TMGetLedger,"itype: liTS_CANDIDATE; ledgerHash: ""u\315\243\367\211\2625\240r:n\277\003\026\366\353'\216jy9\\001\220\223~\341j\254O\025\257""; nodeIDs: ""\000\000\000\000\000\000\000\000\000\000\000\000\000\000\000\000\000\000\000\000\000\000\000\000\000\000\000\000\000\000\000\000\000""; queryType: qtINDIRECT; queryDepth: 3; ","itype: liTS_CANDIDATE; ledgerHash: ""u\315\243\367\211\2625\240r:n\277\003\026\366\353'\216jy9\\001\220\223~\341j\254O\025\257""; nodeIDs: ""\000\000\000\000\000\000\000\000\000\000\000\000\000\000\000\000\000\000\000\000\000\000\000\000\000\000\000\000\000\000\000\000\000""; queryType: qtINDIRECT; queryDepth: 3; "
1750587265899,1750587265899,734,1,3,2,TMValidation,"validation: """"\200\000\000\001&\000\000\000\004)/\352\224\001:\211l\014`\252m\212dQ\241'\332/+\360Bx\036+\210j\237K%\340]\246E\2434\264K\036\030qP\317\315\336\325\007P\027\000\000\000\000\000\000\000\000\000\000\000\000\000\000\000\000\000\000\000\000\000\000\000\000\000\000\000\000\000\000\000\000P\031T\270\242(,&\233\326\374o\306[\235\317>\021e\005s\261\371l\216\017\003\032\017J\217\244W<s!\003\325Q\255\224\274R@\312\253\262\347\352\034\346\347\242\215,\312\376=\277\353{\350\225\301\305`^, vG0E\002!\000\346\246\323\357, t+\031=\312H>\220\023\373\325\340fO \177e\302b|\246\003V\021\030\006\002 \000\232,\262\353\331\326\355'\310\362^-#l\215\323i\201\217n2\250\245R>b\266#\376\234M""; ","validation: """"\200\000\000\001&\000\000\000\004)/\352\224\001:\211l\014`\252m\212dQ\241'\332/+\360Bx\036+\210j\237K%\340]\246E\2434\264K\036\030qP\317\315\336\325\007P\027\000\000\000\000\000\000\000\000\000\000\000\000\000\000\000\000\000\000\000\000\000\000\000\000\000\000\000\000\000\000\000\000P\031T\270\242(,&\233\326\374o\306[\235\317>\021e\005s\261\371l\216\017\003\032\017J\217\244W<s!\003\325Q\255\224\274R@\312\253\262\347\352\034\346\347\242\215,\312\376=\277\353{\350\225\301\305`^, vG0E\002!\000\346\246\323\357, t+\031=\312H>\220\023\373\325\340fO \177e\302b|\246\003V\021\030\006\002 \000\232,\262\353\331\326\355'\310\362^-#l\215\323i\201\217n2\250\245R>b\266#\376\234M""; "
1750587265901,1750587265901,854,1,3,2,TMStatusChange,"newEvent: neACCEPTED_LEDGER; ledgerSeq: 4; ledgerHash: ""\241'\332/+\360Bx\036+\210j\237K%\340]\246E\2434\264K\036\030qP\317\315\336\325\007""; ledgerHashPrevious: ""T\270\242(,&\233\326\374o\306[\235\317>\021e\005s\261\371l\216\017\003\032\017J\217\244W<""; networkTime: 803902465; firstSeq: 1; lastSeq: 3; ","newEvent: neACCEPTED_LEDGER; ledgerSeq: 4; ledgerHash: ""\241'\332/+\360Bx\036+\210j\237K%\340]\246E\2434\264K\036\030qP\317\315\336\325\007""; ledgerHashPrevious: ""T\270\242(,&\233\326\374o\306[\235\317>\021e\005s\261\371l\216\017\003\032\017J\217\244W<""; networkTime: 803902465; firstSeq: 1; lastSeq: 3; "
1750587265902,1750587265902,2573,1,3,1,TMValidation,"validation: """"\200\000\000\001&\000\000\000\004)/\352\224\001:\211l\014`\252m\212dQ\241'\332/+\360Bx\036+\210j\237K%\340]\246E\2434\264K\036\030qP\317\315\336\325\007P\027\000\000\000\000\000\000\000\000\000\000\000\000\000\000\000\000\000\000\000\000\000\000\000\000\000\000\000\000\000\000\000\000P\031T\270\242(,&\233\326\374o\306[\235\317>\021e\005s\261\371l\216\017\003\032\017J\217\244W<s!\003\325Q\255\224\274R@\312\253\262\347\352\034\346\347\242\215,\312\376=\277\353{\350\225\301\305`^, vG0E\002!\000\346\246\323\357, t+\031=\312H>\220\023\373\325\340fO \177e\302b|\246\003V\021\030\006\002 \000\232,\262\353\331\326\355'\310\362^-#l\215\323i\201\217n2\250\245R>b\266#\376\234M""; ","validation: """"\200\000\000\001&\000\000\000\004)/\352\224\001:\211l\014`\252m\212dQ\241'\332/+\360Bx\036+\210j\237K%\340]\246E\2434\264K\036\030qP\317\315\336\325\007P\027\000\000\000\000\000\000\000\000\000\000\000\000\000\000\000\000\000\000\000\000\000\000\000\000\000\000\000\000\000\000\000\000P\031T\270\242(,&\233\326\374o\306[\235\317>\021e\005s\261\371l\216\017\003\032\017J\217\244W<s!\003\325Q\255\224\274R@\312\253\262\347\352\034\346\347\242\215,\312\376=\277\353{\350\225\301\305`^, vG0E\002!\000\346\246\323\357, t+\031=\312H>\220\023\373\325\340fO \177e\302b|\246\003V\021\030\006\002 \000\232,\262\353\331\326\355'\310\362^-#l\215\323i\201\217n2\250\245R>b\266#\376\234M""; "
1750587265904,1750587265904,1591,1,3,1,TMStatusChange,"newEvent: neACCEPTED_LEDGER; ledgerSeq: 4; ledgerHash: ""\241'\332/+\360Bx\036+\210j\237K%\340]\246E\2434\264K\036\030qP\317\315\336\325\007""; ledgerHashPrevious: ""T\270\242(,&\233\326\374o\306[\235\317>\021e\005s\261\371l\216\017\003\032\017J\217\244W<""; networkTime: 803902465; firstSeq: 1; lastSeq: 3; ","newEvent: neACCEPTED_LEDGER; ledgerSeq: 4; ledgerHash: ""\241'\332/+\360Bx\036+\210j\237K%\340]\246E\2434\264K\036\030qP\317\315\336\325\007""; ledgerHashPrevious: ""T\270\242(,&\233\326\374o\306[\235\317>\021e\005s\261\371l\216\017\003\032\017J\217\244W<""; networkTime: 803902465; firstSeq: 1; lastSeq: 3; "
1750587265915,1750587265916,1393,1,3,0,TMStatusChange,"newEvent: neACCEPTED_LEDGER; ledgerSeq: 4; ledgerHash: ""\241'\332/+\360Bx\036+\210j\237K%\340]\246E\2434\264K\036\030qP\317\315\336\325\007""; ledgerHashPrevious: ""T\270\242(,&\233\326\374o\306[\235\317>\021e\005s\261\371l\216\017\003\032\017J\217\244W<""; networkTime: 803902465; firstSeq: 1; lastSeq: 3; ","newEvent: neACCEPTED_LEDGER; ledgerSeq: 4; ledgerHash: ""\241'\332/+\360Bx\036+\210j\237K%\340]\246E\2434\264K\036\030qP\317\315\336\325\007""; ledgerHashPrevious: ""T\270\242(,&\233\326\374o\306[\235\317>\021e\005s\261\371l\216\017\003\032\017J\217\244W<""; networkTime: 803902465; firstSeq: 1; lastSeq: 3; "
1750587265917,1750587265917,3501,1,3,4,TMValidation,"validation: """"\200\000\000\001&\000\000\000\004)/\352\224\001:\211l\014`\252m\212dQ\241'\332/+\360Bx\036+\210j\237K%\340]\246E\2434\264K\036\030qP\317\315\336\325\007P\027\000\000\000\000\000\000\000\000\000\000\000\000\000\000\000\000\000\000\000\000\000\000\000\000\000\000\000\000\000\000\000\000P\031T\270\242(,&\233\326\374o\306[\235\317>\021e\005s\261\371l\216\017\003\032\017J\217\244W<s!\003\325Q\255\224\274R@\312\253\262\347\352\034\346\347\242\215,\312\376=\277\353{\350\225\301\305`^, vG0E\002!\000\346\246\323\357, t+\031=\312H>\220\023\373\325\340fO \177e\302b|\246\003V\021\030\006\002 \000\232,\262\353\331\326\355'\310\362^-#l\215\323i\201\217n2\250\245R>b\266#\376\234M""; ","validation: """"\200\000\000\001&\000\000\000\004)/\352\224\001:\211l\014`\252m\212dQ\241'\332/+\360Bx\036+\210j\237K%\340]\246E\2434\264K\036\030qP\317\315\336\325\007P\027\000\000\000\000\000\000\000\000\000\000\000\000\000\000\000\000\000\000\000\000\000\000\000\000\000\000\000\000\000\000\000\000P\031T\270\242(,&\233\326\374o\306[\235\317>\021e\005s\261\371l\216\017\003\032\017J\217\244W<s!\003\325Q\255\224\274R@\312\253\262\347\352\034\346\347\242\215,\312\376=\277\353{\350\225\301\305`^, vG0E\002!\000\346\246\323\357, t+\031=\312H>\220\023\373\325\340fO \177e\302b|\246\003V\021\030\006\002 \000\232,\262\353\331\326\355'\310\362^-#l\215\323i\201\217n2\250\245R>b\266#\376\234M""; "
1750587265917,1750587265918,3767,1,3,0,TMValidation,"validation: """"\200\000\000\001&\000\000\000\004)/\352\224\001:\211l\014`\252m\212dQ\241'\332/+\360Bx\036+\210j\237K%\340]\246E\2434\264K\036\030qP\317\315\336\325\007P\027\000\000\000\000\000\000\000\000\000\000\000\000\000\000\000\000\000\000\000\000\000\000\000\000\000\000\000\000\000\000\000\000P\031T\270\242(,&\233\326\374o\306[\235\317>\021e\005s\261\371l\216\017\003\032\017J\217\244W<s!\003\325Q\255\224\274R@\312\253\262\347\352\034\346\347\242\215,\312\376=\277\353{\350\225\301\305`^, vG0E\002!\000\346\246\323\357, t+\031=\312H>\220\023\373\325\340fO \177e\302b|\246\003V\021\030\006\002 \000\232,\262\353\331\326\355'\310\362^-#l\215\323i\201\217n2\250\245R>b\266#\376\234M""; ","validation: """"\200\000\000\001&\000\000\000\004)/\352\224\001:\211l\014`\252m\212dQ\241'\332/+\360Bx\036+\210j\237K%\340]\246E\2434\264K\036\030qP\317\315\336\325\007P\027\000\000\000\000\000\000\000\000\000\000\000\000\000\000\000\000\000\000\000\000\000\000\000\000\000\000\000\000\000\000\000\000P\031T\270\242(,&\233\326\374o\306[\235\317>\021e\005s\261\371l\216\017\003\032\017J\217\244W<s!\003\325Q\255\224\274R@\312\253\262\347\352\034\346\347\242\215,\312\376=\277\353{\350\225\301\305`^, vG0E\002!\000\346\246\323\357, t+\031=\312H>\220\023\373\325\340fO \177e\302b|\246\003V\021\030\006\002 \000\232,\262\353\331\326\355'\310\362^-#l\215\323i\201\217n2\250\245R>b\266#\376\234M""; "
1750587265918,1750587265918,972,1,3,4,TMStatusChange,"newEvent: neACCEPTED_LEDGER; ledgerSeq: 4; ledgerHash: ""\241'\332/+\360Bx\036+\210j\237K%\340]\246E\2434\264K\036\030qP\317\315\336\325\007""; ledgerHashPrevious: ""T\270\242(,&\233\326\374o\306[\235\317>\021e\005s\261\371l\216\017\003\032\017J\217\244W<""; networkTime: 803902465; firstSeq: 1; lastSeq: 3; ","newEvent: neACCEPTED_LEDGER; ledgerSeq: 4; ledgerHash: ""\241'\332/+\360Bx\036+\210j\237K%\340]\246E\2434\264K\036\030qP\317\315\336\325\007""; ledgerHashPrevious: ""T\270\242(,&\233\326\374o\306[\235\317>\021e\005s\261\371l\216\017\003\032\017J\217\244W<""; networkTime: 803902465; firstSeq: 1; lastSeq: 3; "
1750587265934,1750587265936,1636,1,3,4,TMTransaction,"rawTransaction: ""\022\000\000""\000\000\000\000$\000\000\000\001 \033\000\000\000\027a@\000\000\027H\206*@h@\000\000\000\000\000\000\ns!\0030\347\374\235V\273%\326\211;\243\363\027\256[\3173\263)\033\326=\263&T\243\023""/\177\320 tF0D\002 0\023\341\332; \2711\245\020\321\3300\345\267-)\230\177\246\236AQ\327\203\207H\226+\000%\336\002 \024\036\211\237\201t\376\272E\270\230\020\334\014\356g\273\025((\376\266\216@ \254^2T\233\013\034\201\024\265\367by\212S\325C\240\024\312\370\262\227\317\370\362\3717\350\203\024E0\246\210\344\325\345r\024T\251\006P\255\352\333\372\351\337\302""; status: tsCURRENT; receiveTimestamp: 803902465; deferred: false; ","rawTransaction: ""\022\000\000""\000\000\000\000$\000\000\000\001 \033\000\000\000\027a@\000\000\027H\206*@h@\000\000\000\000\000\000\ns!\0030\347\374\235V\273%\326\211;\243\363\027\256[\3173\263)\033\326=\263&T\243\023""/\177\320 tF0D\002 0\023\341\332; \2711\245\020\321\3300\345\267-)\230\177\246\236AQ\327\203\207H\226+\000%\336\002 \024\036\211\237\201t\376\272E\270\230\020\334\014\356g\273\025((\376\266\216@ \254^2T\233\013\034\201\024\265\367by\212S\325C\240\024\312\370\262\227\317\370\362\3717\350\203\024E0\246\210\344\325\345r\024T\251\006P\255\352\333\372\351\337\302""; status: tsCURRENT; receiveTimestamp: 803902465; deferred: false; "
1750587265936,1750587265937,3512,1,3,2,TMTransaction,"rawTransaction: ""\022\000\000""\000\000\000\000$\000\000\000\001 \033\000\000\000\027a@\000\000\027H\206*@h@\000\000\000\000\000\000\ns!\0030\347\374\235V\273%\326\211;\243\363\027\256[\3173\263)\033\326=\263&T\243\023""/\177\320 tF0D\002 0\023\341\332; \2711\245\020\321\3300\345\267-)\230\177\246\236AQ\327\203\207H\226+\000%\336\002 \024\036\211\237\201t\376\272E\270\230\020\334\014\356g\273\025((\376\266\216@ \254^2T\233\013\034\201\024\265\367by\212S\325C\240\024\312\370\262\227\317\370\362\3717\350\203\024E0\246\210\344\325\345r\024T\251\006P\255\352\333\372\351\337\302""; status: tsCURRENT; receiveTimestamp: 803902465; deferred: false; ","rawTransaction: ""\022\000\000""\000\000\000\000$\000\000\000\001 \033\000\000\000\027a@\000\000\027H\206*@h@\000\000\000\000\000\000\ns!\0030\347\374\235V\273%\326\211;\243\363\027\256[\3173\263)\033\326=\263&T\243\023""/\177\320 tF0D\002 0\023\341\332; \2711\245\020\321\3300\345\267-)\230\177\246\236AQ\327\203\207H\226+\000%\336\002 \024\036\211\237\201t\376\272E\270\230\020\334\014\356g\273\025((\376\266\216@ \254^2T\233\013\034\201\024\265\367by\212S\325C\240\024\312\370\262\227\317\370\362\3717\350\203\024E0\246\210\344\325\345r\024T\251\006P\255\352\333\372\351\337\302""; status: tsCURRENT; receiveTimestamp: 803902465; deferred: false; "
1750587265935,1750587265937,705,1,3,0,TMTransaction,"rawTransaction: ""\022\000\000""\000\000\000\000$\000\000\000\001 \033\000\000\000\027a@\000\000\027H\206*@h@\000\000\000\000\000\000\ns!\0030\347\374\235V\273%\326\211;\243\363\027\256[\3173\263)\033\326=\263&T\243\023""/\177\320 tF0D\002 0\023\341\332; \2711\245\020\321\3300\345\267-)\230\177\246\236AQ\327\203\207H\226+\000%\336\002 \024\036\211\237\201t\376\272E\270\230\020\334\014\356g\273\025((\376\266\216@ \254^2T\233\013\034\201\024\265\367by\212S\325C\240\024\312\370\262\227\317\370\362\3717\350\203\024E0\246\210\344\325\345r\024T\251\006P\255\352\333\372\351\337\302""; status: tsCURRENT; receiveTimestamp: 803902465; deferred: false; ","rawTransaction: ""\022\000\000""\000\000\000\000$\000\000\000\001 \033\000\000\000\027a@\000\000\027H\206*@h@\000\000\000\000\000\000\ns!\0030\347\374\235V\273%\326\211;\243\363\027\256[\3173\263)\033\326=\263&T\243\023""/\177\320 tF0D\002 0\023\341\332; \2711\245\020\321\3300\345\267-)\230\177\246\236AQ\327\203\207H\226+\000%\336\002 \024\036\211\237\201t\376\272E\270\230\020\334\014\356g\273\025((\376\266\216@ \254^2T\233\013\034\201\024\265\367by\212S\325C\240\024\312\370\262\227\317\370\362\3717\350\203\024E0\246\210\344\325\345r\024T\251\006P\255\352\333\372\351\337\302""; status: tsCURRENT; receiveTimestamp: 803902465; deferred: false; "
1750587265957,1750587265960,2839,1,1,4,TMTransaction,"rawTransaction: ""\022\000\000""\000\000\000\000$\000\000\000\003 \033\000\000\000\027a@\000\000\027H\206*@h@\000\000\000\000\000\000\ns!\0030\347\374\235V\273%\326\211;\243\363\027\256[\3173\263)\033\326=\263&T\243\023""/\177\320 tF0D\002 1\275E\253\256\024\251o\345\335\301\n\213\327\371A|\353\353d\277\233o<\303\226\316\345\374\027nG\002 \016\272`\261\003\205I\263\0138\360s\312\027\267\327\341)\373\351L\217j\326\210\037s\2418\352I%\201\024\265\367by\212S\325C\240\024\312\370\262\227\317\370\362\3717\350\203\024B\006\222#\215\346\234\245/\205\327[/\206^\005y\253G\373""; status: tsCURRENT; receiveTimestamp: 803902465; deferred: false; ","rawTransaction: ""\022\000\000""\000\000\000\000$\000\000\000\003 \033\000\000\000\027a@\000\000\027H\206*@h@\000\000\000\000\000\000\ns!\0030\347\374\235V\273%\326\211;\243\363\027\256[\3173\263)\033\326=\263&T\243\023""/\177\320 tF0D\002 1\275E\253\256\024\251o\345\335\301\n\213\327\371A|\353\353d\277\233o<\303\226\316\345\374\027nG\002 \016\272`\261\003\205I\263\0138\360s\312\027\267\327\341)\373\351L\217j\326\210\037s\2418\352I%\201\024\265\367by\212S\325C\240\024\312\370\262\227\317\370\362\3717\350\203\024B\006\222#\215\346\234\245/\205\327[/\206^\005y\253G\373""; status: tsCURRENT; receiveTimestamp: 803902465; deferred: false; "
1750587265958,1750587265960,2561,1,1,2,TMTransaction,"rawTransaction: ""\022\000\000""\000\000\000\000$\000\000\000\003 \033\000\000\000\027a@\000\000\027H\206*@h@\000\000\000\000\000\000\ns!\0030\347\374\235V\273%\326\211;\243\363\027\256[\3173\263)\033\326=\263&T\243\023""/\177\320 tF0D\002 1\275E\253\256\024\251o\345\335\301\n\213\327\371A|\353\353d\277\233o<\303\226\316\345\374\027nG\002 \016\272`\261\003\205I\263\0138\360s\312\027\267\327\341)\373\351L\217j\326\210\037s\2418\352I%\201\024\265\367by\212S\325C\240\024\312\370\262\227\317\370\362\3717\350\203\024B\006\222#\215\346\234\245/\205\327[/\206^\005y\253G\373""; status: tsCURRENT; receiveTimestamp: 803902465; deferred: false; ","rawTransaction: ""\022\000\000""\000\000\000\000$\000\000\000\003 \033\000\000\000\027a@\000\000\027H\206*@h@\000\000\000\000\000\000\ns!\0030\347\374\235V\273%\326\211;\243\363\027\256[\3173\263)\033\326=\263&T\243\023""/\177\320 tF0D\002 1\275E\253\256\024\251o\345\335\301\n\213\327\371A|\353\353d\277\233o<\303\226\316\345\374\027nG\002 \016\272`\261\003\205I\263\0138\360s\312\027\267\327\341)\373\351L\217j\326\210\037s\2418\352I%\201\024\265\367by\212S\325C\240\024\312\370\262\227\317\370\362\3717\350\203\024B\006\222#\215\346\234\245/\205\327[/\206^\005y\253G\373""; status: tsCURRENT; receiveTimestamp: 803902465; deferred: false; "
1750587265958,1750587265962,1343,1,1,0,TMTransaction,"rawTransaction: ""\022\000\000""\000\000\000\000$\000\000\000\003 \033\000\000\000\027a@\000\000\027H\206*@h@\000\000\000\000\000\000\ns!\0030\347\374\235V\273%\326\211;\243\363\027\256[\3173\263)\033\326=\263&T\243\023""/\177\320 tF0D\002 1\275E\253\256\024\251o\345\335\301\n\213\327\371A|\353\353d\277\233o<\303\226\316\345\374\027nG\002 \016\272`\261\003\205I\263\0138\360s\312\027\267\327\341)\373\351L\217j\326\210\037s\2418\352I%\201\024\265\367by\212S\325C\240\024\312\370\262\227\317\370\362\3717\350\203\024B\006\222#\215\346\234\245/\205\327[/\206^\005y\253G\373""; status: tsCURRENT; receiveTimestamp: 803902465; deferred: false; ","rawTransaction: ""\022\000\000""\000\000\000\000$\000\000\000\003 \033\000\000\000\027a@\000\000\027H\206*@h@\000\000\000\000\000\000\ns!\0030\347\374\235V\273%\326\211;\243\363\027\256[\3173\263)\033\326=\263&T\243\023""/\177\320 tF0D\002 1\275E\253\256\024\251o\345\335\301\n\213\327\371A|\353\353d\277\233o<\303\226\316\345\374\027nG\002 \016\272`\261\003\205I\263\0138\360s\312\027\267\327\341)\373\351L\217j\326\210\037s\2418\352I%\201\024\265\367by\212S\325C\240\024\312\370\262\227\317\370\362\3717\350\203\024B\006\222#\215\346\234\245/\205\327[/\206^\005y\253G\373""; status: tsCURRENT; receiveTimestamp: 803902465; deferred: false; "
1750587265960,1750587265963,1777,1,1,3,TMTransaction,"rawTransaction: ""\022\000\000""\000\000\000\000$\000\000\000\003 \033\000\000\000\027a@\000\000\027H\206*@h@\000\000\000\000\000\000\ns!\0030\347\374\235V\273%\326\211;\243\363\027\256[\3173\263)\033\326=\263&T\243\023""/\177\320 tF0D\002 1\275E\253\256\024\251o\345\335\301\n\213\327\371A|\353\353d\277\233o<\303\226\316\345\374\027nG\002 \016\272`\261\003\205I\263\0138\360s\312\027\267\327\341)\373\351L\217j\326\210\037s\2418\352I%\201\024\265\367by\212S\325C\240\024\312\370\262\227\317\370\362\3717\350\203\024B\006\222#\215\346\234\245/\205\327[/\206^\005y\253G\373""; status: tsCURRENT; receiveTimestamp: 803902465; deferred: false; ","rawTransaction: ""\022\000\000""\000\000\000\000$\000\000\000\003 \033\000\000\000\027a@\000\000\027H\206*@h@\000\000\000\000\000\000\ns!\0030\347\374\235V\273%\326\211;\243\363\027\256[\3173\263)\033\326=\263&T\243\023""/\177\320 tF0D\002 1\275E\253\256\024\251o\345\335\301\n\213\327\371A|\353\353d\277\233o<\303\226\316\345\374\027nG\002 \016\272`\261\003\205I\263\0138\360s\312\027\267\327\341)\373\351L\217j\326\210\037s\2418\352I%\201\024\265\367by\212S\325C\240\024\312\370\262\227\317\370\362\3717\350\203\024B\006\222#\215\346\234\245/\205\327[/\206^\005y\253G\373""; status: tsCURRENT; receiveTimestamp: 803902465; deferred: false; "
1750587266002,1750587266002,1590,1,3,2,TMGetLedger,"itype: liTS_CANDIDATE; ledgerHash: ""u\315\243\367\211\2625\240r:n\277\003\026\366\353'\216jy9\\001\220\223~\341j\254O\025\257""; nodeIDs: ""\000\000\000\000\000\000\000\000\000\000\000\000\000\000\000\000\000\000\000\000\000\000\000\000\000\000\000\000\000\000\000\000\000""; queryType: qtINDIRECT; queryDepth: 3; ","itype: liTS_CANDIDATE; ledgerHash: ""u\315\243\367\211\2625\240r:n\277\003\026\366\353'\216jy9\\001\220\223~\341j\254O\025\257""; nodeIDs: ""\000\000\000\000\000\000\000\000\000\000\000\000\000\000\000\000\000\000\000\000\000\000\000\000\000\000\000\000\000\000\000\000\000""; queryType: qtINDIRECT; queryDepth: 3; "
1750587266043,1750587266044,141,1,0,3,TMProposeSet,"proposeSeq: 0; currentTxHash: ""\000\000\000\000\000\000\000\000\000\000\000\000\000\000\000\000\000\000\000\000\000\000\000\000\000\000\000\000\000\000\000\000""; nodePubKey: ""\003ql\302)\235\321\t\213\224\356\374%%\311\327\037\374\304\t\335\2359\344\233\035]\347<u\236\364\222""; closeTime: 803902463; signature: ""0D\002 L\225\273H\246\212\2157\326-\356E\347\225?\237\312\252|\242\335w\266\360\217\031/\375\311n\035\200\002 l\271\023\254\tW\243i\371\036\334\010\2678\335\231Q\3523\245_\336\002i\314\32515\211\024?\330""; previousledger: ""T\270\242(,&\233\326\374o\306[\235\317>\021e\005s\261\371l\216\017\003\032\017J\217\244W<""; ","proposeSeq: 0; currentTxHash: ""\000\000\000\000\000\000\000\000\000\000\000\000\000\000\000\000\000\000\000\000\000\000\000\000\000\000\000\000\000\000\000\000""; nodePubKey: ""\003ql\302)\235\321\t\213\224\356\374%%\311\327\037\374\304\t\335\2359\344\233\035]\347<u\236\364\222""; closeTime: 803902463; signature: ""0D\002 L\225\273H\246\212\2157\326-\356E\347\225?\237\312\252|\242\335w\266\360\217\031/\375\311n\035\200\002 l\271\023\254\tW\243i\371\036\334\010\2678\335\231Q\3523\245_\336\002i\314\32515\211\024?\330""; previousledger: ""T\270\242(,&\233\326\374o\306[\235\317>\021e\005s\261\371l\216\017\003\032\017J\217\244W<""; "
1750587266044,1750587266045,1290,1,0,2,TMProposeSet,"proposeSeq: 0; currentTxHash: ""\000\000\000\000\000\000\000\000\000\000\000\000\000\000\000\000\000\000\000\000\000\000\000\000\000\000\000\000\000\000\000\000""; nodePubKey: ""\003ql\302)\235\321\t\213\224\356\374%%\311\327\037\374\304\t\335\2359\344\233\035]\347<u\236\364\222""; closeTime: 803902463; signature: ""0D\002 L\225\273H\246\212\2157\326-\356E\347\225?\237\312\252|\242\335w\266\360\217\031/\375\311n\035\200\002 l\271\023\254\tW\243i\371\036\334\010\2678\335\231Q\3523\245_\336\002i\314\32515\211\024?\330""; previousledger: ""T\270\242(,&\233\326\374o\306[\235\317>\021e\005s\261\371l\216\017\003\032\017J\217\244W<""; ","proposeSeq: 0; currentTxHash: ""\000\000\000\000\000\000\000\000\000\000\000\000\000\000\000\000\000\000\000\000\000\000\000\000\000\000\000\000\000\000\000\000""; nodePubKey: ""\003ql\302)\235\321\t\213\224\356\374%%\311\327\037\374\304\t\335\2359\344\233\035]\347<u\236\364\222""; closeTime: 803902463; signature: ""0D\002 L\225\273H\246\212\2157\326-\356E\347\225?\237\312\252|\242\335w\266\360\217\031/\375\311n\035\200\002 l\271\023\254\tW\243i\371\036\334\010\2678\335\231Q\3523\245_\336\002i\314\32515\211\024?\330""; previousledger: ""T\270\242(,&\233\326\374o\306[\235\317>\021e\005s\261\371l\216\017\003\032\017J\217\244W<""; "
1750587266044,1750587266044,2970,1,0,4,TMProposeSet,"proposeSeq: 0; currentTxHash: ""\000\000\000\000\000\000\000\000\000\000\000\000\000\000\000\000\000\000\000\000\000\000\000\000\000\000\000\000\000\000\000\000""; nodePubKey: ""\003ql\302)\235\321\t\213\224\356\374%%\311\327\037\374\304\t\335\2359\344\233\035]\347<u\236\364\222""; closeTime: 803902463; signature: ""0D\002 L\225\273H\246\212\2157\326-\356E\347\225?\237\312\252|\242\335w\266\360\217\031/\375\311n\035\200\002 l\271\023\254\tW\243i\371\036\334\010\2678\335\231Q\3523\245_\336\002i\314\32515\211\024?\330""; previousledger: ""T\270\242(,&\233\326\374o\306[\235\317>\021e\005s\261\371l\216\017\003\032\017J\217\244W<""; ","proposeSeq: 0; currentTxHash: ""\000\000\000\000\000\000\000\000\000\000\000\000\000\000\000\000\000\000\000\000\000\000\000\000\000\000\000\000\000\000\000\000""; nodePubKey: ""\003ql\302)\235\321\t\213\224\356\374%%\311\327\037\374\304\t\335\2359\344\233\035]\347<u\236\364\222""; closeTime: 803902463; signature: ""0D\002 L\225\273H\246\212\2157\326-\356E\347\225?\237\312\252|\242\335w\266\360\217\031/\375\311n\035\200\002 l\271\023\254\tW\243i\371\036\334\010\2678\335\231Q\3523\245_\336\002i\314\32515\211\024?\330""; previousledger: ""T\270\242(,&\233\326\374o\306[\235\317>\021e\005s\261\371l\216\017\003\032\017J\217\244W<""; "
1750587266200,1750587266201,3989,1,2,3,TMValidation,"validation: """"\200\000\000\001&\000\000\000\004)/\352\224\001:v|\203\267)\257\206\032Q\241'\332/+\360Bx\036+\210j\237K%\340]\246E\2434\264K\036\030qP\317\315\336\325\007P\027\000\000\000\000\000\000\000\000\000\000\000\000\000\000\000\000\000\000\000\000\000\000\000\000\000\000\000\000\000\000\000\000P\031T\270\242(,&\233\326\374o\306[\235\317>\021e\005s\261\371l\216\017\003\032\017J\217\244W<s!\003.\200\224\215?)t\306\315\242\313\251\255\302\204=\232.\271%}\013\024s\024\002@\216l""\241FvG0E\002!\000\204\352\232*\251}\365I!\277\303\220\265s5s\311\300;S\302\014\362'B\260C\203f\303*\312\002 i\212\372th\245\353\303\376\010q\302\223W\306\274\307n\310Y\205\346\026z/\3453\356 RO\334""; ","validation: """"\200\000\000\001&\000\000\000\004)/\352\224\001:v|\203\267)\257\206\032Q\241'\332/+\360Bx\036+\210j\237K%\340]\246E\2434\264K\036\030qP\317\315\336\325\007P\027\000\000\000\000\000\000\000\000\000\000\000\000\000\000\000\000\000\000\000\000\000\000\000\000\000\000\000\000\000\000\000\000P\031T\270\242(,&\233\326\374o\306[\235\317>\021e\005s\261\371l\216\017\003\032\017J\217\244W<s!\003.\200\224\215?)t\306\315\242\313\251\255\302\204=\232.\271%}\013\024s\024\002@\216l""\241FvG0E\002!\000\204\352\232*\251}\365I!\277\303\220\265s5s\311\300;S\302\014\362'B\260C\203f\303*\312\002 i\212\372th\245\353\303\376\010q\302\223W\306\274\307n\310Y\205\346\026z/\3453\356 RO\334""; "
1750587266201,1750587266201,1094,1,2,1,TMValidation,"validation: """"\200\000\000\001&\000\000\000\004)/\352\224\001:v|\203\267)\257\206\032Q\241'\332/+\360Bx\036+\210j\237K%\340]\246E\2434\264K\036\030qP\317\315\336\325\007P\027\000\000\000\000\000\000\000\000\000\000\000\000\000\000\000\000\000\000\000\000\000\000\000\000\000\000\000\000\000\000\000\000P\031T\270\242(,&\233\326\374o\306[\235\317>\021e\005s\261\371l\216\017\003\032\017J\217\244W<s!\003.\200\224\215?)t\306\315\242\313\251\255\302\204=\232.\271%}\013\024s\024\002@\216l""\241FvG0E\002!\000\204\352\232*\251}\365I!\277\303\220\265s5s\311\300;S\302\014\362'B\260C\203f\303*\312\002 i\212\372th\245\353\303\376\010q\302\223W\306\274\307n\310Y\205\346\026z/\3453\356 RO\334""; ","validation: """"\200\000\000\001&\000\000\000\004)/\352\224\001:v|\203\267)\257\206\032Q\241'\332/+\360Bx\036+\210j\237K%\340]\246E\2434\264K\036\030qP\317\315\336\325\007P\027\000\000\000\000\000\000\000\000\000\000\000\000\000\000\000\000\000\000\000\000\000\000\000\000\000\000\000\000\000\000\000\000P\031T\270\242(,&\233\326\374o\306[\235\317>\021e\005s\261\371l\216\017\003\032\017J\217\244W<s!\003.\200\224\215?)t\306\315\242\313\251\255\302\204=\232.\271%}\013\024s\024\002@\216l""\241FvG0E\002!\000\204\352\232*\251}\365I!\277\303\220\265s5s\311\300;S\302\014\362'B\260C\203f\303*\312\002 i\212\372th\245\353\303\376\010q\302\223W\306\274\307n\310Y\205\346\026z/\3453\356 RO\334""; "
1750587266201,1750587266201,3488,1,2,0,TMValidation,"validation: """"\200\000\000\001&\000\000\000\004)/\352\224\001:v|\203\267)\257\206\032Q\241'\332/+\360Bx\036+\210j\237K%\340]\246E\2434\264K\036\030qP\317\315\336\325\007P\027\000\000\000\000\000\000\000\000\000\000\000\000\000\000\000\000\000\000\000\000\000\000\000\000\000\000\000\000\000\000\000\000P\031T\270\242(,&\233\326\374o\306[\235\317>\021e\005s\261\371l\216\017\003\032\017J\217\244W<s!\003.\200\224\215?)t\306\315\242\313\251\255\302\204=\232.\271%}\013\024s\024\002@\216l""\241FvG0E\002!\000\204\352\232*\251}\365I!\277\303\220\265s5s\311\300;S\302\014\362'B\260C\203f\303*\312\002 i\212\372th\245\353\303\376\010q\302\223W\306\274\307n\310Y\205\346\026z/\3453\356 RO\334""; ","validation: """"\200\000\000\001&\000\000\000\004)/\352\224\001:v|\203\267)\257\206\032Q\241'\332/+\360Bx\036+\210j\237K%\340]\246E\2434\264K\036\030qP\317\315\336\325\007P\027\000\000\000\000\000\000\000\000\000\000\000\000\000\000\000\000\000\000\000\000\000\000\000\000\000\000\000\000\000\000\000\000P\031T\270\242(,&\233\326\374o\306[\235\317>\021e\005s\261\371l\216\017\003\032\017J\217\244W<s!\003.\200\224\215?)t\306\315\242\313\251\255\302\204=\232.\271%}\013\024s\024\002@\216l""\241FvG0E\002!\000\204\352\232*\251}\365I!\277\303\220\265s5s\311\300;S\302\014\362'B\260C\203f\303*\312\002 i\212\372th\245\353\303\376\010q\302\223W\306\274\307n\310Y\205\346\026z/\3453\356 RO\334""; "
1750587266275,1750587266275,3725,1,2,3,TMProposeSet,"proposeSeq: 0; currentTxHash: ""\000\000\000\000\000\000\000\000\000\000\000\000\000\000\000\000\000\000\000\000\000\000\000\000\000\000\000\000\000\000\000\000""; nodePubKey: ""\003ql\302)\235\321\t\213\224\356\374%%\311\327\037\374\304\t\335\2359\344\233\035]\347<u\236\364\222""; closeTime: 803902466; signature: ""0E\002!\000\201\033\254\014\205Ab8.\237\000UKb\337~G\347H\031\005,u\275wV\014\360\320\356\236\334\002 *\273\335D&\021\\n\343J\221\306S\020$\020/\347\013>t\213\313|\031\377k\0302\301\200\325""; previousledger: ""\241'\332/+\360Bx\036+\210j\237K%\340]\246E\2434\264K\036\030qP\317\315\336\325\007""; ","proposeSeq: 0; currentTxHash: ""\000\000\000\000\000\000\000\000\000\000\000\000\000\000\000\000\000\000\000\000\000\000\000\000\000\000\000\000\000\000\000\000""; nodePubKey: ""\003ql\302)\235\321\t\213\224\356\374%%\311\327\037\374\304\t\335\2359\344\233\035]\347<u\236\364\222""; closeTime: 803902466; signature: ""0E\002!\000\201\033\254\014\205Ab8.\237\000UKb\337~G\347H\031\005,u\275wV\014\360\320\356\236\334\002 *\273\335D&\021\\n\343J\221\306S\020$\020/\347\013>t\213\313|\031\377k\0302\301\200\325""; previousledger: ""\241'\332/+\360Bx\036+\210j\237K%\340]\246E\2434\264K\036\030qP\317\315\336\325\007""; "
1750587266277,1750587266278,3082,1,2,4,TMProposeSet,"proposeSeq: 0; currentTxHash: ""\000\000\000\000\000\000\000\000\000\000\000\000\000\000\000\000\000\000\000\000\000\000\000\000\000\000\000\000\000\000\000\000""; nodePubKey: ""\003ql\302)\235\321\t\213\224\356\374%%\311\327\037\374\304\t\335\2359\344\233\035]\347<u\236\364\222""; closeTime: 803902466; signature: ""0E\002!\000\201\033\254\014\205Ab8.\237\000UKb\337~G\347H\031\005,u\275wV\014\360\320\356\236\334\002 *\273\335D&\021\\n\343J\221\306S\020$\020/\347\013>t\213\313|\031\377k\0302\301\200\325""; previousledger: ""\241'\332/+\360Bx\036+\210j\237K%\340]\246E\2434\264K\036\030qP\317\315\336\325\007""; ","proposeSeq: 0; currentTxHash: ""\000\000\000\000\000\000\000\000\000\000\000\000\000\000\000\000\000\000\000\000\000\000\000\000\000\000\000\000\000\000\000\000""; nodePubKey: ""\003ql\302)\235\321\t\213\224\356\374%%\311\327\037\374\304\t\335\2359\344\233\035]\347<u\236\364\222""; closeTime: 803902466; signature: ""0E\002!\000\201\033\254\014\205Ab8.\237\000UKb\337~G\347H\031\005,u\275wV\014\360\320\356\236\334\002 *\273\335D&\021\\n\343J\221\306S\020$\020/\347\013>t\213\313|\031\377k\0302\301\200\325""; previousledger: ""\241'\332/+\360Bx\036+\210j\237K%\340]\246E\2434\264K\036\030qP\317\315\336\325\007""; "
1750587266278,1750587266278,3546,1,2,0,TMProposeSet,"proposeSeq: 0; currentTxHash: ""\000\000\000\000\000\000\000\000\000\000\000\000\000\000\000\000\000\000\000\000\000\000\000\000\000\000\000\000\000\000\000\000""; nodePubKey: ""\003ql\302)\235\321\t\213\224\356\374%%\311\327\037\374\304\t\335\2359\344\233\035]\347<u\236\364\222""; closeTime: 803902466; signature: ""0E\002!\000\201\033\254\014\205Ab8.\237\000UKb\337~G\347H\031\005,u\275wV\014\360\320\356\236\334\002 *\273\335D&\021\\n\343J\221\306S\020$\020/\347\013>t\213\313|\031\377k\0302\301\200\325""; previousledger: ""\241'\332/+\360Bx\036+\210j\237K%\340]\246E\2434\264K\036\030qP\317\315\336\325\007""; ","proposeSeq: 0; currentTxHash: ""\000\000\000\000\000\000\000\000\000\000\000\000\000\000\000\000\000\000\000\000\000\000\000\000\000\000\000\000\000\000\000\000""; nodePubKey: ""\003ql\302)\235\321\t\213\224\356\374%%\311\327\037\374\304\t\335\2359\344\233\035]\347<u\236\364\222""; closeTime: 803902466; signature: ""0E\002!\000\201\033\254\014\205Ab8.\237\000UKb\337~G\347H\031\005,u\275wV\014\360\320\356\236\334\002 *\273\335D&\021\\n\343J\221\306S\020$\020/\347\013>t\213\313|\031\377k\0302\301\200\325""; previousledger: ""\241'\332/+\360Bx\036+\210j\237K%\340]\246E\2434\264K\036\030qP\317\315\336\325\007""; "
1750587266302,1750587266302,1838,1,2,1,TMProposeSet,"proposeSeq: 0; currentTxHash: ""\000\000\000\000\000\000\000\000\000\000\000\000\000\000\000\000\000\000\000\000\000\000\000\000\000\000\000\000\000\000\000\000""; nodePubKey: ""\003ql\302)\235\321\t\213\224\356\374%%\311\327\037\374\304\t\335\2359\344\233\035]\347<u\236\364\222""; closeTime: 803902466; signature: ""0E\002!\000\201\033\254\014\205Ab8.\237\000UKb\337~G\347H\031\005,u\275wV\014\360\320\356\236\334\002 *\273\335D&\021\\n\343J\221\306S\020$\020/\347\013>t\213\313|\031\377k\0302\301\200\325""; previousledger: ""\241'\332/+\360Bx\036+\210j\237K%\340]\246E\2434\264K\036\030qP\317\315\336\325\007""; ","proposeSeq: 0; currentTxHash: ""\000\000\000\000\000\000\000\000\000\000\000\000\000\000\000\000\000\000\000\000\000\000\000\000\000\000\000\000\000\000\000\000""; nodePubKey: ""\003ql\302)\235\321\t\213\224\356\374%%\311\327\037\374\304\t\335\2359\344\233\035]\347<u\236\364\222""; closeTime: 803902466; signature: ""0E\002!\000\201\033\254\014\205Ab8.\237\000UKb\337~G\347H\031\005,u\275wV\014\360\320\356\236\334\002 *\273\335D&\021\\n\343J\221\306S\020$\020/\347\013>t\213\313|\031\377k\0302\301\200\325""; previousledger: ""\241'\332/+\360Bx\036+\210j\237K%\340]\246E\2434\264K\036\030qP\317\315\336\325\007""; "
1750587266310,1750587266310,3563,1,0,2,TMValidation,"validation: """"\200\000\000\001&\000\000\000\003)/\352\223\376:v|\203\267)\257\206\032QT\270\242(,&\233\326\374o\306[\235\317>\021e\005s\261\371l\216\017\003\032\017J\217\244W<P\027\000\000\000\000\000\000\000\000\000\000\000\000\000\000\000\000\000\000\000\000\000\000\000\000\000\000\000\000\000\000\000\000P\031-}\351f\032\255\274\334m\326c\017\014ao[\342\230\003\245\245\3341Hm\326^\017jy\335\261s!\003.\200\224\215?)t\306\315\242\313\251\255\302\204=\232.\271%}\013\024s\024\002@\216l""\241FvF0D\002 $\001\206\263\325\177\t\232\201\177\t\246\027;#l\367\374\275v\247J\007C\364\216P:\325g\251\250\002 7\366\304Q\241\247\324\t\007\2641$'\250\265\217\321+\341\341dC\021] 7\244*\177\210z\231""; ","validation: """"\200\000\000\001&\000\000\000\003)/\352\223\376:v|\203\267)\257\206\032QT\270\242(,&\233\326\374o\306[\235\317>\021e\005s\261\371l\216\017\003\032\017J\217\244W<P\027\000\000\000\000\000\000\000\000\000\000\000\000\000\000\000\000\000\000\000\000\000\000\000\000\000\000\000\000\000\000\000\000P\031-}\351f\032\255\274\334m\326c\017\014ao[\342\230\003\245\245\3341Hm\326^\017jy\335\261s!\003.\200\224\215?)t\306\315\242\313\251\255\302\204=\232.\271%}\013\024s\024\002@\216l""\241FvF0D\002 $\001\206\263\325\177\t\232\201\177\t\246\027;#l\367\374\275v\247J\007C\364\216P:\325g\251\250\002 7\366\304Q\241\247\324\t\007\2641$'\250\265\217\321+\341\341dC\021] 7\244*\177\210z\231""; "
1750587266310,1750587266310,2684,1,0,1,TMValidation,"validation: """"\200\000\000\001&\000\000\000\003)/\352\223\376:v|\203\267)\257\206\032QT\270\242(,&\233\326\374o\306[\235\317>\021e\005s\261\371l\216\017\003\032\017J\217\244W<P\027\000\000\000\000\000\000\000\000\000\000\000\000\000\000\000\000\000\000\000\000\000\000\000\000\000\000\000\000\000\000\000\000P\031-}\351f\032\255\274\334m\326c\017\014ao[\342\230\003\245\245\3341Hm\326^\017jy\335\261s!\003.\200\224\215?)t\306\315\242\313\251\255\302\204=\232.\271%}\013\024s\024\002@\216l""\241FvF0D\002 $\001\206\263\325\177\t\232\201\177\t\246\027;#l\367\374\275v\247J\007C\364\216P:\325g\251\250\002 7\366\304Q\241\247\324\t\007\2641$'\250\265\217\321+\341\341dC\021] 7\244*\177\210z\231""; ","validation: """"\200\000\000\001&\000\000\000\003)/\352\223\376:v|\203\267)\257\206\032QT\270\242(,&\233\326\374o\306[\235\317>\021e\005s\261\371l\216\017\003\032\017J\217\244W<P\027\000\000\000\000\000\000\000\000\000\000\000\000\000\000\000\000\000\000\000\000\000\000\000\000\000\000\000\000\000\000\000\000P\031-}\351f\032\255\274\334m\326c\017\014ao[\342\230\003\245\245\3341Hm\326^\017jy\335\261s!\003.\200\224\215?)t\306\315\242\313\251\255\302\204=\232.\271%}\013\024s\024\002@\216l""\241FvF0D\002 $\001\206\263\325\177\t\232\201\177\t\246\027;#l\367\374\275v\247J\007C\364\216P:\325g\251\250\002 7\366\304Q\241\247\324\t\007\2641$'\250\265\217\321+\341\341dC\021] 7\244*\177\210z\231""; "
1750587266311,1750587266311,779,1,0,3,TMValidation,"validation: """"\200\000\000\001&\000\000\000\003)/\352\223\376:v|\203\267)\257\206\032QT\270\242(,&\233\326\374o\306[\235\317>\021e\005s\261\371l\216\017\003\032\017J\217\244W<P\027\000\000\000\000\000\000\000\000\000\000\000\000\000\000\000\000\000\000\000\000\000\000\000\000\000\000\000\000\000\000\000\000P\031-}\351f\032\255\274\334m\326c\017\014ao[\342\230\003\245\245\3341Hm\326^\017jy\335\261s!\003.\200\224\215?)t\306\315\242\313\251\255\302\204=\232.\271%}\013\024s\024\002@\216l""\241FvF0D\002 $\001\206\263\325\177\t\232\201\177\t\246\027;#l\367\374\275v\247J\007C\364\216P:\325g\251\250\002 7\366\304Q\241\247\324\t\007\2641$'\250\265\217\321+\341\341dC\021] 7\244*\177\210z\231""; ","validation: """"\200\000\000\001&\000\000\000\003)/\352\223\376:v|\203\267)\257\206\032QT\270\242(,&\233\326\374o\306[\235\317>\021e\005s\261\371l\216\017\003\032\017J\217\244W<P\027\000\000\000\000\000\000\000\000\000\000\000\000\000\000\000\000\000\000\000\000\000\000\000\000\000\000\000\000\000\000\000\000P\031-}\351f\032\255\274\334m\326c\017\014ao[\342\230\003\245\245\3341Hm\326^\017jy\335\261s!\003.\200\224\215?)t\306\315\242\313\251\255\302\204=\232.\271%}\013\024s\024\002@\216l""\241FvF0D\002 $\001\206\263\325\177\t\232\201\177\t\246\027;#l\367\374\275v\247J\007C\364\216P:\325g\251\250\002 7\366\304Q\241\247\324\t\007\2641$'\250\265\217\321+\341\341dC\021] 7\244*\177\210z\231""; "
1750587266319,1750587266319,2819,1,4,1,TMValidation,"validation: """"\200\000\000\001&\000\000\000\004)/\352\224\001:Q\231\304\227'3\313\030Q\241'\332/+\360Bx\036+\210j\237K%\340]\246E\2434\264K\036\030qP\317\315\336\325\007P\027\000\000\000\000\000\000\000\000\000\000\000\000\000\000\000\000\000\000\000\000\000\000\000\000\000\000\000\000\000\000\000\000P\031T\270\242(,&\233\326\374o\306[\235\317>\021e\005s\261\371l\216\017\003\032\017J\217\244W<s!\003ql\302)\235\321\t\213\224\356\374%%\311\327\037\374\304\t\335\2359\344\233\035]\347<u\236\364\222vG0E\002!\000\373\375`]\006\263A\371\324\0350H\202=\272\026\314\307dx\027\275\nv\363\355I\366\270z\374\366\002 Z\022!!\376\250=\256\250A\274{?\025\232\244\244 \027\262\022K%\351\314\336\374\257\204\340f\003""; ","validation: """"\200\000\000\001&\000\000\000\004)/\352\224\001:Q\231\304\227'3\313\030Q\241'\332/+\360Bx\036+\210j\237K%\340]\246E\2434\264K\036\030qP\317\315\336\325\007P\027\000\000\000\000\000\000\000\000\000\000\000\000\000\000\000\000\000\000\000\000\000\000\000\000\000\000\000\000\000\000\000\000P\031T\270\242(,&\233\326\374o\306[\235\317>\021e\005s\261\371l\216\017\003\032\017J\217\244W<s!\003ql\302)\235\321\t\213\224\356\374%%\311\327\037\374\304\t\335\2359\344\233\035]\347<u\236\364\222vG0E\002!\000\373\375`]\006\263A\371\324\0350H\202=\272\026\314\307dx\027\275\nv\363\355I\366\270z\374\366\002 Z\022!!\376\250=\256\250A\274{?\025\232\244\244 \027\262\022K%\351\314\336\374\257\204\340f\003""; "
1750587266320,1750587266320,1357,1,4,3,TMValidation,"validation: """"\200\000\000\001&\000\000\000\004)/\352\224\001:Q\231\304\227'3\313\030Q\241'\332/+\360Bx\036+\210j\237K%\340]\246E\2434\264K\036\030qP\317\315\336\325\007P\027\000\000\000\000\000\000\000\000\000\000\000\000\000\000\000\000\000\000\000\000\000\000\000\000\000\000\000\000\000\000\000\000P\031T\270\242(,&\233\326\374o\306[\235\317>\021e\005s\261\371l\216\017\003\032\017J\217\244W<s!\003ql\302)\235\321\t\213\224\356\374%%\311\327\037\374\304\t\335\2359\344\233\035]\347<u\236\364\222vG0E\002!\000\373\375`]\006\263A\371\324\0350H\202=\272\026\314\307dx\027\275\nv\363\355I\366\270z\374\366\002 Z\022!!\376\250=\256\250A\274{?\025\232\244\244 \027\262\022K%\351\314\336\374\257\204\340f\003""; ","validation: """"\200\000\000\001&\000\000\000\004)/\352\224\001:Q\231\304\227'3\313\030Q\241'\332/+\360Bx\036+\210j\237K%\340]\246E\2434\264K\036\030qP\317\315\336\325\007P\027\000\000\000\000\000\000\000\000\000\000\000\000\000\000\000\000\000\000\000\000\000\000\000\000\000\000\000\000\000\000\000\000P\031T\270\242(,&\233\326\374o\306[\235\317>\021e\005s\261\371l\216\017\003\032\017J\217\244W<s!\003ql\302)\235\321\t\213\224\356\374%%\311\327\037\374\304\t\335\2359\344\233\035]\347<u\236\364\222vG0E\002!\000\373\375`]\006\263A\371\324\0350H\202=\272\026\314\307dx\027\275\nv\363\355I\366\270z\374\366\002 Z\022!!\376\250=\256\250A\274{?\025\232\244\244 \027\262\022K%\351\314\336\374\257\204\340f\003""; "
1750587266320,1750587266320,3559,1,4,0,TMValidation,"validation: """"\200\000\000\001&\000\000\000\004)/\352\224\001:Q\231\304\227'3\313\030Q\241'\332/+\360Bx\036+\210j\237K%\340]\246E\2434\264K\036\030qP\317\315\336\325\007P\027\000\000\000\000\000\000\000\000\000\000\000\000\000\000\000\000\000\000\000\000\000\000\000\000\000\000\000\000\000\000\000\000P\031T\270\242(,&\233\326\374o\306[\235\317>\021e\005s\261\371l\216\017\003\032\017J\217\244W<s!\003ql\302)\235\321\t\213\224\356\374%%\311\327\037\374\304\t\335\2359\344\233\035]\347<u\236\364\222vG0E\002!\000\373\375`]\006\263A\371\324\0350H\202=\272\026\314\307dx\027\275\nv\363\355I\366\270z\374\366\002 Z\022!!\376\250=\256\250A\274{?\025\232\244\244 \027\262\022K%\351\314\336\374\257\204\340f\003""; ","validation: """"\200\000\000\001&\000\000\000\004)/\352\224\001:Q\231\304\227'3\313\030Q\241'\332/+\360Bx\036+\210j\237K%\340]\246E\2434\264K\036\030qP\317\315\336\325\007P\027\000\000\000\000\000\000\000\000\000\000\000\000\000\000\000\000\000\000\000\000\000\000\000\000\000\000\000\000\000\000\000\000P\031T\270\242(,&\233\326\374o\306[\235\317>\021e\005s\261\371l\216\017\003\032\017J\217\244W<s!\003ql\302)\235\321\t\213\224\356\374%%\311\327\037\374\304\t\335\2359\344\233\035]\347<u\236\364\222vG0E\002!\000\373\375`]\006\263A\371\324\0350H\202=\272\026\314\307dx\027\275\nv\363\355I\366\270z\374\366\002 Z\022!!\376\250=\256\250A\274{?\025\232\244\244 \027\262\022K%\351\314\336\374\257\204\340f\003""; "
1750587266276,1750587266338,3058,1,2,3,TMStatusChange,"newEvent: neCLOSING_LEDGER; ledgerSeq: 4; ledgerHash: ""\241'\332/+\360Bx\036+\210j\237K%\340]\246E\2434\264K\036\030qP\317\315\336\325\007""; ledgerHashPrevious: ""T\270\242(,&\233\326\374o\306[\235\317>\021e\005s\261\371l\216\017\003\032\017J\217\244W<""; networkTime: 803902466; firstSeq: 1; lastSeq: 4; ","newEvent: neCLOSING_LEDGER; ledgerSeq: 4; ledgerHash: ""\241'\332/+\360Bx\036+\210j\237K%\340]\246E\2434\264K\036\030qP\317\315\336\325\007""; ledgerHashPrevious: ""T\270\242(,&\233\326\374o\306[\235\317>\021e\005s\261\371l\216\017\003\032\017J\217\244W<""; networkTime: 803902466; firstSeq: 1; lastSeq: 4; "
1750587266277,1750587266339,3126,1,2,1,TMStatusChange,"newEvent: neCLOSING_LEDGER; ledgerSeq: 4; ledgerHash: ""\241'\332/+\360Bx\036+\210j\237K%\340]\246E\2434\264K\036\030qP\317\315\336\325\007""; ledgerHashPrevious: ""T\270\242(,&\233\326\374o\306[\235\317>\021e\005s\261\371l\216\017\003\032\017J\217\244W<""; networkTime: 803902466; firstSeq: 1; lastSeq: 4; ","newEvent: neCLOSING_LEDGER; ledgerSeq: 4; ledgerHash: ""\241'\332/+\360Bx\036+\210j\237K%\340]\246E\2434\264K\036\030qP\317\315\336\325\007""; ledgerHashPrevious: ""T\270\242(,&\233\326\374o\306[\235\317>\021e\005s\261\371l\216\017\003\032\017J\217\244W<""; networkTime: 803902466; firstSeq: 1; lastSeq: 4; "
1750587266277,1750587266339,3116,1,2,4,TMStatusChange,"newEvent: neCLOSING_LEDGER; ledgerSeq: 4; ledgerHash: ""\241'\332/+\360Bx\036+\210j\237K%\340]\246E\2434\264K\036\030qP\317\315\336\325\007""; ledgerHashPrevious: ""T\270\242(,&\233\326\374o\306[\235\317>\021e\005s\261\371l\216\017\003\032\017J\217\244W<""; networkTime: 803902466; firstSeq: 1; lastSeq: 4; ","newEvent: neCLOSING_LEDGER; ledgerSeq: 4; ledgerHash: ""\241'\332/+\360Bx\036+\210j\237K%\340]\246E\2434\264K\036\030qP\317\315\336\325\007""; ledgerHashPrevious: ""T\270\242(,&\233\326\374o\306[\235\317>\021e\005s\261\371l\216\017\003\032\017J\217\244W<""; networkTime: 803902466; firstSeq: 1; lastSeq: 4; "
1750587266279,1750587266340,3744,1,2,0,TMStatusChange,"newEvent: neCLOSING_LEDGER; ledgerSeq: 4; ledgerHash: ""\241'\332/+\360Bx\036+\210j\237K%\340]\246E\2434\264K\036\030qP\317\315\336\325\007""; ledgerHashPrevious: ""T\270\242(,&\233\326\374o\306[\235\317>\021e\005s\261\371l\216\017\003\032\017J\217\244W<""; networkTime: 803902466; firstSeq: 1; lastSeq: 4; ","newEvent: neCLOSING_LEDGER; ledgerSeq: 4; ledgerHash: ""\241'\332/+\360Bx\036+\210j\237K%\340]\246E\2434\264K\036\030qP\317\315\336\325\007""; ledgerHashPrevious: ""T\270\242(,&\233\326\374o\306[\235\317>\021e\005s\261\371l\216\017\003\032\017J\217\244W<""; networkTime: 803902466; firstSeq: 1; lastSeq: 4; "
1750587266359,1750587266359,3414,1,0,2,TMGetLedger,"itype: liTS_CANDIDATE; ledgerHash: ""u\315\243\367\211\2625\240r:n\277\003\026\366\353'\216jy9\\001\220\223~\341j\254O\025\257""; nodeIDs: ""\000\000\000\000\000\000\000\000\000\000\000\000\000\000\000\000\000\000\000\000\000\000\000\000\000\000\000\000\000\000\000\000\000""; queryType: qtINDIRECT; queryDepth: 3; ","itype: liTS_CANDIDATE; ledgerHash: ""u\315\243\367\211\2625\240r:n\277\003\026\366\353'\216jy9\\001\220\223~\341j\254O\025\257""; nodeIDs: ""\000\000\000\000\000\000\000\000\000\000\000\000\000\000\000\000\000\000\000\000\000\000\000\000\000\000\000\000\000\000\000\000\000""; queryType: qtINDIRECT; queryDepth: 3; "
1750587266359,1750587266359,1466,1,0,4,TMGetLedger,"itype: liTS_CANDIDATE; ledgerHash: ""u\315\243\367\211\2625\240r:n\277\003\026\366\353'\216jy9\\001\220\223~\341j\254O\025\257""; nodeIDs: ""\000\000\000\000\000\000\000\000\000\000\000\000\000\000\000\000\000\000\000\000\000\000\000\000\000\000\000\000\000\000\000\000\000""; queryType: qtINDIRECT; queryDepth: 3; ","itype: liTS_CANDIDATE; ledgerHash: ""u\315\243\367\211\2625\240r:n\277\003\026\366\353'\216jy9\\001\220\223~\341j\254O\025\257""; nodeIDs: ""\000\000\000\000\000\000\000\000\000\000\000\000\000\000\000\000\000\000\000\000\000\000\000\000\000\000\000\000\000\000\000\000\000""; queryType: qtINDIRECT; queryDepth: 3; "
1750587266359,1750587266359,393,1,0,1,TMGetLedger,"itype: liTS_CANDIDATE; ledgerHash: ""u\315\243\367\211\2625\240r:n\277\003\026\366\353'\216jy9\\001\220\223~\341j\254O\025\257""; nodeIDs: ""\000\000\000\000\000\000\000\000\000\000\000\000\000\000\000\000\000\000\000\000\000\000\000\000\000\000\000\000\000\000\000\000\000""; queryType: qtINDIRECT; queryDepth: 3; ","itype: liTS_CANDIDATE; ledgerHash: ""u\315\243\367\211\2625\240r:n\277\003\026\366\353'\216jy9\\001\220\223~\341j\254O\025\257""; nodeIDs: ""\000\000\000\000\000\000\000\000\000\000\000\000\000\000\000\000\000\000\000\000\000\000\000\000\000\000\000\000\000\000\000\000\000""; queryType: qtINDIRECT; queryDepth: 3; "
1750587266360,1750587266360,1764,1,0,3,TMGetLedger,"itype: liTS_CANDIDATE; ledgerHash: ""u\315\243\367\211\2625\240r:n\277\003\026\366\353'\216jy9\\001\220\223~\341j\254O\025\257""; nodeIDs: ""\000\000\000\000\000\000\000\000\000\000\000\000\000\000\000\000\000\000\000\000\000\000\000\000\000\000\000\000\000\000\000\000\000""; queryType: qtINDIRECT; queryDepth: 3; ","itype: liTS_CANDIDATE; ledgerHash: ""u\315\243\367\211\2625\240r:n\277\003\026\366\353'\216jy9\\001\220\223~\341j\254O\025\257""; nodeIDs: ""\000\000\000\000\000\000\000\000\000\000\000\000\000\000\000\000\000\000\000\000\000\000\000\000\000\000\000\000\000\000\000\000\000""; queryType: qtINDIRECT; queryDepth: 3; "
1750587266378,1750587266378,674,1,1,2,TMGetLedger,"itype: liBASE; ledgerHash: ""\241'\332/+\360Bx\036+\210j\237K%\340]\246E\2434\264K\036\030qP\317\315\336\325\007""; ","itype: liBASE; ledgerHash: ""\241'\332/+\360Bx\036+\210j\237K%\340]\246E\2434\264K\036\030qP\317\315\336\325\007""; "
1750587266378,1750587266378,1939,1,1,4,TMValidation,"validation: """"\200\000\000\001&\000\000\000\004)/\352\224\001:Q\231\304\227'3\313\030Q\241'\332/+\360Bx\036+\210j\237K%\340]\246E\2434\264K\036\030qP\317\315\336\325\007P\027\000\000\000\000\000\000\000\000\000\000\000\000\000\000\000\000\000\000\000\000\000\000\000\000\000\000\000\000\000\000\000\000P\031T\270\242(,&\233\326\374o\306[\235\317>\021e\005s\261\371l\216\017\003\032\017J\217\244W<s!\003ql\302)\235\321\t\213\224\356\374%%\311\327\037\374\304\t\335\2359\344\233\035]\347<u\236\364\222vG0E\002!\000\373\375`]\006\263A\371\324\0350H\202=\272\026\314\307dx\027\275\nv\363\355I\366\270z\374\366\002 Z\022!!\376\250=\256\250A\274{?\025\232\244\244 \027\262\022K%\351\314\336\374\257\204\340f\003""; ","validation: """"\200\000\000\001&\000\000\000\004)/\352\224\001:Q\231\304\227'3\313\030Q\241'\332/+\360Bx\036+\210j\237K%\340]\246E\2434\264K\036\030qP\317\315\336\325\007P\027\000\000\000\000\000\000\000\000\000\000\000\000\000\000\000\000\000\000\000\000\000\000\000\000\000\000\000\000\000\000\000\000P\031T\270\242(,&\233\326\374o\306[\235\317>\021e\005s\261\371l\216\017\003\032\017J\217\244W<s!\003ql\302)\235\321\t\213\224\356\374%%\311\327\037\374\304\t\335\2359\344\233\035]\347<u\236\364\222vG0E\002!\000\373\375`]\006\263A\371\324\0350H\202=\272\026\314\307dx\027\275\nv\363\355I\366\270z\374\366\002 Z\022!!\376\250=\256\250A\274{?\025\232\244\244 \027\262\022K%\351\314\336\374\257\204\340f\003""; "
1750587266379,1750587266379,3090,1,1,0,TMValidation,"validation: """"\200\000\000\001&\000\000\000\004)/\352\224\001:Q\231\304\227'3\313\030Q\241'\332/+\360Bx\036+\210j\237K%\340]\246E\2434\264K\036\030qP\317\315\336\325\007P\027\000\000\000\000\000\000\000\000\000\000\000\000\000\000\000\000\000\000\000\000\000\000\000\000\000\000\000\000\000\000\000\000P\031T\270\242(,&\233\326\374o\306[\235\317>\021e\005s\261\371l\216\017\003\032\017J\217\244W<s!\003ql\302)\235\321\t\213\224\356\374%%\311\327\037\374\304\t\335\2359\344\233\035]\347<u\236\364\222vG0E\002!\000\373\375`]\006\263A\371\324\0350H\202=\272\026\314\307dx\027\275\nv\363\355I\366\270z\374\366\002 Z\022!!\376\250=\256\250A\274{?\025\232\244\244 \027\262\022K%\351\314\336\374\257\204\340f\003""; ","validation: """"\200\000\000\001&\000\000\000\004)/\352\224\001:Q\231\304\227'3\313\030Q\241'\332/+\360Bx\036+\210j\237K%\340]\246E\2434\264K\036\030qP\317\315\336\325\007P\027\000\000\000\000\000\000\000\000\000\000\000\000\000\000\000\000\000\000\000\000\000\000\000\000\000\000\000\000\000\000\000\000P\031T\270\242(,&\233\326\374o\306[\235\317>\021e\005s\261\371l\216\017\003\032\017J\217\244W<s!\003ql\302)\235\321\t\213\224\356\374%%\311\327\037\374\304\t\335\2359\344\233\035]\347<u\236\364\222vG0E\002!\000\373\375`]\006\263A\371\324\0350H\202=\272\026\314\307dx\027\275\nv\363\355I\366\270z\374\366\002 Z\022!!\376\250=\256\250A\274{?\025\232\244\244 \027\262\022K%\351\314\336\374\257\204\340f\003""; "
1750587266380,1750587266380,2860,1,1,4,TMGetLedger,"itype: liBASE; ledgerHash: ""\241'\332/+\360Bx\036+\210j\237K%\340]\246E\2434\264K\036\030qP\317\315\336\325\007""; ","itype: liBASE; ledgerHash: ""\241'\332/+\360Bx\036+\210j\237K%\340]\246E\2434\264K\036\030qP\317\315\336\325\007""; "
1750587266380,1750587266380,3553,1,1,3,TMGetLedger,"itype: liBASE; ledgerHash: ""\241'\332/+\360Bx\036+\210j\237K%\340]\246E\2434\264K\036\030qP\317\315\336\325\007""; ","itype: liBASE; ledgerHash: ""\241'\332/+\360Bx\036+\210j\237K%\340]\246E\2434\264K\036\030qP\317\315\336\325\007""; "
1750587266380,1750587266380,572,1,1,0,TMGetLedger,"itype: liBASE; ledgerHash: ""\241'\332/+\360Bx\036+\210j\237K%\340]\246E\2434\264K\036\030qP\317\315\336\325\007""; ","itype: liBASE; ledgerHash: ""\241'\332/+\360Bx\036+\210j\237K%\340]\246E\2434\264K\036\030qP\317\315\336\325\007""; "
1750587266380,1750587266380,1289,1,1,3,TMValidation,"validation: """"\200\000\000\001&\000\000\000\004)/\352\224\001:Q\231\304\227'3\313\030Q\241'\332/+\360Bx\036+\210j\237K%\340]\246E\2434\264K\036\030qP\317\315\336\325\007P\027\000\000\000\000\000\000\000\000\000\000\000\000\000\000\000\000\000\000\000\000\000\000\000\000\000\000\000\000\000\000\000\000P\031T\270\242(,&\233\326\374o\306[\235\317>\021e\005s\261\371l\216\017\003\032\017J\217\244W<s!\003ql\302)\235\321\t\213\224\356\374%%\311\327\037\374\304\t\335\2359\344\233\035]\347<u\236\364\222vG0E\002!\000\373\375`]\006\263A\371\324\0350H\202=\272\026\314\307dx\027\275\nv\363\355I\366\270z\374\366\002 Z\022!!\376\250=\256\250A\274{?\025\232\244\244 \027\262\022K%\351\314\336\374\257\204\340f\003""; ","validation: """"\200\000\000\001&\000\000\000\004)/\352\224\001:Q\231\304\227'3\313\030Q\241'\332/+\360Bx\036+\210j\237K%\340]\246E\2434\264K\036\030qP\317\315\336\325\007P\027\000\000\000\000\000\000\000\000\000\000\000\000\000\000\000\000\000\000\000\000\000\000\000\000\000\000\000\000\000\000\000\000P\031T\270\242(,&\233\326\374o\306[\235\317>\021e\005s\261\371l\216\017\003\032\017J\217\244W<s!\003ql\302)\235\321\t\213\224\356\374%%\311\327\037\374\304\t\335\2359\344\233\035]\347<u\236\364\222vG0E\002!\000\373\375`]\006\263A\371\324\0350H\202=\272\026\314\307dx\027\275\nv\363\355I\366\270z\374\366\002 Z\022!!\376\250=\256\250A\274{?\025\232\244\244 \027\262\022K%\351\314\336\374\257\204\340f\003""; "
1750587266381,1750587266381,3553,1,1,3,TMGetLedger,"itype: liBASE; ledgerHash: ""\241'\332/+\360Bx\036+\210j\237K%\340]\246E\2434\264K\036\030qP\317\315\336\325\007""; queryType: qtINDIRECT; ","itype: liBASE; ledgerHash: ""\241'\332/+\360Bx\036+\210j\237K%\340]\246E\2434\264K\036\030qP\317\315\336\325\007""; queryType: qtINDIRECT; "
1750587266381,1750587266381,572,1,1,0,TMGetLedger,"itype: liBASE; ledgerHash: ""\241'\332/+\360Bx\036+\210j\237K%\340]\246E\2434\264K\036\030qP\317\315\336\325\007""; queryType: qtINDIRECT; ","itype: liBASE; ledgerHash: ""\241'\332/+\360Bx\036+\210j\237K%\340]\246E\2434\264K\036\030qP\317\315\336\325\007""; queryType: qtINDIRECT; "
1750587266381,1750587266381,674,1,1,2,TMGetLedger,"itype: liBASE; ledgerHash: ""\241'\332/+\360Bx\036+\210j\237K%\340]\246E\2434\264K\036\030qP\317\315\336\325\007""; queryType: qtINDIRECT; ","itype: liBASE; ledgerHash: ""\241'\332/+\360Bx\036+\210j\237K%\340]\246E\2434\264K\036\030qP\317\315\336\325\007""; queryType: qtINDIRECT; "
1750587266382,1750587266382,2860,1,1,4,TMGetLedger,"itype: liBASE; ledgerHash: ""\241'\332/+\360Bx\036+\210j\237K%\340]\246E\2434\264K\036\030qP\317\315\336\325\007""; queryType: qtINDIRECT; ","itype: liBASE; ledgerHash: ""\241'\332/+\360Bx\036+\210j\237K%\340]\246E\2434\264K\036\030qP\317\315\336\325\007""; queryType: qtINDIRECT; "
1750587266430,1750587266430,3375,1,1,4,TMProposeSet,"proposeSeq: 1; currentTxHash: ""\000\000\000\000\000\000\000\000\000\000\000\000\000\000\000\000\000\000\000\000\000\000\000\000\000\000\000\000\000\000\000\000""; nodePubKey: ""\003\343\005\311u\203\370\0338\3174\324\010\006\301\251\177\261\304eOX\262)FA-\022r\263wm\024""; closeTime: 803902460; signature: ""0E\002!\000\301`.~\224\203\301\266\005y\027@\270\217\321f\001\314\213\372\342gg\335\2355]#\274\236iv\002 _\356\344\331F\215\227\304\257\312\222\241\021>k\226\365\222C@\303[\262\360%\376\217`\026G\322\020""; previousledger: ""T\270\242(,&\233\326\374o\306[\235\317>\021e\005s\261\371l\216\017\003\032\017J\217\244W<""; ","proposeSeq: 1; currentTxHash: ""\000\000\000\000\000\000\000\000\000\000\000\000\000\000\000\000\000\000\000\000\000\000\000\000\000\000\000\000\000\000\000\000""; nodePubKey: ""\003\343\005\311u\203\370\0338\3174\324\010\006\301\251\177\261\304eOX\262)FA-\022r\263wm\024""; closeTime: 803902460; signature: ""0E\002!\000\301`.~\224\203\301\266\005y\027@\270\217\321f\001\314\213\372\342gg\335\2355]#\274\236iv\002 _\356\344\331F\215\227\304\257\312\222\241\021>k\226\365\222C@\303[\262\360%\376\217`\026G\322\020""; previousledger: ""T\270\242(,&\233\326\374o\306[\235\317>\021e\005s\261\371l\216\017\003\032\017J\217\244W<""; "
1750587266431,1750587266431,3538,1,1,3,TMProposeSet,"proposeSeq: 1; currentTxHash: ""\000\000\000\000\000\000\000\000\000\000\000\000\000\000\000\000\000\000\000\000\000\000\000\000\000\000\000\000\000\000\000\000""; nodePubKey: ""\003\343\005\311u\203\370\0338\3174\324\010\006\301\251\177\261\304eOX\262)FA-\022r\263wm\024""; closeTime: 803902460; signature: ""0E\002!\000\301`.~\224\203\301\266\005y\027@\270\217\321f\001\314\213\372\342gg\335\2355]#\274\236iv\002 _\356\344\331F\215\227\304\257\312\222\241\021>k\226\365\222C@\303[\262\360%\376\217`\026G\322\020""; previousledger: ""T\270\242(,&\233\326\374o\306[\235\317>\021e\005s\261\371l\216\017\003\032\017J\217\244W<""; ","proposeSeq: 1; currentTxHash: ""\000\000\000\000\000\000\000\000\000\000\000\000\000\000\000\000\000\000\000\000\000\000\000\000\000\000\000\000\000\000\000\000""; nodePubKey: ""\003\343\005\311u\203\370\0338\3174\324\010\006\301\251\177\261\304eOX\262)FA-\022r\263wm\024""; closeTime: 803902460; signature: ""0E\002!\000\301`.~\224\203\301\266\005y\027@\270\217\321f\001\314\213\372\342gg\335\2355]#\274\236iv\002 _\356\344\331F\215\227\304\257\312\222\241\021>k\226\365\222C@\303[\262\360%\376\217`\026G\322\020""; previousledger: ""T\270\242(,&\233\326\374o\306[\235\317>\021e\005s\261\371l\216\017\003\032\017J\217\244W<""; "
1750587266431,1750587266431,1799,1,1,2,TMProposeSet,"proposeSeq: 1; currentTxHash: ""\000\000\000\000\000\000\000\000\000\000\000\000\000\000\000\000\000\000\000\000\000\000\000\000\000\000\000\000\000\000\000\000""; nodePubKey: ""\003\343\005\311u\203\370\0338\3174\324\010\006\301\251\177\261\304eOX\262)FA-\022r\263wm\024""; closeTime: 803902460; signature: ""0E\002!\000\301`.~\224\203\301\266\005y\027@\270\217\321f\001\314\213\372\342gg\335\2355]#\274\236iv\002 _\356\344\331F\215\227\304\257\312\222\241\021>k\226\365\222C@\303[\262\360%\376\217`\026G\322\020""; previousledger: ""T\270\242(,&\233\326\374o\306[\235\317>\021e\005s\261\371l\216\017\003\032\017J\217\244W<""; ","proposeSeq: 1; currentTxHash: ""\000\000\000\000\000\000\000\000\000\000\000\000\000\000\000\000\000\000\000\000\000\000\000\000\000\000\000\000\000\000\000\000""; nodePubKey: ""\003\343\005\311u\203\370\0338\3174\324\010\006\301\251\177\261\304eOX\262)FA-\022r\263wm\024""; closeTime: 803902460; signature: ""0E\002!\000\301`.~\224\203\301\266\005y\027@\270\217\321f\001\314\213\372\342gg\335\2355]#\274\236iv\002 _\356\344\331F\215\227\304\257\312\222\241\021>k\226\365\222C@\303[\262\360%\376\217`\026G\322\020""; previousledger: ""T\270\242(,&\233\326\374o\306[\235\317>\021e\005s\261\371l\216\017\003\032\017J\217\244W<""; "
1750587266431,1750587266431,926,1,1,0,TMProposeSet,"proposeSeq: 1; currentTxHash: ""\000\000\000\000\000\000\000\000\000\000\000\000\000\000\000\000\000\000\000\000\000\000\000\000\000\000\000\000\000\000\000\000""; nodePubKey: ""\003\343\005\311u\203\370\0338\3174\324\010\006\301\251\177\261\304eOX\262)FA-\022r\263wm\024""; closeTime: 803902460; signature: ""0E\002!\000\301`.~\224\203\301\266\005y\027@\270\217\321f\001\314\213\372\342gg\335\2355]#\274\236iv\002 _\356\344\331F\215\227\304\257\312\222\241\021>k\226\365\222C@\303[\262\360%\376\217`\026G\322\020""; previousledger: ""T\270\242(,&\233\326\374o\306[\235\317>\021e\005s\261\371l\216\017\003\032\017J\217\244W<""; ","proposeSeq: 1; currentTxHash: ""\000\000\000\000\000\000\000\000\000\000\000\000\000\000\000\000\000\000\000\000\000\000\000\000\000\000\000\000\000\000\000\000""; nodePubKey: ""\003\343\005\311u\203\370\0338\3174\324\010\006\301\251\177\261\304eOX\262)FA-\022r\263wm\024""; closeTime: 803902460; signature: ""0E\002!\000\301`.~\224\203\301\266\005y\027@\270\217\321f\001\314\213\372\342gg\335\2355]#\274\236iv\002 _\356\344\331F\215\227\304\257\312\222\241\021>k\226\365\222C@\303[\262\360%\376\217`\026G\322\020""; previousledger: ""T\270\242(,&\233\326\374o\306[\235\317>\021e\005s\261\371l\216\017\003\032\017J\217\244W<""; "
1750587266432,1750587266432,3522,1,1,4,TMStatusChange,"newEvent: neACCEPTED_LEDGER; ledgerSeq: 4; ledgerHash: ""\241'\332/+\360Bx\036+\210j\237K%\340]\246E\2434\264K\036\030qP\317\315\336\325\007""; ledgerHashPrevious: ""T\270\242(,&\233\326\374o\306[\235\317>\021e\005s\261\371l\216\017\003\032\017J\217\244W<""; networkTime: 803902466; firstSeq: 1; lastSeq: 3; ","newEvent: neACCEPTED_LEDGER; ledgerSeq: 4; ledgerHash: ""\241'\332/+\360Bx\036+\210j\237K%\340]\246E\2434\264K\036\030qP\317\315\336\325\007""; ledgerHashPrevious: ""T\270\242(,&\233\326\374o\306[\235\317>\021e\005s\261\371l\216\017\003\032\017J\217\244W<""; networkTime: 803902466; firstSeq: 1; lastSeq: 3; "
1750587266432,1750587266432,1939,1,1,4,TMValidation,"validation: """"\200\000\000\001&\000\000\000\004)/\352\224\002:?HT\314/\177\320^Q\241'\332/+\360Bx\036+\210j\237K%\340]\246E\2434\264K\036\030qP\317\315\336\325\007P\027\000\000\000\000\000\000\000\000\000\000\000\000\000\000\000\000\000\000\000\000\000\000\000\000\000\000\000\000\000\000\000\000P\031T\270\242(,&\233\326\374o\306[\235\317>\021e\005s\261\371l\216\017\003\032\017J\217\244W<s!\003\343\005\311u\203\370\0338\3174\324\010\006\301\251\177\261\304eOX\262)FA-\022r\263wm\024vF0D\002 F\216W'\271\220\250\210\325\271\303\272\304\270\341\340\0030\335\323^\207\210a\374\331\017q\365\202\365\232\002 \006A\326A\313V\220P\0308\224\313\020\366L\363\302\375\261P\363\022\3412!(\270\340\257pq\262""; ","validation: """"\200\000\000\001&\000\000\000\004)/\352\224\002:?HT\314/\177\320^Q\241'\332/+\360Bx\036+\210j\237K%\340]\246E\2434\264K\036\030qP\317\315\336\325\007P\027\000\000\000\000\000\000\000\000\000\000\000\000\000\000\000\000\000\000\000\000\000\000\000\000\000\000\000\000\000\000\000\000P\031T\270\242(,&\233\326\374o\306[\235\317>\021e\005s\261\371l\216\017\003\032\017J\217\244W<s!\003\343\005\311u\203\370\0338\3174\324\010\006\301\251\177\261\304eOX\262)FA-\022r\263wm\024vF0D\002 F\216W'\271\220\250\210\325\271\303\272\304\270\341\340\0030\335\323^\207\210a\374\331\017q\365\202\365\232\002 \006A\326A\313V\220P\0308\224\313\020\366L\363\302\375\261P\363\022\3412!(\270\340\257pq\262""; "
1750587266432,1750587266433,1862,1,1,0,TMStatusChange,"newEvent: neACCEPTED_LEDGER; ledgerSeq: 4; ledgerHash: ""\241'\332/+\360Bx\036+\210j\237K%\340]\246E\2434\264K\036\030qP\317\315\336\325\007""; ledgerHashPrevious: ""T\270\242(,&\233\326\374o\306[\235\317>\021e\005s\261\371l\216\017\003\032\017J\217\244W<""; networkTime: 803902466; firstSeq: 1; lastSeq: 3; ","newEvent: neACCEPTED_LEDGER; ledgerSeq: 4; ledgerHash: ""\241'\332/+\360Bx\036+\210j\237K%\340]\246E\2434\264K\036\030qP\317\315\336\325\007""; ledgerHashPrevious: ""T\270\242(,&\233\326\374o\306[\235\317>\021e\005s\261\371l\216\017\003\032\017J\217\244W<""; networkTime: 803902466; firstSeq: 1; lastSeq: 3; "
1750587266433,1750587266433,3090,1,1,0,TMValidation,"validation: """"\200\000\000\001&\000\000\000\004)/\352\224\002:?HT\314/\177\320^Q\241'\332/+\360Bx\036+\210j\237K%\340]\246E\2434\264K\036\030qP\317\315\336\325\007P\027\000\000\000\000\000\000\000\000\000\000\000\000\000\000\000\000\000\000\000\000\000\000\000\000\000\000\000\000\000\000\000\000P\031T\270\242(,&\233\326\374o\306[\235\317>\021e\005s\261\371l\216\017\003\032\017J\217\244W<s!\003\343\005\311u\203\370\0338\3174\324\010\006\301\251\177\261\304eOX\262)FA-\022r\263wm\024vF0D\002 F\216W'\271\220\250\210\325\271\303\272\304\270\341\340\0030\335\323^\207\210a\374\331\017q\365\202\365\232\002 \006A\326A\313V\220P\0308\224\313\020\366L\363\302\375\261P\363\022\3412!(\270\340\257pq\262""; ","validation: """"\200\000\000\001&\000\000\000\004)/\352\224\002:?HT\314/\177\320^Q\241'\332/+\360Bx\036+\210j\237K%\340]\246E\2434\264K\036\030qP\317\315\336\325\007P\027\000\000\000\000\000\000\000\000\000\000\000\000\000\000\000\000\000\000\000\000\000\000\000\000\000\000\000\000\000\000\000\000P\031T\270\242(,&\233\326\374o\306[\235\317>\021e\005s\261\371l\216\017\003\032\017J\217\244W<s!\003\343\005\311u\203\370\0338\3174\324\010\006\301\251\177\261\304eOX\262)FA-\022r\263wm\024vF0D\002 F\216W'\271\220\250\210\325\271\303\272\304\270\341\340\0030\335\323^\207\210a\374\331\017q\365\202\365\232\002 \006A\326A\313V\220P\0308\224\313\020\366L\363\302\375\261P\363\022\3412!(\270\340\257pq\262""; "
1750587266470,1750587266470,1020,1,1,3,TMStatusChange,"newEvent: neACCEPTED_LEDGER; ledgerSeq: 4; ledgerHash: ""\241'\332/+\360Bx\036+\210j\237K%\340]\246E\2434\264K\036\030qP\317\315\336\325\007""; ledgerHashPrevious: ""T\270\242(,&\233\326\374o\306[\235\317>\021e\005s\261\371l\216\017\003\032\017J\217\244W<""; networkTime: 803902466; firstSeq: 1; lastSeq: 3; ","newEvent: neACCEPTED_LEDGER; ledgerSeq: 4; ledgerHash: ""\241'\332/+\360Bx\036+\210j\237K%\340]\246E\2434\264K\036\030qP\317\315\336\325\007""; ledgerHashPrevious: ""T\270\242(,&\233\326\374o\306[\235\317>\021e\005s\261\371l\216\017\003\032\017J\217\244W<""; networkTime: 803902466; firstSeq: 1; lastSeq: 3; "
1750587266471,1750587266471,1289,1,1,3,TMValidation,"validation: """"\200\000\000\001&\000\000\000\004)/\352\224\002:?HT\314/\177\320^Q\241'\332/+\360Bx\036+\210j\237K%\340]\246E\2434\264K\036\030qP\317\315\336\325\007P\027\000\000\000\000\000\000\000\000\000\000\000\000\000\000\000\000\000\000\000\000\000\000\000\000\000\000\000\000\000\000\000\000P\031T\270\242(,&\233\326\374o\306[\235\317>\021e\005s\261\371l\216\017\003\032\017J\217\244W<s!\003\343\005\311u\203\370\0338\3174\324\010\006\301\251\177\261\304eOX\262)FA-\022r\263wm\024vF0D\002 F\216W'\271\220\250\210\325\271\303\272\304\270\341\340\0030\335\323^\207\210a\374\331\017q\365\202\365\232\002 \006A\326A\313V\220P\0308\224\313\020\366L\363\302\375\261P\363\022\3412!(\270\340\257pq\262""; ","validation: """"\200\000\000\001&\000\000\000\004)/\352\224\002:?HT\314/\177\320^Q\241'\332/+\360Bx\036+\210j\237K%\340]\246E\2434\264K\036\030qP\317\315\336\325\007P\027\000\000\000\000\000\000\000\000\000\000\000\000\000\000\000\000\000\000\000\000\000\000\000\000\000\000\000\000\000\000\000\000P\031T\270\242(,&\233\326\374o\306[\235\317>\021e\005s\261\371l\216\017\003\032\017J\217\244W<s!\003\343\005\311u\203\370\0338\3174\324\010\006\301\251\177\261\304eOX\262)FA-\022r\263wm\024vF0D\002 F\216W'\271\220\250\210\325\271\303\272\304\270\341\340\0030\335\323^\207\210a\374\331\017q\365\202\365\232\002 \006A\326A\313V\220P\0308\224\313\020\366L\363\302\375\261P\363\022\3412!(\270\340\257pq\262""; "
1750587266474,1750587266474,1652,1,1,2,TMValidation,"validation: """"\200\000\000\001&\000\000\000\004)/\352\224\002:?HT\314/\177\320^Q\241'\332/+\360Bx\036+\210j\237K%\340]\246E\2434\264K\036\030qP\317\315\336\325\007P\027\000\000\000\000\000\000\000\000\000\000\000\000\000\000\000\000\000\000\000\000\000\000\000\000\000\000\000\000\000\000\000\000P\031T\270\242(,&\233\326\374o\306[\235\317>\021e\005s\261\371l\216\017\003\032\017J\217\244W<s!\003\343\005\311u\203\370\0338\3174\324\010\006\301\251\177\261\304eOX\262)FA-\022r\263wm\024vF0D\002 F\216W'\271\220\250\210\325\271\303\272\304\270\341\340\0030\335\323^\207\210a\374\331\017q\365\202\365\232\002 \006A\326A\313V\220P\0308\224\313\020\366L\363\302\375\261P\363\022\3412!(\270\340\257pq\262""; ","validation: """"\200\000\000\001&\000\000\000\004)/\352\224\002:?HT\314/\177\320^Q\241'\332/+\360Bx\036+\210j\237K%\340]\246E\2434\264K\036\030qP\317\315\336\325\007P\027\000\000\000\000\000\000\000\000\000\000\000\000\000\000\000\000\000\000\000\000\000\000\000\000\000\000\000\000\000\000\000\000P\031T\270\242(,&\233\326\374o\306[\235\317>\021e\005s\261\371l\216\017\003\032\017J\217\244W<s!\003\343\005\311u\203\370\0338\3174\324\010\006\301\251\177\261\304eOX\262)FA-\022r\263wm\024vF0D\002 F\216W'\271\220\250\210\325\271\303\272\304\270\341\340\0030\335\323^\207\210a\374\331\017q\365\202\365\232\002 \006A\326A\313V\220P\0308\224\313\020\366L\363\302\375\261P\363\022\3412!(\270\340\257pq\262""; "
1750587266474,1750587266474,961,1,1,2,TMStatusChange,"newEvent: neACCEPTED_LEDGER; ledgerSeq: 4; ledgerHash: ""\241'\332/+\360Bx\036+\210j\237K%\340]\246E\2434\264K\036\030qP\317\315\336\325\007""; ledgerHashPrevious: ""T\270\242(,&\233\326\374o\306[\235\317>\021e\005s\261\371l\216\017\003\032\017J\217\244W<""; networkTime: 803902466; firstSeq: 1; lastSeq: 3; ","newEvent: neACCEPTED_LEDGER; ledgerSeq: 4; ledgerHash: ""\241'\332/+\360Bx\036+\210j\237K%\340]\246E\2434\264K\036\030qP\317\315\336\325\007""; ledgerHashPrevious: ""T\270\242(,&\233\326\374o\306[\235\317>\021e\005s\261\371l\216\017\003\032\017J\217\244W<""; networkTime: 803902466; firstSeq: 1; lastSeq: 3; "
1750587266503,1750587266503,1136,1,3,0,TMGetLedger,"itype: liTS_CANDIDATE; ledgerHash: ""u\315\243\367\211\2625\240r:n\277\003\026\366\353'\216jy9\\001\220\223~\341j\254O\025\257""; nodeIDs: ""\000\000\000\000\000\000\000\000\000\000\000\000\000\000\000\000\000\000\000\000\000\000\000\000\000\000\000\000\000\000\000\000\000""; queryType: qtINDIRECT; queryDepth: 3; ","itype: liTS_CANDIDATE; ledgerHash: ""u\315\243\367\211\2625\240r:n\277\003\026\366\353'\216jy9\\001\220\223~\341j\254O\025\257""; nodeIDs: ""\000\000\000\000\000\000\000\000\000\000\000\000\000\000\000\000\000\000\000\000\000\000\000\000\000\000\000\000\000\000\000\000\000""; queryType: qtINDIRECT; queryDepth: 3; "
1750587266504,1750587266504,1590,1,3,2,TMGetLedger,"itype: liTS_CANDIDATE; ledgerHash: ""u\315\243\367\211\2625\240r:n\277\003\026\366\353'\216jy9\\001\220\223~\341j\254O\025\257""; nodeIDs: ""\000\000\000\000\000\000\000\000\000\000\000\000\000\000\000\000\000\000\000\000\000\000\000\000\000\000\000\000\000\000\000\000\000""; queryType: qtINDIRECT; queryDepth: 3; ","itype: liTS_CANDIDATE; ledgerHash: ""u\315\243\367\211\2625\240r:n\277\003\026\366\353'\216jy9\\001\220\223~\341j\254O\025\257""; nodeIDs: ""\000\000\000\000\000\000\000\000\000\000\000\000\000\000\000\000\000\000\000\000\000\000\000\000\000\000\000\000\000\000\000\000\000""; queryType: qtINDIRECT; queryDepth: 3; "
1750587266504,1750587266504,3118,1,3,4,TMGetLedger,"itype: liTS_CANDIDATE; ledgerHash: ""u\315\243\367\211\2625\240r:n\277\003\026\366\353'\216jy9\\001\220\223~\341j\254O\025\257""; nodeIDs: ""\000\000\000\000\000\000\000\000\000\000\000\000\000\000\000\000\000\000\000\000\000\000\000\000\000\000\000\000\000\000\000\000\000""; queryType: qtINDIRECT; queryDepth: 3; ","itype: liTS_CANDIDATE; ledgerHash: ""u\315\243\367\211\2625\240r:n\277\003\026\366\353'\216jy9\\001\220\223~\341j\254O\025\257""; nodeIDs: ""\000\000\000\000\000\000\000\000\000\000\000\000\000\000\000\000\000\000\000\000\000\000\000\000\000\000\000\000\000\000\000\000\000""; queryType: qtINDIRECT; queryDepth: 3; "
1750587266503,1750587266503,2142,1,3,1,TMGetLedger,"itype: liTS_CANDIDATE; ledgerHash: ""u\315\243\367\211\2625\240r:n\277\003\026\366\353'\216jy9\\001\220\223~\341j\254O\025\257""; nodeIDs: ""\000\000\000\000\000\000\000\000\000\000\000\000\000\000\000\000\000\000\000\000\000\000\000\000\000\000\000\000\000\000\000\000\000""; queryType: qtINDIRECT; queryDepth: 3; ","itype: liTS_CANDIDATE; ledgerHash: ""u\315\243\367\211\2625\240r:n\277\003\026\366\353'\216jy9\\001\220\223~\341j\254O\025\257""; nodeIDs: ""\000\000\000\000\000\000\000\000\000\000\000\000\000\000\000\000\000\000\000\000\000\000\000\000\000\000\000\000\000\000\000\000\000""; queryType: qtINDIRECT; queryDepth: 3; "
1750587266607,1750587266607,1036,1,2,4,TMValidation,"validation: """"\200\000\000\001&\000\000\000\004)/\352\224\001:\211l\014`\252m\212dQ\241'\332/+\360Bx\036+\210j\237K%\340]\246E\2434\264K\036\030qP\317\315\336\325\007P\027\000\000\000\000\000\000\000\000\000\000\000\000\000\000\000\000\000\000\000\000\000\000\000\000\000\000\000\000\000\000\000\000P\031T\270\242(,&\233\326\374o\306[\235\317>\021e\005s\261\371l\216\017\003\032\017J\217\244W<s!\003\325Q\255\224\274R@\312\253\262\347\352\034\346\347\242\215,\312\376=\277\353{\350\225\301\305`^, vG0E\002!\000\346\246\323\357, t+\031=\312H>\220\023\373\325\340fO \177e\302b|\246\003V\021\030\006\002 \000\232,\262\353\331\326\355'\310\362^-#l\215\323i\201\217n2\250\245R>b\266#\376\234M""; ","validation: """"\200\000\000\001&\000\000\000\004)/\352\224\001:\211l\014`\252m\212dQ\241'\332/+\360Bx\036+\210j\237K%\340]\246E\2434\264K\036\030qP\317\315\336\325\007P\027\000\000\000\000\000\000\000\000\000\000\000\000\000\000\000\000\000\000\000\000\000\000\000\000\000\000\000\000\000\000\000\000P\031T\270\242(,&\233\326\374o\306[\235\317>\021e\005s\261\371l\216\017\003\032\017J\217\244W<s!\003\325Q\255\224\274R@\312\253\262\347\352\034\346\347\242\215,\312\376=\277\353{\350\225\301\305`^, vG0E\002!\000\346\246\323\357, t+\031=\312H>\220\023\373\325\340fO \177e\302b|\246\003V\021\030\006\002 \000\232,\262\353\331\326\355'\310\362^-#l\215\323i\201\217n2\250\245R>b\266#\376\234M""; "
1750587266607,1750587266607,1094,1,2,1,TMValidation,"validation: """"\200\000\000\001&\000\000\000\004)/\352\224\001:\211l\014`\252m\212dQ\241'\332/+\360Bx\036+\210j\237K%\340]\246E\2434\264K\036\030qP\317\315\336\325\007P\027\000\000\000\000\000\000\000\000\000\000\000\000\000\000\000\000\000\000\000\000\000\000\000\000\000\000\000\000\000\000\000\000P\031T\270\242(,&\233\326\374o\306[\235\317>\021e\005s\261\371l\216\017\003\032\017J\217\244W<s!\003\325Q\255\224\274R@\312\253\262\347\352\034\346\347\242\215,\312\376=\277\353{\350\225\301\305`^, vG0E\002!\000\346\246\323\357, t+\031=\312H>\220\023\373\325\340fO \177e\302b|\246\003V\021\030\006\002 \000\232,\262\353\331\326\355'\310\362^-#l\215\323i\201\217n2\250\245R>b\266#\376\234M""; ","validation: """"\200\000\000\001&\000\000\000\004)/\352\224\001:\211l\014`\252m\212dQ\241'\332/+\360Bx\036+\210j\237K%\340]\246E\2434\264K\036\030qP\317\315\336\325\007P\027\000\000\000\000\000\000\000\000\000\000\000\000\000\000\000\000\000\000\000\000\000\000\000\000\000\000\000\000\000\000\000\000P\031T\270\242(,&\233\326\374o\306[\235\317>\021e\005s\261\371l\216\017\003\032\017J\217\244W<s!\003\325Q\255\224\274R@\312\253\262\347\352\034\346\347\242\215,\312\376=\277\353{\350\225\301\305`^, vG0E\002!\000\346\246\323\357, t+\031=\312H>\220\023\373\325\340fO \177e\302b|\246\003V\021\030\006\002 \000\232,\262\353\331\326\355'\310\362^-#l\215\323i\201\217n2\250\245R>b\266#\376\234M""; "
1750587266607,1750587266607,3488,1,2,0,TMValidation,"validation: """"\200\000\000\001&\000\000\000\004)/\352\224\001:\211l\014`\252m\212dQ\241'\332/+\360Bx\036+\210j\237K%\340]\246E\2434\264K\036\030qP\317\315\336\325\007P\027\000\000\000\000\000\000\000\000\000\000\000\000\000\000\000\000\000\000\000\000\000\000\000\000\000\000\000\000\000\000\000\000P\031T\270\242(,&\233\326\374o\306[\235\317>\021e\005s\261\371l\216\017\003\032\017J\217\244W<s!\003\325Q\255\224\274R@\312\253\262\347\352\034\346\347\242\215,\312\376=\277\353{\350\225\301\305`^, vG0E\002!\000\346\246\323\357, t+\031=\312H>\220\023\373\325\340fO \177e\302b|\246\003V\021\030\006\002 \000\232,\262\353\331\326\355'\310\362^-#l\215\323i\201\217n2\250\245R>b\266#\376\234M""; ","validation: """"\200\000\000\001&\000\000\000\004)/\352\224\001:\211l\014`\252m\212dQ\241'\332/+\360Bx\036+\210j\237K%\340]\246E\2434\264K\036\030qP\317\315\336\325\007P\027\000\000\000\000\000\000\000\000\000\000\000\000\000\000\000\000\000\000\000\000\000\000\000\000\000\000\000\000\000\000\000\000P\031T\270\242(,&\233\326\374o\306[\235\317>\021e\005s\261\371l\216\017\003\032\017J\217\244W<s!\003\325Q\255\224\274R@\312\253\262\347\352\034\346\347\242\215,\312\376=\277\353{\350\225\301\305`^, vG0E\002!\000\346\246\323\357, t+\031=\312H>\220\023\373\325\340fO \177e\302b|\246\003V\021\030\006\002 \000\232,\262\353\331\326\355'\310\362^-#l\215\323i\201\217n2\250\245R>b\266#\376\234M""; "
1750587266609,1750587266609,3414,1,0,2,TMGetLedger,"itype: liTS_CANDIDATE; ledgerHash: ""u\315\243\367\211\2625\240r:n\277\003\026\366\353'\216jy9\\001\220\223~\341j\254O\025\257""; nodeIDs: ""\000\000\000\000\000\000\000\000\000\000\000\000\000\000\000\000\000\000\000\000\000\000\000\000\000\000\000\000\000\000\000\000\000""; queryType: qtINDIRECT; queryDepth: 3; ","itype: liTS_CANDIDATE; ledgerHash: ""u\315\243\367\211\2625\240r:n\277\003\026\366\353'\216jy9\\001\220\223~\341j\254O\025\257""; nodeIDs: ""\000\000\000\000\000\000\000\000\000\000\000\000\000\000\000\000\000\000\000\000\000\000\000\000\000\000\000\000\000\000\000\000\000""; queryType: qtINDIRECT; queryDepth: 3; "
1750587266610,1750587266610,1466,1,0,4,TMGetLedger,"itype: liTS_CANDIDATE; ledgerHash: ""u\315\243\367\211\2625\240r:n\277\003\026\366\353'\216jy9\\001\220\223~\341j\254O\025\257""; nodeIDs: ""\000\000\000\000\000\000\000\000\000\000\000\000\000\000\000\000\000\000\000\000\000\000\000\000\000\000\000\000\000\000\000\000\000""; queryType: qtINDIRECT; queryDepth: 3; ","itype: liTS_CANDIDATE; ledgerHash: ""u\315\243\367\211\2625\240r:n\277\003\026\366\353'\216jy9\\001\220\223~\341j\254O\025\257""; nodeIDs: ""\000\000\000\000\000\000\000\000\000\000\000\000\000\000\000\000\000\000\000\000\000\000\000\000\000\000\000\000\000\000\000\000\000""; queryType: qtINDIRECT; queryDepth: 3; "
1750587266609,1750587266609,393,1,0,1,TMGetLedger,"itype: liTS_CANDIDATE; ledgerHash: ""u\315\243\367\211\2625\240r:n\277\003\026\366\353'\216jy9\\001\220\223~\341j\254O\025\257""; nodeIDs: ""\000\000\000\000\000\000\000\000\000\000\000\000\000\000\000\000\000\000\000\000\000\000\000\000\000\000\000\000\000\000\000\000\000""; queryType: qtINDIRECT; queryDepth: 3; ","itype: liTS_CANDIDATE; ledgerHash: ""u\315\243\367\211\2625\240r:n\277\003\026\366\353'\216jy9\\001\220\223~\341j\254O\025\257""; nodeIDs: ""\000\000\000\000\000\000\000\000\000\000\000\000\000\000\000\000\000\000\000\000\000\000\000\000\000\000\000\000\000\000\000\000\000""; queryType: qtINDIRECT; queryDepth: 3; "
1750587266609,1750587266609,1764,1,0,3,TMGetLedger,"itype: liTS_CANDIDATE; ledgerHash: ""u\315\243\367\211\2625\240r:n\277\003\026\366\353'\216jy9\\001\220\223~\341j\254O\025\257""; nodeIDs: ""\000\000\000\000\000\000\000\000\000\000\000\000\000\000\000\000\000\000\000\000\000\000\000\000\000\000\000\000\000\000\000\000\000""; queryType: qtINDIRECT; queryDepth: 3; ","itype: liTS_CANDIDATE; ledgerHash: ""u\315\243\367\211\2625\240r:n\277\003\026\366\353'\216jy9\\001\220\223~\341j\254O\025\257""; nodeIDs: ""\000\000\000\000\000\000\000\000\000\000\000\000\000\000\000\000\000\000\000\000\000\000\000\000\000\000\000\000\000\000\000\000\000""; queryType: qtINDIRECT; queryDepth: 3; "
1750587266633,1750587266633,792,1,0,4,TMValidation,"validation: """"\200\000\000\001&\000\000\000\003)/\352\223\376:\211l\014`\252m\212dQT\270\242(,&\233\326\374o\306[\235\317>\021e\005s\261\371l\216\017\003\032\017J\217\244W<P\027\000\000\000\000\000\000\000\000\000\000\000\000\000\000\000\000\000\000\000\000\000\000\000\000\000\000\000\000\000\000\000\000P\031-}\351f\032\255\274\334m\326c\017\014ao[\342\230\003\245\245\3341Hm\326^\017jy\335\261s!\003\325Q\255\224\274R@\312\253\262\347\352\034\346\347\242\215,\312\376=\277\353{\350\225\301\305`^, vG0E\002!\000\341\001\037\027q\016\241\322B\006\2436\330\370(|\311\005U\371\265@\032qwO\243\224K\035\030\224\002 \035F\212\035\005d\034R\367\251\341]\356)\252*\342\336\200t\327"" \366\242\336 \375\014L\237'""; ","validation: """"\200\000\000\001&\000\000\000\003)/\352\223\376:\211l\014`\252m\212dQT\270\242(,&\233\326\374o\306[\235\317>\021e\005s\261\371l\216\017\003\032\017J\217\244W<P\027\000\000\000\000\000\000\000\000\000\000\000\000\000\000\000\000\000\000\000\000\000\000\000\000\000\000\000\000\000\000\000\000P\031-}\351f\032\255\274\334m\326c\017\014ao[\342\230\003\245\245\3341Hm\326^\017jy\335\261s!\003\325Q\255\224\274R@\312\253\262\347\352\034\346\347\242\215,\312\376=\277\353{\350\225\301\305`^, vG0E\002!\000\341\001\037\027q\016\241\322B\006\2436\330\370(|\311\005U\371\265@\032qwO\243\224K\035\030\224\002 \035F\212\035\005d\034R\367\251\341]\356)\252*\342\336\200t\327"" \366\242\336 \375\014L\237'""; "
1750587266633,1750587266634,2684,1,0,1,TMValidation,"validation: """"\200\000\000\001&\000\000\000\003)/\352\223\376:\211l\014`\252m\212dQT\270\242(,&\233\326\374o\306[\235\317>\021e\005s\261\371l\216\017\003\032\017J\217\244W<P\027\000\000\000\000\000\000\000\000\000\000\000\000\000\000\000\000\000\000\000\000\000\000\000\000\000\000\000\000\000\000\000\000P\031-}\351f\032\255\274\334m\326c\017\014ao[\342\230\003\245\245\3341Hm\326^\017jy\335\261s!\003\325Q\255\224\274R@\312\253\262\347\352\034\346\347\242\215,\312\376=\277\353{\350\225\301\305`^, vG0E\002!\000\341\001\037\027q\016\241\322B\006\2436\330\370(|\311\005U\371\265@\032qwO\243\224K\035\030\224\002 \035F\212\035\005d\034R\367\251\341]\356)\252*\342\336\200t\327"" \366\242\336 \375\014L\237'""; ","validation: """"\200\000\000\001&\000\000\000\003)/\352\223\376:\211l\014`\252m\212dQT\270\242(,&\233\326\374o\306[\235\317>\021e\005s\261\371l\216\017\003\032\017J\217\244W<P\027\000\000\000\000\000\000\000\000\000\000\000\000\000\000\000\000\000\000\000\000\000\000\000\000\000\000\000\000\000\000\000\000P\031-}\351f\032\255\274\334m\326c\017\014ao[\342\230\003\245\245\3341Hm\326^\017jy\335\261s!\003\325Q\255\224\274R@\312\253\262\347\352\034\346\347\242\215,\312\376=\277\353{\350\225\301\305`^, vG0E\002!\000\341\001\037\027q\016\241\322B\006\2436\330\370(|\311\005U\371\265@\032qwO\243\224K\035\030\224\002 \035F\212\035\005d\034R\367\251\341]\356)\252*\342\336\200t\327"" \366\242\336 \375\014L\237'""; "
1750587266634,1750587266634,3563,1,0,2,TMValidation,"validation: """"\200\000\000\001&\000\000\000\003)/\352\223\376:\211l\014`\252m\212dQT\270\242(,&\233\326\374o\306[\235\317>\021e\005s\261\371l\216\017\003\032\017J\217\244W<P\027\000\000\000\000\000\000\000\000\000\000\000\000\000\000\000\000\000\000\000\000\000\000\000\000\000\000\000\000\000\000\000\000P\031-}\351f\032\255\274\334m\326c\017\014ao[\342\230\003\245\245\3341Hm\326^\017jy\335\261s!\003\325Q\255\224\274R@\312\253\262\347\352\034\346\347\242\215,\312\376=\277\353{\350\225\301\305`^, vG0E\002!\000\341\001\037\027q\016\241\322B\006\2436\330\370(|\311\005U\371\265@\032qwO\243\224K\035\030\224\002 \035F\212\035\005d\034R\367\251\341]\356)\252*\342\336\200t\327"" \366\242\336 \375\014L\237'""; ","validation: """"\200\000\000\001&\000\000\000\003)/\352\223\376:\211l\014`\252m\212dQT\270\242(,&\233\326\374o\306[\235\317>\021e\005s\261\371l\216\017\003\032\017J\217\244W<P\027\000\000\000\000\000\000\000\000\000\000\000\000\000\000\000\000\000\000\000\000\000\000\000\000\000\000\000\000\000\000\000\000P\031-}\351f\032\255\274\334m\326c\017\014ao[\342\230\003\245\245\3341Hm\326^\017jy\335\261s!\003\325Q\255\224\274R@\312\253\262\347\352\034\346\347\242\215,\312\376=\277\353{\350\225\301\305`^, vG0E\002!\000\341\001\037\027q\016\241\322B\006\2436\330\370(|\311\005U\371\265@\032qwO\243\224K\035\030\224\002 \035F\212\035\005d\034R\367\251\341]\356)\252*\342\336\200t\327"" \366\242\336 \375\014L\237'""; "
1750587266718,1750587266719,2236,1,2,4,TMTransaction,"rawTransaction: ""\022\000\000""\000\000\000\000$\000\000\000\001 \033\000\000\000\027a@\000\000\027H\206*@h@\000\000\000\000\000\000\ns!\0030\347\374\235V\273%\326\211;\243\363\027\256[\3173\263)\033\326=\263&T\243\023""/\177\320 tF0D\002 0\023\341\332; \2711\245\020\321\3300\345\267-)\230\177\246\236AQ\327\203\207H\226+\000%\336\002 \024\036\211\237\201t\376\272E\270\230\020\334\014\356g\273\025((\376\266\216@ \254^2T\233\013\034\201\024\265\367by\212S\325C\240\024\312\370\262\227\317\370\362\3717\350\203\024E0\246\210\344\325\345r\024T\251\006P\255\352\333\372\351\337\302""; status: tsCURRENT; receiveTimestamp: 803902466; deferred: false; ","rawTransaction: ""\022\000\000""\000\000\000\000$\000\000\000\001 \033\000\000\000\027a@\000\000\027H\206*@h@\000\000\000\000\000\000\ns!\0030\347\374\235V\273%\326\211;\243\363\027\256[\3173\263)\033\326=\263&T\243\023""/\177\320 tF0D\002 0\023\341\332; \2711\245\020\321\3300\345\267-)\230\177\246\236AQ\327\203\207H\226+\000%\336\002 \024\036\211\237\201t\376\272E\270\230\020\334\014\356g\273\025((\376\266\216@ \254^2T\233\013\034\201\024\265\367by\212S\325C\240\024\312\370\262\227\317\370\362\3717\350\203\024E0\246\210\344\325\345r\024T\251\006P\255\352\333\372\351\337\302""; status: tsCURRENT; receiveTimestamp: 803902466; deferred: false; "
1750587266718,1750587266719,1513,1,2,0,TMTransaction,"rawTransaction: ""\022\000\000""\000\000\000\000$\000\000\000\001 \033\000\000\000\027a@\000\000\027H\206*@h@\000\000\000\000\000\000\ns!\0030\347\374\235V\273%\326\211;\243\363\027\256[\3173\263)\033\326=\263&T\243\023""/\177\320 tF0D\002 0\023\341\332; \2711\245\020\321\3300\345\267-)\230\177\246\236AQ\327\203\207H\226+\000%\336\002 \024\036\211\237\201t\376\272E\270\230\020\334\014\356g\273\025((\376\266\216@ \254^2T\233\013\034\201\024\265\367by\212S\325C\240\024\312\370\262\227\317\370\362\3717\350\203\024E0\246\210\344\325\345r\024T\251\006P\255\352\333\372\351\337\302""; status: tsCURRENT; receiveTimestamp: 803902466; deferred: false; ","rawTransaction: ""\022\000\000""\000\000\000\000$\000\000\000\001 \033\000\000\000\027a@\000\000\027H\206*@h@\000\000\000\000\000\000\ns!\0030\347\374\235V\273%\326\211;\243\363\027\256[\3173\263)\033\326=\263&T\243\023""/\177\320 tF0D\002 0\023\341\332; \2711\245\020\321\3300\345\267-)\230\177\246\236AQ\327\203\207H\226+\000%\336\002 \024\036\211\237\201t\376\272E\270\230\020\334\014\356g\273\025((\376\266\216@ \254^2T\233\013\034\201\024\265\367by\212S\325C\240\024\312\370\262\227\317\370\362\3717\350\203\024E0\246\210\344\325\345r\024T\251\006P\255\352\333\372\351\337\302""; status: tsCURRENT; receiveTimestamp: 803902466; deferred: false; "
1750587266718,1750587266719,2386,1,2,3,TMTransaction,"rawTransaction: ""\022\000\000""\000\000\000\000$\000\000\000\001 \033\000\000\000\027a@\000\000\027H\206*@h@\000\000\000\000\000\000\ns!\0030\347\374\235V\273%\326\211;\243\363\027\256[\3173\263)\033\326=\263&T\243\023""/\177\320 tF0D\002 0\023\341\332; \2711\245\020\321\3300\345\267-)\230\177\246\236AQ\327\203\207H\226+\000%\336\002 \024\036\211\237\201t\376\272E\270\230\020\334\014\356g\273\025((\376\266\216@ \254^2T\233\013\034\201\024\265\367by\212S\325C\240\024\312\370\262\227\317\370\362\3717\350\203\024E0\246\210\344\325\345r\024T\251\006P\255\352\333\372\351\337\302""; status: tsCURRENT; receiveTimestamp: 803902466; deferred: false; ","rawTransaction: ""\022\000\000""\000\000\000\000$\000\000\000\001 \033\000\000\000\027a@\000\000\027H\206*@h@\000\000\000\000\000\000\ns!\0030\347\374\235V\273%\326\211;\243\363\027\256[\3173\263)\033\326=\263&T\243\023""/\177\320 tF0D\002 0\023\341\332; \2711\245\020\321\3300\345\267-)\230\177\246\236AQ\327\203\207H\226+\000%\336\002 \024\036\211\237\201t\376\272E\270\230\020\334\014\356g\273\025((\376\266\216@ \254^2T\233\013\034\201\024\265\367by\212S\325C\240\024\312\370\262\227\317\370\362\3717\350\203\024E0\246\210\344\325\345r\024T\251\006P\255\352\333\372\351\337\302""; status: tsCURRENT; receiveTimestamp: 803902466; deferred: false; "
1750587266749,1750587266749,3614,1,4,2,TMProposeSet,"proposeSeq: 0; currentTxHash: ""\000\000\000\000\000\000\000\000\000\000\000\000\000\000\000\000\000\000\000\000\000\000\000\000\000\000\000\000\000\000\000\000""; nodePubKey: ""\003.\200\224\215?)t\306\315\242\313\251\255\302\204=\232.\271%}\013\024s\024\002@\216l""\241F""; closeTime: 803902466; signature: ""0E\002!\000\2205\313\032\360\232\206\207\235ew_\212\356\200y\321p\032\235\256\305\350\226f\276R\220M\366\3158\002 (c^\304\3455\310\330'\000\334v\212\036\333I\342\372\240\200\235\0144e\277\351\231\347\203\226\365\307""; previousledger: ""\241'\332/+\360Bx\036+\210j\237K%\340]\246E\2434\264K\036\030qP\317\315\336\325\007""; ","proposeSeq: 0; currentTxHash: ""\000\000\000\000\000\000\000\000\000\000\000\000\000\000\000\000\000\000\000\000\000\000\000\000\000\000\000\000\000\000\000\000""; nodePubKey: ""\003.\200\224\215?)t\306\315\242\313\251\255\302\204=\232.\271%}\013\024s\024\002@\216l""\241F""; closeTime: 803902466; signature: ""0E\002!\000\2205\313\032\360\232\206\207\235ew_\212\356\200y\321p\032\235\256\305\350\226f\276R\220M\366\3158\002 (c^\304\3455\310\330'\000\334v\212\036\333I\342\372\240\200\235\0144e\277\351\231\347\203\226\365\307""; previousledger: ""\241'\332/+\360Bx\036+\210j\237K%\340]\246E\2434\264K\036\030qP\317\315\336\325\007""; "
1750587266751,1750587266751,961,1,4,3,TMProposeSet,"proposeSeq: 0; currentTxHash: ""\000\000\000\000\000\000\000\000\000\000\000\000\000\000\000\000\000\000\000\000\000\000\000\000\000\000\000\000\000\000\000\000""; nodePubKey: ""\003.\200\224\215?)t\306\315\242\313\251\255\302\204=\232.\271%}\013\024s\024\002@\216l""\241F""; closeTime: 803902466; signature: ""0E\002!\000\2205\313\032\360\232\206\207\235ew_\212\356\200y\321p\032\235\256\305\350\226f\276R\220M\366\3158\002 (c^\304\3455\310\330'\000\334v\212\036\333I\342\372\240\200\235\0144e\277\351\231\347\203\226\365\307""; previousledger: ""\241'\332/+\360Bx\036+\210j\237K%\340]\246E\2434\264K\036\030qP\317\315\336\325\007""; ","proposeSeq: 0; currentTxHash: ""\000\000\000\000\000\000\000\000\000\000\000\000\000\000\000\000\000\000\000\000\000\000\000\000\000\000\000\000\000\000\000\000""; nodePubKey: ""\003.\200\224\215?)t\306\315\242\313\251\255\302\204=\232.\271%}\013\024s\024\002@\216l""\241F""; closeTime: 803902466; signature: ""0E\002!\000\2205\313\032\360\232\206\207\235ew_\212\356\200y\321p\032\235\256\305\350\226f\276R\220M\366\3158\002 (c^\304\3455\310\330'\000\334v\212\036\333I\342\372\240\200\235\0144e\277\351\231\347\203\226\365\307""; previousledger: ""\241'\332/+\360Bx\036+\210j\237K%\340]\246E\2434\264K\036\030qP\317\315\336\325\007""; "
1750587266752,1750587266752,980,1,4,1,TMProposeSet,"proposeSeq: 0; currentTxHash: ""\000\000\000\000\000\000\000\000\000\000\000\000\000\000\000\000\000\000\000\000\000\000\000\000\000\000\000\000\000\000\000\000""; nodePubKey: ""\003.\200\224\215?)t\306\315\242\313\251\255\302\204=\232.\271%}\013\024s\024\002@\216l""\241F""; closeTime: 803902466; signature: ""0E\002!\000\2205\313\032\360\232\206\207\235ew_\212\356\200y\321p\032\235\256\305\350\226f\276R\220M\366\3158\002 (c^\304\3455\310\330'\000\334v\212\036\333I\342\372\240\200\235\0144e\277\351\231\347\203\226\365\307""; previousledger: ""\241'\332/+\360Bx\036+\210j\237K%\340]\246E\2434\264K\036\030qP\317\315\336\325\007""; ","proposeSeq: 0; currentTxHash: ""\000\000\000\000\000\000\000\000\000\000\000\000\000\000\000\000\000\000\000\000\000\000\000\000\000\000\000\000\000\000\000\000""; nodePubKey: ""\003.\200\224\215?)t\306\315\242\313\251\255\302\204=\232.\271%}\013\024s\024\002@\216l""\241F""; closeTime: 803902466; signature: ""0E\002!\000\2205\313\032\360\232\206\207\235ew_\212\356\200y\321p\032\235\256\305\350\226f\276R\220M\366\3158\002 (c^\304\3455\310\330'\000\334v\212\036\333I\342\372\240\200\235\0144e\277\351\231\347\203\226\365\307""; previousledger: ""\241'\332/+\360Bx\036+\210j\237K%\340]\246E\2434\264K\036\030qP\317\315\336\325\007""; "
1750587266752,1750587266753,1110,1,4,0,TMProposeSet,"proposeSeq: 0; currentTxHash: ""\000\000\000\000\000\000\000\000\000\000\000\000\000\000\000\000\000\000\000\000\000\000\000\000\000\000\000\000\000\000\000\000""; nodePubKey: ""\003.\200\224\215?)t\306\315\242\313\251\255\302\204=\232.\271%}\013\024s\024\002@\216l""\241F""; closeTime: 803902466; signature: ""0E\002!\000\2205\313\032\360\232\206\207\235ew_\212\356\200y\321p\032\235\256\305\350\226f\276R\220M\366\3158\002 (c^\304\3455\310\330'\000\334v\212\036\333I\342\372\240\200\235\0144e\277\351\231\347\203\226\365\307""; previousledger: ""\241'\332/+\360Bx\036+\210j\237K%\340]\246E\2434\264K\036\030qP\317\315\336\325\007""; ","proposeSeq: 0; currentTxHash: ""\000\000\000\000\000\000\000\000\000\000\000\000\000\000\000\000\000\000\000\000\000\000\000\000\000\000\000\000\000\000\000\000""; nodePubKey: ""\003.\200\224\215?)t\306\315\242\313\251\255\302\204=\232.\271%}\013\024s\024\002@\216l""\241F""; closeTime: 803902466; signature: ""0E\002!\000\2205\313\032\360\232\206\207\235ew_\212\356\200y\321p\032\235\256\305\350\226f\276R\220M\366\3158\002 (c^\304\3455\310\330'\000\334v\212\036\333I\342\372\240\200\235\0144e\277\351\231\347\203\226\365\307""; previousledger: ""\241'\332/+\360Bx\036+\210j\237K%\340]\246E\2434\264K\036\030qP\317\315\336\325\007""; "
1750587266753,1750587266753,2655,1,1,0,TMLedgerData,"ledgerHash: ""u\315\243\367\211\2625\240r:n\277\003\026\366\353'\216jy9\\001\220\223~\341j\254O\025\257""; ledgerSeq: 0; type: liTS_CANDIDATE; nodes {;   nodedata: ""\246C\232\272\013^\241\340~\030'\005/\234\037\355\231\230\017\266\365\303w\360\273\374\234\362S:\270\023\n\003"";   nodeid: ""\000\000\000\000\000\000\000\000\000\000\000\000\000\000\000\000\000\000\000\000\000\000\000\000\000\000\000\000\000\000\000\000\000""; }; ","ledgerHash: ""u\315\243\367\211\2625\240r:n\277\003\026\366\353'\216jy9\\001\220\223~\341j\254O\025\257""; ledgerSeq: 0; type: liTS_CANDIDATE; nodes {;   nodedata: ""\246C\232\272\013^\241\340~\030'\005/\234\037\355\231\230\017\266\365\303w\360\273\374\234\362S:\270\023\n\003"";   nodeid: ""\000\000\000\000\000\000\000\000\000\000\000\000\000\000\000\000\000\000\000\000\000\000\000\000\000\000\000\000\000\000\000\000\000""; }; "
1750587266753,1750587266753,1136,1,3,0,TMGetLedger,"itype: liTS_CANDIDATE; ledgerHash: ""u\315\243\367\211\2625\240r:n\277\003\026\366\353'\216jy9\\001\220\223~\341j\254O\025\257""; nodeIDs: ""\000\000\000\000\000\000\000\000\000\000\000\000\000\000\000\000\000\000\000\000\000\000\000\000\000\000\000\000\000\000\000\000\000""; queryType: qtINDIRECT; queryDepth: 3; ","itype: liTS_CANDIDATE; ledgerHash: ""u\315\243\367\211\2625\240r:n\277\003\026\366\353'\216jy9\\001\220\223~\341j\254O\025\257""; nodeIDs: ""\000\000\000\000\000\000\000\000\000\000\000\000\000\000\000\000\000\000\000\000\000\000\000\000\000\000\000\000\000\000\000\000\000""; queryType: qtINDIRECT; queryDepth: 3; "
1750587266754,1750587266754,2142,1,3,1,TMGetLedger,"itype: liTS_CANDIDATE; ledgerHash: ""u\315\243\367\211\2625\240r:n\277\003\026\366\353'\216jy9\\001\220\223~\341j\254O\025\257""; nodeIDs: ""\000\000\000\000\000\000\000\000\000\000\000\000\000\000\000\000\000\000\000\000\000\000\000\000\000\000\000\000\000\000\000\000\000""; queryType: qtINDIRECT; queryDepth: 3; ","itype: liTS_CANDIDATE; ledgerHash: ""u\315\243\367\211\2625\240r:n\277\003\026\366\353'\216jy9\\001\220\223~\341j\254O\025\257""; nodeIDs: ""\000\000\000\000\000\000\000\000\000\000\000\000\000\000\000\000\000\000\000\000\000\000\000\000\000\000\000\000\000\000\000\000\000""; queryType: qtINDIRECT; queryDepth: 3; "
1750587266755,1750587266755,3118,1,3,4,TMGetLedger,"itype: liTS_CANDIDATE; ledgerHash: ""u\315\243\367\211\2625\240r:n\277\003\026\366\353'\216jy9\\001\220\223~\341j\254O\025\257""; nodeIDs: ""\000\000\000\000\000\000\000\000\000\000\000\000\000\000\000\000\000\000\000\000\000\000\000\000\000\000\000\000\000\000\000\000\000""; queryType: qtINDIRECT; queryDepth: 3; ","itype: liTS_CANDIDATE; ledgerHash: ""u\315\243\367\211\2625\240r:n\277\003\026\366\353'\216jy9\\001\220\223~\341j\254O\025\257""; nodeIDs: ""\000\000\000\000\000\000\000\000\000\000\000\000\000\000\000\000\000\000\000\000\000\000\000\000\000\000\000\000\000\000\000\000\000""; queryType: qtINDIRECT; queryDepth: 3; "
1750587266755,1750587266755,1590,1,3,2,TMGetLedger,"itype: liTS_CANDIDATE; ledgerHash: ""u\315\243\367\211\2625\240r:n\277\003\026\366\353'\216jy9\\001\220\223~\341j\254O\025\257""; nodeIDs: ""\000\000\000\000\000\000\000\000\000\000\000\000\000\000\000\000\000\000\000\000\000\000\000\000\000\000\000\000\000\000\000\000\000""; queryType: qtINDIRECT; queryDepth: 3; ","itype: liTS_CANDIDATE; ledgerHash: ""u\315\243\367\211\2625\240r:n\277\003\026\366\353'\216jy9\\001\220\223~\341j\254O\025\257""; nodeIDs: ""\000\000\000\000\000\000\000\000\000\000\000\000\000\000\000\000\000\000\000\000\000\000\000\000\000\000\000\000\000\000\000\000\000""; queryType: qtINDIRECT; queryDepth: 3; "
1750587266749,1750587266812,3410,1,4,3,TMStatusChange,"newEvent: neCLOSING_LEDGER; ledgerSeq: 4; ledgerHash: ""\241'\332/+\360Bx\036+\210j\237K%\340]\246E\2434\264K\036\030qP\317\315\336\325\007""; ledgerHashPrevious: ""T\270\242(,&\233\326\374o\306[\235\317>\021e\005s\261\371l\216\017\003\032\017J\217\244W<""; networkTime: 803902466; firstSeq: 1; lastSeq: 4; ","newEvent: neCLOSING_LEDGER; ledgerSeq: 4; ledgerHash: ""\241'\332/+\360Bx\036+\210j\237K%\340]\246E\2434\264K\036\030qP\317\315\336\325\007""; ledgerHashPrevious: ""T\270\242(,&\233\326\374o\306[\235\317>\021e\005s\261\371l\216\017\003\032\017J\217\244W<""; networkTime: 803902466; firstSeq: 1; lastSeq: 4; "
1750587266751,1750587266813,1760,1,4,1,TMStatusChange,"newEvent: neCLOSING_LEDGER; ledgerSeq: 4; ledgerHash: ""\241'\332/+\360Bx\036+\210j\237K%\340]\246E\2434\264K\036\030qP\317\315\336\325\007""; ledgerHashPrevious: ""T\270\242(,&\233\326\374o\306[\235\317>\021e\005s\261\371l\216\017\003\032\017J\217\244W<""; networkTime: 803902466; firstSeq: 1; lastSeq: 4; ","newEvent: neCLOSING_LEDGER; ledgerSeq: 4; ledgerHash: ""\241'\332/+\360Bx\036+\210j\237K%\340]\246E\2434\264K\036\030qP\317\315\336\325\007""; ledgerHashPrevious: ""T\270\242(,&\233\326\374o\306[\235\317>\021e\005s\261\371l\216\017\003\032\017J\217\244W<""; networkTime: 803902466; firstSeq: 1; lastSeq: 4; "
1750587266751,1750587266813,1548,1,4,0,TMStatusChange,"newEvent: neCLOSING_LEDGER; ledgerSeq: 4; ledgerHash: ""\241'\332/+\360Bx\036+\210j\237K%\340]\246E\2434\264K\036\030qP\317\315\336\325\007""; ledgerHashPrevious: ""T\270\242(,&\233\326\374o\306[\235\317>\021e\005s\261\371l\216\017\003\032\017J\217\244W<""; networkTime: 803902466; firstSeq: 1; lastSeq: 4; ","newEvent: neCLOSING_LEDGER; ledgerSeq: 4; ledgerHash: ""\241'\332/+\360Bx\036+\210j\237K%\340]\246E\2434\264K\036\030qP\317\315\336\325\007""; ledgerHashPrevious: ""T\270\242(,&\233\326\374o\306[\235\317>\021e\005s\261\371l\216\017\003\032\017J\217\244W<""; networkTime: 803902466; firstSeq: 1; lastSeq: 4; "
1750587266750,1750587266812,1021,1,4,2,TMStatusChange,"newEvent: neCLOSING_LEDGER; ledgerSeq: 4; ledgerHash: ""\241'\332/+\360Bx\036+\210j\237K%\340]\246E\2434\264K\036\030qP\317\315\336\325\007""; ledgerHashPrevious: ""T\270\242(,&\233\326\374o\306[\235\317>\021e\005s\261\371l\216\017\003\032\017J\217\244W<""; networkTime: 803902466; firstSeq: 1; lastSeq: 4; ","newEvent: neCLOSING_LEDGER; ledgerSeq: 4; ledgerHash: ""\241'\332/+\360Bx\036+\210j\237K%\340]\246E\2434\264K\036\030qP\317\315\336\325\007""; ledgerHashPrevious: ""T\270\242(,&\233\326\374o\306[\235\317>\021e\005s\261\371l\216\017\003\032\017J\217\244W<""; networkTime: 803902466; firstSeq: 1; lastSeq: 4; "
1750587266859,1750587266859,393,1,0,1,TMGetLedger,"itype: liTS_CANDIDATE; ledgerHash: ""u\315\243\367\211\2625\240r:n\277\003\026\366\353'\216jy9\\001\220\223~\341j\254O\025\257""; nodeIDs: ""\000\000\000\000\000\000\000\000\000\000\000\000\000\000\000\000\000\000\000\000\000\000\000\000\000\000\000\000\000\000\000\000\000""; queryType: qtINDIRECT; queryDepth: 3; ","itype: liTS_CANDIDATE; ledgerHash: ""u\315\243\367\211\2625\240r:n\277\003\026\366\353'\216jy9\\001\220\223~\341j\254O\025\257""; nodeIDs: ""\000\000\000\000\000\000\000\000\000\000\000\000\000\000\000\000\000\000\000\000\000\000\000\000\000\000\000\000\000\000\000\000\000""; queryType: qtINDIRECT; queryDepth: 3; "
1750587266860,1750587266860,3414,1,0,2,TMGetLedger,"itype: liTS_CANDIDATE; ledgerHash: ""u\315\243\367\211\2625\240r:n\277\003\026\366\353'\216jy9\\001\220\223~\341j\254O\025\257""; nodeIDs: ""\000\000\000\000\000\000\000\000\000\000\000\000\000\000\000\000\000\000\000\000\000\000\000\000\000\000\000\000\000\000\000\000\000""; queryType: qtINDIRECT; queryDepth: 3; ","itype: liTS_CANDIDATE; ledgerHash: ""u\315\243\367\211\2625\240r:n\277\003\026\366\353'\216jy9\\001\220\223~\341j\254O\025\257""; nodeIDs: ""\000\000\000\000\000\000\000\000\000\000\000\000\000\000\000\000\000\000\000\000\000\000\000\000\000\000\000\000\000\000\000\000\000""; queryType: qtINDIRECT; queryDepth: 3; "
1750587266860,1750587266860,1764,1,0,3,TMGetLedger,"itype: liTS_CANDIDATE; ledgerHash: ""u\315\243\367\211\2625\240r:n\277\003\026\366\353'\216jy9\\001\220\223~\341j\254O\025\257""; nodeIDs: ""\000\000\000\000\000\000\000\000\000\000\000\000\000\000\000\000\000\000\000\000\000\000\000\000\000\000\000\000\000\000\000\000\000""; queryType: qtINDIRECT; queryDepth: 3; ","itype: liTS_CANDIDATE; ledgerHash: ""u\315\243\367\211\2625\240r:n\277\003\026\366\353'\216jy9\\001\220\223~\341j\254O\025\257""; nodeIDs: ""\000\000\000\000\000\000\000\000\000\000\000\000\000\000\000\000\000\000\000\000\000\000\000\000\000\000\000\000\000\000\000\000\000""; queryType: qtINDIRECT; queryDepth: 3; "
1750587266861,1750587266861,1466,1,0,4,TMGetLedger,"itype: liTS_CANDIDATE; ledgerHash: ""u\315\243\367\211\2625\240r:n\277\003\026\366\353'\216jy9\\001\220\223~\341j\254O\025\257""; nodeIDs: ""\000\000\000\000\000\000\000\000\000\000\000\000\000\000\000\000\000\000\000\000\000\000\000\000\000\000\000\000\000\000\000\000\000""; queryType: qtINDIRECT; queryDepth: 3; ","itype: liTS_CANDIDATE; ledgerHash: ""u\315\243\367\211\2625\240r:n\277\003\026\366\353'\216jy9\\001\220\223~\341j\254O\025\257""; nodeIDs: ""\000\000\000\000\000\000\000\000\000\000\000\000\000\000\000\000\000\000\000\000\000\000\000\000\000\000\000\000\000\000\000\000\000""; queryType: qtINDIRECT; queryDepth: 3; "
1750587266954,1750587266955,3512,1,3,2,TMTransaction,"rawTransaction: ""\022\000\000""\000\000\000\000$\000\000\000\002 \033\000\000\000\027a@\000\000\027H\206*@h@\000\000\000\000\000\000\ns!\0030\347\374\235V\273%\326\211;\243\363\027\256[\3173\263)\033\326=\263&T\243\023""/\177\320 tG0E\002!\000\354\026Q~\030\260\230\312\233p\304\177>\274\255\213\032!\016\355\331\243\222\312%\364\027\357\224\037\371[\002 =\214\276+a}GM\202\370!\322\021\221\r-\P\030M?a\nUJ<\020u\207P\203\316\201\024\265\367by\212S\325C\240\024\312\370\262\227\317\370\362\3717\350\203\024\023\252#\014BS\272`\277B\346\245]\332\351o'013""; status: tsCURRENT; receiveTimestamp: 803902466; deferred: false; ","rawTransaction: ""\022\000\000""\000\000\000\000$\000\000\000\002 \033\000\000\000\027a@\000\000\027H\206*@h@\000\000\000\000\000\000\ns!\0030\347\374\235V\273%\326\211;\243\363\027\256[\3173\263)\033\326=\263&T\243\023""/\177\320 tG0E\002!\000\354\026Q~\030\260\230\312\233p\304\177>\274\255\213\032!\016\355\331\243\222\312%\364\027\357\224\037\371[\002 =\214\276+a}GM\202\370!\322\021\221\r-\P\030M?a\nUJ<\020u\207P\203\316\201\024\265\367by\212S\325C\240\024\312\370\262\227\317\370\362\3717\350\203\024\023\252#\014BS\272`\277B\346\245]\332\351o'013""; status: tsCURRENT; receiveTimestamp: 803902466; deferred: false; "
1750587266955,1750587266955,705,1,3,0,TMTransaction,"rawTransaction: ""\022\000\000""\000\000\000\000$\000\000\000\002 \033\000\000\000\027a@\000\000\027H\206*@h@\000\000\000\000\000\000\ns!\0030\347\374\235V\273%\326\211;\243\363\027\256[\3173\263)\033\326=\263&T\243\023""/\177\320 tG0E\002!\000\354\026Q~\030\260\230\312\233p\304\177>\274\255\213\032!\016\355\331\243\222\312%\364\027\357\224\037\371[\002 =\214\276+a}GM\202\370!\322\021\221\r-\P\030M?a\nUJ<\020u\207P\203\316\201\024\265\367by\212S\325C\240\024\312\370\262\227\317\370\362\3717\350\203\024\023\252#\014BS\272`\277B\346\245]\332\351o'013""; status: tsCURRENT; receiveTimestamp: 803902466; deferred: false; ","rawTransaction: ""\022\000\000""\000\000\000\000$\000\000\000\002 \033\000\000\000\027a@\000\000\027H\206*@h@\000\000\000\000\000\000\ns!\0030\347\374\235V\273%\326\211;\243\363\027\256[\3173\263)\033\326=\263&T\243\023""/\177\320 tG0E\002!\000\354\026Q~\030\260\230\312\233p\304\177>\274\255\213\032!\016\355\331\243\222\312%\364\027\357\224\037\371[\002 =\214\276+a}GM\202\370!\322\021\221\r-\P\030M?a\nUJ<\020u\207P\203\316\201\024\265\367by\212S\325C\240\024\312\370\262\227\317\370\362\3717\350\203\024\023\252#\014BS\272`\277B\346\245]\332\351o'013""; status: tsCURRENT; receiveTimestamp: 803902466; deferred: false; "
1750587266955,1750587266956,1636,1,3,4,TMTransaction,"rawTransaction: ""\022\000\000""\000\000\000\000$\000\000\000\002 \033\000\000\000\027a@\000\000\027H\206*@h@\000\000\000\000\000\000\ns!\0030\347\374\235V\273%\326\211;\243\363\027\256[\3173\263)\033\326=\263&T\243\023""/\177\320 tG0E\002!\000\354\026Q~\030\260\230\312\233p\304\177>\274\255\213\032!\016\355\331\243\222\312%\364\027\357\224\037\371[\002 =\214\276+a}GM\202\370!\322\021\221\r-\P\030M?a\nUJ<\020u\207P\203\316\201\024\265\367by\212S\325C\240\024\312\370\262\227\317\370\362\3717\350\203\024\023\252#\014BS\272`\277B\346\245]\332\351o'013""; status: tsCURRENT; receiveTimestamp: 803902466; deferred: false; ","rawTransaction: ""\022\000\000""\000\000\000\000$\000\000\000\002 \033\000\000\000\027a@\000\000\027H\206*@h@\000\000\000\000\000\000\ns!\0030\347\374\235V\273%\326\211;\243\363\027\256[\3173\263)\033\326=\263&T\243\023""/\177\320 tG0E\002!\000\354\026Q~\030\260\230\312\233p\304\177>\274\255\213\032!\016\355\331\243\222\312%\364\027\357\224\037\371[\002 =\214\276+a}GM\202\370!\322\021\221\r-\P\030M?a\nUJ<\020u\207P\203\316\201\024\265\367by\212S\325C\240\024\312\370\262\227\317\370\362\3717\350\203\024\023\252#\014BS\272`\277B\346\245]\332\351o'013""; status: tsCURRENT; receiveTimestamp: 803902466; deferred: false; "
1750587266996,1750587266996,149,1,4,2,TMTransaction,"rawTransaction: ""\022\000\000""\000\000\000\000$\000\000\000\001 \033\000\000\000\027a@\000\000\027H\206*@h@\000\000\000\000\000\000\ns!\0030\347\374\235V\273%\326\211;\243\363\027\256[\3173\263)\033\326=\263&T\243\023""/\177\320 tF0D\002 0\023\341\332; \2711\245\020\321\3300\345\267-)\230\177\246\236AQ\327\203\207H\226+\000%\336\002 \024\036\211\237\201t\376\272E\270\230\020\334\014\356g\273\025((\376\266\216@ \254^2T\233\013\034\201\024\265\367by\212S\325C\240\024\312\370\262\227\317\370\362\3717\350\203\024E0\246\210\344\325\345r\024T\251\006P\255\352\333\372\351\337\302""; status: tsCURRENT; receiveTimestamp: 803902466; deferred: false; ","rawTransaction: ""\022\000\000""\000\000\000\000$\000\000\000\001 \033\000\000\000\027a@\000\000\027H\206*@h@\000\000\000\000\000\000\ns!\0030\347\374\235V\273%\326\211;\243\363\027\256[\3173\263)\033\326=\263&T\243\023""/\177\320 tF0D\002 0\023\341\332; \2711\245\020\321\3300\345\267-)\230\177\246\236AQ\327\203\207H\226+\000%\336\002 \024\036\211\237\201t\376\272E\270\230\020\334\014\356g\273\025((\376\266\216@ \254^2T\233\013\034\201\024\265\367by\212S\325C\240\024\312\370\262\227\317\370\362\3717\350\203\024E0\246\210\344\325\345r\024T\251\006P\255\352\333\372\351\337\302""; status: tsCURRENT; receiveTimestamp: 803902466; deferred: false; "
1750587266996,1750587266997,3004,1,4,0,TMTransaction,"rawTransaction: ""\022\000\000""\000\000\000\000$\000\000\000\001 \033\000\000\000\027a@\000\000\027H\206*@h@\000\000\000\000\000\000\ns!\0030\347\374\235V\273%\326\211;\243\363\027\256[\3173\263)\033\326=\263&T\243\023""/\177\320 tF0D\002 0\023\341\332; \2711\245\020\321\3300\345\267-)\230\177\246\236AQ\327\203\207H\226+\000%\336\002 \024\036\211\237\201t\376\272E\270\230\020\334\014\356g\273\025((\376\266\216@ \254^2T\233\013\034\201\024\265\367by\212S\325C\240\024\312\370\262\227\317\370\362\3717\350\203\024E0\246\210\344\325\345r\024T\251\006P\255\352\333\372\351\337\302""; status: tsCURRENT; receiveTimestamp: 803902466; deferred: false; ","rawTransaction: ""\022\000\000""\000\000\000\000$\000\000\000\001 \033\000\000\000\027a@\000\000\027H\206*@h@\000\000\000\000\000\000\ns!\0030\347\374\235V\273%\326\211;\243\363\027\256[\3173\263)\033\326=\263&T\243\023""/\177\320 tF0D\002 0\023\341\332; \2711\245\020\321\3300\345\267-)\230\177\246\236AQ\327\203\207H\226+\000%\336\002 \024\036\211\237\201t\376\272E\270\230\020\334\014\356g\273\025((\376\266\216@ \254^2T\233\013\034\201\024\265\367by\212S\325C\240\024\312\370\262\227\317\370\362\3717\350\203\024E0\246\210\344\325\345r\024T\251\006P\255\352\333\372\351\337\302""; status: tsCURRENT; receiveTimestamp: 803902466; deferred: false; "
1750587266996,1750587266997,840,1,4,3,TMTransaction,"rawTransaction: ""\022\000\000""\000\000\000\000$\000\000\000\001 \033\000\000\000\027a@\000\000\027H\206*@h@\000\000\000\000\000\000\ns!\0030\347\374\235V\273%\326\211;\243\363\027\256[\3173\263)\033\326=\263&T\243\023""/\177\320 tF0D\002 0\023\341\332; \2711\245\020\321\3300\345\267-)\230\177\246\236AQ\327\203\207H\226+\000%\336\002 \024\036\211\237\201t\376\272E\270\230\020\334\014\356g\273\025((\376\266\216@ \254^2T\233\013\034\201\024\265\367by\212S\325C\240\024\312\370\262\227\317\370\362\3717\350\203\024E0\246\210\344\325\345r\024T\251\006P\255\352\333\372\351\337\302""; status: tsCURRENT; receiveTimestamp: 803902466; deferred: false; ","rawTransaction: ""\022\000\000""\000\000\000\000$\000\000\000\001 \033\000\000\000\027a@\000\000\027H\206*@h@\000\000\000\000\000\000\ns!\0030\347\374\235V\273%\326\211;\243\363\027\256[\3173\263)\033\326=\263&T\243\023""/\177\320 tF0D\002 0\023\341\332; \2711\245\020\321\3300\345\267-)\230\177\246\236AQ\327\203\207H\226+\000%\336\002 \024\036\211\237\201t\376\272E\270\230\020\334\014\356g\273\025((\376\266\216@ \254^2T\233\013\034\201\024\265\367by\212S\325C\240\024\312\370\262\227\317\370\362\3717\350\203\024E0\246\210\344\325\345r\024T\251\006P\255\352\333\372\351\337\302""; status: tsCURRENT; receiveTimestamp: 803902466; deferred: false; "
1750587267003,1750587267003,1136,1,3,0,TMGetLedger,"itype: liTS_CANDIDATE; ledgerHash: ""u\315\243\367\211\2625\240r:n\277\003\026\366\353'\216jy9\\001\220\223~\341j\254O\025\257""; nodeIDs: ""\000\000\000\000\000\000\000\000\000\000\000\000\000\000\000\000\000\000\000\000\000\000\000\000\000\000\000\000\000\000\000\000\000""; queryType: qtINDIRECT; queryDepth: 3; ","itype: liTS_CANDIDATE; ledgerHash: ""u\315\243\367\211\2625\240r:n\277\003\026\366\353'\216jy9\\001\220\223~\341j\254O\025\257""; nodeIDs: ""\000\000\000\000\000\000\000\000\000\000\000\000\000\000\000\000\000\000\000\000\000\000\000\000\000\000\000\000\000\000\000\000\000""; queryType: qtINDIRECT; queryDepth: 3; "
1750587267004,1750587267004,3118,1,3,4,TMGetLedger,"itype: liTS_CANDIDATE; ledgerHash: ""u\315\243\367\211\2625\240r:n\277\003\026\366\353'\216jy9\\001\220\223~\341j\254O\025\257""; nodeIDs: ""\000\000\000\000\000\000\000\000\000\000\000\000\000\000\000\000\000\000\000\000\000\000\000\000\000\000\000\000\000\000\000\000\000""; queryType: qtINDIRECT; queryDepth: 3; ","itype: liTS_CANDIDATE; ledgerHash: ""u\315\243\367\211\2625\240r:n\277\003\026\366\353'\216jy9\\001\220\223~\341j\254O\025\257""; nodeIDs: ""\000\000\000\000\000\000\000\000\000\000\000\000\000\000\000\000\000\000\000\000\000\000\000\000\000\000\000\000\000\000\000\000\000""; queryType: qtINDIRECT; queryDepth: 3; "
1750587267006,1750587267006,2655,1,1,0,TMLedgerData,"ledgerHash: ""u\315\243\367\211\2625\240r:n\277\003\026\366\353'\216jy9\\001\220\223~\341j\254O\025\257""; ledgerSeq: 0; type: liTS_CANDIDATE; nodes {;   nodedata: ""\246C\232\272\013^\241\340~\030'\005/\234\037\355\231\230\017\266\365\303w\360\273\374\234\362S:\270\023\n\003"";   nodeid: ""\000\000\000\000\000\000\000\000\000\000\000\000\000\000\000\000\000\000\000\000\000\000\000\000\000\000\000\000\000\000\000\000\000""; }; ","ledgerHash: ""u\315\243\367\211\2625\240r:n\277\003\026\366\353'\216jy9\\001\220\223~\341j\254O\025\257""; ledgerSeq: 0; type: liTS_CANDIDATE; nodes {;   nodedata: ""\246C\232\272\013^\241\340~\030'\005/\234\037\355\231\230\017\266\365\303w\360\273\374\234\362S:\270\023\n\003"";   nodeid: ""\000\000\000\000\000\000\000\000\000\000\000\000\000\000\000\000\000\000\000\000\000\000\000\000\000\000\000\000\000\000\000\000\000""; }; "
1750587267005,1750587267005,1590,1,3,2,TMGetLedger,"itype: liTS_CANDIDATE; ledgerHash: ""u\315\243\367\211\2625\240r:n\277\003\026\366\353'\216jy9\\001\220\223~\341j\254O\025\257""; nodeIDs: ""\000\000\000\000\000\000\000\000\000\000\000\000\000\000\000\000\000\000\000\000\000\000\000\000\000\000\000\000\000\000\000\000\000""; queryType: qtINDIRECT; queryDepth: 3; ","itype: liTS_CANDIDATE; ledgerHash: ""u\315\243\367\211\2625\240r:n\277\003\026\366\353'\216jy9\\001\220\223~\341j\254O\025\257""; nodeIDs: ""\000\000\000\000\000\000\000\000\000\000\000\000\000\000\000\000\000\000\000\000\000\000\000\000\000\000\000\000\000\000\000\000\000""; queryType: qtINDIRECT; queryDepth: 3; "
1750587267007,1750587267007,2252,1,0,4,TMStatusChange,"newEvent: neACCEPTED_LEDGER; ledgerSeq: 4; ledgerHash: ""\241'\332/+\360Bx\036+\210j\237K%\340]\246E\2434\264K\036\030qP\317\315\336\325\007""; ledgerHashPrevious: ""T\270\242(,&\233\326\374o\306[\235\317>\021e\005s\261\371l\216\017\003\032\017J\217\244W<""; networkTime: 803902467; firstSeq: 1; lastSeq: 3; ","newEvent: neACCEPTED_LEDGER; ledgerSeq: 4; ledgerHash: ""\241'\332/+\360Bx\036+\210j\237K%\340]\246E\2434\264K\036\030qP\317\315\336\325\007""; ledgerHashPrevious: ""T\270\242(,&\233\326\374o\306[\235\317>\021e\005s\261\371l\216\017\003\032\017J\217\244W<""; networkTime: 803902467; firstSeq: 1; lastSeq: 3; "
1750587267005,1750587267005,2142,1,3,1,TMGetLedger,"itype: liTS_CANDIDATE; ledgerHash: ""u\315\243\367\211\2625\240r:n\277\003\026\366\353'\216jy9\\001\220\223~\341j\254O\025\257""; nodeIDs: ""\000\000\000\000\000\000\000\000\000\000\000\000\000\000\000\000\000\000\000\000\000\000\000\000\000\000\000\000\000\000\000\000\000""; queryType: qtINDIRECT; queryDepth: 3; ","itype: liTS_CANDIDATE; ledgerHash: ""u\315\243\367\211\2625\240r:n\277\003\026\366\353'\216jy9\\001\220\223~\341j\254O\025\257""; nodeIDs: ""\000\000\000\000\000\000\000\000\000\000\000\000\000\000\000\000\000\000\000\000\000\000\000\000\000\000\000\000\000\000\000\000\000""; queryType: qtINDIRECT; queryDepth: 3; "
1750587267007,1750587267007,3563,1,0,2,TMValidation,"validation: """"\200\000\000\001&\000\000\000\004)/\352\224\003:I\203w\200\211\SGQ\241'\332/+\360Bx\036+\210j\237K%\340]\246E\2434\264K\036\030qP\317\315\336\325\007P\027\000\000\000\000\000\000\000\000\000\000\000\000\000\000\000\000\000\000\000\000\000\000\000\000\000\000\000\000\000\000\000\000P\031T\270\242(,&\233\326\374o\306[\235\317>\021e\005s\261\371l\216\017\003\032\017J\217\244W<s!\002\347\243J\206W\025ML\260\226\0163\217\250\337\325W\253\356*O\245Z\271\234\207C\274\375`\335\311vF0D\002 \000\307\024<_L\347+\M\377D\000\035x\003\317\243\305\030Pn\025\366\217\323\t\r\235h\341\n\002 z\340&\352\266\3105\366'0L\300\307\037Ke\311\323_\365\224\201.\204~=\374N>;\006\271""; ","validation: """"\200\000\000\001&\000\000\000\004)/\352\224\003:I\203w\200\211\SGQ\241'\332/+\360Bx\036+\210j\237K%\340]\246E\2434\264K\036\030qP\317\315\336\325\007P\027\000\000\000\000\000\000\000\000\000\000\000\000\000\000\000\000\000\000\000\000\000\000\000\000\000\000\000\000\000\000\000\000P\031T\270\242(,&\233\326\374o\306[\235\317>\021e\005s\261\371l\216\017\003\032\017J\217\244W<s!\002\347\243J\206W\025ML\260\226\0163\217\250\337\325W\253\356*O\245Z\271\234\207C\274\375`\335\311vF0D\002 \000\307\024<_L\347+\M\377D\000\035x\003\317\243\305\030Pn\025\366\217\323\t\r\235h\341\n\002 z\340&\352\266\3105\366'0L\300\307\037Ke\311\323_\365\224\201.\204~=\374N>;\006\271""; "
1750587267008,1750587267008,2684,1,0,1,TMValidation,"validation: """"\200\000\000\001&\000\000\000\004)/\352\224\003:I\203w\200\211\SGQ\241'\332/+\360Bx\036+\210j\237K%\340]\246E\2434\264K\036\030qP\317\315\336\325\007P\027\000\000\000\000\000\000\000\000\000\000\000\000\000\000\000\000\000\000\000\000\000\000\000\000\000\000\000\000\000\000\000\000P\031T\270\242(,&\233\326\374o\306[\235\317>\021e\005s\261\371l\216\017\003\032\017J\217\244W<s!\002\347\243J\206W\025ML\260\226\0163\217\250\337\325W\253\356*O\245Z\271\234\207C\274\375`\335\311vF0D\002 \000\307\024<_L\347+\M\377D\000\035x\003\317\243\305\030Pn\025\366\217\323\t\r\235h\341\n\002 z\340&\352\266\3105\366'0L\300\307\037Ke\311\323_\365\224\201.\204~=\374N>;\006\271""; ","validation: """"\200\000\000\001&\000\000\000\004)/\352\224\003:I\203w\200\211\SGQ\241'\332/+\360Bx\036+\210j\237K%\340]\246E\2434\264K\036\030qP\317\315\336\325\007P\027\000\000\000\000\000\000\000\000\000\000\000\000\000\000\000\000\000\000\000\000\000\000\000\000\000\000\000\000\000\000\000\000P\031T\270\242(,&\233\326\374o\306[\235\317>\021e\005s\261\371l\216\017\003\032\017J\217\244W<s!\002\347\243J\206W\025ML\260\226\0163\217\250\337\325W\253\356*O\245Z\271\234\207C\274\375`\335\311vF0D\002 \000\307\024<_L\347+\M\377D\000\035x\003\317\243\305\030Pn\025\366\217\323\t\r\235h\341\n\002 z\340&\352\266\3105\366'0L\300\307\037Ke\311\323_\365\224\201.\204~=\374N>;\006\271""; "
1750587267008,1750587267008,3150,1,0,3,TMStatusChange,"newEvent: neACCEPTED_LEDGER; ledgerSeq: 4; ledgerHash: ""\241'\332/+\360Bx\036+\210j\237K%\340]\246E\2434\264K\036\030qP\317\315\336\325\007""; ledgerHashPrevious: ""T\270\242(,&\233\326\374o\306[\235\317>\021e\005s\261\371l\216\017\003\032\017J\217\244W<""; networkTime: 803902467; firstSeq: 1; lastSeq: 3; ","newEvent: neACCEPTED_LEDGER; ledgerSeq: 4; ledgerHash: ""\241'\332/+\360Bx\036+\210j\237K%\340]\246E\2434\264K\036\030qP\317\315\336\325\007""; ledgerHashPrevious: ""T\270\242(,&\233\326\374o\306[\235\317>\021e\005s\261\371l\216\017\003\032\017J\217\244W<""; networkTime: 803902467; firstSeq: 1; lastSeq: 3; "
1750587267008,1750587267008,468,1,0,1,TMStatusChange,"newEvent: neACCEPTED_LEDGER; ledgerSeq: 4; ledgerHash: ""\241'\332/+\360Bx\036+\210j\237K%\340]\246E\2434\264K\036\030qP\317\315\336\325\007""; ledgerHashPrevious: ""T\270\242(,&\233\326\374o\306[\235\317>\021e\005s\261\371l\216\017\003\032\017J\217\244W<""; networkTime: 803902467; firstSeq: 1; lastSeq: 3; ","newEvent: neACCEPTED_LEDGER; ledgerSeq: 4; ledgerHash: ""\241'\332/+\360Bx\036+\210j\237K%\340]\246E\2434\264K\036\030qP\317\315\336\325\007""; ledgerHashPrevious: ""T\270\242(,&\233\326\374o\306[\235\317>\021e\005s\261\371l\216\017\003\032\017J\217\244W<""; networkTime: 803902467; firstSeq: 1; lastSeq: 3; "
1750587267009,1750587267009,615,1,0,2,TMStatusChange,"newEvent: neACCEPTED_LEDGER; ledgerSeq: 4; ledgerHash: ""\241'\332/+\360Bx\036+\210j\237K%\340]\246E\2434\264K\036\030qP\317\315\336\325\007""; ledgerHashPrevious: ""T\270\242(,&\233\326\374o\306[\235\317>\021e\005s\261\371l\216\017\003\032\017J\217\244W<""; networkTime: 803902467; firstSeq: 1; lastSeq: 3; ","newEvent: neACCEPTED_LEDGER; ledgerSeq: 4; ledgerHash: ""\241'\332/+\360Bx\036+\210j\237K%\340]\246E\2434\264K\036\030qP\317\315\336\325\007""; ledgerHashPrevious: ""T\270\242(,&\233\326\374o\306[\235\317>\021e\005s\261\371l\216\017\003\032\017J\217\244W<""; networkTime: 803902467; firstSeq: 1; lastSeq: 3; "
1750587267009,1750587267009,779,1,0,3,TMValidation,"validation: """"\200\000\000\001&\000\000\000\004)/\352\224\003:I\203w\200\211\SGQ\241'\332/+\360Bx\036+\210j\237K%\340]\246E\2434\264K\036\030qP\317\315\336\325\007P\027\000\000\000\000\000\000\000\000\000\000\000\000\000\000\000\000\000\000\000\000\000\000\000\000\000\000\000\000\000\000\000\000P\031T\270\242(,&\233\326\374o\306[\235\317>\021e\005s\261\371l\216\017\003\032\017J\217\244W<s!\002\347\243J\206W\025ML\260\226\0163\217\250\337\325W\253\356*O\245Z\271\234\207C\274\375`\335\311vF0D\002 \000\307\024<_L\347+\M\377D\000\035x\003\317\243\305\030Pn\025\366\217\323\t\r\235h\341\n\002 z\340&\352\266\3105\366'0L\300\307\037Ke\311\323_\365\224\201.\204~=\374N>;\006\271""; ","validation: """"\200\000\000\001&\000\000\000\004)/\352\224\003:I\203w\200\211\SGQ\241'\332/+\360Bx\036+\210j\237K%\340]\246E\2434\264K\036\030qP\317\315\336\325\007P\027\000\000\000\000\000\000\000\000\000\000\000\000\000\000\000\000\000\000\000\000\000\000\000\000\000\000\000\000\000\000\000\000P\031T\270\242(,&\233\326\374o\306[\235\317>\021e\005s\261\371l\216\017\003\032\017J\217\244W<s!\002\347\243J\206W\025ML\260\226\0163\217\250\337\325W\253\356*O\245Z\271\234\207C\274\375`\335\311vF0D\002 \000\307\024<_L\347+\M\377D\000\035x\003\317\243\305\030Pn\025\366\217\323\t\r\235h\341\n\002 z\340&\352\266\3105\366'0L\300\307\037Ke\311\323_\365\224\201.\204~=\374N>;\006\271""; "
1750587267046,1750587267046,792,1,0,4,TMValidation,"validation: """"\200\000\000\001&\000\000\000\004)/\352\224\003:I\203w\200\211\SGQ\241'\332/+\360Bx\036+\210j\237K%\340]\246E\2434\264K\036\030qP\317\315\336\325\007P\027\000\000\000\000\000\000\000\000\000\000\000\000\000\000\000\000\000\000\000\000\000\000\000\000\000\000\000\000\000\000\000\000P\031T\270\242(,&\233\326\374o\306[\235\317>\021e\005s\261\371l\216\017\003\032\017J\217\244W<s!\002\347\243J\206W\025ML\260\226\0163\217\250\337\325W\253\356*O\245Z\271\234\207C\274\375`\335\311vF0D\002 \000\307\024<_L\347+\M\377D\000\035x\003\317\243\305\030Pn\025\366\217\323\t\r\235h\341\n\002 z\340&\352\266\3105\366'0L\300\307\037Ke\311\323_\365\224\201.\204~=\374N>;\006\271""; ","validation: """"\200\000\000\001&\000\000\000\004)/\352\224\003:I\203w\200\211\SGQ\241'\332/+\360Bx\036+\210j\237K%\340]\246E\2434\264K\036\030qP\317\315\336\325\007P\027\000\000\000\000\000\000\000\000\000\000\000\000\000\000\000\000\000\000\000\000\000\000\000\000\000\000\000\000\000\000\000\000P\031T\270\242(,&\233\326\374o\306[\235\317>\021e\005s\261\371l\216\017\003\032\017J\217\244W<s!\002\347\243J\206W\025ML\260\226\0163\217\250\337\325W\253\356*O\245Z\271\234\207C\274\375`\335\311vF0D\002 \000\307\024<_L\347+\M\377D\000\035x\003\317\243\305\030Pn\025\366\217\323\t\r\235h\341\n\002 z\340&\352\266\3105\366'0L\300\307\037Ke\311\323_\365\224\201.\204~=\374N>;\006\271""; "
1750587267053,1750587267053,520,1,2,1,TMLedgerData,"ledgerHash: ""\241'\332/+\360Bx\036+\210j\237K%\340]\246E\2434\264K\036\030qP\317\315\336\325\007""; ledgerSeq: 4; type: liBASE; nodes {;   nodedata: ""\000\000\000\004\001cEx]\212\000\000T\270\242(,&\233\326\374o\306[\235\317>\021e\005s\261\371l\216\017\003\032\017J\217\244W<\000\000\000\000\000\000\000\000\000\000\000\000\000\000\000\000\000\000\000\000\000\000\000\000\000\000\000\000\000\000\000\000z\013\3557\014\333\322\312\303T\027\363\p\250\231\021""\234\017\350l\334T\351z#""\262U\250=/\352\223\374/\352\223\375\n\000""; }; nodes {;   nodedata: ""\303\016\021\310<Z\337\266>\225@&n\022\246\274\353\220\345b3\035\313\350L\354\254\002\005\305\035\017\002E\344\037@\210\363\010\336T\226\247'\204_{\261\370""1\235\2445\343\033Y!\212\201\341\272\225'\007\255\021-\221\251\210O\324H\317V\246\177^8}\301\354\016\034d\300jKw\351\376\200\024\025\303R\013\003""; }; ","ledgerHash: ""\241'\332/+\360Bx\036+\210j\237K%\340]\246E\2434\264K\036\030qP\317\315\336\325\007""; ledgerSeq: 4; type: liBASE; nodes {;   nodedata: ""\000\000\000\004\001cEx]\212\000\000T\270\242(,&\233\326\374o\306[\235\317>\021e\005s\261\371l\216\017\003\032\017J\217\244W<\000\000\000\000\000\000\000\000\000\000\000\000\000\000\000\000\000\000\000\000\000\000\000\000\000\000\000\000\000\000\000\000z\013\3557\014\333\322\312\303T\027\363\p\250\231\021""\234\017\350l\334T\351z#""\262U\250=/\352\223\374/\352\223\375\n\000""; }; nodes {;   nodedata: ""\303\016\021\310<Z\337\266>\225@&n\022\246\274\353\220\345b3\035\313\350L\354\254\002\005\305\035\017\002E\344\037@\210\363\010\336T\226\247'\204_{\261\370""1\235\2445\343\033Y!\212\201\341\272\225'\007\255\021-\221\251\210O\324H\317V\246\177^8}\301\354\016\034d\300jKw\351\376\200\024\025\303R\013\003""; }; "
1750587267055,1750587267055,520,1,2,1,TMLedgerData,"ledgerHash: ""\241'\332/+\360Bx\036+\210j\237K%\340]\246E\2434\264K\036\030qP\317\315\336\325\007""; ledgerSeq: 4; type: liBASE; nodes {;   nodedata: ""\000\000\000\004\001cEx]\212\000\000T\270\242(,&\233\326\374o\306[\235\317>\021e\005s\261\371l\216\017\003\032\017J\217\244W<\000\000\000\000\000\000\000\000\000\000\000\000\000\000\000\000\000\000\000\000\000\000\000\000\000\000\000\000\000\000\000\000z\013\3557\014\333\322\312\303T\027\363\p\250\231\021""\234\017\350l\334T\351z#""\262U\250=/\352\223\374/\352\223\375\n\000""; }; nodes {;   nodedata: ""\303\016\021\310<Z\337\266>\225@&n\022\246\274\353\220\345b3\035\313\350L\354\254\002\005\305\035\017\002E\344\037@\210\363\010\336T\226\247'\204_{\261\370""1\235\2445\343\033Y!\212\201\341\272\225'\007\255\021-\221\251\210O\324H\317V\246\177^8}\301\354\016\034d\300jKw\351\376\200\024\025\303R\013\003""; }; ","ledgerHash: ""\241'\332/+\360Bx\036+\210j\237K%\340]\246E\2434\264K\036\030qP\317\315\336\325\007""; ledgerSeq: 4; type: liBASE; nodes {;   nodedata: ""\000\000\000\004\001cEx]\212\000\000T\270\242(,&\233\326\374o\306[\235\317>\021e\005s\261\371l\216\017\003\032\017J\217\244W<\000\000\000\000\000\000\000\000\000\000\000\000\000\000\000\000\000\000\000\000\000\000\000\000\000\000\000\000\000\000\000\000z\013\3557\014\333\322\312\303T\027\363\p\250\231\021""\234\017\350l\334T\351z#""\262U\250=/\352\223\374/\352\223\375\n\000""; }; nodes {;   nodedata: ""\303\016\021\310<Z\337\266>\225@&n\022\246\274\353\220\345b3\035\313\350L\354\254\002\005\305\035\017\002E\344\037@\210\363\010\336T\226\247'\204_{\261\370""1\235\2445\343\033Y!\212\201\341\272\225'\007\255\021-\221\251\210O\324H\317V\246\177^8}\301\354\016\034d\300jKw\351\376\200\024\025\303R\013\003""; }; "
1750587267110,1750587267110,3414,1,0,2,TMGetLedger,"itype: liTS_CANDIDATE; ledgerHash: ""u\315\243\367\211\2625\240r:n\277\003\026\366\353'\216jy9\\001\220\223~\341j\254O\025\257""; nodeIDs: ""\000\000\000\000\000\000\000\000\000\000\000\000\000\000\000\000\000\000\000\000\000\000\000\000\000\000\000\000\000\000\000\000\000""; queryType: qtINDIRECT; queryDepth: 3; ","itype: liTS_CANDIDATE; ledgerHash: ""u\315\243\367\211\2625\240r:n\277\003\026\366\353'\216jy9\\001\220\223~\341j\254O\025\257""; nodeIDs: ""\000\000\000\000\000\000\000\000\000\000\000\000\000\000\000\000\000\000\000\000\000\000\000\000\000\000\000\000\000\000\000\000\000""; queryType: qtINDIRECT; queryDepth: 3; "
1750587267111,1750587267111,393,1,0,1,TMGetLedger,"itype: liTS_CANDIDATE; ledgerHash: ""u\315\243\367\211\2625\240r:n\277\003\026\366\353'\216jy9\\001\220\223~\341j\254O\025\257""; nodeIDs: ""\000\000\000\000\000\000\000\000\000\000\000\000\000\000\000\000\000\000\000\000\000\000\000\000\000\000\000\000\000\000\000\000\000""; queryType: qtINDIRECT; queryDepth: 3; ","itype: liTS_CANDIDATE; ledgerHash: ""u\315\243\367\211\2625\240r:n\277\003\026\366\353'\216jy9\\001\220\223~\341j\254O\025\257""; nodeIDs: ""\000\000\000\000\000\000\000\000\000\000\000\000\000\000\000\000\000\000\000\000\000\000\000\000\000\000\000\000\000\000\000\000\000""; queryType: qtINDIRECT; queryDepth: 3; "
1750587267111,1750587267111,1764,1,0,3,TMGetLedger,"itype: liTS_CANDIDATE; ledgerHash: ""u\315\243\367\211\2625\240r:n\277\003\026\366\353'\216jy9\\001\220\223~\341j\254O\025\257""; nodeIDs: ""\000\000\000\000\000\000\000\000\000\000\000\000\000\000\000\000\000\000\000\000\000\000\000\000\000\000\000\000\000\000\000\000\000""; queryType: qtINDIRECT; queryDepth: 3; ","itype: liTS_CANDIDATE; ledgerHash: ""u\315\243\367\211\2625\240r:n\277\003\026\366\353'\216jy9\\001\220\223~\341j\254O\025\257""; nodeIDs: ""\000\000\000\000\000\000\000\000\000\000\000\000\000\000\000\000\000\000\000\000\000\000\000\000\000\000\000\000\000\000\000\000\000""; queryType: qtINDIRECT; queryDepth: 3; "
1750587267111,1750587267111,1466,1,0,4,TMGetLedger,"itype: liTS_CANDIDATE; ledgerHash: ""u\315\243\367\211\2625\240r:n\277\003\026\366\353'\216jy9\\001\220\223~\341j\254O\025\257""; nodeIDs: ""\000\000\000\000\000\000\000\000\000\000\000\000\000\000\000\000\000\000\000\000\000\000\000\000\000\000\000\000\000\000\000\000\000""; queryType: qtINDIRECT; queryDepth: 3; ","itype: liTS_CANDIDATE; ledgerHash: ""u\315\243\367\211\2625\240r:n\277\003\026\366\353'\216jy9\\001\220\223~\341j\254O\025\257""; nodeIDs: ""\000\000\000\000\000\000\000\000\000\000\000\000\000\000\000\000\000\000\000\000\000\000\000\000\000\000\000\000\000\000\000\000\000""; queryType: qtINDIRECT; queryDepth: 3; "
1750587267115,1750587267115,2573,1,3,1,TMValidation,"validation: """"\200\000\000\001&\000\000\000\004)/\352\224\001:v|\203\267)\257\206\032Q\241'\332/+\360Bx\036+\210j\237K%\340]\246E\2434\264K\036\030qP\317\315\336\325\007P\027\000\000\000\000\000\000\000\000\000\000\000\000\000\000\000\000\000\000\000\000\000\000\000\000\000\000\000\000\000\000\000\000P\031T\270\242(,&\233\326\374o\306[\235\317>\021e\005s\261\371l\216\017\003\032\017J\217\244W<s!\003.\200\224\215?)t\306\315\242\313\251\255\302\204=\232.\271%}\013\024s\024\002@\216l""\241FvG0E\002!\000\204\352\232*\251}\365I!\277\303\220\265s5s\311\300;S\302\014\362'B\260C\203f\303*\312\002 i\212\372th\245\353\303\376\010q\302\223W\306\274\307n\310Y\205\346\026z/\3453\356 RO\334""; ","validation: """"\200\000\000\001&\000\000\000\004)/\352\224\001:v|\203\267)\257\206\032Q\241'\332/+\360Bx\036+\210j\237K%\340]\246E\2434\264K\036\030qP\317\315\336\325\007P\027\000\000\000\000\000\000\000\000\000\000\000\000\000\000\000\000\000\000\000\000\000\000\000\000\000\000\000\000\000\000\000\000P\031T\270\242(,&\233\326\374o\306[\235\317>\021e\005s\261\371l\216\017\003\032\017J\217\244W<s!\003.\200\224\215?)t\306\315\242\313\251\255\302\204=\232.\271%}\013\024s\024\002@\216l""\241FvG0E\002!\000\204\352\232*\251}\365I!\277\303\220\265s5s\311\300;S\302\014\362'B\260C\203f\303*\312\002 i\212\372th\245\353\303\376\010q\302\223W\306\274\307n\310Y\205\346\026z/\3453\356 RO\334""; "
1750587267116,1750587267116,3767,1,3,0,TMValidation,"validation: """"\200\000\000\001&\000\000\000\004)/\352\224\001:v|\203\267)\257\206\032Q\241'\332/+\360Bx\036+\210j\237K%\340]\246E\2434\264K\036\030qP\317\315\336\325\007P\027\000\000\000\000\000\000\000\000\000\000\000\000\000\000\000\000\000\000\000\000\000\000\000\000\000\000\000\000\000\000\000\000P\031T\270\242(,&\233\326\374o\306[\235\317>\021e\005s\261\371l\216\017\003\032\017J\217\244W<s!\003.\200\224\215?)t\306\315\242\313\251\255\302\204=\232.\271%}\013\024s\024\002@\216l""\241FvG0E\002!\000\204\352\232*\251}\365I!\277\303\220\265s5s\311\300;S\302\014\362'B\260C\203f\303*\312\002 i\212\372th\245\353\303\376\010q\302\223W\306\274\307n\310Y\205\346\026z/\3453\356 RO\334""; ","validation: """"\200\000\000\001&\000\000\000\004)/\352\224\001:v|\203\267)\257\206\032Q\241'\332/+\360Bx\036+\210j\237K%\340]\246E\2434\264K\036\030qP\317\315\336\325\007P\027\000\000\000\000\000\000\000\000\000\000\000\000\000\000\000\000\000\000\000\000\000\000\000\000\000\000\000\000\000\000\000\000P\031T\270\242(,&\233\326\374o\306[\235\317>\021e\005s\261\371l\216\017\003\032\017J\217\244W<s!\003.\200\224\215?)t\306\315\242\313\251\255\302\204=\232.\271%}\013\024s\024\002@\216l""\241FvG0E\002!\000\204\352\232*\251}\365I!\277\303\220\265s5s\311\300;S\302\014\362'B\260C\203f\303*\312\002 i\212\372th\245\353\303\376\010q\302\223W\306\274\307n\310Y\205\346\026z/\3453\356 RO\334""; "
1750587267116,1750587267116,734,1,3,2,TMValidation,"validation: """"\200\000\000\001&\000\000\000\004)/\352\224\001:v|\203\267)\257\206\032Q\241'\332/+\360Bx\036+\210j\237K%\340]\246E\2434\264K\036\030qP\317\315\336\325\007P\027\000\000\000\000\000\000\000\000\000\000\000\000\000\000\000\000\000\000\000\000\000\000\000\000\000\000\000\000\000\000\000\000P\031T\270\242(,&\233\326\374o\306[\235\317>\021e\005s\261\371l\216\017\003\032\017J\217\244W<s!\003.\200\224\215?)t\306\315\242\313\251\255\302\204=\232.\271%}\013\024s\024\002@\216l""\241FvG0E\002!\000\204\352\232*\251}\365I!\277\303\220\265s5s\311\300;S\302\014\362'B\260C\203f\303*\312\002 i\212\372th\245\353\303\376\010q\302\223W\306\274\307n\310Y\205\346\026z/\3453\356 RO\334""; ","validation: """"\200\000\000\001&\000\000\000\004)/\352\224\001:v|\203\267)\257\206\032Q\241'\332/+\360Bx\036+\210j\237K%\340]\246E\2434\264K\036\030qP\317\315\336\325\007P\027\000\000\000\000\000\000\000\000\000\000\000\000\000\000\000\000\000\000\000\000\000\000\000\000\000\000\000\000\000\000\000\000P\031T\270\242(,&\233\326\374o\306[\235\317>\021e\005s\261\371l\216\017\003\032\017J\217\244W<s!\003.\200\224\215?)t\306\315\242\313\251\255\302\204=\232.\271%}\013\024s\024\002@\216l""\241FvG0E\002!\000\204\352\232*\251}\365I!\277\303\220\265s5s\311\300;S\302\014\362'B\260C\203f\303*\312\002 i\212\372th\245\353\303\376\010q\302\223W\306\274\307n\310Y\205\346\026z/\3453\356 RO\334""; "
1750587267254,1750587267254,2655,1,1,0,TMLedgerData,"ledgerHash: ""u\315\243\367\211\2625\240r:n\277\003\026\366\353'\216jy9\\001\220\223~\341j\254O\025\257""; ledgerSeq: 0; type: liTS_CANDIDATE; nodes {;   nodedata: ""\246C\232\272\013^\241\340~\030'\005/\234\037\355\231\230\017\266\365\303w\360\273\374\234\362S:\270\023\n\003"";   nodeid: ""\000\000\000\000\000\000\000\000\000\000\000\000\000\000\000\000\000\000\000\000\000\000\000\000\000\000\000\000\000\000\000\000\000""; }; ","ledgerHash: ""u\315\243\367\211\2625\240r:n\277\003\026\366\353'\216jy9\\001\220\223~\341j\254O\025\257""; ledgerSeq: 0; type: liTS_CANDIDATE; nodes {;   nodedata: ""\246C\232\272\013^\241\340~\030'\005/\234\037\355\231\230\017\266\365\303w\360\273\374\234\362S:\270\023\n\003"";   nodeid: ""\000\000\000\000\000\000\000\000\000\000\000\000\000\000\000\000\000\000\000\000\000\000\000\000\000\000\000\000\000\000\000\000\000""; }; "
1750587267255,1750587267255,2142,1,3,1,TMGetLedger,"itype: liTS_CANDIDATE; ledgerHash: ""u\315\243\367\211\2625\240r:n\277\003\026\366\353'\216jy9\\001\220\223~\341j\254O\025\257""; nodeIDs: ""\000\000\000\000\000\000\000\000\000\000\000\000\000\000\000\000\000\000\000\000\000\000\000\000\000\000\000\000\000\000\000\000\000""; queryType: qtINDIRECT; queryDepth: 3; ","itype: liTS_CANDIDATE; ledgerHash: ""u\315\243\367\211\2625\240r:n\277\003\026\366\353'\216jy9\\001\220\223~\341j\254O\025\257""; nodeIDs: ""\000\000\000\000\000\000\000\000\000\000\000\000\000\000\000\000\000\000\000\000\000\000\000\000\000\000\000\000\000\000\000\000\000""; queryType: qtINDIRECT; queryDepth: 3; "
1750587267256,1750587267256,3118,1,3,4,TMGetLedger,"itype: liTS_CANDIDATE; ledgerHash: ""u\315\243\367\211\2625\240r:n\277\003\026\366\353'\216jy9\\001\220\223~\341j\254O\025\257""; nodeIDs: ""\000\000\000\000\000\000\000\000\000\000\000\000\000\000\000\000\000\000\000\000\000\000\000\000\000\000\000\000\000\000\000\000\000""; queryType: qtINDIRECT; queryDepth: 3; ","itype: liTS_CANDIDATE; ledgerHash: ""u\315\243\367\211\2625\240r:n\277\003\026\366\353'\216jy9\\001\220\223~\341j\254O\025\257""; nodeIDs: ""\000\000\000\000\000\000\000\000\000\000\000\000\000\000\000\000\000\000\000\000\000\000\000\000\000\000\000\000\000\000\000\000\000""; queryType: qtINDIRECT; queryDepth: 3; "
1750587267256,1750587267256,1590,1,3,2,TMGetLedger,"itype: liTS_CANDIDATE; ledgerHash: ""u\315\243\367\211\2625\240r:n\277\003\026\366\353'\216jy9\\001\220\223~\341j\254O\025\257""; nodeIDs: ""\000\000\000\000\000\000\000\000\000\000\000\000\000\000\000\000\000\000\000\000\000\000\000\000\000\000\000\000\000\000\000\000\000""; queryType: qtINDIRECT; queryDepth: 3; ","itype: liTS_CANDIDATE; ledgerHash: ""u\315\243\367\211\2625\240r:n\277\003\026\366\353'\216jy9\\001\220\223~\341j\254O\025\257""; nodeIDs: ""\000\000\000\000\000\000\000\000\000\000\000\000\000\000\000\000\000\000\000\000\000\000\000\000\000\000\000\000\000\000\000\000\000""; queryType: qtINDIRECT; queryDepth: 3; "
1750587267256,1750587267256,1136,1,3,0,TMGetLedger,"itype: liTS_CANDIDATE; ledgerHash: ""u\315\243\367\211\2625\240r:n\277\003\026\366\353'\216jy9\\001\220\223~\341j\254O\025\257""; nodeIDs: ""\000\000\000\000\000\000\000\000\000\000\000\000\000\000\000\000\000\000\000\000\000\000\000\000\000\000\000\000\000\000\000\000\000""; queryType: qtINDIRECT; queryDepth: 3; ","itype: liTS_CANDIDATE; ledgerHash: ""u\315\243\367\211\2625\240r:n\277\003\026\366\353'\216jy9\\001\220\223~\341j\254O\025\257""; nodeIDs: ""\000\000\000\000\000\000\000\000\000\000\000\000\000\000\000\000\000\000\000\000\000\000\000\000\000\000\000\000\000\000\000\000\000""; queryType: qtINDIRECT; queryDepth: 3; "
1750587267297,1750587267297,1289,1,1,3,TMValidation,"validation: """"\200\000\000\001&\000\000\000\004)/\352\224\001:v|\203\267)\257\206\032Q\241'\332/+\360Bx\036+\210j\237K%\340]\246E\2434\264K\036\030qP\317\315\336\325\007P\027\000\000\000\000\000\000\000\000\000\000\000\000\000\000\000\000\000\000\000\000\000\000\000\000\000\000\000\000\000\000\000\000P\031T\270\242(,&\233\326\374o\306[\235\317>\021e\005s\261\371l\216\017\003\032\017J\217\244W<s!\003.\200\224\215?)t\306\315\242\313\251\255\302\204=\232.\271%}\013\024s\024\002@\216l""\241FvG0E\002!\000\204\352\232*\251}\365I!\277\303\220\265s5s\311\300;S\302\014\362'B\260C\203f\303*\312\002 i\212\372th\245\353\303\376\010q\302\223W\306\274\307n\310Y\205\346\026z/\3453\356 RO\334""; ","validation: """"\200\000\000\001&\000\000\000\004)/\352\224\001:v|\203\267)\257\206\032Q\241'\332/+\360Bx\036+\210j\237K%\340]\246E\2434\264K\036\030qP\317\315\336\325\007P\027\000\000\000\000\000\000\000\000\000\000\000\000\000\000\000\000\000\000\000\000\000\000\000\000\000\000\000\000\000\000\000\000P\031T\270\242(,&\233\326\374o\306[\235\317>\021e\005s\261\371l\216\017\003\032\017J\217\244W<s!\003.\200\224\215?)t\306\315\242\313\251\255\302\204=\232.\271%}\013\024s\024\002@\216l""\241FvG0E\002!\000\204\352\232*\251}\365I!\277\303\220\265s5s\311\300;S\302\014\362'B\260C\203f\303*\312\002 i\212\372th\245\353\303\376\010q\302\223W\306\274\307n\310Y\205\346\026z/\3453\356 RO\334""; "
1750587267297,1750587267298,1939,1,1,4,TMValidation,"validation: """"\200\000\000\001&\000\000\000\004)/\352\224\001:v|\203\267)\257\206\032Q\241'\332/+\360Bx\036+\210j\237K%\340]\246E\2434\264K\036\030qP\317\315\336\325\007P\027\000\000\000\000\000\000\000\000\000\000\000\000\000\000\000\000\000\000\000\000\000\000\000\000\000\000\000\000\000\000\000\000P\031T\270\242(,&\233\326\374o\306[\235\317>\021e\005s\261\371l\216\017\003\032\017J\217\244W<s!\003.\200\224\215?)t\306\315\242\313\251\255\302\204=\232.\271%}\013\024s\024\002@\216l""\241FvG0E\002!\000\204\352\232*\251}\365I!\277\303\220\265s5s\311\300;S\302\014\362'B\260C\203f\303*\312\002 i\212\372th\245\353\303\376\010q\302\223W\306\274\307n\310Y\205\346\026z/\3453\356 RO\334""; ","validation: """"\200\000\000\001&\000\000\000\004)/\352\224\001:v|\203\267)\257\206\032Q\241'\332/+\360Bx\036+\210j\237K%\340]\246E\2434\264K\036\030qP\317\315\336\325\007P\027\000\000\000\000\000\000\000\000\000\000\000\000\000\000\000\000\000\000\000\000\000\000\000\000\000\000\000\000\000\000\000\000P\031T\270\242(,&\233\326\374o\306[\235\317>\021e\005s\261\371l\216\017\003\032\017J\217\244W<s!\003.\200\224\215?)t\306\315\242\313\251\255\302\204=\232.\271%}\013\024s\024\002@\216l""\241FvG0E\002!\000\204\352\232*\251}\365I!\277\303\220\265s5s\311\300;S\302\014\362'B\260C\203f\303*\312\002 i\212\372th\245\353\303\376\010q\302\223W\306\274\307n\310Y\205\346\026z/\3453\356 RO\334""; "
1750587267298,1750587267298,3090,1,1,0,TMValidation,"validation: """"\200\000\000\001&\000\000\000\004)/\352\224\001:v|\203\267)\257\206\032Q\241'\332/+\360Bx\036+\210j\237K%\340]\246E\2434\264K\036\030qP\317\315\336\325\007P\027\000\000\000\000\000\000\000\000\000\000\000\000\000\000\000\000\000\000\000\000\000\000\000\000\000\000\000\000\000\000\000\000P\031T\270\242(,&\233\326\374o\306[\235\317>\021e\005s\261\371l\216\017\003\032\017J\217\244W<s!\003.\200\224\215?)t\306\315\242\313\251\255\302\204=\232.\271%}\013\024s\024\002@\216l""\241FvG0E\002!\000\204\352\232*\251}\365I!\277\303\220\265s5s\311\300;S\302\014\362'B\260C\203f\303*\312\002 i\212\372th\245\353\303\376\010q\302\223W\306\274\307n\310Y\205\346\026z/\3453\356 RO\334""; ","validation: """"\200\000\000\001&\000\000\000\004)/\352\224\001:v|\203\267)\257\206\032Q\241'\332/+\360Bx\036+\210j\237K%\340]\246E\2434\264K\036\030qP\317\315\336\325\007P\027\000\000\000\000\000\000\000\000\000\000\000\000\000\000\000\000\000\000\000\000\000\000\000\000\000\000\000\000\000\000\000\000P\031T\270\242(,&\233\326\374o\306[\235\317>\021e\005s\261\371l\216\017\003\032\017J\217\244W<s!\003.\200\224\215?)t\306\315\242\313\251\255\302\204=\232.\271%}\013\024s\024\002@\216l""\241FvG0E\002!\000\204\352\232*\251}\365I!\277\303\220\265s5s\311\300;S\302\014\362'B\260C\203f\303*\312\002 i\212\372th\245\353\303\376\010q\302\223W\306\274\307n\310Y\205\346\026z/\3453\356 RO\334""; "
1750587267360,1750587267360,3414,1,0,2,TMGetLedger,"itype: liTS_CANDIDATE; ledgerHash: ""u\315\243\367\211\2625\240r:n\277\003\026\366\353'\216jy9\\001\220\223~\341j\254O\025\257""; nodeIDs: ""\000\000\000\000\000\000\000\000\000\000\000\000\000\000\000\000\000\000\000\000\000\000\000\000\000\000\000\000\000\000\000\000\000""; queryType: qtINDIRECT; queryDepth: 3; ","itype: liTS_CANDIDATE; ledgerHash: ""u\315\243\367\211\2625\240r:n\277\003\026\366\353'\216jy9\\001\220\223~\341j\254O\025\257""; nodeIDs: ""\000\000\000\000\000\000\000\000\000\000\000\000\000\000\000\000\000\000\000\000\000\000\000\000\000\000\000\000\000\000\000\000\000""; queryType: qtINDIRECT; queryDepth: 3; "
1750587267361,1750587267361,1764,1,0,3,TMGetLedger,"itype: liTS_CANDIDATE; ledgerHash: ""u\315\243\367\211\2625\240r:n\277\003\026\366\353'\216jy9\\001\220\223~\341j\254O\025\257""; nodeIDs: ""\000\000\000\000\000\000\000\000\000\000\000\000\000\000\000\000\000\000\000\000\000\000\000\000\000\000\000\000\000\000\000\000\000""; queryType: qtINDIRECT; queryDepth: 3; ","itype: liTS_CANDIDATE; ledgerHash: ""u\315\243\367\211\2625\240r:n\277\003\026\366\353'\216jy9\\001\220\223~\341j\254O\025\257""; nodeIDs: ""\000\000\000\000\000\000\000\000\000\000\000\000\000\000\000\000\000\000\000\000\000\000\000\000\000\000\000\000\000\000\000\000\000""; queryType: qtINDIRECT; queryDepth: 3; "
1750587267361,1750587267361,393,1,0,1,TMGetLedger,"itype: liTS_CANDIDATE; ledgerHash: ""u\315\243\367\211\2625\240r:n\277\003\026\366\353'\216jy9\\001\220\223~\341j\254O\025\257""; nodeIDs: ""\000\000\000\000\000\000\000\000\000\000\000\000\000\000\000\000\000\000\000\000\000\000\000\000\000\000\000\000\000\000\000\000\000""; queryType: qtINDIRECT; queryDepth: 3; ","itype: liTS_CANDIDATE; ledgerHash: ""u\315\243\367\211\2625\240r:n\277\003\026\366\353'\216jy9\\001\220\223~\341j\254O\025\257""; nodeIDs: ""\000\000\000\000\000\000\000\000\000\000\000\000\000\000\000\000\000\000\000\000\000\000\000\000\000\000\000\000\000\000\000\000\000""; queryType: qtINDIRECT; queryDepth: 3; "
1750587267361,1750587267361,1466,1,0,4,TMGetLedger,"itype: liTS_CANDIDATE; ledgerHash: ""u\315\243\367\211\2625\240r:n\277\003\026\366\353'\216jy9\\001\220\223~\341j\254O\025\257""; nodeIDs: ""\000\000\000\000\000\000\000\000\000\000\000\000\000\000\000\000\000\000\000\000\000\000\000\000\000\000\000\000\000\000\000\000\000""; queryType: qtINDIRECT; queryDepth: 3; ","itype: liTS_CANDIDATE; ledgerHash: ""u\315\243\367\211\2625\240r:n\277\003\026\366\353'\216jy9\\001\220\223~\341j\254O\025\257""; nodeIDs: ""\000\000\000\000\000\000\000\000\000\000\000\000\000\000\000\000\000\000\000\000\000\000\000\000\000\000\000\000\000\000\000\000\000""; queryType: qtINDIRECT; queryDepth: 3; "
1750587267431,1750587267431,1836,1,1,3,TMHaveTransactionSet,"status: tsHAVE; hash: ""8h\232\211g)\354\005\246\256XI\265J\214\312}\261\211y\355]\0228j\360\0224\003\021%\014""; ","status: tsHAVE; hash: ""8h\232\211g)\354\005\246\256XI\265J\214\312}\261\211y\355]\0228j\360\0224\003\021%\014""; "
1750587267433,1750587267433,3383,1,1,4,TMHaveTransactionSet,"status: tsHAVE; hash: ""8h\232\211g)\354\005\246\256XI\265J\214\312}\261\211y\355]\0228j\360\0224\003\021%\014""; ","status: tsHAVE; hash: ""8h\232\211g)\354\005\246\256XI\265J\214\312}\261\211y\355]\0228j\360\0224\003\021%\014""; "
1750587267434,1750587267434,3375,1,1,4,TMProposeSet,"proposeSeq: 0; currentTxHash: ""8h\232\211g)\354\005\246\256XI\265J\214\312}\261\211y\355]\0228j\360\0224\003\021%\014""; nodePubKey: ""\003\343\005\311u\203\370\0338\3174\324\010\006\301\251\177\261\304eOX\262)FA-\022r\263wm\024""; closeTime: 803902467; signature: ""0D\002 A\233Z7\r\213\271\303*6\206b\314\036p>\235M\216\200\357\302CLo\2133\272\212\200c\243\002 Y\343\002\231\373\202\216.\341;\257\313y\214\255\260\247\317i-vSs\014\242\260E*\346\367\241j""; previousledger: ""\241'\332/+\360Bx\036+\210j\237K%\340]\246E\2434\264K\036\030qP\317\315\336\325\007""; ","proposeSeq: 0; currentTxHash: ""8h\232\211g)\354\005\246\256XI\265J\214\312}\261\211y\355]\0228j\360\0224\003\021%\014""; nodePubKey: ""\003\343\005\311u\203\370\0338\3174\324\010\006\301\251\177\261\304eOX\262)FA-\022r\263wm\024""; closeTime: 803902467; signature: ""0D\002 A\233Z7\r\213\271\303*6\206b\314\036p>\235M\216\200\357\302CLo\2133\272\212\200c\243\002 Y\343\002\231\373\202\216.\341;\257\313y\214\255\260\247\317i-vSs\014\242\260E*\346\367\241j""; previousledger: ""\241'\332/+\360Bx\036+\210j\237K%\340]\246E\2434\264K\036\030qP\317\315\336\325\007""; "
1750587267435,1750587267435,3538,1,1,3,TMProposeSet,"proposeSeq: 0; currentTxHash: ""8h\232\211g)\354\005\246\256XI\265J\214\312}\261\211y\355]\0228j\360\0224\003\021%\014""; nodePubKey: ""\003\343\005\311u\203\370\0338\3174\324\010\006\301\251\177\261\304eOX\262)FA-\022r\263wm\024""; closeTime: 803902467; signature: ""0D\002 A\233Z7\r\213\271\303*6\206b\314\036p>\235M\216\200\357\302CLo\2133\272\212\200c\243\002 Y\343\002\231\373\202\216.\341;\257\313y\214\255\260\247\317i-vSs\014\242\260E*\346\367\241j""; previousledger: ""\241'\332/+\360Bx\036+\210j\237K%\340]\246E\2434\264K\036\030qP\317\315\336\325\007""; ","proposeSeq: 0; currentTxHash: ""8h\232\211g)\354\005\246\256XI\265J\214\312}\261\211y\355]\0228j\360\0224\003\021%\014""; nodePubKey: ""\003\343\005\311u\203\370\0338\3174\324\010\006\301\251\177\261\304eOX\262)FA-\022r\263wm\024""; closeTime: 803902467; signature: ""0D\002 A\233Z7\r\213\271\303*6\206b\314\036p>\235M\216\200\357\302CLo\2133\272\212\200c\243\002 Y\343\002\231\373\202\216.\341;\257\313y\214\255\260\247\317i-vSs\014\242\260E*\346\367\241j""; previousledger: ""\241'\332/+\360Bx\036+\210j\237K%\340]\246E\2434\264K\036\030qP\317\315\336\325\007""; "
1750587267437,1750587267437,926,1,1,0,TMProposeSet,"proposeSeq: 0; currentTxHash: ""8h\232\211g)\354\005\246\256XI\265J\214\312}\261\211y\355]\0228j\360\0224\003\021%\014""; nodePubKey: ""\003\343\005\311u\203\370\0338\3174\324\010\006\301\251\177\261\304eOX\262)FA-\022r\263wm\024""; closeTime: 803902467; signature: ""0D\002 A\233Z7\r\213\271\303*6\206b\314\036p>\235M\216\200\357\302CLo\2133\272\212\200c\243\002 Y\343\002\231\373\202\216.\341;\257\313y\214\255\260\247\317i-vSs\014\242\260E*\346\367\241j""; previousledger: ""\241'\332/+\360Bx\036+\210j\237K%\340]\246E\2434\264K\036\030qP\317\315\336\325\007""; ","proposeSeq: 0; currentTxHash: ""8h\232\211g)\354\005\246\256XI\265J\214\312}\261\211y\355]\0228j\360\0224\003\021%\014""; nodePubKey: ""\003\343\005\311u\203\370\0338\3174\324\010\006\301\251\177\261\304eOX\262)FA-\022r\263wm\024""; closeTime: 803902467; signature: ""0D\002 A\233Z7\r\213\271\303*6\206b\314\036p>\235M\216\200\357\302CLo\2133\272\212\200c\243\002 Y\343\002\231\373\202\216.\341;\257\313y\214\255\260\247\317i-vSs\014\242\260E*\346\367\241j""; previousledger: ""\241'\332/+\360Bx\036+\210j\237K%\340]\246E\2434\264K\036\030qP\317\315\336\325\007""; "
1750587267438,1750587267438,1799,1,1,2,TMProposeSet,"proposeSeq: 0; currentTxHash: ""8h\232\211g)\354\005\246\256XI\265J\214\312}\261\211y\355]\0228j\360\0224\003\021%\014""; nodePubKey: ""\003\343\005\311u\203\370\0338\3174\324\010\006\301\251\177\261\304eOX\262)FA-\022r\263wm\024""; closeTime: 803902467; signature: ""0D\002 A\233Z7\r\213\271\303*6\206b\314\036p>\235M\216\200\357\302CLo\2133\272\212\200c\243\002 Y\343\002\231\373\202\216.\341;\257\313y\214\255\260\247\317i-vSs\014\242\260E*\346\367\241j""; previousledger: ""\241'\332/+\360Bx\036+\210j\237K%\340]\246E\2434\264K\036\030qP\317\315\336\325\007""; ","proposeSeq: 0; currentTxHash: ""8h\232\211g)\354\005\246\256XI\265J\214\312}\261\211y\355]\0228j\360\0224\003\021%\014""; nodePubKey: ""\003\343\005\311u\203\370\0338\3174\324\010\006\301\251\177\261\304eOX\262)FA-\022r\263wm\024""; closeTime: 803902467; signature: ""0D\002 A\233Z7\r\213\271\303*6\206b\314\036p>\235M\216\200\357\302CLo\2133\272\212\200c\243\002 Y\343\002\231\373\202\216.\341;\257\313y\214\255\260\247\317i-vSs\014\242\260E*\346\367\241j""; previousledger: ""\241'\332/+\360Bx\036+\210j\237K%\340]\246E\2434\264K\036\030qP\317\315\336\325\007""; "
1750587267437,1750587267438,3053,1,1,2,TMHaveTransactionSet,"status: tsHAVE; hash: ""8h\232\211g)\354\005\246\256XI\265J\214\312}\261\211y\355]\0228j\360\0224\003\021%\014""; ","status: tsHAVE; hash: ""8h\232\211g)\354\005\246\256XI\265J\214\312}\261\211y\355]\0228j\360\0224\003\021%\014""; "
1750587267437,1750587267437,361,1,1,0,TMHaveTransactionSet,"status: tsHAVE; hash: ""8h\232\211g)\354\005\246\256XI\265J\214\312}\261\211y\355]\0228j\360\0224\003\021%\014""; ","status: tsHAVE; hash: ""8h\232\211g)\354\005\246\256XI\265J\214\312}\261\211y\355]\0228j\360\0224\003\021%\014""; "
1750587267431,1750587267503,1020,1,1,3,TMStatusChange,"newEvent: neCLOSING_LEDGER; ledgerSeq: 4; ledgerHash: ""\241'\332/+\360Bx\036+\210j\237K%\340]\246E\2434\264K\036\030qP\317\315\336\325\007""; ledgerHashPrevious: ""T\270\242(,&\233\326\374o\306[\235\317>\021e\005s\261\371l\216\017\003\032\017J\217\244W<""; networkTime: 803902467; firstSeq: 1; lastSeq: 4; ","newEvent: neCLOSING_LEDGER; ledgerSeq: 4; ledgerHash: ""\241'\332/+\360Bx\036+\210j\237K%\340]\246E\2434\264K\036\030qP\317\315\336\325\007""; ledgerHashPrevious: ""T\270\242(,&\233\326\374o\306[\235\317>\021e\005s\261\371l\216\017\003\032\017J\217\244W<""; networkTime: 803902467; firstSeq: 1; lastSeq: 4; "
1750587267436,1750587267504,1862,1,1,0,TMStatusChange,"newEvent: neCLOSING_LEDGER; ledgerSeq: 4; ledgerHash: ""\241'\332/+\360Bx\036+\210j\237K%\340]\246E\2434\264K\036\030qP\317\315\336\325\007""; ledgerHashPrevious: ""T\270\242(,&\233\326\374o\306[\235\317>\021e\005s\261\371l\216\017\003\032\017J\217\244W<""; networkTime: 803902467; firstSeq: 1; lastSeq: 4; ","newEvent: neCLOSING_LEDGER; ledgerSeq: 4; ledgerHash: ""\241'\332/+\360Bx\036+\210j\237K%\340]\246E\2434\264K\036\030qP\317\315\336\325\007""; ledgerHashPrevious: ""T\270\242(,&\233\326\374o\306[\235\317>\021e\005s\261\371l\216\017\003\032\017J\217\244W<""; networkTime: 803902467; firstSeq: 1; lastSeq: 4; "
1750587267433,1750587267504,3522,1,1,4,TMStatusChange,"newEvent: neCLOSING_LEDGER; ledgerSeq: 4; ledgerHash: ""\241'\332/+\360Bx\036+\210j\237K%\340]\246E\2434\264K\036\030qP\317\315\336\325\007""; ledgerHashPrevious: ""T\270\242(,&\233\326\374o\306[\235\317>\021e\005s\261\371l\216\017\003\032\017J\217\244W<""; networkTime: 803902467; firstSeq: 1; lastSeq: 4; ","newEvent: neCLOSING_LEDGER; ledgerSeq: 4; ledgerHash: ""\241'\332/+\360Bx\036+\210j\237K%\340]\246E\2434\264K\036\030qP\317\315\336\325\007""; ledgerHashPrevious: ""T\270\242(,&\233\326\374o\306[\235\317>\021e\005s\261\371l\216\017\003\032\017J\217\244W<""; networkTime: 803902467; firstSeq: 1; lastSeq: 4; "
1750587267436,1750587267505,961,1,1,2,TMStatusChange,"newEvent: neCLOSING_LEDGER; ledgerSeq: 4; ledgerHash: ""\241'\332/+\360Bx\036+\210j\237K%\340]\246E\2434\264K\036\030qP\317\315\336\325\007""; ledgerHashPrevious: ""T\270\242(,&\233\326\374o\306[\235\317>\021e\005s\261\371l\216\017\003\032\017J\217\244W<""; networkTime: 803902467; firstSeq: 1; lastSeq: 4; ","newEvent: neCLOSING_LEDGER; ledgerSeq: 4; ledgerHash: ""\241'\332/+\360Bx\036+\210j\237K%\340]\246E\2434\264K\036\030qP\317\315\336\325\007""; ledgerHashPrevious: ""T\270\242(,&\233\326\374o\306[\235\317>\021e\005s\261\371l\216\017\003\032\017J\217\244W<""; networkTime: 803902467; firstSeq: 1; lastSeq: 4; "
1750587267506,1750587267506,2142,1,3,1,TMGetLedger,"itype: liTS_CANDIDATE; ledgerHash: ""u\315\243\367\211\2625\240r:n\277\003\026\366\353'\216jy9\\001\220\223~\341j\254O\025\257""; nodeIDs: ""\000\000\000\000\000\000\000\000\000\000\000\000\000\000\000\000\000\000\000\000\000\000\000\000\000\000\000\000\000\000\000\000\000""; queryType: qtINDIRECT; queryDepth: 3; ","itype: liTS_CANDIDATE; ledgerHash: ""u\315\243\367\211\2625\240r:n\277\003\026\366\353'\216jy9\\001\220\223~\341j\254O\025\257""; nodeIDs: ""\000\000\000\000\000\000\000\000\000\000\000\000\000\000\000\000\000\000\000\000\000\000\000\000\000\000\000\000\000\000\000\000\000""; queryType: qtINDIRECT; queryDepth: 3; "
1750587267508,1750587267508,1136,1,3,0,TMGetLedger,"itype: liTS_CANDIDATE; ledgerHash: ""u\315\243\367\211\2625\240r:n\277\003\026\366\353'\216jy9\\001\220\223~\341j\254O\025\257""; nodeIDs: ""\000\000\000\000\000\000\000\000\000\000\000\000\000\000\000\000\000\000\000\000\000\000\000\000\000\000\000\000\000\000\000\000\000""; queryType: qtINDIRECT; queryDepth: 3; ","itype: liTS_CANDIDATE; ledgerHash: ""u\315\243\367\211\2625\240r:n\277\003\026\366\353'\216jy9\\001\220\223~\341j\254O\025\257""; nodeIDs: ""\000\000\000\000\000\000\000\000\000\000\000\000\000\000\000\000\000\000\000\000\000\000\000\000\000\000\000\000\000\000\000\000\000""; queryType: qtINDIRECT; queryDepth: 3; "
1750587267509,1750587267510,3118,1,3,4,TMGetLedger,"itype: liTS_CANDIDATE; ledgerHash: ""u\315\243\367\211\2625\240r:n\277\003\026\366\353'\216jy9\\001\220\223~\341j\254O\025\257""; nodeIDs: ""\000\000\000\000\000\000\000\000\000\000\000\000\000\000\000\000\000\000\000\000\000\000\000\000\000\000\000\000\000\000\000\000\000""; queryType: qtINDIRECT; queryDepth: 3; ","itype: liTS_CANDIDATE; ledgerHash: ""u\315\243\367\211\2625\240r:n\277\003\026\366\353'\216jy9\\001\220\223~\341j\254O\025\257""; nodeIDs: ""\000\000\000\000\000\000\000\000\000\000\000\000\000\000\000\000\000\000\000\000\000\000\000\000\000\000\000\000\000\000\000\000\000""; queryType: qtINDIRECT; queryDepth: 3; "
1750587267511,1750587267511,1590,1,3,2,TMGetLedger,"itype: liTS_CANDIDATE; ledgerHash: ""u\315\243\367\211\2625\240r:n\277\003\026\366\353'\216jy9\\001\220\223~\341j\254O\025\257""; nodeIDs: ""\000\000\000\000\000\000\000\000\000\000\000\000\000\000\000\000\000\000\000\000\000\000\000\000\000\000\000\000\000\000\000\000\000""; queryType: qtINDIRECT; queryDepth: 3; ","itype: liTS_CANDIDATE; ledgerHash: ""u\315\243\367\211\2625\240r:n\277\003\026\366\353'\216jy9\\001\220\223~\341j\254O\025\257""; nodeIDs: ""\000\000\000\000\000\000\000\000\000\000\000\000\000\000\000\000\000\000\000\000\000\000\000\000\000\000\000\000\000\000\000\000\000""; queryType: qtINDIRECT; queryDepth: 3; "
1750587267512,1750587267512,2655,1,1,0,TMLedgerData,"ledgerHash: ""u\315\243\367\211\2625\240r:n\277\003\026\366\353'\216jy9\\001\220\223~\341j\254O\025\257""; ledgerSeq: 0; type: liTS_CANDIDATE; nodes {;   nodedata: ""\246C\232\272\013^\241\340~\030'\005/\234\037\355\231\230\017\266\365\303w\360\273\374\234\362S:\270\023\n\003"";   nodeid: ""\000\000\000\000\000\000\000\000\000\000\000\000\000\000\000\000\000\000\000\000\000\000\000\000\000\000\000\000\000\000\000\000\000""; }; ","ledgerHash: ""u\315\243\367\211\2625\240r:n\277\003\026\366\353'\216jy9\\001\220\223~\341j\254O\025\257""; ledgerSeq: 0; type: liTS_CANDIDATE; nodes {;   nodedata: ""\246C\232\272\013^\241\340~\030'\005/\234\037\355\231\230\017\266\365\303w\360\273\374\234\362S:\270\023\n\003"";   nodeid: ""\000\000\000\000\000\000\000\000\000\000\000\000\000\000\000\000\000\000\000\000\000\000\000\000\000\000\000\000\000\000\000\000\000""; }; "
1750587267595,1750587267595,342,1,2,1,TMGetLedger,"itype: liTS_CANDIDATE; ledgerHash: ""u\315\243\367\211\2625\240r:n\277\003\026\366\353'\216jy9\\001\220\223~\341j\254O\025\257""; nodeIDs: ""\000\000\000\000\000\000\000\000\000\000\000\000\000\000\000\000\000\000\000\000\000\000\000\000\000\000\000\000\000\000\000\000\000""; requestCookie: 4; queryType: qtINDIRECT; queryDepth: 3; ","itype: liTS_CANDIDATE; ledgerHash: ""u\315\243\367\211\2625\240r:n\277\003\026\366\353'\216jy9\\001\220\223~\341j\254O\025\257""; nodeIDs: ""\000\000\000\000\000\000\000\000\000\000\000\000\000\000\000\000\000\000\000\000\000\000\000\000\000\000\000\000\000\000\000\000\000""; requestCookie: 4; queryType: qtINDIRECT; queryDepth: 3; "
1750587267610,1750587267610,393,1,0,1,TMGetLedger,"itype: liTS_CANDIDATE; ledgerHash: ""u\315\243\367\211\2625\240r:n\277\003\026\366\353'\216jy9\\001\220\223~\341j\254O\025\257""; nodeIDs: ""\000\000\000\000\000\000\000\000\000\000\000\000\000\000\000\000\000\000\000\000\000\000\000\000\000\000\000\000\000\000\000\000\000""; queryType: qtINDIRECT; queryDepth: 3; ","itype: liTS_CANDIDATE; ledgerHash: ""u\315\243\367\211\2625\240r:n\277\003\026\366\353'\216jy9\\001\220\223~\341j\254O\025\257""; nodeIDs: ""\000\000\000\000\000\000\000\000\000\000\000\000\000\000\000\000\000\000\000\000\000\000\000\000\000\000\000\000\000\000\000\000\000""; queryType: qtINDIRECT; queryDepth: 3; "
1750587267611,1750587267611,3414,1,0,2,TMGetLedger,"itype: liTS_CANDIDATE; ledgerHash: ""u\315\243\367\211\2625\240r:n\277\003\026\366\353'\216jy9\\001\220\223~\341j\254O\025\257""; nodeIDs: ""\000\000\000\000\000\000\000\000\000\000\000\000\000\000\000\000\000\000\000\000\000\000\000\000\000\000\000\000\000\000\000\000\000""; queryType: qtINDIRECT; queryDepth: 3; ","itype: liTS_CANDIDATE; ledgerHash: ""u\315\243\367\211\2625\240r:n\277\003\026\366\353'\216jy9\\001\220\223~\341j\254O\025\257""; nodeIDs: ""\000\000\000\000\000\000\000\000\000\000\000\000\000\000\000\000\000\000\000\000\000\000\000\000\000\000\000\000\000\000\000\000\000""; queryType: qtINDIRECT; queryDepth: 3; "
1750587267611,1750587267611,1466,1,0,4,TMGetLedger,"itype: liTS_CANDIDATE; ledgerHash: ""u\315\243\367\211\2625\240r:n\277\003\026\366\353'\216jy9\\001\220\223~\341j\254O\025\257""; nodeIDs: ""\000\000\000\000\000\000\000\000\000\000\000\000\000\000\000\000\000\000\000\000\000\000\000\000\000\000\000\000\000\000\000\000\000""; queryType: qtINDIRECT; queryDepth: 3; ","itype: liTS_CANDIDATE; ledgerHash: ""u\315\243\367\211\2625\240r:n\277\003\026\366\353'\216jy9\\001\220\223~\341j\254O\025\257""; nodeIDs: ""\000\000\000\000\000\000\000\000\000\000\000\000\000\000\000\000\000\000\000\000\000\000\000\000\000\000\000\000\000\000\000\000\000""; queryType: qtINDIRECT; queryDepth: 3; "
1750587267611,1750587267611,1764,1,0,3,TMGetLedger,"itype: liTS_CANDIDATE; ledgerHash: ""u\315\243\367\211\2625\240r:n\277\003\026\366\353'\216jy9\\001\220\223~\341j\254O\025\257""; nodeIDs: ""\000\000\000\000\000\000\000\000\000\000\000\000\000\000\000\000\000\000\000\000\000\000\000\000\000\000\000\000\000\000\000\000\000""; queryType: qtINDIRECT; queryDepth: 3; ","itype: liTS_CANDIDATE; ledgerHash: ""u\315\243\367\211\2625\240r:n\277\003\026\366\353'\216jy9\\001\220\223~\341j\254O\025\257""; nodeIDs: ""\000\000\000\000\000\000\000\000\000\000\000\000\000\000\000\000\000\000\000\000\000\000\000\000\000\000\000\000\000\000\000\000\000""; queryType: qtINDIRECT; queryDepth: 3; "
1750587267646,1750587267646,1357,1,4,3,TMValidation,"validation: """"\200\000\000\001&\000\000\000\004)/\352\224\001:\211l\014`\252m\212dQ\241'\332/+\360Bx\036+\210j\237K%\340]\246E\2434\264K\036\030qP\317\315\336\325\007P\027\000\000\000\000\000\000\000\000\000\000\000\000\000\000\000\000\000\000\000\000\000\000\000\000\000\000\000\000\000\000\000\000P\031T\270\242(,&\233\326\374o\306[\235\317>\021e\005s\261\371l\216\017\003\032\017J\217\244W<s!\003\325Q\255\224\274R@\312\253\262\347\352\034\346\347\242\215,\312\376=\277\353{\350\225\301\305`^, vG0E\002!\000\346\246\323\357, t+\031=\312H>\220\023\373\325\340fO \177e\302b|\246\003V\021\030\006\002 \000\232,\262\353\331\326\355'\310\362^-#l\215\323i\201\217n2\250\245R>b\266#\376\234M""; ","validation: """"\200\000\000\001&\000\000\000\004)/\352\224\001:\211l\014`\252m\212dQ\241'\332/+\360Bx\036+\210j\237K%\340]\246E\2434\264K\036\030qP\317\315\336\325\007P\027\000\000\000\000\000\000\000\000\000\000\000\000\000\000\000\000\000\000\000\000\000\000\000\000\000\000\000\000\000\000\000\000P\031T\270\242(,&\233\326\374o\306[\235\317>\021e\005s\261\371l\216\017\003\032\017J\217\244W<s!\003\325Q\255\224\274R@\312\253\262\347\352\034\346\347\242\215,\312\376=\277\353{\350\225\301\305`^, vG0E\002!\000\346\246\323\357, t+\031=\312H>\220\023\373\325\340fO \177e\302b|\246\003V\021\030\006\002 \000\232,\262\353\331\326\355'\310\362^-#l\215\323i\201\217n2\250\245R>b\266#\376\234M""; "
1750587267646,1750587267646,2819,1,4,1,TMValidation,"validation: """"\200\000\000\001&\000\000\000\004)/\352\224\001:\211l\014`\252m\212dQ\241'\332/+\360Bx\036+\210j\237K%\340]\246E\2434\264K\036\030qP\317\315\336\325\007P\027\000\000\000\000\000\000\000\000\000\000\000\000\000\000\000\000\000\000\000\000\000\000\000\000\000\000\000\000\000\000\000\000P\031T\270\242(,&\233\326\374o\306[\235\317>\021e\005s\261\371l\216\017\003\032\017J\217\244W<s!\003\325Q\255\224\274R@\312\253\262\347\352\034\346\347\242\215,\312\376=\277\353{\350\225\301\305`^, vG0E\002!\000\346\246\323\357, t+\031=\312H>\220\023\373\325\340fO \177e\302b|\246\003V\021\030\006\002 \000\232,\262\353\331\326\355'\310\362^-#l\215\323i\201\217n2\250\245R>b\266#\376\234M""; ","validation: """"\200\000\000\001&\000\000\000\004)/\352\224\001:\211l\014`\252m\212dQ\241'\332/+\360Bx\036+\210j\237K%\340]\246E\2434\264K\036\030qP\317\315\336\325\007P\027\000\000\000\000\000\000\000\000\000\000\000\000\000\000\000\000\000\000\000\000\000\000\000\000\000\000\000\000\000\000\000\000P\031T\270\242(,&\233\326\374o\306[\235\317>\021e\005s\261\371l\216\017\003\032\017J\217\244W<s!\003\325Q\255\224\274R@\312\253\262\347\352\034\346\347\242\215,\312\376=\277\353{\350\225\301\305`^, vG0E\002!\000\346\246\323\357, t+\031=\312H>\220\023\373\325\340fO \177e\302b|\246\003V\021\030\006\002 \000\232,\262\353\331\326\355'\310\362^-#l\215\323i\201\217n2\250\245R>b\266#\376\234M""; "
1750587267647,1750587267647,1399,1,1,3,TMLedgerData,"ledgerHash: ""u\315\243\367\211\2625\240r:n\277\003\026\366\353'\216jy9\\001\220\223~\341j\254O\025\257""; ledgerSeq: 0; type: liTS_CANDIDATE; nodes {;   nodedata: ""\246C\232\272\013^\241\340~\030'\005/\234\037\355\231\230\017\266\365\303w\360\273\374\234\362S:\270\023\n\003"";   nodeid: ""\000\000\000\000\000\000\000\000\000\000\000\000\000\000\000\000\000\000\000\000\000\000\000\000\000\000\000\000\000\000\000\000\000""; }; ","ledgerHash: ""u\315\243\367\211\2625\240r:n\277\003\026\366\353'\216jy9\\001\220\223~\341j\254O\025\257""; ledgerSeq: 0; type: liTS_CANDIDATE; nodes {;   nodedata: ""\246C\232\272\013^\241\340~\030'\005/\234\037\355\231\230\017\266\365\303w\360\273\374\234\362S:\270\023\n\003"";   nodeid: ""\000\000\000\000\000\000\000\000\000\000\000\000\000\000\000\000\000\000\000\000\000\000\000\000\000\000\000\000\000\000\000\000\000""; }; "
1750587267647,1750587267647,3559,1,4,0,TMValidation,"validation: """"\200\000\000\001&\000\000\000\004)/\352\224\001:\211l\014`\252m\212dQ\241'\332/+\360Bx\036+\210j\237K%\340]\246E\2434\264K\036\030qP\317\315\336\325\007P\027\000\000\000\000\000\000\000\000\000\000\000\000\000\000\000\000\000\000\000\000\000\000\000\000\000\000\000\000\000\000\000\000P\031T\270\242(,&\233\326\374o\306[\235\317>\021e\005s\261\371l\216\017\003\032\017J\217\244W<s!\003\325Q\255\224\274R@\312\253\262\347\352\034\346\347\242\215,\312\376=\277\353{\350\225\301\305`^, vG0E\002!\000\346\246\323\357, t+\031=\312H>\220\023\373\325\340fO \177e\302b|\246\003V\021\030\006\002 \000\232,\262\353\331\326\355'\310\362^-#l\215\323i\201\217n2\250\245R>b\266#\376\234M""; ","validation: """"\200\000\000\001&\000\000\000\004)/\352\224\001:\211l\014`\252m\212dQ\241'\332/+\360Bx\036+\210j\237K%\340]\246E\2434\264K\036\030qP\317\315\336\325\007P\027\000\000\000\000\000\000\000\000\000\000\000\000\000\000\000\000\000\000\000\000\000\000\000\000\000\000\000\000\000\000\000\000P\031T\270\242(,&\233\326\374o\306[\235\317>\021e\005s\261\371l\216\017\003\032\017J\217\244W<s!\003\325Q\255\224\274R@\312\253\262\347\352\034\346\347\242\215,\312\376=\277\353{\350\225\301\305`^, vG0E\002!\000\346\246\323\357, t+\031=\312H>\220\023\373\325\340fO \177e\302b|\246\003V\021\030\006\002 \000\232,\262\353\331\326\355'\310\362^-#l\215\323i\201\217n2\250\245R>b\266#\376\234M""; "
1750587267654,1750587267654,393,1,0,1,TMGetLedger,"itype: liTS_CANDIDATE; ledgerHash: ""u\315\243\367\211\2625\240r:n\277\003\026\366\353'\216jy9\\001\220\223~\341j\254O\025\257""; nodeIDs: ""\000\000\000\000\000\000\000\000\000\000\000\000\000\000\000\000\000\000\000\000\000\000\000\000\000\000\000\000\000\000\000\000\000""; requestCookie: 4; queryType: qtINDIRECT; queryDepth: 3; ","itype: liTS_CANDIDATE; ledgerHash: ""u\315\243\367\211\2625\240r:n\277\003\026\366\353'\216jy9\\001\220\223~\341j\254O\025\257""; nodeIDs: ""\000\000\000\000\000\000\000\000\000\000\000\000\000\000\000\000\000\000\000\000\000\000\000\000\000\000\000\000\000\000\000\000\000""; requestCookie: 4; queryType: qtINDIRECT; queryDepth: 3; "
1750587267669,1750587267669,3501,1,3,4,TMValidation,"validation: """"\200\000\000\001&\000\000\000\004)/\352\224\001:Q\231\304\227'3\313\030Q\241'\332/+\360Bx\036+\210j\237K%\340]\246E\2434\264K\036\030qP\317\315\336\325\007P\027\000\000\000\000\000\000\000\000\000\000\000\000\000\000\000\000\000\000\000\000\000\000\000\000\000\000\000\000\000\000\000\000P\031T\270\242(,&\233\326\374o\306[\235\317>\021e\005s\261\371l\216\017\003\032\017J\217\244W<s!\003ql\302)\235\321\t\213\224\356\374%%\311\327\037\374\304\t\335\2359\344\233\035]\347<u\236\364\222vG0E\002!\000\373\375`]\006\263A\371\324\0350H\202=\272\026\314\307dx\027\275\nv\363\355I\366\270z\374\366\002 Z\022!!\376\250=\256\250A\274{?\025\232\244\244 \027\262\022K%\351\314\336\374\257\204\340f\003""; ","validation: """"\200\000\000\001&\000\000\000\004)/\352\224\001:Q\231\304\227'3\313\030Q\241'\332/+\360Bx\036+\210j\237K%\340]\246E\2434\264K\036\030qP\317\315\336\325\007P\027\000\000\000\000\000\000\000\000\000\000\000\000\000\000\000\000\000\000\000\000\000\000\000\000\000\000\000\000\000\000\000\000P\031T\270\242(,&\233\326\374o\306[\235\317>\021e\005s\261\371l\216\017\003\032\017J\217\244W<s!\003ql\302)\235\321\t\213\224\356\374%%\311\327\037\374\304\t\335\2359\344\233\035]\347<u\236\364\222vG0E\002!\000\373\375`]\006\263A\371\324\0350H\202=\272\026\314\307dx\027\275\nv\363\355I\366\270z\374\366\002 Z\022!!\376\250=\256\250A\274{?\025\232\244\244 \027\262\022K%\351\314\336\374\257\204\340f\003""; "
1750587267669,1750587267669,734,1,3,2,TMValidation,"validation: """"\200\000\000\001&\000\000\000\004)/\352\224\001:Q\231\304\227'3\313\030Q\241'\332/+\360Bx\036+\210j\237K%\340]\246E\2434\264K\036\030qP\317\315\336\325\007P\027\000\000\000\000\000\000\000\000\000\000\000\000\000\000\000\000\000\000\000\000\000\000\000\000\000\000\000\000\000\000\000\000P\031T\270\242(,&\233\326\374o\306[\235\317>\021e\005s\261\371l\216\017\003\032\017J\217\244W<s!\003ql\302)\235\321\t\213\224\356\374%%\311\327\037\374\304\t\335\2359\344\233\035]\347<u\236\364\222vG0E\002!\000\373\375`]\006\263A\371\324\0350H\202=\272\026\314\307dx\027\275\nv\363\355I\366\270z\374\366\002 Z\022!!\376\250=\256\250A\274{?\025\232\244\244 \027\262\022K%\351\314\336\374\257\204\340f\003""; ","validation: """"\200\000\000\001&\000\000\000\004)/\352\224\001:Q\231\304\227'3\313\030Q\241'\332/+\360Bx\036+\210j\237K%\340]\246E\2434\264K\036\030qP\317\315\336\325\007P\027\000\000\000\000\000\000\000\000\000\000\000\000\000\000\000\000\000\000\000\000\000\000\000\000\000\000\000\000\000\000\000\000P\031T\270\242(,&\233\326\374o\306[\235\317>\021e\005s\261\371l\216\017\003\032\017J\217\244W<s!\003ql\302)\235\321\t\213\224\356\374%%\311\327\037\374\304\t\335\2359\344\233\035]\347<u\236\364\222vG0E\002!\000\373\375`]\006\263A\371\324\0350H\202=\272\026\314\307dx\027\275\nv\363\355I\366\270z\374\366\002 Z\022!!\376\250=\256\250A\274{?\025\232\244\244 \027\262\022K%\351\314\336\374\257\204\340f\003""; "
1750587267670,1750587267670,3767,1,3,0,TMValidation,"validation: """"\200\000\000\001&\000\000\000\004)/\352\224\001:Q\231\304\227'3\313\030Q\241'\332/+\360Bx\036+\210j\237K%\340]\246E\2434\264K\036\030qP\317\315\336\325\007P\027\000\000\000\000\000\000\000\000\000\000\000\000\000\000\000\000\000\000\000\000\000\000\000\000\000\000\000\000\000\000\000\000P\031T\270\242(,&\233\326\374o\306[\235\317>\021e\005s\261\371l\216\017\003\032\017J\217\244W<s!\003ql\302)\235\321\t\213\224\356\374%%\311\327\037\374\304\t\335\2359\344\233\035]\347<u\236\364\222vG0E\002!\000\373\375`]\006\263A\371\324\0350H\202=\272\026\314\307dx\027\275\nv\363\355I\366\270z\374\366\002 Z\022!!\376\250=\256\250A\274{?\025\232\244\244 \027\262\022K%\351\314\336\374\257\204\340f\003""; ","validation: """"\200\000\000\001&\000\000\000\004)/\352\224\001:Q\231\304\227'3\313\030Q\241'\332/+\360Bx\036+\210j\237K%\340]\246E\2434\264K\036\030qP\317\315\336\325\007P\027\000\000\000\000\000\000\000\000\000\000\000\000\000\000\000\000\000\000\000\000\000\000\000\000\000\000\000\000\000\000\000\000P\031T\270\242(,&\233\326\374o\306[\235\317>\021e\005s\261\371l\216\017\003\032\017J\217\244W<s!\003ql\302)\235\321\t\213\224\356\374%%\311\327\037\374\304\t\335\2359\344\233\035]\347<u\236\364\222vG0E\002!\000\373\375`]\006\263A\371\324\0350H\202=\272\026\314\307dx\027\275\nv\363\355I\366\270z\374\366\002 Z\022!!\376\250=\256\250A\274{?\025\232\244\244 \027\262\022K%\351\314\336\374\257\204\340f\003""; "
1750587267704,1750587267704,3090,1,1,0,TMValidation,"validation: """"\200\000\000\001&\000\000\000\004)/\352\224\001:\211l\014`\252m\212dQ\241'\332/+\360Bx\036+\210j\237K%\340]\246E\2434\264K\036\030qP\317\315\336\325\007P\027\000\000\000\000\000\000\000\000\000\000\000\000\000\000\000\000\000\000\000\000\000\000\000\000\000\000\000\000\000\000\000\000P\031T\270\242(,&\233\326\374o\306[\235\317>\021e\005s\261\371l\216\017\003\032\017J\217\244W<s!\003\325Q\255\224\274R@\312\253\262\347\352\034\346\347\242\215,\312\376=\277\353{\350\225\301\305`^, vG0E\002!\000\346\246\323\357, t+\031=\312H>\220\023\373\325\340fO \177e\302b|\246\003V\021\030\006\002 \000\232,\262\353\331\326\355'\310\362^-#l\215\323i\201\217n2\250\245R>b\266#\376\234M""; ","validation: """"\200\000\000\001&\000\000\000\004)/\352\224\001:\211l\014`\252m\212dQ\241'\332/+\360Bx\036+\210j\237K%\340]\246E\2434\264K\036\030qP\317\315\336\325\007P\027\000\000\000\000\000\000\000\000\000\000\000\000\000\000\000\000\000\000\000\000\000\000\000\000\000\000\000\000\000\000\000\000P\031T\270\242(,&\233\326\374o\306[\235\317>\021e\005s\261\371l\216\017\003\032\017J\217\244W<s!\003\325Q\255\224\274R@\312\253\262\347\352\034\346\347\242\215,\312\376=\277\353{\350\225\301\305`^, vG0E\002!\000\346\246\323\357, t+\031=\312H>\220\023\373\325\340fO \177e\302b|\246\003V\021\030\006\002 \000\232,\262\353\331\326\355'\310\362^-#l\215\323i\201\217n2\250\245R>b\266#\376\234M""; "
1750587267704,1750587267704,1939,1,1,4,TMValidation,"validation: """"\200\000\000\001&\000\000\000\004)/\352\224\001:\211l\014`\252m\212dQ\241'\332/+\360Bx\036+\210j\237K%\340]\246E\2434\264K\036\030qP\317\315\336\325\007P\027\000\000\000\000\000\000\000\000\000\000\000\000\000\000\000\000\000\000\000\000\000\000\000\000\000\000\000\000\000\000\000\000P\031T\270\242(,&\233\326\374o\306[\235\317>\021e\005s\261\371l\216\017\003\032\017J\217\244W<s!\003\325Q\255\224\274R@\312\253\262\347\352\034\346\347\242\215,\312\376=\277\353{\350\225\301\305`^, vG0E\002!\000\346\246\323\357, t+\031=\312H>\220\023\373\325\340fO \177e\302b|\246\003V\021\030\006\002 \000\232,\262\353\331\326\355'\310\362^-#l\215\323i\201\217n2\250\245R>b\266#\376\234M""; ","validation: """"\200\000\000\001&\000\000\000\004)/\352\224\001:\211l\014`\252m\212dQ\241'\332/+\360Bx\036+\210j\237K%\340]\246E\2434\264K\036\030qP\317\315\336\325\007P\027\000\000\000\000\000\000\000\000\000\000\000\000\000\000\000\000\000\000\000\000\000\000\000\000\000\000\000\000\000\000\000\000P\031T\270\242(,&\233\326\374o\306[\235\317>\021e\005s\261\371l\216\017\003\032\017J\217\244W<s!\003\325Q\255\224\274R@\312\253\262\347\352\034\346\347\242\215,\312\376=\277\353{\350\225\301\305`^, vG0E\002!\000\346\246\323\357, t+\031=\312H>\220\023\373\325\340fO \177e\302b|\246\003V\021\030\006\002 \000\232,\262\353\331\326\355'\310\362^-#l\215\323i\201\217n2\250\245R>b\266#\376\234M""; "
1750587267705,1750587267705,1289,1,1,3,TMValidation,"validation: """"\200\000\000\001&\000\000\000\004)/\352\224\001:\211l\014`\252m\212dQ\241'\332/+\360Bx\036+\210j\237K%\340]\246E\2434\264K\036\030qP\317\315\336\325\007P\027\000\000\000\000\000\000\000\000\000\000\000\000\000\000\000\000\000\000\000\000\000\000\000\000\000\000\000\000\000\000\000\000P\031T\270\242(,&\233\326\374o\306[\235\317>\021e\005s\261\371l\216\017\003\032\017J\217\244W<s!\003\325Q\255\224\274R@\312\253\262\347\352\034\346\347\242\215,\312\376=\277\353{\350\225\301\305`^, vG0E\002!\000\346\246\323\357, t+\031=\312H>\220\023\373\325\340fO \177e\302b|\246\003V\021\030\006\002 \000\232,\262\353\331\326\355'\310\362^-#l\215\323i\201\217n2\250\245R>b\266#\376\234M""; ","validation: """"\200\000\000\001&\000\000\000\004)/\352\224\001:\211l\014`\252m\212dQ\241'\332/+\360Bx\036+\210j\237K%\340]\246E\2434\264K\036\030qP\317\315\336\325\007P\027\000\000\000\000\000\000\000\000\000\000\000\000\000\000\000\000\000\000\000\000\000\000\000\000\000\000\000\000\000\000\000\000P\031T\270\242(,&\233\326\374o\306[\235\317>\021e\005s\261\371l\216\017\003\032\017J\217\244W<s!\003\325Q\255\224\274R@\312\253\262\347\352\034\346\347\242\215,\312\376=\277\353{\350\225\301\305`^, vG0E\002!\000\346\246\323\357, t+\031=\312H>\220\023\373\325\340fO \177e\302b|\246\003V\021\030\006\002 \000\232,\262\353\331\326\355'\310\362^-#l\215\323i\201\217n2\250\245R>b\266#\376\234M""; "
1750587267712,1750587267713,1317,1,3,2,TMProposeSet,"proposeSeq: 0; currentTxHash: ""\000\000\000\000\000\000\000\000\000\000\000\000\000\000\000\000\000\000\000\000\000\000\000\000\000\000\000\000\000\000\000\000""; nodePubKey: ""\003.\200\224\215?)t\306\315\242\313\251\255\302\204=\232.\271%}\013\024s\024\002@\216l""\241F""; closeTime: 803902466; signature: ""0E\002!\000\2205\313\032\360\232\206\207\235ew_\212\356\200y\321p\032\235\256\305\350\226f\276R\220M\366\3158\002 (c^\304\3455\310\330'\000\334v\212\036\333I\342\372\240\200\235\0144e\277\351\231\347\203\226\365\307""; previousledger: ""\241'\332/+\360Bx\036+\210j\237K%\340]\246E\2434\264K\036\030qP\317\315\336\325\007""; ","proposeSeq: 0; currentTxHash: ""\000\000\000\000\000\000\000\000\000\000\000\000\000\000\000\000\000\000\000\000\000\000\000\000\000\000\000\000\000\000\000\000""; nodePubKey: ""\003.\200\224\215?)t\306\315\242\313\251\255\302\204=\232.\271%}\013\024s\024\002@\216l""\241F""; closeTime: 803902466; signature: ""0E\002!\000\2205\313\032\360\232\206\207\235ew_\212\356\200y\321p\032\235\256\305\350\226f\276R\220M\366\3158\002 (c^\304\3455\310\330'\000\334v\212\036\333I\342\372\240\200\235\0144e\277\351\231\347\203\226\365\307""; previousledger: ""\241'\332/+\360Bx\036+\210j\237K%\340]\246E\2434\264K\036\030qP\317\315\336\325\007""; "
1750587267713,1750587267713,3656,1,3,1,TMProposeSet,"proposeSeq: 0; currentTxHash: ""\000\000\000\000\000\000\000\000\000\000\000\000\000\000\000\000\000\000\000\000\000\000\000\000\000\000\000\000\000\000\000\000""; nodePubKey: ""\003.\200\224\215?)t\306\315\242\313\251\255\302\204=\232.\271%}\013\024s\024\002@\216l""\241F""; closeTime: 803902466; signature: ""0E\002!\000\2205\313\032\360\232\206\207\235ew_\212\356\200y\321p\032\235\256\305\350\226f\276R\220M\366\3158\002 (c^\304\3455\310\330'\000\334v\212\036\333I\342\372\240\200\235\0144e\277\351\231\347\203\226\365\307""; previousledger: ""\241'\332/+\360Bx\036+\210j\237K%\340]\246E\2434\264K\036\030qP\317\315\336\325\007""; ","proposeSeq: 0; currentTxHash: ""\000\000\000\000\000\000\000\000\000\000\000\000\000\000\000\000\000\000\000\000\000\000\000\000\000\000\000\000\000\000\000\000""; nodePubKey: ""\003.\200\224\215?)t\306\315\242\313\251\255\302\204=\232.\271%}\013\024s\024\002@\216l""\241F""; closeTime: 803902466; signature: ""0E\002!\000\2205\313\032\360\232\206\207\235ew_\212\356\200y\321p\032\235\256\305\350\226f\276R\220M\366\3158\002 (c^\304\3455\310\330'\000\334v\212\036\333I\342\372\240\200\235\0144e\277\351\231\347\203\226\365\307""; previousledger: ""\241'\332/+\360Bx\036+\210j\237K%\340]\246E\2434\264K\036\030qP\317\315\336\325\007""; "
1750587267713,1750587267713,443,1,3,0,TMProposeSet,"proposeSeq: 0; currentTxHash: ""\000\000\000\000\000\000\000\000\000\000\000\000\000\000\000\000\000\000\000\000\000\000\000\000\000\000\000\000\000\000\000\000""; nodePubKey: ""\003.\200\224\215?)t\306\315\242\313\251\255\302\204=\232.\271%}\013\024s\024\002@\216l""\241F""; closeTime: 803902466; signature: ""0E\002!\000\2205\313\032\360\232\206\207\235ew_\212\356\200y\321p\032\235\256\305\350\226f\276R\220M\366\3158\002 (c^\304\3455\310\330'\000\334v\212\036\333I\342\372\240\200\235\0144e\277\351\231\347\203\226\365\307""; previousledger: ""\241'\332/+\360Bx\036+\210j\237K%\340]\246E\2434\264K\036\030qP\317\315\336\325\007""; ","proposeSeq: 0; currentTxHash: ""\000\000\000\000\000\000\000\000\000\000\000\000\000\000\000\000\000\000\000\000\000\000\000\000\000\000\000\000\000\000\000\000""; nodePubKey: ""\003.\200\224\215?)t\306\315\242\313\251\255\302\204=\232.\271%}\013\024s\024\002@\216l""\241F""; closeTime: 803902466; signature: ""0E\002!\000\2205\313\032\360\232\206\207\235ew_\212\356\200y\321p\032\235\256\305\350\226f\276R\220M\366\3158\002 (c^\304\3455\310\330'\000\334v\212\036\333I\342\372\240\200\235\0144e\277\351\231\347\203\226\365\307""; previousledger: ""\241'\332/+\360Bx\036+\210j\237K%\340]\246E\2434\264K\036\030qP\317\315\336\325\007""; "
1750587267732,1750587267732,3538,1,1,3,TMProposeSet,"proposeSeq: 0; currentTxHash: ""\000\000\000\000\000\000\000\000\000\000\000\000\000\000\000\000\000\000\000\000\000\000\000\000\000\000\000\000\000\000\000\000""; nodePubKey: ""\003.\200\224\215?)t\306\315\242\313\251\255\302\204=\232.\271%}\013\024s\024\002@\216l""\241F""; closeTime: 803902466; signature: ""0E\002!\000\2205\313\032\360\232\206\207\235ew_\212\356\200y\321p\032\235\256\305\350\226f\276R\220M\366\3158\002 (c^\304\3455\310\330'\000\334v\212\036\333I\342\372\240\200\235\0144e\277\351\231\347\203\226\365\307""; previousledger: ""\241'\332/+\360Bx\036+\210j\237K%\340]\246E\2434\264K\036\030qP\317\315\336\325\007""; ","proposeSeq: 0; currentTxHash: ""\000\000\000\000\000\000\000\000\000\000\000\000\000\000\000\000\000\000\000\000\000\000\000\000\000\000\000\000\000\000\000\000""; nodePubKey: ""\003.\200\224\215?)t\306\315\242\313\251\255\302\204=\232.\271%}\013\024s\024\002@\216l""\241F""; closeTime: 803902466; signature: ""0E\002!\000\2205\313\032\360\232\206\207\235ew_\212\356\200y\321p\032\235\256\305\350\226f\276R\220M\366\3158\002 (c^\304\3455\310\330'\000\334v\212\036\333I\342\372\240\200\235\0144e\277\351\231\347\203\226\365\307""; previousledger: ""\241'\332/+\360Bx\036+\210j\237K%\340]\246E\2434\264K\036\030qP\317\315\336\325\007""; "
1750587267732,1750587267732,1799,1,1,2,TMProposeSet,"proposeSeq: 0; currentTxHash: ""\000\000\000\000\000\000\000\000\000\000\000\000\000\000\000\000\000\000\000\000\000\000\000\000\000\000\000\000\000\000\000\000""; nodePubKey: ""\003.\200\224\215?)t\306\315\242\313\251\255\302\204=\232.\271%}\013\024s\024\002@\216l""\241F""; closeTime: 803902466; signature: ""0E\002!\000\2205\313\032\360\232\206\207\235ew_\212\356\200y\321p\032\235\256\305\350\226f\276R\220M\366\3158\002 (c^\304\3455\310\330'\000\334v\212\036\333I\342\372\240\200\235\0144e\277\351\231\347\203\226\365\307""; previousledger: ""\241'\332/+\360Bx\036+\210j\237K%\340]\246E\2434\264K\036\030qP\317\315\336\325\007""; ","proposeSeq: 0; currentTxHash: ""\000\000\000\000\000\000\000\000\000\000\000\000\000\000\000\000\000\000\000\000\000\000\000\000\000\000\000\000\000\000\000\000""; nodePubKey: ""\003.\200\224\215?)t\306\315\242\313\251\255\302\204=\232.\271%}\013\024s\024\002@\216l""\241F""; closeTime: 803902466; signature: ""0E\002!\000\2205\313\032\360\232\206\207\235ew_\212\356\200y\321p\032\235\256\305\350\226f\276R\220M\366\3158\002 (c^\304\3455\310\330'\000\334v\212\036\333I\342\372\240\200\235\0144e\277\351\231\347\203\226\365\307""; previousledger: ""\241'\332/+\360Bx\036+\210j\237K%\340]\246E\2434\264K\036\030qP\317\315\336\325\007""; "
1750587267732,1750587267733,926,1,1,0,TMProposeSet,"proposeSeq: 0; currentTxHash: ""\000\000\000\000\000\000\000\000\000\000\000\000\000\000\000\000\000\000\000\000\000\000\000\000\000\000\000\000\000\000\000\000""; nodePubKey: ""\003.\200\224\215?)t\306\315\242\313\251\255\302\204=\232.\271%}\013\024s\024\002@\216l""\241F""; closeTime: 803902466; signature: ""0E\002!\000\2205\313\032\360\232\206\207\235ew_\212\356\200y\321p\032\235\256\305\350\226f\276R\220M\366\3158\002 (c^\304\3455\310\330'\000\334v\212\036\333I\342\372\240\200\235\0144e\277\351\231\347\203\226\365\307""; previousledger: ""\241'\332/+\360Bx\036+\210j\237K%\340]\246E\2434\264K\036\030qP\317\315\336\325\007""; ","proposeSeq: 0; currentTxHash: ""\000\000\000\000\000\000\000\000\000\000\000\000\000\000\000\000\000\000\000\000\000\000\000\000\000\000\000\000\000\000\000\000""; nodePubKey: ""\003.\200\224\215?)t\306\315\242\313\251\255\302\204=\232.\271%}\013\024s\024\002@\216l""\241F""; closeTime: 803902466; signature: ""0E\002!\000\2205\313\032\360\232\206\207\235ew_\212\356\200y\321p\032\235\256\305\350\226f\276R\220M\366\3158\002 (c^\304\3455\310\330'\000\334v\212\036\333I\342\372\240\200\235\0144e\277\351\231\347\203\226\365\307""; previousledger: ""\241'\332/+\360Bx\036+\210j\237K%\340]\246E\2434\264K\036\030qP\317\315\336\325\007""; "
1750587267734,1750587267735,3512,1,3,2,TMTransaction,"rawTransaction: ""\022\000\000""\000\000\000\000$\000\000\000\003 \033\000\000\000\027a@\000\000\027H\206*@h@\000\000\000\000\000\000\ns!\0030\347\374\235V\273%\326\211;\243\363\027\256[\3173\263)\033\326=\263&T\243\023""/\177\320 tF0D\002 1\275E\253\256\024\251o\345\335\301\n\213\327\371A|\353\353d\277\233o<\303\226\316\345\374\027nG\002 \016\272`\261\003\205I\263\0138\360s\312\027\267\327\341)\373\351L\217j\326\210\037s\2418\352I%\201\024\265\367by\212S\325C\240\024\312\370\262\227\317\370\362\3717\350\203\024B\006\222#\215\346\234\245/\205\327[/\206^\005y\253G\373""; status: tsCURRENT; receiveTimestamp: 803902467; deferred: false; ","rawTransaction: ""\022\000\000""\000\000\000\000$\000\000\000\003 \033\000\000\000\027a@\000\000\027H\206*@h@\000\000\000\000\000\000\ns!\0030\347\374\235V\273%\326\211;\243\363\027\256[\3173\263)\033\326=\263&T\243\023""/\177\320 tF0D\002 1\275E\253\256\024\251o\345\335\301\n\213\327\371A|\353\353d\277\233o<\303\226\316\345\374\027nG\002 \016\272`\261\003\205I\263\0138\360s\312\027\267\327\341)\373\351L\217j\326\210\037s\2418\352I%\201\024\265\367by\212S\325C\240\024\312\370\262\227\317\370\362\3717\350\203\024B\006\222#\215\346\234\245/\205\327[/\206^\005y\253G\373""; status: tsCURRENT; receiveTimestamp: 803902467; deferred: false; "
1750587267735,1750587267735,705,1,3,0,TMTransaction,"rawTransaction: ""\022\000\000""\000\000\000\000$\000\000\000\003 \033\000\000\000\027a@\000\000\027H\206*@h@\000\000\000\000\000\000\ns!\0030\347\374\235V\273%\326\211;\243\363\027\256[\3173\263)\033\326=\263&T\243\023""/\177\320 tF0D\002 1\275E\253\256\024\251o\345\335\301\n\213\327\371A|\353\353d\277\233o<\303\226\316\345\374\027nG\002 \016\272`\261\003\205I\263\0138\360s\312\027\267\327\341)\373\351L\217j\326\210\037s\2418\352I%\201\024\265\367by\212S\325C\240\024\312\370\262\227\317\370\362\3717\350\203\024B\006\222#\215\346\234\245/\205\327[/\206^\005y\253G\373""; status: tsCURRENT; receiveTimestamp: 803902467; deferred: false; ","rawTransaction: ""\022\000\000""\000\000\000\000$\000\000\000\003 \033\000\000\000\027a@\000\000\027H\206*@h@\000\000\000\000\000\000\ns!\0030\347\374\235V\273%\326\211;\243\363\027\256[\3173\263)\033\326=\263&T\243\023""/\177\320 tF0D\002 1\275E\253\256\024\251o\345\335\301\n\213\327\371A|\353\353d\277\233o<\303\226\316\345\374\027nG\002 \016\272`\261\003\205I\263\0138\360s\312\027\267\327\341)\373\351L\217j\326\210\037s\2418\352I%\201\024\265\367by\212S\325C\240\024\312\370\262\227\317\370\362\3717\350\203\024B\006\222#\215\346\234\245/\205\327[/\206^\005y\253G\373""; status: tsCURRENT; receiveTimestamp: 803902467; deferred: false; "
1750587267735,1750587267736,1636,1,3,4,TMTransaction,"rawTransaction: ""\022\000\000""\000\000\000\000$\000\000\000\003 \033\000\000\000\027a@\000\000\027H\206*@h@\000\000\000\000\000\000\ns!\0030\347\374\235V\273%\326\211;\243\363\027\256[\3173\263)\033\326=\263&T\243\023""/\177\320 tF0D\002 1\275E\253\256\024\251o\345\335\301\n\213\327\371A|\353\353d\277\233o<\303\226\316\345\374\027nG\002 \016\272`\261\003\205I\263\0138\360s\312\027\267\327\341)\373\351L\217j\326\210\037s\2418\352I%\201\024\265\367by\212S\325C\240\024\312\370\262\227\317\370\362\3717\350\203\024B\006\222#\215\346\234\245/\205\327[/\206^\005y\253G\373""; status: tsCURRENT; receiveTimestamp: 803902467; deferred: false; ","rawTransaction: ""\022\000\000""\000\000\000\000$\000\000\000\003 \033\000\000\000\027a@\000\000\027H\206*@h@\000\000\000\000\000\000\ns!\0030\347\374\235V\273%\326\211;\243\363\027\256[\3173\263)\033\326=\263&T\243\023""/\177\320 tF0D\002 1\275E\253\256\024\251o\345\335\301\n\213\327\371A|\353\353d\277\233o<\303\226\316\345\374\027nG\002 \016\272`\261\003\205I\263\0138\360s\312\027\267\327\341)\373\351L\217j\326\210\037s\2418\352I%\201\024\265\367by\212S\325C\240\024\312\370\262\227\317\370\362\3717\350\203\024B\006\222#\215\346\234\245/\205\327[/\206^\005y\253G\373""; status: tsCURRENT; receiveTimestamp: 803902467; deferred: false; "
1750587267737,1750587267738,2386,1,2,3,TMTransaction,"rawTransaction: ""\022\000\000""\000\000\000\000$\000\000\000\002 \033\000\000\000\027a@\000\000\027H\206*@h@\000\000\000\000\000\000\ns!\0030\347\374\235V\273%\326\211;\243\363\027\256[\3173\263)\033\326=\263&T\243\023""/\177\320 tG0E\002!\000\354\026Q~\030\260\230\312\233p\304\177>\274\255\213\032!\016\355\331\243\222\312%\364\027\357\224\037\371[\002 =\214\276+a}GM\202\370!\322\021\221\r-\P\030M?a\nUJ<\020u\207P\203\316\201\024\265\367by\212S\325C\240\024\312\370\262\227\317\370\362\3717\350\203\024\023\252#\014BS\272`\277B\346\245]\332\351o'013""; status: tsCURRENT; receiveTimestamp: 803902467; deferred: false; ","rawTransaction: ""\022\000\000""\000\000\000\000$\000\000\000\002 \033\000\000\000\027a@\000\000\027H\206*@h@\000\000\000\000\000\000\ns!\0030\347\374\235V\273%\326\211;\243\363\027\256[\3173\263)\033\326=\263&T\243\023""/\177\320 tG0E\002!\000\354\026Q~\030\260\230\312\233p\304\177>\274\255\213\032!\016\355\331\243\222\312%\364\027\357\224\037\371[\002 =\214\276+a}GM\202\370!\322\021\221\r-\P\030M?a\nUJ<\020u\207P\203\316\201\024\265\367by\212S\325C\240\024\312\370\262\227\317\370\362\3717\350\203\024\023\252#\014BS\272`\277B\346\245]\332\351o'013""; status: tsCURRENT; receiveTimestamp: 803902467; deferred: false; "
1750587267738,1750587267739,1513,1,2,0,TMTransaction,"rawTransaction: ""\022\000\000""\000\000\000\000$\000\000\000\002 \033\000\000\000\027a@\000\000\027H\206*@h@\000\000\000\000\000\000\ns!\0030\347\374\235V\273%\326\211;\243\363\027\256[\3173\263)\033\326=\263&T\243\023""/\177\320 tG0E\002!\000\354\026Q~\030\260\230\312\233p\304\177>\274\255\213\032!\016\355\331\243\222\312%\364\027\357\224\037\371[\002 =\214\276+a}GM\202\370!\322\021\221\r-\P\030M?a\nUJ<\020u\207P\203\316\201\024\265\367by\212S\325C\240\024\312\370\262\227\317\370\362\3717\350\203\024\023\252#\014BS\272`\277B\346\245]\332\351o'013""; status: tsCURRENT; receiveTimestamp: 803902467; deferred: false; ","rawTransaction: ""\022\000\000""\000\000\000\000$\000\000\000\002 \033\000\000\000\027a@\000\000\027H\206*@h@\000\000\000\000\000\000\ns!\0030\347\374\235V\273%\326\211;\243\363\027\256[\3173\263)\033\326=\263&T\243\023""/\177\320 tG0E\002!\000\354\026Q~\030\260\230\312\233p\304\177>\274\255\213\032!\016\355\331\243\222\312%\364\027\357\224\037\371[\002 =\214\276+a}GM\202\370!\322\021\221\r-\P\030M?a\nUJ<\020u\207P\203\316\201\024\265\367by\212S\325C\240\024\312\370\262\227\317\370\362\3717\350\203\024\023\252#\014BS\272`\277B\346\245]\332\351o'013""; status: tsCURRENT; receiveTimestamp: 803902467; deferred: false; "
1750587267738,1750587267739,2236,1,2,4,TMTransaction,"rawTransaction: ""\022\000\000""\000\000\000\000$\000\000\000\002 \033\000\000\000\027a@\000\000\027H\206*@h@\000\000\000\000\000\000\ns!\0030\347\374\235V\273%\326\211;\243\363\027\256[\3173\263)\033\326=\263&T\243\023""/\177\320 tG0E\002!\000\354\026Q~\030\260\230\312\233p\304\177>\274\255\213\032!\016\355\331\243\222\312%\364\027\357\224\037\371[\002 =\214\276+a}GM\202\370!\322\021\221\r-\P\030M?a\nUJ<\020u\207P\203\316\201\024\265\367by\212S\325C\240\024\312\370\262\227\317\370\362\3717\350\203\024\023\252#\014BS\272`\277B\346\245]\332\351o'013""; status: tsCURRENT; receiveTimestamp: 803902467; deferred: false; ","rawTransaction: ""\022\000\000""\000\000\000\000$\000\000\000\002 \033\000\000\000\027a@\000\000\027H\206*@h@\000\000\000\000\000\000\ns!\0030\347\374\235V\273%\326\211;\243\363\027\256[\3173\263)\033\326=\263&T\243\023""/\177\320 tG0E\002!\000\354\026Q~\030\260\230\312\233p\304\177>\274\255\213\032!\016\355\331\243\222\312%\364\027\357\224\037\371[\002 =\214\276+a}GM\202\370!\322\021\221\r-\P\030M?a\nUJ<\020u\207P\203\316\201\024\265\367by\212S\325C\240\024\312\370\262\227\317\370\362\3717\350\203\024\023\252#\014BS\272`\277B\346\245]\332\351o'013""; status: tsCURRENT; receiveTimestamp: 803902467; deferred: false; "
1750587267754,1750587267755,1136,1,3,0,TMGetLedger,"itype: liTS_CANDIDATE; ledgerHash: ""u\315\243\367\211\2625\240r:n\277\003\026\366\353'\216jy9\\001\220\223~\341j\254O\025\257""; nodeIDs: ""\000\000\000\000\000\000\000\000\000\000\000\000\000\000\000\000\000\000\000\000\000\000\000\000\000\000\000\000\000\000\000\000\000""; queryType: qtINDIRECT; queryDepth: 3; ","itype: liTS_CANDIDATE; ledgerHash: ""u\315\243\367\211\2625\240r:n\277\003\026\366\353'\216jy9\\001\220\223~\341j\254O\025\257""; nodeIDs: ""\000\000\000\000\000\000\000\000\000\000\000\000\000\000\000\000\000\000\000\000\000\000\000\000\000\000\000\000\000\000\000\000\000""; queryType: qtINDIRECT; queryDepth: 3; "
1750587267755,1750587267755,2142,1,3,1,TMGetLedger,"itype: liTS_CANDIDATE; ledgerHash: ""u\315\243\367\211\2625\240r:n\277\003\026\366\353'\216jy9\\001\220\223~\341j\254O\025\257""; nodeIDs: ""\000\000\000\000\000\000\000\000\000\000\000\000\000\000\000\000\000\000\000\000\000\000\000\000\000\000\000\000\000\000\000\000\000""; queryType: qtINDIRECT; queryDepth: 3; ","itype: liTS_CANDIDATE; ledgerHash: ""u\315\243\367\211\2625\240r:n\277\003\026\366\353'\216jy9\\001\220\223~\341j\254O\025\257""; nodeIDs: ""\000\000\000\000\000\000\000\000\000\000\000\000\000\000\000\000\000\000\000\000\000\000\000\000\000\000\000\000\000\000\000\000\000""; queryType: qtINDIRECT; queryDepth: 3; "
1750587267755,1750587267756,1590,1,3,2,TMGetLedger,"itype: liTS_CANDIDATE; ledgerHash: ""u\315\243\367\211\2625\240r:n\277\003\026\366\353'\216jy9\\001\220\223~\341j\254O\025\257""; nodeIDs: ""\000\000\000\000\000\000\000\000\000\000\000\000\000\000\000\000\000\000\000\000\000\000\000\000\000\000\000\000\000\000\000\000\000""; queryType: qtINDIRECT; queryDepth: 3; ","itype: liTS_CANDIDATE; ledgerHash: ""u\315\243\367\211\2625\240r:n\277\003\026\366\353'\216jy9\\001\220\223~\341j\254O\025\257""; nodeIDs: ""\000\000\000\000\000\000\000\000\000\000\000\000\000\000\000\000\000\000\000\000\000\000\000\000\000\000\000\000\000\000\000\000\000""; queryType: qtINDIRECT; queryDepth: 3; "
1750587267756,1750587267756,2655,1,1,0,TMLedgerData,"ledgerHash: ""u\315\243\367\211\2625\240r:n\277\003\026\366\353'\216jy9\\001\220\223~\341j\254O\025\257""; ledgerSeq: 0; type: liTS_CANDIDATE; nodes {;   nodedata: ""\246C\232\272\013^\241\340~\030'\005/\234\037\355\231\230\017\266\365\303w\360\273\374\234\362S:\270\023\n\003"";   nodeid: ""\000\000\000\000\000\000\000\000\000\000\000\000\000\000\000\000\000\000\000\000\000\000\000\000\000\000\000\000\000\000\000\000\000""; }; ","ledgerHash: ""u\315\243\367\211\2625\240r:n\277\003\026\366\353'\216jy9\\001\220\223~\341j\254O\025\257""; ledgerSeq: 0; type: liTS_CANDIDATE; nodes {;   nodedata: ""\246C\232\272\013^\241\340~\030'\005/\234\037\355\231\230\017\266\365\303w\360\273\374\234\362S:\270\023\n\003"";   nodeid: ""\000\000\000\000\000\000\000\000\000\000\000\000\000\000\000\000\000\000\000\000\000\000\000\000\000\000\000\000\000\000\000\000\000""; }; "
1750587267760,1750587267760,734,1,3,2,TMValidation,"validation: """"\200\000\000\001&\000\000\000\004)/\352\224\002:?HT\314/\177\320^Q\241'\332/+\360Bx\036+\210j\237K%\340]\246E\2434\264K\036\030qP\317\315\336\325\007P\027\000\000\000\000\000\000\000\000\000\000\000\000\000\000\000\000\000\000\000\000\000\000\000\000\000\000\000\000\000\000\000\000P\031T\270\242(,&\233\326\374o\306[\235\317>\021e\005s\261\371l\216\017\003\032\017J\217\244W<s!\003\343\005\311u\203\370\0338\3174\324\010\006\301\251\177\261\304eOX\262)FA-\022r\263wm\024vF0D\002 F\216W'\271\220\250\210\325\271\303\272\304\270\341\340\0030\335\323^\207\210a\374\331\017q\365\202\365\232\002 \006A\326A\313V\220P\0308\224\313\020\366L\363\302\375\261P\363\022\3412!(\270\340\257pq\262""; ","validation: """"\200\000\000\001&\000\000\000\004)/\352\224\002:?HT\314/\177\320^Q\241'\332/+\360Bx\036+\210j\237K%\340]\246E\2434\264K\036\030qP\317\315\336\325\007P\027\000\000\000\000\000\000\000\000\000\000\000\000\000\000\000\000\000\000\000\000\000\000\000\000\000\000\000\000\000\000\000\000P\031T\270\242(,&\233\326\374o\306[\235\317>\021e\005s\261\371l\216\017\003\032\017J\217\244W<s!\003\343\005\311u\203\370\0338\3174\324\010\006\301\251\177\261\304eOX\262)FA-\022r\263wm\024vF0D\002 F\216W'\271\220\250\210\325\271\303\272\304\270\341\340\0030\335\323^\207\210a\374\331\017q\365\202\365\232\002 \006A\326A\313V\220P\0308\224\313\020\366L\363\302\375\261P\363\022\3412!(\270\340\257pq\262""; "
1750587267760,1750587267760,3767,1,3,0,TMValidation,"validation: """"\200\000\000\001&\000\000\000\004)/\352\224\002:?HT\314/\177\320^Q\241'\332/+\360Bx\036+\210j\237K%\340]\246E\2434\264K\036\030qP\317\315\336\325\007P\027\000\000\000\000\000\000\000\000\000\000\000\000\000\000\000\000\000\000\000\000\000\000\000\000\000\000\000\000\000\000\000\000P\031T\270\242(,&\233\326\374o\306[\235\317>\021e\005s\261\371l\216\017\003\032\017J\217\244W<s!\003\343\005\311u\203\370\0338\3174\324\010\006\301\251\177\261\304eOX\262)FA-\022r\263wm\024vF0D\002 F\216W'\271\220\250\210\325\271\303\272\304\270\341\340\0030\335\323^\207\210a\374\331\017q\365\202\365\232\002 \006A\326A\313V\220P\0308\224\313\020\366L\363\302\375\261P\363\022\3412!(\270\340\257pq\262""; ","validation: """"\200\000\000\001&\000\000\000\004)/\352\224\002:?HT\314/\177\320^Q\241'\332/+\360Bx\036+\210j\237K%\340]\246E\2434\264K\036\030qP\317\315\336\325\007P\027\000\000\000\000\000\000\000\000\000\000\000\000\000\000\000\000\000\000\000\000\000\000\000\000\000\000\000\000\000\000\000\000P\031T\270\242(,&\233\326\374o\306[\235\317>\021e\005s\261\371l\216\017\003\032\017J\217\244W<s!\003\343\005\311u\203\370\0338\3174\324\010\006\301\251\177\261\304eOX\262)FA-\022r\263wm\024vF0D\002 F\216W'\271\220\250\210\325\271\303\272\304\270\341\340\0030\335\323^\207\210a\374\331\017q\365\202\365\232\002 \006A\326A\313V\220P\0308\224\313\020\366L\363\302\375\261P\363\022\3412!(\270\340\257pq\262""; "
1750587267774,1750587267774,3501,1,3,4,TMValidation,"validation: """"\200\000\000\001&\000\000\000\004)/\352\224\002:?HT\314/\177\320^Q\241'\332/+\360Bx\036+\210j\237K%\340]\246E\2434\264K\036\030qP\317\315\336\325\007P\027\000\000\000\000\000\000\000\000\000\000\000\000\000\000\000\000\000\000\000\000\000\000\000\000\000\000\000\000\000\000\000\000P\031T\270\242(,&\233\326\374o\306[\235\317>\021e\005s\261\371l\216\017\003\032\017J\217\244W<s!\003\343\005\311u\203\370\0338\3174\324\010\006\301\251\177\261\304eOX\262)FA-\022r\263wm\024vF0D\002 F\216W'\271\220\250\210\325\271\303\272\304\270\341\340\0030\335\323^\207\210a\374\331\017q\365\202\365\232\002 \006A\326A\313V\220P\0308\224\313\020\366L\363\302\375\261P\363\022\3412!(\270\340\257pq\262""; ","validation: """"\200\000\000\001&\000\000\000\004)/\352\224\002:?HT\314/\177\320^Q\241'\332/+\360Bx\036+\210j\237K%\340]\246E\2434\264K\036\030qP\317\315\336\325\007P\027\000\000\000\000\000\000\000\000\000\000\000\000\000\000\000\000\000\000\000\000\000\000\000\000\000\000\000\000\000\000\000\000P\031T\270\242(,&\233\326\374o\306[\235\317>\021e\005s\261\371l\216\017\003\032\017J\217\244W<s!\003\343\005\311u\203\370\0338\3174\324\010\006\301\251\177\261\304eOX\262)FA-\022r\263wm\024vF0D\002 F\216W'\271\220\250\210\325\271\303\272\304\270\341\340\0030\335\323^\207\210a\374\331\017q\365\202\365\232\002 \006A\326A\313V\220P\0308\224\313\020\366L\363\302\375\261P\363\022\3412!(\270\340\257pq\262""; "
1750587267774,1750587267774,3118,1,3,4,TMGetLedger,"itype: liTS_CANDIDATE; ledgerHash: ""u\315\243\367\211\2625\240r:n\277\003\026\366\353'\216jy9\\001\220\223~\341j\254O\025\257""; nodeIDs: ""\000\000\000\000\000\000\000\000\000\000\000\000\000\000\000\000\000\000\000\000\000\000\000\000\000\000\000\000\000\000\000\000\000""; queryType: qtINDIRECT; queryDepth: 3; ","itype: liTS_CANDIDATE; ledgerHash: ""u\315\243\367\211\2625\240r:n\277\003\026\366\353'\216jy9\\001\220\223~\341j\254O\025\257""; nodeIDs: ""\000\000\000\000\000\000\000\000\000\000\000\000\000\000\000\000\000\000\000\000\000\000\000\000\000\000\000\000\000\000\000\000\000""; queryType: qtINDIRECT; queryDepth: 3; "
1750587267786,1750587267786,734,1,3,2,TMValidation,"validation: """"\200\000\000\001&\000\000\000\004)/\352\224\003:I\203w\200\211\SGQ\241'\332/+\360Bx\036+\210j\237K%\340]\246E\2434\264K\036\030qP\317\315\336\325\007P\027\000\000\000\000\000\000\000\000\000\000\000\000\000\000\000\000\000\000\000\000\000\000\000\000\000\000\000\000\000\000\000\000P\031T\270\242(,&\233\326\374o\306[\235\317>\021e\005s\261\371l\216\017\003\032\017J\217\244W<s!\002\347\243J\206W\025ML\260\226\0163\217\250\337\325W\253\356*O\245Z\271\234\207C\274\375`\335\311vF0D\002 \000\307\024<_L\347+\M\377D\000\035x\003\317\243\305\030Pn\025\366\217\323\t\r\235h\341\n\002 z\340&\352\266\3105\366'0L\300\307\037Ke\311\323_\365\224\201.\204~=\374N>;\006\271""; ","validation: """"\200\000\000\001&\000\000\000\004)/\352\224\003:I\203w\200\211\SGQ\241'\332/+\360Bx\036+\210j\237K%\340]\246E\2434\264K\036\030qP\317\315\336\325\007P\027\000\000\000\000\000\000\000\000\000\000\000\000\000\000\000\000\000\000\000\000\000\000\000\000\000\000\000\000\000\000\000\000P\031T\270\242(,&\233\326\374o\306[\235\317>\021e\005s\261\371l\216\017\003\032\017J\217\244W<s!\002\347\243J\206W\025ML\260\226\0163\217\250\337\325W\253\356*O\245Z\271\234\207C\274\375`\335\311vF0D\002 \000\307\024<_L\347+\M\377D\000\035x\003\317\243\305\030Pn\025\366\217\323\t\r\235h\341\n\002 z\340&\352\266\3105\366'0L\300\307\037Ke\311\323_\365\224\201.\204~=\374N>;\006\271""; "
1750587267786,1750587267786,3501,1,3,4,TMValidation,"validation: """"\200\000\000\001&\000\000\000\004)/\352\224\003:I\203w\200\211\SGQ\241'\332/+\360Bx\036+\210j\237K%\340]\246E\2434\264K\036\030qP\317\315\336\325\007P\027\000\000\000\000\000\000\000\000\000\000\000\000\000\000\000\000\000\000\000\000\000\000\000\000\000\000\000\000\000\000\000\000P\031T\270\242(,&\233\326\374o\306[\235\317>\021e\005s\261\371l\216\017\003\032\017J\217\244W<s!\002\347\243J\206W\025ML\260\226\0163\217\250\337\325W\253\356*O\245Z\271\234\207C\274\375`\335\311vF0D\002 \000\307\024<_L\347+\M\377D\000\035x\003\317\243\305\030Pn\025\366\217\323\t\r\235h\341\n\002 z\340&\352\266\3105\366'0L\300\307\037Ke\311\323_\365\224\201.\204~=\374N>;\006\271""; ","validation: """"\200\000\000\001&\000\000\000\004)/\352\224\003:I\203w\200\211\SGQ\241'\332/+\360Bx\036+\210j\237K%\340]\246E\2434\264K\036\030qP\317\315\336\325\007P\027\000\000\000\000\000\000\000\000\000\000\000\000\000\000\000\000\000\000\000\000\000\000\000\000\000\000\000\000\000\000\000\000P\031T\270\242(,&\233\326\374o\306[\235\317>\021e\005s\261\371l\216\017\003\032\017J\217\244W<s!\002\347\243J\206W\025ML\260\226\0163\217\250\337\325W\253\356*O\245Z\271\234\207C\274\375`\335\311vF0D\002 \000\307\024<_L\347+\M\377D\000\035x\003\317\243\305\030Pn\025\366\217\323\t\r\235h\341\n\002 z\340&\352\266\3105\366'0L\300\307\037Ke\311\323_\365\224\201.\204~=\374N>;\006\271""; "
1750587267786,1750587267786,2573,1,3,1,TMValidation,"validation: """"\200\000\000\001&\000\000\000\004)/\352\224\003:I\203w\200\211\SGQ\241'\332/+\360Bx\036+\210j\237K%\340]\246E\2434\264K\036\030qP\317\315\336\325\007P\027\000\000\000\000\000\000\000\000\000\000\000\000\000\000\000\000\000\000\000\000\000\000\000\000\000\000\000\000\000\000\000\000P\031T\270\242(,&\233\326\374o\306[\235\317>\021e\005s\261\371l\216\017\003\032\017J\217\244W<s!\002\347\243J\206W\025ML\260\226\0163\217\250\337\325W\253\356*O\245Z\271\234\207C\274\375`\335\311vF0D\002 \000\307\024<_L\347+\M\377D\000\035x\003\317\243\305\030Pn\025\366\217\323\t\r\235h\341\n\002 z\340&\352\266\3105\366'0L\300\307\037Ke\311\323_\365\224\201.\204~=\374N>;\006\271""; ","validation: """"\200\000\000\001&\000\000\000\004)/\352\224\003:I\203w\200\211\SGQ\241'\332/+\360Bx\036+\210j\237K%\340]\246E\2434\264K\036\030qP\317\315\336\325\007P\027\000\000\000\000\000\000\000\000\000\000\000\000\000\000\000\000\000\000\000\000\000\000\000\000\000\000\000\000\000\000\000\000P\031T\270\242(,&\233\326\374o\306[\235\317>\021e\005s\261\371l\216\017\003\032\017J\217\244W<s!\002\347\243J\206W\025ML\260\226\0163\217\250\337\325W\253\356*O\245Z\271\234\207C\274\375`\335\311vF0D\002 \000\307\024<_L\347+\M\377D\000\035x\003\317\243\305\030Pn\025\366\217\323\t\r\235h\341\n\002 z\340&\352\266\3105\366'0L\300\307\037Ke\311\323_\365\224\201.\204~=\374N>;\006\271""; "
1750587267827,1750587267827,557,1,4,1,TMGetLedger,"itype: liTS_CANDIDATE; ledgerHash: ""u\315\243\367\211\2625\240r:n\277\003\026\366\353'\216jy9\\001\220\223~\341j\254O\025\257""; nodeIDs: ""\000\000\000\000\000\000\000\000\000\000\000\000\000\000\000\000\000\000\000\000\000\000\000\000\000\000\000\000\000\000\000\000\000""; requestCookie: 1; queryType: qtINDIRECT; queryDepth: 3; ","itype: liTS_CANDIDATE; ledgerHash: ""u\315\243\367\211\2625\240r:n\277\003\026\366\353'\216jy9\\001\220\223~\341j\254O\025\257""; nodeIDs: ""\000\000\000\000\000\000\000\000\000\000\000\000\000\000\000\000\000\000\000\000\000\000\000\000\000\000\000\000\000\000\000\000\000""; requestCookie: 1; queryType: qtINDIRECT; queryDepth: 3; "
1750587267839,1750587267840,1357,1,4,3,TMValidation,"validation: """"\200\000\000\001&\000\000\000\004)/\352\224\003:I\203w\200\211\SGQ\241'\332/+\360Bx\036+\210j\237K%\340]\246E\2434\264K\036\030qP\317\315\336\325\007P\027\000\000\000\000\000\000\000\000\000\000\000\000\000\000\000\000\000\000\000\000\000\000\000\000\000\000\000\000\000\000\000\000P\031T\270\242(,&\233\326\374o\306[\235\317>\021e\005s\261\371l\216\017\003\032\017J\217\244W<s!\002\347\243J\206W\025ML\260\226\0163\217\250\337\325W\253\356*O\245Z\271\234\207C\274\375`\335\311vF0D\002 \000\307\024<_L\347+\M\377D\000\035x\003\317\243\305\030Pn\025\366\217\323\t\r\235h\341\n\002 z\340&\352\266\3105\366'0L\300\307\037Ke\311\323_\365\224\201.\204~=\374N>;\006\271""; ","validation: """"\200\000\000\001&\000\000\000\004)/\352\224\003:I\203w\200\211\SGQ\241'\332/+\360Bx\036+\210j\237K%\340]\246E\2434\264K\036\030qP\317\315\336\325\007P\027\000\000\000\000\000\000\000\000\000\000\000\000\000\000\000\000\000\000\000\000\000\000\000\000\000\000\000\000\000\000\000\000P\031T\270\242(,&\233\326\374o\306[\235\317>\021e\005s\261\371l\216\017\003\032\017J\217\244W<s!\002\347\243J\206W\025ML\260\226\0163\217\250\337\325W\253\356*O\245Z\271\234\207C\274\375`\335\311vF0D\002 \000\307\024<_L\347+\M\377D\000\035x\003\317\243\305\030Pn\025\366\217\323\t\r\235h\341\n\002 z\340&\352\266\3105\366'0L\300\307\037Ke\311\323_\365\224\201.\204~=\374N>;\006\271""; "
1750587267840,1750587267841,443,1,4,2,TMValidation,"validation: """"\200\000\000\001&\000\000\000\004)/\352\224\003:I\203w\200\211\SGQ\241'\332/+\360Bx\036+\210j\237K%\340]\246E\2434\264K\036\030qP\317\315\336\325\007P\027\000\000\000\000\000\000\000\000\000\000\000\000\000\000\000\000\000\000\000\000\000\000\000\000\000\000\000\000\000\000\000\000P\031T\270\242(,&\233\326\374o\306[\235\317>\021e\005s\261\371l\216\017\003\032\017J\217\244W<s!\002\347\243J\206W\025ML\260\226\0163\217\250\337\325W\253\356*O\245Z\271\234\207C\274\375`\335\311vF0D\002 \000\307\024<_L\347+\M\377D\000\035x\003\317\243\305\030Pn\025\366\217\323\t\r\235h\341\n\002 z\340&\352\266\3105\366'0L\300\307\037Ke\311\323_\365\224\201.\204~=\374N>;\006\271""; ","validation: """"\200\000\000\001&\000\000\000\004)/\352\224\003:I\203w\200\211\SGQ\241'\332/+\360Bx\036+\210j\237K%\340]\246E\2434\264K\036\030qP\317\315\336\325\007P\027\000\000\000\000\000\000\000\000\000\000\000\000\000\000\000\000\000\000\000\000\000\000\000\000\000\000\000\000\000\000\000\000P\031T\270\242(,&\233\326\374o\306[\235\317>\021e\005s\261\371l\216\017\003\032\017J\217\244W<s!\002\347\243J\206W\025ML\260\226\0163\217\250\337\325W\253\356*O\245Z\271\234\207C\274\375`\335\311vF0D\002 \000\307\024<_L\347+\M\377D\000\035x\003\317\243\305\030Pn\025\366\217\323\t\r\235h\341\n\002 z\340&\352\266\3105\366'0L\300\307\037Ke\311\323_\365\224\201.\204~=\374N>;\006\271""; "
1750587267840,1750587267840,2819,1,4,1,TMValidation,"validation: """"\200\000\000\001&\000\000\000\004)/\352\224\003:I\203w\200\211\SGQ\241'\332/+\360Bx\036+\210j\237K%\340]\246E\2434\264K\036\030qP\317\315\336\325\007P\027\000\000\000\000\000\000\000\000\000\000\000\000\000\000\000\000\000\000\000\000\000\000\000\000\000\000\000\000\000\000\000\000P\031T\270\242(,&\233\326\374o\306[\235\317>\021e\005s\261\371l\216\017\003\032\017J\217\244W<s!\002\347\243J\206W\025ML\260\226\0163\217\250\337\325W\253\356*O\245Z\271\234\207C\274\375`\335\311vF0D\002 \000\307\024<_L\347+\M\377D\000\035x\003\317\243\305\030Pn\025\366\217\323\t\r\235h\341\n\002 z\340&\352\266\3105\366'0L\300\307\037Ke\311\323_\365\224\201.\204~=\374N>;\006\271""; ","validation: """"\200\000\000\001&\000\000\000\004)/\352\224\003:I\203w\200\211\SGQ\241'\332/+\360Bx\036+\210j\237K%\340]\246E\2434\264K\036\030qP\317\315\336\325\007P\027\000\000\000\000\000\000\000\000\000\000\000\000\000\000\000\000\000\000\000\000\000\000\000\000\000\000\000\000\000\000\000\000P\031T\270\242(,&\233\326\374o\306[\235\317>\021e\005s\261\371l\216\017\003\032\017J\217\244W<s!\002\347\243J\206W\025ML\260\226\0163\217\250\337\325W\253\356*O\245Z\271\234\207C\274\375`\335\311vF0D\002 \000\307\024<_L\347+\M\377D\000\035x\003\317\243\305\030Pn\025\366\217\323\t\r\235h\341\n\002 z\340&\352\266\3105\366'0L\300\307\037Ke\311\323_\365\224\201.\204~=\374N>;\006\271""; "
1750587267860,1750587267860,3414,1,0,2,TMGetLedger,"itype: liTS_CANDIDATE; ledgerHash: ""u\315\243\367\211\2625\240r:n\277\003\026\366\353'\216jy9\\001\220\223~\341j\254O\025\257""; nodeIDs: ""\000\000\000\000\000\000\000\000\000\000\000\000\000\000\000\000\000\000\000\000\000\000\000\000\000\000\000\000\000\000\000\000\000""; queryType: qtINDIRECT; queryDepth: 3; ","itype: liTS_CANDIDATE; ledgerHash: ""u\315\243\367\211\2625\240r:n\277\003\026\366\353'\216jy9\\001\220\223~\341j\254O\025\257""; nodeIDs: ""\000\000\000\000\000\000\000\000\000\000\000\000\000\000\000\000\000\000\000\000\000\000\000\000\000\000\000\000\000\000\000\000\000""; queryType: qtINDIRECT; queryDepth: 3; "
1750587267861,1750587267861,1466,1,0,4,TMGetLedger,"itype: liTS_CANDIDATE; ledgerHash: ""u\315\243\367\211\2625\240r:n\277\003\026\366\353'\216jy9\\001\220\223~\341j\254O\025\257""; nodeIDs: ""\000\000\000\000\000\000\000\000\000\000\000\000\000\000\000\000\000\000\000\000\000\000\000\000\000\000\000\000\000\000\000\000\000""; queryType: qtINDIRECT; queryDepth: 3; ","itype: liTS_CANDIDATE; ledgerHash: ""u\315\243\367\211\2625\240r:n\277\003\026\366\353'\216jy9\\001\220\223~\341j\254O\025\257""; nodeIDs: ""\000\000\000\000\000\000\000\000\000\000\000\000\000\000\000\000\000\000\000\000\000\000\000\000\000\000\000\000\000\000\000\000\000""; queryType: qtINDIRECT; queryDepth: 3; "
1750587267861,1750587267861,393,1,0,1,TMGetLedger,"itype: liTS_CANDIDATE; ledgerHash: ""u\315\243\367\211\2625\240r:n\277\003\026\366\353'\216jy9\\001\220\223~\341j\254O\025\257""; nodeIDs: ""\000\000\000\000\000\000\000\000\000\000\000\000\000\000\000\000\000\000\000\000\000\000\000\000\000\000\000\000\000\000\000\000\000""; queryType: qtINDIRECT; queryDepth: 3; ","itype: liTS_CANDIDATE; ledgerHash: ""u\315\243\367\211\2625\240r:n\277\003\026\366\353'\216jy9\\001\220\223~\341j\254O\025\257""; nodeIDs: ""\000\000\000\000\000\000\000\000\000\000\000\000\000\000\000\000\000\000\000\000\000\000\000\000\000\000\000\000\000\000\000\000\000""; queryType: qtINDIRECT; queryDepth: 3; "
1750587267862,1750587267862,1764,1,0,3,TMGetLedger,"itype: liTS_CANDIDATE; ledgerHash: ""u\315\243\367\211\2625\240r:n\277\003\026\366\353'\216jy9\\001\220\223~\341j\254O\025\257""; nodeIDs: ""\000\000\000\000\000\000\000\000\000\000\000\000\000\000\000\000\000\000\000\000\000\000\000\000\000\000\000\000\000\000\000\000\000""; queryType: qtINDIRECT; queryDepth: 3; ","itype: liTS_CANDIDATE; ledgerHash: ""u\315\243\367\211\2625\240r:n\277\003\026\366\353'\216jy9\\001\220\223~\341j\254O\025\257""; nodeIDs: ""\000\000\000\000\000\000\000\000\000\000\000\000\000\000\000\000\000\000\000\000\000\000\000\000\000\000\000\000\000\000\000\000\000""; queryType: qtINDIRECT; queryDepth: 3; "
1750587267863,1750587267863,190,1,0,1,TMProposeSet,"proposeSeq: 0; currentTxHash: ""\000\000\000\000\000\000\000\000\000\000\000\000\000\000\000\000\000\000\000\000\000\000\000\000\000\000\000\000\000\000\000\000""; nodePubKey: ""\003.\200\224\215?)t\306\315\242\313\251\255\302\204=\232.\271%}\013\024s\024\002@\216l""\241F""; closeTime: 803902466; signature: ""0E\002!\000\2205\313\032\360\232\206\207\235ew_\212\356\200y\321p\032\235\256\305\350\226f\276R\220M\366\3158\002 (c^\304\3455\310\330'\000\334v\212\036\333I\342\372\240\200\235\0144e\277\351\231\347\203\226\365\307""; previousledger: ""\241'\332/+\360Bx\036+\210j\237K%\340]\246E\2434\264K\036\030qP\317\315\336\325\007""; ","proposeSeq: 0; currentTxHash: ""\000\000\000\000\000\000\000\000\000\000\000\000\000\000\000\000\000\000\000\000\000\000\000\000\000\000\000\000\000\000\000\000""; nodePubKey: ""\003.\200\224\215?)t\306\315\242\313\251\255\302\204=\232.\271%}\013\024s\024\002@\216l""\241F""; closeTime: 803902466; signature: ""0E\002!\000\2205\313\032\360\232\206\207\235ew_\212\356\200y\321p\032\235\256\305\350\226f\276R\220M\366\3158\002 (c^\304\3455\310\330'\000\334v\212\036\333I\342\372\240\200\235\0144e\277\351\231\347\203\226\365\307""; previousledger: ""\241'\332/+\360Bx\036+\210j\237K%\340]\246E\2434\264K\036\030qP\317\315\336\325\007""; "
1750587267863,1750587267863,1290,1,0,2,TMProposeSet,"proposeSeq: 0; currentTxHash: ""\000\000\000\000\000\000\000\000\000\000\000\000\000\000\000\000\000\000\000\000\000\000\000\000\000\000\000\000\000\000\000\000""; nodePubKey: ""\003.\200\224\215?)t\306\315\242\313\251\255\302\204=\232.\271%}\013\024s\024\002@\216l""\241F""; closeTime: 803902466; signature: ""0E\002!\000\2205\313\032\360\232\206\207\235ew_\212\356\200y\321p\032\235\256\305\350\226f\276R\220M\366\3158\002 (c^\304\3455\310\330'\000\334v\212\036\333I\342\372\240\200\235\0144e\277\351\231\347\203\226\365\307""; previousledger: ""\241'\332/+\360Bx\036+\210j\237K%\340]\246E\2434\264K\036\030qP\317\315\336\325\007""; ","proposeSeq: 0; currentTxHash: ""\000\000\000\000\000\000\000\000\000\000\000\000\000\000\000\000\000\000\000\000\000\000\000\000\000\000\000\000\000\000\000\000""; nodePubKey: ""\003.\200\224\215?)t\306\315\242\313\251\255\302\204=\232.\271%}\013\024s\024\002@\216l""\241F""; closeTime: 803902466; signature: ""0E\002!\000\2205\313\032\360\232\206\207\235ew_\212\356\200y\321p\032\235\256\305\350\226f\276R\220M\366\3158\002 (c^\304\3455\310\330'\000\334v\212\036\333I\342\372\240\200\235\0144e\277\351\231\347\203\226\365\307""; previousledger: ""\241'\332/+\360Bx\036+\210j\237K%\340]\246E\2434\264K\036\030qP\317\315\336\325\007""; "
1750587267866,1750587267866,2609,1,3,4,TMHaveTransactionSet,"status: tsHAVE; hash: ""8h\232\211g)\354\005\246\256XI\265J\214\312}\261\211y\355]\0228j\360\0224\003\021%\014""; ","status: tsHAVE; hash: ""8h\232\211g)\354\005\246\256XI\265J\214\312}\261\211y\355]\0228j\360\0224\003\021%\014""; "
1750587267866,1750587267866,3807,1,3,1,TMHaveTransactionSet,"status: tsHAVE; hash: ""8h\232\211g)\354\005\246\256XI\265J\214\312}\261\211y\355]\0228j\360\0224\003\021%\014""; ","status: tsHAVE; hash: ""8h\232\211g)\354\005\246\256XI\265J\214\312}\261\211y\355]\0228j\360\0224\003\021%\014""; "
1750587267866,1750587267867,2173,1,3,2,TMHaveTransactionSet,"status: tsHAVE; hash: ""8h\232\211g)\354\005\246\256XI\265J\214\312}\261\211y\355]\0228j\360\0224\003\021%\014""; ","status: tsHAVE; hash: ""8h\232\211g)\354\005\246\256XI\265J\214\312}\261\211y\355]\0228j\360\0224\003\021%\014""; "
1750587267868,1750587267868,3656,1,3,1,TMProposeSet,"proposeSeq: 0; currentTxHash: ""8h\232\211g)\354\005\246\256XI\265J\214\312}\261\211y\355]\0228j\360\0224\003\021%\014""; nodePubKey: ""\003\325Q\255\224\274R@\312\253\262\347\352\034\346\347\242\215,\312\376=\277\353{\350\225\301\305`^, ""; closeTime: 803902467; signature: ""0E\002!\000\275^I\314\273z\201Jd\353D\274\006\341\344\240x\266\224\001}\0003\271\271\310\353\225\354\027\361\022\002 u\302={+%4\326'\223\034\354b\277\036q\321\277\353\2345}\232\307\033\361\032\\206\371\207Z""; previousledger: ""\241'\332/+\360Bx\036+\210j\237K%\340]\246E\2434\264K\036\030qP\317\315\336\325\007""; ","proposeSeq: 0; currentTxHash: ""8h\232\211g)\354\005\246\256XI\265J\214\312}\261\211y\355]\0228j\360\0224\003\021%\014""; nodePubKey: ""\003\325Q\255\224\274R@\312\253\262\347\352\034\346\347\242\215,\312\376=\277\353{\350\225\301\305`^, ""; closeTime: 803902467; signature: ""0E\002!\000\275^I\314\273z\201Jd\353D\274\006\341\344\240x\266\224\001}\0003\271\271\310\353\225\354\027\361\022\002 u\302={+%4\326'\223\034\354b\277\036q\321\277\353\2345}\232\307\033\361\032\\206\371\207Z""; previousledger: ""\241'\332/+\360Bx\036+\210j\237K%\340]\246E\2434\264K\036\030qP\317\315\336\325\007""; "
1750587267869,1750587267869,483,1,3,4,TMProposeSet,"proposeSeq: 0; currentTxHash: ""8h\232\211g)\354\005\246\256XI\265J\214\312}\261\211y\355]\0228j\360\0224\003\021%\014""; nodePubKey: ""\003\325Q\255\224\274R@\312\253\262\347\352\034\346\347\242\215,\312\376=\277\353{\350\225\301\305`^, ""; closeTime: 803902467; signature: ""0E\002!\000\275^I\314\273z\201Jd\353D\274\006\341\344\240x\266\224\001}\0003\271\271\310\353\225\354\027\361\022\002 u\302={+%4\326'\223\034\354b\277\036q\321\277\353\2345}\232\307\033\361\032\\206\371\207Z""; previousledger: ""\241'\332/+\360Bx\036+\210j\237K%\340]\246E\2434\264K\036\030qP\317\315\336\325\007""; ","proposeSeq: 0; currentTxHash: ""8h\232\211g)\354\005\246\256XI\265J\214\312}\261\211y\355]\0228j\360\0224\003\021%\014""; nodePubKey: ""\003\325Q\255\224\274R@\312\253\262\347\352\034\346\347\242\215,\312\376=\277\353{\350\225\301\305`^, ""; closeTime: 803902467; signature: ""0E\002!\000\275^I\314\273z\201Jd\353D\274\006\341\344\240x\266\224\001}\0003\271\271\310\353\225\354\027\361\022\002 u\302={+%4\326'\223\034\354b\277\036q\321\277\353\2345}\232\307\033\361\032\\206\371\207Z""; previousledger: ""\241'\332/+\360Bx\036+\210j\237K%\340]\246E\2434\264K\036\030qP\317\315\336\325\007""; "
1750587267869,1750587267869,1317,1,3,2,TMProposeSet,"proposeSeq: 0; currentTxHash: ""8h\232\211g)\354\005\246\256XI\265J\214\312}\261\211y\355]\0228j\360\0224\003\021%\014""; nodePubKey: ""\003\325Q\255\224\274R@\312\253\262\347\352\034\346\347\242\215,\312\376=\277\353{\350\225\301\305`^, ""; closeTime: 803902467; signature: ""0E\002!\000\275^I\314\273z\201Jd\353D\274\006\341\344\240x\266\224\001}\0003\271\271\310\353\225\354\027\361\022\002 u\302={+%4\326'\223\034\354b\277\036q\321\277\353\2345}\232\307\033\361\032\\206\371\207Z""; previousledger: ""\241'\332/+\360Bx\036+\210j\237K%\340]\246E\2434\264K\036\030qP\317\315\336\325\007""; ","proposeSeq: 0; currentTxHash: ""8h\232\211g)\354\005\246\256XI\265J\214\312}\261\211y\355]\0228j\360\0224\003\021%\014""; nodePubKey: ""\003\325Q\255\224\274R@\312\253\262\347\352\034\346\347\242\215,\312\376=\277\353{\350\225\301\305`^, ""; closeTime: 803902467; signature: ""0E\002!\000\275^I\314\273z\201Jd\353D\274\006\341\344\240x\266\224\001}\0003\271\271\310\353\225\354\027\361\022\002 u\302={+%4\326'\223\034\354b\277\036q\321\277\353\2345}\232\307\033\361\032\\206\371\207Z""; previousledger: ""\241'\332/+\360Bx\036+\210j\237K%\340]\246E\2434\264K\036\030qP\317\315\336\325\007""; "
1750587267876,1750587267876,141,1,0,3,TMProposeSet,"proposeSeq: 0; currentTxHash: ""\000\000\000\000\000\000\000\000\000\000\000\000\000\000\000\000\000\000\000\000\000\000\000\000\000\000\000\000\000\000\000\000""; nodePubKey: ""\003.\200\224\215?)t\306\315\242\313\251\255\302\204=\232.\271%}\013\024s\024\002@\216l""\241F""; closeTime: 803902466; signature: ""0E\002!\000\2205\313\032\360\232\206\207\235ew_\212\356\200y\321p\032\235\256\305\350\226f\276R\220M\366\3158\002 (c^\304\3455\310\330'\000\334v\212\036\333I\342\372\240\200\235\0144e\277\351\231\347\203\226\365\307""; previousledger: ""\241'\332/+\360Bx\036+\210j\237K%\340]\246E\2434\264K\036\030qP\317\315\336\325\007""; ","proposeSeq: 0; currentTxHash: ""\000\000\000\000\000\000\000\000\000\000\000\000\000\000\000\000\000\000\000\000\000\000\000\000\000\000\000\000\000\000\000\000""; nodePubKey: ""\003.\200\224\215?)t\306\315\242\313\251\255\302\204=\232.\271%}\013\024s\024\002@\216l""\241F""; closeTime: 803902466; signature: ""0E\002!\000\2205\313\032\360\232\206\207\235ew_\212\356\200y\321p\032\235\256\305\350\226f\276R\220M\366\3158\002 (c^\304\3455\310\330'\000\334v\212\036\333I\342\372\240\200\235\0144e\277\351\231\347\203\226\365\307""; previousledger: ""\241'\332/+\360Bx\036+\210j\237K%\340]\246E\2434\264K\036\030qP\317\315\336\325\007""; "
1750587267891,1750587267892,393,1,0,1,TMGetLedger,"itype: liTS_CANDIDATE; ledgerHash: ""u\315\243\367\211\2625\240r:n\277\003\026\366\353'\216jy9\\001\220\223~\341j\254O\025\257""; nodeIDs: ""\000\000\000\000\000\000\000\000\000\000\000\000\000\000\000\000\000\000\000\000\000\000\000\000\000\000\000\000\000\000\000\000\000""; requestCookie: 4; queryType: qtINDIRECT; queryDepth: 3; ","itype: liTS_CANDIDATE; ledgerHash: ""u\315\243\367\211\2625\240r:n\277\003\026\366\353'\216jy9\\001\220\223~\341j\254O\025\257""; nodeIDs: ""\000\000\000\000\000\000\000\000\000\000\000\000\000\000\000\000\000\000\000\000\000\000\000\000\000\000\000\000\000\000\000\000\000""; requestCookie: 4; queryType: qtINDIRECT; queryDepth: 3; "
1750587267864,1750587267905,972,1,3,4,TMStatusChange,"newEvent: neCLOSING_LEDGER; ledgerSeq: 4; ledgerHash: ""\241'\332/+\360Bx\036+\210j\237K%\340]\246E\2434\264K\036\030qP\317\315\336\325\007""; ledgerHashPrevious: ""T\270\242(,&\233\326\374o\306[\235\317>\021e\005s\261\371l\216\017\003\032\017J\217\244W<""; networkTime: 803902467; firstSeq: 1; lastSeq: 4; ","newEvent: neCLOSING_LEDGER; ledgerSeq: 4; ledgerHash: ""\241'\332/+\360Bx\036+\210j\237K%\340]\246E\2434\264K\036\030qP\317\315\336\325\007""; ledgerHashPrevious: ""T\270\242(,&\233\326\374o\306[\235\317>\021e\005s\261\371l\216\017\003\032\017J\217\244W<""; networkTime: 803902467; firstSeq: 1; lastSeq: 4; "
1750587267867,1750587267905,854,1,3,2,TMStatusChange,"newEvent: neCLOSING_LEDGER; ledgerSeq: 4; ledgerHash: ""\241'\332/+\360Bx\036+\210j\237K%\340]\246E\2434\264K\036\030qP\317\315\336\325\007""; ledgerHashPrevious: ""T\270\242(,&\233\326\374o\306[\235\317>\021e\005s\261\371l\216\017\003\032\017J\217\244W<""; networkTime: 803902467; firstSeq: 1; lastSeq: 4; ","newEvent: neCLOSING_LEDGER; ledgerSeq: 4; ledgerHash: ""\241'\332/+\360Bx\036+\210j\237K%\340]\246E\2434\264K\036\030qP\317\315\336\325\007""; ledgerHashPrevious: ""T\270\242(,&\233\326\374o\306[\235\317>\021e\005s\261\371l\216\017\003\032\017J\217\244W<""; networkTime: 803902467; firstSeq: 1; lastSeq: 4; "
1750587267867,1750587267906,1591,1,3,1,TMStatusChange,"newEvent: neCLOSING_LEDGER; ledgerSeq: 4; ledgerHash: ""\241'\332/+\360Bx\036+\210j\237K%\340]\246E\2434\264K\036\030qP\317\315\336\325\007""; ledgerHashPrevious: ""T\270\242(,&\233\326\374o\306[\235\317>\021e\005s\261\371l\216\017\003\032\017J\217\244W<""; networkTime: 803902467; firstSeq: 1; lastSeq: 4; ","newEvent: neCLOSING_LEDGER; ledgerSeq: 4; ledgerHash: ""\241'\332/+\360Bx\036+\210j\237K%\340]\246E\2434\264K\036\030qP\317\315\336\325\007""; ledgerHashPrevious: ""T\270\242(,&\233\326\374o\306[\235\317>\021e\005s\261\371l\216\017\003\032\017J\217\244W<""; networkTime: 803902467; firstSeq: 1; lastSeq: 4; "
1750587267869,1750587267906,1393,1,3,0,TMStatusChange,"newEvent: neCLOSING_LEDGER; ledgerSeq: 4; ledgerHash: ""\241'\332/+\360Bx\036+\210j\237K%\340]\246E\2434\264K\036\030qP\317\315\336\325\007""; ledgerHashPrevious: ""T\270\242(,&\233\326\374o\306[\235\317>\021e\005s\261\371l\216\017\003\032\017J\217\244W<""; networkTime: 803902467; firstSeq: 1; lastSeq: 4; ","newEvent: neCLOSING_LEDGER; ledgerSeq: 4; ledgerHash: ""\241'\332/+\360Bx\036+\210j\237K%\340]\246E\2434\264K\036\030qP\317\315\336\325\007""; ledgerHashPrevious: ""T\270\242(,&\233\326\374o\306[\235\317>\021e\005s\261\371l\216\017\003\032\017J\217\244W<""; networkTime: 803902467; firstSeq: 1; lastSeq: 4; "
1750587267908,1750587267908,443,1,3,0,TMProposeSet,"proposeSeq: 0; currentTxHash: ""8h\232\211g)\354\005\246\256XI\265J\214\312}\261\211y\355]\0228j\360\0224\003\021%\014""; nodePubKey: ""\003\325Q\255\224\274R@\312\253\262\347\352\034\346\347\242\215,\312\376=\277\353{\350\225\301\305`^, ""; closeTime: 803902467; signature: ""0E\002!\000\275^I\314\273z\201Jd\353D\274\006\341\344\240x\266\224\001}\0003\271\271\310\353\225\354\027\361\022\002 u\302={+%4\326'\223\034\354b\277\036q\321\277\353\2345}\232\307\033\361\032\\206\371\207Z""; previousledger: ""\241'\332/+\360Bx\036+\210j\237K%\340]\246E\2434\264K\036\030qP\317\315\336\325\007""; ","proposeSeq: 0; currentTxHash: ""8h\232\211g)\354\005\246\256XI\265J\214\312}\261\211y\355]\0228j\360\0224\003\021%\014""; nodePubKey: ""\003\325Q\255\224\274R@\312\253\262\347\352\034\346\347\242\215,\312\376=\277\353{\350\225\301\305`^, ""; closeTime: 803902467; signature: ""0E\002!\000\275^I\314\273z\201Jd\353D\274\006\341\344\240x\266\224\001}\0003\271\271\310\353\225\354\027\361\022\002 u\302={+%4\326'\223\034\354b\277\036q\321\277\353\2345}\232\307\033\361\032\\206\371\207Z""; previousledger: ""\241'\332/+\360Bx\036+\210j\237K%\340]\246E\2434\264K\036\030qP\317\315\336\325\007""; "
1750587267909,1750587267909,506,1,3,0,TMHaveTransactionSet,"status: tsHAVE; hash: ""8h\232\211g)\354\005\246\256XI\265J\214\312}\261\211y\355]\0228j\360\0224\003\021%\014""; ","status: tsHAVE; hash: ""8h\232\211g)\354\005\246\256XI\265J\214\312}\261\211y\355]\0228j\360\0224\003\021%\014""; "
1750587267939,1750587267940,2472,1,1,2,TMLedgerData,"ledgerHash: ""u\315\243\367\211\2625\240r:n\277\003\026\366\353'\216jy9\\001\220\223~\341j\254O\025\257""; ledgerSeq: 0; type: liTS_CANDIDATE; nodes {;   nodedata: ""\246C\232\272\013^\241\340~\030'\005/\234\037\355\231\230\017\266\365\303w\360\273\374\234\362S:\270\023\n\003"";   nodeid: ""\000\000\000\000\000\000\000\000\000\000\000\000\000\000\000\000\000\000\000\000\000\000\000\000\000\000\000\000\000\000\000\000\000""; }; requestCookie: 4; ","ledgerHash: ""u\315\243\367\211\2625\240r:n\277\003\026\366\353'\216jy9\\001\220\223~\341j\254O\025\257""; ledgerSeq: 0; type: liTS_CANDIDATE; nodes {;   nodedata: ""\246C\232\272\013^\241\340~\030'\005/\234\037\355\231\230\017\266\365\303w\360\273\374\234\362S:\270\023\n\003"";   nodeid: ""\000\000\000\000\000\000\000\000\000\000\000\000\000\000\000\000\000\000\000\000\000\000\000\000\000\000\000\000\000\000\000\000\000""; }; requestCookie: 4; "
1750587268005,1750587268005,2142,1,3,1,TMGetLedger,"itype: liTS_CANDIDATE; ledgerHash: ""u\315\243\367\211\2625\240r:n\277\003\026\366\353'\216jy9\\001\220\223~\341j\254O\025\257""; nodeIDs: ""\000\000\000\000\000\000\000\000\000\000\000\000\000\000\000\000\000\000\000\000\000\000\000\000\000\000\000\000\000\000\000\000\000""; queryType: qtINDIRECT; queryDepth: 3; ","itype: liTS_CANDIDATE; ledgerHash: ""u\315\243\367\211\2625\240r:n\277\003\026\366\353'\216jy9\\001\220\223~\341j\254O\025\257""; nodeIDs: ""\000\000\000\000\000\000\000\000\000\000\000\000\000\000\000\000\000\000\000\000\000\000\000\000\000\000\000\000\000\000\000\000\000""; queryType: qtINDIRECT; queryDepth: 3; "
1750587268006,1750587268006,1590,1,3,2,TMGetLedger,"itype: liTS_CANDIDATE; ledgerHash: ""u\315\243\367\211\2625\240r:n\277\003\026\366\353'\216jy9\\001\220\223~\341j\254O\025\257""; nodeIDs: ""\000\000\000\000\000\000\000\000\000\000\000\000\000\000\000\000\000\000\000\000\000\000\000\000\000\000\000\000\000\000\000\000\000""; queryType: qtINDIRECT; queryDepth: 3; ","itype: liTS_CANDIDATE; ledgerHash: ""u\315\243\367\211\2625\240r:n\277\003\026\366\353'\216jy9\\001\220\223~\341j\254O\025\257""; nodeIDs: ""\000\000\000\000\000\000\000\000\000\000\000\000\000\000\000\000\000\000\000\000\000\000\000\000\000\000\000\000\000\000\000\000\000""; queryType: qtINDIRECT; queryDepth: 3; "
1750587268007,1750587268007,3118,1,3,4,TMGetLedger,"itype: liTS_CANDIDATE; ledgerHash: ""u\315\243\367\211\2625\240r:n\277\003\026\366\353'\216jy9\\001\220\223~\341j\254O\025\257""; nodeIDs: ""\000\000\000\000\000\000\000\000\000\000\000\000\000\000\000\000\000\000\000\000\000\000\000\000\000\000\000\000\000\000\000\000\000""; queryType: qtINDIRECT; queryDepth: 3; ","itype: liTS_CANDIDATE; ledgerHash: ""u\315\243\367\211\2625\240r:n\277\003\026\366\353'\216jy9\\001\220\223~\341j\254O\025\257""; nodeIDs: ""\000\000\000\000\000\000\000\000\000\000\000\000\000\000\000\000\000\000\000\000\000\000\000\000\000\000\000\000\000\000\000\000\000""; queryType: qtINDIRECT; queryDepth: 3; "
1750587268006,1750587268006,1136,1,3,0,TMGetLedger,"itype: liTS_CANDIDATE; ledgerHash: ""u\315\243\367\211\2625\240r:n\277\003\026\366\353'\216jy9\\001\220\223~\341j\254O\025\257""; nodeIDs: ""\000\000\000\000\000\000\000\000\000\000\000\000\000\000\000\000\000\000\000\000\000\000\000\000\000\000\000\000\000\000\000\000\000""; queryType: qtINDIRECT; queryDepth: 3; ","itype: liTS_CANDIDATE; ledgerHash: ""u\315\243\367\211\2625\240r:n\277\003\026\366\353'\216jy9\\001\220\223~\341j\254O\025\257""; nodeIDs: ""\000\000\000\000\000\000\000\000\000\000\000\000\000\000\000\000\000\000\000\000\000\000\000\000\000\000\000\000\000\000\000\000\000""; queryType: qtINDIRECT; queryDepth: 3; "
1750587268008,1750587268008,2655,1,1,0,TMLedgerData,"ledgerHash: ""u\315\243\367\211\2625\240r:n\277\003\026\366\353'\216jy9\\001\220\223~\341j\254O\025\257""; ledgerSeq: 0; type: liTS_CANDIDATE; nodes {;   nodedata: ""\246C\232\272\013^\241\340~\030'\005/\234\037\355\231\230\017\266\365\303w\360\273\374\234\362S:\270\023\n\003"";   nodeid: ""\000\000\000\000\000\000\000\000\000\000\000\000\000\000\000\000\000\000\000\000\000\000\000\000\000\000\000\000\000\000\000\000\000""; }; ","ledgerHash: ""u\315\243\367\211\2625\240r:n\277\003\026\366\353'\216jy9\\001\220\223~\341j\254O\025\257""; ledgerSeq: 0; type: liTS_CANDIDATE; nodes {;   nodedata: ""\246C\232\272\013^\241\340~\030'\005/\234\037\355\231\230\017\266\365\303w\360\273\374\234\362S:\270\023\n\003"";   nodeid: ""\000\000\000\000\000\000\000\000\000\000\000\000\000\000\000\000\000\000\000\000\000\000\000\000\000\000\000\000\000\000\000\000\000""; }; "
1750587268016,1750587268016,149,1,4,2,TMTransaction,"rawTransaction: ""\022\000\000""\000\000\000\000$\000\000\000\002 \033\000\000\000\027a@\000\000\027H\206*@h@\000\000\000\000\000\000\ns!\0030\347\374\235V\273%\326\211;\243\363\027\256[\3173\263)\033\326=\263&T\243\023""/\177\320 tG0E\002!\000\354\026Q~\030\260\230\312\233p\304\177>\274\255\213\032!\016\355\331\243\222\312%\364\027\357\224\037\371[\002 =\214\276+a}GM\202\370!\322\021\221\r-\P\030M?a\nUJ<\020u\207P\203\316\201\024\265\367by\212S\325C\240\024\312\370\262\227\317\370\362\3717\350\203\024\023\252#\014BS\272`\277B\346\245]\332\351o'013""; status: tsCURRENT; receiveTimestamp: 803902468; deferred: false; ","rawTransaction: ""\022\000\000""\000\000\000\000$\000\000\000\002 \033\000\000\000\027a@\000\000\027H\206*@h@\000\000\000\000\000\000\ns!\0030\347\374\235V\273%\326\211;\243\363\027\256[\3173\263)\033\326=\263&T\243\023""/\177\320 tG0E\002!\000\354\026Q~\030\260\230\312\233p\304\177>\274\255\213\032!\016\355\331\243\222\312%\364\027\357\224\037\371[\002 =\214\276+a}GM\202\370!\322\021\221\r-\P\030M?a\nUJ<\020u\207P\203\316\201\024\265\367by\212S\325C\240\024\312\370\262\227\317\370\362\3717\350\203\024\023\252#\014BS\272`\277B\346\245]\332\351o'013""; status: tsCURRENT; receiveTimestamp: 803902468; deferred: false; "
1750587268016,1750587268017,840,1,4,3,TMTransaction,"rawTransaction: ""\022\000\000""\000\000\000\000$\000\000\000\002 \033\000\000\000\027a@\000\000\027H\206*@h@\000\000\000\000\000\000\ns!\0030\347\374\235V\273%\326\211;\243\363\027\256[\3173\263)\033\326=\263&T\243\023""/\177\320 tG0E\002!\000\354\026Q~\030\260\230\312\233p\304\177>\274\255\213\032!\016\355\331\243\222\312%\364\027\357\224\037\371[\002 =\214\276+a}GM\202\370!\322\021\221\r-\P\030M?a\nUJ<\020u\207P\203\316\201\024\265\367by\212S\325C\240\024\312\370\262\227\317\370\362\3717\350\203\024\023\252#\014BS\272`\277B\346\245]\332\351o'013""; status: tsCURRENT; receiveTimestamp: 803902468; deferred: false; ","rawTransaction: ""\022\000\000""\000\000\000\000$\000\000\000\002 \033\000\000\000\027a@\000\000\027H\206*@h@\000\000\000\000\000\000\ns!\0030\347\374\235V\273%\326\211;\243\363\027\256[\3173\263)\033\326=\263&T\243\023""/\177\320 tG0E\002!\000\354\026Q~\030\260\230\312\233p\304\177>\274\255\213\032!\016\355\331\243\222\312%\364\027\357\224\037\371[\002 =\214\276+a}GM\202\370!\322\021\221\r-\P\030M?a\nUJ<\020u\207P\203\316\201\024\265\367by\212S\325C\240\024\312\370\262\227\317\370\362\3717\350\203\024\023\252#\014BS\272`\277B\346\245]\332\351o'013""; status: tsCURRENT; receiveTimestamp: 803902468; deferred: false; "
1750587268016,1750587268017,3004,1,4,0,TMTransaction,"rawTransaction: ""\022\000\000""\000\000\000\000$\000\000\000\002 \033\000\000\000\027a@\000\000\027H\206*@h@\000\000\000\000\000\000\ns!\0030\347\374\235V\273%\326\211;\243\363\027\256[\3173\263)\033\326=\263&T\243\023""/\177\320 tG0E\002!\000\354\026Q~\030\260\230\312\233p\304\177>\274\255\213\032!\016\355\331\243\222\312%\364\027\357\224\037\371[\002 =\214\276+a}GM\202\370!\322\021\221\r-\P\030M?a\nUJ<\020u\207P\203\316\201\024\265\367by\212S\325C\240\024\312\370\262\227\317\370\362\3717\350\203\024\023\252#\014BS\272`\277B\346\245]\332\351o'013""; status: tsCURRENT; receiveTimestamp: 803902468; deferred: false; ","rawTransaction: ""\022\000\000""\000\000\000\000$\000\000\000\002 \033\000\000\000\027a@\000\000\027H\206*@h@\000\000\000\000\000\000\ns!\0030\347\374\235V\273%\326\211;\243\363\027\256[\3173\263)\033\326=\263&T\243\023""/\177\320 tG0E\002!\000\354\026Q~\030\260\230\312\233p\304\177>\274\255\213\032!\016\355\331\243\222\312%\364\027\357\224\037\371[\002 =\214\276+a}GM\202\370!\322\021\221\r-\P\030M?a\nUJ<\020u\207P\203\316\201\024\265\367by\212S\325C\240\024\312\370\262\227\317\370\362\3717\350\203\024\023\252#\014BS\272`\277B\346\245]\332\351o'013""; status: tsCURRENT; receiveTimestamp: 803902468; deferred: false; "
1750587268049,1750587268049,2655,1,1,0,TMLedgerData,"ledgerHash: ""u\315\243\367\211\2625\240r:n\277\003\026\366\353'\216jy9\\001\220\223~\341j\254O\025\257""; ledgerSeq: 0; type: liTS_CANDIDATE; nodes {;   nodedata: ""\246C\232\272\013^\241\340~\030'\005/\234\037\355\231\230\017\266\365\303w\360\273\374\234\362S:\270\023\n\003"";   nodeid: ""\000\000\000\000\000\000\000\000\000\000\000\000\000\000\000\000\000\000\000\000\000\000\000\000\000\000\000\000\000\000\000\000\000""; }; requestCookie: 4; ","ledgerHash: ""u\315\243\367\211\2625\240r:n\277\003\026\366\353'\216jy9\\001\220\223~\341j\254O\025\257""; ledgerSeq: 0; type: liTS_CANDIDATE; nodes {;   nodedata: ""\246C\232\272\013^\241\340~\030'\005/\234\037\355\231\230\017\266\365\303w\360\273\374\234\362S:\270\023\n\003"";   nodeid: ""\000\000\000\000\000\000\000\000\000\000\000\000\000\000\000\000\000\000\000\000\000\000\000\000\000\000\000\000\000\000\000\000\000""; }; requestCookie: 4; "
1750587268076,1750587268077,557,1,4,1,TMGetLedger,"itype: liTS_CANDIDATE; ledgerHash: ""u\315\243\367\211\2625\240r:n\277\003\026\366\353'\216jy9\\001\220\223~\341j\254O\025\257""; nodeIDs: ""\000\000\000\000\000\000\000\000\000\000\000\000\000\000\000\000\000\000\000\000\000\000\000\000\000\000\000\000\000\000\000\000\000""; requestCookie: 1; queryType: qtINDIRECT; queryDepth: 3; ","itype: liTS_CANDIDATE; ledgerHash: ""u\315\243\367\211\2625\240r:n\277\003\026\366\353'\216jy9\\001\220\223~\341j\254O\025\257""; nodeIDs: ""\000\000\000\000\000\000\000\000\000\000\000\000\000\000\000\000\000\000\000\000\000\000\000\000\000\000\000\000\000\000\000\000\000""; requestCookie: 1; queryType: qtINDIRECT; queryDepth: 3; "
1750587268096,1750587268096,342,1,2,1,TMGetLedger,"itype: liTS_CANDIDATE; ledgerHash: ""u\315\243\367\211\2625\240r:n\277\003\026\366\353'\216jy9\\001\220\223~\341j\254O\025\257""; nodeIDs: ""\000\000\000\000\000\000\000\000\000\000\000\000\000\000\000\000\000\000\000\000\000\000\000\000\000\000\000\000\000\000\000\000\000""; requestCookie: 4; queryType: qtINDIRECT; queryDepth: 3; ","itype: liTS_CANDIDATE; ledgerHash: ""u\315\243\367\211\2625\240r:n\277\003\026\366\353'\216jy9\\001\220\223~\341j\254O\025\257""; nodeIDs: ""\000\000\000\000\000\000\000\000\000\000\000\000\000\000\000\000\000\000\000\000\000\000\000\000\000\000\000\000\000\000\000\000\000""; requestCookie: 4; queryType: qtINDIRECT; queryDepth: 3; "
1750587268111,1750587268111,3414,1,0,2,TMGetLedger,"itype: liTS_CANDIDATE; ledgerHash: ""u\315\243\367\211\2625\240r:n\277\003\026\366\353'\216jy9\\001\220\223~\341j\254O\025\257""; nodeIDs: ""\000\000\000\000\000\000\000\000\000\000\000\000\000\000\000\000\000\000\000\000\000\000\000\000\000\000\000\000\000\000\000\000\000""; queryType: qtINDIRECT; queryDepth: 3; ","itype: liTS_CANDIDATE; ledgerHash: ""u\315\243\367\211\2625\240r:n\277\003\026\366\353'\216jy9\\001\220\223~\341j\254O\025\257""; nodeIDs: ""\000\000\000\000\000\000\000\000\000\000\000\000\000\000\000\000\000\000\000\000\000\000\000\000\000\000\000\000\000\000\000\000\000""; queryType: qtINDIRECT; queryDepth: 3; "
1750587268112,1750587268112,393,1,0,1,TMGetLedger,"itype: liTS_CANDIDATE; ledgerHash: ""u\315\243\367\211\2625\240r:n\277\003\026\366\353'\216jy9\\001\220\223~\341j\254O\025\257""; nodeIDs: ""\000\000\000\000\000\000\000\000\000\000\000\000\000\000\000\000\000\000\000\000\000\000\000\000\000\000\000\000\000\000\000\000\000""; queryType: qtINDIRECT; queryDepth: 3; ","itype: liTS_CANDIDATE; ledgerHash: ""u\315\243\367\211\2625\240r:n\277\003\026\366\353'\216jy9\\001\220\223~\341j\254O\025\257""; nodeIDs: ""\000\000\000\000\000\000\000\000\000\000\000\000\000\000\000\000\000\000\000\000\000\000\000\000\000\000\000\000\000\000\000\000\000""; queryType: qtINDIRECT; queryDepth: 3; "
1750587268112,1750587268112,1466,1,0,4,TMGetLedger,"itype: liTS_CANDIDATE; ledgerHash: ""u\315\243\367\211\2625\240r:n\277\003\026\366\353'\216jy9\\001\220\223~\341j\254O\025\257""; nodeIDs: ""\000\000\000\000\000\000\000\000\000\000\000\000\000\000\000\000\000\000\000\000\000\000\000\000\000\000\000\000\000\000\000\000\000""; queryType: qtINDIRECT; queryDepth: 3; ","itype: liTS_CANDIDATE; ledgerHash: ""u\315\243\367\211\2625\240r:n\277\003\026\366\353'\216jy9\\001\220\223~\341j\254O\025\257""; nodeIDs: ""\000\000\000\000\000\000\000\000\000\000\000\000\000\000\000\000\000\000\000\000\000\000\000\000\000\000\000\000\000\000\000\000\000""; queryType: qtINDIRECT; queryDepth: 3; "
1750587268112,1750587268112,1764,1,0,3,TMGetLedger,"itype: liTS_CANDIDATE; ledgerHash: ""u\315\243\367\211\2625\240r:n\277\003\026\366\353'\216jy9\\001\220\223~\341j\254O\025\257""; nodeIDs: ""\000\000\000\000\000\000\000\000\000\000\000\000\000\000\000\000\000\000\000\000\000\000\000\000\000\000\000\000\000\000\000\000\000""; queryType: qtINDIRECT; queryDepth: 3; ","itype: liTS_CANDIDATE; ledgerHash: ""u\315\243\367\211\2625\240r:n\277\003\026\366\353'\216jy9\\001\220\223~\341j\254O\025\257""; nodeIDs: ""\000\000\000\000\000\000\000\000\000\000\000\000\000\000\000\000\000\000\000\000\000\000\000\000\000\000\000\000\000\000\000\000\000""; queryType: qtINDIRECT; queryDepth: 3; "
1750587268125,1750587268125,2142,1,3,1,TMGetLedger,"itype: liTS_CANDIDATE; ledgerHash: ""u\315\243\367\211\2625\240r:n\277\003\026\366\353'\216jy9\\001\220\223~\341j\254O\025\257""; nodeIDs: ""\000\000\000\000\000\000\000\000\000\000\000\000\000\000\000\000\000\000\000\000\000\000\000\000\000\000\000\000\000\000\000\000\000""; requestCookie: 2; queryType: qtINDIRECT; queryDepth: 3; ","itype: liTS_CANDIDATE; ledgerHash: ""u\315\243\367\211\2625\240r:n\277\003\026\366\353'\216jy9\\001\220\223~\341j\254O\025\257""; nodeIDs: ""\000\000\000\000\000\000\000\000\000\000\000\000\000\000\000\000\000\000\000\000\000\000\000\000\000\000\000\000\000\000\000\000\000""; requestCookie: 2; queryType: qtINDIRECT; queryDepth: 3; "
1750587268129,1750587268129,1036,1,2,4,TMValidation,"validation: """"\200\000\000\001&\000\000\000\004)/\352\224\002:?HT\314/\177\320^Q\241'\332/+\360Bx\036+\210j\237K%\340]\246E\2434\264K\036\030qP\317\315\336\325\007P\027\000\000\000\000\000\000\000\000\000\000\000\000\000\000\000\000\000\000\000\000\000\000\000\000\000\000\000\000\000\000\000\000P\031T\270\242(,&\233\326\374o\306[\235\317>\021e\005s\261\371l\216\017\003\032\017J\217\244W<s!\003\343\005\311u\203\370\0338\3174\324\010\006\301\251\177\261\304eOX\262)FA-\022r\263wm\024vF0D\002 F\216W'\271\220\250\210\325\271\303\272\304\270\341\340\0030\335\323^\207\210a\374\331\017q\365\202\365\232\002 \006A\326A\313V\220P\0308\224\313\020\366L\363\302\375\261P\363\022\3412!(\270\340\257pq\262""; ","validation: """"\200\000\000\001&\000\000\000\004)/\352\224\002:?HT\314/\177\320^Q\241'\332/+\360Bx\036+\210j\237K%\340]\246E\2434\264K\036\030qP\317\315\336\325\007P\027\000\000\000\000\000\000\000\000\000\000\000\000\000\000\000\000\000\000\000\000\000\000\000\000\000\000\000\000\000\000\000\000P\031T\270\242(,&\233\326\374o\306[\235\317>\021e\005s\261\371l\216\017\003\032\017J\217\244W<s!\003\343\005\311u\203\370\0338\3174\324\010\006\301\251\177\261\304eOX\262)FA-\022r\263wm\024vF0D\002 F\216W'\271\220\250\210\325\271\303\272\304\270\341\340\0030\335\323^\207\210a\374\331\017q\365\202\365\232\002 \006A\326A\313V\220P\0308\224\313\020\366L\363\302\375\261P\363\022\3412!(\270\340\257pq\262""; "
1750587268130,1750587268130,3989,1,2,3,TMValidation,"validation: """"\200\000\000\001&\000\000\000\004)/\352\224\002:?HT\314/\177\320^Q\241'\332/+\360Bx\036+\210j\237K%\340]\246E\2434\264K\036\030qP\317\315\336\325\007P\027\000\000\000\000\000\000\000\000\000\000\000\000\000\000\000\000\000\000\000\000\000\000\000\000\000\000\000\000\000\000\000\000P\031T\270\242(,&\233\326\374o\306[\235\317>\021e\005s\261\371l\216\017\003\032\017J\217\244W<s!\003\343\005\311u\203\370\0338\3174\324\010\006\301\251\177\261\304eOX\262)FA-\022r\263wm\024vF0D\002 F\216W'\271\220\250\210\325\271\303\272\304\270\341\340\0030\335\323^\207\210a\374\331\017q\365\202\365\232\002 \006A\326A\313V\220P\0308\224\313\020\366L\363\302\375\261P\363\022\3412!(\270\340\257pq\262""; ","validation: """"\200\000\000\001&\000\000\000\004)/\352\224\002:?HT\314/\177\320^Q\241'\332/+\360Bx\036+\210j\237K%\340]\246E\2434\264K\036\030qP\317\315\336\325\007P\027\000\000\000\000\000\000\000\000\000\000\000\000\000\000\000\000\000\000\000\000\000\000\000\000\000\000\000\000\000\000\000\000P\031T\270\242(,&\233\326\374o\306[\235\317>\021e\005s\261\371l\216\017\003\032\017J\217\244W<s!\003\343\005\311u\203\370\0338\3174\324\010\006\301\251\177\261\304eOX\262)FA-\022r\263wm\024vF0D\002 F\216W'\271\220\250\210\325\271\303\272\304\270\341\340\0030\335\323^\207\210a\374\331\017q\365\202\365\232\002 \006A\326A\313V\220P\0308\224\313\020\366L\363\302\375\261P\363\022\3412!(\270\340\257pq\262""; "
1750587268130,1750587268130,3488,1,2,0,TMValidation,"validation: """"\200\000\000\001&\000\000\000\004)/\352\224\002:?HT\314/\177\320^Q\241'\332/+\360Bx\036+\210j\237K%\340]\246E\2434\264K\036\030qP\317\315\336\325\007P\027\000\000\000\000\000\000\000\000\000\000\000\000\000\000\000\000\000\000\000\000\000\000\000\000\000\000\000\000\000\000\000\000P\031T\270\242(,&\233\326\374o\306[\235\317>\021e\005s\261\371l\216\017\003\032\017J\217\244W<s!\003\343\005\311u\203\370\0338\3174\324\010\006\301\251\177\261\304eOX\262)FA-\022r\263wm\024vF0D\002 F\216W'\271\220\250\210\325\271\303\272\304\270\341\340\0030\335\323^\207\210a\374\331\017q\365\202\365\232\002 \006A\326A\313V\220P\0308\224\313\020\366L\363\302\375\261P\363\022\3412!(\270\340\257pq\262""; ","validation: """"\200\000\000\001&\000\000\000\004)/\352\224\002:?HT\314/\177\320^Q\241'\332/+\360Bx\036+\210j\237K%\340]\246E\2434\264K\036\030qP\317\315\336\325\007P\027\000\000\000\000\000\000\000\000\000\000\000\000\000\000\000\000\000\000\000\000\000\000\000\000\000\000\000\000\000\000\000\000P\031T\270\242(,&\233\326\374o\306[\235\317>\021e\005s\261\371l\216\017\003\032\017J\217\244W<s!\003\343\005\311u\203\370\0338\3174\324\010\006\301\251\177\261\304eOX\262)FA-\022r\263wm\024vF0D\002 F\216W'\271\220\250\210\325\271\303\272\304\270\341\340\0030\335\323^\207\210a\374\331\017q\365\202\365\232\002 \006A\326A\313V\220P\0308\224\313\020\366L\363\302\375\261P\363\022\3412!(\270\340\257pq\262""; "
1750587268141,1750587268141,393,1,0,1,TMGetLedger,"itype: liTS_CANDIDATE; ledgerHash: ""u\315\243\367\211\2625\240r:n\277\003\026\366\353'\216jy9\\001\220\223~\341j\254O\025\257""; nodeIDs: ""\000\000\000\000\000\000\000\000\000\000\000\000\000\000\000\000\000\000\000\000\000\000\000\000\000\000\000\000\000\000\000\000\000""; requestCookie: 4; queryType: qtINDIRECT; queryDepth: 3; ","itype: liTS_CANDIDATE; ledgerHash: ""u\315\243\367\211\2625\240r:n\277\003\026\366\353'\216jy9\\001\220\223~\341j\254O\025\257""; nodeIDs: ""\000\000\000\000\000\000\000\000\000\000\000\000\000\000\000\000\000\000\000\000\000\000\000\000\000\000\000\000\000\000\000\000\000""; requestCookie: 4; queryType: qtINDIRECT; queryDepth: 3; "
1750587268142,1750587268142,3538,1,1,3,TMProposeSet,"proposeSeq: 0; currentTxHash: ""\000\000\000\000\000\000\000\000\000\000\000\000\000\000\000\000\000\000\000\000\000\000\000\000\000\000\000\000\000\000\000\000""; nodePubKey: ""\003ql\302)\235\321\t\213\224\356\374%%\311\327\037\374\304\t\335\2359\344\233\035]\347<u\236\364\222""; closeTime: 803902466; signature: ""0E\002!\000\201\033\254\014\205Ab8.\237\000UKb\337~G\347H\031\005,u\275wV\014\360\320\356\236\334\002 *\273\335D&\021\\n\343J\221\306S\020$\020/\347\013>t\213\313|\031\377k\0302\301\200\325""; previousledger: ""\241'\332/+\360Bx\036+\210j\237K%\340]\246E\2434\264K\036\030qP\317\315\336\325\007""; ","proposeSeq: 0; currentTxHash: ""\000\000\000\000\000\000\000\000\000\000\000\000\000\000\000\000\000\000\000\000\000\000\000\000\000\000\000\000\000\000\000\000""; nodePubKey: ""\003ql\302)\235\321\t\213\224\356\374%%\311\327\037\374\304\t\335\2359\344\233\035]\347<u\236\364\222""; closeTime: 803902466; signature: ""0E\002!\000\201\033\254\014\205Ab8.\237\000UKb\337~G\347H\031\005,u\275wV\014\360\320\356\236\334\002 *\273\335D&\021\\n\343J\221\306S\020$\020/\347\013>t\213\313|\031\377k\0302\301\200\325""; previousledger: ""\241'\332/+\360Bx\036+\210j\237K%\340]\246E\2434\264K\036\030qP\317\315\336\325\007""; "
1750587268142,1750587268143,3375,1,1,4,TMProposeSet,"proposeSeq: 0; currentTxHash: ""\000\000\000\000\000\000\000\000\000\000\000\000\000\000\000\000\000\000\000\000\000\000\000\000\000\000\000\000\000\000\000\000""; nodePubKey: ""\003ql\302)\235\321\t\213\224\356\374%%\311\327\037\374\304\t\335\2359\344\233\035]\347<u\236\364\222""; closeTime: 803902466; signature: ""0E\002!\000\201\033\254\014\205Ab8.\237\000UKb\337~G\347H\031\005,u\275wV\014\360\320\356\236\334\002 *\273\335D&\021\\n\343J\221\306S\020$\020/\347\013>t\213\313|\031\377k\0302\301\200\325""; previousledger: ""\241'\332/+\360Bx\036+\210j\237K%\340]\246E\2434\264K\036\030qP\317\315\336\325\007""; ","proposeSeq: 0; currentTxHash: ""\000\000\000\000\000\000\000\000\000\000\000\000\000\000\000\000\000\000\000\000\000\000\000\000\000\000\000\000\000\000\000\000""; nodePubKey: ""\003ql\302)\235\321\t\213\224\356\374%%\311\327\037\374\304\t\335\2359\344\233\035]\347<u\236\364\222""; closeTime: 803902466; signature: ""0E\002!\000\201\033\254\014\205Ab8.\237\000UKb\337~G\347H\031\005,u\275wV\014\360\320\356\236\334\002 *\273\335D&\021\\n\343J\221\306S\020$\020/\347\013>t\213\313|\031\377k\0302\301\200\325""; previousledger: ""\241'\332/+\360Bx\036+\210j\237K%\340]\246E\2434\264K\036\030qP\317\315\336\325\007""; "
1750587268143,1750587268143,926,1,1,0,TMProposeSet,"proposeSeq: 0; currentTxHash: ""\000\000\000\000\000\000\000\000\000\000\000\000\000\000\000\000\000\000\000\000\000\000\000\000\000\000\000\000\000\000\000\000""; nodePubKey: ""\003ql\302)\235\321\t\213\224\356\374%%\311\327\037\374\304\t\335\2359\344\233\035]\347<u\236\364\222""; closeTime: 803902466; signature: ""0E\002!\000\201\033\254\014\205Ab8.\237\000UKb\337~G\347H\031\005,u\275wV\014\360\320\356\236\334\002 *\273\335D&\021\\n\343J\221\306S\020$\020/\347\013>t\213\313|\031\377k\0302\301\200\325""; previousledger: ""\241'\332/+\360Bx\036+\210j\237K%\340]\246E\2434\264K\036\030qP\317\315\336\325\007""; ","proposeSeq: 0; currentTxHash: ""\000\000\000\000\000\000\000\000\000\000\000\000\000\000\000\000\000\000\000\000\000\000\000\000\000\000\000\000\000\000\000\000""; nodePubKey: ""\003ql\302)\235\321\t\213\224\356\374%%\311\327\037\374\304\t\335\2359\344\233\035]\347<u\236\364\222""; closeTime: 803902466; signature: ""0E\002!\000\201\033\254\014\205Ab8.\237\000UKb\337~G\347H\031\005,u\275wV\014\360\320\356\236\334\002 *\273\335D&\021\\n\343J\221\306S\020$\020/\347\013>t\213\313|\031\377k\0302\301\200\325""; previousledger: ""\241'\332/+\360Bx\036+\210j\237K%\340]\246E\2434\264K\036\030qP\317\315\336\325\007""; "
1750587268255,1750587268255,1136,1,3,0,TMGetLedger,"itype: liTS_CANDIDATE; ledgerHash: ""u\315\243\367\211\2625\240r:n\277\003\026\366\353'\216jy9\\001\220\223~\341j\254O\025\257""; nodeIDs: ""\000\000\000\000\000\000\000\000\000\000\000\000\000\000\000\000\000\000\000\000\000\000\000\000\000\000\000\000\000\000\000\000\000""; queryType: qtINDIRECT; queryDepth: 3; ","itype: liTS_CANDIDATE; ledgerHash: ""u\315\243\367\211\2625\240r:n\277\003\026\366\353'\216jy9\\001\220\223~\341j\254O\025\257""; nodeIDs: ""\000\000\000\000\000\000\000\000\000\000\000\000\000\000\000\000\000\000\000\000\000\000\000\000\000\000\000\000\000\000\000\000\000""; queryType: qtINDIRECT; queryDepth: 3; "
1750587268256,1750587268256,1590,1,3,2,TMGetLedger,"itype: liTS_CANDIDATE; ledgerHash: ""u\315\243\367\211\2625\240r:n\277\003\026\366\353'\216jy9\\001\220\223~\341j\254O\025\257""; nodeIDs: ""\000\000\000\000\000\000\000\000\000\000\000\000\000\000\000\000\000\000\000\000\000\000\000\000\000\000\000\000\000\000\000\000\000""; queryType: qtINDIRECT; queryDepth: 3; ","itype: liTS_CANDIDATE; ledgerHash: ""u\315\243\367\211\2625\240r:n\277\003\026\366\353'\216jy9\\001\220\223~\341j\254O\025\257""; nodeIDs: ""\000\000\000\000\000\000\000\000\000\000\000\000\000\000\000\000\000\000\000\000\000\000\000\000\000\000\000\000\000\000\000\000\000""; queryType: qtINDIRECT; queryDepth: 3; "
1750587268256,1750587268256,2142,1,3,1,TMGetLedger,"itype: liTS_CANDIDATE; ledgerHash: ""u\315\243\367\211\2625\240r:n\277\003\026\366\353'\216jy9\\001\220\223~\341j\254O\025\257""; nodeIDs: ""\000\000\000\000\000\000\000\000\000\000\000\000\000\000\000\000\000\000\000\000\000\000\000\000\000\000\000\000\000\000\000\000\000""; queryType: qtINDIRECT; queryDepth: 3; ","itype: liTS_CANDIDATE; ledgerHash: ""u\315\243\367\211\2625\240r:n\277\003\026\366\353'\216jy9\\001\220\223~\341j\254O\025\257""; nodeIDs: ""\000\000\000\000\000\000\000\000\000\000\000\000\000\000\000\000\000\000\000\000\000\000\000\000\000\000\000\000\000\000\000\000\000""; queryType: qtINDIRECT; queryDepth: 3; "
1750587268257,1750587268257,3118,1,3,4,TMGetLedger,"itype: liTS_CANDIDATE; ledgerHash: ""u\315\243\367\211\2625\240r:n\277\003\026\366\353'\216jy9\\001\220\223~\341j\254O\025\257""; nodeIDs: ""\000\000\000\000\000\000\000\000\000\000\000\000\000\000\000\000\000\000\000\000\000\000\000\000\000\000\000\000\000\000\000\000\000""; queryType: qtINDIRECT; queryDepth: 3; ","itype: liTS_CANDIDATE; ledgerHash: ""u\315\243\367\211\2625\240r:n\277\003\026\366\353'\216jy9\\001\220\223~\341j\254O\025\257""; nodeIDs: ""\000\000\000\000\000\000\000\000\000\000\000\000\000\000\000\000\000\000\000\000\000\000\000\000\000\000\000\000\000\000\000\000\000""; queryType: qtINDIRECT; queryDepth: 3; "
1750587268257,1750587268257,2655,1,1,0,TMLedgerData,"ledgerHash: ""u\315\243\367\211\2625\240r:n\277\003\026\366\353'\216jy9\\001\220\223~\341j\254O\025\257""; ledgerSeq: 0; type: liTS_CANDIDATE; nodes {;   nodedata: ""\246C\232\272\013^\241\340~\030'\005/\234\037\355\231\230\017\266\365\303w\360\273\374\234\362S:\270\023\n\003"";   nodeid: ""\000\000\000\000\000\000\000\000\000\000\000\000\000\000\000\000\000\000\000\000\000\000\000\000\000\000\000\000\000\000\000\000\000""; }; ","ledgerHash: ""u\315\243\367\211\2625\240r:n\277\003\026\366\353'\216jy9\\001\220\223~\341j\254O\025\257""; ledgerSeq: 0; type: liTS_CANDIDATE; nodes {;   nodedata: ""\246C\232\272\013^\241\340~\030'\005/\234\037\355\231\230\017\266\365\303w\360\273\374\234\362S:\270\023\n\003"";   nodeid: ""\000\000\000\000\000\000\000\000\000\000\000\000\000\000\000\000\000\000\000\000\000\000\000\000\000\000\000\000\000\000\000\000\000""; }; "
1750587268285,1750587268285,1094,1,2,1,TMValidation,"validation: """"\200\000\000\001&\000\000\000\004)/\352\224\003:I\203w\200\211\SGQ\241'\332/+\360Bx\036+\210j\237K%\340]\246E\2434\264K\036\030qP\317\315\336\325\007P\027\000\000\000\000\000\000\000\000\000\000\000\000\000\000\000\000\000\000\000\000\000\000\000\000\000\000\000\000\000\000\000\000P\031T\270\242(,&\233\326\374o\306[\235\317>\021e\005s\261\371l\216\017\003\032\017J\217\244W<s!\002\347\243J\206W\025ML\260\226\0163\217\250\337\325W\253\356*O\245Z\271\234\207C\274\375`\335\311vF0D\002 \000\307\024<_L\347+\M\377D\000\035x\003\317\243\305\030Pn\025\366\217\323\t\r\235h\341\n\002 z\340&\352\266\3105\366'0L\300\307\037Ke\311\323_\365\224\201.\204~=\374N>;\006\271""; ","validation: """"\200\000\000\001&\000\000\000\004)/\352\224\003:I\203w\200\211\SGQ\241'\332/+\360Bx\036+\210j\237K%\340]\246E\2434\264K\036\030qP\317\315\336\325\007P\027\000\000\000\000\000\000\000\000\000\000\000\000\000\000\000\000\000\000\000\000\000\000\000\000\000\000\000\000\000\000\000\000P\031T\270\242(,&\233\326\374o\306[\235\317>\021e\005s\261\371l\216\017\003\032\017J\217\244W<s!\002\347\243J\206W\025ML\260\226\0163\217\250\337\325W\253\356*O\245Z\271\234\207C\274\375`\335\311vF0D\002 \000\307\024<_L\347+\M\377D\000\035x\003\317\243\305\030Pn\025\366\217\323\t\r\235h\341\n\002 z\340&\352\266\3105\366'0L\300\307\037Ke\311\323_\365\224\201.\204~=\374N>;\006\271""; "
1750587268286,1750587268286,3488,1,2,0,TMValidation,"validation: """"\200\000\000\001&\000\000\000\004)/\352\224\003:I\203w\200\211\SGQ\241'\332/+\360Bx\036+\210j\237K%\340]\246E\2434\264K\036\030qP\317\315\336\325\007P\027\000\000\000\000\000\000\000\000\000\000\000\000\000\000\000\000\000\000\000\000\000\000\000\000\000\000\000\000\000\000\000\000P\031T\270\242(,&\233\326\374o\306[\235\317>\021e\005s\261\371l\216\017\003\032\017J\217\244W<s!\002\347\243J\206W\025ML\260\226\0163\217\250\337\325W\253\356*O\245Z\271\234\207C\274\375`\335\311vF0D\002 \000\307\024<_L\347+\M\377D\000\035x\003\317\243\305\030Pn\025\366\217\323\t\r\235h\341\n\002 z\340&\352\266\3105\366'0L\300\307\037Ke\311\323_\365\224\201.\204~=\374N>;\006\271""; ","validation: """"\200\000\000\001&\000\000\000\004)/\352\224\003:I\203w\200\211\SGQ\241'\332/+\360Bx\036+\210j\237K%\340]\246E\2434\264K\036\030qP\317\315\336\325\007P\027\000\000\000\000\000\000\000\000\000\000\000\000\000\000\000\000\000\000\000\000\000\000\000\000\000\000\000\000\000\000\000\000P\031T\270\242(,&\233\326\374o\306[\235\317>\021e\005s\261\371l\216\017\003\032\017J\217\244W<s!\002\347\243J\206W\025ML\260\226\0163\217\250\337\325W\253\356*O\245Z\271\234\207C\274\375`\335\311vF0D\002 \000\307\024<_L\347+\M\377D\000\035x\003\317\243\305\030Pn\025\366\217\323\t\r\235h\341\n\002 z\340&\352\266\3105\366'0L\300\307\037Ke\311\323_\365\224\201.\204~=\374N>;\006\271""; "
1750587268286,1750587268286,3989,1,2,3,TMValidation,"validation: """"\200\000\000\001&\000\000\000\004)/\352\224\003:I\203w\200\211\SGQ\241'\332/+\360Bx\036+\210j\237K%\340]\246E\2434\264K\036\030qP\317\315\336\325\007P\027\000\000\000\000\000\000\000\000\000\000\000\000\000\000\000\000\000\000\000\000\000\000\000\000\000\000\000\000\000\000\000\000P\031T\270\242(,&\233\326\374o\306[\235\317>\021e\005s\261\371l\216\017\003\032\017J\217\244W<s!\002\347\243J\206W\025ML\260\226\0163\217\250\337\325W\253\356*O\245Z\271\234\207C\274\375`\335\311vF0D\002 \000\307\024<_L\347+\M\377D\000\035x\003\317\243\305\030Pn\025\366\217\323\t\r\235h\341\n\002 z\340&\352\266\3105\366'0L\300\307\037Ke\311\323_\365\224\201.\204~=\374N>;\006\271""; ","validation: """"\200\000\000\001&\000\000\000\004)/\352\224\003:I\203w\200\211\SGQ\241'\332/+\360Bx\036+\210j\237K%\340]\246E\2434\264K\036\030qP\317\315\336\325\007P\027\000\000\000\000\000\000\000\000\000\000\000\000\000\000\000\000\000\000\000\000\000\000\000\000\000\000\000\000\000\000\000\000P\031T\270\242(,&\233\326\374o\306[\235\317>\021e\005s\261\371l\216\017\003\032\017J\217\244W<s!\002\347\243J\206W\025ML\260\226\0163\217\250\337\325W\253\356*O\245Z\271\234\207C\274\375`\335\311vF0D\002 \000\307\024<_L\347+\M\377D\000\035x\003\317\243\305\030Pn\025\366\217\323\t\r\235h\341\n\002 z\340&\352\266\3105\366'0L\300\307\037Ke\311\323_\365\224\201.\204~=\374N>;\006\271""; "
1750587268287,1750587268287,2655,1,1,0,TMLedgerData,"ledgerHash: ""u\315\243\367\211\2625\240r:n\277\003\026\366\353'\216jy9\\001\220\223~\341j\254O\025\257""; ledgerSeq: 0; type: liTS_CANDIDATE; nodes {;   nodedata: ""\246C\232\272\013^\241\340~\030'\005/\234\037\355\231\230\017\266\365\303w\360\273\374\234\362S:\270\023\n\003"";   nodeid: ""\000\000\000\000\000\000\000\000\000\000\000\000\000\000\000\000\000\000\000\000\000\000\000\000\000\000\000\000\000\000\000\000\000""; }; requestCookie: 4; ","ledgerHash: ""u\315\243\367\211\2625\240r:n\277\003\026\366\353'\216jy9\\001\220\223~\341j\254O\025\257""; ledgerSeq: 0; type: liTS_CANDIDATE; nodes {;   nodedata: ""\246C\232\272\013^\241\340~\030'\005/\234\037\355\231\230\017\266\365\303w\360\273\374\234\362S:\270\023\n\003"";   nodeid: ""\000\000\000\000\000\000\000\000\000\000\000\000\000\000\000\000\000\000\000\000\000\000\000\000\000\000\000\000\000\000\000\000\000""; }; requestCookie: 4; "
1750587268328,1750587268328,557,1,4,1,TMGetLedger,"itype: liTS_CANDIDATE; ledgerHash: ""u\315\243\367\211\2625\240r:n\277\003\026\366\353'\216jy9\\001\220\223~\341j\254O\025\257""; nodeIDs: ""\000\000\000\000\000\000\000\000\000\000\000\000\000\000\000\000\000\000\000\000\000\000\000\000\000\000\000\000\000\000\000\000\000""; requestCookie: 1; queryType: qtINDIRECT; queryDepth: 3; ","itype: liTS_CANDIDATE; ledgerHash: ""u\315\243\367\211\2625\240r:n\277\003\026\366\353'\216jy9\\001\220\223~\341j\254O\025\257""; nodeIDs: ""\000\000\000\000\000\000\000\000\000\000\000\000\000\000\000\000\000\000\000\000\000\000\000\000\000\000\000\000\000\000\000\000\000""; requestCookie: 1; queryType: qtINDIRECT; queryDepth: 3; "
1750587268345,1750587268345,342,1,2,1,TMGetLedger,"itype: liTS_CANDIDATE; ledgerHash: ""u\315\243\367\211\2625\240r:n\277\003\026\366\353'\216jy9\\001\220\223~\341j\254O\025\257""; nodeIDs: ""\000\000\000\000\000\000\000\000\000\000\000\000\000\000\000\000\000\000\000\000\000\000\000\000\000\000\000\000\000\000\000\000\000""; requestCookie: 4; queryType: qtINDIRECT; queryDepth: 3; ","itype: liTS_CANDIDATE; ledgerHash: ""u\315\243\367\211\2625\240r:n\277\003\026\366\353'\216jy9\\001\220\223~\341j\254O\025\257""; nodeIDs: ""\000\000\000\000\000\000\000\000\000\000\000\000\000\000\000\000\000\000\000\000\000\000\000\000\000\000\000\000\000\000\000\000\000""; requestCookie: 4; queryType: qtINDIRECT; queryDepth: 3; "
1750587268350,1750587268350,769,1,4,0,TMGetLedger,"itype: liTS_CANDIDATE; ledgerHash: ""8h\232\211g)\354\005\246\256XI\265J\214\312}\261\211y\355]\0228j\360\0224\003\021%\014""; nodeIDs: ""\000\000\000\000\000\000\000\000\000\000\000\000\000\000\000\000\000\000\000\000\000\000\000\000\000\000\000\000\000\000\000\000\000""; queryDepth: 3; ","itype: liTS_CANDIDATE; ledgerHash: ""8h\232\211g)\354\005\246\256XI\265J\214\312}\261\211y\355]\0228j\360\0224\003\021%\014""; nodeIDs: ""\000\000\000\000\000\000\000\000\000\000\000\000\000\000\000\000\000\000\000\000\000\000\000\000\000\000\000\000\000\000\000\000\000""; queryDepth: 3; "
1750587268350,1750587268350,3614,1,4,2,TMProposeSet,"proposeSeq: 0; currentTxHash: ""8h\232\211g)\354\005\246\256XI\265J\214\312}\261\211y\355]\0228j\360\0224\003\021%\014""; nodePubKey: ""\003\325Q\255\224\274R@\312\253\262\347\352\034\346\347\242\215,\312\376=\277\353{\350\225\301\305`^, ""; closeTime: 803902467; signature: ""0E\002!\000\275^I\314\273z\201Jd\353D\274\006\341\344\240x\266\224\001}\0003\271\271\310\353\225\354\027\361\022\002 u\302={+%4\326'\223\034\354b\277\036q\321\277\353\2345}\232\307\033\361\032\\206\371\207Z""; previousledger: ""\241'\332/+\360Bx\036+\210j\237K%\340]\246E\2434\264K\036\030qP\317\315\336\325\007""; ","proposeSeq: 0; currentTxHash: ""8h\232\211g)\354\005\246\256XI\265J\214\312}\261\211y\355]\0228j\360\0224\003\021%\014""; nodePubKey: ""\003\325Q\255\224\274R@\312\253\262\347\352\034\346\347\242\215,\312\376=\277\353{\350\225\301\305`^, ""; closeTime: 803902467; signature: ""0E\002!\000\275^I\314\273z\201Jd\353D\274\006\341\344\240x\266\224\001}\0003\271\271\310\353\225\354\027\361\022\002 u\302={+%4\326'\223\034\354b\277\036q\321\277\353\2345}\232\307\033\361\032\\206\371\207Z""; previousledger: ""\241'\332/+\360Bx\036+\210j\237K%\340]\246E\2434\264K\036\030qP\317\315\336\325\007""; "
1750587268350,1750587268350,980,1,4,1,TMProposeSet,"proposeSeq: 0; currentTxHash: ""8h\232\211g)\354\005\246\256XI\265J\214\312}\261\211y\355]\0228j\360\0224\003\021%\014""; nodePubKey: ""\003\325Q\255\224\274R@\312\253\262\347\352\034\346\347\242\215,\312\376=\277\353{\350\225\301\305`^, ""; closeTime: 803902467; signature: ""0E\002!\000\275^I\314\273z\201Jd\353D\274\006\341\344\240x\266\224\001}\0003\271\271\310\353\225\354\027\361\022\002 u\302={+%4\326'\223\034\354b\277\036q\321\277\353\2345}\232\307\033\361\032\\206\371\207Z""; previousledger: ""\241'\332/+\360Bx\036+\210j\237K%\340]\246E\2434\264K\036\030qP\317\315\336\325\007""; ","proposeSeq: 0; currentTxHash: ""8h\232\211g)\354\005\246\256XI\265J\214\312}\261\211y\355]\0228j\360\0224\003\021%\014""; nodePubKey: ""\003\325Q\255\224\274R@\312\253\262\347\352\034\346\347\242\215,\312\376=\277\353{\350\225\301\305`^, ""; closeTime: 803902467; signature: ""0E\002!\000\275^I\314\273z\201Jd\353D\274\006\341\344\240x\266\224\001}\0003\271\271\310\353\225\354\027\361\022\002 u\302={+%4\326'\223\034\354b\277\036q\321\277\353\2345}\232\307\033\361\032\\206\371\207Z""; previousledger: ""\241'\332/+\360Bx\036+\210j\237K%\340]\246E\2434\264K\036\030qP\317\315\336\325\007""; "
1750587268350,1750587268351,557,1,4,1,TMGetLedger,"itype: liTS_CANDIDATE; ledgerHash: ""8h\232\211g)\354\005\246\256XI\265J\214\312}\261\211y\355]\0228j\360\0224\003\021%\014""; nodeIDs: ""\000\000\000\000\000\000\000\000\000\000\000\000\000\000\000\000\000\000\000\000\000\000\000\000\000\000\000\000\000\000\000\000\000""; queryDepth: 3; ","itype: liTS_CANDIDATE; ledgerHash: ""8h\232\211g)\354\005\246\256XI\265J\214\312}\261\211y\355]\0228j\360\0224\003\021%\014""; nodeIDs: ""\000\000\000\000\000\000\000\000\000\000\000\000\000\000\000\000\000\000\000\000\000\000\000\000\000\000\000\000\000\000\000\000\000""; queryDepth: 3; "
1750587268351,1750587268351,1110,1,4,0,TMProposeSet,"proposeSeq: 0; currentTxHash: ""8h\232\211g)\354\005\246\256XI\265J\214\312}\261\211y\355]\0228j\360\0224\003\021%\014""; nodePubKey: ""\003\325Q\255\224\274R@\312\253\262\347\352\034\346\347\242\215,\312\376=\277\353{\350\225\301\305`^, ""; closeTime: 803902467; signature: ""0E\002!\000\275^I\314\273z\201Jd\353D\274\006\341\344\240x\266\224\001}\0003\271\271\310\353\225\354\027\361\022\002 u\302={+%4\326'\223\034\354b\277\036q\321\277\353\2345}\232\307\033\361\032\\206\371\207Z""; previousledger: ""\241'\332/+\360Bx\036+\210j\237K%\340]\246E\2434\264K\036\030qP\317\315\336\325\007""; ","proposeSeq: 0; currentTxHash: ""8h\232\211g)\354\005\246\256XI\265J\214\312}\261\211y\355]\0228j\360\0224\003\021%\014""; nodePubKey: ""\003\325Q\255\224\274R@\312\253\262\347\352\034\346\347\242\215,\312\376=\277\353{\350\225\301\305`^, ""; closeTime: 803902467; signature: ""0E\002!\000\275^I\314\273z\201Jd\353D\274\006\341\344\240x\266\224\001}\0003\271\271\310\353\225\354\027\361\022\002 u\302={+%4\326'\223\034\354b\277\036q\321\277\353\2345}\232\307\033\361\032\\206\371\207Z""; previousledger: ""\241'\332/+\360Bx\036+\210j\237K%\340]\246E\2434\264K\036\030qP\317\315\336\325\007""; "
1750587268352,1750587268352,393,1,0,1,TMGetLedger,"itype: liTS_CANDIDATE; ledgerHash: ""8h\232\211g)\354\005\246\256XI\265J\214\312}\261\211y\355]\0228j\360\0224\003\021%\014""; nodeIDs: ""\000\000\000\000\000\000\000\000\000\000\000\000\000\000\000\000\000\000\000\000\000\000\000\000\000\000\000\000\000\000\000\000\000""; queryDepth: 3; ","itype: liTS_CANDIDATE; ledgerHash: ""8h\232\211g)\354\005\246\256XI\265J\214\312}\261\211y\355]\0228j\360\0224\003\021%\014""; nodeIDs: ""\000\000\000\000\000\000\000\000\000\000\000\000\000\000\000\000\000\000\000\000\000\000\000\000\000\000\000\000\000\000\000\000\000""; queryDepth: 3; "
1750587268353,1750587268354,2970,1,0,4,TMProposeSet,"proposeSeq: 0; currentTxHash: ""8h\232\211g)\354\005\246\256XI\265J\214\312}\261\211y\355]\0228j\360\0224\003\021%\014""; nodePubKey: ""\003\325Q\255\224\274R@\312\253\262\347\352\034\346\347\242\215,\312\376=\277\353{\350\225\301\305`^, ""; closeTime: 803902467; signature: ""0E\002!\000\275^I\314\273z\201Jd\353D\274\006\341\344\240x\266\224\001}\0003\271\271\310\353\225\354\027\361\022\002 u\302={+%4\326'\223\034\354b\277\036q\321\277\353\2345}\232\307\033\361\032\\206\371\207Z""; previousledger: ""\241'\332/+\360Bx\036+\210j\237K%\340]\246E\2434\264K\036\030qP\317\315\336\325\007""; ","proposeSeq: 0; currentTxHash: ""8h\232\211g)\354\005\246\256XI\265J\214\312}\261\211y\355]\0228j\360\0224\003\021%\014""; nodePubKey: ""\003\325Q\255\224\274R@\312\253\262\347\352\034\346\347\242\215,\312\376=\277\353{\350\225\301\305`^, ""; closeTime: 803902467; signature: ""0E\002!\000\275^I\314\273z\201Jd\353D\274\006\341\344\240x\266\224\001}\0003\271\271\310\353\225\354\027\361\022\002 u\302={+%4\326'\223\034\354b\277\036q\321\277\353\2345}\232\307\033\361\032\\206\371\207Z""; previousledger: ""\241'\332/+\360Bx\036+\210j\237K%\340]\246E\2434\264K\036\030qP\317\315\336\325\007""; "
1750587268354,1750587268354,1466,1,0,4,TMGetLedger,"itype: liTS_CANDIDATE; ledgerHash: ""8h\232\211g)\354\005\246\256XI\265J\214\312}\261\211y\355]\0228j\360\0224\003\021%\014""; nodeIDs: ""\000\000\000\000\000\000\000\000\000\000\000\000\000\000\000\000\000\000\000\000\000\000\000\000\000\000\000\000\000\000\000\000\000""; queryDepth: 3; ","itype: liTS_CANDIDATE; ledgerHash: ""8h\232\211g)\354\005\246\256XI\265J\214\312}\261\211y\355]\0228j\360\0224\003\021%\014""; nodeIDs: ""\000\000\000\000\000\000\000\000\000\000\000\000\000\000\000\000\000\000\000\000\000\000\000\000\000\000\000\000\000\000\000\000\000""; queryDepth: 3; "
1750587268354,1750587268354,1290,1,0,2,TMProposeSet,"proposeSeq: 0; currentTxHash: ""8h\232\211g)\354\005\246\256XI\265J\214\312}\261\211y\355]\0228j\360\0224\003\021%\014""; nodePubKey: ""\003\325Q\255\224\274R@\312\253\262\347\352\034\346\347\242\215,\312\376=\277\353{\350\225\301\305`^, ""; closeTime: 803902467; signature: ""0E\002!\000\275^I\314\273z\201Jd\353D\274\006\341\344\240x\266\224\001}\0003\271\271\310\353\225\354\027\361\022\002 u\302={+%4\326'\223\034\354b\277\036q\321\277\353\2345}\232\307\033\361\032\\206\371\207Z""; previousledger: ""\241'\332/+\360Bx\036+\210j\237K%\340]\246E\2434\264K\036\030qP\317\315\336\325\007""; ","proposeSeq: 0; currentTxHash: ""8h\232\211g)\354\005\246\256XI\265J\214\312}\261\211y\355]\0228j\360\0224\003\021%\014""; nodePubKey: ""\003\325Q\255\224\274R@\312\253\262\347\352\034\346\347\242\215,\312\376=\277\353{\350\225\301\305`^, ""; closeTime: 803902467; signature: ""0E\002!\000\275^I\314\273z\201Jd\353D\274\006\341\344\240x\266\224\001}\0003\271\271\310\353\225\354\027\361\022\002 u\302={+%4\326'\223\034\354b\277\036q\321\277\353\2345}\232\307\033\361\032\\206\371\207Z""; previousledger: ""\241'\332/+\360Bx\036+\210j\237K%\340]\246E\2434\264K\036\030qP\317\315\336\325\007""; "
1750587268354,1750587268354,190,1,0,1,TMProposeSet,"proposeSeq: 0; currentTxHash: ""8h\232\211g)\354\005\246\256XI\265J\214\312}\261\211y\355]\0228j\360\0224\003\021%\014""; nodePubKey: ""\003\325Q\255\224\274R@\312\253\262\347\352\034\346\347\242\215,\312\376=\277\353{\350\225\301\305`^, ""; closeTime: 803902467; signature: ""0E\002!\000\275^I\314\273z\201Jd\353D\274\006\341\344\240x\266\224\001}\0003\271\271\310\353\225\354\027\361\022\002 u\302={+%4\326'\223\034\354b\277\036q\321\277\353\2345}\232\307\033\361\032\\206\371\207Z""; previousledger: ""\241'\332/+\360Bx\036+\210j\237K%\340]\246E\2434\264K\036\030qP\317\315\336\325\007""; ","proposeSeq: 0; currentTxHash: ""8h\232\211g)\354\005\246\256XI\265J\214\312}\261\211y\355]\0228j\360\0224\003\021%\014""; nodePubKey: ""\003\325Q\255\224\274R@\312\253\262\347\352\034\346\347\242\215,\312\376=\277\353{\350\225\301\305`^, ""; closeTime: 803902467; signature: ""0E\002!\000\275^I\314\273z\201Jd\353D\274\006\341\344\240x\266\224\001}\0003\271\271\310\353\225\354\027\361\022\002 u\302={+%4\326'\223\034\354b\277\036q\321\277\353\2345}\232\307\033\361\032\\206\371\207Z""; previousledger: ""\241'\332/+\360Bx\036+\210j\237K%\340]\246E\2434\264K\036\030qP\317\315\336\325\007""; "
1750587268359,1750587268359,2970,1,0,4,TMProposeSet,"proposeSeq: 0; currentTxHash: ""8h\232\211g)\354\005\246\256XI\265J\214\312}\261\211y\355]\0228j\360\0224\003\021%\014""; nodePubKey: ""\003\343\005\311u\203\370\0338\3174\324\010\006\301\251\177\261\304eOX\262)FA-\022r\263wm\024""; closeTime: 803902467; signature: ""0D\002 A\233Z7\r\213\271\303*6\206b\314\036p>\235M\216\200\357\302CLo\2133\272\212\200c\243\002 Y\343\002\231\373\202\216.\341;\257\313y\214\255\260\247\317i-vSs\014\242\260E*\346\367\241j""; previousledger: ""\241'\332/+\360Bx\036+\210j\237K%\340]\246E\2434\264K\036\030qP\317\315\336\325\007""; ","proposeSeq: 0; currentTxHash: ""8h\232\211g)\354\005\246\256XI\265J\214\312}\261\211y\355]\0228j\360\0224\003\021%\014""; nodePubKey: ""\003\343\005\311u\203\370\0338\3174\324\010\006\301\251\177\261\304eOX\262)FA-\022r\263wm\024""; closeTime: 803902467; signature: ""0D\002 A\233Z7\r\213\271\303*6\206b\314\036p>\235M\216\200\357\302CLo\2133\272\212\200c\243\002 Y\343\002\231\373\202\216.\341;\257\313y\214\255\260\247\317i-vSs\014\242\260E*\346\367\241j""; previousledger: ""\241'\332/+\360Bx\036+\210j\237K%\340]\246E\2434\264K\036\030qP\317\315\336\325\007""; "
1750587268359,1750587268359,141,1,0,3,TMProposeSet,"proposeSeq: 0; currentTxHash: ""8h\232\211g)\354\005\246\256XI\265J\214\312}\261\211y\355]\0228j\360\0224\003\021%\014""; nodePubKey: ""\003\343\005\311u\203\370\0338\3174\324\010\006\301\251\177\261\304eOX\262)FA-\022r\263wm\024""; closeTime: 803902467; signature: ""0D\002 A\233Z7\r\213\271\303*6\206b\314\036p>\235M\216\200\357\302CLo\2133\272\212\200c\243\002 Y\343\002\231\373\202\216.\341;\257\313y\214\255\260\247\317i-vSs\014\242\260E*\346\367\241j""; previousledger: ""\241'\332/+\360Bx\036+\210j\237K%\340]\246E\2434\264K\036\030qP\317\315\336\325\007""; ","proposeSeq: 0; currentTxHash: ""8h\232\211g)\354\005\246\256XI\265J\214\312}\261\211y\355]\0228j\360\0224\003\021%\014""; nodePubKey: ""\003\343\005\311u\203\370\0338\3174\324\010\006\301\251\177\261\304eOX\262)FA-\022r\263wm\024""; closeTime: 803902467; signature: ""0D\002 A\233Z7\r\213\271\303*6\206b\314\036p>\235M\216\200\357\302CLo\2133\272\212\200c\243\002 Y\343\002\231\373\202\216.\341;\257\313y\214\255\260\247\317i-vSs\014\242\260E*\346\367\241j""; previousledger: ""\241'\332/+\360Bx\036+\210j\237K%\340]\246E\2434\264K\036\030qP\317\315\336\325\007""; "
1750587268359,1750587268359,1290,1,0,2,TMProposeSet,"proposeSeq: 0; currentTxHash: ""8h\232\211g)\354\005\246\256XI\265J\214\312}\261\211y\355]\0228j\360\0224\003\021%\014""; nodePubKey: ""\003\343\005\311u\203\370\0338\3174\324\010\006\301\251\177\261\304eOX\262)FA-\022r\263wm\024""; closeTime: 803902467; signature: ""0D\002 A\233Z7\r\213\271\303*6\206b\314\036p>\235M\216\200\357\302CLo\2133\272\212\200c\243\002 Y\343\002\231\373\202\216.\341;\257\313y\214\255\260\247\317i-vSs\014\242\260E*\346\367\241j""; previousledger: ""\241'\332/+\360Bx\036+\210j\237K%\340]\246E\2434\264K\036\030qP\317\315\336\325\007""; ","proposeSeq: 0; currentTxHash: ""8h\232\211g)\354\005\246\256XI\265J\214\312}\261\211y\355]\0228j\360\0224\003\021%\014""; nodePubKey: ""\003\343\005\311u\203\370\0338\3174\324\010\006\301\251\177\261\304eOX\262)FA-\022r\263wm\024""; closeTime: 803902467; signature: ""0D\002 A\233Z7\r\213\271\303*6\206b\314\036p>\235M\216\200\357\302CLo\2133\272\212\200c\243\002 Y\343\002\231\373\202\216.\341;\257\313y\214\255\260\247\317i-vSs\014\242\260E*\346\367\241j""; previousledger: ""\241'\332/+\360Bx\036+\210j\237K%\340]\246E\2434\264K\036\030qP\317\315\336\325\007""; "
1750587268361,1750587268361,3414,1,0,2,TMGetLedger,"itype: liTS_CANDIDATE; ledgerHash: ""u\315\243\367\211\2625\240r:n\277\003\026\366\353'\216jy9\\001\220\223~\341j\254O\025\257""; nodeIDs: ""\000\000\000\000\000\000\000\000\000\000\000\000\000\000\000\000\000\000\000\000\000\000\000\000\000\000\000\000\000\000\000\000\000""; queryType: qtINDIRECT; queryDepth: 3; ","itype: liTS_CANDIDATE; ledgerHash: ""u\315\243\367\211\2625\240r:n\277\003\026\366\353'\216jy9\\001\220\223~\341j\254O\025\257""; nodeIDs: ""\000\000\000\000\000\000\000\000\000\000\000\000\000\000\000\000\000\000\000\000\000\000\000\000\000\000\000\000\000\000\000\000\000""; queryType: qtINDIRECT; queryDepth: 3; "
1750587268361,1750587268361,1466,1,0,4,TMGetLedger,"itype: liTS_CANDIDATE; ledgerHash: ""u\315\243\367\211\2625\240r:n\277\003\026\366\353'\216jy9\\001\220\223~\341j\254O\025\257""; nodeIDs: ""\000\000\000\000\000\000\000\000\000\000\000\000\000\000\000\000\000\000\000\000\000\000\000\000\000\000\000\000\000\000\000\000\000""; queryType: qtINDIRECT; queryDepth: 3; ","itype: liTS_CANDIDATE; ledgerHash: ""u\315\243\367\211\2625\240r:n\277\003\026\366\353'\216jy9\\001\220\223~\341j\254O\025\257""; nodeIDs: ""\000\000\000\000\000\000\000\000\000\000\000\000\000\000\000\000\000\000\000\000\000\000\000\000\000\000\000\000\000\000\000\000\000""; queryType: qtINDIRECT; queryDepth: 3; "
1750587268361,1750587268361,393,1,0,1,TMGetLedger,"itype: liTS_CANDIDATE; ledgerHash: ""u\315\243\367\211\2625\240r:n\277\003\026\366\353'\216jy9\\001\220\223~\341j\254O\025\257""; nodeIDs: ""\000\000\000\000\000\000\000\000\000\000\000\000\000\000\000\000\000\000\000\000\000\000\000\000\000\000\000\000\000\000\000\000\000""; queryType: qtINDIRECT; queryDepth: 3; ","itype: liTS_CANDIDATE; ledgerHash: ""u\315\243\367\211\2625\240r:n\277\003\026\366\353'\216jy9\\001\220\223~\341j\254O\025\257""; nodeIDs: ""\000\000\000\000\000\000\000\000\000\000\000\000\000\000\000\000\000\000\000\000\000\000\000\000\000\000\000\000\000\000\000\000\000""; queryType: qtINDIRECT; queryDepth: 3; "
1750587268371,1750587268371,443,1,4,2,TMValidation,"validation: """"\200\000\000\001&\000\000\000\004)/\352\224\002:?HT\314/\177\320^Q\241'\332/+\360Bx\036+\210j\237K%\340]\246E\2434\264K\036\030qP\317\315\336\325\007P\027\000\000\000\000\000\000\000\000\000\000\000\000\000\000\000\000\000\000\000\000\000\000\000\000\000\000\000\000\000\000\000\000P\031T\270\242(,&\233\326\374o\306[\235\317>\021e\005s\261\371l\216\017\003\032\017J\217\244W<s!\003\343\005\311u\203\370\0338\3174\324\010\006\301\251\177\261\304eOX\262)FA-\022r\263wm\024vF0D\002 F\216W'\271\220\250\210\325\271\303\272\304\270\341\340\0030\335\323^\207\210a\374\331\017q\365\202\365\232\002 \006A\326A\313V\220P\0308\224\313\020\366L\363\302\375\261P\363\022\3412!(\270\340\257pq\262""; ","validation: """"\200\000\000\001&\000\000\000\004)/\352\224\002:?HT\314/\177\320^Q\241'\332/+\360Bx\036+\210j\237K%\340]\246E\2434\264K\036\030qP\317\315\336\325\007P\027\000\000\000\000\000\000\000\000\000\000\000\000\000\000\000\000\000\000\000\000\000\000\000\000\000\000\000\000\000\000\000\000P\031T\270\242(,&\233\326\374o\306[\235\317>\021e\005s\261\371l\216\017\003\032\017J\217\244W<s!\003\343\005\311u\203\370\0338\3174\324\010\006\301\251\177\261\304eOX\262)FA-\022r\263wm\024vF0D\002 F\216W'\271\220\250\210\325\271\303\272\304\270\341\340\0030\335\323^\207\210a\374\331\017q\365\202\365\232\002 \006A\326A\313V\220P\0308\224\313\020\366L\363\302\375\261P\363\022\3412!(\270\340\257pq\262""; "
1750587268372,1750587268372,3559,1,4,0,TMValidation,"validation: """"\200\000\000\001&\000\000\000\004)/\352\224\002:?HT\314/\177\320^Q\241'\332/+\360Bx\036+\210j\237K%\340]\246E\2434\264K\036\030qP\317\315\336\325\007P\027\000\000\000\000\000\000\000\000\000\000\000\000\000\000\000\000\000\000\000\000\000\000\000\000\000\000\000\000\000\000\000\000P\031T\270\242(,&\233\326\374o\306[\235\317>\021e\005s\261\371l\216\017\003\032\017J\217\244W<s!\003\343\005\311u\203\370\0338\3174\324\010\006\301\251\177\261\304eOX\262)FA-\022r\263wm\024vF0D\002 F\216W'\271\220\250\210\325\271\303\272\304\270\341\340\0030\335\323^\207\210a\374\331\017q\365\202\365\232\002 \006A\326A\313V\220P\0308\224\313\020\366L\363\302\375\261P\363\022\3412!(\270\340\257pq\262""; ","validation: """"\200\000\000\001&\000\000\000\004)/\352\224\002:?HT\314/\177\320^Q\241'\332/+\360Bx\036+\210j\237K%\340]\246E\2434\264K\036\030qP\317\315\336\325\007P\027\000\000\000\000\000\000\000\000\000\000\000\000\000\000\000\000\000\000\000\000\000\000\000\000\000\000\000\000\000\000\000\000P\031T\270\242(,&\233\326\374o\306[\235\317>\021e\005s\261\371l\216\017\003\032\017J\217\244W<s!\003\343\005\311u\203\370\0338\3174\324\010\006\301\251\177\261\304eOX\262)FA-\022r\263wm\024vF0D\002 F\216W'\271\220\250\210\325\271\303\272\304\270\341\340\0030\335\323^\207\210a\374\331\017q\365\202\365\232\002 \006A\326A\313V\220P\0308\224\313\020\366L\363\302\375\261P\363\022\3412!(\270\340\257pq\262""; "
1750587268372,1750587268372,1357,1,4,3,TMValidation,"validation: """"\200\000\000\001&\000\000\000\004)/\352\224\002:?HT\314/\177\320^Q\241'\332/+\360Bx\036+\210j\237K%\340]\246E\2434\264K\036\030qP\317\315\336\325\007P\027\000\000\000\000\000\000\000\000\000\000\000\000\000\000\000\000\000\000\000\000\000\000\000\000\000\000\000\000\000\000\000\000P\031T\270\242(,&\233\326\374o\306[\235\317>\021e\005s\261\371l\216\017\003\032\017J\217\244W<s!\003\343\005\311u\203\370\0338\3174\324\010\006\301\251\177\261\304eOX\262)FA-\022r\263wm\024vF0D\002 F\216W'\271\220\250\210\325\271\303\272\304\270\341\340\0030\335\323^\207\210a\374\331\017q\365\202\365\232\002 \006A\326A\313V\220P\0308\224\313\020\366L\363\302\375\261P\363\022\3412!(\270\340\257pq\262""; ","validation: """"\200\000\000\001&\000\000\000\004)/\352\224\002:?HT\314/\177\320^Q\241'\332/+\360Bx\036+\210j\237K%\340]\246E\2434\264K\036\030qP\317\315\336\325\007P\027\000\000\000\000\000\000\000\000\000\000\000\000\000\000\000\000\000\000\000\000\000\000\000\000\000\000\000\000\000\000\000\000P\031T\270\242(,&\233\326\374o\306[\235\317>\021e\005s\261\371l\216\017\003\032\017J\217\244W<s!\003\343\005\311u\203\370\0338\3174\324\010\006\301\251\177\261\304eOX\262)FA-\022r\263wm\024vF0D\002 F\216W'\271\220\250\210\325\271\303\272\304\270\341\340\0030\335\323^\207\210a\374\331\017q\365\202\365\232\002 \006A\326A\313V\220P\0308\224\313\020\366L\363\302\375\261P\363\022\3412!(\270\340\257pq\262""; "
1750587268375,1750587268375,2142,1,3,1,TMGetLedger,"itype: liTS_CANDIDATE; ledgerHash: ""u\315\243\367\211\2625\240r:n\277\003\026\366\353'\216jy9\\001\220\223~\341j\254O\025\257""; nodeIDs: ""\000\000\000\000\000\000\000\000\000\000\000\000\000\000\000\000\000\000\000\000\000\000\000\000\000\000\000\000\000\000\000\000\000""; requestCookie: 2; queryType: qtINDIRECT; queryDepth: 3; ","itype: liTS_CANDIDATE; ledgerHash: ""u\315\243\367\211\2625\240r:n\277\003\026\366\353'\216jy9\\001\220\223~\341j\254O\025\257""; nodeIDs: ""\000\000\000\000\000\000\000\000\000\000\000\000\000\000\000\000\000\000\000\000\000\000\000\000\000\000\000\000\000\000\000\000\000""; requestCookie: 2; queryType: qtINDIRECT; queryDepth: 3; "
1750587268388,1750587268388,2715,1,1,4,TMLedgerData,"ledgerHash: ""u\315\243\367\211\2625\240r:n\277\003\026\366\353'\216jy9\\001\220\223~\341j\254O\025\257""; ledgerSeq: 0; type: liTS_CANDIDATE; nodes {;   nodedata: ""\246C\232\272\013^\241\340~\030'\005/\234\037\355\231\230\017\266\365\303w\360\273\374\234\362S:\270\023\n\003"";   nodeid: ""\000\000\000\000\000\000\000\000\000\000\000\000\000\000\000\000\000\000\000\000\000\000\000\000\000\000\000\000\000\000\000\000\000""; }; requestCookie: 1; ","ledgerHash: ""u\315\243\367\211\2625\240r:n\277\003\026\366\353'\216jy9\\001\220\223~\341j\254O\025\257""; ledgerSeq: 0; type: liTS_CANDIDATE; nodes {;   nodedata: ""\246C\232\272\013^\241\340~\030'\005/\234\037\355\231\230\017\266\365\303w\360\273\374\234\362S:\270\023\n\003"";   nodeid: ""\000\000\000\000\000\000\000\000\000\000\000\000\000\000\000\000\000\000\000\000\000\000\000\000\000\000\000\000\000\000\000\000\000""; }; requestCookie: 1; "
1750587268391,1750587268391,1764,1,0,3,TMGetLedger,"itype: liTS_CANDIDATE; ledgerHash: ""u\315\243\367\211\2625\240r:n\277\003\026\366\353'\216jy9\\001\220\223~\341j\254O\025\257""; nodeIDs: ""\000\000\000\000\000\000\000\000\000\000\000\000\000\000\000\000\000\000\000\000\000\000\000\000\000\000\000\000\000\000\000\000\000""; queryType: qtINDIRECT; queryDepth: 3; ","itype: liTS_CANDIDATE; ledgerHash: ""u\315\243\367\211\2625\240r:n\277\003\026\366\353'\216jy9\\001\220\223~\341j\254O\025\257""; nodeIDs: ""\000\000\000\000\000\000\000\000\000\000\000\000\000\000\000\000\000\000\000\000\000\000\000\000\000\000\000\000\000\000\000\000\000""; queryType: qtINDIRECT; queryDepth: 3; "
1750587268401,1750587268401,393,1,0,1,TMGetLedger,"itype: liTS_CANDIDATE; ledgerHash: ""u\315\243\367\211\2625\240r:n\277\003\026\366\353'\216jy9\\001\220\223~\341j\254O\025\257""; nodeIDs: ""\000\000\000\000\000\000\000\000\000\000\000\000\000\000\000\000\000\000\000\000\000\000\000\000\000\000\000\000\000\000\000\000\000""; requestCookie: 4; queryType: qtINDIRECT; queryDepth: 3; ","itype: liTS_CANDIDATE; ledgerHash: ""u\315\243\367\211\2625\240r:n\277\003\026\366\353'\216jy9\\001\220\223~\341j\254O\025\257""; nodeIDs: ""\000\000\000\000\000\000\000\000\000\000\000\000\000\000\000\000\000\000\000\000\000\000\000\000\000\000\000\000\000\000\000\000\000""; requestCookie: 4; queryType: qtINDIRECT; queryDepth: 3; "
1750587268410,1750587268410,393,1,0,1,TMGetLedger,"itype: liTS_CANDIDATE; ledgerHash: ""u\315\243\367\211\2625\240r:n\277\003\026\366\353'\216jy9\\001\220\223~\341j\254O\025\257""; nodeIDs: ""\240\000\000\000\000\000\000\000\000\000\000\000\000\000\000\000\000\000\000\000\000\000\000\000\000\000\000\000\000\000\000\000\001""; queryType: qtINDIRECT; ","itype: liTS_CANDIDATE; ledgerHash: ""u\315\243\367\211\2625\240r:n\277\003\026\366\353'\216jy9\\001\220\223~\341j\254O\025\257""; nodeIDs: ""\240\000\000\000\000\000\000\000\000\000\000\000\000\000\000\000\000\000\000\000\000\000\000\000\000\000\000\000\000\000\000\000\001""; queryType: qtINDIRECT; "
1750587268440,1750587268440,2472,1,1,2,TMLedgerData,"ledgerHash: ""u\315\243\367\211\2625\240r:n\277\003\026\366\353'\216jy9\\001\220\223~\341j\254O\025\257""; ledgerSeq: 0; type: liTS_CANDIDATE; nodes {;   nodedata: ""\246C\232\272\013^\241\340~\030'\005/\234\037\355\231\230\017\266\365\303w\360\273\374\234\362S:\270\023\n\003"";   nodeid: ""\000\000\000\000\000\000\000\000\000\000\000\000\000\000\000\000\000\000\000\000\000\000\000\000\000\000\000\000\000\000\000\000\000""; }; requestCookie: 4; ","ledgerHash: ""u\315\243\367\211\2625\240r:n\277\003\026\366\353'\216jy9\\001\220\223~\341j\254O\025\257""; ledgerSeq: 0; type: liTS_CANDIDATE; nodes {;   nodedata: ""\246C\232\272\013^\241\340~\030'\005/\234\037\355\231\230\017\266\365\303w\360\273\374\234\362S:\270\023\n\003"";   nodeid: ""\000\000\000\000\000\000\000\000\000\000\000\000\000\000\000\000\000\000\000\000\000\000\000\000\000\000\000\000\000\000\000\000\000""; }; requestCookie: 4; "
1750587268502,1750587268502,483,1,3,4,TMProposeSet,"proposeSeq: 0; currentTxHash: ""8h\232\211g)\354\005\246\256XI\265J\214\312}\261\211y\355]\0228j\360\0224\003\021%\014""; nodePubKey: ""\003\343\005\311u\203\370\0338\3174\324\010\006\301\251\177\261\304eOX\262)FA-\022r\263wm\024""; closeTime: 803902467; signature: ""0D\002 A\233Z7\r\213\271\303*6\206b\314\036p>\235M\216\200\357\302CLo\2133\272\212\200c\243\002 Y\343\002\231\373\202\216.\341;\257\313y\214\255\260\247\317i-vSs\014\242\260E*\346\367\241j""; previousledger: ""\241'\332/+\360Bx\036+\210j\237K%\340]\246E\2434\264K\036\030qP\317\315\336\325\007""; ","proposeSeq: 0; currentTxHash: ""8h\232\211g)\354\005\246\256XI\265J\214\312}\261\211y\355]\0228j\360\0224\003\021%\014""; nodePubKey: ""\003\343\005\311u\203\370\0338\3174\324\010\006\301\251\177\261\304eOX\262)FA-\022r\263wm\024""; closeTime: 803902467; signature: ""0D\002 A\233Z7\r\213\271\303*6\206b\314\036p>\235M\216\200\357\302CLo\2133\272\212\200c\243\002 Y\343\002\231\373\202\216.\341;\257\313y\214\255\260\247\317i-vSs\014\242\260E*\346\367\241j""; previousledger: ""\241'\332/+\360Bx\036+\210j\237K%\340]\246E\2434\264K\036\030qP\317\315\336\325\007""; "
1750587268503,1750587268503,1317,1,3,2,TMProposeSet,"proposeSeq: 0; currentTxHash: ""8h\232\211g)\354\005\246\256XI\265J\214\312}\261\211y\355]\0228j\360\0224\003\021%\014""; nodePubKey: ""\003\343\005\311u\203\370\0338\3174\324\010\006\301\251\177\261\304eOX\262)FA-\022r\263wm\024""; closeTime: 803902467; signature: ""0D\002 A\233Z7\r\213\271\303*6\206b\314\036p>\235M\216\200\357\302CLo\2133\272\212\200c\243\002 Y\343\002\231\373\202\216.\341;\257\313y\214\255\260\247\317i-vSs\014\242\260E*\346\367\241j""; previousledger: ""\241'\332/+\360Bx\036+\210j\237K%\340]\246E\2434\264K\036\030qP\317\315\336\325\007""; ","proposeSeq: 0; currentTxHash: ""8h\232\211g)\354\005\246\256XI\265J\214\312}\261\211y\355]\0228j\360\0224\003\021%\014""; nodePubKey: ""\003\343\005\311u\203\370\0338\3174\324\010\006\301\251\177\261\304eOX\262)FA-\022r\263wm\024""; closeTime: 803902467; signature: ""0D\002 A\233Z7\r\213\271\303*6\206b\314\036p>\235M\216\200\357\302CLo\2133\272\212\200c\243\002 Y\343\002\231\373\202\216.\341;\257\313y\214\255\260\247\317i-vSs\014\242\260E*\346\367\241j""; previousledger: ""\241'\332/+\360Bx\036+\210j\237K%\340]\246E\2434\264K\036\030qP\317\315\336\325\007""; "
1750587268503,1750587268503,3656,1,3,1,TMProposeSet,"proposeSeq: 0; currentTxHash: ""8h\232\211g)\354\005\246\256XI\265J\214\312}\261\211y\355]\0228j\360\0224\003\021%\014""; nodePubKey: ""\003\343\005\311u\203\370\0338\3174\324\010\006\301\251\177\261\304eOX\262)FA-\022r\263wm\024""; closeTime: 803902467; signature: ""0D\002 A\233Z7\r\213\271\303*6\206b\314\036p>\235M\216\200\357\302CLo\2133\272\212\200c\243\002 Y\343\002\231\373\202\216.\341;\257\313y\214\255\260\247\317i-vSs\014\242\260E*\346\367\241j""; previousledger: ""\241'\332/+\360Bx\036+\210j\237K%\340]\246E\2434\264K\036\030qP\317\315\336\325\007""; ","proposeSeq: 0; currentTxHash: ""8h\232\211g)\354\005\246\256XI\265J\214\312}\261\211y\355]\0228j\360\0224\003\021%\014""; nodePubKey: ""\003\343\005\311u\203\370\0338\3174\324\010\006\301\251\177\261\304eOX\262)FA-\022r\263wm\024""; closeTime: 803902467; signature: ""0D\002 A\233Z7\r\213\271\303*6\206b\314\036p>\235M\216\200\357\302CLo\2133\272\212\200c\243\002 Y\343\002\231\373\202\216.\341;\257\313y\214\255\260\247\317i-vSs\014\242\260E*\346\367\241j""; previousledger: ""\241'\332/+\360Bx\036+\210j\237K%\340]\246E\2434\264K\036\030qP\317\315\336\325\007""; "
1750587268506,1750587268506,1590,1,3,2,TMGetLedger,"itype: liTS_CANDIDATE; ledgerHash: ""u\315\243\367\211\2625\240r:n\277\003\026\366\353'\216jy9\\001\220\223~\341j\254O\025\257""; nodeIDs: ""\000\000\000\000\000\000\000\000\000\000\000\000\000\000\000\000\000\000\000\000\000\000\000\000\000\000\000\000\000\000\000\000\000""; queryType: qtINDIRECT; queryDepth: 3; ","itype: liTS_CANDIDATE; ledgerHash: ""u\315\243\367\211\2625\240r:n\277\003\026\366\353'\216jy9\\001\220\223~\341j\254O\025\257""; nodeIDs: ""\000\000\000\000\000\000\000\000\000\000\000\000\000\000\000\000\000\000\000\000\000\000\000\000\000\000\000\000\000\000\000\000\000""; queryType: qtINDIRECT; queryDepth: 3; "
1750587268506,1750587268506,1136,1,3,0,TMGetLedger,"itype: liTS_CANDIDATE; ledgerHash: ""u\315\243\367\211\2625\240r:n\277\003\026\366\353'\216jy9\\001\220\223~\341j\254O\025\257""; nodeIDs: ""\000\000\000\000\000\000\000\000\000\000\000\000\000\000\000\000\000\000\000\000\000\000\000\000\000\000\000\000\000\000\000\000\000""; queryType: qtINDIRECT; queryDepth: 3; ","itype: liTS_CANDIDATE; ledgerHash: ""u\315\243\367\211\2625\240r:n\277\003\026\366\353'\216jy9\\001\220\223~\341j\254O\025\257""; nodeIDs: ""\000\000\000\000\000\000\000\000\000\000\000\000\000\000\000\000\000\000\000\000\000\000\000\000\000\000\000\000\000\000\000\000\000""; queryType: qtINDIRECT; queryDepth: 3; "
1750587268506,1750587268506,3118,1,3,4,TMGetLedger,"itype: liTS_CANDIDATE; ledgerHash: ""u\315\243\367\211\2625\240r:n\277\003\026\366\353'\216jy9\\001\220\223~\341j\254O\025\257""; nodeIDs: ""\000\000\000\000\000\000\000\000\000\000\000\000\000\000\000\000\000\000\000\000\000\000\000\000\000\000\000\000\000\000\000\000\000""; queryType: qtINDIRECT; queryDepth: 3; ","itype: liTS_CANDIDATE; ledgerHash: ""u\315\243\367\211\2625\240r:n\277\003\026\366\353'\216jy9\\001\220\223~\341j\254O\025\257""; nodeIDs: ""\000\000\000\000\000\000\000\000\000\000\000\000\000\000\000\000\000\000\000\000\000\000\000\000\000\000\000\000\000\000\000\000\000""; queryType: qtINDIRECT; queryDepth: 3; "
1750587268506,1750587268506,2142,1,3,1,TMGetLedger,"itype: liTS_CANDIDATE; ledgerHash: ""u\315\243\367\211\2625\240r:n\277\003\026\366\353'\216jy9\\001\220\223~\341j\254O\025\257""; nodeIDs: ""\000\000\000\000\000\000\000\000\000\000\000\000\000\000\000\000\000\000\000\000\000\000\000\000\000\000\000\000\000\000\000\000\000""; queryType: qtINDIRECT; queryDepth: 3; ","itype: liTS_CANDIDATE; ledgerHash: ""u\315\243\367\211\2625\240r:n\277\003\026\366\353'\216jy9\\001\220\223~\341j\254O\025\257""; nodeIDs: ""\000\000\000\000\000\000\000\000\000\000\000\000\000\000\000\000\000\000\000\000\000\000\000\000\000\000\000\000\000\000\000\000\000""; queryType: qtINDIRECT; queryDepth: 3; "
1750587268507,1750587268507,2655,1,1,0,TMLedgerData,"ledgerHash: ""u\315\243\367\211\2625\240r:n\277\003\026\366\353'\216jy9\\001\220\223~\341j\254O\025\257""; ledgerSeq: 0; type: liTS_CANDIDATE; nodes {;   nodedata: ""\246C\232\272\013^\241\340~\030'\005/\234\037\355\231\230\017\266\365\303w\360\273\374\234\362S:\270\023\n\003"";   nodeid: ""\000\000\000\000\000\000\000\000\000\000\000\000\000\000\000\000\000\000\000\000\000\000\000\000\000\000\000\000\000\000\000\000\000""; }; ","ledgerHash: ""u\315\243\367\211\2625\240r:n\277\003\026\366\353'\216jy9\\001\220\223~\341j\254O\025\257""; ledgerSeq: 0; type: liTS_CANDIDATE; nodes {;   nodedata: ""\246C\232\272\013^\241\340~\030'\005/\234\037\355\231\230\017\266\365\303w\360\273\374\234\362S:\270\023\n\003"";   nodeid: ""\000\000\000\000\000\000\000\000\000\000\000\000\000\000\000\000\000\000\000\000\000\000\000\000\000\000\000\000\000\000\000\000\000""; }; "
1750587268517,1750587268517,2386,1,2,3,TMTransaction,"rawTransaction: ""\022\000\000""\000\000\000\000$\000\000\000\003 \033\000\000\000\027a@\000\000\027H\206*@h@\000\000\000\000\000\000\ns!\0030\347\374\235V\273%\326\211;\243\363\027\256[\3173\263)\033\326=\263&T\243\023""/\177\320 tF0D\002 1\275E\253\256\024\251o\345\335\301\n\213\327\371A|\353\353d\277\233o<\303\226\316\345\374\027nG\002 \016\272`\261\003\205I\263\0138\360s\312\027\267\327\341)\373\351L\217j\326\210\037s\2418\352I%\201\024\265\367by\212S\325C\240\024\312\370\262\227\317\370\362\3717\350\203\024B\006\222#\215\346\234\245/\205\327[/\206^\005y\253G\373""; status: tsCURRENT; receiveTimestamp: 803902468; deferred: false; ","rawTransaction: ""\022\000\000""\000\000\000\000$\000\000\000\003 \033\000\000\000\027a@\000\000\027H\206*@h@\000\000\000\000\000\000\ns!\0030\347\374\235V\273%\326\211;\243\363\027\256[\3173\263)\033\326=\263&T\243\023""/\177\320 tF0D\002 1\275E\253\256\024\251o\345\335\301\n\213\327\371A|\353\353d\277\233o<\303\226\316\345\374\027nG\002 \016\272`\261\003\205I\263\0138\360s\312\027\267\327\341)\373\351L\217j\326\210\037s\2418\352I%\201\024\265\367by\212S\325C\240\024\312\370\262\227\317\370\362\3717\350\203\024B\006\222#\215\346\234\245/\205\327[/\206^\005y\253G\373""; status: tsCURRENT; receiveTimestamp: 803902468; deferred: false; "
1750587268517,1750587268518,1513,1,2,0,TMTransaction,"rawTransaction: ""\022\000\000""\000\000\000\000$\000\000\000\003 \033\000\000\000\027a@\000\000\027H\206*@h@\000\000\000\000\000\000\ns!\0030\347\374\235V\273%\326\211;\243\363\027\256[\3173\263)\033\326=\263&T\243\023""/\177\320 tF0D\002 1\275E\253\256\024\251o\345\335\301\n\213\327\371A|\353\353d\277\233o<\303\226\316\345\374\027nG\002 \016\272`\261\003\205I\263\0138\360s\312\027\267\327\341)\373\351L\217j\326\210\037s\2418\352I%\201\024\265\367by\212S\325C\240\024\312\370\262\227\317\370\362\3717\350\203\024B\006\222#\215\346\234\245/\205\327[/\206^\005y\253G\373""; status: tsCURRENT; receiveTimestamp: 803902468; deferred: false; ","rawTransaction: ""\022\000\000""\000\000\000\000$\000\000\000\003 \033\000\000\000\027a@\000\000\027H\206*@h@\000\000\000\000\000\000\ns!\0030\347\374\235V\273%\326\211;\243\363\027\256[\3173\263)\033\326=\263&T\243\023""/\177\320 tF0D\002 1\275E\253\256\024\251o\345\335\301\n\213\327\371A|\353\353d\277\233o<\303\226\316\345\374\027nG\002 \016\272`\261\003\205I\263\0138\360s\312\027\267\327\341)\373\351L\217j\326\210\037s\2418\352I%\201\024\265\367by\212S\325C\240\024\312\370\262\227\317\370\362\3717\350\203\024B\006\222#\215\346\234\245/\205\327[/\206^\005y\253G\373""; status: tsCURRENT; receiveTimestamp: 803902468; deferred: false; "
1750587268517,1750587268518,2236,1,2,4,TMTransaction,"rawTransaction: ""\022\000\000""\000\000\000\000$\000\000\000\003 \033\000\000\000\027a@\000\000\027H\206*@h@\000\000\000\000\000\000\ns!\0030\347\374\235V\273%\326\211;\243\363\027\256[\3173\263)\033\326=\263&T\243\023""/\177\320 tF0D\002 1\275E\253\256\024\251o\345\335\301\n\213\327\371A|\353\353d\277\233o<\303\226\316\345\374\027nG\002 \016\272`\261\003\205I\263\0138\360s\312\027\267\327\341)\373\351L\217j\326\210\037s\2418\352I%\201\024\265\367by\212S\325C\240\024\312\370\262\227\317\370\362\3717\350\203\024B\006\222#\215\346\234\245/\205\327[/\206^\005y\253G\373""; status: tsCURRENT; receiveTimestamp: 803902468; deferred: false; ","rawTransaction: ""\022\000\000""\000\000\000\000$\000\000\000\003 \033\000\000\000\027a@\000\000\027H\206*@h@\000\000\000\000\000\000\ns!\0030\347\374\235V\273%\326\211;\243\363\027\256[\3173\263)\033\326=\263&T\243\023""/\177\320 tF0D\002 1\275E\253\256\024\251o\345\335\301\n\213\327\371A|\353\353d\277\233o<\303\226\316\345\374\027nG\002 \016\272`\261\003\205I\263\0138\360s\312\027\267\327\341)\373\351L\217j\326\210\037s\2418\352I%\201\024\265\367by\212S\325C\240\024\312\370\262\227\317\370\362\3717\350\203\024B\006\222#\215\346\234\245/\205\327[/\206^\005y\253G\373""; status: tsCURRENT; receiveTimestamp: 803902468; deferred: false; "
1750587268536,1750587268536,2655,1,1,0,TMLedgerData,"ledgerHash: ""u\315\243\367\211\2625\240r:n\277\003\026\366\353'\216jy9\\001\220\223~\341j\254O\025\257""; ledgerSeq: 0; type: liTS_CANDIDATE; nodes {;   nodedata: ""\246C\232\272\013^\241\340~\030'\005/\234\037\355\231\230\017\266\365\303w\360\273\374\234\362S:\270\023\n\003"";   nodeid: ""\000\000\000\000\000\000\000\000\000\000\000\000\000\000\000\000\000\000\000\000\000\000\000\000\000\000\000\000\000\000\000\000\000""; }; requestCookie: 4; ","ledgerHash: ""u\315\243\367\211\2625\240r:n\277\003\026\366\353'\216jy9\\001\220\223~\341j\254O\025\257""; ledgerSeq: 0; type: liTS_CANDIDATE; nodes {;   nodedata: ""\246C\232\272\013^\241\340~\030'\005/\234\037\355\231\230\017\266\365\303w\360\273\374\234\362S:\270\023\n\003"";   nodeid: ""\000\000\000\000\000\000\000\000\000\000\000\000\000\000\000\000\000\000\000\000\000\000\000\000\000\000\000\000\000\000\000\000\000""; }; requestCookie: 4; "
1750587268546,1750587268546,3375,1,1,4,TMProposeSet,"proposeSeq: 0; currentTxHash: ""8h\232\211g)\354\005\246\256XI\265J\214\312}\261\211y\355]\0228j\360\0224\003\021%\014""; nodePubKey: ""\003\325Q\255\224\274R@\312\253\262\347\352\034\346\347\242\215,\312\376=\277\353{\350\225\301\305`^, ""; closeTime: 803902467; signature: ""0E\002!\000\275^I\314\273z\201Jd\353D\274\006\341\344\240x\266\224\001}\0003\271\271\310\353\225\354\027\361\022\002 u\302={+%4\326'\223\034\354b\277\036q\321\277\353\2345}\232\307\033\361\032\\206\371\207Z""; previousledger: ""\241'\332/+\360Bx\036+\210j\237K%\340]\246E\2434\264K\036\030qP\317\315\336\325\007""; ","proposeSeq: 0; currentTxHash: ""8h\232\211g)\354\005\246\256XI\265J\214\312}\261\211y\355]\0228j\360\0224\003\021%\014""; nodePubKey: ""\003\325Q\255\224\274R@\312\253\262\347\352\034\346\347\242\215,\312\376=\277\353{\350\225\301\305`^, ""; closeTime: 803902467; signature: ""0E\002!\000\275^I\314\273z\201Jd\353D\274\006\341\344\240x\266\224\001}\0003\271\271\310\353\225\354\027\361\022\002 u\302={+%4\326'\223\034\354b\277\036q\321\277\353\2345}\232\307\033\361\032\\206\371\207Z""; previousledger: ""\241'\332/+\360Bx\036+\210j\237K%\340]\246E\2434\264K\036\030qP\317\315\336\325\007""; "
1750587268546,1750587268546,3538,1,1,3,TMProposeSet,"proposeSeq: 0; currentTxHash: ""8h\232\211g)\354\005\246\256XI\265J\214\312}\261\211y\355]\0228j\360\0224\003\021%\014""; nodePubKey: ""\003\325Q\255\224\274R@\312\253\262\347\352\034\346\347\242\215,\312\376=\277\353{\350\225\301\305`^, ""; closeTime: 803902467; signature: ""0E\002!\000\275^I\314\273z\201Jd\353D\274\006\341\344\240x\266\224\001}\0003\271\271\310\353\225\354\027\361\022\002 u\302={+%4\326'\223\034\354b\277\036q\321\277\353\2345}\232\307\033\361\032\\206\371\207Z""; previousledger: ""\241'\332/+\360Bx\036+\210j\237K%\340]\246E\2434\264K\036\030qP\317\315\336\325\007""; ","proposeSeq: 0; currentTxHash: ""8h\232\211g)\354\005\246\256XI\265J\214\312}\261\211y\355]\0228j\360\0224\003\021%\014""; nodePubKey: ""\003\325Q\255\224\274R@\312\253\262\347\352\034\346\347\242\215,\312\376=\277\353{\350\225\301\305`^, ""; closeTime: 803902467; signature: ""0E\002!\000\275^I\314\273z\201Jd\353D\274\006\341\344\240x\266\224\001}\0003\271\271\310\353\225\354\027\361\022\002 u\302={+%4\326'\223\034\354b\277\036q\321\277\353\2345}\232\307\033\361\032\\206\371\207Z""; previousledger: ""\241'\332/+\360Bx\036+\210j\237K%\340]\246E\2434\264K\036\030qP\317\315\336\325\007""; "
1750587268546,1750587268546,1799,1,1,2,TMProposeSet,"proposeSeq: 0; currentTxHash: ""8h\232\211g)\354\005\246\256XI\265J\214\312}\261\211y\355]\0228j\360\0224\003\021%\014""; nodePubKey: ""\003\325Q\255\224\274R@\312\253\262\347\352\034\346\347\242\215,\312\376=\277\353{\350\225\301\305`^, ""; closeTime: 803902467; signature: ""0E\002!\000\275^I\314\273z\201Jd\353D\274\006\341\344\240x\266\224\001}\0003\271\271\310\353\225\354\027\361\022\002 u\302={+%4\326'\223\034\354b\277\036q\321\277\353\2345}\232\307\033\361\032\\206\371\207Z""; previousledger: ""\241'\332/+\360Bx\036+\210j\237K%\340]\246E\2434\264K\036\030qP\317\315\336\325\007""; ","proposeSeq: 0; currentTxHash: ""8h\232\211g)\354\005\246\256XI\265J\214\312}\261\211y\355]\0228j\360\0224\003\021%\014""; nodePubKey: ""\003\325Q\255\224\274R@\312\253\262\347\352\034\346\347\242\215,\312\376=\277\353{\350\225\301\305`^, ""; closeTime: 803902467; signature: ""0E\002!\000\275^I\314\273z\201Jd\353D\274\006\341\344\240x\266\224\001}\0003\271\271\310\353\225\354\027\361\022\002 u\302={+%4\326'\223\034\354b\277\036q\321\277\353\2345}\232\307\033\361\032\\206\371\207Z""; previousledger: ""\241'\332/+\360Bx\036+\210j\237K%\340]\246E\2434\264K\036\030qP\317\315\336\325\007""; "
1750587268577,1750587268577,557,1,4,1,TMGetLedger,"itype: liTS_CANDIDATE; ledgerHash: ""u\315\243\367\211\2625\240r:n\277\003\026\366\353'\216jy9\\001\220\223~\341j\254O\025\257""; nodeIDs: ""\000\000\000\000\000\000\000\000\000\000\000\000\000\000\000\000\000\000\000\000\000\000\000\000\000\000\000\000\000\000\000\000\000""; requestCookie: 1; queryType: qtINDIRECT; queryDepth: 3; ","itype: liTS_CANDIDATE; ledgerHash: ""u\315\243\367\211\2625\240r:n\277\003\026\366\353'\216jy9\\001\220\223~\341j\254O\025\257""; nodeIDs: ""\000\000\000\000\000\000\000\000\000\000\000\000\000\000\000\000\000\000\000\000\000\000\000\000\000\000\000\000\000\000\000\000\000""; requestCookie: 1; queryType: qtINDIRECT; queryDepth: 3; "
1750587268596,1750587268596,342,1,2,1,TMGetLedger,"itype: liTS_CANDIDATE; ledgerHash: ""u\315\243\367\211\2625\240r:n\277\003\026\366\353'\216jy9\\001\220\223~\341j\254O\025\257""; nodeIDs: ""\000\000\000\000\000\000\000\000\000\000\000\000\000\000\000\000\000\000\000\000\000\000\000\000\000\000\000\000\000\000\000\000\000""; requestCookie: 4; queryType: qtINDIRECT; queryDepth: 3; ","itype: liTS_CANDIDATE; ledgerHash: ""u\315\243\367\211\2625\240r:n\277\003\026\366\353'\216jy9\\001\220\223~\341j\254O\025\257""; nodeIDs: ""\000\000\000\000\000\000\000\000\000\000\000\000\000\000\000\000\000\000\000\000\000\000\000\000\000\000\000\000\000\000\000\000\000""; requestCookie: 4; queryType: qtINDIRECT; queryDepth: 3; "
1750587268599,1750587268599,3914,1,4,3,TMGetLedger,"itype: liTS_CANDIDATE; ledgerHash: ""8h\232\211g)\354\005\246\256XI\265J\214\312}\261\211y\355]\0228j\360\0224\003\021%\014""; nodeIDs: ""\000\000\000\000\000\000\000\000\000\000\000\000\000\000\000\000\000\000\000\000\000\000\000\000\000\000\000\000\000\000\000\000\000""; queryType: qtINDIRECT; queryDepth: 3; ","itype: liTS_CANDIDATE; ledgerHash: ""8h\232\211g)\354\005\246\256XI\265J\214\312}\261\211y\355]\0228j\360\0224\003\021%\014""; nodeIDs: ""\000\000\000\000\000\000\000\000\000\000\000\000\000\000\000\000\000\000\000\000\000\000\000\000\000\000\000\000\000\000\000\000\000""; queryType: qtINDIRECT; queryDepth: 3; "
1750587268602,1750587268603,1764,1,0,3,TMGetLedger,"itype: liTS_CANDIDATE; ledgerHash: ""8h\232\211g)\354\005\246\256XI\265J\214\312}\261\211y\355]\0228j\360\0224\003\021%\014""; nodeIDs: ""\000\000\000\000\000\000\000\000\000\000\000\000\000\000\000\000\000\000\000\000\000\000\000\000\000\000\000\000\000\000\000\000\000""; queryType: qtINDIRECT; queryDepth: 3; ","itype: liTS_CANDIDATE; ledgerHash: ""8h\232\211g)\354\005\246\256XI\265J\214\312}\261\211y\355]\0228j\360\0224\003\021%\014""; nodeIDs: ""\000\000\000\000\000\000\000\000\000\000\000\000\000\000\000\000\000\000\000\000\000\000\000\000\000\000\000\000\000\000\000\000\000""; queryType: qtINDIRECT; queryDepth: 3; "
1750587268611,1750587268611,3414,1,0,2,TMGetLedger,"itype: liTS_CANDIDATE; ledgerHash: ""u\315\243\367\211\2625\240r:n\277\003\026\366\353'\216jy9\\001\220\223~\341j\254O\025\257""; nodeIDs: ""\240\000\000\000\000\000\000\000\000\000\000\000\000\000\000\000\000\000\000\000\000\000\000\000\000\000\000\000\000\000\000\000\001""; queryType: qtINDIRECT; ","itype: liTS_CANDIDATE; ledgerHash: ""u\315\243\367\211\2625\240r:n\277\003\026\366\353'\216jy9\\001\220\223~\341j\254O\025\257""; nodeIDs: ""\240\000\000\000\000\000\000\000\000\000\000\000\000\000\000\000\000\000\000\000\000\000\000\000\000\000\000\000\000\000\000\000\001""; queryType: qtINDIRECT; "
1750587268611,1750587268611,1466,1,0,4,TMGetLedger,"itype: liTS_CANDIDATE; ledgerHash: ""u\315\243\367\211\2625\240r:n\277\003\026\366\353'\216jy9\\001\220\223~\341j\254O\025\257""; nodeIDs: ""\240\000\000\000\000\000\000\000\000\000\000\000\000\000\000\000\000\000\000\000\000\000\000\000\000\000\000\000\000\000\000\000\001""; queryType: qtINDIRECT; ","itype: liTS_CANDIDATE; ledgerHash: ""u\315\243\367\211\2625\240r:n\277\003\026\366\353'\216jy9\\001\220\223~\341j\254O\025\257""; nodeIDs: ""\240\000\000\000\000\000\000\000\000\000\000\000\000\000\000\000\000\000\000\000\000\000\000\000\000\000\000\000\000\000\000\000\001""; queryType: qtINDIRECT; "
1750587268612,1750587268612,393,1,0,1,TMGetLedger,"itype: liTS_CANDIDATE; ledgerHash: ""u\315\243\367\211\2625\240r:n\277\003\026\366\353'\216jy9\\001\220\223~\341j\254O\025\257""; nodeIDs: ""\240\000\000\000\000\000\000\000\000\000\000\000\000\000\000\000\000\000\000\000\000\000\000\000\000\000\000\000\000\000\000\000\001""; queryType: qtINDIRECT; ","itype: liTS_CANDIDATE; ledgerHash: ""u\315\243\367\211\2625\240r:n\277\003\026\366\353'\216jy9\\001\220\223~\341j\254O\025\257""; nodeIDs: ""\240\000\000\000\000\000\000\000\000\000\000\000\000\000\000\000\000\000\000\000\000\000\000\000\000\000\000\000\000\000\000\000\001""; queryType: qtINDIRECT; "
1750587268626,1750587268626,2142,1,3,1,TMGetLedger,"itype: liTS_CANDIDATE; ledgerHash: ""u\315\243\367\211\2625\240r:n\277\003\026\366\353'\216jy9\\001\220\223~\341j\254O\025\257""; nodeIDs: ""\000\000\000\000\000\000\000\000\000\000\000\000\000\000\000\000\000\000\000\000\000\000\000\000\000\000\000\000\000\000\000\000\000""; requestCookie: 2; queryType: qtINDIRECT; queryDepth: 3; ","itype: liTS_CANDIDATE; ledgerHash: ""u\315\243\367\211\2625\240r:n\277\003\026\366\353'\216jy9\\001\220\223~\341j\254O\025\257""; nodeIDs: ""\000\000\000\000\000\000\000\000\000\000\000\000\000\000\000\000\000\000\000\000\000\000\000\000\000\000\000\000\000\000\000\000\000""; requestCookie: 2; queryType: qtINDIRECT; queryDepth: 3; "
1750587268635,1750587268635,2715,1,1,4,TMLedgerData,"ledgerHash: ""u\315\243\367\211\2625\240r:n\277\003\026\366\353'\216jy9\\001\220\223~\341j\254O\025\257""; ledgerSeq: 0; type: liTS_CANDIDATE; nodes {;   nodedata: ""\246C\232\272\013^\241\340~\030'\005/\234\037\355\231\230\017\266\365\303w\360\273\374\234\362S:\270\023\n\003"";   nodeid: ""\000\000\000\000\000\000\000\000\000\000\000\000\000\000\000\000\000\000\000\000\000\000\000\000\000\000\000\000\000\000\000\000\000""; }; requestCookie: 1; ","ledgerHash: ""u\315\243\367\211\2625\240r:n\277\003\026\366\353'\216jy9\\001\220\223~\341j\254O\025\257""; ledgerSeq: 0; type: liTS_CANDIDATE; nodes {;   nodedata: ""\246C\232\272\013^\241\340~\030'\005/\234\037\355\231\230\017\266\365\303w\360\273\374\234\362S:\270\023\n\003"";   nodeid: ""\000\000\000\000\000\000\000\000\000\000\000\000\000\000\000\000\000\000\000\000\000\000\000\000\000\000\000\000\000\000\000\000\000""; }; requestCookie: 1; "
1750587268642,1750587268642,1764,1,0,3,TMGetLedger,"itype: liTS_CANDIDATE; ledgerHash: ""u\315\243\367\211\2625\240r:n\277\003\026\366\353'\216jy9\\001\220\223~\341j\254O\025\257""; nodeIDs: ""\240\000\000\000\000\000\000\000\000\000\000\000\000\000\000\000\000\000\000\000\000\000\000\000\000\000\000\000\000\000\000\000\001""; queryType: qtINDIRECT; ","itype: liTS_CANDIDATE; ledgerHash: ""u\315\243\367\211\2625\240r:n\277\003\026\366\353'\216jy9\\001\220\223~\341j\254O\025\257""; nodeIDs: ""\240\000\000\000\000\000\000\000\000\000\000\000\000\000\000\000\000\000\000\000\000\000\000\000\000\000\000\000\000\000\000\000\001""; queryType: qtINDIRECT; "
1750587268647,1750587268647,1399,1,1,3,TMLedgerData,"ledgerHash: ""u\315\243\367\211\2625\240r:n\277\003\026\366\353'\216jy9\\001\220\223~\341j\254O\025\257""; ledgerSeq: 0; type: liTS_CANDIDATE; nodes {;   nodedata: ""\246C\232\272\013^\241\340~\030'\005/\234\037\355\231\230\017\266\365\303w\360\273\374\234\362S:\270\023\n\003"";   nodeid: ""\000\000\000\000\000\000\000\000\000\000\000\000\000\000\000\000\000\000\000\000\000\000\000\000\000\000\000\000\000\000\000\000\000""; }; ","ledgerHash: ""u\315\243\367\211\2625\240r:n\277\003\026\366\353'\216jy9\\001\220\223~\341j\254O\025\257""; ledgerSeq: 0; type: liTS_CANDIDATE; nodes {;   nodedata: ""\246C\232\272\013^\241\340~\030'\005/\234\037\355\231\230\017\266\365\303w\360\273\374\234\362S:\270\023\n\003"";   nodeid: ""\000\000\000\000\000\000\000\000\000\000\000\000\000\000\000\000\000\000\000\000\000\000\000\000\000\000\000\000\000\000\000\000\000""; }; "
1750587268653,1750587268654,393,1,0,1,TMGetLedger,"itype: liTS_CANDIDATE; ledgerHash: ""u\315\243\367\211\2625\240r:n\277\003\026\366\353'\216jy9\\001\220\223~\341j\254O\025\257""; nodeIDs: ""\000\000\000\000\000\000\000\000\000\000\000\000\000\000\000\000\000\000\000\000\000\000\000\000\000\000\000\000\000\000\000\000\000""; requestCookie: 4; queryType: qtINDIRECT; queryDepth: 3; ","itype: liTS_CANDIDATE; ledgerHash: ""u\315\243\367\211\2625\240r:n\277\003\026\366\353'\216jy9\\001\220\223~\341j\254O\025\257""; nodeIDs: ""\000\000\000\000\000\000\000\000\000\000\000\000\000\000\000\000\000\000\000\000\000\000\000\000\000\000\000\000\000\000\000\000\000""; requestCookie: 4; queryType: qtINDIRECT; queryDepth: 3; "
1750587268689,1750587268689,2472,1,1,2,TMLedgerData,"ledgerHash: ""u\315\243\367\211\2625\240r:n\277\003\026\366\353'\216jy9\\001\220\223~\341j\254O\025\257""; ledgerSeq: 0; type: liTS_CANDIDATE; nodes {;   nodedata: ""\246C\232\272\013^\241\340~\030'\005/\234\037\355\231\230\017\266\365\303w\360\273\374\234\362S:\270\023\n\003"";   nodeid: ""\000\000\000\000\000\000\000\000\000\000\000\000\000\000\000\000\000\000\000\000\000\000\000\000\000\000\000\000\000\000\000\000\000""; }; requestCookie: 4; ","ledgerHash: ""u\315\243\367\211\2625\240r:n\277\003\026\366\353'\216jy9\\001\220\223~\341j\254O\025\257""; ledgerSeq: 0; type: liTS_CANDIDATE; nodes {;   nodedata: ""\246C\232\272\013^\241\340~\030'\005/\234\037\355\231\230\017\266\365\303w\360\273\374\234\362S:\270\023\n\003"";   nodeid: ""\000\000\000\000\000\000\000\000\000\000\000\000\000\000\000\000\000\000\000\000\000\000\000\000\000\000\000\000\000\000\000\000\000""; }; requestCookie: 4; "
1750587268747,1750587268747,2655,1,1,0,TMLedgerData,"ledgerHash: ""8h\232\211g)\354\005\246\256XI\265J\214\312}\261\211y\355]\0228j\360\0224\003\021%\014""; ledgerSeq: 0; type: liTS_CANDIDATE; nodes {;   nodedata: ""\222c\273c4\225\334\221\227u?\025\314=\305/\262\367\217\375\027j\323\304\372\312Fv\2716\001\355\t\246C\232\272\013^\241\340~\030'\005/\234\037\355\231\230\017\266\365\303w\360\273\374\234\362S:\270\023\n\270\212\275\306\204\271\274\361K|t\323\346\2174\324\362\014S]\301\325\344rY\277\343\351\364\374\023\263\013\003"";   nodeid: ""\000\000\000\000\000\000\000\000\000\000\000\000\000\000\000\000\000\000\000\000\000\000\000\000\000\000\000\000\000\000\000\000\000""; }; ","ledgerHash: ""8h\232\211g)\354\005\246\256XI\265J\214\312}\261\211y\355]\0228j\360\0224\003\021%\014""; ledgerSeq: 0; type: liTS_CANDIDATE; nodes {;   nodedata: ""\222c\273c4\225\334\221\227u?\025\314=\305/\262\367\217\375\027j\323\304\372\312Fv\2716\001\355\t\246C\232\272\013^\241\340~\030'\005/\234\037\355\231\230\017\266\365\303w\360\273\374\234\362S:\270\023\n\270\212\275\306\204\271\274\361K|t\323\346\2174\324\362\014S]\301\325\344rY\277\343\351\364\374\023\263\013\003"";   nodeid: ""\000\000\000\000\000\000\000\000\000\000\000\000\000\000\000\000\000\000\000\000\000\000\000\000\000\000\000\000\000\000\000\000\000""; }; "
1750587268750,1750587268750,3559,1,4,0,TMValidation,"validation: """"\200\000\000\001&\000\000\000\005)/\352\224\004:v|\203\267)\257\206\032Q\372\373$P*|\321\342\002\026\n\3215\340\3203\200x\327D\301]5\237\247Yz\3711!L\214P\027\000\000\000\000\000\000\000\000\000\000\000\000\000\000\000\000\000\000\000\000\000\000\000\000\000\000\000\000\000\000\000\000P\031\241'\332/+\360Bx\036+\210j\237K%\340]\246E\2434\264K\036\030qP\317\315\336\325\007s!\003.\200\224\215?)t\306\315\242\313\251\255\302\204=\232.\271%}\013\024s\024\002@\216l""\241FvG0E\002!\000\337Cq\270\t\331>\352<\352\206\025\232\340t\374\263\030\000\325]\306\256\223,\0163\26619\374a\002 ""p=\222\325\240\252]w\276?\250\200\270(\263\031\0103\010\262\247^\336\317k\rSE\342\016\t""; ","validation: """"\200\000\000\001&\000\000\000\005)/\352\224\004:v|\203\267)\257\206\032Q\372\373$P*|\321\342\002\026\n\3215\340\3203\200x\327D\301]5\237\247Yz\3711!L\214P\027\000\000\000\000\000\000\000\000\000\000\000\000\000\000\000\000\000\000\000\000\000\000\000\000\000\000\000\000\000\000\000\000P\031\241'\332/+\360Bx\036+\210j\237K%\340]\246E\2434\264K\036\030qP\317\315\336\325\007s!\003.\200\224\215?)t\306\315\242\313\251\255\302\204=\232.\271%}\013\024s\024\002@\216l""\241FvG0E\002!\000\337Cq\270\t\331>\352<\352\206\025\232\340t\374\263\030\000\325]\306\256\223,\0163\26619\374a\002 ""p=\222\325\240\252]w\276?\250\200\270(\263\031\0103\010\262\247^\336\317k\rSE\342\016\t""; "
1750587268750,1750587268750,1548,1,4,0,TMStatusChange,"newEvent: neACCEPTED_LEDGER; ledgerSeq: 5; ledgerHash: ""\372\373$P*|\321\342\002\026\n\3215\340\3203\200x\327D\301]5\237\247Yz\3711!L\214""; ledgerHashPrevious: ""\241'\332/+\360Bx\036+\210j\237K%\340]\246E\2434\264K\036\030qP\317\315\336\325\007""; networkTime: 803902468; firstSeq: 1; lastSeq: 4; ","newEvent: neACCEPTED_LEDGER; ledgerSeq: 5; ledgerHash: ""\372\373$P*|\321\342\002\026\n\3215\340\3203\200x\327D\301]5\237\247Yz\3711!L\214""; ledgerHashPrevious: ""\241'\332/+\360Bx\036+\210j\237K%\340]\246E\2434\264K\036\030qP\317\315\336\325\007""; networkTime: 803902468; firstSeq: 1; lastSeq: 4; "
1750587268751,1750587268751,2819,1,4,1,TMValidation,"validation: """"\200\000\000\001&\000\000\000\005)/\352\224\004:v|\203\267)\257\206\032Q\372\373$P*|\321\342\002\026\n\3215\340\3203\200x\327D\301]5\237\247Yz\3711!L\214P\027\000\000\000\000\000\000\000\000\000\000\000\000\000\000\000\000\000\000\000\000\000\000\000\000\000\000\000\000\000\000\000\000P\031\241'\332/+\360Bx\036+\210j\237K%\340]\246E\2434\264K\036\030qP\317\315\336\325\007s!\003.\200\224\215?)t\306\315\242\313\251\255\302\204=\232.\271%}\013\024s\024\002@\216l""\241FvG0E\002!\000\337Cq\270\t\331>\352<\352\206\025\232\340t\374\263\030\000\325]\306\256\223,\0163\26619\374a\002 ""p=\222\325\240\252]w\276?\250\200\270(\263\031\0103\010\262\247^\336\317k\rSE\342\016\t""; ","validation: """"\200\000\000\001&\000\000\000\005)/\352\224\004:v|\203\267)\257\206\032Q\372\373$P*|\321\342\002\026\n\3215\340\3203\200x\327D\301]5\237\247Yz\3711!L\214P\027\000\000\000\000\000\000\000\000\000\000\000\000\000\000\000\000\000\000\000\000\000\000\000\000\000\000\000\000\000\000\000\000P\031\241'\332/+\360Bx\036+\210j\237K%\340]\246E\2434\264K\036\030qP\317\315\336\325\007s!\003.\200\224\215?)t\306\315\242\313\251\255\302\204=\232.\271%}\013\024s\024\002@\216l""\241FvG0E\002!\000\337Cq\270\t\331>\352<\352\206\025\232\340t\374\263\030\000\325]\306\256\223,\0163\26619\374a\002 ""p=\222\325\240\252]w\276?\250\200\270(\263\031\0103\010\262\247^\336\317k\rSE\342\016\t""; "
1750587268751,1750587268751,1357,1,4,3,TMValidation,"validation: """"\200\000\000\001&\000\000\000\005)/\352\224\004:v|\203\267)\257\206\032Q\372\373$P*|\321\342\002\026\n\3215\340\3203\200x\327D\301]5\237\247Yz\3711!L\214P\027\000\000\000\000\000\000\000\000\000\000\000\000\000\000\000\000\000\000\000\000\000\000\000\000\000\000\000\000\000\000\000\000P\031\241'\332/+\360Bx\036+\210j\237K%\340]\246E\2434\264K\036\030qP\317\315\336\325\007s!\003.\200\224\215?)t\306\315\242\313\251\255\302\204=\232.\271%}\013\024s\024\002@\216l""\241FvG0E\002!\000\337Cq\270\t\331>\352<\352\206\025\232\340t\374\263\030\000\325]\306\256\223,\0163\26619\374a\002 ""p=\222\325\240\252]w\276?\250\200\270(\263\031\0103\010\262\247^\336\317k\rSE\342\016\t""; ","validation: """"\200\000\000\001&\000\000\000\005)/\352\224\004:v|\203\267)\257\206\032Q\372\373$P*|\321\342\002\026\n\3215\340\3203\200x\327D\301]5\237\247Yz\3711!L\214P\027\000\000\000\000\000\000\000\000\000\000\000\000\000\000\000\000\000\000\000\000\000\000\000\000\000\000\000\000\000\000\000\000P\031\241'\332/+\360Bx\036+\210j\237K%\340]\246E\2434\264K\036\030qP\317\315\336\325\007s!\003.\200\224\215?)t\306\315\242\313\251\255\302\204=\232.\271%}\013\024s\024\002@\216l""\241FvG0E\002!\000\337Cq\270\t\331>\352<\352\206\025\232\340t\374\263\030\000\325]\306\256\223,\0163\26619\374a\002 ""p=\222\325\240\252]w\276?\250\200\270(\263\031\0103\010\262\247^\336\317k\rSE\342\016\t""; "
1750587268751,1750587268751,3410,1,4,3,TMStatusChange,"newEvent: neACCEPTED_LEDGER; ledgerSeq: 5; ledgerHash: ""\372\373$P*|\321\342\002\026\n\3215\340\3203\200x\327D\301]5\237\247Yz\3711!L\214""; ledgerHashPrevious: ""\241'\332/+\360Bx\036+\210j\237K%\340]\246E\2434\264K\036\030qP\317\315\336\325\007""; networkTime: 803902468; firstSeq: 1; lastSeq: 4; ","newEvent: neACCEPTED_LEDGER; ledgerSeq: 5; ledgerHash: ""\372\373$P*|\321\342\002\026\n\3215\340\3203\200x\327D\301]5\237\247Yz\3711!L\214""; ledgerHashPrevious: ""\241'\332/+\360Bx\036+\210j\237K%\340]\246E\2434\264K\036\030qP\317\315\336\325\007""; networkTime: 803902468; firstSeq: 1; lastSeq: 4; "
1750587268752,1750587268752,1021,1,4,2,TMStatusChange,"newEvent: neACCEPTED_LEDGER; ledgerSeq: 5; ledgerHash: ""\372\373$P*|\321\342\002\026\n\3215\340\3203\200x\327D\301]5\237\247Yz\3711!L\214""; ledgerHashPrevious: ""\241'\332/+\360Bx\036+\210j\237K%\340]\246E\2434\264K\036\030qP\317\315\336\325\007""; networkTime: 803902468; firstSeq: 1; lastSeq: 4; ","newEvent: neACCEPTED_LEDGER; ledgerSeq: 5; ledgerHash: ""\372\373$P*|\321\342\002\026\n\3215\340\3203\200x\327D\301]5\237\247Yz\3711!L\214""; ledgerHashPrevious: ""\241'\332/+\360Bx\036+\210j\237K%\340]\246E\2434\264K\036\030qP\317\315\336\325\007""; networkTime: 803902468; firstSeq: 1; lastSeq: 4; "
1750587268752,1750587268752,1760,1,4,1,TMStatusChange,"newEvent: neACCEPTED_LEDGER; ledgerSeq: 5; ledgerHash: ""\372\373$P*|\321\342\002\026\n\3215\340\3203\200x\327D\301]5\237\247Yz\3711!L\214""; ledgerHashPrevious: ""\241'\332/+\360Bx\036+\210j\237K%\340]\246E\2434\264K\036\030qP\317\315\336\325\007""; networkTime: 803902468; firstSeq: 1; lastSeq: 4; ","newEvent: neACCEPTED_LEDGER; ledgerSeq: 5; ledgerHash: ""\372\373$P*|\321\342\002\026\n\3215\340\3203\200x\327D\301]5\237\247Yz\3711!L\214""; ledgerHashPrevious: ""\241'\332/+\360Bx\036+\210j\237K%\340]\246E\2434\264K\036\030qP\317\315\336\325\007""; networkTime: 803902468; firstSeq: 1; lastSeq: 4; "
1750587268755,1750587268755,2142,1,3,1,TMGetLedger,"itype: liTS_CANDIDATE; ledgerHash: ""u\315\243\367\211\2625\240r:n\277\003\026\366\353'\216jy9\\001\220\223~\341j\254O\025\257""; nodeIDs: ""\000\000\000\000\000\000\000\000\000\000\000\000\000\000\000\000\000\000\000\000\000\000\000\000\000\000\000\000\000\000\000\000\000""; queryType: qtINDIRECT; queryDepth: 3; ","itype: liTS_CANDIDATE; ledgerHash: ""u\315\243\367\211\2625\240r:n\277\003\026\366\353'\216jy9\\001\220\223~\341j\254O\025\257""; nodeIDs: ""\000\000\000\000\000\000\000\000\000\000\000\000\000\000\000\000\000\000\000\000\000\000\000\000\000\000\000\000\000\000\000\000\000""; queryType: qtINDIRECT; queryDepth: 3; "
1750587268756,1750587268756,1590,1,3,2,TMGetLedger,"itype: liTS_CANDIDATE; ledgerHash: ""u\315\243\367\211\2625\240r:n\277\003\026\366\353'\216jy9\\001\220\223~\341j\254O\025\257""; nodeIDs: ""\000\000\000\000\000\000\000\000\000\000\000\000\000\000\000\000\000\000\000\000\000\000\000\000\000\000\000\000\000\000\000\000\000""; queryType: qtINDIRECT; queryDepth: 3; ","itype: liTS_CANDIDATE; ledgerHash: ""u\315\243\367\211\2625\240r:n\277\003\026\366\353'\216jy9\\001\220\223~\341j\254O\025\257""; nodeIDs: ""\000\000\000\000\000\000\000\000\000\000\000\000\000\000\000\000\000\000\000\000\000\000\000\000\000\000\000\000\000\000\000\000\000""; queryType: qtINDIRECT; queryDepth: 3; "
1750587268755,1750587268756,3118,1,3,4,TMGetLedger,"itype: liTS_CANDIDATE; ledgerHash: ""u\315\243\367\211\2625\240r:n\277\003\026\366\353'\216jy9\\001\220\223~\341j\254O\025\257""; nodeIDs: ""\000\000\000\000\000\000\000\000\000\000\000\000\000\000\000\000\000\000\000\000\000\000\000\000\000\000\000\000\000\000\000\000\000""; queryType: qtINDIRECT; queryDepth: 3; ","itype: liTS_CANDIDATE; ledgerHash: ""u\315\243\367\211\2625\240r:n\277\003\026\366\353'\216jy9\\001\220\223~\341j\254O\025\257""; nodeIDs: ""\000\000\000\000\000\000\000\000\000\000\000\000\000\000\000\000\000\000\000\000\000\000\000\000\000\000\000\000\000\000\000\000\000""; queryType: qtINDIRECT; queryDepth: 3; "
1750587268755,1750587268755,1136,1,3,0,TMGetLedger,"itype: liTS_CANDIDATE; ledgerHash: ""u\315\243\367\211\2625\240r:n\277\003\026\366\353'\216jy9\\001\220\223~\341j\254O\025\257""; nodeIDs: ""\000\000\000\000\000\000\000\000\000\000\000\000\000\000\000\000\000\000\000\000\000\000\000\000\000\000\000\000\000\000\000\000\000""; queryType: qtINDIRECT; queryDepth: 3; ","itype: liTS_CANDIDATE; ledgerHash: ""u\315\243\367\211\2625\240r:n\277\003\026\366\353'\216jy9\\001\220\223~\341j\254O\025\257""; nodeIDs: ""\000\000\000\000\000\000\000\000\000\000\000\000\000\000\000\000\000\000\000\000\000\000\000\000\000\000\000\000\000\000\000\000\000""; queryType: qtINDIRECT; queryDepth: 3; "
1750587268756,1750587268756,2655,1,1,0,TMLedgerData,"ledgerHash: ""u\315\243\367\211\2625\240r:n\277\003\026\366\353'\216jy9\\001\220\223~\341j\254O\025\257""; ledgerSeq: 0; type: liTS_CANDIDATE; nodes {;   nodedata: ""\246C\232\272\013^\241\340~\030'\005/\234\037\355\231\230\017\266\365\303w\360\273\374\234\362S:\270\023\n\003"";   nodeid: ""\000\000\000\000\000\000\000\000\000\000\000\000\000\000\000\000\000\000\000\000\000\000\000\000\000\000\000\000\000\000\000\000\000""; }; ","ledgerHash: ""u\315\243\367\211\2625\240r:n\277\003\026\366\353'\216jy9\\001\220\223~\341j\254O\025\257""; ledgerSeq: 0; type: liTS_CANDIDATE; nodes {;   nodedata: ""\246C\232\272\013^\241\340~\030'\005/\234\037\355\231\230\017\266\365\303w\360\273\374\234\362S:\270\023\n\003"";   nodeid: ""\000\000\000\000\000\000\000\000\000\000\000\000\000\000\000\000\000\000\000\000\000\000\000\000\000\000\000\000\000\000\000\000\000""; }; "
1750587268771,1750587268771,779,1,0,3,TMValidation,"validation: """"\200\000\000\001&\000\000\000\004)/\352\224\001:Q\231\304\227'3\313\030Q\241'\332/+\360Bx\036+\210j\237K%\340]\246E\2434\264K\036\030qP\317\315\336\325\007P\027\000\000\000\000\000\000\000\000\000\000\000\000\000\000\000\000\000\000\000\000\000\000\000\000\000\000\000\000\000\000\000\000P\031T\270\242(,&\233\326\374o\306[\235\317>\021e\005s\261\371l\216\017\003\032\017J\217\244W<s!\003ql\302)\235\321\t\213\224\356\374%%\311\327\037\374\304\t\335\2359\344\233\035]\347<u\236\364\222vG0E\002!\000\373\375`]\006\263A\371\324\0350H\202=\272\026\314\307dx\027\275\nv\363\355I\366\270z\374\366\002 Z\022!!\376\250=\256\250A\274{?\025\232\244\244 \027\262\022K%\351\314\336\374\257\204\340f\003""; ","validation: """"\200\000\000\001&\000\000\000\004)/\352\224\001:Q\231\304\227'3\313\030Q\241'\332/+\360Bx\036+\210j\237K%\340]\246E\2434\264K\036\030qP\317\315\336\325\007P\027\000\000\000\000\000\000\000\000\000\000\000\000\000\000\000\000\000\000\000\000\000\000\000\000\000\000\000\000\000\000\000\000P\031T\270\242(,&\233\326\374o\306[\235\317>\021e\005s\261\371l\216\017\003\032\017J\217\244W<s!\003ql\302)\235\321\t\213\224\356\374%%\311\327\037\374\304\t\335\2359\344\233\035]\347<u\236\364\222vG0E\002!\000\373\375`]\006\263A\371\324\0350H\202=\272\026\314\307dx\027\275\nv\363\355I\366\270z\374\366\002 Z\022!!\376\250=\256\250A\274{?\025\232\244\244 \027\262\022K%\351\314\336\374\257\204\340f\003""; "
1750587268771,1750587268771,792,1,0,4,TMValidation,"validation: """"\200\000\000\001&\000\000\000\004)/\352\224\001:Q\231\304\227'3\313\030Q\241'\332/+\360Bx\036+\210j\237K%\340]\246E\2434\264K\036\030qP\317\315\336\325\007P\027\000\000\000\000\000\000\000\000\000\000\000\000\000\000\000\000\000\000\000\000\000\000\000\000\000\000\000\000\000\000\000\000P\031T\270\242(,&\233\326\374o\306[\235\317>\021e\005s\261\371l\216\017\003\032\017J\217\244W<s!\003ql\302)\235\321\t\213\224\356\374%%\311\327\037\374\304\t\335\2359\344\233\035]\347<u\236\364\222vG0E\002!\000\373\375`]\006\263A\371\324\0350H\202=\272\026\314\307dx\027\275\nv\363\355I\366\270z\374\366\002 Z\022!!\376\250=\256\250A\274{?\025\232\244\244 \027\262\022K%\351\314\336\374\257\204\340f\003""; ","validation: """"\200\000\000\001&\000\000\000\004)/\352\224\001:Q\231\304\227'3\313\030Q\241'\332/+\360Bx\036+\210j\237K%\340]\246E\2434\264K\036\030qP\317\315\336\325\007P\027\000\000\000\000\000\000\000\000\000\000\000\000\000\000\000\000\000\000\000\000\000\000\000\000\000\000\000\000\000\000\000\000P\031T\270\242(,&\233\326\374o\306[\235\317>\021e\005s\261\371l\216\017\003\032\017J\217\244W<s!\003ql\302)\235\321\t\213\224\356\374%%\311\327\037\374\304\t\335\2359\344\233\035]\347<u\236\364\222vG0E\002!\000\373\375`]\006\263A\371\324\0350H\202=\272\026\314\307dx\027\275\nv\363\355I\366\270z\374\366\002 Z\022!!\376\250=\256\250A\274{?\025\232\244\244 \027\262\022K%\351\314\336\374\257\204\340f\003""; "
1750587268771,1750587268771,2684,1,0,1,TMValidation,"validation: """"\200\000\000\001&\000\000\000\004)/\352\224\001:Q\231\304\227'3\313\030Q\241'\332/+\360Bx\036+\210j\237K%\340]\246E\2434\264K\036\030qP\317\315\336\325\007P\027\000\000\000\000\000\000\000\000\000\000\000\000\000\000\000\000\000\000\000\000\000\000\000\000\000\000\000\000\000\000\000\000P\031T\270\242(,&\233\326\374o\306[\235\317>\021e\005s\261\371l\216\017\003\032\017J\217\244W<s!\003ql\302)\235\321\t\213\224\356\374%%\311\327\037\374\304\t\335\2359\344\233\035]\347<u\236\364\222vG0E\002!\000\373\375`]\006\263A\371\324\0350H\202=\272\026\314\307dx\027\275\nv\363\355I\366\270z\374\366\002 Z\022!!\376\250=\256\250A\274{?\025\232\244\244 \027\262\022K%\351\314\336\374\257\204\340f\003""; ","validation: """"\200\000\000\001&\000\000\000\004)/\352\224\001:Q\231\304\227'3\313\030Q\241'\332/+\360Bx\036+\210j\237K%\340]\246E\2434\264K\036\030qP\317\315\336\325\007P\027\000\000\000\000\000\000\000\000\000\000\000\000\000\000\000\000\000\000\000\000\000\000\000\000\000\000\000\000\000\000\000\000P\031T\270\242(,&\233\326\374o\306[\235\317>\021e\005s\261\371l\216\017\003\032\017J\217\244W<s!\003ql\302)\235\321\t\213\224\356\374%%\311\327\037\374\304\t\335\2359\344\233\035]\347<u\236\364\222vG0E\002!\000\373\375`]\006\263A\371\324\0350H\202=\272\026\314\307dx\027\275\nv\363\355I\366\270z\374\366\002 Z\022!!\376\250=\256\250A\274{?\025\232\244\244 \027\262\022K%\351\314\336\374\257\204\340f\003""; "
1750587268794,1750587268794,443,1,4,2,TMValidation,"validation: """"\200\000\000\001&\000\000\000\005)/\352\224\004:v|\203\267)\257\206\032Q\372\373$P*|\321\342\002\026\n\3215\340\3203\200x\327D\301]5\237\247Yz\3711!L\214P\027\000\000\000\000\000\000\000\000\000\000\000\000\000\000\000\000\000\000\000\000\000\000\000\000\000\000\000\000\000\000\000\000P\031\241'\332/+\360Bx\036+\210j\237K%\340]\246E\2434\264K\036\030qP\317\315\336\325\007s!\003.\200\224\215?)t\306\315\242\313\251\255\302\204=\232.\271%}\013\024s\024\002@\216l""\241FvG0E\002!\000\337Cq\270\t\331>\352<\352\206\025\232\340t\374\263\030\000\325]\306\256\223,\0163\26619\374a\002 ""p=\222\325\240\252]w\276?\250\200\270(\263\031\0103\010\262\247^\336\317k\rSE\342\016\t""; ","validation: """"\200\000\000\001&\000\000\000\005)/\352\224\004:v|\203\267)\257\206\032Q\372\373$P*|\321\342\002\026\n\3215\340\3203\200x\327D\301]5\237\247Yz\3711!L\214P\027\000\000\000\000\000\000\000\000\000\000\000\000\000\000\000\000\000\000\000\000\000\000\000\000\000\000\000\000\000\000\000\000P\031\241'\332/+\360Bx\036+\210j\237K%\340]\246E\2434\264K\036\030qP\317\315\336\325\007s!\003.\200\224\215?)t\306\315\242\313\251\255\302\204=\232.\271%}\013\024s\024\002@\216l""\241FvG0E\002!\000\337Cq\270\t\331>\352<\352\206\025\232\340t\374\263\030\000\325]\306\256\223,\0163\26619\374a\002 ""p=\222\325\240\252]w\276?\250\200\270(\263\031\0103\010\262\247^\336\317k\rSE\342\016\t""; "
1750587268795,1750587268795,3004,1,4,0,TMTransaction,"rawTransaction: ""\022\000\000""\000\000\000\000$\000\000\000\003 \033\000\000\000\027a@\000\000\027H\206*@h@\000\000\000\000\000\000\ns!\0030\347\374\235V\273%\326\211;\243\363\027\256[\3173\263)\033\326=\263&T\243\023""/\177\320 tF0D\002 1\275E\253\256\024\251o\345\335\301\n\213\327\371A|\353\353d\277\233o<\303\226\316\345\374\027nG\002 \016\272`\261\003\205I\263\0138\360s\312\027\267\327\341)\373\351L\217j\326\210\037s\2418\352I%\201\024\265\367by\212S\325C\240\024\312\370\262\227\317\370\362\3717\350\203\024B\006\222#\215\346\234\245/\205\327[/\206^\005y\253G\373""; status: tsCURRENT; receiveTimestamp: 803902468; deferred: false; ","rawTransaction: ""\022\000\000""\000\000\000\000$\000\000\000\003 \033\000\000\000\027a@\000\000\027H\206*@h@\000\000\000\000\000\000\ns!\0030\347\374\235V\273%\326\211;\243\363\027\256[\3173\263)\033\326=\263&T\243\023""/\177\320 tF0D\002 1\275E\253\256\024\251o\345\335\301\n\213\327\371A|\353\353d\277\233o<\303\226\316\345\374\027nG\002 \016\272`\261\003\205I\263\0138\360s\312\027\267\327\341)\373\351L\217j\326\210\037s\2418\352I%\201\024\265\367by\212S\325C\240\024\312\370\262\227\317\370\362\3717\350\203\024B\006\222#\215\346\234\245/\205\327[/\206^\005y\253G\373""; status: tsCURRENT; receiveTimestamp: 803902468; deferred: false; "
1750587268795,1750587268795,149,1,4,2,TMTransaction,"rawTransaction: ""\022\000\000""\000\000\000\000$\000\000\000\003 \033\000\000\000\027a@\000\000\027H\206*@h@\000\000\000\000\000\000\ns!\0030\347\374\235V\273%\326\211;\243\363\027\256[\3173\263)\033\326=\263&T\243\023""/\177\320 tF0D\002 1\275E\253\256\024\251o\345\335\301\n\213\327\371A|\353\353d\277\233o<\303\226\316\345\374\027nG\002 \016\272`\261\003\205I\263\0138\360s\312\027\267\327\341)\373\351L\217j\326\210\037s\2418\352I%\201\024\265\367by\212S\325C\240\024\312\370\262\227\317\370\362\3717\350\203\024B\006\222#\215\346\234\245/\205\327[/\206^\005y\253G\373""; status: tsCURRENT; receiveTimestamp: 803902468; deferred: false; ","rawTransaction: ""\022\000\000""\000\000\000\000$\000\000\000\003 \033\000\000\000\027a@\000\000\027H\206*@h@\000\000\000\000\000\000\ns!\0030\347\374\235V\273%\326\211;\243\363\027\256[\3173\263)\033\326=\263&T\243\023""/\177\320 tF0D\002 1\275E\253\256\024\251o\345\335\301\n\213\327\371A|\353\353d\277\233o<\303\226\316\345\374\027nG\002 \016\272`\261\003\205I\263\0138\360s\312\027\267\327\341)\373\351L\217j\326\210\037s\2418\352I%\201\024\265\367by\212S\325C\240\024\312\370\262\227\317\370\362\3717\350\203\024B\006\222#\215\346\234\245/\205\327[/\206^\005y\253G\373""; status: tsCURRENT; receiveTimestamp: 803902468; deferred: false; "
1750587268795,1750587268796,840,1,4,3,TMTransaction,"rawTransaction: ""\022\000\000""\000\000\000\000$\000\000\000\003 \033\000\000\000\027a@\000\000\027H\206*@h@\000\000\000\000\000\000\ns!\0030\347\374\235V\273%\326\211;\243\363\027\256[\3173\263)\033\326=\263&T\243\023""/\177\320 tF0D\002 1\275E\253\256\024\251o\345\335\301\n\213\327\371A|\353\353d\277\233o<\303\226\316\345\374\027nG\002 \016\272`\261\003\205I\263\0138\360s\312\027\267\327\341)\373\351L\217j\326\210\037s\2418\352I%\201\024\265\367by\212S\325C\240\024\312\370\262\227\317\370\362\3717\350\203\024B\006\222#\215\346\234\245/\205\327[/\206^\005y\253G\373""; status: tsCURRENT; receiveTimestamp: 803902468; deferred: false; ","rawTransaction: ""\022\000\000""\000\000\000\000$\000\000\000\003 \033\000\000\000\027a@\000\000\027H\206*@h@\000\000\000\000\000\000\ns!\0030\347\374\235V\273%\326\211;\243\363\027\256[\3173\263)\033\326=\263&T\243\023""/\177\320 tF0D\002 1\275E\253\256\024\251o\345\335\301\n\213\327\371A|\353\353d\277\233o<\303\226\316\345\374\027nG\002 \016\272`\261\003\205I\263\0138\360s\312\027\267\327\341)\373\351L\217j\326\210\037s\2418\352I%\201\024\265\367by\212S\325C\240\024\312\370\262\227\317\370\362\3717\350\203\024B\006\222#\215\346\234\245/\205\327[/\206^\005y\253G\373""; status: tsCURRENT; receiveTimestamp: 803902468; deferred: false; "
1750587268796,1750587268796,2655,1,1,0,TMLedgerData,"ledgerHash: ""u\315\243\367\211\2625\240r:n\277\003\026\366\353'\216jy9\\001\220\223~\341j\254O\025\257""; ledgerSeq: 0; type: liTS_CANDIDATE; nodes {;   nodedata: ""\246C\232\272\013^\241\340~\030'\005/\234\037\355\231\230\017\266\365\303w\360\273\374\234\362S:\270\023\n\003"";   nodeid: ""\000\000\000\000\000\000\000\000\000\000\000\000\000\000\000\000\000\000\000\000\000\000\000\000\000\000\000\000\000\000\000\000\000""; }; requestCookie: 4; ","ledgerHash: ""u\315\243\367\211\2625\240r:n\277\003\026\366\353'\216jy9\\001\220\223~\341j\254O\025\257""; ledgerSeq: 0; type: liTS_CANDIDATE; nodes {;   nodedata: ""\246C\232\272\013^\241\340~\030'\005/\234\037\355\231\230\017\266\365\303w\360\273\374\234\362S:\270\023\n\003"";   nodeid: ""\000\000\000\000\000\000\000\000\000\000\000\000\000\000\000\000\000\000\000\000\000\000\000\000\000\000\000\000\000\000\000\000\000""; }; requestCookie: 4; "
1750587268804,1750587268805,2655,1,1,0,TMLedgerData,"ledgerHash: ""u\315\243\367\211\2625\240r:n\277\003\026\366\353'\216jy9\\001\220\223~\341j\254O\025\257""; ledgerSeq: 0; type: liTS_CANDIDATE; nodes {;   nodedata: ""\022\000\000""\000\000\000\000$\000\000\000\001 \033\000\000\000\027a@\000\000\027H\206*@h@\000\000\000\000\000\000\ns!\0030\347\374\235V\273%\326\211;\243\363\027\256[\3173\263)\033\326=\263&T\243\023""/\177\320 tF0D\002 0\023\341\332; \2711\245\020\321\3300\345\267-)\230\177\246\236AQ\327\203\207H\226+\000%\336\002 \024\036\211\237\201t\376\272E\270\230\020\334\014\356g\273\025((\376\266\216@ \254^2T\233\013\034\201\024\265\367by\212S\325C\240\024\312\370\262\227\317\370\362\3717\350\203\024E0\246\210\344\325\345r\024T\251\006P\255\352\333\372\351\337\302\000"";   nodeid: ""\240\000\000\000\000\000\000\000\000\000\000\000\000\000\000\000\000\000\000\000\000\000\000\000\000\000\000\000\000\000\000\000\001""; }; ","ledgerHash: ""u\315\243\367\211\2625\240r:n\277\003\026\366\353'\216jy9\\001\220\223~\341j\254O\025\257""; ledgerSeq: 0; type: liTS_CANDIDATE; nodes {;   nodedata: ""\022\000\000""\000\000\000\000$\000\000\000\001 \033\000\000\000\027a@\000\000\027H\206*@h@\000\000\000\000\000\000\ns!\0030\347\374\235V\273%\326\211;\243\363\027\256[\3173\263)\033\326=\263&T\243\023""/\177\320 tF0D\002 0\023\341\332; \2711\245\020\321\3300\345\267-)\230\177\246\236AQ\327\203\207H\226+\000%\336\002 \024\036\211\237\201t\376\272E\270\230\020\334\014\356g\273\025((\376\266\216@ \254^2T\233\013\034\201\024\265\367by\212S\325C\240\024\312\370\262\227\317\370\362\3717\350\203\024E0\246\210\344\325\345r\024T\251\006P\255\352\333\372\351\337\302\000"";   nodeid: ""\240\000\000\000\000\000\000\000\000\000\000\000\000\000\000\000\000\000\000\000\000\000\000\000\000\000\000\000\000\000\000\000\001""; }; "
1750587268828,1750587268828,557,1,4,1,TMGetLedger,"itype: liTS_CANDIDATE; ledgerHash: ""u\315\243\367\211\2625\240r:n\277\003\026\366\353'\216jy9\\001\220\223~\341j\254O\025\257""; nodeIDs: ""\000\000\000\000\000\000\000\000\000\000\000\000\000\000\000\000\000\000\000\000\000\000\000\000\000\000\000\000\000\000\000\000\000""; requestCookie: 1; queryType: qtINDIRECT; queryDepth: 3; ","itype: liTS_CANDIDATE; ledgerHash: ""u\315\243\367\211\2625\240r:n\277\003\026\366\353'\216jy9\\001\220\223~\341j\254O\025\257""; nodeIDs: ""\000\000\000\000\000\000\000\000\000\000\000\000\000\000\000\000\000\000\000\000\000\000\000\000\000\000\000\000\000\000\000\000\000""; requestCookie: 1; queryType: qtINDIRECT; queryDepth: 3; "
1750587268846,1750587268846,342,1,2,1,TMGetLedger,"itype: liTS_CANDIDATE; ledgerHash: ""u\315\243\367\211\2625\240r:n\277\003\026\366\353'\216jy9\\001\220\223~\341j\254O\025\257""; nodeIDs: ""\000\000\000\000\000\000\000\000\000\000\000\000\000\000\000\000\000\000\000\000\000\000\000\000\000\000\000\000\000\000\000\000\000""; requestCookie: 4; queryType: qtINDIRECT; queryDepth: 3; ","itype: liTS_CANDIDATE; ledgerHash: ""u\315\243\367\211\2625\240r:n\277\003\026\366\353'\216jy9\\001\220\223~\341j\254O\025\257""; nodeIDs: ""\000\000\000\000\000\000\000\000\000\000\000\000\000\000\000\000\000\000\000\000\000\000\000\000\000\000\000\000\000\000\000\000\000""; requestCookie: 4; queryType: qtINDIRECT; queryDepth: 3; "
1750587268850,1750587268850,1467,1,4,2,TMGetLedger,"itype: liTS_CANDIDATE; ledgerHash: ""8h\232\211g)\354\005\246\256XI\265J\214\312}\261\211y\355]\0228j\360\0224\003\021%\014""; nodeIDs: ""\000\000\000\000\000\000\000\000\000\000\000\000\000\000\000\000\000\000\000\000\000\000\000\000\000\000\000\000\000\000\000\000\000""; queryType: qtINDIRECT; queryDepth: 3; ","itype: liTS_CANDIDATE; ledgerHash: ""8h\232\211g)\354\005\246\256XI\265J\214\312}\261\211y\355]\0228j\360\0224\003\021%\014""; nodeIDs: ""\000\000\000\000\000\000\000\000\000\000\000\000\000\000\000\000\000\000\000\000\000\000\000\000\000\000\000\000\000\000\000\000\000""; queryType: qtINDIRECT; queryDepth: 3; "
1750587268853,1750587268853,3414,1,0,2,TMGetLedger,"itype: liTS_CANDIDATE; ledgerHash: ""8h\232\211g)\354\005\246\256XI\265J\214\312}\261\211y\355]\0228j\360\0224\003\021%\014""; nodeIDs: ""\000\000\000\000\000\000\000\000\000\000\000\000\000\000\000\000\000\000\000\000\000\000\000\000\000\000\000\000\000\000\000\000\000""; queryType: qtINDIRECT; queryDepth: 3; ","itype: liTS_CANDIDATE; ledgerHash: ""8h\232\211g)\354\005\246\256XI\265J\214\312}\261\211y\355]\0228j\360\0224\003\021%\014""; nodeIDs: ""\000\000\000\000\000\000\000\000\000\000\000\000\000\000\000\000\000\000\000\000\000\000\000\000\000\000\000\000\000\000\000\000\000""; queryType: qtINDIRECT; queryDepth: 3; "
1750587268861,1750587268861,393,1,0,1,TMGetLedger,"itype: liTS_CANDIDATE; ledgerHash: ""u\315\243\367\211\2625\240r:n\277\003\026\366\353'\216jy9\\001\220\223~\341j\254O\025\257""; nodeIDs: ""\240\000\000\000\000\000\000\000\000\000\000\000\000\000\000\000\000\000\000\000\000\000\000\000\000\000\000\000\000\000\000\000\001""; queryType: qtINDIRECT; ","itype: liTS_CANDIDATE; ledgerHash: ""u\315\243\367\211\2625\240r:n\277\003\026\366\353'\216jy9\\001\220\223~\341j\254O\025\257""; nodeIDs: ""\240\000\000\000\000\000\000\000\000\000\000\000\000\000\000\000\000\000\000\000\000\000\000\000\000\000\000\000\000\000\000\000\001""; queryType: qtINDIRECT; "
1750587268862,1750587268862,1764,1,0,3,TMGetLedger,"itype: liTS_CANDIDATE; ledgerHash: ""u\315\243\367\211\2625\240r:n\277\003\026\366\353'\216jy9\\001\220\223~\341j\254O\025\257""; nodeIDs: ""\240\000\000\000\000\000\000\000\000\000\000\000\000\000\000\000\000\000\000\000\000\000\000\000\000\000\000\000\000\000\000\000\001""; queryType: qtINDIRECT; ","itype: liTS_CANDIDATE; ledgerHash: ""u\315\243\367\211\2625\240r:n\277\003\026\366\353'\216jy9\\001\220\223~\341j\254O\025\257""; nodeIDs: ""\240\000\000\000\000\000\000\000\000\000\000\000\000\000\000\000\000\000\000\000\000\000\000\000\000\000\000\000\000\000\000\000\001""; queryType: qtINDIRECT; "
1750587268862,1750587268862,1466,1,0,4,TMGetLedger,"itype: liTS_CANDIDATE; ledgerHash: ""u\315\243\367\211\2625\240r:n\277\003\026\366\353'\216jy9\\001\220\223~\341j\254O\025\257""; nodeIDs: ""\240\000\000\000\000\000\000\000\000\000\000\000\000\000\000\000\000\000\000\000\000\000\000\000\000\000\000\000\000\000\000\000\001""; queryType: qtINDIRECT; ","itype: liTS_CANDIDATE; ledgerHash: ""u\315\243\367\211\2625\240r:n\277\003\026\366\353'\216jy9\\001\220\223~\341j\254O\025\257""; nodeIDs: ""\240\000\000\000\000\000\000\000\000\000\000\000\000\000\000\000\000\000\000\000\000\000\000\000\000\000\000\000\000\000\000\000\001""; queryType: qtINDIRECT; "
1750587268862,1750587268862,3414,1,0,2,TMGetLedger,"itype: liTS_CANDIDATE; ledgerHash: ""u\315\243\367\211\2625\240r:n\277\003\026\366\353'\216jy9\\001\220\223~\341j\254O\025\257""; nodeIDs: ""\240\000\000\000\000\000\000\000\000\000\000\000\000\000\000\000\000\000\000\000\000\000\000\000\000\000\000\000\000\000\000\000\001""; queryType: qtINDIRECT; ","itype: liTS_CANDIDATE; ledgerHash: ""u\315\243\367\211\2625\240r:n\277\003\026\366\353'\216jy9\\001\220\223~\341j\254O\025\257""; nodeIDs: ""\240\000\000\000\000\000\000\000\000\000\000\000\000\000\000\000\000\000\000\000\000\000\000\000\000\000\000\000\000\000\000\000\001""; queryType: qtINDIRECT; "
1750587268872,1750587268872,557,1,4,1,TMGetLedger,"itype: liTS_CANDIDATE; ledgerHash: ""u\315\243\367\211\2625\240r:n\277\003\026\366\353'\216jy9\\001\220\223~\341j\254O\025\257""; nodeIDs: ""\000\000\000\000\000\000\000\000\000\000\000\000\000\000\000\000\000\000\000\000\000\000\000\000\000\000\000\000\000\000\000\000\000""; requestCookie: 4; queryType: qtINDIRECT; queryDepth: 3; ","itype: liTS_CANDIDATE; ledgerHash: ""u\315\243\367\211\2625\240r:n\277\003\026\366\353'\216jy9\\001\220\223~\341j\254O\025\257""; nodeIDs: ""\000\000\000\000\000\000\000\000\000\000\000\000\000\000\000\000\000\000\000\000\000\000\000\000\000\000\000\000\000\000\000\000\000""; requestCookie: 4; queryType: qtINDIRECT; queryDepth: 3; "
1750587268876,1750587268876,2142,1,3,1,TMGetLedger,"itype: liTS_CANDIDATE; ledgerHash: ""u\315\243\367\211\2625\240r:n\277\003\026\366\353'\216jy9\\001\220\223~\341j\254O\025\257""; nodeIDs: ""\000\000\000\000\000\000\000\000\000\000\000\000\000\000\000\000\000\000\000\000\000\000\000\000\000\000\000\000\000\000\000\000\000""; requestCookie: 2; queryType: qtINDIRECT; queryDepth: 3; ","itype: liTS_CANDIDATE; ledgerHash: ""u\315\243\367\211\2625\240r:n\277\003\026\366\353'\216jy9\\001\220\223~\341j\254O\025\257""; nodeIDs: ""\000\000\000\000\000\000\000\000\000\000\000\000\000\000\000\000\000\000\000\000\000\000\000\000\000\000\000\000\000\000\000\000\000""; requestCookie: 2; queryType: qtINDIRECT; queryDepth: 3; "
1750587268887,1750587268887,2715,1,1,4,TMLedgerData,"ledgerHash: ""u\315\243\367\211\2625\240r:n\277\003\026\366\353'\216jy9\\001\220\223~\341j\254O\025\257""; ledgerSeq: 0; type: liTS_CANDIDATE; nodes {;   nodedata: ""\246C\232\272\013^\241\340~\030'\005/\234\037\355\231\230\017\266\365\303w\360\273\374\234\362S:\270\023\n\003"";   nodeid: ""\000\000\000\000\000\000\000\000\000\000\000\000\000\000\000\000\000\000\000\000\000\000\000\000\000\000\000\000\000\000\000\000\000""; }; requestCookie: 1; ","ledgerHash: ""u\315\243\367\211\2625\240r:n\277\003\026\366\353'\216jy9\\001\220\223~\341j\254O\025\257""; ledgerSeq: 0; type: liTS_CANDIDATE; nodes {;   nodedata: ""\246C\232\272\013^\241\340~\030'\005/\234\037\355\231\230\017\266\365\303w\360\273\374\234\362S:\270\023\n\003"";   nodeid: ""\000\000\000\000\000\000\000\000\000\000\000\000\000\000\000\000\000\000\000\000\000\000\000\000\000\000\000\000\000\000\000\000\000""; }; requestCookie: 1; "
1750587268892,1750587268892,393,1,0,1,TMGetLedger,"itype: liTS_CANDIDATE; ledgerHash: ""u\315\243\367\211\2625\240r:n\277\003\026\366\353'\216jy9\\001\220\223~\341j\254O\025\257""; nodeIDs: ""\000\000\000\000\000\000\000\000\000\000\000\000\000\000\000\000\000\000\000\000\000\000\000\000\000\000\000\000\000\000\000\000\000""; requestCookie: 4; queryType: qtINDIRECT; queryDepth: 3; ","itype: liTS_CANDIDATE; ledgerHash: ""u\315\243\367\211\2625\240r:n\277\003\026\366\353'\216jy9\\001\220\223~\341j\254O\025\257""; nodeIDs: ""\000\000\000\000\000\000\000\000\000\000\000\000\000\000\000\000\000\000\000\000\000\000\000\000\000\000\000\000\000\000\000\000\000""; requestCookie: 4; queryType: qtINDIRECT; queryDepth: 3; "
1750587268896,1750587268897,1399,1,1,3,TMLedgerData,"ledgerHash: ""u\315\243\367\211\2625\240r:n\277\003\026\366\353'\216jy9\\001\220\223~\341j\254O\025\257""; ledgerSeq: 0; type: liTS_CANDIDATE; nodes {;   nodedata: ""\246C\232\272\013^\241\340~\030'\005/\234\037\355\231\230\017\266\365\303w\360\273\374\234\362S:\270\023\n\003"";   nodeid: ""\000\000\000\000\000\000\000\000\000\000\000\000\000\000\000\000\000\000\000\000\000\000\000\000\000\000\000\000\000\000\000\000\000""; }; ","ledgerHash: ""u\315\243\367\211\2625\240r:n\277\003\026\366\353'\216jy9\\001\220\223~\341j\254O\025\257""; ledgerSeq: 0; type: liTS_CANDIDATE; nodes {;   nodedata: ""\246C\232\272\013^\241\340~\030'\005/\234\037\355\231\230\017\266\365\303w\360\273\374\234\362S:\270\023\n\003"";   nodeid: ""\000\000\000\000\000\000\000\000\000\000\000\000\000\000\000\000\000\000\000\000\000\000\000\000\000\000\000\000\000\000\000\000\000""; }; "
1750587268908,1750587268908,2715,1,1,4,TMLedgerData,"ledgerHash: ""8h\232\211g)\354\005\246\256XI\265J\214\312}\261\211y\355]\0228j\360\0224\003\021%\014""; ledgerSeq: 0; type: liTS_CANDIDATE; nodes {;   nodedata: ""\222c\273c4\225\334\221\227u?\025\314=\305/\262\367\217\375\027j\323\304\372\312Fv\2716\001\355\t\246C\232\272\013^\241\340~\030'\005/\234\037\355\231\230\017\266\365\303w\360\273\374\234\362S:\270\023\n\270\212\275\306\204\271\274\361K|t\323\346\2174\324\362\014S]\301\325\344rY\277\343\351\364\374\023\263\013\003"";   nodeid: ""\000\000\000\000\000\000\000\000\000\000\000\000\000\000\000\000\000\000\000\000\000\000\000\000\000\000\000\000\000\000\000\000\000""; }; ","ledgerHash: ""8h\232\211g)\354\005\246\256XI\265J\214\312}\261\211y\355]\0228j\360\0224\003\021%\014""; ledgerSeq: 0; type: liTS_CANDIDATE; nodes {;   nodedata: ""\222c\273c4\225\334\221\227u?\025\314=\305/\262\367\217\375\027j\323\304\372\312Fv\2716\001\355\t\246C\232\272\013^\241\340~\030'\005/\234\037\355\231\230\017\266\365\303w\360\273\374\234\362S:\270\023\n\270\212\275\306\204\271\274\361K|t\323\346\2174\324\362\014S]\301\325\344rY\277\343\351\364\374\023\263\013\003"";   nodeid: ""\000\000\000\000\000\000\000\000\000\000\000\000\000\000\000\000\000\000\000\000\000\000\000\000\000\000\000\000\000\000\000\000\000""; }; "
1750587268939,1750587268940,2472,1,1,2,TMLedgerData,"ledgerHash: ""u\315\243\367\211\2625\240r:n\277\003\026\366\353'\216jy9\\001\220\223~\341j\254O\025\257""; ledgerSeq: 0; type: liTS_CANDIDATE; nodes {;   nodedata: ""\246C\232\272\013^\241\340~\030'\005/\234\037\355\231\230\017\266\365\303w\360\273\374\234\362S:\270\023\n\003"";   nodeid: ""\000\000\000\000\000\000\000\000\000\000\000\000\000\000\000\000\000\000\000\000\000\000\000\000\000\000\000\000\000\000\000\000\000""; }; requestCookie: 4; ","ledgerHash: ""u\315\243\367\211\2625\240r:n\277\003\026\366\353'\216jy9\\001\220\223~\341j\254O\025\257""; ledgerSeq: 0; type: liTS_CANDIDATE; nodes {;   nodedata: ""\246C\232\272\013^\241\340~\030'\005/\234\037\355\231\230\017\266\365\303w\360\273\374\234\362S:\270\023\n\003"";   nodeid: ""\000\000\000\000\000\000\000\000\000\000\000\000\000\000\000\000\000\000\000\000\000\000\000\000\000\000\000\000\000\000\000\000\000""; }; requestCookie: 4; "
1750587268999,1750587268999,2970,1,0,4,TMProposeSet,"proposeSeq: 0; currentTxHash: ""\000\000\000\000\000\000\000\000\000\000\000\000\000\000\000\000\000\000\000\000\000\000\000\000\000\000\000\000\000\000\000\000""; nodePubKey: ""\002\347\243J\206W\025ML\260\226\0163\217\250\337\325W\253\356*O\245Z\271\234\207C\274\375`\335\311""; closeTime: 803902468; signature: ""0E\002!\000\201wp\237\345y+XP\325\026\371F\304o` \264a\000D\005\t\323'\205N\374j\263\367!\002 \023e.\330*\310K\307\225\321\002\004\223\257\374\323:\001""\200\354\350\030\215\343\001\367\330\250\330\216\345""; previousledger: ""\241'\332/+\360Bx\036+\210j\237K%\340]\246E\2434\264K\036\030qP\317\315\336\325\007""; ","proposeSeq: 0; currentTxHash: ""\000\000\000\000\000\000\000\000\000\000\000\000\000\000\000\000\000\000\000\000\000\000\000\000\000\000\000\000\000\000\000\000""; nodePubKey: ""\002\347\243J\206W\025ML\260\226\0163\217\250\337\325W\253\356*O\245Z\271\234\207C\274\375`\335\311""; closeTime: 803902468; signature: ""0E\002!\000\201wp\237\345y+XP\325\026\371F\304o` \264a\000D\005\t\323'\205N\374j\263\367!\002 \023e.\330*\310K\307\225\321\002\004\223\257\374\323:\001""\200\354\350\030\215\343\001\367\330\250\330\216\345""; previousledger: ""\241'\332/+\360Bx\036+\210j\237K%\340]\246E\2434\264K\036\030qP\317\315\336\325\007""; "
1750587269002,1750587269002,190,1,0,1,TMProposeSet,"proposeSeq: 0; currentTxHash: ""\000\000\000\000\000\000\000\000\000\000\000\000\000\000\000\000\000\000\000\000\000\000\000\000\000\000\000\000\000\000\000\000""; nodePubKey: ""\002\347\243J\206W\025ML\260\226\0163\217\250\337\325W\253\356*O\245Z\271\234\207C\274\375`\335\311""; closeTime: 803902468; signature: ""0E\002!\000\201wp\237\345y+XP\325\026\371F\304o` \264a\000D\005\t\323'\205N\374j\263\367!\002 \023e.\330*\310K\307\225\321\002\004\223\257\374\323:\001""\200\354\350\030\215\343\001\367\330\250\330\216\345""; previousledger: ""\241'\332/+\360Bx\036+\210j\237K%\340]\246E\2434\264K\036\030qP\317\315\336\325\007""; ","proposeSeq: 0; currentTxHash: ""\000\000\000\000\000\000\000\000\000\000\000\000\000\000\000\000\000\000\000\000\000\000\000\000\000\000\000\000\000\000\000\000""; nodePubKey: ""\002\347\243J\206W\025ML\260\226\0163\217\250\337\325W\253\356*O\245Z\271\234\207C\274\375`\335\311""; closeTime: 803902468; signature: ""0E\002!\000\201wp\237\345y+XP\325\026\371F\304o` \264a\000D\005\t\323'\205N\374j\263\367!\002 \023e.\330*\310K\307\225\321\002\004\223\257\374\323:\001""\200\354\350\030\215\343\001\367\330\250\330\216\345""; previousledger: ""\241'\332/+\360Bx\036+\210j\237K%\340]\246E\2434\264K\036\030qP\317\315\336\325\007""; "
1750587269003,1750587269003,1290,1,0,2,TMProposeSet,"proposeSeq: 0; currentTxHash: ""\000\000\000\000\000\000\000\000\000\000\000\000\000\000\000\000\000\000\000\000\000\000\000\000\000\000\000\000\000\000\000\000""; nodePubKey: ""\002\347\243J\206W\025ML\260\226\0163\217\250\337\325W\253\356*O\245Z\271\234\207C\274\375`\335\311""; closeTime: 803902468; signature: ""0E\002!\000\201wp\237\345y+XP\325\026\371F\304o` \264a\000D\005\t\323'\205N\374j\263\367!\002 \023e.\330*\310K\307\225\321\002\004\223\257\374\323:\001""\200\354\350\030\215\343\001\367\330\250\330\216\345""; previousledger: ""\241'\332/+\360Bx\036+\210j\237K%\340]\246E\2434\264K\036\030qP\317\315\336\325\007""; ","proposeSeq: 0; currentTxHash: ""\000\000\000\000\000\000\000\000\000\000\000\000\000\000\000\000\000\000\000\000\000\000\000\000\000\000\000\000\000\000\000\000""; nodePubKey: ""\002\347\243J\206W\025ML\260\226\0163\217\250\337\325W\253\356*O\245Z\271\234\207C\274\375`\335\311""; closeTime: 803902468; signature: ""0E\002!\000\201wp\237\345y+XP\325\026\371F\304o` \264a\000D\005\t\323'\205N\374j\263\367!\002 \023e.\330*\310K\307\225\321\002\004\223\257\374\323:\001""\200\354\350\030\215\343\001\367\330\250\330\216\345""; previousledger: ""\241'\332/+\360Bx\036+\210j\237K%\340]\246E\2434\264K\036\030qP\317\315\336\325\007""; "
1750587269005,1750587269005,2142,1,3,1,TMGetLedger,"itype: liTS_CANDIDATE; ledgerHash: ""u\315\243\367\211\2625\240r:n\277\003\026\366\353'\216jy9\\001\220\223~\341j\254O\025\257""; nodeIDs: ""\000\000\000\000\000\000\000\000\000\000\000\000\000\000\000\000\000\000\000\000\000\000\000\000\000\000\000\000\000\000\000\000\000""; queryType: qtINDIRECT; queryDepth: 3; ","itype: liTS_CANDIDATE; ledgerHash: ""u\315\243\367\211\2625\240r:n\277\003\026\366\353'\216jy9\\001\220\223~\341j\254O\025\257""; nodeIDs: ""\000\000\000\000\000\000\000\000\000\000\000\000\000\000\000\000\000\000\000\000\000\000\000\000\000\000\000\000\000\000\000\000\000""; queryType: qtINDIRECT; queryDepth: 3; "
1750587269006,1750587269006,1136,1,3,0,TMGetLedger,"itype: liTS_CANDIDATE; ledgerHash: ""u\315\243\367\211\2625\240r:n\277\003\026\366\353'\216jy9\\001\220\223~\341j\254O\025\257""; nodeIDs: ""\000\000\000\000\000\000\000\000\000\000\000\000\000\000\000\000\000\000\000\000\000\000\000\000\000\000\000\000\000\000\000\000\000""; queryType: qtINDIRECT; queryDepth: 3; ","itype: liTS_CANDIDATE; ledgerHash: ""u\315\243\367\211\2625\240r:n\277\003\026\366\353'\216jy9\\001\220\223~\341j\254O\025\257""; nodeIDs: ""\000\000\000\000\000\000\000\000\000\000\000\000\000\000\000\000\000\000\000\000\000\000\000\000\000\000\000\000\000\000\000\000\000""; queryType: qtINDIRECT; queryDepth: 3; "
1750587269006,1750587269006,1590,1,3,2,TMGetLedger,"itype: liTS_CANDIDATE; ledgerHash: ""u\315\243\367\211\2625\240r:n\277\003\026\366\353'\216jy9\\001\220\223~\341j\254O\025\257""; nodeIDs: ""\000\000\000\000\000\000\000\000\000\000\000\000\000\000\000\000\000\000\000\000\000\000\000\000\000\000\000\000\000\000\000\000\000""; queryType: qtINDIRECT; queryDepth: 3; ","itype: liTS_CANDIDATE; ledgerHash: ""u\315\243\367\211\2625\240r:n\277\003\026\366\353'\216jy9\\001\220\223~\341j\254O\025\257""; nodeIDs: ""\000\000\000\000\000\000\000\000\000\000\000\000\000\000\000\000\000\000\000\000\000\000\000\000\000\000\000\000\000\000\000\000\000""; queryType: qtINDIRECT; queryDepth: 3; "
1750587269006,1750587269007,3118,1,3,4,TMGetLedger,"itype: liTS_CANDIDATE; ledgerHash: ""u\315\243\367\211\2625\240r:n\277\003\026\366\353'\216jy9\\001\220\223~\341j\254O\025\257""; nodeIDs: ""\000\000\000\000\000\000\000\000\000\000\000\000\000\000\000\000\000\000\000\000\000\000\000\000\000\000\000\000\000\000\000\000\000""; queryType: qtINDIRECT; queryDepth: 3; ","itype: liTS_CANDIDATE; ledgerHash: ""u\315\243\367\211\2625\240r:n\277\003\026\366\353'\216jy9\\001\220\223~\341j\254O\025\257""; nodeIDs: ""\000\000\000\000\000\000\000\000\000\000\000\000\000\000\000\000\000\000\000\000\000\000\000\000\000\000\000\000\000\000\000\000\000""; queryType: qtINDIRECT; queryDepth: 3; "
1750587269007,1750587269007,2655,1,1,0,TMLedgerData,"ledgerHash: ""u\315\243\367\211\2625\240r:n\277\003\026\366\353'\216jy9\\001\220\223~\341j\254O\025\257""; ledgerSeq: 0; type: liTS_CANDIDATE; nodes {;   nodedata: ""\022\000\000""\000\000\000\000$\000\000\000\001 \033\000\000\000\027a@\000\000\027H\206*@h@\000\000\000\000\000\000\ns!\0030\347\374\235V\273%\326\211;\243\363\027\256[\3173\263)\033\326=\263&T\243\023""/\177\320 tF0D\002 0\023\341\332; \2711\245\020\321\3300\345\267-)\230\177\246\236AQ\327\203\207H\226+\000%\336\002 \024\036\211\237\201t\376\272E\270\230\020\334\014\356g\273\025((\376\266\216@ \254^2T\233\013\034\201\024\265\367by\212S\325C\240\024\312\370\262\227\317\370\362\3717\350\203\024E0\246\210\344\325\345r\024T\251\006P\255\352\333\372\351\337\302\000"";   nodeid: ""\240\000\000\000\000\000\000\000\000\000\000\000\000\000\000\000\000\000\000\000\000\000\000\000\000\000\000\000\000\000\000\000\001""; }; ","ledgerHash: ""u\315\243\367\211\2625\240r:n\277\003\026\366\353'\216jy9\\001\220\223~\341j\254O\025\257""; ledgerSeq: 0; type: liTS_CANDIDATE; nodes {;   nodedata: ""\022\000\000""\000\000\000\000$\000\000\000\001 \033\000\000\000\027a@\000\000\027H\206*@h@\000\000\000\000\000\000\ns!\0030\347\374\235V\273%\326\211;\243\363\027\256[\3173\263)\033\326=\263&T\243\023""/\177\320 tF0D\002 0\023\341\332; \2711\245\020\321\3300\345\267-)\230\177\246\236AQ\327\203\207H\226+\000%\336\002 \024\036\211\237\201t\376\272E\270\230\020\334\014\356g\273\025((\376\266\216@ \254^2T\233\013\034\201\024\265\367by\212S\325C\240\024\312\370\262\227\317\370\362\3717\350\203\024E0\246\210\344\325\345r\024T\251\006P\255\352\333\372\351\337\302\000"";   nodeid: ""\240\000\000\000\000\000\000\000\000\000\000\000\000\000\000\000\000\000\000\000\000\000\000\000\000\000\000\000\000\000\000\000\001""; }; "
1750587269023,1750587269024,342,1,2,1,TMGetLedger,"itype: liTS_CANDIDATE; ledgerHash: ""u\315\243\367\211\2625\240r:n\277\003\026\366\353'\216jy9\\001\220\223~\341j\254O\025\257""; nodeIDs: ""\000\000\000\000\000\000\000\000\000\000\000\000\000\000\000\000\000\000\000\000\000\000\000\000\000\000\000\000\000\000\000\000\000""; requestCookie: 2; queryType: qtINDIRECT; queryDepth: 3; ","itype: liTS_CANDIDATE; ledgerHash: ""u\315\243\367\211\2625\240r:n\277\003\026\366\353'\216jy9\\001\220\223~\341j\254O\025\257""; nodeIDs: ""\000\000\000\000\000\000\000\000\000\000\000\000\000\000\000\000\000\000\000\000\000\000\000\000\000\000\000\000\000\000\000\000\000""; requestCookie: 2; queryType: qtINDIRECT; queryDepth: 3; "
1750587269033,1750587269033,3082,1,2,4,TMProposeSet,"proposeSeq: 0; currentTxHash: ""\000\000\000\000\000\000\000\000\000\000\000\000\000\000\000\000\000\000\000\000\000\000\000\000\000\000\000\000\000\000\000\000""; nodePubKey: ""\003.\200\224\215?)t\306\315\242\313\251\255\302\204=\232.\271%}\013\024s\024\002@\216l""\241F""; closeTime: 803902466; signature: ""0E\002!\000\2205\313\032\360\232\206\207\235ew_\212\356\200y\321p\032\235\256\305\350\226f\276R\220M\366\3158\002 (c^\304\3455\310\330'\000\334v\212\036\333I\342\372\240\200\235\0144e\277\351\231\347\203\226\365\307""; previousledger: ""\241'\332/+\360Bx\036+\210j\237K%\340]\246E\2434\264K\036\030qP\317\315\336\325\007""; ","proposeSeq: 0; currentTxHash: ""\000\000\000\000\000\000\000\000\000\000\000\000\000\000\000\000\000\000\000\000\000\000\000\000\000\000\000\000\000\000\000\000""; nodePubKey: ""\003.\200\224\215?)t\306\315\242\313\251\255\302\204=\232.\271%}\013\024s\024\002@\216l""\241F""; closeTime: 803902466; signature: ""0E\002!\000\2205\313\032\360\232\206\207\235ew_\212\356\200y\321p\032\235\256\305\350\226f\276R\220M\366\3158\002 (c^\304\3455\310\330'\000\334v\212\036\333I\342\372\240\200\235\0144e\277\351\231\347\203\226\365\307""; previousledger: ""\241'\332/+\360Bx\036+\210j\237K%\340]\246E\2434\264K\036\030qP\317\315\336\325\007""; "
1750587269033,1750587269033,1838,1,2,1,TMProposeSet,"proposeSeq: 0; currentTxHash: ""\000\000\000\000\000\000\000\000\000\000\000\000\000\000\000\000\000\000\000\000\000\000\000\000\000\000\000\000\000\000\000\000""; nodePubKey: ""\003.\200\224\215?)t\306\315\242\313\251\255\302\204=\232.\271%}\013\024s\024\002@\216l""\241F""; closeTime: 803902466; signature: ""0E\002!\000\2205\313\032\360\232\206\207\235ew_\212\356\200y\321p\032\235\256\305\350\226f\276R\220M\366\3158\002 (c^\304\3455\310\330'\000\334v\212\036\333I\342\372\240\200\235\0144e\277\351\231\347\203\226\365\307""; previousledger: ""\241'\332/+\360Bx\036+\210j\237K%\340]\246E\2434\264K\036\030qP\317\315\336\325\007""; ","proposeSeq: 0; currentTxHash: ""\000\000\000\000\000\000\000\000\000\000\000\000\000\000\000\000\000\000\000\000\000\000\000\000\000\000\000\000\000\000\000\000""; nodePubKey: ""\003.\200\224\215?)t\306\315\242\313\251\255\302\204=\232.\271%}\013\024s\024\002@\216l""\241F""; closeTime: 803902466; signature: ""0E\002!\000\2205\313\032\360\232\206\207\235ew_\212\356\200y\321p\032\235\256\305\350\226f\276R\220M\366\3158\002 (c^\304\3455\310\330'\000\334v\212\036\333I\342\372\240\200\235\0144e\277\351\231\347\203\226\365\307""; previousledger: ""\241'\332/+\360Bx\036+\210j\237K%\340]\246E\2434\264K\036\030qP\317\315\336\325\007""; "
1750587269033,1750587269034,3546,1,2,0,TMProposeSet,"proposeSeq: 0; currentTxHash: ""\000\000\000\000\000\000\000\000\000\000\000\000\000\000\000\000\000\000\000\000\000\000\000\000\000\000\000\000\000\000\000\000""; nodePubKey: ""\003.\200\224\215?)t\306\315\242\313\251\255\302\204=\232.\271%}\013\024s\024\002@\216l""\241F""; closeTime: 803902466; signature: ""0E\002!\000\2205\313\032\360\232\206\207\235ew_\212\356\200y\321p\032\235\256\305\350\226f\276R\220M\366\3158\002 (c^\304\3455\310\330'\000\334v\212\036\333I\342\372\240\200\235\0144e\277\351\231\347\203\226\365\307""; previousledger: ""\241'\332/+\360Bx\036+\210j\237K%\340]\246E\2434\264K\036\030qP\317\315\336\325\007""; ","proposeSeq: 0; currentTxHash: ""\000\000\000\000\000\000\000\000\000\000\000\000\000\000\000\000\000\000\000\000\000\000\000\000\000\000\000\000\000\000\000\000""; nodePubKey: ""\003.\200\224\215?)t\306\315\242\313\251\255\302\204=\232.\271%}\013\024s\024\002@\216l""\241F""; closeTime: 803902466; signature: ""0E\002!\000\2205\313\032\360\232\206\207\235ew_\212\356\200y\321p\032\235\256\305\350\226f\276R\220M\366\3158\002 (c^\304\3455\310\330'\000\334v\212\036\333I\342\372\240\200\235\0144e\277\351\231\347\203\226\365\307""; previousledger: ""\241'\332/+\360Bx\036+\210j\237K%\340]\246E\2434\264K\036\030qP\317\315\336\325\007""; "
1750587269042,1750587269042,141,1,0,3,TMProposeSet,"proposeSeq: 0; currentTxHash: ""\000\000\000\000\000\000\000\000\000\000\000\000\000\000\000\000\000\000\000\000\000\000\000\000\000\000\000\000\000\000\000\000""; nodePubKey: ""\002\347\243J\206W\025ML\260\226\0163\217\250\337\325W\253\356*O\245Z\271\234\207C\274\375`\335\311""; closeTime: 803902468; signature: ""0E\002!\000\201wp\237\345y+XP\325\026\371F\304o` \264a\000D\005\t\323'\205N\374j\263\367!\002 \023e.\330*\310K\307\225\321\002\004\223\257\374\323:\001""\200\354\350\030\215\343\001\367\330\250\330\216\345""; previousledger: ""\241'\332/+\360Bx\036+\210j\237K%\340]\246E\2434\264K\036\030qP\317\315\336\325\007""; ","proposeSeq: 0; currentTxHash: ""\000\000\000\000\000\000\000\000\000\000\000\000\000\000\000\000\000\000\000\000\000\000\000\000\000\000\000\000\000\000\000\000""; nodePubKey: ""\002\347\243J\206W\025ML\260\226\0163\217\250\337\325W\253\356*O\245Z\271\234\207C\274\375`\335\311""; closeTime: 803902468; signature: ""0E\002!\000\201wp\237\345y+XP\325\026\371F\304o` \264a\000D\005\t\323'\205N\374j\263\367!\002 \023e.\330*\310K\307\225\321\002\004\223\257\374\323:\001""\200\354\350\030\215\343\001\367\330\250\330\216\345""; previousledger: ""\241'\332/+\360Bx\036+\210j\237K%\340]\246E\2434\264K\036\030qP\317\315\336\325\007""; "
1750587269048,1750587269048,2173,1,3,2,TMHaveTransactionSet,"status: tsHAVE; hash: ""u\315\243\367\211\2625\240r:n\277\003\026\366\353'\216jy9\\001\220\223~\341j\254O\025\257""; ","status: tsHAVE; hash: ""u\315\243\367\211\2625\240r:n\277\003\026\366\353'\216jy9\\001\220\223~\341j\254O\025\257""; "
1750587269048,1750587269048,2609,1,3,4,TMHaveTransactionSet,"status: tsHAVE; hash: ""u\315\243\367\211\2625\240r:n\277\003\026\366\353'\216jy9\\001\220\223~\341j\254O\025\257""; ","status: tsHAVE; hash: ""u\315\243\367\211\2625\240r:n\277\003\026\366\353'\216jy9\\001\220\223~\341j\254O\025\257""; "
1750587269049,1750587269049,3807,1,3,1,TMHaveTransactionSet,"status: tsHAVE; hash: ""u\315\243\367\211\2625\240r:n\277\003\026\366\353'\216jy9\\001\220\223~\341j\254O\025\257""; ","status: tsHAVE; hash: ""u\315\243\367\211\2625\240r:n\277\003\026\366\353'\216jy9\\001\220\223~\341j\254O\025\257""; "
1750587269050,1750587269050,506,1,3,0,TMHaveTransactionSet,"status: tsHAVE; hash: ""u\315\243\367\211\2625\240r:n\277\003\026\366\353'\216jy9\\001\220\223~\341j\254O\025\257""; ","status: tsHAVE; hash: ""u\315\243\367\211\2625\240r:n\277\003\026\366\353'\216jy9\\001\220\223~\341j\254O\025\257""; "
1750587269050,1750587269050,2655,1,1,0,TMLedgerData,"ledgerHash: ""u\315\243\367\211\2625\240r:n\277\003\026\366\353'\216jy9\\001\220\223~\341j\254O\025\257""; ledgerSeq: 0; type: liTS_CANDIDATE; nodes {;   nodedata: ""\246C\232\272\013^\241\340~\030'\005/\234\037\355\231\230\017\266\365\303w\360\273\374\234\362S:\270\023\n\003"";   nodeid: ""\000\000\000\000\000\000\000\000\000\000\000\000\000\000\000\000\000\000\000\000\000\000\000\000\000\000\000\000\000\000\000\000\000""; }; requestCookie: 4; ","ledgerHash: ""u\315\243\367\211\2625\240r:n\277\003\026\366\353'\216jy9\\001\220\223~\341j\254O\025\257""; ledgerSeq: 0; type: liTS_CANDIDATE; nodes {;   nodedata: ""\246C\232\272\013^\241\340~\030'\005/\234\037\355\231\230\017\266\365\303w\360\273\374\234\362S:\270\023\n\003"";   nodeid: ""\000\000\000\000\000\000\000\000\000\000\000\000\000\000\000\000\000\000\000\000\000\000\000\000\000\000\000\000\000\000\000\000\000""; }; requestCookie: 4; "
1750587269072,1750587269072,2970,1,0,4,TMProposeSet,"proposeSeq: 0; currentTxHash: ""\000\000\000\000\000\000\000\000\000\000\000\000\000\000\000\000\000\000\000\000\000\000\000\000\000\000\000\000\000\000\000\000""; nodePubKey: ""\003ql\302)\235\321\t\213\224\356\374%%\311\327\037\374\304\t\335\2359\344\233\035]\347<u\236\364\222""; closeTime: 803902466; signature: ""0E\002!\000\201\033\254\014\205Ab8.\237\000UKb\337~G\347H\031\005,u\275wV\014\360\320\356\236\334\002 *\273\335D&\021\\n\343J\221\306S\020$\020/\347\013>t\213\313|\031\377k\0302\301\200\325""; previousledger: ""\241'\332/+\360Bx\036+\210j\237K%\340]\246E\2434\264K\036\030qP\317\315\336\325\007""; ","proposeSeq: 0; currentTxHash: ""\000\000\000\000\000\000\000\000\000\000\000\000\000\000\000\000\000\000\000\000\000\000\000\000\000\000\000\000\000\000\000\000""; nodePubKey: ""\003ql\302)\235\321\t\213\224\356\374%%\311\327\037\374\304\t\335\2359\344\233\035]\347<u\236\364\222""; closeTime: 803902466; signature: ""0E\002!\000\201\033\254\014\205Ab8.\237\000UKb\337~G\347H\031\005,u\275wV\014\360\320\356\236\334\002 *\273\335D&\021\\n\343J\221\306S\020$\020/\347\013>t\213\313|\031\377k\0302\301\200\325""; previousledger: ""\241'\332/+\360Bx\036+\210j\237K%\340]\246E\2434\264K\036\030qP\317\315\336\325\007""; "
1750587269073,1750587269073,1290,1,0,2,TMProposeSet,"proposeSeq: 0; currentTxHash: ""\000\000\000\000\000\000\000\000\000\000\000\000\000\000\000\000\000\000\000\000\000\000\000\000\000\000\000\000\000\000\000\000""; nodePubKey: ""\003ql\302)\235\321\t\213\224\356\374%%\311\327\037\374\304\t\335\2359\344\233\035]\347<u\236\364\222""; closeTime: 803902466; signature: ""0E\002!\000\201\033\254\014\205Ab8.\237\000UKb\337~G\347H\031\005,u\275wV\014\360\320\356\236\334\002 *\273\335D&\021\\n\343J\221\306S\020$\020/\347\013>t\213\313|\031\377k\0302\301\200\325""; previousledger: ""\241'\332/+\360Bx\036+\210j\237K%\340]\246E\2434\264K\036\030qP\317\315\336\325\007""; ","proposeSeq: 0; currentTxHash: ""\000\000\000\000\000\000\000\000\000\000\000\000\000\000\000\000\000\000\000\000\000\000\000\000\000\000\000\000\000\000\000\000""; nodePubKey: ""\003ql\302)\235\321\t\213\224\356\374%%\311\327\037\374\304\t\335\2359\344\233\035]\347<u\236\364\222""; closeTime: 803902466; signature: ""0E\002!\000\201\033\254\014\205Ab8.\237\000UKb\337~G\347H\031\005,u\275wV\014\360\320\356\236\334\002 *\273\335D&\021\\n\343J\221\306S\020$\020/\347\013>t\213\313|\031\377k\0302\301\200\325""; previousledger: ""\241'\332/+\360Bx\036+\210j\237K%\340]\246E\2434\264K\036\030qP\317\315\336\325\007""; "
1750587269073,1750587269073,141,1,0,3,TMProposeSet,"proposeSeq: 0; currentTxHash: ""\000\000\000\000\000\000\000\000\000\000\000\000\000\000\000\000\000\000\000\000\000\000\000\000\000\000\000\000\000\000\000\000""; nodePubKey: ""\003ql\302)\235\321\t\213\224\356\374%%\311\327\037\374\304\t\335\2359\344\233\035]\347<u\236\364\222""; closeTime: 803902466; signature: ""0E\002!\000\201\033\254\014\205Ab8.\237\000UKb\337~G\347H\031\005,u\275wV\014\360\320\356\236\334\002 *\273\335D&\021\\n\343J\221\306S\020$\020/\347\013>t\213\313|\031\377k\0302\301\200\325""; previousledger: ""\241'\332/+\360Bx\036+\210j\237K%\340]\246E\2434\264K\036\030qP\317\315\336\325\007""; ","proposeSeq: 0; currentTxHash: ""\000\000\000\000\000\000\000\000\000\000\000\000\000\000\000\000\000\000\000\000\000\000\000\000\000\000\000\000\000\000\000\000""; nodePubKey: ""\003ql\302)\235\321\t\213\224\356\374%%\311\327\037\374\304\t\335\2359\344\233\035]\347<u\236\364\222""; closeTime: 803902466; signature: ""0E\002!\000\201\033\254\014\205Ab8.\237\000UKb\337~G\347H\031\005,u\275wV\014\360\320\356\236\334\002 *\273\335D&\021\\n\343J\221\306S\020$\020/\347\013>t\213\313|\031\377k\0302\301\200\325""; previousledger: ""\241'\332/+\360Bx\036+\210j\237K%\340]\246E\2434\264K\036\030qP\317\315\336\325\007""; "
1750587269079,1750587269079,557,1,4,1,TMGetLedger,"itype: liTS_CANDIDATE; ledgerHash: ""u\315\243\367\211\2625\240r:n\277\003\026\366\353'\216jy9\\001\220\223~\341j\254O\025\257""; nodeIDs: ""\000\000\000\000\000\000\000\000\000\000\000\000\000\000\000\000\000\000\000\000\000\000\000\000\000\000\000\000\000\000\000\000\000""; requestCookie: 1; queryType: qtINDIRECT; queryDepth: 3; ","itype: liTS_CANDIDATE; ledgerHash: ""u\315\243\367\211\2625\240r:n\277\003\026\366\353'\216jy9\\001\220\223~\341j\254O\025\257""; nodeIDs: ""\000\000\000\000\000\000\000\000\000\000\000\000\000\000\000\000\000\000\000\000\000\000\000\000\000\000\000\000\000\000\000\000\000""; requestCookie: 1; queryType: qtINDIRECT; queryDepth: 3; "
1750587269000,1750587269080,2252,1,0,4,TMStatusChange,"newEvent: neCLOSING_LEDGER; ledgerSeq: 4; ledgerHash: ""\241'\332/+\360Bx\036+\210j\237K%\340]\246E\2434\264K\036\030qP\317\315\336\325\007""; ledgerHashPrevious: ""T\270\242(,&\233\326\374o\306[\235\317>\021e\005s\261\371l\216\017\003\032\017J\217\244W<""; networkTime: 803902468; firstSeq: 1; lastSeq: 4; ","newEvent: neCLOSING_LEDGER; ledgerSeq: 4; ledgerHash: ""\241'\332/+\360Bx\036+\210j\237K%\340]\246E\2434\264K\036\030qP\317\315\336\325\007""; ledgerHashPrevious: ""T\270\242(,&\233\326\374o\306[\235\317>\021e\005s\261\371l\216\017\003\032\017J\217\244W<""; networkTime: 803902468; firstSeq: 1; lastSeq: 4; "
1750587269003,1750587269080,468,1,0,1,TMStatusChange,"newEvent: neCLOSING_LEDGER; ledgerSeq: 4; ledgerHash: ""\241'\332/+\360Bx\036+\210j\237K%\340]\246E\2434\264K\036\030qP\317\315\336\325\007""; ledgerHashPrevious: ""T\270\242(,&\233\326\374o\306[\235\317>\021e\005s\261\371l\216\017\003\032\017J\217\244W<""; networkTime: 803902468; firstSeq: 1; lastSeq: 4; ","newEvent: neCLOSING_LEDGER; ledgerSeq: 4; ledgerHash: ""\241'\332/+\360Bx\036+\210j\237K%\340]\246E\2434\264K\036\030qP\317\315\336\325\007""; ledgerHashPrevious: ""T\270\242(,&\233\326\374o\306[\235\317>\021e\005s\261\371l\216\017\003\032\017J\217\244W<""; networkTime: 803902468; firstSeq: 1; lastSeq: 4; "
1750587269002,1750587269080,3150,1,0,3,TMStatusChange,"newEvent: neCLOSING_LEDGER; ledgerSeq: 4; ledgerHash: ""\241'\332/+\360Bx\036+\210j\237K%\340]\246E\2434\264K\036\030qP\317\315\336\325\007""; ledgerHashPrevious: ""T\270\242(,&\233\326\374o\306[\235\317>\021e\005s\261\371l\216\017\003\032\017J\217\244W<""; networkTime: 803902468; firstSeq: 1; lastSeq: 4; ","newEvent: neCLOSING_LEDGER; ledgerSeq: 4; ledgerHash: ""\241'\332/+\360Bx\036+\210j\237K%\340]\246E\2434\264K\036\030qP\317\315\336\325\007""; ledgerHashPrevious: ""T\270\242(,&\233\326\374o\306[\235\317>\021e\005s\261\371l\216\017\003\032\017J\217\244W<""; networkTime: 803902468; firstSeq: 1; lastSeq: 4; "
1750587269004,1750587269081,615,1,0,2,TMStatusChange,"newEvent: neCLOSING_LEDGER; ledgerSeq: 4; ledgerHash: ""\241'\332/+\360Bx\036+\210j\237K%\340]\246E\2434\264K\036\030qP\317\315\336\325\007""; ledgerHashPrevious: ""T\270\242(,&\233\326\374o\306[\235\317>\021e\005s\261\371l\216\017\003\032\017J\217\244W<""; networkTime: 803902468; firstSeq: 1; lastSeq: 4; ","newEvent: neCLOSING_LEDGER; ledgerSeq: 4; ledgerHash: ""\241'\332/+\360Bx\036+\210j\237K%\340]\246E\2434\264K\036\030qP\317\315\336\325\007""; ledgerHashPrevious: ""T\270\242(,&\233\326\374o\306[\235\317>\021e\005s\261\371l\216\017\003\032\017J\217\244W<""; networkTime: 803902468; firstSeq: 1; lastSeq: 4; "
1750587269097,1750587269097,342,1,2,1,TMGetLedger,"itype: liTS_CANDIDATE; ledgerHash: ""u\315\243\367\211\2625\240r:n\277\003\026\366\353'\216jy9\\001\220\223~\341j\254O\025\257""; nodeIDs: ""\000\000\000\000\000\000\000\000\000\000\000\000\000\000\000\000\000\000\000\000\000\000\000\000\000\000\000\000\000\000\000\000\000""; requestCookie: 4; queryType: qtINDIRECT; queryDepth: 3; ","itype: liTS_CANDIDATE; ledgerHash: ""u\315\243\367\211\2625\240r:n\277\003\026\366\353'\216jy9\\001\220\223~\341j\254O\025\257""; nodeIDs: ""\000\000\000\000\000\000\000\000\000\000\000\000\000\000\000\000\000\000\000\000\000\000\000\000\000\000\000\000\000\000\000\000\000""; requestCookie: 4; queryType: qtINDIRECT; queryDepth: 3; "
1750587269112,1750587269112,1466,1,0,4,TMGetLedger,"itype: liTS_CANDIDATE; ledgerHash: ""u\315\243\367\211\2625\240r:n\277\003\026\366\353'\216jy9\\001\220\223~\341j\254O\025\257""; nodeIDs: ""\240\000\000\000\000\000\000\000\000\000\000\000\000\000\000\000\000\000\000\000\000\000\000\000\000\000\000\000\000\000\000\000\001""; queryType: qtINDIRECT; ","itype: liTS_CANDIDATE; ledgerHash: ""u\315\243\367\211\2625\240r:n\277\003\026\366\353'\216jy9\\001\220\223~\341j\254O\025\257""; nodeIDs: ""\240\000\000\000\000\000\000\000\000\000\000\000\000\000\000\000\000\000\000\000\000\000\000\000\000\000\000\000\000\000\000\000\001""; queryType: qtINDIRECT; "
1750587269112,1750587269113,1764,1,0,3,TMGetLedger,"itype: liTS_CANDIDATE; ledgerHash: ""u\315\243\367\211\2625\240r:n\277\003\026\366\353'\216jy9\\001\220\223~\341j\254O\025\257""; nodeIDs: ""\240\000\000\000\000\000\000\000\000\000\000\000\000\000\000\000\000\000\000\000\000\000\000\000\000\000\000\000\000\000\000\000\001""; queryType: qtINDIRECT; ","itype: liTS_CANDIDATE; ledgerHash: ""u\315\243\367\211\2625\240r:n\277\003\026\366\353'\216jy9\\001\220\223~\341j\254O\025\257""; nodeIDs: ""\240\000\000\000\000\000\000\000\000\000\000\000\000\000\000\000\000\000\000\000\000\000\000\000\000\000\000\000\000\000\000\000\001""; queryType: qtINDIRECT; "
1750587269113,1750587269113,393,1,0,1,TMGetLedger,"itype: liTS_CANDIDATE; ledgerHash: ""u\315\243\367\211\2625\240r:n\277\003\026\366\353'\216jy9\\001\220\223~\341j\254O\025\257""; nodeIDs: ""\240\000\000\000\000\000\000\000\000\000\000\000\000\000\000\000\000\000\000\000\000\000\000\000\000\000\000\000\000\000\000\000\001""; queryType: qtINDIRECT; ","itype: liTS_CANDIDATE; ledgerHash: ""u\315\243\367\211\2625\240r:n\277\003\026\366\353'\216jy9\\001\220\223~\341j\254O\025\257""; nodeIDs: ""\240\000\000\000\000\000\000\000\000\000\000\000\000\000\000\000\000\000\000\000\000\000\000\000\000\000\000\000\000\000\000\000\001""; queryType: qtINDIRECT; "
1750587269114,1750587269114,3414,1,0,2,TMGetLedger,"itype: liTS_CANDIDATE; ledgerHash: ""u\315\243\367\211\2625\240r:n\277\003\026\366\353'\216jy9\\001\220\223~\341j\254O\025\257""; nodeIDs: ""\240\000\000\000\000\000\000\000\000\000\000\000\000\000\000\000\000\000\000\000\000\000\000\000\000\000\000\000\000\000\000\000\001""; queryType: qtINDIRECT; ","itype: liTS_CANDIDATE; ledgerHash: ""u\315\243\367\211\2625\240r:n\277\003\026\366\353'\216jy9\\001\220\223~\341j\254O\025\257""; nodeIDs: ""\240\000\000\000\000\000\000\000\000\000\000\000\000\000\000\000\000\000\000\000\000\000\000\000\000\000\000\000\000\000\000\000\001""; queryType: qtINDIRECT; "
1750587269127,1750587269127,2565,1,3,0,TMLedgerData,"ledgerHash: ""u\315\243\367\211\2625\240r:n\277\003\026\366\353'\216jy9\\001\220\223~\341j\254O\025\257""; ledgerSeq: 0; type: liTS_CANDIDATE; nodes {;   nodedata: ""\246C\232\272\013^\241\340~\030'\005/\234\037\355\231\230\017\266\365\303w\360\273\374\234\362S:\270\023\n\003"";   nodeid: ""\000\000\000\000\000\000\000\000\000\000\000\000\000\000\000\000\000\000\000\000\000\000\000\000\000\000\000\000\000\000\000\000\000""; }; ","ledgerHash: ""u\315\243\367\211\2625\240r:n\277\003\026\366\353'\216jy9\\001\220\223~\341j\254O\025\257""; ledgerSeq: 0; type: liTS_CANDIDATE; nodes {;   nodedata: ""\246C\232\272\013^\241\340~\030'\005/\234\037\355\231\230\017\266\365\303w\360\273\374\234\362S:\270\023\n\003"";   nodeid: ""\000\000\000\000\000\000\000\000\000\000\000\000\000\000\000\000\000\000\000\000\000\000\000\000\000\000\000\000\000\000\000\000\000""; }; "
1750587269136,1750587269137,2715,1,1,4,TMLedgerData,"ledgerHash: ""u\315\243\367\211\2625\240r:n\277\003\026\366\353'\216jy9\\001\220\223~\341j\254O\025\257""; ledgerSeq: 0; type: liTS_CANDIDATE; nodes {;   nodedata: ""\246C\232\272\013^\241\340~\030'\005/\234\037\355\231\230\017\266\365\303w\360\273\374\234\362S:\270\023\n\003"";   nodeid: ""\000\000\000\000\000\000\000\000\000\000\000\000\000\000\000\000\000\000\000\000\000\000\000\000\000\000\000\000\000\000\000\000\000""; }; requestCookie: 1; ","ledgerHash: ""u\315\243\367\211\2625\240r:n\277\003\026\366\353'\216jy9\\001\220\223~\341j\254O\025\257""; ledgerSeq: 0; type: liTS_CANDIDATE; nodes {;   nodedata: ""\246C\232\272\013^\241\340~\030'\005/\234\037\355\231\230\017\266\365\303w\360\273\374\234\362S:\270\023\n\003"";   nodeid: ""\000\000\000\000\000\000\000\000\000\000\000\000\000\000\000\000\000\000\000\000\000\000\000\000\000\000\000\000\000\000\000\000\000""; }; requestCookie: 1; "
1750587269142,1750587269142,393,1,0,1,TMGetLedger,"itype: liTS_CANDIDATE; ledgerHash: ""u\315\243\367\211\2625\240r:n\277\003\026\366\353'\216jy9\\001\220\223~\341j\254O\025\257""; nodeIDs: ""\000\000\000\000\000\000\000\000\000\000\000\000\000\000\000\000\000\000\000\000\000\000\000\000\000\000\000\000\000\000\000\000\000""; requestCookie: 4; queryType: qtINDIRECT; queryDepth: 3; ","itype: liTS_CANDIDATE; ledgerHash: ""u\315\243\367\211\2625\240r:n\277\003\026\366\353'\216jy9\\001\220\223~\341j\254O\025\257""; nodeIDs: ""\000\000\000\000\000\000\000\000\000\000\000\000\000\000\000\000\000\000\000\000\000\000\000\000\000\000\000\000\000\000\000\000\000""; requestCookie: 4; queryType: qtINDIRECT; queryDepth: 3; "
1750587269148,1750587269148,1399,1,1,3,TMLedgerData,"ledgerHash: ""u\315\243\367\211\2625\240r:n\277\003\026\366\353'\216jy9\\001\220\223~\341j\254O\025\257""; ledgerSeq: 0; type: liTS_CANDIDATE; nodes {;   nodedata: ""\246C\232\272\013^\241\340~\030'\005/\234\037\355\231\230\017\266\365\303w\360\273\374\234\362S:\270\023\n\003"";   nodeid: ""\000\000\000\000\000\000\000\000\000\000\000\000\000\000\000\000\000\000\000\000\000\000\000\000\000\000\000\000\000\000\000\000\000""; }; ","ledgerHash: ""u\315\243\367\211\2625\240r:n\277\003\026\366\353'\216jy9\\001\220\223~\341j\254O\025\257""; ledgerSeq: 0; type: liTS_CANDIDATE; nodes {;   nodedata: ""\246C\232\272\013^\241\340~\030'\005/\234\037\355\231\230\017\266\365\303w\360\273\374\234\362S:\270\023\n\003"";   nodeid: ""\000\000\000\000\000\000\000\000\000\000\000\000\000\000\000\000\000\000\000\000\000\000\000\000\000\000\000\000\000\000\000\000\000""; }; "
1750587269184,1750587269184,3898,1,2,3,TMGetLedger,"itype: liTS_CANDIDATE; ledgerHash: ""8h\232\211g)\354\005\246\256XI\265J\214\312}\261\211y\355]\0228j\360\0224\003\021%\014""; nodeIDs: ""\000\000\000\000\000\000\000\000\000\000\000\000\000\000\000\000\000\000\000\000\000\000\000\000\000\000\000\000\000\000\000\000\000""; queryDepth: 3; ","itype: liTS_CANDIDATE; ledgerHash: ""8h\232\211g)\354\005\246\256XI\265J\214\312}\261\211y\355]\0228j\360\0224\003\021%\014""; nodeIDs: ""\000\000\000\000\000\000\000\000\000\000\000\000\000\000\000\000\000\000\000\000\000\000\000\000\000\000\000\000\000\000\000\000\000""; queryDepth: 3; "
1750587269185,1750587269185,1838,1,2,1,TMProposeSet,"proposeSeq: 0; currentTxHash: ""8h\232\211g)\354\005\246\256XI\265J\214\312}\261\211y\355]\0228j\360\0224\003\021%\014""; nodePubKey: ""\003\325Q\255\224\274R@\312\253\262\347\352\034\346\347\242\215,\312\376=\277\353{\350\225\301\305`^, ""; closeTime: 803902467; signature: ""0E\002!\000\275^I\314\273z\201Jd\353D\274\006\341\344\240x\266\224\001}\0003\271\271\310\353\225\354\027\361\022\002 u\302={+%4\326'\223\034\354b\277\036q\321\277\353\2345}\232\307\033\361\032\\206\371\207Z""; previousledger: ""\241'\332/+\360Bx\036+\210j\237K%\340]\246E\2434\264K\036\030qP\317\315\336\325\007""; ","proposeSeq: 0; currentTxHash: ""8h\232\211g)\354\005\246\256XI\265J\214\312}\261\211y\355]\0228j\360\0224\003\021%\014""; nodePubKey: ""\003\325Q\255\224\274R@\312\253\262\347\352\034\346\347\242\215,\312\376=\277\353{\350\225\301\305`^, ""; closeTime: 803902467; signature: ""0E\002!\000\275^I\314\273z\201Jd\353D\274\006\341\344\240x\266\224\001}\0003\271\271\310\353\225\354\027\361\022\002 u\302={+%4\326'\223\034\354b\277\036q\321\277\353\2345}\232\307\033\361\032\\206\371\207Z""; previousledger: ""\241'\332/+\360Bx\036+\210j\237K%\340]\246E\2434\264K\036\030qP\317\315\336\325\007""; "
1750587269185,1750587269185,483,1,3,4,TMProposeSet,"proposeSeq: 0; currentTxHash: ""\000\000\000\000\000\000\000\000\000\000\000\000\000\000\000\000\000\000\000\000\000\000\000\000\000\000\000\000\000\000\000\000""; nodePubKey: ""\002\347\243J\206W\025ML\260\226\0163\217\250\337\325W\253\356*O\245Z\271\234\207C\274\375`\335\311""; closeTime: 803902468; signature: ""0E\002!\000\201wp\237\345y+XP\325\026\371F\304o` \264a\000D\005\t\323'\205N\374j\263\367!\002 \023e.\330*\310K\307\225\321\002\004\223\257\374\323:\001""\200\354\350\030\215\343\001\367\330\250\330\216\345""; previousledger: ""\241'\332/+\360Bx\036+\210j\237K%\340]\246E\2434\264K\036\030qP\317\315\336\325\007""; ","proposeSeq: 0; currentTxHash: ""\000\000\000\000\000\000\000\000\000\000\000\000\000\000\000\000\000\000\000\000\000\000\000\000\000\000\000\000\000\000\000\000""; nodePubKey: ""\002\347\243J\206W\025ML\260\226\0163\217\250\337\325W\253\356*O\245Z\271\234\207C\274\375`\335\311""; closeTime: 803902468; signature: ""0E\002!\000\201wp\237\345y+XP\325\026\371F\304o` \264a\000D\005\t\323'\205N\374j\263\367!\002 \023e.\330*\310K\307\225\321\002\004\223\257\374\323:\001""\200\354\350\030\215\343\001\367\330\250\330\216\345""; previousledger: ""\241'\332/+\360Bx\036+\210j\237K%\340]\246E\2434\264K\036\030qP\317\315\336\325\007""; "
1750587269186,1750587269186,1317,1,3,2,TMProposeSet,"proposeSeq: 0; currentTxHash: ""\000\000\000\000\000\000\000\000\000\000\000\000\000\000\000\000\000\000\000\000\000\000\000\000\000\000\000\000\000\000\000\000""; nodePubKey: ""\002\347\243J\206W\025ML\260\226\0163\217\250\337\325W\253\356*O\245Z\271\234\207C\274\375`\335\311""; closeTime: 803902468; signature: ""0E\002!\000\201wp\237\345y+XP\325\026\371F\304o` \264a\000D\005\t\323'\205N\374j\263\367!\002 \023e.\330*\310K\307\225\321\002\004\223\257\374\323:\001""\200\354\350\030\215\343\001\367\330\250\330\216\345""; previousledger: ""\241'\332/+\360Bx\036+\210j\237K%\340]\246E\2434\264K\036\030qP\317\315\336\325\007""; ","proposeSeq: 0; currentTxHash: ""\000\000\000\000\000\000\000\000\000\000\000\000\000\000\000\000\000\000\000\000\000\000\000\000\000\000\000\000\000\000\000\000""; nodePubKey: ""\002\347\243J\206W\025ML\260\226\0163\217\250\337\325W\253\356*O\245Z\271\234\207C\274\375`\335\311""; closeTime: 803902468; signature: ""0E\002!\000\201wp\237\345y+XP\325\026\371F\304o` \264a\000D\005\t\323'\205N\374j\263\367!\002 \023e.\330*\310K\307\225\321\002\004\223\257\374\323:\001""\200\354\350\030\215\343\001\367\330\250\330\216\345""; previousledger: ""\241'\332/+\360Bx\036+\210j\237K%\340]\246E\2434\264K\036\030qP\317\315\336\325\007""; "
1750587269186,1750587269186,3546,1,2,0,TMProposeSet,"proposeSeq: 0; currentTxHash: ""8h\232\211g)\354\005\246\256XI\265J\214\312}\261\211y\355]\0228j\360\0224\003\021%\014""; nodePubKey: ""\003\325Q\255\224\274R@\312\253\262\347\352\034\346\347\242\215,\312\376=\277\353{\350\225\301\305`^, ""; closeTime: 803902467; signature: ""0E\002!\000\275^I\314\273z\201Jd\353D\274\006\341\344\240x\266\224\001}\0003\271\271\310\353\225\354\027\361\022\002 u\302={+%4\326'\223\034\354b\277\036q\321\277\353\2345}\232\307\033\361\032\\206\371\207Z""; previousledger: ""\241'\332/+\360Bx\036+\210j\237K%\340]\246E\2434\264K\036\030qP\317\315\336\325\007""; ","proposeSeq: 0; currentTxHash: ""8h\232\211g)\354\005\246\256XI\265J\214\312}\261\211y\355]\0228j\360\0224\003\021%\014""; nodePubKey: ""\003\325Q\255\224\274R@\312\253\262\347\352\034\346\347\242\215,\312\376=\277\353{\350\225\301\305`^, ""; closeTime: 803902467; signature: ""0E\002!\000\275^I\314\273z\201Jd\353D\274\006\341\344\240x\266\224\001}\0003\271\271\310\353\225\354\027\361\022\002 u\302={+%4\326'\223\034\354b\277\036q\321\277\353\2345}\232\307\033\361\032\\206\371\207Z""; previousledger: ""\241'\332/+\360Bx\036+\210j\237K%\340]\246E\2434\264K\036\030qP\317\315\336\325\007""; "
1750587269187,1750587269187,3082,1,2,4,TMProposeSet,"proposeSeq: 0; currentTxHash: ""8h\232\211g)\354\005\246\256XI\265J\214\312}\261\211y\355]\0228j\360\0224\003\021%\014""; nodePubKey: ""\003\325Q\255\224\274R@\312\253\262\347\352\034\346\347\242\215,\312\376=\277\353{\350\225\301\305`^, ""; closeTime: 803902467; signature: ""0E\002!\000\275^I\314\273z\201Jd\353D\274\006\341\344\240x\266\224\001}\0003\271\271\310\353\225\354\027\361\022\002 u\302={+%4\326'\223\034\354b\277\036q\321\277\353\2345}\232\307\033\361\032\\206\371\207Z""; previousledger: ""\241'\332/+\360Bx\036+\210j\237K%\340]\246E\2434\264K\036\030qP\317\315\336\325\007""; ","proposeSeq: 0; currentTxHash: ""8h\232\211g)\354\005\246\256XI\265J\214\312}\261\211y\355]\0228j\360\0224\003\021%\014""; nodePubKey: ""\003\325Q\255\224\274R@\312\253\262\347\352\034\346\347\242\215,\312\376=\277\353{\350\225\301\305`^, ""; closeTime: 803902467; signature: ""0E\002!\000\275^I\314\273z\201Jd\353D\274\006\341\344\240x\266\224\001}\0003\271\271\310\353\225\354\027\361\022\002 u\302={+%4\326'\223\034\354b\277\036q\321\277\353\2345}\232\307\033\361\032\\206\371\207Z""; previousledger: ""\241'\332/+\360Bx\036+\210j\237K%\340]\246E\2434\264K\036\030qP\317\315\336\325\007""; "
1750587269187,1750587269187,499,1,2,4,TMGetLedger,"itype: liTS_CANDIDATE; ledgerHash: ""8h\232\211g)\354\005\246\256XI\265J\214\312}\261\211y\355]\0228j\360\0224\003\021%\014""; nodeIDs: ""\000\000\000\000\000\000\000\000\000\000\000\000\000\000\000\000\000\000\000\000\000\000\000\000\000\000\000\000\000\000\000\000\000""; queryDepth: 3; ","itype: liTS_CANDIDATE; ledgerHash: ""8h\232\211g)\354\005\246\256XI\265J\214\312}\261\211y\355]\0228j\360\0224\003\021%\014""; nodeIDs: ""\000\000\000\000\000\000\000\000\000\000\000\000\000\000\000\000\000\000\000\000\000\000\000\000\000\000\000\000\000\000\000\000\000""; queryDepth: 3; "
1750587269187,1750587269188,3656,1,3,1,TMProposeSet,"proposeSeq: 0; currentTxHash: ""\000\000\000\000\000\000\000\000\000\000\000\000\000\000\000\000\000\000\000\000\000\000\000\000\000\000\000\000\000\000\000\000""; nodePubKey: ""\002\347\243J\206W\025ML\260\226\0163\217\250\337\325W\253\356*O\245Z\271\234\207C\274\375`\335\311""; closeTime: 803902468; signature: ""0E\002!\000\201wp\237\345y+XP\325\026\371F\304o` \264a\000D\005\t\323'\205N\374j\263\367!\002 \023e.\330*\310K\307\225\321\002\004\223\257\374\323:\001""\200\354\350\030\215\343\001\367\330\250\330\216\345""; previousledger: ""\241'\332/+\360Bx\036+\210j\237K%\340]\246E\2434\264K\036\030qP\317\315\336\325\007""; ","proposeSeq: 0; currentTxHash: ""\000\000\000\000\000\000\000\000\000\000\000\000\000\000\000\000\000\000\000\000\000\000\000\000\000\000\000\000\000\000\000\000""; nodePubKey: ""\002\347\243J\206W\025ML\260\226\0163\217\250\337\325W\253\356*O\245Z\271\234\207C\274\375`\335\311""; closeTime: 803902468; signature: ""0E\002!\000\201wp\237\345y+XP\325\026\371F\304o` \264a\000D\005\t\323'\205N\374j\263\367!\002 \023e.\330*\310K\307\225\321\002\004\223\257\374\323:\001""\200\354\350\030\215\343\001\367\330\250\330\216\345""; previousledger: ""\241'\332/+\360Bx\036+\210j\237K%\340]\246E\2434\264K\036\030qP\317\315\336\325\007""; "
1750587269190,1750587269190,2472,1,1,2,TMLedgerData,"ledgerHash: ""u\315\243\367\211\2625\240r:n\277\003\026\366\353'\216jy9\\001\220\223~\341j\254O\025\257""; ledgerSeq: 0; type: liTS_CANDIDATE; nodes {;   nodedata: ""\246C\232\272\013^\241\340~\030'\005/\234\037\355\231\230\017\266\365\303w\360\273\374\234\362S:\270\023\n\003"";   nodeid: ""\000\000\000\000\000\000\000\000\000\000\000\000\000\000\000\000\000\000\000\000\000\000\000\000\000\000\000\000\000\000\000\000\000""; }; requestCookie: 4; ","ledgerHash: ""u\315\243\367\211\2625\240r:n\277\003\026\366\353'\216jy9\\001\220\223~\341j\254O\025\257""; ledgerSeq: 0; type: liTS_CANDIDATE; nodes {;   nodedata: ""\246C\232\272\013^\241\340~\030'\005/\234\037\355\231\230\017\266\365\303w\360\273\374\234\362S:\270\023\n\003"";   nodeid: ""\000\000\000\000\000\000\000\000\000\000\000\000\000\000\000\000\000\000\000\000\000\000\000\000\000\000\000\000\000\000\000\000\000""; }; requestCookie: 4; "
1750587269191,1750587269191,3375,1,1,4,TMProposeSet,"proposeSeq: 0; currentTxHash: ""\000\000\000\000\000\000\000\000\000\000\000\000\000\000\000\000\000\000\000\000\000\000\000\000\000\000\000\000\000\000\000\000""; nodePubKey: ""\002\347\243J\206W\025ML\260\226\0163\217\250\337\325W\253\356*O\245Z\271\234\207C\274\375`\335\311""; closeTime: 803902468; signature: ""0E\002!\000\201wp\237\345y+XP\325\026\371F\304o` \264a\000D\005\t\323'\205N\374j\263\367!\002 \023e.\330*\310K\307\225\321\002\004\223\257\374\323:\001""\200\354\350\030\215\343\001\367\330\250\330\216\345""; previousledger: ""\241'\332/+\360Bx\036+\210j\237K%\340]\246E\2434\264K\036\030qP\317\315\336\325\007""; ","proposeSeq: 0; currentTxHash: ""\000\000\000\000\000\000\000\000\000\000\000\000\000\000\000\000\000\000\000\000\000\000\000\000\000\000\000\000\000\000\000\000""; nodePubKey: ""\002\347\243J\206W\025ML\260\226\0163\217\250\337\325W\253\356*O\245Z\271\234\207C\274\375`\335\311""; closeTime: 803902468; signature: ""0E\002!\000\201wp\237\345y+XP\325\026\371F\304o` \264a\000D\005\t\323'\205N\374j\263\367!\002 \023e.\330*\310K\307\225\321\002\004\223\257\374\323:\001""\200\354\350\030\215\343\001\367\330\250\330\216\345""; previousledger: ""\241'\332/+\360Bx\036+\210j\237K%\340]\246E\2434\264K\036\030qP\317\315\336\325\007""; "
1750587269192,1750587269192,1799,1,1,2,TMProposeSet,"proposeSeq: 0; currentTxHash: ""\000\000\000\000\000\000\000\000\000\000\000\000\000\000\000\000\000\000\000\000\000\000\000\000\000\000\000\000\000\000\000\000""; nodePubKey: ""\002\347\243J\206W\025ML\260\226\0163\217\250\337\325W\253\356*O\245Z\271\234\207C\274\375`\335\311""; closeTime: 803902468; signature: ""0E\002!\000\201wp\237\345y+XP\325\026\371F\304o` \264a\000D\005\t\323'\205N\374j\263\367!\002 \023e.\330*\310K\307\225\321\002\004\223\257\374\323:\001""\200\354\350\030\215\343\001\367\330\250\330\216\345""; previousledger: ""\241'\332/+\360Bx\036+\210j\237K%\340]\246E\2434\264K\036\030qP\317\315\336\325\007""; ","proposeSeq: 0; currentTxHash: ""\000\000\000\000\000\000\000\000\000\000\000\000\000\000\000\000\000\000\000\000\000\000\000\000\000\000\000\000\000\000\000\000""; nodePubKey: ""\002\347\243J\206W\025ML\260\226\0163\217\250\337\325W\253\356*O\245Z\271\234\207C\274\375`\335\311""; closeTime: 803902468; signature: ""0E\002!\000\201wp\237\345y+XP\325\026\371F\304o` \264a\000D\005\t\323'\205N\374j\263\367!\002 \023e.\330*\310K\307\225\321\002\004\223\257\374\323:\001""\200\354\350\030\215\343\001\367\330\250\330\216\345""; previousledger: ""\241'\332/+\360Bx\036+\210j\237K%\340]\246E\2434\264K\036\030qP\317\315\336\325\007""; "
1750587269192,1750587269192,3538,1,1,3,TMProposeSet,"proposeSeq: 0; currentTxHash: ""\000\000\000\000\000\000\000\000\000\000\000\000\000\000\000\000\000\000\000\000\000\000\000\000\000\000\000\000\000\000\000\000""; nodePubKey: ""\002\347\243J\206W\025ML\260\226\0163\217\250\337\325W\253\356*O\245Z\271\234\207C\274\375`\335\311""; closeTime: 803902468; signature: ""0E\002!\000\201wp\237\345y+XP\325\026\371F\304o` \264a\000D\005\t\323'\205N\374j\263\367!\002 \023e.\330*\310K\307\225\321\002\004\223\257\374\323:\001""\200\354\350\030\215\343\001\367\330\250\330\216\345""; previousledger: ""\241'\332/+\360Bx\036+\210j\237K%\340]\246E\2434\264K\036\030qP\317\315\336\325\007""; ","proposeSeq: 0; currentTxHash: ""\000\000\000\000\000\000\000\000\000\000\000\000\000\000\000\000\000\000\000\000\000\000\000\000\000\000\000\000\000\000\000\000""; nodePubKey: ""\002\347\243J\206W\025ML\260\226\0163\217\250\337\325W\253\356*O\245Z\271\234\207C\274\375`\335\311""; closeTime: 803902468; signature: ""0E\002!\000\201wp\237\345y+XP\325\026\371F\304o` \264a\000D\005\t\323'\205N\374j\263\367!\002 \023e.\330*\310K\307\225\321\002\004\223\257\374\323:\001""\200\354\350\030\215\343\001\367\330\250\330\216\345""; previousledger: ""\241'\332/+\360Bx\036+\210j\237K%\340]\246E\2434\264K\036\030qP\317\315\336\325\007""; "
1750587269215,1750587269215,1317,1,3,2,TMProposeSet,"proposeSeq: 0; currentTxHash: ""\000\000\000\000\000\000\000\000\000\000\000\000\000\000\000\000\000\000\000\000\000\000\000\000\000\000\000\000\000\000\000\000""; nodePubKey: ""\003ql\302)\235\321\t\213\224\356\374%%\311\327\037\374\304\t\335\2359\344\233\035]\347<u\236\364\222""; closeTime: 803902466; signature: ""0E\002!\000\201\033\254\014\205Ab8.\237\000UKb\337~G\347H\031\005,u\275wV\014\360\320\356\236\334\002 *\273\335D&\021\\n\343J\221\306S\020$\020/\347\013>t\213\313|\031\377k\0302\301\200\325""; previousledger: ""\241'\332/+\360Bx\036+\210j\237K%\340]\246E\2434\264K\036\030qP\317\315\336\325\007""; ","proposeSeq: 0; currentTxHash: ""\000\000\000\000\000\000\000\000\000\000\000\000\000\000\000\000\000\000\000\000\000\000\000\000\000\000\000\000\000\000\000\000""; nodePubKey: ""\003ql\302)\235\321\t\213\224\356\374%%\311\327\037\374\304\t\335\2359\344\233\035]\347<u\236\364\222""; closeTime: 803902466; signature: ""0E\002!\000\201\033\254\014\205Ab8.\237\000UKb\337~G\347H\031\005,u\275wV\014\360\320\356\236\334\002 *\273\335D&\021\\n\343J\221\306S\020$\020/\347\013>t\213\313|\031\377k\0302\301\200\325""; previousledger: ""\241'\332/+\360Bx\036+\210j\237K%\340]\246E\2434\264K\036\030qP\317\315\336\325\007""; "
1750587269216,1750587269216,3656,1,3,1,TMProposeSet,"proposeSeq: 0; currentTxHash: ""\000\000\000\000\000\000\000\000\000\000\000\000\000\000\000\000\000\000\000\000\000\000\000\000\000\000\000\000\000\000\000\000""; nodePubKey: ""\003ql\302)\235\321\t\213\224\356\374%%\311\327\037\374\304\t\335\2359\344\233\035]\347<u\236\364\222""; closeTime: 803902466; signature: ""0E\002!\000\201\033\254\014\205Ab8.\237\000UKb\337~G\347H\031\005,u\275wV\014\360\320\356\236\334\002 *\273\335D&\021\\n\343J\221\306S\020$\020/\347\013>t\213\313|\031\377k\0302\301\200\325""; previousledger: ""\241'\332/+\360Bx\036+\210j\237K%\340]\246E\2434\264K\036\030qP\317\315\336\325\007""; ","proposeSeq: 0; currentTxHash: ""\000\000\000\000\000\000\000\000\000\000\000\000\000\000\000\000\000\000\000\000\000\000\000\000\000\000\000\000\000\000\000\000""; nodePubKey: ""\003ql\302)\235\321\t\213\224\356\374%%\311\327\037\374\304\t\335\2359\344\233\035]\347<u\236\364\222""; closeTime: 803902466; signature: ""0E\002!\000\201\033\254\014\205Ab8.\237\000UKb\337~G\347H\031\005,u\275wV\014\360\320\356\236\334\002 *\273\335D&\021\\n\343J\221\306S\020$\020/\347\013>t\213\313|\031\377k\0302\301\200\325""; previousledger: ""\241'\332/+\360Bx\036+\210j\237K%\340]\246E\2434\264K\036\030qP\317\315\336\325\007""; "
1750587269216,1750587269216,483,1,3,4,TMProposeSet,"proposeSeq: 0; currentTxHash: ""\000\000\000\000\000\000\000\000\000\000\000\000\000\000\000\000\000\000\000\000\000\000\000\000\000\000\000\000\000\000\000\000""; nodePubKey: ""\003ql\302)\235\321\t\213\224\356\374%%\311\327\037\374\304\t\335\2359\344\233\035]\347<u\236\364\222""; closeTime: 803902466; signature: ""0E\002!\000\201\033\254\014\205Ab8.\237\000UKb\337~G\347H\031\005,u\275wV\014\360\320\356\236\334\002 *\273\335D&\021\\n\343J\221\306S\020$\020/\347\013>t\213\313|\031\377k\0302\301\200\325""; previousledger: ""\241'\332/+\360Bx\036+\210j\237K%\340]\246E\2434\264K\036\030qP\317\315\336\325\007""; ","proposeSeq: 0; currentTxHash: ""\000\000\000\000\000\000\000\000\000\000\000\000\000\000\000\000\000\000\000\000\000\000\000\000\000\000\000\000\000\000\000\000""; nodePubKey: ""\003ql\302)\235\321\t\213\224\356\374%%\311\327\037\374\304\t\335\2359\344\233\035]\347<u\236\364\222""; closeTime: 803902466; signature: ""0E\002!\000\201\033\254\014\205Ab8.\237\000UKb\337~G\347H\031\005,u\275wV\014\360\320\356\236\334\002 *\273\335D&\021\\n\343J\221\306S\020$\020/\347\013>t\213\313|\031\377k\0302\301\200\325""; previousledger: ""\241'\332/+\360Bx\036+\210j\237K%\340]\246E\2434\264K\036\030qP\317\315\336\325\007""; "
1750587269231,1750587269231,3082,1,2,4,TMProposeSet,"proposeSeq: 0; currentTxHash: ""8h\232\211g)\354\005\246\256XI\265J\214\312}\261\211y\355]\0228j\360\0224\003\021%\014""; nodePubKey: ""\003\343\005\311u\203\370\0338\3174\324\010\006\301\251\177\261\304eOX\262)FA-\022r\263wm\024""; closeTime: 803902467; signature: ""0D\002 A\233Z7\r\213\271\303*6\206b\314\036p>\235M\216\200\357\302CLo\2133\272\212\200c\243\002 Y\343\002\231\373\202\216.\341;\257\313y\214\255\260\247\317i-vSs\014\242\260E*\346\367\241j""; previousledger: ""\241'\332/+\360Bx\036+\210j\237K%\340]\246E\2434\264K\036\030qP\317\315\336\325\007""; ","proposeSeq: 0; currentTxHash: ""8h\232\211g)\354\005\246\256XI\265J\214\312}\261\211y\355]\0228j\360\0224\003\021%\014""; nodePubKey: ""\003\343\005\311u\203\370\0338\3174\324\010\006\301\251\177\261\304eOX\262)FA-\022r\263wm\024""; closeTime: 803902467; signature: ""0D\002 A\233Z7\r\213\271\303*6\206b\314\036p>\235M\216\200\357\302CLo\2133\272\212\200c\243\002 Y\343\002\231\373\202\216.\341;\257\313y\214\255\260\247\317i-vSs\014\242\260E*\346\367\241j""; previousledger: ""\241'\332/+\360Bx\036+\210j\237K%\340]\246E\2434\264K\036\030qP\317\315\336\325\007""; "
1750587269231,1750587269232,3546,1,2,0,TMProposeSet,"proposeSeq: 0; currentTxHash: ""8h\232\211g)\354\005\246\256XI\265J\214\312}\261\211y\355]\0228j\360\0224\003\021%\014""; nodePubKey: ""\003\343\005\311u\203\370\0338\3174\324\010\006\301\251\177\261\304eOX\262)FA-\022r\263wm\024""; closeTime: 803902467; signature: ""0D\002 A\233Z7\r\213\271\303*6\206b\314\036p>\235M\216\200\357\302CLo\2133\272\212\200c\243\002 Y\343\002\231\373\202\216.\341;\257\313y\214\255\260\247\317i-vSs\014\242\260E*\346\367\241j""; previousledger: ""\241'\332/+\360Bx\036+\210j\237K%\340]\246E\2434\264K\036\030qP\317\315\336\325\007""; ","proposeSeq: 0; currentTxHash: ""8h\232\211g)\354\005\246\256XI\265J\214\312}\261\211y\355]\0228j\360\0224\003\021%\014""; nodePubKey: ""\003\343\005\311u\203\370\0338\3174\324\010\006\301\251\177\261\304eOX\262)FA-\022r\263wm\024""; closeTime: 803902467; signature: ""0D\002 A\233Z7\r\213\271\303*6\206b\314\036p>\235M\216\200\357\302CLo\2133\272\212\200c\243\002 Y\343\002\231\373\202\216.\341;\257\313y\214\255\260\247\317i-vSs\014\242\260E*\346\367\241j""; previousledger: ""\241'\332/+\360Bx\036+\210j\237K%\340]\246E\2434\264K\036\030qP\317\315\336\325\007""; "
1750587269232,1750587269232,3725,1,2,3,TMProposeSet,"proposeSeq: 0; currentTxHash: ""8h\232\211g)\354\005\246\256XI\265J\214\312}\261\211y\355]\0228j\360\0224\003\021%\014""; nodePubKey: ""\003\343\005\311u\203\370\0338\3174\324\010\006\301\251\177\261\304eOX\262)FA-\022r\263wm\024""; closeTime: 803902467; signature: ""0D\002 A\233Z7\r\213\271\303*6\206b\314\036p>\235M\216\200\357\302CLo\2133\272\212\200c\243\002 Y\343\002\231\373\202\216.\341;\257\313y\214\255\260\247\317i-vSs\014\242\260E*\346\367\241j""; previousledger: ""\241'\332/+\360Bx\036+\210j\237K%\340]\246E\2434\264K\036\030qP\317\315\336\325\007""; ","proposeSeq: 0; currentTxHash: ""8h\232\211g)\354\005\246\256XI\265J\214\312}\261\211y\355]\0228j\360\0224\003\021%\014""; nodePubKey: ""\003\343\005\311u\203\370\0338\3174\324\010\006\301\251\177\261\304eOX\262)FA-\022r\263wm\024""; closeTime: 803902467; signature: ""0D\002 A\233Z7\r\213\271\303*6\206b\314\036p>\235M\216\200\357\302CLo\2133\272\212\200c\243\002 Y\343\002\231\373\202\216.\341;\257\313y\214\255\260\247\317i-vSs\014\242\260E*\346\367\241j""; previousledger: ""\241'\332/+\360Bx\036+\210j\237K%\340]\246E\2434\264K\036\030qP\317\315\336\325\007""; "
1750587269240,1750587269240,1435,1,4,1,TMLedgerData,"ledgerHash: ""\241'\332/+\360Bx\036+\210j\237K%\340]\246E\2434\264K\036\030qP\317\315\336\325\007""; ledgerSeq: 4; type: liBASE; nodes {;   nodedata: ""\000\000\000\004\001cEx]\212\000\000T\270\242(,&\233\326\374o\306[\235\317>\021e\005s\261\371l\216\017\003\032\017J\217\244W<\000\000\000\000\000\000\000\000\000\000\000\000\000\000\000\000\000\000\000\000\000\000\000\000\000\000\000\000\000\000\000\000z\013\3557\014\333\322\312\303T\027\363\p\250\231\021""\234\017\350l\334T\351z#""\262U\250=/\352\223\374/\352\223\375\n\000""; }; nodes {;   nodedata: ""\303\016\021\310<Z\337\266>\225@&n\022\246\274\353\220\345b3\035\313\350L\354\254\002\005\305\035\017\002E\344\037@\210\363\010\336T\226\247'\204_{\261\370""1\235\2445\343\033Y!\212\201\341\272\225'\007\255\021-\221\251\210O\324H\317V\246\177^8}\301\354\016\034d\300jKw\351\376\200\024\025\303R\013\003""; }; ","ledgerHash: ""\241'\332/+\360Bx\036+\210j\237K%\340]\246E\2434\264K\036\030qP\317\315\336\325\007""; ledgerSeq: 4; type: liBASE; nodes {;   nodedata: ""\000\000\000\004\001cEx]\212\000\000T\270\242(,&\233\326\374o\306[\235\317>\021e\005s\261\371l\216\017\003\032\017J\217\244W<\000\000\000\000\000\000\000\000\000\000\000\000\000\000\000\000\000\000\000\000\000\000\000\000\000\000\000\000\000\000\000\000z\013\3557\014\333\322\312\303T\027\363\p\250\231\021""\234\017\350l\334T\351z#""\262U\250=/\352\223\374/\352\223\375\n\000""; }; nodes {;   nodedata: ""\303\016\021\310<Z\337\266>\225@&n\022\246\274\353\220\345b3\035\313\350L\354\254\002\005\305\035\017\002E\344\037@\210\363\010\336T\226\247'\204_{\261\370""1\235\2445\343\033Y!\212\201\341\272\225'\007\255\021-\221\251\210O\324H\317V\246\177^8}\301\354\016\034d\300jKw\351\376\200\024\025\303R\013\003""; }; "
1750587269240,1750587269240,1435,1,4,1,TMLedgerData,"ledgerHash: ""\241'\332/+\360Bx\036+\210j\237K%\340]\246E\2434\264K\036\030qP\317\315\336\325\007""; ledgerSeq: 4; type: liBASE; nodes {;   nodedata: ""\000\000\000\004\001cEx]\212\000\000T\270\242(,&\233\326\374o\306[\235\317>\021e\005s\261\371l\216\017\003\032\017J\217\244W<\000\000\000\000\000\000\000\000\000\000\000\000\000\000\000\000\000\000\000\000\000\000\000\000\000\000\000\000\000\000\000\000z\013\3557\014\333\322\312\303T\027\363\p\250\231\021""\234\017\350l\334T\351z#""\262U\250=/\352\223\374/\352\223\375\n\000""; }; nodes {;   nodedata: ""\303\016\021\310<Z\337\266>\225@&n\022\246\274\353\220\345b3\035\313\350L\354\254\002\005\305\035\017\002E\344\037@\210\363\010\336T\226\247'\204_{\261\370""1\235\2445\343\033Y!\212\201\341\272\225'\007\255\021-\221\251\210O\324H\317V\246\177^8}\301\354\016\034d\300jKw\351\376\200\024\025\303R\013\003""; }; ","ledgerHash: ""\241'\332/+\360Bx\036+\210j\237K%\340]\246E\2434\264K\036\030qP\317\315\336\325\007""; ledgerSeq: 4; type: liBASE; nodes {;   nodedata: ""\000\000\000\004\001cEx]\212\000\000T\270\242(,&\233\326\374o\306[\235\317>\021e\005s\261\371l\216\017\003\032\017J\217\244W<\000\000\000\000\000\000\000\000\000\000\000\000\000\000\000\000\000\000\000\000\000\000\000\000\000\000\000\000\000\000\000\000z\013\3557\014\333\322\312\303T\027\363\p\250\231\021""\234\017\350l\334T\351z#""\262U\250=/\352\223\374/\352\223\375\n\000""; }; nodes {;   nodedata: ""\303\016\021\310<Z\337\266>\225@&n\022\246\274\353\220\345b3\035\313\350L\354\254\002\005\305\035\017\002E\344\037@\210\363\010\336T\226\247'\204_{\261\370""1\235\2445\343\033Y!\212\201\341\272\225'\007\255\021-\221\251\210O\324H\317V\246\177^8}\301\354\016\034d\300jKw\351\376\200\024\025\303R\013\003""; }; "
1750587269242,1750587269242,3989,1,2,3,TMValidation,"validation: """"\200\000\000\001&\000\000\000\005)/\352\224\004:v|\203\267)\257\206\032Q\372\373$P*|\321\342\002\026\n\3215\340\3203\200x\327D\301]5\237\247Yz\3711!L\214P\027\000\000\000\000\000\000\000\000\000\000\000\000\000\000\000\000\000\000\000\000\000\000\000\000\000\000\000\000\000\000\000\000P\031\241'\332/+\360Bx\036+\210j\237K%\340]\246E\2434\264K\036\030qP\317\315\336\325\007s!\003.\200\224\215?)t\306\315\242\313\251\255\302\204=\232.\271%}\013\024s\024\002@\216l""\241FvG0E\002!\000\337Cq\270\t\331>\352<\352\206\025\232\340t\374\263\030\000\325]\306\256\223,\0163\26619\374a\002 ""p=\222\325\240\252]w\276?\250\200\270(\263\031\0103\010\262\247^\336\317k\rSE\342\016\t""; ","validation: """"\200\000\000\001&\000\000\000\005)/\352\224\004:v|\203\267)\257\206\032Q\372\373$P*|\321\342\002\026\n\3215\340\3203\200x\327D\301]5\237\247Yz\3711!L\214P\027\000\000\000\000\000\000\000\000\000\000\000\000\000\000\000\000\000\000\000\000\000\000\000\000\000\000\000\000\000\000\000\000P\031\241'\332/+\360Bx\036+\210j\237K%\340]\246E\2434\264K\036\030qP\317\315\336\325\007s!\003.\200\224\215?)t\306\315\242\313\251\255\302\204=\232.\271%}\013\024s\024\002@\216l""\241FvG0E\002!\000\337Cq\270\t\331>\352<\352\206\025\232\340t\374\263\030\000\325]\306\256\223,\0163\26619\374a\002 ""p=\222\325\240\252]w\276?\250\200\270(\263\031\0103\010\262\247^\336\317k\rSE\342\016\t""; "
1750587269242,1750587269242,3488,1,2,0,TMValidation,"validation: """"\200\000\000\001&\000\000\000\005)/\352\224\004:v|\203\267)\257\206\032Q\372\373$P*|\321\342\002\026\n\3215\340\3203\200x\327D\301]5\237\247Yz\3711!L\214P\027\000\000\000\000\000\000\000\000\000\000\000\000\000\000\000\000\000\000\000\000\000\000\000\000\000\000\000\000\000\000\000\000P\031\241'\332/+\360Bx\036+\210j\237K%\340]\246E\2434\264K\036\030qP\317\315\336\325\007s!\003.\200\224\215?)t\306\315\242\313\251\255\302\204=\232.\271%}\013\024s\024\002@\216l""\241FvG0E\002!\000\337Cq\270\t\331>\352<\352\206\025\232\340t\374\263\030\000\325]\306\256\223,\0163\26619\374a\002 ""p=\222\325\240\252]w\276?\250\200\270(\263\031\0103\010\262\247^\336\317k\rSE\342\016\t""; ","validation: """"\200\000\000\001&\000\000\000\005)/\352\224\004:v|\203\267)\257\206\032Q\372\373$P*|\321\342\002\026\n\3215\340\3203\200x\327D\301]5\237\247Yz\3711!L\214P\027\000\000\000\000\000\000\000\000\000\000\000\000\000\000\000\000\000\000\000\000\000\000\000\000\000\000\000\000\000\000\000\000P\031\241'\332/+\360Bx\036+\210j\237K%\340]\246E\2434\264K\036\030qP\317\315\336\325\007s!\003.\200\224\215?)t\306\315\242\313\251\255\302\204=\232.\271%}\013\024s\024\002@\216l""\241FvG0E\002!\000\337Cq\270\t\331>\352<\352\206\025\232\340t\374\263\030\000\325]\306\256\223,\0163\26619\374a\002 ""p=\222\325\240\252]w\276?\250\200\270(\263\031\0103\010\262\247^\336\317k\rSE\342\016\t""; "
1750587269243,1750587269243,1094,1,2,1,TMValidation,"validation: """"\200\000\000\001&\000\000\000\005)/\352\224\004:v|\203\267)\257\206\032Q\372\373$P*|\321\342\002\026\n\3215\340\3203\200x\327D\301]5\237\247Yz\3711!L\214P\027\000\000\000\000\000\000\000\000\000\000\000\000\000\000\000\000\000\000\000\000\000\000\000\000\000\000\000\000\000\000\000\000P\031\241'\332/+\360Bx\036+\210j\237K%\340]\246E\2434\264K\036\030qP\317\315\336\325\007s!\003.\200\224\215?)t\306\315\242\313\251\255\302\204=\232.\271%}\013\024s\024\002@\216l""\241FvG0E\002!\000\337Cq\270\t\331>\352<\352\206\025\232\340t\374\263\030\000\325]\306\256\223,\0163\26619\374a\002 ""p=\222\325\240\252]w\276?\250\200\270(\263\031\0103\010\262\247^\336\317k\rSE\342\016\t""; ","validation: """"\200\000\000\001&\000\000\000\005)/\352\224\004:v|\203\267)\257\206\032Q\372\373$P*|\321\342\002\026\n\3215\340\3203\200x\327D\301]5\237\247Yz\3711!L\214P\027\000\000\000\000\000\000\000\000\000\000\000\000\000\000\000\000\000\000\000\000\000\000\000\000\000\000\000\000\000\000\000\000P\031\241'\332/+\360Bx\036+\210j\237K%\340]\246E\2434\264K\036\030qP\317\315\336\325\007s!\003.\200\224\215?)t\306\315\242\313\251\255\302\204=\232.\271%}\013\024s\024\002@\216l""\241FvG0E\002!\000\337Cq\270\t\331>\352<\352\206\025\232\340t\374\263\030\000\325]\306\256\223,\0163\26619\374a\002 ""p=\222\325\240\252]w\276?\250\200\270(\263\031\0103\010\262\247^\336\317k\rSE\342\016\t""; "
1750587269243,1750587269243,1582,1,2,0,TMGetLedger,"itype: liBASE; ledgerHash: ""\372\373$P*|\321\342\002\026\n\3215\340\3203\200x\327D\301]5\237\247Yz\3711!L\214""; ","itype: liBASE; ledgerHash: ""\372\373$P*|\321\342\002\026\n\3215\340\3203\200x\327D\301]5\237\247Yz\3711!L\214""; "
1750587269243,1750587269243,3898,1,2,3,TMGetLedger,"itype: liBASE; ledgerHash: ""\372\373$P*|\321\342\002\026\n\3215\340\3203\200x\327D\301]5\237\247Yz\3711!L\214""; ","itype: liBASE; ledgerHash: ""\372\373$P*|\321\342\002\026\n\3215\340\3203\200x\327D\301]5\237\247Yz\3711!L\214""; "
1750587269244,1750587269244,499,1,2,4,TMGetLedger,"itype: liBASE; ledgerHash: ""\372\373$P*|\321\342\002\026\n\3215\340\3203\200x\327D\301]5\237\247Yz\3711!L\214""; ","itype: liBASE; ledgerHash: ""\372\373$P*|\321\342\002\026\n\3215\340\3203\200x\327D\301]5\237\247Yz\3711!L\214""; "
1750587269245,1750587269245,342,1,2,1,TMGetLedger,"itype: liBASE; ledgerHash: ""\372\373$P*|\321\342\002\026\n\3215\340\3203\200x\327D\301]5\237\247Yz\3711!L\214""; ","itype: liBASE; ledgerHash: ""\372\373$P*|\321\342\002\026\n\3215\340\3203\200x\327D\301]5\237\247Yz\3711!L\214""; "
1750587269245,1750587269245,1582,1,2,0,TMGetLedger,"itype: liBASE; ledgerHash: ""\372\373$P*|\321\342\002\026\n\3215\340\3203\200x\327D\301]5\237\247Yz\3711!L\214""; queryType: qtINDIRECT; ","itype: liBASE; ledgerHash: ""\372\373$P*|\321\342\002\026\n\3215\340\3203\200x\327D\301]5\237\247Yz\3711!L\214""; queryType: qtINDIRECT; "
1750587269245,1750587269245,3898,1,2,3,TMGetLedger,"itype: liBASE; ledgerHash: ""\372\373$P*|\321\342\002\026\n\3215\340\3203\200x\327D\301]5\237\247Yz\3711!L\214""; queryType: qtINDIRECT; ","itype: liBASE; ledgerHash: ""\372\373$P*|\321\342\002\026\n\3215\340\3203\200x\327D\301]5\237\247Yz\3711!L\214""; queryType: qtINDIRECT; "
1750587269246,1750587269246,342,1,2,1,TMGetLedger,"itype: liBASE; ledgerHash: ""\372\373$P*|\321\342\002\026\n\3215\340\3203\200x\327D\301]5\237\247Yz\3711!L\214""; queryType: qtINDIRECT; ","itype: liBASE; ledgerHash: ""\372\373$P*|\321\342\002\026\n\3215\340\3203\200x\327D\301]5\237\247Yz\3711!L\214""; queryType: qtINDIRECT; "
1750587269246,1750587269246,499,1,2,4,TMGetLedger,"itype: liBASE; ledgerHash: ""\372\373$P*|\321\342\002\026\n\3215\340\3203\200x\327D\301]5\237\247Yz\3711!L\214""; queryType: qtINDIRECT; ","itype: liBASE; ledgerHash: ""\372\373$P*|\321\342\002\026\n\3215\340\3203\200x\327D\301]5\237\247Yz\3711!L\214""; queryType: qtINDIRECT; "
1750587269256,1750587269256,2655,1,1,0,TMLedgerData,"ledgerHash: ""u\315\243\367\211\2625\240r:n\277\003\026\366\353'\216jy9\\001\220\223~\341j\254O\025\257""; ledgerSeq: 0; type: liTS_CANDIDATE; nodes {;   nodedata: ""\022\000\000""\000\000\000\000$\000\000\000\001 \033\000\000\000\027a@\000\000\027H\206*@h@\000\000\000\000\000\000\ns!\0030\347\374\235V\273%\326\211;\243\363\027\256[\3173\263)\033\326=\263&T\243\023""/\177\320 tF0D\002 0\023\341\332; \2711\245\020\321\3300\345\267-)\230\177\246\236AQ\327\203\207H\226+\000%\336\002 \024\036\211\237\201t\376\272E\270\230\020\334\014\356g\273\025((\376\266\216@ \254^2T\233\013\034\201\024\265\367by\212S\325C\240\024\312\370\262\227\317\370\362\3717\350\203\024E0\246\210\344\325\345r\024T\251\006P\255\352\333\372\351\337\302\000"";   nodeid: ""\240\000\000\000\000\000\000\000\000\000\000\000\000\000\000\000\000\000\000\000\000\000\000\000\000\000\000\000\000\000\000\000\001""; }; ","ledgerHash: ""u\315\243\367\211\2625\240r:n\277\003\026\366\353'\216jy9\\001\220\223~\341j\254O\025\257""; ledgerSeq: 0; type: liTS_CANDIDATE; nodes {;   nodedata: ""\022\000\000""\000\000\000\000$\000\000\000\001 \033\000\000\000\027a@\000\000\027H\206*@h@\000\000\000\000\000\000\ns!\0030\347\374\235V\273%\326\211;\243\363\027\256[\3173\263)\033\326=\263&T\243\023""/\177\320 tF0D\002 0\023\341\332; \2711\245\020\321\3300\345\267-)\230\177\246\236AQ\327\203\207H\226+\000%\336\002 \024\036\211\237\201t\376\272E\270\230\020\334\014\356g\273\025((\376\266\216@ \254^2T\233\013\034\201\024\265\367by\212S\325C\240\024\312\370\262\227\317\370\362\3717\350\203\024E0\246\210\344\325\345r\024T\251\006P\255\352\333\372\351\337\302\000"";   nodeid: ""\240\000\000\000\000\000\000\000\000\000\000\000\000\000\000\000\000\000\000\000\000\000\000\000\000\000\000\000\000\000\000\000\001""; }; "
1750587269277,1750587269277,3058,1,2,3,TMStatusChange,"newEvent: neACCEPTED_LEDGER; ledgerSeq: 5; ledgerHash: ""\372\373$P*|\321\342\002\026\n\3215\340\3203\200x\327D\301]5\237\247Yz\3711!L\214""; ledgerHashPrevious: ""\241'\332/+\360Bx\036+\210j\237K%\340]\246E\2434\264K\036\030qP\317\315\336\325\007""; networkTime: 803902469; firstSeq: 1; lastSeq: 4; ","newEvent: neACCEPTED_LEDGER; ledgerSeq: 5; ledgerHash: ""\372\373$P*|\321\342\002\026\n\3215\340\3203\200x\327D\301]5\237\247Yz\3711!L\214""; ledgerHashPrevious: ""\241'\332/+\360Bx\036+\210j\237K%\340]\246E\2434\264K\036\030qP\317\315\336\325\007""; networkTime: 803902469; firstSeq: 1; lastSeq: 4; "
1750587269279,1750587269279,3488,1,2,0,TMValidation,"validation: """"\200\000\000\001&\000\000\000\005)/\352\224\005:Q\231\304\227'3\313\030Q\372\373$P*|\321\342\002\026\n\3215\340\3203\200x\327D\301]5\237\247Yz\3711!L\214P\027\000\000\000\000\000\000\000\000\000\000\000\000\000\000\000\000\000\000\000\000\000\000\000\000\000\000\000\000\000\000\000\000P\031\241'\332/+\360Bx\036+\210j\237K%\340]\246E\2434\264K\036\030qP\317\315\336\325\007s!\003ql\302)\235\321\t\213\224\356\374%%\311\327\037\374\304\t\335\2359\344\233\035]\347<u\236\364\222vF0D\002 2\004s\334\013u\246}\t\210@\023\365\220Yq\024\315\3569\036o\345\200\210\325\267\250z\007BL\002 W\205\010/\270s\325\234\001d\213\037A\224\177\216\362\3224\270vh<\321\316\035\303\310\245\006\371X""; ","validation: """"\200\000\000\001&\000\000\000\005)/\352\224\005:Q\231\304\227'3\313\030Q\372\373$P*|\321\342\002\026\n\3215\340\3203\200x\327D\301]5\237\247Yz\3711!L\214P\027\000\000\000\000\000\000\000\000\000\000\000\000\000\000\000\000\000\000\000\000\000\000\000\000\000\000\000\000\000\000\000\000P\031\241'\332/+\360Bx\036+\210j\237K%\340]\246E\2434\264K\036\030qP\317\315\336\325\007s!\003ql\302)\235\321\t\213\224\356\374%%\311\327\037\374\304\t\335\2359\344\233\035]\347<u\236\364\222vF0D\002 2\004s\334\013u\246}\t\210@\023\365\220Yq\024\315\3569\036o\345\200\210\325\267\250z\007BL\002 W\205\010/\270s\325\234\001d\213\037A\224\177\216\362\3224\270vh<\321\316\035\303\310\245\006\371X""; "
1750587269278,1750587269278,3126,1,2,1,TMStatusChange,"newEvent: neACCEPTED_LEDGER; ledgerSeq: 5; ledgerHash: ""\372\373$P*|\321\342\002\026\n\3215\340\3203\200x\327D\301]5\237\247Yz\3711!L\214""; ledgerHashPrevious: ""\241'\332/+\360Bx\036+\210j\237K%\340]\246E\2434\264K\036\030qP\317\315\336\325\007""; networkTime: 803902469; firstSeq: 1; lastSeq: 4; ","newEvent: neACCEPTED_LEDGER; ledgerSeq: 5; ledgerHash: ""\372\373$P*|\321\342\002\026\n\3215\340\3203\200x\327D\301]5\237\247Yz\3711!L\214""; ledgerHashPrevious: ""\241'\332/+\360Bx\036+\210j\237K%\340]\246E\2434\264K\036\030qP\317\315\336\325\007""; networkTime: 803902469; firstSeq: 1; lastSeq: 4; "
1750587269278,1750587269278,3989,1,2,3,TMValidation,"validation: """"\200\000\000\001&\000\000\000\005)/\352\224\005:Q\231\304\227'3\313\030Q\372\373$P*|\321\342\002\026\n\3215\340\3203\200x\327D\301]5\237\247Yz\3711!L\214P\027\000\000\000\000\000\000\000\000\000\000\000\000\000\000\000\000\000\000\000\000\000\000\000\000\000\000\000\000\000\000\000\000P\031\241'\332/+\360Bx\036+\210j\237K%\340]\246E\2434\264K\036\030qP\317\315\336\325\007s!\003ql\302)\235\321\t\213\224\356\374%%\311\327\037\374\304\t\335\2359\344\233\035]\347<u\236\364\222vF0D\002 2\004s\334\013u\246}\t\210@\023\365\220Yq\024\315\3569\036o\345\200\210\325\267\250z\007BL\002 W\205\010/\270s\325\234\001d\213\037A\224\177\216\362\3224\270vh<\321\316\035\303\310\245\006\371X""; ","validation: """"\200\000\000\001&\000\000\000\005)/\352\224\005:Q\231\304\227'3\313\030Q\372\373$P*|\321\342\002\026\n\3215\340\3203\200x\327D\301]5\237\247Yz\3711!L\214P\027\000\000\000\000\000\000\000\000\000\000\000\000\000\000\000\000\000\000\000\000\000\000\000\000\000\000\000\000\000\000\000\000P\031\241'\332/+\360Bx\036+\210j\237K%\340]\246E\2434\264K\036\030qP\317\315\336\325\007s!\003ql\302)\235\321\t\213\224\356\374%%\311\327\037\374\304\t\335\2359\344\233\035]\347<u\236\364\222vF0D\002 2\004s\334\013u\246}\t\210@\023\365\220Yq\024\315\3569\036o\345\200\210\325\267\250z\007BL\002 W\205\010/\270s\325\234\001d\213\037A\224\177\216\362\3224\270vh<\321\316\035\303\310\245\006\371X""; "
1750587269277,1750587269278,1094,1,2,1,TMValidation,"validation: """"\200\000\000\001&\000\000\000\005)/\352\224\005:Q\231\304\227'3\313\030Q\372\373$P*|\321\342\002\026\n\3215\340\3203\200x\327D\301]5\237\247Yz\3711!L\214P\027\000\000\000\000\000\000\000\000\000\000\000\000\000\000\000\000\000\000\000\000\000\000\000\000\000\000\000\000\000\000\000\000P\031\241'\332/+\360Bx\036+\210j\237K%\340]\246E\2434\264K\036\030qP\317\315\336\325\007s!\003ql\302)\235\321\t\213\224\356\374%%\311\327\037\374\304\t\335\2359\344\233\035]\347<u\236\364\222vF0D\002 2\004s\334\013u\246}\t\210@\023\365\220Yq\024\315\3569\036o\345\200\210\325\267\250z\007BL\002 W\205\010/\270s\325\234\001d\213\037A\224\177\216\362\3224\270vh<\321\316\035\303\310\245\006\371X""; ","validation: """"\200\000\000\001&\000\000\000\005)/\352\224\005:Q\231\304\227'3\313\030Q\372\373$P*|\321\342\002\026\n\3215\340\3203\200x\327D\301]5\237\247Yz\3711!L\214P\027\000\000\000\000\000\000\000\000\000\000\000\000\000\000\000\000\000\000\000\000\000\000\000\000\000\000\000\000\000\000\000\000P\031\241'\332/+\360Bx\036+\210j\237K%\340]\246E\2434\264K\036\030qP\317\315\336\325\007s!\003ql\302)\235\321\t\213\224\356\374%%\311\327\037\374\304\t\335\2359\344\233\035]\347<u\236\364\222vF0D\002 2\004s\334\013u\246}\t\210@\023\365\220Yq\024\315\3569\036o\345\200\210\325\267\250z\007BL\002 W\205\010/\270s\325\234\001d\213\037A\224\177\216\362\3224\270vh<\321\316\035\303\310\245\006\371X""; "
1750587269279,1750587269279,3744,1,2,0,TMStatusChange,"newEvent: neACCEPTED_LEDGER; ledgerSeq: 5; ledgerHash: ""\372\373$P*|\321\342\002\026\n\3215\340\3203\200x\327D\301]5\237\247Yz\3711!L\214""; ledgerHashPrevious: ""\241'\332/+\360Bx\036+\210j\237K%\340]\246E\2434\264K\036\030qP\317\315\336\325\007""; networkTime: 803902469; firstSeq: 1; lastSeq: 4; ","newEvent: neACCEPTED_LEDGER; ledgerSeq: 5; ledgerHash: ""\372\373$P*|\321\342\002\026\n\3215\340\3203\200x\327D\301]5\237\247Yz\3711!L\214""; ledgerHashPrevious: ""\241'\332/+\360Bx\036+\210j\237K%\340]\246E\2434\264K\036\030qP\317\315\336\325\007""; networkTime: 803902469; firstSeq: 1; lastSeq: 4; "
1750587269282,1750587269282,1036,1,2,4,TMValidation,"validation: """"\200\000\000\001&\000\000\000\005)/\352\224\005:Q\231\304\227'3\313\030Q\372\373$P*|\321\342\002\026\n\3215\340\3203\200x\327D\301]5\237\247Yz\3711!L\214P\027\000\000\000\000\000\000\000\000\000\000\000\000\000\000\000\000\000\000\000\000\000\000\000\000\000\000\000\000\000\000\000\000P\031\241'\332/+\360Bx\036+\210j\237K%\340]\246E\2434\264K\036\030qP\317\315\336\325\007s!\003ql\302)\235\321\t\213\224\356\374%%\311\327\037\374\304\t\335\2359\344\233\035]\347<u\236\364\222vF0D\002 2\004s\334\013u\246}\t\210@\023\365\220Yq\024\315\3569\036o\345\200\210\325\267\250z\007BL\002 W\205\010/\270s\325\234\001d\213\037A\224\177\216\362\3224\270vh<\321\316\035\303\310\245\006\371X""; ","validation: """"\200\000\000\001&\000\000\000\005)/\352\224\005:Q\231\304\227'3\313\030Q\372\373$P*|\321\342\002\026\n\3215\340\3203\200x\327D\301]5\237\247Yz\3711!L\214P\027\000\000\000\000\000\000\000\000\000\000\000\000\000\000\000\000\000\000\000\000\000\000\000\000\000\000\000\000\000\000\000\000P\031\241'\332/+\360Bx\036+\210j\237K%\340]\246E\2434\264K\036\030qP\317\315\336\325\007s!\003ql\302)\235\321\t\213\224\356\374%%\311\327\037\374\304\t\335\2359\344\233\035]\347<u\236\364\222vF0D\002 2\004s\334\013u\246}\t\210@\023\365\220Yq\024\315\3569\036o\345\200\210\325\267\250z\007BL\002 W\205\010/\270s\325\234\001d\213\037A\224\177\216\362\3224\270vh<\321\316\035\303\310\245\006\371X""; "
1750587269282,1750587269282,3116,1,2,4,TMStatusChange,"newEvent: neACCEPTED_LEDGER; ledgerSeq: 5; ledgerHash: ""\372\373$P*|\321\342\002\026\n\3215\340\3203\200x\327D\301]5\237\247Yz\3711!L\214""; ledgerHashPrevious: ""\241'\332/+\360Bx\036+\210j\237K%\340]\246E\2434\264K\036\030qP\317\315\336\325\007""; networkTime: 803902469; firstSeq: 1; lastSeq: 4; ","newEvent: neACCEPTED_LEDGER; ledgerSeq: 5; ledgerHash: ""\372\373$P*|\321\342\002\026\n\3215\340\3203\200x\327D\301]5\237\247Yz\3711!L\214""; ledgerHashPrevious: ""\241'\332/+\360Bx\036+\210j\237K%\340]\246E\2434\264K\036\030qP\317\315\336\325\007""; networkTime: 803902469; firstSeq: 1; lastSeq: 4; "
1750587269287,1750587269287,2655,1,1,0,TMLedgerData,"ledgerHash: ""u\315\243\367\211\2625\240r:n\277\003\026\366\353'\216jy9\\001\220\223~\341j\254O\025\257""; ledgerSeq: 0; type: liTS_CANDIDATE; nodes {;   nodedata: ""\246C\232\272\013^\241\340~\030'\005/\234\037\355\231\230\017\266\365\303w\360\273\374\234\362S:\270\023\n\003"";   nodeid: ""\000\000\000\000\000\000\000\000\000\000\000\000\000\000\000\000\000\000\000\000\000\000\000\000\000\000\000\000\000\000\000\000\000""; }; requestCookie: 4; ","ledgerHash: ""u\315\243\367\211\2625\240r:n\277\003\026\366\353'\216jy9\\001\220\223~\341j\254O\025\257""; ledgerSeq: 0; type: liTS_CANDIDATE; nodes {;   nodedata: ""\246C\232\272\013^\241\340~\030'\005/\234\037\355\231\230\017\266\365\303w\360\273\374\234\362S:\270\023\n\003"";   nodeid: ""\000\000\000\000\000\000\000\000\000\000\000\000\000\000\000\000\000\000\000\000\000\000\000\000\000\000\000\000\000\000\000\000\000""; }; requestCookie: 4; "
1750587269315,1750587269316,779,1,0,3,TMValidation,"validation: """"\200\000\000\001&\000\000\000\004)/\352\224\001:v|\203\267)\257\206\032Q\241'\332/+\360Bx\036+\210j\237K%\340]\246E\2434\264K\036\030qP\317\315\336\325\007P\027\000\000\000\000\000\000\000\000\000\000\000\000\000\000\000\000\000\000\000\000\000\000\000\000\000\000\000\000\000\000\000\000P\031T\270\242(,&\233\326\374o\306[\235\317>\021e\005s\261\371l\216\017\003\032\017J\217\244W<s!\003.\200\224\215?)t\306\315\242\313\251\255\302\204=\232.\271%}\013\024s\024\002@\216l""\241FvG0E\002!\000\204\352\232*\251}\365I!\277\303\220\265s5s\311\300;S\302\014\362'B\260C\203f\303*\312\002 i\212\372th\245\353\303\376\010q\302\223W\306\274\307n\310Y\205\346\026z/\3453\356 RO\334""; ","validation: """"\200\000\000\001&\000\000\000\004)/\352\224\001:v|\203\267)\257\206\032Q\241'\332/+\360Bx\036+\210j\237K%\340]\246E\2434\264K\036\030qP\317\315\336\325\007P\027\000\000\000\000\000\000\000\000\000\000\000\000\000\000\000\000\000\000\000\000\000\000\000\000\000\000\000\000\000\000\000\000P\031T\270\242(,&\233\326\374o\306[\235\317>\021e\005s\261\371l\216\017\003\032\017J\217\244W<s!\003.\200\224\215?)t\306\315\242\313\251\255\302\204=\232.\271%}\013\024s\024\002@\216l""\241FvG0E\002!\000\204\352\232*\251}\365I!\277\303\220\265s5s\311\300;S\302\014\362'B\260C\203f\303*\312\002 i\212\372th\245\353\303\376\010q\302\223W\306\274\307n\310Y\205\346\026z/\3453\356 RO\334""; "
1750587269316,1750587269316,2684,1,0,1,TMValidation,"validation: """"\200\000\000\001&\000\000\000\004)/\352\224\001:v|\203\267)\257\206\032Q\241'\332/+\360Bx\036+\210j\237K%\340]\246E\2434\264K\036\030qP\317\315\336\325\007P\027\000\000\000\000\000\000\000\000\000\000\000\000\000\000\000\000\000\000\000\000\000\000\000\000\000\000\000\000\000\000\000\000P\031T\270\242(,&\233\326\374o\306[\235\317>\021e\005s\261\371l\216\017\003\032\017J\217\244W<s!\003.\200\224\215?)t\306\315\242\313\251\255\302\204=\232.\271%}\013\024s\024\002@\216l""\241FvG0E\002!\000\204\352\232*\251}\365I!\277\303\220\265s5s\311\300;S\302\014\362'B\260C\203f\303*\312\002 i\212\372th\245\353\303\376\010q\302\223W\306\274\307n\310Y\205\346\026z/\3453\356 RO\334""; ","validation: """"\200\000\000\001&\000\000\000\004)/\352\224\001:v|\203\267)\257\206\032Q\241'\332/+\360Bx\036+\210j\237K%\340]\246E\2434\264K\036\030qP\317\315\336\325\007P\027\000\000\000\000\000\000\000\000\000\000\000\000\000\000\000\000\000\000\000\000\000\000\000\000\000\000\000\000\000\000\000\000P\031T\270\242(,&\233\326\374o\306[\235\317>\021e\005s\261\371l\216\017\003\032\017J\217\244W<s!\003.\200\224\215?)t\306\315\242\313\251\255\302\204=\232.\271%}\013\024s\024\002@\216l""\241FvG0E\002!\000\204\352\232*\251}\365I!\277\303\220\265s5s\311\300;S\302\014\362'B\260C\203f\303*\312\002 i\212\372th\245\353\303\376\010q\302\223W\306\274\307n\310Y\205\346\026z/\3453\356 RO\334""; "
1750587269316,1750587269316,3563,1,0,2,TMValidation,"validation: """"\200\000\000\001&\000\000\000\004)/\352\224\001:v|\203\267)\257\206\032Q\241'\332/+\360Bx\036+\210j\237K%\340]\246E\2434\264K\036\030qP\317\315\336\325\007P\027\000\000\000\000\000\000\000\000\000\000\000\000\000\000\000\000\000\000\000\000\000\000\000\000\000\000\000\000\000\000\000\000P\031T\270\242(,&\233\326\374o\306[\235\317>\021e\005s\261\371l\216\017\003\032\017J\217\244W<s!\003.\200\224\215?)t\306\315\242\313\251\255\302\204=\232.\271%}\013\024s\024\002@\216l""\241FvG0E\002!\000\204\352\232*\251}\365I!\277\303\220\265s5s\311\300;S\302\014\362'B\260C\203f\303*\312\002 i\212\372th\245\353\303\376\010q\302\223W\306\274\307n\310Y\205\346\026z/\3453\356 RO\334""; ","validation: """"\200\000\000\001&\000\000\000\004)/\352\224\001:v|\203\267)\257\206\032Q\241'\332/+\360Bx\036+\210j\237K%\340]\246E\2434\264K\036\030qP\317\315\336\325\007P\027\000\000\000\000\000\000\000\000\000\000\000\000\000\000\000\000\000\000\000\000\000\000\000\000\000\000\000\000\000\000\000\000P\031T\270\242(,&\233\326\374o\306[\235\317>\021e\005s\261\371l\216\017\003\032\017J\217\244W<s!\003.\200\224\215?)t\306\315\242\313\251\255\302\204=\232.\271%}\013\024s\024\002@\216l""\241FvG0E\002!\000\204\352\232*\251}\365I!\277\303\220\265s5s\311\300;S\302\014\362'B\260C\203f\303*\312\002 i\212\372th\245\353\303\376\010q\302\223W\306\274\307n\310Y\205\346\026z/\3453\356 RO\334""; "
1750587269328,1750587269328,557,1,4,1,TMGetLedger,"itype: liTS_CANDIDATE; ledgerHash: ""u\315\243\367\211\2625\240r:n\277\003\026\366\353'\216jy9\\001\220\223~\341j\254O\025\257""; nodeIDs: ""\000\000\000\000\000\000\000\000\000\000\000\000\000\000\000\000\000\000\000\000\000\000\000\000\000\000\000\000\000\000\000\000\000""; requestCookie: 1; queryType: qtINDIRECT; queryDepth: 3; ","itype: liTS_CANDIDATE; ledgerHash: ""u\315\243\367\211\2625\240r:n\277\003\026\366\353'\216jy9\\001\220\223~\341j\254O\025\257""; nodeIDs: ""\000\000\000\000\000\000\000\000\000\000\000\000\000\000\000\000\000\000\000\000\000\000\000\000\000\000\000\000\000\000\000\000\000""; requestCookie: 1; queryType: qtINDIRECT; queryDepth: 3; "
1750587269346,1750587269346,342,1,2,1,TMGetLedger,"itype: liTS_CANDIDATE; ledgerHash: ""u\315\243\367\211\2625\240r:n\277\003\026\366\353'\216jy9\\001\220\223~\341j\254O\025\257""; nodeIDs: ""\000\000\000\000\000\000\000\000\000\000\000\000\000\000\000\000\000\000\000\000\000\000\000\000\000\000\000\000\000\000\000\000\000""; requestCookie: 4; queryType: qtINDIRECT; queryDepth: 3; ","itype: liTS_CANDIDATE; ledgerHash: ""u\315\243\367\211\2625\240r:n\277\003\026\366\353'\216jy9\\001\220\223~\341j\254O\025\257""; nodeIDs: ""\000\000\000\000\000\000\000\000\000\000\000\000\000\000\000\000\000\000\000\000\000\000\000\000\000\000\000\000\000\000\000\000\000""; requestCookie: 4; queryType: qtINDIRECT; queryDepth: 3; "
1750587269350,1750587269350,557,1,4,1,TMGetLedger,"itype: liTS_CANDIDATE; ledgerHash: ""8h\232\211g)\354\005\246\256XI\265J\214\312}\261\211y\355]\0228j\360\0224\003\021%\014""; nodeIDs: ""\000\000\000\000\000\000\000\000\000\000\000\000\000\000\000\000\000\000\000\000\000\000\000\000\000\000\000\000\000\000\000\000\000""; queryType: qtINDIRECT; queryDepth: 3; ","itype: liTS_CANDIDATE; ledgerHash: ""8h\232\211g)\354\005\246\256XI\265J\214\312}\261\211y\355]\0228j\360\0224\003\021%\014""; nodeIDs: ""\000\000\000\000\000\000\000\000\000\000\000\000\000\000\000\000\000\000\000\000\000\000\000\000\000\000\000\000\000\000\000\000\000""; queryType: qtINDIRECT; queryDepth: 3; "
1750587269351,1750587269351,3914,1,4,3,TMGetLedger,"itype: liTS_CANDIDATE; ledgerHash: ""8h\232\211g)\354\005\246\256XI\265J\214\312}\261\211y\355]\0228j\360\0224\003\021%\014""; nodeIDs: ""\000\000\000\000\000\000\000\000\000\000\000\000\000\000\000\000\000\000\000\000\000\000\000\000\000\000\000\000\000\000\000\000\000""; queryType: qtINDIRECT; queryDepth: 3; ","itype: liTS_CANDIDATE; ledgerHash: ""8h\232\211g)\354\005\246\256XI\265J\214\312}\261\211y\355]\0228j\360\0224\003\021%\014""; nodeIDs: ""\000\000\000\000\000\000\000\000\000\000\000\000\000\000\000\000\000\000\000\000\000\000\000\000\000\000\000\000\000\000\000\000\000""; queryType: qtINDIRECT; queryDepth: 3; "
1750587269351,1750587269351,769,1,4,0,TMGetLedger,"itype: liTS_CANDIDATE; ledgerHash: ""8h\232\211g)\354\005\246\256XI\265J\214\312}\261\211y\355]\0228j\360\0224\003\021%\014""; nodeIDs: ""\000\000\000\000\000\000\000\000\000\000\000\000\000\000\000\000\000\000\000\000\000\000\000\000\000\000\000\000\000\000\000\000\000""; queryType: qtINDIRECT; queryDepth: 3; ","itype: liTS_CANDIDATE; ledgerHash: ""8h\232\211g)\354\005\246\256XI\265J\214\312}\261\211y\355]\0228j\360\0224\003\021%\014""; nodeIDs: ""\000\000\000\000\000\000\000\000\000\000\000\000\000\000\000\000\000\000\000\000\000\000\000\000\000\000\000\000\000\000\000\000\000""; queryType: qtINDIRECT; queryDepth: 3; "
1750587269352,1750587269352,1467,1,4,2,TMGetLedger,"itype: liTS_CANDIDATE; ledgerHash: ""8h\232\211g)\354\005\246\256XI\265J\214\312}\261\211y\355]\0228j\360\0224\003\021%\014""; nodeIDs: ""\000\000\000\000\000\000\000\000\000\000\000\000\000\000\000\000\000\000\000\000\000\000\000\000\000\000\000\000\000\000\000\000\000""; queryType: qtINDIRECT; queryDepth: 3; ","itype: liTS_CANDIDATE; ledgerHash: ""8h\232\211g)\354\005\246\256XI\265J\214\312}\261\211y\355]\0228j\360\0224\003\021%\014""; nodeIDs: ""\000\000\000\000\000\000\000\000\000\000\000\000\000\000\000\000\000\000\000\000\000\000\000\000\000\000\000\000\000\000\000\000\000""; queryType: qtINDIRECT; queryDepth: 3; "
1750587269353,1750587269353,3414,1,0,2,TMGetLedger,"itype: liTS_CANDIDATE; ledgerHash: ""8h\232\211g)\354\005\246\256XI\265J\214\312}\261\211y\355]\0228j\360\0224\003\021%\014""; nodeIDs: ""\000\000\000\000\000\000\000\000\000\000\000\000\000\000\000\000\000\000\000\000\000\000\000\000\000\000\000\000\000\000\000\000\000""; queryType: qtINDIRECT; queryDepth: 3; ","itype: liTS_CANDIDATE; ledgerHash: ""8h\232\211g)\354\005\246\256XI\265J\214\312}\261\211y\355]\0228j\360\0224\003\021%\014""; nodeIDs: ""\000\000\000\000\000\000\000\000\000\000\000\000\000\000\000\000\000\000\000\000\000\000\000\000\000\000\000\000\000\000\000\000\000""; queryType: qtINDIRECT; queryDepth: 3; "
1750587269354,1750587269354,1466,1,0,4,TMGetLedger,"itype: liTS_CANDIDATE; ledgerHash: ""8h\232\211g)\354\005\246\256XI\265J\214\312}\261\211y\355]\0228j\360\0224\003\021%\014""; nodeIDs: ""\000\000\000\000\000\000\000\000\000\000\000\000\000\000\000\000\000\000\000\000\000\000\000\000\000\000\000\000\000\000\000\000\000""; queryType: qtINDIRECT; queryDepth: 3; ","itype: liTS_CANDIDATE; ledgerHash: ""8h\232\211g)\354\005\246\256XI\265J\214\312}\261\211y\355]\0228j\360\0224\003\021%\014""; nodeIDs: ""\000\000\000\000\000\000\000\000\000\000\000\000\000\000\000\000\000\000\000\000\000\000\000\000\000\000\000\000\000\000\000\000\000""; queryType: qtINDIRECT; queryDepth: 3; "
1750587269354,1750587269354,393,1,0,1,TMGetLedger,"itype: liTS_CANDIDATE; ledgerHash: ""8h\232\211g)\354\005\246\256XI\265J\214\312}\261\211y\355]\0228j\360\0224\003\021%\014""; nodeIDs: ""\000\000\000\000\000\000\000\000\000\000\000\000\000\000\000\000\000\000\000\000\000\000\000\000\000\000\000\000\000\000\000\000\000""; queryType: qtINDIRECT; queryDepth: 3; ","itype: liTS_CANDIDATE; ledgerHash: ""8h\232\211g)\354\005\246\256XI\265J\214\312}\261\211y\355]\0228j\360\0224\003\021%\014""; nodeIDs: ""\000\000\000\000\000\000\000\000\000\000\000\000\000\000\000\000\000\000\000\000\000\000\000\000\000\000\000\000\000\000\000\000\000""; queryType: qtINDIRECT; queryDepth: 3; "
1750587269358,1750587269358,1764,1,0,3,TMGetLedger,"itype: liTS_CANDIDATE; ledgerHash: ""8h\232\211g)\354\005\246\256XI\265J\214\312}\261\211y\355]\0228j\360\0224\003\021%\014""; nodeIDs: ""\000\000\000\000\000\000\000\000\000\000\000\000\000\000\000\000\000\000\000\000\000\000\000\000\000\000\000\000\000\000\000\000\000""; queryType: qtINDIRECT; queryDepth: 3; ","itype: liTS_CANDIDATE; ledgerHash: ""8h\232\211g)\354\005\246\256XI\265J\214\312}\261\211y\355]\0228j\360\0224\003\021%\014""; nodeIDs: ""\000\000\000\000\000\000\000\000\000\000\000\000\000\000\000\000\000\000\000\000\000\000\000\000\000\000\000\000\000\000\000\000\000""; queryType: qtINDIRECT; queryDepth: 3; "
1750587269362,1750587269362,393,1,0,1,TMGetLedger,"itype: liTS_CANDIDATE; ledgerHash: ""u\315\243\367\211\2625\240r:n\277\003\026\366\353'\216jy9\\001\220\223~\341j\254O\025\257""; nodeIDs: ""\240\000\000\000\000\000\000\000\000\000\000\000\000\000\000\000\000\000\000\000\000\000\000\000\000\000\000\000\000\000\000\000\001""; queryType: qtINDIRECT; ","itype: liTS_CANDIDATE; ledgerHash: ""u\315\243\367\211\2625\240r:n\277\003\026\366\353'\216jy9\\001\220\223~\341j\254O\025\257""; nodeIDs: ""\240\000\000\000\000\000\000\000\000\000\000\000\000\000\000\000\000\000\000\000\000\000\000\000\000\000\000\000\000\000\000\000\001""; queryType: qtINDIRECT; "
1750587269362,1750587269362,1764,1,0,3,TMGetLedger,"itype: liTS_CANDIDATE; ledgerHash: ""u\315\243\367\211\2625\240r:n\277\003\026\366\353'\216jy9\\001\220\223~\341j\254O\025\257""; nodeIDs: ""\240\000\000\000\000\000\000\000\000\000\000\000\000\000\000\000\000\000\000\000\000\000\000\000\000\000\000\000\000\000\000\000\001""; queryType: qtINDIRECT; ","itype: liTS_CANDIDATE; ledgerHash: ""u\315\243\367\211\2625\240r:n\277\003\026\366\353'\216jy9\\001\220\223~\341j\254O\025\257""; nodeIDs: ""\240\000\000\000\000\000\000\000\000\000\000\000\000\000\000\000\000\000\000\000\000\000\000\000\000\000\000\000\000\000\000\000\001""; queryType: qtINDIRECT; "
1750587269363,1750587269363,3414,1,0,2,TMGetLedger,"itype: liTS_CANDIDATE; ledgerHash: ""u\315\243\367\211\2625\240r:n\277\003\026\366\353'\216jy9\\001\220\223~\341j\254O\025\257""; nodeIDs: ""\240\000\000\000\000\000\000\000\000\000\000\000\000\000\000\000\000\000\000\000\000\000\000\000\000\000\000\000\000\000\000\000\001""; queryType: qtINDIRECT; ","itype: liTS_CANDIDATE; ledgerHash: ""u\315\243\367\211\2625\240r:n\277\003\026\366\353'\216jy9\\001\220\223~\341j\254O\025\257""; nodeIDs: ""\240\000\000\000\000\000\000\000\000\000\000\000\000\000\000\000\000\000\000\000\000\000\000\000\000\000\000\000\000\000\000\000\001""; queryType: qtINDIRECT; "
1750587269368,1750587269369,2472,1,1,2,TMLedgerData,"ledgerHash: ""u\315\243\367\211\2625\240r:n\277\003\026\366\353'\216jy9\\001\220\223~\341j\254O\025\257""; ledgerSeq: 0; type: liTS_CANDIDATE; nodes {;   nodedata: ""\246C\232\272\013^\241\340~\030'\005/\234\037\355\231\230\017\266\365\303w\360\273\374\234\362S:\270\023\n\003"";   nodeid: ""\000\000\000\000\000\000\000\000\000\000\000\000\000\000\000\000\000\000\000\000\000\000\000\000\000\000\000\000\000\000\000\000\000""; }; requestCookie: 2; ","ledgerHash: ""u\315\243\367\211\2625\240r:n\277\003\026\366\353'\216jy9\\001\220\223~\341j\254O\025\257""; ledgerSeq: 0; type: liTS_CANDIDATE; nodes {;   nodedata: ""\246C\232\272\013^\241\340~\030'\005/\234\037\355\231\230\017\266\365\303w\360\273\374\234\362S:\270\023\n\003"";   nodeid: ""\000\000\000\000\000\000\000\000\000\000\000\000\000\000\000\000\000\000\000\000\000\000\000\000\000\000\000\000\000\000\000\000\000""; }; requestCookie: 2; "
1750587269377,1750587269377,2565,1,3,0,TMLedgerData,"ledgerHash: ""u\315\243\367\211\2625\240r:n\277\003\026\366\353'\216jy9\\001\220\223~\341j\254O\025\257""; ledgerSeq: 0; type: liTS_CANDIDATE; nodes {;   nodedata: ""\246C\232\272\013^\241\340~\030'\005/\234\037\355\231\230\017\266\365\303w\360\273\374\234\362S:\270\023\n\003"";   nodeid: ""\000\000\000\000\000\000\000\000\000\000\000\000\000\000\000\000\000\000\000\000\000\000\000\000\000\000\000\000\000\000\000\000\000""; }; ","ledgerHash: ""u\315\243\367\211\2625\240r:n\277\003\026\366\353'\216jy9\\001\220\223~\341j\254O\025\257""; ledgerSeq: 0; type: liTS_CANDIDATE; nodes {;   nodedata: ""\246C\232\272\013^\241\340~\030'\005/\234\037\355\231\230\017\266\365\303w\360\273\374\234\362S:\270\023\n\003"";   nodeid: ""\000\000\000\000\000\000\000\000\000\000\000\000\000\000\000\000\000\000\000\000\000\000\000\000\000\000\000\000\000\000\000\000\000""; }; "
1750587269382,1750587269382,3090,1,1,0,TMValidation,"validation: """"\200\000\000\001&\000\000\000\004)/\352\224\003:I\203w\200\211\SGQ\241'\332/+\360Bx\036+\210j\237K%\340]\246E\2434\264K\036\030qP\317\315\336\325\007P\027\000\000\000\000\000\000\000\000\000\000\000\000\000\000\000\000\000\000\000\000\000\000\000\000\000\000\000\000\000\000\000\000P\031T\270\242(,&\233\326\374o\306[\235\317>\021e\005s\261\371l\216\017\003\032\017J\217\244W<s!\002\347\243J\206W\025ML\260\226\0163\217\250\337\325W\253\356*O\245Z\271\234\207C\274\375`\335\311vF0D\002 \000\307\024<_L\347+\M\377D\000\035x\003\317\243\305\030Pn\025\366\217\323\t\r\235h\341\n\002 z\340&\352\266\3105\366'0L\300\307\037Ke\311\323_\365\224\201.\204~=\374N>;\006\271""; ","validation: """"\200\000\000\001&\000\000\000\004)/\352\224\003:I\203w\200\211\SGQ\241'\332/+\360Bx\036+\210j\237K%\340]\246E\2434\264K\036\030qP\317\315\336\325\007P\027\000\000\000\000\000\000\000\000\000\000\000\000\000\000\000\000\000\000\000\000\000\000\000\000\000\000\000\000\000\000\000\000P\031T\270\242(,&\233\326\374o\306[\235\317>\021e\005s\261\371l\216\017\003\032\017J\217\244W<s!\002\347\243J\206W\025ML\260\226\0163\217\250\337\325W\253\356*O\245Z\271\234\207C\274\375`\335\311vF0D\002 \000\307\024<_L\347+\M\377D\000\035x\003\317\243\305\030Pn\025\366\217\323\t\r\235h\341\n\002 z\340&\352\266\3105\366'0L\300\307\037Ke\311\323_\365\224\201.\204~=\374N>;\006\271""; "
1750587269382,1750587269382,1939,1,1,4,TMValidation,"validation: """"\200\000\000\001&\000\000\000\004)/\352\224\003:I\203w\200\211\SGQ\241'\332/+\360Bx\036+\210j\237K%\340]\246E\2434\264K\036\030qP\317\315\336\325\007P\027\000\000\000\000\000\000\000\000\000\000\000\000\000\000\000\000\000\000\000\000\000\000\000\000\000\000\000\000\000\000\000\000P\031T\270\242(,&\233\326\374o\306[\235\317>\021e\005s\261\371l\216\017\003\032\017J\217\244W<s!\002\347\243J\206W\025ML\260\226\0163\217\250\337\325W\253\356*O\245Z\271\234\207C\274\375`\335\311vF0D\002 \000\307\024<_L\347+\M\377D\000\035x\003\317\243\305\030Pn\025\366\217\323\t\r\235h\341\n\002 z\340&\352\266\3105\366'0L\300\307\037Ke\311\323_\365\224\201.\204~=\374N>;\006\271""; ","validation: """"\200\000\000\001&\000\000\000\004)/\352\224\003:I\203w\200\211\SGQ\241'\332/+\360Bx\036+\210j\237K%\340]\246E\2434\264K\036\030qP\317\315\336\325\007P\027\000\000\000\000\000\000\000\000\000\000\000\000\000\000\000\000\000\000\000\000\000\000\000\000\000\000\000\000\000\000\000\000P\031T\270\242(,&\233\326\374o\306[\235\317>\021e\005s\261\371l\216\017\003\032\017J\217\244W<s!\002\347\243J\206W\025ML\260\226\0163\217\250\337\325W\253\356*O\245Z\271\234\207C\274\375`\335\311vF0D\002 \000\307\024<_L\347+\M\377D\000\035x\003\317\243\305\030Pn\025\366\217\323\t\r\235h\341\n\002 z\340&\352\266\3105\366'0L\300\307\037Ke\311\323_\365\224\201.\204~=\374N>;\006\271""; "
1750587269382,1750587269382,1289,1,1,3,TMValidation,"validation: """"\200\000\000\001&\000\000\000\004)/\352\224\003:I\203w\200\211\SGQ\241'\332/+\360Bx\036+\210j\237K%\340]\246E\2434\264K\036\030qP\317\315\336\325\007P\027\000\000\000\000\000\000\000\000\000\000\000\000\000\000\000\000\000\000\000\000\000\000\000\000\000\000\000\000\000\000\000\000P\031T\270\242(,&\233\326\374o\306[\235\317>\021e\005s\261\371l\216\017\003\032\017J\217\244W<s!\002\347\243J\206W\025ML\260\226\0163\217\250\337\325W\253\356*O\245Z\271\234\207C\274\375`\335\311vF0D\002 \000\307\024<_L\347+\M\377D\000\035x\003\317\243\305\030Pn\025\366\217\323\t\r\235h\341\n\002 z\340&\352\266\3105\366'0L\300\307\037Ke\311\323_\365\224\201.\204~=\374N>;\006\271""; ","validation: """"\200\000\000\001&\000\000\000\004)/\352\224\003:I\203w\200\211\SGQ\241'\332/+\360Bx\036+\210j\237K%\340]\246E\2434\264K\036\030qP\317\315\336\325\007P\027\000\000\000\000\000\000\000\000\000\000\000\000\000\000\000\000\000\000\000\000\000\000\000\000\000\000\000\000\000\000\000\000P\031T\270\242(,&\233\326\374o\306[\235\317>\021e\005s\261\371l\216\017\003\032\017J\217\244W<s!\002\347\243J\206W\025ML\260\226\0163\217\250\337\325W\253\356*O\245Z\271\234\207C\274\375`\335\311vF0D\002 \000\307\024<_L\347+\M\377D\000\035x\003\317\243\305\030Pn\025\366\217\323\t\r\235h\341\n\002 z\340&\352\266\3105\366'0L\300\307\037Ke\311\323_\365\224\201.\204~=\374N>;\006\271""; "
1750587269387,1750587269387,2715,1,1,4,TMLedgerData,"ledgerHash: ""u\315\243\367\211\2625\240r:n\277\003\026\366\353'\216jy9\\001\220\223~\341j\254O\025\257""; ledgerSeq: 0; type: liTS_CANDIDATE; nodes {;   nodedata: ""\246C\232\272\013^\241\340~\030'\005/\234\037\355\231\230\017\266\365\303w\360\273\374\234\362S:\270\023\n\003"";   nodeid: ""\000\000\000\000\000\000\000\000\000\000\000\000\000\000\000\000\000\000\000\000\000\000\000\000\000\000\000\000\000\000\000\000\000""; }; requestCookie: 1; ","ledgerHash: ""u\315\243\367\211\2625\240r:n\277\003\026\366\353'\216jy9\\001\220\223~\341j\254O\025\257""; ledgerSeq: 0; type: liTS_CANDIDATE; nodes {;   nodedata: ""\246C\232\272\013^\241\340~\030'\005/\234\037\355\231\230\017\266\365\303w\360\273\374\234\362S:\270\023\n\003"";   nodeid: ""\000\000\000\000\000\000\000\000\000\000\000\000\000\000\000\000\000\000\000\000\000\000\000\000\000\000\000\000\000\000\000\000\000""; }; requestCookie: 1; "
1750587269392,1750587269392,393,1,0,1,TMGetLedger,"itype: liTS_CANDIDATE; ledgerHash: ""u\315\243\367\211\2625\240r:n\277\003\026\366\353'\216jy9\\001\220\223~\341j\254O\025\257""; nodeIDs: ""\000\000\000\000\000\000\000\000\000\000\000\000\000\000\000\000\000\000\000\000\000\000\000\000\000\000\000\000\000\000\000\000\000""; requestCookie: 4; queryType: qtINDIRECT; queryDepth: 3; ","itype: liTS_CANDIDATE; ledgerHash: ""u\315\243\367\211\2625\240r:n\277\003\026\366\353'\216jy9\\001\220\223~\341j\254O\025\257""; nodeIDs: ""\000\000\000\000\000\000\000\000\000\000\000\000\000\000\000\000\000\000\000\000\000\000\000\000\000\000\000\000\000\000\000\000\000""; requestCookie: 4; queryType: qtINDIRECT; queryDepth: 3; "
1750587269394,1750587269394,1466,1,0,4,TMGetLedger,"itype: liTS_CANDIDATE; ledgerHash: ""u\315\243\367\211\2625\240r:n\277\003\026\366\353'\216jy9\\001\220\223~\341j\254O\025\257""; nodeIDs: ""\240\000\000\000\000\000\000\000\000\000\000\000\000\000\000\000\000\000\000\000\000\000\000\000\000\000\000\000\000\000\000\000\001""; queryType: qtINDIRECT; ","itype: liTS_CANDIDATE; ledgerHash: ""u\315\243\367\211\2625\240r:n\277\003\026\366\353'\216jy9\\001\220\223~\341j\254O\025\257""; nodeIDs: ""\240\000\000\000\000\000\000\000\000\000\000\000\000\000\000\000\000\000\000\000\000\000\000\000\000\000\000\000\000\000\000\000\001""; queryType: qtINDIRECT; "
1750587269398,1750587269398,1399,1,1,3,TMLedgerData,"ledgerHash: ""u\315\243\367\211\2625\240r:n\277\003\026\366\353'\216jy9\\001\220\223~\341j\254O\025\257""; ledgerSeq: 0; type: liTS_CANDIDATE; nodes {;   nodedata: ""\246C\232\272\013^\241\340~\030'\005/\234\037\355\231\230\017\266\365\303w\360\273\374\234\362S:\270\023\n\003"";   nodeid: ""\000\000\000\000\000\000\000\000\000\000\000\000\000\000\000\000\000\000\000\000\000\000\000\000\000\000\000\000\000\000\000\000\000""; }; ","ledgerHash: ""u\315\243\367\211\2625\240r:n\277\003\026\366\353'\216jy9\\001\220\223~\341j\254O\025\257""; ledgerSeq: 0; type: liTS_CANDIDATE; nodes {;   nodedata: ""\246C\232\272\013^\241\340~\030'\005/\234\037\355\231\230\017\266\365\303w\360\273\374\234\362S:\270\023\n\003"";   nodeid: ""\000\000\000\000\000\000\000\000\000\000\000\000\000\000\000\000\000\000\000\000\000\000\000\000\000\000\000\000\000\000\000\000\000""; }; "
1750587269410,1750587269410,393,1,0,1,TMGetLedger,"itype: liTS_CANDIDATE; ledgerHash: ""u\315\243\367\211\2625\240r:n\277\003\026\366\353'\216jy9\\001\220\223~\341j\254O\025\257""; nodeIDs: ""\240\000\000\000\000\000\000\000\000\000\000\000\000\000\000\000\000\000\000\000\000\000\000\000\000\000\000\000\000\000\000\000\001""; queryType: qtINDIRECT; ","itype: liTS_CANDIDATE; ledgerHash: ""u\315\243\367\211\2625\240r:n\277\003\026\366\353'\216jy9\\001\220\223~\341j\254O\025\257""; nodeIDs: ""\240\000\000\000\000\000\000\000\000\000\000\000\000\000\000\000\000\000\000\000\000\000\000\000\000\000\000\000\000\000\000\000\001""; queryType: qtINDIRECT; "
1750587269431,1750587269431,2715,1,1,4,TMLedgerData,"ledgerHash: ""u\315\243\367\211\2625\240r:n\277\003\026\366\353'\216jy9\\001\220\223~\341j\254O\025\257""; ledgerSeq: 0; type: liTS_CANDIDATE; nodes {;   nodedata: ""\246C\232\272\013^\241\340~\030'\005/\234\037\355\231\230\017\266\365\303w\360\273\374\234\362S:\270\023\n\003"";   nodeid: ""\000\000\000\000\000\000\000\000\000\000\000\000\000\000\000\000\000\000\000\000\000\000\000\000\000\000\000\000\000\000\000\000\000""; }; requestCookie: 4; ","ledgerHash: ""u\315\243\367\211\2625\240r:n\277\003\026\366\353'\216jy9\\001\220\223~\341j\254O\025\257""; ledgerSeq: 0; type: liTS_CANDIDATE; nodes {;   nodedata: ""\246C\232\272\013^\241\340~\030'\005/\234\037\355\231\230\017\266\365\303w\360\273\374\234\362S:\270\023\n\003"";   nodeid: ""\000\000\000\000\000\000\000\000\000\000\000\000\000\000\000\000\000\000\000\000\000\000\000\000\000\000\000\000\000\000\000\000\000""; }; requestCookie: 4; "
1750587269433,1750587269434,3375,1,1,4,TMProposeSet,"proposeSeq: 1; currentTxHash: ""\000\000\000\000\000\000\000\000\000\000\000\000\000\000\000\000\000\000\000\000\000\000\000\000\000\000\000\000\000\000\000\000""; nodePubKey: ""\003\343\005\311u\203\370\0338\3174\324\010\006\301\251\177\261\304eOX\262)FA-\022r\263wm\024""; closeTime: 803902470; signature: ""0D\002 \t\376>]\372\\352F\240\260\240]-\334e\204mf\273\212\014\233\232\342\262<\216I\037\017\346;\002 c\313Y}\325\355\rp}\243\234\000\272!\220U\203\022\001t&\037\253o\000\221\360\000*\250\346\304""; previousledger: ""\241'\332/+\360Bx\036+\210j\237K%\340]\246E\2434\264K\036\030qP\317\315\336\325\007""; ","proposeSeq: 1; currentTxHash: ""\000\000\000\000\000\000\000\000\000\000\000\000\000\000\000\000\000\000\000\000\000\000\000\000\000\000\000\000\000\000\000\000""; nodePubKey: ""\003\343\005\311u\203\370\0338\3174\324\010\006\301\251\177\261\304eOX\262)FA-\022r\263wm\024""; closeTime: 803902470; signature: ""0D\002 \t\376>]\372\\352F\240\260\240]-\334e\204mf\273\212\014\233\232\342\262<\216I\037\017\346;\002 c\313Y}\325\355\rp}\243\234\000\272!\220U\203\022\001t&\037\253o\000\221\360\000*\250\346\304""; previousledger: ""\241'\332/+\360Bx\036+\210j\237K%\340]\246E\2434\264K\036\030qP\317\315\336\325\007""; "
1750587269434,1750587269434,926,1,1,0,TMProposeSet,"proposeSeq: 1; currentTxHash: ""\000\000\000\000\000\000\000\000\000\000\000\000\000\000\000\000\000\000\000\000\000\000\000\000\000\000\000\000\000\000\000\000""; nodePubKey: ""\003\343\005\311u\203\370\0338\3174\324\010\006\301\251\177\261\304eOX\262)FA-\022r\263wm\024""; closeTime: 803902470; signature: ""0D\002 \t\376>]\372\\352F\240\260\240]-\334e\204mf\273\212\014\233\232\342\262<\216I\037\017\346;\002 c\313Y}\325\355\rp}\243\234\000\272!\220U\203\022\001t&\037\253o\000\221\360\000*\250\346\304""; previousledger: ""\241'\332/+\360Bx\036+\210j\237K%\340]\246E\2434\264K\036\030qP\317\315\336\325\007""; ","proposeSeq: 1; currentTxHash: ""\000\000\000\000\000\000\000\000\000\000\000\000\000\000\000\000\000\000\000\000\000\000\000\000\000\000\000\000\000\000\000\000""; nodePubKey: ""\003\343\005\311u\203\370\0338\3174\324\010\006\301\251\177\261\304eOX\262)FA-\022r\263wm\024""; closeTime: 803902470; signature: ""0D\002 \t\376>]\372\\352F\240\260\240]-\334e\204mf\273\212\014\233\232\342\262<\216I\037\017\346;\002 c\313Y}\325\355\rp}\243\234\000\272!\220U\203\022\001t&\037\253o\000\221\360\000*\250\346\304""; previousledger: ""\241'\332/+\360Bx\036+\210j\237K%\340]\246E\2434\264K\036\030qP\317\315\336\325\007""; "
1750587269434,1750587269434,1799,1,1,2,TMProposeSet,"proposeSeq: 1; currentTxHash: ""\000\000\000\000\000\000\000\000\000\000\000\000\000\000\000\000\000\000\000\000\000\000\000\000\000\000\000\000\000\000\000\000""; nodePubKey: ""\003\343\005\311u\203\370\0338\3174\324\010\006\301\251\177\261\304eOX\262)FA-\022r\263wm\024""; closeTime: 803902470; signature: ""0D\002 \t\376>]\372\\352F\240\260\240]-\334e\204mf\273\212\014\233\232\342\262<\216I\037\017\346;\002 c\313Y}\325\355\rp}\243\234\000\272!\220U\203\022\001t&\037\253o\000\221\360\000*\250\346\304""; previousledger: ""\241'\332/+\360Bx\036+\210j\237K%\340]\246E\2434\264K\036\030qP\317\315\336\325\007""; ","proposeSeq: 1; currentTxHash: ""\000\000\000\000\000\000\000\000\000\000\000\000\000\000\000\000\000\000\000\000\000\000\000\000\000\000\000\000\000\000\000\000""; nodePubKey: ""\003\343\005\311u\203\370\0338\3174\324\010\006\301\251\177\261\304eOX\262)FA-\022r\263wm\024""; closeTime: 803902470; signature: ""0D\002 \t\376>]\372\\352F\240\260\240]-\334e\204mf\273\212\014\233\232\342\262<\216I\037\017\346;\002 c\313Y}\325\355\rp}\243\234\000\272!\220U\203\022\001t&\037\253o\000\221\360\000*\250\346\304""; previousledger: ""\241'\332/+\360Bx\036+\210j\237K%\340]\246E\2434\264K\036\030qP\317\315\336\325\007""; "
1750587269435,1750587269435,3522,1,1,4,TMStatusChange,"newEvent: neACCEPTED_LEDGER; ledgerSeq: 5; ledgerHash: ""\372\373$P*|\321\342\002\026\n\3215\340\3203\200x\327D\301]5\237\247Yz\3711!L\214""; ledgerHashPrevious: ""\241'\332/+\360Bx\036+\210j\237K%\340]\246E\2434\264K\036\030qP\317\315\336\325\007""; networkTime: 803902469; firstSeq: 1; lastSeq: 4; ","newEvent: neACCEPTED_LEDGER; ledgerSeq: 5; ledgerHash: ""\372\373$P*|\321\342\002\026\n\3215\340\3203\200x\327D\301]5\237\247Yz\3711!L\214""; ledgerHashPrevious: ""\241'\332/+\360Bx\036+\210j\237K%\340]\246E\2434\264K\036\030qP\317\315\336\325\007""; networkTime: 803902469; firstSeq: 1; lastSeq: 4; "
1750587269436,1750587269436,342,1,2,1,TMGetLedger,"itype: liTS_CANDIDATE; ledgerHash: ""8h\232\211g)\354\005\246\256XI\265J\214\312}\261\211y\355]\0228j\360\0224\003\021%\014""; nodeIDs: ""\000\000\000\000\000\000\000\000\000\000\000\000\000\000\000\000\000\000\000\000\000\000\000\000\000\000\000\000\000\000\000\000\000""; queryType: qtINDIRECT; queryDepth: 3; ","itype: liTS_CANDIDATE; ledgerHash: ""8h\232\211g)\354\005\246\256XI\265J\214\312}\261\211y\355]\0228j\360\0224\003\021%\014""; nodeIDs: ""\000\000\000\000\000\000\000\000\000\000\000\000\000\000\000\000\000\000\000\000\000\000\000\000\000\000\000\000\000\000\000\000\000""; queryType: qtINDIRECT; queryDepth: 3; "
1750587269436,1750587269436,1939,1,1,4,TMValidation,"validation: """"\200\000\000\001&\000\000\000\005)/\352\224\005:?HT\314/\177\320^Q\372\373$P*|\321\342\002\026\n\3215\340\3203\200x\327D\301]5\237\247Yz\3711!L\214P\027\000\000\000\000\000\000\000\000\000\000\000\000\000\000\000\000\000\000\000\000\000\000\000\000\000\000\000\000\000\000\000\000P\031\241'\332/+\360Bx\036+\210j\237K%\340]\246E\2434\264K\036\030qP\317\315\336\325\007s!\003\343\005\311u\203\370\0338\3174\324\010\006\301\251\177\261\304eOX\262)FA-\022r\263wm\024vF0D\002 \037~\254\023\324\025\t\305\2530m\021\365\303\024~.m)OB\257\307\270\336Y\342|\234h\335?\002 N\340\231\3254c\320\204\365`\315\030n\261\r\366\200\027>\314\223\033H[V\203\246\262\330\312GU""; ","validation: """"\200\000\000\001&\000\000\000\005)/\352\224\005:?HT\314/\177\320^Q\372\373$P*|\321\342\002\026\n\3215\340\3203\200x\327D\301]5\237\247Yz\3711!L\214P\027\000\000\000\000\000\000\000\000\000\000\000\000\000\000\000\000\000\000\000\000\000\000\000\000\000\000\000\000\000\000\000\000P\031\241'\332/+\360Bx\036+\210j\237K%\340]\246E\2434\264K\036\030qP\317\315\336\325\007s!\003\343\005\311u\203\370\0338\3174\324\010\006\301\251\177\261\304eOX\262)FA-\022r\263wm\024vF0D\002 \037~\254\023\324\025\t\305\2530m\021\365\303\024~.m)OB\257\307\270\336Y\342|\234h\335?\002 N\340\231\3254c\320\204\365`\315\030n\261\r\366\200\027>\314\223\033H[V\203\246\262\330\312GU""; "
1750587269436,1750587269436,3090,1,1,0,TMValidation,"validation: """"\200\000\000\001&\000\000\000\005)/\352\224\005:?HT\314/\177\320^Q\372\373$P*|\321\342\002\026\n\3215\340\3203\200x\327D\301]5\237\247Yz\3711!L\214P\027\000\000\000\000\000\000\000\000\000\000\000\000\000\000\000\000\000\000\000\000\000\000\000\000\000\000\000\000\000\000\000\000P\031\241'\332/+\360Bx\036+\210j\237K%\340]\246E\2434\264K\036\030qP\317\315\336\325\007s!\003\343\005\311u\203\370\0338\3174\324\010\006\301\251\177\261\304eOX\262)FA-\022r\263wm\024vF0D\002 \037~\254\023\324\025\t\305\2530m\021\365\303\024~.m)OB\257\307\270\336Y\342|\234h\335?\002 N\340\231\3254c\320\204\365`\315\030n\261\r\366\200\027>\314\223\033H[V\203\246\262\330\312GU""; ","validation: """"\200\000\000\001&\000\000\000\005)/\352\224\005:?HT\314/\177\320^Q\372\373$P*|\321\342\002\026\n\3215\340\3203\200x\327D\301]5\237\247Yz\3711!L\214P\027\000\000\000\000\000\000\000\000\000\000\000\000\000\000\000\000\000\000\000\000\000\000\000\000\000\000\000\000\000\000\000\000P\031\241'\332/+\360Bx\036+\210j\237K%\340]\246E\2434\264K\036\030qP\317\315\336\325\007s!\003\343\005\311u\203\370\0338\3174\324\010\006\301\251\177\261\304eOX\262)FA-\022r\263wm\024vF0D\002 \037~\254\023\324\025\t\305\2530m\021\365\303\024~.m)OB\257\307\270\336Y\342|\234h\335?\002 N\340\231\3254c\320\204\365`\315\030n\261\r\366\200\027>\314\223\033H[V\203\246\262\330\312GU""; "
1750587269436,1750587269437,1862,1,1,0,TMStatusChange,"newEvent: neACCEPTED_LEDGER; ledgerSeq: 5; ledgerHash: ""\372\373$P*|\321\342\002\026\n\3215\340\3203\200x\327D\301]5\237\247Yz\3711!L\214""; ledgerHashPrevious: ""\241'\332/+\360Bx\036+\210j\237K%\340]\246E\2434\264K\036\030qP\317\315\336\325\007""; networkTime: 803902469; firstSeq: 1; lastSeq: 4; ","newEvent: neACCEPTED_LEDGER; ledgerSeq: 5; ledgerHash: ""\372\373$P*|\321\342\002\026\n\3215\340\3203\200x\327D\301]5\237\247Yz\3711!L\214""; ledgerHashPrevious: ""\241'\332/+\360Bx\036+\210j\237K%\340]\246E\2434\264K\036\030qP\317\315\336\325\007""; networkTime: 803902469; firstSeq: 1; lastSeq: 4; "
1750587269441,1750587269441,961,1,1,2,TMStatusChange,"newEvent: neACCEPTED_LEDGER; ledgerSeq: 5; ledgerHash: ""\372\373$P*|\321\342\002\026\n\3215\340\3203\200x\327D\301]5\237\247Yz\3711!L\214""; ledgerHashPrevious: ""\241'\332/+\360Bx\036+\210j\237K%\340]\246E\2434\264K\036\030qP\317\315\336\325\007""; networkTime: 803902469; firstSeq: 1; lastSeq: 4; ","newEvent: neACCEPTED_LEDGER; ledgerSeq: 5; ledgerHash: ""\372\373$P*|\321\342\002\026\n\3215\340\3203\200x\327D\301]5\237\247Yz\3711!L\214""; ledgerHashPrevious: ""\241'\332/+\360Bx\036+\210j\237K%\340]\246E\2434\264K\036\030qP\317\315\336\325\007""; networkTime: 803902469; firstSeq: 1; lastSeq: 4; "
1750587269441,1750587269441,1652,1,1,2,TMValidation,"validation: """"\200\000\000\001&\000\000\000\005)/\352\224\005:?HT\314/\177\320^Q\372\373$P*|\321\342\002\026\n\3215\340\3203\200x\327D\301]5\237\247Yz\3711!L\214P\027\000\000\000\000\000\000\000\000\000\000\000\000\000\000\000\000\000\000\000\000\000\000\000\000\000\000\000\000\000\000\000\000P\031\241'\332/+\360Bx\036+\210j\237K%\340]\246E\2434\264K\036\030qP\317\315\336\325\007s!\003\343\005\311u\203\370\0338\3174\324\010\006\301\251\177\261\304eOX\262)FA-\022r\263wm\024vF0D\002 \037~\254\023\324\025\t\305\2530m\021\365\303\024~.m)OB\257\307\270\336Y\342|\234h\335?\002 N\340\231\3254c\320\204\365`\315\030n\261\r\366\200\027>\314\223\033H[V\203\246\262\330\312GU""; ","validation: """"\200\000\000\001&\000\000\000\005)/\352\224\005:?HT\314/\177\320^Q\372\373$P*|\321\342\002\026\n\3215\340\3203\200x\327D\301]5\237\247Yz\3711!L\214P\027\000\000\000\000\000\000\000\000\000\000\000\000\000\000\000\000\000\000\000\000\000\000\000\000\000\000\000\000\000\000\000\000P\031\241'\332/+\360Bx\036+\210j\237K%\340]\246E\2434\264K\036\030qP\317\315\336\325\007s!\003\343\005\311u\203\370\0338\3174\324\010\006\301\251\177\261\304eOX\262)FA-\022r\263wm\024vF0D\002 \037~\254\023\324\025\t\305\2530m\021\365\303\024~.m)OB\257\307\270\336Y\342|\234h\335?\002 N\340\231\3254c\320\204\365`\315\030n\261\r\366\200\027>\314\223\033H[V\203\246\262\330\312GU""; "
1750587269442,1750587269442,1289,1,1,3,TMValidation,"validation: """"\200\000\000\001&\000\000\000\005)/\352\224\005:?HT\314/\177\320^Q\372\373$P*|\321\342\002\026\n\3215\340\3203\200x\327D\301]5\237\247Yz\3711!L\214P\027\000\000\000\000\000\000\000\000\000\000\000\000\000\000\000\000\000\000\000\000\000\000\000\000\000\000\000\000\000\000\000\000P\031\241'\332/+\360Bx\036+\210j\237K%\340]\246E\2434\264K\036\030qP\317\315\336\325\007s!\003\343\005\311u\203\370\0338\3174\324\010\006\301\251\177\261\304eOX\262)FA-\022r\263wm\024vF0D\002 \037~\254\023\324\025\t\305\2530m\021\365\303\024~.m)OB\257\307\270\336Y\342|\234h\335?\002 N\340\231\3254c\320\204\365`\315\030n\261\r\366\200\027>\314\223\033H[V\203\246\262\330\312GU""; ","validation: """"\200\000\000\001&\000\000\000\005)/\352\224\005:?HT\314/\177\320^Q\372\373$P*|\321\342\002\026\n\3215\340\3203\200x\327D\301]5\237\247Yz\3711!L\214P\027\000\000\000\000\000\000\000\000\000\000\000\000\000\000\000\000\000\000\000\000\000\000\000\000\000\000\000\000\000\000\000\000P\031\241'\332/+\360Bx\036+\210j\237K%\340]\246E\2434\264K\036\030qP\317\315\336\325\007s!\003\343\005\311u\203\370\0338\3174\324\010\006\301\251\177\261\304eOX\262)FA-\022r\263wm\024vF0D\002 \037~\254\023\324\025\t\305\2530m\021\365\303\024~.m)OB\257\307\270\336Y\342|\234h\335?\002 N\340\231\3254c\320\204\365`\315\030n\261\r\366\200\027>\314\223\033H[V\203\246\262\330\312GU""; "
1750587269442,1750587269442,3538,1,1,3,TMProposeSet,"proposeSeq: 1; currentTxHash: ""\000\000\000\000\000\000\000\000\000\000\000\000\000\000\000\000\000\000\000\000\000\000\000\000\000\000\000\000\000\000\000\000""; nodePubKey: ""\003\343\005\311u\203\370\0338\3174\324\010\006\301\251\177\261\304eOX\262)FA-\022r\263wm\024""; closeTime: 803902470; signature: ""0D\002 \t\376>]\372\\352F\240\260\240]-\334e\204mf\273\212\014\233\232\342\262<\216I\037\017\346;\002 c\313Y}\325\355\rp}\243\234\000\272!\220U\203\022\001t&\037\253o\000\221\360\000*\250\346\304""; previousledger: ""\241'\332/+\360Bx\036+\210j\237K%\340]\246E\2434\264K\036\030qP\317\315\336\325\007""; ","proposeSeq: 1; currentTxHash: ""\000\000\000\000\000\000\000\000\000\000\000\000\000\000\000\000\000\000\000\000\000\000\000\000\000\000\000\000\000\000\000\000""; nodePubKey: ""\003\343\005\311u\203\370\0338\3174\324\010\006\301\251\177\261\304eOX\262)FA-\022r\263wm\024""; closeTime: 803902470; signature: ""0D\002 \t\376>]\372\\352F\240\260\240]-\334e\204mf\273\212\014\233\232\342\262<\216I\037\017\346;\002 c\313Y}\325\355\rp}\243\234\000\272!\220U\203\022\001t&\037\253o\000\221\360\000*\250\346\304""; previousledger: ""\241'\332/+\360Bx\036+\210j\237K%\340]\246E\2434\264K\036\030qP\317\315\336\325\007""; "
1750587269443,1750587269443,1020,1,1,3,TMStatusChange,"newEvent: neACCEPTED_LEDGER; ledgerSeq: 5; ledgerHash: ""\372\373$P*|\321\342\002\026\n\3215\340\3203\200x\327D\301]5\237\247Yz\3711!L\214""; ledgerHashPrevious: ""\241'\332/+\360Bx\036+\210j\237K%\340]\246E\2434\264K\036\030qP\317\315\336\325\007""; networkTime: 803902469; firstSeq: 1; lastSeq: 4; ","newEvent: neACCEPTED_LEDGER; ledgerSeq: 5; ledgerHash: ""\372\373$P*|\321\342\002\026\n\3215\340\3203\200x\327D\301]5\237\247Yz\3711!L\214""; ledgerHashPrevious: ""\241'\332/+\360Bx\036+\210j\237K%\340]\246E\2434\264K\036\030qP\317\315\336\325\007""; networkTime: 803902469; firstSeq: 1; lastSeq: 4; "
1750587269487,1750587269487,2472,1,1,2,TMLedgerData,"ledgerHash: ""u\315\243\367\211\2625\240r:n\277\003\026\366\353'\216jy9\\001\220\223~\341j\254O\025\257""; ledgerSeq: 0; type: liTS_CANDIDATE; nodes {;   nodedata: ""\246C\232\272\013^\241\340~\030'\005/\234\037\355\231\230\017\266\365\303w\360\273\374\234\362S:\270\023\n\003"";   nodeid: ""\000\000\000\000\000\000\000\000\000\000\000\000\000\000\000\000\000\000\000\000\000\000\000\000\000\000\000\000\000\000\000\000\000""; }; requestCookie: 4; ","ledgerHash: ""u\315\243\367\211\2625\240r:n\277\003\026\366\353'\216jy9\\001\220\223~\341j\254O\025\257""; ledgerSeq: 0; type: liTS_CANDIDATE; nodes {;   nodedata: ""\246C\232\272\013^\241\340~\030'\005/\234\037\355\231\230\017\266\365\303w\360\273\374\234\362S:\270\023\n\003"";   nodeid: ""\000\000\000\000\000\000\000\000\000\000\000\000\000\000\000\000\000\000\000\000\000\000\000\000\000\000\000\000\000\000\000\000\000""; }; requestCookie: 4; "
1750587269508,1750587269508,2655,1,1,0,TMLedgerData,"ledgerHash: ""u\315\243\367\211\2625\240r:n\277\003\026\366\353'\216jy9\\001\220\223~\341j\254O\025\257""; ledgerSeq: 0; type: liTS_CANDIDATE; nodes {;   nodedata: ""\022\000\000""\000\000\000\000$\000\000\000\001 \033\000\000\000\027a@\000\000\027H\206*@h@\000\000\000\000\000\000\ns!\0030\347\374\235V\273%\326\211;\243\363\027\256[\3173\263)\033\326=\263&T\243\023""/\177\320 tF0D\002 0\023\341\332; \2711\245\020\321\3300\345\267-)\230\177\246\236AQ\327\203\207H\226+\000%\336\002 \024\036\211\237\201t\376\272E\270\230\020\334\014\356g\273\025((\376\266\216@ \254^2T\233\013\034\201\024\265\367by\212S\325C\240\024\312\370\262\227\317\370\362\3717\350\203\024E0\246\210\344\325\345r\024T\251\006P\255\352\333\372\351\337\302\000"";   nodeid: ""\240\000\000\000\000\000\000\000\000\000\000\000\000\000\000\000\000\000\000\000\000\000\000\000\000\000\000\000\000\000\000\000\001""; }; ","ledgerHash: ""u\315\243\367\211\2625\240r:n\277\003\026\366\353'\216jy9\\001\220\223~\341j\254O\025\257""; ledgerSeq: 0; type: liTS_CANDIDATE; nodes {;   nodedata: ""\022\000\000""\000\000\000\000$\000\000\000\001 \033\000\000\000\027a@\000\000\027H\206*@h@\000\000\000\000\000\000\ns!\0030\347\374\235V\273%\326\211;\243\363\027\256[\3173\263)\033\326=\263&T\243\023""/\177\320 tF0D\002 0\023\341\332; \2711\245\020\321\3300\345\267-)\230\177\246\236AQ\327\203\207H\226+\000%\336\002 \024\036\211\237\201t\376\272E\270\230\020\334\014\356g\273\025((\376\266\216@ \254^2T\233\013\034\201\024\265\367by\212S\325C\240\024\312\370\262\227\317\370\362\3717\350\203\024E0\246\210\344\325\345r\024T\251\006P\255\352\333\372\351\337\302\000"";   nodeid: ""\240\000\000\000\000\000\000\000\000\000\000\000\000\000\000\000\000\000\000\000\000\000\000\000\000\000\000\000\000\000\000\000\001""; }; "
1750587269524,1750587269524,792,1,0,4,TMValidation,"validation: """"\200\000\000\001&\000\000\000\004)/\352\224\002:?HT\314/\177\320^Q\241'\332/+\360Bx\036+\210j\237K%\340]\246E\2434\264K\036\030qP\317\315\336\325\007P\027\000\000\000\000\000\000\000\000\000\000\000\000\000\000\000\000\000\000\000\000\000\000\000\000\000\000\000\000\000\000\000\000P\031T\270\242(,&\233\326\374o\306[\235\317>\021e\005s\261\371l\216\017\003\032\017J\217\244W<s!\003\343\005\311u\203\370\0338\3174\324\010\006\301\251\177\261\304eOX\262)FA-\022r\263wm\024vF0D\002 F\216W'\271\220\250\210\325\271\303\272\304\270\341\340\0030\335\323^\207\210a\374\331\017q\365\202\365\232\002 \006A\326A\313V\220P\0308\224\313\020\366L\363\302\375\261P\363\022\3412!(\270\340\257pq\262""; ","validation: """"\200\000\000\001&\000\000\000\004)/\352\224\002:?HT\314/\177\320^Q\241'\332/+\360Bx\036+\210j\237K%\340]\246E\2434\264K\036\030qP\317\315\336\325\007P\027\000\000\000\000\000\000\000\000\000\000\000\000\000\000\000\000\000\000\000\000\000\000\000\000\000\000\000\000\000\000\000\000P\031T\270\242(,&\233\326\374o\306[\235\317>\021e\005s\261\371l\216\017\003\032\017J\217\244W<s!\003\343\005\311u\203\370\0338\3174\324\010\006\301\251\177\261\304eOX\262)FA-\022r\263wm\024vF0D\002 F\216W'\271\220\250\210\325\271\303\272\304\270\341\340\0030\335\323^\207\210a\374\331\017q\365\202\365\232\002 \006A\326A\313V\220P\0308\224\313\020\366L\363\302\375\261P\363\022\3412!(\270\340\257pq\262""; "
1750587269524,1750587269525,779,1,0,3,TMValidation,"validation: """"\200\000\000\001&\000\000\000\004)/\352\224\002:?HT\314/\177\320^Q\241'\332/+\360Bx\036+\210j\237K%\340]\246E\2434\264K\036\030qP\317\315\336\325\007P\027\000\000\000\000\000\000\000\000\000\000\000\000\000\000\000\000\000\000\000\000\000\000\000\000\000\000\000\000\000\000\000\000P\031T\270\242(,&\233\326\374o\306[\235\317>\021e\005s\261\371l\216\017\003\032\017J\217\244W<s!\003\343\005\311u\203\370\0338\3174\324\010\006\301\251\177\261\304eOX\262)FA-\022r\263wm\024vF0D\002 F\216W'\271\220\250\210\325\271\303\272\304\270\341\340\0030\335\323^\207\210a\374\331\017q\365\202\365\232\002 \006A\326A\313V\220P\0308\224\313\020\366L\363\302\375\261P\363\022\3412!(\270\340\257pq\262""; ","validation: """"\200\000\000\001&\000\000\000\004)/\352\224\002:?HT\314/\177\320^Q\241'\332/+\360Bx\036+\210j\237K%\340]\246E\2434\264K\036\030qP\317\315\336\325\007P\027\000\000\000\000\000\000\000\000\000\000\000\000\000\000\000\000\000\000\000\000\000\000\000\000\000\000\000\000\000\000\000\000P\031T\270\242(,&\233\326\374o\306[\235\317>\021e\005s\261\371l\216\017\003\032\017J\217\244W<s!\003\343\005\311u\203\370\0338\3174\324\010\006\301\251\177\261\304eOX\262)FA-\022r\263wm\024vF0D\002 F\216W'\271\220\250\210\325\271\303\272\304\270\341\340\0030\335\323^\207\210a\374\331\017q\365\202\365\232\002 \006A\326A\313V\220P\0308\224\313\020\366L\363\302\375\261P\363\022\3412!(\270\340\257pq\262""; "
1750587269525,1750587269525,3563,1,0,2,TMValidation,"validation: """"\200\000\000\001&\000\000\000\004)/\352\224\002:?HT\314/\177\320^Q\241'\332/+\360Bx\036+\210j\237K%\340]\246E\2434\264K\036\030qP\317\315\336\325\007P\027\000\000\000\000\000\000\000\000\000\000\000\000\000\000\000\000\000\000\000\000\000\000\000\000\000\000\000\000\000\000\000\000P\031T\270\242(,&\233\326\374o\306[\235\317>\021e\005s\261\371l\216\017\003\032\017J\217\244W<s!\003\343\005\311u\203\370\0338\3174\324\010\006\301\251\177\261\304eOX\262)FA-\022r\263wm\024vF0D\002 F\216W'\271\220\250\210\325\271\303\272\304\270\341\340\0030\335\323^\207\210a\374\331\017q\365\202\365\232\002 \006A\326A\313V\220P\0308\224\313\020\366L\363\302\375\261P\363\022\3412!(\270\340\257pq\262""; ","validation: """"\200\000\000\001&\000\000\000\004)/\352\224\002:?HT\314/\177\320^Q\241'\332/+\360Bx\036+\210j\237K%\340]\246E\2434\264K\036\030qP\317\315\336\325\007P\027\000\000\000\000\000\000\000\000\000\000\000\000\000\000\000\000\000\000\000\000\000\000\000\000\000\000\000\000\000\000\000\000P\031T\270\242(,&\233\326\374o\306[\235\317>\021e\005s\261\371l\216\017\003\032\017J\217\244W<s!\003\343\005\311u\203\370\0338\3174\324\010\006\301\251\177\261\304eOX\262)FA-\022r\263wm\024vF0D\002 F\216W'\271\220\250\210\325\271\303\272\304\270\341\340\0030\335\323^\207\210a\374\331\017q\365\202\365\232\002 \006A\326A\313V\220P\0308\224\313\020\366L\363\302\375\261P\363\022\3412!(\270\340\257pq\262""; "
1750587269537,1750587269537,2655,1,1,0,TMLedgerData,"ledgerHash: ""u\315\243\367\211\2625\240r:n\277\003\026\366\353'\216jy9\\001\220\223~\341j\254O\025\257""; ledgerSeq: 0; type: liTS_CANDIDATE; nodes {;   nodedata: ""\246C\232\272\013^\241\340~\030'\005/\234\037\355\231\230\017\266\365\303w\360\273\374\234\362S:\270\023\n\003"";   nodeid: ""\000\000\000\000\000\000\000\000\000\000\000\000\000\000\000\000\000\000\000\000\000\000\000\000\000\000\000\000\000\000\000\000\000""; }; requestCookie: 4; ","ledgerHash: ""u\315\243\367\211\2625\240r:n\277\003\026\366\353'\216jy9\\001\220\223~\341j\254O\025\257""; ledgerSeq: 0; type: liTS_CANDIDATE; nodes {;   nodedata: ""\246C\232\272\013^\241\340~\030'\005/\234\037\355\231\230\017\266\365\303w\360\273\374\234\362S:\270\023\n\003"";   nodeid: ""\000\000\000\000\000\000\000\000\000\000\000\000\000\000\000\000\000\000\000\000\000\000\000\000\000\000\000\000\000\000\000\000\000""; }; requestCookie: 4; "
1750587269578,1750587269578,557,1,4,1,TMGetLedger,"itype: liTS_CANDIDATE; ledgerHash: ""u\315\243\367\211\2625\240r:n\277\003\026\366\353'\216jy9\\001\220\223~\341j\254O\025\257""; nodeIDs: ""\000\000\000\000\000\000\000\000\000\000\000\000\000\000\000\000\000\000\000\000\000\000\000\000\000\000\000\000\000\000\000\000\000""; requestCookie: 1; queryType: qtINDIRECT; queryDepth: 3; ","itype: liTS_CANDIDATE; ledgerHash: ""u\315\243\367\211\2625\240r:n\277\003\026\366\353'\216jy9\\001\220\223~\341j\254O\025\257""; nodeIDs: ""\000\000\000\000\000\000\000\000\000\000\000\000\000\000\000\000\000\000\000\000\000\000\000\000\000\000\000\000\000\000\000\000\000""; requestCookie: 1; queryType: qtINDIRECT; queryDepth: 3; "
1750587269585,1750587269585,2472,1,1,2,TMLedgerData,"ledgerHash: ""\372\373$P*|\321\342\002\026\n\3215\340\3203\200x\327D\301]5\237\247Yz\3711!L\214""; ledgerSeq: 5; type: liBASE; nodes {;   nodedata: ""\000\000\000\005\001cEx]\212\000\000\241'\332/+\360Bx\036+\210j\237K%\340]\246E\2434\264K\036\030qP\317\315\336\325\007\000\000\000\000\000\000\000\000\000\000\000\000\000\000\000\000\000\000\000\000\000\000\000\000\000\000\000\000\000\000\000\000`\314E\345\274\262t\247\026\262\034+o5\305\346\027G~\333\026l\257|t\323mid\302\226-/\352\223\375/\352\224\006\n\000""; }; nodes {;   nodedata: ""\303\016\021\310<Z\337\266>\225@&n\022\246\274\353\220\345b3\035\313\350L\354\254\002\005\305\035\017\002E\344\037@\210\363\010\336T\226\247'\204_{\261\370""1\235\2445\343\033Y!\212\201\341\272\225'\007\216\374\007Stj/$R\017@\032\350\327\373\007\365\300zp\377_\034\325\212\203\333k\273\230\031\217\013\003""; }; ","ledgerHash: ""\372\373$P*|\321\342\002\026\n\3215\340\3203\200x\327D\301]5\237\247Yz\3711!L\214""; ledgerSeq: 5; type: liBASE; nodes {;   nodedata: ""\000\000\000\005\001cEx]\212\000\000\241'\332/+\360Bx\036+\210j\237K%\340]\246E\2434\264K\036\030qP\317\315\336\325\007\000\000\000\000\000\000\000\000\000\000\000\000\000\000\000\000\000\000\000\000\000\000\000\000\000\000\000\000\000\000\000\000`\314E\345\274\262t\247\026\262\034+o5\305\346\027G~\333\026l\257|t\323mid\302\226-/\352\223\375/\352\224\006\n\000""; }; nodes {;   nodedata: ""\303\016\021\310<Z\337\266>\225@&n\022\246\274\353\220\345b3\035\313\350L\354\254\002\005\305\035\017\002E\344\037@\210\363\010\336T\226\247'\204_{\261\370""1\235\2445\343\033Y!\212\201\341\272\225'\007\216\374\007Stj/$R\017@\032\350\327\373\007\365\300zp\377_\034\325\212\203\333k\273\230\031\217\013\003""; }; "
1750587269585,1750587269585,2472,1,1,2,TMLedgerData,"ledgerHash: ""\372\373$P*|\321\342\002\026\n\3215\340\3203\200x\327D\301]5\237\247Yz\3711!L\214""; ledgerSeq: 5; type: liBASE; nodes {;   nodedata: ""\000\000\000\005\001cEx]\212\000\000\241'\332/+\360Bx\036+\210j\237K%\340]\246E\2434\264K\036\030qP\317\315\336\325\007\000\000\000\000\000\000\000\000\000\000\000\000\000\000\000\000\000\000\000\000\000\000\000\000\000\000\000\000\000\000\000\000`\314E\345\274\262t\247\026\262\034+o5\305\346\027G~\333\026l\257|t\323mid\302\226-/\352\223\375/\352\224\006\n\000""; }; nodes {;   nodedata: ""\303\016\021\310<Z\337\266>\225@&n\022\246\274\353\220\345b3\035\313\350L\354\254\002\005\305\035\017\002E\344\037@\210\363\010\336T\226\247'\204_{\261\370""1\235\2445\343\033Y!\212\201\341\272\225'\007\216\374\007Stj/$R\017@\032\350\327\373\007\365\300zp\377_\034\325\212\203\333k\273\230\031\217\013\003""; }; ","ledgerHash: ""\372\373$P*|\321\342\002\026\n\3215\340\3203\200x\327D\301]5\237\247Yz\3711!L\214""; ledgerSeq: 5; type: liBASE; nodes {;   nodedata: ""\000\000\000\005\001cEx]\212\000\000\241'\332/+\360Bx\036+\210j\237K%\340]\246E\2434\264K\036\030qP\317\315\336\325\007\000\000\000\000\000\000\000\000\000\000\000\000\000\000\000\000\000\000\000\000\000\000\000\000\000\000\000\000\000\000\000\000`\314E\345\274\262t\247\026\262\034+o5\305\346\027G~\333\026l\257|t\323mid\302\226-/\352\223\375/\352\224\006\n\000""; }; nodes {;   nodedata: ""\303\016\021\310<Z\337\266>\225@&n\022\246\274\353\220\345b3\035\313\350L\354\254\002\005\305\035\017\002E\344\037@\210\363\010\336T\226\247'\204_{\261\370""1\235\2445\343\033Y!\212\201\341\272\225'\007\216\374\007Stj/$R\017@\032\350\327\373\007\365\300zp\377_\034\325\212\203\333k\273\230\031\217\013\003""; }; "
1750587269596,1750587269596,342,1,2,1,TMGetLedger,"itype: liTS_CANDIDATE; ledgerHash: ""u\315\243\367\211\2625\240r:n\277\003\026\366\353'\216jy9\\001\220\223~\341j\254O\025\257""; nodeIDs: ""\000\000\000\000\000\000\000\000\000\000\000\000\000\000\000\000\000\000\000\000\000\000\000\000\000\000\000\000\000\000\000\000\000""; requestCookie: 4; queryType: qtINDIRECT; queryDepth: 3; ","itype: liTS_CANDIDATE; ledgerHash: ""u\315\243\367\211\2625\240r:n\277\003\026\366\353'\216jy9\\001\220\223~\341j\254O\025\257""; nodeIDs: ""\000\000\000\000\000\000\000\000\000\000\000\000\000\000\000\000\000\000\000\000\000\000\000\000\000\000\000\000\000\000\000\000\000""; requestCookie: 4; queryType: qtINDIRECT; queryDepth: 3; "
1750587269600,1750587269601,769,1,4,0,TMGetLedger,"itype: liTS_CANDIDATE; ledgerHash: ""8h\232\211g)\354\005\246\256XI\265J\214\312}\261\211y\355]\0228j\360\0224\003\021%\014""; nodeIDs: ""\000\000\000\000\000\000\000\000\000\000\000\000\000\000\000\000\000\000\000\000\000\000\000\000\000\000\000\000\000\000\000\000\000""; queryType: qtINDIRECT; queryDepth: 3; ","itype: liTS_CANDIDATE; ledgerHash: ""8h\232\211g)\354\005\246\256XI\265J\214\312}\261\211y\355]\0228j\360\0224\003\021%\014""; nodeIDs: ""\000\000\000\000\000\000\000\000\000\000\000\000\000\000\000\000\000\000\000\000\000\000\000\000\000\000\000\000\000\000\000\000\000""; queryType: qtINDIRECT; queryDepth: 3; "
1750587269601,1750587269601,1467,1,4,2,TMGetLedger,"itype: liTS_CANDIDATE; ledgerHash: ""8h\232\211g)\354\005\246\256XI\265J\214\312}\261\211y\355]\0228j\360\0224\003\021%\014""; nodeIDs: ""\000\000\000\000\000\000\000\000\000\000\000\000\000\000\000\000\000\000\000\000\000\000\000\000\000\000\000\000\000\000\000\000\000""; queryType: qtINDIRECT; queryDepth: 3; ","itype: liTS_CANDIDATE; ledgerHash: ""8h\232\211g)\354\005\246\256XI\265J\214\312}\261\211y\355]\0228j\360\0224\003\021%\014""; nodeIDs: ""\000\000\000\000\000\000\000\000\000\000\000\000\000\000\000\000\000\000\000\000\000\000\000\000\000\000\000\000\000\000\000\000\000""; queryType: qtINDIRECT; queryDepth: 3; "
1750587269601,1750587269601,557,1,4,1,TMGetLedger,"itype: liTS_CANDIDATE; ledgerHash: ""8h\232\211g)\354\005\246\256XI\265J\214\312}\261\211y\355]\0228j\360\0224\003\021%\014""; nodeIDs: ""\000\000\000\000\000\000\000\000\000\000\000\000\000\000\000\000\000\000\000\000\000\000\000\000\000\000\000\000\000\000\000\000\000""; queryType: qtINDIRECT; queryDepth: 3; ","itype: liTS_CANDIDATE; ledgerHash: ""8h\232\211g)\354\005\246\256XI\265J\214\312}\261\211y\355]\0228j\360\0224\003\021%\014""; nodeIDs: ""\000\000\000\000\000\000\000\000\000\000\000\000\000\000\000\000\000\000\000\000\000\000\000\000\000\000\000\000\000\000\000\000\000""; queryType: qtINDIRECT; queryDepth: 3; "
1750587269601,1750587269601,3914,1,4,3,TMGetLedger,"itype: liTS_CANDIDATE; ledgerHash: ""8h\232\211g)\354\005\246\256XI\265J\214\312}\261\211y\355]\0228j\360\0224\003\021%\014""; nodeIDs: ""\000\000\000\000\000\000\000\000\000\000\000\000\000\000\000\000\000\000\000\000\000\000\000\000\000\000\000\000\000\000\000\000\000""; queryType: qtINDIRECT; queryDepth: 3; ","itype: liTS_CANDIDATE; ledgerHash: ""8h\232\211g)\354\005\246\256XI\265J\214\312}\261\211y\355]\0228j\360\0224\003\021%\014""; nodeIDs: ""\000\000\000\000\000\000\000\000\000\000\000\000\000\000\000\000\000\000\000\000\000\000\000\000\000\000\000\000\000\000\000\000\000""; queryType: qtINDIRECT; queryDepth: 3; "
1750587269603,1750587269603,393,1,0,1,TMGetLedger,"itype: liTS_CANDIDATE; ledgerHash: ""8h\232\211g)\354\005\246\256XI\265J\214\312}\261\211y\355]\0228j\360\0224\003\021%\014""; nodeIDs: ""\000\000\000\000\000\000\000\000\000\000\000\000\000\000\000\000\000\000\000\000\000\000\000\000\000\000\000\000\000\000\000\000\000""; queryType: qtINDIRECT; queryDepth: 3; ","itype: liTS_CANDIDATE; ledgerHash: ""8h\232\211g)\354\005\246\256XI\265J\214\312}\261\211y\355]\0228j\360\0224\003\021%\014""; nodeIDs: ""\000\000\000\000\000\000\000\000\000\000\000\000\000\000\000\000\000\000\000\000\000\000\000\000\000\000\000\000\000\000\000\000\000""; queryType: qtINDIRECT; queryDepth: 3; "
1750587269604,1750587269604,3414,1,0,2,TMGetLedger,"itype: liTS_CANDIDATE; ledgerHash: ""8h\232\211g)\354\005\246\256XI\265J\214\312}\261\211y\355]\0228j\360\0224\003\021%\014""; nodeIDs: ""\000\000\000\000\000\000\000\000\000\000\000\000\000\000\000\000\000\000\000\000\000\000\000\000\000\000\000\000\000\000\000\000\000""; queryType: qtINDIRECT; queryDepth: 3; ","itype: liTS_CANDIDATE; ledgerHash: ""8h\232\211g)\354\005\246\256XI\265J\214\312}\261\211y\355]\0228j\360\0224\003\021%\014""; nodeIDs: ""\000\000\000\000\000\000\000\000\000\000\000\000\000\000\000\000\000\000\000\000\000\000\000\000\000\000\000\000\000\000\000\000\000""; queryType: qtINDIRECT; queryDepth: 3; "
1750587269604,1750587269604,1764,1,0,3,TMGetLedger,"itype: liTS_CANDIDATE; ledgerHash: ""8h\232\211g)\354\005\246\256XI\265J\214\312}\261\211y\355]\0228j\360\0224\003\021%\014""; nodeIDs: ""\000\000\000\000\000\000\000\000\000\000\000\000\000\000\000\000\000\000\000\000\000\000\000\000\000\000\000\000\000\000\000\000\000""; queryType: qtINDIRECT; queryDepth: 3; ","itype: liTS_CANDIDATE; ledgerHash: ""8h\232\211g)\354\005\246\256XI\265J\214\312}\261\211y\355]\0228j\360\0224\003\021%\014""; nodeIDs: ""\000\000\000\000\000\000\000\000\000\000\000\000\000\000\000\000\000\000\000\000\000\000\000\000\000\000\000\000\000\000\000\000\000""; queryType: qtINDIRECT; queryDepth: 3; "
1750587269604,1750587269604,1466,1,0,4,TMGetLedger,"itype: liTS_CANDIDATE; ledgerHash: ""8h\232\211g)\354\005\246\256XI\265J\214\312}\261\211y\355]\0228j\360\0224\003\021%\014""; nodeIDs: ""\000\000\000\000\000\000\000\000\000\000\000\000\000\000\000\000\000\000\000\000\000\000\000\000\000\000\000\000\000\000\000\000\000""; queryType: qtINDIRECT; queryDepth: 3; ","itype: liTS_CANDIDATE; ledgerHash: ""8h\232\211g)\354\005\246\256XI\265J\214\312}\261\211y\355]\0228j\360\0224\003\021%\014""; nodeIDs: ""\000\000\000\000\000\000\000\000\000\000\000\000\000\000\000\000\000\000\000\000\000\000\000\000\000\000\000\000\000\000\000\000\000""; queryType: qtINDIRECT; queryDepth: 3; "
1750587269612,1750587269612,3414,1,0,2,TMGetLedger,"itype: liTS_CANDIDATE; ledgerHash: ""u\315\243\367\211\2625\240r:n\277\003\026\366\353'\216jy9\\001\220\223~\341j\254O\025\257""; nodeIDs: ""\240\000\000\000\000\000\000\000\000\000\000\000\000\000\000\000\000\000\000\000\000\000\000\000\000\000\000\000\000\000\000\000\001""; queryType: qtINDIRECT; ","itype: liTS_CANDIDATE; ledgerHash: ""u\315\243\367\211\2625\240r:n\277\003\026\366\353'\216jy9\\001\220\223~\341j\254O\025\257""; nodeIDs: ""\240\000\000\000\000\000\000\000\000\000\000\000\000\000\000\000\000\000\000\000\000\000\000\000\000\000\000\000\000\000\000\000\001""; queryType: qtINDIRECT; "
1750587269612,1750587269612,393,1,0,1,TMGetLedger,"itype: liTS_CANDIDATE; ledgerHash: ""u\315\243\367\211\2625\240r:n\277\003\026\366\353'\216jy9\\001\220\223~\341j\254O\025\257""; nodeIDs: ""\240\000\000\000\000\000\000\000\000\000\000\000\000\000\000\000\000\000\000\000\000\000\000\000\000\000\000\000\000\000\000\000\001""; queryType: qtINDIRECT; ","itype: liTS_CANDIDATE; ledgerHash: ""u\315\243\367\211\2625\240r:n\277\003\026\366\353'\216jy9\\001\220\223~\341j\254O\025\257""; nodeIDs: ""\240\000\000\000\000\000\000\000\000\000\000\000\000\000\000\000\000\000\000\000\000\000\000\000\000\000\000\000\000\000\000\000\001""; queryType: qtINDIRECT; "
1750587269613,1750587269613,1466,1,0,4,TMGetLedger,"itype: liTS_CANDIDATE; ledgerHash: ""u\315\243\367\211\2625\240r:n\277\003\026\366\353'\216jy9\\001\220\223~\341j\254O\025\257""; nodeIDs: ""\240\000\000\000\000\000\000\000\000\000\000\000\000\000\000\000\000\000\000\000\000\000\000\000\000\000\000\000\000\000\000\000\001""; queryType: qtINDIRECT; ","itype: liTS_CANDIDATE; ledgerHash: ""u\315\243\367\211\2625\240r:n\277\003\026\366\353'\216jy9\\001\220\223~\341j\254O\025\257""; nodeIDs: ""\240\000\000\000\000\000\000\000\000\000\000\000\000\000\000\000\000\000\000\000\000\000\000\000\000\000\000\000\000\000\000\000\001""; queryType: qtINDIRECT; "
1750587269623,1750587269623,557,1,4,1,TMGetLedger,"itype: liTS_CANDIDATE; ledgerHash: ""u\315\243\367\211\2625\240r:n\277\003\026\366\353'\216jy9\\001\220\223~\341j\254O\025\257""; nodeIDs: ""\000\000\000\000\000\000\000\000\000\000\000\000\000\000\000\000\000\000\000\000\000\000\000\000\000\000\000\000\000\000\000\000\000""; requestCookie: 4; queryType: qtINDIRECT; queryDepth: 3; ","itype: liTS_CANDIDATE; ledgerHash: ""u\315\243\367\211\2625\240r:n\277\003\026\366\353'\216jy9\\001\220\223~\341j\254O\025\257""; nodeIDs: ""\000\000\000\000\000\000\000\000\000\000\000\000\000\000\000\000\000\000\000\000\000\000\000\000\000\000\000\000\000\000\000\000\000""; requestCookie: 4; queryType: qtINDIRECT; queryDepth: 3; "
1750587269626,1750587269626,2565,1,3,0,TMLedgerData,"ledgerHash: ""u\315\243\367\211\2625\240r:n\277\003\026\366\353'\216jy9\\001\220\223~\341j\254O\025\257""; ledgerSeq: 0; type: liTS_CANDIDATE; nodes {;   nodedata: ""\246C\232\272\013^\241\340~\030'\005/\234\037\355\231\230\017\266\365\303w\360\273\374\234\362S:\270\023\n\003"";   nodeid: ""\000\000\000\000\000\000\000\000\000\000\000\000\000\000\000\000\000\000\000\000\000\000\000\000\000\000\000\000\000\000\000\000\000""; }; ","ledgerHash: ""u\315\243\367\211\2625\240r:n\277\003\026\366\353'\216jy9\\001\220\223~\341j\254O\025\257""; ledgerSeq: 0; type: liTS_CANDIDATE; nodes {;   nodedata: ""\246C\232\272\013^\241\340~\030'\005/\234\037\355\231\230\017\266\365\303w\360\273\374\234\362S:\270\023\n\003"";   nodeid: ""\000\000\000\000\000\000\000\000\000\000\000\000\000\000\000\000\000\000\000\000\000\000\000\000\000\000\000\000\000\000\000\000\000""; }; "
1750587269637,1750587269637,2715,1,1,4,TMLedgerData,"ledgerHash: ""u\315\243\367\211\2625\240r:n\277\003\026\366\353'\216jy9\\001\220\223~\341j\254O\025\257""; ledgerSeq: 0; type: liTS_CANDIDATE; nodes {;   nodedata: ""\246C\232\272\013^\241\340~\030'\005/\234\037\355\231\230\017\266\365\303w\360\273\374\234\362S:\270\023\n\003"";   nodeid: ""\000\000\000\000\000\000\000\000\000\000\000\000\000\000\000\000\000\000\000\000\000\000\000\000\000\000\000\000\000\000\000\000\000""; }; requestCookie: 1; ","ledgerHash: ""u\315\243\367\211\2625\240r:n\277\003\026\366\353'\216jy9\\001\220\223~\341j\254O\025\257""; ledgerSeq: 0; type: liTS_CANDIDATE; nodes {;   nodedata: ""\246C\232\272\013^\241\340~\030'\005/\234\037\355\231\230\017\266\365\303w\360\273\374\234\362S:\270\023\n\003"";   nodeid: ""\000\000\000\000\000\000\000\000\000\000\000\000\000\000\000\000\000\000\000\000\000\000\000\000\000\000\000\000\000\000\000\000\000""; }; requestCookie: 1; "
1750587269639,1750587269639,1764,1,0,3,TMGetLedger,"itype: liTS_CANDIDATE; ledgerHash: ""u\315\243\367\211\2625\240r:n\277\003\026\366\353'\216jy9\\001\220\223~\341j\254O\025\257""; nodeIDs: ""\240\000\000\000\000\000\000\000\000\000\000\000\000\000\000\000\000\000\000\000\000\000\000\000\000\000\000\000\000\000\000\000\001""; queryType: qtINDIRECT; ","itype: liTS_CANDIDATE; ledgerHash: ""u\315\243\367\211\2625\240r:n\277\003\026\366\353'\216jy9\\001\220\223~\341j\254O\025\257""; nodeIDs: ""\240\000\000\000\000\000\000\000\000\000\000\000\000\000\000\000\000\000\000\000\000\000\000\000\000\000\000\000\000\000\000\000\001""; queryType: qtINDIRECT; "
1750587269640,1750587269640,792,1,0,4,TMValidation,"validation: """"\200\000\000\001&\000\000\000\004)/\352\224\001:\211l\014`\252m\212dQ\241'\332/+\360Bx\036+\210j\237K%\340]\246E\2434\264K\036\030qP\317\315\336\325\007P\027\000\000\000\000\000\000\000\000\000\000\000\000\000\000\000\000\000\000\000\000\000\000\000\000\000\000\000\000\000\000\000\000P\031T\270\242(,&\233\326\374o\306[\235\317>\021e\005s\261\371l\216\017\003\032\017J\217\244W<s!\003\325Q\255\224\274R@\312\253\262\347\352\034\346\347\242\215,\312\376=\277\353{\350\225\301\305`^, vG0E\002!\000\346\246\323\357, t+\031=\312H>\220\023\373\325\340fO \177e\302b|\246\003V\021\030\006\002 \000\232,\262\353\331\326\355'\310\362^-#l\215\323i\201\217n2\250\245R>b\266#\376\234M""; ","validation: """"\200\000\000\001&\000\000\000\004)/\352\224\001:\211l\014`\252m\212dQ\241'\332/+\360Bx\036+\210j\237K%\340]\246E\2434\264K\036\030qP\317\315\336\325\007P\027\000\000\000\000\000\000\000\000\000\000\000\000\000\000\000\000\000\000\000\000\000\000\000\000\000\000\000\000\000\000\000\000P\031T\270\242(,&\233\326\374o\306[\235\317>\021e\005s\261\371l\216\017\003\032\017J\217\244W<s!\003\325Q\255\224\274R@\312\253\262\347\352\034\346\347\242\215,\312\376=\277\353{\350\225\301\305`^, vG0E\002!\000\346\246\323\357, t+\031=\312H>\220\023\373\325\340fO \177e\302b|\246\003V\021\030\006\002 \000\232,\262\353\331\326\355'\310\362^-#l\215\323i\201\217n2\250\245R>b\266#\376\234M""; "
1750587269641,1750587269641,3563,1,0,2,TMValidation,"validation: """"\200\000\000\001&\000\000\000\004)/\352\224\001:\211l\014`\252m\212dQ\241'\332/+\360Bx\036+\210j\237K%\340]\246E\2434\264K\036\030qP\317\315\336\325\007P\027\000\000\000\000\000\000\000\000\000\000\000\000\000\000\000\000\000\000\000\000\000\000\000\000\000\000\000\000\000\000\000\000P\031T\270\242(,&\233\326\374o\306[\235\317>\021e\005s\261\371l\216\017\003\032\017J\217\244W<s!\003\325Q\255\224\274R@\312\253\262\347\352\034\346\347\242\215,\312\376=\277\353{\350\225\301\305`^, vG0E\002!\000\346\246\323\357, t+\031=\312H>\220\023\373\325\340fO \177e\302b|\246\003V\021\030\006\002 \000\232,\262\353\331\326\355'\310\362^-#l\215\323i\201\217n2\250\245R>b\266#\376\234M""; ","validation: """"\200\000\000\001&\000\000\000\004)/\352\224\001:\211l\014`\252m\212dQ\241'\332/+\360Bx\036+\210j\237K%\340]\246E\2434\264K\036\030qP\317\315\336\325\007P\027\000\000\000\000\000\000\000\000\000\000\000\000\000\000\000\000\000\000\000\000\000\000\000\000\000\000\000\000\000\000\000\000P\031T\270\242(,&\233\326\374o\306[\235\317>\021e\005s\261\371l\216\017\003\032\017J\217\244W<s!\003\325Q\255\224\274R@\312\253\262\347\352\034\346\347\242\215,\312\376=\277\353{\350\225\301\305`^, vG0E\002!\000\346\246\323\357, t+\031=\312H>\220\023\373\325\340fO \177e\302b|\246\003V\021\030\006\002 \000\232,\262\353\331\326\355'\310\362^-#l\215\323i\201\217n2\250\245R>b\266#\376\234M""; "
1750587269640,1750587269641,2684,1,0,1,TMValidation,"validation: """"\200\000\000\001&\000\000\000\004)/\352\224\001:\211l\014`\252m\212dQ\241'\332/+\360Bx\036+\210j\237K%\340]\246E\2434\264K\036\030qP\317\315\336\325\007P\027\000\000\000\000\000\000\000\000\000\000\000\000\000\000\000\000\000\000\000\000\000\000\000\000\000\000\000\000\000\000\000\000P\031T\270\242(,&\233\326\374o\306[\235\317>\021e\005s\261\371l\216\017\003\032\017J\217\244W<s!\003\325Q\255\224\274R@\312\253\262\347\352\034\346\347\242\215,\312\376=\277\353{\350\225\301\305`^, vG0E\002!\000\346\246\323\357, t+\031=\312H>\220\023\373\325\340fO \177e\302b|\246\003V\021\030\006\002 \000\232,\262\353\331\326\355'\310\362^-#l\215\323i\201\217n2\250\245R>b\266#\376\234M""; ","validation: """"\200\000\000\001&\000\000\000\004)/\352\224\001:\211l\014`\252m\212dQ\241'\332/+\360Bx\036+\210j\237K%\340]\246E\2434\264K\036\030qP\317\315\336\325\007P\027\000\000\000\000\000\000\000\000\000\000\000\000\000\000\000\000\000\000\000\000\000\000\000\000\000\000\000\000\000\000\000\000P\031T\270\242(,&\233\326\374o\306[\235\317>\021e\005s\261\371l\216\017\003\032\017J\217\244W<s!\003\325Q\255\224\274R@\312\253\262\347\352\034\346\347\242\215,\312\376=\277\353{\350\225\301\305`^, vG0E\002!\000\346\246\323\357, t+\031=\312H>\220\023\373\325\340fO \177e\302b|\246\003V\021\030\006\002 \000\232,\262\353\331\326\355'\310\362^-#l\215\323i\201\217n2\250\245R>b\266#\376\234M""; "
1750587269643,1750587269643,393,1,0,1,TMGetLedger,"itype: liTS_CANDIDATE; ledgerHash: ""u\315\243\367\211\2625\240r:n\277\003\026\366\353'\216jy9\\001\220\223~\341j\254O\025\257""; nodeIDs: ""\000\000\000\000\000\000\000\000\000\000\000\000\000\000\000\000\000\000\000\000\000\000\000\000\000\000\000\000\000\000\000\000\000""; requestCookie: 4; queryType: qtINDIRECT; queryDepth: 3; ","itype: liTS_CANDIDATE; ledgerHash: ""u\315\243\367\211\2625\240r:n\277\003\026\366\353'\216jy9\\001\220\223~\341j\254O\025\257""; nodeIDs: ""\000\000\000\000\000\000\000\000\000\000\000\000\000\000\000\000\000\000\000\000\000\000\000\000\000\000\000\000\000\000\000\000\000""; requestCookie: 4; queryType: qtINDIRECT; queryDepth: 3; "
1750587269648,1750587269648,1399,1,1,3,TMLedgerData,"ledgerHash: ""u\315\243\367\211\2625\240r:n\277\003\026\366\353'\216jy9\\001\220\223~\341j\254O\025\257""; ledgerSeq: 0; type: liTS_CANDIDATE; nodes {;   nodedata: ""\246C\232\272\013^\241\340~\030'\005/\234\037\355\231\230\017\266\365\303w\360\273\374\234\362S:\270\023\n\003"";   nodeid: ""\000\000\000\000\000\000\000\000\000\000\000\000\000\000\000\000\000\000\000\000\000\000\000\000\000\000\000\000\000\000\000\000\000""; }; ","ledgerHash: ""u\315\243\367\211\2625\240r:n\277\003\026\366\353'\216jy9\\001\220\223~\341j\254O\025\257""; ledgerSeq: 0; type: liTS_CANDIDATE; nodes {;   nodedata: ""\246C\232\272\013^\241\340~\030'\005/\234\037\355\231\230\017\266\365\303w\360\273\374\234\362S:\270\023\n\003"";   nodeid: ""\000\000\000\000\000\000\000\000\000\000\000\000\000\000\000\000\000\000\000\000\000\000\000\000\000\000\000\000\000\000\000\000\000""; }; "
1750587269661,1750587269661,393,1,0,1,TMGetLedger,"itype: liTS_CANDIDATE; ledgerHash: ""u\315\243\367\211\2625\240r:n\277\003\026\366\353'\216jy9\\001\220\223~\341j\254O\025\257""; nodeIDs: ""\240\000\000\000\000\000\000\000\000\000\000\000\000\000\000\000\000\000\000\000\000\000\000\000\000\000\000\000\000\000\000\000\001""; queryType: qtINDIRECT; ","itype: liTS_CANDIDATE; ledgerHash: ""u\315\243\367\211\2625\240r:n\277\003\026\366\353'\216jy9\\001\220\223~\341j\254O\025\257""; nodeIDs: ""\240\000\000\000\000\000\000\000\000\000\000\000\000\000\000\000\000\000\000\000\000\000\000\000\000\000\000\000\000\000\000\000\001""; queryType: qtINDIRECT; "
1750587269685,1750587269685,1582,1,2,0,TMGetLedger,"itype: liTS_CANDIDATE; ledgerHash: ""8h\232\211g)\354\005\246\256XI\265J\214\312}\261\211y\355]\0228j\360\0224\003\021%\014""; nodeIDs: ""\000\000\000\000\000\000\000\000\000\000\000\000\000\000\000\000\000\000\000\000\000\000\000\000\000\000\000\000\000\000\000\000\000""; queryType: qtINDIRECT; queryDepth: 3; ","itype: liTS_CANDIDATE; ledgerHash: ""8h\232\211g)\354\005\246\256XI\265J\214\312}\261\211y\355]\0228j\360\0224\003\021%\014""; nodeIDs: ""\000\000\000\000\000\000\000\000\000\000\000\000\000\000\000\000\000\000\000\000\000\000\000\000\000\000\000\000\000\000\000\000\000""; queryType: qtINDIRECT; queryDepth: 3; "
1750587269690,1750587269690,2472,1,1,2,TMLedgerData,"ledgerHash: ""u\315\243\367\211\2625\240r:n\277\003\026\366\353'\216jy9\\001\220\223~\341j\254O\025\257""; ledgerSeq: 0; type: liTS_CANDIDATE; nodes {;   nodedata: ""\246C\232\272\013^\241\340~\030'\005/\234\037\355\231\230\017\266\365\303w\360\273\374\234\362S:\270\023\n\003"";   nodeid: ""\000\000\000\000\000\000\000\000\000\000\000\000\000\000\000\000\000\000\000\000\000\000\000\000\000\000\000\000\000\000\000\000\000""; }; requestCookie: 4; ","ledgerHash: ""u\315\243\367\211\2625\240r:n\277\003\026\366\353'\216jy9\\001\220\223~\341j\254O\025\257""; ledgerSeq: 0; type: liTS_CANDIDATE; nodes {;   nodedata: ""\246C\232\272\013^\241\340~\030'\005/\234\037\355\231\230\017\266\365\303w\360\273\374\234\362S:\270\023\n\003"";   nodeid: ""\000\000\000\000\000\000\000\000\000\000\000\000\000\000\000\000\000\000\000\000\000\000\000\000\000\000\000\000\000\000\000\000\000""; }; requestCookie: 4; "
1750587269741,1750587269741,2792,1,4,2,TMLedgerData,"ledgerHash: ""\372\373$P*|\321\342\002\026\n\3215\340\3203\200x\327D\301]5\237\247Yz\3711!L\214""; ledgerSeq: 5; type: liBASE; nodes {;   nodedata: ""\000\000\000\005\001cEx]\212\000\000\241'\332/+\360Bx\036+\210j\237K%\340]\246E\2434\264K\036\030qP\317\315\336\325\007\000\000\000\000\000\000\000\000\000\000\000\000\000\000\000\000\000\000\000\000\000\000\000\000\000\000\000\000\000\000\000\000`\314E\345\274\262t\247\026\262\034+o5\305\346\027G~\333\026l\257|t\323mid\302\226-/\352\223\375/\352\224\006\n\000""; }; nodes {;   nodedata: ""\303\016\021\310<Z\337\266>\225@&n\022\246\274\353\220\345b3\035\313\350L\354\254\002\005\305\035\017\002E\344\037@\210\363\010\336T\226\247'\204_{\261\370""1\235\2445\343\033Y!\212\201\341\272\225'\007\216\374\007Stj/$R\017@\032\350\327\373\007\365\300zp\377_\034\325\212\203\333k\273\230\031\217\013\003""; }; ","ledgerHash: ""\372\373$P*|\321\342\002\026\n\3215\340\3203\200x\327D\301]5\237\247Yz\3711!L\214""; ledgerSeq: 5; type: liBASE; nodes {;   nodedata: ""\000\000\000\005\001cEx]\212\000\000\241'\332/+\360Bx\036+\210j\237K%\340]\246E\2434\264K\036\030qP\317\315\336\325\007\000\000\000\000\000\000\000\000\000\000\000\000\000\000\000\000\000\000\000\000\000\000\000\000\000\000\000\000\000\000\000\000`\314E\345\274\262t\247\026\262\034+o5\305\346\027G~\333\026l\257|t\323mid\302\226-/\352\223\375/\352\224\006\n\000""; }; nodes {;   nodedata: ""\303\016\021\310<Z\337\266>\225@&n\022\246\274\353\220\345b3\035\313\350L\354\254\002\005\305\035\017\002E\344\037@\210\363\010\336T\226\247'\204_{\261\370""1\235\2445\343\033Y!\212\201\341\272\225'\007\216\374\007Stj/$R\017@\032\350\327\373\007\365\300zp\377_\034\325\212\203\333k\273\230\031\217\013\003""; }; "
1750587269742,1750587269742,2792,1,4,2,TMLedgerData,"ledgerHash: ""\372\373$P*|\321\342\002\026\n\3215\340\3203\200x\327D\301]5\237\247Yz\3711!L\214""; ledgerSeq: 5; type: liBASE; nodes {;   nodedata: ""\000\000\000\005\001cEx]\212\000\000\241'\332/+\360Bx\036+\210j\237K%\340]\246E\2434\264K\036\030qP\317\315\336\325\007\000\000\000\000\000\000\000\000\000\000\000\000\000\000\000\000\000\000\000\000\000\000\000\000\000\000\000\000\000\000\000\000`\314E\345\274\262t\247\026\262\034+o5\305\346\027G~\333\026l\257|t\323mid\302\226-/\352\223\375/\352\224\006\n\000""; }; nodes {;   nodedata: ""\303\016\021\310<Z\337\266>\225@&n\022\246\274\353\220\345b3\035\313\350L\354\254\002\005\305\035\017\002E\344\037@\210\363\010\336T\226\247'\204_{\261\370""1\235\2445\343\033Y!\212\201\341\272\225'\007\216\374\007Stj/$R\017@\032\350\327\373\007\365\300zp\377_\034\325\212\203\333k\273\230\031\217\013\003""; }; ","ledgerHash: ""\372\373$P*|\321\342\002\026\n\3215\340\3203\200x\327D\301]5\237\247Yz\3711!L\214""; ledgerSeq: 5; type: liBASE; nodes {;   nodedata: ""\000\000\000\005\001cEx]\212\000\000\241'\332/+\360Bx\036+\210j\237K%\340]\246E\2434\264K\036\030qP\317\315\336\325\007\000\000\000\000\000\000\000\000\000\000\000\000\000\000\000\000\000\000\000\000\000\000\000\000\000\000\000\000\000\000\000\000`\314E\345\274\262t\247\026\262\034+o5\305\346\027G~\333\026l\257|t\323mid\302\226-/\352\223\375/\352\224\006\n\000""; }; nodes {;   nodedata: ""\303\016\021\310<Z\337\266>\225@&n\022\246\274\353\220\345b3\035\313\350L\354\254\002\005\305\035\017\002E\344\037@\210\363\010\336T\226\247'\204_{\261\370""1\235\2445\343\033Y!\212\201\341\272\225'\007\216\374\007Stj/$R\017@\032\350\327\373\007\365\300zp\377_\034\325\212\203\333k\273\230\031\217\013\003""; }; "
1750587269748,1750587269748,2655,1,1,0,TMLedgerData,"ledgerHash: ""8h\232\211g)\354\005\246\256XI\265J\214\312}\261\211y\355]\0228j\360\0224\003\021%\014""; ledgerSeq: 0; type: liTS_CANDIDATE; nodes {;   nodedata: ""\222c\273c4\225\334\221\227u?\025\314=\305/\262\367\217\375\027j\323\304\372\312Fv\2716\001\355\t\246C\232\272\013^\241\340~\030'\005/\234\037\355\231\230\017\266\365\303w\360\273\374\234\362S:\270\023\n\270\212\275\306\204\271\274\361K|t\323\346\2174\324\362\014S]\301\325\344rY\277\343\351\364\374\023\263\013\003"";   nodeid: ""\000\000\000\000\000\000\000\000\000\000\000\000\000\000\000\000\000\000\000\000\000\000\000\000\000\000\000\000\000\000\000\000\000""; }; ","ledgerHash: ""8h\232\211g)\354\005\246\256XI\265J\214\312}\261\211y\355]\0228j\360\0224\003\021%\014""; ledgerSeq: 0; type: liTS_CANDIDATE; nodes {;   nodedata: ""\222c\273c4\225\334\221\227u?\025\314=\305/\262\367\217\375\027j\323\304\372\312Fv\2716\001\355\t\246C\232\272\013^\241\340~\030'\005/\234\037\355\231\230\017\266\365\303w\360\273\374\234\362S:\270\023\n\270\212\275\306\204\271\274\361K|t\323\346\2174\324\362\014S]\301\325\344rY\277\343\351\364\374\023\263\013\003"";   nodeid: ""\000\000\000\000\000\000\000\000\000\000\000\000\000\000\000\000\000\000\000\000\000\000\000\000\000\000\000\000\000\000\000\000\000""; }; "
1750587269751,1750587269751,3682,1,4,0,TMHaveTransactionSet,"status: tsHAVE; hash: ""8h\232\211g)\354\005\246\256XI\265J\214\312}\261\211y\355]\0228j\360\0224\003\021%\014""; ","status: tsHAVE; hash: ""8h\232\211g)\354\005\246\256XI\265J\214\312}\261\211y\355]\0228j\360\0224\003\021%\014""; "
1750587269752,1750587269753,1110,1,4,0,TMProposeSet,"proposeSeq: 0; currentTxHash: ""8h\232\211g)\354\005\246\256XI\265J\214\312}\261\211y\355]\0228j\360\0224\003\021%\014""; nodePubKey: ""\003.\200\224\215?)t\306\315\242\313\251\255\302\204=\232.\271%}\013\024s\024\002@\216l""\241F""; closeTime: 803902469; signature: ""0E\002!\000\273\032\007\372\0073\334\361\226]\271\354|\230\372\304\003\266\370\027Z\242Czd\302\375\371\344\267>d\002 F\013\346s.$\346E\3551\302\371\367\254\222\203\331\330\315c\331\256[\377\032A\264\226\333\212\033\307""; previousledger: ""\372\373$P*|\321\342\002\026\n\3215\340\3203\200x\327D\301]5\237\247Yz\3711!L\214""; ","proposeSeq: 0; currentTxHash: ""8h\232\211g)\354\005\246\256XI\265J\214\312}\261\211y\355]\0228j\360\0224\003\021%\014""; nodePubKey: ""\003.\200\224\215?)t\306\315\242\313\251\255\302\204=\232.\271%}\013\024s\024\002@\216l""\241F""; closeTime: 803902469; signature: ""0E\002!\000\273\032\007\372\0073\334\361\226]\271\354|\230\372\304\003\266\370\027Z\242Czd\302\375\371\344\267>d\002 F\013\346s.$\346E\3551\302\371\367\254\222\203\331\330\315c\331\256[\377\032A\264\226\333\212\033\307""; previousledger: ""\372\373$P*|\321\342\002\026\n\3215\340\3203\200x\327D\301]5\237\247Yz\3711!L\214""; "
1750587269758,1750587269758,2655,1,1,0,TMLedgerData,"ledgerHash: ""u\315\243\367\211\2625\240r:n\277\003\026\366\353'\216jy9\\001\220\223~\341j\254O\025\257""; ledgerSeq: 0; type: liTS_CANDIDATE; nodes {;   nodedata: ""\022\000\000""\000\000\000\000$\000\000\000\001 \033\000\000\000\027a@\000\000\027H\206*@h@\000\000\000\000\000\000\ns!\0030\347\374\235V\273%\326\211;\243\363\027\256[\3173\263)\033\326=\263&T\243\023""/\177\320 tF0D\002 0\023\341\332; \2711\245\020\321\3300\345\267-)\230\177\246\236AQ\327\203\207H\226+\000%\336\002 \024\036\211\237\201t\376\272E\270\230\020\334\014\356g\273\025((\376\266\216@ \254^2T\233\013\034\201\024\265\367by\212S\325C\240\024\312\370\262\227\317\370\362\3717\350\203\024E0\246\210\344\325\345r\024T\251\006P\255\352\333\372\351\337\302\000"";   nodeid: ""\240\000\000\000\000\000\000\000\000\000\000\000\000\000\000\000\000\000\000\000\000\000\000\000\000\000\000\000\000\000\000\000\001""; }; ","ledgerHash: ""u\315\243\367\211\2625\240r:n\277\003\026\366\353'\216jy9\\001\220\223~\341j\254O\025\257""; ledgerSeq: 0; type: liTS_CANDIDATE; nodes {;   nodedata: ""\022\000\000""\000\000\000\000$\000\000\000\001 \033\000\000\000\027a@\000\000\027H\206*@h@\000\000\000\000\000\000\ns!\0030\347\374\235V\273%\326\211;\243\363\027\256[\3173\263)\033\326=\263&T\243\023""/\177\320 tF0D\002 0\023\341\332; \2711\245\020\321\3300\345\267-)\230\177\246\236AQ\327\203\207H\226+\000%\336\002 \024\036\211\237\201t\376\272E\270\230\020\334\014\356g\273\025((\376\266\216@ \254^2T\233\013\034\201\024\265\367by\212S\325C\240\024\312\370\262\227\317\370\362\3717\350\203\024E0\246\210\344\325\345r\024T\251\006P\255\352\333\372\351\337\302\000"";   nodeid: ""\240\000\000\000\000\000\000\000\000\000\000\000\000\000\000\000\000\000\000\000\000\000\000\000\000\000\000\000\000\000\000\000\001""; }; "
1750587269774,1750587269774,342,1,2,1,TMGetLedger,"itype: liTS_CANDIDATE; ledgerHash: ""u\315\243\367\211\2625\240r:n\277\003\026\366\353'\216jy9\\001\220\223~\341j\254O\025\257""; nodeIDs: ""\000\000\000\000\000\000\000\000\000\000\000\000\000\000\000\000\000\000\000\000\000\000\000\000\000\000\000\000\000\000\000\000\000""; requestCookie: 2; queryType: qtINDIRECT; queryDepth: 3; ","itype: liTS_CANDIDATE; ledgerHash: ""u\315\243\367\211\2625\240r:n\277\003\026\366\353'\216jy9\\001\220\223~\341j\254O\025\257""; nodeIDs: ""\000\000\000\000\000\000\000\000\000\000\000\000\000\000\000\000\000\000\000\000\000\000\000\000\000\000\000\000\000\000\000\000\000""; requestCookie: 2; queryType: qtINDIRECT; queryDepth: 3; "
1750587269779,1750587269779,2472,1,1,2,TMLedgerData,"ledgerHash: ""8h\232\211g)\354\005\246\256XI\265J\214\312}\261\211y\355]\0228j\360\0224\003\021%\014""; ledgerSeq: 0; type: liTS_CANDIDATE; nodes {;   nodedata: ""\222c\273c4\225\334\221\227u?\025\314=\305/\262\367\217\375\027j\323\304\372\312Fv\2716\001\355\t\246C\232\272\013^\241\340~\030'\005/\234\037\355\231\230\017\266\365\303w\360\273\374\234\362S:\270\023\n\270\212\275\306\204\271\274\361K|t\323\346\2174\324\362\014S]\301\325\344rY\277\343\351\364\374\023\263\013\003"";   nodeid: ""\000\000\000\000\000\000\000\000\000\000\000\000\000\000\000\000\000\000\000\000\000\000\000\000\000\000\000\000\000\000\000\000\000""; }; ","ledgerHash: ""8h\232\211g)\354\005\246\256XI\265J\214\312}\261\211y\355]\0228j\360\0224\003\021%\014""; ledgerSeq: 0; type: liTS_CANDIDATE; nodes {;   nodedata: ""\222c\273c4\225\334\221\227u?\025\314=\305/\262\367\217\375\027j\323\304\372\312Fv\2716\001\355\t\246C\232\272\013^\241\340~\030'\005/\234\037\355\231\230\017\266\365\303w\360\273\374\234\362S:\270\023\n\270\212\275\306\204\271\274\361K|t\323\346\2174\324\362\014S]\301\325\344rY\277\343\351\364\374\023\263\013\003"";   nodeid: ""\000\000\000\000\000\000\000\000\000\000\000\000\000\000\000\000\000\000\000\000\000\000\000\000\000\000\000\000\000\000\000\000\000""; }; "
1750587269782,1750587269782,3614,1,4,2,TMProposeSet,"proposeSeq: 0; currentTxHash: ""8h\232\211g)\354\005\246\256XI\265J\214\312}\261\211y\355]\0228j\360\0224\003\021%\014""; nodePubKey: ""\003.\200\224\215?)t\306\315\242\313\251\255\302\204=\232.\271%}\013\024s\024\002@\216l""\241F""; closeTime: 803902469; signature: ""0E\002!\000\273\032\007\372\0073\334\361\226]\271\354|\230\372\304\003\266\370\027Z\242Czd\302\375\371\344\267>d\002 F\013\346s.$\346E\3551\302\371\367\254\222\203\331\330\315c\331\256[\377\032A\264\226\333\212\033\307""; previousledger: ""\372\373$P*|\321\342\002\026\n\3215\340\3203\200x\327D\301]5\237\247Yz\3711!L\214""; ","proposeSeq: 0; currentTxHash: ""8h\232\211g)\354\005\246\256XI\265J\214\312}\261\211y\355]\0228j\360\0224\003\021%\014""; nodePubKey: ""\003.\200\224\215?)t\306\315\242\313\251\255\302\204=\232.\271%}\013\024s\024\002@\216l""\241F""; closeTime: 803902469; signature: ""0E\002!\000\273\032\007\372\0073\334\361\226]\271\354|\230\372\304\003\266\370\027Z\242Czd\302\375\371\344\267>d\002 F\013\346s.$\346E\3551\302\371\367\254\222\203\331\330\315c\331\256[\377\032A\264\226\333\212\033\307""; previousledger: ""\372\373$P*|\321\342\002\026\n\3215\340\3203\200x\327D\301]5\237\247Yz\3711!L\214""; "
1750587269782,1750587269782,3486,1,4,2,TMHaveTransactionSet,"status: tsHAVE; hash: ""8h\232\211g)\354\005\246\256XI\265J\214\312}\261\211y\355]\0228j\360\0224\003\021%\014""; ","status: tsHAVE; hash: ""8h\232\211g)\354\005\246\256XI\265J\214\312}\261\211y\355]\0228j\360\0224\003\021%\014""; "
1750587269787,1750587269787,2655,1,1,0,TMLedgerData,"ledgerHash: ""u\315\243\367\211\2625\240r:n\277\003\026\366\353'\216jy9\\001\220\223~\341j\254O\025\257""; ledgerSeq: 0; type: liTS_CANDIDATE; nodes {;   nodedata: ""\246C\232\272\013^\241\340~\030'\005/\234\037\355\231\230\017\266\365\303w\360\273\374\234\362S:\270\023\n\003"";   nodeid: ""\000\000\000\000\000\000\000\000\000\000\000\000\000\000\000\000\000\000\000\000\000\000\000\000\000\000\000\000\000\000\000\000\000""; }; requestCookie: 4; ","ledgerHash: ""u\315\243\367\211\2625\240r:n\277\003\026\366\353'\216jy9\\001\220\223~\341j\254O\025\257""; ledgerSeq: 0; type: liTS_CANDIDATE; nodes {;   nodedata: ""\246C\232\272\013^\241\340~\030'\005/\234\037\355\231\230\017\266\365\303w\360\273\374\234\362S:\270\023\n\003"";   nodeid: ""\000\000\000\000\000\000\000\000\000\000\000\000\000\000\000\000\000\000\000\000\000\000\000\000\000\000\000\000\000\000\000\000\000""; }; requestCookie: 4; "
1750587269794,1750587269794,980,1,4,1,TMProposeSet,"proposeSeq: 0; currentTxHash: ""8h\232\211g)\354\005\246\256XI\265J\214\312}\261\211y\355]\0228j\360\0224\003\021%\014""; nodePubKey: ""\003.\200\224\215?)t\306\315\242\313\251\255\302\204=\232.\271%}\013\024s\024\002@\216l""\241F""; closeTime: 803902469; signature: ""0E\002!\000\273\032\007\372\0073\334\361\226]\271\354|\230\372\304\003\266\370\027Z\242Czd\302\375\371\344\267>d\002 F\013\346s.$\346E\3551\302\371\367\254\222\203\331\330\315c\331\256[\377\032A\264\226\333\212\033\307""; previousledger: ""\372\373$P*|\321\342\002\026\n\3215\340\3203\200x\327D\301]5\237\247Yz\3711!L\214""; ","proposeSeq: 0; currentTxHash: ""8h\232\211g)\354\005\246\256XI\265J\214\312}\261\211y\355]\0228j\360\0224\003\021%\014""; nodePubKey: ""\003.\200\224\215?)t\306\315\242\313\251\255\302\204=\232.\271%}\013\024s\024\002@\216l""\241F""; closeTime: 803902469; signature: ""0E\002!\000\273\032\007\372\0073\334\361\226]\271\354|\230\372\304\003\266\370\027Z\242Czd\302\375\371\344\267>d\002 F\013\346s.$\346E\3551\302\371\367\254\222\203\331\330\315c\331\256[\377\032A\264\226\333\212\033\307""; previousledger: ""\372\373$P*|\321\342\002\026\n\3215\340\3203\200x\327D\301]5\237\247Yz\3711!L\214""; "
1750587269795,1750587269795,2714,1,4,3,TMHaveTransactionSet,"status: tsHAVE; hash: ""8h\232\211g)\354\005\246\256XI\265J\214\312}\261\211y\355]\0228j\360\0224\003\021%\014""; ","status: tsHAVE; hash: ""8h\232\211g)\354\005\246\256XI\265J\214\312}\261\211y\355]\0228j\360\0224\003\021%\014""; "
1750587269795,1750587269795,961,1,4,3,TMProposeSet,"proposeSeq: 0; currentTxHash: ""8h\232\211g)\354\005\246\256XI\265J\214\312}\261\211y\355]\0228j\360\0224\003\021%\014""; nodePubKey: ""\003.\200\224\215?)t\306\315\242\313\251\255\302\204=\232.\271%}\013\024s\024\002@\216l""\241F""; closeTime: 803902469; signature: ""0E\002!\000\273\032\007\372\0073\334\361\226]\271\354|\230\372\304\003\266\370\027Z\242Czd\302\375\371\344\267>d\002 F\013\346s.$\346E\3551\302\371\367\254\222\203\331\330\315c\331\256[\377\032A\264\226\333\212\033\307""; previousledger: ""\372\373$P*|\321\342\002\026\n\3215\340\3203\200x\327D\301]5\237\247Yz\3711!L\214""; ","proposeSeq: 0; currentTxHash: ""8h\232\211g)\354\005\246\256XI\265J\214\312}\261\211y\355]\0228j\360\0224\003\021%\014""; nodePubKey: ""\003.\200\224\215?)t\306\315\242\313\251\255\302\204=\232.\271%}\013\024s\024\002@\216l""\241F""; closeTime: 803902469; signature: ""0E\002!\000\273\032\007\372\0073\334\361\226]\271\354|\230\372\304\003\266\370\027Z\242Czd\302\375\371\344\267>d\002 F\013\346s.$\346E\3551\302\371\367\254\222\203\331\330\315c\331\256[\377\032A\264\226\333\212\033\307""; previousledger: ""\372\373$P*|\321\342\002\026\n\3215\340\3203\200x\327D\301]5\237\247Yz\3711!L\214""; "
1750587269794,1750587269794,3823,1,4,1,TMHaveTransactionSet,"status: tsHAVE; hash: ""8h\232\211g)\354\005\246\256XI\265J\214\312}\261\211y\355]\0228j\360\0224\003\021%\014""; ","status: tsHAVE; hash: ""8h\232\211g)\354\005\246\256XI\265J\214\312}\261\211y\355]\0228j\360\0224\003\021%\014""; "
1750587269806,1750587269806,2655,1,1,0,TMLedgerData,"ledgerHash: ""u\315\243\367\211\2625\240r:n\277\003\026\366\353'\216jy9\\001\220\223~\341j\254O\025\257""; ledgerSeq: 0; type: liTS_CANDIDATE; nodes {;   nodedata: ""\022\000\000""\000\000\000\000$\000\000\000\001 \033\000\000\000\027a@\000\000\027H\206*@h@\000\000\000\000\000\000\ns!\0030\347\374\235V\273%\326\211;\243\363\027\256[\3173\263)\033\326=\263&T\243\023""/\177\320 tF0D\002 0\023\341\332; \2711\245\020\321\3300\345\267-)\230\177\246\236AQ\327\203\207H\226+\000%\336\002 \024\036\211\237\201t\376\272E\270\230\020\334\014\356g\273\025((\376\266\216@ \254^2T\233\013\034\201\024\265\367by\212S\325C\240\024\312\370\262\227\317\370\362\3717\350\203\024E0\246\210\344\325\345r\024T\251\006P\255\352\333\372\351\337\302\000"";   nodeid: ""\240\000\000\000\000\000\000\000\000\000\000\000\000\000\000\000\000\000\000\000\000\000\000\000\000\000\000\000\000\000\000\000\001""; }; ","ledgerHash: ""u\315\243\367\211\2625\240r:n\277\003\026\366\353'\216jy9\\001\220\223~\341j\254O\025\257""; ledgerSeq: 0; type: liTS_CANDIDATE; nodes {;   nodedata: ""\022\000\000""\000\000\000\000$\000\000\000\001 \033\000\000\000\027a@\000\000\027H\206*@h@\000\000\000\000\000\000\ns!\0030\347\374\235V\273%\326\211;\243\363\027\256[\3173\263)\033\326=\263&T\243\023""/\177\320 tF0D\002 0\023\341\332; \2711\245\020\321\3300\345\267-)\230\177\246\236AQ\327\203\207H\226+\000%\336\002 \024\036\211\237\201t\376\272E\270\230\020\334\014\356g\273\025((\376\266\216@ \254^2T\233\013\034\201\024\265\367by\212S\325C\240\024\312\370\262\227\317\370\362\3717\350\203\024E0\246\210\344\325\345r\024T\251\006P\255\352\333\372\351\337\302\000"";   nodeid: ""\240\000\000\000\000\000\000\000\000\000\000\000\000\000\000\000\000\000\000\000\000\000\000\000\000\000\000\000\000\000\000\000\001""; }; "
1750587269821,1750587269821,486,1,4,0,TMLedgerData,"ledgerHash: ""8h\232\211g)\354\005\246\256XI\265J\214\312}\261\211y\355]\0228j\360\0224\003\021%\014""; ledgerSeq: 0; type: liTS_CANDIDATE; nodes {;   nodedata: ""\222c\273c4\225\334\221\227u?\025\314=\305/\262\367\217\375\027j\323\304\372\312Fv\2716\001\355\t\246C\232\272\013^\241\340~\030'\005/\234\037\355\231\230\017\266\365\303w\360\273\374\234\362S:\270\023\n\270\212\275\306\204\271\274\361K|t\323\346\2174\324\362\014S]\301\325\344rY\277\343\351\364\374\023\263\013\003"";   nodeid: ""\000\000\000\000\000\000\000\000\000\000\000\000\000\000\000\000\000\000\000\000\000\000\000\000\000\000\000\000\000\000\000\000\000""; }; ","ledgerHash: ""8h\232\211g)\354\005\246\256XI\265J\214\312}\261\211y\355]\0228j\360\0224\003\021%\014""; ledgerSeq: 0; type: liTS_CANDIDATE; nodes {;   nodedata: ""\222c\273c4\225\334\221\227u?\025\314=\305/\262\367\217\375\027j\323\304\372\312Fv\2716\001\355\t\246C\232\272\013^\241\340~\030'\005/\234\037\355\231\230\017\266\365\303w\360\273\374\234\362S:\270\023\n\270\212\275\306\204\271\274\361K|t\323\346\2174\324\362\014S]\301\325\344rY\277\343\351\364\374\023\263\013\003"";   nodeid: ""\000\000\000\000\000\000\000\000\000\000\000\000\000\000\000\000\000\000\000\000\000\000\000\000\000\000\000\000\000\000\000\000\000""; }; "
1750587269750,1750587269827,1760,1,4,1,TMStatusChange,"newEvent: neCLOSING_LEDGER; ledgerSeq: 5; ledgerHash: ""\372\373$P*|\321\342\002\026\n\3215\340\3203\200x\327D\301]5\237\247Yz\3711!L\214""; ledgerHashPrevious: ""\241'\332/+\360Bx\036+\210j\237K%\340]\246E\2434\264K\036\030qP\317\315\336\325\007""; networkTime: 803902469; firstSeq: 1; lastSeq: 4; ","newEvent: neCLOSING_LEDGER; ledgerSeq: 5; ledgerHash: ""\372\373$P*|\321\342\002\026\n\3215\340\3203\200x\327D\301]5\237\247Yz\3711!L\214""; ledgerHashPrevious: ""\241'\332/+\360Bx\036+\210j\237K%\340]\246E\2434\264K\036\030qP\317\315\336\325\007""; networkTime: 803902469; firstSeq: 1; lastSeq: 4; "
1750587269751,1750587269827,1548,1,4,0,TMStatusChange,"newEvent: neCLOSING_LEDGER; ledgerSeq: 5; ledgerHash: ""\372\373$P*|\321\342\002\026\n\3215\340\3203\200x\327D\301]5\237\247Yz\3711!L\214""; ledgerHashPrevious: ""\241'\332/+\360Bx\036+\210j\237K%\340]\246E\2434\264K\036\030qP\317\315\336\325\007""; networkTime: 803902469; firstSeq: 1; lastSeq: 4; ","newEvent: neCLOSING_LEDGER; ledgerSeq: 5; ledgerHash: ""\372\373$P*|\321\342\002\026\n\3215\340\3203\200x\327D\301]5\237\247Yz\3711!L\214""; ledgerHashPrevious: ""\241'\332/+\360Bx\036+\210j\237K%\340]\246E\2434\264K\036\030qP\317\315\336\325\007""; networkTime: 803902469; firstSeq: 1; lastSeq: 4; "
1750587269751,1750587269828,3410,1,4,3,TMStatusChange,"newEvent: neCLOSING_LEDGER; ledgerSeq: 5; ledgerHash: ""\372\373$P*|\321\342\002\026\n\3215\340\3203\200x\327D\301]5\237\247Yz\3711!L\214""; ledgerHashPrevious: ""\241'\332/+\360Bx\036+\210j\237K%\340]\246E\2434\264K\036\030qP\317\315\336\325\007""; networkTime: 803902469; firstSeq: 1; lastSeq: 4; ","newEvent: neCLOSING_LEDGER; ledgerSeq: 5; ledgerHash: ""\372\373$P*|\321\342\002\026\n\3215\340\3203\200x\327D\301]5\237\247Yz\3711!L\214""; ledgerHashPrevious: ""\241'\332/+\360Bx\036+\210j\237K%\340]\246E\2434\264K\036\030qP\317\315\336\325\007""; networkTime: 803902469; firstSeq: 1; lastSeq: 4; "
1750587269782,1750587269828,1021,1,4,2,TMStatusChange,"newEvent: neCLOSING_LEDGER; ledgerSeq: 5; ledgerHash: ""\372\373$P*|\321\342\002\026\n\3215\340\3203\200x\327D\301]5\237\247Yz\3711!L\214""; ledgerHashPrevious: ""\241'\332/+\360Bx\036+\210j\237K%\340]\246E\2434\264K\036\030qP\317\315\336\325\007""; networkTime: 803902469; firstSeq: 1; lastSeq: 4; ","newEvent: neCLOSING_LEDGER; ledgerSeq: 5; ledgerHash: ""\372\373$P*|\321\342\002\026\n\3215\340\3203\200x\327D\301]5\237\247Yz\3711!L\214""; ledgerHashPrevious: ""\241'\332/+\360Bx\036+\210j\237K%\340]\246E\2434\264K\036\030qP\317\315\336\325\007""; networkTime: 803902469; firstSeq: 1; lastSeq: 4; "
1750587269830,1750587269830,557,1,4,1,TMGetLedger,"itype: liTS_CANDIDATE; ledgerHash: ""u\315\243\367\211\2625\240r:n\277\003\026\366\353'\216jy9\\001\220\223~\341j\254O\025\257""; nodeIDs: ""\000\000\000\000\000\000\000\000\000\000\000\000\000\000\000\000\000\000\000\000\000\000\000\000\000\000\000\000\000\000\000\000\000""; requestCookie: 1; queryType: qtINDIRECT; queryDepth: 3; ","itype: liTS_CANDIDATE; ledgerHash: ""u\315\243\367\211\2625\240r:n\277\003\026\366\353'\216jy9\\001\220\223~\341j\254O\025\257""; nodeIDs: ""\000\000\000\000\000\000\000\000\000\000\000\000\000\000\000\000\000\000\000\000\000\000\000\000\000\000\000\000\000\000\000\000\000""; requestCookie: 1; queryType: qtINDIRECT; queryDepth: 3; "
1750587269854,1750587269854,342,1,2,1,TMGetLedger,"itype: liTS_CANDIDATE; ledgerHash: ""u\315\243\367\211\2625\240r:n\277\003\026\366\353'\216jy9\\001\220\223~\341j\254O\025\257""; nodeIDs: ""\000\000\000\000\000\000\000\000\000\000\000\000\000\000\000\000\000\000\000\000\000\000\000\000\000\000\000\000\000\000\000\000\000""; requestCookie: 4; queryType: qtINDIRECT; queryDepth: 3; ","itype: liTS_CANDIDATE; ledgerHash: ""u\315\243\367\211\2625\240r:n\277\003\026\366\353'\216jy9\\001\220\223~\341j\254O\025\257""; nodeIDs: ""\000\000\000\000\000\000\000\000\000\000\000\000\000\000\000\000\000\000\000\000\000\000\000\000\000\000\000\000\000\000\000\000\000""; requestCookie: 4; queryType: qtINDIRECT; queryDepth: 3; "
1750587269856,1750587269856,1466,1,0,4,TMGetLedger,"itype: liTS_CANDIDATE; ledgerHash: ""8h\232\211g)\354\005\246\256XI\265J\214\312}\261\211y\355]\0228j\360\0224\003\021%\014""; nodeIDs: ""\000\000\000\000\000\000\000\000\000\000\000\000\000\000\000\000\000\000\000\000\000\000\000\000\000\000\000\000\000\000\000\000\000""; queryType: qtINDIRECT; queryDepth: 3; ","itype: liTS_CANDIDATE; ledgerHash: ""8h\232\211g)\354\005\246\256XI\265J\214\312}\261\211y\355]\0228j\360\0224\003\021%\014""; nodeIDs: ""\000\000\000\000\000\000\000\000\000\000\000\000\000\000\000\000\000\000\000\000\000\000\000\000\000\000\000\000\000\000\000\000\000""; queryType: qtINDIRECT; queryDepth: 3; "
1750587269855,1750587269855,1764,1,0,3,TMGetLedger,"itype: liTS_CANDIDATE; ledgerHash: ""8h\232\211g)\354\005\246\256XI\265J\214\312}\261\211y\355]\0228j\360\0224\003\021%\014""; nodeIDs: ""\000\000\000\000\000\000\000\000\000\000\000\000\000\000\000\000\000\000\000\000\000\000\000\000\000\000\000\000\000\000\000\000\000""; queryType: qtINDIRECT; queryDepth: 3; ","itype: liTS_CANDIDATE; ledgerHash: ""8h\232\211g)\354\005\246\256XI\265J\214\312}\261\211y\355]\0228j\360\0224\003\021%\014""; nodeIDs: ""\000\000\000\000\000\000\000\000\000\000\000\000\000\000\000\000\000\000\000\000\000\000\000\000\000\000\000\000\000\000\000\000\000""; queryType: qtINDIRECT; queryDepth: 3; "
1750587269856,1750587269856,3414,1,0,2,TMGetLedger,"itype: liTS_CANDIDATE; ledgerHash: ""8h\232\211g)\354\005\246\256XI\265J\214\312}\261\211y\355]\0228j\360\0224\003\021%\014""; nodeIDs: ""\000\000\000\000\000\000\000\000\000\000\000\000\000\000\000\000\000\000\000\000\000\000\000\000\000\000\000\000\000\000\000\000\000""; queryType: qtINDIRECT; queryDepth: 3; ","itype: liTS_CANDIDATE; ledgerHash: ""8h\232\211g)\354\005\246\256XI\265J\214\312}\261\211y\355]\0228j\360\0224\003\021%\014""; nodeIDs: ""\000\000\000\000\000\000\000\000\000\000\000\000\000\000\000\000\000\000\000\000\000\000\000\000\000\000\000\000\000\000\000\000\000""; queryType: qtINDIRECT; queryDepth: 3; "
1750587269856,1750587269856,393,1,0,1,TMGetLedger,"itype: liTS_CANDIDATE; ledgerHash: ""8h\232\211g)\354\005\246\256XI\265J\214\312}\261\211y\355]\0228j\360\0224\003\021%\014""; nodeIDs: ""\000\000\000\000\000\000\000\000\000\000\000\000\000\000\000\000\000\000\000\000\000\000\000\000\000\000\000\000\000\000\000\000\000""; queryType: qtINDIRECT; queryDepth: 3; ","itype: liTS_CANDIDATE; ledgerHash: ""8h\232\211g)\354\005\246\256XI\265J\214\312}\261\211y\355]\0228j\360\0224\003\021%\014""; nodeIDs: ""\000\000\000\000\000\000\000\000\000\000\000\000\000\000\000\000\000\000\000\000\000\000\000\000\000\000\000\000\000\000\000\000\000""; queryType: qtINDIRECT; queryDepth: 3; "
1750587269863,1750587269863,3414,1,0,2,TMGetLedger,"itype: liTS_CANDIDATE; ledgerHash: ""u\315\243\367\211\2625\240r:n\277\003\026\366\353'\216jy9\\001\220\223~\341j\254O\025\257""; nodeIDs: ""\240\000\000\000\000\000\000\000\000\000\000\000\000\000\000\000\000\000\000\000\000\000\000\000\000\000\000\000\000\000\000\000\001""; queryType: qtINDIRECT; ","itype: liTS_CANDIDATE; ledgerHash: ""u\315\243\367\211\2625\240r:n\277\003\026\366\353'\216jy9\\001\220\223~\341j\254O\025\257""; nodeIDs: ""\240\000\000\000\000\000\000\000\000\000\000\000\000\000\000\000\000\000\000\000\000\000\000\000\000\000\000\000\000\000\000\000\001""; queryType: qtINDIRECT; "
1750587269864,1750587269864,393,1,0,1,TMGetLedger,"itype: liTS_CANDIDATE; ledgerHash: ""u\315\243\367\211\2625\240r:n\277\003\026\366\353'\216jy9\\001\220\223~\341j\254O\025\257""; nodeIDs: ""\240\000\000\000\000\000\000\000\000\000\000\000\000\000\000\000\000\000\000\000\000\000\000\000\000\000\000\000\000\000\000\000\001""; queryType: qtINDIRECT; ","itype: liTS_CANDIDATE; ledgerHash: ""u\315\243\367\211\2625\240r:n\277\003\026\366\353'\216jy9\\001\220\223~\341j\254O\025\257""; nodeIDs: ""\240\000\000\000\000\000\000\000\000\000\000\000\000\000\000\000\000\000\000\000\000\000\000\000\000\000\000\000\000\000\000\000\001""; queryType: qtINDIRECT; "
1750587269864,1750587269864,1466,1,0,4,TMGetLedger,"itype: liTS_CANDIDATE; ledgerHash: ""u\315\243\367\211\2625\240r:n\277\003\026\366\353'\216jy9\\001\220\223~\341j\254O\025\257""; nodeIDs: ""\240\000\000\000\000\000\000\000\000\000\000\000\000\000\000\000\000\000\000\000\000\000\000\000\000\000\000\000\000\000\000\000\001""; queryType: qtINDIRECT; ","itype: liTS_CANDIDATE; ledgerHash: ""u\315\243\367\211\2625\240r:n\277\003\026\366\353'\216jy9\\001\220\223~\341j\254O\025\257""; nodeIDs: ""\240\000\000\000\000\000\000\000\000\000\000\000\000\000\000\000\000\000\000\000\000\000\000\000\000\000\000\000\000\000\000\000\001""; queryType: qtINDIRECT; "
1750587269866,1750587269866,483,1,3,4,TMProposeSet,"proposeSeq: 1; currentTxHash: ""\000\000\000\000\000\000\000\000\000\000\000\000\000\000\000\000\000\000\000\000\000\000\000\000\000\000\000\000\000\000\000\000""; nodePubKey: ""\003\325Q\255\224\274R@\312\253\262\347\352\034\346\347\242\215,\312\376=\277\353{\350\225\301\305`^, ""; closeTime: 803902470; signature: ""0E\002!\000\256\r\026+70\266\315\016\006TYxd\321\252h\274/~\355K\247y\214<zD\306\317,\005\002 ;\030B\003U\315\256\217\021\267\024\311\357M|\257Yu\3622\366\355\301\346\332\306\236\016\004\306\306\034""; previousledger: ""\241'\332/+\360Bx\036+\210j\237K%\340]\246E\2434\264K\036\030qP\317\315\336\325\007""; ","proposeSeq: 1; currentTxHash: ""\000\000\000\000\000\000\000\000\000\000\000\000\000\000\000\000\000\000\000\000\000\000\000\000\000\000\000\000\000\000\000\000""; nodePubKey: ""\003\325Q\255\224\274R@\312\253\262\347\352\034\346\347\242\215,\312\376=\277\353{\350\225\301\305`^, ""; closeTime: 803902470; signature: ""0E\002!\000\256\r\026+70\266\315\016\006TYxd\321\252h\274/~\355K\247y\214<zD\306\317,\005\002 ;\030B\003U\315\256\217\021\267\024\311\357M|\257Yu\3622\366\355\301\346\332\306\236\016\004\306\306\034""; previousledger: ""\241'\332/+\360Bx\036+\210j\237K%\340]\246E\2434\264K\036\030qP\317\315\336\325\007""; "
1750587269868,1750587269868,443,1,3,0,TMProposeSet,"proposeSeq: 1; currentTxHash: ""\000\000\000\000\000\000\000\000\000\000\000\000\000\000\000\000\000\000\000\000\000\000\000\000\000\000\000\000\000\000\000\000""; nodePubKey: ""\003\325Q\255\224\274R@\312\253\262\347\352\034\346\347\242\215,\312\376=\277\353{\350\225\301\305`^, ""; closeTime: 803902470; signature: ""0E\002!\000\256\r\026+70\266\315\016\006TYxd\321\252h\274/~\355K\247y\214<zD\306\317,\005\002 ;\030B\003U\315\256\217\021\267\024\311\357M|\257Yu\3622\366\355\301\346\332\306\236\016\004\306\306\034""; previousledger: ""\241'\332/+\360Bx\036+\210j\237K%\340]\246E\2434\264K\036\030qP\317\315\336\325\007""; ","proposeSeq: 1; currentTxHash: ""\000\000\000\000\000\000\000\000\000\000\000\000\000\000\000\000\000\000\000\000\000\000\000\000\000\000\000\000\000\000\000\000""; nodePubKey: ""\003\325Q\255\224\274R@\312\253\262\347\352\034\346\347\242\215,\312\376=\277\353{\350\225\301\305`^, ""; closeTime: 803902470; signature: ""0E\002!\000\256\r\026+70\266\315\016\006TYxd\321\252h\274/~\355K\247y\214<zD\306\317,\005\002 ;\030B\003U\315\256\217\021\267\024\311\357M|\257Yu\3622\366\355\301\346\332\306\236\016\004\306\306\034""; previousledger: ""\241'\332/+\360Bx\036+\210j\237K%\340]\246E\2434\264K\036\030qP\317\315\336\325\007""; "
1750587269867,1750587269867,1317,1,3,2,TMProposeSet,"proposeSeq: 1; currentTxHash: ""\000\000\000\000\000\000\000\000\000\000\000\000\000\000\000\000\000\000\000\000\000\000\000\000\000\000\000\000\000\000\000\000""; nodePubKey: ""\003\325Q\255\224\274R@\312\253\262\347\352\034\346\347\242\215,\312\376=\277\353{\350\225\301\305`^, ""; closeTime: 803902470; signature: ""0E\002!\000\256\r\026+70\266\315\016\006TYxd\321\252h\274/~\355K\247y\214<zD\306\317,\005\002 ;\030B\003U\315\256\217\021\267\024\311\357M|\257Yu\3622\366\355\301\346\332\306\236\016\004\306\306\034""; previousledger: ""\241'\332/+\360Bx\036+\210j\237K%\340]\246E\2434\264K\036\030qP\317\315\336\325\007""; ","proposeSeq: 1; currentTxHash: ""\000\000\000\000\000\000\000\000\000\000\000\000\000\000\000\000\000\000\000\000\000\000\000\000\000\000\000\000\000\000\000\000""; nodePubKey: ""\003\325Q\255\224\274R@\312\253\262\347\352\034\346\347\242\215,\312\376=\277\353{\350\225\301\305`^, ""; closeTime: 803902470; signature: ""0E\002!\000\256\r\026+70\266\315\016\006TYxd\321\252h\274/~\355K\247y\214<zD\306\317,\005\002 ;\030B\003U\315\256\217\021\267\024\311\357M|\257Yu\3622\366\355\301\346\332\306\236\016\004\306\306\034""; previousledger: ""\241'\332/+\360Bx\036+\210j\237K%\340]\246E\2434\264K\036\030qP\317\315\336\325\007""; "
1750587269868,1750587269869,3656,1,3,1,TMProposeSet,"proposeSeq: 1; currentTxHash: ""\000\000\000\000\000\000\000\000\000\000\000\000\000\000\000\000\000\000\000\000\000\000\000\000\000\000\000\000\000\000\000\000""; nodePubKey: ""\003\325Q\255\224\274R@\312\253\262\347\352\034\346\347\242\215,\312\376=\277\353{\350\225\301\305`^, ""; closeTime: 803902470; signature: ""0E\002!\000\256\r\026+70\266\315\016\006TYxd\321\252h\274/~\355K\247y\214<zD\306\317,\005\002 ;\030B\003U\315\256\217\021\267\024\311\357M|\257Yu\3622\366\355\301\346\332\306\236\016\004\306\306\034""; previousledger: ""\241'\332/+\360Bx\036+\210j\237K%\340]\246E\2434\264K\036\030qP\317\315\336\325\007""; ","proposeSeq: 1; currentTxHash: ""\000\000\000\000\000\000\000\000\000\000\000\000\000\000\000\000\000\000\000\000\000\000\000\000\000\000\000\000\000\000\000\000""; nodePubKey: ""\003\325Q\255\224\274R@\312\253\262\347\352\034\346\347\242\215,\312\376=\277\353{\350\225\301\305`^, ""; closeTime: 803902470; signature: ""0E\002!\000\256\r\026+70\266\315\016\006TYxd\321\252h\274/~\355K\247y\214<zD\306\317,\005\002 ;\030B\003U\315\256\217\021\267\024\311\357M|\257Yu\3622\366\355\301\346\332\306\236\016\004\306\306\034""; previousledger: ""\241'\332/+\360Bx\036+\210j\237K%\340]\246E\2434\264K\036\030qP\317\315\336\325\007""; "
1750587269869,1750587269869,972,1,3,4,TMStatusChange,"newEvent: neACCEPTED_LEDGER; ledgerSeq: 5; ledgerHash: ""\372\373$P*|\321\342\002\026\n\3215\340\3203\200x\327D\301]5\237\247Yz\3711!L\214""; ledgerHashPrevious: ""\241'\332/+\360Bx\036+\210j\237K%\340]\246E\2434\264K\036\030qP\317\315\336\325\007""; networkTime: 803902469; firstSeq: 1; lastSeq: 4; ","newEvent: neACCEPTED_LEDGER; ledgerSeq: 5; ledgerHash: ""\372\373$P*|\321\342\002\026\n\3215\340\3203\200x\327D\301]5\237\247Yz\3711!L\214""; ledgerHashPrevious: ""\241'\332/+\360Bx\036+\210j\237K%\340]\246E\2434\264K\036\030qP\317\315\336\325\007""; networkTime: 803902469; firstSeq: 1; lastSeq: 4; "
1750587269870,1750587269870,734,1,3,2,TMValidation,"validation: """"\200\000\000\001&\000\000\000\005)/\352\224\005:\211l\014`\252m\212dQ\372\373$P*|\321\342\002\026\n\3215\340\3203\200x\327D\301]5\237\247Yz\3711!L\214P\027\000\000\000\000\000\000\000\000\000\000\000\000\000\000\000\000\000\000\000\000\000\000\000\000\000\000\000\000\000\000\000\000P\031\241'\332/+\360Bx\036+\210j\237K%\340]\246E\2434\264K\036\030qP\317\315\336\325\007s!\003\325Q\255\224\274R@\312\253\262\347\352\034\346\347\242\215,\312\376=\277\353{\350\225\301\305`^, vG0E\002!\000\343H[u\237f\000\212\3116\003""\335\255\321\226_\216\363\250\372l@\312\221\356;\300\234\356m\336\002 ""\360k\020\027K\224\353<|>\234\365\240\322\007)r<j\2548\251A=\246\305\264%#~\224""; ","validation: """"\200\000\000\001&\000\000\000\005)/\352\224\005:\211l\014`\252m\212dQ\372\373$P*|\321\342\002\026\n\3215\340\3203\200x\327D\301]5\237\247Yz\3711!L\214P\027\000\000\000\000\000\000\000\000\000\000\000\000\000\000\000\000\000\000\000\000\000\000\000\000\000\000\000\000\000\000\000\000P\031\241'\332/+\360Bx\036+\210j\237K%\340]\246E\2434\264K\036\030qP\317\315\336\325\007s!\003\325Q\255\224\274R@\312\253\262\347\352\034\346\347\242\215,\312\376=\277\353{\350\225\301\305`^, vG0E\002!\000\343H[u\237f\000\212\3116\003""\335\255\321\226_\216\363\250\372l@\312\221\356;\300\234\356m\336\002 ""\360k\020\027K\224\353<|>\234\365\240\322\007)r<j\2548\251A=\246\305\264%#~\224""; "
1750587269870,1750587269871,3501,1,3,4,TMValidation,"validation: """"\200\000\000\001&\000\000\000\005)/\352\224\005:\211l\014`\252m\212dQ\372\373$P*|\321\342\002\026\n\3215\340\3203\200x\327D\301]5\237\247Yz\3711!L\214P\027\000\000\000\000\000\000\000\000\000\000\000\000\000\000\000\000\000\000\000\000\000\000\000\000\000\000\000\000\000\000\000\000P\031\241'\332/+\360Bx\036+\210j\237K%\340]\246E\2434\264K\036\030qP\317\315\336\325\007s!\003\325Q\255\224\274R@\312\253\262\347\352\034\346\347\242\215,\312\376=\277\353{\350\225\301\305`^, vG0E\002!\000\343H[u\237f\000\212\3116\003""\335\255\321\226_\216\363\250\372l@\312\221\356;\300\234\356m\336\002 ""\360k\020\027K\224\353<|>\234\365\240\322\007)r<j\2548\251A=\246\305\264%#~\224""; ","validation: """"\200\000\000\001&\000\000\000\005)/\352\224\005:\211l\014`\252m\212dQ\372\373$P*|\321\342\002\026\n\3215\340\3203\200x\327D\301]5\237\247Yz\3711!L\214P\027\000\000\000\000\000\000\000\000\000\000\000\000\000\000\000\000\000\000\000\000\000\000\000\000\000\000\000\000\000\000\000\000P\031\241'\332/+\360Bx\036+\210j\237K%\340]\246E\2434\264K\036\030qP\317\315\336\325\007s!\003\325Q\255\224\274R@\312\253\262\347\352\034\346\347\242\215,\312\376=\277\353{\350\225\301\305`^, vG0E\002!\000\343H[u\237f\000\212\3116\003""\335\255\321\226_\216\363\250\372l@\312\221\356;\300\234\356m\336\002 ""\360k\020\027K\224\353<|>\234\365\240\322\007)r<j\2548\251A=\246\305\264%#~\224""; "
1750587269871,1750587269871,2573,1,3,1,TMValidation,"validation: """"\200\000\000\001&\000\000\000\005)/\352\224\005:\211l\014`\252m\212dQ\372\373$P*|\321\342\002\026\n\3215\340\3203\200x\327D\301]5\237\247Yz\3711!L\214P\027\000\000\000\000\000\000\000\000\000\000\000\000\000\000\000\000\000\000\000\000\000\000\000\000\000\000\000\000\000\000\000\000P\031\241'\332/+\360Bx\036+\210j\237K%\340]\246E\2434\264K\036\030qP\317\315\336\325\007s!\003\325Q\255\224\274R@\312\253\262\347\352\034\346\347\242\215,\312\376=\277\353{\350\225\301\305`^, vG0E\002!\000\343H[u\237f\000\212\3116\003""\335\255\321\226_\216\363\250\372l@\312\221\356;\300\234\356m\336\002 ""\360k\020\027K\224\353<|>\234\365\240\322\007)r<j\2548\251A=\246\305\264%#~\224""; ","validation: """"\200\000\000\001&\000\000\000\005)/\352\224\005:\211l\014`\252m\212dQ\372\373$P*|\321\342\002\026\n\3215\340\3203\200x\327D\301]5\237\247Yz\3711!L\214P\027\000\000\000\000\000\000\000\000\000\000\000\000\000\000\000\000\000\000\000\000\000\000\000\000\000\000\000\000\000\000\000\000P\031\241'\332/+\360Bx\036+\210j\237K%\340]\246E\2434\264K\036\030qP\317\315\336\325\007s!\003\325Q\255\224\274R@\312\253\262\347\352\034\346\347\242\215,\312\376=\277\353{\350\225\301\305`^, vG0E\002!\000\343H[u\237f\000\212\3116\003""\335\255\321\226_\216\363\250\372l@\312\221\356;\300\234\356m\336\002 ""\360k\020\027K\224\353<|>\234\365\240\322\007)r<j\2548\251A=\246\305\264%#~\224""; "
1750587269893,1750587269893,854,1,3,2,TMStatusChange,"newEvent: neACCEPTED_LEDGER; ledgerSeq: 5; ledgerHash: ""\372\373$P*|\321\342\002\026\n\3215\340\3203\200x\327D\301]5\237\247Yz\3711!L\214""; ledgerHashPrevious: ""\241'\332/+\360Bx\036+\210j\237K%\340]\246E\2434\264K\036\030qP\317\315\336\325\007""; networkTime: 803902469; firstSeq: 1; lastSeq: 4; ","newEvent: neACCEPTED_LEDGER; ledgerSeq: 5; ledgerHash: ""\372\373$P*|\321\342\002\026\n\3215\340\3203\200x\327D\301]5\237\247Yz\3711!L\214""; ledgerHashPrevious: ""\241'\332/+\360Bx\036+\210j\237K%\340]\246E\2434\264K\036\030qP\317\315\336\325\007""; networkTime: 803902469; firstSeq: 1; lastSeq: 4; "
1750587269894,1750587269894,1393,1,3,0,TMStatusChange,"newEvent: neACCEPTED_LEDGER; ledgerSeq: 5; ledgerHash: ""\372\373$P*|\321\342\002\026\n\3215\340\3203\200x\327D\301]5\237\247Yz\3711!L\214""; ledgerHashPrevious: ""\241'\332/+\360Bx\036+\210j\237K%\340]\246E\2434\264K\036\030qP\317\315\336\325\007""; networkTime: 803902469; firstSeq: 1; lastSeq: 4; ","newEvent: neACCEPTED_LEDGER; ledgerSeq: 5; ledgerHash: ""\372\373$P*|\321\342\002\026\n\3215\340\3203\200x\327D\301]5\237\247Yz\3711!L\214""; ledgerHashPrevious: ""\241'\332/+\360Bx\036+\210j\237K%\340]\246E\2434\264K\036\030qP\317\315\336\325\007""; networkTime: 803902469; firstSeq: 1; lastSeq: 4; "
1750587269894,1750587269894,3767,1,3,0,TMValidation,"validation: """"\200\000\000\001&\000\000\000\005)/\352\224\005:\211l\014`\252m\212dQ\372\373$P*|\321\342\002\026\n\3215\340\3203\200x\327D\301]5\237\247Yz\3711!L\214P\027\000\000\000\000\000\000\000\000\000\000\000\000\000\000\000\000\000\000\000\000\000\000\000\000\000\000\000\000\000\000\000\000P\031\241'\332/+\360Bx\036+\210j\237K%\340]\246E\2434\264K\036\030qP\317\315\336\325\007s!\003\325Q\255\224\274R@\312\253\262\347\352\034\346\347\242\215,\312\376=\277\353{\350\225\301\305`^, vG0E\002!\000\343H[u\237f\000\212\3116\003""\335\255\321\226_\216\363\250\372l@\312\221\356;\300\234\356m\336\002 ""\360k\020\027K\224\353<|>\234\365\240\322\007)r<j\2548\251A=\246\305\264%#~\224""; ","validation: """"\200\000\000\001&\000\000\000\005)/\352\224\005:\211l\014`\252m\212dQ\372\373$P*|\321\342\002\026\n\3215\340\3203\200x\327D\301]5\237\247Yz\3711!L\214P\027\000\000\000\000\000\000\000\000\000\000\000\000\000\000\000\000\000\000\000\000\000\000\000\000\000\000\000\000\000\000\000\000P\031\241'\332/+\360Bx\036+\210j\237K%\340]\246E\2434\264K\036\030qP\317\315\336\325\007s!\003\325Q\255\224\274R@\312\253\262\347\352\034\346\347\242\215,\312\376=\277\353{\350\225\301\305`^, vG0E\002!\000\343H[u\237f\000\212\3116\003""\335\255\321\226_\216\363\250\372l@\312\221\356;\300\234\356m\336\002 ""\360k\020\027K\224\353<|>\234\365\240\322\007)r<j\2548\251A=\246\305\264%#~\224""; "
1750587269895,1750587269895,557,1,4,1,TMGetLedger,"itype: liTS_CANDIDATE; ledgerHash: ""u\315\243\367\211\2625\240r:n\277\003\026\366\353'\216jy9\\001\220\223~\341j\254O\025\257""; nodeIDs: ""\000\000\000\000\000\000\000\000\000\000\000\000\000\000\000\000\000\000\000\000\000\000\000\000\000\000\000\000\000\000\000\000\000""; requestCookie: 4; queryType: qtINDIRECT; queryDepth: 3; ","itype: liTS_CANDIDATE; ledgerHash: ""u\315\243\367\211\2625\240r:n\277\003\026\366\353'\216jy9\\001\220\223~\341j\254O\025\257""; nodeIDs: ""\000\000\000\000\000\000\000\000\000\000\000\000\000\000\000\000\000\000\000\000\000\000\000\000\000\000\000\000\000\000\000\000\000""; requestCookie: 4; queryType: qtINDIRECT; queryDepth: 3; "
1750587269895,1750587269895,1591,1,3,1,TMStatusChange,"newEvent: neACCEPTED_LEDGER; ledgerSeq: 5; ledgerHash: ""\372\373$P*|\321\342\002\026\n\3215\340\3203\200x\327D\301]5\237\247Yz\3711!L\214""; ledgerHashPrevious: ""\241'\332/+\360Bx\036+\210j\237K%\340]\246E\2434\264K\036\030qP\317\315\336\325\007""; networkTime: 803902469; firstSeq: 1; lastSeq: 4; ","newEvent: neACCEPTED_LEDGER; ledgerSeq: 5; ledgerHash: ""\372\373$P*|\321\342\002\026\n\3215\340\3203\200x\327D\301]5\237\247Yz\3711!L\214""; ledgerHashPrevious: ""\241'\332/+\360Bx\036+\210j\237K%\340]\246E\2434\264K\036\030qP\317\315\336\325\007""; networkTime: 803902469; firstSeq: 1; lastSeq: 4; "
1750587269896,1750587269896,2565,1,3,0,TMLedgerData,"ledgerHash: ""u\315\243\367\211\2625\240r:n\277\003\026\366\353'\216jy9\\001\220\223~\341j\254O\025\257""; ledgerSeq: 0; type: liTS_CANDIDATE; nodes {;   nodedata: ""\246C\232\272\013^\241\340~\030'\005/\234\037\355\231\230\017\266\365\303w\360\273\374\234\362S:\270\023\n\003"";   nodeid: ""\000\000\000\000\000\000\000\000\000\000\000\000\000\000\000\000\000\000\000\000\000\000\000\000\000\000\000\000\000\000\000\000\000""; }; ","ledgerHash: ""u\315\243\367\211\2625\240r:n\277\003\026\366\353'\216jy9\\001\220\223~\341j\254O\025\257""; ledgerSeq: 0; type: liTS_CANDIDATE; nodes {;   nodedata: ""\246C\232\272\013^\241\340~\030'\005/\234\037\355\231\230\017\266\365\303w\360\273\374\234\362S:\270\023\n\003"";   nodeid: ""\000\000\000\000\000\000\000\000\000\000\000\000\000\000\000\000\000\000\000\000\000\000\000\000\000\000\000\000\000\000\000\000\000""; }; "
1750587269896,1750587269896,2715,1,1,4,TMLedgerData,"ledgerHash: ""u\315\243\367\211\2625\240r:n\277\003\026\366\353'\216jy9\\001\220\223~\341j\254O\025\257""; ledgerSeq: 0; type: liTS_CANDIDATE; nodes {;   nodedata: ""\246C\232\272\013^\241\340~\030'\005/\234\037\355\231\230\017\266\365\303w\360\273\374\234\362S:\270\023\n\003"";   nodeid: ""\000\000\000\000\000\000\000\000\000\000\000\000\000\000\000\000\000\000\000\000\000\000\000\000\000\000\000\000\000\000\000\000\000""; }; requestCookie: 1; ","ledgerHash: ""u\315\243\367\211\2625\240r:n\277\003\026\366\353'\216jy9\\001\220\223~\341j\254O\025\257""; ledgerSeq: 0; type: liTS_CANDIDATE; nodes {;   nodedata: ""\246C\232\272\013^\241\340~\030'\005/\234\037\355\231\230\017\266\365\303w\360\273\374\234\362S:\270\023\n\003"";   nodeid: ""\000\000\000\000\000\000\000\000\000\000\000\000\000\000\000\000\000\000\000\000\000\000\000\000\000\000\000\000\000\000\000\000\000""; }; requestCookie: 1; "
1750587269900,1750587269900,1764,1,0,3,TMGetLedger,"itype: liTS_CANDIDATE; ledgerHash: ""u\315\243\367\211\2625\240r:n\277\003\026\366\353'\216jy9\\001\220\223~\341j\254O\025\257""; nodeIDs: ""\240\000\000\000\000\000\000\000\000\000\000\000\000\000\000\000\000\000\000\000\000\000\000\000\000\000\000\000\000\000\000\000\001""; queryType: qtINDIRECT; ","itype: liTS_CANDIDATE; ledgerHash: ""u\315\243\367\211\2625\240r:n\277\003\026\366\353'\216jy9\\001\220\223~\341j\254O\025\257""; nodeIDs: ""\240\000\000\000\000\000\000\000\000\000\000\000\000\000\000\000\000\000\000\000\000\000\000\000\000\000\000\000\000\000\000\000\001""; queryType: qtINDIRECT; "
1750587269902,1750587269902,393,1,0,1,TMGetLedger,"itype: liTS_CANDIDATE; ledgerHash: ""u\315\243\367\211\2625\240r:n\277\003\026\366\353'\216jy9\\001\220\223~\341j\254O\025\257""; nodeIDs: ""\000\000\000\000\000\000\000\000\000\000\000\000\000\000\000\000\000\000\000\000\000\000\000\000\000\000\000\000\000\000\000\000\000""; requestCookie: 4; queryType: qtINDIRECT; queryDepth: 3; ","itype: liTS_CANDIDATE; ledgerHash: ""u\315\243\367\211\2625\240r:n\277\003\026\366\353'\216jy9\\001\220\223~\341j\254O\025\257""; nodeIDs: ""\000\000\000\000\000\000\000\000\000\000\000\000\000\000\000\000\000\000\000\000\000\000\000\000\000\000\000\000\000\000\000\000\000""; requestCookie: 4; queryType: qtINDIRECT; queryDepth: 3; "
1750587269903,1750587269903,1399,1,1,3,TMLedgerData,"ledgerHash: ""u\315\243\367\211\2625\240r:n\277\003\026\366\353'\216jy9\\001\220\223~\341j\254O\025\257""; ledgerSeq: 0; type: liTS_CANDIDATE; nodes {;   nodedata: ""\246C\232\272\013^\241\340~\030'\005/\234\037\355\231\230\017\266\365\303w\360\273\374\234\362S:\270\023\n\003"";   nodeid: ""\000\000\000\000\000\000\000\000\000\000\000\000\000\000\000\000\000\000\000\000\000\000\000\000\000\000\000\000\000\000\000\000\000""; }; ","ledgerHash: ""u\315\243\367\211\2625\240r:n\277\003\026\366\353'\216jy9\\001\220\223~\341j\254O\025\257""; ledgerSeq: 0; type: liTS_CANDIDATE; nodes {;   nodedata: ""\246C\232\272\013^\241\340~\030'\005/\234\037\355\231\230\017\266\365\303w\360\273\374\234\362S:\270\023\n\003"";   nodeid: ""\000\000\000\000\000\000\000\000\000\000\000\000\000\000\000\000\000\000\000\000\000\000\000\000\000\000\000\000\000\000\000\000\000""; }; "
1750587269909,1750587269909,2715,1,1,4,TMLedgerData,"ledgerHash: ""8h\232\211g)\354\005\246\256XI\265J\214\312}\261\211y\355]\0228j\360\0224\003\021%\014""; ledgerSeq: 0; type: liTS_CANDIDATE; nodes {;   nodedata: ""\222c\273c4\225\334\221\227u?\025\314=\305/\262\367\217\375\027j\323\304\372\312Fv\2716\001\355\t\246C\232\272\013^\241\340~\030'\005/\234\037\355\231\230\017\266\365\303w\360\273\374\234\362S:\270\023\n\270\212\275\306\204\271\274\361K|t\323\346\2174\324\362\014S]\301\325\344rY\277\343\351\364\374\023\263\013\003"";   nodeid: ""\000\000\000\000\000\000\000\000\000\000\000\000\000\000\000\000\000\000\000\000\000\000\000\000\000\000\000\000\000\000\000\000\000""; }; ","ledgerHash: ""8h\232\211g)\354\005\246\256XI\265J\214\312}\261\211y\355]\0228j\360\0224\003\021%\014""; ledgerSeq: 0; type: liTS_CANDIDATE; nodes {;   nodedata: ""\222c\273c4\225\334\221\227u?\025\314=\305/\262\367\217\375\027j\323\304\372\312Fv\2716\001\355\t\246C\232\272\013^\241\340~\030'\005/\234\037\355\231\230\017\266\365\303w\360\273\374\234\362S:\270\023\n\270\212\275\306\204\271\274\361K|t\323\346\2174\324\362\014S]\301\325\344rY\277\343\351\364\374\023\263\013\003"";   nodeid: ""\000\000\000\000\000\000\000\000\000\000\000\000\000\000\000\000\000\000\000\000\000\000\000\000\000\000\000\000\000\000\000\000\000""; }; "
1750587269911,1750587269911,393,1,0,1,TMGetLedger,"itype: liTS_CANDIDATE; ledgerHash: ""u\315\243\367\211\2625\240r:n\277\003\026\366\353'\216jy9\\001\220\223~\341j\254O\025\257""; nodeIDs: ""\240\000\000\000\000\000\000\000\000\000\000\000\000\000\000\000\000\000\000\000\000\000\000\000\000\000\000\000\000\000\000\000\001""; queryType: qtINDIRECT; ","itype: liTS_CANDIDATE; ledgerHash: ""u\315\243\367\211\2625\240r:n\277\003\026\366\353'\216jy9\\001\220\223~\341j\254O\025\257""; nodeIDs: ""\240\000\000\000\000\000\000\000\000\000\000\000\000\000\000\000\000\000\000\000\000\000\000\000\000\000\000\000\000\000\000\000\001""; queryType: qtINDIRECT; "
1750587269933,1750587269933,3520,1,3,1,TMLedgerData,"ledgerHash: ""\241'\332/+\360Bx\036+\210j\237K%\340]\246E\2434\264K\036\030qP\317\315\336\325\007""; ledgerSeq: 4; type: liBASE; nodes {;   nodedata: ""\000\000\000\004\001cEx]\212\000\000T\270\242(,&\233\326\374o\306[\235\317>\021e\005s\261\371l\216\017\003\032\017J\217\244W<\000\000\000\000\000\000\000\000\000\000\000\000\000\000\000\000\000\000\000\000\000\000\000\000\000\000\000\000\000\000\000\000z\013\3557\014\333\322\312\303T\027\363\p\250\231\021""\234\017\350l\334T\351z#""\262U\250=/\352\223\374/\352\223\375\n\000""; }; nodes {;   nodedata: ""\303\016\021\310<Z\337\266>\225@&n\022\246\274\353\220\345b3\035\313\350L\354\254\002\005\305\035\017\002E\344\037@\210\363\010\336T\226\247'\204_{\261\370""1\235\2445\343\033Y!\212\201\341\272\225'\007\255\021-\221\251\210O\324H\317V\246\177^8}\301\354\016\034d\300jKw\351\376\200\024\025\303R\013\003""; }; ","ledgerHash: ""\241'\332/+\360Bx\036+\210j\237K%\340]\246E\2434\264K\036\030qP\317\315\336\325\007""; ledgerSeq: 4; type: liBASE; nodes {;   nodedata: ""\000\000\000\004\001cEx]\212\000\000T\270\242(,&\233\326\374o\306[\235\317>\021e\005s\261\371l\216\017\003\032\017J\217\244W<\000\000\000\000\000\000\000\000\000\000\000\000\000\000\000\000\000\000\000\000\000\000\000\000\000\000\000\000\000\000\000\000z\013\3557\014\333\322\312\303T\027\363\p\250\231\021""\234\017\350l\334T\351z#""\262U\250=/\352\223\374/\352\223\375\n\000""; }; nodes {;   nodedata: ""\303\016\021\310<Z\337\266>\225@&n\022\246\274\353\220\345b3\035\313\350L\354\254\002\005\305\035\017\002E\344\037@\210\363\010\336T\226\247'\204_{\261\370""1\235\2445\343\033Y!\212\201\341\272\225'\007\255\021-\221\251\210O\324H\317V\246\177^8}\301\354\016\034d\300jKw\351\376\200\024\025\303R\013\003""; }; "
1750587269934,1750587269934,3520,1,3,1,TMLedgerData,"ledgerHash: ""\241'\332/+\360Bx\036+\210j\237K%\340]\246E\2434\264K\036\030qP\317\315\336\325\007""; ledgerSeq: 4; type: liBASE; nodes {;   nodedata: ""\000\000\000\004\001cEx]\212\000\000T\270\242(,&\233\326\374o\306[\235\317>\021e\005s\261\371l\216\017\003\032\017J\217\244W<\000\000\000\000\000\000\000\000\000\000\000\000\000\000\000\000\000\000\000\000\000\000\000\000\000\000\000\000\000\000\000\000z\013\3557\014\333\322\312\303T\027\363\p\250\231\021""\234\017\350l\334T\351z#""\262U\250=/\352\223\374/\352\223\375\n\000""; }; nodes {;   nodedata: ""\303\016\021\310<Z\337\266>\225@&n\022\246\274\353\220\345b3\035\313\350L\354\254\002\005\305\035\017\002E\344\037@\210\363\010\336T\226\247'\204_{\261\370""1\235\2445\343\033Y!\212\201\341\272\225'\007\255\021-\221\251\210O\324H\317V\246\177^8}\301\354\016\034d\300jKw\351\376\200\024\025\303R\013\003""; }; ","ledgerHash: ""\241'\332/+\360Bx\036+\210j\237K%\340]\246E\2434\264K\036\030qP\317\315\336\325\007""; ledgerSeq: 4; type: liBASE; nodes {;   nodedata: ""\000\000\000\004\001cEx]\212\000\000T\270\242(,&\233\326\374o\306[\235\317>\021e\005s\261\371l\216\017\003\032\017J\217\244W<\000\000\000\000\000\000\000\000\000\000\000\000\000\000\000\000\000\000\000\000\000\000\000\000\000\000\000\000\000\000\000\000z\013\3557\014\333\322\312\303T\027\363\p\250\231\021""\234\017\350l\334T\351z#""\262U\250=/\352\223\374/\352\223\375\n\000""; }; nodes {;   nodedata: ""\303\016\021\310<Z\337\266>\225@&n\022\246\274\353\220\345b3\035\313\350L\354\254\002\005\305\035\017\002E\344\037@\210\363\010\336T\226\247'\204_{\261\370""1\235\2445\343\033Y!\212\201\341\272\225'\007\255\021-\221\251\210O\324H\317V\246\177^8}\301\354\016\034d\300jKw\351\376\200\024\025\303R\013\003""; }; "
1750587269941,1750587269941,2472,1,1,2,TMLedgerData,"ledgerHash: ""u\315\243\367\211\2625\240r:n\277\003\026\366\353'\216jy9\\001\220\223~\341j\254O\025\257""; ledgerSeq: 0; type: liTS_CANDIDATE; nodes {;   nodedata: ""\246C\232\272\013^\241\340~\030'\005/\234\037\355\231\230\017\266\365\303w\360\273\374\234\362S:\270\023\n\003"";   nodeid: ""\000\000\000\000\000\000\000\000\000\000\000\000\000\000\000\000\000\000\000\000\000\000\000\000\000\000\000\000\000\000\000\000\000""; }; requestCookie: 4; ","ledgerHash: ""u\315\243\367\211\2625\240r:n\277\003\026\366\353'\216jy9\\001\220\223~\341j\254O\025\257""; ledgerSeq: 0; type: liTS_CANDIDATE; nodes {;   nodedata: ""\246C\232\272\013^\241\340~\030'\005/\234\037\355\231\230\017\266\365\303w\360\273\374\234\362S:\270\023\n\003"";   nodeid: ""\000\000\000\000\000\000\000\000\000\000\000\000\000\000\000\000\000\000\000\000\000\000\000\000\000\000\000\000\000\000\000\000\000""; }; requestCookie: 4; "
1750587269998,1750587269998,2655,1,1,0,TMLedgerData,"ledgerHash: ""8h\232\211g)\354\005\246\256XI\265J\214\312}\261\211y\355]\0228j\360\0224\003\021%\014""; ledgerSeq: 0; type: liTS_CANDIDATE; nodes {;   nodedata: ""\222c\273c4\225\334\221\227u?\025\314=\305/\262\367\217\375\027j\323\304\372\312Fv\2716\001\355\t\246C\232\272\013^\241\340~\030'\005/\234\037\355\231\230\017\266\365\303w\360\273\374\234\362S:\270\023\n\270\212\275\306\204\271\274\361K|t\323\346\2174\324\362\014S]\301\325\344rY\277\343\351\364\374\023\263\013\003"";   nodeid: ""\000\000\000\000\000\000\000\000\000\000\000\000\000\000\000\000\000\000\000\000\000\000\000\000\000\000\000\000\000\000\000\000\000""; }; ","ledgerHash: ""8h\232\211g)\354\005\246\256XI\265J\214\312}\261\211y\355]\0228j\360\0224\003\021%\014""; ledgerSeq: 0; type: liTS_CANDIDATE; nodes {;   nodedata: ""\222c\273c4\225\334\221\227u?\025\314=\305/\262\367\217\375\027j\323\304\372\312Fv\2716\001\355\t\246C\232\272\013^\241\340~\030'\005/\234\037\355\231\230\017\266\365\303w\360\273\374\234\362S:\270\023\n\270\212\275\306\204\271\274\361K|t\323\346\2174\324\362\014S]\301\325\344rY\277\343\351\364\374\023\263\013\003"";   nodeid: ""\000\000\000\000\000\000\000\000\000\000\000\000\000\000\000\000\000\000\000\000\000\000\000\000\000\000\000\000\000\000\000\000\000""; }; "
1750587270007,1750587270007,2655,1,1,0,TMLedgerData,"ledgerHash: ""u\315\243\367\211\2625\240r:n\277\003\026\366\353'\216jy9\\001\220\223~\341j\254O\025\257""; ledgerSeq: 0; type: liTS_CANDIDATE; nodes {;   nodedata: ""\022\000\000""\000\000\000\000$\000\000\000\001 \033\000\000\000\027a@\000\000\027H\206*@h@\000\000\000\000\000\000\ns!\0030\347\374\235V\273%\326\211;\243\363\027\256[\3173\263)\033\326=\263&T\243\023""/\177\320 tF0D\002 0\023\341\332; \2711\245\020\321\3300\345\267-)\230\177\246\236AQ\327\203\207H\226+\000%\336\002 \024\036\211\237\201t\376\272E\270\230\020\334\014\356g\273\025((\376\266\216@ \254^2T\233\013\034\201\024\265\367by\212S\325C\240\024\312\370\262\227\317\370\362\3717\350\203\024E0\246\210\344\325\345r\024T\251\006P\255\352\333\372\351\337\302\000"";   nodeid: ""\240\000\000\000\000\000\000\000\000\000\000\000\000\000\000\000\000\000\000\000\000\000\000\000\000\000\000\000\000\000\000\000\001""; }; ","ledgerHash: ""u\315\243\367\211\2625\240r:n\277\003\026\366\353'\216jy9\\001\220\223~\341j\254O\025\257""; ledgerSeq: 0; type: liTS_CANDIDATE; nodes {;   nodedata: ""\022\000\000""\000\000\000\000$\000\000\000\001 \033\000\000\000\027a@\000\000\027H\206*@h@\000\000\000\000\000\000\ns!\0030\347\374\235V\273%\326\211;\243\363\027\256[\3173\263)\033\326=\263&T\243\023""/\177\320 tF0D\002 0\023\341\332; \2711\245\020\321\3300\345\267-)\230\177\246\236AQ\327\203\207H\226+\000%\336\002 \024\036\211\237\201t\376\272E\270\230\020\334\014\356g\273\025((\376\266\216@ \254^2T\233\013\034\201\024\265\367by\212S\325C\240\024\312\370\262\227\317\370\362\3717\350\203\024E0\246\210\344\325\345r\024T\251\006P\255\352\333\372\351\337\302\000"";   nodeid: ""\240\000\000\000\000\000\000\000\000\000\000\000\000\000\000\000\000\000\000\000\000\000\000\000\000\000\000\000\000\000\000\000\001""; }; "
1750587270025,1750587270025,342,1,2,1,TMGetLedger,"itype: liTS_CANDIDATE; ledgerHash: ""u\315\243\367\211\2625\240r:n\277\003\026\366\353'\216jy9\\001\220\223~\341j\254O\025\257""; nodeIDs: ""\000\000\000\000\000\000\000\000\000\000\000\000\000\000\000\000\000\000\000\000\000\000\000\000\000\000\000\000\000\000\000\000\000""; requestCookie: 2; queryType: qtINDIRECT; queryDepth: 3; ","itype: liTS_CANDIDATE; ledgerHash: ""u\315\243\367\211\2625\240r:n\277\003\026\366\353'\216jy9\\001\220\223~\341j\254O\025\257""; nodeIDs: ""\000\000\000\000\000\000\000\000\000\000\000\000\000\000\000\000\000\000\000\000\000\000\000\000\000\000\000\000\000\000\000\000\000""; requestCookie: 2; queryType: qtINDIRECT; queryDepth: 3; "
1750587270039,1750587270040,2655,1,1,0,TMLedgerData,"ledgerHash: ""u\315\243\367\211\2625\240r:n\277\003\026\366\353'\216jy9\\001\220\223~\341j\254O\025\257""; ledgerSeq: 0; type: liTS_CANDIDATE; nodes {;   nodedata: ""\246C\232\272\013^\241\340~\030'\005/\234\037\355\231\230\017\266\365\303w\360\273\374\234\362S:\270\023\n\003"";   nodeid: ""\000\000\000\000\000\000\000\000\000\000\000\000\000\000\000\000\000\000\000\000\000\000\000\000\000\000\000\000\000\000\000\000\000""; }; requestCookie: 4; ","ledgerHash: ""u\315\243\367\211\2625\240r:n\277\003\026\366\353'\216jy9\\001\220\223~\341j\254O\025\257""; ledgerSeq: 0; type: liTS_CANDIDATE; nodes {;   nodedata: ""\246C\232\272\013^\241\340~\030'\005/\234\037\355\231\230\017\266\365\303w\360\273\374\234\362S:\270\023\n\003"";   nodeid: ""\000\000\000\000\000\000\000\000\000\000\000\000\000\000\000\000\000\000\000\000\000\000\000\000\000\000\000\000\000\000\000\000\000""; }; requestCookie: 4; "
1750587270056,1750587270057,2655,1,1,0,TMLedgerData,"ledgerHash: ""u\315\243\367\211\2625\240r:n\277\003\026\366\353'\216jy9\\001\220\223~\341j\254O\025\257""; ledgerSeq: 0; type: liTS_CANDIDATE; nodes {;   nodedata: ""\022\000\000""\000\000\000\000$\000\000\000\001 \033\000\000\000\027a@\000\000\027H\206*@h@\000\000\000\000\000\000\ns!\0030\347\374\235V\273%\326\211;\243\363\027\256[\3173\263)\033\326=\263&T\243\023""/\177\320 tF0D\002 0\023\341\332; \2711\245\020\321\3300\345\267-)\230\177\246\236AQ\327\203\207H\226+\000%\336\002 \024\036\211\237\201t\376\272E\270\230\020\334\014\356g\273\025((\376\266\216@ \254^2T\233\013\034\201\024\265\367by\212S\325C\240\024\312\370\262\227\317\370\362\3717\350\203\024E0\246\210\344\325\345r\024T\251\006P\255\352\333\372\351\337\302\000"";   nodeid: ""\240\000\000\000\000\000\000\000\000\000\000\000\000\000\000\000\000\000\000\000\000\000\000\000\000\000\000\000\000\000\000\000\001""; }; ","ledgerHash: ""u\315\243\367\211\2625\240r:n\277\003\026\366\353'\216jy9\\001\220\223~\341j\254O\025\257""; ledgerSeq: 0; type: liTS_CANDIDATE; nodes {;   nodedata: ""\022\000\000""\000\000\000\000$\000\000\000\001 \033\000\000\000\027a@\000\000\027H\206*@h@\000\000\000\000\000\000\ns!\0030\347\374\235V\273%\326\211;\243\363\027\256[\3173\263)\033\326=\263&T\243\023""/\177\320 tF0D\002 0\023\341\332; \2711\245\020\321\3300\345\267-)\230\177\246\236AQ\327\203\207H\226+\000%\336\002 \024\036\211\237\201t\376\272E\270\230\020\334\014\356g\273\025((\376\266\216@ \254^2T\233\013\034\201\024\265\367by\212S\325C\240\024\312\370\262\227\317\370\362\3717\350\203\024E0\246\210\344\325\345r\024T\251\006P\255\352\333\372\351\337\302\000"";   nodeid: ""\240\000\000\000\000\000\000\000\000\000\000\000\000\000\000\000\000\000\000\000\000\000\000\000\000\000\000\000\000\000\000\000\001""; }; "
1750587270079,1750587270079,557,1,4,1,TMGetLedger,"itype: liTS_CANDIDATE; ledgerHash: ""u\315\243\367\211\2625\240r:n\277\003\026\366\353'\216jy9\\001\220\223~\341j\254O\025\257""; nodeIDs: ""\240\000\000\000\000\000\000\000\000\000\000\000\000\000\000\000\000\000\000\000\000\000\000\000\000\000\000\000\000\000\000\000\001""; requestCookie: 1; queryType: qtINDIRECT; ","itype: liTS_CANDIDATE; ledgerHash: ""u\315\243\367\211\2625\240r:n\277\003\026\366\353'\216jy9\\001\220\223~\341j\254O\025\257""; nodeIDs: ""\240\000\000\000\000\000\000\000\000\000\000\000\000\000\000\000\000\000\000\000\000\000\000\000\000\000\000\000\000\000\000\000\001""; requestCookie: 1; queryType: qtINDIRECT; "
1750587270097,1750587270097,342,1,2,1,TMGetLedger,"itype: liTS_CANDIDATE; ledgerHash: ""u\315\243\367\211\2625\240r:n\277\003\026\366\353'\216jy9\\001\220\223~\341j\254O\025\257""; nodeIDs: ""\000\000\000\000\000\000\000\000\000\000\000\000\000\000\000\000\000\000\000\000\000\000\000\000\000\000\000\000\000\000\000\000\000""; requestCookie: 4; queryType: qtINDIRECT; queryDepth: 3; ","itype: liTS_CANDIDATE; ledgerHash: ""u\315\243\367\211\2625\240r:n\277\003\026\366\353'\216jy9\\001\220\223~\341j\254O\025\257""; nodeIDs: ""\000\000\000\000\000\000\000\000\000\000\000\000\000\000\000\000\000\000\000\000\000\000\000\000\000\000\000\000\000\000\000\000\000""; requestCookie: 4; queryType: qtINDIRECT; queryDepth: 3; "
1750587270104,1750587270104,393,1,0,1,TMGetLedger,"itype: liTS_CANDIDATE; ledgerHash: ""8h\232\211g)\354\005\246\256XI\265J\214\312}\261\211y\355]\0228j\360\0224\003\021%\014""; nodeIDs: ""\000\000\000\000\000\000\000\000\000\000\000\000\000\000\000\000\000\000\000\000\000\000\000\000\000\000\000\000\000\000\000\000\000""; queryType: qtINDIRECT; queryDepth: 3; ","itype: liTS_CANDIDATE; ledgerHash: ""8h\232\211g)\354\005\246\256XI\265J\214\312}\261\211y\355]\0228j\360\0224\003\021%\014""; nodeIDs: ""\000\000\000\000\000\000\000\000\000\000\000\000\000\000\000\000\000\000\000\000\000\000\000\000\000\000\000\000\000\000\000\000\000""; queryType: qtINDIRECT; queryDepth: 3; "
1750587270105,1750587270105,3414,1,0,2,TMGetLedger,"itype: liTS_CANDIDATE; ledgerHash: ""8h\232\211g)\354\005\246\256XI\265J\214\312}\261\211y\355]\0228j\360\0224\003\021%\014""; nodeIDs: ""\000\000\000\000\000\000\000\000\000\000\000\000\000\000\000\000\000\000\000\000\000\000\000\000\000\000\000\000\000\000\000\000\000""; queryType: qtINDIRECT; queryDepth: 3; ","itype: liTS_CANDIDATE; ledgerHash: ""8h\232\211g)\354\005\246\256XI\265J\214\312}\261\211y\355]\0228j\360\0224\003\021%\014""; nodeIDs: ""\000\000\000\000\000\000\000\000\000\000\000\000\000\000\000\000\000\000\000\000\000\000\000\000\000\000\000\000\000\000\000\000\000""; queryType: qtINDIRECT; queryDepth: 3; "
1750587270106,1750587270106,1764,1,0,3,TMGetLedger,"itype: liTS_CANDIDATE; ledgerHash: ""8h\232\211g)\354\005\246\256XI\265J\214\312}\261\211y\355]\0228j\360\0224\003\021%\014""; nodeIDs: ""\000\000\000\000\000\000\000\000\000\000\000\000\000\000\000\000\000\000\000\000\000\000\000\000\000\000\000\000\000\000\000\000\000""; queryType: qtINDIRECT; queryDepth: 3; ","itype: liTS_CANDIDATE; ledgerHash: ""8h\232\211g)\354\005\246\256XI\265J\214\312}\261\211y\355]\0228j\360\0224\003\021%\014""; nodeIDs: ""\000\000\000\000\000\000\000\000\000\000\000\000\000\000\000\000\000\000\000\000\000\000\000\000\000\000\000\000\000\000\000\000\000""; queryType: qtINDIRECT; queryDepth: 3; "
1750587270105,1750587270105,1466,1,0,4,TMGetLedger,"itype: liTS_CANDIDATE; ledgerHash: ""8h\232\211g)\354\005\246\256XI\265J\214\312}\261\211y\355]\0228j\360\0224\003\021%\014""; nodeIDs: ""\000\000\000\000\000\000\000\000\000\000\000\000\000\000\000\000\000\000\000\000\000\000\000\000\000\000\000\000\000\000\000\000\000""; queryType: qtINDIRECT; queryDepth: 3; ","itype: liTS_CANDIDATE; ledgerHash: ""8h\232\211g)\354\005\246\256XI\265J\214\312}\261\211y\355]\0228j\360\0224\003\021%\014""; nodeIDs: ""\000\000\000\000\000\000\000\000\000\000\000\000\000\000\000\000\000\000\000\000\000\000\000\000\000\000\000\000\000\000\000\000\000""; queryType: qtINDIRECT; queryDepth: 3; "
1750587270110,1750587270110,734,1,3,2,TMValidation,"validation: """"\200\000\000\001&\000\000\000\005)/\352\224\004:v|\203\267)\257\206\032Q\372\373$P*|\321\342\002\026\n\3215\340\3203\200x\327D\301]5\237\247Yz\3711!L\214P\027\000\000\000\000\000\000\000\000\000\000\000\000\000\000\000\000\000\000\000\000\000\000\000\000\000\000\000\000\000\000\000\000P\031\241'\332/+\360Bx\036+\210j\237K%\340]\246E\2434\264K\036\030qP\317\315\336\325\007s!\003.\200\224\215?)t\306\315\242\313\251\255\302\204=\232.\271%}\013\024s\024\002@\216l""\241FvG0E\002!\000\337Cq\270\t\331>\352<\352\206\025\232\340t\374\263\030\000\325]\306\256\223,\0163\26619\374a\002 ""p=\222\325\240\252]w\276?\250\200\270(\263\031\0103\010\262\247^\336\317k\rSE\342\016\t""; ","validation: """"\200\000\000\001&\000\000\000\005)/\352\224\004:v|\203\267)\257\206\032Q\372\373$P*|\321\342\002\026\n\3215\340\3203\200x\327D\301]5\237\247Yz\3711!L\214P\027\000\000\000\000\000\000\000\000\000\000\000\000\000\000\000\000\000\000\000\000\000\000\000\000\000\000\000\000\000\000\000\000P\031\241'\332/+\360Bx\036+\210j\237K%\340]\246E\2434\264K\036\030qP\317\315\336\325\007s!\003.\200\224\215?)t\306\315\242\313\251\255\302\204=\232.\271%}\013\024s\024\002@\216l""\241FvG0E\002!\000\337Cq\270\t\331>\352<\352\206\025\232\340t\374\263\030\000\325]\306\256\223,\0163\26619\374a\002 ""p=\222\325\240\252]w\276?\250\200\270(\263\031\0103\010\262\247^\336\317k\rSE\342\016\t""; "
1750587270110,1750587270110,2573,1,3,1,TMValidation,"validation: """"\200\000\000\001&\000\000\000\005)/\352\224\004:v|\203\267)\257\206\032Q\372\373$P*|\321\342\002\026\n\3215\340\3203\200x\327D\301]5\237\247Yz\3711!L\214P\027\000\000\000\000\000\000\000\000\000\000\000\000\000\000\000\000\000\000\000\000\000\000\000\000\000\000\000\000\000\000\000\000P\031\241'\332/+\360Bx\036+\210j\237K%\340]\246E\2434\264K\036\030qP\317\315\336\325\007s!\003.\200\224\215?)t\306\315\242\313\251\255\302\204=\232.\271%}\013\024s\024\002@\216l""\241FvG0E\002!\000\337Cq\270\t\331>\352<\352\206\025\232\340t\374\263\030\000\325]\306\256\223,\0163\26619\374a\002 ""p=\222\325\240\252]w\276?\250\200\270(\263\031\0103\010\262\247^\336\317k\rSE\342\016\t""; ","validation: """"\200\000\000\001&\000\000\000\005)/\352\224\004:v|\203\267)\257\206\032Q\372\373$P*|\321\342\002\026\n\3215\340\3203\200x\327D\301]5\237\247Yz\3711!L\214P\027\000\000\000\000\000\000\000\000\000\000\000\000\000\000\000\000\000\000\000\000\000\000\000\000\000\000\000\000\000\000\000\000P\031\241'\332/+\360Bx\036+\210j\237K%\340]\246E\2434\264K\036\030qP\317\315\336\325\007s!\003.\200\224\215?)t\306\315\242\313\251\255\302\204=\232.\271%}\013\024s\024\002@\216l""\241FvG0E\002!\000\337Cq\270\t\331>\352<\352\206\025\232\340t\374\263\030\000\325]\306\256\223,\0163\26619\374a\002 ""p=\222\325\240\252]w\276?\250\200\270(\263\031\0103\010\262\247^\336\317k\rSE\342\016\t""; "
1750587270110,1750587270110,3767,1,3,0,TMValidation,"validation: """"\200\000\000\001&\000\000\000\005)/\352\224\004:v|\203\267)\257\206\032Q\372\373$P*|\321\342\002\026\n\3215\340\3203\200x\327D\301]5\237\247Yz\3711!L\214P\027\000\000\000\000\000\000\000\000\000\000\000\000\000\000\000\000\000\000\000\000\000\000\000\000\000\000\000\000\000\000\000\000P\031\241'\332/+\360Bx\036+\210j\237K%\340]\246E\2434\264K\036\030qP\317\315\336\325\007s!\003.\200\224\215?)t\306\315\242\313\251\255\302\204=\232.\271%}\013\024s\024\002@\216l""\241FvG0E\002!\000\337Cq\270\t\331>\352<\352\206\025\232\340t\374\263\030\000\325]\306\256\223,\0163\26619\374a\002 ""p=\222\325\240\252]w\276?\250\200\270(\263\031\0103\010\262\247^\336\317k\rSE\342\016\t""; ","validation: """"\200\000\000\001&\000\000\000\005)/\352\224\004:v|\203\267)\257\206\032Q\372\373$P*|\321\342\002\026\n\3215\340\3203\200x\327D\301]5\237\247Yz\3711!L\214P\027\000\000\000\000\000\000\000\000\000\000\000\000\000\000\000\000\000\000\000\000\000\000\000\000\000\000\000\000\000\000\000\000P\031\241'\332/+\360Bx\036+\210j\237K%\340]\246E\2434\264K\036\030qP\317\315\336\325\007s!\003.\200\224\215?)t\306\315\242\313\251\255\302\204=\232.\271%}\013\024s\024\002@\216l""\241FvG0E\002!\000\337Cq\270\t\331>\352<\352\206\025\232\340t\374\263\030\000\325]\306\256\223,\0163\26619\374a\002 ""p=\222\325\240\252]w\276?\250\200\270(\263\031\0103\010\262\247^\336\317k\rSE\342\016\t""; "
1750587270113,1750587270113,393,1,0,1,TMGetLedger,"itype: liTS_CANDIDATE; ledgerHash: ""u\315\243\367\211\2625\240r:n\277\003\026\366\353'\216jy9\\001\220\223~\341j\254O\025\257""; nodeIDs: ""\240\000\000\000\000\000\000\000\000\000\000\000\000\000\000\000\000\000\000\000\000\000\000\000\000\000\000\000\000\000\000\000\001""; queryType: qtINDIRECT; ","itype: liTS_CANDIDATE; ledgerHash: ""u\315\243\367\211\2625\240r:n\277\003\026\366\353'\216jy9\\001\220\223~\341j\254O\025\257""; nodeIDs: ""\240\000\000\000\000\000\000\000\000\000\000\000\000\000\000\000\000\000\000\000\000\000\000\000\000\000\000\000\000\000\000\000\001""; queryType: qtINDIRECT; "
1750587270114,1750587270114,1764,1,0,3,TMGetLedger,"itype: liTS_CANDIDATE; ledgerHash: ""u\315\243\367\211\2625\240r:n\277\003\026\366\353'\216jy9\\001\220\223~\341j\254O\025\257""; nodeIDs: ""\240\000\000\000\000\000\000\000\000\000\000\000\000\000\000\000\000\000\000\000\000\000\000\000\000\000\000\000\000\000\000\000\001""; queryType: qtINDIRECT; ","itype: liTS_CANDIDATE; ledgerHash: ""u\315\243\367\211\2625\240r:n\277\003\026\366\353'\216jy9\\001\220\223~\341j\254O\025\257""; nodeIDs: ""\240\000\000\000\000\000\000\000\000\000\000\000\000\000\000\000\000\000\000\000\000\000\000\000\000\000\000\000\000\000\000\000\001""; queryType: qtINDIRECT; "
1750587270114,1750587270114,3414,1,0,2,TMGetLedger,"itype: liTS_CANDIDATE; ledgerHash: ""u\315\243\367\211\2625\240r:n\277\003\026\366\353'\216jy9\\001\220\223~\341j\254O\025\257""; nodeIDs: ""\240\000\000\000\000\000\000\000\000\000\000\000\000\000\000\000\000\000\000\000\000\000\000\000\000\000\000\000\000\000\000\000\001""; queryType: qtINDIRECT; ","itype: liTS_CANDIDATE; ledgerHash: ""u\315\243\367\211\2625\240r:n\277\003\026\366\353'\216jy9\\001\220\223~\341j\254O\025\257""; nodeIDs: ""\240\000\000\000\000\000\000\000\000\000\000\000\000\000\000\000\000\000\000\000\000\000\000\000\000\000\000\000\000\000\000\000\001""; queryType: qtINDIRECT; "
1750587270117,1750587270117,2472,1,1,2,TMLedgerData,"ledgerHash: ""u\315\243\367\211\2625\240r:n\277\003\026\366\353'\216jy9\\001\220\223~\341j\254O\025\257""; ledgerSeq: 0; type: liTS_CANDIDATE; nodes {;   nodedata: ""\246C\232\272\013^\241\340~\030'\005/\234\037\355\231\230\017\266\365\303w\360\273\374\234\362S:\270\023\n\003"";   nodeid: ""\000\000\000\000\000\000\000\000\000\000\000\000\000\000\000\000\000\000\000\000\000\000\000\000\000\000\000\000\000\000\000\000\000""; }; requestCookie: 2; ","ledgerHash: ""u\315\243\367\211\2625\240r:n\277\003\026\366\353'\216jy9\\001\220\223~\341j\254O\025\257""; ledgerSeq: 0; type: liTS_CANDIDATE; nodes {;   nodedata: ""\246C\232\272\013^\241\340~\030'\005/\234\037\355\231\230\017\266\365\303w\360\273\374\234\362S:\270\023\n\003"";   nodeid: ""\000\000\000\000\000\000\000\000\000\000\000\000\000\000\000\000\000\000\000\000\000\000\000\000\000\000\000\000\000\000\000\000\000""; }; requestCookie: 2; "
1750587270121,1750587270121,393,1,0,1,TMGetLedger,"itype: liTS_CANDIDATE; ledgerHash: ""8h\232\211g)\354\005\246\256XI\265J\214\312}\261\211y\355]\0228j\360\0224\003\021%\014""; nodeIDs: ""\000\000\000\000\000\000\000\000\000\000\000\000\000\000\000\000\000\000\000\000\000\000\000\000\000\000\000\000\000\000\000\000\000""; requestCookie: 5; queryType: qtINDIRECT; queryDepth: 3; ","itype: liTS_CANDIDATE; ledgerHash: ""8h\232\211g)\354\005\246\256XI\265J\214\312}\261\211y\355]\0228j\360\0224\003\021%\014""; nodeIDs: ""\000\000\000\000\000\000\000\000\000\000\000\000\000\000\000\000\000\000\000\000\000\000\000\000\000\000\000\000\000\000\000\000\000""; requestCookie: 5; queryType: qtINDIRECT; queryDepth: 3; "
1750587270121,1750587270122,1466,1,0,4,TMGetLedger,"itype: liTS_CANDIDATE; ledgerHash: ""u\315\243\367\211\2625\240r:n\277\003\026\366\353'\216jy9\\001\220\223~\341j\254O\025\257""; nodeIDs: ""\240\000\000\000\000\000\000\000\000\000\000\000\000\000\000\000\000\000\000\000\000\000\000\000\000\000\000\000\000\000\000\000\001""; queryType: qtINDIRECT; ","itype: liTS_CANDIDATE; ledgerHash: ""u\315\243\367\211\2625\240r:n\277\003\026\366\353'\216jy9\\001\220\223~\341j\254O\025\257""; nodeIDs: ""\240\000\000\000\000\000\000\000\000\000\000\000\000\000\000\000\000\000\000\000\000\000\000\000\000\000\000\000\000\000\000\000\001""; queryType: qtINDIRECT; "
1750587270124,1750587270124,557,1,4,1,TMGetLedger,"itype: liTS_CANDIDATE; ledgerHash: ""u\315\243\367\211\2625\240r:n\277\003\026\366\353'\216jy9\\001\220\223~\341j\254O\025\257""; nodeIDs: ""\000\000\000\000\000\000\000\000\000\000\000\000\000\000\000\000\000\000\000\000\000\000\000\000\000\000\000\000\000\000\000\000\000""; requestCookie: 4; queryType: qtINDIRECT; queryDepth: 3; ","itype: liTS_CANDIDATE; ledgerHash: ""u\315\243\367\211\2625\240r:n\277\003\026\366\353'\216jy9\\001\220\223~\341j\254O\025\257""; nodeIDs: ""\000\000\000\000\000\000\000\000\000\000\000\000\000\000\000\000\000\000\000\000\000\000\000\000\000\000\000\000\000\000\000\000\000""; requestCookie: 4; queryType: qtINDIRECT; queryDepth: 3; "
1750587270137,1750587270137,2715,1,1,4,TMLedgerData,"ledgerHash: ""u\315\243\367\211\2625\240r:n\277\003\026\366\353'\216jy9\\001\220\223~\341j\254O\025\257""; ledgerSeq: 0; type: liTS_CANDIDATE; nodes {;   nodedata: ""\246C\232\272\013^\241\340~\030'\005/\234\037\355\231\230\017\266\365\303w\360\273\374\234\362S:\270\023\n\003"";   nodeid: ""\000\000\000\000\000\000\000\000\000\000\000\000\000\000\000\000\000\000\000\000\000\000\000\000\000\000\000\000\000\000\000\000\000""; }; requestCookie: 1; ","ledgerHash: ""u\315\243\367\211\2625\240r:n\277\003\026\366\353'\216jy9\\001\220\223~\341j\254O\025\257""; ledgerSeq: 0; type: liTS_CANDIDATE; nodes {;   nodedata: ""\246C\232\272\013^\241\340~\030'\005/\234\037\355\231\230\017\266\365\303w\360\273\374\234\362S:\270\023\n\003"";   nodeid: ""\000\000\000\000\000\000\000\000\000\000\000\000\000\000\000\000\000\000\000\000\000\000\000\000\000\000\000\000\000\000\000\000\000""; }; requestCookie: 1; "
1750587270144,1750587270144,393,1,0,1,TMGetLedger,"itype: liTS_CANDIDATE; ledgerHash: ""u\315\243\367\211\2625\240r:n\277\003\026\366\353'\216jy9\\001\220\223~\341j\254O\025\257""; nodeIDs: ""\000\000\000\000\000\000\000\000\000\000\000\000\000\000\000\000\000\000\000\000\000\000\000\000\000\000\000\000\000\000\000\000\000""; requestCookie: 4; queryType: qtINDIRECT; queryDepth: 3; ","itype: liTS_CANDIDATE; ledgerHash: ""u\315\243\367\211\2625\240r:n\277\003\026\366\353'\216jy9\\001\220\223~\341j\254O\025\257""; nodeIDs: ""\000\000\000\000\000\000\000\000\000\000\000\000\000\000\000\000\000\000\000\000\000\000\000\000\000\000\000\000\000\000\000\000\000""; requestCookie: 4; queryType: qtINDIRECT; queryDepth: 3; "
1750587270148,1750587270148,1399,1,1,3,TMLedgerData,"ledgerHash: ""u\315\243\367\211\2625\240r:n\277\003\026\366\353'\216jy9\\001\220\223~\341j\254O\025\257""; ledgerSeq: 0; type: liTS_CANDIDATE; nodes {;   nodedata: ""\246C\232\272\013^\241\340~\030'\005/\234\037\355\231\230\017\266\365\303w\360\273\374\234\362S:\270\023\n\003"";   nodeid: ""\000\000\000\000\000\000\000\000\000\000\000\000\000\000\000\000\000\000\000\000\000\000\000\000\000\000\000\000\000\000\000\000\000""; }; ","ledgerHash: ""u\315\243\367\211\2625\240r:n\277\003\026\366\353'\216jy9\\001\220\223~\341j\254O\025\257""; ledgerSeq: 0; type: liTS_CANDIDATE; nodes {;   nodedata: ""\246C\232\272\013^\241\340~\030'\005/\234\037\355\231\230\017\266\365\303w\360\273\374\234\362S:\270\023\n\003"";   nodeid: ""\000\000\000\000\000\000\000\000\000\000\000\000\000\000\000\000\000\000\000\000\000\000\000\000\000\000\000\000\000\000\000\000\000""; }; "
1750587270156,1750587270157,2565,1,3,0,TMLedgerData,"ledgerHash: ""u\315\243\367\211\2625\240r:n\277\003\026\366\353'\216jy9\\001\220\223~\341j\254O\025\257""; ledgerSeq: 0; type: liTS_CANDIDATE; nodes {;   nodedata: ""\246C\232\272\013^\241\340~\030'\005/\234\037\355\231\230\017\266\365\303w\360\273\374\234\362S:\270\023\n\003"";   nodeid: ""\000\000\000\000\000\000\000\000\000\000\000\000\000\000\000\000\000\000\000\000\000\000\000\000\000\000\000\000\000\000\000\000\000""; }; ","ledgerHash: ""u\315\243\367\211\2625\240r:n\277\003\026\366\353'\216jy9\\001\220\223~\341j\254O\025\257""; ledgerSeq: 0; type: liTS_CANDIDATE; nodes {;   nodedata: ""\246C\232\272\013^\241\340~\030'\005/\234\037\355\231\230\017\266\365\303w\360\273\374\234\362S:\270\023\n\003"";   nodeid: ""\000\000\000\000\000\000\000\000\000\000\000\000\000\000\000\000\000\000\000\000\000\000\000\000\000\000\000\000\000\000\000\000\000""; }; "
1750587270160,1750587270160,2715,1,1,4,TMLedgerData,"ledgerHash: ""8h\232\211g)\354\005\246\256XI\265J\214\312}\261\211y\355]\0228j\360\0224\003\021%\014""; ledgerSeq: 0; type: liTS_CANDIDATE; nodes {;   nodedata: ""\222c\273c4\225\334\221\227u?\025\314=\305/\262\367\217\375\027j\323\304\372\312Fv\2716\001\355\t\246C\232\272\013^\241\340~\030'\005/\234\037\355\231\230\017\266\365\303w\360\273\374\234\362S:\270\023\n\270\212\275\306\204\271\274\361K|t\323\346\2174\324\362\014S]\301\325\344rY\277\343\351\364\374\023\263\013\003"";   nodeid: ""\000\000\000\000\000\000\000\000\000\000\000\000\000\000\000\000\000\000\000\000\000\000\000\000\000\000\000\000\000\000\000\000\000""; }; ","ledgerHash: ""8h\232\211g)\354\005\246\256XI\265J\214\312}\261\211y\355]\0228j\360\0224\003\021%\014""; ledgerSeq: 0; type: liTS_CANDIDATE; nodes {;   nodedata: ""\222c\273c4\225\334\221\227u?\025\314=\305/\262\367\217\375\027j\323\304\372\312Fv\2716\001\355\t\246C\232\272\013^\241\340~\030'\005/\234\037\355\231\230\017\266\365\303w\360\273\374\234\362S:\270\023\n\270\212\275\306\204\271\274\361K|t\323\346\2174\324\362\014S]\301\325\344rY\277\343\351\364\374\023\263\013\003"";   nodeid: ""\000\000\000\000\000\000\000\000\000\000\000\000\000\000\000\000\000\000\000\000\000\000\000\000\000\000\000\000\000\000\000\000\000""; }; "
1750587270162,1750587270162,393,1,0,1,TMGetLedger,"itype: liTS_CANDIDATE; ledgerHash: ""u\315\243\367\211\2625\240r:n\277\003\026\366\353'\216jy9\\001\220\223~\341j\254O\025\257""; nodeIDs: ""\240\000\000\000\000\000\000\000\000\000\000\000\000\000\000\000\000\000\000\000\000\000\000\000\000\000\000\000\000\000\000\000\001""; queryType: qtINDIRECT; ","itype: liTS_CANDIDATE; ledgerHash: ""u\315\243\367\211\2625\240r:n\277\003\026\366\353'\216jy9\\001\220\223~\341j\254O\025\257""; nodeIDs: ""\240\000\000\000\000\000\000\000\000\000\000\000\000\000\000\000\000\000\000\000\000\000\000\000\000\000\000\000\000\000\000\000\001""; queryType: qtINDIRECT; "
1750587270182,1750587270182,2715,1,1,4,TMLedgerData,"ledgerHash: ""u\315\243\367\211\2625\240r:n\277\003\026\366\353'\216jy9\\001\220\223~\341j\254O\025\257""; ledgerSeq: 0; type: liTS_CANDIDATE; nodes {;   nodedata: ""\246C\232\272\013^\241\340~\030'\005/\234\037\355\231\230\017\266\365\303w\360\273\374\234\362S:\270\023\n\003"";   nodeid: ""\000\000\000\000\000\000\000\000\000\000\000\000\000\000\000\000\000\000\000\000\000\000\000\000\000\000\000\000\000\000\000\000\000""; }; requestCookie: 4; ","ledgerHash: ""u\315\243\367\211\2625\240r:n\277\003\026\366\353'\216jy9\\001\220\223~\341j\254O\025\257""; ledgerSeq: 0; type: liTS_CANDIDATE; nodes {;   nodedata: ""\246C\232\272\013^\241\340~\030'\005/\234\037\355\231\230\017\266\365\303w\360\273\374\234\362S:\270\023\n\003"";   nodeid: ""\000\000\000\000\000\000\000\000\000\000\000\000\000\000\000\000\000\000\000\000\000\000\000\000\000\000\000\000\000\000\000\000\000""; }; requestCookie: 4; "
1750587270185,1750587270185,342,1,2,1,TMGetLedger,"itype: liTS_CANDIDATE; ledgerHash: ""8h\232\211g)\354\005\246\256XI\265J\214\312}\261\211y\355]\0228j\360\0224\003\021%\014""; nodeIDs: ""\000\000\000\000\000\000\000\000\000\000\000\000\000\000\000\000\000\000\000\000\000\000\000\000\000\000\000\000\000\000\000\000\000""; queryType: qtINDIRECT; queryDepth: 3; ","itype: liTS_CANDIDATE; ledgerHash: ""8h\232\211g)\354\005\246\256XI\265J\214\312}\261\211y\355]\0228j\360\0224\003\021%\014""; nodeIDs: ""\000\000\000\000\000\000\000\000\000\000\000\000\000\000\000\000\000\000\000\000\000\000\000\000\000\000\000\000\000\000\000\000\000""; queryType: qtINDIRECT; queryDepth: 3; "
1750587270185,1750587270186,1582,1,2,0,TMGetLedger,"itype: liTS_CANDIDATE; ledgerHash: ""8h\232\211g)\354\005\246\256XI\265J\214\312}\261\211y\355]\0228j\360\0224\003\021%\014""; nodeIDs: ""\000\000\000\000\000\000\000\000\000\000\000\000\000\000\000\000\000\000\000\000\000\000\000\000\000\000\000\000\000\000\000\000\000""; queryType: qtINDIRECT; queryDepth: 3; ","itype: liTS_CANDIDATE; ledgerHash: ""8h\232\211g)\354\005\246\256XI\265J\214\312}\261\211y\355]\0228j\360\0224\003\021%\014""; nodeIDs: ""\000\000\000\000\000\000\000\000\000\000\000\000\000\000\000\000\000\000\000\000\000\000\000\000\000\000\000\000\000\000\000\000\000""; queryType: qtINDIRECT; queryDepth: 3; "
1750587270186,1750587270186,499,1,2,4,TMGetLedger,"itype: liTS_CANDIDATE; ledgerHash: ""8h\232\211g)\354\005\246\256XI\265J\214\312}\261\211y\355]\0228j\360\0224\003\021%\014""; nodeIDs: ""\000\000\000\000\000\000\000\000\000\000\000\000\000\000\000\000\000\000\000\000\000\000\000\000\000\000\000\000\000\000\000\000\000""; queryType: qtINDIRECT; queryDepth: 3; ","itype: liTS_CANDIDATE; ledgerHash: ""8h\232\211g)\354\005\246\256XI\265J\214\312}\261\211y\355]\0228j\360\0224\003\021%\014""; nodeIDs: ""\000\000\000\000\000\000\000\000\000\000\000\000\000\000\000\000\000\000\000\000\000\000\000\000\000\000\000\000\000\000\000\000\000""; queryType: qtINDIRECT; queryDepth: 3; "
1750587270186,1750587270186,3898,1,2,3,TMGetLedger,"itype: liTS_CANDIDATE; ledgerHash: ""8h\232\211g)\354\005\246\256XI\265J\214\312}\261\211y\355]\0228j\360\0224\003\021%\014""; nodeIDs: ""\000\000\000\000\000\000\000\000\000\000\000\000\000\000\000\000\000\000\000\000\000\000\000\000\000\000\000\000\000\000\000\000\000""; queryType: qtINDIRECT; queryDepth: 3; ","itype: liTS_CANDIDATE; ledgerHash: ""8h\232\211g)\354\005\246\256XI\265J\214\312}\261\211y\355]\0228j\360\0224\003\021%\014""; nodeIDs: ""\000\000\000\000\000\000\000\000\000\000\000\000\000\000\000\000\000\000\000\000\000\000\000\000\000\000\000\000\000\000\000\000\000""; queryType: qtINDIRECT; queryDepth: 3; "
1750587270197,1750587270198,2472,1,1,2,TMLedgerData,"ledgerHash: ""u\315\243\367\211\2625\240r:n\277\003\026\366\353'\216jy9\\001\220\223~\341j\254O\025\257""; ledgerSeq: 0; type: liTS_CANDIDATE; nodes {;   nodedata: ""\246C\232\272\013^\241\340~\030'\005/\234\037\355\231\230\017\266\365\303w\360\273\374\234\362S:\270\023\n\003"";   nodeid: ""\000\000\000\000\000\000\000\000\000\000\000\000\000\000\000\000\000\000\000\000\000\000\000\000\000\000\000\000\000\000\000\000\000""; }; requestCookie: 4; ","ledgerHash: ""u\315\243\367\211\2625\240r:n\277\003\026\366\353'\216jy9\\001\220\223~\341j\254O\025\257""; ledgerSeq: 0; type: liTS_CANDIDATE; nodes {;   nodedata: ""\246C\232\272\013^\241\340~\030'\005/\234\037\355\231\230\017\266\365\303w\360\273\374\234\362S:\270\023\n\003"";   nodeid: ""\000\000\000\000\000\000\000\000\000\000\000\000\000\000\000\000\000\000\000\000\000\000\000\000\000\000\000\000\000\000\000\000\000""; }; requestCookie: 4; "
1750587270249,1750587270249,2655,1,1,0,TMLedgerData,"ledgerHash: ""8h\232\211g)\354\005\246\256XI\265J\214\312}\261\211y\355]\0228j\360\0224\003\021%\014""; ledgerSeq: 0; type: liTS_CANDIDATE; nodes {;   nodedata: ""\222c\273c4\225\334\221\227u?\025\314=\305/\262\367\217\375\027j\323\304\372\312Fv\2716\001\355\t\246C\232\272\013^\241\340~\030'\005/\234\037\355\231\230\017\266\365\303w\360\273\374\234\362S:\270\023\n\270\212\275\306\204\271\274\361K|t\323\346\2174\324\362\014S]\301\325\344rY\277\343\351\364\374\023\263\013\003"";   nodeid: ""\000\000\000\000\000\000\000\000\000\000\000\000\000\000\000\000\000\000\000\000\000\000\000\000\000\000\000\000\000\000\000\000\000""; }; ","ledgerHash: ""8h\232\211g)\354\005\246\256XI\265J\214\312}\261\211y\355]\0228j\360\0224\003\021%\014""; ledgerSeq: 0; type: liTS_CANDIDATE; nodes {;   nodedata: ""\222c\273c4\225\334\221\227u?\025\314=\305/\262\367\217\375\027j\323\304\372\312Fv\2716\001\355\t\246C\232\272\013^\241\340~\030'\005/\234\037\355\231\230\017\266\365\303w\360\273\374\234\362S:\270\023\n\270\212\275\306\204\271\274\361K|t\323\346\2174\324\362\014S]\301\325\344rY\277\343\351\364\374\023\263\013\003"";   nodeid: ""\000\000\000\000\000\000\000\000\000\000\000\000\000\000\000\000\000\000\000\000\000\000\000\000\000\000\000\000\000\000\000\000\000""; }; "
1750587270257,1750587270257,2655,1,1,0,TMLedgerData,"ledgerHash: ""u\315\243\367\211\2625\240r:n\277\003\026\366\353'\216jy9\\001\220\223~\341j\254O\025\257""; ledgerSeq: 0; type: liTS_CANDIDATE; nodes {;   nodedata: ""\022\000\000""\000\000\000\000$\000\000\000\001 \033\000\000\000\027a@\000\000\027H\206*@h@\000\000\000\000\000\000\ns!\0030\347\374\235V\273%\326\211;\243\363\027\256[\3173\263)\033\326=\263&T\243\023""/\177\320 tF0D\002 0\023\341\332; \2711\245\020\321\3300\345\267-)\230\177\246\236AQ\327\203\207H\226+\000%\336\002 \024\036\211\237\201t\376\272E\270\230\020\334\014\356g\273\025((\376\266\216@ \254^2T\233\013\034\201\024\265\367by\212S\325C\240\024\312\370\262\227\317\370\362\3717\350\203\024E0\246\210\344\325\345r\024T\251\006P\255\352\333\372\351\337\302\000"";   nodeid: ""\240\000\000\000\000\000\000\000\000\000\000\000\000\000\000\000\000\000\000\000\000\000\000\000\000\000\000\000\000\000\000\000\001""; }; ","ledgerHash: ""u\315\243\367\211\2625\240r:n\277\003\026\366\353'\216jy9\\001\220\223~\341j\254O\025\257""; ledgerSeq: 0; type: liTS_CANDIDATE; nodes {;   nodedata: ""\022\000\000""\000\000\000\000$\000\000\000\001 \033\000\000\000\027a@\000\000\027H\206*@h@\000\000\000\000\000\000\ns!\0030\347\374\235V\273%\326\211;\243\363\027\256[\3173\263)\033\326=\263&T\243\023""/\177\320 tF0D\002 0\023\341\332; \2711\245\020\321\3300\345\267-)\230\177\246\236AQ\327\203\207H\226+\000%\336\002 \024\036\211\237\201t\376\272E\270\230\020\334\014\356g\273\025((\376\266\216@ \254^2T\233\013\034\201\024\265\367by\212S\325C\240\024\312\370\262\227\317\370\362\3717\350\203\024E0\246\210\344\325\345r\024T\251\006P\255\352\333\372\351\337\302\000"";   nodeid: ""\240\000\000\000\000\000\000\000\000\000\000\000\000\000\000\000\000\000\000\000\000\000\000\000\000\000\000\000\000\000\000\000\001""; }; "
1750587270268,1750587270268,1399,1,1,3,TMLedgerData,"ledgerHash: ""u\315\243\367\211\2625\240r:n\277\003\026\366\353'\216jy9\\001\220\223~\341j\254O\025\257""; ledgerSeq: 0; type: liTS_CANDIDATE; nodes {;   nodedata: ""\246C\232\272\013^\241\340~\030'\005/\234\037\355\231\230\017\266\365\303w\360\273\374\234\362S:\270\023\n\003"";   nodeid: ""\000\000\000\000\000\000\000\000\000\000\000\000\000\000\000\000\000\000\000\000\000\000\000\000\000\000\000\000\000\000\000\000\000""; }; requestCookie: 2; ","ledgerHash: ""u\315\243\367\211\2625\240r:n\277\003\026\366\353'\216jy9\\001\220\223~\341j\254O\025\257""; ledgerSeq: 0; type: liTS_CANDIDATE; nodes {;   nodedata: ""\246C\232\272\013^\241\340~\030'\005/\234\037\355\231\230\017\266\365\303w\360\273\374\234\362S:\270\023\n\003"";   nodeid: ""\000\000\000\000\000\000\000\000\000\000\000\000\000\000\000\000\000\000\000\000\000\000\000\000\000\000\000\000\000\000\000\000\000""; }; requestCookie: 2; "
1750587270274,1750587270275,342,1,2,1,TMGetLedger,"itype: liTS_CANDIDATE; ledgerHash: ""u\315\243\367\211\2625\240r:n\277\003\026\366\353'\216jy9\\001\220\223~\341j\254O\025\257""; nodeIDs: ""\000\000\000\000\000\000\000\000\000\000\000\000\000\000\000\000\000\000\000\000\000\000\000\000\000\000\000\000\000\000\000\000\000""; requestCookie: 2; queryType: qtINDIRECT; queryDepth: 3; ","itype: liTS_CANDIDATE; ledgerHash: ""u\315\243\367\211\2625\240r:n\277\003\026\366\353'\216jy9\\001\220\223~\341j\254O\025\257""; nodeIDs: ""\000\000\000\000\000\000\000\000\000\000\000\000\000\000\000\000\000\000\000\000\000\000\000\000\000\000\000\000\000\000\000\000\000""; requestCookie: 2; queryType: qtINDIRECT; queryDepth: 3; "
1750587270278,1750587270278,173,1,2,3,TMHaveTransactionSet,"status: tsHAVE; hash: ""8h\232\211g)\354\005\246\256XI\265J\214\312}\261\211y\355]\0228j\360\0224\003\021%\014""; ","status: tsHAVE; hash: ""8h\232\211g)\354\005\246\256XI\265J\214\312}\261\211y\355]\0228j\360\0224\003\021%\014""; "
1750587270279,1750587270279,3669,1,2,1,TMHaveTransactionSet,"status: tsHAVE; hash: ""8h\232\211g)\354\005\246\256XI\265J\214\312}\261\211y\355]\0228j\360\0224\003\021%\014""; ","status: tsHAVE; hash: ""8h\232\211g)\354\005\246\256XI\265J\214\312}\261\211y\355]\0228j\360\0224\003\021%\014""; "
1750587270278,1750587270278,1493,1,2,4,TMHaveTransactionSet,"status: tsHAVE; hash: ""8h\232\211g)\354\005\246\256XI\265J\214\312}\261\211y\355]\0228j\360\0224\003\021%\014""; ","status: tsHAVE; hash: ""8h\232\211g)\354\005\246\256XI\265J\214\312}\261\211y\355]\0228j\360\0224\003\021%\014""; "
1750587270279,1750587270279,3082,1,2,4,TMProposeSet,"proposeSeq: 0; currentTxHash: ""8h\232\211g)\354\005\246\256XI\265J\214\312}\261\211y\355]\0228j\360\0224\003\021%\014""; nodePubKey: ""\003ql\302)\235\321\t\213\224\356\374%%\311\327\037\374\304\t\335\2359\344\233\035]\347<u\236\364\222""; closeTime: 803902470; signature: ""0E\002!\000\366\004L@\274:\033Z\363\006J\023\204\245\252\267\356\001s\031\023vAm\342\230\206\337\235X\377\303\002 \014\316O\210\306\334\273\231\207Z\214\341\245\267t-e\224\013w\302w\332j\244-!SC\356\220q""; previousledger: ""\372\373$P*|\321\342\002\026\n\3215\340\3203\200x\327D\301]5\237\247Yz\3711!L\214""; ","proposeSeq: 0; currentTxHash: ""8h\232\211g)\354\005\246\256XI\265J\214\312}\261\211y\355]\0228j\360\0224\003\021%\014""; nodePubKey: ""\003ql\302)\235\321\t\213\224\356\374%%\311\327\037\374\304\t\335\2359\344\233\035]\347<u\236\364\222""; closeTime: 803902470; signature: ""0E\002!\000\366\004L@\274:\033Z\363\006J\023\204\245\252\267\356\001s\031\023vAm\342\230\206\337\235X\377\303\002 \014\316O\210\306\334\273\231\207Z\214\341\245\267t-e\224\013w\302w\332j\244-!SC\356\220q""; previousledger: ""\372\373$P*|\321\342\002\026\n\3215\340\3203\200x\327D\301]5\237\247Yz\3711!L\214""; "
1750587270279,1750587270280,3725,1,2,3,TMProposeSet,"proposeSeq: 0; currentTxHash: ""8h\232\211g)\354\005\246\256XI\265J\214\312}\261\211y\355]\0228j\360\0224\003\021%\014""; nodePubKey: ""\003ql\302)\235\321\t\213\224\356\374%%\311\327\037\374\304\t\335\2359\344\233\035]\347<u\236\364\222""; closeTime: 803902470; signature: ""0E\002!\000\366\004L@\274:\033Z\363\006J\023\204\245\252\267\356\001s\031\023vAm\342\230\206\337\235X\377\303\002 \014\316O\210\306\334\273\231\207Z\214\341\245\267t-e\224\013w\302w\332j\244-!SC\356\220q""; previousledger: ""\372\373$P*|\321\342\002\026\n\3215\340\3203\200x\327D\301]5\237\247Yz\3711!L\214""; ","proposeSeq: 0; currentTxHash: ""8h\232\211g)\354\005\246\256XI\265J\214\312}\261\211y\355]\0228j\360\0224\003\021%\014""; nodePubKey: ""\003ql\302)\235\321\t\213\224\356\374%%\311\327\037\374\304\t\335\2359\344\233\035]\347<u\236\364\222""; closeTime: 803902470; signature: ""0E\002!\000\366\004L@\274:\033Z\363\006J\023\204\245\252\267\356\001s\031\023vAm\342\230\206\337\235X\377\303\002 \014\316O\210\306\334\273\231\207Z\214\341\245\267t-e\224\013w\302w\332j\244-!SC\356\220q""; previousledger: ""\372\373$P*|\321\342\002\026\n\3215\340\3203\200x\327D\301]5\237\247Yz\3711!L\214""; "
1750587270280,1750587270280,1838,1,2,1,TMProposeSet,"proposeSeq: 0; currentTxHash: ""8h\232\211g)\354\005\246\256XI\265J\214\312}\261\211y\355]\0228j\360\0224\003\021%\014""; nodePubKey: ""\003ql\302)\235\321\t\213\224\356\374%%\311\327\037\374\304\t\335\2359\344\233\035]\347<u\236\364\222""; closeTime: 803902470; signature: ""0E\002!\000\366\004L@\274:\033Z\363\006J\023\204\245\252\267\356\001s\031\023vAm\342\230\206\337\235X\377\303\002 \014\316O\210\306\334\273\231\207Z\214\341\245\267t-e\224\013w\302w\332j\244-!SC\356\220q""; previousledger: ""\372\373$P*|\321\342\002\026\n\3215\340\3203\200x\327D\301]5\237\247Yz\3711!L\214""; ","proposeSeq: 0; currentTxHash: ""8h\232\211g)\354\005\246\256XI\265J\214\312}\261\211y\355]\0228j\360\0224\003\021%\014""; nodePubKey: ""\003ql\302)\235\321\t\213\224\356\374%%\311\327\037\374\304\t\335\2359\344\233\035]\347<u\236\364\222""; closeTime: 803902470; signature: ""0E\002!\000\366\004L@\274:\033Z\363\006J\023\204\245\252\267\356\001s\031\023vAm\342\230\206\337\235X\377\303\002 \014\316O\210\306\334\273\231\207Z\214\341\245\267t-e\224\013w\302w\332j\244-!SC\356\220q""; previousledger: ""\372\373$P*|\321\342\002\026\n\3215\340\3203\200x\327D\301]5\237\247Yz\3711!L\214""; "
1750587270288,1750587270288,2655,1,1,0,TMLedgerData,"ledgerHash: ""u\315\243\367\211\2625\240r:n\277\003\026\366\353'\216jy9\\001\220\223~\341j\254O\025\257""; ledgerSeq: 0; type: liTS_CANDIDATE; nodes {;   nodedata: ""\246C\232\272\013^\241\340~\030'\005/\234\037\355\231\230\017\266\365\303w\360\273\374\234\362S:\270\023\n\003"";   nodeid: ""\000\000\000\000\000\000\000\000\000\000\000\000\000\000\000\000\000\000\000\000\000\000\000\000\000\000\000\000\000\000\000\000\000""; }; requestCookie: 4; ","ledgerHash: ""u\315\243\367\211\2625\240r:n\277\003\026\366\353'\216jy9\\001\220\223~\341j\254O\025\257""; ledgerSeq: 0; type: liTS_CANDIDATE; nodes {;   nodedata: ""\246C\232\272\013^\241\340~\030'\005/\234\037\355\231\230\017\266\365\303w\360\273\374\234\362S:\270\023\n\003"";   nodeid: ""\000\000\000\000\000\000\000\000\000\000\000\000\000\000\000\000\000\000\000\000\000\000\000\000\000\000\000\000\000\000\000\000\000""; }; requestCookie: 4; "
1750587270290,1750587270290,3546,1,2,0,TMProposeSet,"proposeSeq: 0; currentTxHash: ""8h\232\211g)\354\005\246\256XI\265J\214\312}\261\211y\355]\0228j\360\0224\003\021%\014""; nodePubKey: ""\003ql\302)\235\321\t\213\224\356\374%%\311\327\037\374\304\t\335\2359\344\233\035]\347<u\236\364\222""; closeTime: 803902470; signature: ""0E\002!\000\366\004L@\274:\033Z\363\006J\023\204\245\252\267\356\001s\031\023vAm\342\230\206\337\235X\377\303\002 \014\316O\210\306\334\273\231\207Z\214\341\245\267t-e\224\013w\302w\332j\244-!SC\356\220q""; previousledger: ""\372\373$P*|\321\342\002\026\n\3215\340\3203\200x\327D\301]5\237\247Yz\3711!L\214""; ","proposeSeq: 0; currentTxHash: ""8h\232\211g)\354\005\246\256XI\265J\214\312}\261\211y\355]\0228j\360\0224\003\021%\014""; nodePubKey: ""\003ql\302)\235\321\t\213\224\356\374%%\311\327\037\374\304\t\335\2359\344\233\035]\347<u\236\364\222""; closeTime: 803902470; signature: ""0E\002!\000\366\004L@\274:\033Z\363\006J\023\204\245\252\267\356\001s\031\023vAm\342\230\206\337\235X\377\303\002 \014\316O\210\306\334\273\231\207Z\214\341\245\267t-e\224\013w\302w\332j\244-!SC\356\220q""; previousledger: ""\372\373$P*|\321\342\002\026\n\3215\340\3203\200x\327D\301]5\237\247Yz\3711!L\214""; "
1750587270291,1750587270291,3907,1,2,0,TMHaveTransactionSet,"status: tsHAVE; hash: ""8h\232\211g)\354\005\246\256XI\265J\214\312}\261\211y\355]\0228j\360\0224\003\021%\014""; ","status: tsHAVE; hash: ""8h\232\211g)\354\005\246\256XI\265J\214\312}\261\211y\355]\0228j\360\0224\003\021%\014""; "
1750587270306,1750587270306,2655,1,1,0,TMLedgerData,"ledgerHash: ""u\315\243\367\211\2625\240r:n\277\003\026\366\353'\216jy9\\001\220\223~\341j\254O\025\257""; ledgerSeq: 0; type: liTS_CANDIDATE; nodes {;   nodedata: ""\022\000\000""\000\000\000\000$\000\000\000\001 \033\000\000\000\027a@\000\000\027H\206*@h@\000\000\000\000\000\000\ns!\0030\347\374\235V\273%\326\211;\243\363\027\256[\3173\263)\033\326=\263&T\243\023""/\177\320 tF0D\002 0\023\341\332; \2711\245\020\321\3300\345\267-)\230\177\246\236AQ\327\203\207H\226+\000%\336\002 \024\036\211\237\201t\376\272E\270\230\020\334\014\356g\273\025((\376\266\216@ \254^2T\233\013\034\201\024\265\367by\212S\325C\240\024\312\370\262\227\317\370\362\3717\350\203\024E0\246\210\344\325\345r\024T\251\006P\255\352\333\372\351\337\302\000"";   nodeid: ""\240\000\000\000\000\000\000\000\000\000\000\000\000\000\000\000\000\000\000\000\000\000\000\000\000\000\000\000\000\000\000\000\001""; }; ","ledgerHash: ""u\315\243\367\211\2625\240r:n\277\003\026\366\353'\216jy9\\001\220\223~\341j\254O\025\257""; ledgerSeq: 0; type: liTS_CANDIDATE; nodes {;   nodedata: ""\022\000\000""\000\000\000\000$\000\000\000\001 \033\000\000\000\027a@\000\000\027H\206*@h@\000\000\000\000\000\000\ns!\0030\347\374\235V\273%\326\211;\243\363\027\256[\3173\263)\033\326=\263&T\243\023""/\177\320 tF0D\002 0\023\341\332; \2711\245\020\321\3300\345\267-)\230\177\246\236AQ\327\203\207H\226+\000%\336\002 \024\036\211\237\201t\376\272E\270\230\020\334\014\356g\273\025((\376\266\216@ \254^2T\233\013\034\201\024\265\367by\212S\325C\240\024\312\370\262\227\317\370\362\3717\350\203\024E0\246\210\344\325\345r\024T\251\006P\255\352\333\372\351\337\302\000"";   nodeid: ""\240\000\000\000\000\000\000\000\000\000\000\000\000\000\000\000\000\000\000\000\000\000\000\000\000\000\000\000\000\000\000\000\001""; }; "
1750587270307,1750587270307,1466,1,0,4,TMGetLedger,"itype: liTS_CANDIDATE; ledgerHash: ""8h\232\211g)\354\005\246\256XI\265J\214\312}\261\211y\355]\0228j\360\0224\003\021%\014""; nodeIDs: ""\240\000\000\000\000\000\000\000\000\000\000\000\000\000\000\000\000\000\000\000\000\000\000\000\000\000\000\000\000\000\000\000\001""; queryType: qtINDIRECT; ","itype: liTS_CANDIDATE; ledgerHash: ""8h\232\211g)\354\005\246\256XI\265J\214\312}\261\211y\355]\0228j\360\0224\003\021%\014""; nodeIDs: ""\240\000\000\000\000\000\000\000\000\000\000\000\000\000\000\000\000\000\000\000\000\000\000\000\000\000\000\000\000\000\000\000\001""; queryType: qtINDIRECT; "
1750587270311,1750587270311,2970,1,0,4,TMProposeSet,"proposeSeq: 1; currentTxHash: ""\000\000\000\000\000\000\000\000\000\000\000\000\000\000\000\000\000\000\000\000\000\000\000\000\000\000\000\000\000\000\000\000""; nodePubKey: ""\003\325Q\255\224\274R@\312\253\262\347\352\034\346\347\242\215,\312\376=\277\353{\350\225\301\305`^, ""; closeTime: 803902470; signature: ""0E\002!\000\256\r\026+70\266\315\016\006TYxd\321\252h\274/~\355K\247y\214<zD\306\317,\005\002 ;\030B\003U\315\256\217\021\267\024\311\357M|\257Yu\3622\366\355\301\346\332\306\236\016\004\306\306\034""; previousledger: ""\241'\332/+\360Bx\036+\210j\237K%\340]\246E\2434\264K\036\030qP\317\315\336\325\007""; ","proposeSeq: 1; currentTxHash: ""\000\000\000\000\000\000\000\000\000\000\000\000\000\000\000\000\000\000\000\000\000\000\000\000\000\000\000\000\000\000\000\000""; nodePubKey: ""\003\325Q\255\224\274R@\312\253\262\347\352\034\346\347\242\215,\312\376=\277\353{\350\225\301\305`^, ""; closeTime: 803902470; signature: ""0E\002!\000\256\r\026+70\266\315\016\006TYxd\321\252h\274/~\355K\247y\214<zD\306\317,\005\002 ;\030B\003U\315\256\217\021\267\024\311\357M|\257Yu\3622\366\355\301\346\332\306\236\016\004\306\306\034""; previousledger: ""\241'\332/+\360Bx\036+\210j\237K%\340]\246E\2434\264K\036\030qP\317\315\336\325\007""; "
1750587270311,1750587270311,1290,1,0,2,TMProposeSet,"proposeSeq: 1; currentTxHash: ""\000\000\000\000\000\000\000\000\000\000\000\000\000\000\000\000\000\000\000\000\000\000\000\000\000\000\000\000\000\000\000\000""; nodePubKey: ""\003\325Q\255\224\274R@\312\253\262\347\352\034\346\347\242\215,\312\376=\277\353{\350\225\301\305`^, ""; closeTime: 803902470; signature: ""0E\002!\000\256\r\026+70\266\315\016\006TYxd\321\252h\274/~\355K\247y\214<zD\306\317,\005\002 ;\030B\003U\315\256\217\021\267\024\311\357M|\257Yu\3622\366\355\301\346\332\306\236\016\004\306\306\034""; previousledger: ""\241'\332/+\360Bx\036+\210j\237K%\340]\246E\2434\264K\036\030qP\317\315\336\325\007""; ","proposeSeq: 1; currentTxHash: ""\000\000\000\000\000\000\000\000\000\000\000\000\000\000\000\000\000\000\000\000\000\000\000\000\000\000\000\000\000\000\000\000""; nodePubKey: ""\003\325Q\255\224\274R@\312\253\262\347\352\034\346\347\242\215,\312\376=\277\353{\350\225\301\305`^, ""; closeTime: 803902470; signature: ""0E\002!\000\256\r\026+70\266\315\016\006TYxd\321\252h\274/~\355K\247y\214<zD\306\317,\005\002 ;\030B\003U\315\256\217\021\267\024\311\357M|\257Yu\3622\366\355\301\346\332\306\236\016\004\306\306\034""; previousledger: ""\241'\332/+\360Bx\036+\210j\237K%\340]\246E\2434\264K\036\030qP\317\315\336\325\007""; "
1750587270311,1750587270311,190,1,0,1,TMProposeSet,"proposeSeq: 1; currentTxHash: ""\000\000\000\000\000\000\000\000\000\000\000\000\000\000\000\000\000\000\000\000\000\000\000\000\000\000\000\000\000\000\000\000""; nodePubKey: ""\003\325Q\255\224\274R@\312\253\262\347\352\034\346\347\242\215,\312\376=\277\353{\350\225\301\305`^, ""; closeTime: 803902470; signature: ""0E\002!\000\256\r\026+70\266\315\016\006TYxd\321\252h\274/~\355K\247y\214<zD\306\317,\005\002 ;\030B\003U\315\256\217\021\267\024\311\357M|\257Yu\3622\366\355\301\346\332\306\236\016\004\306\306\034""; previousledger: ""\241'\332/+\360Bx\036+\210j\237K%\340]\246E\2434\264K\036\030qP\317\315\336\325\007""; ","proposeSeq: 1; currentTxHash: ""\000\000\000\000\000\000\000\000\000\000\000\000\000\000\000\000\000\000\000\000\000\000\000\000\000\000\000\000\000\000\000\000""; nodePubKey: ""\003\325Q\255\224\274R@\312\253\262\347\352\034\346\347\242\215,\312\376=\277\353{\350\225\301\305`^, ""; closeTime: 803902470; signature: ""0E\002!\000\256\r\026+70\266\315\016\006TYxd\321\252h\274/~\355K\247y\214<zD\306\317,\005\002 ;\030B\003U\315\256\217\021\267\024\311\357M|\257Yu\3622\366\355\301\346\332\306\236\016\004\306\306\034""; previousledger: ""\241'\332/+\360Bx\036+\210j\237K%\340]\246E\2434\264K\036\030qP\317\315\336\325\007""; "
1750587270319,1750587270319,1743,1,2,4,TMLedgerData,"ledgerHash: ""8h\232\211g)\354\005\246\256XI\265J\214\312}\261\211y\355]\0228j\360\0224\003\021%\014""; ledgerSeq: 0; type: liTS_CANDIDATE; nodes {;   nodedata: ""\222c\273c4\225\334\221\227u?\025\314=\305/\262\367\217\375\027j\323\304\372\312Fv\2716\001\355\t\246C\232\272\013^\241\340~\030'\005/\234\037\355\231\230\017\266\365\303w\360\273\374\234\362S:\270\023\n\270\212\275\306\204\271\274\361K|t\323\346\2174\324\362\014S]\301\325\344rY\277\343\351\364\374\023\263\013\003"";   nodeid: ""\000\000\000\000\000\000\000\000\000\000\000\000\000\000\000\000\000\000\000\000\000\000\000\000\000\000\000\000\000\000\000\000\000""; }; ","ledgerHash: ""8h\232\211g)\354\005\246\256XI\265J\214\312}\261\211y\355]\0228j\360\0224\003\021%\014""; ledgerSeq: 0; type: liTS_CANDIDATE; nodes {;   nodedata: ""\222c\273c4\225\334\221\227u?\025\314=\305/\262\367\217\375\027j\323\304\372\312Fv\2716\001\355\t\246C\232\272\013^\241\340~\030'\005/\234\037\355\231\230\017\266\365\303w\360\273\374\234\362S:\270\023\n\270\212\275\306\204\271\274\361K|t\323\346\2174\324\362\014S]\301\325\344rY\277\343\351\364\374\023\263\013\003"";   nodeid: ""\000\000\000\000\000\000\000\000\000\000\000\000\000\000\000\000\000\000\000\000\000\000\000\000\000\000\000\000\000\000\000\000\000""; }; "
1750587270276,1750587270322,3116,1,2,4,TMStatusChange,"newEvent: neCLOSING_LEDGER; ledgerSeq: 5; ledgerHash: ""\372\373$P*|\321\342\002\026\n\3215\340\3203\200x\327D\301]5\237\247Yz\3711!L\214""; ledgerHashPrevious: ""\241'\332/+\360Bx\036+\210j\237K%\340]\246E\2434\264K\036\030qP\317\315\336\325\007""; networkTime: 803902470; firstSeq: 1; lastSeq: 5; ","newEvent: neCLOSING_LEDGER; ledgerSeq: 5; ledgerHash: ""\372\373$P*|\321\342\002\026\n\3215\340\3203\200x\327D\301]5\237\247Yz\3711!L\214""; ledgerHashPrevious: ""\241'\332/+\360Bx\036+\210j\237K%\340]\246E\2434\264K\036\030qP\317\315\336\325\007""; networkTime: 803902470; firstSeq: 1; lastSeq: 5; "
1750587270279,1750587270322,3126,1,2,1,TMStatusChange,"newEvent: neCLOSING_LEDGER; ledgerSeq: 5; ledgerHash: ""\372\373$P*|\321\342\002\026\n\3215\340\3203\200x\327D\301]5\237\247Yz\3711!L\214""; ledgerHashPrevious: ""\241'\332/+\360Bx\036+\210j\237K%\340]\246E\2434\264K\036\030qP\317\315\336\325\007""; networkTime: 803902470; firstSeq: 1; lastSeq: 5; ","newEvent: neCLOSING_LEDGER; ledgerSeq: 5; ledgerHash: ""\372\373$P*|\321\342\002\026\n\3215\340\3203\200x\327D\301]5\237\247Yz\3711!L\214""; ledgerHashPrevious: ""\241'\332/+\360Bx\036+\210j\237K%\340]\246E\2434\264K\036\030qP\317\315\336\325\007""; networkTime: 803902470; firstSeq: 1; lastSeq: 5; "
1750587270277,1750587270322,3744,1,2,0,TMStatusChange,"newEvent: neCLOSING_LEDGER; ledgerSeq: 5; ledgerHash: ""\372\373$P*|\321\342\002\026\n\3215\340\3203\200x\327D\301]5\237\247Yz\3711!L\214""; ledgerHashPrevious: ""\241'\332/+\360Bx\036+\210j\237K%\340]\246E\2434\264K\036\030qP\317\315\336\325\007""; networkTime: 803902470; firstSeq: 1; lastSeq: 5; ","newEvent: neCLOSING_LEDGER; ledgerSeq: 5; ledgerHash: ""\372\373$P*|\321\342\002\026\n\3215\340\3203\200x\327D\301]5\237\247Yz\3711!L\214""; ledgerHashPrevious: ""\241'\332/+\360Bx\036+\210j\237K%\340]\246E\2434\264K\036\030qP\317\315\336\325\007""; networkTime: 803902470; firstSeq: 1; lastSeq: 5; "
1750587270277,1750587270322,3058,1,2,3,TMStatusChange,"newEvent: neCLOSING_LEDGER; ledgerSeq: 5; ledgerHash: ""\372\373$P*|\321\342\002\026\n\3215\340\3203\200x\327D\301]5\237\247Yz\3711!L\214""; ledgerHashPrevious: ""\241'\332/+\360Bx\036+\210j\237K%\340]\246E\2434\264K\036\030qP\317\315\336\325\007""; networkTime: 803902470; firstSeq: 1; lastSeq: 5; ","newEvent: neCLOSING_LEDGER; ledgerSeq: 5; ledgerHash: ""\372\373$P*|\321\342\002\026\n\3215\340\3203\200x\327D\301]5\237\247Yz\3711!L\214""; ledgerHashPrevious: ""\241'\332/+\360Bx\036+\210j\237K%\340]\246E\2434\264K\036\030qP\317\315\336\325\007""; networkTime: 803902470; firstSeq: 1; lastSeq: 5; "
1750587270330,1750587270330,557,1,4,1,TMGetLedger,"itype: liTS_CANDIDATE; ledgerHash: ""u\315\243\367\211\2625\240r:n\277\003\026\366\353'\216jy9\\001\220\223~\341j\254O\025\257""; nodeIDs: ""\240\000\000\000\000\000\000\000\000\000\000\000\000\000\000\000\000\000\000\000\000\000\000\000\000\000\000\000\000\000\000\000\001""; requestCookie: 1; queryType: qtINDIRECT; ","itype: liTS_CANDIDATE; ledgerHash: ""u\315\243\367\211\2625\240r:n\277\003\026\366\353'\216jy9\\001\220\223~\341j\254O\025\257""; nodeIDs: ""\240\000\000\000\000\000\000\000\000\000\000\000\000\000\000\000\000\000\000\000\000\000\000\000\000\000\000\000\000\000\000\000\001""; requestCookie: 1; queryType: qtINDIRECT; "
1750587270330,1750587270330,1357,1,4,3,TMValidation,"validation: """"\200\000\000\001&\000\000\000\005)/\352\224\005:Q\231\304\227'3\313\030Q\372\373$P*|\321\342\002\026\n\3215\340\3203\200x\327D\301]5\237\247Yz\3711!L\214P\027\000\000\000\000\000\000\000\000\000\000\000\000\000\000\000\000\000\000\000\000\000\000\000\000\000\000\000\000\000\000\000\000P\031\241'\332/+\360Bx\036+\210j\237K%\340]\246E\2434\264K\036\030qP\317\315\336\325\007s!\003ql\302)\235\321\t\213\224\356\374%%\311\327\037\374\304\t\335\2359\344\233\035]\347<u\236\364\222vF0D\002 2\004s\334\013u\246}\t\210@\023\365\220Yq\024\315\3569\036o\345\200\210\325\267\250z\007BL\002 W\205\010/\270s\325\234\001d\213\037A\224\177\216\362\3224\270vh<\321\316\035\303\310\245\006\371X""; ","validation: """"\200\000\000\001&\000\000\000\005)/\352\224\005:Q\231\304\227'3\313\030Q\372\373$P*|\321\342\002\026\n\3215\340\3203\200x\327D\301]5\237\247Yz\3711!L\214P\027\000\000\000\000\000\000\000\000\000\000\000\000\000\000\000\000\000\000\000\000\000\000\000\000\000\000\000\000\000\000\000\000P\031\241'\332/+\360Bx\036+\210j\237K%\340]\246E\2434\264K\036\030qP\317\315\336\325\007s!\003ql\302)\235\321\t\213\224\356\374%%\311\327\037\374\304\t\335\2359\344\233\035]\347<u\236\364\222vF0D\002 2\004s\334\013u\246}\t\210@\023\365\220Yq\024\315\3569\036o\345\200\210\325\267\250z\007BL\002 W\205\010/\270s\325\234\001d\213\037A\224\177\216\362\3224\270vh<\321\316\035\303\310\245\006\371X""; "
1750587270331,1750587270331,2819,1,4,1,TMValidation,"validation: """"\200\000\000\001&\000\000\000\005)/\352\224\005:Q\231\304\227'3\313\030Q\372\373$P*|\321\342\002\026\n\3215\340\3203\200x\327D\301]5\237\247Yz\3711!L\214P\027\000\000\000\000\000\000\000\000\000\000\000\000\000\000\000\000\000\000\000\000\000\000\000\000\000\000\000\000\000\000\000\000P\031\241'\332/+\360Bx\036+\210j\237K%\340]\246E\2434\264K\036\030qP\317\315\336\325\007s!\003ql\302)\235\321\t\213\224\356\374%%\311\327\037\374\304\t\335\2359\344\233\035]\347<u\236\364\222vF0D\002 2\004s\334\013u\246}\t\210@\023\365\220Yq\024\315\3569\036o\345\200\210\325\267\250z\007BL\002 W\205\010/\270s\325\234\001d\213\037A\224\177\216\362\3224\270vh<\321\316\035\303\310\245\006\371X""; ","validation: """"\200\000\000\001&\000\000\000\005)/\352\224\005:Q\231\304\227'3\313\030Q\372\373$P*|\321\342\002\026\n\3215\340\3203\200x\327D\301]5\237\247Yz\3711!L\214P\027\000\000\000\000\000\000\000\000\000\000\000\000\000\000\000\000\000\000\000\000\000\000\000\000\000\000\000\000\000\000\000\000P\031\241'\332/+\360Bx\036+\210j\237K%\340]\246E\2434\264K\036\030qP\317\315\336\325\007s!\003ql\302)\235\321\t\213\224\356\374%%\311\327\037\374\304\t\335\2359\344\233\035]\347<u\236\364\222vF0D\002 2\004s\334\013u\246}\t\210@\023\365\220Yq\024\315\3569\036o\345\200\210\325\267\250z\007BL\002 W\205\010/\270s\325\234\001d\213\037A\224\177\216\362\3224\270vh<\321\316\035\303\310\245\006\371X""; "
1750587270331,1750587270331,3559,1,4,0,TMValidation,"validation: """"\200\000\000\001&\000\000\000\005)/\352\224\005:Q\231\304\227'3\313\030Q\372\373$P*|\321\342\002\026\n\3215\340\3203\200x\327D\301]5\237\247Yz\3711!L\214P\027\000\000\000\000\000\000\000\000\000\000\000\000\000\000\000\000\000\000\000\000\000\000\000\000\000\000\000\000\000\000\000\000P\031\241'\332/+\360Bx\036+\210j\237K%\340]\246E\2434\264K\036\030qP\317\315\336\325\007s!\003ql\302)\235\321\t\213\224\356\374%%\311\327\037\374\304\t\335\2359\344\233\035]\347<u\236\364\222vF0D\002 2\004s\334\013u\246}\t\210@\023\365\220Yq\024\315\3569\036o\345\200\210\325\267\250z\007BL\002 W\205\010/\270s\325\234\001d\213\037A\224\177\216\362\3224\270vh<\321\316\035\303\310\245\006\371X""; ","validation: """"\200\000\000\001&\000\000\000\005)/\352\224\005:Q\231\304\227'3\313\030Q\372\373$P*|\321\342\002\026\n\3215\340\3203\200x\327D\301]5\237\247Yz\3711!L\214P\027\000\000\000\000\000\000\000\000\000\000\000\000\000\000\000\000\000\000\000\000\000\000\000\000\000\000\000\000\000\000\000\000P\031\241'\332/+\360Bx\036+\210j\237K%\340]\246E\2434\264K\036\030qP\317\315\336\325\007s!\003ql\302)\235\321\t\213\224\356\374%%\311\327\037\374\304\t\335\2359\344\233\035]\347<u\236\364\222vF0D\002 2\004s\334\013u\246}\t\210@\023\365\220Yq\024\315\3569\036o\345\200\210\325\267\250z\007BL\002 W\205\010/\270s\325\234\001d\213\037A\224\177\216\362\3224\270vh<\321\316\035\303\310\245\006\371X""; "
1750587270336,1750587270336,1939,1,1,4,TMValidation,"validation: """"\200\000\000\001&\000\000\000\005)/\352\224\004:v|\203\267)\257\206\032Q\372\373$P*|\321\342\002\026\n\3215\340\3203\200x\327D\301]5\237\247Yz\3711!L\214P\027\000\000\000\000\000\000\000\000\000\000\000\000\000\000\000\000\000\000\000\000\000\000\000\000\000\000\000\000\000\000\000\000P\031\241'\332/+\360Bx\036+\210j\237K%\340]\246E\2434\264K\036\030qP\317\315\336\325\007s!\003.\200\224\215?)t\306\315\242\313\251\255\302\204=\232.\271%}\013\024s\024\002@\216l""\241FvG0E\002!\000\337Cq\270\t\331>\352<\352\206\025\232\340t\374\263\030\000\325]\306\256\223,\0163\26619\374a\002 ""p=\222\325\240\252]w\276?\250\200\270(\263\031\0103\010\262\247^\336\317k\rSE\342\016\t""; ","validation: """"\200\000\000\001&\000\000\000\005)/\352\224\004:v|\203\267)\257\206\032Q\372\373$P*|\321\342\002\026\n\3215\340\3203\200x\327D\301]5\237\247Yz\3711!L\214P\027\000\000\000\000\000\000\000\000\000\000\000\000\000\000\000\000\000\000\000\000\000\000\000\000\000\000\000\000\000\000\000\000P\031\241'\332/+\360Bx\036+\210j\237K%\340]\246E\2434\264K\036\030qP\317\315\336\325\007s!\003.\200\224\215?)t\306\315\242\313\251\255\302\204=\232.\271%}\013\024s\024\002@\216l""\241FvG0E\002!\000\337Cq\270\t\331>\352<\352\206\025\232\340t\374\263\030\000\325]\306\256\223,\0163\26619\374a\002 ""p=\222\325\240\252]w\276?\250\200\270(\263\031\0103\010\262\247^\336\317k\rSE\342\016\t""; "
1750587270336,1750587270336,1289,1,1,3,TMValidation,"validation: """"\200\000\000\001&\000\000\000\005)/\352\224\004:v|\203\267)\257\206\032Q\372\373$P*|\321\342\002\026\n\3215\340\3203\200x\327D\301]5\237\247Yz\3711!L\214P\027\000\000\000\000\000\000\000\000\000\000\000\000\000\000\000\000\000\000\000\000\000\000\000\000\000\000\000\000\000\000\000\000P\031\241'\332/+\360Bx\036+\210j\237K%\340]\246E\2434\264K\036\030qP\317\315\336\325\007s!\003.\200\224\215?)t\306\315\242\313\251\255\302\204=\232.\271%}\013\024s\024\002@\216l""\241FvG0E\002!\000\337Cq\270\t\331>\352<\352\206\025\232\340t\374\263\030\000\325]\306\256\223,\0163\26619\374a\002 ""p=\222\325\240\252]w\276?\250\200\270(\263\031\0103\010\262\247^\336\317k\rSE\342\016\t""; ","validation: """"\200\000\000\001&\000\000\000\005)/\352\224\004:v|\203\267)\257\206\032Q\372\373$P*|\321\342\002\026\n\3215\340\3203\200x\327D\301]5\237\247Yz\3711!L\214P\027\000\000\000\000\000\000\000\000\000\000\000\000\000\000\000\000\000\000\000\000\000\000\000\000\000\000\000\000\000\000\000\000P\031\241'\332/+\360Bx\036+\210j\237K%\340]\246E\2434\264K\036\030qP\317\315\336\325\007s!\003.\200\224\215?)t\306\315\242\313\251\255\302\204=\232.\271%}\013\024s\024\002@\216l""\241FvG0E\002!\000\337Cq\270\t\331>\352<\352\206\025\232\340t\374\263\030\000\325]\306\256\223,\0163\26619\374a\002 ""p=\222\325\240\252]w\276?\250\200\270(\263\031\0103\010\262\247^\336\317k\rSE\342\016\t""; "
1750587270347,1750587270347,342,1,2,1,TMGetLedger,"itype: liTS_CANDIDATE; ledgerHash: ""u\315\243\367\211\2625\240r:n\277\003\026\366\353'\216jy9\\001\220\223~\341j\254O\025\257""; nodeIDs: ""\000\000\000\000\000\000\000\000\000\000\000\000\000\000\000\000\000\000\000\000\000\000\000\000\000\000\000\000\000\000\000\000\000""; requestCookie: 4; queryType: qtINDIRECT; queryDepth: 3; ","itype: liTS_CANDIDATE; ledgerHash: ""u\315\243\367\211\2625\240r:n\277\003\026\366\353'\216jy9\\001\220\223~\341j\254O\025\257""; nodeIDs: ""\000\000\000\000\000\000\000\000\000\000\000\000\000\000\000\000\000\000\000\000\000\000\000\000\000\000\000\000\000\000\000\000\000""; requestCookie: 4; queryType: qtINDIRECT; queryDepth: 3; "
1750587270350,1750587270350,3090,1,1,0,TMValidation,"validation: """"\200\000\000\001&\000\000\000\005)/\352\224\004:v|\203\267)\257\206\032Q\372\373$P*|\321\342\002\026\n\3215\340\3203\200x\327D\301]5\237\247Yz\3711!L\214P\027\000\000\000\000\000\000\000\000\000\000\000\000\000\000\000\000\000\000\000\000\000\000\000\000\000\000\000\000\000\000\000\000P\031\241'\332/+\360Bx\036+\210j\237K%\340]\246E\2434\264K\036\030qP\317\315\336\325\007s!\003.\200\224\215?)t\306\315\242\313\251\255\302\204=\232.\271%}\013\024s\024\002@\216l""\241FvG0E\002!\000\337Cq\270\t\331>\352<\352\206\025\232\340t\374\263\030\000\325]\306\256\223,\0163\26619\374a\002 ""p=\222\325\240\252]w\276?\250\200\270(\263\031\0103\010\262\247^\336\317k\rSE\342\016\t""; ","validation: """"\200\000\000\001&\000\000\000\005)/\352\224\004:v|\203\267)\257\206\032Q\372\373$P*|\321\342\002\026\n\3215\340\3203\200x\327D\301]5\237\247Yz\3711!L\214P\027\000\000\000\000\000\000\000\000\000\000\000\000\000\000\000\000\000\000\000\000\000\000\000\000\000\000\000\000\000\000\000\000P\031\241'\332/+\360Bx\036+\210j\237K%\340]\246E\2434\264K\036\030qP\317\315\336\325\007s!\003.\200\224\215?)t\306\315\242\313\251\255\302\204=\232.\271%}\013\024s\024\002@\216l""\241FvG0E\002!\000\337Cq\270\t\331>\352<\352\206\025\232\340t\374\263\030\000\325]\306\256\223,\0163\26619\374a\002 ""p=\222\325\240\252]w\276?\250\200\270(\263\031\0103\010\262\247^\336\317k\rSE\342\016\t""; "
1750587270354,1750587270354,3414,1,0,2,TMGetLedger,"itype: liTS_CANDIDATE; ledgerHash: ""8h\232\211g)\354\005\246\256XI\265J\214\312}\261\211y\355]\0228j\360\0224\003\021%\014""; nodeIDs: ""\240\000\000\000\000\000\000\000\000\000\000\000\000\000\000\000\000\000\000\000\000\000\000\000\000\000\000\000\000\000\000\000\001""; queryType: qtINDIRECT; ","itype: liTS_CANDIDATE; ledgerHash: ""8h\232\211g)\354\005\246\256XI\265J\214\312}\261\211y\355]\0228j\360\0224\003\021%\014""; nodeIDs: ""\240\000\000\000\000\000\000\000\000\000\000\000\000\000\000\000\000\000\000\000\000\000\000\000\000\000\000\000\000\000\000\000\001""; queryType: qtINDIRECT; "
1750587270354,1750587270355,393,1,0,1,TMGetLedger,"itype: liTS_CANDIDATE; ledgerHash: ""8h\232\211g)\354\005\246\256XI\265J\214\312}\261\211y\355]\0228j\360\0224\003\021%\014""; nodeIDs: ""\240\000\000\000\000\000\000\000\000\000\000\000\000\000\000\000\000\000\000\000\000\000\000\000\000\000\000\000\000\000\000\000\001""; queryType: qtINDIRECT; ","itype: liTS_CANDIDATE; ledgerHash: ""8h\232\211g)\354\005\246\256XI\265J\214\312}\261\211y\355]\0228j\360\0224\003\021%\014""; nodeIDs: ""\240\000\000\000\000\000\000\000\000\000\000\000\000\000\000\000\000\000\000\000\000\000\000\000\000\000\000\000\000\000\000\000\001""; queryType: qtINDIRECT; "
1750587270355,1750587270355,1466,1,0,4,TMGetLedger,"itype: liTS_CANDIDATE; ledgerHash: ""8h\232\211g)\354\005\246\256XI\265J\214\312}\261\211y\355]\0228j\360\0224\003\021%\014""; nodeIDs: ""\240\000\000\000\000\000\000\000\000\000\000\000\000\000\000\000\000\000\000\000\000\000\000\000\000\000\000\000\000\000\000\000\001""; queryType: qtINDIRECT; ","itype: liTS_CANDIDATE; ledgerHash: ""8h\232\211g)\354\005\246\256XI\265J\214\312}\261\211y\355]\0228j\360\0224\003\021%\014""; nodeIDs: ""\240\000\000\000\000\000\000\000\000\000\000\000\000\000\000\000\000\000\000\000\000\000\000\000\000\000\000\000\000\000\000\000\001""; queryType: qtINDIRECT; "
1750587270355,1750587270355,1764,1,0,3,TMGetLedger,"itype: liTS_CANDIDATE; ledgerHash: ""8h\232\211g)\354\005\246\256XI\265J\214\312}\261\211y\355]\0228j\360\0224\003\021%\014""; nodeIDs: ""\240\000\000\000\000\000\000\000\000\000\000\000\000\000\000\000\000\000\000\000\000\000\000\000\000\000\000\000\000\000\000\000\001""; queryType: qtINDIRECT; ","itype: liTS_CANDIDATE; ledgerHash: ""8h\232\211g)\354\005\246\256XI\265J\214\312}\261\211y\355]\0228j\360\0224\003\021%\014""; nodeIDs: ""\240\000\000\000\000\000\000\000\000\000\000\000\000\000\000\000\000\000\000\000\000\000\000\000\000\000\000\000\000\000\000\000\001""; queryType: qtINDIRECT; "
1750587270360,1750587270360,2970,1,0,4,TMProposeSet,"proposeSeq: 1; currentTxHash: ""\000\000\000\000\000\000\000\000\000\000\000\000\000\000\000\000\000\000\000\000\000\000\000\000\000\000\000\000\000\000\000\000""; nodePubKey: ""\003\343\005\311u\203\370\0338\3174\324\010\006\301\251\177\261\304eOX\262)FA-\022r\263wm\024""; closeTime: 803902470; signature: ""0D\002 \t\376>]\372\\352F\240\260\240]-\334e\204mf\273\212\014\233\232\342\262<\216I\037\017\346;\002 c\313Y}\325\355\rp}\243\234\000\272!\220U\203\022\001t&\037\253o\000\221\360\000*\250\346\304""; previousledger: ""\241'\332/+\360Bx\036+\210j\237K%\340]\246E\2434\264K\036\030qP\317\315\336\325\007""; ","proposeSeq: 1; currentTxHash: ""\000\000\000\000\000\000\000\000\000\000\000\000\000\000\000\000\000\000\000\000\000\000\000\000\000\000\000\000\000\000\000\000""; nodePubKey: ""\003\343\005\311u\203\370\0338\3174\324\010\006\301\251\177\261\304eOX\262)FA-\022r\263wm\024""; closeTime: 803902470; signature: ""0D\002 \t\376>]\372\\352F\240\260\240]-\334e\204mf\273\212\014\233\232\342\262<\216I\037\017\346;\002 c\313Y}\325\355\rp}\243\234\000\272!\220U\203\022\001t&\037\253o\000\221\360\000*\250\346\304""; previousledger: ""\241'\332/+\360Bx\036+\210j\237K%\340]\246E\2434\264K\036\030qP\317\315\336\325\007""; "
1750587270360,1750587270360,1290,1,0,2,TMProposeSet,"proposeSeq: 1; currentTxHash: ""\000\000\000\000\000\000\000\000\000\000\000\000\000\000\000\000\000\000\000\000\000\000\000\000\000\000\000\000\000\000\000\000""; nodePubKey: ""\003\343\005\311u\203\370\0338\3174\324\010\006\301\251\177\261\304eOX\262)FA-\022r\263wm\024""; closeTime: 803902470; signature: ""0D\002 \t\376>]\372\\352F\240\260\240]-\334e\204mf\273\212\014\233\232\342\262<\216I\037\017\346;\002 c\313Y}\325\355\rp}\243\234\000\272!\220U\203\022\001t&\037\253o\000\221\360\000*\250\346\304""; previousledger: ""\241'\332/+\360Bx\036+\210j\237K%\340]\246E\2434\264K\036\030qP\317\315\336\325\007""; ","proposeSeq: 1; currentTxHash: ""\000\000\000\000\000\000\000\000\000\000\000\000\000\000\000\000\000\000\000\000\000\000\000\000\000\000\000\000\000\000\000\000""; nodePubKey: ""\003\343\005\311u\203\370\0338\3174\324\010\006\301\251\177\261\304eOX\262)FA-\022r\263wm\024""; closeTime: 803902470; signature: ""0D\002 \t\376>]\372\\352F\240\260\240]-\334e\204mf\273\212\014\233\232\342\262<\216I\037\017\346;\002 c\313Y}\325\355\rp}\243\234\000\272!\220U\203\022\001t&\037\253o\000\221\360\000*\250\346\304""; previousledger: ""\241'\332/+\360Bx\036+\210j\237K%\340]\246E\2434\264K\036\030qP\317\315\336\325\007""; "
1750587270363,1750587270363,3414,1,0,2,TMGetLedger,"itype: liTS_CANDIDATE; ledgerHash: ""u\315\243\367\211\2625\240r:n\277\003\026\366\353'\216jy9\\001\220\223~\341j\254O\025\257""; nodeIDs: ""\240\000\000\000\000\000\000\000\000\000\000\000\000\000\000\000\000\000\000\000\000\000\000\000\000\000\000\000\000\000\000\000\001""; queryType: qtINDIRECT; ","itype: liTS_CANDIDATE; ledgerHash: ""u\315\243\367\211\2625\240r:n\277\003\026\366\353'\216jy9\\001\220\223~\341j\254O\025\257""; nodeIDs: ""\240\000\000\000\000\000\000\000\000\000\000\000\000\000\000\000\000\000\000\000\000\000\000\000\000\000\000\000\000\000\000\000\001""; queryType: qtINDIRECT; "
1750587270363,1750587270363,393,1,0,1,TMGetLedger,"itype: liTS_CANDIDATE; ledgerHash: ""u\315\243\367\211\2625\240r:n\277\003\026\366\353'\216jy9\\001\220\223~\341j\254O\025\257""; nodeIDs: ""\240\000\000\000\000\000\000\000\000\000\000\000\000\000\000\000\000\000\000\000\000\000\000\000\000\000\000\000\000\000\000\000\001""; queryType: qtINDIRECT; ","itype: liTS_CANDIDATE; ledgerHash: ""u\315\243\367\211\2625\240r:n\277\003\026\366\353'\216jy9\\001\220\223~\341j\254O\025\257""; nodeIDs: ""\240\000\000\000\000\000\000\000\000\000\000\000\000\000\000\000\000\000\000\000\000\000\000\000\000\000\000\000\000\000\000\000\001""; queryType: qtINDIRECT; "
1750587270363,1750587270363,1466,1,0,4,TMGetLedger,"itype: liTS_CANDIDATE; ledgerHash: ""u\315\243\367\211\2625\240r:n\277\003\026\366\353'\216jy9\\001\220\223~\341j\254O\025\257""; nodeIDs: ""\240\000\000\000\000\000\000\000\000\000\000\000\000\000\000\000\000\000\000\000\000\000\000\000\000\000\000\000\000\000\000\000\001""; queryType: qtINDIRECT; ","itype: liTS_CANDIDATE; ledgerHash: ""u\315\243\367\211\2625\240r:n\277\003\026\366\353'\216jy9\\001\220\223~\341j\254O\025\257""; nodeIDs: ""\240\000\000\000\000\000\000\000\000\000\000\000\000\000\000\000\000\000\000\000\000\000\000\000\000\000\000\000\000\000\000\000\001""; queryType: qtINDIRECT; "
1750587270369,1750587270369,2472,1,1,2,TMLedgerData,"ledgerHash: ""u\315\243\367\211\2625\240r:n\277\003\026\366\353'\216jy9\\001\220\223~\341j\254O\025\257""; ledgerSeq: 0; type: liTS_CANDIDATE; nodes {;   nodedata: ""\246C\232\272\013^\241\340~\030'\005/\234\037\355\231\230\017\266\365\303w\360\273\374\234\362S:\270\023\n\003"";   nodeid: ""\000\000\000\000\000\000\000\000\000\000\000\000\000\000\000\000\000\000\000\000\000\000\000\000\000\000\000\000\000\000\000\000\000""; }; requestCookie: 2; ","ledgerHash: ""u\315\243\367\211\2625\240r:n\277\003\026\366\353'\216jy9\\001\220\223~\341j\254O\025\257""; ledgerSeq: 0; type: liTS_CANDIDATE; nodes {;   nodedata: ""\246C\232\272\013^\241\340~\030'\005/\234\037\355\231\230\017\266\365\303w\360\273\374\234\362S:\270\023\n\003"";   nodeid: ""\000\000\000\000\000\000\000\000\000\000\000\000\000\000\000\000\000\000\000\000\000\000\000\000\000\000\000\000\000\000\000\000\000""; }; requestCookie: 2; "
1750587270369,1750587270369,2565,1,3,0,TMLedgerData,"ledgerHash: ""8h\232\211g)\354\005\246\256XI\265J\214\312}\261\211y\355]\0228j\360\0224\003\021%\014""; ledgerSeq: 0; type: liTS_CANDIDATE; nodes {;   nodedata: ""\222c\273c4\225\334\221\227u?\025\314=\305/\262\367\217\375\027j\323\304\372\312Fv\2716\001\355\t\246C\232\272\013^\241\340~\030'\005/\234\037\355\231\230\017\266\365\303w\360\273\374\234\362S:\270\023\n\270\212\275\306\204\271\274\361K|t\323\346\2174\324\362\014S]\301\325\344rY\277\343\351\364\374\023\263\013\003"";   nodeid: ""\000\000\000\000\000\000\000\000\000\000\000\000\000\000\000\000\000\000\000\000\000\000\000\000\000\000\000\000\000\000\000\000\000""; }; ","ledgerHash: ""8h\232\211g)\354\005\246\256XI\265J\214\312}\261\211y\355]\0228j\360\0224\003\021%\014""; ledgerSeq: 0; type: liTS_CANDIDATE; nodes {;   nodedata: ""\222c\273c4\225\334\221\227u?\025\314=\305/\262\367\217\375\027j\323\304\372\312Fv\2716\001\355\t\246C\232\272\013^\241\340~\030'\005/\234\037\355\231\230\017\266\365\303w\360\273\374\234\362S:\270\023\n\270\212\275\306\204\271\274\361K|t\323\346\2174\324\362\014S]\301\325\344rY\277\343\351\364\374\023\263\013\003"";   nodeid: ""\000\000\000\000\000\000\000\000\000\000\000\000\000\000\000\000\000\000\000\000\000\000\000\000\000\000\000\000\000\000\000\000\000""; }; "
1750587270373,1750587270373,1939,1,1,4,TMValidation,"validation: """"\200\000\000\001&\000\000\000\005)/\352\224\005:Q\231\304\227'3\313\030Q\372\373$P*|\321\342\002\026\n\3215\340\3203\200x\327D\301]5\237\247Yz\3711!L\214P\027\000\000\000\000\000\000\000\000\000\000\000\000\000\000\000\000\000\000\000\000\000\000\000\000\000\000\000\000\000\000\000\000P\031\241'\332/+\360Bx\036+\210j\237K%\340]\246E\2434\264K\036\030qP\317\315\336\325\007s!\003ql\302)\235\321\t\213\224\356\374%%\311\327\037\374\304\t\335\2359\344\233\035]\347<u\236\364\222vF0D\002 2\004s\334\013u\246}\t\210@\023\365\220Yq\024\315\3569\036o\345\200\210\325\267\250z\007BL\002 W\205\010/\270s\325\234\001d\213\037A\224\177\216\362\3224\270vh<\321\316\035\303\310\245\006\371X""; ","validation: """"\200\000\000\001&\000\000\000\005)/\352\224\005:Q\231\304\227'3\313\030Q\372\373$P*|\321\342\002\026\n\3215\340\3203\200x\327D\301]5\237\247Yz\3711!L\214P\027\000\000\000\000\000\000\000\000\000\000\000\000\000\000\000\000\000\000\000\000\000\000\000\000\000\000\000\000\000\000\000\000P\031\241'\332/+\360Bx\036+\210j\237K%\340]\246E\2434\264K\036\030qP\317\315\336\325\007s!\003ql\302)\235\321\t\213\224\356\374%%\311\327\037\374\304\t\335\2359\344\233\035]\347<u\236\364\222vF0D\002 2\004s\334\013u\246}\t\210@\023\365\220Yq\024\315\3569\036o\345\200\210\325\267\250z\007BL\002 W\205\010/\270s\325\234\001d\213\037A\224\177\216\362\3224\270vh<\321\316\035\303\310\245\006\371X""; "
1750587270373,1750587270373,3090,1,1,0,TMValidation,"validation: """"\200\000\000\001&\000\000\000\005)/\352\224\005:Q\231\304\227'3\313\030Q\372\373$P*|\321\342\002\026\n\3215\340\3203\200x\327D\301]5\237\247Yz\3711!L\214P\027\000\000\000\000\000\000\000\000\000\000\000\000\000\000\000\000\000\000\000\000\000\000\000\000\000\000\000\000\000\000\000\000P\031\241'\332/+\360Bx\036+\210j\237K%\340]\246E\2434\264K\036\030qP\317\315\336\325\007s!\003ql\302)\235\321\t\213\224\356\374%%\311\327\037\374\304\t\335\2359\344\233\035]\347<u\236\364\222vF0D\002 2\004s\334\013u\246}\t\210@\023\365\220Yq\024\315\3569\036o\345\200\210\325\267\250z\007BL\002 W\205\010/\270s\325\234\001d\213\037A\224\177\216\362\3224\270vh<\321\316\035\303\310\245\006\371X""; ","validation: """"\200\000\000\001&\000\000\000\005)/\352\224\005:Q\231\304\227'3\313\030Q\372\373$P*|\321\342\002\026\n\3215\340\3203\200x\327D\301]5\237\247Yz\3711!L\214P\027\000\000\000\000\000\000\000\000\000\000\000\000\000\000\000\000\000\000\000\000\000\000\000\000\000\000\000\000\000\000\000\000P\031\241'\332/+\360Bx\036+\210j\237K%\340]\246E\2434\264K\036\030qP\317\315\336\325\007s!\003ql\302)\235\321\t\213\224\356\374%%\311\327\037\374\304\t\335\2359\344\233\035]\347<u\236\364\222vF0D\002 2\004s\334\013u\246}\t\210@\023\365\220Yq\024\315\3569\036o\345\200\210\325\267\250z\007BL\002 W\205\010/\270s\325\234\001d\213\037A\224\177\216\362\3224\270vh<\321\316\035\303\310\245\006\371X""; "
1750587270373,1750587270373,1289,1,1,3,TMValidation,"validation: """"\200\000\000\001&\000\000\000\005)/\352\224\005:Q\231\304\227'3\313\030Q\372\373$P*|\321\342\002\026\n\3215\340\3203\200x\327D\301]5\237\247Yz\3711!L\214P\027\000\000\000\000\000\000\000\000\000\000\000\000\000\000\000\000\000\000\000\000\000\000\000\000\000\000\000\000\000\000\000\000P\031\241'\332/+\360Bx\036+\210j\237K%\340]\246E\2434\264K\036\030qP\317\315\336\325\007s!\003ql\302)\235\321\t\213\224\356\374%%\311\327\037\374\304\t\335\2359\344\233\035]\347<u\236\364\222vF0D\002 2\004s\334\013u\246}\t\210@\023\365\220Yq\024\315\3569\036o\345\200\210\325\267\250z\007BL\002 W\205\010/\270s\325\234\001d\213\037A\224\177\216\362\3224\270vh<\321\316\035\303\310\245\006\371X""; ","validation: """"\200\000\000\001&\000\000\000\005)/\352\224\005:Q\231\304\227'3\313\030Q\372\373$P*|\321\342\002\026\n\3215\340\3203\200x\327D\301]5\237\247Yz\3711!L\214P\027\000\000\000\000\000\000\000\000\000\000\000\000\000\000\000\000\000\000\000\000\000\000\000\000\000\000\000\000\000\000\000\000P\031\241'\332/+\360Bx\036+\210j\237K%\340]\246E\2434\264K\036\030qP\317\315\336\325\007s!\003ql\302)\235\321\t\213\224\356\374%%\311\327\037\374\304\t\335\2359\344\233\035]\347<u\236\364\222vF0D\002 2\004s\334\013u\246}\t\210@\023\365\220Yq\024\315\3569\036o\345\200\210\325\267\250z\007BL\002 W\205\010/\270s\325\234\001d\213\037A\224\177\216\362\3224\270vh<\321\316\035\303\310\245\006\371X""; "
1750587270374,1750587270374,557,1,4,1,TMGetLedger,"itype: liTS_CANDIDATE; ledgerHash: ""u\315\243\367\211\2625\240r:n\277\003\026\366\353'\216jy9\\001\220\223~\341j\254O\025\257""; nodeIDs: ""\000\000\000\000\000\000\000\000\000\000\000\000\000\000\000\000\000\000\000\000\000\000\000\000\000\000\000\000\000\000\000\000\000""; requestCookie: 4; queryType: qtINDIRECT; queryDepth: 3; ","itype: liTS_CANDIDATE; ledgerHash: ""u\315\243\367\211\2625\240r:n\277\003\026\366\353'\216jy9\\001\220\223~\341j\254O\025\257""; nodeIDs: ""\000\000\000\000\000\000\000\000\000\000\000\000\000\000\000\000\000\000\000\000\000\000\000\000\000\000\000\000\000\000\000\000\000""; requestCookie: 4; queryType: qtINDIRECT; queryDepth: 3; "
1750587270387,1750587270387,2715,1,1,4,TMLedgerData,"ledgerHash: ""u\315\243\367\211\2625\240r:n\277\003\026\366\353'\216jy9\\001\220\223~\341j\254O\025\257""; ledgerSeq: 0; type: liTS_CANDIDATE; nodes {;   nodedata: ""\246C\232\272\013^\241\340~\030'\005/\234\037\355\231\230\017\266\365\303w\360\273\374\234\362S:\270\023\n\003"";   nodeid: ""\000\000\000\000\000\000\000\000\000\000\000\000\000\000\000\000\000\000\000\000\000\000\000\000\000\000\000\000\000\000\000\000\000""; }; requestCookie: 1; ","ledgerHash: ""u\315\243\367\211\2625\240r:n\277\003\026\366\353'\216jy9\\001\220\223~\341j\254O\025\257""; ledgerSeq: 0; type: liTS_CANDIDATE; nodes {;   nodedata: ""\246C\232\272\013^\241\340~\030'\005/\234\037\355\231\230\017\266\365\303w\360\273\374\234\362S:\270\023\n\003"";   nodeid: ""\000\000\000\000\000\000\000\000\000\000\000\000\000\000\000\000\000\000\000\000\000\000\000\000\000\000\000\000\000\000\000\000\000""; }; requestCookie: 1; "
1750587270397,1750587270398,141,1,0,3,TMProposeSet,"proposeSeq: 1; currentTxHash: ""\000\000\000\000\000\000\000\000\000\000\000\000\000\000\000\000\000\000\000\000\000\000\000\000\000\000\000\000\000\000\000\000""; nodePubKey: ""\003\343\005\311u\203\370\0338\3174\324\010\006\301\251\177\261\304eOX\262)FA-\022r\263wm\024""; closeTime: 803902470; signature: ""0D\002 \t\376>]\372\\352F\240\260\240]-\334e\204mf\273\212\014\233\232\342\262<\216I\037\017\346;\002 c\313Y}\325\355\rp}\243\234\000\272!\220U\203\022\001t&\037\253o\000\221\360\000*\250\346\304""; previousledger: ""\241'\332/+\360Bx\036+\210j\237K%\340]\246E\2434\264K\036\030qP\317\315\336\325\007""; ","proposeSeq: 1; currentTxHash: ""\000\000\000\000\000\000\000\000\000\000\000\000\000\000\000\000\000\000\000\000\000\000\000\000\000\000\000\000\000\000\000\000""; nodePubKey: ""\003\343\005\311u\203\370\0338\3174\324\010\006\301\251\177\261\304eOX\262)FA-\022r\263wm\024""; closeTime: 803902470; signature: ""0D\002 \t\376>]\372\\352F\240\260\240]-\334e\204mf\273\212\014\233\232\342\262<\216I\037\017\346;\002 c\313Y}\325\355\rp}\243\234\000\272!\220U\203\022\001t&\037\253o\000\221\360\000*\250\346\304""; previousledger: ""\241'\332/+\360Bx\036+\210j\237K%\340]\246E\2434\264K\036\030qP\317\315\336\325\007""; "
1750587270398,1750587270398,1764,1,0,3,TMGetLedger,"itype: liTS_CANDIDATE; ledgerHash: ""8h\232\211g)\354\005\246\256XI\265J\214\312}\261\211y\355]\0228j\360\0224\003\021%\014""; nodeIDs: ""\000\000\000\000\000\000\000\000\000\000\000\000\000\000\000\000\000\000\000\000\000\000\000\000\000\000\000\000\000\000\000\000\000""; requestCookie: 5; queryType: qtINDIRECT; queryDepth: 3; ","itype: liTS_CANDIDATE; ledgerHash: ""8h\232\211g)\354\005\246\256XI\265J\214\312}\261\211y\355]\0228j\360\0224\003\021%\014""; nodeIDs: ""\000\000\000\000\000\000\000\000\000\000\000\000\000\000\000\000\000\000\000\000\000\000\000\000\000\000\000\000\000\000\000\000\000""; requestCookie: 5; queryType: qtINDIRECT; queryDepth: 3; "
1750587270398,1750587270398,1764,1,0,3,TMGetLedger,"itype: liTS_CANDIDATE; ledgerHash: ""u\315\243\367\211\2625\240r:n\277\003\026\366\353'\216jy9\\001\220\223~\341j\254O\025\257""; nodeIDs: ""\240\000\000\000\000\000\000\000\000\000\000\000\000\000\000\000\000\000\000\000\000\000\000\000\000\000\000\000\000\000\000\000\001""; queryType: qtINDIRECT; ","itype: liTS_CANDIDATE; ledgerHash: ""u\315\243\367\211\2625\240r:n\277\003\026\366\353'\216jy9\\001\220\223~\341j\254O\025\257""; nodeIDs: ""\240\000\000\000\000\000\000\000\000\000\000\000\000\000\000\000\000\000\000\000\000\000\000\000\000\000\000\000\000\000\000\000\001""; queryType: qtINDIRECT; "
1750587270399,1750587270399,1399,1,1,3,TMLedgerData,"ledgerHash: ""u\315\243\367\211\2625\240r:n\277\003\026\366\353'\216jy9\\001\220\223~\341j\254O\025\257""; ledgerSeq: 0; type: liTS_CANDIDATE; nodes {;   nodedata: ""\246C\232\272\013^\241\340~\030'\005/\234\037\355\231\230\017\266\365\303w\360\273\374\234\362S:\270\023\n\003"";   nodeid: ""\000\000\000\000\000\000\000\000\000\000\000\000\000\000\000\000\000\000\000\000\000\000\000\000\000\000\000\000\000\000\000\000\000""; }; ","ledgerHash: ""u\315\243\367\211\2625\240r:n\277\003\026\366\353'\216jy9\\001\220\223~\341j\254O\025\257""; ledgerSeq: 0; type: liTS_CANDIDATE; nodes {;   nodedata: ""\246C\232\272\013^\241\340~\030'\005/\234\037\355\231\230\017\266\365\303w\360\273\374\234\362S:\270\023\n\003"";   nodeid: ""\000\000\000\000\000\000\000\000\000\000\000\000\000\000\000\000\000\000\000\000\000\000\000\000\000\000\000\000\000\000\000\000\000""; }; "
1750587270407,1750587270408,2565,1,3,0,TMLedgerData,"ledgerHash: ""u\315\243\367\211\2625\240r:n\277\003\026\366\353'\216jy9\\001\220\223~\341j\254O\025\257""; ledgerSeq: 0; type: liTS_CANDIDATE; nodes {;   nodedata: ""\022\000\000""\000\000\000\000$\000\000\000\001 \033\000\000\000\027a@\000\000\027H\206*@h@\000\000\000\000\000\000\ns!\0030\347\374\235V\273%\326\211;\243\363\027\256[\3173\263)\033\326=\263&T\243\023""/\177\320 tF0D\002 0\023\341\332; \2711\245\020\321\3300\345\267-)\230\177\246\236AQ\327\203\207H\226+\000%\336\002 \024\036\211\237\201t\376\272E\270\230\020\334\014\356g\273\025((\376\266\216@ \254^2T\233\013\034\201\024\265\367by\212S\325C\240\024\312\370\262\227\317\370\362\3717\350\203\024E0\246\210\344\325\345r\024T\251\006P\255\352\333\372\351\337\302\000"";   nodeid: ""\240\000\000\000\000\000\000\000\000\000\000\000\000\000\000\000\000\000\000\000\000\000\000\000\000\000\000\000\000\000\000\000\001""; }; ","ledgerHash: ""u\315\243\367\211\2625\240r:n\277\003\026\366\353'\216jy9\\001\220\223~\341j\254O\025\257""; ledgerSeq: 0; type: liTS_CANDIDATE; nodes {;   nodedata: ""\022\000\000""\000\000\000\000$\000\000\000\001 \033\000\000\000\027a@\000\000\027H\206*@h@\000\000\000\000\000\000\ns!\0030\347\374\235V\273%\326\211;\243\363\027\256[\3173\263)\033\326=\263&T\243\023""/\177\320 tF0D\002 0\023\341\332; \2711\245\020\321\3300\345\267-)\230\177\246\236AQ\327\203\207H\226+\000%\336\002 \024\036\211\237\201t\376\272E\270\230\020\334\014\356g\273\025((\376\266\216@ \254^2T\233\013\034\201\024\265\367by\212S\325C\240\024\312\370\262\227\317\370\362\3717\350\203\024E0\246\210\344\325\345r\024T\251\006P\255\352\333\372\351\337\302\000"";   nodeid: ""\240\000\000\000\000\000\000\000\000\000\000\000\000\000\000\000\000\000\000\000\000\000\000\000\000\000\000\000\000\000\000\000\001""; }; "
1750587270412,1750587270412,393,1,0,1,TMGetLedger,"itype: liTS_CANDIDATE; ledgerHash: ""u\315\243\367\211\2625\240r:n\277\003\026\366\353'\216jy9\\001\220\223~\341j\254O\025\257""; nodeIDs: ""\240\000\000\000\000\000\000\000\000\000\000\000\000\000\000\000\000\000\000\000\000\000\000\000\000\000\000\000\000\000\000\000\001""; queryType: qtINDIRECT; ","itype: liTS_CANDIDATE; ledgerHash: ""u\315\243\367\211\2625\240r:n\277\003\026\366\353'\216jy9\\001\220\223~\341j\254O\025\257""; nodeIDs: ""\240\000\000\000\000\000\000\000\000\000\000\000\000\000\000\000\000\000\000\000\000\000\000\000\000\000\000\000\000\000\000\000\001""; queryType: qtINDIRECT; "
1750587270412,1750587270413,1102,1,2,3,TMLedgerData,"ledgerHash: ""u\315\243\367\211\2625\240r:n\277\003\026\366\353'\216jy9\\001\220\223~\341j\254O\025\257""; ledgerSeq: 0; type: liTS_CANDIDATE; nodes {;   nodedata: ""\246C\232\272\013^\241\340~\030'\005/\234\037\355\231\230\017\266\365\303w\360\273\374\234\362S:\270\023\n\003"";   nodeid: ""\000\000\000\000\000\000\000\000\000\000\000\000\000\000\000\000\000\000\000\000\000\000\000\000\000\000\000\000\000\000\000\000\000""; }; ","ledgerHash: ""u\315\243\367\211\2625\240r:n\277\003\026\366\353'\216jy9\\001\220\223~\341j\254O\025\257""; ledgerSeq: 0; type: liTS_CANDIDATE; nodes {;   nodedata: ""\246C\232\272\013^\241\340~\030'\005/\234\037\355\231\230\017\266\365\303w\360\273\374\234\362S:\270\023\n\003"";   nodeid: ""\000\000\000\000\000\000\000\000\000\000\000\000\000\000\000\000\000\000\000\000\000\000\000\000\000\000\000\000\000\000\000\000\000""; }; "
1750587270434,1750587270434,926,1,1,0,TMProposeSet,"proposeSeq: 0; currentTxHash: ""8h\232\211g)\354\005\246\256XI\265J\214\312}\261\211y\355]\0228j\360\0224\003\021%\014""; nodePubKey: ""\003\343\005\311u\203\370\0338\3174\324\010\006\301\251\177\261\304eOX\262)FA-\022r\263wm\024""; closeTime: 803902470; signature: ""0E\002!\000\320}b\305\334\222[i\360\3527\340\n\010\230-\333\340qc\336\225$\343\371\3711Zd\271u3\002 x\324\367\216\373\354!\347\226h-\325\023\256\rc\026D\352z\025h_\3115zXl\234\227-\203""; previousledger: ""\372\373$P*|\321\342\002\026\n\3215\340\3203\200x\327D\301]5\237\247Yz\3711!L\214""; ","proposeSeq: 0; currentTxHash: ""8h\232\211g)\354\005\246\256XI\265J\214\312}\261\211y\355]\0228j\360\0224\003\021%\014""; nodePubKey: ""\003\343\005\311u\203\370\0338\3174\324\010\006\301\251\177\261\304eOX\262)FA-\022r\263wm\024""; closeTime: 803902470; signature: ""0E\002!\000\320}b\305\334\222[i\360\3527\340\n\010\230-\333\340qc\336\225$\343\371\3711Zd\271u3\002 x\324\367\216\373\354!\347\226h-\325\023\256\rc\026D\352z\025h_\3115zXl\234\227-\203""; previousledger: ""\372\373$P*|\321\342\002\026\n\3215\340\3203\200x\327D\301]5\237\247Yz\3711!L\214""; "
1750587270434,1750587270434,3375,1,1,4,TMProposeSet,"proposeSeq: 0; currentTxHash: ""8h\232\211g)\354\005\246\256XI\265J\214\312}\261\211y\355]\0228j\360\0224\003\021%\014""; nodePubKey: ""\003\343\005\311u\203\370\0338\3174\324\010\006\301\251\177\261\304eOX\262)FA-\022r\263wm\024""; closeTime: 803902470; signature: ""0E\002!\000\320}b\305\334\222[i\360\3527\340\n\010\230-\333\340qc\336\225$\343\371\3711Zd\271u3\002 x\324\367\216\373\354!\347\226h-\325\023\256\rc\026D\352z\025h_\3115zXl\234\227-\203""; previousledger: ""\372\373$P*|\321\342\002\026\n\3215\340\3203\200x\327D\301]5\237\247Yz\3711!L\214""; ","proposeSeq: 0; currentTxHash: ""8h\232\211g)\354\005\246\256XI\265J\214\312}\261\211y\355]\0228j\360\0224\003\021%\014""; nodePubKey: ""\003\343\005\311u\203\370\0338\3174\324\010\006\301\251\177\261\304eOX\262)FA-\022r\263wm\024""; closeTime: 803902470; signature: ""0E\002!\000\320}b\305\334\222[i\360\3527\340\n\010\230-\333\340qc\336\225$\343\371\3711Zd\271u3\002 x\324\367\216\373\354!\347\226h-\325\023\256\rc\026D\352z\025h_\3115zXl\234\227-\203""; previousledger: ""\372\373$P*|\321\342\002\026\n\3215\340\3203\200x\327D\301]5\237\247Yz\3711!L\214""; "
1750587270441,1750587270441,1799,1,1,2,TMProposeSet,"proposeSeq: 0; currentTxHash: ""8h\232\211g)\354\005\246\256XI\265J\214\312}\261\211y\355]\0228j\360\0224\003\021%\014""; nodePubKey: ""\003\343\005\311u\203\370\0338\3174\324\010\006\301\251\177\261\304eOX\262)FA-\022r\263wm\024""; closeTime: 803902470; signature: ""0E\002!\000\320}b\305\334\222[i\360\3527\340\n\010\230-\333\340qc\336\225$\343\371\3711Zd\271u3\002 x\324\367\216\373\354!\347\226h-\325\023\256\rc\026D\352z\025h_\3115zXl\234\227-\203""; previousledger: ""\372\373$P*|\321\342\002\026\n\3215\340\3203\200x\327D\301]5\237\247Yz\3711!L\214""; ","proposeSeq: 0; currentTxHash: ""8h\232\211g)\354\005\246\256XI\265J\214\312}\261\211y\355]\0228j\360\0224\003\021%\014""; nodePubKey: ""\003\343\005\311u\203\370\0338\3174\324\010\006\301\251\177\261\304eOX\262)FA-\022r\263wm\024""; closeTime: 803902470; signature: ""0E\002!\000\320}b\305\334\222[i\360\3527\340\n\010\230-\333\340qc\336\225$\343\371\3711Zd\271u3\002 x\324\367\216\373\354!\347\226h-\325\023\256\rc\026D\352z\025h_\3115zXl\234\227-\203""; previousledger: ""\372\373$P*|\321\342\002\026\n\3215\340\3203\200x\327D\301]5\237\247Yz\3711!L\214""; "
1750587270442,1750587270442,3538,1,1,3,TMProposeSet,"proposeSeq: 0; currentTxHash: ""8h\232\211g)\354\005\246\256XI\265J\214\312}\261\211y\355]\0228j\360\0224\003\021%\014""; nodePubKey: ""\003\343\005\311u\203\370\0338\3174\324\010\006\301\251\177\261\304eOX\262)FA-\022r\263wm\024""; closeTime: 803902470; signature: ""0E\002!\000\320}b\305\334\222[i\360\3527\340\n\010\230-\333\340qc\336\225$\343\371\3711Zd\271u3\002 x\324\367\216\373\354!\347\226h-\325\023\256\rc\026D\352z\025h_\3115zXl\234\227-\203""; previousledger: ""\372\373$P*|\321\342\002\026\n\3215\340\3203\200x\327D\301]5\237\247Yz\3711!L\214""; ","proposeSeq: 0; currentTxHash: ""8h\232\211g)\354\005\246\256XI\265J\214\312}\261\211y\355]\0228j\360\0224\003\021%\014""; nodePubKey: ""\003\343\005\311u\203\370\0338\3174\324\010\006\301\251\177\261\304eOX\262)FA-\022r\263wm\024""; closeTime: 803902470; signature: ""0E\002!\000\320}b\305\334\222[i\360\3527\340\n\010\230-\333\340qc\336\225$\343\371\3711Zd\271u3\002 x\324\367\216\373\354!\347\226h-\325\023\256\rc\026D\352z\025h_\3115zXl\234\227-\203""; previousledger: ""\372\373$P*|\321\342\002\026\n\3215\340\3203\200x\327D\301]5\237\247Yz\3711!L\214""; "
1750587270467,1750587270467,2715,1,1,4,TMLedgerData,"ledgerHash: ""u\315\243\367\211\2625\240r:n\277\003\026\366\353'\216jy9\\001\220\223~\341j\254O\025\257""; ledgerSeq: 0; type: liTS_CANDIDATE; nodes {;   nodedata: ""\246C\232\272\013^\241\340~\030'\005/\234\037\355\231\230\017\266\365\303w\360\273\374\234\362S:\270\023\n\003"";   nodeid: ""\000\000\000\000\000\000\000\000\000\000\000\000\000\000\000\000\000\000\000\000\000\000\000\000\000\000\000\000\000\000\000\000\000""; }; requestCookie: 4; ","ledgerHash: ""u\315\243\367\211\2625\240r:n\277\003\026\366\353'\216jy9\\001\220\223~\341j\254O\025\257""; ledgerSeq: 0; type: liTS_CANDIDATE; nodes {;   nodedata: ""\246C\232\272\013^\241\340~\030'\005/\234\037\355\231\230\017\266\365\303w\360\273\374\234\362S:\270\023\n\003"";   nodeid: ""\000\000\000\000\000\000\000\000\000\000\000\000\000\000\000\000\000\000\000\000\000\000\000\000\000\000\000\000\000\000\000\000\000""; }; requestCookie: 4; "
1750587270432,1750587270471,961,1,1,2,TMStatusChange,"newEvent: neCLOSING_LEDGER; ledgerSeq: 5; ledgerHash: ""\372\373$P*|\321\342\002\026\n\3215\340\3203\200x\327D\301]5\237\247Yz\3711!L\214""; ledgerHashPrevious: ""\241'\332/+\360Bx\036+\210j\237K%\340]\246E\2434\264K\036\030qP\317\315\336\325\007""; networkTime: 803902470; firstSeq: 1; lastSeq: 5; ","newEvent: neCLOSING_LEDGER; ledgerSeq: 5; ledgerHash: ""\372\373$P*|\321\342\002\026\n\3215\340\3203\200x\327D\301]5\237\247Yz\3711!L\214""; ledgerHashPrevious: ""\241'\332/+\360Bx\036+\210j\237K%\340]\246E\2434\264K\036\030qP\317\315\336\325\007""; networkTime: 803902470; firstSeq: 1; lastSeq: 5; "
1750587270433,1750587270471,1862,1,1,0,TMStatusChange,"newEvent: neCLOSING_LEDGER; ledgerSeq: 5; ledgerHash: ""\372\373$P*|\321\342\002\026\n\3215\340\3203\200x\327D\301]5\237\247Yz\3711!L\214""; ledgerHashPrevious: ""\241'\332/+\360Bx\036+\210j\237K%\340]\246E\2434\264K\036\030qP\317\315\336\325\007""; networkTime: 803902470; firstSeq: 1; lastSeq: 5; ","newEvent: neCLOSING_LEDGER; ledgerSeq: 5; ledgerHash: ""\372\373$P*|\321\342\002\026\n\3215\340\3203\200x\327D\301]5\237\247Yz\3711!L\214""; ledgerHashPrevious: ""\241'\332/+\360Bx\036+\210j\237K%\340]\246E\2434\264K\036\030qP\317\315\336\325\007""; networkTime: 803902470; firstSeq: 1; lastSeq: 5; "
1750587270433,1750587270471,3522,1,1,4,TMStatusChange,"newEvent: neCLOSING_LEDGER; ledgerSeq: 5; ledgerHash: ""\372\373$P*|\321\342\002\026\n\3215\340\3203\200x\327D\301]5\237\247Yz\3711!L\214""; ledgerHashPrevious: ""\241'\332/+\360Bx\036+\210j\237K%\340]\246E\2434\264K\036\030qP\317\315\336\325\007""; networkTime: 803902470; firstSeq: 1; lastSeq: 5; ","newEvent: neCLOSING_LEDGER; ledgerSeq: 5; ledgerHash: ""\372\373$P*|\321\342\002\026\n\3215\340\3203\200x\327D\301]5\237\247Yz\3711!L\214""; ledgerHashPrevious: ""\241'\332/+\360Bx\036+\210j\237K%\340]\246E\2434\264K\036\030qP\317\315\336\325\007""; networkTime: 803902470; firstSeq: 1; lastSeq: 5; "
1750587270442,1750587270471,1020,1,1,3,TMStatusChange,"newEvent: neCLOSING_LEDGER; ledgerSeq: 5; ledgerHash: ""\372\373$P*|\321\342\002\026\n\3215\340\3203\200x\327D\301]5\237\247Yz\3711!L\214""; ledgerHashPrevious: ""\241'\332/+\360Bx\036+\210j\237K%\340]\246E\2434\264K\036\030qP\317\315\336\325\007""; networkTime: 803902470; firstSeq: 1; lastSeq: 5; ","newEvent: neCLOSING_LEDGER; ledgerSeq: 5; ledgerHash: ""\372\373$P*|\321\342\002\026\n\3215\340\3203\200x\327D\301]5\237\247Yz\3711!L\214""; ledgerHashPrevious: ""\241'\332/+\360Bx\036+\210j\237K%\340]\246E\2434\264K\036\030qP\317\315\336\325\007""; networkTime: 803902470; firstSeq: 1; lastSeq: 5; "
1750587270482,1750587270482,2472,1,1,2,TMLedgerData,"ledgerHash: ""u\315\243\367\211\2625\240r:n\277\003\026\366\353'\216jy9\\001\220\223~\341j\254O\025\257""; ledgerSeq: 0; type: liTS_CANDIDATE; nodes {;   nodedata: ""\246C\232\272\013^\241\340~\030'\005/\234\037\355\231\230\017\266\365\303w\360\273\374\234\362S:\270\023\n\003"";   nodeid: ""\000\000\000\000\000\000\000\000\000\000\000\000\000\000\000\000\000\000\000\000\000\000\000\000\000\000\000\000\000\000\000\000\000""; }; requestCookie: 4; ","ledgerHash: ""u\315\243\367\211\2625\240r:n\277\003\026\366\353'\216jy9\\001\220\223~\341j\254O\025\257""; ledgerSeq: 0; type: liTS_CANDIDATE; nodes {;   nodedata: ""\246C\232\272\013^\241\340~\030'\005/\234\037\355\231\230\017\266\365\303w\360\273\374\234\362S:\270\023\n\003"";   nodeid: ""\000\000\000\000\000\000\000\000\000\000\000\000\000\000\000\000\000\000\000\000\000\000\000\000\000\000\000\000\000\000\000\000\000""; }; requestCookie: 4; "
1750587270500,1750587270500,2655,1,1,0,TMLedgerData,"ledgerHash: ""8h\232\211g)\354\005\246\256XI\265J\214\312}\261\211y\355]\0228j\360\0224\003\021%\014""; ledgerSeq: 0; type: liTS_CANDIDATE; nodes {;   nodedata: ""\222c\273c4\225\334\221\227u?\025\314=\305/\262\367\217\375\027j\323\304\372\312Fv\2716\001\355\t\246C\232\272\013^\241\340~\030'\005/\234\037\355\231\230\017\266\365\303w\360\273\374\234\362S:\270\023\n\270\212\275\306\204\271\274\361K|t\323\346\2174\324\362\014S]\301\325\344rY\277\343\351\364\374\023\263\013\003"";   nodeid: ""\000\000\000\000\000\000\000\000\000\000\000\000\000\000\000\000\000\000\000\000\000\000\000\000\000\000\000\000\000\000\000\000\000""; }; ","ledgerHash: ""8h\232\211g)\354\005\246\256XI\265J\214\312}\261\211y\355]\0228j\360\0224\003\021%\014""; ledgerSeq: 0; type: liTS_CANDIDATE; nodes {;   nodedata: ""\222c\273c4\225\334\221\227u?\025\314=\305/\262\367\217\375\027j\323\304\372\312Fv\2716\001\355\t\246C\232\272\013^\241\340~\030'\005/\234\037\355\231\230\017\266\365\303w\360\273\374\234\362S:\270\023\n\270\212\275\306\204\271\274\361K|t\323\346\2174\324\362\014S]\301\325\344rY\277\343\351\364\374\023\263\013\003"";   nodeid: ""\000\000\000\000\000\000\000\000\000\000\000\000\000\000\000\000\000\000\000\000\000\000\000\000\000\000\000\000\000\000\000\000\000""; }; "
1750587270507,1750587270507,2655,1,1,0,TMLedgerData,"ledgerHash: ""u\315\243\367\211\2625\240r:n\277\003\026\366\353'\216jy9\\001\220\223~\341j\254O\025\257""; ledgerSeq: 0; type: liTS_CANDIDATE; nodes {;   nodedata: ""\022\000\000""\000\000\000\000$\000\000\000\001 \033\000\000\000\027a@\000\000\027H\206*@h@\000\000\000\000\000\000\ns!\0030\347\374\235V\273%\326\211;\243\363\027\256[\3173\263)\033\326=\263&T\243\023""/\177\320 tF0D\002 0\023\341\332; \2711\245\020\321\3300\345\267-)\230\177\246\236AQ\327\203\207H\226+\000%\336\002 \024\036\211\237\201t\376\272E\270\230\020\334\014\356g\273\025((\376\266\216@ \254^2T\233\013\034\201\024\265\367by\212S\325C\240\024\312\370\262\227\317\370\362\3717\350\203\024E0\246\210\344\325\345r\024T\251\006P\255\352\333\372\351\337\302\000"";   nodeid: ""\240\000\000\000\000\000\000\000\000\000\000\000\000\000\000\000\000\000\000\000\000\000\000\000\000\000\000\000\000\000\000\000\001""; }; ","ledgerHash: ""u\315\243\367\211\2625\240r:n\277\003\026\366\353'\216jy9\\001\220\223~\341j\254O\025\257""; ledgerSeq: 0; type: liTS_CANDIDATE; nodes {;   nodedata: ""\022\000\000""\000\000\000\000$\000\000\000\001 \033\000\000\000\027a@\000\000\027H\206*@h@\000\000\000\000\000\000\ns!\0030\347\374\235V\273%\326\211;\243\363\027\256[\3173\263)\033\326=\263&T\243\023""/\177\320 tF0D\002 0\023\341\332; \2711\245\020\321\3300\345\267-)\230\177\246\236AQ\327\203\207H\226+\000%\336\002 \024\036\211\237\201t\376\272E\270\230\020\334\014\356g\273\025((\376\266\216@ \254^2T\233\013\034\201\024\265\367by\212S\325C\240\024\312\370\262\227\317\370\362\3717\350\203\024E0\246\210\344\325\345r\024T\251\006P\255\352\333\372\351\337\302\000"";   nodeid: ""\240\000\000\000\000\000\000\000\000\000\000\000\000\000\000\000\000\000\000\000\000\000\000\000\000\000\000\000\000\000\000\000\001""; }; "
1750587270516,1750587270516,2655,1,1,0,TMLedgerData,"ledgerHash: ""8h\232\211g)\354\005\246\256XI\265J\214\312}\261\211y\355]\0228j\360\0224\003\021%\014""; ledgerSeq: 0; type: liTS_CANDIDATE; nodes {;   nodedata: ""\222c\273c4\225\334\221\227u?\025\314=\305/\262\367\217\375\027j\323\304\372\312Fv\2716\001\355\t\246C\232\272\013^\241\340~\030'\005/\234\037\355\231\230\017\266\365\303w\360\273\374\234\362S:\270\023\n\270\212\275\306\204\271\274\361K|t\323\346\2174\324\362\014S]\301\325\344rY\277\343\351\364\374\023\263\013\003"";   nodeid: ""\000\000\000\000\000\000\000\000\000\000\000\000\000\000\000\000\000\000\000\000\000\000\000\000\000\000\000\000\000\000\000\000\000""; }; requestCookie: 5; ","ledgerHash: ""8h\232\211g)\354\005\246\256XI\265J\214\312}\261\211y\355]\0228j\360\0224\003\021%\014""; ledgerSeq: 0; type: liTS_CANDIDATE; nodes {;   nodedata: ""\222c\273c4\225\334\221\227u?\025\314=\305/\262\367\217\375\027j\323\304\372\312Fv\2716\001\355\t\246C\232\272\013^\241\340~\030'\005/\234\037\355\231\230\017\266\365\303w\360\273\374\234\362S:\270\023\n\270\212\275\306\204\271\274\361K|t\323\346\2174\324\362\014S]\301\325\344rY\277\343\351\364\374\023\263\013\003"";   nodeid: ""\000\000\000\000\000\000\000\000\000\000\000\000\000\000\000\000\000\000\000\000\000\000\000\000\000\000\000\000\000\000\000\000\000""; }; requestCookie: 5; "
1750587270520,1750587270520,1399,1,1,3,TMLedgerData,"ledgerHash: ""u\315\243\367\211\2625\240r:n\277\003\026\366\353'\216jy9\\001\220\223~\341j\254O\025\257""; ledgerSeq: 0; type: liTS_CANDIDATE; nodes {;   nodedata: ""\246C\232\272\013^\241\340~\030'\005/\234\037\355\231\230\017\266\365\303w\360\273\374\234\362S:\270\023\n\003"";   nodeid: ""\000\000\000\000\000\000\000\000\000\000\000\000\000\000\000\000\000\000\000\000\000\000\000\000\000\000\000\000\000\000\000\000\000""; }; requestCookie: 2; ","ledgerHash: ""u\315\243\367\211\2625\240r:n\277\003\026\366\353'\216jy9\\001\220\223~\341j\254O\025\257""; ledgerSeq: 0; type: liTS_CANDIDATE; nodes {;   nodedata: ""\246C\232\272\013^\241\340~\030'\005/\234\037\355\231\230\017\266\365\303w\360\273\374\234\362S:\270\023\n\003"";   nodeid: ""\000\000\000\000\000\000\000\000\000\000\000\000\000\000\000\000\000\000\000\000\000\000\000\000\000\000\000\000\000\000\000\000\000""; }; requestCookie: 2; "
1750587270526,1750587270526,342,1,2,1,TMGetLedger,"itype: liTS_CANDIDATE; ledgerHash: ""u\315\243\367\211\2625\240r:n\277\003\026\366\353'\216jy9\\001\220\223~\341j\254O\025\257""; nodeIDs: ""\000\000\000\000\000\000\000\000\000\000\000\000\000\000\000\000\000\000\000\000\000\000\000\000\000\000\000\000\000\000\000\000\000""; requestCookie: 2; queryType: qtINDIRECT; queryDepth: 3; ","itype: liTS_CANDIDATE; ledgerHash: ""u\315\243\367\211\2625\240r:n\277\003\026\366\353'\216jy9\\001\220\223~\341j\254O\025\257""; nodeIDs: ""\000\000\000\000\000\000\000\000\000\000\000\000\000\000\000\000\000\000\000\000\000\000\000\000\000\000\000\000\000\000\000\000\000""; requestCookie: 2; queryType: qtINDIRECT; queryDepth: 3; "
1750587270530,1750587270531,2472,1,1,2,TMLedgerData,"ledgerHash: ""8h\232\211g)\354\005\246\256XI\265J\214\312}\261\211y\355]\0228j\360\0224\003\021%\014""; ledgerSeq: 0; type: liTS_CANDIDATE; nodes {;   nodedata: ""\222c\273c4\225\334\221\227u?\025\314=\305/\262\367\217\375\027j\323\304\372\312Fv\2716\001\355\t\246C\232\272\013^\241\340~\030'\005/\234\037\355\231\230\017\266\365\303w\360\273\374\234\362S:\270\023\n\270\212\275\306\204\271\274\361K|t\323\346\2174\324\362\014S]\301\325\344rY\277\343\351\364\374\023\263\013\003"";   nodeid: ""\000\000\000\000\000\000\000\000\000\000\000\000\000\000\000\000\000\000\000\000\000\000\000\000\000\000\000\000\000\000\000\000\000""; }; ","ledgerHash: ""8h\232\211g)\354\005\246\256XI\265J\214\312}\261\211y\355]\0228j\360\0224\003\021%\014""; ledgerSeq: 0; type: liTS_CANDIDATE; nodes {;   nodedata: ""\222c\273c4\225\334\221\227u?\025\314=\305/\262\367\217\375\027j\323\304\372\312Fv\2716\001\355\t\246C\232\272\013^\241\340~\030'\005/\234\037\355\231\230\017\266\365\303w\360\273\374\234\362S:\270\023\n\270\212\275\306\204\271\274\361K|t\323\346\2174\324\362\014S]\301\325\344rY\277\343\351\364\374\023\263\013\003"";   nodeid: ""\000\000\000\000\000\000\000\000\000\000\000\000\000\000\000\000\000\000\000\000\000\000\000\000\000\000\000\000\000\000\000\000\000""; }; "
1750587270539,1750587270539,2655,1,1,0,TMLedgerData,"ledgerHash: ""u\315\243\367\211\2625\240r:n\277\003\026\366\353'\216jy9\\001\220\223~\341j\254O\025\257""; ledgerSeq: 0; type: liTS_CANDIDATE; nodes {;   nodedata: ""\246C\232\272\013^\241\340~\030'\005/\234\037\355\231\230\017\266\365\303w\360\273\374\234\362S:\270\023\n\003"";   nodeid: ""\000\000\000\000\000\000\000\000\000\000\000\000\000\000\000\000\000\000\000\000\000\000\000\000\000\000\000\000\000\000\000\000\000""; }; requestCookie: 4; ","ledgerHash: ""u\315\243\367\211\2625\240r:n\277\003\026\366\353'\216jy9\\001\220\223~\341j\254O\025\257""; ledgerSeq: 0; type: liTS_CANDIDATE; nodes {;   nodedata: ""\246C\232\272\013^\241\340~\030'\005/\234\037\355\231\230\017\266\365\303w\360\273\374\234\362S:\270\023\n\003"";   nodeid: ""\000\000\000\000\000\000\000\000\000\000\000\000\000\000\000\000\000\000\000\000\000\000\000\000\000\000\000\000\000\000\000\000\000""; }; requestCookie: 4; "
1750587270557,1750587270557,2655,1,1,0,TMLedgerData,"ledgerHash: ""u\315\243\367\211\2625\240r:n\277\003\026\366\353'\216jy9\\001\220\223~\341j\254O\025\257""; ledgerSeq: 0; type: liTS_CANDIDATE; nodes {;   nodedata: ""\022\000\000""\000\000\000\000$\000\000\000\001 \033\000\000\000\027a@\000\000\027H\206*@h@\000\000\000\000\000\000\ns!\0030\347\374\235V\273%\326\211;\243\363\027\256[\3173\263)\033\326=\263&T\243\023""/\177\320 tF0D\002 0\023\341\332; \2711\245\020\321\3300\345\267-)\230\177\246\236AQ\327\203\207H\226+\000%\336\002 \024\036\211\237\201t\376\272E\270\230\020\334\014\356g\273\025((\376\266\216@ \254^2T\233\013\034\201\024\265\367by\212S\325C\240\024\312\370\262\227\317\370\362\3717\350\203\024E0\246\210\344\325\345r\024T\251\006P\255\352\333\372\351\337\302\000"";   nodeid: ""\240\000\000\000\000\000\000\000\000\000\000\000\000\000\000\000\000\000\000\000\000\000\000\000\000\000\000\000\000\000\000\000\001""; }; ","ledgerHash: ""u\315\243\367\211\2625\240r:n\277\003\026\366\353'\216jy9\\001\220\223~\341j\254O\025\257""; ledgerSeq: 0; type: liTS_CANDIDATE; nodes {;   nodedata: ""\022\000\000""\000\000\000\000$\000\000\000\001 \033\000\000\000\027a@\000\000\027H\206*@h@\000\000\000\000\000\000\ns!\0030\347\374\235V\273%\326\211;\243\363\027\256[\3173\263)\033\326=\263&T\243\023""/\177\320 tF0D\002 0\023\341\332; \2711\245\020\321\3300\345\267-)\230\177\246\236AQ\327\203\207H\226+\000%\336\002 \024\036\211\237\201t\376\272E\270\230\020\334\014\356g\273\025((\376\266\216@ \254^2T\233\013\034\201\024\265\367by\212S\325C\240\024\312\370\262\227\317\370\362\3717\350\203\024E0\246\210\344\325\345r\024T\251\006P\255\352\333\372\351\337\302\000"";   nodeid: ""\240\000\000\000\000\000\000\000\000\000\000\000\000\000\000\000\000\000\000\000\000\000\000\000\000\000\000\000\000\000\000\000\001""; }; "
1750587270580,1750587270580,557,1,4,1,TMGetLedger,"itype: liTS_CANDIDATE; ledgerHash: ""u\315\243\367\211\2625\240r:n\277\003\026\366\353'\216jy9\\001\220\223~\341j\254O\025\257""; nodeIDs: ""\240\000\000\000\000\000\000\000\000\000\000\000\000\000\000\000\000\000\000\000\000\000\000\000\000\000\000\000\000\000\000\000\001""; requestCookie: 1; queryType: qtINDIRECT; ","itype: liTS_CANDIDATE; ledgerHash: ""u\315\243\367\211\2625\240r:n\277\003\026\366\353'\216jy9\\001\220\223~\341j\254O\025\257""; nodeIDs: ""\240\000\000\000\000\000\000\000\000\000\000\000\000\000\000\000\000\000\000\000\000\000\000\000\000\000\000\000\000\000\000\000\001""; requestCookie: 1; queryType: qtINDIRECT; "
1750587270599,1750587270599,342,1,2,1,TMGetLedger,"itype: liTS_CANDIDATE; ledgerHash: ""u\315\243\367\211\2625\240r:n\277\003\026\366\353'\216jy9\\001\220\223~\341j\254O\025\257""; nodeIDs: ""\000\000\000\000\000\000\000\000\000\000\000\000\000\000\000\000\000\000\000\000\000\000\000\000\000\000\000\000\000\000\000\000\000""; requestCookie: 4; queryType: qtINDIRECT; queryDepth: 3; ","itype: liTS_CANDIDATE; ledgerHash: ""u\315\243\367\211\2625\240r:n\277\003\026\366\353'\216jy9\\001\220\223~\341j\254O\025\257""; nodeIDs: ""\000\000\000\000\000\000\000\000\000\000\000\000\000\000\000\000\000\000\000\000\000\000\000\000\000\000\000\000\000\000\000\000\000""; requestCookie: 4; queryType: qtINDIRECT; queryDepth: 3; "
1750587270604,1750587270604,1094,1,2,1,TMValidation,"validation: """"\200\000\000\001&\000\000\000\005)/\352\224\005:\211l\014`\252m\212dQ\372\373$P*|\321\342\002\026\n\3215\340\3203\200x\327D\301]5\237\247Yz\3711!L\214P\027\000\000\000\000\000\000\000\000\000\000\000\000\000\000\000\000\000\000\000\000\000\000\000\000\000\000\000\000\000\000\000\000P\031\241'\332/+\360Bx\036+\210j\237K%\340]\246E\2434\264K\036\030qP\317\315\336\325\007s!\003\325Q\255\224\274R@\312\253\262\347\352\034\346\347\242\215,\312\376=\277\353{\350\225\301\305`^, vG0E\002!\000\343H[u\237f\000\212\3116\003""\335\255\321\226_\216\363\250\372l@\312\221\356;\300\234\356m\336\002 ""\360k\020\027K\224\353<|>\234\365\240\322\007)r<j\2548\251A=\246\305\264%#~\224""; ","validation: """"\200\000\000\001&\000\000\000\005)/\352\224\005:\211l\014`\252m\212dQ\372\373$P*|\321\342\002\026\n\3215\340\3203\200x\327D\301]5\237\247Yz\3711!L\214P\027\000\000\000\000\000\000\000\000\000\000\000\000\000\000\000\000\000\000\000\000\000\000\000\000\000\000\000\000\000\000\000\000P\031\241'\332/+\360Bx\036+\210j\237K%\340]\246E\2434\264K\036\030qP\317\315\336\325\007s!\003\325Q\255\224\274R@\312\253\262\347\352\034\346\347\242\215,\312\376=\277\353{\350\225\301\305`^, vG0E\002!\000\343H[u\237f\000\212\3116\003""\335\255\321\226_\216\363\250\372l@\312\221\356;\300\234\356m\336\002 ""\360k\020\027K\224\353<|>\234\365\240\322\007)r<j\2548\251A=\246\305\264%#~\224""; "
1750587270604,1750587270605,1036,1,2,4,TMValidation,"validation: """"\200\000\000\001&\000\000\000\005)/\352\224\005:\211l\014`\252m\212dQ\372\373$P*|\321\342\002\026\n\3215\340\3203\200x\327D\301]5\237\247Yz\3711!L\214P\027\000\000\000\000\000\000\000\000\000\000\000\000\000\000\000\000\000\000\000\000\000\000\000\000\000\000\000\000\000\000\000\000P\031\241'\332/+\360Bx\036+\210j\237K%\340]\246E\2434\264K\036\030qP\317\315\336\325\007s!\003\325Q\255\224\274R@\312\253\262\347\352\034\346\347\242\215,\312\376=\277\353{\350\225\301\305`^, vG0E\002!\000\343H[u\237f\000\212\3116\003""\335\255\321\226_\216\363\250\372l@\312\221\356;\300\234\356m\336\002 ""\360k\020\027K\224\353<|>\234\365\240\322\007)r<j\2548\251A=\246\305\264%#~\224""; ","validation: """"\200\000\000\001&\000\000\000\005)/\352\224\005:\211l\014`\252m\212dQ\372\373$P*|\321\342\002\026\n\3215\340\3203\200x\327D\301]5\237\247Yz\3711!L\214P\027\000\000\000\000\000\000\000\000\000\000\000\000\000\000\000\000\000\000\000\000\000\000\000\000\000\000\000\000\000\000\000\000P\031\241'\332/+\360Bx\036+\210j\237K%\340]\246E\2434\264K\036\030qP\317\315\336\325\007s!\003\325Q\255\224\274R@\312\253\262\347\352\034\346\347\242\215,\312\376=\277\353{\350\225\301\305`^, vG0E\002!\000\343H[u\237f\000\212\3116\003""\335\255\321\226_\216\363\250\372l@\312\221\356;\300\234\356m\336\002 ""\360k\020\027K\224\353<|>\234\365\240\322\007)r<j\2548\251A=\246\305\264%#~\224""; "
1750587270605,1750587270605,3488,1,2,0,TMValidation,"validation: """"\200\000\000\001&\000\000\000\005)/\352\224\005:\211l\014`\252m\212dQ\372\373$P*|\321\342\002\026\n\3215\340\3203\200x\327D\301]5\237\247Yz\3711!L\214P\027\000\000\000\000\000\000\000\000\000\000\000\000\000\000\000\000\000\000\000\000\000\000\000\000\000\000\000\000\000\000\000\000P\031\241'\332/+\360Bx\036+\210j\237K%\340]\246E\2434\264K\036\030qP\317\315\336\325\007s!\003\325Q\255\224\274R@\312\253\262\347\352\034\346\347\242\215,\312\376=\277\353{\350\225\301\305`^, vG0E\002!\000\343H[u\237f\000\212\3116\003""\335\255\321\226_\216\363\250\372l@\312\221\356;\300\234\356m\336\002 ""\360k\020\027K\224\353<|>\234\365\240\322\007)r<j\2548\251A=\246\305\264%#~\224""; ","validation: """"\200\000\000\001&\000\000\000\005)/\352\224\005:\211l\014`\252m\212dQ\372\373$P*|\321\342\002\026\n\3215\340\3203\200x\327D\301]5\237\247Yz\3711!L\214P\027\000\000\000\000\000\000\000\000\000\000\000\000\000\000\000\000\000\000\000\000\000\000\000\000\000\000\000\000\000\000\000\000P\031\241'\332/+\360Bx\036+\210j\237K%\340]\246E\2434\264K\036\030qP\317\315\336\325\007s!\003\325Q\255\224\274R@\312\253\262\347\352\034\346\347\242\215,\312\376=\277\353{\350\225\301\305`^, vG0E\002!\000\343H[u\237f\000\212\3116\003""\335\255\321\226_\216\363\250\372l@\312\221\356;\300\234\356m\336\002 ""\360k\020\027K\224\353<|>\234\365\240\322\007)r<j\2548\251A=\246\305\264%#~\224""; "
1750587270606,1750587270606,393,1,0,1,TMGetLedger,"itype: liTS_CANDIDATE; ledgerHash: ""8h\232\211g)\354\005\246\256XI\265J\214\312}\261\211y\355]\0228j\360\0224\003\021%\014""; nodeIDs: ""\240\000\000\000\000\000\000\000\000\000\000\000\000\000\000\000\000\000\000\000\000\000\000\000\000\000\000\000\000\000\000\000\001""; queryType: qtINDIRECT; ","itype: liTS_CANDIDATE; ledgerHash: ""8h\232\211g)\354\005\246\256XI\265J\214\312}\261\211y\355]\0228j\360\0224\003\021%\014""; nodeIDs: ""\240\000\000\000\000\000\000\000\000\000\000\000\000\000\000\000\000\000\000\000\000\000\000\000\000\000\000\000\000\000\000\000\001""; queryType: qtINDIRECT; "
1750587270607,1750587270607,1466,1,0,4,TMGetLedger,"itype: liTS_CANDIDATE; ledgerHash: ""8h\232\211g)\354\005\246\256XI\265J\214\312}\261\211y\355]\0228j\360\0224\003\021%\014""; nodeIDs: ""\240\000\000\000\000\000\000\000\000\000\000\000\000\000\000\000\000\000\000\000\000\000\000\000\000\000\000\000\000\000\000\000\001""; queryType: qtINDIRECT; ","itype: liTS_CANDIDATE; ledgerHash: ""8h\232\211g)\354\005\246\256XI\265J\214\312}\261\211y\355]\0228j\360\0224\003\021%\014""; nodeIDs: ""\240\000\000\000\000\000\000\000\000\000\000\000\000\000\000\000\000\000\000\000\000\000\000\000\000\000\000\000\000\000\000\000\001""; queryType: qtINDIRECT; "
1750587270607,1750587270608,3414,1,0,2,TMGetLedger,"itype: liTS_CANDIDATE; ledgerHash: ""8h\232\211g)\354\005\246\256XI\265J\214\312}\261\211y\355]\0228j\360\0224\003\021%\014""; nodeIDs: ""\240\000\000\000\000\000\000\000\000\000\000\000\000\000\000\000\000\000\000\000\000\000\000\000\000\000\000\000\000\000\000\000\001""; queryType: qtINDIRECT; ","itype: liTS_CANDIDATE; ledgerHash: ""8h\232\211g)\354\005\246\256XI\265J\214\312}\261\211y\355]\0228j\360\0224\003\021%\014""; nodeIDs: ""\240\000\000\000\000\000\000\000\000\000\000\000\000\000\000\000\000\000\000\000\000\000\000\000\000\000\000\000\000\000\000\000\001""; queryType: qtINDIRECT; "
1750587270608,1750587270608,1764,1,0,3,TMGetLedger,"itype: liTS_CANDIDATE; ledgerHash: ""8h\232\211g)\354\005\246\256XI\265J\214\312}\261\211y\355]\0228j\360\0224\003\021%\014""; nodeIDs: ""\240\000\000\000\000\000\000\000\000\000\000\000\000\000\000\000\000\000\000\000\000\000\000\000\000\000\000\000\000\000\000\000\001""; queryType: qtINDIRECT; ","itype: liTS_CANDIDATE; ledgerHash: ""8h\232\211g)\354\005\246\256XI\265J\214\312}\261\211y\355]\0228j\360\0224\003\021%\014""; nodeIDs: ""\240\000\000\000\000\000\000\000\000\000\000\000\000\000\000\000\000\000\000\000\000\000\000\000\000\000\000\000\000\000\000\000\001""; queryType: qtINDIRECT; "
1750587270613,1750587270613,393,1,0,1,TMGetLedger,"itype: liTS_CANDIDATE; ledgerHash: ""u\315\243\367\211\2625\240r:n\277\003\026\366\353'\216jy9\\001\220\223~\341j\254O\025\257""; nodeIDs: ""\240\000\000\000\000\000\000\000\000\000\000\000\000\000\000\000\000\000\000\000\000\000\000\000\000\000\000\000\000\000\000\000\001""; queryType: qtINDIRECT; ","itype: liTS_CANDIDATE; ledgerHash: ""u\315\243\367\211\2625\240r:n\277\003\026\366\353'\216jy9\\001\220\223~\341j\254O\025\257""; nodeIDs: ""\240\000\000\000\000\000\000\000\000\000\000\000\000\000\000\000\000\000\000\000\000\000\000\000\000\000\000\000\000\000\000\000\001""; queryType: qtINDIRECT; "
1750587270613,1750587270613,3414,1,0,2,TMGetLedger,"itype: liTS_CANDIDATE; ledgerHash: ""u\315\243\367\211\2625\240r:n\277\003\026\366\353'\216jy9\\001\220\223~\341j\254O\025\257""; nodeIDs: ""\240\000\000\000\000\000\000\000\000\000\000\000\000\000\000\000\000\000\000\000\000\000\000\000\000\000\000\000\000\000\000\000\001""; queryType: qtINDIRECT; ","itype: liTS_CANDIDATE; ledgerHash: ""u\315\243\367\211\2625\240r:n\277\003\026\366\353'\216jy9\\001\220\223~\341j\254O\025\257""; nodeIDs: ""\240\000\000\000\000\000\000\000\000\000\000\000\000\000\000\000\000\000\000\000\000\000\000\000\000\000\000\000\000\000\000\000\001""; queryType: qtINDIRECT; "
1750587270614,1750587270614,1764,1,0,3,TMGetLedger,"itype: liTS_CANDIDATE; ledgerHash: ""u\315\243\367\211\2625\240r:n\277\003\026\366\353'\216jy9\\001\220\223~\341j\254O\025\257""; nodeIDs: ""\240\000\000\000\000\000\000\000\000\000\000\000\000\000\000\000\000\000\000\000\000\000\000\000\000\000\000\000\000\000\000\000\001""; queryType: qtINDIRECT; ","itype: liTS_CANDIDATE; ledgerHash: ""u\315\243\367\211\2625\240r:n\277\003\026\366\353'\216jy9\\001\220\223~\341j\254O\025\257""; nodeIDs: ""\240\000\000\000\000\000\000\000\000\000\000\000\000\000\000\000\000\000\000\000\000\000\000\000\000\000\000\000\000\000\000\000\001""; queryType: qtINDIRECT; "
1750587270619,1750587270619,2472,1,1,2,TMLedgerData,"ledgerHash: ""u\315\243\367\211\2625\240r:n\277\003\026\366\353'\216jy9\\001\220\223~\341j\254O\025\257""; ledgerSeq: 0; type: liTS_CANDIDATE; nodes {;   nodedata: ""\246C\232\272\013^\241\340~\030'\005/\234\037\355\231\230\017\266\365\303w\360\273\374\234\362S:\270\023\n\003"";   nodeid: ""\000\000\000\000\000\000\000\000\000\000\000\000\000\000\000\000\000\000\000\000\000\000\000\000\000\000\000\000\000\000\000\000\000""; }; requestCookie: 2; ","ledgerHash: ""u\315\243\367\211\2625\240r:n\277\003\026\366\353'\216jy9\\001\220\223~\341j\254O\025\257""; ledgerSeq: 0; type: liTS_CANDIDATE; nodes {;   nodedata: ""\246C\232\272\013^\241\340~\030'\005/\234\037\355\231\230\017\266\365\303w\360\273\374\234\362S:\270\023\n\003"";   nodeid: ""\000\000\000\000\000\000\000\000\000\000\000\000\000\000\000\000\000\000\000\000\000\000\000\000\000\000\000\000\000\000\000\000\000""; }; requestCookie: 2; "
1750587270624,1750587270624,557,1,4,1,TMGetLedger,"itype: liTS_CANDIDATE; ledgerHash: ""u\315\243\367\211\2625\240r:n\277\003\026\366\353'\216jy9\\001\220\223~\341j\254O\025\257""; nodeIDs: ""\000\000\000\000\000\000\000\000\000\000\000\000\000\000\000\000\000\000\000\000\000\000\000\000\000\000\000\000\000\000\000\000\000""; requestCookie: 4; queryType: qtINDIRECT; queryDepth: 3; ","itype: liTS_CANDIDATE; ledgerHash: ""u\315\243\367\211\2625\240r:n\277\003\026\366\353'\216jy9\\001\220\223~\341j\254O\025\257""; nodeIDs: ""\000\000\000\000\000\000\000\000\000\000\000\000\000\000\000\000\000\000\000\000\000\000\000\000\000\000\000\000\000\000\000\000\000""; requestCookie: 4; queryType: qtINDIRECT; queryDepth: 3; "
1750587270628,1750587270628,2565,1,3,0,TMLedgerData,"ledgerHash: ""u\315\243\367\211\2625\240r:n\277\003\026\366\353'\216jy9\\001\220\223~\341j\254O\025\257""; ledgerSeq: 0; type: liTS_CANDIDATE; nodes {;   nodedata: ""\022\000\000""\000\000\000\000$\000\000\000\001 \033\000\000\000\027a@\000\000\027H\206*@h@\000\000\000\000\000\000\ns!\0030\347\374\235V\273%\326\211;\243\363\027\256[\3173\263)\033\326=\263&T\243\023""/\177\320 tF0D\002 0\023\341\332; \2711\245\020\321\3300\345\267-)\230\177\246\236AQ\327\203\207H\226+\000%\336\002 \024\036\211\237\201t\376\272E\270\230\020\334\014\356g\273\025((\376\266\216@ \254^2T\233\013\034\201\024\265\367by\212S\325C\240\024\312\370\262\227\317\370\362\3717\350\203\024E0\246\210\344\325\345r\024T\251\006P\255\352\333\372\351\337\302\000"";   nodeid: ""\240\000\000\000\000\000\000\000\000\000\000\000\000\000\000\000\000\000\000\000\000\000\000\000\000\000\000\000\000\000\000\000\001""; }; ","ledgerHash: ""u\315\243\367\211\2625\240r:n\277\003\026\366\353'\216jy9\\001\220\223~\341j\254O\025\257""; ledgerSeq: 0; type: liTS_CANDIDATE; nodes {;   nodedata: ""\022\000\000""\000\000\000\000$\000\000\000\001 \033\000\000\000\027a@\000\000\027H\206*@h@\000\000\000\000\000\000\ns!\0030\347\374\235V\273%\326\211;\243\363\027\256[\3173\263)\033\326=\263&T\243\023""/\177\320 tF0D\002 0\023\341\332; \2711\245\020\321\3300\345\267-)\230\177\246\236AQ\327\203\207H\226+\000%\336\002 \024\036\211\237\201t\376\272E\270\230\020\334\014\356g\273\025((\376\266\216@ \254^2T\233\013\034\201\024\265\367by\212S\325C\240\024\312\370\262\227\317\370\362\3717\350\203\024E0\246\210\344\325\345r\024T\251\006P\255\352\333\372\351\337\302\000"";   nodeid: ""\240\000\000\000\000\000\000\000\000\000\000\000\000\000\000\000\000\000\000\000\000\000\000\000\000\000\000\000\000\000\000\000\001""; }; "
1750587270638,1750587270638,2715,1,1,4,TMLedgerData,"ledgerHash: ""u\315\243\367\211\2625\240r:n\277\003\026\366\353'\216jy9\\001\220\223~\341j\254O\025\257""; ledgerSeq: 0; type: liTS_CANDIDATE; nodes {;   nodedata: ""\022\000\000""\000\000\000\000$\000\000\000\001 \033\000\000\000\027a@\000\000\027H\206*@h@\000\000\000\000\000\000\ns!\0030\347\374\235V\273%\326\211;\243\363\027\256[\3173\263)\033\326=\263&T\243\023""/\177\320 tF0D\002 0\023\341\332; \2711\245\020\321\3300\345\267-)\230\177\246\236AQ\327\203\207H\226+\000%\336\002 \024\036\211\237\201t\376\272E\270\230\020\334\014\356g\273\025((\376\266\216@ \254^2T\233\013\034\201\024\265\367by\212S\325C\240\024\312\370\262\227\317\370\362\3717\350\203\024E0\246\210\344\325\345r\024T\251\006P\255\352\333\372\351\337\302\000"";   nodeid: ""\240\000\000\000\000\000\000\000\000\000\000\000\000\000\000\000\000\000\000\000\000\000\000\000\000\000\000\000\000\000\000\000\001""; }; requestCookie: 1; ","ledgerHash: ""u\315\243\367\211\2625\240r:n\277\003\026\366\353'\216jy9\\001\220\223~\341j\254O\025\257""; ledgerSeq: 0; type: liTS_CANDIDATE; nodes {;   nodedata: ""\022\000\000""\000\000\000\000$\000\000\000\001 \033\000\000\000\027a@\000\000\027H\206*@h@\000\000\000\000\000\000\ns!\0030\347\374\235V\273%\326\211;\243\363\027\256[\3173\263)\033\326=\263&T\243\023""/\177\320 tF0D\002 0\023\341\332; \2711\245\020\321\3300\345\267-)\230\177\246\236AQ\327\203\207H\226+\000%\336\002 \024\036\211\237\201t\376\272E\270\230\020\334\014\356g\273\025((\376\266\216@ \254^2T\233\013\034\201\024\265\367by\212S\325C\240\024\312\370\262\227\317\370\362\3717\350\203\024E0\246\210\344\325\345r\024T\251\006P\255\352\333\372\351\337\302\000"";   nodeid: ""\240\000\000\000\000\000\000\000\000\000\000\000\000\000\000\000\000\000\000\000\000\000\000\000\000\000\000\000\000\000\000\000\001""; }; requestCookie: 1; "
1750587270649,1750587270649,1399,1,1,3,TMLedgerData,"ledgerHash: ""u\315\243\367\211\2625\240r:n\277\003\026\366\353'\216jy9\\001\220\223~\341j\254O\025\257""; ledgerSeq: 0; type: liTS_CANDIDATE; nodes {;   nodedata: ""\246C\232\272\013^\241\340~\030'\005/\234\037\355\231\230\017\266\365\303w\360\273\374\234\362S:\270\023\n\003"";   nodeid: ""\000\000\000\000\000\000\000\000\000\000\000\000\000\000\000\000\000\000\000\000\000\000\000\000\000\000\000\000\000\000\000\000\000""; }; ","ledgerHash: ""u\315\243\367\211\2625\240r:n\277\003\026\366\353'\216jy9\\001\220\223~\341j\254O\025\257""; ledgerSeq: 0; type: liTS_CANDIDATE; nodes {;   nodedata: ""\246C\232\272\013^\241\340~\030'\005/\234\037\355\231\230\017\266\365\303w\360\273\374\234\362S:\270\023\n\003"";   nodeid: ""\000\000\000\000\000\000\000\000\000\000\000\000\000\000\000\000\000\000\000\000\000\000\000\000\000\000\000\000\000\000\000\000\000""; }; "
1750587270649,1750587270650,1466,1,0,4,TMGetLedger,"itype: liTS_CANDIDATE; ledgerHash: ""u\315\243\367\211\2625\240r:n\277\003\026\366\353'\216jy9\\001\220\223~\341j\254O\025\257""; nodeIDs: ""\240\000\000\000\000\000\000\000\000\000\000\000\000\000\000\000\000\000\000\000\000\000\000\000\000\000\000\000\000\000\000\000\001""; queryType: qtINDIRECT; ","itype: liTS_CANDIDATE; ledgerHash: ""u\315\243\367\211\2625\240r:n\277\003\026\366\353'\216jy9\\001\220\223~\341j\254O\025\257""; nodeIDs: ""\240\000\000\000\000\000\000\000\000\000\000\000\000\000\000\000\000\000\000\000\000\000\000\000\000\000\000\000\000\000\000\000\001""; queryType: qtINDIRECT; "
1750587270662,1750587270662,393,1,0,1,TMGetLedger,"itype: liTS_CANDIDATE; ledgerHash: ""u\315\243\367\211\2625\240r:n\277\003\026\366\353'\216jy9\\001\220\223~\341j\254O\025\257""; nodeIDs: ""\240\000\000\000\000\000\000\000\000\000\000\000\000\000\000\000\000\000\000\000\000\000\000\000\000\000\000\000\000\000\000\000\001""; queryType: qtINDIRECT; ","itype: liTS_CANDIDATE; ledgerHash: ""u\315\243\367\211\2625\240r:n\277\003\026\366\353'\216jy9\\001\220\223~\341j\254O\025\257""; nodeIDs: ""\240\000\000\000\000\000\000\000\000\000\000\000\000\000\000\000\000\000\000\000\000\000\000\000\000\000\000\000\000\000\000\000\001""; queryType: qtINDIRECT; "
1750587270683,1750587270683,2715,1,1,4,TMLedgerData,"ledgerHash: ""u\315\243\367\211\2625\240r:n\277\003\026\366\353'\216jy9\\001\220\223~\341j\254O\025\257""; ledgerSeq: 0; type: liTS_CANDIDATE; nodes {;   nodedata: ""\246C\232\272\013^\241\340~\030'\005/\234\037\355\231\230\017\266\365\303w\360\273\374\234\362S:\270\023\n\003"";   nodeid: ""\000\000\000\000\000\000\000\000\000\000\000\000\000\000\000\000\000\000\000\000\000\000\000\000\000\000\000\000\000\000\000\000\000""; }; requestCookie: 4; ","ledgerHash: ""u\315\243\367\211\2625\240r:n\277\003\026\366\353'\216jy9\\001\220\223~\341j\254O\025\257""; ledgerSeq: 0; type: liTS_CANDIDATE; nodes {;   nodedata: ""\246C\232\272\013^\241\340~\030'\005/\234\037\355\231\230\017\266\365\303w\360\273\374\234\362S:\270\023\n\003"";   nodeid: ""\000\000\000\000\000\000\000\000\000\000\000\000\000\000\000\000\000\000\000\000\000\000\000\000\000\000\000\000\000\000\000\000\000""; }; requestCookie: 4; "
1750587270686,1750587270686,2792,1,4,2,TMLedgerData,"ledgerHash: ""8h\232\211g)\354\005\246\256XI\265J\214\312}\261\211y\355]\0228j\360\0224\003\021%\014""; ledgerSeq: 0; type: liTS_CANDIDATE; nodes {;   nodedata: ""\222c\273c4\225\334\221\227u?\025\314=\305/\262\367\217\375\027j\323\304\372\312Fv\2716\001\355\t\246C\232\272\013^\241\340~\030'\005/\234\037\355\231\230\017\266\365\303w\360\273\374\234\362S:\270\023\n\270\212\275\306\204\271\274\361K|t\323\346\2174\324\362\014S]\301\325\344rY\277\343\351\364\374\023\263\013\003"";   nodeid: ""\000\000\000\000\000\000\000\000\000\000\000\000\000\000\000\000\000\000\000\000\000\000\000\000\000\000\000\000\000\000\000\000\000""; }; ","ledgerHash: ""8h\232\211g)\354\005\246\256XI\265J\214\312}\261\211y\355]\0228j\360\0224\003\021%\014""; ledgerSeq: 0; type: liTS_CANDIDATE; nodes {;   nodedata: ""\222c\273c4\225\334\221\227u?\025\314=\305/\262\367\217\375\027j\323\304\372\312Fv\2716\001\355\t\246C\232\272\013^\241\340~\030'\005/\234\037\355\231\230\017\266\365\303w\360\273\374\234\362S:\270\023\n\270\212\275\306\204\271\274\361K|t\323\346\2174\324\362\014S]\301\325\344rY\277\343\351\364\374\023\263\013\003"";   nodeid: ""\000\000\000\000\000\000\000\000\000\000\000\000\000\000\000\000\000\000\000\000\000\000\000\000\000\000\000\000\000\000\000\000\000""; }; "
1750587270691,1750587270691,2472,1,1,2,TMLedgerData,"ledgerHash: ""u\315\243\367\211\2625\240r:n\277\003\026\366\353'\216jy9\\001\220\223~\341j\254O\025\257""; ledgerSeq: 0; type: liTS_CANDIDATE; nodes {;   nodedata: ""\246C\232\272\013^\241\340~\030'\005/\234\037\355\231\230\017\266\365\303w\360\273\374\234\362S:\270\023\n\003"";   nodeid: ""\000\000\000\000\000\000\000\000\000\000\000\000\000\000\000\000\000\000\000\000\000\000\000\000\000\000\000\000\000\000\000\000\000""; }; requestCookie: 4; ","ledgerHash: ""u\315\243\367\211\2625\240r:n\277\003\026\366\353'\216jy9\\001\220\223~\341j\254O\025\257""; ledgerSeq: 0; type: liTS_CANDIDATE; nodes {;   nodedata: ""\246C\232\272\013^\241\340~\030'\005/\234\037\355\231\230\017\266\365\303w\360\273\374\234\362S:\270\023\n\003"";   nodeid: ""\000\000\000\000\000\000\000\000\000\000\000\000\000\000\000\000\000\000\000\000\000\000\000\000\000\000\000\000\000\000\000\000\000""; }; requestCookie: 4; "
1750587270706,1750587270706,3487,1,0,3,TMLedgerData,"ledgerHash: ""u\315\243\367\211\2625\240r:n\277\003\026\366\353'\216jy9\\001\220\223~\341j\254O\025\257""; ledgerSeq: 0; type: liTS_CANDIDATE; nodes {;   nodedata: ""\246C\232\272\013^\241\340~\030'\005/\234\037\355\231\230\017\266\365\303w\360\273\374\234\362S:\270\023\n\003"";   nodeid: ""\000\000\000\000\000\000\000\000\000\000\000\000\000\000\000\000\000\000\000\000\000\000\000\000\000\000\000\000\000\000\000\000\000""; }; ","ledgerHash: ""u\315\243\367\211\2625\240r:n\277\003\026\366\353'\216jy9\\001\220\223~\341j\254O\025\257""; ledgerSeq: 0; type: liTS_CANDIDATE; nodes {;   nodedata: ""\246C\232\272\013^\241\340~\030'\005/\234\037\355\231\230\017\266\365\303w\360\273\374\234\362S:\270\023\n\003"";   nodeid: ""\000\000\000\000\000\000\000\000\000\000\000\000\000\000\000\000\000\000\000\000\000\000\000\000\000\000\000\000\000\000\000\000\000""; }; "
1750587270734,1750587270734,3501,1,3,4,TMValidation,"validation: """"\200\000\000\001&\000\000\000\005)/\352\224\005:?HT\314/\177\320^Q\372\373$P*|\321\342\002\026\n\3215\340\3203\200x\327D\301]5\237\247Yz\3711!L\214P\027\000\000\000\000\000\000\000\000\000\000\000\000\000\000\000\000\000\000\000\000\000\000\000\000\000\000\000\000\000\000\000\000P\031\241'\332/+\360Bx\036+\210j\237K%\340]\246E\2434\264K\036\030qP\317\315\336\325\007s!\003\343\005\311u\203\370\0338\3174\324\010\006\301\251\177\261\304eOX\262)FA-\022r\263wm\024vF0D\002 \037~\254\023\324\025\t\305\2530m\021\365\303\024~.m)OB\257\307\270\336Y\342|\234h\335?\002 N\340\231\3254c\320\204\365`\315\030n\261\r\366\200\027>\314\223\033H[V\203\246\262\330\312GU""; ","validation: """"\200\000\000\001&\000\000\000\005)/\352\224\005:?HT\314/\177\320^Q\372\373$P*|\321\342\002\026\n\3215\340\3203\200x\327D\301]5\237\247Yz\3711!L\214P\027\000\000\000\000\000\000\000\000\000\000\000\000\000\000\000\000\000\000\000\000\000\000\000\000\000\000\000\000\000\000\000\000P\031\241'\332/+\360Bx\036+\210j\237K%\340]\246E\2434\264K\036\030qP\317\315\336\325\007s!\003\343\005\311u\203\370\0338\3174\324\010\006\301\251\177\261\304eOX\262)FA-\022r\263wm\024vF0D\002 \037~\254\023\324\025\t\305\2530m\021\365\303\024~.m)OB\257\307\270\336Y\342|\234h\335?\002 N\340\231\3254c\320\204\365`\315\030n\261\r\366\200\027>\314\223\033H[V\203\246\262\330\312GU""; "
1750587270734,1750587270734,734,1,3,2,TMValidation,"validation: """"\200\000\000\001&\000\000\000\005)/\352\224\005:?HT\314/\177\320^Q\372\373$P*|\321\342\002\026\n\3215\340\3203\200x\327D\301]5\237\247Yz\3711!L\214P\027\000\000\000\000\000\000\000\000\000\000\000\000\000\000\000\000\000\000\000\000\000\000\000\000\000\000\000\000\000\000\000\000P\031\241'\332/+\360Bx\036+\210j\237K%\340]\246E\2434\264K\036\030qP\317\315\336\325\007s!\003\343\005\311u\203\370\0338\3174\324\010\006\301\251\177\261\304eOX\262)FA-\022r\263wm\024vF0D\002 \037~\254\023\324\025\t\305\2530m\021\365\303\024~.m)OB\257\307\270\336Y\342|\234h\335?\002 N\340\231\3254c\320\204\365`\315\030n\261\r\366\200\027>\314\223\033H[V\203\246\262\330\312GU""; ","validation: """"\200\000\000\001&\000\000\000\005)/\352\224\005:?HT\314/\177\320^Q\372\373$P*|\321\342\002\026\n\3215\340\3203\200x\327D\301]5\237\247Yz\3711!L\214P\027\000\000\000\000\000\000\000\000\000\000\000\000\000\000\000\000\000\000\000\000\000\000\000\000\000\000\000\000\000\000\000\000P\031\241'\332/+\360Bx\036+\210j\237K%\340]\246E\2434\264K\036\030qP\317\315\336\325\007s!\003\343\005\311u\203\370\0338\3174\324\010\006\301\251\177\261\304eOX\262)FA-\022r\263wm\024vF0D\002 \037~\254\023\324\025\t\305\2530m\021\365\303\024~.m)OB\257\307\270\336Y\342|\234h\335?\002 N\340\231\3254c\320\204\365`\315\030n\261\r\366\200\027>\314\223\033H[V\203\246\262\330\312GU""; "
1750587270734,1750587270734,3767,1,3,0,TMValidation,"validation: """"\200\000\000\001&\000\000\000\005)/\352\224\005:?HT\314/\177\320^Q\372\373$P*|\321\342\002\026\n\3215\340\3203\200x\327D\301]5\237\247Yz\3711!L\214P\027\000\000\000\000\000\000\000\000\000\000\000\000\000\000\000\000\000\000\000\000\000\000\000\000\000\000\000\000\000\000\000\000P\031\241'\332/+\360Bx\036+\210j\237K%\340]\246E\2434\264K\036\030qP\317\315\336\325\007s!\003\343\005\311u\203\370\0338\3174\324\010\006\301\251\177\261\304eOX\262)FA-\022r\263wm\024vF0D\002 \037~\254\023\324\025\t\305\2530m\021\365\303\024~.m)OB\257\307\270\336Y\342|\234h\335?\002 N\340\231\3254c\320\204\365`\315\030n\261\r\366\200\027>\314\223\033H[V\203\246\262\330\312GU""; ","validation: """"\200\000\000\001&\000\000\000\005)/\352\224\005:?HT\314/\177\320^Q\372\373$P*|\321\342\002\026\n\3215\340\3203\200x\327D\301]5\237\247Yz\3711!L\214P\027\000\000\000\000\000\000\000\000\000\000\000\000\000\000\000\000\000\000\000\000\000\000\000\000\000\000\000\000\000\000\000\000P\031\241'\332/+\360Bx\036+\210j\237K%\340]\246E\2434\264K\036\030qP\317\315\336\325\007s!\003\343\005\311u\203\370\0338\3174\324\010\006\301\251\177\261\304eOX\262)FA-\022r\263wm\024vF0D\002 \037~\254\023\324\025\t\305\2530m\021\365\303\024~.m)OB\257\307\270\336Y\342|\234h\335?\002 N\340\231\3254c\320\204\365`\315\030n\261\r\366\200\027>\314\223\033H[V\203\246\262\330\312GU""; "
1750587270750,1750587270750,2655,1,1,0,TMLedgerData,"ledgerHash: ""8h\232\211g)\354\005\246\256XI\265J\214\312}\261\211y\355]\0228j\360\0224\003\021%\014""; ledgerSeq: 0; type: liTS_CANDIDATE; nodes {;   nodedata: ""\022\000\000""\000\000\000\000$\000\000\000\001 \033\000\000\000\027a@\000\000\027H\206*@h@\000\000\000\000\000\000\ns!\0030\347\374\235V\273%\326\211;\243\363\027\256[\3173\263)\033\326=\263&T\243\023""/\177\320 tF0D\002 0\023\341\332; \2711\245\020\321\3300\345\267-)\230\177\246\236AQ\327\203\207H\226+\000%\336\002 \024\036\211\237\201t\376\272E\270\230\020\334\014\356g\273\025((\376\266\216@ \254^2T\233\013\034\201\024\265\367by\212S\325C\240\024\312\370\262\227\317\370\362\3717\350\203\024E0\246\210\344\325\345r\024T\251\006P\255\352\333\372\351\337\302\000"";   nodeid: ""\240\000\000\000\000\000\000\000\000\000\000\000\000\000\000\000\000\000\000\000\000\000\000\000\000\000\000\000\000\000\000\000\001""; }; ","ledgerHash: ""8h\232\211g)\354\005\246\256XI\265J\214\312}\261\211y\355]\0228j\360\0224\003\021%\014""; ledgerSeq: 0; type: liTS_CANDIDATE; nodes {;   nodedata: ""\022\000\000""\000\000\000\000$\000\000\000\001 \033\000\000\000\027a@\000\000\027H\206*@h@\000\000\000\000\000\000\ns!\0030\347\374\235V\273%\326\211;\243\363\027\256[\3173\263)\033\326=\263&T\243\023""/\177\320 tF0D\002 0\023\341\332; \2711\245\020\321\3300\345\267-)\230\177\246\236AQ\327\203\207H\226+\000%\336\002 \024\036\211\237\201t\376\272E\270\230\020\334\014\356g\273\025((\376\266\216@ \254^2T\233\013\034\201\024\265\367by\212S\325C\240\024\312\370\262\227\317\370\362\3717\350\203\024E0\246\210\344\325\345r\024T\251\006P\255\352\333\372\351\337\302\000"";   nodeid: ""\240\000\000\000\000\000\000\000\000\000\000\000\000\000\000\000\000\000\000\000\000\000\000\000\000\000\000\000\000\000\000\000\001""; }; "
1750587270757,1750587270757,2655,1,1,0,TMLedgerData,"ledgerHash: ""u\315\243\367\211\2625\240r:n\277\003\026\366\353'\216jy9\\001\220\223~\341j\254O\025\257""; ledgerSeq: 0; type: liTS_CANDIDATE; nodes {;   nodedata: ""\022\000\000""\000\000\000\000$\000\000\000\001 \033\000\000\000\027a@\000\000\027H\206*@h@\000\000\000\000\000\000\ns!\0030\347\374\235V\273%\326\211;\243\363\027\256[\3173\263)\033\326=\263&T\243\023""/\177\320 tF0D\002 0\023\341\332; \2711\245\020\321\3300\345\267-)\230\177\246\236AQ\327\203\207H\226+\000%\336\002 \024\036\211\237\201t\376\272E\270\230\020\334\014\356g\273\025((\376\266\216@ \254^2T\233\013\034\201\024\265\367by\212S\325C\240\024\312\370\262\227\317\370\362\3717\350\203\024E0\246\210\344\325\345r\024T\251\006P\255\352\333\372\351\337\302\000"";   nodeid: ""\240\000\000\000\000\000\000\000\000\000\000\000\000\000\000\000\000\000\000\000\000\000\000\000\000\000\000\000\000\000\000\000\001""; }; ","ledgerHash: ""u\315\243\367\211\2625\240r:n\277\003\026\366\353'\216jy9\\001\220\223~\341j\254O\025\257""; ledgerSeq: 0; type: liTS_CANDIDATE; nodes {;   nodedata: ""\022\000\000""\000\000\000\000$\000\000\000\001 \033\000\000\000\027a@\000\000\027H\206*@h@\000\000\000\000\000\000\ns!\0030\347\374\235V\273%\326\211;\243\363\027\256[\3173\263)\033\326=\263&T\243\023""/\177\320 tF0D\002 0\023\341\332; \2711\245\020\321\3300\345\267-)\230\177\246\236AQ\327\203\207H\226+\000%\336\002 \024\036\211\237\201t\376\272E\270\230\020\334\014\356g\273\025((\376\266\216@ \254^2T\233\013\034\201\024\265\367by\212S\325C\240\024\312\370\262\227\317\370\362\3717\350\203\024E0\246\210\344\325\345r\024T\251\006P\255\352\333\372\351\337\302\000"";   nodeid: ""\240\000\000\000\000\000\000\000\000\000\000\000\000\000\000\000\000\000\000\000\000\000\000\000\000\000\000\000\000\000\000\000\001""; }; "
1750587270758,1750587270758,443,1,3,0,TMProposeSet,"proposeSeq: 0; currentTxHash: ""8h\232\211g)\354\005\246\256XI\265J\214\312}\261\211y\355]\0228j\360\0224\003\021%\014""; nodePubKey: ""\003.\200\224\215?)t\306\315\242\313\251\255\302\204=\232.\271%}\013\024s\024\002@\216l""\241F""; closeTime: 803902469; signature: ""0E\002!\000\273\032\007\372\0073\334\361\226]\271\354|\230\372\304\003\266\370\027Z\242Czd\302\375\371\344\267>d\002 F\013\346s.$\346E\3551\302\371\367\254\222\203\331\330\315c\331\256[\377\032A\264\226\333\212\033\307""; previousledger: ""\372\373$P*|\321\342\002\026\n\3215\340\3203\200x\327D\301]5\237\247Yz\3711!L\214""; ","proposeSeq: 0; currentTxHash: ""8h\232\211g)\354\005\246\256XI\265J\214\312}\261\211y\355]\0228j\360\0224\003\021%\014""; nodePubKey: ""\003.\200\224\215?)t\306\315\242\313\251\255\302\204=\232.\271%}\013\024s\024\002@\216l""\241F""; closeTime: 803902469; signature: ""0E\002!\000\273\032\007\372\0073\334\361\226]\271\354|\230\372\304\003\266\370\027Z\242Czd\302\375\371\344\267>d\002 F\013\346s.$\346E\3551\302\371\367\254\222\203\331\330\315c\331\256[\377\032A\264\226\333\212\033\307""; previousledger: ""\372\373$P*|\321\342\002\026\n\3215\340\3203\200x\327D\301]5\237\247Yz\3711!L\214""; "
1750587270758,1750587270758,3656,1,3,1,TMProposeSet,"proposeSeq: 0; currentTxHash: ""8h\232\211g)\354\005\246\256XI\265J\214\312}\261\211y\355]\0228j\360\0224\003\021%\014""; nodePubKey: ""\003.\200\224\215?)t\306\315\242\313\251\255\302\204=\232.\271%}\013\024s\024\002@\216l""\241F""; closeTime: 803902469; signature: ""0E\002!\000\273\032\007\372\0073\334\361\226]\271\354|\230\372\304\003\266\370\027Z\242Czd\302\375\371\344\267>d\002 F\013\346s.$\346E\3551\302\371\367\254\222\203\331\330\315c\331\256[\377\032A\264\226\333\212\033\307""; previousledger: ""\372\373$P*|\321\342\002\026\n\3215\340\3203\200x\327D\301]5\237\247Yz\3711!L\214""; ","proposeSeq: 0; currentTxHash: ""8h\232\211g)\354\005\246\256XI\265J\214\312}\261\211y\355]\0228j\360\0224\003\021%\014""; nodePubKey: ""\003.\200\224\215?)t\306\315\242\313\251\255\302\204=\232.\271%}\013\024s\024\002@\216l""\241F""; closeTime: 803902469; signature: ""0E\002!\000\273\032\007\372\0073\334\361\226]\271\354|\230\372\304\003\266\370\027Z\242Czd\302\375\371\344\267>d\002 F\013\346s.$\346E\3551\302\371\367\254\222\203\331\330\315c\331\256[\377\032A\264\226\333\212\033\307""; previousledger: ""\372\373$P*|\321\342\002\026\n\3215\340\3203\200x\327D\301]5\237\247Yz\3711!L\214""; "
1750587270769,1750587270769,1399,1,1,3,TMLedgerData,"ledgerHash: ""u\315\243\367\211\2625\240r:n\277\003\026\366\353'\216jy9\\001\220\223~\341j\254O\025\257""; ledgerSeq: 0; type: liTS_CANDIDATE; nodes {;   nodedata: ""\246C\232\272\013^\241\340~\030'\005/\234\037\355\231\230\017\266\365\303w\360\273\374\234\362S:\270\023\n\003"";   nodeid: ""\000\000\000\000\000\000\000\000\000\000\000\000\000\000\000\000\000\000\000\000\000\000\000\000\000\000\000\000\000\000\000\000\000""; }; requestCookie: 2; ","ledgerHash: ""u\315\243\367\211\2625\240r:n\277\003\026\366\353'\216jy9\\001\220\223~\341j\254O\025\257""; ledgerSeq: 0; type: liTS_CANDIDATE; nodes {;   nodedata: ""\246C\232\272\013^\241\340~\030'\005/\234\037\355\231\230\017\266\365\303w\360\273\374\234\362S:\270\023\n\003"";   nodeid: ""\000\000\000\000\000\000\000\000\000\000\000\000\000\000\000\000\000\000\000\000\000\000\000\000\000\000\000\000\000\000\000\000\000""; }; requestCookie: 2; "
1750587270775,1750587270780,3538,1,1,3,TMProposeSet,"proposeSeq: 0; currentTxHash: ""8h\232\211g)\354\005\246\256XI\265J\214\312}\261\211y\355]\0228j\360\0224\003\021%\014""; nodePubKey: ""\003.\200\224\215?)t\306\315\242\313\251\255\302\204=\232.\271%}\013\024s\024\002@\216l""\241F""; closeTime: 803902469; signature: ""0E\002!\000\273\032\007\372\0073\334\361\226]\271\354|\230\372\304\003\266\370\027Z\242Czd\302\375\371\344\267>d\002 F\013\346s.$\346E\3551\302\371\367\254\222\203\331\330\315c\331\256[\377\032A\264\226\333\212\033\307""; previousledger: ""\372\373$P*|\321\342\002\026\n\3215\340\3203\200x\327D\301]5\237\247Yz\3711!L\214""; ","proposeSeq: 0; currentTxHash: ""8h\232\211g)\354\005\246\256XI\265J\214\312}\261\211y\355]\0228j\360\0224\003\021%\014""; nodePubKey: ""\003.\200\224\215?)t\306\315\242\313\251\255\302\204=\232.\271%}\013\024s\024\002@\216l""\241F""; closeTime: 803902469; signature: ""0E\002!\000\273\032\007\372\0073\334\361\226]\271\354|\230\372\304\003\266\370\027Z\242Czd\302\375\371\344\267>d\002 F\013\346s.$\346E\3551\302\371\367\254\222\203\331\330\315c\331\256[\377\032A\264\226\333\212\033\307""; previousledger: ""\372\373$P*|\321\342\002\026\n\3215\340\3203\200x\327D\301]5\237\247Yz\3711!L\214""; "
1750587270781,1750587270781,1799,1,1,2,TMProposeSet,"proposeSeq: 0; currentTxHash: ""8h\232\211g)\354\005\246\256XI\265J\214\312}\261\211y\355]\0228j\360\0224\003\021%\014""; nodePubKey: ""\003.\200\224\215?)t\306\315\242\313\251\255\302\204=\232.\271%}\013\024s\024\002@\216l""\241F""; closeTime: 803902469; signature: ""0E\002!\000\273\032\007\372\0073\334\361\226]\271\354|\230\372\304\003\266\370\027Z\242Czd\302\375\371\344\267>d\002 F\013\346s.$\346E\3551\302\371\367\254\222\203\331\330\315c\331\256[\377\032A\264\226\333\212\033\307""; previousledger: ""\372\373$P*|\321\342\002\026\n\3215\340\3203\200x\327D\301]5\237\247Yz\3711!L\214""; ","proposeSeq: 0; currentTxHash: ""8h\232\211g)\354\005\246\256XI\265J\214\312}\261\211y\355]\0228j\360\0224\003\021%\014""; nodePubKey: ""\003.\200\224\215?)t\306\315\242\313\251\255\302\204=\232.\271%}\013\024s\024\002@\216l""\241F""; closeTime: 803902469; signature: ""0E\002!\000\273\032\007\372\0073\334\361\226]\271\354|\230\372\304\003\266\370\027Z\242Czd\302\375\371\344\267>d\002 F\013\346s.$\346E\3551\302\371\367\254\222\203\331\330\315c\331\256[\377\032A\264\226\333\212\033\307""; previousledger: ""\372\373$P*|\321\342\002\026\n\3215\340\3203\200x\327D\301]5\237\247Yz\3711!L\214""; "
1750587270781,1750587270781,1317,1,3,2,TMProposeSet,"proposeSeq: 0; currentTxHash: ""8h\232\211g)\354\005\246\256XI\265J\214\312}\261\211y\355]\0228j\360\0224\003\021%\014""; nodePubKey: ""\003.\200\224\215?)t\306\315\242\313\251\255\302\204=\232.\271%}\013\024s\024\002@\216l""\241F""; closeTime: 803902469; signature: ""0E\002!\000\273\032\007\372\0073\334\361\226]\271\354|\230\372\304\003\266\370\027Z\242Czd\302\375\371\344\267>d\002 F\013\346s.$\346E\3551\302\371\367\254\222\203\331\330\315c\331\256[\377\032A\264\226\333\212\033\307""; previousledger: ""\372\373$P*|\321\342\002\026\n\3215\340\3203\200x\327D\301]5\237\247Yz\3711!L\214""; ","proposeSeq: 0; currentTxHash: ""8h\232\211g)\354\005\246\256XI\265J\214\312}\261\211y\355]\0228j\360\0224\003\021%\014""; nodePubKey: ""\003.\200\224\215?)t\306\315\242\313\251\255\302\204=\232.\271%}\013\024s\024\002@\216l""\241F""; closeTime: 803902469; signature: ""0E\002!\000\273\032\007\372\0073\334\361\226]\271\354|\230\372\304\003\266\370\027Z\242Czd\302\375\371\344\267>d\002 F\013\346s.$\346E\3551\302\371\367\254\222\203\331\330\315c\331\256[\377\032A\264\226\333\212\033\307""; previousledger: ""\372\373$P*|\321\342\002\026\n\3215\340\3203\200x\327D\301]5\237\247Yz\3711!L\214""; "
1750587270781,1750587270781,342,1,2,1,TMGetLedger,"itype: liTS_CANDIDATE; ledgerHash: ""u\315\243\367\211\2625\240r:n\277\003\026\366\353'\216jy9\\001\220\223~\341j\254O\025\257""; nodeIDs: ""\000\000\000\000\000\000\000\000\000\000\000\000\000\000\000\000\000\000\000\000\000\000\000\000\000\000\000\000\000\000\000\000\000""; requestCookie: 2; queryType: qtINDIRECT; queryDepth: 3; ","itype: liTS_CANDIDATE; ledgerHash: ""u\315\243\367\211\2625\240r:n\277\003\026\366\353'\216jy9\\001\220\223~\341j\254O\025\257""; nodeIDs: ""\000\000\000\000\000\000\000\000\000\000\000\000\000\000\000\000\000\000\000\000\000\000\000\000\000\000\000\000\000\000\000\000\000""; requestCookie: 2; queryType: qtINDIRECT; queryDepth: 3; "
1750587270798,1750587270798,926,1,1,0,TMProposeSet,"proposeSeq: 0; currentTxHash: ""8h\232\211g)\354\005\246\256XI\265J\214\312}\261\211y\355]\0228j\360\0224\003\021%\014""; nodePubKey: ""\003.\200\224\215?)t\306\315\242\313\251\255\302\204=\232.\271%}\013\024s\024\002@\216l""\241F""; closeTime: 803902469; signature: ""0E\002!\000\273\032\007\372\0073\334\361\226]\271\354|\230\372\304\003\266\370\027Z\242Czd\302\375\371\344\267>d\002 F\013\346s.$\346E\3551\302\371\367\254\222\203\331\330\315c\331\256[\377\032A\264\226\333\212\033\307""; previousledger: ""\372\373$P*|\321\342\002\026\n\3215\340\3203\200x\327D\301]5\237\247Yz\3711!L\214""; ","proposeSeq: 0; currentTxHash: ""8h\232\211g)\354\005\246\256XI\265J\214\312}\261\211y\355]\0228j\360\0224\003\021%\014""; nodePubKey: ""\003.\200\224\215?)t\306\315\242\313\251\255\302\204=\232.\271%}\013\024s\024\002@\216l""\241F""; closeTime: 803902469; signature: ""0E\002!\000\273\032\007\372\0073\334\361\226]\271\354|\230\372\304\003\266\370\027Z\242Czd\302\375\371\344\267>d\002 F\013\346s.$\346E\3551\302\371\367\254\222\203\331\330\315c\331\256[\377\032A\264\226\333\212\033\307""; previousledger: ""\372\373$P*|\321\342\002\026\n\3215\340\3203\200x\327D\301]5\237\247Yz\3711!L\214""; "
1750587270807,1750587270807,2655,1,1,0,TMLedgerData,"ledgerHash: ""u\315\243\367\211\2625\240r:n\277\003\026\366\353'\216jy9\\001\220\223~\341j\254O\025\257""; ledgerSeq: 0; type: liTS_CANDIDATE; nodes {;   nodedata: ""\022\000\000""\000\000\000\000$\000\000\000\001 \033\000\000\000\027a@\000\000\027H\206*@h@\000\000\000\000\000\000\ns!\0030\347\374\235V\273%\326\211;\243\363\027\256[\3173\263)\033\326=\263&T\243\023""/\177\320 tF0D\002 0\023\341\332; \2711\245\020\321\3300\345\267-)\230\177\246\236AQ\327\203\207H\226+\000%\336\002 \024\036\211\237\201t\376\272E\270\230\020\334\014\356g\273\025((\376\266\216@ \254^2T\233\013\034\201\024\265\367by\212S\325C\240\024\312\370\262\227\317\370\362\3717\350\203\024E0\246\210\344\325\345r\024T\251\006P\255\352\333\372\351\337\302\000"";   nodeid: ""\240\000\000\000\000\000\000\000\000\000\000\000\000\000\000\000\000\000\000\000\000\000\000\000\000\000\000\000\000\000\000\000\001""; }; ","ledgerHash: ""u\315\243\367\211\2625\240r:n\277\003\026\366\353'\216jy9\\001\220\223~\341j\254O\025\257""; ledgerSeq: 0; type: liTS_CANDIDATE; nodes {;   nodedata: ""\022\000\000""\000\000\000\000$\000\000\000\001 \033\000\000\000\027a@\000\000\027H\206*@h@\000\000\000\000\000\000\ns!\0030\347\374\235V\273%\326\211;\243\363\027\256[\3173\263)\033\326=\263&T\243\023""/\177\320 tF0D\002 0\023\341\332; \2711\245\020\321\3300\345\267-)\230\177\246\236AQ\327\203\207H\226+\000%\336\002 \024\036\211\237\201t\376\272E\270\230\020\334\014\356g\273\025((\376\266\216@ \254^2T\233\013\034\201\024\265\367by\212S\325C\240\024\312\370\262\227\317\370\362\3717\350\203\024E0\246\210\344\325\345r\024T\251\006P\255\352\333\372\351\337\302\000"";   nodeid: ""\240\000\000\000\000\000\000\000\000\000\000\000\000\000\000\000\000\000\000\000\000\000\000\000\000\000\000\000\000\000\000\000\001""; }; "
1750587270820,1750587270820,1743,1,2,4,TMLedgerData,"ledgerHash: ""8h\232\211g)\354\005\246\256XI\265J\214\312}\261\211y\355]\0228j\360\0224\003\021%\014""; ledgerSeq: 0; type: liTS_CANDIDATE; nodes {;   nodedata: ""\222c\273c4\225\334\221\227u?\025\314=\305/\262\367\217\375\027j\323\304\372\312Fv\2716\001\355\t\246C\232\272\013^\241\340~\030'\005/\234\037\355\231\230\017\266\365\303w\360\273\374\234\362S:\270\023\n\270\212\275\306\204\271\274\361K|t\323\346\2174\324\362\014S]\301\325\344rY\277\343\351\364\374\023\263\013\003"";   nodeid: ""\000\000\000\000\000\000\000\000\000\000\000\000\000\000\000\000\000\000\000\000\000\000\000\000\000\000\000\000\000\000\000\000\000""; }; ","ledgerHash: ""8h\232\211g)\354\005\246\256XI\265J\214\312}\261\211y\355]\0228j\360\0224\003\021%\014""; ledgerSeq: 0; type: liTS_CANDIDATE; nodes {;   nodedata: ""\222c\273c4\225\334\221\227u?\025\314=\305/\262\367\217\375\027j\323\304\372\312Fv\2716\001\355\t\246C\232\272\013^\241\340~\030'\005/\234\037\355\231\230\017\266\365\303w\360\273\374\234\362S:\270\023\n\270\212\275\306\204\271\274\361K|t\323\346\2174\324\362\014S]\301\325\344rY\277\343\351\364\374\023\263\013\003"";   nodeid: ""\000\000\000\000\000\000\000\000\000\000\000\000\000\000\000\000\000\000\000\000\000\000\000\000\000\000\000\000\000\000\000\000\000""; }; "
1750587270822,1750587270822,486,1,4,0,TMLedgerData,"ledgerHash: ""8h\232\211g)\354\005\246\256XI\265J\214\312}\261\211y\355]\0228j\360\0224\003\021%\014""; ledgerSeq: 0; type: liTS_CANDIDATE; nodes {;   nodedata: ""\222c\273c4\225\334\221\227u?\025\314=\305/\262\367\217\375\027j\323\304\372\312Fv\2716\001\355\t\246C\232\272\013^\241\340~\030'\005/\234\037\355\231\230\017\266\365\303w\360\273\374\234\362S:\270\023\n\270\212\275\306\204\271\274\361K|t\323\346\2174\324\362\014S]\301\325\344rY\277\343\351\364\374\023\263\013\003"";   nodeid: ""\000\000\000\000\000\000\000\000\000\000\000\000\000\000\000\000\000\000\000\000\000\000\000\000\000\000\000\000\000\000\000\000\000""; }; ","ledgerHash: ""8h\232\211g)\354\005\246\256XI\265J\214\312}\261\211y\355]\0228j\360\0224\003\021%\014""; ledgerSeq: 0; type: liTS_CANDIDATE; nodes {;   nodedata: ""\222c\273c4\225\334\221\227u?\025\314=\305/\262\367\217\375\027j\323\304\372\312Fv\2716\001\355\t\246C\232\272\013^\241\340~\030'\005/\234\037\355\231\230\017\266\365\303w\360\273\374\234\362S:\270\023\n\270\212\275\306\204\271\274\361K|t\323\346\2174\324\362\014S]\301\325\344rY\277\343\351\364\374\023\263\013\003"";   nodeid: ""\000\000\000\000\000\000\000\000\000\000\000\000\000\000\000\000\000\000\000\000\000\000\000\000\000\000\000\000\000\000\000\000\000""; }; "
1750587270825,1750587270825,1466,1,0,4,TMGetLedger,"itype: liBASE; ledgerHash: ""\372\373$P*|\321\342\002\026\n\3215\340\3203\200x\327D\301]5\237\247Yz\3711!L\214""; requestCookie: 3; queryType: qtINDIRECT; ","itype: liBASE; ledgerHash: ""\372\373$P*|\321\342\002\026\n\3215\340\3203\200x\327D\301]5\237\247Yz\3711!L\214""; requestCookie: 3; queryType: qtINDIRECT; "
1750587270855,1750587270855,393,1,0,1,TMGetLedger,"itype: liTS_CANDIDATE; ledgerHash: ""8h\232\211g)\354\005\246\256XI\265J\214\312}\261\211y\355]\0228j\360\0224\003\021%\014""; nodeIDs: ""\240\000\000\000\000\000\000\000\000\000\000\000\000\000\000\000\000\000\000\000\000\000\000\000\000\000\000\000\000\000\000\000\001""; queryType: qtINDIRECT; ","itype: liTS_CANDIDATE; ledgerHash: ""8h\232\211g)\354\005\246\256XI\265J\214\312}\261\211y\355]\0228j\360\0224\003\021%\014""; nodeIDs: ""\240\000\000\000\000\000\000\000\000\000\000\000\000\000\000\000\000\000\000\000\000\000\000\000\000\000\000\000\000\000\000\000\001""; queryType: qtINDIRECT; "
1750587270855,1750587270855,1466,1,0,4,TMGetLedger,"itype: liTS_CANDIDATE; ledgerHash: ""8h\232\211g)\354\005\246\256XI\265J\214\312}\261\211y\355]\0228j\360\0224\003\021%\014""; nodeIDs: ""\240\000\000\000\000\000\000\000\000\000\000\000\000\000\000\000\000\000\000\000\000\000\000\000\000\000\000\000\000\000\000\000\001""; queryType: qtINDIRECT; ","itype: liTS_CANDIDATE; ledgerHash: ""8h\232\211g)\354\005\246\256XI\265J\214\312}\261\211y\355]\0228j\360\0224\003\021%\014""; nodeIDs: ""\240\000\000\000\000\000\000\000\000\000\000\000\000\000\000\000\000\000\000\000\000\000\000\000\000\000\000\000\000\000\000\000\001""; queryType: qtINDIRECT; "
1750587270855,1750587270855,1764,1,0,3,TMGetLedger,"itype: liTS_CANDIDATE; ledgerHash: ""8h\232\211g)\354\005\246\256XI\265J\214\312}\261\211y\355]\0228j\360\0224\003\021%\014""; nodeIDs: ""\240\000\000\000\000\000\000\000\000\000\000\000\000\000\000\000\000\000\000\000\000\000\000\000\000\000\000\000\000\000\000\000\001""; queryType: qtINDIRECT; ","itype: liTS_CANDIDATE; ledgerHash: ""8h\232\211g)\354\005\246\256XI\265J\214\312}\261\211y\355]\0228j\360\0224\003\021%\014""; nodeIDs: ""\240\000\000\000\000\000\000\000\000\000\000\000\000\000\000\000\000\000\000\000\000\000\000\000\000\000\000\000\000\000\000\000\001""; queryType: qtINDIRECT; "
1750587270856,1750587270856,3414,1,0,2,TMGetLedger,"itype: liTS_CANDIDATE; ledgerHash: ""8h\232\211g)\354\005\246\256XI\265J\214\312}\261\211y\355]\0228j\360\0224\003\021%\014""; nodeIDs: ""\240\000\000\000\000\000\000\000\000\000\000\000\000\000\000\000\000\000\000\000\000\000\000\000\000\000\000\000\000\000\000\000\001""; queryType: qtINDIRECT; ","itype: liTS_CANDIDATE; ledgerHash: ""8h\232\211g)\354\005\246\256XI\265J\214\312}\261\211y\355]\0228j\360\0224\003\021%\014""; nodeIDs: ""\240\000\000\000\000\000\000\000\000\000\000\000\000\000\000\000\000\000\000\000\000\000\000\000\000\000\000\000\000\000\000\000\001""; queryType: qtINDIRECT; "
1750587270862,1750587270862,557,1,4,1,TMGetLedger,"itype: liTS_CANDIDATE; ledgerHash: ""u\315\243\367\211\2625\240r:n\277\003\026\366\353'\216jy9\\001\220\223~\341j\254O\025\257""; nodeIDs: ""\240\000\000\000\000\000\000\000\000\000\000\000\000\000\000\000\000\000\000\000\000\000\000\000\000\000\000\000\000\000\000\000\001""; requestCookie: 1; queryType: qtINDIRECT; ","itype: liTS_CANDIDATE; ledgerHash: ""u\315\243\367\211\2625\240r:n\277\003\026\366\353'\216jy9\\001\220\223~\341j\254O\025\257""; nodeIDs: ""\240\000\000\000\000\000\000\000\000\000\000\000\000\000\000\000\000\000\000\000\000\000\000\000\000\000\000\000\000\000\000\000\001""; requestCookie: 1; queryType: qtINDIRECT; "
1750587270863,1750587270863,393,1,0,1,TMGetLedger,"itype: liTS_CANDIDATE; ledgerHash: ""u\315\243\367\211\2625\240r:n\277\003\026\366\353'\216jy9\\001\220\223~\341j\254O\025\257""; nodeIDs: ""\240\000\000\000\000\000\000\000\000\000\000\000\000\000\000\000\000\000\000\000\000\000\000\000\000\000\000\000\000\000\000\000\001""; queryType: qtINDIRECT; ","itype: liTS_CANDIDATE; ledgerHash: ""u\315\243\367\211\2625\240r:n\277\003\026\366\353'\216jy9\\001\220\223~\341j\254O\025\257""; nodeIDs: ""\240\000\000\000\000\000\000\000\000\000\000\000\000\000\000\000\000\000\000\000\000\000\000\000\000\000\000\000\000\000\000\000\001""; queryType: qtINDIRECT; "
1750587270864,1750587270864,1764,1,0,3,TMGetLedger,"itype: liTS_CANDIDATE; ledgerHash: ""u\315\243\367\211\2625\240r:n\277\003\026\366\353'\216jy9\\001\220\223~\341j\254O\025\257""; nodeIDs: ""\240\000\000\000\000\000\000\000\000\000\000\000\000\000\000\000\000\000\000\000\000\000\000\000\000\000\000\000\000\000\000\000\001""; queryType: qtINDIRECT; ","itype: liTS_CANDIDATE; ledgerHash: ""u\315\243\367\211\2625\240r:n\277\003\026\366\353'\216jy9\\001\220\223~\341j\254O\025\257""; nodeIDs: ""\240\000\000\000\000\000\000\000\000\000\000\000\000\000\000\000\000\000\000\000\000\000\000\000\000\000\000\000\000\000\000\000\001""; queryType: qtINDIRECT; "
1750587270863,1750587270863,1466,1,0,4,TMGetLedger,"itype: liTS_CANDIDATE; ledgerHash: ""u\315\243\367\211\2625\240r:n\277\003\026\366\353'\216jy9\\001\220\223~\341j\254O\025\257""; nodeIDs: ""\240\000\000\000\000\000\000\000\000\000\000\000\000\000\000\000\000\000\000\000\000\000\000\000\000\000\000\000\000\000\000\000\001""; queryType: qtINDIRECT; ","itype: liTS_CANDIDATE; ledgerHash: ""u\315\243\367\211\2625\240r:n\277\003\026\366\353'\216jy9\\001\220\223~\341j\254O\025\257""; nodeIDs: ""\240\000\000\000\000\000\000\000\000\000\000\000\000\000\000\000\000\000\000\000\000\000\000\000\000\000\000\000\000\000\000\000\001""; queryType: qtINDIRECT; "
1750587270863,1750587270863,3414,1,0,2,TMGetLedger,"itype: liTS_CANDIDATE; ledgerHash: ""u\315\243\367\211\2625\240r:n\277\003\026\366\353'\216jy9\\001\220\223~\341j\254O\025\257""; nodeIDs: ""\240\000\000\000\000\000\000\000\000\000\000\000\000\000\000\000\000\000\000\000\000\000\000\000\000\000\000\000\000\000\000\000\001""; queryType: qtINDIRECT; ","itype: liTS_CANDIDATE; ledgerHash: ""u\315\243\367\211\2625\240r:n\277\003\026\366\353'\216jy9\\001\220\223~\341j\254O\025\257""; nodeIDs: ""\240\000\000\000\000\000\000\000\000\000\000\000\000\000\000\000\000\000\000\000\000\000\000\000\000\000\000\000\000\000\000\000\001""; queryType: qtINDIRECT; "
1750587270868,1750587270868,1317,1,3,2,TMProposeSet,"proposeSeq: 0; currentTxHash: ""8h\232\211g)\354\005\246\256XI\265J\214\312}\261\211y\355]\0228j\360\0224\003\021%\014""; nodePubKey: ""\003\325Q\255\224\274R@\312\253\262\347\352\034\346\347\242\215,\312\376=\277\353{\350\225\301\305`^, ""; closeTime: 803902470; signature: ""0E\002!\000\254\354\354-Pf\355\262\022\304(\350\270oL\357Q&2\300\247\241\021\301\\264h\233\342\311c\251\002 M\250A\014\341\317\236g`\362\033\306j-e\003n\343\355\261\271\205\352\261k0D\027R\336O\244""; previousledger: ""\372\373$P*|\321\342\002\026\n\3215\340\3203\200x\327D\301]5\237\247Yz\3711!L\214""; ","proposeSeq: 0; currentTxHash: ""8h\232\211g)\354\005\246\256XI\265J\214\312}\261\211y\355]\0228j\360\0224\003\021%\014""; nodePubKey: ""\003\325Q\255\224\274R@\312\253\262\347\352\034\346\347\242\215,\312\376=\277\353{\350\225\301\305`^, ""; closeTime: 803902470; signature: ""0E\002!\000\254\354\354-Pf\355\262\022\304(\350\270oL\357Q&2\300\247\241\021\301\\264h\233\342\311c\251\002 M\250A\014\341\317\236g`\362\033\306j-e\003n\343\355\261\271\205\352\261k0D\027R\336O\244""; previousledger: ""\372\373$P*|\321\342\002\026\n\3215\340\3203\200x\327D\301]5\237\247Yz\3711!L\214""; "
1750587270868,1750587270868,443,1,3,0,TMProposeSet,"proposeSeq: 0; currentTxHash: ""8h\232\211g)\354\005\246\256XI\265J\214\312}\261\211y\355]\0228j\360\0224\003\021%\014""; nodePubKey: ""\003\325Q\255\224\274R@\312\253\262\347\352\034\346\347\242\215,\312\376=\277\353{\350\225\301\305`^, ""; closeTime: 803902470; signature: ""0E\002!\000\254\354\354-Pf\355\262\022\304(\350\270oL\357Q&2\300\247\241\021\301\\264h\233\342\311c\251\002 M\250A\014\341\317\236g`\362\033\306j-e\003n\343\355\261\271\205\352\261k0D\027R\336O\244""; previousledger: ""\372\373$P*|\321\342\002\026\n\3215\340\3203\200x\327D\301]5\237\247Yz\3711!L\214""; ","proposeSeq: 0; currentTxHash: ""8h\232\211g)\354\005\246\256XI\265J\214\312}\261\211y\355]\0228j\360\0224\003\021%\014""; nodePubKey: ""\003\325Q\255\224\274R@\312\253\262\347\352\034\346\347\242\215,\312\376=\277\353{\350\225\301\305`^, ""; closeTime: 803902470; signature: ""0E\002!\000\254\354\354-Pf\355\262\022\304(\350\270oL\357Q&2\300\247\241\021\301\\264h\233\342\311c\251\002 M\250A\014\341\317\236g`\362\033\306j-e\003n\343\355\261\271\205\352\261k0D\027R\336O\244""; previousledger: ""\372\373$P*|\321\342\002\026\n\3215\340\3203\200x\327D\301]5\237\247Yz\3711!L\214""; "
1750587270869,1750587270869,3656,1,3,1,TMProposeSet,"proposeSeq: 0; currentTxHash: ""8h\232\211g)\354\005\246\256XI\265J\214\312}\261\211y\355]\0228j\360\0224\003\021%\014""; nodePubKey: ""\003\325Q\255\224\274R@\312\253\262\347\352\034\346\347\242\215,\312\376=\277\353{\350\225\301\305`^, ""; closeTime: 803902470; signature: ""0E\002!\000\254\354\354-Pf\355\262\022\304(\350\270oL\357Q&2\300\247\241\021\301\\264h\233\342\311c\251\002 M\250A\014\341\317\236g`\362\033\306j-e\003n\343\355\261\271\205\352\261k0D\027R\336O\244""; previousledger: ""\372\373$P*|\321\342\002\026\n\3215\340\3203\200x\327D\301]5\237\247Yz\3711!L\214""; ","proposeSeq: 0; currentTxHash: ""8h\232\211g)\354\005\246\256XI\265J\214\312}\261\211y\355]\0228j\360\0224\003\021%\014""; nodePubKey: ""\003\325Q\255\224\274R@\312\253\262\347\352\034\346\347\242\215,\312\376=\277\353{\350\225\301\305`^, ""; closeTime: 803902470; signature: ""0E\002!\000\254\354\354-Pf\355\262\022\304(\350\270oL\357Q&2\300\247\241\021\301\\264h\233\342\311c\251\002 M\250A\014\341\317\236g`\362\033\306j-e\003n\343\355\261\271\205\352\261k0D\027R\336O\244""; previousledger: ""\372\373$P*|\321\342\002\026\n\3215\340\3203\200x\327D\301]5\237\247Yz\3711!L\214""; "
1750587270870,1750587270870,2472,1,1,2,TMLedgerData,"ledgerHash: ""u\315\243\367\211\2625\240r:n\277\003\026\366\353'\216jy9\\001\220\223~\341j\254O\025\257""; ledgerSeq: 0; type: liTS_CANDIDATE; nodes {;   nodedata: ""\246C\232\272\013^\241\340~\030'\005/\234\037\355\231\230\017\266\365\303w\360\273\374\234\362S:\270\023\n\003"";   nodeid: ""\000\000\000\000\000\000\000\000\000\000\000\000\000\000\000\000\000\000\000\000\000\000\000\000\000\000\000\000\000\000\000\000\000""; }; requestCookie: 2; ","ledgerHash: ""u\315\243\367\211\2625\240r:n\277\003\026\366\353'\216jy9\\001\220\223~\341j\254O\025\257""; ledgerSeq: 0; type: liTS_CANDIDATE; nodes {;   nodedata: ""\246C\232\272\013^\241\340~\030'\005/\234\037\355\231\230\017\266\365\303w\360\273\374\234\362S:\270\023\n\003"";   nodeid: ""\000\000\000\000\000\000\000\000\000\000\000\000\000\000\000\000\000\000\000\000\000\000\000\000\000\000\000\000\000\000\000\000\000""; }; requestCookie: 2; "
1750587270877,1750587270877,2565,1,3,0,TMLedgerData,"ledgerHash: ""u\315\243\367\211\2625\240r:n\277\003\026\366\353'\216jy9\\001\220\223~\341j\254O\025\257""; ledgerSeq: 0; type: liTS_CANDIDATE; nodes {;   nodedata: ""\022\000\000""\000\000\000\000$\000\000\000\001 \033\000\000\000\027a@\000\000\027H\206*@h@\000\000\000\000\000\000\ns!\0030\347\374\235V\273%\326\211;\243\363\027\256[\3173\263)\033\326=\263&T\243\023""/\177\320 tF0D\002 0\023\341\332; \2711\245\020\321\3300\345\267-)\230\177\246\236AQ\327\203\207H\226+\000%\336\002 \024\036\211\237\201t\376\272E\270\230\020\334\014\356g\273\025((\376\266\216@ \254^2T\233\013\034\201\024\265\367by\212S\325C\240\024\312\370\262\227\317\370\362\3717\350\203\024E0\246\210\344\325\345r\024T\251\006P\255\352\333\372\351\337\302\000"";   nodeid: ""\240\000\000\000\000\000\000\000\000\000\000\000\000\000\000\000\000\000\000\000\000\000\000\000\000\000\000\000\000\000\000\000\001""; }; ","ledgerHash: ""u\315\243\367\211\2625\240r:n\277\003\026\366\353'\216jy9\\001\220\223~\341j\254O\025\257""; ledgerSeq: 0; type: liTS_CANDIDATE; nodes {;   nodedata: ""\022\000\000""\000\000\000\000$\000\000\000\001 \033\000\000\000\027a@\000\000\027H\206*@h@\000\000\000\000\000\000\ns!\0030\347\374\235V\273%\326\211;\243\363\027\256[\3173\263)\033\326=\263&T\243\023""/\177\320 tF0D\002 0\023\341\332; \2711\245\020\321\3300\345\267-)\230\177\246\236AQ\327\203\207H\226+\000%\336\002 \024\036\211\237\201t\376\272E\270\230\020\334\014\356g\273\025((\376\266\216@ \254^2T\233\013\034\201\024\265\367by\212S\325C\240\024\312\370\262\227\317\370\362\3717\350\203\024E0\246\210\344\325\345r\024T\251\006P\255\352\333\372\351\337\302\000"";   nodeid: ""\240\000\000\000\000\000\000\000\000\000\000\000\000\000\000\000\000\000\000\000\000\000\000\000\000\000\000\000\000\000\000\000\001""; }; "
1750587270889,1750587270889,2715,1,1,4,TMLedgerData,"ledgerHash: ""u\315\243\367\211\2625\240r:n\277\003\026\366\353'\216jy9\\001\220\223~\341j\254O\025\257""; ledgerSeq: 0; type: liTS_CANDIDATE; nodes {;   nodedata: ""\022\000\000""\000\000\000\000$\000\000\000\001 \033\000\000\000\027a@\000\000\027H\206*@h@\000\000\000\000\000\000\ns!\0030\347\374\235V\273%\326\211;\243\363\027\256[\3173\263)\033\326=\263&T\243\023""/\177\320 tF0D\002 0\023\341\332; \2711\245\020\321\3300\345\267-)\230\177\246\236AQ\327\203\207H\226+\000%\336\002 \024\036\211\237\201t\376\272E\270\230\020\334\014\356g\273\025((\376\266\216@ \254^2T\233\013\034\201\024\265\367by\212S\325C\240\024\312\370\262\227\317\370\362\3717\350\203\024E0\246\210\344\325\345r\024T\251\006P\255\352\333\372\351\337\302\000"";   nodeid: ""\240\000\000\000\000\000\000\000\000\000\000\000\000\000\000\000\000\000\000\000\000\000\000\000\000\000\000\000\000\000\000\000\001""; }; requestCookie: 1; ","ledgerHash: ""u\315\243\367\211\2625\240r:n\277\003\026\366\353'\216jy9\\001\220\223~\341j\254O\025\257""; ledgerSeq: 0; type: liTS_CANDIDATE; nodes {;   nodedata: ""\022\000\000""\000\000\000\000$\000\000\000\001 \033\000\000\000\027a@\000\000\027H\206*@h@\000\000\000\000\000\000\ns!\0030\347\374\235V\273%\326\211;\243\363\027\256[\3173\263)\033\326=\263&T\243\023""/\177\320 tF0D\002 0\023\341\332; \2711\245\020\321\3300\345\267-)\230\177\246\236AQ\327\203\207H\226+\000%\336\002 \024\036\211\237\201t\376\272E\270\230\020\334\014\356g\273\025((\376\266\216@ \254^2T\233\013\034\201\024\265\367by\212S\325C\240\024\312\370\262\227\317\370\362\3717\350\203\024E0\246\210\344\325\345r\024T\251\006P\255\352\333\372\351\337\302\000"";   nodeid: ""\240\000\000\000\000\000\000\000\000\000\000\000\000\000\000\000\000\000\000\000\000\000\000\000\000\000\000\000\000\000\000\000\001""; }; requestCookie: 1; "
1750587270894,1750587270894,557,1,4,1,TMGetLedger,"itype: liTS_CANDIDATE; ledgerHash: ""u\315\243\367\211\2625\240r:n\277\003\026\366\353'\216jy9\\001\220\223~\341j\254O\025\257""; nodeIDs: ""\000\000\000\000\000\000\000\000\000\000\000\000\000\000\000\000\000\000\000\000\000\000\000\000\000\000\000\000\000\000\000\000\000""; requestCookie: 4; queryType: qtINDIRECT; queryDepth: 3; ","itype: liTS_CANDIDATE; ledgerHash: ""u\315\243\367\211\2625\240r:n\277\003\026\366\353'\216jy9\\001\220\223~\341j\254O\025\257""; nodeIDs: ""\000\000\000\000\000\000\000\000\000\000\000\000\000\000\000\000\000\000\000\000\000\000\000\000\000\000\000\000\000\000\000\000\000""; requestCookie: 4; queryType: qtINDIRECT; queryDepth: 3; "
1750587270899,1750587270899,1399,1,1,3,TMLedgerData,"ledgerHash: ""u\315\243\367\211\2625\240r:n\277\003\026\366\353'\216jy9\\001\220\223~\341j\254O\025\257""; ledgerSeq: 0; type: liTS_CANDIDATE; nodes {;   nodedata: ""\246C\232\272\013^\241\340~\030'\005/\234\037\355\231\230\017\266\365\303w\360\273\374\234\362S:\270\023\n\003"";   nodeid: ""\000\000\000\000\000\000\000\000\000\000\000\000\000\000\000\000\000\000\000\000\000\000\000\000\000\000\000\000\000\000\000\000\000""; }; ","ledgerHash: ""u\315\243\367\211\2625\240r:n\277\003\026\366\353'\216jy9\\001\220\223~\341j\254O\025\257""; ledgerSeq: 0; type: liTS_CANDIDATE; nodes {;   nodedata: ""\246C\232\272\013^\241\340~\030'\005/\234\037\355\231\230\017\266\365\303w\360\273\374\234\362S:\270\023\n\003"";   nodeid: ""\000\000\000\000\000\000\000\000\000\000\000\000\000\000\000\000\000\000\000\000\000\000\000\000\000\000\000\000\000\000\000\000\000""; }; "
1750587270909,1750587270909,483,1,3,4,TMProposeSet,"proposeSeq: 0; currentTxHash: ""8h\232\211g)\354\005\246\256XI\265J\214\312}\261\211y\355]\0228j\360\0224\003\021%\014""; nodePubKey: ""\003\325Q\255\224\274R@\312\253\262\347\352\034\346\347\242\215,\312\376=\277\353{\350\225\301\305`^, ""; closeTime: 803902470; signature: ""0E\002!\000\254\354\354-Pf\355\262\022\304(\350\270oL\357Q&2\300\247\241\021\301\\264h\233\342\311c\251\002 M\250A\014\341\317\236g`\362\033\306j-e\003n\343\355\261\271\205\352\261k0D\027R\336O\244""; previousledger: ""\372\373$P*|\321\342\002\026\n\3215\340\3203\200x\327D\301]5\237\247Yz\3711!L\214""; ","proposeSeq: 0; currentTxHash: ""8h\232\211g)\354\005\246\256XI\265J\214\312}\261\211y\355]\0228j\360\0224\003\021%\014""; nodePubKey: ""\003\325Q\255\224\274R@\312\253\262\347\352\034\346\347\242\215,\312\376=\277\353{\350\225\301\305`^, ""; closeTime: 803902470; signature: ""0E\002!\000\254\354\354-Pf\355\262\022\304(\350\270oL\357Q&2\300\247\241\021\301\\264h\233\342\311c\251\002 M\250A\014\341\317\236g`\362\033\306j-e\003n\343\355\261\271\205\352\261k0D\027R\336O\244""; previousledger: ""\372\373$P*|\321\342\002\026\n\3215\340\3203\200x\327D\301]5\237\247Yz\3711!L\214""; "
1750587270912,1750587270912,393,1,0,1,TMGetLedger,"itype: liTS_CANDIDATE; ledgerHash: ""u\315\243\367\211\2625\240r:n\277\003\026\366\353'\216jy9\\001\220\223~\341j\254O\025\257""; nodeIDs: ""\240\000\000\000\000\000\000\000\000\000\000\000\000\000\000\000\000\000\000\000\000\000\000\000\000\000\000\000\000\000\000\000\001""; queryType: qtINDIRECT; ","itype: liTS_CANDIDATE; ledgerHash: ""u\315\243\367\211\2625\240r:n\277\003\026\366\353'\216jy9\\001\220\223~\341j\254O\025\257""; nodeIDs: ""\240\000\000\000\000\000\000\000\000\000\000\000\000\000\000\000\000\000\000\000\000\000\000\000\000\000\000\000\000\000\000\000\001""; queryType: qtINDIRECT; "
1750587270914,1750587270914,1102,1,2,3,TMLedgerData,"ledgerHash: ""u\315\243\367\211\2625\240r:n\277\003\026\366\353'\216jy9\\001\220\223~\341j\254O\025\257""; ledgerSeq: 0; type: liTS_CANDIDATE; nodes {;   nodedata: ""\246C\232\272\013^\241\340~\030'\005/\234\037\355\231\230\017\266\365\303w\360\273\374\234\362S:\270\023\n\003"";   nodeid: ""\000\000\000\000\000\000\000\000\000\000\000\000\000\000\000\000\000\000\000\000\000\000\000\000\000\000\000\000\000\000\000\000\000""; }; ","ledgerHash: ""u\315\243\367\211\2625\240r:n\277\003\026\366\353'\216jy9\\001\220\223~\341j\254O\025\257""; ledgerSeq: 0; type: liTS_CANDIDATE; nodes {;   nodedata: ""\246C\232\272\013^\241\340~\030'\005/\234\037\355\231\230\017\266\365\303w\360\273\374\234\362S:\270\023\n\003"";   nodeid: ""\000\000\000\000\000\000\000\000\000\000\000\000\000\000\000\000\000\000\000\000\000\000\000\000\000\000\000\000\000\000\000\000\000""; }; "
1750587270934,1750587270934,2715,1,1,4,TMLedgerData,"ledgerHash: ""u\315\243\367\211\2625\240r:n\277\003\026\366\353'\216jy9\\001\220\223~\341j\254O\025\257""; ledgerSeq: 0; type: liTS_CANDIDATE; nodes {;   nodedata: ""\246C\232\272\013^\241\340~\030'\005/\234\037\355\231\230\017\266\365\303w\360\273\374\234\362S:\270\023\n\003"";   nodeid: ""\000\000\000\000\000\000\000\000\000\000\000\000\000\000\000\000\000\000\000\000\000\000\000\000\000\000\000\000\000\000\000\000\000""; }; requestCookie: 4; ","ledgerHash: ""u\315\243\367\211\2625\240r:n\277\003\026\366\353'\216jy9\\001\220\223~\341j\254O\025\257""; ledgerSeq: 0; type: liTS_CANDIDATE; nodes {;   nodedata: ""\246C\232\272\013^\241\340~\030'\005/\234\037\355\231\230\017\266\365\303w\360\273\374\234\362S:\270\023\n\003"";   nodeid: ""\000\000\000\000\000\000\000\000\000\000\000\000\000\000\000\000\000\000\000\000\000\000\000\000\000\000\000\000\000\000\000\000\000""; }; requestCookie: 4; "
1750587270867,1750587270940,854,1,3,2,TMStatusChange,"newEvent: neCLOSING_LEDGER; ledgerSeq: 5; ledgerHash: ""\372\373$P*|\321\342\002\026\n\3215\340\3203\200x\327D\301]5\237\247Yz\3711!L\214""; ledgerHashPrevious: ""\241'\332/+\360Bx\036+\210j\237K%\340]\246E\2434\264K\036\030qP\317\315\336\325\007""; networkTime: 803902470; firstSeq: 1; lastSeq: 5; ","newEvent: neCLOSING_LEDGER; ledgerSeq: 5; ledgerHash: ""\372\373$P*|\321\342\002\026\n\3215\340\3203\200x\327D\301]5\237\247Yz\3711!L\214""; ledgerHashPrevious: ""\241'\332/+\360Bx\036+\210j\237K%\340]\246E\2434\264K\036\030qP\317\315\336\325\007""; networkTime: 803902470; firstSeq: 1; lastSeq: 5; "
1750587270868,1750587270941,1591,1,3,1,TMStatusChange,"newEvent: neCLOSING_LEDGER; ledgerSeq: 5; ledgerHash: ""\372\373$P*|\321\342\002\026\n\3215\340\3203\200x\327D\301]5\237\247Yz\3711!L\214""; ledgerHashPrevious: ""\241'\332/+\360Bx\036+\210j\237K%\340]\246E\2434\264K\036\030qP\317\315\336\325\007""; networkTime: 803902470; firstSeq: 1; lastSeq: 5; ","newEvent: neCLOSING_LEDGER; ledgerSeq: 5; ledgerHash: ""\372\373$P*|\321\342\002\026\n\3215\340\3203\200x\327D\301]5\237\247Yz\3711!L\214""; ledgerHashPrevious: ""\241'\332/+\360Bx\036+\210j\237K%\340]\246E\2434\264K\036\030qP\317\315\336\325\007""; networkTime: 803902470; firstSeq: 1; lastSeq: 5; "
1750587270868,1750587270941,1393,1,3,0,TMStatusChange,"newEvent: neCLOSING_LEDGER; ledgerSeq: 5; ledgerHash: ""\372\373$P*|\321\342\002\026\n\3215\340\3203\200x\327D\301]5\237\247Yz\3711!L\214""; ledgerHashPrevious: ""\241'\332/+\360Bx\036+\210j\237K%\340]\246E\2434\264K\036\030qP\317\315\336\325\007""; networkTime: 803902470; firstSeq: 1; lastSeq: 5; ","newEvent: neCLOSING_LEDGER; ledgerSeq: 5; ledgerHash: ""\372\373$P*|\321\342\002\026\n\3215\340\3203\200x\327D\301]5\237\247Yz\3711!L\214""; ledgerHashPrevious: ""\241'\332/+\360Bx\036+\210j\237K%\340]\246E\2434\264K\036\030qP\317\315\336\325\007""; networkTime: 803902470; firstSeq: 1; lastSeq: 5; "
1750587270868,1750587270941,972,1,3,4,TMStatusChange,"newEvent: neCLOSING_LEDGER; ledgerSeq: 5; ledgerHash: ""\372\373$P*|\321\342\002\026\n\3215\340\3203\200x\327D\301]5\237\247Yz\3711!L\214""; ledgerHashPrevious: ""\241'\332/+\360Bx\036+\210j\237K%\340]\246E\2434\264K\036\030qP\317\315\336\325\007""; networkTime: 803902470; firstSeq: 1; lastSeq: 5; ","newEvent: neCLOSING_LEDGER; ledgerSeq: 5; ledgerHash: ""\372\373$P*|\321\342\002\026\n\3215\340\3203\200x\327D\301]5\237\247Yz\3711!L\214""; ledgerHashPrevious: ""\241'\332/+\360Bx\036+\210j\237K%\340]\246E\2434\264K\036\030qP\317\315\336\325\007""; networkTime: 803902470; firstSeq: 1; lastSeq: 5; "
1750587270944,1750587270944,2472,1,1,2,TMLedgerData,"ledgerHash: ""u\315\243\367\211\2625\240r:n\277\003\026\366\353'\216jy9\\001\220\223~\341j\254O\025\257""; ledgerSeq: 0; type: liTS_CANDIDATE; nodes {;   nodedata: ""\246C\232\272\013^\241\340~\030'\005/\234\037\355\231\230\017\266\365\303w\360\273\374\234\362S:\270\023\n\003"";   nodeid: ""\000\000\000\000\000\000\000\000\000\000\000\000\000\000\000\000\000\000\000\000\000\000\000\000\000\000\000\000\000\000\000\000\000""; }; requestCookie: 4; ","ledgerHash: ""u\315\243\367\211\2625\240r:n\277\003\026\366\353'\216jy9\\001\220\223~\341j\254O\025\257""; ledgerSeq: 0; type: liTS_CANDIDATE; nodes {;   nodedata: ""\246C\232\272\013^\241\340~\030'\005/\234\037\355\231\230\017\266\365\303w\360\273\374\234\362S:\270\023\n\003"";   nodeid: ""\000\000\000\000\000\000\000\000\000\000\000\000\000\000\000\000\000\000\000\000\000\000\000\000\000\000\000\000\000\000\000\000\000""; }; requestCookie: 4; "
1750587270944,1750587270944,3487,1,0,3,TMLedgerData,"ledgerHash: ""u\315\243\367\211\2625\240r:n\277\003\026\366\353'\216jy9\\001\220\223~\341j\254O\025\257""; ledgerSeq: 0; type: liTS_CANDIDATE; nodes {;   nodedata: ""\246C\232\272\013^\241\340~\030'\005/\234\037\355\231\230\017\266\365\303w\360\273\374\234\362S:\270\023\n\003"";   nodeid: ""\000\000\000\000\000\000\000\000\000\000\000\000\000\000\000\000\000\000\000\000\000\000\000\000\000\000\000\000\000\000\000\000\000""; }; ","ledgerHash: ""u\315\243\367\211\2625\240r:n\277\003\026\366\353'\216jy9\\001\220\223~\341j\254O\025\257""; ledgerSeq: 0; type: liTS_CANDIDATE; nodes {;   nodedata: ""\246C\232\272\013^\241\340~\030'\005/\234\037\355\231\230\017\266\365\303w\360\273\374\234\362S:\270\023\n\003"";   nodeid: ""\000\000\000\000\000\000\000\000\000\000\000\000\000\000\000\000\000\000\000\000\000\000\000\000\000\000\000\000\000\000\000\000\000""; }; "
1750587270999,1750587270999,2655,1,1,0,TMLedgerData,"ledgerHash: ""8h\232\211g)\354\005\246\256XI\265J\214\312}\261\211y\355]\0228j\360\0224\003\021%\014""; ledgerSeq: 0; type: liTS_CANDIDATE; nodes {;   nodedata: ""\022\000\000""\000\000\000\000$\000\000\000\001 \033\000\000\000\027a@\000\000\027H\206*@h@\000\000\000\000\000\000\ns!\0030\347\374\235V\273%\326\211;\243\363\027\256[\3173\263)\033\326=\263&T\243\023""/\177\320 tF0D\002 0\023\341\332; \2711\245\020\321\3300\345\267-)\230\177\246\236AQ\327\203\207H\226+\000%\336\002 \024\036\211\237\201t\376\272E\270\230\020\334\014\356g\273\025((\376\266\216@ \254^2T\233\013\034\201\024\265\367by\212S\325C\240\024\312\370\262\227\317\370\362\3717\350\203\024E0\246\210\344\325\345r\024T\251\006P\255\352\333\372\351\337\302\000"";   nodeid: ""\240\000\000\000\000\000\000\000\000\000\000\000\000\000\000\000\000\000\000\000\000\000\000\000\000\000\000\000\000\000\000\000\001""; }; ","ledgerHash: ""8h\232\211g)\354\005\246\256XI\265J\214\312}\261\211y\355]\0228j\360\0224\003\021%\014""; ledgerSeq: 0; type: liTS_CANDIDATE; nodes {;   nodedata: ""\022\000\000""\000\000\000\000$\000\000\000\001 \033\000\000\000\027a@\000\000\027H\206*@h@\000\000\000\000\000\000\ns!\0030\347\374\235V\273%\326\211;\243\363\027\256[\3173\263)\033\326=\263&T\243\023""/\177\320 tF0D\002 0\023\341\332; \2711\245\020\321\3300\345\267-)\230\177\246\236AQ\327\203\207H\226+\000%\336\002 \024\036\211\237\201t\376\272E\270\230\020\334\014\356g\273\025((\376\266\216@ \254^2T\233\013\034\201\024\265\367by\212S\325C\240\024\312\370\262\227\317\370\362\3717\350\203\024E0\246\210\344\325\345r\024T\251\006P\255\352\333\372\351\337\302\000"";   nodeid: ""\240\000\000\000\000\000\000\000\000\000\000\000\000\000\000\000\000\000\000\000\000\000\000\000\000\000\000\000\000\000\000\000\001""; }; "
1750587271001,1750587271001,779,1,0,3,TMValidation,"validation: """"\200\000\000\001&\000\000\000\005)/\352\224\007:I\203w\200\211\SGQ\372\373$P*|\321\342\002\026\n\3215\340\3203\200x\327D\301]5\237\247Yz\3711!L\214P\027\000\000\000\000\000\000\000\000\000\000\000\000\000\000\000\000\000\000\000\000\000\000\000\000\000\000\000\000\000\000\000\000P\031\241'\332/+\360Bx\036+\210j\237K%\340]\246E\2434\264K\036\030qP\317\315\336\325\007s!\002\347\243J\206W\025ML\260\226\0163\217\250\337\325W\253\356*O\245Z\271\234\207C\274\375`\335\311vF0D\002 y\266\240\005\252\266\316\344\350P\222/;\355\247\204dP\220\025\371\202\335D\250\265\222\016v\234\020`\002 lAC\256hv}I\027\333\326\256\005\205W\325-q\334\236\206\323{D\4\334\205\350<\265\204""; ","validation: """"\200\000\000\001&\000\000\000\005)/\352\224\007:I\203w\200\211\SGQ\372\373$P*|\321\342\002\026\n\3215\340\3203\200x\327D\301]5\237\247Yz\3711!L\214P\027\000\000\000\000\000\000\000\000\000\000\000\000\000\000\000\000\000\000\000\000\000\000\000\000\000\000\000\000\000\000\000\000P\031\241'\332/+\360Bx\036+\210j\237K%\340]\246E\2434\264K\036\030qP\317\315\336\325\007s!\002\347\243J\206W\025ML\260\226\0163\217\250\337\325W\253\356*O\245Z\271\234\207C\274\375`\335\311vF0D\002 y\266\240\005\252\266\316\344\350P\222/;\355\247\204dP\220\025\371\202\335D\250\265\222\016v\234\020`\002 lAC\256hv}I\027\333\326\256\005\205W\325-q\334\236\206\323{D\4\334\205\350<\265\204""; "
1750587271002,1750587271002,792,1,0,4,TMValidation,"validation: """"\200\000\000\001&\000\000\000\005)/\352\224\007:I\203w\200\211\SGQ\372\373$P*|\321\342\002\026\n\3215\340\3203\200x\327D\301]5\237\247Yz\3711!L\214P\027\000\000\000\000\000\000\000\000\000\000\000\000\000\000\000\000\000\000\000\000\000\000\000\000\000\000\000\000\000\000\000\000P\031\241'\332/+\360Bx\036+\210j\237K%\340]\246E\2434\264K\036\030qP\317\315\336\325\007s!\002\347\243J\206W\025ML\260\226\0163\217\250\337\325W\253\356*O\245Z\271\234\207C\274\375`\335\311vF0D\002 y\266\240\005\252\266\316\344\350P\222/;\355\247\204dP\220\025\371\202\335D\250\265\222\016v\234\020`\002 lAC\256hv}I\027\333\326\256\005\205W\325-q\334\236\206\323{D\4\334\205\350<\265\204""; ","validation: """"\200\000\000\001&\000\000\000\005)/\352\224\007:I\203w\200\211\SGQ\372\373$P*|\321\342\002\026\n\3215\340\3203\200x\327D\301]5\237\247Yz\3711!L\214P\027\000\000\000\000\000\000\000\000\000\000\000\000\000\000\000\000\000\000\000\000\000\000\000\000\000\000\000\000\000\000\000\000P\031\241'\332/+\360Bx\036+\210j\237K%\340]\246E\2434\264K\036\030qP\317\315\336\325\007s!\002\347\243J\206W\025ML\260\226\0163\217\250\337\325W\253\356*O\245Z\271\234\207C\274\375`\335\311vF0D\002 y\266\240\005\252\266\316\344\350P\222/;\355\247\204dP\220\025\371\202\335D\250\265\222\016v\234\020`\002 lAC\256hv}I\027\333\326\256\005\205W\325-q\334\236\206\323{D\4\334\205\350<\265\204""; "
1750587271002,1750587271002,3150,1,0,3,TMStatusChange,"newEvent: neACCEPTED_LEDGER; ledgerSeq: 5; ledgerHash: ""\372\373$P*|\321\342\002\026\n\3215\340\3203\200x\327D\301]5\237\247Yz\3711!L\214""; ledgerHashPrevious: ""\241'\332/+\360Bx\036+\210j\237K%\340]\246E\2434\264K\036\030qP\317\315\336\325\007""; networkTime: 803902471; firstSeq: 1; lastSeq: 4; ","newEvent: neACCEPTED_LEDGER; ledgerSeq: 5; ledgerHash: ""\372\373$P*|\321\342\002\026\n\3215\340\3203\200x\327D\301]5\237\247Yz\3711!L\214""; ledgerHashPrevious: ""\241'\332/+\360Bx\036+\210j\237K%\340]\246E\2434\264K\036\030qP\317\315\336\325\007""; networkTime: 803902471; firstSeq: 1; lastSeq: 4; "
1750587271002,1750587271003,2252,1,0,4,TMStatusChange,"newEvent: neACCEPTED_LEDGER; ledgerSeq: 5; ledgerHash: ""\372\373$P*|\321\342\002\026\n\3215\340\3203\200x\327D\301]5\237\247Yz\3711!L\214""; ledgerHashPrevious: ""\241'\332/+\360Bx\036+\210j\237K%\340]\246E\2434\264K\036\030qP\317\315\336\325\007""; networkTime: 803902471; firstSeq: 1; lastSeq: 4; ","newEvent: neACCEPTED_LEDGER; ledgerSeq: 5; ledgerHash: ""\372\373$P*|\321\342\002\026\n\3215\340\3203\200x\327D\301]5\237\247Yz\3711!L\214""; ledgerHashPrevious: ""\241'\332/+\360Bx\036+\210j\237K%\340]\246E\2434\264K\036\030qP\317\315\336\325\007""; networkTime: 803902471; firstSeq: 1; lastSeq: 4; "
1750587271003,1750587271003,468,1,0,1,TMStatusChange,"newEvent: neACCEPTED_LEDGER; ledgerSeq: 5; ledgerHash: ""\372\373$P*|\321\342\002\026\n\3215\340\3203\200x\327D\301]5\237\247Yz\3711!L\214""; ledgerHashPrevious: ""\241'\332/+\360Bx\036+\210j\237K%\340]\246E\2434\264K\036\030qP\317\315\336\325\007""; networkTime: 803902471; firstSeq: 1; lastSeq: 4; ","newEvent: neACCEPTED_LEDGER; ledgerSeq: 5; ledgerHash: ""\372\373$P*|\321\342\002\026\n\3215\340\3203\200x\327D\301]5\237\247Yz\3711!L\214""; ledgerHashPrevious: ""\241'\332/+\360Bx\036+\210j\237K%\340]\246E\2434\264K\036\030qP\317\315\336\325\007""; networkTime: 803902471; firstSeq: 1; lastSeq: 4; "
1750587271003,1750587271003,615,1,0,2,TMStatusChange,"newEvent: neACCEPTED_LEDGER; ledgerSeq: 5; ledgerHash: ""\372\373$P*|\321\342\002\026\n\3215\340\3203\200x\327D\301]5\237\247Yz\3711!L\214""; ledgerHashPrevious: ""\241'\332/+\360Bx\036+\210j\237K%\340]\246E\2434\264K\036\030qP\317\315\336\325\007""; networkTime: 803902471; firstSeq: 1; lastSeq: 4; ","newEvent: neACCEPTED_LEDGER; ledgerSeq: 5; ledgerHash: ""\372\373$P*|\321\342\002\026\n\3215\340\3203\200x\327D\301]5\237\247Yz\3711!L\214""; ledgerHashPrevious: ""\241'\332/+\360Bx\036+\210j\237K%\340]\246E\2434\264K\036\030qP\317\315\336\325\007""; networkTime: 803902471; firstSeq: 1; lastSeq: 4; "
1750587271004,1750587271004,3563,1,0,2,TMValidation,"validation: """"\200\000\000\001&\000\000\000\005)/\352\224\007:I\203w\200\211\SGQ\372\373$P*|\321\342\002\026\n\3215\340\3203\200x\327D\301]5\237\247Yz\3711!L\214P\027\000\000\000\000\000\000\000\000\000\000\000\000\000\000\000\000\000\000\000\000\000\000\000\000\000\000\000\000\000\000\000\000P\031\241'\332/+\360Bx\036+\210j\237K%\340]\246E\2434\264K\036\030qP\317\315\336\325\007s!\002\347\243J\206W\025ML\260\226\0163\217\250\337\325W\253\356*O\245Z\271\234\207C\274\375`\335\311vF0D\002 y\266\240\005\252\266\316\344\350P\222/;\355\247\204dP\220\025\371\202\335D\250\265\222\016v\234\020`\002 lAC\256hv}I\027\333\326\256\005\205W\325-q\334\236\206\323{D\4\334\205\350<\265\204""; ","validation: """"\200\000\000\001&\000\000\000\005)/\352\224\007:I\203w\200\211\SGQ\372\373$P*|\321\342\002\026\n\3215\340\3203\200x\327D\301]5\237\247Yz\3711!L\214P\027\000\000\000\000\000\000\000\000\000\000\000\000\000\000\000\000\000\000\000\000\000\000\000\000\000\000\000\000\000\000\000\000P\031\241'\332/+\360Bx\036+\210j\237K%\340]\246E\2434\264K\036\030qP\317\315\336\325\007s!\002\347\243J\206W\025ML\260\226\0163\217\250\337\325W\253\356*O\245Z\271\234\207C\274\375`\335\311vF0D\002 y\266\240\005\252\266\316\344\350P\222/;\355\247\204dP\220\025\371\202\335D\250\265\222\016v\234\020`\002 lAC\256hv}I\027\333\326\256\005\205W\325-q\334\236\206\323{D\4\334\205\350<\265\204""; "
1750587271005,1750587271005,141,1,0,3,TMProposeSet,"proposeSeq: 0; currentTxHash: ""8h\232\211g)\354\005\246\256XI\265J\214\312}\261\211y\355]\0228j\360\0224\003\021%\014""; nodePubKey: ""\003.\200\224\215?)t\306\315\242\313\251\255\302\204=\232.\271%}\013\024s\024\002@\216l""\241F""; closeTime: 803902469; signature: ""0E\002!\000\273\032\007\372\0073\334\361\226]\271\354|\230\372\304\003\266\370\027Z\242Czd\302\375\371\344\267>d\002 F\013\346s.$\346E\3551\302\371\367\254\222\203\331\330\315c\331\256[\377\032A\264\226\333\212\033\307""; previousledger: ""\372\373$P*|\321\342\002\026\n\3215\340\3203\200x\327D\301]5\237\247Yz\3711!L\214""; ","proposeSeq: 0; currentTxHash: ""8h\232\211g)\354\005\246\256XI\265J\214\312}\261\211y\355]\0228j\360\0224\003\021%\014""; nodePubKey: ""\003.\200\224\215?)t\306\315\242\313\251\255\302\204=\232.\271%}\013\024s\024\002@\216l""\241F""; closeTime: 803902469; signature: ""0E\002!\000\273\032\007\372\0073\334\361\226]\271\354|\230\372\304\003\266\370\027Z\242Czd\302\375\371\344\267>d\002 F\013\346s.$\346E\3551\302\371\367\254\222\203\331\330\315c\331\256[\377\032A\264\226\333\212\033\307""; previousledger: ""\372\373$P*|\321\342\002\026\n\3215\340\3203\200x\327D\301]5\237\247Yz\3711!L\214""; "
1750587271005,1750587271005,1290,1,0,2,TMProposeSet,"proposeSeq: 0; currentTxHash: ""8h\232\211g)\354\005\246\256XI\265J\214\312}\261\211y\355]\0228j\360\0224\003\021%\014""; nodePubKey: ""\003.\200\224\215?)t\306\315\242\313\251\255\302\204=\232.\271%}\013\024s\024\002@\216l""\241F""; closeTime: 803902469; signature: ""0E\002!\000\273\032\007\372\0073\334\361\226]\271\354|\230\372\304\003\266\370\027Z\242Czd\302\375\371\344\267>d\002 F\013\346s.$\346E\3551\302\371\367\254\222\203\331\330\315c\331\256[\377\032A\264\226\333\212\033\307""; previousledger: ""\372\373$P*|\321\342\002\026\n\3215\340\3203\200x\327D\301]5\237\247Yz\3711!L\214""; ","proposeSeq: 0; currentTxHash: ""8h\232\211g)\354\005\246\256XI\265J\214\312}\261\211y\355]\0228j\360\0224\003\021%\014""; nodePubKey: ""\003.\200\224\215?)t\306\315\242\313\251\255\302\204=\232.\271%}\013\024s\024\002@\216l""\241F""; closeTime: 803902469; signature: ""0E\002!\000\273\032\007\372\0073\334\361\226]\271\354|\230\372\304\003\266\370\027Z\242Czd\302\375\371\344\267>d\002 F\013\346s.$\346E\3551\302\371\367\254\222\203\331\330\315c\331\256[\377\032A\264\226\333\212\033\307""; previousledger: ""\372\373$P*|\321\342\002\026\n\3215\340\3203\200x\327D\301]5\237\247Yz\3711!L\214""; "
1750587271007,1750587271008,2655,1,1,0,TMLedgerData,"ledgerHash: ""u\315\243\367\211\2625\240r:n\277\003\026\366\353'\216jy9\\001\220\223~\341j\254O\025\257""; ledgerSeq: 0; type: liTS_CANDIDATE; nodes {;   nodedata: ""\022\000\000""\000\000\000\000$\000\000\000\001 \033\000\000\000\027a@\000\000\027H\206*@h@\000\000\000\000\000\000\ns!\0030\347\374\235V\273%\326\211;\243\363\027\256[\3173\263)\033\326=\263&T\243\023""/\177\320 tF0D\002 0\023\341\332; \2711\245\020\321\3300\345\267-)\230\177\246\236AQ\327\203\207H\226+\000%\336\002 \024\036\211\237\201t\376\272E\270\230\020\334\014\356g\273\025((\376\266\216@ \254^2T\233\013\034\201\024\265\367by\212S\325C\240\024\312\370\262\227\317\370\362\3717\350\203\024E0\246\210\344\325\345r\024T\251\006P\255\352\333\372\351\337\302\000"";   nodeid: ""\240\000\000\000\000\000\000\000\000\000\000\000\000\000\000\000\000\000\000\000\000\000\000\000\000\000\000\000\000\000\000\000\001""; }; ","ledgerHash: ""u\315\243\367\211\2625\240r:n\277\003\026\366\353'\216jy9\\001\220\223~\341j\254O\025\257""; ledgerSeq: 0; type: liTS_CANDIDATE; nodes {;   nodedata: ""\022\000\000""\000\000\000\000$\000\000\000\001 \033\000\000\000\027a@\000\000\027H\206*@h@\000\000\000\000\000\000\ns!\0030\347\374\235V\273%\326\211;\243\363\027\256[\3173\263)\033\326=\263&T\243\023""/\177\320 tF0D\002 0\023\341\332; \2711\245\020\321\3300\345\267-)\230\177\246\236AQ\327\203\207H\226+\000%\336\002 \024\036\211\237\201t\376\272E\270\230\020\334\014\356g\273\025((\376\266\216@ \254^2T\233\013\034\201\024\265\367by\212S\325C\240\024\312\370\262\227\317\370\362\3717\350\203\024E0\246\210\344\325\345r\024T\251\006P\255\352\333\372\351\337\302\000"";   nodeid: ""\240\000\000\000\000\000\000\000\000\000\000\000\000\000\000\000\000\000\000\000\000\000\000\000\000\000\000\000\000\000\000\000\001""; }; "
1750587271020,1750587271020,1399,1,1,3,TMLedgerData,"ledgerHash: ""u\315\243\367\211\2625\240r:n\277\003\026\366\353'\216jy9\\001\220\223~\341j\254O\025\257""; ledgerSeq: 0; type: liTS_CANDIDATE; nodes {;   nodedata: ""\246C\232\272\013^\241\340~\030'\005/\234\037\355\231\230\017\266\365\303w\360\273\374\234\362S:\270\023\n\003"";   nodeid: ""\000\000\000\000\000\000\000\000\000\000\000\000\000\000\000\000\000\000\000\000\000\000\000\000\000\000\000\000\000\000\000\000\000""; }; requestCookie: 2; ","ledgerHash: ""u\315\243\367\211\2625\240r:n\277\003\026\366\353'\216jy9\\001\220\223~\341j\254O\025\257""; ledgerSeq: 0; type: liTS_CANDIDATE; nodes {;   nodedata: ""\246C\232\272\013^\241\340~\030'\005/\234\037\355\231\230\017\266\365\303w\360\273\374\234\362S:\270\023\n\003"";   nodeid: ""\000\000\000\000\000\000\000\000\000\000\000\000\000\000\000\000\000\000\000\000\000\000\000\000\000\000\000\000\000\000\000\000\000""; }; requestCookie: 2; "
1750587271026,1750587271026,342,1,2,1,TMGetLedger,"itype: liTS_CANDIDATE; ledgerHash: ""u\315\243\367\211\2625\240r:n\277\003\026\366\353'\216jy9\\001\220\223~\341j\254O\025\257""; nodeIDs: ""\000\000\000\000\000\000\000\000\000\000\000\000\000\000\000\000\000\000\000\000\000\000\000\000\000\000\000\000\000\000\000\000\000""; requestCookie: 2; queryType: qtINDIRECT; queryDepth: 3; ","itype: liTS_CANDIDATE; ledgerHash: ""u\315\243\367\211\2625\240r:n\277\003\026\366\353'\216jy9\\001\220\223~\341j\254O\025\257""; nodeIDs: ""\000\000\000\000\000\000\000\000\000\000\000\000\000\000\000\000\000\000\000\000\000\000\000\000\000\000\000\000\000\000\000\000\000""; requestCookie: 2; queryType: qtINDIRECT; queryDepth: 3; "
1750587271042,1750587271042,2684,1,0,1,TMValidation,"validation: """"\200\000\000\001&\000\000\000\005)/\352\224\007:I\203w\200\211\SGQ\372\373$P*|\321\342\002\026\n\3215\340\3203\200x\327D\301]5\237\247Yz\3711!L\214P\027\000\000\000\000\000\000\000\000\000\000\000\000\000\000\000\000\000\000\000\000\000\000\000\000\000\000\000\000\000\000\000\000P\031\241'\332/+\360Bx\036+\210j\237K%\340]\246E\2434\264K\036\030qP\317\315\336\325\007s!\002\347\243J\206W\025ML\260\226\0163\217\250\337\325W\253\356*O\245Z\271\234\207C\274\375`\335\311vF0D\002 y\266\240\005\252\266\316\344\350P\222/;\355\247\204dP\220\025\371\202\335D\250\265\222\016v\234\020`\002 lAC\256hv}I\027\333\326\256\005\205W\325-q\334\236\206\323{D\4\334\205\350<\265\204""; ","validation: """"\200\000\000\001&\000\000\000\005)/\352\224\007:I\203w\200\211\SGQ\372\373$P*|\321\342\002\026\n\3215\340\3203\200x\327D\301]5\237\247Yz\3711!L\214P\027\000\000\000\000\000\000\000\000\000\000\000\000\000\000\000\000\000\000\000\000\000\000\000\000\000\000\000\000\000\000\000\000P\031\241'\332/+\360Bx\036+\210j\237K%\340]\246E\2434\264K\036\030qP\317\315\336\325\007s!\002\347\243J\206W\025ML\260\226\0163\217\250\337\325W\253\356*O\245Z\271\234\207C\274\375`\335\311vF0D\002 y\266\240\005\252\266\316\344\350P\222/;\355\247\204dP\220\025\371\202\335D\250\265\222\016v\234\020`\002 lAC\256hv}I\027\333\326\256\005\205W\325-q\334\236\206\323{D\4\334\205\350<\265\204""; "
1750587271042,1750587271042,190,1,0,1,TMProposeSet,"proposeSeq: 0; currentTxHash: ""8h\232\211g)\354\005\246\256XI\265J\214\312}\261\211y\355]\0228j\360\0224\003\021%\014""; nodePubKey: ""\003.\200\224\215?)t\306\315\242\313\251\255\302\204=\232.\271%}\013\024s\024\002@\216l""\241F""; closeTime: 803902469; signature: ""0E\002!\000\273\032\007\372\0073\334\361\226]\271\354|\230\372\304\003\266\370\027Z\242Czd\302\375\371\344\267>d\002 F\013\346s.$\346E\3551\302\371\367\254\222\203\331\330\315c\331\256[\377\032A\264\226\333\212\033\307""; previousledger: ""\372\373$P*|\321\342\002\026\n\3215\340\3203\200x\327D\301]5\237\247Yz\3711!L\214""; ","proposeSeq: 0; currentTxHash: ""8h\232\211g)\354\005\246\256XI\265J\214\312}\261\211y\355]\0228j\360\0224\003\021%\014""; nodePubKey: ""\003.\200\224\215?)t\306\315\242\313\251\255\302\204=\232.\271%}\013\024s\024\002@\216l""\241F""; closeTime: 803902469; signature: ""0E\002!\000\273\032\007\372\0073\334\361\226]\271\354|\230\372\304\003\266\370\027Z\242Czd\302\375\371\344\267>d\002 F\013\346s.$\346E\3551\302\371\367\254\222\203\331\330\315c\331\256[\377\032A\264\226\333\212\033\307""; previousledger: ""\372\373$P*|\321\342\002\026\n\3215\340\3203\200x\327D\301]5\237\247Yz\3711!L\214""; "
1750587271057,1750587271058,2655,1,1,0,TMLedgerData,"ledgerHash: ""u\315\243\367\211\2625\240r:n\277\003\026\366\353'\216jy9\\001\220\223~\341j\254O\025\257""; ledgerSeq: 0; type: liTS_CANDIDATE; nodes {;   nodedata: ""\022\000\000""\000\000\000\000$\000\000\000\001 \033\000\000\000\027a@\000\000\027H\206*@h@\000\000\000\000\000\000\ns!\0030\347\374\235V\273%\326\211;\243\363\027\256[\3173\263)\033\326=\263&T\243\023""/\177\320 tF0D\002 0\023\341\332; \2711\245\020\321\3300\345\267-)\230\177\246\236AQ\327\203\207H\226+\000%\336\002 \024\036\211\237\201t\376\272E\270\230\020\334\014\356g\273\025((\376\266\216@ \254^2T\233\013\034\201\024\265\367by\212S\325C\240\024\312\370\262\227\317\370\362\3717\350\203\024E0\246\210\344\325\345r\024T\251\006P\255\352\333\372\351\337\302\000"";   nodeid: ""\240\000\000\000\000\000\000\000\000\000\000\000\000\000\000\000\000\000\000\000\000\000\000\000\000\000\000\000\000\000\000\000\001""; }; ","ledgerHash: ""u\315\243\367\211\2625\240r:n\277\003\026\366\353'\216jy9\\001\220\223~\341j\254O\025\257""; ledgerSeq: 0; type: liTS_CANDIDATE; nodes {;   nodedata: ""\022\000\000""\000\000\000\000$\000\000\000\001 \033\000\000\000\027a@\000\000\027H\206*@h@\000\000\000\000\000\000\ns!\0030\347\374\235V\273%\326\211;\243\363\027\256[\3173\263)\033\326=\263&T\243\023""/\177\320 tF0D\002 0\023\341\332; \2711\245\020\321\3300\345\267-)\230\177\246\236AQ\327\203\207H\226+\000%\336\002 \024\036\211\237\201t\376\272E\270\230\020\334\014\356g\273\025((\376\266\216@ \254^2T\233\013\034\201\024\265\367by\212S\325C\240\024\312\370\262\227\317\370\362\3717\350\203\024E0\246\210\344\325\345r\024T\251\006P\255\352\333\372\351\337\302\000"";   nodeid: ""\240\000\000\000\000\000\000\000\000\000\000\000\000\000\000\000\000\000\000\000\000\000\000\000\000\000\000\000\000\000\000\000\001""; }; "
1750587271070,1750587271070,1743,1,2,4,TMLedgerData,"ledgerHash: ""8h\232\211g)\354\005\246\256XI\265J\214\312}\261\211y\355]\0228j\360\0224\003\021%\014""; ledgerSeq: 0; type: liTS_CANDIDATE; nodes {;   nodedata: ""\222c\273c4\225\334\221\227u?\025\314=\305/\262\367\217\375\027j\323\304\372\312Fv\2716\001\355\t\246C\232\272\013^\241\340~\030'\005/\234\037\355\231\230\017\266\365\303w\360\273\374\234\362S:\270\023\n\270\212\275\306\204\271\274\361K|t\323\346\2174\324\362\014S]\301\325\344rY\277\343\351\364\374\023\263\013\003"";   nodeid: ""\000\000\000\000\000\000\000\000\000\000\000\000\000\000\000\000\000\000\000\000\000\000\000\000\000\000\000\000\000\000\000\000\000""; }; ","ledgerHash: ""8h\232\211g)\354\005\246\256XI\265J\214\312}\261\211y\355]\0228j\360\0224\003\021%\014""; ledgerSeq: 0; type: liTS_CANDIDATE; nodes {;   nodedata: ""\222c\273c4\225\334\221\227u?\025\314=\305/\262\367\217\375\027j\323\304\372\312Fv\2716\001\355\t\246C\232\272\013^\241\340~\030'\005/\234\037\355\231\230\017\266\365\303w\360\273\374\234\362S:\270\023\n\270\212\275\306\204\271\274\361K|t\323\346\2174\324\362\014S]\301\325\344rY\277\343\351\364\374\023\263\013\003"";   nodeid: ""\000\000\000\000\000\000\000\000\000\000\000\000\000\000\000\000\000\000\000\000\000\000\000\000\000\000\000\000\000\000\000\000\000""; }; "
1750587271072,1750587271072,486,1,4,0,TMLedgerData,"ledgerHash: ""8h\232\211g)\354\005\246\256XI\265J\214\312}\261\211y\355]\0228j\360\0224\003\021%\014""; ledgerSeq: 0; type: liTS_CANDIDATE; nodes {;   nodedata: ""\222c\273c4\225\334\221\227u?\025\314=\305/\262\367\217\375\027j\323\304\372\312Fv\2716\001\355\t\246C\232\272\013^\241\340~\030'\005/\234\037\355\231\230\017\266\365\303w\360\273\374\234\362S:\270\023\n\270\212\275\306\204\271\274\361K|t\323\346\2174\324\362\014S]\301\325\344rY\277\343\351\364\374\023\263\013\003"";   nodeid: ""\000\000\000\000\000\000\000\000\000\000\000\000\000\000\000\000\000\000\000\000\000\000\000\000\000\000\000\000\000\000\000\000\000""; }; ","ledgerHash: ""8h\232\211g)\354\005\246\256XI\265J\214\312}\261\211y\355]\0228j\360\0224\003\021%\014""; ledgerSeq: 0; type: liTS_CANDIDATE; nodes {;   nodedata: ""\222c\273c4\225\334\221\227u?\025\314=\305/\262\367\217\375\027j\323\304\372\312Fv\2716\001\355\t\246C\232\272\013^\241\340~\030'\005/\234\037\355\231\230\017\266\365\303w\360\273\374\234\362S:\270\023\n\270\212\275\306\204\271\274\361K|t\323\346\2174\324\362\014S]\301\325\344rY\277\343\351\364\374\023\263\013\003"";   nodeid: ""\000\000\000\000\000\000\000\000\000\000\000\000\000\000\000\000\000\000\000\000\000\000\000\000\000\000\000\000\000\000\000\000\000""; }; "
1750587271080,1750587271080,557,1,4,1,TMGetLedger,"itype: liTS_CANDIDATE; ledgerHash: ""u\315\243\367\211\2625\240r:n\277\003\026\366\353'\216jy9\\001\220\223~\341j\254O\025\257""; nodeIDs: ""\240\000\000\000\000\000\000\000\000\000\000\000\000\000\000\000\000\000\000\000\000\000\000\000\000\000\000\000\000\000\000\000\001""; requestCookie: 1; queryType: qtINDIRECT; ","itype: liTS_CANDIDATE; ledgerHash: ""u\315\243\367\211\2625\240r:n\277\003\026\366\353'\216jy9\\001\220\223~\341j\254O\025\257""; nodeIDs: ""\240\000\000\000\000\000\000\000\000\000\000\000\000\000\000\000\000\000\000\000\000\000\000\000\000\000\000\000\000\000\000\000\001""; requestCookie: 1; queryType: qtINDIRECT; "
1750587271095,1750587271095,1036,1,2,4,TMValidation,"validation: """"\200\000\000\001&\000\000\000\005)/\352\224\005:?HT\314/\177\320^Q\372\373$P*|\321\342\002\026\n\3215\340\3203\200x\327D\301]5\237\247Yz\3711!L\214P\027\000\000\000\000\000\000\000\000\000\000\000\000\000\000\000\000\000\000\000\000\000\000\000\000\000\000\000\000\000\000\000\000P\031\241'\332/+\360Bx\036+\210j\237K%\340]\246E\2434\264K\036\030qP\317\315\336\325\007s!\003\343\005\311u\203\370\0338\3174\324\010\006\301\251\177\261\304eOX\262)FA-\022r\263wm\024vF0D\002 \037~\254\023\324\025\t\305\2530m\021\365\303\024~.m)OB\257\307\270\336Y\342|\234h\335?\002 N\340\231\3254c\320\204\365`\315\030n\261\r\366\200\027>\314\223\033H[V\203\246\262\330\312GU""; ","validation: """"\200\000\000\001&\000\000\000\005)/\352\224\005:?HT\314/\177\320^Q\372\373$P*|\321\342\002\026\n\3215\340\3203\200x\327D\301]5\237\247Yz\3711!L\214P\027\000\000\000\000\000\000\000\000\000\000\000\000\000\000\000\000\000\000\000\000\000\000\000\000\000\000\000\000\000\000\000\000P\031\241'\332/+\360Bx\036+\210j\237K%\340]\246E\2434\264K\036\030qP\317\315\336\325\007s!\003\343\005\311u\203\370\0338\3174\324\010\006\301\251\177\261\304eOX\262)FA-\022r\263wm\024vF0D\002 \037~\254\023\324\025\t\305\2530m\021\365\303\024~.m)OB\257\307\270\336Y\342|\234h\335?\002 N\340\231\3254c\320\204\365`\315\030n\261\r\366\200\027>\314\223\033H[V\203\246\262\330\312GU""; "
1750587271096,1750587271096,3488,1,2,0,TMValidation,"validation: """"\200\000\000\001&\000\000\000\005)/\352\224\005:?HT\314/\177\320^Q\372\373$P*|\321\342\002\026\n\3215\340\3203\200x\327D\301]5\237\247Yz\3711!L\214P\027\000\000\000\000\000\000\000\000\000\000\000\000\000\000\000\000\000\000\000\000\000\000\000\000\000\000\000\000\000\000\000\000P\031\241'\332/+\360Bx\036+\210j\237K%\340]\246E\2434\264K\036\030qP\317\315\336\325\007s!\003\343\005\311u\203\370\0338\3174\324\010\006\301\251\177\261\304eOX\262)FA-\022r\263wm\024vF0D\002 \037~\254\023\324\025\t\305\2530m\021\365\303\024~.m)OB\257\307\270\336Y\342|\234h\335?\002 N\340\231\3254c\320\204\365`\315\030n\261\r\366\200\027>\314\223\033H[V\203\246\262\330\312GU""; ","validation: """"\200\000\000\001&\000\000\000\005)/\352\224\005:?HT\314/\177\320^Q\372\373$P*|\321\342\002\026\n\3215\340\3203\200x\327D\301]5\237\247Yz\3711!L\214P\027\000\000\000\000\000\000\000\000\000\000\000\000\000\000\000\000\000\000\000\000\000\000\000\000\000\000\000\000\000\000\000\000P\031\241'\332/+\360Bx\036+\210j\237K%\340]\246E\2434\264K\036\030qP\317\315\336\325\007s!\003\343\005\311u\203\370\0338\3174\324\010\006\301\251\177\261\304eOX\262)FA-\022r\263wm\024vF0D\002 \037~\254\023\324\025\t\305\2530m\021\365\303\024~.m)OB\257\307\270\336Y\342|\234h\335?\002 N\340\231\3254c\320\204\365`\315\030n\261\r\366\200\027>\314\223\033H[V\203\246\262\330\312GU""; "
1750587271096,1750587271096,3989,1,2,3,TMValidation,"validation: """"\200\000\000\001&\000\000\000\005)/\352\224\005:?HT\314/\177\320^Q\372\373$P*|\321\342\002\026\n\3215\340\3203\200x\327D\301]5\237\247Yz\3711!L\214P\027\000\000\000\000\000\000\000\000\000\000\000\000\000\000\000\000\000\000\000\000\000\000\000\000\000\000\000\000\000\000\000\000P\031\241'\332/+\360Bx\036+\210j\237K%\340]\246E\2434\264K\036\030qP\317\315\336\325\007s!\003\343\005\311u\203\370\0338\3174\324\010\006\301\251\177\261\304eOX\262)FA-\022r\263wm\024vF0D\002 \037~\254\023\324\025\t\305\2530m\021\365\303\024~.m)OB\257\307\270\336Y\342|\234h\335?\002 N\340\231\3254c\320\204\365`\315\030n\261\r\366\200\027>\314\223\033H[V\203\246\262\330\312GU""; ","validation: """"\200\000\000\001&\000\000\000\005)/\352\224\005:?HT\314/\177\320^Q\372\373$P*|\321\342\002\026\n\3215\340\3203\200x\327D\301]5\237\247Yz\3711!L\214P\027\000\000\000\000\000\000\000\000\000\000\000\000\000\000\000\000\000\000\000\000\000\000\000\000\000\000\000\000\000\000\000\000P\031\241'\332/+\360Bx\036+\210j\237K%\340]\246E\2434\264K\036\030qP\317\315\336\325\007s!\003\343\005\311u\203\370\0338\3174\324\010\006\301\251\177\261\304eOX\262)FA-\022r\263wm\024vF0D\002 \037~\254\023\324\025\t\305\2530m\021\365\303\024~.m)OB\257\307\270\336Y\342|\234h\335?\002 N\340\231\3254c\320\204\365`\315\030n\261\r\366\200\027>\314\223\033H[V\203\246\262\330\312GU""; "
1750587271105,1750587271105,393,1,0,1,TMGetLedger,"itype: liTS_CANDIDATE; ledgerHash: ""8h\232\211g)\354\005\246\256XI\265J\214\312}\261\211y\355]\0228j\360\0224\003\021%\014""; nodeIDs: ""\240\000\000\000\000\000\000\000\000\000\000\000\000\000\000\000\000\000\000\000\000\000\000\000\000\000\000\000\000\000\000\000\001""; queryType: qtINDIRECT; ","itype: liTS_CANDIDATE; ledgerHash: ""8h\232\211g)\354\005\246\256XI\265J\214\312}\261\211y\355]\0228j\360\0224\003\021%\014""; nodeIDs: ""\240\000\000\000\000\000\000\000\000\000\000\000\000\000\000\000\000\000\000\000\000\000\000\000\000\000\000\000\000\000\000\000\001""; queryType: qtINDIRECT; "
1750587271106,1750587271106,1466,1,0,4,TMGetLedger,"itype: liTS_CANDIDATE; ledgerHash: ""8h\232\211g)\354\005\246\256XI\265J\214\312}\261\211y\355]\0228j\360\0224\003\021%\014""; nodeIDs: ""\240\000\000\000\000\000\000\000\000\000\000\000\000\000\000\000\000\000\000\000\000\000\000\000\000\000\000\000\000\000\000\000\001""; queryType: qtINDIRECT; ","itype: liTS_CANDIDATE; ledgerHash: ""8h\232\211g)\354\005\246\256XI\265J\214\312}\261\211y\355]\0228j\360\0224\003\021%\014""; nodeIDs: ""\240\000\000\000\000\000\000\000\000\000\000\000\000\000\000\000\000\000\000\000\000\000\000\000\000\000\000\000\000\000\000\000\001""; queryType: qtINDIRECT; "
1750587271106,1750587271106,1764,1,0,3,TMGetLedger,"itype: liTS_CANDIDATE; ledgerHash: ""8h\232\211g)\354\005\246\256XI\265J\214\312}\261\211y\355]\0228j\360\0224\003\021%\014""; nodeIDs: ""\240\000\000\000\000\000\000\000\000\000\000\000\000\000\000\000\000\000\000\000\000\000\000\000\000\000\000\000\000\000\000\000\001""; queryType: qtINDIRECT; ","itype: liTS_CANDIDATE; ledgerHash: ""8h\232\211g)\354\005\246\256XI\265J\214\312}\261\211y\355]\0228j\360\0224\003\021%\014""; nodeIDs: ""\240\000\000\000\000\000\000\000\000\000\000\000\000\000\000\000\000\000\000\000\000\000\000\000\000\000\000\000\000\000\000\000\001""; queryType: qtINDIRECT; "
1750587271106,1750587271106,486,1,4,0,TMLedgerData,"ledgerHash: ""u\315\243\367\211\2625\240r:n\277\003\026\366\353'\216jy9\\001\220\223~\341j\254O\025\257""; ledgerSeq: 0; type: liTS_CANDIDATE; nodes {;   nodedata: ""\246C\232\272\013^\241\340~\030'\005/\234\037\355\231\230\017\266\365\303w\360\273\374\234\362S:\270\023\n\003"";   nodeid: ""\000\000\000\000\000\000\000\000\000\000\000\000\000\000\000\000\000\000\000\000\000\000\000\000\000\000\000\000\000\000\000\000\000""; }; ","ledgerHash: ""u\315\243\367\211\2625\240r:n\277\003\026\366\353'\216jy9\\001\220\223~\341j\254O\025\257""; ledgerSeq: 0; type: liTS_CANDIDATE; nodes {;   nodedata: ""\246C\232\272\013^\241\340~\030'\005/\234\037\355\231\230\017\266\365\303w\360\273\374\234\362S:\270\023\n\003"";   nodeid: ""\000\000\000\000\000\000\000\000\000\000\000\000\000\000\000\000\000\000\000\000\000\000\000\000\000\000\000\000\000\000\000\000\000""; }; "
1750587271107,1750587271107,3414,1,0,2,TMGetLedger,"itype: liTS_CANDIDATE; ledgerHash: ""8h\232\211g)\354\005\246\256XI\265J\214\312}\261\211y\355]\0228j\360\0224\003\021%\014""; nodeIDs: ""\240\000\000\000\000\000\000\000\000\000\000\000\000\000\000\000\000\000\000\000\000\000\000\000\000\000\000\000\000\000\000\000\001""; queryType: qtINDIRECT; ","itype: liTS_CANDIDATE; ledgerHash: ""8h\232\211g)\354\005\246\256XI\265J\214\312}\261\211y\355]\0228j\360\0224\003\021%\014""; nodeIDs: ""\240\000\000\000\000\000\000\000\000\000\000\000\000\000\000\000\000\000\000\000\000\000\000\000\000\000\000\000\000\000\000\000\001""; queryType: qtINDIRECT; "
1750587271113,1750587271113,393,1,0,1,TMGetLedger,"itype: liTS_CANDIDATE; ledgerHash: ""u\315\243\367\211\2625\240r:n\277\003\026\366\353'\216jy9\\001\220\223~\341j\254O\025\257""; nodeIDs: ""\240\000\000\000\000\000\000\000\000\000\000\000\000\000\000\000\000\000\000\000\000\000\000\000\000\000\000\000\000\000\000\000\001""; queryType: qtINDIRECT; ","itype: liTS_CANDIDATE; ledgerHash: ""u\315\243\367\211\2625\240r:n\277\003\026\366\353'\216jy9\\001\220\223~\341j\254O\025\257""; nodeIDs: ""\240\000\000\000\000\000\000\000\000\000\000\000\000\000\000\000\000\000\000\000\000\000\000\000\000\000\000\000\000\000\000\000\001""; queryType: qtINDIRECT; "
1750587271114,1750587271114,1764,1,0,3,TMGetLedger,"itype: liTS_CANDIDATE; ledgerHash: ""u\315\243\367\211\2625\240r:n\277\003\026\366\353'\216jy9\\001\220\223~\341j\254O\025\257""; nodeIDs: ""\240\000\000\000\000\000\000\000\000\000\000\000\000\000\000\000\000\000\000\000\000\000\000\000\000\000\000\000\000\000\000\000\001""; queryType: qtINDIRECT; ","itype: liTS_CANDIDATE; ledgerHash: ""u\315\243\367\211\2625\240r:n\277\003\026\366\353'\216jy9\\001\220\223~\341j\254O\025\257""; nodeIDs: ""\240\000\000\000\000\000\000\000\000\000\000\000\000\000\000\000\000\000\000\000\000\000\000\000\000\000\000\000\000\000\000\000\001""; queryType: qtINDIRECT; "
1750587271114,1750587271114,3414,1,0,2,TMGetLedger,"itype: liTS_CANDIDATE; ledgerHash: ""u\315\243\367\211\2625\240r:n\277\003\026\366\353'\216jy9\\001\220\223~\341j\254O\025\257""; nodeIDs: ""\240\000\000\000\000\000\000\000\000\000\000\000\000\000\000\000\000\000\000\000\000\000\000\000\000\000\000\000\000\000\000\000\001""; queryType: qtINDIRECT; ","itype: liTS_CANDIDATE; ledgerHash: ""u\315\243\367\211\2625\240r:n\277\003\026\366\353'\216jy9\\001\220\223~\341j\254O\025\257""; nodeIDs: ""\240\000\000\000\000\000\000\000\000\000\000\000\000\000\000\000\000\000\000\000\000\000\000\000\000\000\000\000\000\000\000\000\001""; queryType: qtINDIRECT; "
1750587271119,1750587271119,2472,1,1,2,TMLedgerData,"ledgerHash: ""u\315\243\367\211\2625\240r:n\277\003\026\366\353'\216jy9\\001\220\223~\341j\254O\025\257""; ledgerSeq: 0; type: liTS_CANDIDATE; nodes {;   nodedata: ""\246C\232\272\013^\241\340~\030'\005/\234\037\355\231\230\017\266\365\303w\360\273\374\234\362S:\270\023\n\003"";   nodeid: ""\000\000\000\000\000\000\000\000\000\000\000\000\000\000\000\000\000\000\000\000\000\000\000\000\000\000\000\000\000\000\000\000\000""; }; requestCookie: 2; ","ledgerHash: ""u\315\243\367\211\2625\240r:n\277\003\026\366\353'\216jy9\\001\220\223~\341j\254O\025\257""; ledgerSeq: 0; type: liTS_CANDIDATE; nodes {;   nodedata: ""\246C\232\272\013^\241\340~\030'\005/\234\037\355\231\230\017\266\365\303w\360\273\374\234\362S:\270\023\n\003"";   nodeid: ""\000\000\000\000\000\000\000\000\000\000\000\000\000\000\000\000\000\000\000\000\000\000\000\000\000\000\000\000\000\000\000\000\000""; }; requestCookie: 2; "
1750587271124,1750587271124,557,1,4,1,TMGetLedger,"itype: liTS_CANDIDATE; ledgerHash: ""u\315\243\367\211\2625\240r:n\277\003\026\366\353'\216jy9\\001\220\223~\341j\254O\025\257""; nodeIDs: ""\000\000\000\000\000\000\000\000\000\000\000\000\000\000\000\000\000\000\000\000\000\000\000\000\000\000\000\000\000\000\000\000\000""; requestCookie: 4; queryType: qtINDIRECT; queryDepth: 3; ","itype: liTS_CANDIDATE; ledgerHash: ""u\315\243\367\211\2625\240r:n\277\003\026\366\353'\216jy9\\001\220\223~\341j\254O\025\257""; nodeIDs: ""\000\000\000\000\000\000\000\000\000\000\000\000\000\000\000\000\000\000\000\000\000\000\000\000\000\000\000\000\000\000\000\000\000""; requestCookie: 4; queryType: qtINDIRECT; queryDepth: 3; "
1750587271135,1750587271135,2565,1,3,0,TMLedgerData,"ledgerHash: ""8h\232\211g)\354\005\246\256XI\265J\214\312}\261\211y\355]\0228j\360\0224\003\021%\014""; ledgerSeq: 0; type: liTS_CANDIDATE; nodes {;   nodedata: ""\222c\273c4\225\334\221\227u?\025\314=\305/\262\367\217\375\027j\323\304\372\312Fv\2716\001\355\t\246C\232\272\013^\241\340~\030'\005/\234\037\355\231\230\017\266\365\303w\360\273\374\234\362S:\270\023\n\270\212\275\306\204\271\274\361K|t\323\346\2174\324\362\014S]\301\325\344rY\277\343\351\364\374\023\263\013\003"";   nodeid: ""\000\000\000\000\000\000\000\000\000\000\000\000\000\000\000\000\000\000\000\000\000\000\000\000\000\000\000\000\000\000\000\000\000""; }; ","ledgerHash: ""8h\232\211g)\354\005\246\256XI\265J\214\312}\261\211y\355]\0228j\360\0224\003\021%\014""; ledgerSeq: 0; type: liTS_CANDIDATE; nodes {;   nodedata: ""\222c\273c4\225\334\221\227u?\025\314=\305/\262\367\217\375\027j\323\304\372\312Fv\2716\001\355\t\246C\232\272\013^\241\340~\030'\005/\234\037\355\231\230\017\266\365\303w\360\273\374\234\362S:\270\023\n\270\212\275\306\204\271\274\361K|t\323\346\2174\324\362\014S]\301\325\344rY\277\343\351\364\374\023\263\013\003"";   nodeid: ""\000\000\000\000\000\000\000\000\000\000\000\000\000\000\000\000\000\000\000\000\000\000\000\000\000\000\000\000\000\000\000\000\000""; }; "
1750587271135,1750587271135,2565,1,3,0,TMLedgerData,"ledgerHash: ""u\315\243\367\211\2625\240r:n\277\003\026\366\353'\216jy9\\001\220\223~\341j\254O\025\257""; ledgerSeq: 0; type: liTS_CANDIDATE; nodes {;   nodedata: ""\022\000\000""\000\000\000\000$\000\000\000\001 \033\000\000\000\027a@\000\000\027H\206*@h@\000\000\000\000\000\000\ns!\0030\347\374\235V\273%\326\211;\243\363\027\256[\3173\263)\033\326=\263&T\243\023""/\177\320 tF0D\002 0\023\341\332; \2711\245\020\321\3300\345\267-)\230\177\246\236AQ\327\203\207H\226+\000%\336\002 \024\036\211\237\201t\376\272E\270\230\020\334\014\356g\273\025((\376\266\216@ \254^2T\233\013\034\201\024\265\367by\212S\325C\240\024\312\370\262\227\317\370\362\3717\350\203\024E0\246\210\344\325\345r\024T\251\006P\255\352\333\372\351\337\302\000"";   nodeid: ""\240\000\000\000\000\000\000\000\000\000\000\000\000\000\000\000\000\000\000\000\000\000\000\000\000\000\000\000\000\000\000\000\001""; }; ","ledgerHash: ""u\315\243\367\211\2625\240r:n\277\003\026\366\353'\216jy9\\001\220\223~\341j\254O\025\257""; ledgerSeq: 0; type: liTS_CANDIDATE; nodes {;   nodedata: ""\022\000\000""\000\000\000\000$\000\000\000\001 \033\000\000\000\027a@\000\000\027H\206*@h@\000\000\000\000\000\000\ns!\0030\347\374\235V\273%\326\211;\243\363\027\256[\3173\263)\033\326=\263&T\243\023""/\177\320 tF0D\002 0\023\341\332; \2711\245\020\321\3300\345\267-)\230\177\246\236AQ\327\203\207H\226+\000%\336\002 \024\036\211\237\201t\376\272E\270\230\020\334\014\356g\273\025((\376\266\216@ \254^2T\233\013\034\201\024\265\367by\212S\325C\240\024\312\370\262\227\317\370\362\3717\350\203\024E0\246\210\344\325\345r\024T\251\006P\255\352\333\372\351\337\302\000"";   nodeid: ""\240\000\000\000\000\000\000\000\000\000\000\000\000\000\000\000\000\000\000\000\000\000\000\000\000\000\000\000\000\000\000\000\001""; }; "
1750587271139,1750587271139,2715,1,1,4,TMLedgerData,"ledgerHash: ""u\315\243\367\211\2625\240r:n\277\003\026\366\353'\216jy9\\001\220\223~\341j\254O\025\257""; ledgerSeq: 0; type: liTS_CANDIDATE; nodes {;   nodedata: ""\022\000\000""\000\000\000\000$\000\000\000\001 \033\000\000\000\027a@\000\000\027H\206*@h@\000\000\000\000\000\000\ns!\0030\347\374\235V\273%\326\211;\243\363\027\256[\3173\263)\033\326=\263&T\243\023""/\177\320 tF0D\002 0\023\341\332; \2711\245\020\321\3300\345\267-)\230\177\246\236AQ\327\203\207H\226+\000%\336\002 \024\036\211\237\201t\376\272E\270\230\020\334\014\356g\273\025((\376\266\216@ \254^2T\233\013\034\201\024\265\367by\212S\325C\240\024\312\370\262\227\317\370\362\3717\350\203\024E0\246\210\344\325\345r\024T\251\006P\255\352\333\372\351\337\302\000"";   nodeid: ""\240\000\000\000\000\000\000\000\000\000\000\000\000\000\000\000\000\000\000\000\000\000\000\000\000\000\000\000\000\000\000\000\001""; }; requestCookie: 1; ","ledgerHash: ""u\315\243\367\211\2625\240r:n\277\003\026\366\353'\216jy9\\001\220\223~\341j\254O\025\257""; ledgerSeq: 0; type: liTS_CANDIDATE; nodes {;   nodedata: ""\022\000\000""\000\000\000\000$\000\000\000\001 \033\000\000\000\027a@\000\000\027H\206*@h@\000\000\000\000\000\000\ns!\0030\347\374\235V\273%\326\211;\243\363\027\256[\3173\263)\033\326=\263&T\243\023""/\177\320 tF0D\002 0\023\341\332; \2711\245\020\321\3300\345\267-)\230\177\246\236AQ\327\203\207H\226+\000%\336\002 \024\036\211\237\201t\376\272E\270\230\020\334\014\356g\273\025((\376\266\216@ \254^2T\233\013\034\201\024\265\367by\212S\325C\240\024\312\370\262\227\317\370\362\3717\350\203\024E0\246\210\344\325\345r\024T\251\006P\255\352\333\372\351\337\302\000"";   nodeid: ""\240\000\000\000\000\000\000\000\000\000\000\000\000\000\000\000\000\000\000\000\000\000\000\000\000\000\000\000\000\000\000\000\001""; }; requestCookie: 1; "
1750587271146,1750587271146,1466,1,0,4,TMGetLedger,"itype: liTS_CANDIDATE; ledgerHash: ""u\315\243\367\211\2625\240r:n\277\003\026\366\353'\216jy9\\001\220\223~\341j\254O\025\257""; nodeIDs: ""\240\000\000\000\000\000\000\000\000\000\000\000\000\000\000\000\000\000\000\000\000\000\000\000\000\000\000\000\000\000\000\000\001""; queryType: qtINDIRECT; ","itype: liTS_CANDIDATE; ledgerHash: ""u\315\243\367\211\2625\240r:n\277\003\026\366\353'\216jy9\\001\220\223~\341j\254O\025\257""; nodeIDs: ""\240\000\000\000\000\000\000\000\000\000\000\000\000\000\000\000\000\000\000\000\000\000\000\000\000\000\000\000\000\000\000\000\001""; queryType: qtINDIRECT; "
1750587271149,1750587271149,1399,1,1,3,TMLedgerData,"ledgerHash: ""u\315\243\367\211\2625\240r:n\277\003\026\366\353'\216jy9\\001\220\223~\341j\254O\025\257""; ledgerSeq: 0; type: liTS_CANDIDATE; nodes {;   nodedata: ""\246C\232\272\013^\241\340~\030'\005/\234\037\355\231\230\017\266\365\303w\360\273\374\234\362S:\270\023\n\003"";   nodeid: ""\000\000\000\000\000\000\000\000\000\000\000\000\000\000\000\000\000\000\000\000\000\000\000\000\000\000\000\000\000\000\000\000\000""; }; ","ledgerHash: ""u\315\243\367\211\2625\240r:n\277\003\026\366\353'\216jy9\\001\220\223~\341j\254O\025\257""; ledgerSeq: 0; type: liTS_CANDIDATE; nodes {;   nodedata: ""\246C\232\272\013^\241\340~\030'\005/\234\037\355\231\230\017\266\365\303w\360\273\374\234\362S:\270\023\n\003"";   nodeid: ""\000\000\000\000\000\000\000\000\000\000\000\000\000\000\000\000\000\000\000\000\000\000\000\000\000\000\000\000\000\000\000\000\000""; }; "
1750587271163,1750587271163,1102,1,2,3,TMLedgerData,"ledgerHash: ""u\315\243\367\211\2625\240r:n\277\003\026\366\353'\216jy9\\001\220\223~\341j\254O\025\257""; ledgerSeq: 0; type: liTS_CANDIDATE; nodes {;   nodedata: ""\246C\232\272\013^\241\340~\030'\005/\234\037\355\231\230\017\266\365\303w\360\273\374\234\362S:\270\023\n\003"";   nodeid: ""\000\000\000\000\000\000\000\000\000\000\000\000\000\000\000\000\000\000\000\000\000\000\000\000\000\000\000\000\000\000\000\000\000""; }; ","ledgerHash: ""u\315\243\367\211\2625\240r:n\277\003\026\366\353'\216jy9\\001\220\223~\341j\254O\025\257""; ledgerSeq: 0; type: liTS_CANDIDATE; nodes {;   nodedata: ""\246C\232\272\013^\241\340~\030'\005/\234\037\355\231\230\017\266\365\303w\360\273\374\234\362S:\270\023\n\003"";   nodeid: ""\000\000\000\000\000\000\000\000\000\000\000\000\000\000\000\000\000\000\000\000\000\000\000\000\000\000\000\000\000\000\000\000\000""; }; "
1750587271164,1750587271164,393,1,0,1,TMGetLedger,"itype: liTS_CANDIDATE; ledgerHash: ""u\315\243\367\211\2625\240r:n\277\003\026\366\353'\216jy9\\001\220\223~\341j\254O\025\257""; nodeIDs: ""\240\000\000\000\000\000\000\000\000\000\000\000\000\000\000\000\000\000\000\000\000\000\000\000\000\000\000\000\000\000\000\000\001""; queryType: qtINDIRECT; ","itype: liTS_CANDIDATE; ledgerHash: ""u\315\243\367\211\2625\240r:n\277\003\026\366\353'\216jy9\\001\220\223~\341j\254O\025\257""; nodeIDs: ""\240\000\000\000\000\000\000\000\000\000\000\000\000\000\000\000\000\000\000\000\000\000\000\000\000\000\000\000\000\000\000\000\001""; queryType: qtINDIRECT; "
1750587271183,1750587271184,2715,1,1,4,TMLedgerData,"ledgerHash: ""u\315\243\367\211\2625\240r:n\277\003\026\366\353'\216jy9\\001\220\223~\341j\254O\025\257""; ledgerSeq: 0; type: liTS_CANDIDATE; nodes {;   nodedata: ""\246C\232\272\013^\241\340~\030'\005/\234\037\355\231\230\017\266\365\303w\360\273\374\234\362S:\270\023\n\003"";   nodeid: ""\000\000\000\000\000\000\000\000\000\000\000\000\000\000\000\000\000\000\000\000\000\000\000\000\000\000\000\000\000\000\000\000\000""; }; requestCookie: 4; ","ledgerHash: ""u\315\243\367\211\2625\240r:n\277\003\026\366\353'\216jy9\\001\220\223~\341j\254O\025\257""; ledgerSeq: 0; type: liTS_CANDIDATE; nodes {;   nodedata: ""\246C\232\272\013^\241\340~\030'\005/\234\037\355\231\230\017\266\365\303w\360\273\374\234\362S:\270\023\n\003"";   nodeid: ""\000\000\000\000\000\000\000\000\000\000\000\000\000\000\000\000\000\000\000\000\000\000\000\000\000\000\000\000\000\000\000\000\000""; }; requestCookie: 4; "
1750587271193,1750587271193,3487,1,0,3,TMLedgerData,"ledgerHash: ""u\315\243\367\211\2625\240r:n\277\003\026\366\353'\216jy9\\001\220\223~\341j\254O\025\257""; ledgerSeq: 0; type: liTS_CANDIDATE; nodes {;   nodedata: ""\246C\232\272\013^\241\340~\030'\005/\234\037\355\231\230\017\266\365\303w\360\273\374\234\362S:\270\023\n\003"";   nodeid: ""\000\000\000\000\000\000\000\000\000\000\000\000\000\000\000\000\000\000\000\000\000\000\000\000\000\000\000\000\000\000\000\000\000""; }; ","ledgerHash: ""u\315\243\367\211\2625\240r:n\277\003\026\366\353'\216jy9\\001\220\223~\341j\254O\025\257""; ledgerSeq: 0; type: liTS_CANDIDATE; nodes {;   nodedata: ""\246C\232\272\013^\241\340~\030'\005/\234\037\355\231\230\017\266\365\303w\360\273\374\234\362S:\270\023\n\003"";   nodeid: ""\000\000\000\000\000\000\000\000\000\000\000\000\000\000\000\000\000\000\000\000\000\000\000\000\000\000\000\000\000\000\000\000\000""; }; "
1750587271251,1750587271251,2655,1,1,0,TMLedgerData,"ledgerHash: ""8h\232\211g)\354\005\246\256XI\265J\214\312}\261\211y\355]\0228j\360\0224\003\021%\014""; ledgerSeq: 0; type: liTS_CANDIDATE; nodes {;   nodedata: ""\022\000\000""\000\000\000\000$\000\000\000\001 \033\000\000\000\027a@\000\000\027H\206*@h@\000\000\000\000\000\000\ns!\0030\347\374\235V\273%\326\211;\243\363\027\256[\3173\263)\033\326=\263&T\243\023""/\177\320 tF0D\002 0\023\341\332; \2711\245\020\321\3300\345\267-)\230\177\246\236AQ\327\203\207H\226+\000%\336\002 \024\036\211\237\201t\376\272E\270\230\020\334\014\356g\273\025((\376\266\216@ \254^2T\233\013\034\201\024\265\367by\212S\325C\240\024\312\370\262\227\317\370\362\3717\350\203\024E0\246\210\344\325\345r\024T\251\006P\255\352\333\372\351\337\302\000"";   nodeid: ""\240\000\000\000\000\000\000\000\000\000\000\000\000\000\000\000\000\000\000\000\000\000\000\000\000\000\000\000\000\000\000\000\001""; }; ","ledgerHash: ""8h\232\211g)\354\005\246\256XI\265J\214\312}\261\211y\355]\0228j\360\0224\003\021%\014""; ledgerSeq: 0; type: liTS_CANDIDATE; nodes {;   nodedata: ""\022\000\000""\000\000\000\000$\000\000\000\001 \033\000\000\000\027a@\000\000\027H\206*@h@\000\000\000\000\000\000\ns!\0030\347\374\235V\273%\326\211;\243\363\027\256[\3173\263)\033\326=\263&T\243\023""/\177\320 tF0D\002 0\023\341\332; \2711\245\020\321\3300\345\267-)\230\177\246\236AQ\327\203\207H\226+\000%\336\002 \024\036\211\237\201t\376\272E\270\230\020\334\014\356g\273\025((\376\266\216@ \254^2T\233\013\034\201\024\265\367by\212S\325C\240\024\312\370\262\227\317\370\362\3717\350\203\024E0\246\210\344\325\345r\024T\251\006P\255\352\333\372\351\337\302\000"";   nodeid: ""\240\000\000\000\000\000\000\000\000\000\000\000\000\000\000\000\000\000\000\000\000\000\000\000\000\000\000\000\000\000\000\000\001""; }; "
1750587271259,1750587271259,2655,1,1,0,TMLedgerData,"ledgerHash: ""u\315\243\367\211\2625\240r:n\277\003\026\366\353'\216jy9\\001\220\223~\341j\254O\025\257""; ledgerSeq: 0; type: liTS_CANDIDATE; nodes {;   nodedata: ""\022\000\000""\000\000\000\000$\000\000\000\001 \033\000\000\000\027a@\000\000\027H\206*@h@\000\000\000\000\000\000\ns!\0030\347\374\235V\273%\326\211;\243\363\027\256[\3173\263)\033\326=\263&T\243\023""/\177\320 tF0D\002 0\023\341\332; \2711\245\020\321\3300\345\267-)\230\177\246\236AQ\327\203\207H\226+\000%\336\002 \024\036\211\237\201t\376\272E\270\230\020\334\014\356g\273\025((\376\266\216@ \254^2T\233\013\034\201\024\265\367by\212S\325C\240\024\312\370\262\227\317\370\362\3717\350\203\024E0\246\210\344\325\345r\024T\251\006P\255\352\333\372\351\337\302\000"";   nodeid: ""\240\000\000\000\000\000\000\000\000\000\000\000\000\000\000\000\000\000\000\000\000\000\000\000\000\000\000\000\000\000\000\000\001""; }; ","ledgerHash: ""u\315\243\367\211\2625\240r:n\277\003\026\366\353'\216jy9\\001\220\223~\341j\254O\025\257""; ledgerSeq: 0; type: liTS_CANDIDATE; nodes {;   nodedata: ""\022\000\000""\000\000\000\000$\000\000\000\001 \033\000\000\000\027a@\000\000\027H\206*@h@\000\000\000\000\000\000\ns!\0030\347\374\235V\273%\326\211;\243\363\027\256[\3173\263)\033\326=\263&T\243\023""/\177\320 tF0D\002 0\023\341\332; \2711\245\020\321\3300\345\267-)\230\177\246\236AQ\327\203\207H\226+\000%\336\002 \024\036\211\237\201t\376\272E\270\230\020\334\014\356g\273\025((\376\266\216@ \254^2T\233\013\034\201\024\265\367by\212S\325C\240\024\312\370\262\227\317\370\362\3717\350\203\024E0\246\210\344\325\345r\024T\251\006P\255\352\333\372\351\337\302\000"";   nodeid: ""\240\000\000\000\000\000\000\000\000\000\000\000\000\000\000\000\000\000\000\000\000\000\000\000\000\000\000\000\000\000\000\000\001""; }; "
1750587271270,1750587271270,1764,1,0,3,TMGetLedger,"itype: liTS_CANDIDATE; ledgerHash: ""8h\232\211g)\354\005\246\256XI\265J\214\312}\261\211y\355]\0228j\360\0224\003\021%\014""; nodeIDs: ""\000\000\000\000\000\000\000\000\000\000\000\000\000\000\000\000\000\000\000\000\000\000\000\000\000\000\000\000\000\000\000\000\000""; requestCookie: 3; queryType: qtINDIRECT; queryDepth: 3; ","itype: liTS_CANDIDATE; ledgerHash: ""8h\232\211g)\354\005\246\256XI\265J\214\312}\261\211y\355]\0228j\360\0224\003\021%\014""; nodeIDs: ""\000\000\000\000\000\000\000\000\000\000\000\000\000\000\000\000\000\000\000\000\000\000\000\000\000\000\000\000\000\000\000\000\000""; requestCookie: 3; queryType: qtINDIRECT; queryDepth: 3; "
1750587271276,1750587271276,3898,1,2,3,TMGetLedger,"itype: liTS_CANDIDATE; ledgerHash: ""u\315\243\367\211\2625\240r:n\277\003\026\366\353'\216jy9\\001\220\223~\341j\254O\025\257""; nodeIDs: ""\000\000\000\000\000\000\000\000\000\000\000\000\000\000\000\000\000\000\000\000\000\000\000\000\000\000\000\000\000\000\000\000\000""; requestCookie: 2; queryType: qtINDIRECT; queryDepth: 3; ","itype: liTS_CANDIDATE; ledgerHash: ""u\315\243\367\211\2625\240r:n\277\003\026\366\353'\216jy9\\001\220\223~\341j\254O\025\257""; nodeIDs: ""\000\000\000\000\000\000\000\000\000\000\000\000\000\000\000\000\000\000\000\000\000\000\000\000\000\000\000\000\000\000\000\000\000""; requestCookie: 2; queryType: qtINDIRECT; queryDepth: 3; "
1750587271307,1750587271307,2655,1,1,0,TMLedgerData,"ledgerHash: ""u\315\243\367\211\2625\240r:n\277\003\026\366\353'\216jy9\\001\220\223~\341j\254O\025\257""; ledgerSeq: 0; type: liTS_CANDIDATE; nodes {;   nodedata: ""\022\000\000""\000\000\000\000$\000\000\000\001 \033\000\000\000\027a@\000\000\027H\206*@h@\000\000\000\000\000\000\ns!\0030\347\374\235V\273%\326\211;\243\363\027\256[\3173\263)\033\326=\263&T\243\023""/\177\320 tF0D\002 0\023\341\332; \2711\245\020\321\3300\345\267-)\230\177\246\236AQ\327\203\207H\226+\000%\336\002 \024\036\211\237\201t\376\272E\270\230\020\334\014\356g\273\025((\376\266\216@ \254^2T\233\013\034\201\024\265\367by\212S\325C\240\024\312\370\262\227\317\370\362\3717\350\203\024E0\246\210\344\325\345r\024T\251\006P\255\352\333\372\351\337\302\000"";   nodeid: ""\240\000\000\000\000\000\000\000\000\000\000\000\000\000\000\000\000\000\000\000\000\000\000\000\000\000\000\000\000\000\000\000\001""; }; ","ledgerHash: ""u\315\243\367\211\2625\240r:n\277\003\026\366\353'\216jy9\\001\220\223~\341j\254O\025\257""; ledgerSeq: 0; type: liTS_CANDIDATE; nodes {;   nodedata: ""\022\000\000""\000\000\000\000$\000\000\000\001 \033\000\000\000\027a@\000\000\027H\206*@h@\000\000\000\000\000\000\ns!\0030\347\374\235V\273%\326\211;\243\363\027\256[\3173\263)\033\326=\263&T\243\023""/\177\320 tF0D\002 0\023\341\332; \2711\245\020\321\3300\345\267-)\230\177\246\236AQ\327\203\207H\226+\000%\336\002 \024\036\211\237\201t\376\272E\270\230\020\334\014\356g\273\025((\376\266\216@ \254^2T\233\013\034\201\024\265\367by\212S\325C\240\024\312\370\262\227\317\370\362\3717\350\203\024E0\246\210\344\325\345r\024T\251\006P\255\352\333\372\351\337\302\000"";   nodeid: ""\240\000\000\000\000\000\000\000\000\000\000\000\000\000\000\000\000\000\000\000\000\000\000\000\000\000\000\000\000\000\000\000\001""; }; "
1750587271310,1750587271310,1466,1,0,4,TMGetLedger,"itype: liTS_CANDIDATE; ledgerHash: ""8h\232\211g)\354\005\246\256XI\265J\214\312}\261\211y\355]\0228j\360\0224\003\021%\014""; nodeIDs: ""\240\000\000\000\000\000\000\000\000\000\000\000\000\000\000\000\000\000\000\000\000\000\000\000\000\000\000\000\000\000\000\000\001""; queryType: qtINDIRECT; ","itype: liTS_CANDIDATE; ledgerHash: ""8h\232\211g)\354\005\246\256XI\265J\214\312}\261\211y\355]\0228j\360\0224\003\021%\014""; nodeIDs: ""\240\000\000\000\000\000\000\000\000\000\000\000\000\000\000\000\000\000\000\000\000\000\000\000\000\000\000\000\000\000\000\000\001""; queryType: qtINDIRECT; "
1750587271312,1750587271312,2970,1,0,4,TMProposeSet,"proposeSeq: 0; currentTxHash: ""8h\232\211g)\354\005\246\256XI\265J\214\312}\261\211y\355]\0228j\360\0224\003\021%\014""; nodePubKey: ""\003\325Q\255\224\274R@\312\253\262\347\352\034\346\347\242\215,\312\376=\277\353{\350\225\301\305`^, ""; closeTime: 803902470; signature: ""0E\002!\000\254\354\354-Pf\355\262\022\304(\350\270oL\357Q&2\300\247\241\021\301\\264h\233\342\311c\251\002 M\250A\014\341\317\236g`\362\033\306j-e\003n\343\355\261\271\205\352\261k0D\027R\336O\244""; previousledger: ""\372\373$P*|\321\342\002\026\n\3215\340\3203\200x\327D\301]5\237\247Yz\3711!L\214""; ","proposeSeq: 0; currentTxHash: ""8h\232\211g)\354\005\246\256XI\265J\214\312}\261\211y\355]\0228j\360\0224\003\021%\014""; nodePubKey: ""\003\325Q\255\224\274R@\312\253\262\347\352\034\346\347\242\215,\312\376=\277\353{\350\225\301\305`^, ""; closeTime: 803902470; signature: ""0E\002!\000\254\354\354-Pf\355\262\022\304(\350\270oL\357Q&2\300\247\241\021\301\\264h\233\342\311c\251\002 M\250A\014\341\317\236g`\362\033\306j-e\003n\343\355\261\271\205\352\261k0D\027R\336O\244""; previousledger: ""\372\373$P*|\321\342\002\026\n\3215\340\3203\200x\327D\301]5\237\247Yz\3711!L\214""; "
1750587271313,1750587271313,190,1,0,1,TMProposeSet,"proposeSeq: 0; currentTxHash: ""8h\232\211g)\354\005\246\256XI\265J\214\312}\261\211y\355]\0228j\360\0224\003\021%\014""; nodePubKey: ""\003\325Q\255\224\274R@\312\253\262\347\352\034\346\347\242\215,\312\376=\277\353{\350\225\301\305`^, ""; closeTime: 803902470; signature: ""0E\002!\000\254\354\354-Pf\355\262\022\304(\350\270oL\357Q&2\300\247\241\021\301\\264h\233\342\311c\251\002 M\250A\014\341\317\236g`\362\033\306j-e\003n\343\355\261\271\205\352\261k0D\027R\336O\244""; previousledger: ""\372\373$P*|\321\342\002\026\n\3215\340\3203\200x\327D\301]5\237\247Yz\3711!L\214""; ","proposeSeq: 0; currentTxHash: ""8h\232\211g)\354\005\246\256XI\265J\214\312}\261\211y\355]\0228j\360\0224\003\021%\014""; nodePubKey: ""\003\325Q\255\224\274R@\312\253\262\347\352\034\346\347\242\215,\312\376=\277\353{\350\225\301\305`^, ""; closeTime: 803902470; signature: ""0E\002!\000\254\354\354-Pf\355\262\022\304(\350\270oL\357Q&2\300\247\241\021\301\\264h\233\342\311c\251\002 M\250A\014\341\317\236g`\362\033\306j-e\003n\343\355\261\271\205\352\261k0D\027R\336O\244""; previousledger: ""\372\373$P*|\321\342\002\026\n\3215\340\3203\200x\327D\301]5\237\247Yz\3711!L\214""; "
1750587271313,1750587271313,1290,1,0,2,TMProposeSet,"proposeSeq: 0; currentTxHash: ""8h\232\211g)\354\005\246\256XI\265J\214\312}\261\211y\355]\0228j\360\0224\003\021%\014""; nodePubKey: ""\003\325Q\255\224\274R@\312\253\262\347\352\034\346\347\242\215,\312\376=\277\353{\350\225\301\305`^, ""; closeTime: 803902470; signature: ""0E\002!\000\254\354\354-Pf\355\262\022\304(\350\270oL\357Q&2\300\247\241\021\301\\264h\233\342\311c\251\002 M\250A\014\341\317\236g`\362\033\306j-e\003n\343\355\261\271\205\352\261k0D\027R\336O\244""; previousledger: ""\372\373$P*|\321\342\002\026\n\3215\340\3203\200x\327D\301]5\237\247Yz\3711!L\214""; ","proposeSeq: 0; currentTxHash: ""8h\232\211g)\354\005\246\256XI\265J\214\312}\261\211y\355]\0228j\360\0224\003\021%\014""; nodePubKey: ""\003\325Q\255\224\274R@\312\253\262\347\352\034\346\347\242\215,\312\376=\277\353{\350\225\301\305`^, ""; closeTime: 803902470; signature: ""0E\002!\000\254\354\354-Pf\355\262\022\304(\350\270oL\357Q&2\300\247\241\021\301\\264h\233\342\311c\251\002 M\250A\014\341\317\236g`\362\033\306j-e\003n\343\355\261\271\205\352\261k0D\027R\336O\244""; previousledger: ""\372\373$P*|\321\342\002\026\n\3215\340\3203\200x\327D\301]5\237\247Yz\3711!L\214""; "
1750587271323,1750587271323,486,1,4,0,TMLedgerData,"ledgerHash: ""8h\232\211g)\354\005\246\256XI\265J\214\312}\261\211y\355]\0228j\360\0224\003\021%\014""; ledgerSeq: 0; type: liTS_CANDIDATE; nodes {;   nodedata: ""\222c\273c4\225\334\221\227u?\025\314=\305/\262\367\217\375\027j\323\304\372\312Fv\2716\001\355\t\246C\232\272\013^\241\340~\030'\005/\234\037\355\231\230\017\266\365\303w\360\273\374\234\362S:\270\023\n\270\212\275\306\204\271\274\361K|t\323\346\2174\324\362\014S]\301\325\344rY\277\343\351\364\374\023\263\013\003"";   nodeid: ""\000\000\000\000\000\000\000\000\000\000\000\000\000\000\000\000\000\000\000\000\000\000\000\000\000\000\000\000\000\000\000\000\000""; }; ","ledgerHash: ""8h\232\211g)\354\005\246\256XI\265J\214\312}\261\211y\355]\0228j\360\0224\003\021%\014""; ledgerSeq: 0; type: liTS_CANDIDATE; nodes {;   nodedata: ""\222c\273c4\225\334\221\227u?\025\314=\305/\262\367\217\375\027j\323\304\372\312Fv\2716\001\355\t\246C\232\272\013^\241\340~\030'\005/\234\037\355\231\230\017\266\365\303w\360\273\374\234\362S:\270\023\n\270\212\275\306\204\271\274\361K|t\323\346\2174\324\362\014S]\301\325\344rY\277\343\351\364\374\023\263\013\003"";   nodeid: ""\000\000\000\000\000\000\000\000\000\000\000\000\000\000\000\000\000\000\000\000\000\000\000\000\000\000\000\000\000\000\000\000\000""; }; "
1750587271331,1750587271331,557,1,4,1,TMGetLedger,"itype: liTS_CANDIDATE; ledgerHash: ""u\315\243\367\211\2625\240r:n\277\003\026\366\353'\216jy9\\001\220\223~\341j\254O\025\257""; nodeIDs: ""\240\000\000\000\000\000\000\000\000\000\000\000\000\000\000\000\000\000\000\000\000\000\000\000\000\000\000\000\000\000\000\000\001""; requestCookie: 1; queryType: qtINDIRECT; ","itype: liTS_CANDIDATE; ledgerHash: ""u\315\243\367\211\2625\240r:n\277\003\026\366\353'\216jy9\\001\220\223~\341j\254O\025\257""; nodeIDs: ""\240\000\000\000\000\000\000\000\000\000\000\000\000\000\000\000\000\000\000\000\000\000\000\000\000\000\000\000\000\000\000\000\001""; requestCookie: 1; queryType: qtINDIRECT; "
1750587271352,1750587271352,486,1,4,0,TMLedgerData,"ledgerHash: ""u\315\243\367\211\2625\240r:n\277\003\026\366\353'\216jy9\\001\220\223~\341j\254O\025\257""; ledgerSeq: 0; type: liTS_CANDIDATE; nodes {;   nodedata: ""\246C\232\272\013^\241\340~\030'\005/\234\037\355\231\230\017\266\365\303w\360\273\374\234\362S:\270\023\n\003"";   nodeid: ""\000\000\000\000\000\000\000\000\000\000\000\000\000\000\000\000\000\000\000\000\000\000\000\000\000\000\000\000\000\000\000\000\000""; }; ","ledgerHash: ""u\315\243\367\211\2625\240r:n\277\003\026\366\353'\216jy9\\001\220\223~\341j\254O\025\257""; ledgerSeq: 0; type: liTS_CANDIDATE; nodes {;   nodedata: ""\246C\232\272\013^\241\340~\030'\005/\234\037\355\231\230\017\266\365\303w\360\273\374\234\362S:\270\023\n\003"";   nodeid: ""\000\000\000\000\000\000\000\000\000\000\000\000\000\000\000\000\000\000\000\000\000\000\000\000\000\000\000\000\000\000\000\000\000""; }; "
1750587271356,1750587271356,3414,1,0,2,TMGetLedger,"itype: liTS_CANDIDATE; ledgerHash: ""8h\232\211g)\354\005\246\256XI\265J\214\312}\261\211y\355]\0228j\360\0224\003\021%\014""; nodeIDs: ""\240\000\000\000\000\000\000\000\000\000\000\000\000\000\000\000\000\000\000\000\000\000\000\000\000\000\000\000\000\000\000\000\001""; queryType: qtINDIRECT; ","itype: liTS_CANDIDATE; ledgerHash: ""8h\232\211g)\354\005\246\256XI\265J\214\312}\261\211y\355]\0228j\360\0224\003\021%\014""; nodeIDs: ""\240\000\000\000\000\000\000\000\000\000\000\000\000\000\000\000\000\000\000\000\000\000\000\000\000\000\000\000\000\000\000\000\001""; queryType: qtINDIRECT; "
1750587271358,1750587271358,393,1,0,1,TMGetLedger,"itype: liTS_CANDIDATE; ledgerHash: ""8h\232\211g)\354\005\246\256XI\265J\214\312}\261\211y\355]\0228j\360\0224\003\021%\014""; nodeIDs: ""\240\000\000\000\000\000\000\000\000\000\000\000\000\000\000\000\000\000\000\000\000\000\000\000\000\000\000\000\000\000\000\000\001""; queryType: qtINDIRECT; ","itype: liTS_CANDIDATE; ledgerHash: ""8h\232\211g)\354\005\246\256XI\265J\214\312}\261\211y\355]\0228j\360\0224\003\021%\014""; nodeIDs: ""\240\000\000\000\000\000\000\000\000\000\000\000\000\000\000\000\000\000\000\000\000\000\000\000\000\000\000\000\000\000\000\000\001""; queryType: qtINDIRECT; "
1750587271357,1750587271358,1764,1,0,3,TMGetLedger,"itype: liTS_CANDIDATE; ledgerHash: ""8h\232\211g)\354\005\246\256XI\265J\214\312}\261\211y\355]\0228j\360\0224\003\021%\014""; nodeIDs: ""\240\000\000\000\000\000\000\000\000\000\000\000\000\000\000\000\000\000\000\000\000\000\000\000\000\000\000\000\000\000\000\000\001""; queryType: qtINDIRECT; ","itype: liTS_CANDIDATE; ledgerHash: ""8h\232\211g)\354\005\246\256XI\265J\214\312}\261\211y\355]\0228j\360\0224\003\021%\014""; nodeIDs: ""\240\000\000\000\000\000\000\000\000\000\000\000\000\000\000\000\000\000\000\000\000\000\000\000\000\000\000\000\000\000\000\000\001""; queryType: qtINDIRECT; "
1750587271357,1750587271357,1466,1,0,4,TMGetLedger,"itype: liTS_CANDIDATE; ledgerHash: ""8h\232\211g)\354\005\246\256XI\265J\214\312}\261\211y\355]\0228j\360\0224\003\021%\014""; nodeIDs: ""\240\000\000\000\000\000\000\000\000\000\000\000\000\000\000\000\000\000\000\000\000\000\000\000\000\000\000\000\000\000\000\000\001""; queryType: qtINDIRECT; ","itype: liTS_CANDIDATE; ledgerHash: ""8h\232\211g)\354\005\246\256XI\265J\214\312}\261\211y\355]\0228j\360\0224\003\021%\014""; nodeIDs: ""\240\000\000\000\000\000\000\000\000\000\000\000\000\000\000\000\000\000\000\000\000\000\000\000\000\000\000\000\000\000\000\000\001""; queryType: qtINDIRECT; "
1750587271361,1750587271361,1290,1,0,2,TMProposeSet,"proposeSeq: 0; currentTxHash: ""8h\232\211g)\354\005\246\256XI\265J\214\312}\261\211y\355]\0228j\360\0224\003\021%\014""; nodePubKey: ""\003\343\005\311u\203\370\0338\3174\324\010\006\301\251\177\261\304eOX\262)FA-\022r\263wm\024""; closeTime: 803902470; signature: ""0E\002!\000\320}b\305\334\222[i\360\3527\340\n\010\230-\333\340qc\336\225$\343\371\3711Zd\271u3\002 x\324\367\216\373\354!\347\226h-\325\023\256\rc\026D\352z\025h_\3115zXl\234\227-\203""; previousledger: ""\372\373$P*|\321\342\002\026\n\3215\340\3203\200x\327D\301]5\237\247Yz\3711!L\214""; ","proposeSeq: 0; currentTxHash: ""8h\232\211g)\354\005\246\256XI\265J\214\312}\261\211y\355]\0228j\360\0224\003\021%\014""; nodePubKey: ""\003\343\005\311u\203\370\0338\3174\324\010\006\301\251\177\261\304eOX\262)FA-\022r\263wm\024""; closeTime: 803902470; signature: ""0E\002!\000\320}b\305\334\222[i\360\3527\340\n\010\230-\333\340qc\336\225$\343\371\3711Zd\271u3\002 x\324\367\216\373\354!\347\226h-\325\023\256\rc\026D\352z\025h_\3115zXl\234\227-\203""; previousledger: ""\372\373$P*|\321\342\002\026\n\3215\340\3203\200x\327D\301]5\237\247Yz\3711!L\214""; "
1750587271362,1750587271362,2970,1,0,4,TMProposeSet,"proposeSeq: 0; currentTxHash: ""8h\232\211g)\354\005\246\256XI\265J\214\312}\261\211y\355]\0228j\360\0224\003\021%\014""; nodePubKey: ""\003\343\005\311u\203\370\0338\3174\324\010\006\301\251\177\261\304eOX\262)FA-\022r\263wm\024""; closeTime: 803902470; signature: ""0E\002!\000\320}b\305\334\222[i\360\3527\340\n\010\230-\333\340qc\336\225$\343\371\3711Zd\271u3\002 x\324\367\216\373\354!\347\226h-\325\023\256\rc\026D\352z\025h_\3115zXl\234\227-\203""; previousledger: ""\372\373$P*|\321\342\002\026\n\3215\340\3203\200x\327D\301]5\237\247Yz\3711!L\214""; ","proposeSeq: 0; currentTxHash: ""8h\232\211g)\354\005\246\256XI\265J\214\312}\261\211y\355]\0228j\360\0224\003\021%\014""; nodePubKey: ""\003\343\005\311u\203\370\0338\3174\324\010\006\301\251\177\261\304eOX\262)FA-\022r\263wm\024""; closeTime: 803902470; signature: ""0E\002!\000\320}b\305\334\222[i\360\3527\340\n\010\230-\333\340qc\336\225$\343\371\3711Zd\271u3\002 x\324\367\216\373\354!\347\226h-\325\023\256\rc\026D\352z\025h_\3115zXl\234\227-\203""; previousledger: ""\372\373$P*|\321\342\002\026\n\3215\340\3203\200x\327D\301]5\237\247Yz\3711!L\214""; "
1750587271364,1750587271364,393,1,0,1,TMGetLedger,"itype: liTS_CANDIDATE; ledgerHash: ""u\315\243\367\211\2625\240r:n\277\003\026\366\353'\216jy9\\001\220\223~\341j\254O\025\257""; nodeIDs: ""\240\000\000\000\000\000\000\000\000\000\000\000\000\000\000\000\000\000\000\000\000\000\000\000\000\000\000\000\000\000\000\000\001""; queryType: qtINDIRECT; ","itype: liTS_CANDIDATE; ledgerHash: ""u\315\243\367\211\2625\240r:n\277\003\026\366\353'\216jy9\\001\220\223~\341j\254O\025\257""; nodeIDs: ""\240\000\000\000\000\000\000\000\000\000\000\000\000\000\000\000\000\000\000\000\000\000\000\000\000\000\000\000\000\000\000\000\001""; queryType: qtINDIRECT; "
1750587271364,1750587271364,1466,1,0,4,TMGetLedger,"itype: liTS_CANDIDATE; ledgerHash: ""u\315\243\367\211\2625\240r:n\277\003\026\366\353'\216jy9\\001\220\223~\341j\254O\025\257""; nodeIDs: ""\240\000\000\000\000\000\000\000\000\000\000\000\000\000\000\000\000\000\000\000\000\000\000\000\000\000\000\000\000\000\000\000\001""; queryType: qtINDIRECT; ","itype: liTS_CANDIDATE; ledgerHash: ""u\315\243\367\211\2625\240r:n\277\003\026\366\353'\216jy9\\001\220\223~\341j\254O\025\257""; nodeIDs: ""\240\000\000\000\000\000\000\000\000\000\000\000\000\000\000\000\000\000\000\000\000\000\000\000\000\000\000\000\000\000\000\000\001""; queryType: qtINDIRECT; "
1750587271364,1750587271364,3414,1,0,2,TMGetLedger,"itype: liTS_CANDIDATE; ledgerHash: ""u\315\243\367\211\2625\240r:n\277\003\026\366\353'\216jy9\\001\220\223~\341j\254O\025\257""; nodeIDs: ""\240\000\000\000\000\000\000\000\000\000\000\000\000\000\000\000\000\000\000\000\000\000\000\000\000\000\000\000\000\000\000\000\001""; queryType: qtINDIRECT; ","itype: liTS_CANDIDATE; ledgerHash: ""u\315\243\367\211\2625\240r:n\277\003\026\366\353'\216jy9\\001\220\223~\341j\254O\025\257""; nodeIDs: ""\240\000\000\000\000\000\000\000\000\000\000\000\000\000\000\000\000\000\000\000\000\000\000\000\000\000\000\000\000\000\000\000\001""; queryType: qtINDIRECT; "
1750587271371,1750587271371,2565,1,3,0,TMLedgerData,"ledgerHash: ""8h\232\211g)\354\005\246\256XI\265J\214\312}\261\211y\355]\0228j\360\0224\003\021%\014""; ledgerSeq: 0; type: liTS_CANDIDATE; nodes {;   nodedata: ""\222c\273c4\225\334\221\227u?\025\314=\305/\262\367\217\375\027j\323\304\372\312Fv\2716\001\355\t\246C\232\272\013^\241\340~\030'\005/\234\037\355\231\230\017\266\365\303w\360\273\374\234\362S:\270\023\n\270\212\275\306\204\271\274\361K|t\323\346\2174\324\362\014S]\301\325\344rY\277\343\351\364\374\023\263\013\003"";   nodeid: ""\000\000\000\000\000\000\000\000\000\000\000\000\000\000\000\000\000\000\000\000\000\000\000\000\000\000\000\000\000\000\000\000\000""; }; ","ledgerHash: ""8h\232\211g)\354\005\246\256XI\265J\214\312}\261\211y\355]\0228j\360\0224\003\021%\014""; ledgerSeq: 0; type: liTS_CANDIDATE; nodes {;   nodedata: ""\222c\273c4\225\334\221\227u?\025\314=\305/\262\367\217\375\027j\323\304\372\312Fv\2716\001\355\t\246C\232\272\013^\241\340~\030'\005/\234\037\355\231\230\017\266\365\303w\360\273\374\234\362S:\270\023\n\270\212\275\306\204\271\274\361K|t\323\346\2174\324\362\014S]\301\325\344rY\277\343\351\364\374\023\263\013\003"";   nodeid: ""\000\000\000\000\000\000\000\000\000\000\000\000\000\000\000\000\000\000\000\000\000\000\000\000\000\000\000\000\000\000\000\000\000""; }; "
1750587271372,1750587271372,2472,1,1,2,TMLedgerData,"ledgerHash: ""u\315\243\367\211\2625\240r:n\277\003\026\366\353'\216jy9\\001\220\223~\341j\254O\025\257""; ledgerSeq: 0; type: liTS_CANDIDATE; nodes {;   nodedata: ""\246C\232\272\013^\241\340~\030'\005/\234\037\355\231\230\017\266\365\303w\360\273\374\234\362S:\270\023\n\003"";   nodeid: ""\000\000\000\000\000\000\000\000\000\000\000\000\000\000\000\000\000\000\000\000\000\000\000\000\000\000\000\000\000\000\000\000\000""; }; requestCookie: 2; ","ledgerHash: ""u\315\243\367\211\2625\240r:n\277\003\026\366\353'\216jy9\\001\220\223~\341j\254O\025\257""; ledgerSeq: 0; type: liTS_CANDIDATE; nodes {;   nodedata: ""\246C\232\272\013^\241\340~\030'\005/\234\037\355\231\230\017\266\365\303w\360\273\374\234\362S:\270\023\n\003"";   nodeid: ""\000\000\000\000\000\000\000\000\000\000\000\000\000\000\000\000\000\000\000\000\000\000\000\000\000\000\000\000\000\000\000\000\000""; }; requestCookie: 2; "
1750587271375,1750587271376,1357,1,4,3,TMValidation,"validation: """"\200\000\000\001&\000\000\000\005)/\352\224\005:?HT\314/\177\320^Q\372\373$P*|\321\342\002\026\n\3215\340\3203\200x\327D\301]5\237\247Yz\3711!L\214P\027\000\000\000\000\000\000\000\000\000\000\000\000\000\000\000\000\000\000\000\000\000\000\000\000\000\000\000\000\000\000\000\000P\031\241'\332/+\360Bx\036+\210j\237K%\340]\246E\2434\264K\036\030qP\317\315\336\325\007s!\003\343\005\311u\203\370\0338\3174\324\010\006\301\251\177\261\304eOX\262)FA-\022r\263wm\024vF0D\002 \037~\254\023\324\025\t\305\2530m\021\365\303\024~.m)OB\257\307\270\336Y\342|\234h\335?\002 N\340\231\3254c\320\204\365`\315\030n\261\r\366\200\027>\314\223\033H[V\203\246\262\330\312GU""; ","validation: """"\200\000\000\001&\000\000\000\005)/\352\224\005:?HT\314/\177\320^Q\372\373$P*|\321\342\002\026\n\3215\340\3203\200x\327D\301]5\237\247Yz\3711!L\214P\027\000\000\000\000\000\000\000\000\000\000\000\000\000\000\000\000\000\000\000\000\000\000\000\000\000\000\000\000\000\000\000\000P\031\241'\332/+\360Bx\036+\210j\237K%\340]\246E\2434\264K\036\030qP\317\315\336\325\007s!\003\343\005\311u\203\370\0338\3174\324\010\006\301\251\177\261\304eOX\262)FA-\022r\263wm\024vF0D\002 \037~\254\023\324\025\t\305\2530m\021\365\303\024~.m)OB\257\307\270\336Y\342|\234h\335?\002 N\340\231\3254c\320\204\365`\315\030n\261\r\366\200\027>\314\223\033H[V\203\246\262\330\312GU""; "
1750587271376,1750587271376,443,1,4,2,TMValidation,"validation: """"\200\000\000\001&\000\000\000\005)/\352\224\005:?HT\314/\177\320^Q\372\373$P*|\321\342\002\026\n\3215\340\3203\200x\327D\301]5\237\247Yz\3711!L\214P\027\000\000\000\000\000\000\000\000\000\000\000\000\000\000\000\000\000\000\000\000\000\000\000\000\000\000\000\000\000\000\000\000P\031\241'\332/+\360Bx\036+\210j\237K%\340]\246E\2434\264K\036\030qP\317\315\336\325\007s!\003\343\005\311u\203\370\0338\3174\324\010\006\301\251\177\261\304eOX\262)FA-\022r\263wm\024vF0D\002 \037~\254\023\324\025\t\305\2530m\021\365\303\024~.m)OB\257\307\270\336Y\342|\234h\335?\002 N\340\231\3254c\320\204\365`\315\030n\261\r\366\200\027>\314\223\033H[V\203\246\262\330\312GU""; ","validation: """"\200\000\000\001&\000\000\000\005)/\352\224\005:?HT\314/\177\320^Q\372\373$P*|\321\342\002\026\n\3215\340\3203\200x\327D\301]5\237\247Yz\3711!L\214P\027\000\000\000\000\000\000\000\000\000\000\000\000\000\000\000\000\000\000\000\000\000\000\000\000\000\000\000\000\000\000\000\000P\031\241'\332/+\360Bx\036+\210j\237K%\340]\246E\2434\264K\036\030qP\317\315\336\325\007s!\003\343\005\311u\203\370\0338\3174\324\010\006\301\251\177\261\304eOX\262)FA-\022r\263wm\024vF0D\002 \037~\254\023\324\025\t\305\2530m\021\365\303\024~.m)OB\257\307\270\336Y\342|\234h\335?\002 N\340\231\3254c\320\204\365`\315\030n\261\r\366\200\027>\314\223\033H[V\203\246\262\330\312GU""; "
1750587271376,1750587271376,557,1,4,1,TMGetLedger,"itype: liTS_CANDIDATE; ledgerHash: ""u\315\243\367\211\2625\240r:n\277\003\026\366\353'\216jy9\\001\220\223~\341j\254O\025\257""; nodeIDs: ""\000\000\000\000\000\000\000\000\000\000\000\000\000\000\000\000\000\000\000\000\000\000\000\000\000\000\000\000\000\000\000\000\000""; requestCookie: 4; queryType: qtINDIRECT; queryDepth: 3; ","itype: liTS_CANDIDATE; ledgerHash: ""u\315\243\367\211\2625\240r:n\277\003\026\366\353'\216jy9\\001\220\223~\341j\254O\025\257""; nodeIDs: ""\000\000\000\000\000\000\000\000\000\000\000\000\000\000\000\000\000\000\000\000\000\000\000\000\000\000\000\000\000\000\000\000\000""; requestCookie: 4; queryType: qtINDIRECT; queryDepth: 3; "
1750587271393,1750587271394,3559,1,4,0,TMValidation,"validation: """"\200\000\000\001&\000\000\000\005)/\352\224\005:?HT\314/\177\320^Q\372\373$P*|\321\342\002\026\n\3215\340\3203\200x\327D\301]5\237\247Yz\3711!L\214P\027\000\000\000\000\000\000\000\000\000\000\000\000\000\000\000\000\000\000\000\000\000\000\000\000\000\000\000\000\000\000\000\000P\031\241'\332/+\360Bx\036+\210j\237K%\340]\246E\2434\264K\036\030qP\317\315\336\325\007s!\003\343\005\311u\203\370\0338\3174\324\010\006\301\251\177\261\304eOX\262)FA-\022r\263wm\024vF0D\002 \037~\254\023\324\025\t\305\2530m\021\365\303\024~.m)OB\257\307\270\336Y\342|\234h\335?\002 N\340\231\3254c\320\204\365`\315\030n\261\r\366\200\027>\314\223\033H[V\203\246\262\330\312GU""; ","validation: """"\200\000\000\001&\000\000\000\005)/\352\224\005:?HT\314/\177\320^Q\372\373$P*|\321\342\002\026\n\3215\340\3203\200x\327D\301]5\237\247Yz\3711!L\214P\027\000\000\000\000\000\000\000\000\000\000\000\000\000\000\000\000\000\000\000\000\000\000\000\000\000\000\000\000\000\000\000\000P\031\241'\332/+\360Bx\036+\210j\237K%\340]\246E\2434\264K\036\030qP\317\315\336\325\007s!\003\343\005\311u\203\370\0338\3174\324\010\006\301\251\177\261\304eOX\262)FA-\022r\263wm\024vF0D\002 \037~\254\023\324\025\t\305\2530m\021\365\303\024~.m)OB\257\307\270\336Y\342|\234h\335?\002 N\340\231\3254c\320\204\365`\315\030n\261\r\366\200\027>\314\223\033H[V\203\246\262\330\312GU""; "
1750587271395,1750587271395,3614,1,4,2,TMProposeSet,"proposeSeq: 0; currentTxHash: ""8h\232\211g)\354\005\246\256XI\265J\214\312}\261\211y\355]\0228j\360\0224\003\021%\014""; nodePubKey: ""\003\325Q\255\224\274R@\312\253\262\347\352\034\346\347\242\215,\312\376=\277\353{\350\225\301\305`^, ""; closeTime: 803902470; signature: ""0E\002!\000\254\354\354-Pf\355\262\022\304(\350\270oL\357Q&2\300\247\241\021\301\\264h\233\342\311c\251\002 M\250A\014\341\317\236g`\362\033\306j-e\003n\343\355\261\271\205\352\261k0D\027R\336O\244""; previousledger: ""\372\373$P*|\321\342\002\026\n\3215\340\3203\200x\327D\301]5\237\247Yz\3711!L\214""; ","proposeSeq: 0; currentTxHash: ""8h\232\211g)\354\005\246\256XI\265J\214\312}\261\211y\355]\0228j\360\0224\003\021%\014""; nodePubKey: ""\003\325Q\255\224\274R@\312\253\262\347\352\034\346\347\242\215,\312\376=\277\353{\350\225\301\305`^, ""; closeTime: 803902470; signature: ""0E\002!\000\254\354\354-Pf\355\262\022\304(\350\270oL\357Q&2\300\247\241\021\301\\264h\233\342\311c\251\002 M\250A\014\341\317\236g`\362\033\306j-e\003n\343\355\261\271\205\352\261k0D\027R\336O\244""; previousledger: ""\372\373$P*|\321\342\002\026\n\3215\340\3203\200x\327D\301]5\237\247Yz\3711!L\214""; "
1750587271395,1750587271396,1110,1,4,0,TMProposeSet,"proposeSeq: 0; currentTxHash: ""8h\232\211g)\354\005\246\256XI\265J\214\312}\261\211y\355]\0228j\360\0224\003\021%\014""; nodePubKey: ""\003\325Q\255\224\274R@\312\253\262\347\352\034\346\347\242\215,\312\376=\277\353{\350\225\301\305`^, ""; closeTime: 803902470; signature: ""0E\002!\000\254\354\354-Pf\355\262\022\304(\350\270oL\357Q&2\300\247\241\021\301\\264h\233\342\311c\251\002 M\250A\014\341\317\236g`\362\033\306j-e\003n\343\355\261\271\205\352\261k0D\027R\336O\244""; previousledger: ""\372\373$P*|\321\342\002\026\n\3215\340\3203\200x\327D\301]5\237\247Yz\3711!L\214""; ","proposeSeq: 0; currentTxHash: ""8h\232\211g)\354\005\246\256XI\265J\214\312}\261\211y\355]\0228j\360\0224\003\021%\014""; nodePubKey: ""\003\325Q\255\224\274R@\312\253\262\347\352\034\346\347\242\215,\312\376=\277\353{\350\225\301\305`^, ""; closeTime: 803902470; signature: ""0E\002!\000\254\354\354-Pf\355\262\022\304(\350\270oL\357Q&2\300\247\241\021\301\\264h\233\342\311c\251\002 M\250A\014\341\317\236g`\362\033\306j-e\003n\343\355\261\271\205\352\261k0D\027R\336O\244""; previousledger: ""\372\373$P*|\321\342\002\026\n\3215\340\3203\200x\327D\301]5\237\247Yz\3711!L\214""; "
1750587271398,1750587271398,141,1,0,3,TMProposeSet,"proposeSeq: 0; currentTxHash: ""8h\232\211g)\354\005\246\256XI\265J\214\312}\261\211y\355]\0228j\360\0224\003\021%\014""; nodePubKey: ""\003\343\005\311u\203\370\0338\3174\324\010\006\301\251\177\261\304eOX\262)FA-\022r\263wm\024""; closeTime: 803902470; signature: ""0E\002!\000\320}b\305\334\222[i\360\3527\340\n\010\230-\333\340qc\336\225$\343\371\3711Zd\271u3\002 x\324\367\216\373\354!\347\226h-\325\023\256\rc\026D\352z\025h_\3115zXl\234\227-\203""; previousledger: ""\372\373$P*|\321\342\002\026\n\3215\340\3203\200x\327D\301]5\237\247Yz\3711!L\214""; ","proposeSeq: 0; currentTxHash: ""8h\232\211g)\354\005\246\256XI\265J\214\312}\261\211y\355]\0228j\360\0224\003\021%\014""; nodePubKey: ""\003\343\005\311u\203\370\0338\3174\324\010\006\301\251\177\261\304eOX\262)FA-\022r\263wm\024""; closeTime: 803902470; signature: ""0E\002!\000\320}b\305\334\222[i\360\3527\340\n\010\230-\333\340qc\336\225$\343\371\3711Zd\271u3\002 x\324\367\216\373\354!\347\226h-\325\023\256\rc\026D\352z\025h_\3115zXl\234\227-\203""; previousledger: ""\372\373$P*|\321\342\002\026\n\3215\340\3203\200x\327D\301]5\237\247Yz\3711!L\214""; "
1750587271398,1750587271398,1764,1,0,3,TMGetLedger,"itype: liTS_CANDIDATE; ledgerHash: ""u\315\243\367\211\2625\240r:n\277\003\026\366\353'\216jy9\\001\220\223~\341j\254O\025\257""; nodeIDs: ""\240\000\000\000\000\000\000\000\000\000\000\000\000\000\000\000\000\000\000\000\000\000\000\000\000\000\000\000\000\000\000\000\001""; queryType: qtINDIRECT; ","itype: liTS_CANDIDATE; ledgerHash: ""u\315\243\367\211\2625\240r:n\277\003\026\366\353'\216jy9\\001\220\223~\341j\254O\025\257""; nodeIDs: ""\240\000\000\000\000\000\000\000\000\000\000\000\000\000\000\000\000\000\000\000\000\000\000\000\000\000\000\000\000\000\000\000\001""; queryType: qtINDIRECT; "
1750587271405,1750587271405,2565,1,3,0,TMLedgerData,"ledgerHash: ""u\315\243\367\211\2625\240r:n\277\003\026\366\353'\216jy9\\001\220\223~\341j\254O\025\257""; ledgerSeq: 0; type: liTS_CANDIDATE; nodes {;   nodedata: ""\022\000\000""\000\000\000\000$\000\000\000\001 \033\000\000\000\027a@\000\000\027H\206*@h@\000\000\000\000\000\000\ns!\0030\347\374\235V\273%\326\211;\243\363\027\256[\3173\263)\033\326=\263&T\243\023""/\177\320 tF0D\002 0\023\341\332; \2711\245\020\321\3300\345\267-)\230\177\246\236AQ\327\203\207H\226+\000%\336\002 \024\036\211\237\201t\376\272E\270\230\020\334\014\356g\273\025((\376\266\216@ \254^2T\233\013\034\201\024\265\367by\212S\325C\240\024\312\370\262\227\317\370\362\3717\350\203\024E0\246\210\344\325\345r\024T\251\006P\255\352\333\372\351\337\302\000"";   nodeid: ""\240\000\000\000\000\000\000\000\000\000\000\000\000\000\000\000\000\000\000\000\000\000\000\000\000\000\000\000\000\000\000\000\001""; }; ","ledgerHash: ""u\315\243\367\211\2625\240r:n\277\003\026\366\353'\216jy9\\001\220\223~\341j\254O\025\257""; ledgerSeq: 0; type: liTS_CANDIDATE; nodes {;   nodedata: ""\022\000\000""\000\000\000\000$\000\000\000\001 \033\000\000\000\027a@\000\000\027H\206*@h@\000\000\000\000\000\000\ns!\0030\347\374\235V\273%\326\211;\243\363\027\256[\3173\263)\033\326=\263&T\243\023""/\177\320 tF0D\002 0\023\341\332; \2711\245\020\321\3300\345\267-)\230\177\246\236AQ\327\203\207H\226+\000%\336\002 \024\036\211\237\201t\376\272E\270\230\020\334\014\356g\273\025((\376\266\216@ \254^2T\233\013\034\201\024\265\367by\212S\325C\240\024\312\370\262\227\317\370\362\3717\350\203\024E0\246\210\344\325\345r\024T\251\006P\255\352\333\372\351\337\302\000"";   nodeid: ""\240\000\000\000\000\000\000\000\000\000\000\000\000\000\000\000\000\000\000\000\000\000\000\000\000\000\000\000\000\000\000\000\001""; }; "
1750587271406,1750587271406,393,1,0,1,TMGetLedger,"itype: liTS_CANDIDATE; ledgerHash: ""8h\232\211g)\354\005\246\256XI\265J\214\312}\261\211y\355]\0228j\360\0224\003\021%\014""; nodeIDs: ""\240\000\000\000\000\000\000\000\000\000\000\000\000\000\000\000\000\000\000\000\000\000\000\000\000\000\000\000\000\000\000\000\001""; queryType: qtINDIRECT; ","itype: liTS_CANDIDATE; ledgerHash: ""8h\232\211g)\354\005\246\256XI\265J\214\312}\261\211y\355]\0228j\360\0224\003\021%\014""; nodeIDs: ""\240\000\000\000\000\000\000\000\000\000\000\000\000\000\000\000\000\000\000\000\000\000\000\000\000\000\000\000\000\000\000\000\001""; queryType: qtINDIRECT; "
1750587271414,1750587271414,393,1,0,1,TMGetLedger,"itype: liTS_CANDIDATE; ledgerHash: ""u\315\243\367\211\2625\240r:n\277\003\026\366\353'\216jy9\\001\220\223~\341j\254O\025\257""; nodeIDs: ""\240\000\000\000\000\000\000\000\000\000\000\000\000\000\000\000\000\000\000\000\000\000\000\000\000\000\000\000\000\000\000\000\001""; queryType: qtINDIRECT; ","itype: liTS_CANDIDATE; ledgerHash: ""u\315\243\367\211\2625\240r:n\277\003\026\366\353'\216jy9\\001\220\223~\341j\254O\025\257""; nodeIDs: ""\240\000\000\000\000\000\000\000\000\000\000\000\000\000\000\000\000\000\000\000\000\000\000\000\000\000\000\000\000\000\000\000\001""; queryType: qtINDIRECT; "
1750587271414,1750587271414,1102,1,2,3,TMLedgerData,"ledgerHash: ""u\315\243\367\211\2625\240r:n\277\003\026\366\353'\216jy9\\001\220\223~\341j\254O\025\257""; ledgerSeq: 0; type: liTS_CANDIDATE; nodes {;   nodedata: ""\246C\232\272\013^\241\340~\030'\005/\234\037\355\231\230\017\266\365\303w\360\273\374\234\362S:\270\023\n\003"";   nodeid: ""\000\000\000\000\000\000\000\000\000\000\000\000\000\000\000\000\000\000\000\000\000\000\000\000\000\000\000\000\000\000\000\000\000""; }; ","ledgerHash: ""u\315\243\367\211\2625\240r:n\277\003\026\366\353'\216jy9\\001\220\223~\341j\254O\025\257""; ledgerSeq: 0; type: liTS_CANDIDATE; nodes {;   nodedata: ""\246C\232\272\013^\241\340~\030'\005/\234\037\355\231\230\017\266\365\303w\360\273\374\234\362S:\270\023\n\003"";   nodeid: ""\000\000\000\000\000\000\000\000\000\000\000\000\000\000\000\000\000\000\000\000\000\000\000\000\000\000\000\000\000\000\000\000\000""; }; "
1750587271421,1750587271421,2715,1,1,4,TMLedgerData,"ledgerHash: ""u\315\243\367\211\2625\240r:n\277\003\026\366\353'\216jy9\\001\220\223~\341j\254O\025\257""; ledgerSeq: 0; type: liTS_CANDIDATE; nodes {;   nodedata: ""\022\000\000""\000\000\000\000$\000\000\000\001 \033\000\000\000\027a@\000\000\027H\206*@h@\000\000\000\000\000\000\ns!\0030\347\374\235V\273%\326\211;\243\363\027\256[\3173\263)\033\326=\263&T\243\023""/\177\320 tF0D\002 0\023\341\332; \2711\245\020\321\3300\345\267-)\230\177\246\236AQ\327\203\207H\226+\000%\336\002 \024\036\211\237\201t\376\272E\270\230\020\334\014\356g\273\025((\376\266\216@ \254^2T\233\013\034\201\024\265\367by\212S\325C\240\024\312\370\262\227\317\370\362\3717\350\203\024E0\246\210\344\325\345r\024T\251\006P\255\352\333\372\351\337\302\000"";   nodeid: ""\240\000\000\000\000\000\000\000\000\000\000\000\000\000\000\000\000\000\000\000\000\000\000\000\000\000\000\000\000\000\000\000\001""; }; requestCookie: 1; ","ledgerHash: ""u\315\243\367\211\2625\240r:n\277\003\026\366\353'\216jy9\\001\220\223~\341j\254O\025\257""; ledgerSeq: 0; type: liTS_CANDIDATE; nodes {;   nodedata: ""\022\000\000""\000\000\000\000$\000\000\000\001 \033\000\000\000\027a@\000\000\027H\206*@h@\000\000\000\000\000\000\ns!\0030\347\374\235V\273%\326\211;\243\363\027\256[\3173\263)\033\326=\263&T\243\023""/\177\320 tF0D\002 0\023\341\332; \2711\245\020\321\3300\345\267-)\230\177\246\236AQ\327\203\207H\226+\000%\336\002 \024\036\211\237\201t\376\272E\270\230\020\334\014\356g\273\025((\376\266\216@ \254^2T\233\013\034\201\024\265\367by\212S\325C\240\024\312\370\262\227\317\370\362\3717\350\203\024E0\246\210\344\325\345r\024T\251\006P\255\352\333\372\351\337\302\000"";   nodeid: ""\240\000\000\000\000\000\000\000\000\000\000\000\000\000\000\000\000\000\000\000\000\000\000\000\000\000\000\000\000\000\000\000\001""; }; requestCookie: 1; "
1750587271422,1750587271422,980,1,4,1,TMProposeSet,"proposeSeq: 0; currentTxHash: ""8h\232\211g)\354\005\246\256XI\265J\214\312}\261\211y\355]\0228j\360\0224\003\021%\014""; nodePubKey: ""\003\325Q\255\224\274R@\312\253\262\347\352\034\346\347\242\215,\312\376=\277\353{\350\225\301\305`^, ""; closeTime: 803902470; signature: ""0E\002!\000\254\354\354-Pf\355\262\022\304(\350\270oL\357Q&2\300\247\241\021\301\\264h\233\342\311c\251\002 M\250A\014\341\317\236g`\362\033\306j-e\003n\343\355\261\271\205\352\261k0D\027R\336O\244""; previousledger: ""\372\373$P*|\321\342\002\026\n\3215\340\3203\200x\327D\301]5\237\247Yz\3711!L\214""; ","proposeSeq: 0; currentTxHash: ""8h\232\211g)\354\005\246\256XI\265J\214\312}\261\211y\355]\0228j\360\0224\003\021%\014""; nodePubKey: ""\003\325Q\255\224\274R@\312\253\262\347\352\034\346\347\242\215,\312\376=\277\353{\350\225\301\305`^, ""; closeTime: 803902470; signature: ""0E\002!\000\254\354\354-Pf\355\262\022\304(\350\270oL\357Q&2\300\247\241\021\301\\264h\233\342\311c\251\002 M\250A\014\341\317\236g`\362\033\306j-e\003n\343\355\261\271\205\352\261k0D\027R\336O\244""; previousledger: ""\372\373$P*|\321\342\002\026\n\3215\340\3203\200x\327D\301]5\237\247Yz\3711!L\214""; "
1750587271453,1750587271453,2715,1,1,4,TMLedgerData,"ledgerHash: ""u\315\243\367\211\2625\240r:n\277\003\026\366\353'\216jy9\\001\220\223~\341j\254O\025\257""; ledgerSeq: 0; type: liTS_CANDIDATE; nodes {;   nodedata: ""\246C\232\272\013^\241\340~\030'\005/\234\037\355\231\230\017\266\365\303w\360\273\374\234\362S:\270\023\n\003"";   nodeid: ""\000\000\000\000\000\000\000\000\000\000\000\000\000\000\000\000\000\000\000\000\000\000\000\000\000\000\000\000\000\000\000\000\000""; }; requestCookie: 4; ","ledgerHash: ""u\315\243\367\211\2625\240r:n\277\003\026\366\353'\216jy9\\001\220\223~\341j\254O\025\257""; ledgerSeq: 0; type: liTS_CANDIDATE; nodes {;   nodedata: ""\246C\232\272\013^\241\340~\030'\005/\234\037\355\231\230\017\266\365\303w\360\273\374\234\362S:\270\023\n\003"";   nodeid: ""\000\000\000\000\000\000\000\000\000\000\000\000\000\000\000\000\000\000\000\000\000\000\000\000\000\000\000\000\000\000\000\000\000""; }; requestCookie: 4; "
1750587271453,1750587271454,3487,1,0,3,TMLedgerData,"ledgerHash: ""u\315\243\367\211\2625\240r:n\277\003\026\366\353'\216jy9\\001\220\223~\341j\254O\025\257""; ledgerSeq: 0; type: liTS_CANDIDATE; nodes {;   nodedata: ""\246C\232\272\013^\241\340~\030'\005/\234\037\355\231\230\017\266\365\303w\360\273\374\234\362S:\270\023\n\003"";   nodeid: ""\000\000\000\000\000\000\000\000\000\000\000\000\000\000\000\000\000\000\000\000\000\000\000\000\000\000\000\000\000\000\000\000\000""; }; ","ledgerHash: ""u\315\243\367\211\2625\240r:n\277\003\026\366\353'\216jy9\\001\220\223~\341j\254O\025\257""; ledgerSeq: 0; type: liTS_CANDIDATE; nodes {;   nodedata: ""\246C\232\272\013^\241\340~\030'\005/\234\037\355\231\230\017\266\365\303w\360\273\374\234\362S:\270\023\n\003"";   nodeid: ""\000\000\000\000\000\000\000\000\000\000\000\000\000\000\000\000\000\000\000\000\000\000\000\000\000\000\000\000\000\000\000\000\000""; }; "
1750587271462,1750587271462,2787,1,0,2,TMHaveTransactionSet,"status: tsHAVE; hash: ""u\315\243\367\211\2625\240r:n\277\003\026\366\353'\216jy9\\001\220\223~\341j\254O\025\257""; ","status: tsHAVE; hash: ""u\315\243\367\211\2625\240r:n\277\003\026\366\353'\216jy9\\001\220\223~\341j\254O\025\257""; "
1750587271463,1750587271463,1786,1,0,4,TMHaveTransactionSet,"status: tsHAVE; hash: ""u\315\243\367\211\2625\240r:n\277\003\026\366\353'\216jy9\\001\220\223~\341j\254O\025\257""; ","status: tsHAVE; hash: ""u\315\243\367\211\2625\240r:n\277\003\026\366\353'\216jy9\\001\220\223~\341j\254O\025\257""; "
1750587271463,1750587271463,1702,1,0,1,TMHaveTransactionSet,"status: tsHAVE; hash: ""u\315\243\367\211\2625\240r:n\277\003\026\366\353'\216jy9\\001\220\223~\341j\254O\025\257""; ","status: tsHAVE; hash: ""u\315\243\367\211\2625\240r:n\277\003\026\366\353'\216jy9\\001\220\223~\341j\254O\025\257""; "
1750587271493,1750587271494,1652,1,0,3,TMHaveTransactionSet,"status: tsHAVE; hash: ""u\315\243\367\211\2625\240r:n\277\003\026\366\353'\216jy9\\001\220\223~\341j\254O\025\257""; ","status: tsHAVE; hash: ""u\315\243\367\211\2625\240r:n\277\003\026\366\353'\216jy9\\001\220\223~\341j\254O\025\257""; "
1750587271500,1750587271500,2655,1,1,0,TMLedgerData,"ledgerHash: ""8h\232\211g)\354\005\246\256XI\265J\214\312}\261\211y\355]\0228j\360\0224\003\021%\014""; ledgerSeq: 0; type: liTS_CANDIDATE; nodes {;   nodedata: ""\022\000\000""\000\000\000\000$\000\000\000\001 \033\000\000\000\027a@\000\000\027H\206*@h@\000\000\000\000\000\000\ns!\0030\347\374\235V\273%\326\211;\243\363\027\256[\3173\263)\033\326=\263&T\243\023""/\177\320 tF0D\002 0\023\341\332; \2711\245\020\321\3300\345\267-)\230\177\246\236AQ\327\203\207H\226+\000%\336\002 \024\036\211\237\201t\376\272E\270\230\020\334\014\356g\273\025((\376\266\216@ \254^2T\233\013\034\201\024\265\367by\212S\325C\240\024\312\370\262\227\317\370\362\3717\350\203\024E0\246\210\344\325\345r\024T\251\006P\255\352\333\372\351\337\302\000"";   nodeid: ""\240\000\000\000\000\000\000\000\000\000\000\000\000\000\000\000\000\000\000\000\000\000\000\000\000\000\000\000\000\000\000\000\001""; }; ","ledgerHash: ""8h\232\211g)\354\005\246\256XI\265J\214\312}\261\211y\355]\0228j\360\0224\003\021%\014""; ledgerSeq: 0; type: liTS_CANDIDATE; nodes {;   nodedata: ""\022\000\000""\000\000\000\000$\000\000\000\001 \033\000\000\000\027a@\000\000\027H\206*@h@\000\000\000\000\000\000\ns!\0030\347\374\235V\273%\326\211;\243\363\027\256[\3173\263)\033\326=\263&T\243\023""/\177\320 tF0D\002 0\023\341\332; \2711\245\020\321\3300\345\267-)\230\177\246\236AQ\327\203\207H\226+\000%\336\002 \024\036\211\237\201t\376\272E\270\230\020\334\014\356g\273\025((\376\266\216@ \254^2T\233\013\034\201\024\265\367by\212S\325C\240\024\312\370\262\227\317\370\362\3717\350\203\024E0\246\210\344\325\345r\024T\251\006P\255\352\333\372\351\337\302\000"";   nodeid: ""\240\000\000\000\000\000\000\000\000\000\000\000\000\000\000\000\000\000\000\000\000\000\000\000\000\000\000\000\000\000\000\000\001""; }; "
1750587271504,1750587271504,3538,1,1,3,TMProposeSet,"proposeSeq: 0; currentTxHash: ""8h\232\211g)\354\005\246\256XI\265J\214\312}\261\211y\355]\0228j\360\0224\003\021%\014""; nodePubKey: ""\003\325Q\255\224\274R@\312\253\262\347\352\034\346\347\242\215,\312\376=\277\353{\350\225\301\305`^, ""; closeTime: 803902470; signature: ""0E\002!\000\254\354\354-Pf\355\262\022\304(\350\270oL\357Q&2\300\247\241\021\301\\264h\233\342\311c\251\002 M\250A\014\341\317\236g`\362\033\306j-e\003n\343\355\261\271\205\352\261k0D\027R\336O\244""; previousledger: ""\372\373$P*|\321\342\002\026\n\3215\340\3203\200x\327D\301]5\237\247Yz\3711!L\214""; ","proposeSeq: 0; currentTxHash: ""8h\232\211g)\354\005\246\256XI\265J\214\312}\261\211y\355]\0228j\360\0224\003\021%\014""; nodePubKey: ""\003\325Q\255\224\274R@\312\253\262\347\352\034\346\347\242\215,\312\376=\277\353{\350\225\301\305`^, ""; closeTime: 803902470; signature: ""0E\002!\000\254\354\354-Pf\355\262\022\304(\350\270oL\357Q&2\300\247\241\021\301\\264h\233\342\311c\251\002 M\250A\014\341\317\236g`\362\033\306j-e\003n\343\355\261\271\205\352\261k0D\027R\336O\244""; previousledger: ""\372\373$P*|\321\342\002\026\n\3215\340\3203\200x\327D\301]5\237\247Yz\3711!L\214""; "
1750587271504,1750587271505,3375,1,1,4,TMProposeSet,"proposeSeq: 0; currentTxHash: ""8h\232\211g)\354\005\246\256XI\265J\214\312}\261\211y\355]\0228j\360\0224\003\021%\014""; nodePubKey: ""\003\325Q\255\224\274R@\312\253\262\347\352\034\346\347\242\215,\312\376=\277\353{\350\225\301\305`^, ""; closeTime: 803902470; signature: ""0E\002!\000\254\354\354-Pf\355\262\022\304(\350\270oL\357Q&2\300\247\241\021\301\\264h\233\342\311c\251\002 M\250A\014\341\317\236g`\362\033\306j-e\003n\343\355\261\271\205\352\261k0D\027R\336O\244""; previousledger: ""\372\373$P*|\321\342\002\026\n\3215\340\3203\200x\327D\301]5\237\247Yz\3711!L\214""; ","proposeSeq: 0; currentTxHash: ""8h\232\211g)\354\005\246\256XI\265J\214\312}\261\211y\355]\0228j\360\0224\003\021%\014""; nodePubKey: ""\003\325Q\255\224\274R@\312\253\262\347\352\034\346\347\242\215,\312\376=\277\353{\350\225\301\305`^, ""; closeTime: 803902470; signature: ""0E\002!\000\254\354\354-Pf\355\262\022\304(\350\270oL\357Q&2\300\247\241\021\301\\264h\233\342\311c\251\002 M\250A\014\341\317\236g`\362\033\306j-e\003n\343\355\261\271\205\352\261k0D\027R\336O\244""; previousledger: ""\372\373$P*|\321\342\002\026\n\3215\340\3203\200x\327D\301]5\237\247Yz\3711!L\214""; "
1750587271505,1750587271505,1799,1,1,2,TMProposeSet,"proposeSeq: 0; currentTxHash: ""8h\232\211g)\354\005\246\256XI\265J\214\312}\261\211y\355]\0228j\360\0224\003\021%\014""; nodePubKey: ""\003\325Q\255\224\274R@\312\253\262\347\352\034\346\347\242\215,\312\376=\277\353{\350\225\301\305`^, ""; closeTime: 803902470; signature: ""0E\002!\000\254\354\354-Pf\355\262\022\304(\350\270oL\357Q&2\300\247\241\021\301\\264h\233\342\311c\251\002 M\250A\014\341\317\236g`\362\033\306j-e\003n\343\355\261\271\205\352\261k0D\027R\336O\244""; previousledger: ""\372\373$P*|\321\342\002\026\n\3215\340\3203\200x\327D\301]5\237\247Yz\3711!L\214""; ","proposeSeq: 0; currentTxHash: ""8h\232\211g)\354\005\246\256XI\265J\214\312}\261\211y\355]\0228j\360\0224\003\021%\014""; nodePubKey: ""\003\325Q\255\224\274R@\312\253\262\347\352\034\346\347\242\215,\312\376=\277\353{\350\225\301\305`^, ""; closeTime: 803902470; signature: ""0E\002!\000\254\354\354-Pf\355\262\022\304(\350\270oL\357Q&2\300\247\241\021\301\\264h\233\342\311c\251\002 M\250A\014\341\317\236g`\362\033\306j-e\003n\343\355\261\271\205\352\261k0D\027R\336O\244""; previousledger: ""\372\373$P*|\321\342\002\026\n\3215\340\3203\200x\327D\301]5\237\247Yz\3711!L\214""; "
1750587271508,1750587271508,2655,1,1,0,TMLedgerData,"ledgerHash: ""u\315\243\367\211\2625\240r:n\277\003\026\366\353'\216jy9\\001\220\223~\341j\254O\025\257""; ledgerSeq: 0; type: liTS_CANDIDATE; nodes {;   nodedata: ""\022\000\000""\000\000\000\000$\000\000\000\001 \033\000\000\000\027a@\000\000\027H\206*@h@\000\000\000\000\000\000\ns!\0030\347\374\235V\273%\326\211;\243\363\027\256[\3173\263)\033\326=\263&T\243\023""/\177\320 tF0D\002 0\023\341\332; \2711\245\020\321\3300\345\267-)\230\177\246\236AQ\327\203\207H\226+\000%\336\002 \024\036\211\237\201t\376\272E\270\230\020\334\014\356g\273\025((\376\266\216@ \254^2T\233\013\034\201\024\265\367by\212S\325C\240\024\312\370\262\227\317\370\362\3717\350\203\024E0\246\210\344\325\345r\024T\251\006P\255\352\333\372\351\337\302\000"";   nodeid: ""\240\000\000\000\000\000\000\000\000\000\000\000\000\000\000\000\000\000\000\000\000\000\000\000\000\000\000\000\000\000\000\000\001""; }; ","ledgerHash: ""u\315\243\367\211\2625\240r:n\277\003\026\366\353'\216jy9\\001\220\223~\341j\254O\025\257""; ledgerSeq: 0; type: liTS_CANDIDATE; nodes {;   nodedata: ""\022\000\000""\000\000\000\000$\000\000\000\001 \033\000\000\000\027a@\000\000\027H\206*@h@\000\000\000\000\000\000\ns!\0030\347\374\235V\273%\326\211;\243\363\027\256[\3173\263)\033\326=\263&T\243\023""/\177\320 tF0D\002 0\023\341\332; \2711\245\020\321\3300\345\267-)\230\177\246\236AQ\327\203\207H\226+\000%\336\002 \024\036\211\237\201t\376\272E\270\230\020\334\014\356g\273\025((\376\266\216@ \254^2T\233\013\034\201\024\265\367by\212S\325C\240\024\312\370\262\227\317\370\362\3717\350\203\024E0\246\210\344\325\345r\024T\251\006P\255\352\333\372\351\337\302\000"";   nodeid: ""\240\000\000\000\000\000\000\000\000\000\000\000\000\000\000\000\000\000\000\000\000\000\000\000\000\000\000\000\000\000\000\000\001""; }; "
1750587271527,1750587271527,3898,1,2,3,TMGetLedger,"itype: liTS_CANDIDATE; ledgerHash: ""u\315\243\367\211\2625\240r:n\277\003\026\366\353'\216jy9\\001\220\223~\341j\254O\025\257""; nodeIDs: ""\000\000\000\000\000\000\000\000\000\000\000\000\000\000\000\000\000\000\000\000\000\000\000\000\000\000\000\000\000\000\000\000\000""; requestCookie: 2; queryType: qtINDIRECT; queryDepth: 3; ","itype: liTS_CANDIDATE; ledgerHash: ""u\315\243\367\211\2625\240r:n\277\003\026\366\353'\216jy9\\001\220\223~\341j\254O\025\257""; nodeIDs: ""\000\000\000\000\000\000\000\000\000\000\000\000\000\000\000\000\000\000\000\000\000\000\000\000\000\000\000\000\000\000\000\000\000""; requestCookie: 2; queryType: qtINDIRECT; queryDepth: 3; "
1750587271540,1750587271540,483,1,3,4,TMProposeSet,"proposeSeq: 0; currentTxHash: ""8h\232\211g)\354\005\246\256XI\265J\214\312}\261\211y\355]\0228j\360\0224\003\021%\014""; nodePubKey: ""\003\343\005\311u\203\370\0338\3174\324\010\006\301\251\177\261\304eOX\262)FA-\022r\263wm\024""; closeTime: 803902470; signature: ""0E\002!\000\320}b\305\334\222[i\360\3527\340\n\010\230-\333\340qc\336\225$\343\371\3711Zd\271u3\002 x\324\367\216\373\354!\347\226h-\325\023\256\rc\026D\352z\025h_\3115zXl\234\227-\203""; previousledger: ""\372\373$P*|\321\342\002\026\n\3215\340\3203\200x\327D\301]5\237\247Yz\3711!L\214""; ","proposeSeq: 0; currentTxHash: ""8h\232\211g)\354\005\246\256XI\265J\214\312}\261\211y\355]\0228j\360\0224\003\021%\014""; nodePubKey: ""\003\343\005\311u\203\370\0338\3174\324\010\006\301\251\177\261\304eOX\262)FA-\022r\263wm\024""; closeTime: 803902470; signature: ""0E\002!\000\320}b\305\334\222[i\360\3527\340\n\010\230-\333\340qc\336\225$\343\371\3711Zd\271u3\002 x\324\367\216\373\354!\347\226h-\325\023\256\rc\026D\352z\025h_\3115zXl\234\227-\203""; previousledger: ""\372\373$P*|\321\342\002\026\n\3215\340\3203\200x\327D\301]5\237\247Yz\3711!L\214""; "
1750587271541,1750587271541,1317,1,3,2,TMProposeSet,"proposeSeq: 0; currentTxHash: ""8h\232\211g)\354\005\246\256XI\265J\214\312}\261\211y\355]\0228j\360\0224\003\021%\014""; nodePubKey: ""\003\343\005\311u\203\370\0338\3174\324\010\006\301\251\177\261\304eOX\262)FA-\022r\263wm\024""; closeTime: 803902470; signature: ""0E\002!\000\320}b\305\334\222[i\360\3527\340\n\010\230-\333\340qc\336\225$\343\371\3711Zd\271u3\002 x\324\367\216\373\354!\347\226h-\325\023\256\rc\026D\352z\025h_\3115zXl\234\227-\203""; previousledger: ""\372\373$P*|\321\342\002\026\n\3215\340\3203\200x\327D\301]5\237\247Yz\3711!L\214""; ","proposeSeq: 0; currentTxHash: ""8h\232\211g)\354\005\246\256XI\265J\214\312}\261\211y\355]\0228j\360\0224\003\021%\014""; nodePubKey: ""\003\343\005\311u\203\370\0338\3174\324\010\006\301\251\177\261\304eOX\262)FA-\022r\263wm\024""; closeTime: 803902470; signature: ""0E\002!\000\320}b\305\334\222[i\360\3527\340\n\010\230-\333\340qc\336\225$\343\371\3711Zd\271u3\002 x\324\367\216\373\354!\347\226h-\325\023\256\rc\026D\352z\025h_\3115zXl\234\227-\203""; previousledger: ""\372\373$P*|\321\342\002\026\n\3215\340\3203\200x\327D\301]5\237\247Yz\3711!L\214""; "
1750587271541,1750587271541,3656,1,3,1,TMProposeSet,"proposeSeq: 0; currentTxHash: ""8h\232\211g)\354\005\246\256XI\265J\214\312}\261\211y\355]\0228j\360\0224\003\021%\014""; nodePubKey: ""\003\343\005\311u\203\370\0338\3174\324\010\006\301\251\177\261\304eOX\262)FA-\022r\263wm\024""; closeTime: 803902470; signature: ""0E\002!\000\320}b\305\334\222[i\360\3527\340\n\010\230-\333\340qc\336\225$\343\371\3711Zd\271u3\002 x\324\367\216\373\354!\347\226h-\325\023\256\rc\026D\352z\025h_\3115zXl\234\227-\203""; previousledger: ""\372\373$P*|\321\342\002\026\n\3215\340\3203\200x\327D\301]5\237\247Yz\3711!L\214""; ","proposeSeq: 0; currentTxHash: ""8h\232\211g)\354\005\246\256XI\265J\214\312}\261\211y\355]\0228j\360\0224\003\021%\014""; nodePubKey: ""\003\343\005\311u\203\370\0338\3174\324\010\006\301\251\177\261\304eOX\262)FA-\022r\263wm\024""; closeTime: 803902470; signature: ""0E\002!\000\320}b\305\334\222[i\360\3527\340\n\010\230-\333\340qc\336\225$\343\371\3711Zd\271u3\002 x\324\367\216\373\354!\347\226h-\325\023\256\rc\026D\352z\025h_\3115zXl\234\227-\203""; previousledger: ""\372\373$P*|\321\342\002\026\n\3215\340\3203\200x\327D\301]5\237\247Yz\3711!L\214""; "
1750587271560,1750587271560,2655,1,1,0,TMLedgerData,"ledgerHash: ""u\315\243\367\211\2625\240r:n\277\003\026\366\353'\216jy9\\001\220\223~\341j\254O\025\257""; ledgerSeq: 0; type: liTS_CANDIDATE; nodes {;   nodedata: ""\022\000\000""\000\000\000\000$\000\000\000\001 \033\000\000\000\027a@\000\000\027H\206*@h@\000\000\000\000\000\000\ns!\0030\347\374\235V\273%\326\211;\243\363\027\256[\3173\263)\033\326=\263&T\243\023""/\177\320 tF0D\002 0\023\341\332; \2711\245\020\321\3300\345\267-)\230\177\246\236AQ\327\203\207H\226+\000%\336\002 \024\036\211\237\201t\376\272E\270\230\020\334\014\356g\273\025((\376\266\216@ \254^2T\233\013\034\201\024\265\367by\212S\325C\240\024\312\370\262\227\317\370\362\3717\350\203\024E0\246\210\344\325\345r\024T\251\006P\255\352\333\372\351\337\302\000"";   nodeid: ""\240\000\000\000\000\000\000\000\000\000\000\000\000\000\000\000\000\000\000\000\000\000\000\000\000\000\000\000\000\000\000\000\001""; }; ","ledgerHash: ""u\315\243\367\211\2625\240r:n\277\003\026\366\353'\216jy9\\001\220\223~\341j\254O\025\257""; ledgerSeq: 0; type: liTS_CANDIDATE; nodes {;   nodedata: ""\022\000\000""\000\000\000\000$\000\000\000\001 \033\000\000\000\027a@\000\000\027H\206*@h@\000\000\000\000\000\000\ns!\0030\347\374\235V\273%\326\211;\243\363\027\256[\3173\263)\033\326=\263&T\243\023""/\177\320 tF0D\002 0\023\341\332; \2711\245\020\321\3300\345\267-)\230\177\246\236AQ\327\203\207H\226+\000%\336\002 \024\036\211\237\201t\376\272E\270\230\020\334\014\356g\273\025((\376\266\216@ \254^2T\233\013\034\201\024\265\367by\212S\325C\240\024\312\370\262\227\317\370\362\3717\350\203\024E0\246\210\344\325\345r\024T\251\006P\255\352\333\372\351\337\302\000"";   nodeid: ""\240\000\000\000\000\000\000\000\000\000\000\000\000\000\000\000\000\000\000\000\000\000\000\000\000\000\000\000\000\000\000\000\001""; }; "
1750587271560,1750587271560,1786,1,0,4,TMHaveTransactionSet,"status: tsHAVE; hash: ""8h\232\211g)\354\005\246\256XI\265J\214\312}\261\211y\355]\0228j\360\0224\003\021%\014""; ","status: tsHAVE; hash: ""8h\232\211g)\354\005\246\256XI\265J\214\312}\261\211y\355]\0228j\360\0224\003\021%\014""; "
1750587271560,1750587271560,1652,1,0,3,TMHaveTransactionSet,"status: tsHAVE; hash: ""8h\232\211g)\354\005\246\256XI\265J\214\312}\261\211y\355]\0228j\360\0224\003\021%\014""; ","status: tsHAVE; hash: ""8h\232\211g)\354\005\246\256XI\265J\214\312}\261\211y\355]\0228j\360\0224\003\021%\014""; "
1750587271561,1750587271561,1702,1,0,1,TMHaveTransactionSet,"status: tsHAVE; hash: ""8h\232\211g)\354\005\246\256XI\265J\214\312}\261\211y\355]\0228j\360\0224\003\021%\014""; ","status: tsHAVE; hash: ""8h\232\211g)\354\005\246\256XI\265J\214\312}\261\211y\355]\0228j\360\0224\003\021%\014""; "
1750587271561,1750587271561,2787,1,0,2,TMHaveTransactionSet,"status: tsHAVE; hash: ""8h\232\211g)\354\005\246\256XI\265J\214\312}\261\211y\355]\0228j\360\0224\003\021%\014""; ","status: tsHAVE; hash: ""8h\232\211g)\354\005\246\256XI\265J\214\312}\261\211y\355]\0228j\360\0224\003\021%\014""; "
1750587271572,1750587271572,486,1,4,0,TMLedgerData,"ledgerHash: ""8h\232\211g)\354\005\246\256XI\265J\214\312}\261\211y\355]\0228j\360\0224\003\021%\014""; ledgerSeq: 0; type: liTS_CANDIDATE; nodes {;   nodedata: ""\222c\273c4\225\334\221\227u?\025\314=\305/\262\367\217\375\027j\323\304\372\312Fv\2716\001\355\t\246C\232\272\013^\241\340~\030'\005/\234\037\355\231\230\017\266\365\303w\360\273\374\234\362S:\270\023\n\270\212\275\306\204\271\274\361K|t\323\346\2174\324\362\014S]\301\325\344rY\277\343\351\364\374\023\263\013\003"";   nodeid: ""\000\000\000\000\000\000\000\000\000\000\000\000\000\000\000\000\000\000\000\000\000\000\000\000\000\000\000\000\000\000\000\000\000""; }; ","ledgerHash: ""8h\232\211g)\354\005\246\256XI\265J\214\312}\261\211y\355]\0228j\360\0224\003\021%\014""; ledgerSeq: 0; type: liTS_CANDIDATE; nodes {;   nodedata: ""\222c\273c4\225\334\221\227u?\025\314=\305/\262\367\217\375\027j\323\304\372\312Fv\2716\001\355\t\246C\232\272\013^\241\340~\030'\005/\234\037\355\231\230\017\266\365\303w\360\273\374\234\362S:\270\023\n\270\212\275\306\204\271\274\361K|t\323\346\2174\324\362\014S]\301\325\344rY\277\343\351\364\374\023\263\013\003"";   nodeid: ""\000\000\000\000\000\000\000\000\000\000\000\000\000\000\000\000\000\000\000\000\000\000\000\000\000\000\000\000\000\000\000\000\000""; }; "
1750587271587,1750587271587,557,1,4,1,TMGetLedger,"itype: liTS_CANDIDATE; ledgerHash: ""u\315\243\367\211\2625\240r:n\277\003\026\366\353'\216jy9\\001\220\223~\341j\254O\025\257""; nodeIDs: ""\240\000\000\000\000\000\000\000\000\000\000\000\000\000\000\000\000\000\000\000\000\000\000\000\000\000\000\000\000\000\000\000\001""; requestCookie: 1; queryType: qtINDIRECT; ","itype: liTS_CANDIDATE; ledgerHash: ""u\315\243\367\211\2625\240r:n\277\003\026\366\353'\216jy9\\001\220\223~\341j\254O\025\257""; nodeIDs: ""\240\000\000\000\000\000\000\000\000\000\000\000\000\000\000\000\000\000\000\000\000\000\000\000\000\000\000\000\000\000\000\000\001""; requestCookie: 1; queryType: qtINDIRECT; "
1750587271604,1750587271604,486,1,4,0,TMLedgerData,"ledgerHash: ""u\315\243\367\211\2625\240r:n\277\003\026\366\353'\216jy9\\001\220\223~\341j\254O\025\257""; ledgerSeq: 0; type: liTS_CANDIDATE; nodes {;   nodedata: ""\246C\232\272\013^\241\340~\030'\005/\234\037\355\231\230\017\266\365\303w\360\273\374\234\362S:\270\023\n\003"";   nodeid: ""\000\000\000\000\000\000\000\000\000\000\000\000\000\000\000\000\000\000\000\000\000\000\000\000\000\000\000\000\000\000\000\000\000""; }; ","ledgerHash: ""u\315\243\367\211\2625\240r:n\277\003\026\366\353'\216jy9\\001\220\223~\341j\254O\025\257""; ledgerSeq: 0; type: liTS_CANDIDATE; nodes {;   nodedata: ""\246C\232\272\013^\241\340~\030'\005/\234\037\355\231\230\017\266\365\303w\360\273\374\234\362S:\270\023\n\003"";   nodeid: ""\000\000\000\000\000\000\000\000\000\000\000\000\000\000\000\000\000\000\000\000\000\000\000\000\000\000\000\000\000\000\000\000\000""; }; "
1750587271619,1750587271619,2565,1,3,0,TMLedgerData,"ledgerHash: ""8h\232\211g)\354\005\246\256XI\265J\214\312}\261\211y\355]\0228j\360\0224\003\021%\014""; ledgerSeq: 0; type: liTS_CANDIDATE; nodes {;   nodedata: ""\222c\273c4\225\334\221\227u?\025\314=\305/\262\367\217\375\027j\323\304\372\312Fv\2716\001\355\t\246C\232\272\013^\241\340~\030'\005/\234\037\355\231\230\017\266\365\303w\360\273\374\234\362S:\270\023\n\270\212\275\306\204\271\274\361K|t\323\346\2174\324\362\014S]\301\325\344rY\277\343\351\364\374\023\263\013\003"";   nodeid: ""\000\000\000\000\000\000\000\000\000\000\000\000\000\000\000\000\000\000\000\000\000\000\000\000\000\000\000\000\000\000\000\000\000""; }; ","ledgerHash: ""8h\232\211g)\354\005\246\256XI\265J\214\312}\261\211y\355]\0228j\360\0224\003\021%\014""; ledgerSeq: 0; type: liTS_CANDIDATE; nodes {;   nodedata: ""\222c\273c4\225\334\221\227u?\025\314=\305/\262\367\217\375\027j\323\304\372\312Fv\2716\001\355\t\246C\232\272\013^\241\340~\030'\005/\234\037\355\231\230\017\266\365\303w\360\273\374\234\362S:\270\023\n\270\212\275\306\204\271\274\361K|t\323\346\2174\324\362\014S]\301\325\344rY\277\343\351\364\374\023\263\013\003"";   nodeid: ""\000\000\000\000\000\000\000\000\000\000\000\000\000\000\000\000\000\000\000\000\000\000\000\000\000\000\000\000\000\000\000\000\000""; }; "
1750587271624,1750587271624,557,1,4,1,TMGetLedger,"itype: liTS_CANDIDATE; ledgerHash: ""u\315\243\367\211\2625\240r:n\277\003\026\366\353'\216jy9\\001\220\223~\341j\254O\025\257""; nodeIDs: ""\000\000\000\000\000\000\000\000\000\000\000\000\000\000\000\000\000\000\000\000\000\000\000\000\000\000\000\000\000\000\000\000\000""; requestCookie: 4; queryType: qtINDIRECT; queryDepth: 3; ","itype: liTS_CANDIDATE; ledgerHash: ""u\315\243\367\211\2625\240r:n\277\003\026\366\353'\216jy9\\001\220\223~\341j\254O\025\257""; nodeIDs: ""\000\000\000\000\000\000\000\000\000\000\000\000\000\000\000\000\000\000\000\000\000\000\000\000\000\000\000\000\000\000\000\000\000""; requestCookie: 4; queryType: qtINDIRECT; queryDepth: 3; "
1750587271638,1750587271638,2715,1,1,4,TMLedgerData,"ledgerHash: ""u\315\243\367\211\2625\240r:n\277\003\026\366\353'\216jy9\\001\220\223~\341j\254O\025\257""; ledgerSeq: 0; type: liTS_CANDIDATE; nodes {;   nodedata: ""\022\000\000""\000\000\000\000$\000\000\000\001 \033\000\000\000\027a@\000\000\027H\206*@h@\000\000\000\000\000\000\ns!\0030\347\374\235V\273%\326\211;\243\363\027\256[\3173\263)\033\326=\263&T\243\023""/\177\320 tF0D\002 0\023\341\332; \2711\245\020\321\3300\345\267-)\230\177\246\236AQ\327\203\207H\226+\000%\336\002 \024\036\211\237\201t\376\272E\270\230\020\334\014\356g\273\025((\376\266\216@ \254^2T\233\013\034\201\024\265\367by\212S\325C\240\024\312\370\262\227\317\370\362\3717\350\203\024E0\246\210\344\325\345r\024T\251\006P\255\352\333\372\351\337\302\000"";   nodeid: ""\240\000\000\000\000\000\000\000\000\000\000\000\000\000\000\000\000\000\000\000\000\000\000\000\000\000\000\000\000\000\000\000\001""; }; requestCookie: 1; ","ledgerHash: ""u\315\243\367\211\2625\240r:n\277\003\026\366\353'\216jy9\\001\220\223~\341j\254O\025\257""; ledgerSeq: 0; type: liTS_CANDIDATE; nodes {;   nodedata: ""\022\000\000""\000\000\000\000$\000\000\000\001 \033\000\000\000\027a@\000\000\027H\206*@h@\000\000\000\000\000\000\ns!\0030\347\374\235V\273%\326\211;\243\363\027\256[\3173\263)\033\326=\263&T\243\023""/\177\320 tF0D\002 0\023\341\332; \2711\245\020\321\3300\345\267-)\230\177\246\236AQ\327\203\207H\226+\000%\336\002 \024\036\211\237\201t\376\272E\270\230\020\334\014\356g\273\025((\376\266\216@ \254^2T\233\013\034\201\024\265\367by\212S\325C\240\024\312\370\262\227\317\370\362\3717\350\203\024E0\246\210\344\325\345r\024T\251\006P\255\352\333\372\351\337\302\000"";   nodeid: ""\240\000\000\000\000\000\000\000\000\000\000\000\000\000\000\000\000\000\000\000\000\000\000\000\000\000\000\000\000\000\000\000\001""; }; requestCookie: 1; "
1750587271642,1750587271642,1357,1,4,3,TMValidation,"validation: """"\200\000\000\001&\000\000\000\005)/\352\224\005:\211l\014`\252m\212dQ\372\373$P*|\321\342\002\026\n\3215\340\3203\200x\327D\301]5\237\247Yz\3711!L\214P\027\000\000\000\000\000\000\000\000\000\000\000\000\000\000\000\000\000\000\000\000\000\000\000\000\000\000\000\000\000\000\000\000P\031\241'\332/+\360Bx\036+\210j\237K%\340]\246E\2434\264K\036\030qP\317\315\336\325\007s!\003\325Q\255\224\274R@\312\253\262\347\352\034\346\347\242\215,\312\376=\277\353{\350\225\301\305`^, vG0E\002!\000\343H[u\237f\000\212\3116\003""\335\255\321\226_\216\363\250\372l@\312\221\356;\300\234\356m\336\002 ""\360k\020\027K\224\353<|>\234\365\240\322\007)r<j\2548\251A=\246\305\264%#~\224""; ","validation: """"\200\000\000\001&\000\000\000\005)/\352\224\005:\211l\014`\252m\212dQ\372\373$P*|\321\342\002\026\n\3215\340\3203\200x\327D\301]5\237\247Yz\3711!L\214P\027\000\000\000\000\000\000\000\000\000\000\000\000\000\000\000\000\000\000\000\000\000\000\000\000\000\000\000\000\000\000\000\000P\031\241'\332/+\360Bx\036+\210j\237K%\340]\246E\2434\264K\036\030qP\317\315\336\325\007s!\003\325Q\255\224\274R@\312\253\262\347\352\034\346\347\242\215,\312\376=\277\353{\350\225\301\305`^, vG0E\002!\000\343H[u\237f\000\212\3116\003""\335\255\321\226_\216\363\250\372l@\312\221\356;\300\234\356m\336\002 ""\360k\020\027K\224\353<|>\234\365\240\322\007)r<j\2548\251A=\246\305\264%#~\224""; "
1750587271642,1750587271642,2819,1,4,1,TMValidation,"validation: """"\200\000\000\001&\000\000\000\005)/\352\224\005:\211l\014`\252m\212dQ\372\373$P*|\321\342\002\026\n\3215\340\3203\200x\327D\301]5\237\247Yz\3711!L\214P\027\000\000\000\000\000\000\000\000\000\000\000\000\000\000\000\000\000\000\000\000\000\000\000\000\000\000\000\000\000\000\000\000P\031\241'\332/+\360Bx\036+\210j\237K%\340]\246E\2434\264K\036\030qP\317\315\336\325\007s!\003\325Q\255\224\274R@\312\253\262\347\352\034\346\347\242\215,\312\376=\277\353{\350\225\301\305`^, vG0E\002!\000\343H[u\237f\000\212\3116\003""\335\255\321\226_\216\363\250\372l@\312\221\356;\300\234\356m\336\002 ""\360k\020\027K\224\353<|>\234\365\240\322\007)r<j\2548\251A=\246\305\264%#~\224""; ","validation: """"\200\000\000\001&\000\000\000\005)/\352\224\005:\211l\014`\252m\212dQ\372\373$P*|\321\342\002\026\n\3215\340\3203\200x\327D\301]5\237\247Yz\3711!L\214P\027\000\000\000\000\000\000\000\000\000\000\000\000\000\000\000\000\000\000\000\000\000\000\000\000\000\000\000\000\000\000\000\000P\031\241'\332/+\360Bx\036+\210j\237K%\340]\246E\2434\264K\036\030qP\317\315\336\325\007s!\003\325Q\255\224\274R@\312\253\262\347\352\034\346\347\242\215,\312\376=\277\353{\350\225\301\305`^, vG0E\002!\000\343H[u\237f\000\212\3116\003""\335\255\321\226_\216\363\250\372l@\312\221\356;\300\234\356m\336\002 ""\360k\020\027K\224\353<|>\234\365\240\322\007)r<j\2548\251A=\246\305\264%#~\224""; "
1750587271645,1750587271646,3559,1,4,0,TMValidation,"validation: """"\200\000\000\001&\000\000\000\005)/\352\224\005:\211l\014`\252m\212dQ\372\373$P*|\321\342\002\026\n\3215\340\3203\200x\327D\301]5\237\247Yz\3711!L\214P\027\000\000\000\000\000\000\000\000\000\000\000\000\000\000\000\000\000\000\000\000\000\000\000\000\000\000\000\000\000\000\000\000P\031\241'\332/+\360Bx\036+\210j\237K%\340]\246E\2434\264K\036\030qP\317\315\336\325\007s!\003\325Q\255\224\274R@\312\253\262\347\352\034\346\347\242\215,\312\376=\277\353{\350\225\301\305`^, vG0E\002!\000\343H[u\237f\000\212\3116\003""\335\255\321\226_\216\363\250\372l@\312\221\356;\300\234\356m\336\002 ""\360k\020\027K\224\353<|>\234\365\240\322\007)r<j\2548\251A=\246\305\264%#~\224""; ","validation: """"\200\000\000\001&\000\000\000\005)/\352\224\005:\211l\014`\252m\212dQ\372\373$P*|\321\342\002\026\n\3215\340\3203\200x\327D\301]5\237\247Yz\3711!L\214P\027\000\000\000\000\000\000\000\000\000\000\000\000\000\000\000\000\000\000\000\000\000\000\000\000\000\000\000\000\000\000\000\000P\031\241'\332/+\360Bx\036+\210j\237K%\340]\246E\2434\264K\036\030qP\317\315\336\325\007s!\003\325Q\255\224\274R@\312\253\262\347\352\034\346\347\242\215,\312\376=\277\353{\350\225\301\305`^, vG0E\002!\000\343H[u\237f\000\212\3116\003""\335\255\321\226_\216\363\250\372l@\312\221\356;\300\234\356m\336\002 ""\360k\020\027K\224\353<|>\234\365\240\322\007)r<j\2548\251A=\246\305\264%#~\224""; "
1750587271659,1750587271659,2565,1,3,0,TMLedgerData,"ledgerHash: ""u\315\243\367\211\2625\240r:n\277\003\026\366\353'\216jy9\\001\220\223~\341j\254O\025\257""; ledgerSeq: 0; type: liTS_CANDIDATE; nodes {;   nodedata: ""\022\000\000""\000\000\000\000$\000\000\000\001 \033\000\000\000\027a@\000\000\027H\206*@h@\000\000\000\000\000\000\ns!\0030\347\374\235V\273%\326\211;\243\363\027\256[\3173\263)\033\326=\263&T\243\023""/\177\320 tF0D\002 0\023\341\332; \2711\245\020\321\3300\345\267-)\230\177\246\236AQ\327\203\207H\226+\000%\336\002 \024\036\211\237\201t\376\272E\270\230\020\334\014\356g\273\025((\376\266\216@ \254^2T\233\013\034\201\024\265\367by\212S\325C\240\024\312\370\262\227\317\370\362\3717\350\203\024E0\246\210\344\325\345r\024T\251\006P\255\352\333\372\351\337\302\000"";   nodeid: ""\240\000\000\000\000\000\000\000\000\000\000\000\000\000\000\000\000\000\000\000\000\000\000\000\000\000\000\000\000\000\000\000\001""; }; ","ledgerHash: ""u\315\243\367\211\2625\240r:n\277\003\026\366\353'\216jy9\\001\220\223~\341j\254O\025\257""; ledgerSeq: 0; type: liTS_CANDIDATE; nodes {;   nodedata: ""\022\000\000""\000\000\000\000$\000\000\000\001 \033\000\000\000\027a@\000\000\027H\206*@h@\000\000\000\000\000\000\ns!\0030\347\374\235V\273%\326\211;\243\363\027\256[\3173\263)\033\326=\263&T\243\023""/\177\320 tF0D\002 0\023\341\332; \2711\245\020\321\3300\345\267-)\230\177\246\236AQ\327\203\207H\226+\000%\336\002 \024\036\211\237\201t\376\272E\270\230\020\334\014\356g\273\025((\376\266\216@ \254^2T\233\013\034\201\024\265\367by\212S\325C\240\024\312\370\262\227\317\370\362\3717\350\203\024E0\246\210\344\325\345r\024T\251\006P\255\352\333\372\351\337\302\000"";   nodeid: ""\240\000\000\000\000\000\000\000\000\000\000\000\000\000\000\000\000\000\000\000\000\000\000\000\000\000\000\000\000\000\000\000\001""; }; "
1750587271664,1750587271664,734,1,3,2,TMValidation,"validation: """"\200\000\000\001&\000\000\000\005)/\352\224\005:Q\231\304\227'3\313\030Q\372\373$P*|\321\342\002\026\n\3215\340\3203\200x\327D\301]5\237\247Yz\3711!L\214P\027\000\000\000\000\000\000\000\000\000\000\000\000\000\000\000\000\000\000\000\000\000\000\000\000\000\000\000\000\000\000\000\000P\031\241'\332/+\360Bx\036+\210j\237K%\340]\246E\2434\264K\036\030qP\317\315\336\325\007s!\003ql\302)\235\321\t\213\224\356\374%%\311\327\037\374\304\t\335\2359\344\233\035]\347<u\236\364\222vF0D\002 2\004s\334\013u\246}\t\210@\023\365\220Yq\024\315\3569\036o\345\200\210\325\267\250z\007BL\002 W\205\010/\270s\325\234\001d\213\037A\224\177\216\362\3224\270vh<\321\316\035\303\310\245\006\371X""; ","validation: """"\200\000\000\001&\000\000\000\005)/\352\224\005:Q\231\304\227'3\313\030Q\372\373$P*|\321\342\002\026\n\3215\340\3203\200x\327D\301]5\237\247Yz\3711!L\214P\027\000\000\000\000\000\000\000\000\000\000\000\000\000\000\000\000\000\000\000\000\000\000\000\000\000\000\000\000\000\000\000\000P\031\241'\332/+\360Bx\036+\210j\237K%\340]\246E\2434\264K\036\030qP\317\315\336\325\007s!\003ql\302)\235\321\t\213\224\356\374%%\311\327\037\374\304\t\335\2359\344\233\035]\347<u\236\364\222vF0D\002 2\004s\334\013u\246}\t\210@\023\365\220Yq\024\315\3569\036o\345\200\210\325\267\250z\007BL\002 W\205\010/\270s\325\234\001d\213\037A\224\177\216\362\3224\270vh<\321\316\035\303\310\245\006\371X""; "
1750587271664,1750587271664,3501,1,3,4,TMValidation,"validation: """"\200\000\000\001&\000\000\000\005)/\352\224\005:Q\231\304\227'3\313\030Q\372\373$P*|\321\342\002\026\n\3215\340\3203\200x\327D\301]5\237\247Yz\3711!L\214P\027\000\000\000\000\000\000\000\000\000\000\000\000\000\000\000\000\000\000\000\000\000\000\000\000\000\000\000\000\000\000\000\000P\031\241'\332/+\360Bx\036+\210j\237K%\340]\246E\2434\264K\036\030qP\317\315\336\325\007s!\003ql\302)\235\321\t\213\224\356\374%%\311\327\037\374\304\t\335\2359\344\233\035]\347<u\236\364\222vF0D\002 2\004s\334\013u\246}\t\210@\023\365\220Yq\024\315\3569\036o\345\200\210\325\267\250z\007BL\002 W\205\010/\270s\325\234\001d\213\037A\224\177\216\362\3224\270vh<\321\316\035\303\310\245\006\371X""; ","validation: """"\200\000\000\001&\000\000\000\005)/\352\224\005:Q\231\304\227'3\313\030Q\372\373$P*|\321\342\002\026\n\3215\340\3203\200x\327D\301]5\237\247Yz\3711!L\214P\027\000\000\000\000\000\000\000\000\000\000\000\000\000\000\000\000\000\000\000\000\000\000\000\000\000\000\000\000\000\000\000\000P\031\241'\332/+\360Bx\036+\210j\237K%\340]\246E\2434\264K\036\030qP\317\315\336\325\007s!\003ql\302)\235\321\t\213\224\356\374%%\311\327\037\374\304\t\335\2359\344\233\035]\347<u\236\364\222vF0D\002 2\004s\334\013u\246}\t\210@\023\365\220Yq\024\315\3569\036o\345\200\210\325\267\250z\007BL\002 W\205\010/\270s\325\234\001d\213\037A\224\177\216\362\3224\270vh<\321\316\035\303\310\245\006\371X""; "
1750587271665,1750587271665,3767,1,3,0,TMValidation,"validation: """"\200\000\000\001&\000\000\000\005)/\352\224\005:Q\231\304\227'3\313\030Q\372\373$P*|\321\342\002\026\n\3215\340\3203\200x\327D\301]5\237\247Yz\3711!L\214P\027\000\000\000\000\000\000\000\000\000\000\000\000\000\000\000\000\000\000\000\000\000\000\000\000\000\000\000\000\000\000\000\000P\031\241'\332/+\360Bx\036+\210j\237K%\340]\246E\2434\264K\036\030qP\317\315\336\325\007s!\003ql\302)\235\321\t\213\224\356\374%%\311\327\037\374\304\t\335\2359\344\233\035]\347<u\236\364\222vF0D\002 2\004s\334\013u\246}\t\210@\023\365\220Yq\024\315\3569\036o\345\200\210\325\267\250z\007BL\002 W\205\010/\270s\325\234\001d\213\037A\224\177\216\362\3224\270vh<\321\316\035\303\310\245\006\371X""; ","validation: """"\200\000\000\001&\000\000\000\005)/\352\224\005:Q\231\304\227'3\313\030Q\372\373$P*|\321\342\002\026\n\3215\340\3203\200x\327D\301]5\237\247Yz\3711!L\214P\027\000\000\000\000\000\000\000\000\000\000\000\000\000\000\000\000\000\000\000\000\000\000\000\000\000\000\000\000\000\000\000\000P\031\241'\332/+\360Bx\036+\210j\237K%\340]\246E\2434\264K\036\030qP\317\315\336\325\007s!\003ql\302)\235\321\t\213\224\356\374%%\311\327\037\374\304\t\335\2359\344\233\035]\347<u\236\364\222vF0D\002 2\004s\334\013u\246}\t\210@\023\365\220Yq\024\315\3569\036o\345\200\210\325\267\250z\007BL\002 W\205\010/\270s\325\234\001d\213\037A\224\177\216\362\3224\270vh<\321\316\035\303\310\245\006\371X""; "
1750587271665,1750587271665,1102,1,2,3,TMLedgerData,"ledgerHash: ""u\315\243\367\211\2625\240r:n\277\003\026\366\353'\216jy9\\001\220\223~\341j\254O\025\257""; ledgerSeq: 0; type: liTS_CANDIDATE; nodes {;   nodedata: ""\246C\232\272\013^\241\340~\030'\005/\234\037\355\231\230\017\266\365\303w\360\273\374\234\362S:\270\023\n\003"";   nodeid: ""\000\000\000\000\000\000\000\000\000\000\000\000\000\000\000\000\000\000\000\000\000\000\000\000\000\000\000\000\000\000\000\000\000""; }; ","ledgerHash: ""u\315\243\367\211\2625\240r:n\277\003\026\366\353'\216jy9\\001\220\223~\341j\254O\025\257""; ledgerSeq: 0; type: liTS_CANDIDATE; nodes {;   nodedata: ""\246C\232\272\013^\241\340~\030'\005/\234\037\355\231\230\017\266\365\303w\360\273\374\234\362S:\270\023\n\003"";   nodeid: ""\000\000\000\000\000\000\000\000\000\000\000\000\000\000\000\000\000\000\000\000\000\000\000\000\000\000\000\000\000\000\000\000\000""; }; "
1750587271669,1750587271670,2565,1,3,0,TMLedgerData,"ledgerHash: ""u\315\243\367\211\2625\240r:n\277\003\026\366\353'\216jy9\\001\220\223~\341j\254O\025\257""; ledgerSeq: 0; type: liTS_CANDIDATE; nodes {;   nodedata: ""\246C\232\272\013^\241\340~\030'\005/\234\037\355\231\230\017\266\365\303w\360\273\374\234\362S:\270\023\n\003"";   nodeid: ""\000\000\000\000\000\000\000\000\000\000\000\000\000\000\000\000\000\000\000\000\000\000\000\000\000\000\000\000\000\000\000\000\000""; }; ","ledgerHash: ""u\315\243\367\211\2625\240r:n\277\003\026\366\353'\216jy9\\001\220\223~\341j\254O\025\257""; ledgerSeq: 0; type: liTS_CANDIDATE; nodes {;   nodedata: ""\246C\232\272\013^\241\340~\030'\005/\234\037\355\231\230\017\266\365\303w\360\273\374\234\362S:\270\023\n\003"";   nodeid: ""\000\000\000\000\000\000\000\000\000\000\000\000\000\000\000\000\000\000\000\000\000\000\000\000\000\000\000\000\000\000\000\000\000""; }; "
1750587271684,1750587271684,2715,1,1,4,TMLedgerData,"ledgerHash: ""u\315\243\367\211\2625\240r:n\277\003\026\366\353'\216jy9\\001\220\223~\341j\254O\025\257""; ledgerSeq: 0; type: liTS_CANDIDATE; nodes {;   nodedata: ""\246C\232\272\013^\241\340~\030'\005/\234\037\355\231\230\017\266\365\303w\360\273\374\234\362S:\270\023\n\003"";   nodeid: ""\000\000\000\000\000\000\000\000\000\000\000\000\000\000\000\000\000\000\000\000\000\000\000\000\000\000\000\000\000\000\000\000\000""; }; requestCookie: 4; ","ledgerHash: ""u\315\243\367\211\2625\240r:n\277\003\026\366\353'\216jy9\\001\220\223~\341j\254O\025\257""; ledgerSeq: 0; type: liTS_CANDIDATE; nodes {;   nodedata: ""\246C\232\272\013^\241\340~\030'\005/\234\037\355\231\230\017\266\365\303w\360\273\374\234\362S:\270\023\n\003"";   nodeid: ""\000\000\000\000\000\000\000\000\000\000\000\000\000\000\000\000\000\000\000\000\000\000\000\000\000\000\000\000\000\000\000\000\000""; }; requestCookie: 4; "
1750587271700,1750587271700,1289,1,1,3,TMValidation,"validation: """"\200\000\000\001&\000\000\000\005)/\352\224\005:\211l\014`\252m\212dQ\372\373$P*|\321\342\002\026\n\3215\340\3203\200x\327D\301]5\237\247Yz\3711!L\214P\027\000\000\000\000\000\000\000\000\000\000\000\000\000\000\000\000\000\000\000\000\000\000\000\000\000\000\000\000\000\000\000\000P\031\241'\332/+\360Bx\036+\210j\237K%\340]\246E\2434\264K\036\030qP\317\315\336\325\007s!\003\325Q\255\224\274R@\312\253\262\347\352\034\346\347\242\215,\312\376=\277\353{\350\225\301\305`^, vG0E\002!\000\343H[u\237f\000\212\3116\003""\335\255\321\226_\216\363\250\372l@\312\221\356;\300\234\356m\336\002 ""\360k\020\027K\224\353<|>\234\365\240\322\007)r<j\2548\251A=\246\305\264%#~\224""; ","validation: """"\200\000\000\001&\000\000\000\005)/\352\224\005:\211l\014`\252m\212dQ\372\373$P*|\321\342\002\026\n\3215\340\3203\200x\327D\301]5\237\247Yz\3711!L\214P\027\000\000\000\000\000\000\000\000\000\000\000\000\000\000\000\000\000\000\000\000\000\000\000\000\000\000\000\000\000\000\000\000P\031\241'\332/+\360Bx\036+\210j\237K%\340]\246E\2434\264K\036\030qP\317\315\336\325\007s!\003\325Q\255\224\274R@\312\253\262\347\352\034\346\347\242\215,\312\376=\277\353{\350\225\301\305`^, vG0E\002!\000\343H[u\237f\000\212\3116\003""\335\255\321\226_\216\363\250\372l@\312\221\356;\300\234\356m\336\002 ""\360k\020\027K\224\353<|>\234\365\240\322\007)r<j\2548\251A=\246\305\264%#~\224""; "
1750587271700,1750587271700,3090,1,1,0,TMValidation,"validation: """"\200\000\000\001&\000\000\000\005)/\352\224\005:\211l\014`\252m\212dQ\372\373$P*|\321\342\002\026\n\3215\340\3203\200x\327D\301]5\237\247Yz\3711!L\214P\027\000\000\000\000\000\000\000\000\000\000\000\000\000\000\000\000\000\000\000\000\000\000\000\000\000\000\000\000\000\000\000\000P\031\241'\332/+\360Bx\036+\210j\237K%\340]\246E\2434\264K\036\030qP\317\315\336\325\007s!\003\325Q\255\224\274R@\312\253\262\347\352\034\346\347\242\215,\312\376=\277\353{\350\225\301\305`^, vG0E\002!\000\343H[u\237f\000\212\3116\003""\335\255\321\226_\216\363\250\372l@\312\221\356;\300\234\356m\336\002 ""\360k\020\027K\224\353<|>\234\365\240\322\007)r<j\2548\251A=\246\305\264%#~\224""; ","validation: """"\200\000\000\001&\000\000\000\005)/\352\224\005:\211l\014`\252m\212dQ\372\373$P*|\321\342\002\026\n\3215\340\3203\200x\327D\301]5\237\247Yz\3711!L\214P\027\000\000\000\000\000\000\000\000\000\000\000\000\000\000\000\000\000\000\000\000\000\000\000\000\000\000\000\000\000\000\000\000P\031\241'\332/+\360Bx\036+\210j\237K%\340]\246E\2434\264K\036\030qP\317\315\336\325\007s!\003\325Q\255\224\274R@\312\253\262\347\352\034\346\347\242\215,\312\376=\277\353{\350\225\301\305`^, vG0E\002!\000\343H[u\237f\000\212\3116\003""\335\255\321\226_\216\363\250\372l@\312\221\356;\300\234\356m\336\002 ""\360k\020\027K\224\353<|>\234\365\240\322\007)r<j\2548\251A=\246\305\264%#~\224""; "
1750587271704,1750587271704,3487,1,0,3,TMLedgerData,"ledgerHash: ""u\315\243\367\211\2625\240r:n\277\003\026\366\353'\216jy9\\001\220\223~\341j\254O\025\257""; ledgerSeq: 0; type: liTS_CANDIDATE; nodes {;   nodedata: ""\246C\232\272\013^\241\340~\030'\005/\234\037\355\231\230\017\266\365\303w\360\273\374\234\362S:\270\023\n\003"";   nodeid: ""\000\000\000\000\000\000\000\000\000\000\000\000\000\000\000\000\000\000\000\000\000\000\000\000\000\000\000\000\000\000\000\000\000""; }; ","ledgerHash: ""u\315\243\367\211\2625\240r:n\277\003\026\366\353'\216jy9\\001\220\223~\341j\254O\025\257""; ledgerSeq: 0; type: liTS_CANDIDATE; nodes {;   nodedata: ""\246C\232\272\013^\241\340~\030'\005/\234\037\355\231\230\017\266\365\303w\360\273\374\234\362S:\270\023\n\003"";   nodeid: ""\000\000\000\000\000\000\000\000\000\000\000\000\000\000\000\000\000\000\000\000\000\000\000\000\000\000\000\000\000\000\000\000\000""; }; "
1750587271725,1750587271725,1939,1,1,4,TMValidation,"validation: """"\200\000\000\001&\000\000\000\005)/\352\224\005:\211l\014`\252m\212dQ\372\373$P*|\321\342\002\026\n\3215\340\3203\200x\327D\301]5\237\247Yz\3711!L\214P\027\000\000\000\000\000\000\000\000\000\000\000\000\000\000\000\000\000\000\000\000\000\000\000\000\000\000\000\000\000\000\000\000P\031\241'\332/+\360Bx\036+\210j\237K%\340]\246E\2434\264K\036\030qP\317\315\336\325\007s!\003\325Q\255\224\274R@\312\253\262\347\352\034\346\347\242\215,\312\376=\277\353{\350\225\301\305`^, vG0E\002!\000\343H[u\237f\000\212\3116\003""\335\255\321\226_\216\363\250\372l@\312\221\356;\300\234\356m\336\002 ""\360k\020\027K\224\353<|>\234\365\240\322\007)r<j\2548\251A=\246\305\264%#~\224""; ","validation: """"\200\000\000\001&\000\000\000\005)/\352\224\005:\211l\014`\252m\212dQ\372\373$P*|\321\342\002\026\n\3215\340\3203\200x\327D\301]5\237\247Yz\3711!L\214P\027\000\000\000\000\000\000\000\000\000\000\000\000\000\000\000\000\000\000\000\000\000\000\000\000\000\000\000\000\000\000\000\000P\031\241'\332/+\360Bx\036+\210j\237K%\340]\246E\2434\264K\036\030qP\317\315\336\325\007s!\003\325Q\255\224\274R@\312\253\262\347\352\034\346\347\242\215,\312\376=\277\353{\350\225\301\305`^, vG0E\002!\000\343H[u\237f\000\212\3116\003""\335\255\321\226_\216\363\250\372l@\312\221\356;\300\234\356m\336\002 ""\360k\020\027K\224\353<|>\234\365\240\322\007)r<j\2548\251A=\246\305\264%#~\224""; "
1750587271749,1750587271750,2655,1,1,0,TMLedgerData,"ledgerHash: ""8h\232\211g)\354\005\246\256XI\265J\214\312}\261\211y\355]\0228j\360\0224\003\021%\014""; ledgerSeq: 0; type: liTS_CANDIDATE; nodes {;   nodedata: ""\022\000\000""\000\000\000\000$\000\000\000\001 \033\000\000\000\027a@\000\000\027H\206*@h@\000\000\000\000\000\000\ns!\0030\347\374\235V\273%\326\211;\243\363\027\256[\3173\263)\033\326=\263&T\243\023""/\177\320 tF0D\002 0\023\341\332; \2711\245\020\321\3300\345\267-)\230\177\246\236AQ\327\203\207H\226+\000%\336\002 \024\036\211\237\201t\376\272E\270\230\020\334\014\356g\273\025((\376\266\216@ \254^2T\233\013\034\201\024\265\367by\212S\325C\240\024\312\370\262\227\317\370\362\3717\350\203\024E0\246\210\344\325\345r\024T\251\006P\255\352\333\372\351\337\302\000"";   nodeid: ""\240\000\000\000\000\000\000\000\000\000\000\000\000\000\000\000\000\000\000\000\000\000\000\000\000\000\000\000\000\000\000\000\001""; }; ","ledgerHash: ""8h\232\211g)\354\005\246\256XI\265J\214\312}\261\211y\355]\0228j\360\0224\003\021%\014""; ledgerSeq: 0; type: liTS_CANDIDATE; nodes {;   nodedata: ""\022\000\000""\000\000\000\000$\000\000\000\001 \033\000\000\000\027a@\000\000\027H\206*@h@\000\000\000\000\000\000\ns!\0030\347\374\235V\273%\326\211;\243\363\027\256[\3173\263)\033\326=\263&T\243\023""/\177\320 tF0D\002 0\023\341\332; \2711\245\020\321\3300\345\267-)\230\177\246\236AQ\327\203\207H\226+\000%\336\002 \024\036\211\237\201t\376\272E\270\230\020\334\014\356g\273\025((\376\266\216@ \254^2T\233\013\034\201\024\265\367by\212S\325C\240\024\312\370\262\227\317\370\362\3717\350\203\024E0\246\210\344\325\345r\024T\251\006P\255\352\333\372\351\337\302\000"";   nodeid: ""\240\000\000\000\000\000\000\000\000\000\000\000\000\000\000\000\000\000\000\000\000\000\000\000\000\000\000\000\000\000\000\000\001""; }; "
1750587271758,1750587271758,2655,1,1,0,TMLedgerData,"ledgerHash: ""u\315\243\367\211\2625\240r:n\277\003\026\366\353'\216jy9\\001\220\223~\341j\254O\025\257""; ledgerSeq: 0; type: liTS_CANDIDATE; nodes {;   nodedata: ""\022\000\000""\000\000\000\000$\000\000\000\001 \033\000\000\000\027a@\000\000\027H\206*@h@\000\000\000\000\000\000\ns!\0030\347\374\235V\273%\326\211;\243\363\027\256[\3173\263)\033\326=\263&T\243\023""/\177\320 tF0D\002 0\023\341\332; \2711\245\020\321\3300\345\267-)\230\177\246\236AQ\327\203\207H\226+\000%\336\002 \024\036\211\237\201t\376\272E\270\230\020\334\014\356g\273\025((\376\266\216@ \254^2T\233\013\034\201\024\265\367by\212S\325C\240\024\312\370\262\227\317\370\362\3717\350\203\024E0\246\210\344\325\345r\024T\251\006P\255\352\333\372\351\337\302\000"";   nodeid: ""\240\000\000\000\000\000\000\000\000\000\000\000\000\000\000\000\000\000\000\000\000\000\000\000\000\000\000\000\000\000\000\000\001""; }; ","ledgerHash: ""u\315\243\367\211\2625\240r:n\277\003\026\366\353'\216jy9\\001\220\223~\341j\254O\025\257""; ledgerSeq: 0; type: liTS_CANDIDATE; nodes {;   nodedata: ""\022\000\000""\000\000\000\000$\000\000\000\001 \033\000\000\000\027a@\000\000\027H\206*@h@\000\000\000\000\000\000\ns!\0030\347\374\235V\273%\326\211;\243\363\027\256[\3173\263)\033\326=\263&T\243\023""/\177\320 tF0D\002 0\023\341\332; \2711\245\020\321\3300\345\267-)\230\177\246\236AQ\327\203\207H\226+\000%\336\002 \024\036\211\237\201t\376\272E\270\230\020\334\014\356g\273\025((\376\266\216@ \254^2T\233\013\034\201\024\265\367by\212S\325C\240\024\312\370\262\227\317\370\362\3717\350\203\024E0\246\210\344\325\345r\024T\251\006P\255\352\333\372\351\337\302\000"";   nodeid: ""\240\000\000\000\000\000\000\000\000\000\000\000\000\000\000\000\000\000\000\000\000\000\000\000\000\000\000\000\000\000\000\000\001""; }; "
1750587271768,1750587271768,1753,1,0,2,TMLedgerData,"ledgerHash: ""8h\232\211g)\354\005\246\256XI\265J\214\312}\261\211y\355]\0228j\360\0224\003\021%\014""; ledgerSeq: 0; type: liTS_CANDIDATE; nodes {;   nodedata: ""\222c\273c4\225\334\221\227u?\025\314=\305/\262\367\217\375\027j\323\304\372\312Fv\2716\001\355\t\246C\232\272\013^\241\340~\030'\005/\234\037\355\231\230\017\266\365\303w\360\273\374\234\362S:\270\023\n\270\212\275\306\204\271\274\361K|t\323\346\2174\324\362\014S]\301\325\344rY\277\343\351\364\374\023\263\013\003"";   nodeid: ""\000\000\000\000\000\000\000\000\000\000\000\000\000\000\000\000\000\000\000\000\000\000\000\000\000\000\000\000\000\000\000\000\000""; }; ","ledgerHash: ""8h\232\211g)\354\005\246\256XI\265J\214\312}\261\211y\355]\0228j\360\0224\003\021%\014""; ledgerSeq: 0; type: liTS_CANDIDATE; nodes {;   nodedata: ""\222c\273c4\225\334\221\227u?\025\314=\305/\262\367\217\375\027j\323\304\372\312Fv\2716\001\355\t\246C\232\272\013^\241\340~\030'\005/\234\037\355\231\230\017\266\365\303w\360\273\374\234\362S:\270\023\n\270\212\275\306\204\271\274\361K|t\323\346\2174\324\362\014S]\301\325\344rY\277\343\351\364\374\023\263\013\003"";   nodeid: ""\000\000\000\000\000\000\000\000\000\000\000\000\000\000\000\000\000\000\000\000\000\000\000\000\000\000\000\000\000\000\000\000\000""; }; "
1750587271769,1750587271769,3559,1,4,0,TMValidation,"validation: """"\200\000\000\001&\000\000\000\006)/\352\224\007:v|\203\267)\257\206\032Q\221=\252\002\267\225zg\264\253\271T\346ji\003\235\236Pis\264\375\222|H\344\261g?[gP\0278h\232\211g)\354\005\246\256XI\265J\214\312}\261\211y\355]\0228j\360\0224\003\021%\014P\031\372\373$P*|\321\342\002\026\n\3215\340\3203\200x\327D\301]5\237\247Yz\3711!L\214s!\003.\200\224\215?)t\306\315\242\313\251\255\302\204=\232.\271%}\013\024s\024\002@\216l""\241FvG0E\002!\000\376\035Y\202\211\017\t\330H\217\242\227\204\036\3472\326\022\226\233\231\245f\214Q\216\320\263\034o\300Q\002 @\361\352@PM\331\315\303i\360\306j\207\333\323Y1\343,\333\204m\325\354g\001\264t\207\n\330""; ","validation: """"\200\000\000\001&\000\000\000\006)/\352\224\007:v|\203\267)\257\206\032Q\221=\252\002\267\225zg\264\253\271T\346ji\003\235\236Pis\264\375\222|H\344\261g?[gP\0278h\232\211g)\354\005\246\256XI\265J\214\312}\261\211y\355]\0228j\360\0224\003\021%\014P\031\372\373$P*|\321\342\002\026\n\3215\340\3203\200x\327D\301]5\237\247Yz\3711!L\214s!\003.\200\224\215?)t\306\315\242\313\251\255\302\204=\232.\271%}\013\024s\024\002@\216l""\241FvG0E\002!\000\376\035Y\202\211\017\t\330H\217\242\227\204\036\3472\326\022\226\233\231\245f\214Q\216\320\263\034o\300Q\002 @\361\352@PM\331\315\303i\360\306j\207\333\323Y1\343,\333\204m\325\354g\001\264t\207\n\330""; "
1750587271769,1750587271770,1548,1,4,0,TMStatusChange,"newEvent: neACCEPTED_LEDGER; ledgerSeq: 6; ledgerHash: ""\221=\252\002\267\225zg\264\253\271T\346ji\003\235\236Pis\264\375\222|H\344\261g?[g""; ledgerHashPrevious: ""\372\373$P*|\321\342\002\026\n\3215\340\3203\200x\327D\301]5\237\247Yz\3711!L\214""; networkTime: 803902471; firstSeq: 1; lastSeq: 5; ","newEvent: neACCEPTED_LEDGER; ledgerSeq: 6; ledgerHash: ""\221=\252\002\267\225zg\264\253\271T\346ji\003\235\236Pis\264\375\222|H\344\261g?[g""; ledgerHashPrevious: ""\372\373$P*|\321\342\002\026\n\3215\340\3203\200x\327D\301]5\237\247Yz\3711!L\214""; networkTime: 803902471; firstSeq: 1; lastSeq: 5; "
1750587271770,1750587271770,443,1,4,2,TMValidation,"validation: """"\200\000\000\001&\000\000\000\006)/\352\224\007:v|\203\267)\257\206\032Q\221=\252\002\267\225zg\264\253\271T\346ji\003\235\236Pis\264\375\222|H\344\261g?[gP\0278h\232\211g)\354\005\246\256XI\265J\214\312}\261\211y\355]\0228j\360\0224\003\021%\014P\031\372\373$P*|\321\342\002\026\n\3215\340\3203\200x\327D\301]5\237\247Yz\3711!L\214s!\003.\200\224\215?)t\306\315\242\313\251\255\302\204=\232.\271%}\013\024s\024\002@\216l""\241FvG0E\002!\000\376\035Y\202\211\017\t\330H\217\242\227\204\036\3472\326\022\226\233\231\245f\214Q\216\320\263\034o\300Q\002 @\361\352@PM\331\315\303i\360\306j\207\333\323Y1\343,\333\204m\325\354g\001\264t\207\n\330""; ","validation: """"\200\000\000\001&\000\000\000\006)/\352\224\007:v|\203\267)\257\206\032Q\221=\252\002\267\225zg\264\253\271T\346ji\003\235\236Pis\264\375\222|H\344\261g?[gP\0278h\232\211g)\354\005\246\256XI\265J\214\312}\261\211y\355]\0228j\360\0224\003\021%\014P\031\372\373$P*|\321\342\002\026\n\3215\340\3203\200x\327D\301]5\237\247Yz\3711!L\214s!\003.\200\224\215?)t\306\315\242\313\251\255\302\204=\232.\271%}\013\024s\024\002@\216l""\241FvG0E\002!\000\376\035Y\202\211\017\t\330H\217\242\227\204\036\3472\326\022\226\233\231\245f\214Q\216\320\263\034o\300Q\002 @\361\352@PM\331\315\303i\360\306j\207\333\323Y1\343,\333\204m\325\354g\001\264t\207\n\330""; "
1750587271770,1750587271770,3410,1,4,3,TMStatusChange,"newEvent: neACCEPTED_LEDGER; ledgerSeq: 6; ledgerHash: ""\221=\252\002\267\225zg\264\253\271T\346ji\003\235\236Pis\264\375\222|H\344\261g?[g""; ledgerHashPrevious: ""\372\373$P*|\321\342\002\026\n\3215\340\3203\200x\327D\301]5\237\247Yz\3711!L\214""; networkTime: 803902471; firstSeq: 1; lastSeq: 5; ","newEvent: neACCEPTED_LEDGER; ledgerSeq: 6; ledgerHash: ""\221=\252\002\267\225zg\264\253\271T\346ji\003\235\236Pis\264\375\222|H\344\261g?[g""; ledgerHashPrevious: ""\372\373$P*|\321\342\002\026\n\3215\340\3203\200x\327D\301]5\237\247Yz\3711!L\214""; networkTime: 803902471; firstSeq: 1; lastSeq: 5; "
1750587271770,1750587271771,1021,1,4,2,TMStatusChange,"newEvent: neACCEPTED_LEDGER; ledgerSeq: 6; ledgerHash: ""\221=\252\002\267\225zg\264\253\271T\346ji\003\235\236Pis\264\375\222|H\344\261g?[g""; ledgerHashPrevious: ""\372\373$P*|\321\342\002\026\n\3215\340\3203\200x\327D\301]5\237\247Yz\3711!L\214""; networkTime: 803902471; firstSeq: 1; lastSeq: 5; ","newEvent: neACCEPTED_LEDGER; ledgerSeq: 6; ledgerHash: ""\221=\252\002\267\225zg\264\253\271T\346ji\003\235\236Pis\264\375\222|H\344\261g?[g""; ledgerHashPrevious: ""\372\373$P*|\321\342\002\026\n\3215\340\3203\200x\327D\301]5\237\247Yz\3711!L\214""; networkTime: 803902471; firstSeq: 1; lastSeq: 5; "
1750587271771,1750587271771,2819,1,4,1,TMValidation,"validation: """"\200\000\000\001&\000\000\000\006)/\352\224\007:v|\203\267)\257\206\032Q\221=\252\002\267\225zg\264\253\271T\346ji\003\235\236Pis\264\375\222|H\344\261g?[gP\0278h\232\211g)\354\005\246\256XI\265J\214\312}\261\211y\355]\0228j\360\0224\003\021%\014P\031\372\373$P*|\321\342\002\026\n\3215\340\3203\200x\327D\301]5\237\247Yz\3711!L\214s!\003.\200\224\215?)t\306\315\242\313\251\255\302\204=\232.\271%}\013\024s\024\002@\216l""\241FvG0E\002!\000\376\035Y\202\211\017\t\330H\217\242\227\204\036\3472\326\022\226\233\231\245f\214Q\216\320\263\034o\300Q\002 @\361\352@PM\331\315\303i\360\306j\207\333\323Y1\343,\333\204m\325\354g\001\264t\207\n\330""; ","validation: """"\200\000\000\001&\000\000\000\006)/\352\224\007:v|\203\267)\257\206\032Q\221=\252\002\267\225zg\264\253\271T\346ji\003\235\236Pis\264\375\222|H\344\261g?[gP\0278h\232\211g)\354\005\246\256XI\265J\214\312}\261\211y\355]\0228j\360\0224\003\021%\014P\031\372\373$P*|\321\342\002\026\n\3215\340\3203\200x\327D\301]5\237\247Yz\3711!L\214s!\003.\200\224\215?)t\306\315\242\313\251\255\302\204=\232.\271%}\013\024s\024\002@\216l""\241FvG0E\002!\000\376\035Y\202\211\017\t\330H\217\242\227\204\036\3472\326\022\226\233\231\245f\214Q\216\320\263\034o\300Q\002 @\361\352@PM\331\315\303i\360\306j\207\333\323Y1\343,\333\204m\325\354g\001\264t\207\n\330""; "
1750587271771,1750587271771,1760,1,4,1,TMStatusChange,"newEvent: neACCEPTED_LEDGER; ledgerSeq: 6; ledgerHash: ""\221=\252\002\267\225zg\264\253\271T\346ji\003\235\236Pis\264\375\222|H\344\261g?[g""; ledgerHashPrevious: ""\372\373$P*|\321\342\002\026\n\3215\340\3203\200x\327D\301]5\237\247Yz\3711!L\214""; networkTime: 803902471; firstSeq: 1; lastSeq: 5; ","newEvent: neACCEPTED_LEDGER; ledgerSeq: 6; ledgerHash: ""\221=\252\002\267\225zg\264\253\271T\346ji\003\235\236Pis\264\375\222|H\344\261g?[g""; ledgerHashPrevious: ""\372\373$P*|\321\342\002\026\n\3215\340\3203\200x\327D\301]5\237\247Yz\3711!L\214""; networkTime: 803902471; firstSeq: 1; lastSeq: 5; "
1750587271776,1750587271776,486,1,4,0,TMLedgerData,"ledgerHash: ""8h\232\211g)\354\005\246\256XI\265J\214\312}\261\211y\355]\0228j\360\0224\003\021%\014""; ledgerSeq: 0; type: liTS_CANDIDATE; nodes {;   nodedata: ""\022\000\000""\000\000\000\000$\000\000\000\001 \033\000\000\000\027a@\000\000\027H\206*@h@\000\000\000\000\000\000\ns!\0030\347\374\235V\273%\326\211;\243\363\027\256[\3173\263)\033\326=\263&T\243\023""/\177\320 tF0D\002 0\023\341\332; \2711\245\020\321\3300\345\267-)\230\177\246\236AQ\327\203\207H\226+\000%\336\002 \024\036\211\237\201t\376\272E\270\230\020\334\014\356g\273\025((\376\266\216@ \254^2T\233\013\034\201\024\265\367by\212S\325C\240\024\312\370\262\227\317\370\362\3717\350\203\024E0\246\210\344\325\345r\024T\251\006P\255\352\333\372\351\337\302\000"";   nodeid: ""\240\000\000\000\000\000\000\000\000\000\000\000\000\000\000\000\000\000\000\000\000\000\000\000\000\000\000\000\000\000\000\000\001""; }; ","ledgerHash: ""8h\232\211g)\354\005\246\256XI\265J\214\312}\261\211y\355]\0228j\360\0224\003\021%\014""; ledgerSeq: 0; type: liTS_CANDIDATE; nodes {;   nodedata: ""\022\000\000""\000\000\000\000$\000\000\000\001 \033\000\000\000\027a@\000\000\027H\206*@h@\000\000\000\000\000\000\ns!\0030\347\374\235V\273%\326\211;\243\363\027\256[\3173\263)\033\326=\263&T\243\023""/\177\320 tF0D\002 0\023\341\332; \2711\245\020\321\3300\345\267-)\230\177\246\236AQ\327\203\207H\226+\000%\336\002 \024\036\211\237\201t\376\272E\270\230\020\334\014\356g\273\025((\376\266\216@ \254^2T\233\013\034\201\024\265\367by\212S\325C\240\024\312\370\262\227\317\370\362\3717\350\203\024E0\246\210\344\325\345r\024T\251\006P\255\352\333\372\351\337\302\000"";   nodeid: ""\240\000\000\000\000\000\000\000\000\000\000\000\000\000\000\000\000\000\000\000\000\000\000\000\000\000\000\000\000\000\000\000\001""; }; "
1750587271777,1750587271777,3898,1,2,3,TMGetLedger,"itype: liTS_CANDIDATE; ledgerHash: ""u\315\243\367\211\2625\240r:n\277\003\026\366\353'\216jy9\\001\220\223~\341j\254O\025\257""; nodeIDs: ""\000\000\000\000\000\000\000\000\000\000\000\000\000\000\000\000\000\000\000\000\000\000\000\000\000\000\000\000\000\000\000\000\000""; requestCookie: 2; queryType: qtINDIRECT; queryDepth: 3; ","itype: liTS_CANDIDATE; ledgerHash: ""u\315\243\367\211\2625\240r:n\277\003\026\366\353'\216jy9\\001\220\223~\341j\254O\025\257""; nodeIDs: ""\000\000\000\000\000\000\000\000\000\000\000\000\000\000\000\000\000\000\000\000\000\000\000\000\000\000\000\000\000\000\000\000\000""; requestCookie: 2; queryType: qtINDIRECT; queryDepth: 3; "
1750587271781,1750587271781,3501,1,3,4,TMValidation,"validation: """"\200\000\000\001&\000\000\000\005)/\352\224\007:I\203w\200\211\SGQ\372\373$P*|\321\342\002\026\n\3215\340\3203\200x\327D\301]5\237\247Yz\3711!L\214P\027\000\000\000\000\000\000\000\000\000\000\000\000\000\000\000\000\000\000\000\000\000\000\000\000\000\000\000\000\000\000\000\000P\031\241'\332/+\360Bx\036+\210j\237K%\340]\246E\2434\264K\036\030qP\317\315\336\325\007s!\002\347\243J\206W\025ML\260\226\0163\217\250\337\325W\253\356*O\245Z\271\234\207C\274\375`\335\311vF0D\002 y\266\240\005\252\266\316\344\350P\222/;\355\247\204dP\220\025\371\202\335D\250\265\222\016v\234\020`\002 lAC\256hv}I\027\333\326\256\005\205W\325-q\334\236\206\323{D\4\334\205\350<\265\204""; ","validation: """"\200\000\000\001&\000\000\000\005)/\352\224\007:I\203w\200\211\SGQ\372\373$P*|\321\342\002\026\n\3215\340\3203\200x\327D\301]5\237\247Yz\3711!L\214P\027\000\000\000\000\000\000\000\000\000\000\000\000\000\000\000\000\000\000\000\000\000\000\000\000\000\000\000\000\000\000\000\000P\031\241'\332/+\360Bx\036+\210j\237K%\340]\246E\2434\264K\036\030qP\317\315\336\325\007s!\002\347\243J\206W\025ML\260\226\0163\217\250\337\325W\253\356*O\245Z\271\234\207C\274\375`\335\311vF0D\002 y\266\240\005\252\266\316\344\350P\222/;\355\247\204dP\220\025\371\202\335D\250\265\222\016v\234\020`\002 lAC\256hv}I\027\333\326\256\005\205W\325-q\334\236\206\323{D\4\334\205\350<\265\204""; "
1750587271782,1750587271782,734,1,3,2,TMValidation,"validation: """"\200\000\000\001&\000\000\000\005)/\352\224\007:I\203w\200\211\SGQ\372\373$P*|\321\342\002\026\n\3215\340\3203\200x\327D\301]5\237\247Yz\3711!L\214P\027\000\000\000\000\000\000\000\000\000\000\000\000\000\000\000\000\000\000\000\000\000\000\000\000\000\000\000\000\000\000\000\000P\031\241'\332/+\360Bx\036+\210j\237K%\340]\246E\2434\264K\036\030qP\317\315\336\325\007s!\002\347\243J\206W\025ML\260\226\0163\217\250\337\325W\253\356*O\245Z\271\234\207C\274\375`\335\311vF0D\002 y\266\240\005\252\266\316\344\350P\222/;\355\247\204dP\220\025\371\202\335D\250\265\222\016v\234\020`\002 lAC\256hv}I\027\333\326\256\005\205W\325-q\334\236\206\323{D\4\334\205\350<\265\204""; ","validation: """"\200\000\000\001&\000\000\000\005)/\352\224\007:I\203w\200\211\SGQ\372\373$P*|\321\342\002\026\n\3215\340\3203\200x\327D\301]5\237\247Yz\3711!L\214P\027\000\000\000\000\000\000\000\000\000\000\000\000\000\000\000\000\000\000\000\000\000\000\000\000\000\000\000\000\000\000\000\000P\031\241'\332/+\360Bx\036+\210j\237K%\340]\246E\2434\264K\036\030qP\317\315\336\325\007s!\002\347\243J\206W\025ML\260\226\0163\217\250\337\325W\253\356*O\245Z\271\234\207C\274\375`\335\311vF0D\002 y\266\240\005\252\266\316\344\350P\222/;\355\247\204dP\220\025\371\202\335D\250\265\222\016v\234\020`\002 lAC\256hv}I\027\333\326\256\005\205W\325-q\334\236\206\323{D\4\334\205\350<\265\204""; "
1750587271782,1750587271782,2573,1,3,1,TMValidation,"validation: """"\200\000\000\001&\000\000\000\005)/\352\224\007:I\203w\200\211\SGQ\372\373$P*|\321\342\002\026\n\3215\340\3203\200x\327D\301]5\237\247Yz\3711!L\214P\027\000\000\000\000\000\000\000\000\000\000\000\000\000\000\000\000\000\000\000\000\000\000\000\000\000\000\000\000\000\000\000\000P\031\241'\332/+\360Bx\036+\210j\237K%\340]\246E\2434\264K\036\030qP\317\315\336\325\007s!\002\347\243J\206W\025ML\260\226\0163\217\250\337\325W\253\356*O\245Z\271\234\207C\274\375`\335\311vF0D\002 y\266\240\005\252\266\316\344\350P\222/;\355\247\204dP\220\025\371\202\335D\250\265\222\016v\234\020`\002 lAC\256hv}I\027\333\326\256\005\205W\325-q\334\236\206\323{D\4\334\205\350<\265\204""; ","validation: """"\200\000\000\001&\000\000\000\005)/\352\224\007:I\203w\200\211\SGQ\372\373$P*|\321\342\002\026\n\3215\340\3203\200x\327D\301]5\237\247Yz\3711!L\214P\027\000\000\000\000\000\000\000\000\000\000\000\000\000\000\000\000\000\000\000\000\000\000\000\000\000\000\000\000\000\000\000\000P\031\241'\332/+\360Bx\036+\210j\237K%\340]\246E\2434\264K\036\030qP\317\315\336\325\007s!\002\347\243J\206W\025ML\260\226\0163\217\250\337\325W\253\356*O\245Z\271\234\207C\274\375`\335\311vF0D\002 y\266\240\005\252\266\316\344\350P\222/;\355\247\204dP\220\025\371\202\335D\250\265\222\016v\234\020`\002 lAC\256hv}I\027\333\326\256\005\205W\325-q\334\236\206\323{D\4\334\205\350<\265\204""; "
1750587271795,1750587271795,2819,1,4,1,TMValidation,"validation: """"\200\000\000\001&\000\000\000\005)/\352\224\007:I\203w\200\211\SGQ\372\373$P*|\321\342\002\026\n\3215\340\3203\200x\327D\301]5\237\247Yz\3711!L\214P\027\000\000\000\000\000\000\000\000\000\000\000\000\000\000\000\000\000\000\000\000\000\000\000\000\000\000\000\000\000\000\000\000P\031\241'\332/+\360Bx\036+\210j\237K%\340]\246E\2434\264K\036\030qP\317\315\336\325\007s!\002\347\243J\206W\025ML\260\226\0163\217\250\337\325W\253\356*O\245Z\271\234\207C\274\375`\335\311vF0D\002 y\266\240\005\252\266\316\344\350P\222/;\355\247\204dP\220\025\371\202\335D\250\265\222\016v\234\020`\002 lAC\256hv}I\027\333\326\256\005\205W\325-q\334\236\206\323{D\4\334\205\350<\265\204""; ","validation: """"\200\000\000\001&\000\000\000\005)/\352\224\007:I\203w\200\211\SGQ\372\373$P*|\321\342\002\026\n\3215\340\3203\200x\327D\301]5\237\247Yz\3711!L\214P\027\000\000\000\000\000\000\000\000\000\000\000\000\000\000\000\000\000\000\000\000\000\000\000\000\000\000\000\000\000\000\000\000P\031\241'\332/+\360Bx\036+\210j\237K%\340]\246E\2434\264K\036\030qP\317\315\336\325\007s!\002\347\243J\206W\025ML\260\226\0163\217\250\337\325W\253\356*O\245Z\271\234\207C\274\375`\335\311vF0D\002 y\266\240\005\252\266\316\344\350P\222/;\355\247\204dP\220\025\371\202\335D\250\265\222\016v\234\020`\002 lAC\256hv}I\027\333\326\256\005\205W\325-q\334\236\206\323{D\4\334\205\350<\265\204""; "
1750587271795,1750587271795,443,1,4,2,TMValidation,"validation: """"\200\000\000\001&\000\000\000\005)/\352\224\007:I\203w\200\211\SGQ\372\373$P*|\321\342\002\026\n\3215\340\3203\200x\327D\301]5\237\247Yz\3711!L\214P\027\000\000\000\000\000\000\000\000\000\000\000\000\000\000\000\000\000\000\000\000\000\000\000\000\000\000\000\000\000\000\000\000P\031\241'\332/+\360Bx\036+\210j\237K%\340]\246E\2434\264K\036\030qP\317\315\336\325\007s!\002\347\243J\206W\025ML\260\226\0163\217\250\337\325W\253\356*O\245Z\271\234\207C\274\375`\335\311vF0D\002 y\266\240\005\252\266\316\344\350P\222/;\355\247\204dP\220\025\371\202\335D\250\265\222\016v\234\020`\002 lAC\256hv}I\027\333\326\256\005\205W\325-q\334\236\206\323{D\4\334\205\350<\265\204""; ","validation: """"\200\000\000\001&\000\000\000\005)/\352\224\007:I\203w\200\211\SGQ\372\373$P*|\321\342\002\026\n\3215\340\3203\200x\327D\301]5\237\247Yz\3711!L\214P\027\000\000\000\000\000\000\000\000\000\000\000\000\000\000\000\000\000\000\000\000\000\000\000\000\000\000\000\000\000\000\000\000P\031\241'\332/+\360Bx\036+\210j\237K%\340]\246E\2434\264K\036\030qP\317\315\336\325\007s!\002\347\243J\206W\025ML\260\226\0163\217\250\337\325W\253\356*O\245Z\271\234\207C\274\375`\335\311vF0D\002 y\266\240\005\252\266\316\344\350P\222/;\355\247\204dP\220\025\371\202\335D\250\265\222\016v\234\020`\002 lAC\256hv}I\027\333\326\256\005\205W\325-q\334\236\206\323{D\4\334\205\350<\265\204""; "
1750587271800,1750587271800,2655,1,1,0,TMLedgerData,"ledgerHash: ""8h\232\211g)\354\005\246\256XI\265J\214\312}\261\211y\355]\0228j\360\0224\003\021%\014""; ledgerSeq: 0; type: liTS_CANDIDATE; nodes {;   nodedata: ""\022\000\000""\000\000\000\000$\000\000\000\001 \033\000\000\000\027a@\000\000\027H\206*@h@\000\000\000\000\000\000\ns!\0030\347\374\235V\273%\326\211;\243\363\027\256[\3173\263)\033\326=\263&T\243\023""/\177\320 tF0D\002 0\023\341\332; \2711\245\020\321\3300\345\267-)\230\177\246\236AQ\327\203\207H\226+\000%\336\002 \024\036\211\237\201t\376\272E\270\230\020\334\014\356g\273\025((\376\266\216@ \254^2T\233\013\034\201\024\265\367by\212S\325C\240\024\312\370\262\227\317\370\362\3717\350\203\024E0\246\210\344\325\345r\024T\251\006P\255\352\333\372\351\337\302\000"";   nodeid: ""\240\000\000\000\000\000\000\000\000\000\000\000\000\000\000\000\000\000\000\000\000\000\000\000\000\000\000\000\000\000\000\000\001""; }; ","ledgerHash: ""8h\232\211g)\354\005\246\256XI\265J\214\312}\261\211y\355]\0228j\360\0224\003\021%\014""; ledgerSeq: 0; type: liTS_CANDIDATE; nodes {;   nodedata: ""\022\000\000""\000\000\000\000$\000\000\000\001 \033\000\000\000\027a@\000\000\027H\206*@h@\000\000\000\000\000\000\ns!\0030\347\374\235V\273%\326\211;\243\363\027\256[\3173\263)\033\326=\263&T\243\023""/\177\320 tF0D\002 0\023\341\332; \2711\245\020\321\3300\345\267-)\230\177\246\236AQ\327\203\207H\226+\000%\336\002 \024\036\211\237\201t\376\272E\270\230\020\334\014\356g\273\025((\376\266\216@ \254^2T\233\013\034\201\024\265\367by\212S\325C\240\024\312\370\262\227\317\370\362\3717\350\203\024E0\246\210\344\325\345r\024T\251\006P\255\352\333\372\351\337\302\000"";   nodeid: ""\240\000\000\000\000\000\000\000\000\000\000\000\000\000\000\000\000\000\000\000\000\000\000\000\000\000\000\000\000\000\000\000\001""; }; "
1750587271808,1750587271808,2655,1,1,0,TMLedgerData,"ledgerHash: ""u\315\243\367\211\2625\240r:n\277\003\026\366\353'\216jy9\\001\220\223~\341j\254O\025\257""; ledgerSeq: 0; type: liTS_CANDIDATE; nodes {;   nodedata: ""\022\000\000""\000\000\000\000$\000\000\000\001 \033\000\000\000\027a@\000\000\027H\206*@h@\000\000\000\000\000\000\ns!\0030\347\374\235V\273%\326\211;\243\363\027\256[\3173\263)\033\326=\263&T\243\023""/\177\320 tF0D\002 0\023\341\332; \2711\245\020\321\3300\345\267-)\230\177\246\236AQ\327\203\207H\226+\000%\336\002 \024\036\211\237\201t\376\272E\270\230\020\334\014\356g\273\025((\376\266\216@ \254^2T\233\013\034\201\024\265\367by\212S\325C\240\024\312\370\262\227\317\370\362\3717\350\203\024E0\246\210\344\325\345r\024T\251\006P\255\352\333\372\351\337\302\000"";   nodeid: ""\240\000\000\000\000\000\000\000\000\000\000\000\000\000\000\000\000\000\000\000\000\000\000\000\000\000\000\000\000\000\000\000\001""; }; ","ledgerHash: ""u\315\243\367\211\2625\240r:n\277\003\026\366\353'\216jy9\\001\220\223~\341j\254O\025\257""; ledgerSeq: 0; type: liTS_CANDIDATE; nodes {;   nodedata: ""\022\000\000""\000\000\000\000$\000\000\000\001 \033\000\000\000\027a@\000\000\027H\206*@h@\000\000\000\000\000\000\ns!\0030\347\374\235V\273%\326\211;\243\363\027\256[\3173\263)\033\326=\263&T\243\023""/\177\320 tF0D\002 0\023\341\332; \2711\245\020\321\3300\345\267-)\230\177\246\236AQ\327\203\207H\226+\000%\336\002 \024\036\211\237\201t\376\272E\270\230\020\334\014\356g\273\025((\376\266\216@ \254^2T\233\013\034\201\024\265\367by\212S\325C\240\024\312\370\262\227\317\370\362\3717\350\203\024E0\246\210\344\325\345r\024T\251\006P\255\352\333\372\351\337\302\000"";   nodeid: ""\240\000\000\000\000\000\000\000\000\000\000\000\000\000\000\000\000\000\000\000\000\000\000\000\000\000\000\000\000\000\000\000\001""; }; "
1750587271809,1750587271809,1357,1,4,3,TMValidation,"validation: """"\200\000\000\001&\000\000\000\006)/\352\224\007:v|\203\267)\257\206\032Q\221=\252\002\267\225zg\264\253\271T\346ji\003\235\236Pis\264\375\222|H\344\261g?[gP\0278h\232\211g)\354\005\246\256XI\265J\214\312}\261\211y\355]\0228j\360\0224\003\021%\014P\031\372\373$P*|\321\342\002\026\n\3215\340\3203\200x\327D\301]5\237\247Yz\3711!L\214s!\003.\200\224\215?)t\306\315\242\313\251\255\302\204=\232.\271%}\013\024s\024\002@\216l""\241FvG0E\002!\000\376\035Y\202\211\017\t\330H\217\242\227\204\036\3472\326\022\226\233\231\245f\214Q\216\320\263\034o\300Q\002 @\361\352@PM\331\315\303i\360\306j\207\333\323Y1\343,\333\204m\325\354g\001\264t\207\n\330""; ","validation: """"\200\000\000\001&\000\000\000\006)/\352\224\007:v|\203\267)\257\206\032Q\221=\252\002\267\225zg\264\253\271T\346ji\003\235\236Pis\264\375\222|H\344\261g?[gP\0278h\232\211g)\354\005\246\256XI\265J\214\312}\261\211y\355]\0228j\360\0224\003\021%\014P\031\372\373$P*|\321\342\002\026\n\3215\340\3203\200x\327D\301]5\237\247Yz\3711!L\214s!\003.\200\224\215?)t\306\315\242\313\251\255\302\204=\232.\271%}\013\024s\024\002@\216l""\241FvG0E\002!\000\376\035Y\202\211\017\t\330H\217\242\227\204\036\3472\326\022\226\233\231\245f\214Q\216\320\263\034o\300Q\002 @\361\352@PM\331\315\303i\360\306j\207\333\323Y1\343,\333\204m\325\354g\001\264t\207\n\330""; "
1750587271810,1750587271810,1357,1,4,3,TMValidation,"validation: """"\200\000\000\001&\000\000\000\005)/\352\224\007:I\203w\200\211\SGQ\372\373$P*|\321\342\002\026\n\3215\340\3203\200x\327D\301]5\237\247Yz\3711!L\214P\027\000\000\000\000\000\000\000\000\000\000\000\000\000\000\000\000\000\000\000\000\000\000\000\000\000\000\000\000\000\000\000\000P\031\241'\332/+\360Bx\036+\210j\237K%\340]\246E\2434\264K\036\030qP\317\315\336\325\007s!\002\347\243J\206W\025ML\260\226\0163\217\250\337\325W\253\356*O\245Z\271\234\207C\274\375`\335\311vF0D\002 y\266\240\005\252\266\316\344\350P\222/;\355\247\204dP\220\025\371\202\335D\250\265\222\016v\234\020`\002 lAC\256hv}I\027\333\326\256\005\205W\325-q\334\236\206\323{D\4\334\205\350<\265\204""; ","validation: """"\200\000\000\001&\000\000\000\005)/\352\224\007:I\203w\200\211\SGQ\372\373$P*|\321\342\002\026\n\3215\340\3203\200x\327D\301]5\237\247Yz\3711!L\214P\027\000\000\000\000\000\000\000\000\000\000\000\000\000\000\000\000\000\000\000\000\000\000\000\000\000\000\000\000\000\000\000\000P\031\241'\332/+\360Bx\036+\210j\237K%\340]\246E\2434\264K\036\030qP\317\315\336\325\007s!\002\347\243J\206W\025ML\260\226\0163\217\250\337\325W\253\356*O\245Z\271\234\207C\274\375`\335\311vF0D\002 y\266\240\005\252\266\316\344\350P\222/;\355\247\204dP\220\025\371\202\335D\250\265\222\016v\234\020`\002 lAC\256hv}I\027\333\326\256\005\205W\325-q\334\236\206\323{D\4\334\205\350<\265\204""; "
1750587271823,1750587271823,486,1,4,0,TMLedgerData,"ledgerHash: ""8h\232\211g)\354\005\246\256XI\265J\214\312}\261\211y\355]\0228j\360\0224\003\021%\014""; ledgerSeq: 0; type: liTS_CANDIDATE; nodes {;   nodedata: ""\022\000\000""\000\000\000\000$\000\000\000\001 \033\000\000\000\027a@\000\000\027H\206*@h@\000\000\000\000\000\000\ns!\0030\347\374\235V\273%\326\211;\243\363\027\256[\3173\263)\033\326=\263&T\243\023""/\177\320 tF0D\002 0\023\341\332; \2711\245\020\321\3300\345\267-)\230\177\246\236AQ\327\203\207H\226+\000%\336\002 \024\036\211\237\201t\376\272E\270\230\020\334\014\356g\273\025((\376\266\216@ \254^2T\233\013\034\201\024\265\367by\212S\325C\240\024\312\370\262\227\317\370\362\3717\350\203\024E0\246\210\344\325\345r\024T\251\006P\255\352\333\372\351\337\302\000"";   nodeid: ""\240\000\000\000\000\000\000\000\000\000\000\000\000\000\000\000\000\000\000\000\000\000\000\000\000\000\000\000\000\000\000\000\001""; }; ","ledgerHash: ""8h\232\211g)\354\005\246\256XI\265J\214\312}\261\211y\355]\0228j\360\0224\003\021%\014""; ledgerSeq: 0; type: liTS_CANDIDATE; nodes {;   nodedata: ""\022\000\000""\000\000\000\000$\000\000\000\001 \033\000\000\000\027a@\000\000\027H\206*@h@\000\000\000\000\000\000\ns!\0030\347\374\235V\273%\326\211;\243\363\027\256[\3173\263)\033\326=\263&T\243\023""/\177\320 tF0D\002 0\023\341\332; \2711\245\020\321\3300\345\267-)\230\177\246\236AQ\327\203\207H\226+\000%\336\002 \024\036\211\237\201t\376\272E\270\230\020\334\014\356g\273\025((\376\266\216@ \254^2T\233\013\034\201\024\265\367by\212S\325C\240\024\312\370\262\227\317\370\362\3717\350\203\024E0\246\210\344\325\345r\024T\251\006P\255\352\333\372\351\337\302\000"";   nodeid: ""\240\000\000\000\000\000\000\000\000\000\000\000\000\000\000\000\000\000\000\000\000\000\000\000\000\000\000\000\000\000\000\000\001""; }; "
1750587271830,1750587271830,557,1,4,1,TMGetLedger,"itype: liTS_CANDIDATE; ledgerHash: ""u\315\243\367\211\2625\240r:n\277\003\026\366\353'\216jy9\\001\220\223~\341j\254O\025\257""; nodeIDs: ""\240\000\000\000\000\000\000\000\000\000\000\000\000\000\000\000\000\000\000\000\000\000\000\000\000\000\000\000\000\000\000\000\001""; requestCookie: 1; queryType: qtINDIRECT; ","itype: liTS_CANDIDATE; ledgerHash: ""u\315\243\367\211\2625\240r:n\277\003\026\366\353'\216jy9\\001\220\223~\341j\254O\025\257""; nodeIDs: ""\240\000\000\000\000\000\000\000\000\000\000\000\000\000\000\000\000\000\000\000\000\000\000\000\000\000\000\000\000\000\000\000\001""; requestCookie: 1; queryType: qtINDIRECT; "
1750587271842,1750587271842,3097,1,2,0,TMLedgerData,"ledgerHash: ""u\315\243\367\211\2625\240r:n\277\003\026\366\353'\216jy9\\001\220\223~\341j\254O\025\257""; ledgerSeq: 0; type: liTS_CANDIDATE; nodes {;   nodedata: ""\246C\232\272\013^\241\340~\030'\005/\234\037\355\231\230\017\266\365\303w\360\273\374\234\362S:\270\023\n\003"";   nodeid: ""\000\000\000\000\000\000\000\000\000\000\000\000\000\000\000\000\000\000\000\000\000\000\000\000\000\000\000\000\000\000\000\000\000""; }; ","ledgerHash: ""u\315\243\367\211\2625\240r:n\277\003\026\366\353'\216jy9\\001\220\223~\341j\254O\025\257""; ledgerSeq: 0; type: liTS_CANDIDATE; nodes {;   nodedata: ""\246C\232\272\013^\241\340~\030'\005/\234\037\355\231\230\017\266\365\303w\360\273\374\234\362S:\270\023\n\003"";   nodeid: ""\000\000\000\000\000\000\000\000\000\000\000\000\000\000\000\000\000\000\000\000\000\000\000\000\000\000\000\000\000\000\000\000\000""; }; "
1750587271853,1750587271853,486,1,4,0,TMLedgerData,"ledgerHash: ""u\315\243\367\211\2625\240r:n\277\003\026\366\353'\216jy9\\001\220\223~\341j\254O\025\257""; ledgerSeq: 0; type: liTS_CANDIDATE; nodes {;   nodedata: ""\246C\232\272\013^\241\340~\030'\005/\234\037\355\231\230\017\266\365\303w\360\273\374\234\362S:\270\023\n\003"";   nodeid: ""\000\000\000\000\000\000\000\000\000\000\000\000\000\000\000\000\000\000\000\000\000\000\000\000\000\000\000\000\000\000\000\000\000""; }; ","ledgerHash: ""u\315\243\367\211\2625\240r:n\277\003\026\366\353'\216jy9\\001\220\223~\341j\254O\025\257""; ledgerSeq: 0; type: liTS_CANDIDATE; nodes {;   nodedata: ""\246C\232\272\013^\241\340~\030'\005/\234\037\355\231\230\017\266\365\303w\360\273\374\234\362S:\270\023\n\003"";   nodeid: ""\000\000\000\000\000\000\000\000\000\000\000\000\000\000\000\000\000\000\000\000\000\000\000\000\000\000\000\000\000\000\000\000\000""; }; "
1750587271870,1750587271870,2565,1,3,0,TMLedgerData,"ledgerHash: ""8h\232\211g)\354\005\246\256XI\265J\214\312}\261\211y\355]\0228j\360\0224\003\021%\014""; ledgerSeq: 0; type: liTS_CANDIDATE; nodes {;   nodedata: ""\222c\273c4\225\334\221\227u?\025\314=\305/\262\367\217\375\027j\323\304\372\312Fv\2716\001\355\t\246C\232\272\013^\241\340~\030'\005/\234\037\355\231\230\017\266\365\303w\360\273\374\234\362S:\270\023\n\270\212\275\306\204\271\274\361K|t\323\346\2174\324\362\014S]\301\325\344rY\277\343\351\364\374\023\263\013\003"";   nodeid: ""\000\000\000\000\000\000\000\000\000\000\000\000\000\000\000\000\000\000\000\000\000\000\000\000\000\000\000\000\000\000\000\000\000""; }; ","ledgerHash: ""8h\232\211g)\354\005\246\256XI\265J\214\312}\261\211y\355]\0228j\360\0224\003\021%\014""; ledgerSeq: 0; type: liTS_CANDIDATE; nodes {;   nodedata: ""\222c\273c4\225\334\221\227u?\025\314=\305/\262\367\217\375\027j\323\304\372\312Fv\2716\001\355\t\246C\232\272\013^\241\340~\030'\005/\234\037\355\231\230\017\266\365\303w\360\273\374\234\362S:\270\023\n\270\212\275\306\204\271\274\361K|t\323\346\2174\324\362\014S]\301\325\344rY\277\343\351\364\374\023\263\013\003"";   nodeid: ""\000\000\000\000\000\000\000\000\000\000\000\000\000\000\000\000\000\000\000\000\000\000\000\000\000\000\000\000\000\000\000\000\000""; }; "
1750587271875,1750587271875,557,1,4,1,TMGetLedger,"itype: liTS_CANDIDATE; ledgerHash: ""u\315\243\367\211\2625\240r:n\277\003\026\366\353'\216jy9\\001\220\223~\341j\254O\025\257""; nodeIDs: ""\000\000\000\000\000\000\000\000\000\000\000\000\000\000\000\000\000\000\000\000\000\000\000\000\000\000\000\000\000\000\000\000\000""; requestCookie: 4; queryType: qtINDIRECT; queryDepth: 3; ","itype: liTS_CANDIDATE; ledgerHash: ""u\315\243\367\211\2625\240r:n\277\003\026\366\353'\216jy9\\001\220\223~\341j\254O\025\257""; nodeIDs: ""\000\000\000\000\000\000\000\000\000\000\000\000\000\000\000\000\000\000\000\000\000\000\000\000\000\000\000\000\000\000\000\000\000""; requestCookie: 4; queryType: qtINDIRECT; queryDepth: 3; "
1750587271878,1750587271878,2565,1,3,0,TMLedgerData,"ledgerHash: ""u\315\243\367\211\2625\240r:n\277\003\026\366\353'\216jy9\\001\220\223~\341j\254O\025\257""; ledgerSeq: 0; type: liTS_CANDIDATE; nodes {;   nodedata: ""\022\000\000""\000\000\000\000$\000\000\000\001 \033\000\000\000\027a@\000\000\027H\206*@h@\000\000\000\000\000\000\ns!\0030\347\374\235V\273%\326\211;\243\363\027\256[\3173\263)\033\326=\263&T\243\023""/\177\320 tF0D\002 0\023\341\332; \2711\245\020\321\3300\345\267-)\230\177\246\236AQ\327\203\207H\226+\000%\336\002 \024\036\211\237\201t\376\272E\270\230\020\334\014\356g\273\025((\376\266\216@ \254^2T\233\013\034\201\024\265\367by\212S\325C\240\024\312\370\262\227\317\370\362\3717\350\203\024E0\246\210\344\325\345r\024T\251\006P\255\352\333\372\351\337\302\000"";   nodeid: ""\240\000\000\000\000\000\000\000\000\000\000\000\000\000\000\000\000\000\000\000\000\000\000\000\000\000\000\000\000\000\000\000\001""; }; ","ledgerHash: ""u\315\243\367\211\2625\240r:n\277\003\026\366\353'\216jy9\\001\220\223~\341j\254O\025\257""; ledgerSeq: 0; type: liTS_CANDIDATE; nodes {;   nodedata: ""\022\000\000""\000\000\000\000$\000\000\000\001 \033\000\000\000\027a@\000\000\027H\206*@h@\000\000\000\000\000\000\ns!\0030\347\374\235V\273%\326\211;\243\363\027\256[\3173\263)\033\326=\263&T\243\023""/\177\320 tF0D\002 0\023\341\332; \2711\245\020\321\3300\345\267-)\230\177\246\236AQ\327\203\207H\226+\000%\336\002 \024\036\211\237\201t\376\272E\270\230\020\334\014\356g\273\025((\376\266\216@ \254^2T\233\013\034\201\024\265\367by\212S\325C\240\024\312\370\262\227\317\370\362\3717\350\203\024E0\246\210\344\325\345r\024T\251\006P\255\352\333\372\351\337\302\000"";   nodeid: ""\240\000\000\000\000\000\000\000\000\000\000\000\000\000\000\000\000\000\000\000\000\000\000\000\000\000\000\000\000\000\000\000\001""; }; "
1750587271890,1750587271890,2715,1,1,4,TMLedgerData,"ledgerHash: ""u\315\243\367\211\2625\240r:n\277\003\026\366\353'\216jy9\\001\220\223~\341j\254O\025\257""; ledgerSeq: 0; type: liTS_CANDIDATE; nodes {;   nodedata: ""\022\000\000""\000\000\000\000$\000\000\000\001 \033\000\000\000\027a@\000\000\027H\206*@h@\000\000\000\000\000\000\ns!\0030\347\374\235V\273%\326\211;\243\363\027\256[\3173\263)\033\326=\263&T\243\023""/\177\320 tF0D\002 0\023\341\332; \2711\245\020\321\3300\345\267-)\230\177\246\236AQ\327\203\207H\226+\000%\336\002 \024\036\211\237\201t\376\272E\270\230\020\334\014\356g\273\025((\376\266\216@ \254^2T\233\013\034\201\024\265\367by\212S\325C\240\024\312\370\262\227\317\370\362\3717\350\203\024E0\246\210\344\325\345r\024T\251\006P\255\352\333\372\351\337\302\000"";   nodeid: ""\240\000\000\000\000\000\000\000\000\000\000\000\000\000\000\000\000\000\000\000\000\000\000\000\000\000\000\000\000\000\000\000\001""; }; requestCookie: 1; ","ledgerHash: ""u\315\243\367\211\2625\240r:n\277\003\026\366\353'\216jy9\\001\220\223~\341j\254O\025\257""; ledgerSeq: 0; type: liTS_CANDIDATE; nodes {;   nodedata: ""\022\000\000""\000\000\000\000$\000\000\000\001 \033\000\000\000\027a@\000\000\027H\206*@h@\000\000\000\000\000\000\ns!\0030\347\374\235V\273%\326\211;\243\363\027\256[\3173\263)\033\326=\263&T\243\023""/\177\320 tF0D\002 0\023\341\332; \2711\245\020\321\3300\345\267-)\230\177\246\236AQ\327\203\207H\226+\000%\336\002 \024\036\211\237\201t\376\272E\270\230\020\334\014\356g\273\025((\376\266\216@ \254^2T\233\013\034\201\024\265\367by\212S\325C\240\024\312\370\262\227\317\370\362\3717\350\203\024E0\246\210\344\325\345r\024T\251\006P\255\352\333\372\351\337\302\000"";   nodeid: ""\240\000\000\000\000\000\000\000\000\000\000\000\000\000\000\000\000\000\000\000\000\000\000\000\000\000\000\000\000\000\000\000\001""; }; requestCookie: 1; "
1750587271921,1750587271921,2565,1,3,0,TMLedgerData,"ledgerHash: ""u\315\243\367\211\2625\240r:n\277\003\026\366\353'\216jy9\\001\220\223~\341j\254O\025\257""; ledgerSeq: 0; type: liTS_CANDIDATE; nodes {;   nodedata: ""\246C\232\272\013^\241\340~\030'\005/\234\037\355\231\230\017\266\365\303w\360\273\374\234\362S:\270\023\n\003"";   nodeid: ""\000\000\000\000\000\000\000\000\000\000\000\000\000\000\000\000\000\000\000\000\000\000\000\000\000\000\000\000\000\000\000\000\000""; }; ","ledgerHash: ""u\315\243\367\211\2625\240r:n\277\003\026\366\353'\216jy9\\001\220\223~\341j\254O\025\257""; ledgerSeq: 0; type: liTS_CANDIDATE; nodes {;   nodedata: ""\246C\232\272\013^\241\340~\030'\005/\234\037\355\231\230\017\266\365\303w\360\273\374\234\362S:\270\023\n\003"";   nodeid: ""\000\000\000\000\000\000\000\000\000\000\000\000\000\000\000\000\000\000\000\000\000\000\000\000\000\000\000\000\000\000\000\000\000""; }; "
1750587271934,1750587271935,2715,1,1,4,TMLedgerData,"ledgerHash: ""u\315\243\367\211\2625\240r:n\277\003\026\366\353'\216jy9\\001\220\223~\341j\254O\025\257""; ledgerSeq: 0; type: liTS_CANDIDATE; nodes {;   nodedata: ""\246C\232\272\013^\241\340~\030'\005/\234\037\355\231\230\017\266\365\303w\360\273\374\234\362S:\270\023\n\003"";   nodeid: ""\000\000\000\000\000\000\000\000\000\000\000\000\000\000\000\000\000\000\000\000\000\000\000\000\000\000\000\000\000\000\000\000\000""; }; requestCookie: 4; ","ledgerHash: ""u\315\243\367\211\2625\240r:n\277\003\026\366\353'\216jy9\\001\220\223~\341j\254O\025\257""; ledgerSeq: 0; type: liTS_CANDIDATE; nodes {;   nodedata: ""\246C\232\272\013^\241\340~\030'\005/\234\037\355\231\230\017\266\365\303w\360\273\374\234\362S:\270\023\n\003"";   nodeid: ""\000\000\000\000\000\000\000\000\000\000\000\000\000\000\000\000\000\000\000\000\000\000\000\000\000\000\000\000\000\000\000\000\000""; }; requestCookie: 4; "
1750587271945,1750587271945,3487,1,0,3,TMLedgerData,"ledgerHash: ""u\315\243\367\211\2625\240r:n\277\003\026\366\353'\216jy9\\001\220\223~\341j\254O\025\257""; ledgerSeq: 0; type: liTS_CANDIDATE; nodes {;   nodedata: ""\246C\232\272\013^\241\340~\030'\005/\234\037\355\231\230\017\266\365\303w\360\273\374\234\362S:\270\023\n\003"";   nodeid: ""\000\000\000\000\000\000\000\000\000\000\000\000\000\000\000\000\000\000\000\000\000\000\000\000\000\000\000\000\000\000\000\000\000""; }; ","ledgerHash: ""u\315\243\367\211\2625\240r:n\277\003\026\366\353'\216jy9\\001\220\223~\341j\254O\025\257""; ledgerSeq: 0; type: liTS_CANDIDATE; nodes {;   nodedata: ""\246C\232\272\013^\241\340~\030'\005/\234\037\355\231\230\017\266\365\303w\360\273\374\234\362S:\270\023\n\003"";   nodeid: ""\000\000\000\000\000\000\000\000\000\000\000\000\000\000\000\000\000\000\000\000\000\000\000\000\000\000\000\000\000\000\000\000\000""; }; "
1750587271960,1750587271960,1102,1,2,3,TMLedgerData,"ledgerHash: ""u\315\243\367\211\2625\240r:n\277\003\026\366\353'\216jy9\\001\220\223~\341j\254O\025\257""; ledgerSeq: 0; type: liTS_CANDIDATE; nodes {;   nodedata: ""\246C\232\272\013^\241\340~\030'\005/\234\037\355\231\230\017\266\365\303w\360\273\374\234\362S:\270\023\n\003"";   nodeid: ""\000\000\000\000\000\000\000\000\000\000\000\000\000\000\000\000\000\000\000\000\000\000\000\000\000\000\000\000\000\000\000\000\000""; }; ","ledgerHash: ""u\315\243\367\211\2625\240r:n\277\003\026\366\353'\216jy9\\001\220\223~\341j\254O\025\257""; ledgerSeq: 0; type: liTS_CANDIDATE; nodes {;   nodedata: ""\246C\232\272\013^\241\340~\030'\005/\234\037\355\231\230\017\266\365\303w\360\273\374\234\362S:\270\023\n\003"";   nodeid: ""\000\000\000\000\000\000\000\000\000\000\000\000\000\000\000\000\000\000\000\000\000\000\000\000\000\000\000\000\000\000\000\000\000""; }; "
1750587272003,1750587272003,190,1,0,1,TMProposeSet,"proposeSeq: 0; currentTxHash: ""u\315\243\367\211\2625\240r:n\277\003\026\366\353'\216jy9\\001\220\223~\341j\254O\025\257""; nodePubKey: ""\002\347\243J\206W\025ML\260\226\0163\217\250\337\325W\253\356*O\245Z\271\234\207C\274\375`\335\311""; closeTime: 803902471; signature: ""0E\002!\000\336g;D\201Q""pW\232\017\314a\275\225\024\030iH\177#b\334\264\332\362xdy\005\007:\002 ig\264H\200\035\024:r!vyc\n\226\270\245\314O<\177\r\342Dt&\322\3751\225\366\261""; previousledger: ""\372\373$P*|\321\342\002\026\n\3215\340\3203\200x\327D\301]5\237\247Yz\3711!L\214""; ","proposeSeq: 0; currentTxHash: ""u\315\243\367\211\2625\240r:n\277\003\026\366\353'\216jy9\\001\220\223~\341j\254O\025\257""; nodePubKey: ""\002\347\243J\206W\025ML\260\226\0163\217\250\337\325W\253\356*O\245Z\271\234\207C\274\375`\335\311""; closeTime: 803902471; signature: ""0E\002!\000\336g;D\201Q""pW\232\017\314a\275\225\024\030iH\177#b\334\264\332\362xdy\005\007:\002 ig\264H\200\035\024:r!vyc\n\226\270\245\314O<\177\r\342Dt&\322\3751\225\366\261""; previousledger: ""\372\373$P*|\321\342\002\026\n\3215\340\3203\200x\327D\301]5\237\247Yz\3711!L\214""; "
1750587272004,1750587272004,141,1,0,3,TMProposeSet,"proposeSeq: 0; currentTxHash: ""u\315\243\367\211\2625\240r:n\277\003\026\366\353'\216jy9\\001\220\223~\341j\254O\025\257""; nodePubKey: ""\002\347\243J\206W\025ML\260\226\0163\217\250\337\325W\253\356*O\245Z\271\234\207C\274\375`\335\311""; closeTime: 803902471; signature: ""0E\002!\000\336g;D\201Q""pW\232\017\314a\275\225\024\030iH\177#b\334\264\332\362xdy\005\007:\002 ig\264H\200\035\024:r!vyc\n\226\270\245\314O<\177\r\342Dt&\322\3751\225\366\261""; previousledger: ""\372\373$P*|\321\342\002\026\n\3215\340\3203\200x\327D\301]5\237\247Yz\3711!L\214""; ","proposeSeq: 0; currentTxHash: ""u\315\243\367\211\2625\240r:n\277\003\026\366\353'\216jy9\\001\220\223~\341j\254O\025\257""; nodePubKey: ""\002\347\243J\206W\025ML\260\226\0163\217\250\337\325W\253\356*O\245Z\271\234\207C\274\375`\335\311""; closeTime: 803902471; signature: ""0E\002!\000\336g;D\201Q""pW\232\017\314a\275\225\024\030iH\177#b\334\264\332\362xdy\005\007:\002 ig\264H\200\035\024:r!vyc\n\226\270\245\314O<\177\r\342Dt&\322\3751\225\366\261""; previousledger: ""\372\373$P*|\321\342\002\026\n\3215\340\3203\200x\327D\301]5\237\247Yz\3711!L\214""; "
1750587272003,1750587272005,883,1,0,3,TMTransaction,"rawTransaction: ""\022\000\000""\000\000\000\000$\000\000\000\002 \033\000\000\000\027a@\000\000\027H\206*@h@\000\000\000\000\000\000\ns!\0030\347\374\235V\273%\326\211;\243\363\027\256[\3173\263)\033\326=\263&T\243\023""/\177\320 tG0E\002!\000\354\026Q~\030\260\230\312\233p\304\177>\274\255\213\032!\016\355\331\243\222\312%\364\027\357\224\037\371[\002 =\214\276+a}GM\202\370!\322\021\221\r-\P\030M?a\nUJ<\020u\207P\203\316\201\024\265\367by\212S\325C\240\024\312\370\262\227\317\370\362\3717\350\203\024\023\252#\014BS\272`\277B\346\245]\332\351o'013""; status: tsNEW; receiveTimestamp: 803902472; ","rawTransaction: ""\022\000\000""\000\000\000\000$\000\000\000\002 \033\000\000\000\027a@\000\000\027H\206*@h@\000\000\000\000\000\000\ns!\0030\347\374\235V\273%\326\211;\243\363\027\256[\3173\263)\033\326=\263&T\243\023""/\177\320 tG0E\002!\000\354\026Q~\030\260\230\312\233p\304\177>\274\255\213\032!\016\355\331\243\222\312%\364\027\357\224\037\371[\002 =\214\276+a}GM\202\370!\322\021\221\r-\P\030M?a\nUJ<\020u\207P\203\316\201\024\265\367by\212S\325C\240\024\312\370\262\227\317\370\362\3717\350\203\024\023\252#\014BS\272`\277B\346\245]\332\351o'013""; status: tsNEW; receiveTimestamp: 803902472; "
1750587272003,1750587272005,2985,1,0,1,TMTransaction,"rawTransaction: ""\022\000\000""\000\000\000\000$\000\000\000\003 \033\000\000\000\027a@\000\000\027H\206*@h@\000\000\000\000\000\000\ns!\0030\347\374\235V\273%\326\211;\243\363\027\256[\3173\263)\033\326=\263&T\243\023""/\177\320 tF0D\002 1\275E\253\256\024\251o\345\335\301\n\213\327\371A|\353\353d\277\233o<\303\226\316\345\374\027nG\002 \016\272`\261\003\205I\263\0138\360s\312\027\267\327\341)\373\351L\217j\326\210\037s\2418\352I%\201\024\265\367by\212S\325C\240\024\312\370\262\227\317\370\362\3717\350\203\024B\006\222#\215\346\234\245/\205\327[/\206^\005y\253G\373""; status: tsNEW; receiveTimestamp: 803902472; ","rawTransaction: ""\022\000\000""\000\000\000\000$\000\000\000\003 \033\000\000\000\027a@\000\000\027H\206*@h@\000\000\000\000\000\000\ns!\0030\347\374\235V\273%\326\211;\243\363\027\256[\3173\263)\033\326=\263&T\243\023""/\177\320 tF0D\002 1\275E\253\256\024\251o\345\335\301\n\213\327\371A|\353\353d\277\233o<\303\226\316\345\374\027nG\002 \016\272`\261\003\205I\263\0138\360s\312\027\267\327\341)\373\351L\217j\326\210\037s\2418\352I%\201\024\265\367by\212S\325C\240\024\312\370\262\227\317\370\362\3717\350\203\024B\006\222#\215\346\234\245/\205\327[/\206^\005y\253G\373""; status: tsNEW; receiveTimestamp: 803902472; "
1750587272004,1750587272006,883,1,0,3,TMTransaction,"rawTransaction: ""\022\000\000""\000\000\000\000$\000\000\000\003 \033\000\000\000\027a@\000\000\027H\206*@h@\000\000\000\000\000\000\ns!\0030\347\374\235V\273%\326\211;\243\363\027\256[\3173\263)\033\326=\263&T\243\023""/\177\320 tF0D\002 1\275E\253\256\024\251o\345\335\301\n\213\327\371A|\353\353d\277\233o<\303\226\316\345\374\027nG\002 \016\272`\261\003\205I\263\0138\360s\312\027\267\327\341)\373\351L\217j\326\210\037s\2418\352I%\201\024\265\367by\212S\325C\240\024\312\370\262\227\317\370\362\3717\350\203\024B\006\222#\215\346\234\245/\205\327[/\206^\005y\253G\373""; status: tsNEW; receiveTimestamp: 803902472; ","rawTransaction: ""\022\000\000""\000\000\000\000$\000\000\000\003 \033\000\000\000\027a@\000\000\027H\206*@h@\000\000\000\000\000\000\ns!\0030\347\374\235V\273%\326\211;\243\363\027\256[\3173\263)\033\326=\263&T\243\023""/\177\320 tF0D\002 1\275E\253\256\024\251o\345\335\301\n\213\327\371A|\353\353d\277\233o<\303\226\316\345\374\027nG\002 \016\272`\261\003\205I\263\0138\360s\312\027\267\327\341)\373\351L\217j\326\210\037s\2418\352I%\201\024\265\367by\212S\325C\240\024\312\370\262\227\317\370\362\3717\350\203\024B\006\222#\215\346\234\245/\205\327[/\206^\005y\253G\373""; status: tsNEW; receiveTimestamp: 803902472; "
1750587272004,1750587272006,2985,1,0,1,TMTransaction,"rawTransaction: ""\022\000\000""\000\000\000\000$\000\000\000\002 \033\000\000\000\027a@\000\000\027H\206*@h@\000\000\000\000\000\000\ns!\0030\347\374\235V\273%\326\211;\243\363\027\256[\3173\263)\033\326=\263&T\243\023""/\177\320 tG0E\002!\000\354\026Q~\030\260\230\312\233p\304\177>\274\255\213\032!\016\355\331\243\222\312%\364\027\357\224\037\371[\002 =\214\276+a}GM\202\370!\322\021\221\r-\P\030M?a\nUJ<\020u\207P\203\316\201\024\265\367by\212S\325C\240\024\312\370\262\227\317\370\362\3717\350\203\024\023\252#\014BS\272`\277B\346\245]\332\351o'013""; status: tsNEW; receiveTimestamp: 803902472; ","rawTransaction: ""\022\000\000""\000\000\000\000$\000\000\000\002 \033\000\000\000\027a@\000\000\027H\206*@h@\000\000\000\000\000\000\ns!\0030\347\374\235V\273%\326\211;\243\363\027\256[\3173\263)\033\326=\263&T\243\023""/\177\320 tG0E\002!\000\354\026Q~\030\260\230\312\233p\304\177>\274\255\213\032!\016\355\331\243\222\312%\364\027\357\224\037\371[\002 =\214\276+a}GM\202\370!\322\021\221\r-\P\030M?a\nUJ<\020u\207P\203\316\201\024\265\367by\212S\325C\240\024\312\370\262\227\317\370\362\3717\350\203\024\023\252#\014BS\272`\277B\346\245]\332\351o'013""; status: tsNEW; receiveTimestamp: 803902472; "
1750587272027,1750587272027,3898,1,2,3,TMGetLedger,"itype: liTS_CANDIDATE; ledgerHash: ""u\315\243\367\211\2625\240r:n\277\003\026\366\353'\216jy9\\001\220\223~\341j\254O\025\257""; nodeIDs: ""\240\000\000\000\000\000\000\000\000\000\000\000\000\000\000\000\000\000\000\000\000\000\000\000\000\000\000\000\000\000\000\000\001""; requestCookie: 2; queryType: qtINDIRECT; ","itype: liTS_CANDIDATE; ledgerHash: ""u\315\243\367\211\2625\240r:n\277\003\026\366\353'\216jy9\\001\220\223~\341j\254O\025\257""; nodeIDs: ""\240\000\000\000\000\000\000\000\000\000\000\000\000\000\000\000\000\000\000\000\000\000\000\000\000\000\000\000\000\000\000\000\001""; requestCookie: 2; queryType: qtINDIRECT; "
1750587272042,1750587272042,2970,1,0,4,TMProposeSet,"proposeSeq: 0; currentTxHash: ""u\315\243\367\211\2625\240r:n\277\003\026\366\353'\216jy9\\001\220\223~\341j\254O\025\257""; nodePubKey: ""\002\347\243J\206W\025ML\260\226\0163\217\250\337\325W\253\356*O\245Z\271\234\207C\274\375`\335\311""; closeTime: 803902471; signature: ""0E\002!\000\336g;D\201Q""pW\232\017\314a\275\225\024\030iH\177#b\334\264\332\362xdy\005\007:\002 ig\264H\200\035\024:r!vyc\n\226\270\245\314O<\177\r\342Dt&\322\3751\225\366\261""; previousledger: ""\372\373$P*|\321\342\002\026\n\3215\340\3203\200x\327D\301]5\237\247Yz\3711!L\214""; ","proposeSeq: 0; currentTxHash: ""u\315\243\367\211\2625\240r:n\277\003\026\366\353'\216jy9\\001\220\223~\341j\254O\025\257""; nodePubKey: ""\002\347\243J\206W\025ML\260\226\0163\217\250\337\325W\253\356*O\245Z\271\234\207C\274\375`\335\311""; closeTime: 803902471; signature: ""0E\002!\000\336g;D\201Q""pW\232\017\314a\275\225\024\030iH\177#b\334\264\332\362xdy\005\007:\002 ig\264H\200\035\024:r!vyc\n\226\270\245\314O<\177\r\342Dt&\322\3751\225\366\261""; previousledger: ""\372\373$P*|\321\342\002\026\n\3215\340\3203\200x\327D\301]5\237\247Yz\3711!L\214""; "
1750587272043,1750587272043,1290,1,0,2,TMProposeSet,"proposeSeq: 0; currentTxHash: ""u\315\243\367\211\2625\240r:n\277\003\026\366\353'\216jy9\\001\220\223~\341j\254O\025\257""; nodePubKey: ""\002\347\243J\206W\025ML\260\226\0163\217\250\337\325W\253\356*O\245Z\271\234\207C\274\375`\335\311""; closeTime: 803902471; signature: ""0E\002!\000\336g;D\201Q""pW\232\017\314a\275\225\024\030iH\177#b\334\264\332\362xdy\005\007:\002 ig\264H\200\035\024:r!vyc\n\226\270\245\314O<\177\r\342Dt&\322\3751\225\366\261""; previousledger: ""\372\373$P*|\321\342\002\026\n\3215\340\3203\200x\327D\301]5\237\247Yz\3711!L\214""; ","proposeSeq: 0; currentTxHash: ""u\315\243\367\211\2625\240r:n\277\003\026\366\353'\216jy9\\001\220\223~\341j\254O\025\257""; nodePubKey: ""\002\347\243J\206W\025ML\260\226\0163\217\250\337\325W\253\356*O\245Z\271\234\207C\274\375`\335\311""; closeTime: 803902471; signature: ""0E\002!\000\336g;D\201Q""pW\232\017\314a\275\225\024\030iH\177#b\334\264\332\362xdy\005\007:\002 ig\264H\200\035\024:r!vyc\n\226\270\245\314O<\177\r\342Dt&\322\3751\225\366\261""; previousledger: ""\372\373$P*|\321\342\002\026\n\3215\340\3203\200x\327D\301]5\237\247Yz\3711!L\214""; "
1750587272042,1750587272043,1100,1,0,2,TMTransaction,"rawTransaction: ""\022\000\000""\000\000\000\000$\000\000\000\002 \033\000\000\000\027a@\000\000\027H\206*@h@\000\000\000\000\000\000\ns!\0030\347\374\235V\273%\326\211;\243\363\027\256[\3173\263)\033\326=\263&T\243\023""/\177\320 tG0E\002!\000\354\026Q~\030\260\230\312\233p\304\177>\274\255\213\032!\016\355\331\243\222\312%\364\027\357\224\037\371[\002 =\214\276+a}GM\202\370!\322\021\221\r-\P\030M?a\nUJ<\020u\207P\203\316\201\024\265\367by\212S\325C\240\024\312\370\262\227\317\370\362\3717\350\203\024\023\252#\014BS\272`\277B\346\245]\332\351o'013""; status: tsNEW; receiveTimestamp: 803902472; ","rawTransaction: ""\022\000\000""\000\000\000\000$\000\000\000\002 \033\000\000\000\027a@\000\000\027H\206*@h@\000\000\000\000\000\000\ns!\0030\347\374\235V\273%\326\211;\243\363\027\256[\3173\263)\033\326=\263&T\243\023""/\177\320 tG0E\002!\000\354\026Q~\030\260\230\312\233p\304\177>\274\255\213\032!\016\355\331\243\222\312%\364\027\357\224\037\371[\002 =\214\276+a}GM\202\370!\322\021\221\r-\P\030M?a\nUJ<\020u\207P\203\316\201\024\265\367by\212S\325C\240\024\312\370\262\227\317\370\362\3717\350\203\024\023\252#\014BS\272`\277B\346\245]\332\351o'013""; status: tsNEW; receiveTimestamp: 803902472; "
1750587272043,1750587272044,1100,1,0,2,TMTransaction,"rawTransaction: ""\022\000\000""\000\000\000\000$\000\000\000\003 \033\000\000\000\027a@\000\000\027H\206*@h@\000\000\000\000\000\000\ns!\0030\347\374\235V\273%\326\211;\243\363\027\256[\3173\263)\033\326=\263&T\243\023""/\177\320 tF0D\002 1\275E\253\256\024\251o\345\335\301\n\213\327\371A|\353\353d\277\233o<\303\226\316\345\374\027nG\002 \016\272`\261\003\205I\263\0138\360s\312\027\267\327\341)\373\351L\217j\326\210\037s\2418\352I%\201\024\265\367by\212S\325C\240\024\312\370\262\227\317\370\362\3717\350\203\024B\006\222#\215\346\234\245/\205\327[/\206^\005y\253G\373""; status: tsNEW; receiveTimestamp: 803902472; ","rawTransaction: ""\022\000\000""\000\000\000\000$\000\000\000\003 \033\000\000\000\027a@\000\000\027H\206*@h@\000\000\000\000\000\000\ns!\0030\347\374\235V\273%\326\211;\243\363\027\256[\3173\263)\033\326=\263&T\243\023""/\177\320 tF0D\002 1\275E\253\256\024\251o\345\335\301\n\213\327\371A|\353\353d\277\233o<\303\226\316\345\374\027nG\002 \016\272`\261\003\205I\263\0138\360s\312\027\267\327\341)\373\351L\217j\326\210\037s\2418\352I%\201\024\265\367by\212S\325C\240\024\312\370\262\227\317\370\362\3717\350\203\024B\006\222#\215\346\234\245/\205\327[/\206^\005y\253G\373""; status: tsNEW; receiveTimestamp: 803902472; "
1750587272043,1750587272044,1542,1,0,4,TMTransaction,"rawTransaction: ""\022\000\000""\000\000\000\000$\000\000\000\003 \033\000\000\000\027a@\000\000\027H\206*@h@\000\000\000\000\000\000\ns!\0030\347\374\235V\273%\326\211;\243\363\027\256[\3173\263)\033\326=\263&T\243\023""/\177\320 tF0D\002 1\275E\253\256\024\251o\345\335\301\n\213\327\371A|\353\353d\277\233o<\303\226\316\345\374\027nG\002 \016\272`\261\003\205I\263\0138\360s\312\027\267\327\341)\373\351L\217j\326\210\037s\2418\352I%\201\024\265\367by\212S\325C\240\024\312\370\262\227\317\370\362\3717\350\203\024B\006\222#\215\346\234\245/\205\327[/\206^\005y\253G\373""; status: tsNEW; receiveTimestamp: 803902472; ","rawTransaction: ""\022\000\000""\000\000\000\000$\000\000\000\003 \033\000\000\000\027a@\000\000\027H\206*@h@\000\000\000\000\000\000\ns!\0030\347\374\235V\273%\326\211;\243\363\027\256[\3173\263)\033\326=\263&T\243\023""/\177\320 tF0D\002 1\275E\253\256\024\251o\345\335\301\n\213\327\371A|\353\353d\277\233o<\303\226\316\345\374\027nG\002 \016\272`\261\003\205I\263\0138\360s\312\027\267\327\341)\373\351L\217j\326\210\037s\2418\352I%\201\024\265\367by\212S\325C\240\024\312\370\262\227\317\370\362\3717\350\203\024B\006\222#\215\346\234\245/\205\327[/\206^\005y\253G\373""; status: tsNEW; receiveTimestamp: 803902472; "
1750587272044,1750587272045,1542,1,0,4,TMTransaction,"rawTransaction: ""\022\000\000""\000\000\000\000$\000\000\000\002 \033\000\000\000\027a@\000\000\027H\206*@h@\000\000\000\000\000\000\ns!\0030\347\374\235V\273%\326\211;\243\363\027\256[\3173\263)\033\326=\263&T\243\023""/\177\320 tG0E\002!\000\354\026Q~\030\260\230\312\233p\304\177>\274\255\213\032!\016\355\331\243\222\312%\364\027\357\224\037\371[\002 =\214\276+a}GM\202\370!\322\021\221\r-\P\030M?a\nUJ<\020u\207P\203\316\201\024\265\367by\212S\325C\240\024\312\370\262\227\317\370\362\3717\350\203\024\023\252#\014BS\272`\277B\346\245]\332\351o'013""; status: tsNEW; receiveTimestamp: 803902472; ","rawTransaction: ""\022\000\000""\000\000\000\000$\000\000\000\002 \033\000\000\000\027a@\000\000\027H\206*@h@\000\000\000\000\000\000\ns!\0030\347\374\235V\273%\326\211;\243\363\027\256[\3173\263)\033\326=\263&T\243\023""/\177\320 tG0E\002!\000\354\026Q~\030\260\230\312\233p\304\177>\274\255\213\032!\016\355\331\243\222\312%\364\027\357\224\037\371[\002 =\214\276+a}GM\202\370!\322\021\221\r-\P\030M?a\nUJ<\020u\207P\203\316\201\024\265\367by\212S\325C\240\024\312\370\262\227\317\370\362\3717\350\203\024\023\252#\014BS\272`\277B\346\245]\332\351o'013""; status: tsNEW; receiveTimestamp: 803902472; "
1750587272000,1750587272061,3150,1,0,3,TMStatusChange,"newEvent: neCLOSING_LEDGER; ledgerSeq: 5; ledgerHash: ""\372\373$P*|\321\342\002\026\n\3215\340\3203\200x\327D\301]5\237\247Yz\3711!L\214""; ledgerHashPrevious: ""\241'\332/+\360Bx\036+\210j\237K%\340]\246E\2434\264K\036\030qP\317\315\336\325\007""; networkTime: 803902471; firstSeq: 1; lastSeq: 4; ","newEvent: neCLOSING_LEDGER; ledgerSeq: 5; ledgerHash: ""\372\373$P*|\321\342\002\026\n\3215\340\3203\200x\327D\301]5\237\247Yz\3711!L\214""; ledgerHashPrevious: ""\241'\332/+\360Bx\036+\210j\237K%\340]\246E\2434\264K\036\030qP\317\315\336\325\007""; networkTime: 803902471; firstSeq: 1; lastSeq: 4; "
1750587272002,1750587272062,615,1,0,2,TMStatusChange,"newEvent: neCLOSING_LEDGER; ledgerSeq: 5; ledgerHash: ""\372\373$P*|\321\342\002\026\n\3215\340\3203\200x\327D\301]5\237\247Yz\3711!L\214""; ledgerHashPrevious: ""\241'\332/+\360Bx\036+\210j\237K%\340]\246E\2434\264K\036\030qP\317\315\336\325\007""; networkTime: 803902471; firstSeq: 1; lastSeq: 4; ","newEvent: neCLOSING_LEDGER; ledgerSeq: 5; ledgerHash: ""\372\373$P*|\321\342\002\026\n\3215\340\3203\200x\327D\301]5\237\247Yz\3711!L\214""; ledgerHashPrevious: ""\241'\332/+\360Bx\036+\210j\237K%\340]\246E\2434\264K\036\030qP\317\315\336\325\007""; networkTime: 803902471; firstSeq: 1; lastSeq: 4; "
1750587272001,1750587272062,2252,1,0,4,TMStatusChange,"newEvent: neCLOSING_LEDGER; ledgerSeq: 5; ledgerHash: ""\372\373$P*|\321\342\002\026\n\3215\340\3203\200x\327D\301]5\237\247Yz\3711!L\214""; ledgerHashPrevious: ""\241'\332/+\360Bx\036+\210j\237K%\340]\246E\2434\264K\036\030qP\317\315\336\325\007""; networkTime: 803902471; firstSeq: 1; lastSeq: 4; ","newEvent: neCLOSING_LEDGER; ledgerSeq: 5; ledgerHash: ""\372\373$P*|\321\342\002\026\n\3215\340\3203\200x\327D\301]5\237\247Yz\3711!L\214""; ledgerHashPrevious: ""\241'\332/+\360Bx\036+\210j\237K%\340]\246E\2434\264K\036\030qP\317\315\336\325\007""; networkTime: 803902471; firstSeq: 1; lastSeq: 4; "
1750587272003,1750587272062,468,1,0,1,TMStatusChange,"newEvent: neCLOSING_LEDGER; ledgerSeq: 5; ledgerHash: ""\372\373$P*|\321\342\002\026\n\3215\340\3203\200x\327D\301]5\237\247Yz\3711!L\214""; ledgerHashPrevious: ""\241'\332/+\360Bx\036+\210j\237K%\340]\246E\2434\264K\036\030qP\317\315\336\325\007""; networkTime: 803902471; firstSeq: 1; lastSeq: 4; ","newEvent: neCLOSING_LEDGER; ledgerSeq: 5; ledgerHash: ""\372\373$P*|\321\342\002\026\n\3215\340\3203\200x\327D\301]5\237\247Yz\3711!L\214""; ledgerHashPrevious: ""\241'\332/+\360Bx\036+\210j\237K%\340]\246E\2434\264K\036\030qP\317\315\336\325\007""; networkTime: 803902471; firstSeq: 1; lastSeq: 4; "
1750587272073,1750587272073,486,1,4,0,TMLedgerData,"ledgerHash: ""8h\232\211g)\354\005\246\256XI\265J\214\312}\261\211y\355]\0228j\360\0224\003\021%\014""; ledgerSeq: 0; type: liTS_CANDIDATE; nodes {;   nodedata: ""\022\000\000""\000\000\000\000$\000\000\000\001 \033\000\000\000\027a@\000\000\027H\206*@h@\000\000\000\000\000\000\ns!\0030\347\374\235V\273%\326\211;\243\363\027\256[\3173\263)\033\326=\263&T\243\023""/\177\320 tF0D\002 0\023\341\332; \2711\245\020\321\3300\345\267-)\230\177\246\236AQ\327\203\207H\226+\000%\336\002 \024\036\211\237\201t\376\272E\270\230\020\334\014\356g\273\025((\376\266\216@ \254^2T\233\013\034\201\024\265\367by\212S\325C\240\024\312\370\262\227\317\370\362\3717\350\203\024E0\246\210\344\325\345r\024T\251\006P\255\352\333\372\351\337\302\000"";   nodeid: ""\240\000\000\000\000\000\000\000\000\000\000\000\000\000\000\000\000\000\000\000\000\000\000\000\000\000\000\000\000\000\000\000\001""; }; ","ledgerHash: ""8h\232\211g)\354\005\246\256XI\265J\214\312}\261\211y\355]\0228j\360\0224\003\021%\014""; ledgerSeq: 0; type: liTS_CANDIDATE; nodes {;   nodedata: ""\022\000\000""\000\000\000\000$\000\000\000\001 \033\000\000\000\027a@\000\000\027H\206*@h@\000\000\000\000\000\000\ns!\0030\347\374\235V\273%\326\211;\243\363\027\256[\3173\263)\033\326=\263&T\243\023""/\177\320 tF0D\002 0\023\341\332; \2711\245\020\321\3300\345\267-)\230\177\246\236AQ\327\203\207H\226+\000%\336\002 \024\036\211\237\201t\376\272E\270\230\020\334\014\356g\273\025((\376\266\216@ \254^2T\233\013\034\201\024\265\367by\212S\325C\240\024\312\370\262\227\317\370\362\3717\350\203\024E0\246\210\344\325\345r\024T\251\006P\255\352\333\372\351\337\302\000"";   nodeid: ""\240\000\000\000\000\000\000\000\000\000\000\000\000\000\000\000\000\000\000\000\000\000\000\000\000\000\000\000\000\000\000\000\001""; }; "
1750587272098,1750587272098,3082,1,2,4,TMProposeSet,"proposeSeq: 0; currentTxHash: ""8h\232\211g)\354\005\246\256XI\265J\214\312}\261\211y\355]\0228j\360\0224\003\021%\014""; nodePubKey: ""\003.\200\224\215?)t\306\315\242\313\251\255\302\204=\232.\271%}\013\024s\024\002@\216l""\241F""; closeTime: 803902469; signature: ""0E\002!\000\273\032\007\372\0073\334\361\226]\271\354|\230\372\304\003\266\370\027Z\242Czd\302\375\371\344\267>d\002 F\013\346s.$\346E\3551\302\371\367\254\222\203\331\330\315c\331\256[\377\032A\264\226\333\212\033\307""; previousledger: ""\372\373$P*|\321\342\002\026\n\3215\340\3203\200x\327D\301]5\237\247Yz\3711!L\214""; ","proposeSeq: 0; currentTxHash: ""8h\232\211g)\354\005\246\256XI\265J\214\312}\261\211y\355]\0228j\360\0224\003\021%\014""; nodePubKey: ""\003.\200\224\215?)t\306\315\242\313\251\255\302\204=\232.\271%}\013\024s\024\002@\216l""\241F""; closeTime: 803902469; signature: ""0E\002!\000\273\032\007\372\0073\334\361\226]\271\354|\230\372\304\003\266\370\027Z\242Czd\302\375\371\344\267>d\002 F\013\346s.$\346E\3551\302\371\367\254\222\203\331\330\315c\331\256[\377\032A\264\226\333\212\033\307""; previousledger: ""\372\373$P*|\321\342\002\026\n\3215\340\3203\200x\327D\301]5\237\247Yz\3711!L\214""; "
1750587272098,1750587272098,3546,1,2,0,TMProposeSet,"proposeSeq: 0; currentTxHash: ""8h\232\211g)\354\005\246\256XI\265J\214\312}\261\211y\355]\0228j\360\0224\003\021%\014""; nodePubKey: ""\003.\200\224\215?)t\306\315\242\313\251\255\302\204=\232.\271%}\013\024s\024\002@\216l""\241F""; closeTime: 803902469; signature: ""0E\002!\000\273\032\007\372\0073\334\361\226]\271\354|\230\372\304\003\266\370\027Z\242Czd\302\375\371\344\267>d\002 F\013\346s.$\346E\3551\302\371\367\254\222\203\331\330\315c\331\256[\377\032A\264\226\333\212\033\307""; previousledger: ""\372\373$P*|\321\342\002\026\n\3215\340\3203\200x\327D\301]5\237\247Yz\3711!L\214""; ","proposeSeq: 0; currentTxHash: ""8h\232\211g)\354\005\246\256XI\265J\214\312}\261\211y\355]\0228j\360\0224\003\021%\014""; nodePubKey: ""\003.\200\224\215?)t\306\315\242\313\251\255\302\204=\232.\271%}\013\024s\024\002@\216l""\241F""; closeTime: 803902469; signature: ""0E\002!\000\273\032\007\372\0073\334\361\226]\271\354|\230\372\304\003\266\370\027Z\242Czd\302\375\371\344\267>d\002 F\013\346s.$\346E\3551\302\371\367\254\222\203\331\330\315c\331\256[\377\032A\264\226\333\212\033\307""; previousledger: ""\372\373$P*|\321\342\002\026\n\3215\340\3203\200x\327D\301]5\237\247Yz\3711!L\214""; "
1750587272098,1750587272098,1838,1,2,1,TMProposeSet,"proposeSeq: 0; currentTxHash: ""8h\232\211g)\354\005\246\256XI\265J\214\312}\261\211y\355]\0228j\360\0224\003\021%\014""; nodePubKey: ""\003.\200\224\215?)t\306\315\242\313\251\255\302\204=\232.\271%}\013\024s\024\002@\216l""\241F""; closeTime: 803902469; signature: ""0E\002!\000\273\032\007\372\0073\334\361\226]\271\354|\230\372\304\003\266\370\027Z\242Czd\302\375\371\344\267>d\002 F\013\346s.$\346E\3551\302\371\367\254\222\203\331\330\315c\331\256[\377\032A\264\226\333\212\033\307""; previousledger: ""\372\373$P*|\321\342\002\026\n\3215\340\3203\200x\327D\301]5\237\247Yz\3711!L\214""; ","proposeSeq: 0; currentTxHash: ""8h\232\211g)\354\005\246\256XI\265J\214\312}\261\211y\355]\0228j\360\0224\003\021%\014""; nodePubKey: ""\003.\200\224\215?)t\306\315\242\313\251\255\302\204=\232.\271%}\013\024s\024\002@\216l""\241F""; closeTime: 803902469; signature: ""0E\002!\000\273\032\007\372\0073\334\361\226]\271\354|\230\372\304\003\266\370\027Z\242Czd\302\375\371\344\267>d\002 F\013\346s.$\346E\3551\302\371\367\254\222\203\331\330\315c\331\256[\377\032A\264\226\333\212\033\307""; previousledger: ""\372\373$P*|\321\342\002\026\n\3215\340\3203\200x\327D\301]5\237\247Yz\3711!L\214""; "
1750587272105,1750587272105,486,1,4,0,TMLedgerData,"ledgerHash: ""u\315\243\367\211\2625\240r:n\277\003\026\366\353'\216jy9\\001\220\223~\341j\254O\025\257""; ledgerSeq: 0; type: liTS_CANDIDATE; nodes {;   nodedata: ""\246C\232\272\013^\241\340~\030'\005/\234\037\355\231\230\017\266\365\303w\360\273\374\234\362S:\270\023\n\003"";   nodeid: ""\000\000\000\000\000\000\000\000\000\000\000\000\000\000\000\000\000\000\000\000\000\000\000\000\000\000\000\000\000\000\000\000\000""; }; ","ledgerHash: ""u\315\243\367\211\2625\240r:n\277\003\026\366\353'\216jy9\\001\220\223~\341j\254O\025\257""; ledgerSeq: 0; type: liTS_CANDIDATE; nodes {;   nodedata: ""\246C\232\272\013^\241\340~\030'\005/\234\037\355\231\230\017\266\365\303w\360\273\374\234\362S:\270\023\n\003"";   nodeid: ""\000\000\000\000\000\000\000\000\000\000\000\000\000\000\000\000\000\000\000\000\000\000\000\000\000\000\000\000\000\000\000\000\000""; }; "
1750587272118,1750587272118,3914,1,4,3,TMGetLedger,"itype: liTS_CANDIDATE; ledgerHash: ""u\315\243\367\211\2625\240r:n\277\003\026\366\353'\216jy9\\001\220\223~\341j\254O\025\257""; nodeIDs: ""\240\000\000\000\000\000\000\000\000\000\000\000\000\000\000\000\000\000\000\000\000\000\000\000\000\000\000\000\000\000\000\000\001""; requestCookie: 1; queryType: qtINDIRECT; ","itype: liTS_CANDIDATE; ledgerHash: ""u\315\243\367\211\2625\240r:n\277\003\026\366\353'\216jy9\\001\220\223~\341j\254O\025\257""; nodeIDs: ""\240\000\000\000\000\000\000\000\000\000\000\000\000\000\000\000\000\000\000\000\000\000\000\000\000\000\000\000\000\000\000\000\001""; requestCookie: 1; queryType: qtINDIRECT; "
1750587272118,1750587272118,926,1,1,0,TMProposeSet,"proposeSeq: 0; currentTxHash: ""8h\232\211g)\354\005\246\256XI\265J\214\312}\261\211y\355]\0228j\360\0224\003\021%\014""; nodePubKey: ""\003ql\302)\235\321\t\213\224\356\374%%\311\327\037\374\304\t\335\2359\344\233\035]\347<u\236\364\222""; closeTime: 803902470; signature: ""0E\002!\000\366\004L@\274:\033Z\363\006J\023\204\245\252\267\356\001s\031\023vAm\342\230\206\337\235X\377\303\002 \014\316O\210\306\334\273\231\207Z\214\341\245\267t-e\224\013w\302w\332j\244-!SC\356\220q""; previousledger: ""\372\373$P*|\321\342\002\026\n\3215\340\3203\200x\327D\301]5\237\247Yz\3711!L\214""; ","proposeSeq: 0; currentTxHash: ""8h\232\211g)\354\005\246\256XI\265J\214\312}\261\211y\355]\0228j\360\0224\003\021%\014""; nodePubKey: ""\003ql\302)\235\321\t\213\224\356\374%%\311\327\037\374\304\t\335\2359\344\233\035]\347<u\236\364\222""; closeTime: 803902470; signature: ""0E\002!\000\366\004L@\274:\033Z\363\006J\023\204\245\252\267\356\001s\031\023vAm\342\230\206\337\235X\377\303\002 \014\316O\210\306\334\273\231\207Z\214\341\245\267t-e\224\013w\302w\332j\244-!SC\356\220q""; previousledger: ""\372\373$P*|\321\342\002\026\n\3215\340\3203\200x\327D\301]5\237\247Yz\3711!L\214""; "
1750587272118,1750587272119,3375,1,1,4,TMProposeSet,"proposeSeq: 0; currentTxHash: ""8h\232\211g)\354\005\246\256XI\265J\214\312}\261\211y\355]\0228j\360\0224\003\021%\014""; nodePubKey: ""\003ql\302)\235\321\t\213\224\356\374%%\311\327\037\374\304\t\335\2359\344\233\035]\347<u\236\364\222""; closeTime: 803902470; signature: ""0E\002!\000\366\004L@\274:\033Z\363\006J\023\204\245\252\267\356\001s\031\023vAm\342\230\206\337\235X\377\303\002 \014\316O\210\306\334\273\231\207Z\214\341\245\267t-e\224\013w\302w\332j\244-!SC\356\220q""; previousledger: ""\372\373$P*|\321\342\002\026\n\3215\340\3203\200x\327D\301]5\237\247Yz\3711!L\214""; ","proposeSeq: 0; currentTxHash: ""8h\232\211g)\354\005\246\256XI\265J\214\312}\261\211y\355]\0228j\360\0224\003\021%\014""; nodePubKey: ""\003ql\302)\235\321\t\213\224\356\374%%\311\327\037\374\304\t\335\2359\344\233\035]\347<u\236\364\222""; closeTime: 803902470; signature: ""0E\002!\000\366\004L@\274:\033Z\363\006J\023\204\245\252\267\356\001s\031\023vAm\342\230\206\337\235X\377\303\002 \014\316O\210\306\334\273\231\207Z\214\341\245\267t-e\224\013w\302w\332j\244-!SC\356\220q""; previousledger: ""\372\373$P*|\321\342\002\026\n\3215\340\3203\200x\327D\301]5\237\247Yz\3711!L\214""; "
1750587272119,1750587272119,3538,1,1,3,TMProposeSet,"proposeSeq: 0; currentTxHash: ""8h\232\211g)\354\005\246\256XI\265J\214\312}\261\211y\355]\0228j\360\0224\003\021%\014""; nodePubKey: ""\003ql\302)\235\321\t\213\224\356\374%%\311\327\037\374\304\t\335\2359\344\233\035]\347<u\236\364\222""; closeTime: 803902470; signature: ""0E\002!\000\366\004L@\274:\033Z\363\006J\023\204\245\252\267\356\001s\031\023vAm\342\230\206\337\235X\377\303\002 \014\316O\210\306\334\273\231\207Z\214\341\245\267t-e\224\013w\302w\332j\244-!SC\356\220q""; previousledger: ""\372\373$P*|\321\342\002\026\n\3215\340\3203\200x\327D\301]5\237\247Yz\3711!L\214""; ","proposeSeq: 0; currentTxHash: ""8h\232\211g)\354\005\246\256XI\265J\214\312}\261\211y\355]\0228j\360\0224\003\021%\014""; nodePubKey: ""\003ql\302)\235\321\t\213\224\356\374%%\311\327\037\374\304\t\335\2359\344\233\035]\347<u\236\364\222""; closeTime: 803902470; signature: ""0E\002!\000\366\004L@\274:\033Z\363\006J\023\204\245\252\267\356\001s\031\023vAm\342\230\206\337\235X\377\303\002 \014\316O\210\306\334\273\231\207Z\214\341\245\267t-e\224\013w\302w\332j\244-!SC\356\220q""; previousledger: ""\372\373$P*|\321\342\002\026\n\3215\340\3203\200x\327D\301]5\237\247Yz\3711!L\214""; "
1750587272120,1750587272120,2565,1,3,0,TMLedgerData,"ledgerHash: ""8h\232\211g)\354\005\246\256XI\265J\214\312}\261\211y\355]\0228j\360\0224\003\021%\014""; ledgerSeq: 0; type: liTS_CANDIDATE; nodes {;   nodedata: ""\022\000\000""\000\000\000\000$\000\000\000\001 \033\000\000\000\027a@\000\000\027H\206*@h@\000\000\000\000\000\000\ns!\0030\347\374\235V\273%\326\211;\243\363\027\256[\3173\263)\033\326=\263&T\243\023""/\177\320 tF0D\002 0\023\341\332; \2711\245\020\321\3300\345\267-)\230\177\246\236AQ\327\203\207H\226+\000%\336\002 \024\036\211\237\201t\376\272E\270\230\020\334\014\356g\273\025((\376\266\216@ \254^2T\233\013\034\201\024\265\367by\212S\325C\240\024\312\370\262\227\317\370\362\3717\350\203\024E0\246\210\344\325\345r\024T\251\006P\255\352\333\372\351\337\302\000"";   nodeid: ""\240\000\000\000\000\000\000\000\000\000\000\000\000\000\000\000\000\000\000\000\000\000\000\000\000\000\000\000\000\000\000\000\001""; }; ","ledgerHash: ""8h\232\211g)\354\005\246\256XI\265J\214\312}\261\211y\355]\0228j\360\0224\003\021%\014""; ledgerSeq: 0; type: liTS_CANDIDATE; nodes {;   nodedata: ""\022\000\000""\000\000\000\000$\000\000\000\001 \033\000\000\000\027a@\000\000\027H\206*@h@\000\000\000\000\000\000\ns!\0030\347\374\235V\273%\326\211;\243\363\027\256[\3173\263)\033\326=\263&T\243\023""/\177\320 tF0D\002 0\023\341\332; \2711\245\020\321\3300\345\267-)\230\177\246\236AQ\327\203\207H\226+\000%\336\002 \024\036\211\237\201t\376\272E\270\230\020\334\014\356g\273\025((\376\266\216@ \254^2T\233\013\034\201\024\265\367by\212S\325C\240\024\312\370\262\227\317\370\362\3717\350\203\024E0\246\210\344\325\345r\024T\251\006P\255\352\333\372\351\337\302\000"";   nodeid: ""\240\000\000\000\000\000\000\000\000\000\000\000\000\000\000\000\000\000\000\000\000\000\000\000\000\000\000\000\000\000\000\000\001""; }; "
1750587272126,1750587272126,557,1,4,1,TMGetLedger,"itype: liTS_CANDIDATE; ledgerHash: ""u\315\243\367\211\2625\240r:n\277\003\026\366\353'\216jy9\\001\220\223~\341j\254O\025\257""; nodeIDs: ""\000\000\000\000\000\000\000\000\000\000\000\000\000\000\000\000\000\000\000\000\000\000\000\000\000\000\000\000\000\000\000\000\000""; requestCookie: 4; queryType: qtINDIRECT; queryDepth: 3; ","itype: liTS_CANDIDATE; ledgerHash: ""u\315\243\367\211\2625\240r:n\277\003\026\366\353'\216jy9\\001\220\223~\341j\254O\025\257""; nodeIDs: ""\000\000\000\000\000\000\000\000\000\000\000\000\000\000\000\000\000\000\000\000\000\000\000\000\000\000\000\000\000\000\000\000\000""; requestCookie: 4; queryType: qtINDIRECT; queryDepth: 3; "
1750587272144,1750587272145,483,1,3,4,TMProposeSet,"proposeSeq: 0; currentTxHash: ""u\315\243\367\211\2625\240r:n\277\003\026\366\353'\216jy9\\001\220\223~\341j\254O\025\257""; nodePubKey: ""\002\347\243J\206W\025ML\260\226\0163\217\250\337\325W\253\356*O\245Z\271\234\207C\274\375`\335\311""; closeTime: 803902471; signature: ""0E\002!\000\336g;D\201Q""pW\232\017\314a\275\225\024\030iH\177#b\334\264\332\362xdy\005\007:\002 ig\264H\200\035\024:r!vyc\n\226\270\245\314O<\177\r\342Dt&\322\3751\225\366\261""; previousledger: ""\372\373$P*|\321\342\002\026\n\3215\340\3203\200x\327D\301]5\237\247Yz\3711!L\214""; ","proposeSeq: 0; currentTxHash: ""u\315\243\367\211\2625\240r:n\277\003\026\366\353'\216jy9\\001\220\223~\341j\254O\025\257""; nodePubKey: ""\002\347\243J\206W\025ML\260\226\0163\217\250\337\325W\253\356*O\245Z\271\234\207C\274\375`\335\311""; closeTime: 803902471; signature: ""0E\002!\000\336g;D\201Q""pW\232\017\314a\275\225\024\030iH\177#b\334\264\332\362xdy\005\007:\002 ig\264H\200\035\024:r!vyc\n\226\270\245\314O<\177\r\342Dt&\322\3751\225\366\261""; previousledger: ""\372\373$P*|\321\342\002\026\n\3215\340\3203\200x\327D\301]5\237\247Yz\3711!L\214""; "
1750587272145,1750587272145,3656,1,3,1,TMProposeSet,"proposeSeq: 0; currentTxHash: ""u\315\243\367\211\2625\240r:n\277\003\026\366\353'\216jy9\\001\220\223~\341j\254O\025\257""; nodePubKey: ""\002\347\243J\206W\025ML\260\226\0163\217\250\337\325W\253\356*O\245Z\271\234\207C\274\375`\335\311""; closeTime: 803902471; signature: ""0E\002!\000\336g;D\201Q""pW\232\017\314a\275\225\024\030iH\177#b\334\264\332\362xdy\005\007:\002 ig\264H\200\035\024:r!vyc\n\226\270\245\314O<\177\r\342Dt&\322\3751\225\366\261""; previousledger: ""\372\373$P*|\321\342\002\026\n\3215\340\3203\200x\327D\301]5\237\247Yz\3711!L\214""; ","proposeSeq: 0; currentTxHash: ""u\315\243\367\211\2625\240r:n\277\003\026\366\353'\216jy9\\001\220\223~\341j\254O\025\257""; nodePubKey: ""\002\347\243J\206W\025ML\260\226\0163\217\250\337\325W\253\356*O\245Z\271\234\207C\274\375`\335\311""; closeTime: 803902471; signature: ""0E\002!\000\336g;D\201Q""pW\232\017\314a\275\225\024\030iH\177#b\334\264\332\362xdy\005\007:\002 ig\264H\200\035\024:r!vyc\n\226\270\245\314O<\177\r\342Dt&\322\3751\225\366\261""; previousledger: ""\372\373$P*|\321\342\002\026\n\3215\340\3203\200x\327D\301]5\237\247Yz\3711!L\214""; "
1750587272145,1750587272145,1317,1,3,2,TMProposeSet,"proposeSeq: 0; currentTxHash: ""u\315\243\367\211\2625\240r:n\277\003\026\366\353'\216jy9\\001\220\223~\341j\254O\025\257""; nodePubKey: ""\002\347\243J\206W\025ML\260\226\0163\217\250\337\325W\253\356*O\245Z\271\234\207C\274\375`\335\311""; closeTime: 803902471; signature: ""0E\002!\000\336g;D\201Q""pW\232\017\314a\275\225\024\030iH\177#b\334\264\332\362xdy\005\007:\002 ig\264H\200\035\024:r!vyc\n\226\270\245\314O<\177\r\342Dt&\322\3751\225\366\261""; previousledger: ""\372\373$P*|\321\342\002\026\n\3215\340\3203\200x\327D\301]5\237\247Yz\3711!L\214""; ","proposeSeq: 0; currentTxHash: ""u\315\243\367\211\2625\240r:n\277\003\026\366\353'\216jy9\\001\220\223~\341j\254O\025\257""; nodePubKey: ""\002\347\243J\206W\025ML\260\226\0163\217\250\337\325W\253\356*O\245Z\271\234\207C\274\375`\335\311""; closeTime: 803902471; signature: ""0E\002!\000\336g;D\201Q""pW\232\017\314a\275\225\024\030iH\177#b\334\264\332\362xdy\005\007:\002 ig\264H\200\035\024:r!vyc\n\226\270\245\314O<\177\r\342Dt&\322\3751\225\366\261""; previousledger: ""\372\373$P*|\321\342\002\026\n\3215\340\3203\200x\327D\301]5\237\247Yz\3711!L\214""; "
1750587272147,1750587272147,2715,1,1,4,TMLedgerData,"ledgerHash: ""u\315\243\367\211\2625\240r:n\277\003\026\366\353'\216jy9\\001\220\223~\341j\254O\025\257""; ledgerSeq: 0; type: liTS_CANDIDATE; nodes {;   nodedata: ""\022\000\000""\000\000\000\000$\000\000\000\001 \033\000\000\000\027a@\000\000\027H\206*@h@\000\000\000\000\000\000\ns!\0030\347\374\235V\273%\326\211;\243\363\027\256[\3173\263)\033\326=\263&T\243\023""/\177\320 tF0D\002 0\023\341\332; \2711\245\020\321\3300\345\267-)\230\177\246\236AQ\327\203\207H\226+\000%\336\002 \024\036\211\237\201t\376\272E\270\230\020\334\014\356g\273\025((\376\266\216@ \254^2T\233\013\034\201\024\265\367by\212S\325C\240\024\312\370\262\227\317\370\362\3717\350\203\024E0\246\210\344\325\345r\024T\251\006P\255\352\333\372\351\337\302\000"";   nodeid: ""\240\000\000\000\000\000\000\000\000\000\000\000\000\000\000\000\000\000\000\000\000\000\000\000\000\000\000\000\000\000\000\000\001""; }; requestCookie: 1; ","ledgerHash: ""u\315\243\367\211\2625\240r:n\277\003\026\366\353'\216jy9\\001\220\223~\341j\254O\025\257""; ledgerSeq: 0; type: liTS_CANDIDATE; nodes {;   nodedata: ""\022\000\000""\000\000\000\000$\000\000\000\001 \033\000\000\000\027a@\000\000\027H\206*@h@\000\000\000\000\000\000\ns!\0030\347\374\235V\273%\326\211;\243\363\027\256[\3173\263)\033\326=\263&T\243\023""/\177\320 tF0D\002 0\023\341\332; \2711\245\020\321\3300\345\267-)\230\177\246\236AQ\327\203\207H\226+\000%\336\002 \024\036\211\237\201t\376\272E\270\230\020\334\014\356g\273\025((\376\266\216@ \254^2T\233\013\034\201\024\265\367by\212S\325C\240\024\312\370\262\227\317\370\362\3717\350\203\024E0\246\210\344\325\345r\024T\251\006P\255\352\333\372\351\337\302\000"";   nodeid: ""\240\000\000\000\000\000\000\000\000\000\000\000\000\000\000\000\000\000\000\000\000\000\000\000\000\000\000\000\000\000\000\000\001""; }; requestCookie: 1; "
1750587272148,1750587272148,1772,1,4,3,TMLedgerData,"ledgerHash: ""u\315\243\367\211\2625\240r:n\277\003\026\366\353'\216jy9\\001\220\223~\341j\254O\025\257""; ledgerSeq: 0; type: liTS_CANDIDATE; nodes {;   nodedata: ""\246C\232\272\013^\241\340~\030'\005/\234\037\355\231\230\017\266\365\303w\360\273\374\234\362S:\270\023\n\003"";   nodeid: ""\000\000\000\000\000\000\000\000\000\000\000\000\000\000\000\000\000\000\000\000\000\000\000\000\000\000\000\000\000\000\000\000\000""; }; ","ledgerHash: ""u\315\243\367\211\2625\240r:n\277\003\026\366\353'\216jy9\\001\220\223~\341j\254O\025\257""; ledgerSeq: 0; type: liTS_CANDIDATE; nodes {;   nodedata: ""\246C\232\272\013^\241\340~\030'\005/\234\037\355\231\230\017\266\365\303w\360\273\374\234\362S:\270\023\n\003"";   nodeid: ""\000\000\000\000\000\000\000\000\000\000\000\000\000\000\000\000\000\000\000\000\000\000\000\000\000\000\000\000\000\000\000\000\000""; }; "
1750587272163,1750587272163,2565,1,3,0,TMLedgerData,"ledgerHash: ""u\315\243\367\211\2625\240r:n\277\003\026\366\353'\216jy9\\001\220\223~\341j\254O\025\257""; ledgerSeq: 0; type: liTS_CANDIDATE; nodes {;   nodedata: ""\022\000\000""\000\000\000\000$\000\000\000\001 \033\000\000\000\027a@\000\000\027H\206*@h@\000\000\000\000\000\000\ns!\0030\347\374\235V\273%\326\211;\243\363\027\256[\3173\263)\033\326=\263&T\243\023""/\177\320 tF0D\002 0\023\341\332; \2711\245\020\321\3300\345\267-)\230\177\246\236AQ\327\203\207H\226+\000%\336\002 \024\036\211\237\201t\376\272E\270\230\020\334\014\356g\273\025((\376\266\216@ \254^2T\233\013\034\201\024\265\367by\212S\325C\240\024\312\370\262\227\317\370\362\3717\350\203\024E0\246\210\344\325\345r\024T\251\006P\255\352\333\372\351\337\302\000"";   nodeid: ""\240\000\000\000\000\000\000\000\000\000\000\000\000\000\000\000\000\000\000\000\000\000\000\000\000\000\000\000\000\000\000\000\001""; }; ","ledgerHash: ""u\315\243\367\211\2625\240r:n\277\003\026\366\353'\216jy9\\001\220\223~\341j\254O\025\257""; ledgerSeq: 0; type: liTS_CANDIDATE; nodes {;   nodedata: ""\022\000\000""\000\000\000\000$\000\000\000\001 \033\000\000\000\027a@\000\000\027H\206*@h@\000\000\000\000\000\000\ns!\0030\347\374\235V\273%\326\211;\243\363\027\256[\3173\263)\033\326=\263&T\243\023""/\177\320 tF0D\002 0\023\341\332; \2711\245\020\321\3300\345\267-)\230\177\246\236AQ\327\203\207H\226+\000%\336\002 \024\036\211\237\201t\376\272E\270\230\020\334\014\356g\273\025((\376\266\216@ \254^2T\233\013\034\201\024\265\367by\212S\325C\240\024\312\370\262\227\317\370\362\3717\350\203\024E0\246\210\344\325\345r\024T\251\006P\255\352\333\372\351\337\302\000"";   nodeid: ""\240\000\000\000\000\000\000\000\000\000\000\000\000\000\000\000\000\000\000\000\000\000\000\000\000\000\000\000\000\000\000\000\001""; }; "
1750587272164,1750587272164,2565,1,3,0,TMLedgerData,"ledgerHash: ""8h\232\211g)\354\005\246\256XI\265J\214\312}\261\211y\355]\0228j\360\0224\003\021%\014""; ledgerSeq: 0; type: liTS_CANDIDATE; nodes {;   nodedata: ""\222c\273c4\225\334\221\227u?\025\314=\305/\262\367\217\375\027j\323\304\372\312Fv\2716\001\355\t\246C\232\272\013^\241\340~\030'\005/\234\037\355\231\230\017\266\365\303w\360\273\374\234\362S:\270\023\n\270\212\275\306\204\271\274\361K|t\323\346\2174\324\362\014S]\301\325\344rY\277\343\351\364\374\023\263\013\003"";   nodeid: ""\000\000\000\000\000\000\000\000\000\000\000\000\000\000\000\000\000\000\000\000\000\000\000\000\000\000\000\000\000\000\000\000\000""; }; requestCookie: 5; ","ledgerHash: ""8h\232\211g)\354\005\246\256XI\265J\214\312}\261\211y\355]\0228j\360\0224\003\021%\014""; ledgerSeq: 0; type: liTS_CANDIDATE; nodes {;   nodedata: ""\222c\273c4\225\334\221\227u?\025\314=\305/\262\367\217\375\027j\323\304\372\312Fv\2716\001\355\t\246C\232\272\013^\241\340~\030'\005/\234\037\355\231\230\017\266\365\303w\360\273\374\234\362S:\270\023\n\270\212\275\306\204\271\274\361K|t\323\346\2174\324\362\014S]\301\325\344rY\277\343\351\364\374\023\263\013\003"";   nodeid: ""\000\000\000\000\000\000\000\000\000\000\000\000\000\000\000\000\000\000\000\000\000\000\000\000\000\000\000\000\000\000\000\000\000""; }; requestCookie: 5; "
1750587272164,1750587272164,1102,1,2,3,TMLedgerData,"ledgerHash: ""u\315\243\367\211\2625\240r:n\277\003\026\366\353'\216jy9\\001\220\223~\341j\254O\025\257""; ledgerSeq: 0; type: liTS_CANDIDATE; nodes {;   nodedata: ""\246C\232\272\013^\241\340~\030'\005/\234\037\355\231\230\017\266\365\303w\360\273\374\234\362S:\270\023\n\003"";   nodeid: ""\000\000\000\000\000\000\000\000\000\000\000\000\000\000\000\000\000\000\000\000\000\000\000\000\000\000\000\000\000\000\000\000\000""; }; ","ledgerHash: ""u\315\243\367\211\2625\240r:n\277\003\026\366\353'\216jy9\\001\220\223~\341j\254O\025\257""; ledgerSeq: 0; type: liTS_CANDIDATE; nodes {;   nodedata: ""\246C\232\272\013^\241\340~\030'\005/\234\037\355\231\230\017\266\365\303w\360\273\374\234\362S:\270\023\n\003"";   nodeid: ""\000\000\000\000\000\000\000\000\000\000\000\000\000\000\000\000\000\000\000\000\000\000\000\000\000\000\000\000\000\000\000\000\000""; }; "
1750587272184,1750587272184,2715,1,1,4,TMLedgerData,"ledgerHash: ""u\315\243\367\211\2625\240r:n\277\003\026\366\353'\216jy9\\001\220\223~\341j\254O\025\257""; ledgerSeq: 0; type: liTS_CANDIDATE; nodes {;   nodedata: ""\246C\232\272\013^\241\340~\030'\005/\234\037\355\231\230\017\266\365\303w\360\273\374\234\362S:\270\023\n\003"";   nodeid: ""\000\000\000\000\000\000\000\000\000\000\000\000\000\000\000\000\000\000\000\000\000\000\000\000\000\000\000\000\000\000\000\000\000""; }; requestCookie: 4; ","ledgerHash: ""u\315\243\367\211\2625\240r:n\277\003\026\366\353'\216jy9\\001\220\223~\341j\254O\025\257""; ledgerSeq: 0; type: liTS_CANDIDATE; nodes {;   nodedata: ""\246C\232\272\013^\241\340~\030'\005/\234\037\355\231\230\017\266\365\303w\360\273\374\234\362S:\270\023\n\003"";   nodeid: ""\000\000\000\000\000\000\000\000\000\000\000\000\000\000\000\000\000\000\000\000\000\000\000\000\000\000\000\000\000\000\000\000\000""; }; requestCookie: 4; "
1750587272185,1750587272185,3082,1,2,4,TMProposeSet,"proposeSeq: 0; currentTxHash: ""8h\232\211g)\354\005\246\256XI\265J\214\312}\261\211y\355]\0228j\360\0224\003\021%\014""; nodePubKey: ""\003\325Q\255\224\274R@\312\253\262\347\352\034\346\347\242\215,\312\376=\277\353{\350\225\301\305`^, ""; closeTime: 803902470; signature: ""0E\002!\000\254\354\354-Pf\355\262\022\304(\350\270oL\357Q&2\300\247\241\021\301\\264h\233\342\311c\251\002 M\250A\014\341\317\236g`\362\033\306j-e\003n\343\355\261\271\205\352\261k0D\027R\336O\244""; previousledger: ""\372\373$P*|\321\342\002\026\n\3215\340\3203\200x\327D\301]5\237\247Yz\3711!L\214""; ","proposeSeq: 0; currentTxHash: ""8h\232\211g)\354\005\246\256XI\265J\214\312}\261\211y\355]\0228j\360\0224\003\021%\014""; nodePubKey: ""\003\325Q\255\224\274R@\312\253\262\347\352\034\346\347\242\215,\312\376=\277\353{\350\225\301\305`^, ""; closeTime: 803902470; signature: ""0E\002!\000\254\354\354-Pf\355\262\022\304(\350\270oL\357Q&2\300\247\241\021\301\\264h\233\342\311c\251\002 M\250A\014\341\317\236g`\362\033\306j-e\003n\343\355\261\271\205\352\261k0D\027R\336O\244""; previousledger: ""\372\373$P*|\321\342\002\026\n\3215\340\3203\200x\327D\301]5\237\247Yz\3711!L\214""; "
1750587272185,1750587272185,1838,1,2,1,TMProposeSet,"proposeSeq: 0; currentTxHash: ""8h\232\211g)\354\005\246\256XI\265J\214\312}\261\211y\355]\0228j\360\0224\003\021%\014""; nodePubKey: ""\003\325Q\255\224\274R@\312\253\262\347\352\034\346\347\242\215,\312\376=\277\353{\350\225\301\305`^, ""; closeTime: 803902470; signature: ""0E\002!\000\254\354\354-Pf\355\262\022\304(\350\270oL\357Q&2\300\247\241\021\301\\264h\233\342\311c\251\002 M\250A\014\341\317\236g`\362\033\306j-e\003n\343\355\261\271\205\352\261k0D\027R\336O\244""; previousledger: ""\372\373$P*|\321\342\002\026\n\3215\340\3203\200x\327D\301]5\237\247Yz\3711!L\214""; ","proposeSeq: 0; currentTxHash: ""8h\232\211g)\354\005\246\256XI\265J\214\312}\261\211y\355]\0228j\360\0224\003\021%\014""; nodePubKey: ""\003\325Q\255\224\274R@\312\253\262\347\352\034\346\347\242\215,\312\376=\277\353{\350\225\301\305`^, ""; closeTime: 803902470; signature: ""0E\002!\000\254\354\354-Pf\355\262\022\304(\350\270oL\357Q&2\300\247\241\021\301\\264h\233\342\311c\251\002 M\250A\014\341\317\236g`\362\033\306j-e\003n\343\355\261\271\205\352\261k0D\027R\336O\244""; previousledger: ""\372\373$P*|\321\342\002\026\n\3215\340\3203\200x\327D\301]5\237\247Yz\3711!L\214""; "
1750587272185,1750587272186,3546,1,2,0,TMProposeSet,"proposeSeq: 0; currentTxHash: ""8h\232\211g)\354\005\246\256XI\265J\214\312}\261\211y\355]\0228j\360\0224\003\021%\014""; nodePubKey: ""\003\325Q\255\224\274R@\312\253\262\347\352\034\346\347\242\215,\312\376=\277\353{\350\225\301\305`^, ""; closeTime: 803902470; signature: ""0E\002!\000\254\354\354-Pf\355\262\022\304(\350\270oL\357Q&2\300\247\241\021\301\\264h\233\342\311c\251\002 M\250A\014\341\317\236g`\362\033\306j-e\003n\343\355\261\271\205\352\261k0D\027R\336O\244""; previousledger: ""\372\373$P*|\321\342\002\026\n\3215\340\3203\200x\327D\301]5\237\247Yz\3711!L\214""; ","proposeSeq: 0; currentTxHash: ""8h\232\211g)\354\005\246\256XI\265J\214\312}\261\211y\355]\0228j\360\0224\003\021%\014""; nodePubKey: ""\003\325Q\255\224\274R@\312\253\262\347\352\034\346\347\242\215,\312\376=\277\353{\350\225\301\305`^, ""; closeTime: 803902470; signature: ""0E\002!\000\254\354\354-Pf\355\262\022\304(\350\270oL\357Q&2\300\247\241\021\301\\264h\233\342\311c\251\002 M\250A\014\341\317\236g`\362\033\306j-e\003n\343\355\261\271\205\352\261k0D\027R\336O\244""; previousledger: ""\372\373$P*|\321\342\002\026\n\3215\340\3203\200x\327D\301]5\237\247Yz\3711!L\214""; "
1750587272194,1750587272194,3538,1,1,3,TMProposeSet,"proposeSeq: 0; currentTxHash: ""u\315\243\367\211\2625\240r:n\277\003\026\366\353'\216jy9\\001\220\223~\341j\254O\025\257""; nodePubKey: ""\002\347\243J\206W\025ML\260\226\0163\217\250\337\325W\253\356*O\245Z\271\234\207C\274\375`\335\311""; closeTime: 803902471; signature: ""0E\002!\000\336g;D\201Q""pW\232\017\314a\275\225\024\030iH\177#b\334\264\332\362xdy\005\007:\002 ig\264H\200\035\024:r!vyc\n\226\270\245\314O<\177\r\342Dt&\322\3751\225\366\261""; previousledger: ""\372\373$P*|\321\342\002\026\n\3215\340\3203\200x\327D\301]5\237\247Yz\3711!L\214""; ","proposeSeq: 0; currentTxHash: ""u\315\243\367\211\2625\240r:n\277\003\026\366\353'\216jy9\\001\220\223~\341j\254O\025\257""; nodePubKey: ""\002\347\243J\206W\025ML\260\226\0163\217\250\337\325W\253\356*O\245Z\271\234\207C\274\375`\335\311""; closeTime: 803902471; signature: ""0E\002!\000\336g;D\201Q""pW\232\017\314a\275\225\024\030iH\177#b\334\264\332\362xdy\005\007:\002 ig\264H\200\035\024:r!vyc\n\226\270\245\314O<\177\r\342Dt&\322\3751\225\366\261""; previousledger: ""\372\373$P*|\321\342\002\026\n\3215\340\3203\200x\327D\301]5\237\247Yz\3711!L\214""; "
1750587272194,1750587272194,3487,1,0,3,TMLedgerData,"ledgerHash: ""u\315\243\367\211\2625\240r:n\277\003\026\366\353'\216jy9\\001\220\223~\341j\254O\025\257""; ledgerSeq: 0; type: liTS_CANDIDATE; nodes {;   nodedata: ""\246C\232\272\013^\241\340~\030'\005/\234\037\355\231\230\017\266\365\303w\360\273\374\234\362S:\270\023\n\003"";   nodeid: ""\000\000\000\000\000\000\000\000\000\000\000\000\000\000\000\000\000\000\000\000\000\000\000\000\000\000\000\000\000\000\000\000\000""; }; ","ledgerHash: ""u\315\243\367\211\2625\240r:n\277\003\026\366\353'\216jy9\\001\220\223~\341j\254O\025\257""; ledgerSeq: 0; type: liTS_CANDIDATE; nodes {;   nodedata: ""\246C\232\272\013^\241\340~\030'\005/\234\037\355\231\230\017\266\365\303w\360\273\374\234\362S:\270\023\n\003"";   nodeid: ""\000\000\000\000\000\000\000\000\000\000\000\000\000\000\000\000\000\000\000\000\000\000\000\000\000\000\000\000\000\000\000\000\000""; }; "
1750587272194,1750587272194,1799,1,1,2,TMProposeSet,"proposeSeq: 0; currentTxHash: ""u\315\243\367\211\2625\240r:n\277\003\026\366\353'\216jy9\\001\220\223~\341j\254O\025\257""; nodePubKey: ""\002\347\243J\206W\025ML\260\226\0163\217\250\337\325W\253\356*O\245Z\271\234\207C\274\375`\335\311""; closeTime: 803902471; signature: ""0E\002!\000\336g;D\201Q""pW\232\017\314a\275\225\024\030iH\177#b\334\264\332\362xdy\005\007:\002 ig\264H\200\035\024:r!vyc\n\226\270\245\314O<\177\r\342Dt&\322\3751\225\366\261""; previousledger: ""\372\373$P*|\321\342\002\026\n\3215\340\3203\200x\327D\301]5\237\247Yz\3711!L\214""; ","proposeSeq: 0; currentTxHash: ""u\315\243\367\211\2625\240r:n\277\003\026\366\353'\216jy9\\001\220\223~\341j\254O\025\257""; nodePubKey: ""\002\347\243J\206W\025ML\260\226\0163\217\250\337\325W\253\356*O\245Z\271\234\207C\274\375`\335\311""; closeTime: 803902471; signature: ""0E\002!\000\336g;D\201Q""pW\232\017\314a\275\225\024\030iH\177#b\334\264\332\362xdy\005\007:\002 ig\264H\200\035\024:r!vyc\n\226\270\245\314O<\177\r\342Dt&\322\3751\225\366\261""; previousledger: ""\372\373$P*|\321\342\002\026\n\3215\340\3203\200x\327D\301]5\237\247Yz\3711!L\214""; "
1750587272205,1750587272205,2565,1,3,0,TMLedgerData,"ledgerHash: ""u\315\243\367\211\2625\240r:n\277\003\026\366\353'\216jy9\\001\220\223~\341j\254O\025\257""; ledgerSeq: 0; type: liTS_CANDIDATE; nodes {;   nodedata: ""\246C\232\272\013^\241\340~\030'\005/\234\037\355\231\230\017\266\365\303w\360\273\374\234\362S:\270\023\n\003"";   nodeid: ""\000\000\000\000\000\000\000\000\000\000\000\000\000\000\000\000\000\000\000\000\000\000\000\000\000\000\000\000\000\000\000\000\000""; }; ","ledgerHash: ""u\315\243\367\211\2625\240r:n\277\003\026\366\353'\216jy9\\001\220\223~\341j\254O\025\257""; ledgerSeq: 0; type: liTS_CANDIDATE; nodes {;   nodedata: ""\246C\232\272\013^\241\340~\030'\005/\234\037\355\231\230\017\266\365\303w\360\273\374\234\362S:\270\023\n\003"";   nodeid: ""\000\000\000\000\000\000\000\000\000\000\000\000\000\000\000\000\000\000\000\000\000\000\000\000\000\000\000\000\000\000\000\000\000""; }; "
1750587272214,1750587272214,3488,1,2,0,TMValidation,"validation: """"\200\000\000\001&\000\000\000\006)/\352\224\007:v|\203\267)\257\206\032Q\221=\252\002\267\225zg\264\253\271T\346ji\003\235\236Pis\264\375\222|H\344\261g?[gP\0278h\232\211g)\354\005\246\256XI\265J\214\312}\261\211y\355]\0228j\360\0224\003\021%\014P\031\372\373$P*|\321\342\002\026\n\3215\340\3203\200x\327D\301]5\237\247Yz\3711!L\214s!\003.\200\224\215?)t\306\315\242\313\251\255\302\204=\232.\271%}\013\024s\024\002@\216l""\241FvG0E\002!\000\376\035Y\202\211\017\t\330H\217\242\227\204\036\3472\326\022\226\233\231\245f\214Q\216\320\263\034o\300Q\002 @\361\352@PM\331\315\303i\360\306j\207\333\323Y1\343,\333\204m\325\354g\001\264t\207\n\330""; ","validation: """"\200\000\000\001&\000\000\000\006)/\352\224\007:v|\203\267)\257\206\032Q\221=\252\002\267\225zg\264\253\271T\346ji\003\235\236Pis\264\375\222|H\344\261g?[gP\0278h\232\211g)\354\005\246\256XI\265J\214\312}\261\211y\355]\0228j\360\0224\003\021%\014P\031\372\373$P*|\321\342\002\026\n\3215\340\3203\200x\327D\301]5\237\247Yz\3711!L\214s!\003.\200\224\215?)t\306\315\242\313\251\255\302\204=\232.\271%}\013\024s\024\002@\216l""\241FvG0E\002!\000\376\035Y\202\211\017\t\330H\217\242\227\204\036\3472\326\022\226\233\231\245f\214Q\216\320\263\034o\300Q\002 @\361\352@PM\331\315\303i\360\306j\207\333\323Y1\343,\333\204m\325\354g\001\264t\207\n\330""; "
1750587272215,1750587272215,342,1,2,1,TMGetLedger,"itype: liBASE; ledgerHash: ""\221=\252\002\267\225zg\264\253\271T\346ji\003\235\236Pis\264\375\222|H\344\261g?[g""; queryType: qtINDIRECT; ","itype: liBASE; ledgerHash: ""\221=\252\002\267\225zg\264\253\271T\346ji\003\235\236Pis\264\375\222|H\344\261g?[g""; queryType: qtINDIRECT; "
1750587272215,1750587272215,1094,1,2,1,TMValidation,"validation: """"\200\000\000\001&\000\000\000\006)/\352\224\007:v|\203\267)\257\206\032Q\221=\252\002\267\225zg\264\253\271T\346ji\003\235\236Pis\264\375\222|H\344\261g?[gP\0278h\232\211g)\354\005\246\256XI\265J\214\312}\261\211y\355]\0228j\360\0224\003\021%\014P\031\372\373$P*|\321\342\002\026\n\3215\340\3203\200x\327D\301]5\237\247Yz\3711!L\214s!\003.\200\224\215?)t\306\315\242\313\251\255\302\204=\232.\271%}\013\024s\024\002@\216l""\241FvG0E\002!\000\376\035Y\202\211\017\t\330H\217\242\227\204\036\3472\326\022\226\233\231\245f\214Q\216\320\263\034o\300Q\002 @\361\352@PM\331\315\303i\360\306j\207\333\323Y1\343,\333\204m\325\354g\001\264t\207\n\330""; ","validation: """"\200\000\000\001&\000\000\000\006)/\352\224\007:v|\203\267)\257\206\032Q\221=\252\002\267\225zg\264\253\271T\346ji\003\235\236Pis\264\375\222|H\344\261g?[gP\0278h\232\211g)\354\005\246\256XI\265J\214\312}\261\211y\355]\0228j\360\0224\003\021%\014P\031\372\373$P*|\321\342\002\026\n\3215\340\3203\200x\327D\301]5\237\247Yz\3711!L\214s!\003.\200\224\215?)t\306\315\242\313\251\255\302\204=\232.\271%}\013\024s\024\002@\216l""\241FvG0E\002!\000\376\035Y\202\211\017\t\330H\217\242\227\204\036\3472\326\022\226\233\231\245f\214Q\216\320\263\034o\300Q\002 @\361\352@PM\331\315\303i\360\306j\207\333\323Y1\343,\333\204m\325\354g\001\264t\207\n\330""; "
1750587272215,1750587272215,342,1,2,1,TMGetLedger,"itype: liBASE; ledgerHash: ""\221=\252\002\267\225zg\264\253\271T\346ji\003\235\236Pis\264\375\222|H\344\261g?[g""; ","itype: liBASE; ledgerHash: ""\221=\252\002\267\225zg\264\253\271T\346ji\003\235\236Pis\264\375\222|H\344\261g?[g""; "
1750587272215,1750587272215,1582,1,2,0,TMGetLedger,"itype: liBASE; ledgerHash: ""\221=\252\002\267\225zg\264\253\271T\346ji\003\235\236Pis\264\375\222|H\344\261g?[g""; ","itype: liBASE; ledgerHash: ""\221=\252\002\267\225zg\264\253\271T\346ji\003\235\236Pis\264\375\222|H\344\261g?[g""; "
1750587272214,1750587272214,3989,1,2,3,TMValidation,"validation: """"\200\000\000\001&\000\000\000\006)/\352\224\007:v|\203\267)\257\206\032Q\221=\252\002\267\225zg\264\253\271T\346ji\003\235\236Pis\264\375\222|H\344\261g?[gP\0278h\232\211g)\354\005\246\256XI\265J\214\312}\261\211y\355]\0228j\360\0224\003\021%\014P\031\372\373$P*|\321\342\002\026\n\3215\340\3203\200x\327D\301]5\237\247Yz\3711!L\214s!\003.\200\224\215?)t\306\315\242\313\251\255\302\204=\232.\271%}\013\024s\024\002@\216l""\241FvG0E\002!\000\376\035Y\202\211\017\t\330H\217\242\227\204\036\3472\326\022\226\233\231\245f\214Q\216\320\263\034o\300Q\002 @\361\352@PM\331\315\303i\360\306j\207\333\323Y1\343,\333\204m\325\354g\001\264t\207\n\330""; ","validation: """"\200\000\000\001&\000\000\000\006)/\352\224\007:v|\203\267)\257\206\032Q\221=\252\002\267\225zg\264\253\271T\346ji\003\235\236Pis\264\375\222|H\344\261g?[gP\0278h\232\211g)\354\005\246\256XI\265J\214\312}\261\211y\355]\0228j\360\0224\003\021%\014P\031\372\373$P*|\321\342\002\026\n\3215\340\3203\200x\327D\301]5\237\247Yz\3711!L\214s!\003.\200\224\215?)t\306\315\242\313\251\255\302\204=\232.\271%}\013\024s\024\002@\216l""\241FvG0E\002!\000\376\035Y\202\211\017\t\330H\217\242\227\204\036\3472\326\022\226\233\231\245f\214Q\216\320\263\034o\300Q\002 @\361\352@PM\331\315\303i\360\306j\207\333\323Y1\343,\333\204m\325\354g\001\264t\207\n\330""; "
1750587272216,1750587272216,1582,1,2,0,TMGetLedger,"itype: liBASE; ledgerHash: ""\221=\252\002\267\225zg\264\253\271T\346ji\003\235\236Pis\264\375\222|H\344\261g?[g""; queryType: qtINDIRECT; ","itype: liBASE; ledgerHash: ""\221=\252\002\267\225zg\264\253\271T\346ji\003\235\236Pis\264\375\222|H\344\261g?[g""; queryType: qtINDIRECT; "
1750587272216,1750587272216,499,1,2,4,TMGetLedger,"itype: liBASE; ledgerHash: ""\221=\252\002\267\225zg\264\253\271T\346ji\003\235\236Pis\264\375\222|H\344\261g?[g""; ","itype: liBASE; ledgerHash: ""\221=\252\002\267\225zg\264\253\271T\346ji\003\235\236Pis\264\375\222|H\344\261g?[g""; "
1750587272225,1750587272226,3375,1,1,4,TMProposeSet,"proposeSeq: 0; currentTxHash: ""u\315\243\367\211\2625\240r:n\277\003\026\366\353'\216jy9\\001\220\223~\341j\254O\025\257""; nodePubKey: ""\002\347\243J\206W\025ML\260\226\0163\217\250\337\325W\253\356*O\245Z\271\234\207C\274\375`\335\311""; closeTime: 803902471; signature: ""0E\002!\000\336g;D\201Q""pW\232\017\314a\275\225\024\030iH\177#b\334\264\332\362xdy\005\007:\002 ig\264H\200\035\024:r!vyc\n\226\270\245\314O<\177\r\342Dt&\322\3751\225\366\261""; previousledger: ""\372\373$P*|\321\342\002\026\n\3215\340\3203\200x\327D\301]5\237\247Yz\3711!L\214""; ","proposeSeq: 0; currentTxHash: ""u\315\243\367\211\2625\240r:n\277\003\026\366\353'\216jy9\\001\220\223~\341j\254O\025\257""; nodePubKey: ""\002\347\243J\206W\025ML\260\226\0163\217\250\337\325W\253\356*O\245Z\271\234\207C\274\375`\335\311""; closeTime: 803902471; signature: ""0E\002!\000\336g;D\201Q""pW\232\017\314a\275\225\024\030iH\177#b\334\264\332\362xdy\005\007:\002 ig\264H\200\035\024:r!vyc\n\226\270\245\314O<\177\r\342Dt&\322\3751\225\366\261""; previousledger: ""\372\373$P*|\321\342\002\026\n\3215\340\3203\200x\327D\301]5\237\247Yz\3711!L\214""; "
1750587272239,1750587272239,499,1,2,4,TMGetLedger,"itype: liBASE; ledgerHash: ""\221=\252\002\267\225zg\264\253\271T\346ji\003\235\236Pis\264\375\222|H\344\261g?[g""; queryType: qtINDIRECT; ","itype: liBASE; ledgerHash: ""\221=\252\002\267\225zg\264\253\271T\346ji\003\235\236Pis\264\375\222|H\344\261g?[g""; queryType: qtINDIRECT; "
1750587272240,1750587272240,3488,1,2,0,TMValidation,"validation: """"\200\000\000\001&\000\000\000\005)/\352\224\007:I\203w\200\211\SGQ\372\373$P*|\321\342\002\026\n\3215\340\3203\200x\327D\301]5\237\247Yz\3711!L\214P\027\000\000\000\000\000\000\000\000\000\000\000\000\000\000\000\000\000\000\000\000\000\000\000\000\000\000\000\000\000\000\000\000P\031\241'\332/+\360Bx\036+\210j\237K%\340]\246E\2434\264K\036\030qP\317\315\336\325\007s!\002\347\243J\206W\025ML\260\226\0163\217\250\337\325W\253\356*O\245Z\271\234\207C\274\375`\335\311vF0D\002 y\266\240\005\252\266\316\344\350P\222/;\355\247\204dP\220\025\371\202\335D\250\265\222\016v\234\020`\002 lAC\256hv}I\027\333\326\256\005\205W\325-q\334\236\206\323{D\4\334\205\350<\265\204""; ","validation: """"\200\000\000\001&\000\000\000\005)/\352\224\007:I\203w\200\211\SGQ\372\373$P*|\321\342\002\026\n\3215\340\3203\200x\327D\301]5\237\247Yz\3711!L\214P\027\000\000\000\000\000\000\000\000\000\000\000\000\000\000\000\000\000\000\000\000\000\000\000\000\000\000\000\000\000\000\000\000P\031\241'\332/+\360Bx\036+\210j\237K%\340]\246E\2434\264K\036\030qP\317\315\336\325\007s!\002\347\243J\206W\025ML\260\226\0163\217\250\337\325W\253\356*O\245Z\271\234\207C\274\375`\335\311vF0D\002 y\266\240\005\252\266\316\344\350P\222/;\355\247\204dP\220\025\371\202\335D\250\265\222\016v\234\020`\002 lAC\256hv}I\027\333\326\256\005\205W\325-q\334\236\206\323{D\4\334\205\350<\265\204""; "
1750587272241,1750587272241,1094,1,2,1,TMValidation,"validation: """"\200\000\000\001&\000\000\000\005)/\352\224\007:I\203w\200\211\SGQ\372\373$P*|\321\342\002\026\n\3215\340\3203\200x\327D\301]5\237\247Yz\3711!L\214P\027\000\000\000\000\000\000\000\000\000\000\000\000\000\000\000\000\000\000\000\000\000\000\000\000\000\000\000\000\000\000\000\000P\031\241'\332/+\360Bx\036+\210j\237K%\340]\246E\2434\264K\036\030qP\317\315\336\325\007s!\002\347\243J\206W\025ML\260\226\0163\217\250\337\325W\253\356*O\245Z\271\234\207C\274\375`\335\311vF0D\002 y\266\240\005\252\266\316\344\350P\222/;\355\247\204dP\220\025\371\202\335D\250\265\222\016v\234\020`\002 lAC\256hv}I\027\333\326\256\005\205W\325-q\334\236\206\323{D\4\334\205\350<\265\204""; ","validation: """"\200\000\000\001&\000\000\000\005)/\352\224\007:I\203w\200\211\SGQ\372\373$P*|\321\342\002\026\n\3215\340\3203\200x\327D\301]5\237\247Yz\3711!L\214P\027\000\000\000\000\000\000\000\000\000\000\000\000\000\000\000\000\000\000\000\000\000\000\000\000\000\000\000\000\000\000\000\000P\031\241'\332/+\360Bx\036+\210j\237K%\340]\246E\2434\264K\036\030qP\317\315\336\325\007s!\002\347\243J\206W\025ML\260\226\0163\217\250\337\325W\253\356*O\245Z\271\234\207C\274\375`\335\311vF0D\002 y\266\240\005\252\266\316\344\350P\222/;\355\247\204dP\220\025\371\202\335D\250\265\222\016v\234\020`\002 lAC\256hv}I\027\333\326\256\005\205W\325-q\334\236\206\323{D\4\334\205\350<\265\204""; "
1750587272241,1750587272241,3546,1,2,0,TMProposeSet,"proposeSeq: 0; currentTxHash: ""8h\232\211g)\354\005\246\256XI\265J\214\312}\261\211y\355]\0228j\360\0224\003\021%\014""; nodePubKey: ""\003\343\005\311u\203\370\0338\3174\324\010\006\301\251\177\261\304eOX\262)FA-\022r\263wm\024""; closeTime: 803902470; signature: ""0E\002!\000\320}b\305\334\222[i\360\3527\340\n\010\230-\333\340qc\336\225$\343\371\3711Zd\271u3\002 x\324\367\216\373\354!\347\226h-\325\023\256\rc\026D\352z\025h_\3115zXl\234\227-\203""; previousledger: ""\372\373$P*|\321\342\002\026\n\3215\340\3203\200x\327D\301]5\237\247Yz\3711!L\214""; ","proposeSeq: 0; currentTxHash: ""8h\232\211g)\354\005\246\256XI\265J\214\312}\261\211y\355]\0228j\360\0224\003\021%\014""; nodePubKey: ""\003\343\005\311u\203\370\0338\3174\324\010\006\301\251\177\261\304eOX\262)FA-\022r\263wm\024""; closeTime: 803902470; signature: ""0E\002!\000\320}b\305\334\222[i\360\3527\340\n\010\230-\333\340qc\336\225$\343\371\3711Zd\271u3\002 x\324\367\216\373\354!\347\226h-\325\023\256\rc\026D\352z\025h_\3115zXl\234\227-\203""; previousledger: ""\372\373$P*|\321\342\002\026\n\3215\340\3203\200x\327D\301]5\237\247Yz\3711!L\214""; "
1750587272262,1750587272262,3898,1,2,3,TMGetLedger,"itype: liBASE; ledgerHash: ""\221=\252\002\267\225zg\264\253\271T\346ji\003\235\236Pis\264\375\222|H\344\261g?[g""; queryType: qtINDIRECT; ","itype: liBASE; ledgerHash: ""\221=\252\002\267\225zg\264\253\271T\346ji\003\235\236Pis\264\375\222|H\344\261g?[g""; queryType: qtINDIRECT; "
1750587272262,1750587272262,3898,1,2,3,TMGetLedger,"itype: liBASE; ledgerHash: ""\221=\252\002\267\225zg\264\253\271T\346ji\003\235\236Pis\264\375\222|H\344\261g?[g""; ","itype: liBASE; ledgerHash: ""\221=\252\002\267\225zg\264\253\271T\346ji\003\235\236Pis\264\375\222|H\344\261g?[g""; "
1750587272262,1750587272262,3989,1,2,3,TMValidation,"validation: """"\200\000\000\001&\000\000\000\005)/\352\224\007:I\203w\200\211\SGQ\372\373$P*|\321\342\002\026\n\3215\340\3203\200x\327D\301]5\237\247Yz\3711!L\214P\027\000\000\000\000\000\000\000\000\000\000\000\000\000\000\000\000\000\000\000\000\000\000\000\000\000\000\000\000\000\000\000\000P\031\241'\332/+\360Bx\036+\210j\237K%\340]\246E\2434\264K\036\030qP\317\315\336\325\007s!\002\347\243J\206W\025ML\260\226\0163\217\250\337\325W\253\356*O\245Z\271\234\207C\274\375`\335\311vF0D\002 y\266\240\005\252\266\316\344\350P\222/;\355\247\204dP\220\025\371\202\335D\250\265\222\016v\234\020`\002 lAC\256hv}I\027\333\326\256\005\205W\325-q\334\236\206\323{D\4\334\205\350<\265\204""; ","validation: """"\200\000\000\001&\000\000\000\005)/\352\224\007:I\203w\200\211\SGQ\372\373$P*|\321\342\002\026\n\3215\340\3203\200x\327D\301]5\237\247Yz\3711!L\214P\027\000\000\000\000\000\000\000\000\000\000\000\000\000\000\000\000\000\000\000\000\000\000\000\000\000\000\000\000\000\000\000\000P\031\241'\332/+\360Bx\036+\210j\237K%\340]\246E\2434\264K\036\030qP\317\315\336\325\007s!\002\347\243J\206W\025ML\260\226\0163\217\250\337\325W\253\356*O\245Z\271\234\207C\274\375`\335\311vF0D\002 y\266\240\005\252\266\316\344\350P\222/;\355\247\204dP\220\025\371\202\335D\250\265\222\016v\234\020`\002 lAC\256hv}I\027\333\326\256\005\205W\325-q\334\236\206\323{D\4\334\205\350<\265\204""; "
1750587272262,1750587272262,3725,1,2,3,TMProposeSet,"proposeSeq: 0; currentTxHash: ""8h\232\211g)\354\005\246\256XI\265J\214\312}\261\211y\355]\0228j\360\0224\003\021%\014""; nodePubKey: ""\003\343\005\311u\203\370\0338\3174\324\010\006\301\251\177\261\304eOX\262)FA-\022r\263wm\024""; closeTime: 803902470; signature: ""0E\002!\000\320}b\305\334\222[i\360\3527\340\n\010\230-\333\340qc\336\225$\343\371\3711Zd\271u3\002 x\324\367\216\373\354!\347\226h-\325\023\256\rc\026D\352z\025h_\3115zXl\234\227-\203""; previousledger: ""\372\373$P*|\321\342\002\026\n\3215\340\3203\200x\327D\301]5\237\247Yz\3711!L\214""; ","proposeSeq: 0; currentTxHash: ""8h\232\211g)\354\005\246\256XI\265J\214\312}\261\211y\355]\0228j\360\0224\003\021%\014""; nodePubKey: ""\003\343\005\311u\203\370\0338\3174\324\010\006\301\251\177\261\304eOX\262)FA-\022r\263wm\024""; closeTime: 803902470; signature: ""0E\002!\000\320}b\305\334\222[i\360\3527\340\n\010\230-\333\340qc\336\225$\343\371\3711Zd\271u3\002 x\324\367\216\373\354!\347\226h-\325\023\256\rc\026D\352z\025h_\3115zXl\234\227-\203""; previousledger: ""\372\373$P*|\321\342\002\026\n\3215\340\3203\200x\327D\301]5\237\247Yz\3711!L\214""; "
1750587272268,1750587272268,3097,1,2,0,TMLedgerData,"ledgerHash: ""8h\232\211g)\354\005\246\256XI\265J\214\312}\261\211y\355]\0228j\360\0224\003\021%\014""; ledgerSeq: 0; type: liTS_CANDIDATE; nodes {;   nodedata: ""\222c\273c4\225\334\221\227u?\025\314=\305/\262\367\217\375\027j\323\304\372\312Fv\2716\001\355\t\246C\232\272\013^\241\340~\030'\005/\234\037\355\231\230\017\266\365\303w\360\273\374\234\362S:\270\023\n\270\212\275\306\204\271\274\361K|t\323\346\2174\324\362\014S]\301\325\344rY\277\343\351\364\374\023\263\013\003"";   nodeid: ""\000\000\000\000\000\000\000\000\000\000\000\000\000\000\000\000\000\000\000\000\000\000\000\000\000\000\000\000\000\000\000\000\000""; }; ","ledgerHash: ""8h\232\211g)\354\005\246\256XI\265J\214\312}\261\211y\355]\0228j\360\0224\003\021%\014""; ledgerSeq: 0; type: liTS_CANDIDATE; nodes {;   nodedata: ""\222c\273c4\225\334\221\227u?\025\314=\305/\262\367\217\375\027j\323\304\372\312Fv\2716\001\355\t\246C\232\272\013^\241\340~\030'\005/\234\037\355\231\230\017\266\365\303w\360\273\374\234\362S:\270\023\n\270\212\275\306\204\271\274\361K|t\323\346\2174\324\362\014S]\301\325\344rY\277\343\351\364\374\023\263\013\003"";   nodeid: ""\000\000\000\000\000\000\000\000\000\000\000\000\000\000\000\000\000\000\000\000\000\000\000\000\000\000\000\000\000\000\000\000\000""; }; "
1750587272277,1750587272277,342,1,2,1,TMGetLedger,"itype: liTS_CANDIDATE; ledgerHash: ""u\315\243\367\211\2625\240r:n\277\003\026\366\353'\216jy9\\001\220\223~\341j\254O\025\257""; nodeIDs: ""\240\000\000\000\000\000\000\000\000\000\000\000\000\000\000\000\000\000\000\000\000\000\000\000\000\000\000\000\000\000\000\000\001""; requestCookie: 2; queryType: qtINDIRECT; ","itype: liTS_CANDIDATE; ledgerHash: ""u\315\243\367\211\2625\240r:n\277\003\026\366\353'\216jy9\\001\220\223~\341j\254O\025\257""; nodeIDs: ""\240\000\000\000\000\000\000\000\000\000\000\000\000\000\000\000\000\000\000\000\000\000\000\000\000\000\000\000\000\000\000\000\001""; requestCookie: 2; queryType: qtINDIRECT; "
1750587272281,1750587272282,3082,1,2,4,TMProposeSet,"proposeSeq: 0; currentTxHash: ""8h\232\211g)\354\005\246\256XI\265J\214\312}\261\211y\355]\0228j\360\0224\003\021%\014""; nodePubKey: ""\003\343\005\311u\203\370\0338\3174\324\010\006\301\251\177\261\304eOX\262)FA-\022r\263wm\024""; closeTime: 803902470; signature: ""0E\002!\000\320}b\305\334\222[i\360\3527\340\n\010\230-\333\340qc\336\225$\343\371\3711Zd\271u3\002 x\324\367\216\373\354!\347\226h-\325\023\256\rc\026D\352z\025h_\3115zXl\234\227-\203""; previousledger: ""\372\373$P*|\321\342\002\026\n\3215\340\3203\200x\327D\301]5\237\247Yz\3711!L\214""; ","proposeSeq: 0; currentTxHash: ""8h\232\211g)\354\005\246\256XI\265J\214\312}\261\211y\355]\0228j\360\0224\003\021%\014""; nodePubKey: ""\003\343\005\311u\203\370\0338\3174\324\010\006\301\251\177\261\304eOX\262)FA-\022r\263wm\024""; closeTime: 803902470; signature: ""0E\002!\000\320}b\305\334\222[i\360\3527\340\n\010\230-\333\340qc\336\225$\343\371\3711Zd\271u3\002 x\324\367\216\373\354!\347\226h-\325\023\256\rc\026D\352z\025h_\3115zXl\234\227-\203""; previousledger: ""\372\373$P*|\321\342\002\026\n\3215\340\3203\200x\327D\301]5\237\247Yz\3711!L\214""; "
1750587272291,1750587272291,486,1,4,0,TMLedgerData,"ledgerHash: ""\372\373$P*|\321\342\002\026\n\3215\340\3203\200x\327D\301]5\237\247Yz\3711!L\214""; ledgerSeq: 5; type: liBASE; nodes {;   nodedata: ""\000\000\000\005\001cEx]\212\000\000\241'\332/+\360Bx\036+\210j\237K%\340]\246E\2434\264K\036\030qP\317\315\336\325\007\000\000\000\000\000\000\000\000\000\000\000\000\000\000\000\000\000\000\000\000\000\000\000\000\000\000\000\000\000\000\000\000`\314E\345\274\262t\247\026\262\034+o5\305\346\027G~\333\026l\257|t\323mid\302\226-/\352\223\375/\352\224\006\n\000""; }; nodes {;   nodedata: ""\303\016\021\310<Z\337\266>\225@&n\022\246\274\353\220\345b3\035\313\350L\354\254\002\005\305\035\017\002E\344\037@\210\363\010\336T\226\247'\204_{\261\370""1\235\2445\343\033Y!\212\201\341\272\225'\007\216\374\007Stj/$R\017@\032\350\327\373\007\365\300zp\377_\034\325\212\203\333k\273\230\031\217\013\003""; }; requestCookie: 3; ","ledgerHash: ""\372\373$P*|\321\342\002\026\n\3215\340\3203\200x\327D\301]5\237\247Yz\3711!L\214""; ledgerSeq: 5; type: liBASE; nodes {;   nodedata: ""\000\000\000\005\001cEx]\212\000\000\241'\332/+\360Bx\036+\210j\237K%\340]\246E\2434\264K\036\030qP\317\315\336\325\007\000\000\000\000\000\000\000\000\000\000\000\000\000\000\000\000\000\000\000\000\000\000\000\000\000\000\000\000\000\000\000\000`\314E\345\274\262t\247\026\262\034+o5\305\346\027G~\333\026l\257|t\323mid\302\226-/\352\223\375/\352\224\006\n\000""; }; nodes {;   nodedata: ""\303\016\021\310<Z\337\266>\225@&n\022\246\274\353\220\345b3\035\313\350L\354\254\002\005\305\035\017\002E\344\037@\210\363\010\336T\226\247'\204_{\261\370""1\235\2445\343\033Y!\212\201\341\272\225'\007\216\374\007Stj/$R\017@\032\350\327\373\007\365\300zp\377_\034\325\212\203\333k\273\230\031\217\013\003""; }; requestCookie: 3; "
1750587272296,1750587272296,3116,1,2,4,TMStatusChange,"newEvent: neACCEPTED_LEDGER; ledgerSeq: 6; ledgerHash: ""\221=\252\002\267\225zg\264\253\271T\346ji\003\235\236Pis\264\375\222|H\344\261g?[g""; ledgerHashPrevious: ""\372\373$P*|\321\342\002\026\n\3215\340\3203\200x\327D\301]5\237\247Yz\3711!L\214""; networkTime: 803902472; firstSeq: 1; lastSeq: 5; ","newEvent: neACCEPTED_LEDGER; ledgerSeq: 6; ledgerHash: ""\221=\252\002\267\225zg\264\253\271T\346ji\003\235\236Pis\264\375\222|H\344\261g?[g""; ledgerHashPrevious: ""\372\373$P*|\321\342\002\026\n\3215\340\3203\200x\327D\301]5\237\247Yz\3711!L\214""; networkTime: 803902472; firstSeq: 1; lastSeq: 5; "
1750587272298,1750587272298,3744,1,2,0,TMStatusChange,"newEvent: neACCEPTED_LEDGER; ledgerSeq: 6; ledgerHash: ""\221=\252\002\267\225zg\264\253\271T\346ji\003\235\236Pis\264\375\222|H\344\261g?[g""; ledgerHashPrevious: ""\372\373$P*|\321\342\002\026\n\3215\340\3203\200x\327D\301]5\237\247Yz\3711!L\214""; networkTime: 803902472; firstSeq: 1; lastSeq: 5; ","newEvent: neACCEPTED_LEDGER; ledgerSeq: 6; ledgerHash: ""\221=\252\002\267\225zg\264\253\271T\346ji\003\235\236Pis\264\375\222|H\344\261g?[g""; ledgerHashPrevious: ""\372\373$P*|\321\342\002\026\n\3215\340\3203\200x\327D\301]5\237\247Yz\3711!L\214""; networkTime: 803902472; firstSeq: 1; lastSeq: 5; "
1750587272298,1750587272298,3989,1,2,3,TMValidation,"validation: """"\200\000\000\001&\000\000\000\006)/\352\224\010:Q\231\304\227'3\313\030Q\221=\252\002\267\225zg\264\253\271T\346ji\003\235\236Pis\264\375\222|H\344\261g?[gP\0278h\232\211g)\354\005\246\256XI\265J\214\312}\261\211y\355]\0228j\360\0224\003\021%\014P\031\372\373$P*|\321\342\002\026\n\3215\340\3203\200x\327D\301]5\237\247Yz\3711!L\214s!\003ql\302)\235\321\t\213\224\356\374%%\311\327\037\374\304\t\335\2359\344\233\035]\347<u\236\364\222vF0D\002 B\254\267Y\312E\361\266\323\375\235\247\321\023\326_\004\277V&\342Iqg\337\314E0\347\310\272s\002 M\300""\253\231H\001\241\270B\274mK5\250\227\253\375 \241;\250\337\037M\007\270EB\223\272~""; ","validation: """"\200\000\000\001&\000\000\000\006)/\352\224\010:Q\231\304\227'3\313\030Q\221=\252\002\267\225zg\264\253\271T\346ji\003\235\236Pis\264\375\222|H\344\261g?[gP\0278h\232\211g)\354\005\246\256XI\265J\214\312}\261\211y\355]\0228j\360\0224\003\021%\014P\031\372\373$P*|\321\342\002\026\n\3215\340\3203\200x\327D\301]5\237\247Yz\3711!L\214s!\003ql\302)\235\321\t\213\224\356\374%%\311\327\037\374\304\t\335\2359\344\233\035]\347<u\236\364\222vF0D\002 B\254\267Y\312E\361\266\323\375\235\247\321\023\326_\004\277V&\342Iqg\337\314E0\347\310\272s\002 M\300""\253\231H\001\241\270B\274mK5\250\227\253\375 \241;\250\337\037M\007\270EB\223\272~""; "
1750587272298,1750587272298,3058,1,2,3,TMStatusChange,"newEvent: neACCEPTED_LEDGER; ledgerSeq: 6; ledgerHash: ""\221=\252\002\267\225zg\264\253\271T\346ji\003\235\236Pis\264\375\222|H\344\261g?[g""; ledgerHashPrevious: ""\372\373$P*|\321\342\002\026\n\3215\340\3203\200x\327D\301]5\237\247Yz\3711!L\214""; networkTime: 803902472; firstSeq: 1; lastSeq: 5; ","newEvent: neACCEPTED_LEDGER; ledgerSeq: 6; ledgerHash: ""\221=\252\002\267\225zg\264\253\271T\346ji\003\235\236Pis\264\375\222|H\344\261g?[g""; ledgerHashPrevious: ""\372\373$P*|\321\342\002\026\n\3215\340\3203\200x\327D\301]5\237\247Yz\3711!L\214""; networkTime: 803902472; firstSeq: 1; lastSeq: 5; "
1750587272298,1750587272298,1036,1,2,4,TMValidation,"validation: """"\200\000\000\001&\000\000\000\006)/\352\224\010:Q\231\304\227'3\313\030Q\221=\252\002\267\225zg\264\253\271T\346ji\003\235\236Pis\264\375\222|H\344\261g?[gP\0278h\232\211g)\354\005\246\256XI\265J\214\312}\261\211y\355]\0228j\360\0224\003\021%\014P\031\372\373$P*|\321\342\002\026\n\3215\340\3203\200x\327D\301]5\237\247Yz\3711!L\214s!\003ql\302)\235\321\t\213\224\356\374%%\311\327\037\374\304\t\335\2359\344\233\035]\347<u\236\364\222vF0D\002 B\254\267Y\312E\361\266\323\375\235\247\321\023\326_\004\277V&\342Iqg\337\314E0\347\310\272s\002 M\300""\253\231H\001\241\270B\274mK5\250\227\253\375 \241;\250\337\037M\007\270EB\223\272~""; ","validation: """"\200\000\000\001&\000\000\000\006)/\352\224\010:Q\231\304\227'3\313\030Q\221=\252\002\267\225zg\264\253\271T\346ji\003\235\236Pis\264\375\222|H\344\261g?[gP\0278h\232\211g)\354\005\246\256XI\265J\214\312}\261\211y\355]\0228j\360\0224\003\021%\014P\031\372\373$P*|\321\342\002\026\n\3215\340\3203\200x\327D\301]5\237\247Yz\3711!L\214s!\003ql\302)\235\321\t\213\224\356\374%%\311\327\037\374\304\t\335\2359\344\233\035]\347<u\236\364\222vF0D\002 B\254\267Y\312E\361\266\323\375\235\247\321\023\326_\004\277V&\342Iqg\337\314E0\347\310\272s\002 M\300""\253\231H\001\241\270B\274mK5\250\227\253\375 \241;\250\337\037M\007\270EB\223\272~""; "
1750587272312,1750587272312,779,1,0,3,TMValidation,"validation: """"\200\000\000\001&\000\000\000\005)/\352\224\004:v|\203\267)\257\206\032Q\372\373$P*|\321\342\002\026\n\3215\340\3203\200x\327D\301]5\237\247Yz\3711!L\214P\027\000\000\000\000\000\000\000\000\000\000\000\000\000\000\000\000\000\000\000\000\000\000\000\000\000\000\000\000\000\000\000\000P\031\241'\332/+\360Bx\036+\210j\237K%\340]\246E\2434\264K\036\030qP\317\315\336\325\007s!\003.\200\224\215?)t\306\315\242\313\251\255\302\204=\232.\271%}\013\024s\024\002@\216l""\241FvG0E\002!\000\337Cq\270\t\331>\352<\352\206\025\232\340t\374\263\030\000\325]\306\256\223,\0163\26619\374a\002 ""p=\222\325\240\252]w\276?\250\200\270(\263\031\0103\010\262\247^\336\317k\rSE\342\016\t""; ","validation: """"\200\000\000\001&\000\000\000\005)/\352\224\004:v|\203\267)\257\206\032Q\372\373$P*|\321\342\002\026\n\3215\340\3203\200x\327D\301]5\237\247Yz\3711!L\214P\027\000\000\000\000\000\000\000\000\000\000\000\000\000\000\000\000\000\000\000\000\000\000\000\000\000\000\000\000\000\000\000\000P\031\241'\332/+\360Bx\036+\210j\237K%\340]\246E\2434\264K\036\030qP\317\315\336\325\007s!\003.\200\224\215?)t\306\315\242\313\251\255\302\204=\232.\271%}\013\024s\024\002@\216l""\241FvG0E\002!\000\337Cq\270\t\331>\352<\352\206\025\232\340t\374\263\030\000\325]\306\256\223,\0163\26619\374a\002 ""p=\222\325\240\252]w\276?\250\200\270(\263\031\0103\010\262\247^\336\317k\rSE\342\016\t""; "
1750587272312,1750587272312,3563,1,0,2,TMValidation,"validation: """"\200\000\000\001&\000\000\000\005)/\352\224\004:v|\203\267)\257\206\032Q\372\373$P*|\321\342\002\026\n\3215\340\3203\200x\327D\301]5\237\247Yz\3711!L\214P\027\000\000\000\000\000\000\000\000\000\000\000\000\000\000\000\000\000\000\000\000\000\000\000\000\000\000\000\000\000\000\000\000P\031\241'\332/+\360Bx\036+\210j\237K%\340]\246E\2434\264K\036\030qP\317\315\336\325\007s!\003.\200\224\215?)t\306\315\242\313\251\255\302\204=\232.\271%}\013\024s\024\002@\216l""\241FvG0E\002!\000\337Cq\270\t\331>\352<\352\206\025\232\340t\374\263\030\000\325]\306\256\223,\0163\26619\374a\002 ""p=\222\325\240\252]w\276?\250\200\270(\263\031\0103\010\262\247^\336\317k\rSE\342\016\t""; ","validation: """"\200\000\000\001&\000\000\000\005)/\352\224\004:v|\203\267)\257\206\032Q\372\373$P*|\321\342\002\026\n\3215\340\3203\200x\327D\301]5\237\247Yz\3711!L\214P\027\000\000\000\000\000\000\000\000\000\000\000\000\000\000\000\000\000\000\000\000\000\000\000\000\000\000\000\000\000\000\000\000P\031\241'\332/+\360Bx\036+\210j\237K%\340]\246E\2434\264K\036\030qP\317\315\336\325\007s!\003.\200\224\215?)t\306\315\242\313\251\255\302\204=\232.\271%}\013\024s\024\002@\216l""\241FvG0E\002!\000\337Cq\270\t\331>\352<\352\206\025\232\340t\374\263\030\000\325]\306\256\223,\0163\26619\374a\002 ""p=\222\325\240\252]w\276?\250\200\270(\263\031\0103\010\262\247^\336\317k\rSE\342\016\t""; "
1750587272312,1750587272312,2684,1,0,1,TMValidation,"validation: """"\200\000\000\001&\000\000\000\005)/\352\224\004:v|\203\267)\257\206\032Q\372\373$P*|\321\342\002\026\n\3215\340\3203\200x\327D\301]5\237\247Yz\3711!L\214P\027\000\000\000\000\000\000\000\000\000\000\000\000\000\000\000\000\000\000\000\000\000\000\000\000\000\000\000\000\000\000\000\000P\031\241'\332/+\360Bx\036+\210j\237K%\340]\246E\2434\264K\036\030qP\317\315\336\325\007s!\003.\200\224\215?)t\306\315\242\313\251\255\302\204=\232.\271%}\013\024s\024\002@\216l""\241FvG0E\002!\000\337Cq\270\t\331>\352<\352\206\025\232\340t\374\263\030\000\325]\306\256\223,\0163\26619\374a\002 ""p=\222\325\240\252]w\276?\250\200\270(\263\031\0103\010\262\247^\336\317k\rSE\342\016\t""; ","validation: """"\200\000\000\001&\000\000\000\005)/\352\224\004:v|\203\267)\257\206\032Q\372\373$P*|\321\342\002\026\n\3215\340\3203\200x\327D\301]5\237\247Yz\3711!L\214P\027\000\000\000\000\000\000\000\000\000\000\000\000\000\000\000\000\000\000\000\000\000\000\000\000\000\000\000\000\000\000\000\000P\031\241'\332/+\360Bx\036+\210j\237K%\340]\246E\2434\264K\036\030qP\317\315\336\325\007s!\003.\200\224\215?)t\306\315\242\313\251\255\302\204=\232.\271%}\013\024s\024\002@\216l""\241FvG0E\002!\000\337Cq\270\t\331>\352<\352\206\025\232\340t\374\263\030\000\325]\306\256\223,\0163\26619\374a\002 ""p=\222\325\240\252]w\276?\250\200\270(\263\031\0103\010\262\247^\336\317k\rSE\342\016\t""; "
1750587272318,1750587272318,1094,1,2,1,TMValidation,"validation: """"\200\000\000\001&\000\000\000\006)/\352\224\010:Q\231\304\227'3\313\030Q\221=\252\002\267\225zg\264\253\271T\346ji\003\235\236Pis\264\375\222|H\344\261g?[gP\0278h\232\211g)\354\005\246\256XI\265J\214\312}\261\211y\355]\0228j\360\0224\003\021%\014P\031\372\373$P*|\321\342\002\026\n\3215\340\3203\200x\327D\301]5\237\247Yz\3711!L\214s!\003ql\302)\235\321\t\213\224\356\374%%\311\327\037\374\304\t\335\2359\344\233\035]\347<u\236\364\222vF0D\002 B\254\267Y\312E\361\266\323\375\235\247\321\023\326_\004\277V&\342Iqg\337\314E0\347\310\272s\002 M\300""\253\231H\001\241\270B\274mK5\250\227\253\375 \241;\250\337\037M\007\270EB\223\272~""; ","validation: """"\200\000\000\001&\000\000\000\006)/\352\224\010:Q\231\304\227'3\313\030Q\221=\252\002\267\225zg\264\253\271T\346ji\003\235\236Pis\264\375\222|H\344\261g?[gP\0278h\232\211g)\354\005\246\256XI\265J\214\312}\261\211y\355]\0228j\360\0224\003\021%\014P\031\372\373$P*|\321\342\002\026\n\3215\340\3203\200x\327D\301]5\237\247Yz\3711!L\214s!\003ql\302)\235\321\t\213\224\356\374%%\311\327\037\374\304\t\335\2359\344\233\035]\347<u\236\364\222vF0D\002 B\254\267Y\312E\361\266\323\375\235\247\321\023\326_\004\277V&\342Iqg\337\314E0\347\310\272s\002 M\300""\253\231H\001\241\270B\274mK5\250\227\253\375 \241;\250\337\037M\007\270EB\223\272~""; "
1750587272318,1750587272318,3126,1,2,1,TMStatusChange,"newEvent: neACCEPTED_LEDGER; ledgerSeq: 6; ledgerHash: ""\221=\252\002\267\225zg\264\253\271T\346ji\003\235\236Pis\264\375\222|H\344\261g?[g""; ledgerHashPrevious: ""\372\373$P*|\321\342\002\026\n\3215\340\3203\200x\327D\301]5\237\247Yz\3711!L\214""; networkTime: 803902472; firstSeq: 1; lastSeq: 5; ","newEvent: neACCEPTED_LEDGER; ledgerSeq: 6; ledgerHash: ""\221=\252\002\267\225zg\264\253\271T\346ji\003\235\236Pis\264\375\222|H\344\261g?[g""; ledgerHashPrevious: ""\372\373$P*|\321\342\002\026\n\3215\340\3203\200x\327D\301]5\237\247Yz\3711!L\214""; networkTime: 803902472; firstSeq: 1; lastSeq: 5; "
1750587272322,1750587272322,486,1,4,0,TMLedgerData,"ledgerHash: ""8h\232\211g)\354\005\246\256XI\265J\214\312}\261\211y\355]\0228j\360\0224\003\021%\014""; ledgerSeq: 0; type: liTS_CANDIDATE; nodes {;   nodedata: ""\022\000\000""\000\000\000\000$\000\000\000\001 \033\000\000\000\027a@\000\000\027H\206*@h@\000\000\000\000\000\000\ns!\0030\347\374\235V\273%\326\211;\243\363\027\256[\3173\263)\033\326=\263&T\243\023""/\177\320 tF0D\002 0\023\341\332; \2711\245\020\321\3300\345\267-)\230\177\246\236AQ\327\203\207H\226+\000%\336\002 \024\036\211\237\201t\376\272E\270\230\020\334\014\356g\273\025((\376\266\216@ \254^2T\233\013\034\201\024\265\367by\212S\325C\240\024\312\370\262\227\317\370\362\3717\350\203\024E0\246\210\344\325\345r\024T\251\006P\255\352\333\372\351\337\302\000"";   nodeid: ""\240\000\000\000\000\000\000\000\000\000\000\000\000\000\000\000\000\000\000\000\000\000\000\000\000\000\000\000\000\000\000\000\001""; }; ","ledgerHash: ""8h\232\211g)\354\005\246\256XI\265J\214\312}\261\211y\355]\0228j\360\0224\003\021%\014""; ledgerSeq: 0; type: liTS_CANDIDATE; nodes {;   nodedata: ""\022\000\000""\000\000\000\000$\000\000\000\001 \033\000\000\000\027a@\000\000\027H\206*@h@\000\000\000\000\000\000\ns!\0030\347\374\235V\273%\326\211;\243\363\027\256[\3173\263)\033\326=\263&T\243\023""/\177\320 tF0D\002 0\023\341\332; \2711\245\020\321\3300\345\267-)\230\177\246\236AQ\327\203\207H\226+\000%\336\002 \024\036\211\237\201t\376\272E\270\230\020\334\014\356g\273\025((\376\266\216@ \254^2T\233\013\034\201\024\265\367by\212S\325C\240\024\312\370\262\227\317\370\362\3717\350\203\024E0\246\210\344\325\345r\024T\251\006P\255\352\333\372\351\337\302\000"";   nodeid: ""\240\000\000\000\000\000\000\000\000\000\000\000\000\000\000\000\000\000\000\000\000\000\000\000\000\000\000\000\000\000\000\000\001""; }; "
1750587272330,1750587272330,3914,1,4,3,TMGetLedger,"itype: liTS_CANDIDATE; ledgerHash: ""u\315\243\367\211\2625\240r:n\277\003\026\366\353'\216jy9\\001\220\223~\341j\254O\025\257""; nodeIDs: ""\240\000\000\000\000\000\000\000\000\000\000\000\000\000\000\000\000\000\000\000\000\000\000\000\000\000\000\000\000\000\000\000\001""; requestCookie: 1; queryType: qtINDIRECT; ","itype: liTS_CANDIDATE; ledgerHash: ""u\315\243\367\211\2625\240r:n\277\003\026\366\353'\216jy9\\001\220\223~\341j\254O\025\257""; nodeIDs: ""\240\000\000\000\000\000\000\000\000\000\000\000\000\000\000\000\000\000\000\000\000\000\000\000\000\000\000\000\000\000\000\000\001""; requestCookie: 1; queryType: qtINDIRECT; "
1750587272342,1750587272342,3488,1,2,0,TMValidation,"validation: """"\200\000\000\001&\000\000\000\006)/\352\224\010:Q\231\304\227'3\313\030Q\221=\252\002\267\225zg\264\253\271T\346ji\003\235\236Pis\264\375\222|H\344\261g?[gP\0278h\232\211g)\354\005\246\256XI\265J\214\312}\261\211y\355]\0228j\360\0224\003\021%\014P\031\372\373$P*|\321\342\002\026\n\3215\340\3203\200x\327D\301]5\237\247Yz\3711!L\214s!\003ql\302)\235\321\t\213\224\356\374%%\311\327\037\374\304\t\335\2359\344\233\035]\347<u\236\364\222vF0D\002 B\254\267Y\312E\361\266\323\375\235\247\321\023\326_\004\277V&\342Iqg\337\314E0\347\310\272s\002 M\300""\253\231H\001\241\270B\274mK5\250\227\253\375 \241;\250\337\037M\007\270EB\223\272~""; ","validation: """"\200\000\000\001&\000\000\000\006)/\352\224\010:Q\231\304\227'3\313\030Q\221=\252\002\267\225zg\264\253\271T\346ji\003\235\236Pis\264\375\222|H\344\261g?[gP\0278h\232\211g)\354\005\246\256XI\265J\214\312}\261\211y\355]\0228j\360\0224\003\021%\014P\031\372\373$P*|\321\342\002\026\n\3215\340\3203\200x\327D\301]5\237\247Yz\3711!L\214s!\003ql\302)\235\321\t\213\224\356\374%%\311\327\037\374\304\t\335\2359\344\233\035]\347<u\236\364\222vF0D\002 B\254\267Y\312E\361\266\323\375\235\247\321\023\326_\004\277V&\342Iqg\337\314E0\347\310\272s\002 M\300""\253\231H\001\241\270B\274mK5\250\227\253\375 \241;\250\337\037M\007\270EB\223\272~""; "
1750587272353,1750587272353,486,1,4,0,TMLedgerData,"ledgerHash: ""u\315\243\367\211\2625\240r:n\277\003\026\366\353'\216jy9\\001\220\223~\341j\254O\025\257""; ledgerSeq: 0; type: liTS_CANDIDATE; nodes {;   nodedata: ""\246C\232\272\013^\241\340~\030'\005/\234\037\355\231\230\017\266\365\303w\360\273\374\234\362S:\270\023\n\003"";   nodeid: ""\000\000\000\000\000\000\000\000\000\000\000\000\000\000\000\000\000\000\000\000\000\000\000\000\000\000\000\000\000\000\000\000\000""; }; ","ledgerHash: ""u\315\243\367\211\2625\240r:n\277\003\026\366\353'\216jy9\\001\220\223~\341j\254O\025\257""; ledgerSeq: 0; type: liTS_CANDIDATE; nodes {;   nodedata: ""\246C\232\272\013^\241\340~\030'\005/\234\037\355\231\230\017\266\365\303w\360\273\374\234\362S:\270\023\n\003"";   nodeid: ""\000\000\000\000\000\000\000\000\000\000\000\000\000\000\000\000\000\000\000\000\000\000\000\000\000\000\000\000\000\000\000\000\000""; }; "
1750587272371,1750587272371,2565,1,3,0,TMLedgerData,"ledgerHash: ""8h\232\211g)\354\005\246\256XI\265J\214\312}\261\211y\355]\0228j\360\0224\003\021%\014""; ledgerSeq: 0; type: liTS_CANDIDATE; nodes {;   nodedata: ""\022\000\000""\000\000\000\000$\000\000\000\001 \033\000\000\000\027a@\000\000\027H\206*@h@\000\000\000\000\000\000\ns!\0030\347\374\235V\273%\326\211;\243\363\027\256[\3173\263)\033\326=\263&T\243\023""/\177\320 tF0D\002 0\023\341\332; \2711\245\020\321\3300\345\267-)\230\177\246\236AQ\327\203\207H\226+\000%\336\002 \024\036\211\237\201t\376\272E\270\230\020\334\014\356g\273\025((\376\266\216@ \254^2T\233\013\034\201\024\265\367by\212S\325C\240\024\312\370\262\227\317\370\362\3717\350\203\024E0\246\210\344\325\345r\024T\251\006P\255\352\333\372\351\337\302\000"";   nodeid: ""\240\000\000\000\000\000\000\000\000\000\000\000\000\000\000\000\000\000\000\000\000\000\000\000\000\000\000\000\000\000\000\000\001""; }; ","ledgerHash: ""8h\232\211g)\354\005\246\256XI\265J\214\312}\261\211y\355]\0228j\360\0224\003\021%\014""; ledgerSeq: 0; type: liTS_CANDIDATE; nodes {;   nodedata: ""\022\000\000""\000\000\000\000$\000\000\000\001 \033\000\000\000\027a@\000\000\027H\206*@h@\000\000\000\000\000\000\ns!\0030\347\374\235V\273%\326\211;\243\363\027\256[\3173\263)\033\326=\263&T\243\023""/\177\320 tF0D\002 0\023\341\332; \2711\245\020\321\3300\345\267-)\230\177\246\236AQ\327\203\207H\226+\000%\336\002 \024\036\211\237\201t\376\272E\270\230\020\334\014\356g\273\025((\376\266\216@ \254^2T\233\013\034\201\024\265\367by\212S\325C\240\024\312\370\262\227\317\370\362\3717\350\203\024E0\246\210\344\325\345r\024T\251\006P\255\352\333\372\351\337\302\000"";   nodeid: ""\240\000\000\000\000\000\000\000\000\000\000\000\000\000\000\000\000\000\000\000\000\000\000\000\000\000\000\000\000\000\000\000\001""; }; "
1750587272379,1750587272379,2565,1,3,0,TMLedgerData,"ledgerHash: ""u\315\243\367\211\2625\240r:n\277\003\026\366\353'\216jy9\\001\220\223~\341j\254O\025\257""; ledgerSeq: 0; type: liTS_CANDIDATE; nodes {;   nodedata: ""\022\000\000""\000\000\000\000$\000\000\000\001 \033\000\000\000\027a@\000\000\027H\206*@h@\000\000\000\000\000\000\ns!\0030\347\374\235V\273%\326\211;\243\363\027\256[\3173\263)\033\326=\263&T\243\023""/\177\320 tF0D\002 0\023\341\332; \2711\245\020\321\3300\345\267-)\230\177\246\236AQ\327\203\207H\226+\000%\336\002 \024\036\211\237\201t\376\272E\270\230\020\334\014\356g\273\025((\376\266\216@ \254^2T\233\013\034\201\024\265\367by\212S\325C\240\024\312\370\262\227\317\370\362\3717\350\203\024E0\246\210\344\325\345r\024T\251\006P\255\352\333\372\351\337\302\000"";   nodeid: ""\240\000\000\000\000\000\000\000\000\000\000\000\000\000\000\000\000\000\000\000\000\000\000\000\000\000\000\000\000\000\000\000\001""; }; ","ledgerHash: ""u\315\243\367\211\2625\240r:n\277\003\026\366\353'\216jy9\\001\220\223~\341j\254O\025\257""; ledgerSeq: 0; type: liTS_CANDIDATE; nodes {;   nodedata: ""\022\000\000""\000\000\000\000$\000\000\000\001 \033\000\000\000\027a@\000\000\027H\206*@h@\000\000\000\000\000\000\ns!\0030\347\374\235V\273%\326\211;\243\363\027\256[\3173\263)\033\326=\263&T\243\023""/\177\320 tF0D\002 0\023\341\332; \2711\245\020\321\3300\345\267-)\230\177\246\236AQ\327\203\207H\226+\000%\336\002 \024\036\211\237\201t\376\272E\270\230\020\334\014\356g\273\025((\376\266\216@ \254^2T\233\013\034\201\024\265\367by\212S\325C\240\024\312\370\262\227\317\370\362\3717\350\203\024E0\246\210\344\325\345r\024T\251\006P\255\352\333\372\351\337\302\000"";   nodeid: ""\240\000\000\000\000\000\000\000\000\000\000\000\000\000\000\000\000\000\000\000\000\000\000\000\000\000\000\000\000\000\000\000\001""; }; "
1750587272389,1750587272389,2715,1,1,4,TMLedgerData,"ledgerHash: ""u\315\243\367\211\2625\240r:n\277\003\026\366\353'\216jy9\\001\220\223~\341j\254O\025\257""; ledgerSeq: 0; type: liTS_CANDIDATE; nodes {;   nodedata: ""\022\000\000""\000\000\000\000$\000\000\000\001 \033\000\000\000\027a@\000\000\027H\206*@h@\000\000\000\000\000\000\ns!\0030\347\374\235V\273%\326\211;\243\363\027\256[\3173\263)\033\326=\263&T\243\023""/\177\320 tF0D\002 0\023\341\332; \2711\245\020\321\3300\345\267-)\230\177\246\236AQ\327\203\207H\226+\000%\336\002 \024\036\211\237\201t\376\272E\270\230\020\334\014\356g\273\025((\376\266\216@ \254^2T\233\013\034\201\024\265\367by\212S\325C\240\024\312\370\262\227\317\370\362\3717\350\203\024E0\246\210\344\325\345r\024T\251\006P\255\352\333\372\351\337\302\000"";   nodeid: ""\240\000\000\000\000\000\000\000\000\000\000\000\000\000\000\000\000\000\000\000\000\000\000\000\000\000\000\000\000\000\000\000\001""; }; requestCookie: 1; ","ledgerHash: ""u\315\243\367\211\2625\240r:n\277\003\026\366\353'\216jy9\\001\220\223~\341j\254O\025\257""; ledgerSeq: 0; type: liTS_CANDIDATE; nodes {;   nodedata: ""\022\000\000""\000\000\000\000$\000\000\000\001 \033\000\000\000\027a@\000\000\027H\206*@h@\000\000\000\000\000\000\ns!\0030\347\374\235V\273%\326\211;\243\363\027\256[\3173\263)\033\326=\263&T\243\023""/\177\320 tF0D\002 0\023\341\332; \2711\245\020\321\3300\345\267-)\230\177\246\236AQ\327\203\207H\226+\000%\336\002 \024\036\211\237\201t\376\272E\270\230\020\334\014\356g\273\025((\376\266\216@ \254^2T\233\013\034\201\024\265\367by\212S\325C\240\024\312\370\262\227\317\370\362\3717\350\203\024E0\246\210\344\325\345r\024T\251\006P\255\352\333\372\351\337\302\000"";   nodeid: ""\240\000\000\000\000\000\000\000\000\000\000\000\000\000\000\000\000\000\000\000\000\000\000\000\000\000\000\000\000\000\000\000\001""; }; requestCookie: 1; "
1750587272414,1750587272414,1102,1,2,3,TMLedgerData,"ledgerHash: ""u\315\243\367\211\2625\240r:n\277\003\026\366\353'\216jy9\\001\220\223~\341j\254O\025\257""; ledgerSeq: 0; type: liTS_CANDIDATE; nodes {;   nodedata: ""\246C\232\272\013^\241\340~\030'\005/\234\037\355\231\230\017\266\365\303w\360\273\374\234\362S:\270\023\n\003"";   nodeid: ""\000\000\000\000\000\000\000\000\000\000\000\000\000\000\000\000\000\000\000\000\000\000\000\000\000\000\000\000\000\000\000\000\000""; }; ","ledgerHash: ""u\315\243\367\211\2625\240r:n\277\003\026\366\353'\216jy9\\001\220\223~\341j\254O\025\257""; ledgerSeq: 0; type: liTS_CANDIDATE; nodes {;   nodedata: ""\246C\232\272\013^\241\340~\030'\005/\234\037\355\231\230\017\266\365\303w\360\273\374\234\362S:\270\023\n\003"";   nodeid: ""\000\000\000\000\000\000\000\000\000\000\000\000\000\000\000\000\000\000\000\000\000\000\000\000\000\000\000\000\000\000\000\000\000""; }; "
1750587272422,1750587272422,2565,1,3,0,TMLedgerData,"ledgerHash: ""u\315\243\367\211\2625\240r:n\277\003\026\366\353'\216jy9\\001\220\223~\341j\254O\025\257""; ledgerSeq: 0; type: liTS_CANDIDATE; nodes {;   nodedata: ""\246C\232\272\013^\241\340~\030'\005/\234\037\355\231\230\017\266\365\303w\360\273\374\234\362S:\270\023\n\003"";   nodeid: ""\000\000\000\000\000\000\000\000\000\000\000\000\000\000\000\000\000\000\000\000\000\000\000\000\000\000\000\000\000\000\000\000\000""; }; ","ledgerHash: ""u\315\243\367\211\2625\240r:n\277\003\026\366\353'\216jy9\\001\220\223~\341j\254O\025\257""; ledgerSeq: 0; type: liTS_CANDIDATE; nodes {;   nodedata: ""\246C\232\272\013^\241\340~\030'\005/\234\037\355\231\230\017\266\365\303w\360\273\374\234\362S:\270\023\n\003"";   nodeid: ""\000\000\000\000\000\000\000\000\000\000\000\000\000\000\000\000\000\000\000\000\000\000\000\000\000\000\000\000\000\000\000\000\000""; }; "
1750587272434,1750587272434,2715,1,1,4,TMLedgerData,"ledgerHash: ""u\315\243\367\211\2625\240r:n\277\003\026\366\353'\216jy9\\001\220\223~\341j\254O\025\257""; ledgerSeq: 0; type: liTS_CANDIDATE; nodes {;   nodedata: ""\246C\232\272\013^\241\340~\030'\005/\234\037\355\231\230\017\266\365\303w\360\273\374\234\362S:\270\023\n\003"";   nodeid: ""\000\000\000\000\000\000\000\000\000\000\000\000\000\000\000\000\000\000\000\000\000\000\000\000\000\000\000\000\000\000\000\000\000""; }; requestCookie: 4; ","ledgerHash: ""u\315\243\367\211\2625\240r:n\277\003\026\366\353'\216jy9\\001\220\223~\341j\254O\025\257""; ledgerSeq: 0; type: liTS_CANDIDATE; nodes {;   nodedata: ""\246C\232\272\013^\241\340~\030'\005/\234\037\355\231\230\017\266\365\303w\360\273\374\234\362S:\270\023\n\003"";   nodeid: ""\000\000\000\000\000\000\000\000\000\000\000\000\000\000\000\000\000\000\000\000\000\000\000\000\000\000\000\000\000\000\000\000\000""; }; requestCookie: 4; "
1750587272443,1750587272444,3487,1,0,3,TMLedgerData,"ledgerHash: ""u\315\243\367\211\2625\240r:n\277\003\026\366\353'\216jy9\\001\220\223~\341j\254O\025\257""; ledgerSeq: 0; type: liTS_CANDIDATE; nodes {;   nodedata: ""\246C\232\272\013^\241\340~\030'\005/\234\037\355\231\230\017\266\365\303w\360\273\374\234\362S:\270\023\n\003"";   nodeid: ""\000\000\000\000\000\000\000\000\000\000\000\000\000\000\000\000\000\000\000\000\000\000\000\000\000\000\000\000\000\000\000\000\000""; }; ","ledgerHash: ""u\315\243\367\211\2625\240r:n\277\003\026\366\353'\216jy9\\001\220\223~\341j\254O\025\257""; ledgerSeq: 0; type: liTS_CANDIDATE; nodes {;   nodedata: ""\246C\232\272\013^\241\340~\030'\005/\234\037\355\231\230\017\266\365\303w\360\273\374\234\362S:\270\023\n\003"";   nodeid: ""\000\000\000\000\000\000\000\000\000\000\000\000\000\000\000\000\000\000\000\000\000\000\000\000\000\000\000\000\000\000\000\000\000""; }; "
1750587272452,1750587272452,1020,1,1,3,TMStatusChange,"newEvent: neACCEPTED_LEDGER; ledgerSeq: 6; ledgerHash: ""\221=\252\002\267\225zg\264\253\271T\346ji\003\235\236Pis\264\375\222|H\344\261g?[g""; ledgerHashPrevious: ""\372\373$P*|\321\342\002\026\n\3215\340\3203\200x\327D\301]5\237\247Yz\3711!L\214""; networkTime: 803902472; firstSeq: 1; lastSeq: 5; ","newEvent: neACCEPTED_LEDGER; ledgerSeq: 6; ledgerHash: ""\221=\252\002\267\225zg\264\253\271T\346ji\003\235\236Pis\264\375\222|H\344\261g?[g""; ledgerHashPrevious: ""\372\373$P*|\321\342\002\026\n\3215\340\3203\200x\327D\301]5\237\247Yz\3711!L\214""; networkTime: 803902472; firstSeq: 1; lastSeq: 5; "
1750587272452,1750587272452,961,1,1,2,TMStatusChange,"newEvent: neACCEPTED_LEDGER; ledgerSeq: 6; ledgerHash: ""\221=\252\002\267\225zg\264\253\271T\346ji\003\235\236Pis\264\375\222|H\344\261g?[g""; ledgerHashPrevious: ""\372\373$P*|\321\342\002\026\n\3215\340\3203\200x\327D\301]5\237\247Yz\3711!L\214""; networkTime: 803902472; firstSeq: 1; lastSeq: 5; ","newEvent: neACCEPTED_LEDGER; ledgerSeq: 6; ledgerHash: ""\221=\252\002\267\225zg\264\253\271T\346ji\003\235\236Pis\264\375\222|H\344\261g?[g""; ledgerHashPrevious: ""\372\373$P*|\321\342\002\026\n\3215\340\3203\200x\327D\301]5\237\247Yz\3711!L\214""; networkTime: 803902472; firstSeq: 1; lastSeq: 5; "
1750587272453,1750587272453,1652,1,1,2,TMValidation,"validation: """"\200\000\000\001&\000\000\000\006)/\352\224\010:?HT\314/\177\320^Q\221=\252\002\267\225zg\264\253\271T\346ji\003\235\236Pis\264\375\222|H\344\261g?[gP\0278h\232\211g)\354\005\246\256XI\265J\214\312}\261\211y\355]\0228j\360\0224\003\021%\014P\031\372\373$P*|\321\342\002\026\n\3215\340\3203\200x\327D\301]5\237\247Yz\3711!L\214s!\003\343\005\311u\203\370\0338\3174\324\010\006\301\251\177\261\304eOX\262)FA-\022r\263wm\024vF0D\002 #\344\210\215b\201\030\201\237\177\017D\337\375\334\323Ou\000\267H\305\342\206\024\360uE\013\272\227\276\002 HF\026\226N\256\323\213\220\246\277\320\346ik\216\035D\304\n\2166\243Ru\t\\225\363C\205\254""; ","validation: """"\200\000\000\001&\000\000\000\006)/\352\224\010:?HT\314/\177\320^Q\221=\252\002\267\225zg\264\253\271T\346ji\003\235\236Pis\264\375\222|H\344\261g?[gP\0278h\232\211g)\354\005\246\256XI\265J\214\312}\261\211y\355]\0228j\360\0224\003\021%\014P\031\372\373$P*|\321\342\002\026\n\3215\340\3203\200x\327D\301]5\237\247Yz\3711!L\214s!\003\343\005\311u\203\370\0338\3174\324\010\006\301\251\177\261\304eOX\262)FA-\022r\263wm\024vF0D\002 #\344\210\215b\201\030\201\237\177\017D\337\375\334\323Ou\000\267H\305\342\206\024\360uE\013\272\227\276\002 HF\026\226N\256\323\213\220\246\277\320\346ik\216\035D\304\n\2166\243Ru\t\\225\363C\205\254""; "
1750587272453,1750587272453,1862,1,1,0,TMStatusChange,"newEvent: neACCEPTED_LEDGER; ledgerSeq: 6; ledgerHash: ""\221=\252\002\267\225zg\264\253\271T\346ji\003\235\236Pis\264\375\222|H\344\261g?[g""; ledgerHashPrevious: ""\372\373$P*|\321\342\002\026\n\3215\340\3203\200x\327D\301]5\237\247Yz\3711!L\214""; networkTime: 803902472; firstSeq: 1; lastSeq: 5; ","newEvent: neACCEPTED_LEDGER; ledgerSeq: 6; ledgerHash: ""\221=\252\002\267\225zg\264\253\271T\346ji\003\235\236Pis\264\375\222|H\344\261g?[g""; ledgerHashPrevious: ""\372\373$P*|\321\342\002\026\n\3215\340\3203\200x\327D\301]5\237\247Yz\3711!L\214""; networkTime: 803902472; firstSeq: 1; lastSeq: 5; "
1750587272453,1750587272454,1289,1,1,3,TMValidation,"validation: """"\200\000\000\001&\000\000\000\006)/\352\224\010:?HT\314/\177\320^Q\221=\252\002\267\225zg\264\253\271T\346ji\003\235\236Pis\264\375\222|H\344\261g?[gP\0278h\232\211g)\354\005\246\256XI\265J\214\312}\261\211y\355]\0228j\360\0224\003\021%\014P\031\372\373$P*|\321\342\002\026\n\3215\340\3203\200x\327D\301]5\237\247Yz\3711!L\214s!\003\343\005\311u\203\370\0338\3174\324\010\006\301\251\177\261\304eOX\262)FA-\022r\263wm\024vF0D\002 #\344\210\215b\201\030\201\237\177\017D\337\375\334\323Ou\000\267H\305\342\206\024\360uE\013\272\227\276\002 HF\026\226N\256\323\213\220\246\277\320\346ik\216\035D\304\n\2166\243Ru\t\\225\363C\205\254""; ","validation: """"\200\000\000\001&\000\000\000\006)/\352\224\010:?HT\314/\177\320^Q\221=\252\002\267\225zg\264\253\271T\346ji\003\235\236Pis\264\375\222|H\344\261g?[gP\0278h\232\211g)\354\005\246\256XI\265J\214\312}\261\211y\355]\0228j\360\0224\003\021%\014P\031\372\373$P*|\321\342\002\026\n\3215\340\3203\200x\327D\301]5\237\247Yz\3711!L\214s!\003\343\005\311u\203\370\0338\3174\324\010\006\301\251\177\261\304eOX\262)FA-\022r\263wm\024vF0D\002 #\344\210\215b\201\030\201\237\177\017D\337\375\334\323Ou\000\267H\305\342\206\024\360uE\013\272\227\276\002 HF\026\226N\256\323\213\220\246\277\320\346ik\216\035D\304\n\2166\243Ru\t\\225\363C\205\254""; "
1750587272454,1750587272454,3090,1,1,0,TMValidation,"validation: """"\200\000\000\001&\000\000\000\006)/\352\224\010:?HT\314/\177\320^Q\221=\252\002\267\225zg\264\253\271T\346ji\003\235\236Pis\264\375\222|H\344\261g?[gP\0278h\232\211g)\354\005\246\256XI\265J\214\312}\261\211y\355]\0228j\360\0224\003\021%\014P\031\372\373$P*|\321\342\002\026\n\3215\340\3203\200x\327D\301]5\237\247Yz\3711!L\214s!\003\343\005\311u\203\370\0338\3174\324\010\006\301\251\177\261\304eOX\262)FA-\022r\263wm\024vF0D\002 #\344\210\215b\201\030\201\237\177\017D\337\375\334\323Ou\000\267H\305\342\206\024\360uE\013\272\227\276\002 HF\026\226N\256\323\213\220\246\277\320\346ik\216\035D\304\n\2166\243Ru\t\\225\363C\205\254""; ","validation: """"\200\000\000\001&\000\000\000\006)/\352\224\010:?HT\314/\177\320^Q\221=\252\002\267\225zg\264\253\271T\346ji\003\235\236Pis\264\375\222|H\344\261g?[gP\0278h\232\211g)\354\005\246\256XI\265J\214\312}\261\211y\355]\0228j\360\0224\003\021%\014P\031\372\373$P*|\321\342\002\026\n\3215\340\3203\200x\327D\301]5\237\247Yz\3711!L\214s!\003\343\005\311u\203\370\0338\3174\324\010\006\301\251\177\261\304eOX\262)FA-\022r\263wm\024vF0D\002 #\344\210\215b\201\030\201\237\177\017D\337\375\334\323Ou\000\267H\305\342\206\024\360uE\013\272\227\276\002 HF\026\226N\256\323\213\220\246\277\320\346ik\216\035D\304\n\2166\243Ru\t\\225\363C\205\254""; "
1750587272478,1750587272478,1939,1,1,4,TMValidation,"validation: """"\200\000\000\001&\000\000\000\006)/\352\224\010:?HT\314/\177\320^Q\221=\252\002\267\225zg\264\253\271T\346ji\003\235\236Pis\264\375\222|H\344\261g?[gP\0278h\232\211g)\354\005\246\256XI\265J\214\312}\261\211y\355]\0228j\360\0224\003\021%\014P\031\372\373$P*|\321\342\002\026\n\3215\340\3203\200x\327D\301]5\237\247Yz\3711!L\214s!\003\343\005\311u\203\370\0338\3174\324\010\006\301\251\177\261\304eOX\262)FA-\022r\263wm\024vF0D\002 #\344\210\215b\201\030\201\237\177\017D\337\375\334\323Ou\000\267H\305\342\206\024\360uE\013\272\227\276\002 HF\026\226N\256\323\213\220\246\277\320\346ik\216\035D\304\n\2166\243Ru\t\\225\363C\205\254""; ","validation: """"\200\000\000\001&\000\000\000\006)/\352\224\010:?HT\314/\177\320^Q\221=\252\002\267\225zg\264\253\271T\346ji\003\235\236Pis\264\375\222|H\344\261g?[gP\0278h\232\211g)\354\005\246\256XI\265J\214\312}\261\211y\355]\0228j\360\0224\003\021%\014P\031\372\373$P*|\321\342\002\026\n\3215\340\3203\200x\327D\301]5\237\247Yz\3711!L\214s!\003\343\005\311u\203\370\0338\3174\324\010\006\301\251\177\261\304eOX\262)FA-\022r\263wm\024vF0D\002 #\344\210\215b\201\030\201\237\177\017D\337\375\334\323Ou\000\267H\305\342\206\024\360uE\013\272\227\276\002 HF\026\226N\256\323\213\220\246\277\320\346ik\216\035D\304\n\2166\243Ru\t\\225\363C\205\254""; "
1750587272478,1750587272478,3522,1,1,4,TMStatusChange,"newEvent: neACCEPTED_LEDGER; ledgerSeq: 6; ledgerHash: ""\221=\252\002\267\225zg\264\253\271T\346ji\003\235\236Pis\264\375\222|H\344\261g?[g""; ledgerHashPrevious: ""\372\373$P*|\321\342\002\026\n\3215\340\3203\200x\327D\301]5\237\247Yz\3711!L\214""; networkTime: 803902472; firstSeq: 1; lastSeq: 5; ","newEvent: neACCEPTED_LEDGER; ledgerSeq: 6; ledgerHash: ""\221=\252\002\267\225zg\264\253\271T\346ji\003\235\236Pis\264\375\222|H\344\261g?[g""; ledgerHashPrevious: ""\372\373$P*|\321\342\002\026\n\3215\340\3203\200x\327D\301]5\237\247Yz\3711!L\214""; networkTime: 803902472; firstSeq: 1; lastSeq: 5; "
1750587272516,1750587272516,1650,1,3,4,TMLedgerData,"ledgerHash: ""8h\232\211g)\354\005\246\256XI\265J\214\312}\261\211y\355]\0228j\360\0224\003\021%\014""; ledgerSeq: 0; type: liTS_CANDIDATE; nodes {;   nodedata: ""\222c\273c4\225\334\221\227u?\025\314=\305/\262\367\217\375\027j\323\304\372\312Fv\2716\001\355\t\246C\232\272\013^\241\340~\030'\005/\234\037\355\231\230\017\266\365\303w\360\273\374\234\362S:\270\023\n\270\212\275\306\204\271\274\361K|t\323\346\2174\324\362\014S]\301\325\344rY\277\343\351\364\374\023\263\013\003"";   nodeid: ""\000\000\000\000\000\000\000\000\000\000\000\000\000\000\000\000\000\000\000\000\000\000\000\000\000\000\000\000\000\000\000\000\000""; }; ","ledgerHash: ""8h\232\211g)\354\005\246\256XI\265J\214\312}\261\211y\355]\0228j\360\0224\003\021%\014""; ledgerSeq: 0; type: liTS_CANDIDATE; nodes {;   nodedata: ""\222c\273c4\225\334\221\227u?\025\314=\305/\262\367\217\375\027j\323\304\372\312Fv\2716\001\355\t\246C\232\272\013^\241\340~\030'\005/\234\037\355\231\230\017\266\365\303w\360\273\374\234\362S:\270\023\n\270\212\275\306\204\271\274\361K|t\323\346\2174\324\362\014S]\301\325\344rY\277\343\351\364\374\023\263\013\003"";   nodeid: ""\000\000\000\000\000\000\000\000\000\000\000\000\000\000\000\000\000\000\000\000\000\000\000\000\000\000\000\000\000\000\000\000\000""; }; "
1750587272526,1750587272526,792,1,0,4,TMValidation,"validation: """"\200\000\000\001&\000\000\000\005)/\352\224\005:?HT\314/\177\320^Q\372\373$P*|\321\342\002\026\n\3215\340\3203\200x\327D\301]5\237\247Yz\3711!L\214P\027\000\000\000\000\000\000\000\000\000\000\000\000\000\000\000\000\000\000\000\000\000\000\000\000\000\000\000\000\000\000\000\000P\031\241'\332/+\360Bx\036+\210j\237K%\340]\246E\2434\264K\036\030qP\317\315\336\325\007s!\003\343\005\311u\203\370\0338\3174\324\010\006\301\251\177\261\304eOX\262)FA-\022r\263wm\024vF0D\002 \037~\254\023\324\025\t\305\2530m\021\365\303\024~.m)OB\257\307\270\336Y\342|\234h\335?\002 N\340\231\3254c\320\204\365`\315\030n\261\r\366\200\027>\314\223\033H[V\203\246\262\330\312GU""; ","validation: """"\200\000\000\001&\000\000\000\005)/\352\224\005:?HT\314/\177\320^Q\372\373$P*|\321\342\002\026\n\3215\340\3203\200x\327D\301]5\237\247Yz\3711!L\214P\027\000\000\000\000\000\000\000\000\000\000\000\000\000\000\000\000\000\000\000\000\000\000\000\000\000\000\000\000\000\000\000\000P\031\241'\332/+\360Bx\036+\210j\237K%\340]\246E\2434\264K\036\030qP\317\315\336\325\007s!\003\343\005\311u\203\370\0338\3174\324\010\006\301\251\177\261\304eOX\262)FA-\022r\263wm\024vF0D\002 \037~\254\023\324\025\t\305\2530m\021\365\303\024~.m)OB\257\307\270\336Y\342|\234h\335?\002 N\340\231\3254c\320\204\365`\315\030n\261\r\366\200\027>\314\223\033H[V\203\246\262\330\312GU""; "
1750587272526,1750587272526,779,1,0,3,TMValidation,"validation: """"\200\000\000\001&\000\000\000\005)/\352\224\005:?HT\314/\177\320^Q\372\373$P*|\321\342\002\026\n\3215\340\3203\200x\327D\301]5\237\247Yz\3711!L\214P\027\000\000\000\000\000\000\000\000\000\000\000\000\000\000\000\000\000\000\000\000\000\000\000\000\000\000\000\000\000\000\000\000P\031\241'\332/+\360Bx\036+\210j\237K%\340]\246E\2434\264K\036\030qP\317\315\336\325\007s!\003\343\005\311u\203\370\0338\3174\324\010\006\301\251\177\261\304eOX\262)FA-\022r\263wm\024vF0D\002 \037~\254\023\324\025\t\305\2530m\021\365\303\024~.m)OB\257\307\270\336Y\342|\234h\335?\002 N\340\231\3254c\320\204\365`\315\030n\261\r\366\200\027>\314\223\033H[V\203\246\262\330\312GU""; ","validation: """"\200\000\000\001&\000\000\000\005)/\352\224\005:?HT\314/\177\320^Q\372\373$P*|\321\342\002\026\n\3215\340\3203\200x\327D\301]5\237\247Yz\3711!L\214P\027\000\000\000\000\000\000\000\000\000\000\000\000\000\000\000\000\000\000\000\000\000\000\000\000\000\000\000\000\000\000\000\000P\031\241'\332/+\360Bx\036+\210j\237K%\340]\246E\2434\264K\036\030qP\317\315\336\325\007s!\003\343\005\311u\203\370\0338\3174\324\010\006\301\251\177\261\304eOX\262)FA-\022r\263wm\024vF0D\002 \037~\254\023\324\025\t\305\2530m\021\365\303\024~.m)OB\257\307\270\336Y\342|\234h\335?\002 N\340\231\3254c\320\204\365`\315\030n\261\r\366\200\027>\314\223\033H[V\203\246\262\330\312GU""; "
1750587272526,1750587272527,3563,1,0,2,TMValidation,"validation: """"\200\000\000\001&\000\000\000\005)/\352\224\005:?HT\314/\177\320^Q\372\373$P*|\321\342\002\026\n\3215\340\3203\200x\327D\301]5\237\247Yz\3711!L\214P\027\000\000\000\000\000\000\000\000\000\000\000\000\000\000\000\000\000\000\000\000\000\000\000\000\000\000\000\000\000\000\000\000P\031\241'\332/+\360Bx\036+\210j\237K%\340]\246E\2434\264K\036\030qP\317\315\336\325\007s!\003\343\005\311u\203\370\0338\3174\324\010\006\301\251\177\261\304eOX\262)FA-\022r\263wm\024vF0D\002 \037~\254\023\324\025\t\305\2530m\021\365\303\024~.m)OB\257\307\270\336Y\342|\234h\335?\002 N\340\231\3254c\320\204\365`\315\030n\261\r\366\200\027>\314\223\033H[V\203\246\262\330\312GU""; ","validation: """"\200\000\000\001&\000\000\000\005)/\352\224\005:?HT\314/\177\320^Q\372\373$P*|\321\342\002\026\n\3215\340\3203\200x\327D\301]5\237\247Yz\3711!L\214P\027\000\000\000\000\000\000\000\000\000\000\000\000\000\000\000\000\000\000\000\000\000\000\000\000\000\000\000\000\000\000\000\000P\031\241'\332/+\360Bx\036+\210j\237K%\340]\246E\2434\264K\036\030qP\317\315\336\325\007s!\003\343\005\311u\203\370\0338\3174\324\010\006\301\251\177\261\304eOX\262)FA-\022r\263wm\024vF0D\002 \037~\254\023\324\025\t\305\2530m\021\365\303\024~.m)OB\257\307\270\336Y\342|\234h\335?\002 N\340\231\3254c\320\204\365`\315\030n\261\r\366\200\027>\314\223\033H[V\203\246\262\330\312GU""; "
1750587272529,1750587272529,3898,1,2,3,TMGetLedger,"itype: liTS_CANDIDATE; ledgerHash: ""u\315\243\367\211\2625\240r:n\277\003\026\366\353'\216jy9\\001\220\223~\341j\254O\025\257""; nodeIDs: ""\240\000\000\000\000\000\000\000\000\000\000\000\000\000\000\000\000\000\000\000\000\000\000\000\000\000\000\000\000\000\000\000\001""; requestCookie: 2; queryType: qtINDIRECT; ","itype: liTS_CANDIDATE; ledgerHash: ""u\315\243\367\211\2625\240r:n\277\003\026\366\353'\216jy9\\001\220\223~\341j\254O\025\257""; nodeIDs: ""\240\000\000\000\000\000\000\000\000\000\000\000\000\000\000\000\000\000\000\000\000\000\000\000\000\000\000\000\000\000\000\000\001""; requestCookie: 2; queryType: qtINDIRECT; "
1750587272558,1750587272559,2472,1,1,2,TMLedgerData,"ledgerHash: ""\221=\252\002\267\225zg\264\253\271T\346ji\003\235\236Pis\264\375\222|H\344\261g?[g""; ledgerSeq: 6; type: liBASE; nodes {;   nodedata: ""\000\000\000\006\001cEx]\211\377\342\372\373$P*|\321\342\002\026\n\3215\340\3203\200x\327D\301]5\237\247Yz\3711!L\214\320\302\265:\257W\231\020\304\223\375j""\001>\2709[\332\026}\201\304\212%1I\204\276^\221\221=x\307w\255\000\215Q\353A\3718+\274=\351q)\352\344""g\204\232\273\260\0308C|.\222/\352\224\006/\352\224\007\n\000""; }; nodes {;   nodedata: ""h\315\350\215y\203\242]\371\235\232Pt&\325\210eZ\346\237XZ \277\2457n\221\336\253\245\317\002w\n\356\350\316{k\272E0\225\362\025\010\366\367\372\263\355xq\360\261\376M<\356\347\007zf\307\006E\344\037@\210\363\010\336T\226\247'\204_{\261\370""1\235\2445\343\033Y!\212\201\341\272\225'\007*$\244&\336\343'\233i\332\374\245 {^\306-N\333\gE\006\347\212\331C\211Z\177\247\031\n\302\003\336\340\3712Ct\2360uN\242=\313\232\211\216\325\003\006\023\241M\005\237\220\376\n\024\377\020\013\210`4\253""\302f\230\374\037bx\0145C\307\337\316[\244d\302\3031\347\300\025aX\357\226\221\016\003""; }; nodes {;   nodedata: ""b,\017\360\232\340\032k\266\261\310\203t\367\332\010\217\222H\265*\251UX)\204&\022>`\307\320\tH\207'\260O\036\277d\007\241I/}w\3124Q\037\312]\232\030S^\2304,\223AK\317'\n\256\240\375\261\373:\325u\364WwFw|p]\363\363\357\256^l\236\262@\370\374\352\327\246\255\035\013\003""; }; ","ledgerHash: ""\221=\252\002\267\225zg\264\253\271T\346ji\003\235\236Pis\264\375\222|H\344\261g?[g""; ledgerSeq: 6; type: liBASE; nodes {;   nodedata: ""\000\000\000\006\001cEx]\211\377\342\372\373$P*|\321\342\002\026\n\3215\340\3203\200x\327D\301]5\237\247Yz\3711!L\214\320\302\265:\257W\231\020\304\223\375j""\001>\2709[\332\026}\201\304\212%1I\204\276^\221\221=x\307w\255\000\215Q\353A\3718+\274=\351q)\352\344""g\204\232\273\260\0308C|.\222/\352\224\006/\352\224\007\n\000""; }; nodes {;   nodedata: ""h\315\350\215y\203\242]\371\235\232Pt&\325\210eZ\346\237XZ \277\2457n\221\336\253\245\317\002w\n\356\350\316{k\272E0\225\362\025\010\366\367\372\263\355xq\360\261\376M<\356\347\007zf\307\006E\344\037@\210\363\010\336T\226\247'\204_{\261\370""1\235\2445\343\033Y!\212\201\341\272\225'\007*$\244&\336\343'\233i\332\374\245 {^\306-N\333\gE\006\347\212\331C\211Z\177\247\031\n\302\003\336\340\3712Ct\2360uN\242=\313\232\211\216\325\003\006\023\241M\005\237\220\376\n\024\377\020\013\210`4\253""\302f\230\374\037bx\0145C\307\337\316[\244d\302\3031\347\300\025aX\357\226\221\016\003""; }; nodes {;   nodedata: ""b,\017\360\232\340\032k\266\261\310\203t\367\332\010\217\222H\265*\251UX)\204&\022>`\307\320\tH\207'\260O\036\277d\007\241I/}w\3124Q\037\312]\232\030S^\2304,\223AK\317'\n\256\240\375\261\373:\325u\364WwFw|p]\363\363\357\256^l\236\262@\370\374\352\327\246\255\035\013\003""; }; "
1750587272559,1750587272559,2472,1,1,2,TMLedgerData,"ledgerHash: ""\221=\252\002\267\225zg\264\253\271T\346ji\003\235\236Pis\264\375\222|H\344\261g?[g""; ledgerSeq: 6; type: liBASE; nodes {;   nodedata: ""\000\000\000\006\001cEx]\211\377\342\372\373$P*|\321\342\002\026\n\3215\340\3203\200x\327D\301]5\237\247Yz\3711!L\214\320\302\265:\257W\231\020\304\223\375j""\001>\2709[\332\026}\201\304\212%1I\204\276^\221\221=x\307w\255\000\215Q\353A\3718+\274=\351q)\352\344""g\204\232\273\260\0308C|.\222/\352\224\006/\352\224\007\n\000""; }; nodes {;   nodedata: ""h\315\350\215y\203\242]\371\235\232Pt&\325\210eZ\346\237XZ \277\2457n\221\336\253\245\317\002w\n\356\350\316{k\272E0\225\362\025\010\366\367\372\263\355xq\360\261\376M<\356\347\007zf\307\006E\344\037@\210\363\010\336T\226\247'\204_{\261\370""1\235\2445\343\033Y!\212\201\341\272\225'\007*$\244&\336\343'\233i\332\374\245 {^\306-N\333\gE\006\347\212\331C\211Z\177\247\031\n\302\003\336\340\3712Ct\2360uN\242=\313\232\211\216\325\003\006\023\241M\005\237\220\376\n\024\377\020\013\210`4\253""\302f\230\374\037bx\0145C\307\337\316[\244d\302\3031\347\300\025aX\357\226\221\016\003""; }; nodes {;   nodedata: ""b,\017\360\232\340\032k\266\261\310\203t\367\332\010\217\222H\265*\251UX)\204&\022>`\307\320\tH\207'\260O\036\277d\007\241I/}w\3124Q\037\312]\232\030S^\2304,\223AK\317'\n\256\240\375\261\373:\325u\364WwFw|p]\363\363\357\256^l\236\262@\370\374\352\327\246\255\035\013\003""; }; ","ledgerHash: ""\221=\252\002\267\225zg\264\253\271T\346ji\003\235\236Pis\264\375\222|H\344\261g?[g""; ledgerSeq: 6; type: liBASE; nodes {;   nodedata: ""\000\000\000\006\001cEx]\211\377\342\372\373$P*|\321\342\002\026\n\3215\340\3203\200x\327D\301]5\237\247Yz\3711!L\214\320\302\265:\257W\231\020\304\223\375j""\001>\2709[\332\026}\201\304\212%1I\204\276^\221\221=x\307w\255\000\215Q\353A\3718+\274=\351q)\352\344""g\204\232\273\260\0308C|.\222/\352\224\006/\352\224\007\n\000""; }; nodes {;   nodedata: ""h\315\350\215y\203\242]\371\235\232Pt&\325\210eZ\346\237XZ \277\2457n\221\336\253\245\317\002w\n\356\350\316{k\272E0\225\362\025\010\366\367\372\263\355xq\360\261\376M<\356\347\007zf\307\006E\344\037@\210\363\010\336T\226\247'\204_{\261\370""1\235\2445\343\033Y!\212\201\341\272\225'\007*$\244&\336\343'\233i\332\374\245 {^\306-N\333\gE\006\347\212\331C\211Z\177\247\031\n\302\003\336\340\3712Ct\2360uN\242=\313\232\211\216\325\003\006\023\241M\005\237\220\376\n\024\377\020\013\210`4\253""\302f\230\374\037bx\0145C\307\337\316[\244d\302\3031\347\300\025aX\357\226\221\016\003""; }; nodes {;   nodedata: ""b,\017\360\232\340\032k\266\261\310\203t\367\332\010\217\222H\265*\251UX)\204&\022>`\307\320\tH\207'\260O\036\277d\007\241I/}w\3124Q\037\312]\232\030S^\2304,\223AK\317'\n\256\240\375\261\373:\325u\364WwFw|p]\363\363\357\256^l\236\262@\370\374\352\327\246\255\035\013\003""; }; "
1750587272573,1750587272573,486,1,4,0,TMLedgerData,"ledgerHash: ""8h\232\211g)\354\005\246\256XI\265J\214\312}\261\211y\355]\0228j\360\0224\003\021%\014""; ledgerSeq: 0; type: liTS_CANDIDATE; nodes {;   nodedata: ""\022\000\000""\000\000\000\000$\000\000\000\001 \033\000\000\000\027a@\000\000\027H\206*@h@\000\000\000\000\000\000\ns!\0030\347\374\235V\273%\326\211;\243\363\027\256[\3173\263)\033\326=\263&T\243\023""/\177\320 tF0D\002 0\023\341\332; \2711\245\020\321\3300\345\267-)\230\177\246\236AQ\327\203\207H\226+\000%\336\002 \024\036\211\237\201t\376\272E\270\230\020\334\014\356g\273\025((\376\266\216@ \254^2T\233\013\034\201\024\265\367by\212S\325C\240\024\312\370\262\227\317\370\362\3717\350\203\024E0\246\210\344\325\345r\024T\251\006P\255\352\333\372\351\337\302\000"";   nodeid: ""\240\000\000\000\000\000\000\000\000\000\000\000\000\000\000\000\000\000\000\000\000\000\000\000\000\000\000\000\000\000\000\000\001""; }; ","ledgerHash: ""8h\232\211g)\354\005\246\256XI\265J\214\312}\261\211y\355]\0228j\360\0224\003\021%\014""; ledgerSeq: 0; type: liTS_CANDIDATE; nodes {;   nodedata: ""\022\000\000""\000\000\000\000$\000\000\000\001 \033\000\000\000\027a@\000\000\027H\206*@h@\000\000\000\000\000\000\ns!\0030\347\374\235V\273%\326\211;\243\363\027\256[\3173\263)\033\326=\263&T\243\023""/\177\320 tF0D\002 0\023\341\332; \2711\245\020\321\3300\345\267-)\230\177\246\236AQ\327\203\207H\226+\000%\336\002 \024\036\211\237\201t\376\272E\270\230\020\334\014\356g\273\025((\376\266\216@ \254^2T\233\013\034\201\024\265\367by\212S\325C\240\024\312\370\262\227\317\370\362\3717\350\203\024E0\246\210\344\325\345r\024T\251\006P\255\352\333\372\351\337\302\000"";   nodeid: ""\240\000\000\000\000\000\000\000\000\000\000\000\000\000\000\000\000\000\000\000\000\000\000\000\000\000\000\000\000\000\000\000\001""; }; "
1750587272592,1750587272592,3097,1,2,0,TMLedgerData,"ledgerHash: ""u\315\243\367\211\2625\240r:n\277\003\026\366\353'\216jy9\\001\220\223~\341j\254O\025\257""; ledgerSeq: 0; type: liTS_CANDIDATE; nodes {;   nodedata: ""\246C\232\272\013^\241\340~\030'\005/\234\037\355\231\230\017\266\365\303w\360\273\374\234\362S:\270\023\n\003"";   nodeid: ""\000\000\000\000\000\000\000\000\000\000\000\000\000\000\000\000\000\000\000\000\000\000\000\000\000\000\000\000\000\000\000\000\000""; }; ","ledgerHash: ""u\315\243\367\211\2625\240r:n\277\003\026\366\353'\216jy9\\001\220\223~\341j\254O\025\257""; ledgerSeq: 0; type: liTS_CANDIDATE; nodes {;   nodedata: ""\246C\232\272\013^\241\340~\030'\005/\234\037\355\231\230\017\266\365\303w\360\273\374\234\362S:\270\023\n\003"";   nodeid: ""\000\000\000\000\000\000\000\000\000\000\000\000\000\000\000\000\000\000\000\000\000\000\000\000\000\000\000\000\000\000\000\000\000""; }; "
1750587272605,1750587272605,486,1,4,0,TMLedgerData,"ledgerHash: ""u\315\243\367\211\2625\240r:n\277\003\026\366\353'\216jy9\\001\220\223~\341j\254O\025\257""; ledgerSeq: 0; type: liTS_CANDIDATE; nodes {;   nodedata: ""\246C\232\272\013^\241\340~\030'\005/\234\037\355\231\230\017\266\365\303w\360\273\374\234\362S:\270\023\n\003"";   nodeid: ""\000\000\000\000\000\000\000\000\000\000\000\000\000\000\000\000\000\000\000\000\000\000\000\000\000\000\000\000\000\000\000\000\000""; }; ","ledgerHash: ""u\315\243\367\211\2625\240r:n\277\003\026\366\353'\216jy9\\001\220\223~\341j\254O\025\257""; ledgerSeq: 0; type: liTS_CANDIDATE; nodes {;   nodedata: ""\246C\232\272\013^\241\340~\030'\005/\234\037\355\231\230\017\266\365\303w\360\273\374\234\362S:\270\023\n\003"";   nodeid: ""\000\000\000\000\000\000\000\000\000\000\000\000\000\000\000\000\000\000\000\000\000\000\000\000\000\000\000\000\000\000\000\000\000""; }; "
1750587272615,1750587272615,557,1,4,1,TMGetLedger,"itype: liTS_CANDIDATE; ledgerHash: ""u\315\243\367\211\2625\240r:n\277\003\026\366\353'\216jy9\\001\220\223~\341j\254O\025\257""; nodeIDs: ""\240\000\000\000\000\000\000\000\000\000\000\000\000\000\000\000\000\000\000\000\000\000\000\000\000\000\000\000\000\000\000\000\001""; requestCookie: 1; queryType: qtINDIRECT; ","itype: liTS_CANDIDATE; ledgerHash: ""u\315\243\367\211\2625\240r:n\277\003\026\366\353'\216jy9\\001\220\223~\341j\254O\025\257""; nodeIDs: ""\240\000\000\000\000\000\000\000\000\000\000\000\000\000\000\000\000\000\000\000\000\000\000\000\000\000\000\000\000\000\000\000\001""; requestCookie: 1; queryType: qtINDIRECT; "
1750587272622,1750587272622,2472,1,1,2,TMLedgerData,"ledgerHash: ""u\315\243\367\211\2625\240r:n\277\003\026\366\353'\216jy9\\001\220\223~\341j\254O\025\257""; ledgerSeq: 0; type: liTS_CANDIDATE; nodes {;   nodedata: ""\022\000\000""\000\000\000\000$\000\000\000\001 \033\000\000\000\027a@\000\000\027H\206*@h@\000\000\000\000\000\000\ns!\0030\347\374\235V\273%\326\211;\243\363\027\256[\3173\263)\033\326=\263&T\243\023""/\177\320 tF0D\002 0\023\341\332; \2711\245\020\321\3300\345\267-)\230\177\246\236AQ\327\203\207H\226+\000%\336\002 \024\036\211\237\201t\376\272E\270\230\020\334\014\356g\273\025((\376\266\216@ \254^2T\233\013\034\201\024\265\367by\212S\325C\240\024\312\370\262\227\317\370\362\3717\350\203\024E0\246\210\344\325\345r\024T\251\006P\255\352\333\372\351\337\302\000"";   nodeid: ""\240\000\000\000\000\000\000\000\000\000\000\000\000\000\000\000\000\000\000\000\000\000\000\000\000\000\000\000\000\000\000\000\001""; }; requestCookie: 2; ","ledgerHash: ""u\315\243\367\211\2625\240r:n\277\003\026\366\353'\216jy9\\001\220\223~\341j\254O\025\257""; ledgerSeq: 0; type: liTS_CANDIDATE; nodes {;   nodedata: ""\022\000\000""\000\000\000\000$\000\000\000\001 \033\000\000\000\027a@\000\000\027H\206*@h@\000\000\000\000\000\000\ns!\0030\347\374\235V\273%\326\211;\243\363\027\256[\3173\263)\033\326=\263&T\243\023""/\177\320 tF0D\002 0\023\341\332; \2711\245\020\321\3300\345\267-)\230\177\246\236AQ\327\203\207H\226+\000%\336\002 \024\036\211\237\201t\376\272E\270\230\020\334\014\356g\273\025((\376\266\216@ \254^2T\233\013\034\201\024\265\367by\212S\325C\240\024\312\370\262\227\317\370\362\3717\350\203\024E0\246\210\344\325\345r\024T\251\006P\255\352\333\372\351\337\302\000"";   nodeid: ""\240\000\000\000\000\000\000\000\000\000\000\000\000\000\000\000\000\000\000\000\000\000\000\000\000\000\000\000\000\000\000\000\001""; }; requestCookie: 2; "
1750587272622,1750587272622,2565,1,3,0,TMLedgerData,"ledgerHash: ""8h\232\211g)\354\005\246\256XI\265J\214\312}\261\211y\355]\0228j\360\0224\003\021%\014""; ledgerSeq: 0; type: liTS_CANDIDATE; nodes {;   nodedata: ""\022\000\000""\000\000\000\000$\000\000\000\001 \033\000\000\000\027a@\000\000\027H\206*@h@\000\000\000\000\000\000\ns!\0030\347\374\235V\273%\326\211;\243\363\027\256[\3173\263)\033\326=\263&T\243\023""/\177\320 tF0D\002 0\023\341\332; \2711\245\020\321\3300\345\267-)\230\177\246\236AQ\327\203\207H\226+\000%\336\002 \024\036\211\237\201t\376\272E\270\230\020\334\014\356g\273\025((\376\266\216@ \254^2T\233\013\034\201\024\265\367by\212S\325C\240\024\312\370\262\227\317\370\362\3717\350\203\024E0\246\210\344\325\345r\024T\251\006P\255\352\333\372\351\337\302\000"";   nodeid: ""\240\000\000\000\000\000\000\000\000\000\000\000\000\000\000\000\000\000\000\000\000\000\000\000\000\000\000\000\000\000\000\000\001""; }; ","ledgerHash: ""8h\232\211g)\354\005\246\256XI\265J\214\312}\261\211y\355]\0228j\360\0224\003\021%\014""; ledgerSeq: 0; type: liTS_CANDIDATE; nodes {;   nodedata: ""\022\000\000""\000\000\000\000$\000\000\000\001 \033\000\000\000\027a@\000\000\027H\206*@h@\000\000\000\000\000\000\ns!\0030\347\374\235V\273%\326\211;\243\363\027\256[\3173\263)\033\326=\263&T\243\023""/\177\320 tF0D\002 0\023\341\332; \2711\245\020\321\3300\345\267-)\230\177\246\236AQ\327\203\207H\226+\000%\336\002 \024\036\211\237\201t\376\272E\270\230\020\334\014\356g\273\025((\376\266\216@ \254^2T\233\013\034\201\024\265\367by\212S\325C\240\024\312\370\262\227\317\370\362\3717\350\203\024E0\246\210\344\325\345r\024T\251\006P\255\352\333\372\351\337\302\000"";   nodeid: ""\240\000\000\000\000\000\000\000\000\000\000\000\000\000\000\000\000\000\000\000\000\000\000\000\000\000\000\000\000\000\000\000\001""; }; "
1750587272629,1750587272629,2565,1,3,0,TMLedgerData,"ledgerHash: ""u\315\243\367\211\2625\240r:n\277\003\026\366\353'\216jy9\\001\220\223~\341j\254O\025\257""; ledgerSeq: 0; type: liTS_CANDIDATE; nodes {;   nodedata: ""\022\000\000""\000\000\000\000$\000\000\000\001 \033\000\000\000\027a@\000\000\027H\206*@h@\000\000\000\000\000\000\ns!\0030\347\374\235V\273%\326\211;\243\363\027\256[\3173\263)\033\326=\263&T\243\023""/\177\320 tF0D\002 0\023\341\332; \2711\245\020\321\3300\345\267-)\230\177\246\236AQ\327\203\207H\226+\000%\336\002 \024\036\211\237\201t\376\272E\270\230\020\334\014\356g\273\025((\376\266\216@ \254^2T\233\013\034\201\024\265\367by\212S\325C\240\024\312\370\262\227\317\370\362\3717\350\203\024E0\246\210\344\325\345r\024T\251\006P\255\352\333\372\351\337\302\000"";   nodeid: ""\240\000\000\000\000\000\000\000\000\000\000\000\000\000\000\000\000\000\000\000\000\000\000\000\000\000\000\000\000\000\000\000\001""; }; ","ledgerHash: ""u\315\243\367\211\2625\240r:n\277\003\026\366\353'\216jy9\\001\220\223~\341j\254O\025\257""; ledgerSeq: 0; type: liTS_CANDIDATE; nodes {;   nodedata: ""\022\000\000""\000\000\000\000$\000\000\000\001 \033\000\000\000\027a@\000\000\027H\206*@h@\000\000\000\000\000\000\ns!\0030\347\374\235V\273%\326\211;\243\363\027\256[\3173\263)\033\326=\263&T\243\023""/\177\320 tF0D\002 0\023\341\332; \2711\245\020\321\3300\345\267-)\230\177\246\236AQ\327\203\207H\226+\000%\336\002 \024\036\211\237\201t\376\272E\270\230\020\334\014\356g\273\025((\376\266\216@ \254^2T\233\013\034\201\024\265\367by\212S\325C\240\024\312\370\262\227\317\370\362\3717\350\203\024E0\246\210\344\325\345r\024T\251\006P\255\352\333\372\351\337\302\000"";   nodeid: ""\240\000\000\000\000\000\000\000\000\000\000\000\000\000\000\000\000\000\000\000\000\000\000\000\000\000\000\000\000\000\000\000\001""; }; "
1750587272672,1750587272672,1102,1,2,3,TMLedgerData,"ledgerHash: ""u\315\243\367\211\2625\240r:n\277\003\026\366\353'\216jy9\\001\220\223~\341j\254O\025\257""; ledgerSeq: 0; type: liTS_CANDIDATE; nodes {;   nodedata: ""\246C\232\272\013^\241\340~\030'\005/\234\037\355\231\230\017\266\365\303w\360\273\374\234\362S:\270\023\n\003"";   nodeid: ""\000\000\000\000\000\000\000\000\000\000\000\000\000\000\000\000\000\000\000\000\000\000\000\000\000\000\000\000\000\000\000\000\000""; }; ","ledgerHash: ""u\315\243\367\211\2625\240r:n\277\003\026\366\353'\216jy9\\001\220\223~\341j\254O\025\257""; ledgerSeq: 0; type: liTS_CANDIDATE; nodes {;   nodedata: ""\246C\232\272\013^\241\340~\030'\005/\234\037\355\231\230\017\266\365\303w\360\273\374\234\362S:\270\023\n\003"";   nodeid: ""\000\000\000\000\000\000\000\000\000\000\000\000\000\000\000\000\000\000\000\000\000\000\000\000\000\000\000\000\000\000\000\000\000""; }; "
1750587272685,1750587272685,2715,1,1,4,TMLedgerData,"ledgerHash: ""u\315\243\367\211\2625\240r:n\277\003\026\366\353'\216jy9\\001\220\223~\341j\254O\025\257""; ledgerSeq: 0; type: liTS_CANDIDATE; nodes {;   nodedata: ""\246C\232\272\013^\241\340~\030'\005/\234\037\355\231\230\017\266\365\303w\360\273\374\234\362S:\270\023\n\003"";   nodeid: ""\000\000\000\000\000\000\000\000\000\000\000\000\000\000\000\000\000\000\000\000\000\000\000\000\000\000\000\000\000\000\000\000\000""; }; requestCookie: 4; ","ledgerHash: ""u\315\243\367\211\2625\240r:n\277\003\026\366\353'\216jy9\\001\220\223~\341j\254O\025\257""; ledgerSeq: 0; type: liTS_CANDIDATE; nodes {;   nodedata: ""\246C\232\272\013^\241\340~\030'\005/\234\037\355\231\230\017\266\365\303w\360\273\374\234\362S:\270\023\n\003"";   nodeid: ""\000\000\000\000\000\000\000\000\000\000\000\000\000\000\000\000\000\000\000\000\000\000\000\000\000\000\000\000\000\000\000\000\000""; }; requestCookie: 4; "
1750587272695,1750587272695,3487,1,0,3,TMLedgerData,"ledgerHash: ""u\315\243\367\211\2625\240r:n\277\003\026\366\353'\216jy9\\001\220\223~\341j\254O\025\257""; ledgerSeq: 0; type: liTS_CANDIDATE; nodes {;   nodedata: ""\246C\232\272\013^\241\340~\030'\005/\234\037\355\231\230\017\266\365\303w\360\273\374\234\362S:\270\023\n\003"";   nodeid: ""\000\000\000\000\000\000\000\000\000\000\000\000\000\000\000\000\000\000\000\000\000\000\000\000\000\000\000\000\000\000\000\000\000""; }; ","ledgerHash: ""u\315\243\367\211\2625\240r:n\277\003\026\366\353'\216jy9\\001\220\223~\341j\254O\025\257""; ledgerSeq: 0; type: liTS_CANDIDATE; nodes {;   nodedata: ""\246C\232\272\013^\241\340~\030'\005/\234\037\355\231\230\017\266\365\303w\360\273\374\234\362S:\270\023\n\003"";   nodeid: ""\000\000\000\000\000\000\000\000\000\000\000\000\000\000\000\000\000\000\000\000\000\000\000\000\000\000\000\000\000\000\000\000\000""; }; "
1750587272716,1750587272716,2792,1,4,2,TMLedgerData,"ledgerHash: ""\221=\252\002\267\225zg\264\253\271T\346ji\003\235\236Pis\264\375\222|H\344\261g?[g""; ledgerSeq: 6; type: liBASE; nodes {;   nodedata: ""\000\000\000\006\001cEx]\211\377\342\372\373$P*|\321\342\002\026\n\3215\340\3203\200x\327D\301]5\237\247Yz\3711!L\214\320\302\265:\257W\231\020\304\223\375j""\001>\2709[\332\026}\201\304\212%1I\204\276^\221\221=x\307w\255\000\215Q\353A\3718+\274=\351q)\352\344""g\204\232\273\260\0308C|.\222/\352\224\006/\352\224\007\n\000""; }; nodes {;   nodedata: ""h\315\350\215y\203\242]\371\235\232Pt&\325\210eZ\346\237XZ \277\2457n\221\336\253\245\317\002w\n\356\350\316{k\272E0\225\362\025\010\366\367\372\263\355xq\360\261\376M<\356\347\007zf\307\006E\344\037@\210\363\010\336T\226\247'\204_{\261\370""1\235\2445\343\033Y!\212\201\341\272\225'\007*$\244&\336\343'\233i\332\374\245 {^\306-N\333\gE\006\347\212\331C\211Z\177\247\031\n\302\003\336\340\3712Ct\2360uN\242=\313\232\211\216\325\003\006\023\241M\005\237\220\376\n\024\377\020\013\210`4\253""\302f\230\374\037bx\0145C\307\337\316[\244d\302\3031\347\300\025aX\357\226\221\016\003""; }; nodes {;   nodedata: ""b,\017\360\232\340\032k\266\261\310\203t\367\332\010\217\222H\265*\251UX)\204&\022>`\307\320\tH\207'\260O\036\277d\007\241I/}w\3124Q\037\312]\232\030S^\2304,\223AK\317'\n\256\240\375\261\373:\325u\364WwFw|p]\363\363\357\256^l\236\262@\370\374\352\327\246\255\035\013\003""; }; ","ledgerHash: ""\221=\252\002\267\225zg\264\253\271T\346ji\003\235\236Pis\264\375\222|H\344\261g?[g""; ledgerSeq: 6; type: liBASE; nodes {;   nodedata: ""\000\000\000\006\001cEx]\211\377\342\372\373$P*|\321\342\002\026\n\3215\340\3203\200x\327D\301]5\237\247Yz\3711!L\214\320\302\265:\257W\231\020\304\223\375j""\001>\2709[\332\026}\201\304\212%1I\204\276^\221\221=x\307w\255\000\215Q\353A\3718+\274=\351q)\352\344""g\204\232\273\260\0308C|.\222/\352\224\006/\352\224\007\n\000""; }; nodes {;   nodedata: ""h\315\350\215y\203\242]\371\235\232Pt&\325\210eZ\346\237XZ \277\2457n\221\336\253\245\317\002w\n\356\350\316{k\272E0\225\362\025\010\366\367\372\263\355xq\360\261\376M<\356\347\007zf\307\006E\344\037@\210\363\010\336T\226\247'\204_{\261\370""1\235\2445\343\033Y!\212\201\341\272\225'\007*$\244&\336\343'\233i\332\374\245 {^\306-N\333\gE\006\347\212\331C\211Z\177\247\031\n\302\003\336\340\3712Ct\2360uN\242=\313\232\211\216\325\003\006\023\241M\005\237\220\376\n\024\377\020\013\210`4\253""\302f\230\374\037bx\0145C\307\337\316[\244d\302\3031\347\300\025aX\357\226\221\016\003""; }; nodes {;   nodedata: ""b,\017\360\232\340\032k\266\261\310\203t\367\332\010\217\222H\265*\251UX)\204&\022>`\307\320\tH\207'\260O\036\277d\007\241I/}w\3124Q\037\312]\232\030S^\2304,\223AK\317'\n\256\240\375\261\373:\325u\364WwFw|p]\363\363\357\256^l\236\262@\370\374\352\327\246\255\035\013\003""; }; "
1750587272740,1750587272740,2792,1,4,2,TMLedgerData,"ledgerHash: ""\221=\252\002\267\225zg\264\253\271T\346ji\003\235\236Pis\264\375\222|H\344\261g?[g""; ledgerSeq: 6; type: liBASE; nodes {;   nodedata: ""\000\000\000\006\001cEx]\211\377\342\372\373$P*|\321\342\002\026\n\3215\340\3203\200x\327D\301]5\237\247Yz\3711!L\214\320\302\265:\257W\231\020\304\223\375j""\001>\2709[\332\026}\201\304\212%1I\204\276^\221\221=x\307w\255\000\215Q\353A\3718+\274=\351q)\352\344""g\204\232\273\260\0308C|.\222/\352\224\006/\352\224\007\n\000""; }; nodes {;   nodedata: ""h\315\350\215y\203\242]\371\235\232Pt&\325\210eZ\346\237XZ \277\2457n\221\336\253\245\317\002w\n\356\350\316{k\272E0\225\362\025\010\366\367\372\263\355xq\360\261\376M<\356\347\007zf\307\006E\344\037@\210\363\010\336T\226\247'\204_{\261\370""1\235\2445\343\033Y!\212\201\341\272\225'\007*$\244&\336\343'\233i\332\374\245 {^\306-N\333\gE\006\347\212\331C\211Z\177\247\031\n\302\003\336\340\3712Ct\2360uN\242=\313\232\211\216\325\003\006\023\241M\005\237\220\376\n\024\377\020\013\210`4\253""\302f\230\374\037bx\0145C\307\337\316[\244d\302\3031\347\300\025aX\357\226\221\016\003""; }; nodes {;   nodedata: ""b,\017\360\232\340\032k\266\261\310\203t\367\332\010\217\222H\265*\251UX)\204&\022>`\307\320\tH\207'\260O\036\277d\007\241I/}w\3124Q\037\312]\232\030S^\2304,\223AK\317'\n\256\240\375\261\373:\325u\364WwFw|p]\363\363\357\256^l\236\262@\370\374\352\327\246\255\035\013\003""; }; ","ledgerHash: ""\221=\252\002\267\225zg\264\253\271T\346ji\003\235\236Pis\264\375\222|H\344\261g?[g""; ledgerSeq: 6; type: liBASE; nodes {;   nodedata: ""\000\000\000\006\001cEx]\211\377\342\372\373$P*|\321\342\002\026\n\3215\340\3203\200x\327D\301]5\237\247Yz\3711!L\214\320\302\265:\257W\231\020\304\223\375j""\001>\2709[\332\026}\201\304\212%1I\204\276^\221\221=x\307w\255\000\215Q\353A\3718+\274=\351q)\352\344""g\204\232\273\260\0308C|.\222/\352\224\006/\352\224\007\n\000""; }; nodes {;   nodedata: ""h\315\350\215y\203\242]\371\235\232Pt&\325\210eZ\346\237XZ \277\2457n\221\336\253\245\317\002w\n\356\350\316{k\272E0\225\362\025\010\366\367\372\263\355xq\360\261\376M<\356\347\007zf\307\006E\344\037@\210\363\010\336T\226\247'\204_{\261\370""1\235\2445\343\033Y!\212\201\341\272\225'\007*$\244&\336\343'\233i\332\374\245 {^\306-N\333\gE\006\347\212\331C\211Z\177\247\031\n\302\003\336\340\3712Ct\2360uN\242=\313\232\211\216\325\003\006\023\241M\005\237\220\376\n\024\377\020\013\210`4\253""\302f\230\374\037bx\0145C\307\337\316[\244d\302\3031\347\300\025aX\357\226\221\016\003""; }; nodes {;   nodedata: ""b,\017\360\232\340\032k\266\261\310\203t\367\332\010\217\222H\265*\251UX)\204&\022>`\307\320\tH\207'\260O\036\277d\007\241I/}w\3124Q\037\312]\232\030S^\2304,\223AK\317'\n\256\240\375\261\373:\325u\364WwFw|p]\363\363\357\256^l\236\262@\370\374\352\327\246\255\035\013\003""; }; "
1750587272753,1750587272753,961,1,4,3,TMProposeSet,"proposeSeq: 0; currentTxHash: ""\000\000\000\000\000\000\000\000\000\000\000\000\000\000\000\000\000\000\000\000\000\000\000\000\000\000\000\000\000\000\000\000""; nodePubKey: ""\003.\200\224\215?)t\306\315\242\313\251\255\302\204=\232.\271%}\013\024s\024\002@\216l""\241F""; closeTime: 803902472; signature: ""0D\002 <\207\272m\233\204cH\352P\263\345\030\020\200\003\250\250YT\306T\266\362\n\177\017\317\001\361$H\002 Sd\223.\373\005\321\344\352\345\033O\261$\346\352\021Gd\376\265\307\252\273\226\316\304m\001w\266\351""; previousledger: ""\221=\252\002\267\225zg\264\253\271T\346ji\003\235\236Pis\264\375\222|H\344\261g?[g""; ","proposeSeq: 0; currentTxHash: ""\000\000\000\000\000\000\000\000\000\000\000\000\000\000\000\000\000\000\000\000\000\000\000\000\000\000\000\000\000\000\000\000""; nodePubKey: ""\003.\200\224\215?)t\306\315\242\313\251\255\302\204=\232.\271%}\013\024s\024\002@\216l""\241F""; closeTime: 803902472; signature: ""0D\002 <\207\272m\233\204cH\352P\263\345\030\020\200\003\250\250YT\306T\266\362\n\177\017\317\001\361$H\002 Sd\223.\373\005\321\344\352\345\033O\261$\346\352\021Gd\376\265\307\252\273\226\316\304m\001w\266\351""; previousledger: ""\221=\252\002\267\225zg\264\253\271T\346ji\003\235\236Pis\264\375\222|H\344\261g?[g""; "
1750587272767,1750587272767,792,1,0,4,TMValidation,"validation: """"\200\000\000\001&\000\000\000\005)/\352\224\005:Q\231\304\227'3\313\030Q\372\373$P*|\321\342\002\026\n\3215\340\3203\200x\327D\301]5\237\247Yz\3711!L\214P\027\000\000\000\000\000\000\000\000\000\000\000\000\000\000\000\000\000\000\000\000\000\000\000\000\000\000\000\000\000\000\000\000P\031\241'\332/+\360Bx\036+\210j\237K%\340]\246E\2434\264K\036\030qP\317\315\336\325\007s!\003ql\302)\235\321\t\213\224\356\374%%\311\327\037\374\304\t\335\2359\344\233\035]\347<u\236\364\222vF0D\002 2\004s\334\013u\246}\t\210@\023\365\220Yq\024\315\3569\036o\345\200\210\325\267\250z\007BL\002 W\205\010/\270s\325\234\001d\213\037A\224\177\216\362\3224\270vh<\321\316\035\303\310\245\006\371X""; ","validation: """"\200\000\000\001&\000\000\000\005)/\352\224\005:Q\231\304\227'3\313\030Q\372\373$P*|\321\342\002\026\n\3215\340\3203\200x\327D\301]5\237\247Yz\3711!L\214P\027\000\000\000\000\000\000\000\000\000\000\000\000\000\000\000\000\000\000\000\000\000\000\000\000\000\000\000\000\000\000\000\000P\031\241'\332/+\360Bx\036+\210j\237K%\340]\246E\2434\264K\036\030qP\317\315\336\325\007s!\003ql\302)\235\321\t\213\224\356\374%%\311\327\037\374\304\t\335\2359\344\233\035]\347<u\236\364\222vF0D\002 2\004s\334\013u\246}\t\210@\023\365\220Yq\024\315\3569\036o\345\200\210\325\267\250z\007BL\002 W\205\010/\270s\325\234\001d\213\037A\224\177\216\362\3224\270vh<\321\316\035\303\310\245\006\371X""; "
1750587272768,1750587272768,2684,1,0,1,TMValidation,"validation: """"\200\000\000\001&\000\000\000\005)/\352\224\005:Q\231\304\227'3\313\030Q\372\373$P*|\321\342\002\026\n\3215\340\3203\200x\327D\301]5\237\247Yz\3711!L\214P\027\000\000\000\000\000\000\000\000\000\000\000\000\000\000\000\000\000\000\000\000\000\000\000\000\000\000\000\000\000\000\000\000P\031\241'\332/+\360Bx\036+\210j\237K%\340]\246E\2434\264K\036\030qP\317\315\336\325\007s!\003ql\302)\235\321\t\213\224\356\374%%\311\327\037\374\304\t\335\2359\344\233\035]\347<u\236\364\222vF0D\002 2\004s\334\013u\246}\t\210@\023\365\220Yq\024\315\3569\036o\345\200\210\325\267\250z\007BL\002 W\205\010/\270s\325\234\001d\213\037A\224\177\216\362\3224\270vh<\321\316\035\303\310\245\006\371X""; ","validation: """"\200\000\000\001&\000\000\000\005)/\352\224\005:Q\231\304\227'3\313\030Q\372\373$P*|\321\342\002\026\n\3215\340\3203\200x\327D\301]5\237\247Yz\3711!L\214P\027\000\000\000\000\000\000\000\000\000\000\000\000\000\000\000\000\000\000\000\000\000\000\000\000\000\000\000\000\000\000\000\000P\031\241'\332/+\360Bx\036+\210j\237K%\340]\246E\2434\264K\036\030qP\317\315\336\325\007s!\003ql\302)\235\321\t\213\224\356\374%%\311\327\037\374\304\t\335\2359\344\233\035]\347<u\236\364\222vF0D\002 2\004s\334\013u\246}\t\210@\023\365\220Yq\024\315\3569\036o\345\200\210\325\267\250z\007BL\002 W\205\010/\270s\325\234\001d\213\037A\224\177\216\362\3224\270vh<\321\316\035\303\310\245\006\371X""; "
1750587272768,1750587272768,779,1,0,3,TMValidation,"validation: """"\200\000\000\001&\000\000\000\005)/\352\224\005:Q\231\304\227'3\313\030Q\372\373$P*|\321\342\002\026\n\3215\340\3203\200x\327D\301]5\237\247Yz\3711!L\214P\027\000\000\000\000\000\000\000\000\000\000\000\000\000\000\000\000\000\000\000\000\000\000\000\000\000\000\000\000\000\000\000\000P\031\241'\332/+\360Bx\036+\210j\237K%\340]\246E\2434\264K\036\030qP\317\315\336\325\007s!\003ql\302)\235\321\t\213\224\356\374%%\311\327\037\374\304\t\335\2359\344\233\035]\347<u\236\364\222vF0D\002 2\004s\334\013u\246}\t\210@\023\365\220Yq\024\315\3569\036o\345\200\210\325\267\250z\007BL\002 W\205\010/\270s\325\234\001d\213\037A\224\177\216\362\3224\270vh<\321\316\035\303\310\245\006\371X""; ","validation: """"\200\000\000\001&\000\000\000\005)/\352\224\005:Q\231\304\227'3\313\030Q\372\373$P*|\321\342\002\026\n\3215\340\3203\200x\327D\301]5\237\247Yz\3711!L\214P\027\000\000\000\000\000\000\000\000\000\000\000\000\000\000\000\000\000\000\000\000\000\000\000\000\000\000\000\000\000\000\000\000P\031\241'\332/+\360Bx\036+\210j\237K%\340]\246E\2434\264K\036\030qP\317\315\336\325\007s!\003ql\302)\235\321\t\213\224\356\374%%\311\327\037\374\304\t\335\2359\344\233\035]\347<u\236\364\222vF0D\002 2\004s\334\013u\246}\t\210@\023\365\220Yq\024\315\3569\036o\345\200\210\325\267\250z\007BL\002 W\205\010/\270s\325\234\001d\213\037A\224\177\216\362\3224\270vh<\321\316\035\303\310\245\006\371X""; "
1750587272769,1750587272769,3097,1,2,0,TMLedgerData,"ledgerHash: ""8h\232\211g)\354\005\246\256XI\265J\214\312}\261\211y\355]\0228j\360\0224\003\021%\014""; ledgerSeq: 0; type: liTS_CANDIDATE; nodes {;   nodedata: ""\222c\273c4\225\334\221\227u?\025\314=\305/\262\367\217\375\027j\323\304\372\312Fv\2716\001\355\t\246C\232\272\013^\241\340~\030'\005/\234\037\355\231\230\017\266\365\303w\360\273\374\234\362S:\270\023\n\270\212\275\306\204\271\274\361K|t\323\346\2174\324\362\014S]\301\325\344rY\277\343\351\364\374\023\263\013\003"";   nodeid: ""\000\000\000\000\000\000\000\000\000\000\000\000\000\000\000\000\000\000\000\000\000\000\000\000\000\000\000\000\000\000\000\000\000""; }; ","ledgerHash: ""8h\232\211g)\354\005\246\256XI\265J\214\312}\261\211y\355]\0228j\360\0224\003\021%\014""; ledgerSeq: 0; type: liTS_CANDIDATE; nodes {;   nodedata: ""\222c\273c4\225\334\221\227u?\025\314=\305/\262\367\217\375\027j\323\304\372\312Fv\2716\001\355\t\246C\232\272\013^\241\340~\030'\005/\234\037\355\231\230\017\266\365\303w\360\273\374\234\362S:\270\023\n\270\212\275\306\204\271\274\361K|t\323\346\2174\324\362\014S]\301\325\344rY\277\343\351\364\374\023\263\013\003"";   nodeid: ""\000\000\000\000\000\000\000\000\000\000\000\000\000\000\000\000\000\000\000\000\000\000\000\000\000\000\000\000\000\000\000\000\000""; }; "
1750587272777,1750587272777,3898,1,2,3,TMGetLedger,"itype: liTS_CANDIDATE; ledgerHash: ""u\315\243\367\211\2625\240r:n\277\003\026\366\353'\216jy9\\001\220\223~\341j\254O\025\257""; nodeIDs: ""\240\000\000\000\000\000\000\000\000\000\000\000\000\000\000\000\000\000\000\000\000\000\000\000\000\000\000\000\000\000\000\000\001""; requestCookie: 2; queryType: qtINDIRECT; ","itype: liTS_CANDIDATE; ledgerHash: ""u\315\243\367\211\2625\240r:n\277\003\026\366\353'\216jy9\\001\220\223~\341j\254O\025\257""; nodeIDs: ""\240\000\000\000\000\000\000\000\000\000\000\000\000\000\000\000\000\000\000\000\000\000\000\000\000\000\000\000\000\000\000\000\001""; requestCookie: 2; queryType: qtINDIRECT; "
1750587272777,1750587272778,1110,1,4,0,TMProposeSet,"proposeSeq: 0; currentTxHash: ""\000\000\000\000\000\000\000\000\000\000\000\000\000\000\000\000\000\000\000\000\000\000\000\000\000\000\000\000\000\000\000\000""; nodePubKey: ""\003.\200\224\215?)t\306\315\242\313\251\255\302\204=\232.\271%}\013\024s\024\002@\216l""\241F""; closeTime: 803902472; signature: ""0D\002 <\207\272m\233\204cH\352P\263\345\030\020\200\003\250\250YT\306T\266\362\n\177\017\317\001\361$H\002 Sd\223.\373\005\321\344\352\345\033O\261$\346\352\021Gd\376\265\307\252\273\226\316\304m\001w\266\351""; previousledger: ""\221=\252\002\267\225zg\264\253\271T\346ji\003\235\236Pis\264\375\222|H\344\261g?[g""; ","proposeSeq: 0; currentTxHash: ""\000\000\000\000\000\000\000\000\000\000\000\000\000\000\000\000\000\000\000\000\000\000\000\000\000\000\000\000\000\000\000\000""; nodePubKey: ""\003.\200\224\215?)t\306\315\242\313\251\255\302\204=\232.\271%}\013\024s\024\002@\216l""\241F""; closeTime: 803902472; signature: ""0D\002 <\207\272m\233\204cH\352P\263\345\030\020\200\003\250\250YT\306T\266\362\n\177\017\317\001\361$H\002 Sd\223.\373\005\321\344\352\345\033O\261$\346\352\021Gd\376\265\307\252\273\226\316\304m\001w\266\351""; previousledger: ""\221=\252\002\267\225zg\264\253\271T\346ji\003\235\236Pis\264\375\222|H\344\261g?[g""; "
1750587272780,1750587272780,1753,1,0,2,TMLedgerData,"ledgerHash: ""\372\373$P*|\321\342\002\026\n\3215\340\3203\200x\327D\301]5\237\247Yz\3711!L\214""; ledgerSeq: 5; type: liBASE; nodes {;   nodedata: ""\000\000\000\005\001cEx]\212\000\000\241'\332/+\360Bx\036+\210j\237K%\340]\246E\2434\264K\036\030qP\317\315\336\325\007\000\000\000\000\000\000\000\000\000\000\000\000\000\000\000\000\000\000\000\000\000\000\000\000\000\000\000\000\000\000\000\000`\314E\345\274\262t\247\026\262\034+o5\305\346\027G~\333\026l\257|t\323mid\302\226-/\352\223\375/\352\224\006\n\000""; }; nodes {;   nodedata: ""\303\016\021\310<Z\337\266>\225@&n\022\246\274\353\220\345b3\035\313\350L\354\254\002\005\305\035\017\002E\344\037@\210\363\010\336T\226\247'\204_{\261\370""1\235\2445\343\033Y!\212\201\341\272\225'\007\216\374\007Stj/$R\017@\032\350\327\373\007\365\300zp\377_\034\325\212\203\333k\273\230\031\217\013\003""; }; ","ledgerHash: ""\372\373$P*|\321\342\002\026\n\3215\340\3203\200x\327D\301]5\237\247Yz\3711!L\214""; ledgerSeq: 5; type: liBASE; nodes {;   nodedata: ""\000\000\000\005\001cEx]\212\000\000\241'\332/+\360Bx\036+\210j\237K%\340]\246E\2434\264K\036\030qP\317\315\336\325\007\000\000\000\000\000\000\000\000\000\000\000\000\000\000\000\000\000\000\000\000\000\000\000\000\000\000\000\000\000\000\000\000`\314E\345\274\262t\247\026\262\034+o5\305\346\027G~\333\026l\257|t\323mid\302\226-/\352\223\375/\352\224\006\n\000""; }; nodes {;   nodedata: ""\303\016\021\310<Z\337\266>\225@&n\022\246\274\353\220\345b3\035\313\350L\354\254\002\005\305\035\017\002E\344\037@\210\363\010\336T\226\247'\204_{\261\370""1\235\2445\343\033Y!\212\201\341\272\225'\007\216\374\007Stj/$R\017@\032\350\327\373\007\365\300zp\377_\034\325\212\203\333k\273\230\031\217\013\003""; }; "
1750587272782,1750587272782,3614,1,4,2,TMProposeSet,"proposeSeq: 0; currentTxHash: ""\000\000\000\000\000\000\000\000\000\000\000\000\000\000\000\000\000\000\000\000\000\000\000\000\000\000\000\000\000\000\000\000""; nodePubKey: ""\003.\200\224\215?)t\306\315\242\313\251\255\302\204=\232.\271%}\013\024s\024\002@\216l""\241F""; closeTime: 803902472; signature: ""0D\002 <\207\272m\233\204cH\352P\263\345\030\020\200\003\250\250YT\306T\266\362\n\177\017\317\001\361$H\002 Sd\223.\373\005\321\344\352\345\033O\261$\346\352\021Gd\376\265\307\252\273\226\316\304m\001w\266\351""; previousledger: ""\221=\252\002\267\225zg\264\253\271T\346ji\003\235\236Pis\264\375\222|H\344\261g?[g""; ","proposeSeq: 0; currentTxHash: ""\000\000\000\000\000\000\000\000\000\000\000\000\000\000\000\000\000\000\000\000\000\000\000\000\000\000\000\000\000\000\000\000""; nodePubKey: ""\003.\200\224\215?)t\306\315\242\313\251\255\302\204=\232.\271%}\013\024s\024\002@\216l""\241F""; closeTime: 803902472; signature: ""0D\002 <\207\272m\233\204cH\352P\263\345\030\020\200\003\250\250YT\306T\266\362\n\177\017\317\001\361$H\002 Sd\223.\373\005\321\344\352\345\033O\261$\346\352\021Gd\376\265\307\252\273\226\316\304m\001w\266\351""; previousledger: ""\221=\252\002\267\225zg\264\253\271T\346ji\003\235\236Pis\264\375\222|H\344\261g?[g""; "
1750587272751,1750587272791,1760,1,4,1,TMStatusChange,"newEvent: neCLOSING_LEDGER; ledgerSeq: 6; ledgerHash: ""\221=\252\002\267\225zg\264\253\271T\346ji\003\235\236Pis\264\375\222|H\344\261g?[g""; ledgerHashPrevious: ""\372\373$P*|\321\342\002\026\n\3215\340\3203\200x\327D\301]5\237\247Yz\3711!L\214""; networkTime: 803902472; firstSeq: 1; lastSeq: 5; ","newEvent: neCLOSING_LEDGER; ledgerSeq: 6; ledgerHash: ""\221=\252\002\267\225zg\264\253\271T\346ji\003\235\236Pis\264\375\222|H\344\261g?[g""; ledgerHashPrevious: ""\372\373$P*|\321\342\002\026\n\3215\340\3203\200x\327D\301]5\237\247Yz\3711!L\214""; networkTime: 803902472; firstSeq: 1; lastSeq: 5; "
1750587272752,1750587272792,3410,1,4,3,TMStatusChange,"newEvent: neCLOSING_LEDGER; ledgerSeq: 6; ledgerHash: ""\221=\252\002\267\225zg\264\253\271T\346ji\003\235\236Pis\264\375\222|H\344\261g?[g""; ledgerHashPrevious: ""\372\373$P*|\321\342\002\026\n\3215\340\3203\200x\327D\301]5\237\247Yz\3711!L\214""; networkTime: 803902472; firstSeq: 1; lastSeq: 5; ","newEvent: neCLOSING_LEDGER; ledgerSeq: 6; ledgerHash: ""\221=\252\002\267\225zg\264\253\271T\346ji\003\235\236Pis\264\375\222|H\344\261g?[g""; ledgerHashPrevious: ""\372\373$P*|\321\342\002\026\n\3215\340\3203\200x\327D\301]5\237\247Yz\3711!L\214""; networkTime: 803902472; firstSeq: 1; lastSeq: 5; "
1750587272752,1750587272792,1548,1,4,0,TMStatusChange,"newEvent: neCLOSING_LEDGER; ledgerSeq: 6; ledgerHash: ""\221=\252\002\267\225zg\264\253\271T\346ji\003\235\236Pis\264\375\222|H\344\261g?[g""; ledgerHashPrevious: ""\372\373$P*|\321\342\002\026\n\3215\340\3203\200x\327D\301]5\237\247Yz\3711!L\214""; networkTime: 803902472; firstSeq: 1; lastSeq: 5; ","newEvent: neCLOSING_LEDGER; ledgerSeq: 6; ledgerHash: ""\221=\252\002\267\225zg\264\253\271T\346ji\003\235\236Pis\264\375\222|H\344\261g?[g""; ledgerHashPrevious: ""\372\373$P*|\321\342\002\026\n\3215\340\3203\200x\327D\301]5\237\247Yz\3711!L\214""; networkTime: 803902472; firstSeq: 1; lastSeq: 5; "
1750587272781,1750587272792,1021,1,4,2,TMStatusChange,"newEvent: neCLOSING_LEDGER; ledgerSeq: 6; ledgerHash: ""\221=\252\002\267\225zg\264\253\271T\346ji\003\235\236Pis\264\375\222|H\344\261g?[g""; ledgerHashPrevious: ""\372\373$P*|\321\342\002\026\n\3215\340\3203\200x\327D\301]5\237\247Yz\3711!L\214""; networkTime: 803902472; firstSeq: 1; lastSeq: 5; ","newEvent: neCLOSING_LEDGER; ledgerSeq: 6; ledgerHash: ""\221=\252\002\267\225zg\264\253\271T\346ji\003\235\236Pis\264\375\222|H\344\261g?[g""; ledgerHashPrevious: ""\372\373$P*|\321\342\002\026\n\3215\340\3203\200x\327D\301]5\237\247Yz\3711!L\214""; networkTime: 803902472; firstSeq: 1; lastSeq: 5; "
1750587272794,1750587272794,980,1,4,1,TMProposeSet,"proposeSeq: 0; currentTxHash: ""\000\000\000\000\000\000\000\000\000\000\000\000\000\000\000\000\000\000\000\000\000\000\000\000\000\000\000\000\000\000\000\000""; nodePubKey: ""\003.\200\224\215?)t\306\315\242\313\251\255\302\204=\232.\271%}\013\024s\024\002@\216l""\241F""; closeTime: 803902472; signature: ""0D\002 <\207\272m\233\204cH\352P\263\345\030\020\200\003\250\250YT\306T\266\362\n\177\017\317\001\361$H\002 Sd\223.\373\005\321\344\352\345\033O\261$\346\352\021Gd\376\265\307\252\273\226\316\304m\001w\266\351""; previousledger: ""\221=\252\002\267\225zg\264\253\271T\346ji\003\235\236Pis\264\375\222|H\344\261g?[g""; ","proposeSeq: 0; currentTxHash: ""\000\000\000\000\000\000\000\000\000\000\000\000\000\000\000\000\000\000\000\000\000\000\000\000\000\000\000\000\000\000\000\000""; nodePubKey: ""\003.\200\224\215?)t\306\315\242\313\251\255\302\204=\232.\271%}\013\024s\024\002@\216l""\241F""; closeTime: 803902472; signature: ""0D\002 <\207\272m\233\204cH\352P\263\345\030\020\200\003\250\250YT\306T\266\362\n\177\017\317\001\361$H\002 Sd\223.\373\005\321\344\352\345\033O\261$\346\352\021Gd\376\265\307\252\273\226\316\304m\001w\266\351""; previousledger: ""\221=\252\002\267\225zg\264\253\271T\346ji\003\235\236Pis\264\375\222|H\344\261g?[g""; "
1750587272818,1750587272818,486,1,4,0,TMLedgerData,"ledgerHash: ""8h\232\211g)\354\005\246\256XI\265J\214\312}\261\211y\355]\0228j\360\0224\003\021%\014""; ledgerSeq: 0; type: liTS_CANDIDATE; nodes {;   nodedata: ""\022\000\000""\000\000\000\000$\000\000\000\001 \033\000\000\000\027a@\000\000\027H\206*@h@\000\000\000\000\000\000\ns!\0030\347\374\235V\273%\326\211;\243\363\027\256[\3173\263)\033\326=\263&T\243\023""/\177\320 tF0D\002 0\023\341\332; \2711\245\020\321\3300\345\267-)\230\177\246\236AQ\327\203\207H\226+\000%\336\002 \024\036\211\237\201t\376\272E\270\230\020\334\014\356g\273\025((\376\266\216@ \254^2T\233\013\034\201\024\265\367by\212S\325C\240\024\312\370\262\227\317\370\362\3717\350\203\024E0\246\210\344\325\345r\024T\251\006P\255\352\333\372\351\337\302\000"";   nodeid: ""\240\000\000\000\000\000\000\000\000\000\000\000\000\000\000\000\000\000\000\000\000\000\000\000\000\000\000\000\000\000\000\000\001""; }; ","ledgerHash: ""8h\232\211g)\354\005\246\256XI\265J\214\312}\261\211y\355]\0228j\360\0224\003\021%\014""; ledgerSeq: 0; type: liTS_CANDIDATE; nodes {;   nodedata: ""\022\000\000""\000\000\000\000$\000\000\000\001 \033\000\000\000\027a@\000\000\027H\206*@h@\000\000\000\000\000\000\ns!\0030\347\374\235V\273%\326\211;\243\363\027\256[\3173\263)\033\326=\263&T\243\023""/\177\320 tF0D\002 0\023\341\332; \2711\245\020\321\3300\345\267-)\230\177\246\236AQ\327\203\207H\226+\000%\336\002 \024\036\211\237\201t\376\272E\270\230\020\334\014\356g\273\025((\376\266\216@ \254^2T\233\013\034\201\024\265\367by\212S\325C\240\024\312\370\262\227\317\370\362\3717\350\203\024E0\246\210\344\325\345r\024T\251\006P\255\352\333\372\351\337\302\000"";   nodeid: ""\240\000\000\000\000\000\000\000\000\000\000\000\000\000\000\000\000\000\000\000\000\000\000\000\000\000\000\000\000\000\000\000\001""; }; "
1750587272824,1750587272824,486,1,4,0,TMLedgerData,"ledgerHash: ""8h\232\211g)\354\005\246\256XI\265J\214\312}\261\211y\355]\0228j\360\0224\003\021%\014""; ledgerSeq: 0; type: liTS_CANDIDATE; nodes {;   nodedata: ""\022\000\000""\000\000\000\000$\000\000\000\001 \033\000\000\000\027a@\000\000\027H\206*@h@\000\000\000\000\000\000\ns!\0030\347\374\235V\273%\326\211;\243\363\027\256[\3173\263)\033\326=\263&T\243\023""/\177\320 tF0D\002 0\023\341\332; \2711\245\020\321\3300\345\267-)\230\177\246\236AQ\327\203\207H\226+\000%\336\002 \024\036\211\237\201t\376\272E\270\230\020\334\014\356g\273\025((\376\266\216@ \254^2T\233\013\034\201\024\265\367by\212S\325C\240\024\312\370\262\227\317\370\362\3717\350\203\024E0\246\210\344\325\345r\024T\251\006P\255\352\333\372\351\337\302\000"";   nodeid: ""\240\000\000\000\000\000\000\000\000\000\000\000\000\000\000\000\000\000\000\000\000\000\000\000\000\000\000\000\000\000\000\000\001""; }; ","ledgerHash: ""8h\232\211g)\354\005\246\256XI\265J\214\312}\261\211y\355]\0228j\360\0224\003\021%\014""; ledgerSeq: 0; type: liTS_CANDIDATE; nodes {;   nodedata: ""\022\000\000""\000\000\000\000$\000\000\000\001 \033\000\000\000\027a@\000\000\027H\206*@h@\000\000\000\000\000\000\ns!\0030\347\374\235V\273%\326\211;\243\363\027\256[\3173\263)\033\326=\263&T\243\023""/\177\320 tF0D\002 0\023\341\332; \2711\245\020\321\3300\345\267-)\230\177\246\236AQ\327\203\207H\226+\000%\336\002 \024\036\211\237\201t\376\272E\270\230\020\334\014\356g\273\025((\376\266\216@ \254^2T\233\013\034\201\024\265\367by\212S\325C\240\024\312\370\262\227\317\370\362\3717\350\203\024E0\246\210\344\325\345r\024T\251\006P\255\352\333\372\351\337\302\000"";   nodeid: ""\240\000\000\000\000\000\000\000\000\000\000\000\000\000\000\000\000\000\000\000\000\000\000\000\000\000\000\000\000\000\000\000\001""; }; "
1750587272831,1750587272831,557,1,4,1,TMGetLedger,"itype: liTS_CANDIDATE; ledgerHash: ""u\315\243\367\211\2625\240r:n\277\003\026\366\353'\216jy9\\001\220\223~\341j\254O\025\257""; nodeIDs: ""\240\000\000\000\000\000\000\000\000\000\000\000\000\000\000\000\000\000\000\000\000\000\000\000\000\000\000\000\000\000\000\000\001""; requestCookie: 1; queryType: qtINDIRECT; ","itype: liTS_CANDIDATE; ledgerHash: ""u\315\243\367\211\2625\240r:n\277\003\026\366\353'\216jy9\\001\220\223~\341j\254O\025\257""; nodeIDs: ""\240\000\000\000\000\000\000\000\000\000\000\000\000\000\000\000\000\000\000\000\000\000\000\000\000\000\000\000\000\000\000\000\001""; requestCookie: 1; queryType: qtINDIRECT; "
1750587272842,1750587272842,3097,1,2,0,TMLedgerData,"ledgerHash: ""u\315\243\367\211\2625\240r:n\277\003\026\366\353'\216jy9\\001\220\223~\341j\254O\025\257""; ledgerSeq: 0; type: liTS_CANDIDATE; nodes {;   nodedata: ""\246C\232\272\013^\241\340~\030'\005/\234\037\355\231\230\017\266\365\303w\360\273\374\234\362S:\270\023\n\003"";   nodeid: ""\000\000\000\000\000\000\000\000\000\000\000\000\000\000\000\000\000\000\000\000\000\000\000\000\000\000\000\000\000\000\000\000\000""; }; ","ledgerHash: ""u\315\243\367\211\2625\240r:n\277\003\026\366\353'\216jy9\\001\220\223~\341j\254O\025\257""; ledgerSeq: 0; type: liTS_CANDIDATE; nodes {;   nodedata: ""\246C\232\272\013^\241\340~\030'\005/\234\037\355\231\230\017\266\365\303w\360\273\374\234\362S:\270\023\n\003"";   nodeid: ""\000\000\000\000\000\000\000\000\000\000\000\000\000\000\000\000\000\000\000\000\000\000\000\000\000\000\000\000\000\000\000\000\000""; }; "
1750587272854,1750587272854,486,1,4,0,TMLedgerData,"ledgerHash: ""u\315\243\367\211\2625\240r:n\277\003\026\366\353'\216jy9\\001\220\223~\341j\254O\025\257""; ledgerSeq: 0; type: liTS_CANDIDATE; nodes {;   nodedata: ""\246C\232\272\013^\241\340~\030'\005/\234\037\355\231\230\017\266\365\303w\360\273\374\234\362S:\270\023\n\003"";   nodeid: ""\000\000\000\000\000\000\000\000\000\000\000\000\000\000\000\000\000\000\000\000\000\000\000\000\000\000\000\000\000\000\000\000\000""; }; ","ledgerHash: ""u\315\243\367\211\2625\240r:n\277\003\026\366\353'\216jy9\\001\220\223~\341j\254O\025\257""; ledgerSeq: 0; type: liTS_CANDIDATE; nodes {;   nodedata: ""\246C\232\272\013^\241\340~\030'\005/\234\037\355\231\230\017\266\365\303w\360\273\374\234\362S:\270\023\n\003"";   nodeid: ""\000\000\000\000\000\000\000\000\000\000\000\000\000\000\000\000\000\000\000\000\000\000\000\000\000\000\000\000\000\000\000\000\000""; }; "
1750587272871,1750587272871,2565,1,3,0,TMLedgerData,"ledgerHash: ""8h\232\211g)\354\005\246\256XI\265J\214\312}\261\211y\355]\0228j\360\0224\003\021%\014""; ledgerSeq: 0; type: liTS_CANDIDATE; nodes {;   nodedata: ""\022\000\000""\000\000\000\000$\000\000\000\001 \033\000\000\000\027a@\000\000\027H\206*@h@\000\000\000\000\000\000\ns!\0030\347\374\235V\273%\326\211;\243\363\027\256[\3173\263)\033\326=\263&T\243\023""/\177\320 tF0D\002 0\023\341\332; \2711\245\020\321\3300\345\267-)\230\177\246\236AQ\327\203\207H\226+\000%\336\002 \024\036\211\237\201t\376\272E\270\230\020\334\014\356g\273\025((\376\266\216@ \254^2T\233\013\034\201\024\265\367by\212S\325C\240\024\312\370\262\227\317\370\362\3717\350\203\024E0\246\210\344\325\345r\024T\251\006P\255\352\333\372\351\337\302\000"";   nodeid: ""\240\000\000\000\000\000\000\000\000\000\000\000\000\000\000\000\000\000\000\000\000\000\000\000\000\000\000\000\000\000\000\000\001""; }; ","ledgerHash: ""8h\232\211g)\354\005\246\256XI\265J\214\312}\261\211y\355]\0228j\360\0224\003\021%\014""; ledgerSeq: 0; type: liTS_CANDIDATE; nodes {;   nodedata: ""\022\000\000""\000\000\000\000$\000\000\000\001 \033\000\000\000\027a@\000\000\027H\206*@h@\000\000\000\000\000\000\ns!\0030\347\374\235V\273%\326\211;\243\363\027\256[\3173\263)\033\326=\263&T\243\023""/\177\320 tF0D\002 0\023\341\332; \2711\245\020\321\3300\345\267-)\230\177\246\236AQ\327\203\207H\226+\000%\336\002 \024\036\211\237\201t\376\272E\270\230\020\334\014\356g\273\025((\376\266\216@ \254^2T\233\013\034\201\024\265\367by\212S\325C\240\024\312\370\262\227\317\370\362\3717\350\203\024E0\246\210\344\325\345r\024T\251\006P\255\352\333\372\351\337\302\000"";   nodeid: ""\240\000\000\000\000\000\000\000\000\000\000\000\000\000\000\000\000\000\000\000\000\000\000\000\000\000\000\000\000\000\000\000\001""; }; "
1750587272880,1750587272880,2565,1,3,0,TMLedgerData,"ledgerHash: ""u\315\243\367\211\2625\240r:n\277\003\026\366\353'\216jy9\\001\220\223~\341j\254O\025\257""; ledgerSeq: 0; type: liTS_CANDIDATE; nodes {;   nodedata: ""\022\000\000""\000\000\000\000$\000\000\000\001 \033\000\000\000\027a@\000\000\027H\206*@h@\000\000\000\000\000\000\ns!\0030\347\374\235V\273%\326\211;\243\363\027\256[\3173\263)\033\326=\263&T\243\023""/\177\320 tF0D\002 0\023\341\332; \2711\245\020\321\3300\345\267-)\230\177\246\236AQ\327\203\207H\226+\000%\336\002 \024\036\211\237\201t\376\272E\270\230\020\334\014\356g\273\025((\376\266\216@ \254^2T\233\013\034\201\024\265\367by\212S\325C\240\024\312\370\262\227\317\370\362\3717\350\203\024E0\246\210\344\325\345r\024T\251\006P\255\352\333\372\351\337\302\000"";   nodeid: ""\240\000\000\000\000\000\000\000\000\000\000\000\000\000\000\000\000\000\000\000\000\000\000\000\000\000\000\000\000\000\000\000\001""; }; ","ledgerHash: ""u\315\243\367\211\2625\240r:n\277\003\026\366\353'\216jy9\\001\220\223~\341j\254O\025\257""; ledgerSeq: 0; type: liTS_CANDIDATE; nodes {;   nodedata: ""\022\000\000""\000\000\000\000$\000\000\000\001 \033\000\000\000\027a@\000\000\027H\206*@h@\000\000\000\000\000\000\ns!\0030\347\374\235V\273%\326\211;\243\363\027\256[\3173\263)\033\326=\263&T\243\023""/\177\320 tF0D\002 0\023\341\332; \2711\245\020\321\3300\345\267-)\230\177\246\236AQ\327\203\207H\226+\000%\336\002 \024\036\211\237\201t\376\272E\270\230\020\334\014\356g\273\025((\376\266\216@ \254^2T\233\013\034\201\024\265\367by\212S\325C\240\024\312\370\262\227\317\370\362\3717\350\203\024E0\246\210\344\325\345r\024T\251\006P\255\352\333\372\351\337\302\000"";   nodeid: ""\240\000\000\000\000\000\000\000\000\000\000\000\000\000\000\000\000\000\000\000\000\000\000\000\000\000\000\000\000\000\000\000\001""; }; "
1750587272892,1750587272892,972,1,3,4,TMStatusChange,"newEvent: neACCEPTED_LEDGER; ledgerSeq: 6; ledgerHash: ""\221=\252\002\267\225zg\264\253\271T\346ji\003\235\236Pis\264\375\222|H\344\261g?[g""; ledgerHashPrevious: ""\372\373$P*|\321\342\002\026\n\3215\340\3203\200x\327D\301]5\237\247Yz\3711!L\214""; networkTime: 803902472; firstSeq: 1; lastSeq: 5; ","newEvent: neACCEPTED_LEDGER; ledgerSeq: 6; ledgerHash: ""\221=\252\002\267\225zg\264\253\271T\346ji\003\235\236Pis\264\375\222|H\344\261g?[g""; ledgerHashPrevious: ""\372\373$P*|\321\342\002\026\n\3215\340\3203\200x\327D\301]5\237\247Yz\3711!L\214""; networkTime: 803902472; firstSeq: 1; lastSeq: 5; "
1750587272892,1750587272893,854,1,3,2,TMStatusChange,"newEvent: neACCEPTED_LEDGER; ledgerSeq: 6; ledgerHash: ""\221=\252\002\267\225zg\264\253\271T\346ji\003\235\236Pis\264\375\222|H\344\261g?[g""; ledgerHashPrevious: ""\372\373$P*|\321\342\002\026\n\3215\340\3203\200x\327D\301]5\237\247Yz\3711!L\214""; networkTime: 803902472; firstSeq: 1; lastSeq: 5; ","newEvent: neACCEPTED_LEDGER; ledgerSeq: 6; ledgerHash: ""\221=\252\002\267\225zg\264\253\271T\346ji\003\235\236Pis\264\375\222|H\344\261g?[g""; ledgerHashPrevious: ""\372\373$P*|\321\342\002\026\n\3215\340\3203\200x\327D\301]5\237\247Yz\3711!L\214""; networkTime: 803902472; firstSeq: 1; lastSeq: 5; "
1750587272892,1750587272892,1393,1,3,0,TMStatusChange,"newEvent: neACCEPTED_LEDGER; ledgerSeq: 6; ledgerHash: ""\221=\252\002\267\225zg\264\253\271T\346ji\003\235\236Pis\264\375\222|H\344\261g?[g""; ledgerHashPrevious: ""\372\373$P*|\321\342\002\026\n\3215\340\3203\200x\327D\301]5\237\247Yz\3711!L\214""; networkTime: 803902472; firstSeq: 1; lastSeq: 5; ","newEvent: neACCEPTED_LEDGER; ledgerSeq: 6; ledgerHash: ""\221=\252\002\267\225zg\264\253\271T\346ji\003\235\236Pis\264\375\222|H\344\261g?[g""; ledgerHashPrevious: ""\372\373$P*|\321\342\002\026\n\3215\340\3203\200x\327D\301]5\237\247Yz\3711!L\214""; networkTime: 803902472; firstSeq: 1; lastSeq: 5; "
1750587272893,1750587272893,1591,1,3,1,TMStatusChange,"newEvent: neACCEPTED_LEDGER; ledgerSeq: 6; ledgerHash: ""\221=\252\002\267\225zg\264\253\271T\346ji\003\235\236Pis\264\375\222|H\344\261g?[g""; ledgerHashPrevious: ""\372\373$P*|\321\342\002\026\n\3215\340\3203\200x\327D\301]5\237\247Yz\3711!L\214""; networkTime: 803902472; firstSeq: 1; lastSeq: 5; ","newEvent: neACCEPTED_LEDGER; ledgerSeq: 6; ledgerHash: ""\221=\252\002\267\225zg\264\253\271T\346ji\003\235\236Pis\264\375\222|H\344\261g?[g""; ledgerHashPrevious: ""\372\373$P*|\321\342\002\026\n\3215\340\3203\200x\327D\301]5\237\247Yz\3711!L\214""; networkTime: 803902472; firstSeq: 1; lastSeq: 5; "
1750587272893,1750587272893,734,1,3,2,TMValidation,"validation: """"\200\000\000\001&\000\000\000\006)/\352\224\010:\211l\014`\252m\212dQ\221=\252\002\267\225zg\264\253\271T\346ji\003\235\236Pis\264\375\222|H\344\261g?[gP\0278h\232\211g)\354\005\246\256XI\265J\214\312}\261\211y\355]\0228j\360\0224\003\021%\014P\031\372\373$P*|\321\342\002\026\n\3215\340\3203\200x\327D\301]5\237\247Yz\3711!L\214s!\003\325Q\255\224\274R@\312\253\262\347\352\034\346\347\242\215,\312\376=\277\353{\350\225\301\305`^, vF0D\002 I\361\014ed\255\334\372\367\r\252=\366\255$\032\307\310\024\002\003s\232\301p\r\301\354\017\372\310\277\002 wK\013\340\365\263\266d\363\333\336fO4KG\320\242f\031`\236\030\244\363T\310\212\205q\017W""; ","validation: """"\200\000\000\001&\000\000\000\006)/\352\224\010:\211l\014`\252m\212dQ\221=\252\002\267\225zg\264\253\271T\346ji\003\235\236Pis\264\375\222|H\344\261g?[gP\0278h\232\211g)\354\005\246\256XI\265J\214\312}\261\211y\355]\0228j\360\0224\003\021%\014P\031\372\373$P*|\321\342\002\026\n\3215\340\3203\200x\327D\301]5\237\247Yz\3711!L\214s!\003\325Q\255\224\274R@\312\253\262\347\352\034\346\347\242\215,\312\376=\277\353{\350\225\301\305`^, vF0D\002 I\361\014ed\255\334\372\367\r\252=\366\255$\032\307\310\024\002\003s\232\301p\r\301\354\017\372\310\277\002 wK\013\340\365\263\266d\363\333\336fO4KG\320\242f\031`\236\030\244\363T\310\212\205q\017W""; "
1750587272893,1750587272893,3501,1,3,4,TMValidation,"validation: """"\200\000\000\001&\000\000\000\006)/\352\224\010:\211l\014`\252m\212dQ\221=\252\002\267\225zg\264\253\271T\346ji\003\235\236Pis\264\375\222|H\344\261g?[gP\0278h\232\211g)\354\005\246\256XI\265J\214\312}\261\211y\355]\0228j\360\0224\003\021%\014P\031\372\373$P*|\321\342\002\026\n\3215\340\3203\200x\327D\301]5\237\247Yz\3711!L\214s!\003\325Q\255\224\274R@\312\253\262\347\352\034\346\347\242\215,\312\376=\277\353{\350\225\301\305`^, vF0D\002 I\361\014ed\255\334\372\367\r\252=\366\255$\032\307\310\024\002\003s\232\301p\r\301\354\017\372\310\277\002 wK\013\340\365\263\266d\363\333\336fO4KG\320\242f\031`\236\030\244\363T\310\212\205q\017W""; ","validation: """"\200\000\000\001&\000\000\000\006)/\352\224\010:\211l\014`\252m\212dQ\221=\252\002\267\225zg\264\253\271T\346ji\003\235\236Pis\264\375\222|H\344\261g?[gP\0278h\232\211g)\354\005\246\256XI\265J\214\312}\261\211y\355]\0228j\360\0224\003\021%\014P\031\372\373$P*|\321\342\002\026\n\3215\340\3203\200x\327D\301]5\237\247Yz\3711!L\214s!\003\325Q\255\224\274R@\312\253\262\347\352\034\346\347\242\215,\312\376=\277\353{\350\225\301\305`^, vF0D\002 I\361\014ed\255\334\372\367\r\252=\366\255$\032\307\310\024\002\003s\232\301p\r\301\354\017\372\310\277\002 wK\013\340\365\263\266d\363\333\336fO4KG\320\242f\031`\236\030\244\363T\310\212\205q\017W""; "
1750587272898,1750587272898,1772,1,4,3,TMLedgerData,"ledgerHash: ""u\315\243\367\211\2625\240r:n\277\003\026\366\353'\216jy9\\001\220\223~\341j\254O\025\257""; ledgerSeq: 0; type: liTS_CANDIDATE; nodes {;   nodedata: ""\246C\232\272\013^\241\340~\030'\005/\234\037\355\231\230\017\266\365\303w\360\273\374\234\362S:\270\023\n\003"";   nodeid: ""\000\000\000\000\000\000\000\000\000\000\000\000\000\000\000\000\000\000\000\000\000\000\000\000\000\000\000\000\000\000\000\000\000""; }; ","ledgerHash: ""u\315\243\367\211\2625\240r:n\277\003\026\366\353'\216jy9\\001\220\223~\341j\254O\025\257""; ledgerSeq: 0; type: liTS_CANDIDATE; nodes {;   nodedata: ""\246C\232\272\013^\241\340~\030'\005/\234\037\355\231\230\017\266\365\303w\360\273\374\234\362S:\270\023\n\003"";   nodeid: ""\000\000\000\000\000\000\000\000\000\000\000\000\000\000\000\000\000\000\000\000\000\000\000\000\000\000\000\000\000\000\000\000\000""; }; "
1750587272934,1750587272934,2573,1,3,1,TMValidation,"validation: """"\200\000\000\001&\000\000\000\006)/\352\224\010:\211l\014`\252m\212dQ\221=\252\002\267\225zg\264\253\271T\346ji\003\235\236Pis\264\375\222|H\344\261g?[gP\0278h\232\211g)\354\005\246\256XI\265J\214\312}\261\211y\355]\0228j\360\0224\003\021%\014P\031\372\373$P*|\321\342\002\026\n\3215\340\3203\200x\327D\301]5\237\247Yz\3711!L\214s!\003\325Q\255\224\274R@\312\253\262\347\352\034\346\347\242\215,\312\376=\277\353{\350\225\301\305`^, vF0D\002 I\361\014ed\255\334\372\367\r\252=\366\255$\032\307\310\024\002\003s\232\301p\r\301\354\017\372\310\277\002 wK\013\340\365\263\266d\363\333\336fO4KG\320\242f\031`\236\030\244\363T\310\212\205q\017W""; ","validation: """"\200\000\000\001&\000\000\000\006)/\352\224\010:\211l\014`\252m\212dQ\221=\252\002\267\225zg\264\253\271T\346ji\003\235\236Pis\264\375\222|H\344\261g?[gP\0278h\232\211g)\354\005\246\256XI\265J\214\312}\261\211y\355]\0228j\360\0224\003\021%\014P\031\372\373$P*|\321\342\002\026\n\3215\340\3203\200x\327D\301]5\237\247Yz\3711!L\214s!\003\325Q\255\224\274R@\312\253\262\347\352\034\346\347\242\215,\312\376=\277\353{\350\225\301\305`^, vF0D\002 I\361\014ed\255\334\372\367\r\252=\366\255$\032\307\310\024\002\003s\232\301p\r\301\354\017\372\310\277\002 wK\013\340\365\263\266d\363\333\336fO4KG\320\242f\031`\236\030\244\363T\310\212\205q\017W""; "
1750587272934,1750587272934,3767,1,3,0,TMValidation,"validation: """"\200\000\000\001&\000\000\000\006)/\352\224\010:\211l\014`\252m\212dQ\221=\252\002\267\225zg\264\253\271T\346ji\003\235\236Pis\264\375\222|H\344\261g?[gP\0278h\232\211g)\354\005\246\256XI\265J\214\312}\261\211y\355]\0228j\360\0224\003\021%\014P\031\372\373$P*|\321\342\002\026\n\3215\340\3203\200x\327D\301]5\237\247Yz\3711!L\214s!\003\325Q\255\224\274R@\312\253\262\347\352\034\346\347\242\215,\312\376=\277\353{\350\225\301\305`^, vF0D\002 I\361\014ed\255\334\372\367\r\252=\366\255$\032\307\310\024\002\003s\232\301p\r\301\354\017\372\310\277\002 wK\013\340\365\263\266d\363\333\336fO4KG\320\242f\031`\236\030\244\363T\310\212\205q\017W""; ","validation: """"\200\000\000\001&\000\000\000\006)/\352\224\010:\211l\014`\252m\212dQ\221=\252\002\267\225zg\264\253\271T\346ji\003\235\236Pis\264\375\222|H\344\261g?[gP\0278h\232\211g)\354\005\246\256XI\265J\214\312}\261\211y\355]\0228j\360\0224\003\021%\014P\031\372\373$P*|\321\342\002\026\n\3215\340\3203\200x\327D\301]5\237\247Yz\3711!L\214s!\003\325Q\255\224\274R@\312\253\262\347\352\034\346\347\242\215,\312\376=\277\353{\350\225\301\305`^, vF0D\002 I\361\014ed\255\334\372\367\r\252=\366\255$\032\307\310\024\002\003s\232\301p\r\301\354\017\372\310\277\002 wK\013\340\365\263\266d\363\333\336fO4KG\320\242f\031`\236\030\244\363T\310\212\205q\017W""; "
1750587272945,1750587272946,3487,1,0,3,TMLedgerData,"ledgerHash: ""u\315\243\367\211\2625\240r:n\277\003\026\366\353'\216jy9\\001\220\223~\341j\254O\025\257""; ledgerSeq: 0; type: liTS_CANDIDATE; nodes {;   nodedata: ""\246C\232\272\013^\241\340~\030'\005/\234\037\355\231\230\017\266\365\303w\360\273\374\234\362S:\270\023\n\003"";   nodeid: ""\000\000\000\000\000\000\000\000\000\000\000\000\000\000\000\000\000\000\000\000\000\000\000\000\000\000\000\000\000\000\000\000\000""; }; ","ledgerHash: ""u\315\243\367\211\2625\240r:n\277\003\026\366\353'\216jy9\\001\220\223~\341j\254O\025\257""; ledgerSeq: 0; type: liTS_CANDIDATE; nodes {;   nodedata: ""\246C\232\272\013^\241\340~\030'\005/\234\037\355\231\230\017\266\365\303w\360\273\374\234\362S:\270\023\n\003"";   nodeid: ""\000\000\000\000\000\000\000\000\000\000\000\000\000\000\000\000\000\000\000\000\000\000\000\000\000\000\000\000\000\000\000\000\000""; }; "
1750587272956,1750587272956,1102,1,2,3,TMLedgerData,"ledgerHash: ""u\315\243\367\211\2625\240r:n\277\003\026\366\353'\216jy9\\001\220\223~\341j\254O\025\257""; ledgerSeq: 0; type: liTS_CANDIDATE; nodes {;   nodedata: ""\246C\232\272\013^\241\340~\030'\005/\234\037\355\231\230\017\266\365\303w\360\273\374\234\362S:\270\023\n\003"";   nodeid: ""\000\000\000\000\000\000\000\000\000\000\000\000\000\000\000\000\000\000\000\000\000\000\000\000\000\000\000\000\000\000\000\000\000""; }; ","ledgerHash: ""u\315\243\367\211\2625\240r:n\277\003\026\366\353'\216jy9\\001\220\223~\341j\254O\025\257""; ledgerSeq: 0; type: liTS_CANDIDATE; nodes {;   nodedata: ""\246C\232\272\013^\241\340~\030'\005/\234\037\355\231\230\017\266\365\303w\360\273\374\234\362S:\270\023\n\003"";   nodeid: ""\000\000\000\000\000\000\000\000\000\000\000\000\000\000\000\000\000\000\000\000\000\000\000\000\000\000\000\000\000\000\000\000\000""; }; "
1750587273055,1750587273055,342,1,2,1,TMGetLedger,"itype: liTS_CANDIDATE; ledgerHash: ""u\315\243\367\211\2625\240r:n\277\003\026\366\353'\216jy9\\001\220\223~\341j\254O\025\257""; nodeIDs: ""\240\000\000\000\000\000\000\000\000\000\000\000\000\000\000\000\000\000\000\000\000\000\000\000\000\000\000\000\000\000\000\000\001""; requestCookie: 2; queryType: qtINDIRECT; ","itype: liTS_CANDIDATE; ledgerHash: ""u\315\243\367\211\2625\240r:n\277\003\026\366\353'\216jy9\\001\220\223~\341j\254O\025\257""; nodeIDs: ""\240\000\000\000\000\000\000\000\000\000\000\000\000\000\000\000\000\000\000\000\000\000\000\000\000\000\000\000\000\000\000\000\001""; requestCookie: 2; queryType: qtINDIRECT; "
1750587273066,1750587273067,3097,1,2,0,TMLedgerData,"ledgerHash: ""8h\232\211g)\354\005\246\256XI\265J\214\312}\261\211y\355]\0228j\360\0224\003\021%\014""; ledgerSeq: 0; type: liTS_CANDIDATE; nodes {;   nodedata: ""\222c\273c4\225\334\221\227u?\025\314=\305/\262\367\217\375\027j\323\304\372\312Fv\2716\001\355\t\246C\232\272\013^\241\340~\030'\005/\234\037\355\231\230\017\266\365\303w\360\273\374\234\362S:\270\023\n\270\212\275\306\204\271\274\361K|t\323\346\2174\324\362\014S]\301\325\344rY\277\343\351\364\374\023\263\013\003"";   nodeid: ""\000\000\000\000\000\000\000\000\000\000\000\000\000\000\000\000\000\000\000\000\000\000\000\000\000\000\000\000\000\000\000\000\000""; }; ","ledgerHash: ""8h\232\211g)\354\005\246\256XI\265J\214\312}\261\211y\355]\0228j\360\0224\003\021%\014""; ledgerSeq: 0; type: liTS_CANDIDATE; nodes {;   nodedata: ""\222c\273c4\225\334\221\227u?\025\314=\305/\262\367\217\375\027j\323\304\372\312Fv\2716\001\355\t\246C\232\272\013^\241\340~\030'\005/\234\037\355\231\230\017\266\365\303w\360\273\374\234\362S:\270\023\n\270\212\275\306\204\271\274\361K|t\323\346\2174\324\362\014S]\301\325\344rY\277\343\351\364\374\023\263\013\003"";   nodeid: ""\000\000\000\000\000\000\000\000\000\000\000\000\000\000\000\000\000\000\000\000\000\000\000\000\000\000\000\000\000\000\000\000\000""; }; "
1750587273099,1750587273099,2565,1,3,0,TMLedgerData,"ledgerHash: ""8h\232\211g)\354\005\246\256XI\265J\214\312}\261\211y\355]\0228j\360\0224\003\021%\014""; ledgerSeq: 0; type: liTS_CANDIDATE; nodes {;   nodedata: ""\222c\273c4\225\334\221\227u?\025\314=\305/\262\367\217\375\027j\323\304\372\312Fv\2716\001\355\t\246C\232\272\013^\241\340~\030'\005/\234\037\355\231\230\017\266\365\303w\360\273\374\234\362S:\270\023\n\270\212\275\306\204\271\274\361K|t\323\346\2174\324\362\014S]\301\325\344rY\277\343\351\364\374\023\263\013\003"";   nodeid: ""\000\000\000\000\000\000\000\000\000\000\000\000\000\000\000\000\000\000\000\000\000\000\000\000\000\000\000\000\000\000\000\000\000""; }; requestCookie: 3; ","ledgerHash: ""8h\232\211g)\354\005\246\256XI\265J\214\312}\261\211y\355]\0228j\360\0224\003\021%\014""; ledgerSeq: 0; type: liTS_CANDIDATE; nodes {;   nodedata: ""\222c\273c4\225\334\221\227u?\025\314=\305/\262\367\217\375\027j\323\304\372\312Fv\2716\001\355\t\246C\232\272\013^\241\340~\030'\005/\234\037\355\231\230\017\266\365\303w\360\273\374\234\362S:\270\023\n\270\212\275\306\204\271\274\361K|t\323\346\2174\324\362\014S]\301\325\344rY\277\343\351\364\374\023\263\013\003"";   nodeid: ""\000\000\000\000\000\000\000\000\000\000\000\000\000\000\000\000\000\000\000\000\000\000\000\000\000\000\000\000\000\000\000\000\000""; }; requestCookie: 3; "
1750587273105,1750587273105,2970,1,0,4,TMProposeSet,"proposeSeq: 0; currentTxHash: ""8h\232\211g)\354\005\246\256XI\265J\214\312}\261\211y\355]\0228j\360\0224\003\021%\014""; nodePubKey: ""\003ql\302)\235\321\t\213\224\356\374%%\311\327\037\374\304\t\335\2359\344\233\035]\347<u\236\364\222""; closeTime: 803902470; signature: ""0E\002!\000\366\004L@\274:\033Z\363\006J\023\204\245\252\267\356\001s\031\023vAm\342\230\206\337\235X\377\303\002 \014\316O\210\306\334\273\231\207Z\214\341\245\267t-e\224\013w\302w\332j\244-!SC\356\220q""; previousledger: ""\372\373$P*|\321\342\002\026\n\3215\340\3203\200x\327D\301]5\237\247Yz\3711!L\214""; ","proposeSeq: 0; currentTxHash: ""8h\232\211g)\354\005\246\256XI\265J\214\312}\261\211y\355]\0228j\360\0224\003\021%\014""; nodePubKey: ""\003ql\302)\235\321\t\213\224\356\374%%\311\327\037\374\304\t\335\2359\344\233\035]\347<u\236\364\222""; closeTime: 803902470; signature: ""0E\002!\000\366\004L@\274:\033Z\363\006J\023\204\245\252\267\356\001s\031\023vAm\342\230\206\337\235X\377\303\002 \014\316O\210\306\334\273\231\207Z\214\341\245\267t-e\224\013w\302w\332j\244-!SC\356\220q""; previousledger: ""\372\373$P*|\321\342\002\026\n\3215\340\3203\200x\327D\301]5\237\247Yz\3711!L\214""; "
1750587273135,1750587273135,1290,1,0,2,TMProposeSet,"proposeSeq: 0; currentTxHash: ""8h\232\211g)\354\005\246\256XI\265J\214\312}\261\211y\355]\0228j\360\0224\003\021%\014""; nodePubKey: ""\003ql\302)\235\321\t\213\224\356\374%%\311\327\037\374\304\t\335\2359\344\233\035]\347<u\236\364\222""; closeTime: 803902470; signature: ""0E\002!\000\366\004L@\274:\033Z\363\006J\023\204\245\252\267\356\001s\031\023vAm\342\230\206\337\235X\377\303\002 \014\316O\210\306\334\273\231\207Z\214\341\245\267t-e\224\013w\302w\332j\244-!SC\356\220q""; previousledger: ""\372\373$P*|\321\342\002\026\n\3215\340\3203\200x\327D\301]5\237\247Yz\3711!L\214""; ","proposeSeq: 0; currentTxHash: ""8h\232\211g)\354\005\246\256XI\265J\214\312}\261\211y\355]\0228j\360\0224\003\021%\014""; nodePubKey: ""\003ql\302)\235\321\t\213\224\356\374%%\311\327\037\374\304\t\335\2359\344\233\035]\347<u\236\364\222""; closeTime: 803902470; signature: ""0E\002!\000\366\004L@\274:\033Z\363\006J\023\204\245\252\267\356\001s\031\023vAm\342\230\206\337\235X\377\303\002 \014\316O\210\306\334\273\231\207Z\214\341\245\267t-e\224\013w\302w\332j\244-!SC\356\220q""; previousledger: ""\372\373$P*|\321\342\002\026\n\3215\340\3203\200x\327D\301]5\237\247Yz\3711!L\214""; "
1750587273136,1750587273137,141,1,0,3,TMProposeSet,"proposeSeq: 0; currentTxHash: ""8h\232\211g)\354\005\246\256XI\265J\214\312}\261\211y\355]\0228j\360\0224\003\021%\014""; nodePubKey: ""\003ql\302)\235\321\t\213\224\356\374%%\311\327\037\374\304\t\335\2359\344\233\035]\347<u\236\364\222""; closeTime: 803902470; signature: ""0E\002!\000\366\004L@\274:\033Z\363\006J\023\204\245\252\267\356\001s\031\023vAm\342\230\206\337\235X\377\303\002 \014\316O\210\306\334\273\231\207Z\214\341\245\267t-e\224\013w\302w\332j\244-!SC\356\220q""; previousledger: ""\372\373$P*|\321\342\002\026\n\3215\340\3203\200x\327D\301]5\237\247Yz\3711!L\214""; ","proposeSeq: 0; currentTxHash: ""8h\232\211g)\354\005\246\256XI\265J\214\312}\261\211y\355]\0228j\360\0224\003\021%\014""; nodePubKey: ""\003ql\302)\235\321\t\213\224\356\374%%\311\327\037\374\304\t\335\2359\344\233\035]\347<u\236\364\222""; closeTime: 803902470; signature: ""0E\002!\000\366\004L@\274:\033Z\363\006J\023\204\245\252\267\356\001s\031\023vAm\342\230\206\337\235X\377\303\002 \014\316O\210\306\334\273\231\207Z\214\341\245\267t-e\224\013w\302w\332j\244-!SC\356\220q""; previousledger: ""\372\373$P*|\321\342\002\026\n\3215\340\3203\200x\327D\301]5\237\247Yz\3711!L\214""; "
1750587273137,1750587273137,486,1,4,0,TMLedgerData,"ledgerHash: ""u\315\243\367\211\2625\240r:n\277\003\026\366\353'\216jy9\\001\220\223~\341j\254O\025\257""; ledgerSeq: 0; type: liTS_CANDIDATE; nodes {;   nodedata: ""\246C\232\272\013^\241\340~\030'\005/\234\037\355\231\230\017\266\365\303w\360\273\374\234\362S:\270\023\n\003"";   nodeid: ""\000\000\000\000\000\000\000\000\000\000\000\000\000\000\000\000\000\000\000\000\000\000\000\000\000\000\000\000\000\000\000\000\000""; }; ","ledgerHash: ""u\315\243\367\211\2625\240r:n\277\003\026\366\353'\216jy9\\001\220\223~\341j\254O\025\257""; ledgerSeq: 0; type: liTS_CANDIDATE; nodes {;   nodedata: ""\246C\232\272\013^\241\340~\030'\005/\234\037\355\231\230\017\266\365\303w\360\273\374\234\362S:\270\023\n\003"";   nodeid: ""\000\000\000\000\000\000\000\000\000\000\000\000\000\000\000\000\000\000\000\000\000\000\000\000\000\000\000\000\000\000\000\000\000""; }; "
1750587273138,1750587273139,2565,1,3,0,TMLedgerData,"ledgerHash: ""8h\232\211g)\354\005\246\256XI\265J\214\312}\261\211y\355]\0228j\360\0224\003\021%\014""; ledgerSeq: 0; type: liTS_CANDIDATE; nodes {;   nodedata: ""\022\000\000""\000\000\000\000$\000\000\000\001 \033\000\000\000\027a@\000\000\027H\206*@h@\000\000\000\000\000\000\ns!\0030\347\374\235V\273%\326\211;\243\363\027\256[\3173\263)\033\326=\263&T\243\023""/\177\320 tF0D\002 0\023\341\332; \2711\245\020\321\3300\345\267-)\230\177\246\236AQ\327\203\207H\226+\000%\336\002 \024\036\211\237\201t\376\272E\270\230\020\334\014\356g\273\025((\376\266\216@ \254^2T\233\013\034\201\024\265\367by\212S\325C\240\024\312\370\262\227\317\370\362\3717\350\203\024E0\246\210\344\325\345r\024T\251\006P\255\352\333\372\351\337\302\000"";   nodeid: ""\240\000\000\000\000\000\000\000\000\000\000\000\000\000\000\000\000\000\000\000\000\000\000\000\000\000\000\000\000\000\000\000\001""; }; ","ledgerHash: ""8h\232\211g)\354\005\246\256XI\265J\214\312}\261\211y\355]\0228j\360\0224\003\021%\014""; ledgerSeq: 0; type: liTS_CANDIDATE; nodes {;   nodedata: ""\022\000\000""\000\000\000\000$\000\000\000\001 \033\000\000\000\027a@\000\000\027H\206*@h@\000\000\000\000\000\000\ns!\0030\347\374\235V\273%\326\211;\243\363\027\256[\3173\263)\033\326=\263&T\243\023""/\177\320 tF0D\002 0\023\341\332; \2711\245\020\321\3300\345\267-)\230\177\246\236AQ\327\203\207H\226+\000%\336\002 \024\036\211\237\201t\376\272E\270\230\020\334\014\356g\273\025((\376\266\216@ \254^2T\233\013\034\201\024\265\367by\212S\325C\240\024\312\370\262\227\317\370\362\3717\350\203\024E0\246\210\344\325\345r\024T\251\006P\255\352\333\372\351\337\302\000"";   nodeid: ""\240\000\000\000\000\000\000\000\000\000\000\000\000\000\000\000\000\000\000\000\000\000\000\000\000\000\000\000\000\000\000\000\001""; }; "
1750587273139,1750587273139,3097,1,2,0,TMLedgerData,"ledgerHash: ""u\315\243\367\211\2625\240r:n\277\003\026\366\353'\216jy9\\001\220\223~\341j\254O\025\257""; ledgerSeq: 0; type: liTS_CANDIDATE; nodes {;   nodedata: ""\246C\232\272\013^\241\340~\030'\005/\234\037\355\231\230\017\266\365\303w\360\273\374\234\362S:\270\023\n\003"";   nodeid: ""\000\000\000\000\000\000\000\000\000\000\000\000\000\000\000\000\000\000\000\000\000\000\000\000\000\000\000\000\000\000\000\000\000""; }; ","ledgerHash: ""u\315\243\367\211\2625\240r:n\277\003\026\366\353'\216jy9\\001\220\223~\341j\254O\025\257""; ledgerSeq: 0; type: liTS_CANDIDATE; nodes {;   nodedata: ""\246C\232\272\013^\241\340~\030'\005/\234\037\355\231\230\017\266\365\303w\360\273\374\234\362S:\270\023\n\003"";   nodeid: ""\000\000\000\000\000\000\000\000\000\000\000\000\000\000\000\000\000\000\000\000\000\000\000\000\000\000\000\000\000\000\000\000\000""; }; "
1750587273140,1750587273140,628,1,3,2,TMLedgerData,"ledgerHash: ""8h\232\211g)\354\005\246\256XI\265J\214\312}\261\211y\355]\0228j\360\0224\003\021%\014""; ledgerSeq: 0; type: liTS_CANDIDATE; nodes {;   nodedata: ""\222c\273c4\225\334\221\227u?\025\314=\305/\262\367\217\375\027j\323\304\372\312Fv\2716\001\355\t\246C\232\272\013^\241\340~\030'\005/\234\037\355\231\230\017\266\365\303w\360\273\374\234\362S:\270\023\n\270\212\275\306\204\271\274\361K|t\323\346\2174\324\362\014S]\301\325\344rY\277\343\351\364\374\023\263\013\003"";   nodeid: ""\000\000\000\000\000\000\000\000\000\000\000\000\000\000\000\000\000\000\000\000\000\000\000\000\000\000\000\000\000\000\000\000\000""; }; ","ledgerHash: ""8h\232\211g)\354\005\246\256XI\265J\214\312}\261\211y\355]\0228j\360\0224\003\021%\014""; ledgerSeq: 0; type: liTS_CANDIDATE; nodes {;   nodedata: ""\222c\273c4\225\334\221\227u?\025\314=\305/\262\367\217\375\027j\323\304\372\312Fv\2716\001\355\t\246C\232\272\013^\241\340~\030'\005/\234\037\355\231\230\017\266\365\303w\360\273\374\234\362S:\270\023\n\270\212\275\306\204\271\274\361K|t\323\346\2174\324\362\014S]\301\325\344rY\277\343\351\364\374\023\263\013\003"";   nodeid: ""\000\000\000\000\000\000\000\000\000\000\000\000\000\000\000\000\000\000\000\000\000\000\000\000\000\000\000\000\000\000\000\000\000""; }; "
1750587273144,1750587273144,628,1,3,2,TMLedgerData,"ledgerHash: ""\372\373$P*|\321\342\002\026\n\3215\340\3203\200x\327D\301]5\237\247Yz\3711!L\214""; ledgerSeq: 5; type: liBASE; nodes {;   nodedata: ""\000\000\000\005\001cEx]\212\000\000\241'\332/+\360Bx\036+\210j\237K%\340]\246E\2434\264K\036\030qP\317\315\336\325\007\000\000\000\000\000\000\000\000\000\000\000\000\000\000\000\000\000\000\000\000\000\000\000\000\000\000\000\000\000\000\000\000`\314E\345\274\262t\247\026\262\034+o5\305\346\027G~\333\026l\257|t\323mid\302\226-/\352\223\375/\352\224\006\n\000""; }; nodes {;   nodedata: ""\303\016\021\310<Z\337\266>\225@&n\022\246\274\353\220\345b3\035\313\350L\354\254\002\005\305\035\017\002E\344\037@\210\363\010\336T\226\247'\204_{\261\370""1\235\2445\343\033Y!\212\201\341\272\225'\007\216\374\007Stj/$R\017@\032\350\327\373\007\365\300zp\377_\034\325\212\203\333k\273\230\031\217\013\003""; }; ","ledgerHash: ""\372\373$P*|\321\342\002\026\n\3215\340\3203\200x\327D\301]5\237\247Yz\3711!L\214""; ledgerSeq: 5; type: liBASE; nodes {;   nodedata: ""\000\000\000\005\001cEx]\212\000\000\241'\332/+\360Bx\036+\210j\237K%\340]\246E\2434\264K\036\030qP\317\315\336\325\007\000\000\000\000\000\000\000\000\000\000\000\000\000\000\000\000\000\000\000\000\000\000\000\000\000\000\000\000\000\000\000\000`\314E\345\274\262t\247\026\262\034+o5\305\346\027G~\333\026l\257|t\323mid\302\226-/\352\223\375/\352\224\006\n\000""; }; nodes {;   nodedata: ""\303\016\021\310<Z\337\266>\225@&n\022\246\274\353\220\345b3\035\313\350L\354\254\002\005\305\035\017\002E\344\037@\210\363\010\336T\226\247'\204_{\261\370""1\235\2445\343\033Y!\212\201\341\272\225'\007\216\374\007Stj/$R\017@\032\350\327\373\007\365\300zp\377_\034\325\212\203\333k\273\230\031\217\013\003""; }; "
1750587273144,1750587273144,628,1,3,2,TMLedgerData,"ledgerHash: ""\372\373$P*|\321\342\002\026\n\3215\340\3203\200x\327D\301]5\237\247Yz\3711!L\214""; ledgerSeq: 5; type: liBASE; nodes {;   nodedata: ""\000\000\000\005\001cEx]\212\000\000\241'\332/+\360Bx\036+\210j\237K%\340]\246E\2434\264K\036\030qP\317\315\336\325\007\000\000\000\000\000\000\000\000\000\000\000\000\000\000\000\000\000\000\000\000\000\000\000\000\000\000\000\000\000\000\000\000`\314E\345\274\262t\247\026\262\034+o5\305\346\027G~\333\026l\257|t\323mid\302\226-/\352\223\375/\352\224\006\n\000""; }; nodes {;   nodedata: ""\303\016\021\310<Z\337\266>\225@&n\022\246\274\353\220\345b3\035\313\350L\354\254\002\005\305\035\017\002E\344\037@\210\363\010\336T\226\247'\204_{\261\370""1\235\2445\343\033Y!\212\201\341\272\225'\007\216\374\007Stj/$R\017@\032\350\327\373\007\365\300zp\377_\034\325\212\203\333k\273\230\031\217\013\003""; }; ","ledgerHash: ""\372\373$P*|\321\342\002\026\n\3215\340\3203\200x\327D\301]5\237\247Yz\3711!L\214""; ledgerSeq: 5; type: liBASE; nodes {;   nodedata: ""\000\000\000\005\001cEx]\212\000\000\241'\332/+\360Bx\036+\210j\237K%\340]\246E\2434\264K\036\030qP\317\315\336\325\007\000\000\000\000\000\000\000\000\000\000\000\000\000\000\000\000\000\000\000\000\000\000\000\000\000\000\000\000\000\000\000\000`\314E\345\274\262t\247\026\262\034+o5\305\346\027G~\333\026l\257|t\323mid\302\226-/\352\223\375/\352\224\006\n\000""; }; nodes {;   nodedata: ""\303\016\021\310<Z\337\266>\225@&n\022\246\274\353\220\345b3\035\313\350L\354\254\002\005\305\035\017\002E\344\037@\210\363\010\336T\226\247'\204_{\261\370""1\235\2445\343\033Y!\212\201\341\272\225'\007\216\374\007Stj/$R\017@\032\350\327\373\007\365\300zp\377_\034\325\212\203\333k\273\230\031\217\013\003""; }; "
1750587273163,1750587273163,2565,1,3,0,TMLedgerData,"ledgerHash: ""u\315\243\367\211\2625\240r:n\277\003\026\366\353'\216jy9\\001\220\223~\341j\254O\025\257""; ledgerSeq: 0; type: liTS_CANDIDATE; nodes {;   nodedata: ""\022\000\000""\000\000\000\000$\000\000\000\001 \033\000\000\000\027a@\000\000\027H\206*@h@\000\000\000\000\000\000\ns!\0030\347\374\235V\273%\326\211;\243\363\027\256[\3173\263)\033\326=\263&T\243\023""/\177\320 tF0D\002 0\023\341\332; \2711\245\020\321\3300\345\267-)\230\177\246\236AQ\327\203\207H\226+\000%\336\002 \024\036\211\237\201t\376\272E\270\230\020\334\014\356g\273\025((\376\266\216@ \254^2T\233\013\034\201\024\265\367by\212S\325C\240\024\312\370\262\227\317\370\362\3717\350\203\024E0\246\210\344\325\345r\024T\251\006P\255\352\333\372\351\337\302\000"";   nodeid: ""\240\000\000\000\000\000\000\000\000\000\000\000\000\000\000\000\000\000\000\000\000\000\000\000\000\000\000\000\000\000\000\000\001""; }; ","ledgerHash: ""u\315\243\367\211\2625\240r:n\277\003\026\366\353'\216jy9\\001\220\223~\341j\254O\025\257""; ledgerSeq: 0; type: liTS_CANDIDATE; nodes {;   nodedata: ""\022\000\000""\000\000\000\000$\000\000\000\001 \033\000\000\000\027a@\000\000\027H\206*@h@\000\000\000\000\000\000\ns!\0030\347\374\235V\273%\326\211;\243\363\027\256[\3173\263)\033\326=\263&T\243\023""/\177\320 tF0D\002 0\023\341\332; \2711\245\020\321\3300\345\267-)\230\177\246\236AQ\327\203\207H\226+\000%\336\002 \024\036\211\237\201t\376\272E\270\230\020\334\014\356g\273\025((\376\266\216@ \254^2T\233\013\034\201\024\265\367by\212S\325C\240\024\312\370\262\227\317\370\362\3717\350\203\024E0\246\210\344\325\345r\024T\251\006P\255\352\333\372\351\337\302\000"";   nodeid: ""\240\000\000\000\000\000\000\000\000\000\000\000\000\000\000\000\000\000\000\000\000\000\000\000\000\000\000\000\000\000\000\000\001""; }; "
1750587273165,1750587273165,1102,1,2,3,TMLedgerData,"ledgerHash: ""u\315\243\367\211\2625\240r:n\277\003\026\366\353'\216jy9\\001\220\223~\341j\254O\025\257""; ledgerSeq: 0; type: liTS_CANDIDATE; nodes {;   nodedata: ""\246C\232\272\013^\241\340~\030'\005/\234\037\355\231\230\017\266\365\303w\360\273\374\234\362S:\270\023\n\003"";   nodeid: ""\000\000\000\000\000\000\000\000\000\000\000\000\000\000\000\000\000\000\000\000\000\000\000\000\000\000\000\000\000\000\000\000\000""; }; ","ledgerHash: ""u\315\243\367\211\2625\240r:n\277\003\026\366\353'\216jy9\\001\220\223~\341j\254O\025\257""; ledgerSeq: 0; type: liTS_CANDIDATE; nodes {;   nodedata: ""\246C\232\272\013^\241\340~\030'\005/\234\037\355\231\230\017\266\365\303w\360\273\374\234\362S:\270\023\n\003"";   nodeid: ""\000\000\000\000\000\000\000\000\000\000\000\000\000\000\000\000\000\000\000\000\000\000\000\000\000\000\000\000\000\000\000\000\000""; }; "
1750587273170,1750587273170,734,1,3,2,TMValidation,"validation: """"\200\000\000\001&\000\000\000\006)/\352\224\007:v|\203\267)\257\206\032Q\221=\252\002\267\225zg\264\253\271T\346ji\003\235\236Pis\264\375\222|H\344\261g?[gP\0278h\232\211g)\354\005\246\256XI\265J\214\312}\261\211y\355]\0228j\360\0224\003\021%\014P\031\372\373$P*|\321\342\002\026\n\3215\340\3203\200x\327D\301]5\237\247Yz\3711!L\214s!\003.\200\224\215?)t\306\315\242\313\251\255\302\204=\232.\271%}\013\024s\024\002@\216l""\241FvG0E\002!\000\376\035Y\202\211\017\t\330H\217\242\227\204\036\3472\326\022\226\233\231\245f\214Q\216\320\263\034o\300Q\002 @\361\352@PM\331\315\303i\360\306j\207\333\323Y1\343,\333\204m\325\354g\001\264t\207\n\330""; ","validation: """"\200\000\000\001&\000\000\000\006)/\352\224\007:v|\203\267)\257\206\032Q\221=\252\002\267\225zg\264\253\271T\346ji\003\235\236Pis\264\375\222|H\344\261g?[gP\0278h\232\211g)\354\005\246\256XI\265J\214\312}\261\211y\355]\0228j\360\0224\003\021%\014P\031\372\373$P*|\321\342\002\026\n\3215\340\3203\200x\327D\301]5\237\247Yz\3711!L\214s!\003.\200\224\215?)t\306\315\242\313\251\255\302\204=\232.\271%}\013\024s\024\002@\216l""\241FvG0E\002!\000\376\035Y\202\211\017\t\330H\217\242\227\204\036\3472\326\022\226\233\231\245f\214Q\216\320\263\034o\300Q\002 @\361\352@PM\331\315\303i\360\306j\207\333\323Y1\343,\333\204m\325\354g\001\264t\207\n\330""; "
1750587273171,1750587273171,2573,1,3,1,TMValidation,"validation: """"\200\000\000\001&\000\000\000\006)/\352\224\007:v|\203\267)\257\206\032Q\221=\252\002\267\225zg\264\253\271T\346ji\003\235\236Pis\264\375\222|H\344\261g?[gP\0278h\232\211g)\354\005\246\256XI\265J\214\312}\261\211y\355]\0228j\360\0224\003\021%\014P\031\372\373$P*|\321\342\002\026\n\3215\340\3203\200x\327D\301]5\237\247Yz\3711!L\214s!\003.\200\224\215?)t\306\315\242\313\251\255\302\204=\232.\271%}\013\024s\024\002@\216l""\241FvG0E\002!\000\376\035Y\202\211\017\t\330H\217\242\227\204\036\3472\326\022\226\233\231\245f\214Q\216\320\263\034o\300Q\002 @\361\352@PM\331\315\303i\360\306j\207\333\323Y1\343,\333\204m\325\354g\001\264t\207\n\330""; ","validation: """"\200\000\000\001&\000\000\000\006)/\352\224\007:v|\203\267)\257\206\032Q\221=\252\002\267\225zg\264\253\271T\346ji\003\235\236Pis\264\375\222|H\344\261g?[gP\0278h\232\211g)\354\005\246\256XI\265J\214\312}\261\211y\355]\0228j\360\0224\003\021%\014P\031\372\373$P*|\321\342\002\026\n\3215\340\3203\200x\327D\301]5\237\247Yz\3711!L\214s!\003.\200\224\215?)t\306\315\242\313\251\255\302\204=\232.\271%}\013\024s\024\002@\216l""\241FvG0E\002!\000\376\035Y\202\211\017\t\330H\217\242\227\204\036\3472\326\022\226\233\231\245f\214Q\216\320\263\034o\300Q\002 @\361\352@PM\331\315\303i\360\306j\207\333\323Y1\343,\333\204m\325\354g\001\264t\207\n\330""; "
1750587273172,1750587273172,1103,1,0,4,TMLedgerData,"ledgerHash: ""8h\232\211g)\354\005\246\256XI\265J\214\312}\261\211y\355]\0228j\360\0224\003\021%\014""; ledgerSeq: 0; type: liTS_CANDIDATE; nodes {;   nodedata: ""\222c\273c4\225\334\221\227u?\025\314=\305/\262\367\217\375\027j\323\304\372\312Fv\2716\001\355\t\246C\232\272\013^\241\340~\030'\005/\234\037\355\231\230\017\266\365\303w\360\273\374\234\362S:\270\023\n\270\212\275\306\204\271\274\361K|t\323\346\2174\324\362\014S]\301\325\344rY\277\343\351\364\374\023\263\013\003"";   nodeid: ""\000\000\000\000\000\000\000\000\000\000\000\000\000\000\000\000\000\000\000\000\000\000\000\000\000\000\000\000\000\000\000\000\000""; }; ","ledgerHash: ""8h\232\211g)\354\005\246\256XI\265J\214\312}\261\211y\355]\0228j\360\0224\003\021%\014""; ledgerSeq: 0; type: liTS_CANDIDATE; nodes {;   nodedata: ""\222c\273c4\225\334\221\227u?\025\314=\305/\262\367\217\375\027j\323\304\372\312Fv\2716\001\355\t\246C\232\272\013^\241\340~\030'\005/\234\037\355\231\230\017\266\365\303w\360\273\374\234\362S:\270\023\n\270\212\275\306\204\271\274\361K|t\323\346\2174\324\362\014S]\301\325\344rY\277\343\351\364\374\023\263\013\003"";   nodeid: ""\000\000\000\000\000\000\000\000\000\000\000\000\000\000\000\000\000\000\000\000\000\000\000\000\000\000\000\000\000\000\000\000\000""; }; "
1750587273174,1750587273174,2715,1,1,4,TMLedgerData,"ledgerHash: ""u\315\243\367\211\2625\240r:n\277\003\026\366\353'\216jy9\\001\220\223~\341j\254O\025\257""; ledgerSeq: 0; type: liTS_CANDIDATE; nodes {;   nodedata: ""\022\000\000""\000\000\000\000$\000\000\000\001 \033\000\000\000\027a@\000\000\027H\206*@h@\000\000\000\000\000\000\ns!\0030\347\374\235V\273%\326\211;\243\363\027\256[\3173\263)\033\326=\263&T\243\023""/\177\320 tF0D\002 0\023\341\332; \2711\245\020\321\3300\345\267-)\230\177\246\236AQ\327\203\207H\226+\000%\336\002 \024\036\211\237\201t\376\272E\270\230\020\334\014\356g\273\025((\376\266\216@ \254^2T\233\013\034\201\024\265\367by\212S\325C\240\024\312\370\262\227\317\370\362\3717\350\203\024E0\246\210\344\325\345r\024T\251\006P\255\352\333\372\351\337\302\000"";   nodeid: ""\240\000\000\000\000\000\000\000\000\000\000\000\000\000\000\000\000\000\000\000\000\000\000\000\000\000\000\000\000\000\000\000\001""; }; requestCookie: 1; ","ledgerHash: ""u\315\243\367\211\2625\240r:n\277\003\026\366\353'\216jy9\\001\220\223~\341j\254O\025\257""; ledgerSeq: 0; type: liTS_CANDIDATE; nodes {;   nodedata: ""\022\000\000""\000\000\000\000$\000\000\000\001 \033\000\000\000\027a@\000\000\027H\206*@h@\000\000\000\000\000\000\ns!\0030\347\374\235V\273%\326\211;\243\363\027\256[\3173\263)\033\326=\263&T\243\023""/\177\320 tF0D\002 0\023\341\332; \2711\245\020\321\3300\345\267-)\230\177\246\236AQ\327\203\207H\226+\000%\336\002 \024\036\211\237\201t\376\272E\270\230\020\334\014\356g\273\025((\376\266\216@ \254^2T\233\013\034\201\024\265\367by\212S\325C\240\024\312\370\262\227\317\370\362\3717\350\203\024E0\246\210\344\325\345r\024T\251\006P\255\352\333\372\351\337\302\000"";   nodeid: ""\240\000\000\000\000\000\000\000\000\000\000\000\000\000\000\000\000\000\000\000\000\000\000\000\000\000\000\000\000\000\000\000\001""; }; requestCookie: 1; "
1750587273183,1750587273183,1772,1,4,3,TMLedgerData,"ledgerHash: ""u\315\243\367\211\2625\240r:n\277\003\026\366\353'\216jy9\\001\220\223~\341j\254O\025\257""; ledgerSeq: 0; type: liTS_CANDIDATE; nodes {;   nodedata: ""\246C\232\272\013^\241\340~\030'\005/\234\037\355\231\230\017\266\365\303w\360\273\374\234\362S:\270\023\n\003"";   nodeid: ""\000\000\000\000\000\000\000\000\000\000\000\000\000\000\000\000\000\000\000\000\000\000\000\000\000\000\000\000\000\000\000\000\000""; }; ","ledgerHash: ""u\315\243\367\211\2625\240r:n\277\003\026\366\353'\216jy9\\001\220\223~\341j\254O\025\257""; ledgerSeq: 0; type: liTS_CANDIDATE; nodes {;   nodedata: ""\246C\232\272\013^\241\340~\030'\005/\234\037\355\231\230\017\266\365\303w\360\273\374\234\362S:\270\023\n\003"";   nodeid: ""\000\000\000\000\000\000\000\000\000\000\000\000\000\000\000\000\000\000\000\000\000\000\000\000\000\000\000\000\000\000\000\000\000""; }; "
1750587273189,1750587273189,3767,1,3,0,TMValidation,"validation: """"\200\000\000\001&\000\000\000\006)/\352\224\007:v|\203\267)\257\206\032Q\221=\252\002\267\225zg\264\253\271T\346ji\003\235\236Pis\264\375\222|H\344\261g?[gP\0278h\232\211g)\354\005\246\256XI\265J\214\312}\261\211y\355]\0228j\360\0224\003\021%\014P\031\372\373$P*|\321\342\002\026\n\3215\340\3203\200x\327D\301]5\237\247Yz\3711!L\214s!\003.\200\224\215?)t\306\315\242\313\251\255\302\204=\232.\271%}\013\024s\024\002@\216l""\241FvG0E\002!\000\376\035Y\202\211\017\t\330H\217\242\227\204\036\3472\326\022\226\233\231\245f\214Q\216\320\263\034o\300Q\002 @\361\352@PM\331\315\303i\360\306j\207\333\323Y1\343,\333\204m\325\354g\001\264t\207\n\330""; ","validation: """"\200\000\000\001&\000\000\000\006)/\352\224\007:v|\203\267)\257\206\032Q\221=\252\002\267\225zg\264\253\271T\346ji\003\235\236Pis\264\375\222|H\344\261g?[gP\0278h\232\211g)\354\005\246\256XI\265J\214\312}\261\211y\355]\0228j\360\0224\003\021%\014P\031\372\373$P*|\321\342\002\026\n\3215\340\3203\200x\327D\301]5\237\247Yz\3711!L\214s!\003.\200\224\215?)t\306\315\242\313\251\255\302\204=\232.\271%}\013\024s\024\002@\216l""\241FvG0E\002!\000\376\035Y\202\211\017\t\330H\217\242\227\204\036\3472\326\022\226\233\231\245f\214Q\216\320\263\034o\300Q\002 @\361\352@PM\331\315\303i\360\306j\207\333\323Y1\343,\333\204m\325\354g\001\264t\207\n\330""; "
1750587273196,1750587273196,3487,1,0,3,TMLedgerData,"ledgerHash: ""u\315\243\367\211\2625\240r:n\277\003\026\366\353'\216jy9\\001\220\223~\341j\254O\025\257""; ledgerSeq: 0; type: liTS_CANDIDATE; nodes {;   nodedata: ""\246C\232\272\013^\241\340~\030'\005/\234\037\355\231\230\017\266\365\303w\360\273\374\234\362S:\270\023\n\003"";   nodeid: ""\000\000\000\000\000\000\000\000\000\000\000\000\000\000\000\000\000\000\000\000\000\000\000\000\000\000\000\000\000\000\000\000\000""; }; ","ledgerHash: ""u\315\243\367\211\2625\240r:n\277\003\026\366\353'\216jy9\\001\220\223~\341j\254O\025\257""; ledgerSeq: 0; type: liTS_CANDIDATE; nodes {;   nodedata: ""\246C\232\272\013^\241\340~\030'\005/\234\037\355\231\230\017\266\365\303w\360\273\374\234\362S:\270\023\n\003"";   nodeid: ""\000\000\000\000\000\000\000\000\000\000\000\000\000\000\000\000\000\000\000\000\000\000\000\000\000\000\000\000\000\000\000\000\000""; }; "
1750587273266,1750587273266,1650,1,3,4,TMLedgerData,"ledgerHash: ""8h\232\211g)\354\005\246\256XI\265J\214\312}\261\211y\355]\0228j\360\0224\003\021%\014""; ledgerSeq: 0; type: liTS_CANDIDATE; nodes {;   nodedata: ""\222c\273c4\225\334\221\227u?\025\314=\305/\262\367\217\375\027j\323\304\372\312Fv\2716\001\355\t\246C\232\272\013^\241\340~\030'\005/\234\037\355\231\230\017\266\365\303w\360\273\374\234\362S:\270\023\n\270\212\275\306\204\271\274\361K|t\323\346\2174\324\362\014S]\301\325\344rY\277\343\351\364\374\023\263\013\003"";   nodeid: ""\000\000\000\000\000\000\000\000\000\000\000\000\000\000\000\000\000\000\000\000\000\000\000\000\000\000\000\000\000\000\000\000\000""; }; ","ledgerHash: ""8h\232\211g)\354\005\246\256XI\265J\214\312}\261\211y\355]\0228j\360\0224\003\021%\014""; ledgerSeq: 0; type: liTS_CANDIDATE; nodes {;   nodedata: ""\222c\273c4\225\334\221\227u?\025\314=\305/\262\367\217\375\027j\323\304\372\312Fv\2716\001\355\t\246C\232\272\013^\241\340~\030'\005/\234\037\355\231\230\017\266\365\303w\360\273\374\234\362S:\270\023\n\270\212\275\306\204\271\274\361K|t\323\346\2174\324\362\014S]\301\325\344rY\277\343\351\364\374\023\263\013\003"";   nodeid: ""\000\000\000\000\000\000\000\000\000\000\000\000\000\000\000\000\000\000\000\000\000\000\000\000\000\000\000\000\000\000\000\000\000""; }; "
1750587273270,1750587273270,3097,1,2,0,TMLedgerData,"ledgerHash: ""8h\232\211g)\354\005\246\256XI\265J\214\312}\261\211y\355]\0228j\360\0224\003\021%\014""; ledgerSeq: 0; type: liTS_CANDIDATE; nodes {;   nodedata: ""\222c\273c4\225\334\221\227u?\025\314=\305/\262\367\217\375\027j\323\304\372\312Fv\2716\001\355\t\246C\232\272\013^\241\340~\030'\005/\234\037\355\231\230\017\266\365\303w\360\273\374\234\362S:\270\023\n\270\212\275\306\204\271\274\361K|t\323\346\2174\324\362\014S]\301\325\344rY\277\343\351\364\374\023\263\013\003"";   nodeid: ""\000\000\000\000\000\000\000\000\000\000\000\000\000\000\000\000\000\000\000\000\000\000\000\000\000\000\000\000\000\000\000\000\000""; }; ","ledgerHash: ""8h\232\211g)\354\005\246\256XI\265J\214\312}\261\211y\355]\0228j\360\0224\003\021%\014""; ledgerSeq: 0; type: liTS_CANDIDATE; nodes {;   nodedata: ""\222c\273c4\225\334\221\227u?\025\314=\305/\262\367\217\375\027j\323\304\372\312Fv\2716\001\355\t\246C\232\272\013^\241\340~\030'\005/\234\037\355\231\230\017\266\365\303w\360\273\374\234\362S:\270\023\n\270\212\275\306\204\271\274\361K|t\323\346\2174\324\362\014S]\301\325\344rY\277\343\351\364\374\023\263\013\003"";   nodeid: ""\000\000\000\000\000\000\000\000\000\000\000\000\000\000\000\000\000\000\000\000\000\000\000\000\000\000\000\000\000\000\000\000\000""; }; "
1750587273278,1750587273279,3082,1,2,4,TMProposeSet,"proposeSeq: 0; currentTxHash: ""\000\000\000\000\000\000\000\000\000\000\000\000\000\000\000\000\000\000\000\000\000\000\000\000\000\000\000\000\000\000\000\000""; nodePubKey: ""\003ql\302)\235\321\t\213\224\356\374%%\311\327\037\374\304\t\335\2359\344\233\035]\347<u\236\364\222""; closeTime: 803902473; signature: ""0D\002 v:\232\251\354%\361\300\340\265\366\232\221;\323`p\2656\203M\304\3123\214\325-\022\347\027\213\262\002 e\013\250#\314h\267\005Z\370\227\234\217\345\037\337\n(%\0173\241\023W\237\3006\370\212\360\201\033""; previousledger: ""\221=\252\002\267\225zg\264\253\271T\346ji\003\235\236Pis\264\375\222|H\344\261g?[g""; ","proposeSeq: 0; currentTxHash: ""\000\000\000\000\000\000\000\000\000\000\000\000\000\000\000\000\000\000\000\000\000\000\000\000\000\000\000\000\000\000\000\000""; nodePubKey: ""\003ql\302)\235\321\t\213\224\356\374%%\311\327\037\374\304\t\335\2359\344\233\035]\347<u\236\364\222""; closeTime: 803902473; signature: ""0D\002 v:\232\251\354%\361\300\340\265\366\232\221;\323`p\2656\203M\304\3123\214\325-\022\347\027\213\262\002 e\013\250#\314h\267\005Z\370\227\234\217\345\037\337\n(%\0173\241\023W\237\3006\370\212\360\201\033""; previousledger: ""\221=\252\002\267\225zg\264\253\271T\346ji\003\235\236Pis\264\375\222|H\344\261g?[g""; "
1750587273279,1750587273279,1838,1,2,1,TMProposeSet,"proposeSeq: 0; currentTxHash: ""\000\000\000\000\000\000\000\000\000\000\000\000\000\000\000\000\000\000\000\000\000\000\000\000\000\000\000\000\000\000\000\000""; nodePubKey: ""\003ql\302)\235\321\t\213\224\356\374%%\311\327\037\374\304\t\335\2359\344\233\035]\347<u\236\364\222""; closeTime: 803902473; signature: ""0D\002 v:\232\251\354%\361\300\340\265\366\232\221;\323`p\2656\203M\304\3123\214\325-\022\347\027\213\262\002 e\013\250#\314h\267\005Z\370\227\234\217\345\037\337\n(%\0173\241\023W\237\3006\370\212\360\201\033""; previousledger: ""\221=\252\002\267\225zg\264\253\271T\346ji\003\235\236Pis\264\375\222|H\344\261g?[g""; ","proposeSeq: 0; currentTxHash: ""\000\000\000\000\000\000\000\000\000\000\000\000\000\000\000\000\000\000\000\000\000\000\000\000\000\000\000\000\000\000\000\000""; nodePubKey: ""\003ql\302)\235\321\t\213\224\356\374%%\311\327\037\374\304\t\335\2359\344\233\035]\347<u\236\364\222""; closeTime: 803902473; signature: ""0D\002 v:\232\251\354%\361\300\340\265\366\232\221;\323`p\2656\203M\304\3123\214\325-\022\347\027\213\262\002 e\013\250#\314h\267\005Z\370\227\234\217\345\037\337\n(%\0173\241\023W\237\3006\370\212\360\201\033""; previousledger: ""\221=\252\002\267\225zg\264\253\271T\346ji\003\235\236Pis\264\375\222|H\344\261g?[g""; "
1750587273281,1750587273281,3546,1,2,0,TMProposeSet,"proposeSeq: 0; currentTxHash: ""\000\000\000\000\000\000\000\000\000\000\000\000\000\000\000\000\000\000\000\000\000\000\000\000\000\000\000\000\000\000\000\000""; nodePubKey: ""\003ql\302)\235\321\t\213\224\356\374%%\311\327\037\374\304\t\335\2359\344\233\035]\347<u\236\364\222""; closeTime: 803902473; signature: ""0D\002 v:\232\251\354%\361\300\340\265\366\232\221;\323`p\2656\203M\304\3123\214\325-\022\347\027\213\262\002 e\013\250#\314h\267\005Z\370\227\234\217\345\037\337\n(%\0173\241\023W\237\3006\370\212\360\201\033""; previousledger: ""\221=\252\002\267\225zg\264\253\271T\346ji\003\235\236Pis\264\375\222|H\344\261g?[g""; ","proposeSeq: 0; currentTxHash: ""\000\000\000\000\000\000\000\000\000\000\000\000\000\000\000\000\000\000\000\000\000\000\000\000\000\000\000\000\000\000\000\000""; nodePubKey: ""\003ql\302)\235\321\t\213\224\356\374%%\311\327\037\374\304\t\335\2359\344\233\035]\347<u\236\364\222""; closeTime: 803902473; signature: ""0D\002 v:\232\251\354%\361\300\340\265\366\232\221;\323`p\2656\203M\304\3123\214\325-\022\347\027\213\262\002 e\013\250#\314h\267\005Z\370\227\234\217\345\037\337\n(%\0173\241\023W\237\3006\370\212\360\201\033""; previousledger: ""\221=\252\002\267\225zg\264\253\271T\346ji\003\235\236Pis\264\375\222|H\344\261g?[g""; "
1750587273281,1750587273281,3725,1,2,3,TMProposeSet,"proposeSeq: 0; currentTxHash: ""\000\000\000\000\000\000\000\000\000\000\000\000\000\000\000\000\000\000\000\000\000\000\000\000\000\000\000\000\000\000\000\000""; nodePubKey: ""\003ql\302)\235\321\t\213\224\356\374%%\311\327\037\374\304\t\335\2359\344\233\035]\347<u\236\364\222""; closeTime: 803902473; signature: ""0D\002 v:\232\251\354%\361\300\340\265\366\232\221;\323`p\2656\203M\304\3123\214\325-\022\347\027\213\262\002 e\013\250#\314h\267\005Z\370\227\234\217\345\037\337\n(%\0173\241\023W\237\3006\370\212\360\201\033""; previousledger: ""\221=\252\002\267\225zg\264\253\271T\346ji\003\235\236Pis\264\375\222|H\344\261g?[g""; ","proposeSeq: 0; currentTxHash: ""\000\000\000\000\000\000\000\000\000\000\000\000\000\000\000\000\000\000\000\000\000\000\000\000\000\000\000\000\000\000\000\000""; nodePubKey: ""\003ql\302)\235\321\t\213\224\356\374%%\311\327\037\374\304\t\335\2359\344\233\035]\347<u\236\364\222""; closeTime: 803902473; signature: ""0D\002 v:\232\251\354%\361\300\340\265\366\232\221;\323`p\2656\203M\304\3123\214\325-\022\347\027\213\262\002 e\013\250#\314h\267\005Z\370\227\234\217\345\037\337\n(%\0173\241\023W\237\3006\370\212\360\201\033""; previousledger: ""\221=\252\002\267\225zg\264\253\271T\346ji\003\235\236Pis\264\375\222|H\344\261g?[g""; "
1750587273282,1750587273282,342,1,2,1,TMGetLedger,"itype: liTS_CANDIDATE; ledgerHash: ""u\315\243\367\211\2625\240r:n\277\003\026\366\353'\216jy9\\001\220\223~\341j\254O\025\257""; nodeIDs: ""\240\000\000\000\000\000\000\000\000\000\000\000\000\000\000\000\000\000\000\000\000\000\000\000\000\000\000\000\000\000\000\000\001""; requestCookie: 2; queryType: qtINDIRECT; ","itype: liTS_CANDIDATE; ledgerHash: ""u\315\243\367\211\2625\240r:n\277\003\026\366\353'\216jy9\\001\220\223~\341j\254O\025\257""; nodeIDs: ""\240\000\000\000\000\000\000\000\000\000\000\000\000\000\000\000\000\000\000\000\000\000\000\000\000\000\000\000\000\000\000\000\001""; requestCookie: 2; queryType: qtINDIRECT; "
1750587273311,1750587273311,1939,1,1,4,TMValidation,"validation: """"\200\000\000\001&\000\000\000\006)/\352\224\007:v|\203\267)\257\206\032Q\221=\252\002\267\225zg\264\253\271T\346ji\003\235\236Pis\264\375\222|H\344\261g?[gP\0278h\232\211g)\354\005\246\256XI\265J\214\312}\261\211y\355]\0228j\360\0224\003\021%\014P\031\372\373$P*|\321\342\002\026\n\3215\340\3203\200x\327D\301]5\237\247Yz\3711!L\214s!\003.\200\224\215?)t\306\315\242\313\251\255\302\204=\232.\271%}\013\024s\024\002@\216l""\241FvG0E\002!\000\376\035Y\202\211\017\t\330H\217\242\227\204\036\3472\326\022\226\233\231\245f\214Q\216\320\263\034o\300Q\002 @\361\352@PM\331\315\303i\360\306j\207\333\323Y1\343,\333\204m\325\354g\001\264t\207\n\330""; ","validation: """"\200\000\000\001&\000\000\000\006)/\352\224\007:v|\203\267)\257\206\032Q\221=\252\002\267\225zg\264\253\271T\346ji\003\235\236Pis\264\375\222|H\344\261g?[gP\0278h\232\211g)\354\005\246\256XI\265J\214\312}\261\211y\355]\0228j\360\0224\003\021%\014P\031\372\373$P*|\321\342\002\026\n\3215\340\3203\200x\327D\301]5\237\247Yz\3711!L\214s!\003.\200\224\215?)t\306\315\242\313\251\255\302\204=\232.\271%}\013\024s\024\002@\216l""\241FvG0E\002!\000\376\035Y\202\211\017\t\330H\217\242\227\204\036\3472\326\022\226\233\231\245f\214Q\216\320\263\034o\300Q\002 @\361\352@PM\331\315\303i\360\306j\207\333\323Y1\343,\333\204m\325\354g\001\264t\207\n\330""; "
1750587273312,1750587273312,1289,1,1,3,TMValidation,"validation: """"\200\000\000\001&\000\000\000\006)/\352\224\007:v|\203\267)\257\206\032Q\221=\252\002\267\225zg\264\253\271T\346ji\003\235\236Pis\264\375\222|H\344\261g?[gP\0278h\232\211g)\354\005\246\256XI\265J\214\312}\261\211y\355]\0228j\360\0224\003\021%\014P\031\372\373$P*|\321\342\002\026\n\3215\340\3203\200x\327D\301]5\237\247Yz\3711!L\214s!\003.\200\224\215?)t\306\315\242\313\251\255\302\204=\232.\271%}\013\024s\024\002@\216l""\241FvG0E\002!\000\376\035Y\202\211\017\t\330H\217\242\227\204\036\3472\326\022\226\233\231\245f\214Q\216\320\263\034o\300Q\002 @\361\352@PM\331\315\303i\360\306j\207\333\323Y1\343,\333\204m\325\354g\001\264t\207\n\330""; ","validation: """"\200\000\000\001&\000\000\000\006)/\352\224\007:v|\203\267)\257\206\032Q\221=\252\002\267\225zg\264\253\271T\346ji\003\235\236Pis\264\375\222|H\344\261g?[gP\0278h\232\211g)\354\005\246\256XI\265J\214\312}\261\211y\355]\0228j\360\0224\003\021%\014P\031\372\373$P*|\321\342\002\026\n\3215\340\3203\200x\327D\301]5\237\247Yz\3711!L\214s!\003.\200\224\215?)t\306\315\242\313\251\255\302\204=\232.\271%}\013\024s\024\002@\216l""\241FvG0E\002!\000\376\035Y\202\211\017\t\330H\217\242\227\204\036\3472\326\022\226\233\231\245f\214Q\216\320\263\034o\300Q\002 @\361\352@PM\331\315\303i\360\306j\207\333\323Y1\343,\333\204m\325\354g\001\264t\207\n\330""; "
1750587273312,1750587273312,3090,1,1,0,TMValidation,"validation: """"\200\000\000\001&\000\000\000\006)/\352\224\007:v|\203\267)\257\206\032Q\221=\252\002\267\225zg\264\253\271T\346ji\003\235\236Pis\264\375\222|H\344\261g?[gP\0278h\232\211g)\354\005\246\256XI\265J\214\312}\261\211y\355]\0228j\360\0224\003\021%\014P\031\372\373$P*|\321\342\002\026\n\3215\340\3203\200x\327D\301]5\237\247Yz\3711!L\214s!\003.\200\224\215?)t\306\315\242\313\251\255\302\204=\232.\271%}\013\024s\024\002@\216l""\241FvG0E\002!\000\376\035Y\202\211\017\t\330H\217\242\227\204\036\3472\326\022\226\233\231\245f\214Q\216\320\263\034o\300Q\002 @\361\352@PM\331\315\303i\360\306j\207\333\323Y1\343,\333\204m\325\354g\001\264t\207\n\330""; ","validation: """"\200\000\000\001&\000\000\000\006)/\352\224\007:v|\203\267)\257\206\032Q\221=\252\002\267\225zg\264\253\271T\346ji\003\235\236Pis\264\375\222|H\344\261g?[gP\0278h\232\211g)\354\005\246\256XI\265J\214\312}\261\211y\355]\0228j\360\0224\003\021%\014P\031\372\373$P*|\321\342\002\026\n\3215\340\3203\200x\327D\301]5\237\247Yz\3711!L\214s!\003.\200\224\215?)t\306\315\242\313\251\255\302\204=\232.\271%}\013\024s\024\002@\216l""\241FvG0E\002!\000\376\035Y\202\211\017\t\330H\217\242\227\204\036\3472\326\022\226\233\231\245f\214Q\216\320\263\034o\300Q\002 @\361\352@PM\331\315\303i\360\306j\207\333\323Y1\343,\333\204m\325\354g\001\264t\207\n\330""; "
1750587273336,1750587273336,1357,1,4,3,TMValidation,"validation: """"\200\000\000\001&\000\000\000\006)/\352\224\010:Q\231\304\227'3\313\030Q\221=\252\002\267\225zg\264\253\271T\346ji\003\235\236Pis\264\375\222|H\344\261g?[gP\0278h\232\211g)\354\005\246\256XI\265J\214\312}\261\211y\355]\0228j\360\0224\003\021%\014P\031\372\373$P*|\321\342\002\026\n\3215\340\3203\200x\327D\301]5\237\247Yz\3711!L\214s!\003ql\302)\235\321\t\213\224\356\374%%\311\327\037\374\304\t\335\2359\344\233\035]\347<u\236\364\222vF0D\002 B\254\267Y\312E\361\266\323\375\235\247\321\023\326_\004\277V&\342Iqg\337\314E0\347\310\272s\002 M\300""\253\231H\001\241\270B\274mK5\250\227\253\375 \241;\250\337\037M\007\270EB\223\272~""; ","validation: """"\200\000\000\001&\000\000\000\006)/\352\224\010:Q\231\304\227'3\313\030Q\221=\252\002\267\225zg\264\253\271T\346ji\003\235\236Pis\264\375\222|H\344\261g?[gP\0278h\232\211g)\354\005\246\256XI\265J\214\312}\261\211y\355]\0228j\360\0224\003\021%\014P\031\372\373$P*|\321\342\002\026\n\3215\340\3203\200x\327D\301]5\237\247Yz\3711!L\214s!\003ql\302)\235\321\t\213\224\356\374%%\311\327\037\374\304\t\335\2359\344\233\035]\347<u\236\364\222vF0D\002 B\254\267Y\312E\361\266\323\375\235\247\321\023\326_\004\277V&\342Iqg\337\314E0\347\310\272s\002 M\300""\253\231H\001\241\270B\274mK5\250\227\253\375 \241;\250\337\037M\007\270EB\223\272~""; "
1750587273336,1750587273336,2819,1,4,1,TMValidation,"validation: """"\200\000\000\001&\000\000\000\006)/\352\224\010:Q\231\304\227'3\313\030Q\221=\252\002\267\225zg\264\253\271T\346ji\003\235\236Pis\264\375\222|H\344\261g?[gP\0278h\232\211g)\354\005\246\256XI\265J\214\312}\261\211y\355]\0228j\360\0224\003\021%\014P\031\372\373$P*|\321\342\002\026\n\3215\340\3203\200x\327D\301]5\237\247Yz\3711!L\214s!\003ql\302)\235\321\t\213\224\356\374%%\311\327\037\374\304\t\335\2359\344\233\035]\347<u\236\364\222vF0D\002 B\254\267Y\312E\361\266\323\375\235\247\321\023\326_\004\277V&\342Iqg\337\314E0\347\310\272s\002 M\300""\253\231H\001\241\270B\274mK5\250\227\253\375 \241;\250\337\037M\007\270EB\223\272~""; ","validation: """"\200\000\000\001&\000\000\000\006)/\352\224\010:Q\231\304\227'3\313\030Q\221=\252\002\267\225zg\264\253\271T\346ji\003\235\236Pis\264\375\222|H\344\261g?[gP\0278h\232\211g)\354\005\246\256XI\265J\214\312}\261\211y\355]\0228j\360\0224\003\021%\014P\031\372\373$P*|\321\342\002\026\n\3215\340\3203\200x\327D\301]5\237\247Yz\3711!L\214s!\003ql\302)\235\321\t\213\224\356\374%%\311\327\037\374\304\t\335\2359\344\233\035]\347<u\236\364\222vF0D\002 B\254\267Y\312E\361\266\323\375\235\247\321\023\326_\004\277V&\342Iqg\337\314E0\347\310\272s\002 M\300""\253\231H\001\241\270B\274mK5\250\227\253\375 \241;\250\337\037M\007\270EB\223\272~""; "
1750587273337,1750587273337,3559,1,4,0,TMValidation,"validation: """"\200\000\000\001&\000\000\000\006)/\352\224\010:Q\231\304\227'3\313\030Q\221=\252\002\267\225zg\264\253\271T\346ji\003\235\236Pis\264\375\222|H\344\261g?[gP\0278h\232\211g)\354\005\246\256XI\265J\214\312}\261\211y\355]\0228j\360\0224\003\021%\014P\031\372\373$P*|\321\342\002\026\n\3215\340\3203\200x\327D\301]5\237\247Yz\3711!L\214s!\003ql\302)\235\321\t\213\224\356\374%%\311\327\037\374\304\t\335\2359\344\233\035]\347<u\236\364\222vF0D\002 B\254\267Y\312E\361\266\323\375\235\247\321\023\326_\004\277V&\342Iqg\337\314E0\347\310\272s\002 M\300""\253\231H\001\241\270B\274mK5\250\227\253\375 \241;\250\337\037M\007\270EB\223\272~""; ","validation: """"\200\000\000\001&\000\000\000\006)/\352\224\010:Q\231\304\227'3\313\030Q\221=\252\002\267\225zg\264\253\271T\346ji\003\235\236Pis\264\375\222|H\344\261g?[gP\0278h\232\211g)\354\005\246\256XI\265J\214\312}\261\211y\355]\0228j\360\0224\003\021%\014P\031\372\373$P*|\321\342\002\026\n\3215\340\3203\200x\327D\301]5\237\247Yz\3711!L\214s!\003ql\302)\235\321\t\213\224\356\374%%\311\327\037\374\304\t\335\2359\344\233\035]\347<u\236\364\222vF0D\002 B\254\267Y\312E\361\266\323\375\235\247\321\023\326_\004\277V&\342Iqg\337\314E0\347\310\272s\002 M\300""\253\231H\001\241\270B\274mK5\250\227\253\375 \241;\250\337\037M\007\270EB\223\272~""; "
1750587273338,1750587273338,1939,1,1,4,TMValidation,"validation: """"\200\000\000\001&\000\000\000\005)/\352\224\007:I\203w\200\211\SGQ\372\373$P*|\321\342\002\026\n\3215\340\3203\200x\327D\301]5\237\247Yz\3711!L\214P\027\000\000\000\000\000\000\000\000\000\000\000\000\000\000\000\000\000\000\000\000\000\000\000\000\000\000\000\000\000\000\000\000P\031\241'\332/+\360Bx\036+\210j\237K%\340]\246E\2434\264K\036\030qP\317\315\336\325\007s!\002\347\243J\206W\025ML\260\226\0163\217\250\337\325W\253\356*O\245Z\271\234\207C\274\375`\335\311vF0D\002 y\266\240\005\252\266\316\344\350P\222/;\355\247\204dP\220\025\371\202\335D\250\265\222\016v\234\020`\002 lAC\256hv}I\027\333\326\256\005\205W\325-q\334\236\206\323{D\4\334\205\350<\265\204""; ","validation: """"\200\000\000\001&\000\000\000\005)/\352\224\007:I\203w\200\211\SGQ\372\373$P*|\321\342\002\026\n\3215\340\3203\200x\327D\301]5\237\247Yz\3711!L\214P\027\000\000\000\000\000\000\000\000\000\000\000\000\000\000\000\000\000\000\000\000\000\000\000\000\000\000\000\000\000\000\000\000P\031\241'\332/+\360Bx\036+\210j\237K%\340]\246E\2434\264K\036\030qP\317\315\336\325\007s!\002\347\243J\206W\025ML\260\226\0163\217\250\337\325W\253\356*O\245Z\271\234\207C\274\375`\335\311vF0D\002 y\266\240\005\252\266\316\344\350P\222/;\355\247\204dP\220\025\371\202\335D\250\265\222\016v\234\020`\002 lAC\256hv}I\027\333\326\256\005\205W\325-q\334\236\206\323{D\4\334\205\350<\265\204""; "
1750587273346,1750587273346,3097,1,2,0,TMLedgerData,"ledgerHash: ""u\315\243\367\211\2625\240r:n\277\003\026\366\353'\216jy9\\001\220\223~\341j\254O\025\257""; ledgerSeq: 0; type: liTS_CANDIDATE; nodes {;   nodedata: ""\246C\232\272\013^\241\340~\030'\005/\234\037\355\231\230\017\266\365\303w\360\273\374\234\362S:\270\023\n\003"";   nodeid: ""\000\000\000\000\000\000\000\000\000\000\000\000\000\000\000\000\000\000\000\000\000\000\000\000\000\000\000\000\000\000\000\000\000""; }; ","ledgerHash: ""u\315\243\367\211\2625\240r:n\277\003\026\366\353'\216jy9\\001\220\223~\341j\254O\025\257""; ledgerSeq: 0; type: liTS_CANDIDATE; nodes {;   nodedata: ""\246C\232\272\013^\241\340~\030'\005/\234\037\355\231\230\017\266\365\303w\360\273\374\234\362S:\270\023\n\003"";   nodeid: ""\000\000\000\000\000\000\000\000\000\000\000\000\000\000\000\000\000\000\000\000\000\000\000\000\000\000\000\000\000\000\000\000\000""; }; "
1750587273354,1750587273354,1289,1,1,3,TMValidation,"validation: """"\200\000\000\001&\000\000\000\005)/\352\224\007:I\203w\200\211\SGQ\372\373$P*|\321\342\002\026\n\3215\340\3203\200x\327D\301]5\237\247Yz\3711!L\214P\027\000\000\000\000\000\000\000\000\000\000\000\000\000\000\000\000\000\000\000\000\000\000\000\000\000\000\000\000\000\000\000\000P\031\241'\332/+\360Bx\036+\210j\237K%\340]\246E\2434\264K\036\030qP\317\315\336\325\007s!\002\347\243J\206W\025ML\260\226\0163\217\250\337\325W\253\356*O\245Z\271\234\207C\274\375`\335\311vF0D\002 y\266\240\005\252\266\316\344\350P\222/;\355\247\204dP\220\025\371\202\335D\250\265\222\016v\234\020`\002 lAC\256hv}I\027\333\326\256\005\205W\325-q\334\236\206\323{D\4\334\205\350<\265\204""; ","validation: """"\200\000\000\001&\000\000\000\005)/\352\224\007:I\203w\200\211\SGQ\372\373$P*|\321\342\002\026\n\3215\340\3203\200x\327D\301]5\237\247Yz\3711!L\214P\027\000\000\000\000\000\000\000\000\000\000\000\000\000\000\000\000\000\000\000\000\000\000\000\000\000\000\000\000\000\000\000\000P\031\241'\332/+\360Bx\036+\210j\237K%\340]\246E\2434\264K\036\030qP\317\315\336\325\007s!\002\347\243J\206W\025ML\260\226\0163\217\250\337\325W\253\356*O\245Z\271\234\207C\274\375`\335\311vF0D\002 y\266\240\005\252\266\316\344\350P\222/;\355\247\204dP\220\025\371\202\335D\250\265\222\016v\234\020`\002 lAC\256hv}I\027\333\326\256\005\205W\325-q\334\236\206\323{D\4\334\205\350<\265\204""; "
1750587273354,1750587273354,3090,1,1,0,TMValidation,"validation: """"\200\000\000\001&\000\000\000\005)/\352\224\007:I\203w\200\211\SGQ\372\373$P*|\321\342\002\026\n\3215\340\3203\200x\327D\301]5\237\247Yz\3711!L\214P\027\000\000\000\000\000\000\000\000\000\000\000\000\000\000\000\000\000\000\000\000\000\000\000\000\000\000\000\000\000\000\000\000P\031\241'\332/+\360Bx\036+\210j\237K%\340]\246E\2434\264K\036\030qP\317\315\336\325\007s!\002\347\243J\206W\025ML\260\226\0163\217\250\337\325W\253\356*O\245Z\271\234\207C\274\375`\335\311vF0D\002 y\266\240\005\252\266\316\344\350P\222/;\355\247\204dP\220\025\371\202\335D\250\265\222\016v\234\020`\002 lAC\256hv}I\027\333\326\256\005\205W\325-q\334\236\206\323{D\4\334\205\350<\265\204""; ","validation: """"\200\000\000\001&\000\000\000\005)/\352\224\007:I\203w\200\211\SGQ\372\373$P*|\321\342\002\026\n\3215\340\3203\200x\327D\301]5\237\247Yz\3711!L\214P\027\000\000\000\000\000\000\000\000\000\000\000\000\000\000\000\000\000\000\000\000\000\000\000\000\000\000\000\000\000\000\000\000P\031\241'\332/+\360Bx\036+\210j\237K%\340]\246E\2434\264K\036\030qP\317\315\336\325\007s!\002\347\243J\206W\025ML\260\226\0163\217\250\337\325W\253\356*O\245Z\271\234\207C\274\375`\335\311vF0D\002 y\266\240\005\252\266\316\344\350P\222/;\355\247\204dP\220\025\371\202\335D\250\265\222\016v\234\020`\002 lAC\256hv}I\027\333\326\256\005\205W\325-q\334\236\206\323{D\4\334\205\350<\265\204""; "
1750587273355,1750587273355,486,1,4,0,TMLedgerData,"ledgerHash: ""u\315\243\367\211\2625\240r:n\277\003\026\366\353'\216jy9\\001\220\223~\341j\254O\025\257""; ledgerSeq: 0; type: liTS_CANDIDATE; nodes {;   nodedata: ""\022\000\000""\000\000\000\000$\000\000\000\001 \033\000\000\000\027a@\000\000\027H\206*@h@\000\000\000\000\000\000\ns!\0030\347\374\235V\273%\326\211;\243\363\027\256[\3173\263)\033\326=\263&T\243\023""/\177\320 tF0D\002 0\023\341\332; \2711\245\020\321\3300\345\267-)\230\177\246\236AQ\327\203\207H\226+\000%\336\002 \024\036\211\237\201t\376\272E\270\230\020\334\014\356g\273\025((\376\266\216@ \254^2T\233\013\034\201\024\265\367by\212S\325C\240\024\312\370\262\227\317\370\362\3717\350\203\024E0\246\210\344\325\345r\024T\251\006P\255\352\333\372\351\337\302\000"";   nodeid: ""\240\000\000\000\000\000\000\000\000\000\000\000\000\000\000\000\000\000\000\000\000\000\000\000\000\000\000\000\000\000\000\000\001""; }; ","ledgerHash: ""u\315\243\367\211\2625\240r:n\277\003\026\366\353'\216jy9\\001\220\223~\341j\254O\025\257""; ledgerSeq: 0; type: liTS_CANDIDATE; nodes {;   nodedata: ""\022\000\000""\000\000\000\000$\000\000\000\001 \033\000\000\000\027a@\000\000\027H\206*@h@\000\000\000\000\000\000\ns!\0030\347\374\235V\273%\326\211;\243\363\027\256[\3173\263)\033\326=\263&T\243\023""/\177\320 tF0D\002 0\023\341\332; \2711\245\020\321\3300\345\267-)\230\177\246\236AQ\327\203\207H\226+\000%\336\002 \024\036\211\237\201t\376\272E\270\230\020\334\014\356g\273\025((\376\266\216@ \254^2T\233\013\034\201\024\265\367by\212S\325C\240\024\312\370\262\227\317\370\362\3717\350\203\024E0\246\210\344\325\345r\024T\251\006P\255\352\333\372\351\337\302\000"";   nodeid: ""\240\000\000\000\000\000\000\000\000\000\000\000\000\000\000\000\000\000\000\000\000\000\000\000\000\000\000\000\000\000\000\000\001""; }; "
1750587273372,1750587273372,2472,1,1,2,TMLedgerData,"ledgerHash: ""u\315\243\367\211\2625\240r:n\277\003\026\366\353'\216jy9\\001\220\223~\341j\254O\025\257""; ledgerSeq: 0; type: liTS_CANDIDATE; nodes {;   nodedata: ""\022\000\000""\000\000\000\000$\000\000\000\001 \033\000\000\000\027a@\000\000\027H\206*@h@\000\000\000\000\000\000\ns!\0030\347\374\235V\273%\326\211;\243\363\027\256[\3173\263)\033\326=\263&T\243\023""/\177\320 tF0D\002 0\023\341\332; \2711\245\020\321\3300\345\267-)\230\177\246\236AQ\327\203\207H\226+\000%\336\002 \024\036\211\237\201t\376\272E\270\230\020\334\014\356g\273\025((\376\266\216@ \254^2T\233\013\034\201\024\265\367by\212S\325C\240\024\312\370\262\227\317\370\362\3717\350\203\024E0\246\210\344\325\345r\024T\251\006P\255\352\333\372\351\337\302\000"";   nodeid: ""\240\000\000\000\000\000\000\000\000\000\000\000\000\000\000\000\000\000\000\000\000\000\000\000\000\000\000\000\000\000\000\000\001""; }; requestCookie: 2; ","ledgerHash: ""u\315\243\367\211\2625\240r:n\277\003\026\366\353'\216jy9\\001\220\223~\341j\254O\025\257""; ledgerSeq: 0; type: liTS_CANDIDATE; nodes {;   nodedata: ""\022\000\000""\000\000\000\000$\000\000\000\001 \033\000\000\000\027a@\000\000\027H\206*@h@\000\000\000\000\000\000\ns!\0030\347\374\235V\273%\326\211;\243\363\027\256[\3173\263)\033\326=\263&T\243\023""/\177\320 tF0D\002 0\023\341\332; \2711\245\020\321\3300\345\267-)\230\177\246\236AQ\327\203\207H\226+\000%\336\002 \024\036\211\237\201t\376\272E\270\230\020\334\014\356g\273\025((\376\266\216@ \254^2T\233\013\034\201\024\265\367by\212S\325C\240\024\312\370\262\227\317\370\362\3717\350\203\024E0\246\210\344\325\345r\024T\251\006P\255\352\333\372\351\337\302\000"";   nodeid: ""\240\000\000\000\000\000\000\000\000\000\000\000\000\000\000\000\000\000\000\000\000\000\000\000\000\000\000\000\000\000\000\000\001""; }; requestCookie: 2; "
1750587273391,1750587273392,2715,1,1,4,TMLedgerData,"ledgerHash: ""u\315\243\367\211\2625\240r:n\277\003\026\366\353'\216jy9\\001\220\223~\341j\254O\025\257""; ledgerSeq: 0; type: liTS_CANDIDATE; nodes {;   nodedata: ""\022\000\000""\000\000\000\000$\000\000\000\001 \033\000\000\000\027a@\000\000\027H\206*@h@\000\000\000\000\000\000\ns!\0030\347\374\235V\273%\326\211;\243\363\027\256[\3173\263)\033\326=\263&T\243\023""/\177\320 tF0D\002 0\023\341\332; \2711\245\020\321\3300\345\267-)\230\177\246\236AQ\327\203\207H\226+\000%\336\002 \024\036\211\237\201t\376\272E\270\230\020\334\014\356g\273\025((\376\266\216@ \254^2T\233\013\034\201\024\265\367by\212S\325C\240\024\312\370\262\227\317\370\362\3717\350\203\024E0\246\210\344\325\345r\024T\251\006P\255\352\333\372\351\337\302\000"";   nodeid: ""\240\000\000\000\000\000\000\000\000\000\000\000\000\000\000\000\000\000\000\000\000\000\000\000\000\000\000\000\000\000\000\000\001""; }; requestCookie: 1; ","ledgerHash: ""u\315\243\367\211\2625\240r:n\277\003\026\366\353'\216jy9\\001\220\223~\341j\254O\025\257""; ledgerSeq: 0; type: liTS_CANDIDATE; nodes {;   nodedata: ""\022\000\000""\000\000\000\000$\000\000\000\001 \033\000\000\000\027a@\000\000\027H\206*@h@\000\000\000\000\000\000\ns!\0030\347\374\235V\273%\326\211;\243\363\027\256[\3173\263)\033\326=\263&T\243\023""/\177\320 tF0D\002 0\023\341\332; \2711\245\020\321\3300\345\267-)\230\177\246\236AQ\327\203\207H\226+\000%\336\002 \024\036\211\237\201t\376\272E\270\230\020\334\014\356g\273\025((\376\266\216@ \254^2T\233\013\034\201\024\265\367by\212S\325C\240\024\312\370\262\227\317\370\362\3717\350\203\024E0\246\210\344\325\345r\024T\251\006P\255\352\333\372\351\337\302\000"";   nodeid: ""\240\000\000\000\000\000\000\000\000\000\000\000\000\000\000\000\000\000\000\000\000\000\000\000\000\000\000\000\000\000\000\000\001""; }; requestCookie: 1; "
1750587273400,1750587273400,1772,1,4,3,TMLedgerData,"ledgerHash: ""u\315\243\367\211\2625\240r:n\277\003\026\366\353'\216jy9\\001\220\223~\341j\254O\025\257""; ledgerSeq: 0; type: liTS_CANDIDATE; nodes {;   nodedata: ""\246C\232\272\013^\241\340~\030'\005/\234\037\355\231\230\017\266\365\303w\360\273\374\234\362S:\270\023\n\003"";   nodeid: ""\000\000\000\000\000\000\000\000\000\000\000\000\000\000\000\000\000\000\000\000\000\000\000\000\000\000\000\000\000\000\000\000\000""; }; ","ledgerHash: ""u\315\243\367\211\2625\240r:n\277\003\026\366\353'\216jy9\\001\220\223~\341j\254O\025\257""; ledgerSeq: 0; type: liTS_CANDIDATE; nodes {;   nodedata: ""\246C\232\272\013^\241\340~\030'\005/\234\037\355\231\230\017\266\365\303w\360\273\374\234\362S:\270\023\n\003"";   nodeid: ""\000\000\000\000\000\000\000\000\000\000\000\000\000\000\000\000\000\000\000\000\000\000\000\000\000\000\000\000\000\000\000\000\000""; }; "
1750587273414,1750587273414,1289,1,1,3,TMValidation,"validation: """"\200\000\000\001&\000\000\000\006)/\352\224\010:Q\231\304\227'3\313\030Q\221=\252\002\267\225zg\264\253\271T\346ji\003\235\236Pis\264\375\222|H\344\261g?[gP\0278h\232\211g)\354\005\246\256XI\265J\214\312}\261\211y\355]\0228j\360\0224\003\021%\014P\031\372\373$P*|\321\342\002\026\n\3215\340\3203\200x\327D\301]5\237\247Yz\3711!L\214s!\003ql\302)\235\321\t\213\224\356\374%%\311\327\037\374\304\t\335\2359\344\233\035]\347<u\236\364\222vF0D\002 B\254\267Y\312E\361\266\323\375\235\247\321\023\326_\004\277V&\342Iqg\337\314E0\347\310\272s\002 M\300""\253\231H\001\241\270B\274mK5\250\227\253\375 \241;\250\337\037M\007\270EB\223\272~""; ","validation: """"\200\000\000\001&\000\000\000\006)/\352\224\010:Q\231\304\227'3\313\030Q\221=\252\002\267\225zg\264\253\271T\346ji\003\235\236Pis\264\375\222|H\344\261g?[gP\0278h\232\211g)\354\005\246\256XI\265J\214\312}\261\211y\355]\0228j\360\0224\003\021%\014P\031\372\373$P*|\321\342\002\026\n\3215\340\3203\200x\327D\301]5\237\247Yz\3711!L\214s!\003ql\302)\235\321\t\213\224\356\374%%\311\327\037\374\304\t\335\2359\344\233\035]\347<u\236\364\222vF0D\002 B\254\267Y\312E\361\266\323\375\235\247\321\023\326_\004\277V&\342Iqg\337\314E0\347\310\272s\002 M\300""\253\231H\001\241\270B\274mK5\250\227\253\375 \241;\250\337\037M\007\270EB\223\272~""; "
1750587273415,1750587273415,3090,1,1,0,TMValidation,"validation: """"\200\000\000\001&\000\000\000\006)/\352\224\010:Q\231\304\227'3\313\030Q\221=\252\002\267\225zg\264\253\271T\346ji\003\235\236Pis\264\375\222|H\344\261g?[gP\0278h\232\211g)\354\005\246\256XI\265J\214\312}\261\211y\355]\0228j\360\0224\003\021%\014P\031\372\373$P*|\321\342\002\026\n\3215\340\3203\200x\327D\301]5\237\247Yz\3711!L\214s!\003ql\302)\235\321\t\213\224\356\374%%\311\327\037\374\304\t\335\2359\344\233\035]\347<u\236\364\222vF0D\002 B\254\267Y\312E\361\266\323\375\235\247\321\023\326_\004\277V&\342Iqg\337\314E0\347\310\272s\002 M\300""\253\231H\001\241\270B\274mK5\250\227\253\375 \241;\250\337\037M\007\270EB\223\272~""; ","validation: """"\200\000\000\001&\000\000\000\006)/\352\224\010:Q\231\304\227'3\313\030Q\221=\252\002\267\225zg\264\253\271T\346ji\003\235\236Pis\264\375\222|H\344\261g?[gP\0278h\232\211g)\354\005\246\256XI\265J\214\312}\261\211y\355]\0228j\360\0224\003\021%\014P\031\372\373$P*|\321\342\002\026\n\3215\340\3203\200x\327D\301]5\237\247Yz\3711!L\214s!\003ql\302)\235\321\t\213\224\356\374%%\311\327\037\374\304\t\335\2359\344\233\035]\347<u\236\364\222vF0D\002 B\254\267Y\312E\361\266\323\375\235\247\321\023\326_\004\277V&\342Iqg\337\314E0\347\310\272s\002 M\300""\253\231H\001\241\270B\274mK5\250\227\253\375 \241;\250\337\037M\007\270EB\223\272~""; "
1750587273415,1750587273415,1939,1,1,4,TMValidation,"validation: """"\200\000\000\001&\000\000\000\006)/\352\224\010:Q\231\304\227'3\313\030Q\221=\252\002\267\225zg\264\253\271T\346ji\003\235\236Pis\264\375\222|H\344\261g?[gP\0278h\232\211g)\354\005\246\256XI\265J\214\312}\261\211y\355]\0228j\360\0224\003\021%\014P\031\372\373$P*|\321\342\002\026\n\3215\340\3203\200x\327D\301]5\237\247Yz\3711!L\214s!\003ql\302)\235\321\t\213\224\356\374%%\311\327\037\374\304\t\335\2359\344\233\035]\347<u\236\364\222vF0D\002 B\254\267Y\312E\361\266\323\375\235\247\321\023\326_\004\277V&\342Iqg\337\314E0\347\310\272s\002 M\300""\253\231H\001\241\270B\274mK5\250\227\253\375 \241;\250\337\037M\007\270EB\223\272~""; ","validation: """"\200\000\000\001&\000\000\000\006)/\352\224\010:Q\231\304\227'3\313\030Q\221=\252\002\267\225zg\264\253\271T\346ji\003\235\236Pis\264\375\222|H\344\261g?[gP\0278h\232\211g)\354\005\246\256XI\265J\214\312}\261\211y\355]\0228j\360\0224\003\021%\014P\031\372\373$P*|\321\342\002\026\n\3215\340\3203\200x\327D\301]5\237\247Yz\3711!L\214s!\003ql\302)\235\321\t\213\224\356\374%%\311\327\037\374\304\t\335\2359\344\233\035]\347<u\236\364\222vF0D\002 B\254\267Y\312E\361\266\323\375\235\247\321\023\326_\004\277V&\342Iqg\337\314E0\347\310\272s\002 M\300""\253\231H\001\241\270B\274mK5\250\227\253\375 \241;\250\337\037M\007\270EB\223\272~""; "
1750587273416,1750587273416,1102,1,2,3,TMLedgerData,"ledgerHash: ""u\315\243\367\211\2625\240r:n\277\003\026\366\353'\216jy9\\001\220\223~\341j\254O\025\257""; ledgerSeq: 0; type: liTS_CANDIDATE; nodes {;   nodedata: ""\246C\232\272\013^\241\340~\030'\005/\234\037\355\231\230\017\266\365\303w\360\273\374\234\362S:\270\023\n\003"";   nodeid: ""\000\000\000\000\000\000\000\000\000\000\000\000\000\000\000\000\000\000\000\000\000\000\000\000\000\000\000\000\000\000\000\000\000""; }; ","ledgerHash: ""u\315\243\367\211\2625\240r:n\277\003\026\366\353'\216jy9\\001\220\223~\341j\254O\025\257""; ledgerSeq: 0; type: liTS_CANDIDATE; nodes {;   nodedata: ""\246C\232\272\013^\241\340~\030'\005/\234\037\355\231\230\017\266\365\303w\360\273\374\234\362S:\270\023\n\003"";   nodeid: ""\000\000\000\000\000\000\000\000\000\000\000\000\000\000\000\000\000\000\000\000\000\000\000\000\000\000\000\000\000\000\000\000\000""; }; "
1750587273434,1750587273435,3375,1,1,4,TMProposeSet,"proposeSeq: 0; currentTxHash: ""\000\000\000\000\000\000\000\000\000\000\000\000\000\000\000\000\000\000\000\000\000\000\000\000\000\000\000\000\000\000\000\000""; nodePubKey: ""\003\343\005\311u\203\370\0338\3174\324\010\006\301\251\177\261\304eOX\262)FA-\022r\263wm\024""; closeTime: 803902473; signature: ""0E\002!\000\332\3239\340{\237\t\304\265\206\034\235\361\207\361\213X\216I\201\177\2178t\304\335v=L>b~\002 c\t\227\256\312\252\036\204\005j\240@s!\373\357\303\323\367(\277:\244\215U\245\2416\020\201\342\010""; previousledger: ""\221=\252\002\267\225zg\264\253\271T\346ji\003\235\236Pis\264\375\222|H\344\261g?[g""; ","proposeSeq: 0; currentTxHash: ""\000\000\000\000\000\000\000\000\000\000\000\000\000\000\000\000\000\000\000\000\000\000\000\000\000\000\000\000\000\000\000\000""; nodePubKey: ""\003\343\005\311u\203\370\0338\3174\324\010\006\301\251\177\261\304eOX\262)FA-\022r\263wm\024""; closeTime: 803902473; signature: ""0E\002!\000\332\3239\340{\237\t\304\265\206\034\235\361\207\361\213X\216I\201\177\2178t\304\335v=L>b~\002 c\t\227\256\312\252\036\204\005j\240@s!\373\357\303\323\367(\277:\244\215U\245\2416\020\201\342\010""; previousledger: ""\221=\252\002\267\225zg\264\253\271T\346ji\003\235\236Pis\264\375\222|H\344\261g?[g""; "
1750587273436,1750587273436,926,1,1,0,TMProposeSet,"proposeSeq: 0; currentTxHash: ""\000\000\000\000\000\000\000\000\000\000\000\000\000\000\000\000\000\000\000\000\000\000\000\000\000\000\000\000\000\000\000\000""; nodePubKey: ""\003\343\005\311u\203\370\0338\3174\324\010\006\301\251\177\261\304eOX\262)FA-\022r\263wm\024""; closeTime: 803902473; signature: ""0E\002!\000\332\3239\340{\237\t\304\265\206\034\235\361\207\361\213X\216I\201\177\2178t\304\335v=L>b~\002 c\t\227\256\312\252\036\204\005j\240@s!\373\357\303\323\367(\277:\244\215U\245\2416\020\201\342\010""; previousledger: ""\221=\252\002\267\225zg\264\253\271T\346ji\003\235\236Pis\264\375\222|H\344\261g?[g""; ","proposeSeq: 0; currentTxHash: ""\000\000\000\000\000\000\000\000\000\000\000\000\000\000\000\000\000\000\000\000\000\000\000\000\000\000\000\000\000\000\000\000""; nodePubKey: ""\003\343\005\311u\203\370\0338\3174\324\010\006\301\251\177\261\304eOX\262)FA-\022r\263wm\024""; closeTime: 803902473; signature: ""0E\002!\000\332\3239\340{\237\t\304\265\206\034\235\361\207\361\213X\216I\201\177\2178t\304\335v=L>b~\002 c\t\227\256\312\252\036\204\005j\240@s!\373\357\303\323\367(\277:\244\215U\245\2416\020\201\342\010""; previousledger: ""\221=\252\002\267\225zg\264\253\271T\346ji\003\235\236Pis\264\375\222|H\344\261g?[g""; "
1750587273436,1750587273436,3538,1,1,3,TMProposeSet,"proposeSeq: 0; currentTxHash: ""\000\000\000\000\000\000\000\000\000\000\000\000\000\000\000\000\000\000\000\000\000\000\000\000\000\000\000\000\000\000\000\000""; nodePubKey: ""\003\343\005\311u\203\370\0338\3174\324\010\006\301\251\177\261\304eOX\262)FA-\022r\263wm\024""; closeTime: 803902473; signature: ""0E\002!\000\332\3239\340{\237\t\304\265\206\034\235\361\207\361\213X\216I\201\177\2178t\304\335v=L>b~\002 c\t\227\256\312\252\036\204\005j\240@s!\373\357\303\323\367(\277:\244\215U\245\2416\020\201\342\010""; previousledger: ""\221=\252\002\267\225zg\264\253\271T\346ji\003\235\236Pis\264\375\222|H\344\261g?[g""; ","proposeSeq: 0; currentTxHash: ""\000\000\000\000\000\000\000\000\000\000\000\000\000\000\000\000\000\000\000\000\000\000\000\000\000\000\000\000\000\000\000\000""; nodePubKey: ""\003\343\005\311u\203\370\0338\3174\324\010\006\301\251\177\261\304eOX\262)FA-\022r\263wm\024""; closeTime: 803902473; signature: ""0E\002!\000\332\3239\340{\237\t\304\265\206\034\235\361\207\361\213X\216I\201\177\2178t\304\335v=L>b~\002 c\t\227\256\312\252\036\204\005j\240@s!\373\357\303\323\367(\277:\244\215U\245\2416\020\201\342\010""; previousledger: ""\221=\252\002\267\225zg\264\253\271T\346ji\003\235\236Pis\264\375\222|H\344\261g?[g""; "
1750587273478,1750587273479,1799,1,1,2,TMProposeSet,"proposeSeq: 0; currentTxHash: ""\000\000\000\000\000\000\000\000\000\000\000\000\000\000\000\000\000\000\000\000\000\000\000\000\000\000\000\000\000\000\000\000""; nodePubKey: ""\003\343\005\311u\203\370\0338\3174\324\010\006\301\251\177\261\304eOX\262)FA-\022r\263wm\024""; closeTime: 803902473; signature: ""0E\002!\000\332\3239\340{\237\t\304\265\206\034\235\361\207\361\213X\216I\201\177\2178t\304\335v=L>b~\002 c\t\227\256\312\252\036\204\005j\240@s!\373\357\303\323\367(\277:\244\215U\245\2416\020\201\342\010""; previousledger: ""\221=\252\002\267\225zg\264\253\271T\346ji\003\235\236Pis\264\375\222|H\344\261g?[g""; ","proposeSeq: 0; currentTxHash: ""\000\000\000\000\000\000\000\000\000\000\000\000\000\000\000\000\000\000\000\000\000\000\000\000\000\000\000\000\000\000\000\000""; nodePubKey: ""\003\343\005\311u\203\370\0338\3174\324\010\006\301\251\177\261\304eOX\262)FA-\022r\263wm\024""; closeTime: 803902473; signature: ""0E\002!\000\332\3239\340{\237\t\304\265\206\034\235\361\207\361\213X\216I\201\177\2178t\304\335v=L>b~\002 c\t\227\256\312\252\036\204\005j\240@s!\373\357\303\323\367(\277:\244\215U\245\2416\020\201\342\010""; previousledger: ""\221=\252\002\267\225zg\264\253\271T\346ji\003\235\236Pis\264\375\222|H\344\261g?[g""; "
1750587273516,1750587273516,1650,1,3,4,TMLedgerData,"ledgerHash: ""8h\232\211g)\354\005\246\256XI\265J\214\312}\261\211y\355]\0228j\360\0224\003\021%\014""; ledgerSeq: 0; type: liTS_CANDIDATE; nodes {;   nodedata: ""\222c\273c4\225\334\221\227u?\025\314=\305/\262\367\217\375\027j\323\304\372\312Fv\2716\001\355\t\246C\232\272\013^\241\340~\030'\005/\234\037\355\231\230\017\266\365\303w\360\273\374\234\362S:\270\023\n\270\212\275\306\204\271\274\361K|t\323\346\2174\324\362\014S]\301\325\344rY\277\343\351\364\374\023\263\013\003"";   nodeid: ""\000\000\000\000\000\000\000\000\000\000\000\000\000\000\000\000\000\000\000\000\000\000\000\000\000\000\000\000\000\000\000\000\000""; }; ","ledgerHash: ""8h\232\211g)\354\005\246\256XI\265J\214\312}\261\211y\355]\0228j\360\0224\003\021%\014""; ledgerSeq: 0; type: liTS_CANDIDATE; nodes {;   nodedata: ""\222c\273c4\225\334\221\227u?\025\314=\305/\262\367\217\375\027j\323\304\372\312Fv\2716\001\355\t\246C\232\272\013^\241\340~\030'\005/\234\037\355\231\230\017\266\365\303w\360\273\374\234\362S:\270\023\n\270\212\275\306\204\271\274\361K|t\323\346\2174\324\362\014S]\301\325\344rY\277\343\351\364\374\023\263\013\003"";   nodeid: ""\000\000\000\000\000\000\000\000\000\000\000\000\000\000\000\000\000\000\000\000\000\000\000\000\000\000\000\000\000\000\000\000\000""; }; "
1750587273520,1750587273520,3097,1,2,0,TMLedgerData,"ledgerHash: ""8h\232\211g)\354\005\246\256XI\265J\214\312}\261\211y\355]\0228j\360\0224\003\021%\014""; ledgerSeq: 0; type: liTS_CANDIDATE; nodes {;   nodedata: ""\222c\273c4\225\334\221\227u?\025\314=\305/\262\367\217\375\027j\323\304\372\312Fv\2716\001\355\t\246C\232\272\013^\241\340~\030'\005/\234\037\355\231\230\017\266\365\303w\360\273\374\234\362S:\270\023\n\270\212\275\306\204\271\274\361K|t\323\346\2174\324\362\014S]\301\325\344rY\277\343\351\364\374\023\263\013\003"";   nodeid: ""\000\000\000\000\000\000\000\000\000\000\000\000\000\000\000\000\000\000\000\000\000\000\000\000\000\000\000\000\000\000\000\000\000""; }; ","ledgerHash: ""8h\232\211g)\354\005\246\256XI\265J\214\312}\261\211y\355]\0228j\360\0224\003\021%\014""; ledgerSeq: 0; type: liTS_CANDIDATE; nodes {;   nodedata: ""\222c\273c4\225\334\221\227u?\025\314=\305/\262\367\217\375\027j\323\304\372\312Fv\2716\001\355\t\246C\232\272\013^\241\340~\030'\005/\234\037\355\231\230\017\266\365\303w\360\273\374\234\362S:\270\023\n\270\212\275\306\204\271\274\361K|t\323\346\2174\324\362\014S]\301\325\344rY\277\343\351\364\374\023\263\013\003"";   nodeid: ""\000\000\000\000\000\000\000\000\000\000\000\000\000\000\000\000\000\000\000\000\000\000\000\000\000\000\000\000\000\000\000\000\000""; }; "
1750587273528,1750587273528,3898,1,2,3,TMGetLedger,"itype: liTS_CANDIDATE; ledgerHash: ""u\315\243\367\211\2625\240r:n\277\003\026\366\353'\216jy9\\001\220\223~\341j\254O\025\257""; nodeIDs: ""\240\000\000\000\000\000\000\000\000\000\000\000\000\000\000\000\000\000\000\000\000\000\000\000\000\000\000\000\000\000\000\000\001""; requestCookie: 2; queryType: qtINDIRECT; ","itype: liTS_CANDIDATE; ledgerHash: ""u\315\243\367\211\2625\240r:n\277\003\026\366\353'\216jy9\\001\220\223~\341j\254O\025\257""; nodeIDs: ""\240\000\000\000\000\000\000\000\000\000\000\000\000\000\000\000\000\000\000\000\000\000\000\000\000\000\000\000\000\000\000\000\001""; requestCookie: 2; queryType: qtINDIRECT; "
1750587273279,1750587273585,3116,1,2,4,TMStatusChange,"newEvent: neCLOSING_LEDGER; ledgerSeq: 6; ledgerHash: ""\221=\252\002\267\225zg\264\253\271T\346ji\003\235\236Pis\264\375\222|H\344\261g?[g""; ledgerHashPrevious: ""\372\373$P*|\321\342\002\026\n\3215\340\3203\200x\327D\301]5\237\247Yz\3711!L\214""; networkTime: 803902473; firstSeq: 1; lastSeq: 6; ","newEvent: neCLOSING_LEDGER; ledgerSeq: 6; ledgerHash: ""\221=\252\002\267\225zg\264\253\271T\346ji\003\235\236Pis\264\375\222|H\344\261g?[g""; ledgerHashPrevious: ""\372\373$P*|\321\342\002\026\n\3215\340\3203\200x\327D\301]5\237\247Yz\3711!L\214""; networkTime: 803902473; firstSeq: 1; lastSeq: 6; "
1750587273280,1750587273585,3058,1,2,3,TMStatusChange,"newEvent: neCLOSING_LEDGER; ledgerSeq: 6; ledgerHash: ""\221=\252\002\267\225zg\264\253\271T\346ji\003\235\236Pis\264\375\222|H\344\261g?[g""; ledgerHashPrevious: ""\372\373$P*|\321\342\002\026\n\3215\340\3203\200x\327D\301]5\237\247Yz\3711!L\214""; networkTime: 803902473; firstSeq: 1; lastSeq: 6; ","newEvent: neCLOSING_LEDGER; ledgerSeq: 6; ledgerHash: ""\221=\252\002\267\225zg\264\253\271T\346ji\003\235\236Pis\264\375\222|H\344\261g?[g""; ledgerHashPrevious: ""\372\373$P*|\321\342\002\026\n\3215\340\3203\200x\327D\301]5\237\247Yz\3711!L\214""; networkTime: 803902473; firstSeq: 1; lastSeq: 6; "
1750587273280,1750587273586,3126,1,2,1,TMStatusChange,"newEvent: neCLOSING_LEDGER; ledgerSeq: 6; ledgerHash: ""\221=\252\002\267\225zg\264\253\271T\346ji\003\235\236Pis\264\375\222|H\344\261g?[g""; ledgerHashPrevious: ""\372\373$P*|\321\342\002\026\n\3215\340\3203\200x\327D\301]5\237\247Yz\3711!L\214""; networkTime: 803902473; firstSeq: 1; lastSeq: 6; ","newEvent: neCLOSING_LEDGER; ledgerSeq: 6; ledgerHash: ""\221=\252\002\267\225zg\264\253\271T\346ji\003\235\236Pis\264\375\222|H\344\261g?[g""; ledgerHashPrevious: ""\372\373$P*|\321\342\002\026\n\3215\340\3203\200x\327D\301]5\237\247Yz\3711!L\214""; networkTime: 803902473; firstSeq: 1; lastSeq: 6; "
1750587273282,1750587273586,3744,1,2,0,TMStatusChange,"newEvent: neCLOSING_LEDGER; ledgerSeq: 6; ledgerHash: ""\221=\252\002\267\225zg\264\253\271T\346ji\003\235\236Pis\264\375\222|H\344\261g?[g""; ledgerHashPrevious: ""\372\373$P*|\321\342\002\026\n\3215\340\3203\200x\327D\301]5\237\247Yz\3711!L\214""; networkTime: 803902473; firstSeq: 1; lastSeq: 6; ","newEvent: neCLOSING_LEDGER; ledgerSeq: 6; ledgerHash: ""\221=\252\002\267\225zg\264\253\271T\346ji\003\235\236Pis\264\375\222|H\344\261g?[g""; ledgerHashPrevious: ""\372\373$P*|\321\342\002\026\n\3215\340\3203\200x\327D\301]5\237\247Yz\3711!L\214""; networkTime: 803902473; firstSeq: 1; lastSeq: 6; "
1750587273594,1750587273594,3097,1,2,0,TMLedgerData,"ledgerHash: ""u\315\243\367\211\2625\240r:n\277\003\026\366\353'\216jy9\\001\220\223~\341j\254O\025\257""; ledgerSeq: 0; type: liTS_CANDIDATE; nodes {;   nodedata: ""\246C\232\272\013^\241\340~\030'\005/\234\037\355\231\230\017\266\365\303w\360\273\374\234\362S:\270\023\n\003"";   nodeid: ""\000\000\000\000\000\000\000\000\000\000\000\000\000\000\000\000\000\000\000\000\000\000\000\000\000\000\000\000\000\000\000\000\000""; }; ","ledgerHash: ""u\315\243\367\211\2625\240r:n\277\003\026\366\353'\216jy9\\001\220\223~\341j\254O\025\257""; ledgerSeq: 0; type: liTS_CANDIDATE; nodes {;   nodedata: ""\246C\232\272\013^\241\340~\030'\005/\234\037\355\231\230\017\266\365\303w\360\273\374\234\362S:\270\023\n\003"";   nodeid: ""\000\000\000\000\000\000\000\000\000\000\000\000\000\000\000\000\000\000\000\000\000\000\000\000\000\000\000\000\000\000\000\000\000""; }; "
1750587273606,1750587273606,486,1,4,0,TMLedgerData,"ledgerHash: ""u\315\243\367\211\2625\240r:n\277\003\026\366\353'\216jy9\\001\220\223~\341j\254O\025\257""; ledgerSeq: 0; type: liTS_CANDIDATE; nodes {;   nodedata: ""\022\000\000""\000\000\000\000$\000\000\000\001 \033\000\000\000\027a@\000\000\027H\206*@h@\000\000\000\000\000\000\ns!\0030\347\374\235V\273%\326\211;\243\363\027\256[\3173\263)\033\326=\263&T\243\023""/\177\320 tF0D\002 0\023\341\332; \2711\245\020\321\3300\345\267-)\230\177\246\236AQ\327\203\207H\226+\000%\336\002 \024\036\211\237\201t\376\272E\270\230\020\334\014\356g\273\025((\376\266\216@ \254^2T\233\013\034\201\024\265\367by\212S\325C\240\024\312\370\262\227\317\370\362\3717\350\203\024E0\246\210\344\325\345r\024T\251\006P\255\352\333\372\351\337\302\000"";   nodeid: ""\240\000\000\000\000\000\000\000\000\000\000\000\000\000\000\000\000\000\000\000\000\000\000\000\000\000\000\000\000\000\000\000\001""; }; ","ledgerHash: ""u\315\243\367\211\2625\240r:n\277\003\026\366\353'\216jy9\\001\220\223~\341j\254O\025\257""; ledgerSeq: 0; type: liTS_CANDIDATE; nodes {;   nodedata: ""\022\000\000""\000\000\000\000$\000\000\000\001 \033\000\000\000\027a@\000\000\027H\206*@h@\000\000\000\000\000\000\ns!\0030\347\374\235V\273%\326\211;\243\363\027\256[\3173\263)\033\326=\263&T\243\023""/\177\320 tF0D\002 0\023\341\332; \2711\245\020\321\3300\345\267-)\230\177\246\236AQ\327\203\207H\226+\000%\336\002 \024\036\211\237\201t\376\272E\270\230\020\334\014\356g\273\025((\376\266\216@ \254^2T\233\013\034\201\024\265\367by\212S\325C\240\024\312\370\262\227\317\370\362\3717\350\203\024E0\246\210\344\325\345r\024T\251\006P\255\352\333\372\351\337\302\000"";   nodeid: ""\240\000\000\000\000\000\000\000\000\000\000\000\000\000\000\000\000\000\000\000\000\000\000\000\000\000\000\000\000\000\000\000\001""; }; "
1750587273622,1750587273622,2472,1,1,2,TMLedgerData,"ledgerHash: ""u\315\243\367\211\2625\240r:n\277\003\026\366\353'\216jy9\\001\220\223~\341j\254O\025\257""; ledgerSeq: 0; type: liTS_CANDIDATE; nodes {;   nodedata: ""\022\000\000""\000\000\000\000$\000\000\000\001 \033\000\000\000\027a@\000\000\027H\206*@h@\000\000\000\000\000\000\ns!\0030\347\374\235V\273%\326\211;\243\363\027\256[\3173\263)\033\326=\263&T\243\023""/\177\320 tF0D\002 0\023\341\332; \2711\245\020\321\3300\345\267-)\230\177\246\236AQ\327\203\207H\226+\000%\336\002 \024\036\211\237\201t\376\272E\270\230\020\334\014\356g\273\025((\376\266\216@ \254^2T\233\013\034\201\024\265\367by\212S\325C\240\024\312\370\262\227\317\370\362\3717\350\203\024E0\246\210\344\325\345r\024T\251\006P\255\352\333\372\351\337\302\000"";   nodeid: ""\240\000\000\000\000\000\000\000\000\000\000\000\000\000\000\000\000\000\000\000\000\000\000\000\000\000\000\000\000\000\000\000\001""; }; requestCookie: 2; ","ledgerHash: ""u\315\243\367\211\2625\240r:n\277\003\026\366\353'\216jy9\\001\220\223~\341j\254O\025\257""; ledgerSeq: 0; type: liTS_CANDIDATE; nodes {;   nodedata: ""\022\000\000""\000\000\000\000$\000\000\000\001 \033\000\000\000\027a@\000\000\027H\206*@h@\000\000\000\000\000\000\ns!\0030\347\374\235V\273%\326\211;\243\363\027\256[\3173\263)\033\326=\263&T\243\023""/\177\320 tF0D\002 0\023\341\332; \2711\245\020\321\3300\345\267-)\230\177\246\236AQ\327\203\207H\226+\000%\336\002 \024\036\211\237\201t\376\272E\270\230\020\334\014\356g\273\025((\376\266\216@ \254^2T\233\013\034\201\024\265\367by\212S\325C\240\024\312\370\262\227\317\370\362\3717\350\203\024E0\246\210\344\325\345r\024T\251\006P\255\352\333\372\351\337\302\000"";   nodeid: ""\240\000\000\000\000\000\000\000\000\000\000\000\000\000\000\000\000\000\000\000\000\000\000\000\000\000\000\000\000\000\000\000\001""; }; requestCookie: 2; "
1750587273627,1750587273627,1036,1,2,4,TMValidation,"validation: """"\200\000\000\001&\000\000\000\006)/\352\224\010:\211l\014`\252m\212dQ\221=\252\002\267\225zg\264\253\271T\346ji\003\235\236Pis\264\375\222|H\344\261g?[gP\0278h\232\211g)\354\005\246\256XI\265J\214\312}\261\211y\355]\0228j\360\0224\003\021%\014P\031\372\373$P*|\321\342\002\026\n\3215\340\3203\200x\327D\301]5\237\247Yz\3711!L\214s!\003\325Q\255\224\274R@\312\253\262\347\352\034\346\347\242\215,\312\376=\277\353{\350\225\301\305`^, vF0D\002 I\361\014ed\255\334\372\367\r\252=\366\255$\032\307\310\024\002\003s\232\301p\r\301\354\017\372\310\277\002 wK\013\340\365\263\266d\363\333\336fO4KG\320\242f\031`\236\030\244\363T\310\212\205q\017W""; ","validation: """"\200\000\000\001&\000\000\000\006)/\352\224\010:\211l\014`\252m\212dQ\221=\252\002\267\225zg\264\253\271T\346ji\003\235\236Pis\264\375\222|H\344\261g?[gP\0278h\232\211g)\354\005\246\256XI\265J\214\312}\261\211y\355]\0228j\360\0224\003\021%\014P\031\372\373$P*|\321\342\002\026\n\3215\340\3203\200x\327D\301]5\237\247Yz\3711!L\214s!\003\325Q\255\224\274R@\312\253\262\347\352\034\346\347\242\215,\312\376=\277\353{\350\225\301\305`^, vF0D\002 I\361\014ed\255\334\372\367\r\252=\366\255$\032\307\310\024\002\003s\232\301p\r\301\354\017\372\310\277\002 wK\013\340\365\263\266d\363\333\336fO4KG\320\242f\031`\236\030\244\363T\310\212\205q\017W""; "
1750587273627,1750587273628,1094,1,2,1,TMValidation,"validation: """"\200\000\000\001&\000\000\000\006)/\352\224\010:\211l\014`\252m\212dQ\221=\252\002\267\225zg\264\253\271T\346ji\003\235\236Pis\264\375\222|H\344\261g?[gP\0278h\232\211g)\354\005\246\256XI\265J\214\312}\261\211y\355]\0228j\360\0224\003\021%\014P\031\372\373$P*|\321\342\002\026\n\3215\340\3203\200x\327D\301]5\237\247Yz\3711!L\214s!\003\325Q\255\224\274R@\312\253\262\347\352\034\346\347\242\215,\312\376=\277\353{\350\225\301\305`^, vF0D\002 I\361\014ed\255\334\372\367\r\252=\366\255$\032\307\310\024\002\003s\232\301p\r\301\354\017\372\310\277\002 wK\013\340\365\263\266d\363\333\336fO4KG\320\242f\031`\236\030\244\363T\310\212\205q\017W""; ","validation: """"\200\000\000\001&\000\000\000\006)/\352\224\010:\211l\014`\252m\212dQ\221=\252\002\267\225zg\264\253\271T\346ji\003\235\236Pis\264\375\222|H\344\261g?[gP\0278h\232\211g)\354\005\246\256XI\265J\214\312}\261\211y\355]\0228j\360\0224\003\021%\014P\031\372\373$P*|\321\342\002\026\n\3215\340\3203\200x\327D\301]5\237\247Yz\3711!L\214s!\003\325Q\255\224\274R@\312\253\262\347\352\034\346\347\242\215,\312\376=\277\353{\350\225\301\305`^, vF0D\002 I\361\014ed\255\334\372\367\r\252=\366\255$\032\307\310\024\002\003s\232\301p\r\301\354\017\372\310\277\002 wK\013\340\365\263\266d\363\333\336fO4KG\320\242f\031`\236\030\244\363T\310\212\205q\017W""; "
1750587273634,1750587273634,3488,1,2,0,TMValidation,"validation: """"\200\000\000\001&\000\000\000\006)/\352\224\010:\211l\014`\252m\212dQ\221=\252\002\267\225zg\264\253\271T\346ji\003\235\236Pis\264\375\222|H\344\261g?[gP\0278h\232\211g)\354\005\246\256XI\265J\214\312}\261\211y\355]\0228j\360\0224\003\021%\014P\031\372\373$P*|\321\342\002\026\n\3215\340\3203\200x\327D\301]5\237\247Yz\3711!L\214s!\003\325Q\255\224\274R@\312\253\262\347\352\034\346\347\242\215,\312\376=\277\353{\350\225\301\305`^, vF0D\002 I\361\014ed\255\334\372\367\r\252=\366\255$\032\307\310\024\002\003s\232\301p\r\301\354\017\372\310\277\002 wK\013\340\365\263\266d\363\333\336fO4KG\320\242f\031`\236\030\244\363T\310\212\205q\017W""; ","validation: """"\200\000\000\001&\000\000\000\006)/\352\224\010:\211l\014`\252m\212dQ\221=\252\002\267\225zg\264\253\271T\346ji\003\235\236Pis\264\375\222|H\344\261g?[gP\0278h\232\211g)\354\005\246\256XI\265J\214\312}\261\211y\355]\0228j\360\0224\003\021%\014P\031\372\373$P*|\321\342\002\026\n\3215\340\3203\200x\327D\301]5\237\247Yz\3711!L\214s!\003\325Q\255\224\274R@\312\253\262\347\352\034\346\347\242\215,\312\376=\277\353{\350\225\301\305`^, vF0D\002 I\361\014ed\255\334\372\367\r\252=\366\255$\032\307\310\024\002\003s\232\301p\r\301\354\017\372\310\277\002 wK\013\340\365\263\266d\363\333\336fO4KG\320\242f\031`\236\030\244\363T\310\212\205q\017W""; "
1750587273637,1750587273638,3563,1,0,2,TMValidation,"validation: """"\200\000\000\001&\000\000\000\005)/\352\224\005:\211l\014`\252m\212dQ\372\373$P*|\321\342\002\026\n\3215\340\3203\200x\327D\301]5\237\247Yz\3711!L\214P\027\000\000\000\000\000\000\000\000\000\000\000\000\000\000\000\000\000\000\000\000\000\000\000\000\000\000\000\000\000\000\000\000P\031\241'\332/+\360Bx\036+\210j\237K%\340]\246E\2434\264K\036\030qP\317\315\336\325\007s!\003\325Q\255\224\274R@\312\253\262\347\352\034\346\347\242\215,\312\376=\277\353{\350\225\301\305`^, vG0E\002!\000\343H[u\237f\000\212\3116\003""\335\255\321\226_\216\363\250\372l@\312\221\356;\300\234\356m\336\002 ""\360k\020\027K\224\353<|>\234\365\240\322\007)r<j\2548\251A=\246\305\264%#~\224""; ","validation: """"\200\000\000\001&\000\000\000\005)/\352\224\005:\211l\014`\252m\212dQ\372\373$P*|\321\342\002\026\n\3215\340\3203\200x\327D\301]5\237\247Yz\3711!L\214P\027\000\000\000\000\000\000\000\000\000\000\000\000\000\000\000\000\000\000\000\000\000\000\000\000\000\000\000\000\000\000\000\000P\031\241'\332/+\360Bx\036+\210j\237K%\340]\246E\2434\264K\036\030qP\317\315\336\325\007s!\003\325Q\255\224\274R@\312\253\262\347\352\034\346\347\242\215,\312\376=\277\353{\350\225\301\305`^, vG0E\002!\000\343H[u\237f\000\212\3116\003""\335\255\321\226_\216\363\250\372l@\312\221\356;\300\234\356m\336\002 ""\360k\020\027K\224\353<|>\234\365\240\322\007)r<j\2548\251A=\246\305\264%#~\224""; "
1750587273638,1750587273638,792,1,0,4,TMValidation,"validation: """"\200\000\000\001&\000\000\000\005)/\352\224\005:\211l\014`\252m\212dQ\372\373$P*|\321\342\002\026\n\3215\340\3203\200x\327D\301]5\237\247Yz\3711!L\214P\027\000\000\000\000\000\000\000\000\000\000\000\000\000\000\000\000\000\000\000\000\000\000\000\000\000\000\000\000\000\000\000\000P\031\241'\332/+\360Bx\036+\210j\237K%\340]\246E\2434\264K\036\030qP\317\315\336\325\007s!\003\325Q\255\224\274R@\312\253\262\347\352\034\346\347\242\215,\312\376=\277\353{\350\225\301\305`^, vG0E\002!\000\343H[u\237f\000\212\3116\003""\335\255\321\226_\216\363\250\372l@\312\221\356;\300\234\356m\336\002 ""\360k\020\027K\224\353<|>\234\365\240\322\007)r<j\2548\251A=\246\305\264%#~\224""; ","validation: """"\200\000\000\001&\000\000\000\005)/\352\224\005:\211l\014`\252m\212dQ\372\373$P*|\321\342\002\026\n\3215\340\3203\200x\327D\301]5\237\247Yz\3711!L\214P\027\000\000\000\000\000\000\000\000\000\000\000\000\000\000\000\000\000\000\000\000\000\000\000\000\000\000\000\000\000\000\000\000P\031\241'\332/+\360Bx\036+\210j\237K%\340]\246E\2434\264K\036\030qP\317\315\336\325\007s!\003\325Q\255\224\274R@\312\253\262\347\352\034\346\347\242\215,\312\376=\277\353{\350\225\301\305`^, vG0E\002!\000\343H[u\237f\000\212\3116\003""\335\255\321\226_\216\363\250\372l@\312\221\356;\300\234\356m\336\002 ""\360k\020\027K\224\353<|>\234\365\240\322\007)r<j\2548\251A=\246\305\264%#~\224""; "
1750587273639,1750587273639,2684,1,0,1,TMValidation,"validation: """"\200\000\000\001&\000\000\000\005)/\352\224\005:\211l\014`\252m\212dQ\372\373$P*|\321\342\002\026\n\3215\340\3203\200x\327D\301]5\237\247Yz\3711!L\214P\027\000\000\000\000\000\000\000\000\000\000\000\000\000\000\000\000\000\000\000\000\000\000\000\000\000\000\000\000\000\000\000\000P\031\241'\332/+\360Bx\036+\210j\237K%\340]\246E\2434\264K\036\030qP\317\315\336\325\007s!\003\325Q\255\224\274R@\312\253\262\347\352\034\346\347\242\215,\312\376=\277\353{\350\225\301\305`^, vG0E\002!\000\343H[u\237f\000\212\3116\003""\335\255\321\226_\216\363\250\372l@\312\221\356;\300\234\356m\336\002 ""\360k\020\027K\224\353<|>\234\365\240\322\007)r<j\2548\251A=\246\305\264%#~\224""; ","validation: """"\200\000\000\001&\000\000\000\005)/\352\224\005:\211l\014`\252m\212dQ\372\373$P*|\321\342\002\026\n\3215\340\3203\200x\327D\301]5\237\247Yz\3711!L\214P\027\000\000\000\000\000\000\000\000\000\000\000\000\000\000\000\000\000\000\000\000\000\000\000\000\000\000\000\000\000\000\000\000P\031\241'\332/+\360Bx\036+\210j\237K%\340]\246E\2434\264K\036\030qP\317\315\336\325\007s!\003\325Q\255\224\274R@\312\253\262\347\352\034\346\347\242\215,\312\376=\277\353{\350\225\301\305`^, vG0E\002!\000\343H[u\237f\000\212\3116\003""\335\255\321\226_\216\363\250\372l@\312\221\356;\300\234\356m\336\002 ""\360k\020\027K\224\353<|>\234\365\240\322\007)r<j\2548\251A=\246\305\264%#~\224""; "
1750587273651,1750587273651,1772,1,4,3,TMLedgerData,"ledgerHash: ""u\315\243\367\211\2625\240r:n\277\003\026\366\353'\216jy9\\001\220\223~\341j\254O\025\257""; ledgerSeq: 0; type: liTS_CANDIDATE; nodes {;   nodedata: ""\246C\232\272\013^\241\340~\030'\005/\234\037\355\231\230\017\266\365\303w\360\273\374\234\362S:\270\023\n\003"";   nodeid: ""\000\000\000\000\000\000\000\000\000\000\000\000\000\000\000\000\000\000\000\000\000\000\000\000\000\000\000\000\000\000\000\000\000""; }; ","ledgerHash: ""u\315\243\367\211\2625\240r:n\277\003\026\366\353'\216jy9\\001\220\223~\341j\254O\025\257""; ledgerSeq: 0; type: liTS_CANDIDATE; nodes {;   nodedata: ""\246C\232\272\013^\241\340~\030'\005/\234\037\355\231\230\017\266\365\303w\360\273\374\234\362S:\270\023\n\003"";   nodeid: ""\000\000\000\000\000\000\000\000\000\000\000\000\000\000\000\000\000\000\000\000\000\000\000\000\000\000\000\000\000\000\000\000\000""; }; "
1750587273715,1750587273715,3656,1,3,1,TMProposeSet,"proposeSeq: 0; currentTxHash: ""\000\000\000\000\000\000\000\000\000\000\000\000\000\000\000\000\000\000\000\000\000\000\000\000\000\000\000\000\000\000\000\000""; nodePubKey: ""\003.\200\224\215?)t\306\315\242\313\251\255\302\204=\232.\271%}\013\024s\024\002@\216l""\241F""; closeTime: 803902472; signature: ""0D\002 <\207\272m\233\204cH\352P\263\345\030\020\200\003\250\250YT\306T\266\362\n\177\017\317\001\361$H\002 Sd\223.\373\005\321\344\352\345\033O\261$\346\352\021Gd\376\265\307\252\273\226\316\304m\001w\266\351""; previousledger: ""\221=\252\002\267\225zg\264\253\271T\346ji\003\235\236Pis\264\375\222|H\344\261g?[g""; ","proposeSeq: 0; currentTxHash: ""\000\000\000\000\000\000\000\000\000\000\000\000\000\000\000\000\000\000\000\000\000\000\000\000\000\000\000\000\000\000\000\000""; nodePubKey: ""\003.\200\224\215?)t\306\315\242\313\251\255\302\204=\232.\271%}\013\024s\024\002@\216l""\241F""; closeTime: 803902472; signature: ""0D\002 <\207\272m\233\204cH\352P\263\345\030\020\200\003\250\250YT\306T\266\362\n\177\017\317\001\361$H\002 Sd\223.\373\005\321\344\352\345\033O\261$\346\352\021Gd\376\265\307\252\273\226\316\304m\001w\266\351""; previousledger: ""\221=\252\002\267\225zg\264\253\271T\346ji\003\235\236Pis\264\375\222|H\344\261g?[g""; "
1750587273715,1750587273715,443,1,3,0,TMProposeSet,"proposeSeq: 0; currentTxHash: ""\000\000\000\000\000\000\000\000\000\000\000\000\000\000\000\000\000\000\000\000\000\000\000\000\000\000\000\000\000\000\000\000""; nodePubKey: ""\003.\200\224\215?)t\306\315\242\313\251\255\302\204=\232.\271%}\013\024s\024\002@\216l""\241F""; closeTime: 803902472; signature: ""0D\002 <\207\272m\233\204cH\352P\263\345\030\020\200\003\250\250YT\306T\266\362\n\177\017\317\001\361$H\002 Sd\223.\373\005\321\344\352\345\033O\261$\346\352\021Gd\376\265\307\252\273\226\316\304m\001w\266\351""; previousledger: ""\221=\252\002\267\225zg\264\253\271T\346ji\003\235\236Pis\264\375\222|H\344\261g?[g""; ","proposeSeq: 0; currentTxHash: ""\000\000\000\000\000\000\000\000\000\000\000\000\000\000\000\000\000\000\000\000\000\000\000\000\000\000\000\000\000\000\000\000""; nodePubKey: ""\003.\200\224\215?)t\306\315\242\313\251\255\302\204=\232.\271%}\013\024s\024\002@\216l""\241F""; closeTime: 803902472; signature: ""0D\002 <\207\272m\233\204cH\352P\263\345\030\020\200\003\250\250YT\306T\266\362\n\177\017\317\001\361$H\002 Sd\223.\373\005\321\344\352\345\033O\261$\346\352\021Gd\376\265\307\252\273\226\316\304m\001w\266\351""; previousledger: ""\221=\252\002\267\225zg\264\253\271T\346ji\003\235\236Pis\264\375\222|H\344\261g?[g""; "
1750587273715,1750587273715,1317,1,3,2,TMProposeSet,"proposeSeq: 0; currentTxHash: ""\000\000\000\000\000\000\000\000\000\000\000\000\000\000\000\000\000\000\000\000\000\000\000\000\000\000\000\000\000\000\000\000""; nodePubKey: ""\003.\200\224\215?)t\306\315\242\313\251\255\302\204=\232.\271%}\013\024s\024\002@\216l""\241F""; closeTime: 803902472; signature: ""0D\002 <\207\272m\233\204cH\352P\263\345\030\020\200\003\250\250YT\306T\266\362\n\177\017\317\001\361$H\002 Sd\223.\373\005\321\344\352\345\033O\261$\346\352\021Gd\376\265\307\252\273\226\316\304m\001w\266\351""; previousledger: ""\221=\252\002\267\225zg\264\253\271T\346ji\003\235\236Pis\264\375\222|H\344\261g?[g""; ","proposeSeq: 0; currentTxHash: ""\000\000\000\000\000\000\000\000\000\000\000\000\000\000\000\000\000\000\000\000\000\000\000\000\000\000\000\000\000\000\000\000""; nodePubKey: ""\003.\200\224\215?)t\306\315\242\313\251\255\302\204=\232.\271%}\013\024s\024\002@\216l""\241F""; closeTime: 803902472; signature: ""0D\002 <\207\272m\233\204cH\352P\263\345\030\020\200\003\250\250YT\306T\266\362\n\177\017\317\001\361$H\002 Sd\223.\373\005\321\344\352\345\033O\261$\346\352\021Gd\376\265\307\252\273\226\316\304m\001w\266\351""; previousledger: ""\221=\252\002\267\225zg\264\253\271T\346ji\003\235\236Pis\264\375\222|H\344\261g?[g""; "
1750587273744,1750587273744,734,1,3,2,TMValidation,"validation: """"\200\000\000\001&\000\000\000\006)/\352\224\010:?HT\314/\177\320^Q\221=\252\002\267\225zg\264\253\271T\346ji\003\235\236Pis\264\375\222|H\344\261g?[gP\0278h\232\211g)\354\005\246\256XI\265J\214\312}\261\211y\355]\0228j\360\0224\003\021%\014P\031\372\373$P*|\321\342\002\026\n\3215\340\3203\200x\327D\301]5\237\247Yz\3711!L\214s!\003\343\005\311u\203\370\0338\3174\324\010\006\301\251\177\261\304eOX\262)FA-\022r\263wm\024vF0D\002 #\344\210\215b\201\030\201\237\177\017D\337\375\334\323Ou\000\267H\305\342\206\024\360uE\013\272\227\276\002 HF\026\226N\256\323\213\220\246\277\320\346ik\216\035D\304\n\2166\243Ru\t\\225\363C\205\254""; ","validation: """"\200\000\000\001&\000\000\000\006)/\352\224\010:?HT\314/\177\320^Q\221=\252\002\267\225zg\264\253\271T\346ji\003\235\236Pis\264\375\222|H\344\261g?[gP\0278h\232\211g)\354\005\246\256XI\265J\214\312}\261\211y\355]\0228j\360\0224\003\021%\014P\031\372\373$P*|\321\342\002\026\n\3215\340\3203\200x\327D\301]5\237\247Yz\3711!L\214s!\003\343\005\311u\203\370\0338\3174\324\010\006\301\251\177\261\304eOX\262)FA-\022r\263wm\024vF0D\002 #\344\210\215b\201\030\201\237\177\017D\337\375\334\323Ou\000\267H\305\342\206\024\360uE\013\272\227\276\002 HF\026\226N\256\323\213\220\246\277\320\346ik\216\035D\304\n\2166\243Ru\t\\225\363C\205\254""; "
1750587273744,1750587273744,3501,1,3,4,TMValidation,"validation: """"\200\000\000\001&\000\000\000\006)/\352\224\010:?HT\314/\177\320^Q\221=\252\002\267\225zg\264\253\271T\346ji\003\235\236Pis\264\375\222|H\344\261g?[gP\0278h\232\211g)\354\005\246\256XI\265J\214\312}\261\211y\355]\0228j\360\0224\003\021%\014P\031\372\373$P*|\321\342\002\026\n\3215\340\3203\200x\327D\301]5\237\247Yz\3711!L\214s!\003\343\005\311u\203\370\0338\3174\324\010\006\301\251\177\261\304eOX\262)FA-\022r\263wm\024vF0D\002 #\344\210\215b\201\030\201\237\177\017D\337\375\334\323Ou\000\267H\305\342\206\024\360uE\013\272\227\276\002 HF\026\226N\256\323\213\220\246\277\320\346ik\216\035D\304\n\2166\243Ru\t\\225\363C\205\254""; ","validation: """"\200\000\000\001&\000\000\000\006)/\352\224\010:?HT\314/\177\320^Q\221=\252\002\267\225zg\264\253\271T\346ji\003\235\236Pis\264\375\222|H\344\261g?[gP\0278h\232\211g)\354\005\246\256XI\265J\214\312}\261\211y\355]\0228j\360\0224\003\021%\014P\031\372\373$P*|\321\342\002\026\n\3215\340\3203\200x\327D\301]5\237\247Yz\3711!L\214s!\003\343\005\311u\203\370\0338\3174\324\010\006\301\251\177\261\304eOX\262)FA-\022r\263wm\024vF0D\002 #\344\210\215b\201\030\201\237\177\017D\337\375\334\323Ou\000\267H\305\342\206\024\360uE\013\272\227\276\002 HF\026\226N\256\323\213\220\246\277\320\346ik\216\035D\304\n\2166\243Ru\t\\225\363C\205\254""; "
1750587273758,1750587273758,3767,1,3,0,TMValidation,"validation: """"\200\000\000\001&\000\000\000\006)/\352\224\010:?HT\314/\177\320^Q\221=\252\002\267\225zg\264\253\271T\346ji\003\235\236Pis\264\375\222|H\344\261g?[gP\0278h\232\211g)\354\005\246\256XI\265J\214\312}\261\211y\355]\0228j\360\0224\003\021%\014P\031\372\373$P*|\321\342\002\026\n\3215\340\3203\200x\327D\301]5\237\247Yz\3711!L\214s!\003\343\005\311u\203\370\0338\3174\324\010\006\301\251\177\261\304eOX\262)FA-\022r\263wm\024vF0D\002 #\344\210\215b\201\030\201\237\177\017D\337\375\334\323Ou\000\267H\305\342\206\024\360uE\013\272\227\276\002 HF\026\226N\256\323\213\220\246\277\320\346ik\216\035D\304\n\2166\243Ru\t\\225\363C\205\254""; ","validation: """"\200\000\000\001&\000\000\000\006)/\352\224\010:?HT\314/\177\320^Q\221=\252\002\267\225zg\264\253\271T\346ji\003\235\236Pis\264\375\222|H\344\261g?[gP\0278h\232\211g)\354\005\246\256XI\265J\214\312}\261\211y\355]\0228j\360\0224\003\021%\014P\031\372\373$P*|\321\342\002\026\n\3215\340\3203\200x\327D\301]5\237\247Yz\3711!L\214s!\003\343\005\311u\203\370\0338\3174\324\010\006\301\251\177\261\304eOX\262)FA-\022r\263wm\024vF0D\002 #\344\210\215b\201\030\201\237\177\017D\337\375\334\323Ou\000\267H\305\342\206\024\360uE\013\272\227\276\002 HF\026\226N\256\323\213\220\246\277\320\346ik\216\035D\304\n\2166\243Ru\t\\225\363C\205\254""; "
1750587273770,1750587273770,3097,1,2,0,TMLedgerData,"ledgerHash: ""8h\232\211g)\354\005\246\256XI\265J\214\312}\261\211y\355]\0228j\360\0224\003\021%\014""; ledgerSeq: 0; type: liTS_CANDIDATE; nodes {;   nodedata: ""\022\000\000""\000\000\000\000$\000\000\000\001 \033\000\000\000\027a@\000\000\027H\206*@h@\000\000\000\000\000\000\ns!\0030\347\374\235V\273%\326\211;\243\363\027\256[\3173\263)\033\326=\263&T\243\023""/\177\320 tF0D\002 0\023\341\332; \2711\245\020\321\3300\345\267-)\230\177\246\236AQ\327\203\207H\226+\000%\336\002 \024\036\211\237\201t\376\272E\270\230\020\334\014\356g\273\025((\376\266\216@ \254^2T\233\013\034\201\024\265\367by\212S\325C\240\024\312\370\262\227\317\370\362\3717\350\203\024E0\246\210\344\325\345r\024T\251\006P\255\352\333\372\351\337\302\000"";   nodeid: ""\240\000\000\000\000\000\000\000\000\000\000\000\000\000\000\000\000\000\000\000\000\000\000\000\000\000\000\000\000\000\000\000\001""; }; ","ledgerHash: ""8h\232\211g)\354\005\246\256XI\265J\214\312}\261\211y\355]\0228j\360\0224\003\021%\014""; ledgerSeq: 0; type: liTS_CANDIDATE; nodes {;   nodedata: ""\022\000\000""\000\000\000\000$\000\000\000\001 \033\000\000\000\027a@\000\000\027H\206*@h@\000\000\000\000\000\000\ns!\0030\347\374\235V\273%\326\211;\243\363\027\256[\3173\263)\033\326=\263&T\243\023""/\177\320 tF0D\002 0\023\341\332; \2711\245\020\321\3300\345\267-)\230\177\246\236AQ\327\203\207H\226+\000%\336\002 \024\036\211\237\201t\376\272E\270\230\020\334\014\356g\273\025((\376\266\216@ \254^2T\233\013\034\201\024\265\367by\212S\325C\240\024\312\370\262\227\317\370\362\3717\350\203\024E0\246\210\344\325\345r\024T\251\006P\255\352\333\372\351\337\302\000"";   nodeid: ""\240\000\000\000\000\000\000\000\000\000\000\000\000\000\000\000\000\000\000\000\000\000\000\000\000\000\000\000\000\000\000\000\001""; }; "
1750587273777,1750587273777,3538,1,1,3,TMProposeSet,"proposeSeq: 0; currentTxHash: ""\000\000\000\000\000\000\000\000\000\000\000\000\000\000\000\000\000\000\000\000\000\000\000\000\000\000\000\000\000\000\000\000""; nodePubKey: ""\003.\200\224\215?)t\306\315\242\313\251\255\302\204=\232.\271%}\013\024s\024\002@\216l""\241F""; closeTime: 803902472; signature: ""0D\002 <\207\272m\233\204cH\352P\263\345\030\020\200\003\250\250YT\306T\266\362\n\177\017\317\001\361$H\002 Sd\223.\373\005\321\344\352\345\033O\261$\346\352\021Gd\376\265\307\252\273\226\316\304m\001w\266\351""; previousledger: ""\221=\252\002\267\225zg\264\253\271T\346ji\003\235\236Pis\264\375\222|H\344\261g?[g""; ","proposeSeq: 0; currentTxHash: ""\000\000\000\000\000\000\000\000\000\000\000\000\000\000\000\000\000\000\000\000\000\000\000\000\000\000\000\000\000\000\000\000""; nodePubKey: ""\003.\200\224\215?)t\306\315\242\313\251\255\302\204=\232.\271%}\013\024s\024\002@\216l""\241F""; closeTime: 803902472; signature: ""0D\002 <\207\272m\233\204cH\352P\263\345\030\020\200\003\250\250YT\306T\266\362\n\177\017\317\001\361$H\002 Sd\223.\373\005\321\344\352\345\033O\261$\346\352\021Gd\376\265\307\252\273\226\316\304m\001w\266\351""; previousledger: ""\221=\252\002\267\225zg\264\253\271T\346ji\003\235\236Pis\264\375\222|H\344\261g?[g""; "
1750587273777,1750587273777,1799,1,1,2,TMProposeSet,"proposeSeq: 0; currentTxHash: ""\000\000\000\000\000\000\000\000\000\000\000\000\000\000\000\000\000\000\000\000\000\000\000\000\000\000\000\000\000\000\000\000""; nodePubKey: ""\003.\200\224\215?)t\306\315\242\313\251\255\302\204=\232.\271%}\013\024s\024\002@\216l""\241F""; closeTime: 803902472; signature: ""0D\002 <\207\272m\233\204cH\352P\263\345\030\020\200\003\250\250YT\306T\266\362\n\177\017\317\001\361$H\002 Sd\223.\373\005\321\344\352\345\033O\261$\346\352\021Gd\376\265\307\252\273\226\316\304m\001w\266\351""; previousledger: ""\221=\252\002\267\225zg\264\253\271T\346ji\003\235\236Pis\264\375\222|H\344\261g?[g""; ","proposeSeq: 0; currentTxHash: ""\000\000\000\000\000\000\000\000\000\000\000\000\000\000\000\000\000\000\000\000\000\000\000\000\000\000\000\000\000\000\000\000""; nodePubKey: ""\003.\200\224\215?)t\306\315\242\313\251\255\302\204=\232.\271%}\013\024s\024\002@\216l""\241F""; closeTime: 803902472; signature: ""0D\002 <\207\272m\233\204cH\352P\263\345\030\020\200\003\250\250YT\306T\266\362\n\177\017\317\001\361$H\002 Sd\223.\373\005\321\344\352\345\033O\261$\346\352\021Gd\376\265\307\252\273\226\316\304m\001w\266\351""; previousledger: ""\221=\252\002\267\225zg\264\253\271T\346ji\003\235\236Pis\264\375\222|H\344\261g?[g""; "
1750587273777,1750587273777,926,1,1,0,TMProposeSet,"proposeSeq: 0; currentTxHash: ""\000\000\000\000\000\000\000\000\000\000\000\000\000\000\000\000\000\000\000\000\000\000\000\000\000\000\000\000\000\000\000\000""; nodePubKey: ""\003.\200\224\215?)t\306\315\242\313\251\255\302\204=\232.\271%}\013\024s\024\002@\216l""\241F""; closeTime: 803902472; signature: ""0D\002 <\207\272m\233\204cH\352P\263\345\030\020\200\003\250\250YT\306T\266\362\n\177\017\317\001\361$H\002 Sd\223.\373\005\321\344\352\345\033O\261$\346\352\021Gd\376\265\307\252\273\226\316\304m\001w\266\351""; previousledger: ""\221=\252\002\267\225zg\264\253\271T\346ji\003\235\236Pis\264\375\222|H\344\261g?[g""; ","proposeSeq: 0; currentTxHash: ""\000\000\000\000\000\000\000\000\000\000\000\000\000\000\000\000\000\000\000\000\000\000\000\000\000\000\000\000\000\000\000\000""; nodePubKey: ""\003.\200\224\215?)t\306\315\242\313\251\255\302\204=\232.\271%}\013\024s\024\002@\216l""\241F""; closeTime: 803902472; signature: ""0D\002 <\207\272m\233\204cH\352P\263\345\030\020\200\003\250\250YT\306T\266\362\n\177\017\317\001\361$H\002 Sd\223.\373\005\321\344\352\345\033O\261$\346\352\021Gd\376\265\307\252\273\226\316\304m\001w\266\351""; previousledger: ""\221=\252\002\267\225zg\264\253\271T\346ji\003\235\236Pis\264\375\222|H\344\261g?[g""; "
1750587273779,1750587273779,342,1,2,1,TMGetLedger,"itype: liTS_CANDIDATE; ledgerHash: ""u\315\243\367\211\2625\240r:n\277\003\026\366\353'\216jy9\\001\220\223~\341j\254O\025\257""; nodeIDs: ""\240\000\000\000\000\000\000\000\000\000\000\000\000\000\000\000\000\000\000\000\000\000\000\000\000\000\000\000\000\000\000\000\001""; requestCookie: 2; queryType: qtINDIRECT; ","itype: liTS_CANDIDATE; ledgerHash: ""u\315\243\367\211\2625\240r:n\277\003\026\366\353'\216jy9\\001\220\223~\341j\254O\025\257""; nodeIDs: ""\240\000\000\000\000\000\000\000\000\000\000\000\000\000\000\000\000\000\000\000\000\000\000\000\000\000\000\000\000\000\000\000\001""; requestCookie: 2; queryType: qtINDIRECT; "
1750587273799,1750587273799,1466,1,0,4,TMGetLedger,"itype: liBASE; ledgerHash: ""\221=\252\002\267\225zg\264\253\271T\346ji\003\235\236Pis\264\375\222|H\344\261g?[g""; requestCookie: 3; queryType: qtINDIRECT; ","itype: liBASE; ledgerHash: ""\221=\252\002\267\225zg\264\253\271T\346ji\003\235\236Pis\264\375\222|H\344\261g?[g""; requestCookie: 3; queryType: qtINDIRECT; "
1750587273845,1750587273845,3097,1,2,0,TMLedgerData,"ledgerHash: ""u\315\243\367\211\2625\240r:n\277\003\026\366\353'\216jy9\\001\220\223~\341j\254O\025\257""; ledgerSeq: 0; type: liTS_CANDIDATE; nodes {;   nodedata: ""\246C\232\272\013^\241\340~\030'\005/\234\037\355\231\230\017\266\365\303w\360\273\374\234\362S:\270\023\n\003"";   nodeid: ""\000\000\000\000\000\000\000\000\000\000\000\000\000\000\000\000\000\000\000\000\000\000\000\000\000\000\000\000\000\000\000\000\000""; }; ","ledgerHash: ""u\315\243\367\211\2625\240r:n\277\003\026\366\353'\216jy9\\001\220\223~\341j\254O\025\257""; ledgerSeq: 0; type: liTS_CANDIDATE; nodes {;   nodedata: ""\246C\232\272\013^\241\340~\030'\005/\234\037\355\231\230\017\266\365\303w\360\273\374\234\362S:\270\023\n\003"";   nodeid: ""\000\000\000\000\000\000\000\000\000\000\000\000\000\000\000\000\000\000\000\000\000\000\000\000\000\000\000\000\000\000\000\000\000""; }; "
1750587273855,1750587273855,486,1,4,0,TMLedgerData,"ledgerHash: ""u\315\243\367\211\2625\240r:n\277\003\026\366\353'\216jy9\\001\220\223~\341j\254O\025\257""; ledgerSeq: 0; type: liTS_CANDIDATE; nodes {;   nodedata: ""\022\000\000""\000\000\000\000$\000\000\000\001 \033\000\000\000\027a@\000\000\027H\206*@h@\000\000\000\000\000\000\ns!\0030\347\374\235V\273%\326\211;\243\363\027\256[\3173\263)\033\326=\263&T\243\023""/\177\320 tF0D\002 0\023\341\332; \2711\245\020\321\3300\345\267-)\230\177\246\236AQ\327\203\207H\226+\000%\336\002 \024\036\211\237\201t\376\272E\270\230\020\334\014\356g\273\025((\376\266\216@ \254^2T\233\013\034\201\024\265\367by\212S\325C\240\024\312\370\262\227\317\370\362\3717\350\203\024E0\246\210\344\325\345r\024T\251\006P\255\352\333\372\351\337\302\000"";   nodeid: ""\240\000\000\000\000\000\000\000\000\000\000\000\000\000\000\000\000\000\000\000\000\000\000\000\000\000\000\000\000\000\000\000\001""; }; ","ledgerHash: ""u\315\243\367\211\2625\240r:n\277\003\026\366\353'\216jy9\\001\220\223~\341j\254O\025\257""; ledgerSeq: 0; type: liTS_CANDIDATE; nodes {;   nodedata: ""\022\000\000""\000\000\000\000$\000\000\000\001 \033\000\000\000\027a@\000\000\027H\206*@h@\000\000\000\000\000\000\ns!\0030\347\374\235V\273%\326\211;\243\363\027\256[\3173\263)\033\326=\263&T\243\023""/\177\320 tF0D\002 0\023\341\332; \2711\245\020\321\3300\345\267-)\230\177\246\236AQ\327\203\207H\226+\000%\336\002 \024\036\211\237\201t\376\272E\270\230\020\334\014\356g\273\025((\376\266\216@ \254^2T\233\013\034\201\024\265\367by\212S\325C\240\024\312\370\262\227\317\370\362\3717\350\203\024E0\246\210\344\325\345r\024T\251\006P\255\352\333\372\351\337\302\000"";   nodeid: ""\240\000\000\000\000\000\000\000\000\000\000\000\000\000\000\000\000\000\000\000\000\000\000\000\000\000\000\000\000\000\000\000\001""; }; "
1750587273433,1750587273858,3522,1,1,4,TMStatusChange,"newEvent: neCLOSING_LEDGER; ledgerSeq: 6; ledgerHash: ""\221=\252\002\267\225zg\264\253\271T\346ji\003\235\236Pis\264\375\222|H\344\261g?[g""; ledgerHashPrevious: ""\372\373$P*|\321\342\002\026\n\3215\340\3203\200x\327D\301]5\237\247Yz\3711!L\214""; networkTime: 803902473; firstSeq: 1; lastSeq: 6; ","newEvent: neCLOSING_LEDGER; ledgerSeq: 6; ledgerHash: ""\221=\252\002\267\225zg\264\253\271T\346ji\003\235\236Pis\264\375\222|H\344\261g?[g""; ledgerHashPrevious: ""\372\373$P*|\321\342\002\026\n\3215\340\3203\200x\327D\301]5\237\247Yz\3711!L\214""; networkTime: 803902473; firstSeq: 1; lastSeq: 6; "
1750587273435,1750587273859,1020,1,1,3,TMStatusChange,"newEvent: neCLOSING_LEDGER; ledgerSeq: 6; ledgerHash: ""\221=\252\002\267\225zg\264\253\271T\346ji\003\235\236Pis\264\375\222|H\344\261g?[g""; ledgerHashPrevious: ""\372\373$P*|\321\342\002\026\n\3215\340\3203\200x\327D\301]5\237\247Yz\3711!L\214""; networkTime: 803902473; firstSeq: 1; lastSeq: 6; ","newEvent: neCLOSING_LEDGER; ledgerSeq: 6; ledgerHash: ""\221=\252\002\267\225zg\264\253\271T\346ji\003\235\236Pis\264\375\222|H\344\261g?[g""; ledgerHashPrevious: ""\372\373$P*|\321\342\002\026\n\3215\340\3203\200x\327D\301]5\237\247Yz\3711!L\214""; networkTime: 803902473; firstSeq: 1; lastSeq: 6; "
1750587273435,1750587273859,961,1,1,2,TMStatusChange,"newEvent: neCLOSING_LEDGER; ledgerSeq: 6; ledgerHash: ""\221=\252\002\267\225zg\264\253\271T\346ji\003\235\236Pis\264\375\222|H\344\261g?[g""; ledgerHashPrevious: ""\372\373$P*|\321\342\002\026\n\3215\340\3203\200x\327D\301]5\237\247Yz\3711!L\214""; networkTime: 803902473; firstSeq: 1; lastSeq: 6; ","newEvent: neCLOSING_LEDGER; ledgerSeq: 6; ledgerHash: ""\221=\252\002\267\225zg\264\253\271T\346ji\003\235\236Pis\264\375\222|H\344\261g?[g""; ledgerHashPrevious: ""\372\373$P*|\321\342\002\026\n\3215\340\3203\200x\327D\301]5\237\247Yz\3711!L\214""; networkTime: 803902473; firstSeq: 1; lastSeq: 6; "
1750587273436,1750587273860,1862,1,1,0,TMStatusChange,"newEvent: neCLOSING_LEDGER; ledgerSeq: 6; ledgerHash: ""\221=\252\002\267\225zg\264\253\271T\346ji\003\235\236Pis\264\375\222|H\344\261g?[g""; ledgerHashPrevious: ""\372\373$P*|\321\342\002\026\n\3215\340\3203\200x\327D\301]5\237\247Yz\3711!L\214""; networkTime: 803902473; firstSeq: 1; lastSeq: 6; ","newEvent: neCLOSING_LEDGER; ledgerSeq: 6; ledgerHash: ""\221=\252\002\267\225zg\264\253\271T\346ji\003\235\236Pis\264\375\222|H\344\261g?[g""; ledgerHashPrevious: ""\372\373$P*|\321\342\002\026\n\3215\340\3203\200x\327D\301]5\237\247Yz\3711!L\214""; networkTime: 803902473; firstSeq: 1; lastSeq: 6; "
1750587273868,1750587273868,483,1,3,4,TMProposeSet,"proposeSeq: 0; currentTxHash: ""\000\000\000\000\000\000\000\000\000\000\000\000\000\000\000\000\000\000\000\000\000\000\000\000\000\000\000\000\000\000\000\000""; nodePubKey: ""\003\325Q\255\224\274R@\312\253\262\347\352\034\346\347\242\215,\312\376=\277\353{\350\225\301\305`^, ""; closeTime: 803902473; signature: ""0D\002 \016\355\360\334Q\3334\216\252#-\251\026\310\2573\025\023\2154\265\345\246I\022\250S\016\241,\305\201\002 \023\252|\253\300\323\001K\225\273;\2525\321nb\346\361g\031k\340\332\000~fp\t\353\\022\267""; previousledger: ""\221=\252\002\267\225zg\264\253\271T\346ji\003\235\236Pis\264\375\222|H\344\261g?[g""; ","proposeSeq: 0; currentTxHash: ""\000\000\000\000\000\000\000\000\000\000\000\000\000\000\000\000\000\000\000\000\000\000\000\000\000\000\000\000\000\000\000\000""; nodePubKey: ""\003\325Q\255\224\274R@\312\253\262\347\352\034\346\347\242\215,\312\376=\277\353{\350\225\301\305`^, ""; closeTime: 803902473; signature: ""0D\002 \016\355\360\334Q\3334\216\252#-\251\026\310\2573\025\023\2154\265\345\246I\022\250S\016\241,\305\201\002 \023\252|\253\300\323\001K\225\273;\2525\321nb\346\361g\031k\340\332\000~fp\t\353\\022\267""; previousledger: ""\221=\252\002\267\225zg\264\253\271T\346ji\003\235\236Pis\264\375\222|H\344\261g?[g""; "
1750587273871,1750587273871,443,1,3,0,TMProposeSet,"proposeSeq: 0; currentTxHash: ""\000\000\000\000\000\000\000\000\000\000\000\000\000\000\000\000\000\000\000\000\000\000\000\000\000\000\000\000\000\000\000\000""; nodePubKey: ""\003\325Q\255\224\274R@\312\253\262\347\352\034\346\347\242\215,\312\376=\277\353{\350\225\301\305`^, ""; closeTime: 803902473; signature: ""0D\002 \016\355\360\334Q\3334\216\252#-\251\026\310\2573\025\023\2154\265\345\246I\022\250S\016\241,\305\201\002 \023\252|\253\300\323\001K\225\273;\2525\321nb\346\361g\031k\340\332\000~fp\t\353\\022\267""; previousledger: ""\221=\252\002\267\225zg\264\253\271T\346ji\003\235\236Pis\264\375\222|H\344\261g?[g""; ","proposeSeq: 0; currentTxHash: ""\000\000\000\000\000\000\000\000\000\000\000\000\000\000\000\000\000\000\000\000\000\000\000\000\000\000\000\000\000\000\000\000""; nodePubKey: ""\003\325Q\255\224\274R@\312\253\262\347\352\034\346\347\242\215,\312\376=\277\353{\350\225\301\305`^, ""; closeTime: 803902473; signature: ""0D\002 \016\355\360\334Q\3334\216\252#-\251\026\310\2573\025\023\2154\265\345\246I\022\250S\016\241,\305\201\002 \023\252|\253\300\323\001K\225\273;\2525\321nb\346\361g\031k\340\332\000~fp\t\353\\022\267""; previousledger: ""\221=\252\002\267\225zg\264\253\271T\346ji\003\235\236Pis\264\375\222|H\344\261g?[g""; "
1750587273901,1750587273901,1772,1,4,3,TMLedgerData,"ledgerHash: ""u\315\243\367\211\2625\240r:n\277\003\026\366\353'\216jy9\\001\220\223~\341j\254O\025\257""; ledgerSeq: 0; type: liTS_CANDIDATE; nodes {;   nodedata: ""\246C\232\272\013^\241\340~\030'\005/\234\037\355\231\230\017\266\365\303w\360\273\374\234\362S:\270\023\n\003"";   nodeid: ""\000\000\000\000\000\000\000\000\000\000\000\000\000\000\000\000\000\000\000\000\000\000\000\000\000\000\000\000\000\000\000\000\000""; }; ","ledgerHash: ""u\315\243\367\211\2625\240r:n\277\003\026\366\353'\216jy9\\001\220\223~\341j\254O\025\257""; ledgerSeq: 0; type: liTS_CANDIDATE; nodes {;   nodedata: ""\246C\232\272\013^\241\340~\030'\005/\234\037\355\231\230\017\266\365\303w\360\273\374\234\362S:\270\023\n\003"";   nodeid: ""\000\000\000\000\000\000\000\000\000\000\000\000\000\000\000\000\000\000\000\000\000\000\000\000\000\000\000\000\000\000\000\000\000""; }; "
1750587273910,1750587273910,3656,1,3,1,TMProposeSet,"proposeSeq: 0; currentTxHash: ""\000\000\000\000\000\000\000\000\000\000\000\000\000\000\000\000\000\000\000\000\000\000\000\000\000\000\000\000\000\000\000\000""; nodePubKey: ""\003\325Q\255\224\274R@\312\253\262\347\352\034\346\347\242\215,\312\376=\277\353{\350\225\301\305`^, ""; closeTime: 803902473; signature: ""0D\002 \016\355\360\334Q\3334\216\252#-\251\026\310\2573\025\023\2154\265\345\246I\022\250S\016\241,\305\201\002 \023\252|\253\300\323\001K\225\273;\2525\321nb\346\361g\031k\340\332\000~fp\t\353\\022\267""; previousledger: ""\221=\252\002\267\225zg\264\253\271T\346ji\003\235\236Pis\264\375\222|H\344\261g?[g""; ","proposeSeq: 0; currentTxHash: ""\000\000\000\000\000\000\000\000\000\000\000\000\000\000\000\000\000\000\000\000\000\000\000\000\000\000\000\000\000\000\000\000""; nodePubKey: ""\003\325Q\255\224\274R@\312\253\262\347\352\034\346\347\242\215,\312\376=\277\353{\350\225\301\305`^, ""; closeTime: 803902473; signature: ""0D\002 \016\355\360\334Q\3334\216\252#-\251\026\310\2573\025\023\2154\265\345\246I\022\250S\016\241,\305\201\002 \023\252|\253\300\323\001K\225\273;\2525\321nb\346\361g\031k\340\332\000~fp\t\353\\022\267""; previousledger: ""\221=\252\002\267\225zg\264\253\271T\346ji\003\235\236Pis\264\375\222|H\344\261g?[g""; "
1750587273910,1750587273910,1317,1,3,2,TMProposeSet,"proposeSeq: 0; currentTxHash: ""\000\000\000\000\000\000\000\000\000\000\000\000\000\000\000\000\000\000\000\000\000\000\000\000\000\000\000\000\000\000\000\000""; nodePubKey: ""\003\325Q\255\224\274R@\312\253\262\347\352\034\346\347\242\215,\312\376=\277\353{\350\225\301\305`^, ""; closeTime: 803902473; signature: ""0D\002 \016\355\360\334Q\3334\216\252#-\251\026\310\2573\025\023\2154\265\345\246I\022\250S\016\241,\305\201\002 \023\252|\253\300\323\001K\225\273;\2525\321nb\346\361g\031k\340\332\000~fp\t\353\\022\267""; previousledger: ""\221=\252\002\267\225zg\264\253\271T\346ji\003\235\236Pis\264\375\222|H\344\261g?[g""; ","proposeSeq: 0; currentTxHash: ""\000\000\000\000\000\000\000\000\000\000\000\000\000\000\000\000\000\000\000\000\000\000\000\000\000\000\000\000\000\000\000\000""; nodePubKey: ""\003\325Q\255\224\274R@\312\253\262\347\352\034\346\347\242\215,\312\376=\277\353{\350\225\301\305`^, ""; closeTime: 803902473; signature: ""0D\002 \016\355\360\334Q\3334\216\252#-\251\026\310\2573\025\023\2154\265\345\246I\022\250S\016\241,\305\201\002 \023\252|\253\300\323\001K\225\273;\2525\321nb\346\361g\031k\340\332\000~fp\t\353\\022\267""; previousledger: ""\221=\252\002\267\225zg\264\253\271T\346ji\003\235\236Pis\264\375\222|H\344\261g?[g""; "
1750587274002,1750587274002,141,1,0,3,TMProposeSet,"proposeSeq: 1; currentTxHash: ""8h\232\211g)\354\005\246\256XI\265J\214\312}\261\211y\355]\0228j\360\0224\003\021%\014""; nodePubKey: ""\002\347\243J\206W\025ML\260\226\0163\217\250\337\325W\253\356*O\245Z\271\234\207C\274\375`\335\311""; closeTime: 803902470; signature: ""0E\002!\000\237\237jWK\273z\346\310jc\030Z\377\270\267<\232\364\302\334\213\234\315\201\205E>\307\020\347\237\002  \001\200Vc8\236\2213\271\022\\374f\352\005\226\277\203i\342\330\312\363LFn\177x\325\031\313""; previousledger: ""\372\373$P*|\321\342\002\026\n\3215\340\3203\200x\327D\301]5\237\247Yz\3711!L\214""; ","proposeSeq: 1; currentTxHash: ""8h\232\211g)\354\005\246\256XI\265J\214\312}\261\211y\355]\0228j\360\0224\003\021%\014""; nodePubKey: ""\002\347\243J\206W\025ML\260\226\0163\217\250\337\325W\253\356*O\245Z\271\234\207C\274\375`\335\311""; closeTime: 803902470; signature: ""0E\002!\000\237\237jWK\273z\346\310jc\030Z\377\270\267<\232\364\302\334\213\234\315\201\205E>\307\020\347\237\002  \001\200Vc8\236\2213\271\022\\374f\352\005\226\277\203i\342\330\312\363LFn\177x\325\031\313""; previousledger: ""\372\373$P*|\321\342\002\026\n\3215\340\3203\200x\327D\301]5\237\247Yz\3711!L\214""; "
1750587274003,1750587274003,190,1,0,1,TMProposeSet,"proposeSeq: 1; currentTxHash: ""8h\232\211g)\354\005\246\256XI\265J\214\312}\261\211y\355]\0228j\360\0224\003\021%\014""; nodePubKey: ""\002\347\243J\206W\025ML\260\226\0163\217\250\337\325W\253\356*O\245Z\271\234\207C\274\375`\335\311""; closeTime: 803902470; signature: ""0E\002!\000\237\237jWK\273z\346\310jc\030Z\377\270\267<\232\364\302\334\213\234\315\201\205E>\307\020\347\237\002  \001\200Vc8\236\2213\271\022\\374f\352\005\226\277\203i\342\330\312\363LFn\177x\325\031\313""; previousledger: ""\372\373$P*|\321\342\002\026\n\3215\340\3203\200x\327D\301]5\237\247Yz\3711!L\214""; ","proposeSeq: 1; currentTxHash: ""8h\232\211g)\354\005\246\256XI\265J\214\312}\261\211y\355]\0228j\360\0224\003\021%\014""; nodePubKey: ""\002\347\243J\206W\025ML\260\226\0163\217\250\337\325W\253\356*O\245Z\271\234\207C\274\375`\335\311""; closeTime: 803902470; signature: ""0E\002!\000\237\237jWK\273z\346\310jc\030Z\377\270\267<\232\364\302\334\213\234\315\201\205E>\307\020\347\237\002  \001\200Vc8\236\2213\271\022\\374f\352\005\226\277\203i\342\330\312\363LFn\177x\325\031\313""; previousledger: ""\372\373$P*|\321\342\002\026\n\3215\340\3203\200x\327D\301]5\237\247Yz\3711!L\214""; "
1750587274003,1750587274003,1290,1,0,2,TMProposeSet,"proposeSeq: 1; currentTxHash: ""8h\232\211g)\354\005\246\256XI\265J\214\312}\261\211y\355]\0228j\360\0224\003\021%\014""; nodePubKey: ""\002\347\243J\206W\025ML\260\226\0163\217\250\337\325W\253\356*O\245Z\271\234\207C\274\375`\335\311""; closeTime: 803902470; signature: ""0E\002!\000\237\237jWK\273z\346\310jc\030Z\377\270\267<\232\364\302\334\213\234\315\201\205E>\307\020\347\237\002  \001\200Vc8\236\2213\271\022\\374f\352\005\226\277\203i\342\330\312\363LFn\177x\325\031\313""; previousledger: ""\372\373$P*|\321\342\002\026\n\3215\340\3203\200x\327D\301]5\237\247Yz\3711!L\214""; ","proposeSeq: 1; currentTxHash: ""8h\232\211g)\354\005\246\256XI\265J\214\312}\261\211y\355]\0228j\360\0224\003\021%\014""; nodePubKey: ""\002\347\243J\206W\025ML\260\226\0163\217\250\337\325W\253\356*O\245Z\271\234\207C\274\375`\335\311""; closeTime: 803902470; signature: ""0E\002!\000\237\237jWK\273z\346\310jc\030Z\377\270\267<\232\364\302\334\213\234\315\201\205E>\307\020\347\237\002  \001\200Vc8\236\2213\271\022\\374f\352\005\226\277\203i\342\330\312\363LFn\177x\325\031\313""; previousledger: ""\372\373$P*|\321\342\002\026\n\3215\340\3203\200x\327D\301]5\237\247Yz\3711!L\214""; "
1750587274002,1750587274002,2970,1,0,4,TMProposeSet,"proposeSeq: 1; currentTxHash: ""8h\232\211g)\354\005\246\256XI\265J\214\312}\261\211y\355]\0228j\360\0224\003\021%\014""; nodePubKey: ""\002\347\243J\206W\025ML\260\226\0163\217\250\337\325W\253\356*O\245Z\271\234\207C\274\375`\335\311""; closeTime: 803902470; signature: ""0E\002!\000\237\237jWK\273z\346\310jc\030Z\377\270\267<\232\364\302\334\213\234\315\201\205E>\307\020\347\237\002  \001\200Vc8\236\2213\271\022\\374f\352\005\226\277\203i\342\330\312\363LFn\177x\325\031\313""; previousledger: ""\372\373$P*|\321\342\002\026\n\3215\340\3203\200x\327D\301]5\237\247Yz\3711!L\214""; ","proposeSeq: 1; currentTxHash: ""8h\232\211g)\354\005\246\256XI\265J\214\312}\261\211y\355]\0228j\360\0224\003\021%\014""; nodePubKey: ""\002\347\243J\206W\025ML\260\226\0163\217\250\337\325W\253\356*O\245Z\271\234\207C\274\375`\335\311""; closeTime: 803902470; signature: ""0E\002!\000\237\237jWK\273z\346\310jc\030Z\377\270\267<\232\364\302\334\213\234\315\201\205E>\307\020\347\237\002  \001\200Vc8\236\2213\271\022\\374f\352\005\226\277\203i\342\330\312\363LFn\177x\325\031\313""; previousledger: ""\372\373$P*|\321\342\002\026\n\3215\340\3203\200x\327D\301]5\237\247Yz\3711!L\214""; "
1750587273869,1750587274019,972,1,3,4,TMStatusChange,"newEvent: neCLOSING_LEDGER; ledgerSeq: 6; ledgerHash: ""\221=\252\002\267\225zg\264\253\271T\346ji\003\235\236Pis\264\375\222|H\344\261g?[g""; ledgerHashPrevious: ""\372\373$P*|\321\342\002\026\n\3215\340\3203\200x\327D\301]5\237\247Yz\3711!L\214""; networkTime: 803902473; firstSeq: 1; lastSeq: 6; ","newEvent: neCLOSING_LEDGER; ledgerSeq: 6; ledgerHash: ""\221=\252\002\267\225zg\264\253\271T\346ji\003\235\236Pis\264\375\222|H\344\261g?[g""; ledgerHashPrevious: ""\372\373$P*|\321\342\002\026\n\3215\340\3203\200x\327D\301]5\237\247Yz\3711!L\214""; networkTime: 803902473; firstSeq: 1; lastSeq: 6; "
1750587273869,1750587274020,854,1,3,2,TMStatusChange,"newEvent: neCLOSING_LEDGER; ledgerSeq: 6; ledgerHash: ""\221=\252\002\267\225zg\264\253\271T\346ji\003\235\236Pis\264\375\222|H\344\261g?[g""; ledgerHashPrevious: ""\372\373$P*|\321\342\002\026\n\3215\340\3203\200x\327D\301]5\237\247Yz\3711!L\214""; networkTime: 803902473; firstSeq: 1; lastSeq: 6; ","newEvent: neCLOSING_LEDGER; ledgerSeq: 6; ledgerHash: ""\221=\252\002\267\225zg\264\253\271T\346ji\003\235\236Pis\264\375\222|H\344\261g?[g""; ledgerHashPrevious: ""\372\373$P*|\321\342\002\026\n\3215\340\3203\200x\327D\301]5\237\247Yz\3711!L\214""; networkTime: 803902473; firstSeq: 1; lastSeq: 6; "
1750587273870,1750587274020,1591,1,3,1,TMStatusChange,"newEvent: neCLOSING_LEDGER; ledgerSeq: 6; ledgerHash: ""\221=\252\002\267\225zg\264\253\271T\346ji\003\235\236Pis\264\375\222|H\344\261g?[g""; ledgerHashPrevious: ""\372\373$P*|\321\342\002\026\n\3215\340\3203\200x\327D\301]5\237\247Yz\3711!L\214""; networkTime: 803902473; firstSeq: 1; lastSeq: 6; ","newEvent: neCLOSING_LEDGER; ledgerSeq: 6; ledgerHash: ""\221=\252\002\267\225zg\264\253\271T\346ji\003\235\236Pis\264\375\222|H\344\261g?[g""; ledgerHashPrevious: ""\372\373$P*|\321\342\002\026\n\3215\340\3203\200x\327D\301]5\237\247Yz\3711!L\214""; networkTime: 803902473; firstSeq: 1; lastSeq: 6; "
1750587273870,1750587274020,1393,1,3,0,TMStatusChange,"newEvent: neCLOSING_LEDGER; ledgerSeq: 6; ledgerHash: ""\221=\252\002\267\225zg\264\253\271T\346ji\003\235\236Pis\264\375\222|H\344\261g?[g""; ledgerHashPrevious: ""\372\373$P*|\321\342\002\026\n\3215\340\3203\200x\327D\301]5\237\247Yz\3711!L\214""; networkTime: 803902473; firstSeq: 1; lastSeq: 6; ","newEvent: neCLOSING_LEDGER; ledgerSeq: 6; ledgerHash: ""\221=\252\002\267\225zg\264\253\271T\346ji\003\235\236Pis\264\375\222|H\344\261g?[g""; ledgerHashPrevious: ""\372\373$P*|\321\342\002\026\n\3215\340\3203\200x\327D\301]5\237\247Yz\3711!L\214""; networkTime: 803902473; firstSeq: 1; lastSeq: 6; "
1750587274023,1750587274023,3097,1,2,0,TMLedgerData,"ledgerHash: ""8h\232\211g)\354\005\246\256XI\265J\214\312}\261\211y\355]\0228j\360\0224\003\021%\014""; ledgerSeq: 0; type: liTS_CANDIDATE; nodes {;   nodedata: ""\022\000\000""\000\000\000\000$\000\000\000\001 \033\000\000\000\027a@\000\000\027H\206*@h@\000\000\000\000\000\000\ns!\0030\347\374\235V\273%\326\211;\243\363\027\256[\3173\263)\033\326=\263&T\243\023""/\177\320 tF0D\002 0\023\341\332; \2711\245\020\321\3300\345\267-)\230\177\246\236AQ\327\203\207H\226+\000%\336\002 \024\036\211\237\201t\376\272E\270\230\020\334\014\356g\273\025((\376\266\216@ \254^2T\233\013\034\201\024\265\367by\212S\325C\240\024\312\370\262\227\317\370\362\3717\350\203\024E0\246\210\344\325\345r\024T\251\006P\255\352\333\372\351\337\302\000"";   nodeid: ""\240\000\000\000\000\000\000\000\000\000\000\000\000\000\000\000\000\000\000\000\000\000\000\000\000\000\000\000\000\000\000\000\001""; }; ","ledgerHash: ""8h\232\211g)\354\005\246\256XI\265J\214\312}\261\211y\355]\0228j\360\0224\003\021%\014""; ledgerSeq: 0; type: liTS_CANDIDATE; nodes {;   nodedata: ""\022\000\000""\000\000\000\000$\000\000\000\001 \033\000\000\000\027a@\000\000\027H\206*@h@\000\000\000\000\000\000\ns!\0030\347\374\235V\273%\326\211;\243\363\027\256[\3173\263)\033\326=\263&T\243\023""/\177\320 tF0D\002 0\023\341\332; \2711\245\020\321\3300\345\267-)\230\177\246\236AQ\327\203\207H\226+\000%\336\002 \024\036\211\237\201t\376\272E\270\230\020\334\014\356g\273\025((\376\266\216@ \254^2T\233\013\034\201\024\265\367by\212S\325C\240\024\312\370\262\227\317\370\362\3717\350\203\024E0\246\210\344\325\345r\024T\251\006P\255\352\333\372\351\337\302\000"";   nodeid: ""\240\000\000\000\000\000\000\000\000\000\000\000\000\000\000\000\000\000\000\000\000\000\000\000\000\000\000\000\000\000\000\000\001""; }; "
1750587274026,1750587274027,2252,1,0,4,TMStatusChange,"newEvent: neACCEPTED_LEDGER; ledgerSeq: 6; ledgerHash: ""\221=\252\002\267\225zg\264\253\271T\346ji\003\235\236Pis\264\375\222|H\344\261g?[g""; ledgerHashPrevious: ""\372\373$P*|\321\342\002\026\n\3215\340\3203\200x\327D\301]5\237\247Yz\3711!L\214""; networkTime: 803902474; firstSeq: 1; lastSeq: 5; ","newEvent: neACCEPTED_LEDGER; ledgerSeq: 6; ledgerHash: ""\221=\252\002\267\225zg\264\253\271T\346ji\003\235\236Pis\264\375\222|H\344\261g?[g""; ledgerHashPrevious: ""\372\373$P*|\321\342\002\026\n\3215\340\3203\200x\327D\301]5\237\247Yz\3711!L\214""; networkTime: 803902474; firstSeq: 1; lastSeq: 5; "
1750587274027,1750587274027,615,1,0,2,TMStatusChange,"newEvent: neACCEPTED_LEDGER; ledgerSeq: 6; ledgerHash: ""\221=\252\002\267\225zg\264\253\271T\346ji\003\235\236Pis\264\375\222|H\344\261g?[g""; ledgerHashPrevious: ""\372\373$P*|\321\342\002\026\n\3215\340\3203\200x\327D\301]5\237\247Yz\3711!L\214""; networkTime: 803902474; firstSeq: 1; lastSeq: 5; ","newEvent: neACCEPTED_LEDGER; ledgerSeq: 6; ledgerHash: ""\221=\252\002\267\225zg\264\253\271T\346ji\003\235\236Pis\264\375\222|H\344\261g?[g""; ledgerHashPrevious: ""\372\373$P*|\321\342\002\026\n\3215\340\3203\200x\327D\301]5\237\247Yz\3711!L\214""; networkTime: 803902474; firstSeq: 1; lastSeq: 5; "
1750587274063,1750587274063,792,1,0,4,TMValidation,"validation: """"\200\000\000\001&\000\000\000\006)/\352\224\n:I\203w\200\211\SGQ\221=\252\002\267\225zg\264\253\271T\346ji\003\235\236Pis\264\375\222|H\344\261g?[gP\0278h\232\211g)\354\005\246\256XI\265J\214\312}\261\211y\355]\0228j\360\0224\003\021%\014P\031\372\373$P*|\321\342\002\026\n\3215\340\3203\200x\327D\301]5\237\247Yz\3711!L\214s!\002\347\243J\206W\025ML\260\226\0163\217\250\337\325W\253\356*O\245Z\271\234\207C\274\375`\335\311vG0E\002!\000\320\243\034A\212\353\206\3557JjHV}\317\030\334u\b.\265?\211+\220\236\304-_LL\002 \026\345\\242\202_\227\271^1\352\342\237\362\0239\223\331=\261\302)%\216\370NqpE\242\261v""; ","validation: """"\200\000\000\001&\000\000\000\006)/\352\224\n:I\203w\200\211\SGQ\221=\252\002\267\225zg\264\253\271T\346ji\003\235\236Pis\264\375\222|H\344\261g?[gP\0278h\232\211g)\354\005\246\256XI\265J\214\312}\261\211y\355]\0228j\360\0224\003\021%\014P\031\372\373$P*|\321\342\002\026\n\3215\340\3203\200x\327D\301]5\237\247Yz\3711!L\214s!\002\347\243J\206W\025ML\260\226\0163\217\250\337\325W\253\356*O\245Z\271\234\207C\274\375`\335\311vG0E\002!\000\320\243\034A\212\353\206\3557JjHV}\317\030\334u\b.\265?\211+\220\236\304-_LL\002 \026\345\\242\202_\227\271^1\352\342\237\362\0239\223\331=\261\302)%\216\370NqpE\242\261v""; "
1750587274064,1750587274064,3150,1,0,3,TMStatusChange,"newEvent: neACCEPTED_LEDGER; ledgerSeq: 6; ledgerHash: ""\221=\252\002\267\225zg\264\253\271T\346ji\003\235\236Pis\264\375\222|H\344\261g?[g""; ledgerHashPrevious: ""\372\373$P*|\321\342\002\026\n\3215\340\3203\200x\327D\301]5\237\247Yz\3711!L\214""; networkTime: 803902474; firstSeq: 1; lastSeq: 5; ","newEvent: neACCEPTED_LEDGER; ledgerSeq: 6; ledgerHash: ""\221=\252\002\267\225zg\264\253\271T\346ji\003\235\236Pis\264\375\222|H\344\261g?[g""; ledgerHashPrevious: ""\372\373$P*|\321\342\002\026\n\3215\340\3203\200x\327D\301]5\237\247Yz\3711!L\214""; networkTime: 803902474; firstSeq: 1; lastSeq: 5; "
1750587274068,1750587274068,141,1,0,3,TMProposeSet,"proposeSeq: 0; currentTxHash: ""\000\000\000\000\000\000\000\000\000\000\000\000\000\000\000\000\000\000\000\000\000\000\000\000\000\000\000\000\000\000\000\000""; nodePubKey: ""\003.\200\224\215?)t\306\315\242\313\251\255\302\204=\232.\271%}\013\024s\024\002@\216l""\241F""; closeTime: 803902472; signature: ""0D\002 <\207\272m\233\204cH\352P\263\345\030\020\200\003\250\250YT\306T\266\362\n\177\017\317\001\361$H\002 Sd\223.\373\005\321\344\352\345\033O\261$\346\352\021Gd\376\265\307\252\273\226\316\304m\001w\266\351""; previousledger: ""\221=\252\002\267\225zg\264\253\271T\346ji\003\235\236Pis\264\375\222|H\344\261g?[g""; ","proposeSeq: 0; currentTxHash: ""\000\000\000\000\000\000\000\000\000\000\000\000\000\000\000\000\000\000\000\000\000\000\000\000\000\000\000\000\000\000\000\000""; nodePubKey: ""\003.\200\224\215?)t\306\315\242\313\251\255\302\204=\232.\271%}\013\024s\024\002@\216l""\241F""; closeTime: 803902472; signature: ""0D\002 <\207\272m\233\204cH\352P\263\345\030\020\200\003\250\250YT\306T\266\362\n\177\017\317\001\361$H\002 Sd\223.\373\005\321\344\352\345\033O\261$\346\352\021Gd\376\265\307\252\273\226\316\304m\001w\266\351""; previousledger: ""\221=\252\002\267\225zg\264\253\271T\346ji\003\235\236Pis\264\375\222|H\344\261g?[g""; "
1750587274073,1750587274073,779,1,0,3,TMValidation,"validation: """"\200\000\000\001&\000\000\000\006)/\352\224\n:I\203w\200\211\SGQ\221=\252\002\267\225zg\264\253\271T\346ji\003\235\236Pis\264\375\222|H\344\261g?[gP\0278h\232\211g)\354\005\246\256XI\265J\214\312}\261\211y\355]\0228j\360\0224\003\021%\014P\031\372\373$P*|\321\342\002\026\n\3215\340\3203\200x\327D\301]5\237\247Yz\3711!L\214s!\002\347\243J\206W\025ML\260\226\0163\217\250\337\325W\253\356*O\245Z\271\234\207C\274\375`\335\311vG0E\002!\000\320\243\034A\212\353\206\3557JjHV}\317\030\334u\b.\265?\211+\220\236\304-_LL\002 \026\345\\242\202_\227\271^1\352\342\237\362\0239\223\331=\261\302)%\216\370NqpE\242\261v""; ","validation: """"\200\000\000\001&\000\000\000\006)/\352\224\n:I\203w\200\211\SGQ\221=\252\002\267\225zg\264\253\271T\346ji\003\235\236Pis\264\375\222|H\344\261g?[gP\0278h\232\211g)\354\005\246\256XI\265J\214\312}\261\211y\355]\0228j\360\0224\003\021%\014P\031\372\373$P*|\321\342\002\026\n\3215\340\3203\200x\327D\301]5\237\247Yz\3711!L\214s!\002\347\243J\206W\025ML\260\226\0163\217\250\337\325W\253\356*O\245Z\271\234\207C\274\375`\335\311vG0E\002!\000\320\243\034A\212\353\206\3557JjHV}\317\030\334u\b.\265?\211+\220\236\304-_LL\002 \026\345\\242\202_\227\271^1\352\342\237\362\0239\223\331=\261\302)%\216\370NqpE\242\261v""; "
1750587274077,1750587274077,342,1,2,1,TMGetLedger,"itype: liTS_CANDIDATE; ledgerHash: ""u\315\243\367\211\2625\240r:n\277\003\026\366\353'\216jy9\\001\220\223~\341j\254O\025\257""; nodeIDs: ""\240\000\000\000\000\000\000\000\000\000\000\000\000\000\000\000\000\000\000\000\000\000\000\000\000\000\000\000\000\000\000\000\001""; requestCookie: 2; queryType: qtINDIRECT; ","itype: liTS_CANDIDATE; ledgerHash: ""u\315\243\367\211\2625\240r:n\277\003\026\366\353'\216jy9\\001\220\223~\341j\254O\025\257""; nodeIDs: ""\240\000\000\000\000\000\000\000\000\000\000\000\000\000\000\000\000\000\000\000\000\000\000\000\000\000\000\000\000\000\000\000\001""; requestCookie: 2; queryType: qtINDIRECT; "
1750587274090,1750587274091,468,1,0,1,TMStatusChange,"newEvent: neACCEPTED_LEDGER; ledgerSeq: 6; ledgerHash: ""\221=\252\002\267\225zg\264\253\271T\346ji\003\235\236Pis\264\375\222|H\344\261g?[g""; ledgerHashPrevious: ""\372\373$P*|\321\342\002\026\n\3215\340\3203\200x\327D\301]5\237\247Yz\3711!L\214""; networkTime: 803902474; firstSeq: 1; lastSeq: 5; ","newEvent: neACCEPTED_LEDGER; ledgerSeq: 6; ledgerHash: ""\221=\252\002\267\225zg\264\253\271T\346ji\003\235\236Pis\264\375\222|H\344\261g?[g""; ledgerHashPrevious: ""\372\373$P*|\321\342\002\026\n\3215\340\3203\200x\327D\301]5\237\247Yz\3711!L\214""; networkTime: 803902474; firstSeq: 1; lastSeq: 5; "
1750587274091,1750587274091,2684,1,0,1,TMValidation,"validation: """"\200\000\000\001&\000\000\000\006)/\352\224\n:I\203w\200\211\SGQ\221=\252\002\267\225zg\264\253\271T\346ji\003\235\236Pis\264\375\222|H\344\261g?[gP\0278h\232\211g)\354\005\246\256XI\265J\214\312}\261\211y\355]\0228j\360\0224\003\021%\014P\031\372\373$P*|\321\342\002\026\n\3215\340\3203\200x\327D\301]5\237\247Yz\3711!L\214s!\002\347\243J\206W\025ML\260\226\0163\217\250\337\325W\253\356*O\245Z\271\234\207C\274\375`\335\311vG0E\002!\000\320\243\034A\212\353\206\3557JjHV}\317\030\334u\b.\265?\211+\220\236\304-_LL\002 \026\345\\242\202_\227\271^1\352\342\237\362\0239\223\331=\261\302)%\216\370NqpE\242\261v""; ","validation: """"\200\000\000\001&\000\000\000\006)/\352\224\n:I\203w\200\211\SGQ\221=\252\002\267\225zg\264\253\271T\346ji\003\235\236Pis\264\375\222|H\344\261g?[gP\0278h\232\211g)\354\005\246\256XI\265J\214\312}\261\211y\355]\0228j\360\0224\003\021%\014P\031\372\373$P*|\321\342\002\026\n\3215\340\3203\200x\327D\301]5\237\247Yz\3711!L\214s!\002\347\243J\206W\025ML\260\226\0163\217\250\337\325W\253\356*O\245Z\271\234\207C\274\375`\335\311vG0E\002!\000\320\243\034A\212\353\206\3557JjHV}\317\030\334u\b.\265?\211+\220\236\304-_LL\002 \026\345\\242\202_\227\271^1\352\342\237\362\0239\223\331=\261\302)%\216\370NqpE\242\261v""; "
1750587274091,1750587274091,190,1,0,1,TMProposeSet,"proposeSeq: 0; currentTxHash: ""\000\000\000\000\000\000\000\000\000\000\000\000\000\000\000\000\000\000\000\000\000\000\000\000\000\000\000\000\000\000\000\000""; nodePubKey: ""\003.\200\224\215?)t\306\315\242\313\251\255\302\204=\232.\271%}\013\024s\024\002@\216l""\241F""; closeTime: 803902472; signature: ""0D\002 <\207\272m\233\204cH\352P\263\345\030\020\200\003\250\250YT\306T\266\362\n\177\017\317\001\361$H\002 Sd\223.\373\005\321\344\352\345\033O\261$\346\352\021Gd\376\265\307\252\273\226\316\304m\001w\266\351""; previousledger: ""\221=\252\002\267\225zg\264\253\271T\346ji\003\235\236Pis\264\375\222|H\344\261g?[g""; ","proposeSeq: 0; currentTxHash: ""\000\000\000\000\000\000\000\000\000\000\000\000\000\000\000\000\000\000\000\000\000\000\000\000\000\000\000\000\000\000\000\000""; nodePubKey: ""\003.\200\224\215?)t\306\315\242\313\251\255\302\204=\232.\271%}\013\024s\024\002@\216l""\241F""; closeTime: 803902472; signature: ""0D\002 <\207\272m\233\204cH\352P\263\345\030\020\200\003\250\250YT\306T\266\362\n\177\017\317\001\361$H\002 Sd\223.\373\005\321\344\352\345\033O\261$\346\352\021Gd\376\265\307\252\273\226\316\304m\001w\266\351""; previousledger: ""\221=\252\002\267\225zg\264\253\271T\346ji\003\235\236Pis\264\375\222|H\344\261g?[g""; "
1750587274096,1750587274096,3563,1,0,2,TMValidation,"validation: """"\200\000\000\001&\000\000\000\006)/\352\224\n:I\203w\200\211\SGQ\221=\252\002\267\225zg\264\253\271T\346ji\003\235\236Pis\264\375\222|H\344\261g?[gP\0278h\232\211g)\354\005\246\256XI\265J\214\312}\261\211y\355]\0228j\360\0224\003\021%\014P\031\372\373$P*|\321\342\002\026\n\3215\340\3203\200x\327D\301]5\237\247Yz\3711!L\214s!\002\347\243J\206W\025ML\260\226\0163\217\250\337\325W\253\356*O\245Z\271\234\207C\274\375`\335\311vG0E\002!\000\320\243\034A\212\353\206\3557JjHV}\317\030\334u\b.\265?\211+\220\236\304-_LL\002 \026\345\\242\202_\227\271^1\352\342\237\362\0239\223\331=\261\302)%\216\370NqpE\242\261v""; ","validation: """"\200\000\000\001&\000\000\000\006)/\352\224\n:I\203w\200\211\SGQ\221=\252\002\267\225zg\264\253\271T\346ji\003\235\236Pis\264\375\222|H\344\261g?[gP\0278h\232\211g)\354\005\246\256XI\265J\214\312}\261\211y\355]\0228j\360\0224\003\021%\014P\031\372\373$P*|\321\342\002\026\n\3215\340\3203\200x\327D\301]5\237\247Yz\3711!L\214s!\002\347\243J\206W\025ML\260\226\0163\217\250\337\325W\253\356*O\245Z\271\234\207C\274\375`\335\311vG0E\002!\000\320\243\034A\212\353\206\3557JjHV}\317\030\334u\b.\265?\211+\220\236\304-_LL\002 \026\345\\242\202_\227\271^1\352\342\237\362\0239\223\331=\261\302)%\216\370NqpE\242\261v""; "
1750587274097,1750587274097,1290,1,0,2,TMProposeSet,"proposeSeq: 0; currentTxHash: ""\000\000\000\000\000\000\000\000\000\000\000\000\000\000\000\000\000\000\000\000\000\000\000\000\000\000\000\000\000\000\000\000""; nodePubKey: ""\003.\200\224\215?)t\306\315\242\313\251\255\302\204=\232.\271%}\013\024s\024\002@\216l""\241F""; closeTime: 803902472; signature: ""0D\002 <\207\272m\233\204cH\352P\263\345\030\020\200\003\250\250YT\306T\266\362\n\177\017\317\001\361$H\002 Sd\223.\373\005\321\344\352\345\033O\261$\346\352\021Gd\376\265\307\252\273\226\316\304m\001w\266\351""; previousledger: ""\221=\252\002\267\225zg\264\253\271T\346ji\003\235\236Pis\264\375\222|H\344\261g?[g""; ","proposeSeq: 0; currentTxHash: ""\000\000\000\000\000\000\000\000\000\000\000\000\000\000\000\000\000\000\000\000\000\000\000\000\000\000\000\000\000\000\000\000""; nodePubKey: ""\003.\200\224\215?)t\306\315\242\313\251\255\302\204=\232.\271%}\013\024s\024\002@\216l""\241F""; closeTime: 803902472; signature: ""0D\002 <\207\272m\233\204cH\352P\263\345\030\020\200\003\250\250YT\306T\266\362\n\177\017\317\001\361$H\002 Sd\223.\373\005\321\344\352\345\033O\261$\346\352\021Gd\376\265\307\252\273\226\316\304m\001w\266\351""; previousledger: ""\221=\252\002\267\225zg\264\253\271T\346ji\003\235\236Pis\264\375\222|H\344\261g?[g""; "
1750587274101,1750587274102,628,1,3,2,TMLedgerData,"ledgerHash: ""8h\232\211g)\354\005\246\256XI\265J\214\312}\261\211y\355]\0228j\360\0224\003\021%\014""; ledgerSeq: 0; type: liTS_CANDIDATE; nodes {;   nodedata: ""\222c\273c4\225\334\221\227u?\025\314=\305/\262\367\217\375\027j\323\304\372\312Fv\2716\001\355\t\246C\232\272\013^\241\340~\030'\005/\234\037\355\231\230\017\266\365\303w\360\273\374\234\362S:\270\023\n\270\212\275\306\204\271\274\361K|t\323\346\2174\324\362\014S]\301\325\344rY\277\343\351\364\374\023\263\013\003"";   nodeid: ""\000\000\000\000\000\000\000\000\000\000\000\000\000\000\000\000\000\000\000\000\000\000\000\000\000\000\000\000\000\000\000\000\000""; }; ","ledgerHash: ""8h\232\211g)\354\005\246\256XI\265J\214\312}\261\211y\355]\0228j\360\0224\003\021%\014""; ledgerSeq: 0; type: liTS_CANDIDATE; nodes {;   nodedata: ""\222c\273c4\225\334\221\227u?\025\314=\305/\262\367\217\375\027j\323\304\372\312Fv\2716\001\355\t\246C\232\272\013^\241\340~\030'\005/\234\037\355\231\230\017\266\365\303w\360\273\374\234\362S:\270\023\n\270\212\275\306\204\271\274\361K|t\323\346\2174\324\362\014S]\301\325\344rY\277\343\351\364\374\023\263\013\003"";   nodeid: ""\000\000\000\000\000\000\000\000\000\000\000\000\000\000\000\000\000\000\000\000\000\000\000\000\000\000\000\000\000\000\000\000\000""; }; "
1750587274107,1750587274107,1036,1,2,4,TMValidation,"validation: """"\200\000\000\001&\000\000\000\006)/\352\224\010:?HT\314/\177\320^Q\221=\252\002\267\225zg\264\253\271T\346ji\003\235\236Pis\264\375\222|H\344\261g?[gP\0278h\232\211g)\354\005\246\256XI\265J\214\312}\261\211y\355]\0228j\360\0224\003\021%\014P\031\372\373$P*|\321\342\002\026\n\3215\340\3203\200x\327D\301]5\237\247Yz\3711!L\214s!\003\343\005\311u\203\370\0338\3174\324\010\006\301\251\177\261\304eOX\262)FA-\022r\263wm\024vF0D\002 #\344\210\215b\201\030\201\237\177\017D\337\375\334\323Ou\000\267H\305\342\206\024\360uE\013\272\227\276\002 HF\026\226N\256\323\213\220\246\277\320\346ik\216\035D\304\n\2166\243Ru\t\\225\363C\205\254""; ","validation: """"\200\000\000\001&\000\000\000\006)/\352\224\010:?HT\314/\177\320^Q\221=\252\002\267\225zg\264\253\271T\346ji\003\235\236Pis\264\375\222|H\344\261g?[gP\0278h\232\211g)\354\005\246\256XI\265J\214\312}\261\211y\355]\0228j\360\0224\003\021%\014P\031\372\373$P*|\321\342\002\026\n\3215\340\3203\200x\327D\301]5\237\247Yz\3711!L\214s!\003\343\005\311u\203\370\0338\3174\324\010\006\301\251\177\261\304eOX\262)FA-\022r\263wm\024vF0D\002 #\344\210\215b\201\030\201\237\177\017D\337\375\334\323Ou\000\267H\305\342\206\024\360uE\013\272\227\276\002 HF\026\226N\256\323\213\220\246\277\320\346ik\216\035D\304\n\2166\243Ru\t\\225\363C\205\254""; "
1750587274107,1750587274107,3488,1,2,0,TMValidation,"validation: """"\200\000\000\001&\000\000\000\006)/\352\224\010:?HT\314/\177\320^Q\221=\252\002\267\225zg\264\253\271T\346ji\003\235\236Pis\264\375\222|H\344\261g?[gP\0278h\232\211g)\354\005\246\256XI\265J\214\312}\261\211y\355]\0228j\360\0224\003\021%\014P\031\372\373$P*|\321\342\002\026\n\3215\340\3203\200x\327D\301]5\237\247Yz\3711!L\214s!\003\343\005\311u\203\370\0338\3174\324\010\006\301\251\177\261\304eOX\262)FA-\022r\263wm\024vF0D\002 #\344\210\215b\201\030\201\237\177\017D\337\375\334\323Ou\000\267H\305\342\206\024\360uE\013\272\227\276\002 HF\026\226N\256\323\213\220\246\277\320\346ik\216\035D\304\n\2166\243Ru\t\\225\363C\205\254""; ","validation: """"\200\000\000\001&\000\000\000\006)/\352\224\010:?HT\314/\177\320^Q\221=\252\002\267\225zg\264\253\271T\346ji\003\235\236Pis\264\375\222|H\344\261g?[gP\0278h\232\211g)\354\005\246\256XI\265J\214\312}\261\211y\355]\0228j\360\0224\003\021%\014P\031\372\373$P*|\321\342\002\026\n\3215\340\3203\200x\327D\301]5\237\247Yz\3711!L\214s!\003\343\005\311u\203\370\0338\3174\324\010\006\301\251\177\261\304eOX\262)FA-\022r\263wm\024vF0D\002 #\344\210\215b\201\030\201\237\177\017D\337\375\334\323Ou\000\267H\305\342\206\024\360uE\013\272\227\276\002 HF\026\226N\256\323\213\220\246\277\320\346ik\216\035D\304\n\2166\243Ru\t\\225\363C\205\254""; "
1750587274108,1750587274108,3989,1,2,3,TMValidation,"validation: """"\200\000\000\001&\000\000\000\006)/\352\224\010:?HT\314/\177\320^Q\221=\252\002\267\225zg\264\253\271T\346ji\003\235\236Pis\264\375\222|H\344\261g?[gP\0278h\232\211g)\354\005\246\256XI\265J\214\312}\261\211y\355]\0228j\360\0224\003\021%\014P\031\372\373$P*|\321\342\002\026\n\3215\340\3203\200x\327D\301]5\237\247Yz\3711!L\214s!\003\343\005\311u\203\370\0338\3174\324\010\006\301\251\177\261\304eOX\262)FA-\022r\263wm\024vF0D\002 #\344\210\215b\201\030\201\237\177\017D\337\375\334\323Ou\000\267H\305\342\206\024\360uE\013\272\227\276\002 HF\026\226N\256\323\213\220\246\277\320\346ik\216\035D\304\n\2166\243Ru\t\\225\363C\205\254""; ","validation: """"\200\000\000\001&\000\000\000\006)/\352\224\010:?HT\314/\177\320^Q\221=\252\002\267\225zg\264\253\271T\346ji\003\235\236Pis\264\375\222|H\344\261g?[gP\0278h\232\211g)\354\005\246\256XI\265J\214\312}\261\211y\355]\0228j\360\0224\003\021%\014P\031\372\373$P*|\321\342\002\026\n\3215\340\3203\200x\327D\301]5\237\247Yz\3711!L\214s!\003\343\005\311u\203\370\0338\3174\324\010\006\301\251\177\261\304eOX\262)FA-\022r\263wm\024vF0D\002 #\344\210\215b\201\030\201\237\177\017D\337\375\334\323Ou\000\267H\305\342\206\024\360uE\013\272\227\276\002 HF\026\226N\256\323\213\220\246\277\320\346ik\216\035D\304\n\2166\243Ru\t\\225\363C\205\254""; "
1750587274125,1750587274125,2472,1,1,2,TMLedgerData,"ledgerHash: ""u\315\243\367\211\2625\240r:n\277\003\026\366\353'\216jy9\\001\220\223~\341j\254O\025\257""; ledgerSeq: 0; type: liTS_CANDIDATE; nodes {;   nodedata: ""\022\000\000""\000\000\000\000$\000\000\000\001 \033\000\000\000\027a@\000\000\027H\206*@h@\000\000\000\000\000\000\ns!\0030\347\374\235V\273%\326\211;\243\363\027\256[\3173\263)\033\326=\263&T\243\023""/\177\320 tF0D\002 0\023\341\332; \2711\245\020\321\3300\345\267-)\230\177\246\236AQ\327\203\207H\226+\000%\336\002 \024\036\211\237\201t\376\272E\270\230\020\334\014\356g\273\025((\376\266\216@ \254^2T\233\013\034\201\024\265\367by\212S\325C\240\024\312\370\262\227\317\370\362\3717\350\203\024E0\246\210\344\325\345r\024T\251\006P\255\352\333\372\351\337\302\000"";   nodeid: ""\240\000\000\000\000\000\000\000\000\000\000\000\000\000\000\000\000\000\000\000\000\000\000\000\000\000\000\000\000\000\000\000\001""; }; requestCookie: 2; ","ledgerHash: ""u\315\243\367\211\2625\240r:n\277\003\026\366\353'\216jy9\\001\220\223~\341j\254O\025\257""; ledgerSeq: 0; type: liTS_CANDIDATE; nodes {;   nodedata: ""\022\000\000""\000\000\000\000$\000\000\000\001 \033\000\000\000\027a@\000\000\027H\206*@h@\000\000\000\000\000\000\ns!\0030\347\374\235V\273%\326\211;\243\363\027\256[\3173\263)\033\326=\263&T\243\023""/\177\320 tF0D\002 0\023\341\332; \2711\245\020\321\3300\345\267-)\230\177\246\236AQ\327\203\207H\226+\000%\336\002 \024\036\211\237\201t\376\272E\270\230\020\334\014\356g\273\025((\376\266\216@ \254^2T\233\013\034\201\024\265\367by\212S\325C\240\024\312\370\262\227\317\370\362\3717\350\203\024E0\246\210\344\325\345r\024T\251\006P\255\352\333\372\351\337\302\000"";   nodeid: ""\240\000\000\000\000\000\000\000\000\000\000\000\000\000\000\000\000\000\000\000\000\000\000\000\000\000\000\000\000\000\000\000\001""; }; requestCookie: 2; "
1750587274138,1750587274138,486,1,4,0,TMLedgerData,"ledgerHash: ""u\315\243\367\211\2625\240r:n\277\003\026\366\353'\216jy9\\001\220\223~\341j\254O\025\257""; ledgerSeq: 0; type: liTS_CANDIDATE; nodes {;   nodedata: ""\022\000\000""\000\000\000\000$\000\000\000\001 \033\000\000\000\027a@\000\000\027H\206*@h@\000\000\000\000\000\000\ns!\0030\347\374\235V\273%\326\211;\243\363\027\256[\3173\263)\033\326=\263&T\243\023""/\177\320 tF0D\002 0\023\341\332; \2711\245\020\321\3300\345\267-)\230\177\246\236AQ\327\203\207H\226+\000%\336\002 \024\036\211\237\201t\376\272E\270\230\020\334\014\356g\273\025((\376\266\216@ \254^2T\233\013\034\201\024\265\367by\212S\325C\240\024\312\370\262\227\317\370\362\3717\350\203\024E0\246\210\344\325\345r\024T\251\006P\255\352\333\372\351\337\302\000"";   nodeid: ""\240\000\000\000\000\000\000\000\000\000\000\000\000\000\000\000\000\000\000\000\000\000\000\000\000\000\000\000\000\000\000\000\001""; }; ","ledgerHash: ""u\315\243\367\211\2625\240r:n\277\003\026\366\353'\216jy9\\001\220\223~\341j\254O\025\257""; ledgerSeq: 0; type: liTS_CANDIDATE; nodes {;   nodedata: ""\022\000\000""\000\000\000\000$\000\000\000\001 \033\000\000\000\027a@\000\000\027H\206*@h@\000\000\000\000\000\000\ns!\0030\347\374\235V\273%\326\211;\243\363\027\256[\3173\263)\033\326=\263&T\243\023""/\177\320 tF0D\002 0\023\341\332; \2711\245\020\321\3300\345\267-)\230\177\246\236AQ\327\203\207H\226+\000%\336\002 \024\036\211\237\201t\376\272E\270\230\020\334\014\356g\273\025((\376\266\216@ \254^2T\233\013\034\201\024\265\367by\212S\325C\240\024\312\370\262\227\317\370\362\3717\350\203\024E0\246\210\344\325\345r\024T\251\006P\255\352\333\372\351\337\302\000"";   nodeid: ""\240\000\000\000\000\000\000\000\000\000\000\000\000\000\000\000\000\000\000\000\000\000\000\000\000\000\000\000\000\000\000\000\001""; }; "
1750587274169,1750587274170,1772,1,4,3,TMLedgerData,"ledgerHash: ""u\315\243\367\211\2625\240r:n\277\003\026\366\353'\216jy9\\001\220\223~\341j\254O\025\257""; ledgerSeq: 0; type: liTS_CANDIDATE; nodes {;   nodedata: ""\246C\232\272\013^\241\340~\030'\005/\234\037\355\231\230\017\266\365\303w\360\273\374\234\362S:\270\023\n\003"";   nodeid: ""\000\000\000\000\000\000\000\000\000\000\000\000\000\000\000\000\000\000\000\000\000\000\000\000\000\000\000\000\000\000\000\000\000""; }; ","ledgerHash: ""u\315\243\367\211\2625\240r:n\277\003\026\366\353'\216jy9\\001\220\223~\341j\254O\025\257""; ledgerSeq: 0; type: liTS_CANDIDATE; nodes {;   nodedata: ""\246C\232\272\013^\241\340~\030'\005/\234\037\355\231\230\017\266\365\303w\360\273\374\234\362S:\270\023\n\003"";   nodeid: ""\000\000\000\000\000\000\000\000\000\000\000\000\000\000\000\000\000\000\000\000\000\000\000\000\000\000\000\000\000\000\000\000\000""; }; "
1750587274233,1750587274236,2236,1,2,4,TMTransaction,"rawTransaction: ""\022\000\000""\000\000\000\000$\000\000\000\006 \033\000\000\000\032a@\000\000\023\027\224\264\000h@\000\000\000\000\000\000\ns!\003\364\346'\245\361\313f\307\325O*\031\010 \337\241\354\3450V\376\031#\323\000\245'Q`4d\376tG0E\002!\000\251\014\3214\374H,\217\300{8\252\313\342IW_\304J\363\314W bK\204\377b\323vu\362\002 1w\236\223b,_\326\251\275\353+\316\313\353@\236#y\021\037b\005\001\344\023)\320\201\234\210A\201\024B\006\222#\215\346\234\245/\205\327[/\206^\005y\253G\373\203\024\023\252#\014BS\272`\277B\346\245]\332\351o'013""; status: tsCURRENT; receiveTimestamp: 803902474; deferred: false; ","rawTransaction: ""\022\000\000""\000\000\000\000$\000\000\000\006 \033\000\000\000\032a@\000\000\023\027\224\264\000h@\000\000\000\000\000\000\ns!\003\364\346'\245\361\313f\307\325O*\031\010 \337\241\354\3450V\376\031#\323\000\245'Q`4d\376tG0E\002!\000\251\014\3214\374H,\217\300{8\252\313\342IW_\304J\363\314W bK\204\377b\323vu\362\002 1w\236\223b,_\326\251\275\353+\316\313\353@\236#y\021\037b\005\001\344\023)\320\201\234\210A\201\024B\006\222#\215\346\234\245/\205\327[/\206^\005y\253G\373\203\024\023\252#\014BS\272`\277B\346\245]\332\351o'013""; status: tsCURRENT; receiveTimestamp: 803902474; deferred: false; "
1750587274235,1750587274239,1251,1,2,1,TMTransaction,"rawTransaction: ""\022\000\000""\000\000\000\000$\000\000\000\006 \033\000\000\000\032a@\000\000\023\027\224\264\000h@\000\000\000\000\000\000\ns!\003\364\346'\245\361\313f\307\325O*\031\010 \337\241\354\3450V\376\031#\323\000\245'Q`4d\376tG0E\002!\000\251\014\3214\374H,\217\300{8\252\313\342IW_\304J\363\314W bK\204\377b\323vu\362\002 1w\236\223b,_\326\251\275\353+\316\313\353@\236#y\021\037b\005\001\344\023)\320\201\234\210A\201\024B\006\222#\215\346\234\245/\205\327[/\206^\005y\253G\373\203\024\023\252#\014BS\272`\277B\346\245]\332\351o'013""; status: tsCURRENT; receiveTimestamp: 803902474; deferred: false; ","rawTransaction: ""\022\000\000""\000\000\000\000$\000\000\000\006 \033\000\000\000\032a@\000\000\023\027\224\264\000h@\000\000\000\000\000\000\ns!\003\364\346'\245\361\313f\307\325O*\031\010 \337\241\354\3450V\376\031#\323\000\245'Q`4d\376tG0E\002!\000\251\014\3214\374H,\217\300{8\252\313\342IW_\304J\363\314W bK\204\377b\323vu\362\002 1w\236\223b,_\326\251\275\353+\316\313\353@\236#y\021\037b\005\001\344\023)\320\201\234\210A\201\024B\006\222#\215\346\234\245/\205\327[/\206^\005y\253G\373\203\024\023\252#\014BS\272`\277B\346\245]\332\351o'013""; status: tsCURRENT; receiveTimestamp: 803902474; deferred: false; "
1750587274235,1750587274241,2386,1,2,3,TMTransaction,"rawTransaction: ""\022\000\000""\000\000\000\000$\000\000\000\006 \033\000\000\000\032a@\000\000\023\027\224\264\000h@\000\000\000\000\000\000\ns!\003\364\346'\245\361\313f\307\325O*\031\010 \337\241\354\3450V\376\031#\323\000\245'Q`4d\376tG0E\002!\000\251\014\3214\374H,\217\300{8\252\313\342IW_\304J\363\314W bK\204\377b\323vu\362\002 1w\236\223b,_\326\251\275\353+\316\313\353@\236#y\021\037b\005\001\344\023)\320\201\234\210A\201\024B\006\222#\215\346\234\245/\205\327[/\206^\005y\253G\373\203\024\023\252#\014BS\272`\277B\346\245]\332\351o'013""; status: tsCURRENT; receiveTimestamp: 803902474; deferred: false; ","rawTransaction: ""\022\000\000""\000\000\000\000$\000\000\000\006 \033\000\000\000\032a@\000\000\023\027\224\264\000h@\000\000\000\000\000\000\ns!\003\364\346'\245\361\313f\307\325O*\031\010 \337\241\354\3450V\376\031#\323\000\245'Q`4d\376tG0E\002!\000\251\014\3214\374H,\217\300{8\252\313\342IW_\304J\363\314W bK\204\377b\323vu\362\002 1w\236\223b,_\326\251\275\353+\316\313\353@\236#y\021\037b\005\001\344\023)\320\201\234\210A\201\024B\006\222#\215\346\234\245/\205\327[/\206^\005y\253G\373\203\024\023\252#\014BS\272`\277B\346\245]\332\351o'013""; status: tsCURRENT; receiveTimestamp: 803902474; deferred: false; "
1750587274238,1750587274243,1636,1,3,4,TMTransaction,"rawTransaction: ""\022\000\000""\000\000\000\000$\000\000\000\006 \033\000\000\000\032a@\000\000\023S/~\000h@\000\000\000\000\000\000\ns!\003\364\346'\245\361\313f\307\325O*\031\010 \337\241\354\3450V\376\031#\323\000\245'Q`4d\376tF0D\002 ,\010\365p6\304C\242\365\005bf\023\023\2535\373c\246@\nC\214\257Kj\3519\353\257)r\002 [n\210\266}:;pPVw\327i\342,4\316\274A\315\001|\214\302?\r\222\354\240\0308\221\201\024B\006\222#\215\346\234\245/\205\327[/\206^\005y\253G\373\203\024E0\246\210\344\325\345r\024T\251\006P\255\352\333\372\351\337\302""; status: tsCURRENT; receiveTimestamp: 803902474; deferred: false; ","rawTransaction: ""\022\000\000""\000\000\000\000$\000\000\000\006 \033\000\000\000\032a@\000\000\023S/~\000h@\000\000\000\000\000\000\ns!\003\364\346'\245\361\313f\307\325O*\031\010 \337\241\354\3450V\376\031#\323\000\245'Q`4d\376tF0D\002 ,\010\365p6\304C\242\365\005bf\023\023\2535\373c\246@\nC\214\257Kj\3519\353\257)r\002 [n\210\266}:;pPVw\327i\342,4\316\274A\315\001|\214\302?\r\222\354\240\0308\221\201\024B\006\222#\215\346\234\245/\205\327[/\206^\005y\253G\373\203\024E0\246\210\344\325\345r\024T\251\006P\255\352\333\372\351\337\302""; status: tsCURRENT; receiveTimestamp: 803902474; deferred: false; "
1750587274236,1750587274242,1513,1,2,0,TMTransaction,"rawTransaction: ""\022\000\000""\000\000\000\000$\000\000\000\006 \033\000\000\000\032a@\000\000\023\027\224\264\000h@\000\000\000\000\000\000\ns!\003\364\346'\245\361\313f\307\325O*\031\010 \337\241\354\3450V\376\031#\323\000\245'Q`4d\376tG0E\002!\000\251\014\3214\374H,\217\300{8\252\313\342IW_\304J\363\314W bK\204\377b\323vu\362\002 1w\236\223b,_\326\251\275\353+\316\313\353@\236#y\021\037b\005\001\344\023)\320\201\234\210A\201\024B\006\222#\215\346\234\245/\205\327[/\206^\005y\253G\373\203\024\023\252#\014BS\272`\277B\346\245]\332\351o'013""; status: tsCURRENT; receiveTimestamp: 803902474; deferred: false; ","rawTransaction: ""\022\000\000""\000\000\000\000$\000\000\000\006 \033\000\000\000\032a@\000\000\023\027\224\264\000h@\000\000\000\000\000\000\ns!\003\364\346'\245\361\313f\307\325O*\031\010 \337\241\354\3450V\376\031#\323\000\245'Q`4d\376tG0E\002!\000\251\014\3214\374H,\217\300{8\252\313\342IW_\304J\363\314W bK\204\377b\323vu\362\002 1w\236\223b,_\326\251\275\353+\316\313\353@\236#y\021\037b\005\001\344\023)\320\201\234\210A\201\024B\006\222#\215\346\234\245/\205\327[/\206^\005y\253G\373\203\024\023\252#\014BS\272`\277B\346\245]\332\351o'013""; status: tsCURRENT; receiveTimestamp: 803902474; deferred: false; "
1750587274238,1750587274243,3705,1,3,1,TMTransaction,"rawTransaction: ""\022\000\000""\000\000\000\000$\000\000\000\006 \033\000\000\000\032a@\000\000\023S/~\000h@\000\000\000\000\000\000\ns!\003\364\346'\245\361\313f\307\325O*\031\010 \337\241\354\3450V\376\031#\323\000\245'Q`4d\376tF0D\002 ,\010\365p6\304C\242\365\005bf\023\023\2535\373c\246@\nC\214\257Kj\3519\353\257)r\002 [n\210\266}:;pPVw\327i\342,4\316\274A\315\001|\214\302?\r\222\354\240\0308\221\201\024B\006\222#\215\346\234\245/\205\327[/\206^\005y\253G\373\203\024E0\246\210\344\325\345r\024T\251\006P\255\352\333\372\351\337\302""; status: tsCURRENT; receiveTimestamp: 803902474; deferred: false; ","rawTransaction: ""\022\000\000""\000\000\000\000$\000\000\000\006 \033\000\000\000\032a@\000\000\023S/~\000h@\000\000\000\000\000\000\ns!\003\364\346'\245\361\313f\307\325O*\031\010 \337\241\354\3450V\376\031#\323\000\245'Q`4d\376tF0D\002 ,\010\365p6\304C\242\365\005bf\023\023\2535\373c\246@\nC\214\257Kj\3519\353\257)r\002 [n\210\266}:;pPVw\327i\342,4\316\274A\315\001|\214\302?\r\222\354\240\0308\221\201\024B\006\222#\215\346\234\245/\205\327[/\206^\005y\253G\373\203\024E0\246\210\344\325\345r\024T\251\006P\255\352\333\372\351\337\302""; status: tsCURRENT; receiveTimestamp: 803902474; deferred: false; "
1750587274238,1750587274244,3512,1,3,2,TMTransaction,"rawTransaction: ""\022\000\000""\000\000\000\000$\000\000\000\006 \033\000\000\000\032a@\000\000\023S/~\000h@\000\000\000\000\000\000\ns!\003\364\346'\245\361\313f\307\325O*\031\010 \337\241\354\3450V\376\031#\323\000\245'Q`4d\376tF0D\002 ,\010\365p6\304C\242\365\005bf\023\023\2535\373c\246@\nC\214\257Kj\3519\353\257)r\002 [n\210\266}:;pPVw\327i\342,4\316\274A\315\001|\214\302?\r\222\354\240\0308\221\201\024B\006\222#\215\346\234\245/\205\327[/\206^\005y\253G\373\203\024E0\246\210\344\325\345r\024T\251\006P\255\352\333\372\351\337\302""; status: tsCURRENT; receiveTimestamp: 803902474; deferred: false; ","rawTransaction: ""\022\000\000""\000\000\000\000$\000\000\000\006 \033\000\000\000\032a@\000\000\023S/~\000h@\000\000\000\000\000\000\ns!\003\364\346'\245\361\313f\307\325O*\031\010 \337\241\354\3450V\376\031#\323\000\245'Q`4d\376tF0D\002 ,\010\365p6\304C\242\365\005bf\023\023\2535\373c\246@\nC\214\257Kj\3519\353\257)r\002 [n\210\266}:;pPVw\327i\342,4\316\274A\315\001|\214\302?\r\222\354\240\0308\221\201\024B\006\222#\215\346\234\245/\205\327[/\206^\005y\253G\373\203\024E0\246\210\344\325\345r\024T\251\006P\255\352\333\372\351\337\302""; status: tsCURRENT; receiveTimestamp: 803902474; deferred: false; "
1750587274238,1750587274245,705,1,3,0,TMTransaction,"rawTransaction: ""\022\000\000""\000\000\000\000$\000\000\000\006 \033\000\000\000\032a@\000\000\023S/~\000h@\000\000\000\000\000\000\ns!\003\364\346'\245\361\313f\307\325O*\031\010 \337\241\354\3450V\376\031#\323\000\245'Q`4d\376tF0D\002 ,\010\365p6\304C\242\365\005bf\023\023\2535\373c\246@\nC\214\257Kj\3519\353\257)r\002 [n\210\266}:;pPVw\327i\342,4\316\274A\315\001|\214\302?\r\222\354\240\0308\221\201\024B\006\222#\215\346\234\245/\205\327[/\206^\005y\253G\373\203\024E0\246\210\344\325\345r\024T\251\006P\255\352\333\372\351\337\302""; status: tsCURRENT; receiveTimestamp: 803902474; deferred: false; ","rawTransaction: ""\022\000\000""\000\000\000\000$\000\000\000\006 \033\000\000\000\032a@\000\000\023S/~\000h@\000\000\000\000\000\000\ns!\003\364\346'\245\361\313f\307\325O*\031\010 \337\241\354\3450V\376\031#\323\000\245'Q`4d\376tF0D\002 ,\010\365p6\304C\242\365\005bf\023\023\2535\373c\246@\nC\214\257Kj\3519\353\257)r\002 [n\210\266}:;pPVw\327i\342,4\316\274A\315\001|\214\302?\r\222\354\240\0308\221\201\024B\006\222#\215\346\234\245/\205\327[/\206^\005y\253G\373\203\024E0\246\210\344\325\345r\024T\251\006P\255\352\333\372\351\337\302""; status: tsCURRENT; receiveTimestamp: 803902474; deferred: false; "
1750587274271,1750587274271,3097,1,2,0,TMLedgerData,"ledgerHash: ""8h\232\211g)\354\005\246\256XI\265J\214\312}\261\211y\355]\0228j\360\0224\003\021%\014""; ledgerSeq: 0; type: liTS_CANDIDATE; nodes {;   nodedata: ""\022\000\000""\000\000\000\000$\000\000\000\001 \033\000\000\000\027a@\000\000\027H\206*@h@\000\000\000\000\000\000\ns!\0030\347\374\235V\273%\326\211;\243\363\027\256[\3173\263)\033\326=\263&T\243\023""/\177\320 tF0D\002 0\023\341\332; \2711\245\020\321\3300\345\267-)\230\177\246\236AQ\327\203\207H\226+\000%\336\002 \024\036\211\237\201t\376\272E\270\230\020\334\014\356g\273\025((\376\266\216@ \254^2T\233\013\034\201\024\265\367by\212S\325C\240\024\312\370\262\227\317\370\362\3717\350\203\024E0\246\210\344\325\345r\024T\251\006P\255\352\333\372\351\337\302\000"";   nodeid: ""\240\000\000\000\000\000\000\000\000\000\000\000\000\000\000\000\000\000\000\000\000\000\000\000\000\000\000\000\000\000\000\000\001""; }; ","ledgerHash: ""8h\232\211g)\354\005\246\256XI\265J\214\312}\261\211y\355]\0228j\360\0224\003\021%\014""; ledgerSeq: 0; type: liTS_CANDIDATE; nodes {;   nodedata: ""\022\000\000""\000\000\000\000$\000\000\000\001 \033\000\000\000\027a@\000\000\027H\206*@h@\000\000\000\000\000\000\ns!\0030\347\374\235V\273%\326\211;\243\363\027\256[\3173\263)\033\326=\263&T\243\023""/\177\320 tF0D\002 0\023\341\332; \2711\245\020\321\3300\345\267-)\230\177\246\236AQ\327\203\207H\226+\000%\336\002 \024\036\211\237\201t\376\272E\270\230\020\334\014\356g\273\025((\376\266\216@ \254^2T\233\013\034\201\024\265\367by\212S\325C\240\024\312\370\262\227\317\370\362\3717\350\203\024E0\246\210\344\325\345r\024T\251\006P\255\352\333\372\351\337\302\000"";   nodeid: ""\240\000\000\000\000\000\000\000\000\000\000\000\000\000\000\000\000\000\000\000\000\000\000\000\000\000\000\000\000\000\000\000\001""; }; "
1750587274279,1750587274279,342,1,2,1,TMGetLedger,"itype: liTS_CANDIDATE; ledgerHash: ""u\315\243\367\211\2625\240r:n\277\003\026\366\353'\216jy9\\001\220\223~\341j\254O\025\257""; nodeIDs: ""\240\000\000\000\000\000\000\000\000\000\000\000\000\000\000\000\000\000\000\000\000\000\000\000\000\000\000\000\000\000\000\000\001""; requestCookie: 2; queryType: qtINDIRECT; ","itype: liTS_CANDIDATE; ledgerHash: ""u\315\243\367\211\2625\240r:n\277\003\026\366\353'\216jy9\\001\220\223~\341j\254O\025\257""; nodeIDs: ""\240\000\000\000\000\000\000\000\000\000\000\000\000\000\000\000\000\000\000\000\000\000\000\000\000\000\000\000\000\000\000\000\001""; requestCookie: 2; queryType: qtINDIRECT; "
1750587274284,1750587274285,2839,1,1,4,TMTransaction,"rawTransaction: ""\022\000\000""\000\000\000\000$\000\000\000\006 \033\000\000\000\032a@\000\000\022\333\371\352\000h@\000\000\000\000\000\000\ns!\003\364\346'\245\361\313f\307\325O*\031\010 \337\241\354\3450V\376\031#\323\000\245'Q`4d\376tG0E\002!\000\373\362\224\312\317Ss\343\010EP\201A]\372\204\347\000\222\333S\212\342\t\247\360G\207\334\264\266w\002 /\350\325\216\333\010\0347\027\007\375K\306\345\313fs:\223EIfV\023""QV\367\336\256\325:\201\024B\006\222#\215\346\234\245/\205\327[/\206^\005y\253G\373\203\024\023\252#\014BS\272`\277B\346\245]\332\351o'013""; status: tsCURRENT; receiveTimestamp: 803902474; deferred: false; ","rawTransaction: ""\022\000\000""\000\000\000\000$\000\000\000\006 \033\000\000\000\032a@\000\000\022\333\371\352\000h@\000\000\000\000\000\000\ns!\003\364\346'\245\361\313f\307\325O*\031\010 \337\241\354\3450V\376\031#\323\000\245'Q`4d\376tG0E\002!\000\373\362\224\312\317Ss\343\010EP\201A]\372\204\347\000\222\333S\212\342\t\247\360G\207\334\264\266w\002 /\350\325\216\333\010\0347\027\007\375K\306\345\313fs:\223EIfV\023""QV\367\336\256\325:\201\024B\006\222#\215\346\234\245/\205\327[/\206^\005y\253G\373\203\024\023\252#\014BS\272`\277B\346\245]\332\351o'013""; status: tsCURRENT; receiveTimestamp: 803902474; deferred: false; "
1750587274287,1750587274287,1777,1,1,3,TMTransaction,"rawTransaction: ""\022\000\000""\000\000\000\000$\000\000\000\006 \033\000\000\000\032a@\000\000\022\333\371\352\000h@\000\000\000\000\000\000\ns!\003\364\346'\245\361\313f\307\325O*\031\010 \337\241\354\3450V\376\031#\323\000\245'Q`4d\376tG0E\002!\000\373\362\224\312\317Ss\343\010EP\201A]\372\204\347\000\222\333S\212\342\t\247\360G\207\334\264\266w\002 /\350\325\216\333\010\0347\027\007\375K\306\345\313fs:\223EIfV\023""QV\367\336\256\325:\201\024B\006\222#\215\346\234\245/\205\327[/\206^\005y\253G\373\203\024\023\252#\014BS\272`\277B\346\245]\332\351o'013""; status: tsCURRENT; receiveTimestamp: 803902474; deferred: false; ","rawTransaction: ""\022\000\000""\000\000\000\000$\000\000\000\006 \033\000\000\000\032a@\000\000\022\333\371\352\000h@\000\000\000\000\000\000\ns!\003\364\346'\245\361\313f\307\325O*\031\010 \337\241\354\3450V\376\031#\323\000\245'Q`4d\376tG0E\002!\000\373\362\224\312\317Ss\343\010EP\201A]\372\204\347\000\222\333S\212\342\t\247\360G\207\334\264\266w\002 /\350\325\216\333\010\0347\027\007\375K\306\345\313fs:\223EIfV\023""QV\367\336\256\325:\201\024B\006\222#\215\346\234\245/\205\327[/\206^\005y\253G\373\203\024\023\252#\014BS\272`\277B\346\245]\332\351o'013""; status: tsCURRENT; receiveTimestamp: 803902474; deferred: false; "
1750587274287,1750587274288,1343,1,1,0,TMTransaction,"rawTransaction: ""\022\000\000""\000\000\000\000$\000\000\000\006 \033\000\000\000\032a@\000\000\022\333\371\352\000h@\000\000\000\000\000\000\ns!\003\364\346'\245\361\313f\307\325O*\031\010 \337\241\354\3450V\376\031#\323\000\245'Q`4d\376tG0E\002!\000\373\362\224\312\317Ss\343\010EP\201A]\372\204\347\000\222\333S\212\342\t\247\360G\207\334\264\266w\002 /\350\325\216\333\010\0347\027\007\375K\306\345\313fs:\223EIfV\023""QV\367\336\256\325:\201\024B\006\222#\215\346\234\245/\205\327[/\206^\005y\253G\373\203\024\023\252#\014BS\272`\277B\346\245]\332\351o'013""; status: tsCURRENT; receiveTimestamp: 803902474; deferred: false; ","rawTransaction: ""\022\000\000""\000\000\000\000$\000\000\000\006 \033\000\000\000\032a@\000\000\022\333\371\352\000h@\000\000\000\000\000\000\ns!\003\364\346'\245\361\313f\307\325O*\031\010 \337\241\354\3450V\376\031#\323\000\245'Q`4d\376tG0E\002!\000\373\362\224\312\317Ss\343\010EP\201A]\372\204\347\000\222\333S\212\342\t\247\360G\207\334\264\266w\002 /\350\325\216\333\010\0347\027\007\375K\306\345\313fs:\223EIfV\023""QV\367\336\256\325:\201\024B\006\222#\215\346\234\245/\205\327[/\206^\005y\253G\373\203\024\023\252#\014BS\272`\277B\346\245]\332\351o'013""; status: tsCURRENT; receiveTimestamp: 803902474; deferred: false; "
1750587274287,1750587274288,2561,1,1,2,TMTransaction,"rawTransaction: ""\022\000\000""\000\000\000\000$\000\000\000\006 \033\000\000\000\032a@\000\000\022\333\371\352\000h@\000\000\000\000\000\000\ns!\003\364\346'\245\361\313f\307\325O*\031\010 \337\241\354\3450V\376\031#\323\000\245'Q`4d\376tG0E\002!\000\373\362\224\312\317Ss\343\010EP\201A]\372\204\347\000\222\333S\212\342\t\247\360G\207\334\264\266w\002 /\350\325\216\333\010\0347\027\007\375K\306\345\313fs:\223EIfV\023""QV\367\336\256\325:\201\024B\006\222#\215\346\234\245/\205\327[/\206^\005y\253G\373\203\024\023\252#\014BS\272`\277B\346\245]\332\351o'013""; status: tsCURRENT; receiveTimestamp: 803902474; deferred: false; ","rawTransaction: ""\022\000\000""\000\000\000\000$\000\000\000\006 \033\000\000\000\032a@\000\000\022\333\371\352\000h@\000\000\000\000\000\000\ns!\003\364\346'\245\361\313f\307\325O*\031\010 \337\241\354\3450V\376\031#\323\000\245'Q`4d\376tG0E\002!\000\373\362\224\312\317Ss\343\010EP\201A]\372\204\347\000\222\333S\212\342\t\247\360G\207\334\264\266w\002 /\350\325\216\333\010\0347\027\007\375K\306\345\313fs:\223EIfV\023""QV\367\336\256\325:\201\024B\006\222#\215\346\234\245/\205\327[/\206^\005y\253G\373\203\024\023\252#\014BS\272`\277B\346\245]\332\351o'013""; status: tsCURRENT; receiveTimestamp: 803902474; deferred: false; "
1750587274314,1750587274314,1290,1,0,2,TMProposeSet,"proposeSeq: 0; currentTxHash: ""\000\000\000\000\000\000\000\000\000\000\000\000\000\000\000\000\000\000\000\000\000\000\000\000\000\000\000\000\000\000\000\000""; nodePubKey: ""\003\325Q\255\224\274R@\312\253\262\347\352\034\346\347\242\215,\312\376=\277\353{\350\225\301\305`^, ""; closeTime: 803902473; signature: ""0D\002 \016\355\360\334Q\3334\216\252#-\251\026\310\2573\025\023\2154\265\345\246I\022\250S\016\241,\305\201\002 \023\252|\253\300\323\001K\225\273;\2525\321nb\346\361g\031k\340\332\000~fp\t\353\\022\267""; previousledger: ""\221=\252\002\267\225zg\264\253\271T\346ji\003\235\236Pis\264\375\222|H\344\261g?[g""; ","proposeSeq: 0; currentTxHash: ""\000\000\000\000\000\000\000\000\000\000\000\000\000\000\000\000\000\000\000\000\000\000\000\000\000\000\000\000\000\000\000\000""; nodePubKey: ""\003\325Q\255\224\274R@\312\253\262\347\352\034\346\347\242\215,\312\376=\277\353{\350\225\301\305`^, ""; closeTime: 803902473; signature: ""0D\002 \016\355\360\334Q\3334\216\252#-\251\026\310\2573\025\023\2154\265\345\246I\022\250S\016\241,\305\201\002 \023\252|\253\300\323\001K\225\273;\2525\321nb\346\361g\031k\340\332\000~fp\t\353\\022\267""; previousledger: ""\221=\252\002\267\225zg\264\253\271T\346ji\003\235\236Pis\264\375\222|H\344\261g?[g""; "
1750587274314,1750587274315,190,1,0,1,TMProposeSet,"proposeSeq: 0; currentTxHash: ""\000\000\000\000\000\000\000\000\000\000\000\000\000\000\000\000\000\000\000\000\000\000\000\000\000\000\000\000\000\000\000\000""; nodePubKey: ""\003\325Q\255\224\274R@\312\253\262\347\352\034\346\347\242\215,\312\376=\277\353{\350\225\301\305`^, ""; closeTime: 803902473; signature: ""0D\002 \016\355\360\334Q\3334\216\252#-\251\026\310\2573\025\023\2154\265\345\246I\022\250S\016\241,\305\201\002 \023\252|\253\300\323\001K\225\273;\2525\321nb\346\361g\031k\340\332\000~fp\t\353\\022\267""; previousledger: ""\221=\252\002\267\225zg\264\253\271T\346ji\003\235\236Pis\264\375\222|H\344\261g?[g""; ","proposeSeq: 0; currentTxHash: ""\000\000\000\000\000\000\000\000\000\000\000\000\000\000\000\000\000\000\000\000\000\000\000\000\000\000\000\000\000\000\000\000""; nodePubKey: ""\003\325Q\255\224\274R@\312\253\262\347\352\034\346\347\242\215,\312\376=\277\353{\350\225\301\305`^, ""; closeTime: 803902473; signature: ""0D\002 \016\355\360\334Q\3334\216\252#-\251\026\310\2573\025\023\2154\265\345\246I\022\250S\016\241,\305\201\002 \023\252|\253\300\323\001K\225\273;\2525\321nb\346\361g\031k\340\332\000~fp\t\353\\022\267""; previousledger: ""\221=\252\002\267\225zg\264\253\271T\346ji\003\235\236Pis\264\375\222|H\344\261g?[g""; "
1750587274315,1750587274315,2970,1,0,4,TMProposeSet,"proposeSeq: 0; currentTxHash: ""\000\000\000\000\000\000\000\000\000\000\000\000\000\000\000\000\000\000\000\000\000\000\000\000\000\000\000\000\000\000\000\000""; nodePubKey: ""\003\325Q\255\224\274R@\312\253\262\347\352\034\346\347\242\215,\312\376=\277\353{\350\225\301\305`^, ""; closeTime: 803902473; signature: ""0D\002 \016\355\360\334Q\3334\216\252#-\251\026\310\2573\025\023\2154\265\345\246I\022\250S\016\241,\305\201\002 \023\252|\253\300\323\001K\225\273;\2525\321nb\346\361g\031k\340\332\000~fp\t\353\\022\267""; previousledger: ""\221=\252\002\267\225zg\264\253\271T\346ji\003\235\236Pis\264\375\222|H\344\261g?[g""; ","proposeSeq: 0; currentTxHash: ""\000\000\000\000\000\000\000\000\000\000\000\000\000\000\000\000\000\000\000\000\000\000\000\000\000\000\000\000\000\000\000\000""; nodePubKey: ""\003\325Q\255\224\274R@\312\253\262\347\352\034\346\347\242\215,\312\376=\277\353{\350\225\301\305`^, ""; closeTime: 803902473; signature: ""0D\002 \016\355\360\334Q\3334\216\252#-\251\026\310\2573\025\023\2154\265\345\246I\022\250S\016\241,\305\201\002 \023\252|\253\300\323\001K\225\273;\2525\321nb\346\361g\031k\340\332\000~fp\t\353\\022\267""; previousledger: ""\221=\252\002\267\225zg\264\253\271T\346ji\003\235\236Pis\264\375\222|H\344\261g?[g""; "
1750587274354,1750587274354,980,1,4,1,TMProposeSet,"proposeSeq: 0; currentTxHash: ""\000\000\000\000\000\000\000\000\000\000\000\000\000\000\000\000\000\000\000\000\000\000\000\000\000\000\000\000\000\000\000\000""; nodePubKey: ""\003\325Q\255\224\274R@\312\253\262\347\352\034\346\347\242\215,\312\376=\277\353{\350\225\301\305`^, ""; closeTime: 803902473; signature: ""0D\002 \016\355\360\334Q\3334\216\252#-\251\026\310\2573\025\023\2154\265\345\246I\022\250S\016\241,\305\201\002 \023\252|\253\300\323\001K\225\273;\2525\321nb\346\361g\031k\340\332\000~fp\t\353\\022\267""; previousledger: ""\221=\252\002\267\225zg\264\253\271T\346ji\003\235\236Pis\264\375\222|H\344\261g?[g""; ","proposeSeq: 0; currentTxHash: ""\000\000\000\000\000\000\000\000\000\000\000\000\000\000\000\000\000\000\000\000\000\000\000\000\000\000\000\000\000\000\000\000""; nodePubKey: ""\003\325Q\255\224\274R@\312\253\262\347\352\034\346\347\242\215,\312\376=\277\353{\350\225\301\305`^, ""; closeTime: 803902473; signature: ""0D\002 \016\355\360\334Q\3334\216\252#-\251\026\310\2573\025\023\2154\265\345\246I\022\250S\016\241,\305\201\002 \023\252|\253\300\323\001K\225\273;\2525\321nb\346\361g\031k\340\332\000~fp\t\353\\022\267""; previousledger: ""\221=\252\002\267\225zg\264\253\271T\346ji\003\235\236Pis\264\375\222|H\344\261g?[g""; "
1750587274354,1750587274354,3614,1,4,2,TMProposeSet,"proposeSeq: 0; currentTxHash: ""\000\000\000\000\000\000\000\000\000\000\000\000\000\000\000\000\000\000\000\000\000\000\000\000\000\000\000\000\000\000\000\000""; nodePubKey: ""\003\325Q\255\224\274R@\312\253\262\347\352\034\346\347\242\215,\312\376=\277\353{\350\225\301\305`^, ""; closeTime: 803902473; signature: ""0D\002 \016\355\360\334Q\3334\216\252#-\251\026\310\2573\025\023\2154\265\345\246I\022\250S\016\241,\305\201\002 \023\252|\253\300\323\001K\225\273;\2525\321nb\346\361g\031k\340\332\000~fp\t\353\\022\267""; previousledger: ""\221=\252\002\267\225zg\264\253\271T\346ji\003\235\236Pis\264\375\222|H\344\261g?[g""; ","proposeSeq: 0; currentTxHash: ""\000\000\000\000\000\000\000\000\000\000\000\000\000\000\000\000\000\000\000\000\000\000\000\000\000\000\000\000\000\000\000\000""; nodePubKey: ""\003\325Q\255\224\274R@\312\253\262\347\352\034\346\347\242\215,\312\376=\277\353{\350\225\301\305`^, ""; closeTime: 803902473; signature: ""0D\002 \016\355\360\334Q\3334\216\252#-\251\026\310\2573\025\023\2154\265\345\246I\022\250S\016\241,\305\201\002 \023\252|\253\300\323\001K\225\273;\2525\321nb\346\361g\031k\340\332\000~fp\t\353\\022\267""; previousledger: ""\221=\252\002\267\225zg\264\253\271T\346ji\003\235\236Pis\264\375\222|H\344\261g?[g""; "
1750587274354,1750587274355,1110,1,4,0,TMProposeSet,"proposeSeq: 0; currentTxHash: ""\000\000\000\000\000\000\000\000\000\000\000\000\000\000\000\000\000\000\000\000\000\000\000\000\000\000\000\000\000\000\000\000""; nodePubKey: ""\003\325Q\255\224\274R@\312\253\262\347\352\034\346\347\242\215,\312\376=\277\353{\350\225\301\305`^, ""; closeTime: 803902473; signature: ""0D\002 \016\355\360\334Q\3334\216\252#-\251\026\310\2573\025\023\2154\265\345\246I\022\250S\016\241,\305\201\002 \023\252|\253\300\323\001K\225\273;\2525\321nb\346\361g\031k\340\332\000~fp\t\353\\022\267""; previousledger: ""\221=\252\002\267\225zg\264\253\271T\346ji\003\235\236Pis\264\375\222|H\344\261g?[g""; ","proposeSeq: 0; currentTxHash: ""\000\000\000\000\000\000\000\000\000\000\000\000\000\000\000\000\000\000\000\000\000\000\000\000\000\000\000\000\000\000\000\000""; nodePubKey: ""\003\325Q\255\224\274R@\312\253\262\347\352\034\346\347\242\215,\312\376=\277\353{\350\225\301\305`^, ""; closeTime: 803902473; signature: ""0D\002 \016\355\360\334Q\3334\216\252#-\251\026\310\2573\025\023\2154\265\345\246I\022\250S\016\241,\305\201\002 \023\252|\253\300\323\001K\225\273;\2525\321nb\346\361g\031k\340\332\000~fp\t\353\\022\267""; previousledger: ""\221=\252\002\267\225zg\264\253\271T\346ji\003\235\236Pis\264\375\222|H\344\261g?[g""; "
1750587274355,1750587274355,486,1,4,0,TMLedgerData,"ledgerHash: ""u\315\243\367\211\2625\240r:n\277\003\026\366\353'\216jy9\\001\220\223~\341j\254O\025\257""; ledgerSeq: 0; type: liTS_CANDIDATE; nodes {;   nodedata: ""\022\000\000""\000\000\000\000$\000\000\000\001 \033\000\000\000\027a@\000\000\027H\206*@h@\000\000\000\000\000\000\ns!\0030\347\374\235V\273%\326\211;\243\363\027\256[\3173\263)\033\326=\263&T\243\023""/\177\320 tF0D\002 0\023\341\332; \2711\245\020\321\3300\345\267-)\230\177\246\236AQ\327\203\207H\226+\000%\336\002 \024\036\211\237\201t\376\272E\270\230\020\334\014\356g\273\025((\376\266\216@ \254^2T\233\013\034\201\024\265\367by\212S\325C\240\024\312\370\262\227\317\370\362\3717\350\203\024E0\246\210\344\325\345r\024T\251\006P\255\352\333\372\351\337\302\000"";   nodeid: ""\240\000\000\000\000\000\000\000\000\000\000\000\000\000\000\000\000\000\000\000\000\000\000\000\000\000\000\000\000\000\000\000\001""; }; ","ledgerHash: ""u\315\243\367\211\2625\240r:n\277\003\026\366\353'\216jy9\\001\220\223~\341j\254O\025\257""; ledgerSeq: 0; type: liTS_CANDIDATE; nodes {;   nodedata: ""\022\000\000""\000\000\000\000$\000\000\000\001 \033\000\000\000\027a@\000\000\027H\206*@h@\000\000\000\000\000\000\ns!\0030\347\374\235V\273%\326\211;\243\363\027\256[\3173\263)\033\326=\263&T\243\023""/\177\320 tF0D\002 0\023\341\332; \2711\245\020\321\3300\345\267-)\230\177\246\236AQ\327\203\207H\226+\000%\336\002 \024\036\211\237\201t\376\272E\270\230\020\334\014\356g\273\025((\376\266\216@ \254^2T\233\013\034\201\024\265\367by\212S\325C\240\024\312\370\262\227\317\370\362\3717\350\203\024E0\246\210\344\325\345r\024T\251\006P\255\352\333\372\351\337\302\000"";   nodeid: ""\240\000\000\000\000\000\000\000\000\000\000\000\000\000\000\000\000\000\000\000\000\000\000\000\000\000\000\000\000\000\000\000\001""; }; "
1750587274362,1750587274362,141,1,0,3,TMProposeSet,"proposeSeq: 0; currentTxHash: ""\000\000\000\000\000\000\000\000\000\000\000\000\000\000\000\000\000\000\000\000\000\000\000\000\000\000\000\000\000\000\000\000""; nodePubKey: ""\003\343\005\311u\203\370\0338\3174\324\010\006\301\251\177\261\304eOX\262)FA-\022r\263wm\024""; closeTime: 803902473; signature: ""0E\002!\000\332\3239\340{\237\t\304\265\206\034\235\361\207\361\213X\216I\201\177\2178t\304\335v=L>b~\002 c\t\227\256\312\252\036\204\005j\240@s!\373\357\303\323\367(\277:\244\215U\245\2416\020\201\342\010""; previousledger: ""\221=\252\002\267\225zg\264\253\271T\346ji\003\235\236Pis\264\375\222|H\344\261g?[g""; ","proposeSeq: 0; currentTxHash: ""\000\000\000\000\000\000\000\000\000\000\000\000\000\000\000\000\000\000\000\000\000\000\000\000\000\000\000\000\000\000\000\000""; nodePubKey: ""\003\343\005\311u\203\370\0338\3174\324\010\006\301\251\177\261\304eOX\262)FA-\022r\263wm\024""; closeTime: 803902473; signature: ""0E\002!\000\332\3239\340{\237\t\304\265\206\034\235\361\207\361\213X\216I\201\177\2178t\304\335v=L>b~\002 c\t\227\256\312\252\036\204\005j\240@s!\373\357\303\323\367(\277:\244\215U\245\2416\020\201\342\010""; previousledger: ""\221=\252\002\267\225zg\264\253\271T\346ji\003\235\236Pis\264\375\222|H\344\261g?[g""; "
1750587274363,1750587274363,2970,1,0,4,TMProposeSet,"proposeSeq: 0; currentTxHash: ""\000\000\000\000\000\000\000\000\000\000\000\000\000\000\000\000\000\000\000\000\000\000\000\000\000\000\000\000\000\000\000\000""; nodePubKey: ""\003\343\005\311u\203\370\0338\3174\324\010\006\301\251\177\261\304eOX\262)FA-\022r\263wm\024""; closeTime: 803902473; signature: ""0E\002!\000\332\3239\340{\237\t\304\265\206\034\235\361\207\361\213X\216I\201\177\2178t\304\335v=L>b~\002 c\t\227\256\312\252\036\204\005j\240@s!\373\357\303\323\367(\277:\244\215U\245\2416\020\201\342\010""; previousledger: ""\221=\252\002\267\225zg\264\253\271T\346ji\003\235\236Pis\264\375\222|H\344\261g?[g""; ","proposeSeq: 0; currentTxHash: ""\000\000\000\000\000\000\000\000\000\000\000\000\000\000\000\000\000\000\000\000\000\000\000\000\000\000\000\000\000\000\000\000""; nodePubKey: ""\003\343\005\311u\203\370\0338\3174\324\010\006\301\251\177\261\304eOX\262)FA-\022r\263wm\024""; closeTime: 803902473; signature: ""0E\002!\000\332\3239\340{\237\t\304\265\206\034\235\361\207\361\213X\216I\201\177\2178t\304\335v=L>b~\002 c\t\227\256\312\252\036\204\005j\240@s!\373\357\303\323\367(\277:\244\215U\245\2416\020\201\342\010""; previousledger: ""\221=\252\002\267\225zg\264\253\271T\346ji\003\235\236Pis\264\375\222|H\344\261g?[g""; "
1750587274363,1750587274364,1290,1,0,2,TMProposeSet,"proposeSeq: 0; currentTxHash: ""\000\000\000\000\000\000\000\000\000\000\000\000\000\000\000\000\000\000\000\000\000\000\000\000\000\000\000\000\000\000\000\000""; nodePubKey: ""\003\343\005\311u\203\370\0338\3174\324\010\006\301\251\177\261\304eOX\262)FA-\022r\263wm\024""; closeTime: 803902473; signature: ""0E\002!\000\332\3239\340{\237\t\304\265\206\034\235\361\207\361\213X\216I\201\177\2178t\304\335v=L>b~\002 c\t\227\256\312\252\036\204\005j\240@s!\373\357\303\323\367(\277:\244\215U\245\2416\020\201\342\010""; previousledger: ""\221=\252\002\267\225zg\264\253\271T\346ji\003\235\236Pis\264\375\222|H\344\261g?[g""; ","proposeSeq: 0; currentTxHash: ""\000\000\000\000\000\000\000\000\000\000\000\000\000\000\000\000\000\000\000\000\000\000\000\000\000\000\000\000\000\000\000\000""; nodePubKey: ""\003\343\005\311u\203\370\0338\3174\324\010\006\301\251\177\261\304eOX\262)FA-\022r\263wm\024""; closeTime: 803902473; signature: ""0E\002!\000\332\3239\340{\237\t\304\265\206\034\235\361\207\361\213X\216I\201\177\2178t\304\335v=L>b~\002 c\t\227\256\312\252\036\204\005j\240@s!\373\357\303\323\367(\277:\244\215U\245\2416\020\201\342\010""; previousledger: ""\221=\252\002\267\225zg\264\253\271T\346ji\003\235\236Pis\264\375\222|H\344\261g?[g""; "
1750587274373,1750587274374,2472,1,1,2,TMLedgerData,"ledgerHash: ""u\315\243\367\211\2625\240r:n\277\003\026\366\353'\216jy9\\001\220\223~\341j\254O\025\257""; ledgerSeq: 0; type: liTS_CANDIDATE; nodes {;   nodedata: ""\022\000\000""\000\000\000\000$\000\000\000\001 \033\000\000\000\027a@\000\000\027H\206*@h@\000\000\000\000\000\000\ns!\0030\347\374\235V\273%\326\211;\243\363\027\256[\3173\263)\033\326=\263&T\243\023""/\177\320 tF0D\002 0\023\341\332; \2711\245\020\321\3300\345\267-)\230\177\246\236AQ\327\203\207H\226+\000%\336\002 \024\036\211\237\201t\376\272E\270\230\020\334\014\356g\273\025((\376\266\216@ \254^2T\233\013\034\201\024\265\367by\212S\325C\240\024\312\370\262\227\317\370\362\3717\350\203\024E0\246\210\344\325\345r\024T\251\006P\255\352\333\372\351\337\302\000"";   nodeid: ""\240\000\000\000\000\000\000\000\000\000\000\000\000\000\000\000\000\000\000\000\000\000\000\000\000\000\000\000\000\000\000\000\001""; }; requestCookie: 2; ","ledgerHash: ""u\315\243\367\211\2625\240r:n\277\003\026\366\353'\216jy9\\001\220\223~\341j\254O\025\257""; ledgerSeq: 0; type: liTS_CANDIDATE; nodes {;   nodedata: ""\022\000\000""\000\000\000\000$\000\000\000\001 \033\000\000\000\027a@\000\000\027H\206*@h@\000\000\000\000\000\000\ns!\0030\347\374\235V\273%\326\211;\243\363\027\256[\3173\263)\033\326=\263&T\243\023""/\177\320 tF0D\002 0\023\341\332; \2711\245\020\321\3300\345\267-)\230\177\246\236AQ\327\203\207H\226+\000%\336\002 \024\036\211\237\201t\376\272E\270\230\020\334\014\356g\273\025((\376\266\216@ \254^2T\233\013\034\201\024\265\367by\212S\325C\240\024\312\370\262\227\317\370\362\3717\350\203\024E0\246\210\344\325\345r\024T\251\006P\255\352\333\372\351\337\302\000"";   nodeid: ""\240\000\000\000\000\000\000\000\000\000\000\000\000\000\000\000\000\000\000\000\000\000\000\000\000\000\000\000\000\000\000\000\001""; }; requestCookie: 2; "
1750587274402,1750587274402,1772,1,4,3,TMLedgerData,"ledgerHash: ""u\315\243\367\211\2625\240r:n\277\003\026\366\353'\216jy9\\001\220\223~\341j\254O\025\257""; ledgerSeq: 0; type: liTS_CANDIDATE; nodes {;   nodedata: ""\246C\232\272\013^\241\340~\030'\005/\234\037\355\231\230\017\266\365\303w\360\273\374\234\362S:\270\023\n\003"";   nodeid: ""\000\000\000\000\000\000\000\000\000\000\000\000\000\000\000\000\000\000\000\000\000\000\000\000\000\000\000\000\000\000\000\000\000""; }; ","ledgerHash: ""u\315\243\367\211\2625\240r:n\277\003\026\366\353'\216jy9\\001\220\223~\341j\254O\025\257""; ledgerSeq: 0; type: liTS_CANDIDATE; nodes {;   nodedata: ""\246C\232\272\013^\241\340~\030'\005/\234\037\355\231\230\017\266\365\303w\360\273\374\234\362S:\270\023\n\003"";   nodeid: ""\000\000\000\000\000\000\000\000\000\000\000\000\000\000\000\000\000\000\000\000\000\000\000\000\000\000\000\000\000\000\000\000\000""; }; "
1750587274420,1750587274420,1357,1,4,3,TMValidation,"validation: """"\200\000\000\001&\000\000\000\006)/\352\224\010:?HT\314/\177\320^Q\221=\252\002\267\225zg\264\253\271T\346ji\003\235\236Pis\264\375\222|H\344\261g?[gP\0278h\232\211g)\354\005\246\256XI\265J\214\312}\261\211y\355]\0228j\360\0224\003\021%\014P\031\372\373$P*|\321\342\002\026\n\3215\340\3203\200x\327D\301]5\237\247Yz\3711!L\214s!\003\343\005\311u\203\370\0338\3174\324\010\006\301\251\177\261\304eOX\262)FA-\022r\263wm\024vF0D\002 #\344\210\215b\201\030\201\237\177\017D\337\375\334\323Ou\000\267H\305\342\206\024\360uE\013\272\227\276\002 HF\026\226N\256\323\213\220\246\277\320\346ik\216\035D\304\n\2166\243Ru\t\\225\363C\205\254""; ","validation: """"\200\000\000\001&\000\000\000\006)/\352\224\010:?HT\314/\177\320^Q\221=\252\002\267\225zg\264\253\271T\346ji\003\235\236Pis\264\375\222|H\344\261g?[gP\0278h\232\211g)\354\005\246\256XI\265J\214\312}\261\211y\355]\0228j\360\0224\003\021%\014P\031\372\373$P*|\321\342\002\026\n\3215\340\3203\200x\327D\301]5\237\247Yz\3711!L\214s!\003\343\005\311u\203\370\0338\3174\324\010\006\301\251\177\261\304eOX\262)FA-\022r\263wm\024vF0D\002 #\344\210\215b\201\030\201\237\177\017D\337\375\334\323Ou\000\267H\305\342\206\024\360uE\013\272\227\276\002 HF\026\226N\256\323\213\220\246\277\320\346ik\216\035D\304\n\2166\243Ru\t\\225\363C\205\254""; "
1750587274421,1750587274421,3559,1,4,0,TMValidation,"validation: """"\200\000\000\001&\000\000\000\006)/\352\224\010:?HT\314/\177\320^Q\221=\252\002\267\225zg\264\253\271T\346ji\003\235\236Pis\264\375\222|H\344\261g?[gP\0278h\232\211g)\354\005\246\256XI\265J\214\312}\261\211y\355]\0228j\360\0224\003\021%\014P\031\372\373$P*|\321\342\002\026\n\3215\340\3203\200x\327D\301]5\237\247Yz\3711!L\214s!\003\343\005\311u\203\370\0338\3174\324\010\006\301\251\177\261\304eOX\262)FA-\022r\263wm\024vF0D\002 #\344\210\215b\201\030\201\237\177\017D\337\375\334\323Ou\000\267H\305\342\206\024\360uE\013\272\227\276\002 HF\026\226N\256\323\213\220\246\277\320\346ik\216\035D\304\n\2166\243Ru\t\\225\363C\205\254""; ","validation: """"\200\000\000\001&\000\000\000\006)/\352\224\010:?HT\314/\177\320^Q\221=\252\002\267\225zg\264\253\271T\346ji\003\235\236Pis\264\375\222|H\344\261g?[gP\0278h\232\211g)\354\005\246\256XI\265J\214\312}\261\211y\355]\0228j\360\0224\003\021%\014P\031\372\373$P*|\321\342\002\026\n\3215\340\3203\200x\327D\301]5\237\247Yz\3711!L\214s!\003\343\005\311u\203\370\0338\3174\324\010\006\301\251\177\261\304eOX\262)FA-\022r\263wm\024vF0D\002 #\344\210\215b\201\030\201\237\177\017D\337\375\334\323Ou\000\267H\305\342\206\024\360uE\013\272\227\276\002 HF\026\226N\256\323\213\220\246\277\320\346ik\216\035D\304\n\2166\243Ru\t\\225\363C\205\254""; "
1750587274421,1750587274421,443,1,4,2,TMValidation,"validation: """"\200\000\000\001&\000\000\000\006)/\352\224\010:?HT\314/\177\320^Q\221=\252\002\267\225zg\264\253\271T\346ji\003\235\236Pis\264\375\222|H\344\261g?[gP\0278h\232\211g)\354\005\246\256XI\265J\214\312}\261\211y\355]\0228j\360\0224\003\021%\014P\031\372\373$P*|\321\342\002\026\n\3215\340\3203\200x\327D\301]5\237\247Yz\3711!L\214s!\003\343\005\311u\203\370\0338\3174\324\010\006\301\251\177\261\304eOX\262)FA-\022r\263wm\024vF0D\002 #\344\210\215b\201\030\201\237\177\017D\337\375\334\323Ou\000\267H\305\342\206\024\360uE\013\272\227\276\002 HF\026\226N\256\323\213\220\246\277\320\346ik\216\035D\304\n\2166\243Ru\t\\225\363C\205\254""; ","validation: """"\200\000\000\001&\000\000\000\006)/\352\224\010:?HT\314/\177\320^Q\221=\252\002\267\225zg\264\253\271T\346ji\003\235\236Pis\264\375\222|H\344\261g?[gP\0278h\232\211g)\354\005\246\256XI\265J\214\312}\261\211y\355]\0228j\360\0224\003\021%\014P\031\372\373$P*|\321\342\002\026\n\3215\340\3203\200x\327D\301]5\237\247Yz\3711!L\214s!\003\343\005\311u\203\370\0338\3174\324\010\006\301\251\177\261\304eOX\262)FA-\022r\263wm\024vF0D\002 #\344\210\215b\201\030\201\237\177\017D\337\375\334\323Ou\000\267H\305\342\206\024\360uE\013\272\227\276\002 HF\026\226N\256\323\213\220\246\277\320\346ik\216\035D\304\n\2166\243Ru\t\\225\363C\205\254""; "
1750587274506,1750587274506,483,1,3,4,TMProposeSet,"proposeSeq: 0; currentTxHash: ""\000\000\000\000\000\000\000\000\000\000\000\000\000\000\000\000\000\000\000\000\000\000\000\000\000\000\000\000\000\000\000\000""; nodePubKey: ""\003\343\005\311u\203\370\0338\3174\324\010\006\301\251\177\261\304eOX\262)FA-\022r\263wm\024""; closeTime: 803902473; signature: ""0E\002!\000\332\3239\340{\237\t\304\265\206\034\235\361\207\361\213X\216I\201\177\2178t\304\335v=L>b~\002 c\t\227\256\312\252\036\204\005j\240@s!\373\357\303\323\367(\277:\244\215U\245\2416\020\201\342\010""; previousledger: ""\221=\252\002\267\225zg\264\253\271T\346ji\003\235\236Pis\264\375\222|H\344\261g?[g""; ","proposeSeq: 0; currentTxHash: ""\000\000\000\000\000\000\000\000\000\000\000\000\000\000\000\000\000\000\000\000\000\000\000\000\000\000\000\000\000\000\000\000""; nodePubKey: ""\003\343\005\311u\203\370\0338\3174\324\010\006\301\251\177\261\304eOX\262)FA-\022r\263wm\024""; closeTime: 803902473; signature: ""0E\002!\000\332\3239\340{\237\t\304\265\206\034\235\361\207\361\213X\216I\201\177\2178t\304\335v=L>b~\002 c\t\227\256\312\252\036\204\005j\240@s!\373\357\303\323\367(\277:\244\215U\245\2416\020\201\342\010""; previousledger: ""\221=\252\002\267\225zg\264\253\271T\346ji\003\235\236Pis\264\375\222|H\344\261g?[g""; "
1750587274507,1750587274507,1317,1,3,2,TMProposeSet,"proposeSeq: 0; currentTxHash: ""\000\000\000\000\000\000\000\000\000\000\000\000\000\000\000\000\000\000\000\000\000\000\000\000\000\000\000\000\000\000\000\000""; nodePubKey: ""\003\343\005\311u\203\370\0338\3174\324\010\006\301\251\177\261\304eOX\262)FA-\022r\263wm\024""; closeTime: 803902473; signature: ""0E\002!\000\332\3239\340{\237\t\304\265\206\034\235\361\207\361\213X\216I\201\177\2178t\304\335v=L>b~\002 c\t\227\256\312\252\036\204\005j\240@s!\373\357\303\323\367(\277:\244\215U\245\2416\020\201\342\010""; previousledger: ""\221=\252\002\267\225zg\264\253\271T\346ji\003\235\236Pis\264\375\222|H\344\261g?[g""; ","proposeSeq: 0; currentTxHash: ""\000\000\000\000\000\000\000\000\000\000\000\000\000\000\000\000\000\000\000\000\000\000\000\000\000\000\000\000\000\000\000\000""; nodePubKey: ""\003\343\005\311u\203\370\0338\3174\324\010\006\301\251\177\261\304eOX\262)FA-\022r\263wm\024""; closeTime: 803902473; signature: ""0E\002!\000\332\3239\340{\237\t\304\265\206\034\235\361\207\361\213X\216I\201\177\2178t\304\335v=L>b~\002 c\t\227\256\312\252\036\204\005j\240@s!\373\357\303\323\367(\277:\244\215U\245\2416\020\201\342\010""; previousledger: ""\221=\252\002\267\225zg\264\253\271T\346ji\003\235\236Pis\264\375\222|H\344\261g?[g""; "
1750587274507,1750587274507,3538,1,1,3,TMProposeSet,"proposeSeq: 0; currentTxHash: ""\000\000\000\000\000\000\000\000\000\000\000\000\000\000\000\000\000\000\000\000\000\000\000\000\000\000\000\000\000\000\000\000""; nodePubKey: ""\003\325Q\255\224\274R@\312\253\262\347\352\034\346\347\242\215,\312\376=\277\353{\350\225\301\305`^, ""; closeTime: 803902473; signature: ""0D\002 \016\355\360\334Q\3334\216\252#-\251\026\310\2573\025\023\2154\265\345\246I\022\250S\016\241,\305\201\002 \023\252|\253\300\323\001K\225\273;\2525\321nb\346\361g\031k\340\332\000~fp\t\353\\022\267""; previousledger: ""\221=\252\002\267\225zg\264\253\271T\346ji\003\235\236Pis\264\375\222|H\344\261g?[g""; ","proposeSeq: 0; currentTxHash: ""\000\000\000\000\000\000\000\000\000\000\000\000\000\000\000\000\000\000\000\000\000\000\000\000\000\000\000\000\000\000\000\000""; nodePubKey: ""\003\325Q\255\224\274R@\312\253\262\347\352\034\346\347\242\215,\312\376=\277\353{\350\225\301\305`^, ""; closeTime: 803902473; signature: ""0D\002 \016\355\360\334Q\3334\216\252#-\251\026\310\2573\025\023\2154\265\345\246I\022\250S\016\241,\305\201\002 \023\252|\253\300\323\001K\225\273;\2525\321nb\346\361g\031k\340\332\000~fp\t\353\\022\267""; previousledger: ""\221=\252\002\267\225zg\264\253\271T\346ji\003\235\236Pis\264\375\222|H\344\261g?[g""; "
1750587274507,1750587274508,1799,1,1,2,TMProposeSet,"proposeSeq: 0; currentTxHash: ""\000\000\000\000\000\000\000\000\000\000\000\000\000\000\000\000\000\000\000\000\000\000\000\000\000\000\000\000\000\000\000\000""; nodePubKey: ""\003\325Q\255\224\274R@\312\253\262\347\352\034\346\347\242\215,\312\376=\277\353{\350\225\301\305`^, ""; closeTime: 803902473; signature: ""0D\002 \016\355\360\334Q\3334\216\252#-\251\026\310\2573\025\023\2154\265\345\246I\022\250S\016\241,\305\201\002 \023\252|\253\300\323\001K\225\273;\2525\321nb\346\361g\031k\340\332\000~fp\t\353\\022\267""; previousledger: ""\221=\252\002\267\225zg\264\253\271T\346ji\003\235\236Pis\264\375\222|H\344\261g?[g""; ","proposeSeq: 0; currentTxHash: ""\000\000\000\000\000\000\000\000\000\000\000\000\000\000\000\000\000\000\000\000\000\000\000\000\000\000\000\000\000\000\000\000""; nodePubKey: ""\003\325Q\255\224\274R@\312\253\262\347\352\034\346\347\242\215,\312\376=\277\353{\350\225\301\305`^, ""; closeTime: 803902473; signature: ""0D\002 \016\355\360\334Q\3334\216\252#-\251\026\310\2573\025\023\2154\265\345\246I\022\250S\016\241,\305\201\002 \023\252|\253\300\323\001K\225\273;\2525\321nb\346\361g\031k\340\332\000~fp\t\353\\022\267""; previousledger: ""\221=\252\002\267\225zg\264\253\271T\346ji\003\235\236Pis\264\375\222|H\344\261g?[g""; "
1750587274508,1750587274508,3656,1,3,1,TMProposeSet,"proposeSeq: 0; currentTxHash: ""\000\000\000\000\000\000\000\000\000\000\000\000\000\000\000\000\000\000\000\000\000\000\000\000\000\000\000\000\000\000\000\000""; nodePubKey: ""\003\343\005\311u\203\370\0338\3174\324\010\006\301\251\177\261\304eOX\262)FA-\022r\263wm\024""; closeTime: 803902473; signature: ""0E\002!\000\332\3239\340{\237\t\304\265\206\034\235\361\207\361\213X\216I\201\177\2178t\304\335v=L>b~\002 c\t\227\256\312\252\036\204\005j\240@s!\373\357\303\323\367(\277:\244\215U\245\2416\020\201\342\010""; previousledger: ""\221=\252\002\267\225zg\264\253\271T\346ji\003\235\236Pis\264\375\222|H\344\261g?[g""; ","proposeSeq: 0; currentTxHash: ""\000\000\000\000\000\000\000\000\000\000\000\000\000\000\000\000\000\000\000\000\000\000\000\000\000\000\000\000\000\000\000\000""; nodePubKey: ""\003\343\005\311u\203\370\0338\3174\324\010\006\301\251\177\261\304eOX\262)FA-\022r\263wm\024""; closeTime: 803902473; signature: ""0E\002!\000\332\3239\340{\237\t\304\265\206\034\235\361\207\361\213X\216I\201\177\2178t\304\335v=L>b~\002 c\t\227\256\312\252\036\204\005j\240@s!\373\357\303\323\367(\277:\244\215U\245\2416\020\201\342\010""; previousledger: ""\221=\252\002\267\225zg\264\253\271T\346ji\003\235\236Pis\264\375\222|H\344\261g?[g""; "
1750587274508,1750587274508,3375,1,1,4,TMProposeSet,"proposeSeq: 0; currentTxHash: ""\000\000\000\000\000\000\000\000\000\000\000\000\000\000\000\000\000\000\000\000\000\000\000\000\000\000\000\000\000\000\000\000""; nodePubKey: ""\003\325Q\255\224\274R@\312\253\262\347\352\034\346\347\242\215,\312\376=\277\353{\350\225\301\305`^, ""; closeTime: 803902473; signature: ""0D\002 \016\355\360\334Q\3334\216\252#-\251\026\310\2573\025\023\2154\265\345\246I\022\250S\016\241,\305\201\002 \023\252|\253\300\323\001K\225\273;\2525\321nb\346\361g\031k\340\332\000~fp\t\353\\022\267""; previousledger: ""\221=\252\002\267\225zg\264\253\271T\346ji\003\235\236Pis\264\375\222|H\344\261g?[g""; ","proposeSeq: 0; currentTxHash: ""\000\000\000\000\000\000\000\000\000\000\000\000\000\000\000\000\000\000\000\000\000\000\000\000\000\000\000\000\000\000\000\000""; nodePubKey: ""\003\325Q\255\224\274R@\312\253\262\347\352\034\346\347\242\215,\312\376=\277\353{\350\225\301\305`^, ""; closeTime: 803902473; signature: ""0D\002 \016\355\360\334Q\3334\216\252#-\251\026\310\2573\025\023\2154\265\345\246I\022\250S\016\241,\305\201\002 \023\252|\253\300\323\001K\225\273;\2525\321nb\346\361g\031k\340\332\000~fp\t\353\\022\267""; previousledger: ""\221=\252\002\267\225zg\264\253\271T\346ji\003\235\236Pis\264\375\222|H\344\261g?[g""; "
1750587274521,1750587274521,3097,1,2,0,TMLedgerData,"ledgerHash: ""8h\232\211g)\354\005\246\256XI\265J\214\312}\261\211y\355]\0228j\360\0224\003\021%\014""; ledgerSeq: 0; type: liTS_CANDIDATE; nodes {;   nodedata: ""\022\000\000""\000\000\000\000$\000\000\000\001 \033\000\000\000\027a@\000\000\027H\206*@h@\000\000\000\000\000\000\ns!\0030\347\374\235V\273%\326\211;\243\363\027\256[\3173\263)\033\326=\263&T\243\023""/\177\320 tF0D\002 0\023\341\332; \2711\245\020\321\3300\345\267-)\230\177\246\236AQ\327\203\207H\226+\000%\336\002 \024\036\211\237\201t\376\272E\270\230\020\334\014\356g\273\025((\376\266\216@ \254^2T\233\013\034\201\024\265\367by\212S\325C\240\024\312\370\262\227\317\370\362\3717\350\203\024E0\246\210\344\325\345r\024T\251\006P\255\352\333\372\351\337\302\000"";   nodeid: ""\240\000\000\000\000\000\000\000\000\000\000\000\000\000\000\000\000\000\000\000\000\000\000\000\000\000\000\000\000\000\000\000\001""; }; ","ledgerHash: ""8h\232\211g)\354\005\246\256XI\265J\214\312}\261\211y\355]\0228j\360\0224\003\021%\014""; ledgerSeq: 0; type: liTS_CANDIDATE; nodes {;   nodedata: ""\022\000\000""\000\000\000\000$\000\000\000\001 \033\000\000\000\027a@\000\000\027H\206*@h@\000\000\000\000\000\000\ns!\0030\347\374\235V\273%\326\211;\243\363\027\256[\3173\263)\033\326=\263&T\243\023""/\177\320 tF0D\002 0\023\341\332; \2711\245\020\321\3300\345\267-)\230\177\246\236AQ\327\203\207H\226+\000%\336\002 \024\036\211\237\201t\376\272E\270\230\020\334\014\356g\273\025((\376\266\216@ \254^2T\233\013\034\201\024\265\367by\212S\325C\240\024\312\370\262\227\317\370\362\3717\350\203\024E0\246\210\344\325\345r\024T\251\006P\255\352\333\372\351\337\302\000"";   nodeid: ""\240\000\000\000\000\000\000\000\000\000\000\000\000\000\000\000\000\000\000\000\000\000\000\000\000\000\000\000\000\000\000\000\001""; }; "
1750587274530,1750587274530,3898,1,2,3,TMGetLedger,"itype: liTS_CANDIDATE; ledgerHash: ""u\315\243\367\211\2625\240r:n\277\003\026\366\353'\216jy9\\001\220\223~\341j\254O\025\257""; nodeIDs: ""\240\000\000\000\000\000\000\000\000\000\000\000\000\000\000\000\000\000\000\000\000\000\000\000\000\000\000\000\000\000\000\000\001""; requestCookie: 2; queryType: qtINDIRECT; ","itype: liTS_CANDIDATE; ledgerHash: ""u\315\243\367\211\2625\240r:n\277\003\026\366\353'\216jy9\\001\220\223~\341j\254O\025\257""; nodeIDs: ""\240\000\000\000\000\000\000\000\000\000\000\000\000\000\000\000\000\000\000\000\000\000\000\000\000\000\000\000\000\000\000\000\001""; requestCookie: 2; queryType: qtINDIRECT; "
1750587274607,1750587274607,486,1,4,0,TMLedgerData,"ledgerHash: ""u\315\243\367\211\2625\240r:n\277\003\026\366\353'\216jy9\\001\220\223~\341j\254O\025\257""; ledgerSeq: 0; type: liTS_CANDIDATE; nodes {;   nodedata: ""\022\000\000""\000\000\000\000$\000\000\000\001 \033\000\000\000\027a@\000\000\027H\206*@h@\000\000\000\000\000\000\ns!\0030\347\374\235V\273%\326\211;\243\363\027\256[\3173\263)\033\326=\263&T\243\023""/\177\320 tF0D\002 0\023\341\332; \2711\245\020\321\3300\345\267-)\230\177\246\236AQ\327\203\207H\226+\000%\336\002 \024\036\211\237\201t\376\272E\270\230\020\334\014\356g\273\025((\376\266\216@ \254^2T\233\013\034\201\024\265\367by\212S\325C\240\024\312\370\262\227\317\370\362\3717\350\203\024E0\246\210\344\325\345r\024T\251\006P\255\352\333\372\351\337\302\000"";   nodeid: ""\240\000\000\000\000\000\000\000\000\000\000\000\000\000\000\000\000\000\000\000\000\000\000\000\000\000\000\000\000\000\000\000\001""; }; ","ledgerHash: ""u\315\243\367\211\2625\240r:n\277\003\026\366\353'\216jy9\\001\220\223~\341j\254O\025\257""; ledgerSeq: 0; type: liTS_CANDIDATE; nodes {;   nodedata: ""\022\000\000""\000\000\000\000$\000\000\000\001 \033\000\000\000\027a@\000\000\027H\206*@h@\000\000\000\000\000\000\ns!\0030\347\374\235V\273%\326\211;\243\363\027\256[\3173\263)\033\326=\263&T\243\023""/\177\320 tF0D\002 0\023\341\332; \2711\245\020\321\3300\345\267-)\230\177\246\236AQ\327\203\207H\226+\000%\336\002 \024\036\211\237\201t\376\272E\270\230\020\334\014\356g\273\025((\376\266\216@ \254^2T\233\013\034\201\024\265\367by\212S\325C\240\024\312\370\262\227\317\370\362\3717\350\203\024E0\246\210\344\325\345r\024T\251\006P\255\352\333\372\351\337\302\000"";   nodeid: ""\240\000\000\000\000\000\000\000\000\000\000\000\000\000\000\000\000\000\000\000\000\000\000\000\000\000\000\000\000\000\000\000\001""; }; "
1750587274622,1750587274622,2472,1,1,2,TMLedgerData,"ledgerHash: ""u\315\243\367\211\2625\240r:n\277\003\026\366\353'\216jy9\\001\220\223~\341j\254O\025\257""; ledgerSeq: 0; type: liTS_CANDIDATE; nodes {;   nodedata: ""\022\000\000""\000\000\000\000$\000\000\000\001 \033\000\000\000\027a@\000\000\027H\206*@h@\000\000\000\000\000\000\ns!\0030\347\374\235V\273%\326\211;\243\363\027\256[\3173\263)\033\326=\263&T\243\023""/\177\320 tF0D\002 0\023\341\332; \2711\245\020\321\3300\345\267-)\230\177\246\236AQ\327\203\207H\226+\000%\336\002 \024\036\211\237\201t\376\272E\270\230\020\334\014\356g\273\025((\376\266\216@ \254^2T\233\013\034\201\024\265\367by\212S\325C\240\024\312\370\262\227\317\370\362\3717\350\203\024E0\246\210\344\325\345r\024T\251\006P\255\352\333\372\351\337\302\000"";   nodeid: ""\240\000\000\000\000\000\000\000\000\000\000\000\000\000\000\000\000\000\000\000\000\000\000\000\000\000\000\000\000\000\000\000\001""; }; requestCookie: 2; ","ledgerHash: ""u\315\243\367\211\2625\240r:n\277\003\026\366\353'\216jy9\\001\220\223~\341j\254O\025\257""; ledgerSeq: 0; type: liTS_CANDIDATE; nodes {;   nodedata: ""\022\000\000""\000\000\000\000$\000\000\000\001 \033\000\000\000\027a@\000\000\027H\206*@h@\000\000\000\000\000\000\ns!\0030\347\374\235V\273%\326\211;\243\363\027\256[\3173\263)\033\326=\263&T\243\023""/\177\320 tF0D\002 0\023\341\332; \2711\245\020\321\3300\345\267-)\230\177\246\236AQ\327\203\207H\226+\000%\336\002 \024\036\211\237\201t\376\272E\270\230\020\334\014\356g\273\025((\376\266\216@ \254^2T\233\013\034\201\024\265\367by\212S\325C\240\024\312\370\262\227\317\370\362\3717\350\203\024E0\246\210\344\325\345r\024T\251\006P\255\352\333\372\351\337\302\000"";   nodeid: ""\240\000\000\000\000\000\000\000\000\000\000\000\000\000\000\000\000\000\000\000\000\000\000\000\000\000\000\000\000\000\000\000\001""; }; requestCookie: 2; "
1750587274653,1750587274653,1772,1,4,3,TMLedgerData,"ledgerHash: ""u\315\243\367\211\2625\240r:n\277\003\026\366\353'\216jy9\\001\220\223~\341j\254O\025\257""; ledgerSeq: 0; type: liTS_CANDIDATE; nodes {;   nodedata: ""\246C\232\272\013^\241\340~\030'\005/\234\037\355\231\230\017\266\365\303w\360\273\374\234\362S:\270\023\n\003"";   nodeid: ""\000\000\000\000\000\000\000\000\000\000\000\000\000\000\000\000\000\000\000\000\000\000\000\000\000\000\000\000\000\000\000\000\000""; }; ","ledgerHash: ""u\315\243\367\211\2625\240r:n\277\003\026\366\353'\216jy9\\001\220\223~\341j\254O\025\257""; ledgerSeq: 0; type: liTS_CANDIDATE; nodes {;   nodedata: ""\246C\232\272\013^\241\340~\030'\005/\234\037\355\231\230\017\266\365\303w\360\273\374\234\362S:\270\023\n\003"";   nodeid: ""\000\000\000\000\000\000\000\000\000\000\000\000\000\000\000\000\000\000\000\000\000\000\000\000\000\000\000\000\000\000\000\000\000""; }; "
1750587274666,1750587274666,2819,1,4,1,TMValidation,"validation: """"\200\000\000\001&\000\000\000\006)/\352\224\010:\211l\014`\252m\212dQ\221=\252\002\267\225zg\264\253\271T\346ji\003\235\236Pis\264\375\222|H\344\261g?[gP\0278h\232\211g)\354\005\246\256XI\265J\214\312}\261\211y\355]\0228j\360\0224\003\021%\014P\031\372\373$P*|\321\342\002\026\n\3215\340\3203\200x\327D\301]5\237\247Yz\3711!L\214s!\003\325Q\255\224\274R@\312\253\262\347\352\034\346\347\242\215,\312\376=\277\353{\350\225\301\305`^, vF0D\002 I\361\014ed\255\334\372\367\r\252=\366\255$\032\307\310\024\002\003s\232\301p\r\301\354\017\372\310\277\002 wK\013\340\365\263\266d\363\333\336fO4KG\320\242f\031`\236\030\244\363T\310\212\205q\017W""; ","validation: """"\200\000\000\001&\000\000\000\006)/\352\224\010:\211l\014`\252m\212dQ\221=\252\002\267\225zg\264\253\271T\346ji\003\235\236Pis\264\375\222|H\344\261g?[gP\0278h\232\211g)\354\005\246\256XI\265J\214\312}\261\211y\355]\0228j\360\0224\003\021%\014P\031\372\373$P*|\321\342\002\026\n\3215\340\3203\200x\327D\301]5\237\247Yz\3711!L\214s!\003\325Q\255\224\274R@\312\253\262\347\352\034\346\347\242\215,\312\376=\277\353{\350\225\301\305`^, vF0D\002 I\361\014ed\255\334\372\367\r\252=\366\255$\032\307\310\024\002\003s\232\301p\r\301\354\017\372\310\277\002 wK\013\340\365\263\266d\363\333\336fO4KG\320\242f\031`\236\030\244\363T\310\212\205q\017W""; "
1750587274666,1750587274666,1357,1,4,3,TMValidation,"validation: """"\200\000\000\001&\000\000\000\006)/\352\224\010:\211l\014`\252m\212dQ\221=\252\002\267\225zg\264\253\271T\346ji\003\235\236Pis\264\375\222|H\344\261g?[gP\0278h\232\211g)\354\005\246\256XI\265J\214\312}\261\211y\355]\0228j\360\0224\003\021%\014P\031\372\373$P*|\321\342\002\026\n\3215\340\3203\200x\327D\301]5\237\247Yz\3711!L\214s!\003\325Q\255\224\274R@\312\253\262\347\352\034\346\347\242\215,\312\376=\277\353{\350\225\301\305`^, vF0D\002 I\361\014ed\255\334\372\367\r\252=\366\255$\032\307\310\024\002\003s\232\301p\r\301\354\017\372\310\277\002 wK\013\340\365\263\266d\363\333\336fO4KG\320\242f\031`\236\030\244\363T\310\212\205q\017W""; ","validation: """"\200\000\000\001&\000\000\000\006)/\352\224\010:\211l\014`\252m\212dQ\221=\252\002\267\225zg\264\253\271T\346ji\003\235\236Pis\264\375\222|H\344\261g?[gP\0278h\232\211g)\354\005\246\256XI\265J\214\312}\261\211y\355]\0228j\360\0224\003\021%\014P\031\372\373$P*|\321\342\002\026\n\3215\340\3203\200x\327D\301]5\237\247Yz\3711!L\214s!\003\325Q\255\224\274R@\312\253\262\347\352\034\346\347\242\215,\312\376=\277\353{\350\225\301\305`^, vF0D\002 I\361\014ed\255\334\372\367\r\252=\366\255$\032\307\310\024\002\003s\232\301p\r\301\354\017\372\310\277\002 wK\013\340\365\263\266d\363\333\336fO4KG\320\242f\031`\236\030\244\363T\310\212\205q\017W""; "
1750587274667,1750587274667,3559,1,4,0,TMValidation,"validation: """"\200\000\000\001&\000\000\000\006)/\352\224\010:\211l\014`\252m\212dQ\221=\252\002\267\225zg\264\253\271T\346ji\003\235\236Pis\264\375\222|H\344\261g?[gP\0278h\232\211g)\354\005\246\256XI\265J\214\312}\261\211y\355]\0228j\360\0224\003\021%\014P\031\372\373$P*|\321\342\002\026\n\3215\340\3203\200x\327D\301]5\237\247Yz\3711!L\214s!\003\325Q\255\224\274R@\312\253\262\347\352\034\346\347\242\215,\312\376=\277\353{\350\225\301\305`^, vF0D\002 I\361\014ed\255\334\372\367\r\252=\366\255$\032\307\310\024\002\003s\232\301p\r\301\354\017\372\310\277\002 wK\013\340\365\263\266d\363\333\336fO4KG\320\242f\031`\236\030\244\363T\310\212\205q\017W""; ","validation: """"\200\000\000\001&\000\000\000\006)/\352\224\010:\211l\014`\252m\212dQ\221=\252\002\267\225zg\264\253\271T\346ji\003\235\236Pis\264\375\222|H\344\261g?[gP\0278h\232\211g)\354\005\246\256XI\265J\214\312}\261\211y\355]\0228j\360\0224\003\021%\014P\031\372\373$P*|\321\342\002\026\n\3215\340\3203\200x\327D\301]5\237\247Yz\3711!L\214s!\003\325Q\255\224\274R@\312\253\262\347\352\034\346\347\242\215,\312\376=\277\353{\350\225\301\305`^, vF0D\002 I\361\014ed\255\334\372\367\r\252=\366\255$\032\307\310\024\002\003s\232\301p\r\301\354\017\372\310\277\002 wK\013\340\365\263\266d\363\333\336fO4KG\320\242f\031`\236\030\244\363T\310\212\205q\017W""; "
1750587274694,1750587274695,734,1,3,2,TMValidation,"validation: """"\200\000\000\001&\000\000\000\006)/\352\224\010:Q\231\304\227'3\313\030Q\221=\252\002\267\225zg\264\253\271T\346ji\003\235\236Pis\264\375\222|H\344\261g?[gP\0278h\232\211g)\354\005\246\256XI\265J\214\312}\261\211y\355]\0228j\360\0224\003\021%\014P\031\372\373$P*|\321\342\002\026\n\3215\340\3203\200x\327D\301]5\237\247Yz\3711!L\214s!\003ql\302)\235\321\t\213\224\356\374%%\311\327\037\374\304\t\335\2359\344\233\035]\347<u\236\364\222vF0D\002 B\254\267Y\312E\361\266\323\375\235\247\321\023\326_\004\277V&\342Iqg\337\314E0\347\310\272s\002 M\300""\253\231H\001\241\270B\274mK5\250\227\253\375 \241;\250\337\037M\007\270EB\223\272~""; ","validation: """"\200\000\000\001&\000\000\000\006)/\352\224\010:Q\231\304\227'3\313\030Q\221=\252\002\267\225zg\264\253\271T\346ji\003\235\236Pis\264\375\222|H\344\261g?[gP\0278h\232\211g)\354\005\246\256XI\265J\214\312}\261\211y\355]\0228j\360\0224\003\021%\014P\031\372\373$P*|\321\342\002\026\n\3215\340\3203\200x\327D\301]5\237\247Yz\3711!L\214s!\003ql\302)\235\321\t\213\224\356\374%%\311\327\037\374\304\t\335\2359\344\233\035]\347<u\236\364\222vF0D\002 B\254\267Y\312E\361\266\323\375\235\247\321\023\326_\004\277V&\342Iqg\337\314E0\347\310\272s\002 M\300""\253\231H\001\241\270B\274mK5\250\227\253\375 \241;\250\337\037M\007\270EB\223\272~""; "
1750587274695,1750587274695,3767,1,3,0,TMValidation,"validation: """"\200\000\000\001&\000\000\000\006)/\352\224\010:Q\231\304\227'3\313\030Q\221=\252\002\267\225zg\264\253\271T\346ji\003\235\236Pis\264\375\222|H\344\261g?[gP\0278h\232\211g)\354\005\246\256XI\265J\214\312}\261\211y\355]\0228j\360\0224\003\021%\014P\031\372\373$P*|\321\342\002\026\n\3215\340\3203\200x\327D\301]5\237\247Yz\3711!L\214s!\003ql\302)\235\321\t\213\224\356\374%%\311\327\037\374\304\t\335\2359\344\233\035]\347<u\236\364\222vF0D\002 B\254\267Y\312E\361\266\323\375\235\247\321\023\326_\004\277V&\342Iqg\337\314E0\347\310\272s\002 M\300""\253\231H\001\241\270B\274mK5\250\227\253\375 \241;\250\337\037M\007\270EB\223\272~""; ","validation: """"\200\000\000\001&\000\000\000\006)/\352\224\010:Q\231\304\227'3\313\030Q\221=\252\002\267\225zg\264\253\271T\346ji\003\235\236Pis\264\375\222|H\344\261g?[gP\0278h\232\211g)\354\005\246\256XI\265J\214\312}\261\211y\355]\0228j\360\0224\003\021%\014P\031\372\373$P*|\321\342\002\026\n\3215\340\3203\200x\327D\301]5\237\247Yz\3711!L\214s!\003ql\302)\235\321\t\213\224\356\374%%\311\327\037\374\304\t\335\2359\344\233\035]\347<u\236\364\222vF0D\002 B\254\267Y\312E\361\266\323\375\235\247\321\023\326_\004\277V&\342Iqg\337\314E0\347\310\272s\002 M\300""\253\231H\001\241\270B\274mK5\250\227\253\375 \241;\250\337\037M\007\270EB\223\272~""; "
1750587274695,1750587274695,2573,1,3,1,TMValidation,"validation: """"\200\000\000\001&\000\000\000\006)/\352\224\010:Q\231\304\227'3\313\030Q\221=\252\002\267\225zg\264\253\271T\346ji\003\235\236Pis\264\375\222|H\344\261g?[gP\0278h\232\211g)\354\005\246\256XI\265J\214\312}\261\211y\355]\0228j\360\0224\003\021%\014P\031\372\373$P*|\321\342\002\026\n\3215\340\3203\200x\327D\301]5\237\247Yz\3711!L\214s!\003ql\302)\235\321\t\213\224\356\374%%\311\327\037\374\304\t\335\2359\344\233\035]\347<u\236\364\222vF0D\002 B\254\267Y\312E\361\266\323\375\235\247\321\023\326_\004\277V&\342Iqg\337\314E0\347\310\272s\002 M\300""\253\231H\001\241\270B\274mK5\250\227\253\375 \241;\250\337\037M\007\270EB\223\272~""; ","validation: """"\200\000\000\001&\000\000\000\006)/\352\224\010:Q\231\304\227'3\313\030Q\221=\252\002\267\225zg\264\253\271T\346ji\003\235\236Pis\264\375\222|H\344\261g?[gP\0278h\232\211g)\354\005\246\256XI\265J\214\312}\261\211y\355]\0228j\360\0224\003\021%\014P\031\372\373$P*|\321\342\002\026\n\3215\340\3203\200x\327D\301]5\237\247Yz\3711!L\214s!\003ql\302)\235\321\t\213\224\356\374%%\311\327\037\374\304\t\335\2359\344\233\035]\347<u\236\364\222vF0D\002 B\254\267Y\312E\361\266\323\375\235\247\321\023\326_\004\277V&\342Iqg\337\314E0\347\310\272s\002 M\300""\253\231H\001\241\270B\274mK5\250\227\253\375 \241;\250\337\037M\007\270EB\223\272~""; "
1750587274731,1750587274731,1103,1,0,4,TMLedgerData,"ledgerHash: ""8h\232\211g)\354\005\246\256XI\265J\214\312}\261\211y\355]\0228j\360\0224\003\021%\014""; ledgerSeq: 0; type: liTS_CANDIDATE; nodes {;   nodedata: ""\222c\273c4\225\334\221\227u?\025\314=\305/\262\367\217\375\027j\323\304\372\312Fv\2716\001\355\t\246C\232\272\013^\241\340~\030'\005/\234\037\355\231\230\017\266\365\303w\360\273\374\234\362S:\270\023\n\270\212\275\306\204\271\274\361K|t\323\346\2174\324\362\014S]\301\325\344rY\277\343\351\364\374\023\263\013\003"";   nodeid: ""\000\000\000\000\000\000\000\000\000\000\000\000\000\000\000\000\000\000\000\000\000\000\000\000\000\000\000\000\000\000\000\000\000""; }; ","ledgerHash: ""8h\232\211g)\354\005\246\256XI\265J\214\312}\261\211y\355]\0228j\360\0224\003\021%\014""; ledgerSeq: 0; type: liTS_CANDIDATE; nodes {;   nodedata: ""\222c\273c4\225\334\221\227u?\025\314=\305/\262\367\217\375\027j\323\304\372\312Fv\2716\001\355\t\246C\232\272\013^\241\340~\030'\005/\234\037\355\231\230\017\266\365\303w\360\273\374\234\362S:\270\023\n\270\212\275\306\204\271\274\361K|t\323\346\2174\324\362\014S]\301\325\344rY\277\343\351\364\374\023\263\013\003"";   nodeid: ""\000\000\000\000\000\000\000\000\000\000\000\000\000\000\000\000\000\000\000\000\000\000\000\000\000\000\000\000\000\000\000\000\000""; }; "
1750587274734,1750587274735,1939,1,1,4,TMValidation,"validation: """"\200\000\000\001&\000\000\000\006)/\352\224\010:\211l\014`\252m\212dQ\221=\252\002\267\225zg\264\253\271T\346ji\003\235\236Pis\264\375\222|H\344\261g?[gP\0278h\232\211g)\354\005\246\256XI\265J\214\312}\261\211y\355]\0228j\360\0224\003\021%\014P\031\372\373$P*|\321\342\002\026\n\3215\340\3203\200x\327D\301]5\237\247Yz\3711!L\214s!\003\325Q\255\224\274R@\312\253\262\347\352\034\346\347\242\215,\312\376=\277\353{\350\225\301\305`^, vF0D\002 I\361\014ed\255\334\372\367\r\252=\366\255$\032\307\310\024\002\003s\232\301p\r\301\354\017\372\310\277\002 wK\013\340\365\263\266d\363\333\336fO4KG\320\242f\031`\236\030\244\363T\310\212\205q\017W""; ","validation: """"\200\000\000\001&\000\000\000\006)/\352\224\010:\211l\014`\252m\212dQ\221=\252\002\267\225zg\264\253\271T\346ji\003\235\236Pis\264\375\222|H\344\261g?[gP\0278h\232\211g)\354\005\246\256XI\265J\214\312}\261\211y\355]\0228j\360\0224\003\021%\014P\031\372\373$P*|\321\342\002\026\n\3215\340\3203\200x\327D\301]5\237\247Yz\3711!L\214s!\003\325Q\255\224\274R@\312\253\262\347\352\034\346\347\242\215,\312\376=\277\353{\350\225\301\305`^, vF0D\002 I\361\014ed\255\334\372\367\r\252=\366\255$\032\307\310\024\002\003s\232\301p\r\301\354\017\372\310\277\002 wK\013\340\365\263\266d\363\333\336fO4KG\320\242f\031`\236\030\244\363T\310\212\205q\017W""; "
1750587274735,1750587274735,3090,1,1,0,TMValidation,"validation: """"\200\000\000\001&\000\000\000\006)/\352\224\010:\211l\014`\252m\212dQ\221=\252\002\267\225zg\264\253\271T\346ji\003\235\236Pis\264\375\222|H\344\261g?[gP\0278h\232\211g)\354\005\246\256XI\265J\214\312}\261\211y\355]\0228j\360\0224\003\021%\014P\031\372\373$P*|\321\342\002\026\n\3215\340\3203\200x\327D\301]5\237\247Yz\3711!L\214s!\003\325Q\255\224\274R@\312\253\262\347\352\034\346\347\242\215,\312\376=\277\353{\350\225\301\305`^, vF0D\002 I\361\014ed\255\334\372\367\r\252=\366\255$\032\307\310\024\002\003s\232\301p\r\301\354\017\372\310\277\002 wK\013\340\365\263\266d\363\333\336fO4KG\320\242f\031`\236\030\244\363T\310\212\205q\017W""; ","validation: """"\200\000\000\001&\000\000\000\006)/\352\224\010:\211l\014`\252m\212dQ\221=\252\002\267\225zg\264\253\271T\346ji\003\235\236Pis\264\375\222|H\344\261g?[gP\0278h\232\211g)\354\005\246\256XI\265J\214\312}\261\211y\355]\0228j\360\0224\003\021%\014P\031\372\373$P*|\321\342\002\026\n\3215\340\3203\200x\327D\301]5\237\247Yz\3711!L\214s!\003\325Q\255\224\274R@\312\253\262\347\352\034\346\347\242\215,\312\376=\277\353{\350\225\301\305`^, vF0D\002 I\361\014ed\255\334\372\367\r\252=\366\255$\032\307\310\024\002\003s\232\301p\r\301\354\017\372\310\277\002 wK\013\340\365\263\266d\363\333\336fO4KG\320\242f\031`\236\030\244\363T\310\212\205q\017W""; "
1750587274735,1750587274735,1289,1,1,3,TMValidation,"validation: """"\200\000\000\001&\000\000\000\006)/\352\224\010:\211l\014`\252m\212dQ\221=\252\002\267\225zg\264\253\271T\346ji\003\235\236Pis\264\375\222|H\344\261g?[gP\0278h\232\211g)\354\005\246\256XI\265J\214\312}\261\211y\355]\0228j\360\0224\003\021%\014P\031\372\373$P*|\321\342\002\026\n\3215\340\3203\200x\327D\301]5\237\247Yz\3711!L\214s!\003\325Q\255\224\274R@\312\253\262\347\352\034\346\347\242\215,\312\376=\277\353{\350\225\301\305`^, vF0D\002 I\361\014ed\255\334\372\367\r\252=\366\255$\032\307\310\024\002\003s\232\301p\r\301\354\017\372\310\277\002 wK\013\340\365\263\266d\363\333\336fO4KG\320\242f\031`\236\030\244\363T\310\212\205q\017W""; ","validation: """"\200\000\000\001&\000\000\000\006)/\352\224\010:\211l\014`\252m\212dQ\221=\252\002\267\225zg\264\253\271T\346ji\003\235\236Pis\264\375\222|H\344\261g?[gP\0278h\232\211g)\354\005\246\256XI\265J\214\312}\261\211y\355]\0228j\360\0224\003\021%\014P\031\372\373$P*|\321\342\002\026\n\3215\340\3203\200x\327D\301]5\237\247Yz\3711!L\214s!\003\325Q\255\224\274R@\312\253\262\347\352\034\346\347\242\215,\312\376=\277\353{\350\225\301\305`^, vF0D\002 I\361\014ed\255\334\372\367\r\252=\366\255$\032\307\310\024\002\003s\232\301p\r\301\354\017\372\310\277\002 wK\013\340\365\263\266d\363\333\336fO4KG\320\242f\031`\236\030\244\363T\310\212\205q\017W""; "
1750587274753,1750587274753,3410,1,4,3,TMStatusChange,"newEvent: neACCEPTED_LEDGER; ledgerSeq: 7; ledgerHash: ""\311\347s\234ae\204\263\365U\334\372D\354\345\276\201f\035\271%#\375\245\314.""\373\330&\3746""; ledgerHashPrevious: ""\221=\252\002\267\225zg\264\253\271T\346ji\003\235\236Pis\264\375\222|H\344\261g?[g""; networkTime: 803902474; firstSeq: 1; lastSeq: 6; ","newEvent: neACCEPTED_LEDGER; ledgerSeq: 7; ledgerHash: ""\311\347s\234ae\204\263\365U\334\372D\354\345\276\201f\035\271%#\375\245\314.""\373\330&\3746""; ledgerHashPrevious: ""\221=\252\002\267\225zg\264\253\271T\346ji\003\235\236Pis\264\375\222|H\344\261g?[g""; networkTime: 803902474; firstSeq: 1; lastSeq: 6; "
1750587274754,1750587274754,1357,1,4,3,TMValidation,"validation: """"\200\000\000\001&\000\000\000\007)/\352\224\n:v|\203\267)\257\206\032Q\311\347s\234ae\204\263\365U\334\372D\354\345\276\201f\035\271%#\375\245\314.""\373\330&\3746P\027\000\000\000\000\000\000\000\000\000\000\000\000\000\000\000\000\000\000\000\000\000\000\000\000\000\000\000\000\000\000\000\000P\031\221=\252\002\267\225zg\264\253\271T\346ji\003\235\236Pis\264\375\222|H\344\261g?[gs!\003.\200\224\215?)t\306\315\242\313\251\255\302\204=\232.\271%}\013\024s\024\002@\216l""\241FvG0E\002!\000\201\3352A\dJ\377\005\310\204P\314|\260a\3151\035\302\317V\2359\014\376\005B\030\376\244\321\002 \r\346\002\222-[j\005\372F)\205\016\204\323>Qe\326\n$\334\345\020:\201\261~\345\333aH""; ","validation: """"\200\000\000\001&\000\000\000\007)/\352\224\n:v|\203\267)\257\206\032Q\311\347s\234ae\204\263\365U\334\372D\354\345\276\201f\035\271%#\375\245\314.""\373\330&\3746P\027\000\000\000\000\000\000\000\000\000\000\000\000\000\000\000\000\000\000\000\000\000\000\000\000\000\000\000\000\000\000\000\000P\031\221=\252\002\267\225zg\264\253\271T\346ji\003\235\236Pis\264\375\222|H\344\261g?[gs!\003.\200\224\215?)t\306\315\242\313\251\255\302\204=\232.\271%}\013\024s\024\002@\216l""\241FvG0E\002!\000\201\3352A\dJ\377\005\310\204P\314|\260a\3151\035\302\317V\2359\014\376\005B\030\376\244\321\002 \r\346\002\222-[j\005\372F)\205\016\204\323>Qe\326\n$\334\345\020:\201\261~\345\333aH""; "
1750587274754,1750587274754,443,1,4,2,TMValidation,"validation: """"\200\000\000\001&\000\000\000\007)/\352\224\n:v|\203\267)\257\206\032Q\311\347s\234ae\204\263\365U\334\372D\354\345\276\201f\035\271%#\375\245\314.""\373\330&\3746P\027\000\000\000\000\000\000\000\000\000\000\000\000\000\000\000\000\000\000\000\000\000\000\000\000\000\000\000\000\000\000\000\000P\031\221=\252\002\267\225zg\264\253\271T\346ji\003\235\236Pis\264\375\222|H\344\261g?[gs!\003.\200\224\215?)t\306\315\242\313\251\255\302\204=\232.\271%}\013\024s\024\002@\216l""\241FvG0E\002!\000\201\3352A\dJ\377\005\310\204P\314|\260a\3151\035\302\317V\2359\014\376\005B\030\376\244\321\002 \r\346\002\222-[j\005\372F)\205\016\204\323>Qe\326\n$\334\345\020:\201\261~\345\333aH""; ","validation: """"\200\000\000\001&\000\000\000\007)/\352\224\n:v|\203\267)\257\206\032Q\311\347s\234ae\204\263\365U\334\372D\354\345\276\201f\035\271%#\375\245\314.""\373\330&\3746P\027\000\000\000\000\000\000\000\000\000\000\000\000\000\000\000\000\000\000\000\000\000\000\000\000\000\000\000\000\000\000\000\000P\031\221=\252\002\267\225zg\264\253\271T\346ji\003\235\236Pis\264\375\222|H\344\261g?[gs!\003.\200\224\215?)t\306\315\242\313\251\255\302\204=\232.\271%}\013\024s\024\002@\216l""\241FvG0E\002!\000\201\3352A\dJ\377\005\310\204P\314|\260a\3151\035\302\317V\2359\014\376\005B\030\376\244\321\002 \r\346\002\222-[j\005\372F)\205\016\204\323>Qe\326\n$\334\345\020:\201\261~\345\333aH""; "
1750587274754,1750587274754,1021,1,4,2,TMStatusChange,"newEvent: neACCEPTED_LEDGER; ledgerSeq: 7; ledgerHash: ""\311\347s\234ae\204\263\365U\334\372D\354\345\276\201f\035\271%#\375\245\314.""\373\330&\3746""; ledgerHashPrevious: ""\221=\252\002\267\225zg\264\253\271T\346ji\003\235\236Pis\264\375\222|H\344\261g?[g""; networkTime: 803902474; firstSeq: 1; lastSeq: 6; ","newEvent: neACCEPTED_LEDGER; ledgerSeq: 7; ledgerHash: ""\311\347s\234ae\204\263\365U\334\372D\354\345\276\201f\035\271%#\375\245\314.""\373\330&\3746""; ledgerHashPrevious: ""\221=\252\002\267\225zg\264\253\271T\346ji\003\235\236Pis\264\375\222|H\344\261g?[g""; networkTime: 803902474; firstSeq: 1; lastSeq: 6; "
1750587274754,1750587274755,3559,1,4,0,TMValidation,"validation: """"\200\000\000\001&\000\000\000\007)/\352\224\n:v|\203\267)\257\206\032Q\311\347s\234ae\204\263\365U\334\372D\354\345\276\201f\035\271%#\375\245\314.""\373\330&\3746P\027\000\000\000\000\000\000\000\000\000\000\000\000\000\000\000\000\000\000\000\000\000\000\000\000\000\000\000\000\000\000\000\000P\031\221=\252\002\267\225zg\264\253\271T\346ji\003\235\236Pis\264\375\222|H\344\261g?[gs!\003.\200\224\215?)t\306\315\242\313\251\255\302\204=\232.\271%}\013\024s\024\002@\216l""\241FvG0E\002!\000\201\3352A\dJ\377\005\310\204P\314|\260a\3151\035\302\317V\2359\014\376\005B\030\376\244\321\002 \r\346\002\222-[j\005\372F)\205\016\204\323>Qe\326\n$\334\345\020:\201\261~\345\333aH""; ","validation: """"\200\000\000\001&\000\000\000\007)/\352\224\n:v|\203\267)\257\206\032Q\311\347s\234ae\204\263\365U\334\372D\354\345\276\201f\035\271%#\375\245\314.""\373\330&\3746P\027\000\000\000\000\000\000\000\000\000\000\000\000\000\000\000\000\000\000\000\000\000\000\000\000\000\000\000\000\000\000\000\000P\031\221=\252\002\267\225zg\264\253\271T\346ji\003\235\236Pis\264\375\222|H\344\261g?[gs!\003.\200\224\215?)t\306\315\242\313\251\255\302\204=\232.\271%}\013\024s\024\002@\216l""\241FvG0E\002!\000\201\3352A\dJ\377\005\310\204P\314|\260a\3151\035\302\317V\2359\014\376\005B\030\376\244\321\002 \r\346\002\222-[j\005\372F)\205\016\204\323>Qe\326\n$\334\345\020:\201\261~\345\333aH""; "
1750587274755,1750587274755,1760,1,4,1,TMStatusChange,"newEvent: neACCEPTED_LEDGER; ledgerSeq: 7; ledgerHash: ""\311\347s\234ae\204\263\365U\334\372D\354\345\276\201f\035\271%#\375\245\314.""\373\330&\3746""; ledgerHashPrevious: ""\221=\252\002\267\225zg\264\253\271T\346ji\003\235\236Pis\264\375\222|H\344\261g?[g""; networkTime: 803902474; firstSeq: 1; lastSeq: 6; ","newEvent: neACCEPTED_LEDGER; ledgerSeq: 7; ledgerHash: ""\311\347s\234ae\204\263\365U\334\372D\354\345\276\201f\035\271%#\375\245\314.""\373\330&\3746""; ledgerHashPrevious: ""\221=\252\002\267\225zg\264\253\271T\346ji\003\235\236Pis\264\375\222|H\344\261g?[g""; networkTime: 803902474; firstSeq: 1; lastSeq: 6; "
1750587274755,1750587274755,1548,1,4,0,TMStatusChange,"newEvent: neACCEPTED_LEDGER; ledgerSeq: 7; ledgerHash: ""\311\347s\234ae\204\263\365U\334\372D\354\345\276\201f\035\271%#\375\245\314.""\373\330&\3746""; ledgerHashPrevious: ""\221=\252\002\267\225zg\264\253\271T\346ji\003\235\236Pis\264\375\222|H\344\261g?[g""; networkTime: 803902474; firstSeq: 1; lastSeq: 6; ","newEvent: neACCEPTED_LEDGER; ledgerSeq: 7; ledgerHash: ""\311\347s\234ae\204\263\365U\334\372D\354\345\276\201f\035\271%#\375\245\314.""\373\330&\3746""; ledgerHashPrevious: ""\221=\252\002\267\225zg\264\253\271T\346ji\003\235\236Pis\264\375\222|H\344\261g?[g""; networkTime: 803902474; firstSeq: 1; lastSeq: 6; "
1750587274755,1750587274756,2819,1,4,1,TMValidation,"validation: """"\200\000\000\001&\000\000\000\007)/\352\224\n:v|\203\267)\257\206\032Q\311\347s\234ae\204\263\365U\334\372D\354\345\276\201f\035\271%#\375\245\314.""\373\330&\3746P\027\000\000\000\000\000\000\000\000\000\000\000\000\000\000\000\000\000\000\000\000\000\000\000\000\000\000\000\000\000\000\000\000P\031\221=\252\002\267\225zg\264\253\271T\346ji\003\235\236Pis\264\375\222|H\344\261g?[gs!\003.\200\224\215?)t\306\315\242\313\251\255\302\204=\232.\271%}\013\024s\024\002@\216l""\241FvG0E\002!\000\201\3352A\dJ\377\005\310\204P\314|\260a\3151\035\302\317V\2359\014\376\005B\030\376\244\321\002 \r\346\002\222-[j\005\372F)\205\016\204\323>Qe\326\n$\334\345\020:\201\261~\345\333aH""; ","validation: """"\200\000\000\001&\000\000\000\007)/\352\224\n:v|\203\267)\257\206\032Q\311\347s\234ae\204\263\365U\334\372D\354\345\276\201f\035\271%#\375\245\314.""\373\330&\3746P\027\000\000\000\000\000\000\000\000\000\000\000\000\000\000\000\000\000\000\000\000\000\000\000\000\000\000\000\000\000\000\000\000P\031\221=\252\002\267\225zg\264\253\271T\346ji\003\235\236Pis\264\375\222|H\344\261g?[gs!\003.\200\224\215?)t\306\315\242\313\251\255\302\204=\232.\271%}\013\024s\024\002@\216l""\241FvG0E\002!\000\201\3352A\dJ\377\005\310\204P\314|\260a\3151\035\302\317V\2359\014\376\005B\030\376\244\321\002 \r\346\002\222-[j\005\372F)\205\016\204\323>Qe\326\n$\334\345\020:\201\261~\345\333aH""; "
1750587274771,1750587274771,3097,1,2,0,TMLedgerData,"ledgerHash: ""8h\232\211g)\354\005\246\256XI\265J\214\312}\261\211y\355]\0228j\360\0224\003\021%\014""; ledgerSeq: 0; type: liTS_CANDIDATE; nodes {;   nodedata: ""\022\000\000""\000\000\000\000$\000\000\000\001 \033\000\000\000\027a@\000\000\027H\206*@h@\000\000\000\000\000\000\ns!\0030\347\374\235V\273%\326\211;\243\363\027\256[\3173\263)\033\326=\263&T\243\023""/\177\320 tF0D\002 0\023\341\332; \2711\245\020\321\3300\345\267-)\230\177\246\236AQ\327\203\207H\226+\000%\336\002 \024\036\211\237\201t\376\272E\270\230\020\334\014\356g\273\025((\376\266\216@ \254^2T\233\013\034\201\024\265\367by\212S\325C\240\024\312\370\262\227\317\370\362\3717\350\203\024E0\246\210\344\325\345r\024T\251\006P\255\352\333\372\351\337\302\000"";   nodeid: ""\240\000\000\000\000\000\000\000\000\000\000\000\000\000\000\000\000\000\000\000\000\000\000\000\000\000\000\000\000\000\000\000\001""; }; ","ledgerHash: ""8h\232\211g)\354\005\246\256XI\265J\214\312}\261\211y\355]\0228j\360\0224\003\021%\014""; ledgerSeq: 0; type: liTS_CANDIDATE; nodes {;   nodedata: ""\022\000\000""\000\000\000\000$\000\000\000\001 \033\000\000\000\027a@\000\000\027H\206*@h@\000\000\000\000\000\000\ns!\0030\347\374\235V\273%\326\211;\243\363\027\256[\3173\263)\033\326=\263&T\243\023""/\177\320 tF0D\002 0\023\341\332; \2711\245\020\321\3300\345\267-)\230\177\246\236AQ\327\203\207H\226+\000%\336\002 \024\036\211\237\201t\376\272E\270\230\020\334\014\356g\273\025((\376\266\216@ \254^2T\233\013\034\201\024\265\367by\212S\325C\240\024\312\370\262\227\317\370\362\3717\350\203\024E0\246\210\344\325\345r\024T\251\006P\255\352\333\372\351\337\302\000"";   nodeid: ""\240\000\000\000\000\000\000\000\000\000\000\000\000\000\000\000\000\000\000\000\000\000\000\000\000\000\000\000\000\000\000\000\001""; }; "
1750587274778,1750587274778,3898,1,2,3,TMGetLedger,"itype: liTS_CANDIDATE; ledgerHash: ""u\315\243\367\211\2625\240r:n\277\003\026\366\353'\216jy9\\001\220\223~\341j\254O\025\257""; nodeIDs: ""\240\000\000\000\000\000\000\000\000\000\000\000\000\000\000\000\000\000\000\000\000\000\000\000\000\000\000\000\000\000\000\000\001""; requestCookie: 2; queryType: qtINDIRECT; ","itype: liTS_CANDIDATE; ledgerHash: ""u\315\243\367\211\2625\240r:n\277\003\026\366\353'\216jy9\\001\220\223~\341j\254O\025\257""; nodeIDs: ""\240\000\000\000\000\000\000\000\000\000\000\000\000\000\000\000\000\000\000\000\000\000\000\000\000\000\000\000\000\000\000\000\001""; requestCookie: 2; queryType: qtINDIRECT; "
1750587274807,1750587274807,3501,1,3,4,TMValidation,"validation: """"\200\000\000\001&\000\000\000\006)/\352\224\n:I\203w\200\211\SGQ\221=\252\002\267\225zg\264\253\271T\346ji\003\235\236Pis\264\375\222|H\344\261g?[gP\0278h\232\211g)\354\005\246\256XI\265J\214\312}\261\211y\355]\0228j\360\0224\003\021%\014P\031\372\373$P*|\321\342\002\026\n\3215\340\3203\200x\327D\301]5\237\247Yz\3711!L\214s!\002\347\243J\206W\025ML\260\226\0163\217\250\337\325W\253\356*O\245Z\271\234\207C\274\375`\335\311vG0E\002!\000\320\243\034A\212\353\206\3557JjHV}\317\030\334u\b.\265?\211+\220\236\304-_LL\002 \026\345\\242\202_\227\271^1\352\342\237\362\0239\223\331=\261\302)%\216\370NqpE\242\261v""; ","validation: """"\200\000\000\001&\000\000\000\006)/\352\224\n:I\203w\200\211\SGQ\221=\252\002\267\225zg\264\253\271T\346ji\003\235\236Pis\264\375\222|H\344\261g?[gP\0278h\232\211g)\354\005\246\256XI\265J\214\312}\261\211y\355]\0228j\360\0224\003\021%\014P\031\372\373$P*|\321\342\002\026\n\3215\340\3203\200x\327D\301]5\237\247Yz\3711!L\214s!\002\347\243J\206W\025ML\260\226\0163\217\250\337\325W\253\356*O\245Z\271\234\207C\274\375`\335\311vG0E\002!\000\320\243\034A\212\353\206\3557JjHV}\317\030\334u\b.\265?\211+\220\236\304-_LL\002 \026\345\\242\202_\227\271^1\352\342\237\362\0239\223\331=\261\302)%\216\370NqpE\242\261v""; "
1750587274807,1750587274808,734,1,3,2,TMValidation,"validation: """"\200\000\000\001&\000\000\000\006)/\352\224\n:I\203w\200\211\SGQ\221=\252\002\267\225zg\264\253\271T\346ji\003\235\236Pis\264\375\222|H\344\261g?[gP\0278h\232\211g)\354\005\246\256XI\265J\214\312}\261\211y\355]\0228j\360\0224\003\021%\014P\031\372\373$P*|\321\342\002\026\n\3215\340\3203\200x\327D\301]5\237\247Yz\3711!L\214s!\002\347\243J\206W\025ML\260\226\0163\217\250\337\325W\253\356*O\245Z\271\234\207C\274\375`\335\311vG0E\002!\000\320\243\034A\212\353\206\3557JjHV}\317\030\334u\b.\265?\211+\220\236\304-_LL\002 \026\345\\242\202_\227\271^1\352\342\237\362\0239\223\331=\261\302)%\216\370NqpE\242\261v""; ","validation: """"\200\000\000\001&\000\000\000\006)/\352\224\n:I\203w\200\211\SGQ\221=\252\002\267\225zg\264\253\271T\346ji\003\235\236Pis\264\375\222|H\344\261g?[gP\0278h\232\211g)\354\005\246\256XI\265J\214\312}\261\211y\355]\0228j\360\0224\003\021%\014P\031\372\373$P*|\321\342\002\026\n\3215\340\3203\200x\327D\301]5\237\247Yz\3711!L\214s!\002\347\243J\206W\025ML\260\226\0163\217\250\337\325W\253\356*O\245Z\271\234\207C\274\375`\335\311vG0E\002!\000\320\243\034A\212\353\206\3557JjHV}\317\030\334u\b.\265?\211+\220\236\304-_LL\002 \026\345\\242\202_\227\271^1\352\342\237\362\0239\223\331=\261\302)%\216\370NqpE\242\261v""; "
1750587274808,1750587274808,2573,1,3,1,TMValidation,"validation: """"\200\000\000\001&\000\000\000\006)/\352\224\n:I\203w\200\211\SGQ\221=\252\002\267\225zg\264\253\271T\346ji\003\235\236Pis\264\375\222|H\344\261g?[gP\0278h\232\211g)\354\005\246\256XI\265J\214\312}\261\211y\355]\0228j\360\0224\003\021%\014P\031\372\373$P*|\321\342\002\026\n\3215\340\3203\200x\327D\301]5\237\247Yz\3711!L\214s!\002\347\243J\206W\025ML\260\226\0163\217\250\337\325W\253\356*O\245Z\271\234\207C\274\375`\335\311vG0E\002!\000\320\243\034A\212\353\206\3557JjHV}\317\030\334u\b.\265?\211+\220\236\304-_LL\002 \026\345\\242\202_\227\271^1\352\342\237\362\0239\223\331=\261\302)%\216\370NqpE\242\261v""; ","validation: """"\200\000\000\001&\000\000\000\006)/\352\224\n:I\203w\200\211\SGQ\221=\252\002\267\225zg\264\253\271T\346ji\003\235\236Pis\264\375\222|H\344\261g?[gP\0278h\232\211g)\354\005\246\256XI\265J\214\312}\261\211y\355]\0228j\360\0224\003\021%\014P\031\372\373$P*|\321\342\002\026\n\3215\340\3203\200x\327D\301]5\237\247Yz\3711!L\214s!\002\347\243J\206W\025ML\260\226\0163\217\250\337\325W\253\356*O\245Z\271\234\207C\274\375`\335\311vG0E\002!\000\320\243\034A\212\353\206\3557JjHV}\317\030\334u\b.\265?\211+\220\236\304-_LL\002 \026\345\\242\202_\227\271^1\352\342\237\362\0239\223\331=\261\302)%\216\370NqpE\242\261v""; "
1750587274821,1750587274821,1357,1,4,3,TMValidation,"validation: """"\200\000\000\001&\000\000\000\006)/\352\224\n:I\203w\200\211\SGQ\221=\252\002\267\225zg\264\253\271T\346ji\003\235\236Pis\264\375\222|H\344\261g?[gP\0278h\232\211g)\354\005\246\256XI\265J\214\312}\261\211y\355]\0228j\360\0224\003\021%\014P\031\372\373$P*|\321\342\002\026\n\3215\340\3203\200x\327D\301]5\237\247Yz\3711!L\214s!\002\347\243J\206W\025ML\260\226\0163\217\250\337\325W\253\356*O\245Z\271\234\207C\274\375`\335\311vG0E\002!\000\320\243\034A\212\353\206\3557JjHV}\317\030\334u\b.\265?\211+\220\236\304-_LL\002 \026\345\\242\202_\227\271^1\352\342\237\362\0239\223\331=\261\302)%\216\370NqpE\242\261v""; ","validation: """"\200\000\000\001&\000\000\000\006)/\352\224\n:I\203w\200\211\SGQ\221=\252\002\267\225zg\264\253\271T\346ji\003\235\236Pis\264\375\222|H\344\261g?[gP\0278h\232\211g)\354\005\246\256XI\265J\214\312}\261\211y\355]\0228j\360\0224\003\021%\014P\031\372\373$P*|\321\342\002\026\n\3215\340\3203\200x\327D\301]5\237\247Yz\3711!L\214s!\002\347\243J\206W\025ML\260\226\0163\217\250\337\325W\253\356*O\245Z\271\234\207C\274\375`\335\311vG0E\002!\000\320\243\034A\212\353\206\3557JjHV}\317\030\334u\b.\265?\211+\220\236\304-_LL\002 \026\345\\242\202_\227\271^1\352\342\237\362\0239\223\331=\261\302)%\216\370NqpE\242\261v""; "
1750587274821,1750587274821,443,1,4,2,TMValidation,"validation: """"\200\000\000\001&\000\000\000\006)/\352\224\n:I\203w\200\211\SGQ\221=\252\002\267\225zg\264\253\271T\346ji\003\235\236Pis\264\375\222|H\344\261g?[gP\0278h\232\211g)\354\005\246\256XI\265J\214\312}\261\211y\355]\0228j\360\0224\003\021%\014P\031\372\373$P*|\321\342\002\026\n\3215\340\3203\200x\327D\301]5\237\247Yz\3711!L\214s!\002\347\243J\206W\025ML\260\226\0163\217\250\337\325W\253\356*O\245Z\271\234\207C\274\375`\335\311vG0E\002!\000\320\243\034A\212\353\206\3557JjHV}\317\030\334u\b.\265?\211+\220\236\304-_LL\002 \026\345\\242\202_\227\271^1\352\342\237\362\0239\223\331=\261\302)%\216\370NqpE\242\261v""; ","validation: """"\200\000\000\001&\000\000\000\006)/\352\224\n:I\203w\200\211\SGQ\221=\252\002\267\225zg\264\253\271T\346ji\003\235\236Pis\264\375\222|H\344\261g?[gP\0278h\232\211g)\354\005\246\256XI\265J\214\312}\261\211y\355]\0228j\360\0224\003\021%\014P\031\372\373$P*|\321\342\002\026\n\3215\340\3203\200x\327D\301]5\237\247Yz\3711!L\214s!\002\347\243J\206W\025ML\260\226\0163\217\250\337\325W\253\356*O\245Z\271\234\207C\274\375`\335\311vG0E\002!\000\320\243\034A\212\353\206\3557JjHV}\317\030\334u\b.\265?\211+\220\236\304-_LL\002 \026\345\\242\202_\227\271^1\352\342\237\362\0239\223\331=\261\302)%\216\370NqpE\242\261v""; "
1750587274821,1750587274821,2819,1,4,1,TMValidation,"validation: """"\200\000\000\001&\000\000\000\006)/\352\224\n:I\203w\200\211\SGQ\221=\252\002\267\225zg\264\253\271T\346ji\003\235\236Pis\264\375\222|H\344\261g?[gP\0278h\232\211g)\354\005\246\256XI\265J\214\312}\261\211y\355]\0228j\360\0224\003\021%\014P\031\372\373$P*|\321\342\002\026\n\3215\340\3203\200x\327D\301]5\237\247Yz\3711!L\214s!\002\347\243J\206W\025ML\260\226\0163\217\250\337\325W\253\356*O\245Z\271\234\207C\274\375`\335\311vG0E\002!\000\320\243\034A\212\353\206\3557JjHV}\317\030\334u\b.\265?\211+\220\236\304-_LL\002 \026\345\\242\202_\227\271^1\352\342\237\362\0239\223\331=\261\302)%\216\370NqpE\242\261v""; ","validation: """"\200\000\000\001&\000\000\000\006)/\352\224\n:I\203w\200\211\SGQ\221=\252\002\267\225zg\264\253\271T\346ji\003\235\236Pis\264\375\222|H\344\261g?[gP\0278h\232\211g)\354\005\246\256XI\265J\214\312}\261\211y\355]\0228j\360\0224\003\021%\014P\031\372\373$P*|\321\342\002\026\n\3215\340\3203\200x\327D\301]5\237\247Yz\3711!L\214s!\002\347\243J\206W\025ML\260\226\0163\217\250\337\325W\253\356*O\245Z\271\234\207C\274\375`\335\311vG0E\002!\000\320\243\034A\212\353\206\3557JjHV}\317\030\334u\b.\265?\211+\220\236\304-_LL\002 \026\345\\242\202_\227\271^1\352\342\237\362\0239\223\331=\261\302)%\216\370NqpE\242\261v""; "
1750587274863,1750587274863,486,1,4,0,TMLedgerData,"ledgerHash: ""u\315\243\367\211\2625\240r:n\277\003\026\366\353'\216jy9\\001\220\223~\341j\254O\025\257""; ledgerSeq: 0; type: liTS_CANDIDATE; nodes {;   nodedata: ""\022\000\000""\000\000\000\000$\000\000\000\001 \033\000\000\000\027a@\000\000\027H\206*@h@\000\000\000\000\000\000\ns!\0030\347\374\235V\273%\326\211;\243\363\027\256[\3173\263)\033\326=\263&T\243\023""/\177\320 tF0D\002 0\023\341\332; \2711\245\020\321\3300\345\267-)\230\177\246\236AQ\327\203\207H\226+\000%\336\002 \024\036\211\237\201t\376\272E\270\230\020\334\014\356g\273\025((\376\266\216@ \254^2T\233\013\034\201\024\265\367by\212S\325C\240\024\312\370\262\227\317\370\362\3717\350\203\024E0\246\210\344\325\345r\024T\251\006P\255\352\333\372\351\337\302\000"";   nodeid: ""\240\000\000\000\000\000\000\000\000\000\000\000\000\000\000\000\000\000\000\000\000\000\000\000\000\000\000\000\000\000\000\000\001""; }; ","ledgerHash: ""u\315\243\367\211\2625\240r:n\277\003\026\366\353'\216jy9\\001\220\223~\341j\254O\025\257""; ledgerSeq: 0; type: liTS_CANDIDATE; nodes {;   nodedata: ""\022\000\000""\000\000\000\000$\000\000\000\001 \033\000\000\000\027a@\000\000\027H\206*@h@\000\000\000\000\000\000\ns!\0030\347\374\235V\273%\326\211;\243\363\027\256[\3173\263)\033\326=\263&T\243\023""/\177\320 tF0D\002 0\023\341\332; \2711\245\020\321\3300\345\267-)\230\177\246\236AQ\327\203\207H\226+\000%\336\002 \024\036\211\237\201t\376\272E\270\230\020\334\014\356g\273\025((\376\266\216@ \254^2T\233\013\034\201\024\265\367by\212S\325C\240\024\312\370\262\227\317\370\362\3717\350\203\024E0\246\210\344\325\345r\024T\251\006P\255\352\333\372\351\337\302\000"";   nodeid: ""\240\000\000\000\000\000\000\000\000\000\000\000\000\000\000\000\000\000\000\000\000\000\000\000\000\000\000\000\000\000\000\000\001""; }; "
1750587274901,1750587274901,1772,1,4,3,TMLedgerData,"ledgerHash: ""u\315\243\367\211\2625\240r:n\277\003\026\366\353'\216jy9\\001\220\223~\341j\254O\025\257""; ledgerSeq: 0; type: liTS_CANDIDATE; nodes {;   nodedata: ""\246C\232\272\013^\241\340~\030'\005/\234\037\355\231\230\017\266\365\303w\360\273\374\234\362S:\270\023\n\003"";   nodeid: ""\000\000\000\000\000\000\000\000\000\000\000\000\000\000\000\000\000\000\000\000\000\000\000\000\000\000\000\000\000\000\000\000\000""; }; ","ledgerHash: ""u\315\243\367\211\2625\240r:n\277\003\026\366\353'\216jy9\\001\220\223~\341j\254O\025\257""; ledgerSeq: 0; type: liTS_CANDIDATE; nodes {;   nodedata: ""\246C\232\272\013^\241\340~\030'\005/\234\037\355\231\230\017\266\365\303w\360\273\374\234\362S:\270\023\n\003"";   nodeid: ""\000\000\000\000\000\000\000\000\000\000\000\000\000\000\000\000\000\000\000\000\000\000\000\000\000\000\000\000\000\000\000\000\000""; }; "
1750587274930,1750587274931,1542,1,0,4,TMTransaction,"rawTransaction: ""\022\000\000""\000\000\000\000$\000\000\000\006 \033\000\000\000\032a@\000\000\023S/~\000h@\000\000\000\000\000\000\ns!\003\364\346'\245\361\313f\307\325O*\031\010 \337\241\354\3450V\376\031#\323\000\245'Q`4d\376tF0D\002 ,\010\365p6\304C\242\365\005bf\023\023\2535\373c\246@\nC\214\257Kj\3519\353\257)r\002 [n\210\266}:;pPVw\327i\342,4\316\274A\315\001|\214\302?\r\222\354\240\0308\221\201\024B\006\222#\215\346\234\245/\205\327[/\206^\005y\253G\373\203\024E0\246\210\344\325\345r\024T\251\006P\255\352\333\372\351\337\302""; status: tsCURRENT; receiveTimestamp: 803902474; deferred: false; ","rawTransaction: ""\022\000\000""\000\000\000\000$\000\000\000\006 \033\000\000\000\032a@\000\000\023S/~\000h@\000\000\000\000\000\000\ns!\003\364\346'\245\361\313f\307\325O*\031\010 \337\241\354\3450V\376\031#\323\000\245'Q`4d\376tF0D\002 ,\010\365p6\304C\242\365\005bf\023\023\2535\373c\246@\nC\214\257Kj\3519\353\257)r\002 [n\210\266}:;pPVw\327i\342,4\316\274A\315\001|\214\302?\r\222\354\240\0308\221\201\024B\006\222#\215\346\234\245/\205\327[/\206^\005y\253G\373\203\024E0\246\210\344\325\345r\024T\251\006P\255\352\333\372\351\337\302""; status: tsCURRENT; receiveTimestamp: 803902474; deferred: false; "
1750587274931,1750587274931,2985,1,0,1,TMTransaction,"rawTransaction: ""\022\000\000""\000\000\000\000$\000\000\000\006 \033\000\000\000\032a@\000\000\023S/~\000h@\000\000\000\000\000\000\ns!\003\364\346'\245\361\313f\307\325O*\031\010 \337\241\354\3450V\376\031#\323\000\245'Q`4d\376tF0D\002 ,\010\365p6\304C\242\365\005bf\023\023\2535\373c\246@\nC\214\257Kj\3519\353\257)r\002 [n\210\266}:;pPVw\327i\342,4\316\274A\315\001|\214\302?\r\222\354\240\0308\221\201\024B\006\222#\215\346\234\245/\205\327[/\206^\005y\253G\373\203\024E0\246\210\344\325\345r\024T\251\006P\255\352\333\372\351\337\302""; status: tsCURRENT; receiveTimestamp: 803902474; deferred: false; ","rawTransaction: ""\022\000\000""\000\000\000\000$\000\000\000\006 \033\000\000\000\032a@\000\000\023S/~\000h@\000\000\000\000\000\000\ns!\003\364\346'\245\361\313f\307\325O*\031\010 \337\241\354\3450V\376\031#\323\000\245'Q`4d\376tF0D\002 ,\010\365p6\304C\242\365\005bf\023\023\2535\373c\246@\nC\214\257Kj\3519\353\257)r\002 [n\210\266}:;pPVw\327i\342,4\316\274A\315\001|\214\302?\r\222\354\240\0308\221\201\024B\006\222#\215\346\234\245/\205\327[/\206^\005y\253G\373\203\024E0\246\210\344\325\345r\024T\251\006P\255\352\333\372\351\337\302""; status: tsCURRENT; receiveTimestamp: 803902474; deferred: false; "
1750587274931,1750587274932,1100,1,0,2,TMTransaction,"rawTransaction: ""\022\000\000""\000\000\000\000$\000\000\000\006 \033\000\000\000\032a@\000\000\023S/~\000h@\000\000\000\000\000\000\ns!\003\364\346'\245\361\313f\307\325O*\031\010 \337\241\354\3450V\376\031#\323\000\245'Q`4d\376tF0D\002 ,\010\365p6\304C\242\365\005bf\023\023\2535\373c\246@\nC\214\257Kj\3519\353\257)r\002 [n\210\266}:;pPVw\327i\342,4\316\274A\315\001|\214\302?\r\222\354\240\0308\221\201\024B\006\222#\215\346\234\245/\205\327[/\206^\005y\253G\373\203\024E0\246\210\344\325\345r\024T\251\006P\255\352\333\372\351\337\302""; status: tsCURRENT; receiveTimestamp: 803902474; deferred: false; ","rawTransaction: ""\022\000\000""\000\000\000\000$\000\000\000\006 \033\000\000\000\032a@\000\000\023S/~\000h@\000\000\000\000\000\000\ns!\003\364\346'\245\361\313f\307\325O*\031\010 \337\241\354\3450V\376\031#\323\000\245'Q`4d\376tF0D\002 ,\010\365p6\304C\242\365\005bf\023\023\2535\373c\246@\nC\214\257Kj\3519\353\257)r\002 [n\210\266}:;pPVw\327i\342,4\316\274A\315\001|\214\302?\r\222\354\240\0308\221\201\024B\006\222#\215\346\234\245/\205\327[/\206^\005y\253G\373\203\024E0\246\210\344\325\345r\024T\251\006P\255\352\333\372\351\337\302""; status: tsCURRENT; receiveTimestamp: 803902474; deferred: false; "
1750587275004,1750587275005,141,1,0,3,TMProposeSet,"proposeSeq: 0; currentTxHash: ""\r!N\267\203~\313a\272~\344A\332\034\332r\\301\240a\307\341\261(c(\021\265B\030@(""; nodePubKey: ""\002\347\243J\206W\025ML\260\226\0163\217\250\337\325W\253\356*O\245Z\271\234\207C\274\375`\335\311""; closeTime: 803902475; signature: ""0D\002 8x\245\030/7\357x\256\206\321*b\374\325a\036\207p\200\362\263\267h\366\335O\347\316@`\342\002 \033j\306\367\267!@TG[\210\033+\376\257\372\033\331?T\355\242n\273c\007\235\267\022\306\267<""; previousledger: ""\221=\252\002\267\225zg\264\253\271T\346ji\003\235\236Pis\264\375\222|H\344\261g?[g""; ","proposeSeq: 0; currentTxHash: ""\r!N\267\203~\313a\272~\344A\332\034\332r\\301\240a\307\341\261(c(\021\265B\030@(""; nodePubKey: ""\002\347\243J\206W\025ML\260\226\0163\217\250\337\325W\253\356*O\245Z\271\234\207C\274\375`\335\311""; closeTime: 803902475; signature: ""0D\002 8x\245\030/7\357x\256\206\321*b\374\325a\036\207p\200\362\263\267h\366\335O\347\316@`\342\002 \033j\306\367\267!@TG[\210\033+\376\257\372\033\331?T\355\242n\273c\007\235\267\022\306\267<""; previousledger: ""\221=\252\002\267\225zg\264\253\271T\346ji\003\235\236Pis\264\375\222|H\344\261g?[g""; "
1750587275006,1750587275006,1702,1,0,1,TMHaveTransactionSet,"status: tsHAVE; hash: ""\r!N\267\203~\313a\272~\344A\332\034\332r\\301\240a\307\341\261(c(\021\265B\030@(""; ","status: tsHAVE; hash: ""\r!N\267\203~\313a\272~\344A\332\034\332r\\301\240a\307\341\261(c(\021\265B\030@(""; "
1750587275006,1750587275006,190,1,0,1,TMProposeSet,"proposeSeq: 0; currentTxHash: ""\r!N\267\203~\313a\272~\344A\332\034\332r\\301\240a\307\341\261(c(\021\265B\030@(""; nodePubKey: ""\002\347\243J\206W\025ML\260\226\0163\217\250\337\325W\253\356*O\245Z\271\234\207C\274\375`\335\311""; closeTime: 803902475; signature: ""0D\002 8x\245\030/7\357x\256\206\321*b\374\325a\036\207p\200\362\263\267h\366\335O\347\316@`\342\002 \033j\306\367\267!@TG[\210\033+\376\257\372\033\331?T\355\242n\273c\007\235\267\022\306\267<""; previousledger: ""\221=\252\002\267\225zg\264\253\271T\346ji\003\235\236Pis\264\375\222|H\344\261g?[g""; ","proposeSeq: 0; currentTxHash: ""\r!N\267\203~\313a\272~\344A\332\034\332r\\301\240a\307\341\261(c(\021\265B\030@(""; nodePubKey: ""\002\347\243J\206W\025ML\260\226\0163\217\250\337\325W\253\356*O\245Z\271\234\207C\274\375`\335\311""; closeTime: 803902475; signature: ""0D\002 8x\245\030/7\357x\256\206\321*b\374\325a\036\207p\200\362\263\267h\366\335O\347\316@`\342\002 \033j\306\367\267!@TG[\210\033+\376\257\372\033\331?T\355\242n\273c\007\235\267\022\306\267<""; previousledger: ""\221=\252\002\267\225zg\264\253\271T\346ji\003\235\236Pis\264\375\222|H\344\261g?[g""; "
1750587275005,1750587275005,1652,1,0,3,TMHaveTransactionSet,"status: tsHAVE; hash: ""\r!N\267\203~\313a\272~\344A\332\034\332r\\301\240a\307\341\261(c(\021\265B\030@(""; ","status: tsHAVE; hash: ""\r!N\267\203~\313a\272~\344A\332\034\332r\\301\240a\307\341\261(c(\021\265B\030@(""; "
1750587275034,1750587275034,3082,1,2,4,TMProposeSet,"proposeSeq: 0; currentTxHash: ""\000\000\000\000\000\000\000\000\000\000\000\000\000\000\000\000\000\000\000\000\000\000\000\000\000\000\000\000\000\000\000\000""; nodePubKey: ""\003.\200\224\215?)t\306\315\242\313\251\255\302\204=\232.\271%}\013\024s\024\002@\216l""\241F""; closeTime: 803902472; signature: ""0D\002 <\207\272m\233\204cH\352P\263\345\030\020\200\003\250\250YT\306T\266\362\n\177\017\317\001\361$H\002 Sd\223.\373\005\321\344\352\345\033O\261$\346\352\021Gd\376\265\307\252\273\226\316\304m\001w\266\351""; previousledger: ""\221=\252\002\267\225zg\264\253\271T\346ji\003\235\236Pis\264\375\222|H\344\261g?[g""; ","proposeSeq: 0; currentTxHash: ""\000\000\000\000\000\000\000\000\000\000\000\000\000\000\000\000\000\000\000\000\000\000\000\000\000\000\000\000\000\000\000\000""; nodePubKey: ""\003.\200\224\215?)t\306\315\242\313\251\255\302\204=\232.\271%}\013\024s\024\002@\216l""\241F""; closeTime: 803902472; signature: ""0D\002 <\207\272m\233\204cH\352P\263\345\030\020\200\003\250\250YT\306T\266\362\n\177\017\317\001\361$H\002 Sd\223.\373\005\321\344\352\345\033O\261$\346\352\021Gd\376\265\307\252\273\226\316\304m\001w\266\351""; previousledger: ""\221=\252\002\267\225zg\264\253\271T\346ji\003\235\236Pis\264\375\222|H\344\261g?[g""; "
1750587275035,1750587275035,1838,1,2,1,TMProposeSet,"proposeSeq: 0; currentTxHash: ""\000\000\000\000\000\000\000\000\000\000\000\000\000\000\000\000\000\000\000\000\000\000\000\000\000\000\000\000\000\000\000\000""; nodePubKey: ""\003.\200\224\215?)t\306\315\242\313\251\255\302\204=\232.\271%}\013\024s\024\002@\216l""\241F""; closeTime: 803902472; signature: ""0D\002 <\207\272m\233\204cH\352P\263\345\030\020\200\003\250\250YT\306T\266\362\n\177\017\317\001\361$H\002 Sd\223.\373\005\321\344\352\345\033O\261$\346\352\021Gd\376\265\307\252\273\226\316\304m\001w\266\351""; previousledger: ""\221=\252\002\267\225zg\264\253\271T\346ji\003\235\236Pis\264\375\222|H\344\261g?[g""; ","proposeSeq: 0; currentTxHash: ""\000\000\000\000\000\000\000\000\000\000\000\000\000\000\000\000\000\000\000\000\000\000\000\000\000\000\000\000\000\000\000\000""; nodePubKey: ""\003.\200\224\215?)t\306\315\242\313\251\255\302\204=\232.\271%}\013\024s\024\002@\216l""\241F""; closeTime: 803902472; signature: ""0D\002 <\207\272m\233\204cH\352P\263\345\030\020\200\003\250\250YT\306T\266\362\n\177\017\317\001\361$H\002 Sd\223.\373\005\321\344\352\345\033O\261$\346\352\021Gd\376\265\307\252\273\226\316\304m\001w\266\351""; previousledger: ""\221=\252\002\267\225zg\264\253\271T\346ji\003\235\236Pis\264\375\222|H\344\261g?[g""; "
1750587275036,1750587275036,3546,1,2,0,TMProposeSet,"proposeSeq: 0; currentTxHash: ""\000\000\000\000\000\000\000\000\000\000\000\000\000\000\000\000\000\000\000\000\000\000\000\000\000\000\000\000\000\000\000\000""; nodePubKey: ""\003.\200\224\215?)t\306\315\242\313\251\255\302\204=\232.\271%}\013\024s\024\002@\216l""\241F""; closeTime: 803902472; signature: ""0D\002 <\207\272m\233\204cH\352P\263\345\030\020\200\003\250\250YT\306T\266\362\n\177\017\317\001\361$H\002 Sd\223.\373\005\321\344\352\345\033O\261$\346\352\021Gd\376\265\307\252\273\226\316\304m\001w\266\351""; previousledger: ""\221=\252\002\267\225zg\264\253\271T\346ji\003\235\236Pis\264\375\222|H\344\261g?[g""; ","proposeSeq: 0; currentTxHash: ""\000\000\000\000\000\000\000\000\000\000\000\000\000\000\000\000\000\000\000\000\000\000\000\000\000\000\000\000\000\000\000\000""; nodePubKey: ""\003.\200\224\215?)t\306\315\242\313\251\255\302\204=\232.\271%}\013\024s\024\002@\216l""\241F""; closeTime: 803902472; signature: ""0D\002 <\207\272m\233\204cH\352P\263\345\030\020\200\003\250\250YT\306T\266\362\n\177\017\317\001\361$H\002 Sd\223.\373\005\321\344\352\345\033O\261$\346\352\021Gd\376\265\307\252\273\226\316\304m\001w\266\351""; previousledger: ""\221=\252\002\267\225zg\264\253\271T\346ji\003\235\236Pis\264\375\222|H\344\261g?[g""; "
1750587275003,1750587275045,615,1,0,2,TMStatusChange,"newEvent: neCLOSING_LEDGER; ledgerSeq: 6; ledgerHash: ""\221=\252\002\267\225zg\264\253\271T\346ji\003\235\236Pis\264\375\222|H\344\261g?[g""; ledgerHashPrevious: ""\372\373$P*|\321\342\002\026\n\3215\340\3203\200x\327D\301]5\237\247Yz\3711!L\214""; networkTime: 803902475; firstSeq: 1; lastSeq: 5; ","newEvent: neCLOSING_LEDGER; ledgerSeq: 6; ledgerHash: ""\221=\252\002\267\225zg\264\253\271T\346ji\003\235\236Pis\264\375\222|H\344\261g?[g""; ledgerHashPrevious: ""\372\373$P*|\321\342\002\026\n\3215\340\3203\200x\327D\301]5\237\247Yz\3711!L\214""; networkTime: 803902475; firstSeq: 1; lastSeq: 5; "
1750587275003,1750587275045,2252,1,0,4,TMStatusChange,"newEvent: neCLOSING_LEDGER; ledgerSeq: 6; ledgerHash: ""\221=\252\002\267\225zg\264\253\271T\346ji\003\235\236Pis\264\375\222|H\344\261g?[g""; ledgerHashPrevious: ""\372\373$P*|\321\342\002\026\n\3215\340\3203\200x\327D\301]5\237\247Yz\3711!L\214""; networkTime: 803902475; firstSeq: 1; lastSeq: 5; ","newEvent: neCLOSING_LEDGER; ledgerSeq: 6; ledgerHash: ""\221=\252\002\267\225zg\264\253\271T\346ji\003\235\236Pis\264\375\222|H\344\261g?[g""; ledgerHashPrevious: ""\372\373$P*|\321\342\002\026\n\3215\340\3203\200x\327D\301]5\237\247Yz\3711!L\214""; networkTime: 803902475; firstSeq: 1; lastSeq: 5; "
1750587275003,1750587275045,468,1,0,1,TMStatusChange,"newEvent: neCLOSING_LEDGER; ledgerSeq: 6; ledgerHash: ""\221=\252\002\267\225zg\264\253\271T\346ji\003\235\236Pis\264\375\222|H\344\261g?[g""; ledgerHashPrevious: ""\372\373$P*|\321\342\002\026\n\3215\340\3203\200x\327D\301]5\237\247Yz\3711!L\214""; networkTime: 803902475; firstSeq: 1; lastSeq: 5; ","newEvent: neCLOSING_LEDGER; ledgerSeq: 6; ledgerHash: ""\221=\252\002\267\225zg\264\253\271T\346ji\003\235\236Pis\264\375\222|H\344\261g?[g""; ledgerHashPrevious: ""\372\373$P*|\321\342\002\026\n\3215\340\3203\200x\327D\301]5\237\247Yz\3711!L\214""; networkTime: 803902475; firstSeq: 1; lastSeq: 5; "
1750587275004,1750587275046,3150,1,0,3,TMStatusChange,"newEvent: neCLOSING_LEDGER; ledgerSeq: 6; ledgerHash: ""\221=\252\002\267\225zg\264\253\271T\346ji\003\235\236Pis\264\375\222|H\344\261g?[g""; ledgerHashPrevious: ""\372\373$P*|\321\342\002\026\n\3215\340\3203\200x\327D\301]5\237\247Yz\3711!L\214""; networkTime: 803902475; firstSeq: 1; lastSeq: 5; ","newEvent: neCLOSING_LEDGER; ledgerSeq: 6; ledgerHash: ""\221=\252\002\267\225zg\264\253\271T\346ji\003\235\236Pis\264\375\222|H\344\261g?[g""; ledgerHashPrevious: ""\372\373$P*|\321\342\002\026\n\3215\340\3203\200x\327D\301]5\237\247Yz\3711!L\214""; networkTime: 803902475; firstSeq: 1; lastSeq: 5; "
1750587275048,1750587275048,1290,1,0,2,TMProposeSet,"proposeSeq: 0; currentTxHash: ""\r!N\267\203~\313a\272~\344A\332\034\332r\\301\240a\307\341\261(c(\021\265B\030@(""; nodePubKey: ""\002\347\243J\206W\025ML\260\226\0163\217\250\337\325W\253\356*O\245Z\271\234\207C\274\375`\335\311""; closeTime: 803902475; signature: ""0D\002 8x\245\030/7\357x\256\206\321*b\374\325a\036\207p\200\362\263\267h\366\335O\347\316@`\342\002 \033j\306\367\267!@TG[\210\033+\376\257\372\033\331?T\355\242n\273c\007\235\267\022\306\267<""; previousledger: ""\221=\252\002\267\225zg\264\253\271T\346ji\003\235\236Pis\264\375\222|H\344\261g?[g""; ","proposeSeq: 0; currentTxHash: ""\r!N\267\203~\313a\272~\344A\332\034\332r\\301\240a\307\341\261(c(\021\265B\030@(""; nodePubKey: ""\002\347\243J\206W\025ML\260\226\0163\217\250\337\325W\253\356*O\245Z\271\234\207C\274\375`\335\311""; closeTime: 803902475; signature: ""0D\002 8x\245\030/7\357x\256\206\321*b\374\325a\036\207p\200\362\263\267h\366\335O\347\316@`\342\002 \033j\306\367\267!@TG[\210\033+\376\257\372\033\331?T\355\242n\273c\007\235\267\022\306\267<""; previousledger: ""\221=\252\002\267\225zg\264\253\271T\346ji\003\235\236Pis\264\375\222|H\344\261g?[g""; "
1750587275050,1750587275050,2787,1,0,2,TMHaveTransactionSet,"status: tsHAVE; hash: ""\r!N\267\203~\313a\272~\344A\332\034\332r\\301\240a\307\341\261(c(\021\265B\030@(""; ","status: tsHAVE; hash: ""\r!N\267\203~\313a\272~\344A\332\034\332r\\301\240a\307\341\261(c(\021\265B\030@(""; "
1750587275053,1750587275053,1786,1,0,4,TMHaveTransactionSet,"status: tsHAVE; hash: ""\r!N\267\203~\313a\272~\344A\332\034\332r\\301\240a\307\341\261(c(\021\265B\030@(""; ","status: tsHAVE; hash: ""\r!N\267\203~\313a\272~\344A\332\034\332r\\301\240a\307\341\261(c(\021\265B\030@(""; "
1750587275053,1750587275053,2970,1,0,4,TMProposeSet,"proposeSeq: 0; currentTxHash: ""\r!N\267\203~\313a\272~\344A\332\034\332r\\301\240a\307\341\261(c(\021\265B\030@(""; nodePubKey: ""\002\347\243J\206W\025ML\260\226\0163\217\250\337\325W\253\356*O\245Z\271\234\207C\274\375`\335\311""; closeTime: 803902475; signature: ""0D\002 8x\245\030/7\357x\256\206\321*b\374\325a\036\207p\200\362\263\267h\366\335O\347\316@`\342\002 \033j\306\367\267!@TG[\210\033+\376\257\372\033\331?T\355\242n\273c\007\235\267\022\306\267<""; previousledger: ""\221=\252\002\267\225zg\264\253\271T\346ji\003\235\236Pis\264\375\222|H\344\261g?[g""; ","proposeSeq: 0; currentTxHash: ""\r!N\267\203~\313a\272~\344A\332\034\332r\\301\240a\307\341\261(c(\021\265B\030@(""; nodePubKey: ""\002\347\243J\206W\025ML\260\226\0163\217\250\337\325W\253\356*O\245Z\271\234\207C\274\375`\335\311""; closeTime: 803902475; signature: ""0D\002 8x\245\030/7\357x\256\206\321*b\374\325a\036\207p\200\362\263\267h\366\335O\347\316@`\342\002 \033j\306\367\267!@TG[\210\033+\376\257\372\033\331?T\355\242n\273c\007\235\267\022\306\267<""; previousledger: ""\221=\252\002\267\225zg\264\253\271T\346ji\003\235\236Pis\264\375\222|H\344\261g?[g""; "
1750587275096,1750587275096,3097,1,2,0,TMLedgerData,"ledgerHash: ""u\315\243\367\211\2625\240r:n\277\003\026\366\353'\216jy9\\001\220\223~\341j\254O\025\257""; ledgerSeq: 0; type: liTS_CANDIDATE; nodes {;   nodedata: ""\022\000\000""\000\000\000\000$\000\000\000\001 \033\000\000\000\027a@\000\000\027H\206*@h@\000\000\000\000\000\000\ns!\0030\347\374\235V\273%\326\211;\243\363\027\256[\3173\263)\033\326=\263&T\243\023""/\177\320 tF0D\002 0\023\341\332; \2711\245\020\321\3300\345\267-)\230\177\246\236AQ\327\203\207H\226+\000%\336\002 \024\036\211\237\201t\376\272E\270\230\020\334\014\356g\273\025((\376\266\216@ \254^2T\233\013\034\201\024\265\367by\212S\325C\240\024\312\370\262\227\317\370\362\3717\350\203\024E0\246\210\344\325\345r\024T\251\006P\255\352\333\372\351\337\302\000"";   nodeid: ""\240\000\000\000\000\000\000\000\000\000\000\000\000\000\000\000\000\000\000\000\000\000\000\000\000\000\000\000\000\000\000\000\001""; }; ","ledgerHash: ""u\315\243\367\211\2625\240r:n\277\003\026\366\353'\216jy9\\001\220\223~\341j\254O\025\257""; ledgerSeq: 0; type: liTS_CANDIDATE; nodes {;   nodedata: ""\022\000\000""\000\000\000\000$\000\000\000\001 \033\000\000\000\027a@\000\000\027H\206*@h@\000\000\000\000\000\000\ns!\0030\347\374\235V\273%\326\211;\243\363\027\256[\3173\263)\033\326=\263&T\243\023""/\177\320 tF0D\002 0\023\341\332; \2711\245\020\321\3300\345\267-)\230\177\246\236AQ\327\203\207H\226+\000%\336\002 \024\036\211\237\201t\376\272E\270\230\020\334\014\356g\273\025((\376\266\216@ \254^2T\233\013\034\201\024\265\367by\212S\325C\240\024\312\370\262\227\317\370\362\3717\350\203\024E0\246\210\344\325\345r\024T\251\006P\255\352\333\372\351\337\302\000"";   nodeid: ""\240\000\000\000\000\000\000\000\000\000\000\000\000\000\000\000\000\000\000\000\000\000\000\000\000\000\000\000\000\000\000\000\001""; }; "
1750587275106,1750587275106,486,1,4,0,TMLedgerData,"ledgerHash: ""u\315\243\367\211\2625\240r:n\277\003\026\366\353'\216jy9\\001\220\223~\341j\254O\025\257""; ledgerSeq: 0; type: liTS_CANDIDATE; nodes {;   nodedata: ""\022\000\000""\000\000\000\000$\000\000\000\001 \033\000\000\000\027a@\000\000\027H\206*@h@\000\000\000\000\000\000\ns!\0030\347\374\235V\273%\326\211;\243\363\027\256[\3173\263)\033\326=\263&T\243\023""/\177\320 tF0D\002 0\023\341\332; \2711\245\020\321\3300\345\267-)\230\177\246\236AQ\327\203\207H\226+\000%\336\002 \024\036\211\237\201t\376\272E\270\230\020\334\014\356g\273\025((\376\266\216@ \254^2T\233\013\034\201\024\265\367by\212S\325C\240\024\312\370\262\227\317\370\362\3717\350\203\024E0\246\210\344\325\345r\024T\251\006P\255\352\333\372\351\337\302\000"";   nodeid: ""\240\000\000\000\000\000\000\000\000\000\000\000\000\000\000\000\000\000\000\000\000\000\000\000\000\000\000\000\000\000\000\000\001""; }; ","ledgerHash: ""u\315\243\367\211\2625\240r:n\277\003\026\366\353'\216jy9\\001\220\223~\341j\254O\025\257""; ledgerSeq: 0; type: liTS_CANDIDATE; nodes {;   nodedata: ""\022\000\000""\000\000\000\000$\000\000\000\001 \033\000\000\000\027a@\000\000\027H\206*@h@\000\000\000\000\000\000\ns!\0030\347\374\235V\273%\326\211;\243\363\027\256[\3173\263)\033\326=\263&T\243\023""/\177\320 tF0D\002 0\023\341\332; \2711\245\020\321\3300\345\267-)\230\177\246\236AQ\327\203\207H\226+\000%\336\002 \024\036\211\237\201t\376\272E\270\230\020\334\014\356g\273\025((\376\266\216@ \254^2T\233\013\034\201\024\265\367by\212S\325C\240\024\312\370\262\227\317\370\362\3717\350\203\024E0\246\210\344\325\345r\024T\251\006P\255\352\333\372\351\337\302\000"";   nodeid: ""\240\000\000\000\000\000\000\000\000\000\000\000\000\000\000\000\000\000\000\000\000\000\000\000\000\000\000\000\000\000\000\000\001""; }; "
1750587275119,1750587275119,3375,1,1,4,TMProposeSet,"proposeSeq: 0; currentTxHash: ""\000\000\000\000\000\000\000\000\000\000\000\000\000\000\000\000\000\000\000\000\000\000\000\000\000\000\000\000\000\000\000\000""; nodePubKey: ""\003ql\302)\235\321\t\213\224\356\374%%\311\327\037\374\304\t\335\2359\344\233\035]\347<u\236\364\222""; closeTime: 803902473; signature: ""0D\002 v:\232\251\354%\361\300\340\265\366\232\221;\323`p\2656\203M\304\3123\214\325-\022\347\027\213\262\002 e\013\250#\314h\267\005Z\370\227\234\217\345\037\337\n(%\0173\241\023W\237\3006\370\212\360\201\033""; previousledger: ""\221=\252\002\267\225zg\264\253\271T\346ji\003\235\236Pis\264\375\222|H\344\261g?[g""; ","proposeSeq: 0; currentTxHash: ""\000\000\000\000\000\000\000\000\000\000\000\000\000\000\000\000\000\000\000\000\000\000\000\000\000\000\000\000\000\000\000\000""; nodePubKey: ""\003ql\302)\235\321\t\213\224\356\374%%\311\327\037\374\304\t\335\2359\344\233\035]\347<u\236\364\222""; closeTime: 803902473; signature: ""0D\002 v:\232\251\354%\361\300\340\265\366\232\221;\323`p\2656\203M\304\3123\214\325-\022\347\027\213\262\002 e\013\250#\314h\267\005Z\370\227\234\217\345\037\337\n(%\0173\241\023W\237\3006\370\212\360\201\033""; previousledger: ""\221=\252\002\267\225zg\264\253\271T\346ji\003\235\236Pis\264\375\222|H\344\261g?[g""; "
1750587275119,1750587275119,926,1,1,0,TMProposeSet,"proposeSeq: 0; currentTxHash: ""\000\000\000\000\000\000\000\000\000\000\000\000\000\000\000\000\000\000\000\000\000\000\000\000\000\000\000\000\000\000\000\000""; nodePubKey: ""\003ql\302)\235\321\t\213\224\356\374%%\311\327\037\374\304\t\335\2359\344\233\035]\347<u\236\364\222""; closeTime: 803902473; signature: ""0D\002 v:\232\251\354%\361\300\340\265\366\232\221;\323`p\2656\203M\304\3123\214\325-\022\347\027\213\262\002 e\013\250#\314h\267\005Z\370\227\234\217\345\037\337\n(%\0173\241\023W\237\3006\370\212\360\201\033""; previousledger: ""\221=\252\002\267\225zg\264\253\271T\346ji\003\235\236Pis\264\375\222|H\344\261g?[g""; ","proposeSeq: 0; currentTxHash: ""\000\000\000\000\000\000\000\000\000\000\000\000\000\000\000\000\000\000\000\000\000\000\000\000\000\000\000\000\000\000\000\000""; nodePubKey: ""\003ql\302)\235\321\t\213\224\356\374%%\311\327\037\374\304\t\335\2359\344\233\035]\347<u\236\364\222""; closeTime: 803902473; signature: ""0D\002 v:\232\251\354%\361\300\340\265\366\232\221;\323`p\2656\203M\304\3123\214\325-\022\347\027\213\262\002 e\013\250#\314h\267\005Z\370\227\234\217\345\037\337\n(%\0173\241\023W\237\3006\370\212\360\201\033""; previousledger: ""\221=\252\002\267\225zg\264\253\271T\346ji\003\235\236Pis\264\375\222|H\344\261g?[g""; "
1750587275120,1750587275120,3538,1,1,3,TMProposeSet,"proposeSeq: 0; currentTxHash: ""\000\000\000\000\000\000\000\000\000\000\000\000\000\000\000\000\000\000\000\000\000\000\000\000\000\000\000\000\000\000\000\000""; nodePubKey: ""\003ql\302)\235\321\t\213\224\356\374%%\311\327\037\374\304\t\335\2359\344\233\035]\347<u\236\364\222""; closeTime: 803902473; signature: ""0D\002 v:\232\251\354%\361\300\340\265\366\232\221;\323`p\2656\203M\304\3123\214\325-\022\347\027\213\262\002 e\013\250#\314h\267\005Z\370\227\234\217\345\037\337\n(%\0173\241\023W\237\3006\370\212\360\201\033""; previousledger: ""\221=\252\002\267\225zg\264\253\271T\346ji\003\235\236Pis\264\375\222|H\344\261g?[g""; ","proposeSeq: 0; currentTxHash: ""\000\000\000\000\000\000\000\000\000\000\000\000\000\000\000\000\000\000\000\000\000\000\000\000\000\000\000\000\000\000\000\000""; nodePubKey: ""\003ql\302)\235\321\t\213\224\356\374%%\311\327\037\374\304\t\335\2359\344\233\035]\347<u\236\364\222""; closeTime: 803902473; signature: ""0D\002 v:\232\251\354%\361\300\340\265\366\232\221;\323`p\2656\203M\304\3123\214\325-\022\347\027\213\262\002 e\013\250#\314h\267\005Z\370\227\234\217\345\037\337\n(%\0173\241\023W\237\3006\370\212\360\201\033""; previousledger: ""\221=\252\002\267\225zg\264\253\271T\346ji\003\235\236Pis\264\375\222|H\344\261g?[g""; "
1750587275146,1750587275146,483,1,3,4,TMProposeSet,"proposeSeq: 0; currentTxHash: ""\r!N\267\203~\313a\272~\344A\332\034\332r\\301\240a\307\341\261(c(\021\265B\030@(""; nodePubKey: ""\002\347\243J\206W\025ML\260\226\0163\217\250\337\325W\253\356*O\245Z\271\234\207C\274\375`\335\311""; closeTime: 803902475; signature: ""0D\002 8x\245\030/7\357x\256\206\321*b\374\325a\036\207p\200\362\263\267h\366\335O\347\316@`\342\002 \033j\306\367\267!@TG[\210\033+\376\257\372\033\331?T\355\242n\273c\007\235\267\022\306\267<""; previousledger: ""\221=\252\002\267\225zg\264\253\271T\346ji\003\235\236Pis\264\375\222|H\344\261g?[g""; ","proposeSeq: 0; currentTxHash: ""\r!N\267\203~\313a\272~\344A\332\034\332r\\301\240a\307\341\261(c(\021\265B\030@(""; nodePubKey: ""\002\347\243J\206W\025ML\260\226\0163\217\250\337\325W\253\356*O\245Z\271\234\207C\274\375`\335\311""; closeTime: 803902475; signature: ""0D\002 8x\245\030/7\357x\256\206\321*b\374\325a\036\207p\200\362\263\267h\366\335O\347\316@`\342\002 \033j\306\367\267!@TG[\210\033+\376\257\372\033\331?T\355\242n\273c\007\235\267\022\306\267<""; previousledger: ""\221=\252\002\267\225zg\264\253\271T\346ji\003\235\236Pis\264\375\222|H\344\261g?[g""; "
1750587275147,1750587275147,3118,1,3,4,TMGetLedger,"itype: liTS_CANDIDATE; ledgerHash: ""\r!N\267\203~\313a\272~\344A\332\034\332r\\301\240a\307\341\261(c(\021\265B\030@(""; nodeIDs: ""\000\000\000\000\000\000\000\000\000\000\000\000\000\000\000\000\000\000\000\000\000\000\000\000\000\000\000\000\000\000\000\000\000""; queryDepth: 3; ","itype: liTS_CANDIDATE; ledgerHash: ""\r!N\267\203~\313a\272~\344A\332\034\332r\\301\240a\307\341\261(c(\021\265B\030@(""; nodeIDs: ""\000\000\000\000\000\000\000\000\000\000\000\000\000\000\000\000\000\000\000\000\000\000\000\000\000\000\000\000\000\000\000\000\000""; queryDepth: 3; "
1750587275147,1750587275147,3656,1,3,1,TMProposeSet,"proposeSeq: 0; currentTxHash: ""\r!N\267\203~\313a\272~\344A\332\034\332r\\301\240a\307\341\261(c(\021\265B\030@(""; nodePubKey: ""\002\347\243J\206W\025ML\260\226\0163\217\250\337\325W\253\356*O\245Z\271\234\207C\274\375`\335\311""; closeTime: 803902475; signature: ""0D\002 8x\245\030/7\357x\256\206\321*b\374\325a\036\207p\200\362\263\267h\366\335O\347\316@`\342\002 \033j\306\367\267!@TG[\210\033+\376\257\372\033\331?T\355\242n\273c\007\235\267\022\306\267<""; previousledger: ""\221=\252\002\267\225zg\264\253\271T\346ji\003\235\236Pis\264\375\222|H\344\261g?[g""; ","proposeSeq: 0; currentTxHash: ""\r!N\267\203~\313a\272~\344A\332\034\332r\\301\240a\307\341\261(c(\021\265B\030@(""; nodePubKey: ""\002\347\243J\206W\025ML\260\226\0163\217\250\337\325W\253\356*O\245Z\271\234\207C\274\375`\335\311""; closeTime: 803902475; signature: ""0D\002 8x\245\030/7\357x\256\206\321*b\374\325a\036\207p\200\362\263\267h\366\335O\347\316@`\342\002 \033j\306\367\267!@TG[\210\033+\376\257\372\033\331?T\355\242n\273c\007\235\267\022\306\267<""; previousledger: ""\221=\252\002\267\225zg\264\253\271T\346ji\003\235\236Pis\264\375\222|H\344\261g?[g""; "
1750587275147,1750587275147,1317,1,3,2,TMProposeSet,"proposeSeq: 0; currentTxHash: ""\r!N\267\203~\313a\272~\344A\332\034\332r\\301\240a\307\341\261(c(\021\265B\030@(""; nodePubKey: ""\002\347\243J\206W\025ML\260\226\0163\217\250\337\325W\253\356*O\245Z\271\234\207C\274\375`\335\311""; closeTime: 803902475; signature: ""0D\002 8x\245\030/7\357x\256\206\321*b\374\325a\036\207p\200\362\263\267h\366\335O\347\316@`\342\002 \033j\306\367\267!@TG[\210\033+\376\257\372\033\331?T\355\242n\273c\007\235\267\022\306\267<""; previousledger: ""\221=\252\002\267\225zg\264\253\271T\346ji\003\235\236Pis\264\375\222|H\344\261g?[g""; ","proposeSeq: 0; currentTxHash: ""\r!N\267\203~\313a\272~\344A\332\034\332r\\301\240a\307\341\261(c(\021\265B\030@(""; nodePubKey: ""\002\347\243J\206W\025ML\260\226\0163\217\250\337\325W\253\356*O\245Z\271\234\207C\274\375`\335\311""; closeTime: 803902475; signature: ""0D\002 8x\245\030/7\357x\256\206\321*b\374\325a\036\207p\200\362\263\267h\366\335O\347\316@`\342\002 \033j\306\367\267!@TG[\210\033+\376\257\372\033\331?T\355\242n\273c\007\235\267\022\306\267<""; previousledger: ""\221=\252\002\267\225zg\264\253\271T\346ji\003\235\236Pis\264\375\222|H\344\261g?[g""; "
1750587275148,1750587275148,2142,1,3,1,TMGetLedger,"itype: liTS_CANDIDATE; ledgerHash: ""\r!N\267\203~\313a\272~\344A\332\034\332r\\301\240a\307\341\261(c(\021\265B\030@(""; nodeIDs: ""\000\000\000\000\000\000\000\000\000\000\000\000\000\000\000\000\000\000\000\000\000\000\000\000\000\000\000\000\000\000\000\000\000""; queryDepth: 3; ","itype: liTS_CANDIDATE; ledgerHash: ""\r!N\267\203~\313a\272~\344A\332\034\332r\\301\240a\307\341\261(c(\021\265B\030@(""; nodeIDs: ""\000\000\000\000\000\000\000\000\000\000\000\000\000\000\000\000\000\000\000\000\000\000\000\000\000\000\000\000\000\000\000\000\000""; queryDepth: 3; "
1750587275151,1750587275151,1772,1,4,3,TMLedgerData,"ledgerHash: ""u\315\243\367\211\2625\240r:n\277\003\026\366\353'\216jy9\\001\220\223~\341j\254O\025\257""; ledgerSeq: 0; type: liTS_CANDIDATE; nodes {;   nodedata: ""\246C\232\272\013^\241\340~\030'\005/\234\037\355\231\230\017\266\365\303w\360\273\374\234\362S:\270\023\n\003"";   nodeid: ""\000\000\000\000\000\000\000\000\000\000\000\000\000\000\000\000\000\000\000\000\000\000\000\000\000\000\000\000\000\000\000\000\000""; }; ","ledgerHash: ""u\315\243\367\211\2625\240r:n\277\003\026\366\353'\216jy9\\001\220\223~\341j\254O\025\257""; ledgerSeq: 0; type: liTS_CANDIDATE; nodes {;   nodedata: ""\246C\232\272\013^\241\340~\030'\005/\234\037\355\231\230\017\266\365\303w\360\273\374\234\362S:\270\023\n\003"";   nodeid: ""\000\000\000\000\000\000\000\000\000\000\000\000\000\000\000\000\000\000\000\000\000\000\000\000\000\000\000\000\000\000\000\000\000""; }; "
1750587275175,1750587275175,628,1,3,2,TMLedgerData,"ledgerHash: ""u\315\243\367\211\2625\240r:n\277\003\026\366\353'\216jy9\\001\220\223~\341j\254O\025\257""; ledgerSeq: 0; type: liTS_CANDIDATE; nodes {;   nodedata: ""\246C\232\272\013^\241\340~\030'\005/\234\037\355\231\230\017\266\365\303w\360\273\374\234\362S:\270\023\n\003"";   nodeid: ""\000\000\000\000\000\000\000\000\000\000\000\000\000\000\000\000\000\000\000\000\000\000\000\000\000\000\000\000\000\000\000\000\000""; }; requestCookie: 2; ","ledgerHash: ""u\315\243\367\211\2625\240r:n\277\003\026\366\353'\216jy9\\001\220\223~\341j\254O\025\257""; ledgerSeq: 0; type: liTS_CANDIDATE; nodes {;   nodedata: ""\246C\232\272\013^\241\340~\030'\005/\234\037\355\231\230\017\266\365\303w\360\273\374\234\362S:\270\023\n\003"";   nodeid: ""\000\000\000\000\000\000\000\000\000\000\000\000\000\000\000\000\000\000\000\000\000\000\000\000\000\000\000\000\000\000\000\000\000""; }; requestCookie: 2; "
1750587275194,1750587275194,572,1,1,0,TMGetLedger,"itype: liTS_CANDIDATE; ledgerHash: ""\r!N\267\203~\313a\272~\344A\332\034\332r\\301\240a\307\341\261(c(\021\265B\030@(""; nodeIDs: ""\000\000\000\000\000\000\000\000\000\000\000\000\000\000\000\000\000\000\000\000\000\000\000\000\000\000\000\000\000\000\000\000\000""; queryDepth: 3; ","itype: liTS_CANDIDATE; ledgerHash: ""\r!N\267\203~\313a\272~\344A\332\034\332r\\301\240a\307\341\261(c(\021\265B\030@(""; nodeIDs: ""\000\000\000\000\000\000\000\000\000\000\000\000\000\000\000\000\000\000\000\000\000\000\000\000\000\000\000\000\000\000\000\000\000""; queryDepth: 3; "
1750587275195,1750587275195,2860,1,1,4,TMGetLedger,"itype: liTS_CANDIDATE; ledgerHash: ""\r!N\267\203~\313a\272~\344A\332\034\332r\\301\240a\307\341\261(c(\021\265B\030@(""; nodeIDs: ""\000\000\000\000\000\000\000\000\000\000\000\000\000\000\000\000\000\000\000\000\000\000\000\000\000\000\000\000\000\000\000\000\000""; queryDepth: 3; ","itype: liTS_CANDIDATE; ledgerHash: ""\r!N\267\203~\313a\272~\344A\332\034\332r\\301\240a\307\341\261(c(\021\265B\030@(""; nodeIDs: ""\000\000\000\000\000\000\000\000\000\000\000\000\000\000\000\000\000\000\000\000\000\000\000\000\000\000\000\000\000\000\000\000\000""; queryDepth: 3; "
1750587275195,1750587275195,3375,1,1,4,TMProposeSet,"proposeSeq: 0; currentTxHash: ""\r!N\267\203~\313a\272~\344A\332\034\332r\\301\240a\307\341\261(c(\021\265B\030@(""; nodePubKey: ""\002\347\243J\206W\025ML\260\226\0163\217\250\337\325W\253\356*O\245Z\271\234\207C\274\375`\335\311""; closeTime: 803902475; signature: ""0D\002 8x\245\030/7\357x\256\206\321*b\374\325a\036\207p\200\362\263\267h\366\335O\347\316@`\342\002 \033j\306\367\267!@TG[\210\033+\376\257\372\033\331?T\355\242n\273c\007\235\267\022\306\267<""; previousledger: ""\221=\252\002\267\225zg\264\253\271T\346ji\003\235\236Pis\264\375\222|H\344\261g?[g""; ","proposeSeq: 0; currentTxHash: ""\r!N\267\203~\313a\272~\344A\332\034\332r\\301\240a\307\341\261(c(\021\265B\030@(""; nodePubKey: ""\002\347\243J\206W\025ML\260\226\0163\217\250\337\325W\253\356*O\245Z\271\234\207C\274\375`\335\311""; closeTime: 803902475; signature: ""0D\002 8x\245\030/7\357x\256\206\321*b\374\325a\036\207p\200\362\263\267h\366\335O\347\316@`\342\002 \033j\306\367\267!@TG[\210\033+\376\257\372\033\331?T\355\242n\273c\007\235\267\022\306\267<""; previousledger: ""\221=\252\002\267\225zg\264\253\271T\346ji\003\235\236Pis\264\375\222|H\344\261g?[g""; "
1750587275196,1750587275196,3538,1,1,3,TMProposeSet,"proposeSeq: 0; currentTxHash: ""\r!N\267\203~\313a\272~\344A\332\034\332r\\301\240a\307\341\261(c(\021\265B\030@(""; nodePubKey: ""\002\347\243J\206W\025ML\260\226\0163\217\250\337\325W\253\356*O\245Z\271\234\207C\274\375`\335\311""; closeTime: 803902475; signature: ""0D\002 8x\245\030/7\357x\256\206\321*b\374\325a\036\207p\200\362\263\267h\366\335O\347\316@`\342\002 \033j\306\367\267!@TG[\210\033+\376\257\372\033\331?T\355\242n\273c\007\235\267\022\306\267<""; previousledger: ""\221=\252\002\267\225zg\264\253\271T\346ji\003\235\236Pis\264\375\222|H\344\261g?[g""; ","proposeSeq: 0; currentTxHash: ""\r!N\267\203~\313a\272~\344A\332\034\332r\\301\240a\307\341\261(c(\021\265B\030@(""; nodePubKey: ""\002\347\243J\206W\025ML\260\226\0163\217\250\337\325W\253\356*O\245Z\271\234\207C\274\375`\335\311""; closeTime: 803902475; signature: ""0D\002 8x\245\030/7\357x\256\206\321*b\374\325a\036\207p\200\362\263\267h\366\335O\347\316@`\342\002 \033j\306\367\267!@TG[\210\033+\376\257\372\033\331?T\355\242n\273c\007\235\267\022\306\267<""; previousledger: ""\221=\252\002\267\225zg\264\253\271T\346ji\003\235\236Pis\264\375\222|H\344\261g?[g""; "
1750587275195,1750587275195,1799,1,1,2,TMProposeSet,"proposeSeq: 0; currentTxHash: ""\r!N\267\203~\313a\272~\344A\332\034\332r\\301\240a\307\341\261(c(\021\265B\030@(""; nodePubKey: ""\002\347\243J\206W\025ML\260\226\0163\217\250\337\325W\253\356*O\245Z\271\234\207C\274\375`\335\311""; closeTime: 803902475; signature: ""0D\002 8x\245\030/7\357x\256\206\321*b\374\325a\036\207p\200\362\263\267h\366\335O\347\316@`\342\002 \033j\306\367\267!@TG[\210\033+\376\257\372\033\331?T\355\242n\273c\007\235\267\022\306\267<""; previousledger: ""\221=\252\002\267\225zg\264\253\271T\346ji\003\235\236Pis\264\375\222|H\344\261g?[g""; ","proposeSeq: 0; currentTxHash: ""\r!N\267\203~\313a\272~\344A\332\034\332r\\301\240a\307\341\261(c(\021\265B\030@(""; nodePubKey: ""\002\347\243J\206W\025ML\260\226\0163\217\250\337\325W\253\356*O\245Z\271\234\207C\274\375`\335\311""; closeTime: 803902475; signature: ""0D\002 8x\245\030/7\357x\256\206\321*b\374\325a\036\207p\200\362\263\267h\366\335O\347\316@`\342\002 \033j\306\367\267!@TG[\210\033+\376\257\372\033\331?T\355\242n\273c\007\235\267\022\306\267<""; previousledger: ""\221=\252\002\267\225zg\264\253\271T\346ji\003\235\236Pis\264\375\222|H\344\261g?[g""; "
1750587275199,1750587275199,3989,1,2,3,TMValidation,"validation: """"\200\000\000\001&\000\000\000\007)/\352\224\n:v|\203\267)\257\206\032Q\311\347s\234ae\204\263\365U\334\372D\354\345\276\201f\035\271%#\375\245\314.""\373\330&\3746P\027\000\000\000\000\000\000\000\000\000\000\000\000\000\000\000\000\000\000\000\000\000\000\000\000\000\000\000\000\000\000\000\000P\031\221=\252\002\267\225zg\264\253\271T\346ji\003\235\236Pis\264\375\222|H\344\261g?[gs!\003.\200\224\215?)t\306\315\242\313\251\255\302\204=\232.\271%}\013\024s\024\002@\216l""\241FvG0E\002!\000\201\3352A\dJ\377\005\310\204P\314|\260a\3151\035\302\317V\2359\014\376\005B\030\376\244\321\002 \r\346\002\222-[j\005\372F)\205\016\204\323>Qe\326\n$\334\345\020:\201\261~\345\333aH""; ","validation: """"\200\000\000\001&\000\000\000\007)/\352\224\n:v|\203\267)\257\206\032Q\311\347s\234ae\204\263\365U\334\372D\354\345\276\201f\035\271%#\375\245\314.""\373\330&\3746P\027\000\000\000\000\000\000\000\000\000\000\000\000\000\000\000\000\000\000\000\000\000\000\000\000\000\000\000\000\000\000\000\000P\031\221=\252\002\267\225zg\264\253\271T\346ji\003\235\236Pis\264\375\222|H\344\261g?[gs!\003.\200\224\215?)t\306\315\242\313\251\255\302\204=\232.\271%}\013\024s\024\002@\216l""\241FvG0E\002!\000\201\3352A\dJ\377\005\310\204P\314|\260a\3151\035\302\317V\2359\014\376\005B\030\376\244\321\002 \r\346\002\222-[j\005\372F)\205\016\204\323>Qe\326\n$\334\345\020:\201\261~\345\333aH""; "
1750587275200,1750587275200,499,1,2,4,TMGetLedger,"itype: liBASE; ledgerHash: ""\311\347s\234ae\204\263\365U\334\372D\354\345\276\201f\035\271%#\375\245\314.""\373\330&\3746""; ","itype: liBASE; ledgerHash: ""\311\347s\234ae\204\263\365U\334\372D\354\345\276\201f\035\271%#\375\245\314.""\373\330&\3746""; "
1750587275200,1750587275200,342,1,2,1,TMGetLedger,"itype: liBASE; ledgerHash: ""\311\347s\234ae\204\263\365U\334\372D\354\345\276\201f\035\271%#\375\245\314.""\373\330&\3746""; ","itype: liBASE; ledgerHash: ""\311\347s\234ae\204\263\365U\334\372D\354\345\276\201f\035\271%#\375\245\314.""\373\330&\3746""; "
1750587275200,1750587275200,1094,1,2,1,TMValidation,"validation: """"\200\000\000\001&\000\000\000\007)/\352\224\n:v|\203\267)\257\206\032Q\311\347s\234ae\204\263\365U\334\372D\354\345\276\201f\035\271%#\375\245\314.""\373\330&\3746P\027\000\000\000\000\000\000\000\000\000\000\000\000\000\000\000\000\000\000\000\000\000\000\000\000\000\000\000\000\000\000\000\000P\031\221=\252\002\267\225zg\264\253\271T\346ji\003\235\236Pis\264\375\222|H\344\261g?[gs!\003.\200\224\215?)t\306\315\242\313\251\255\302\204=\232.\271%}\013\024s\024\002@\216l""\241FvG0E\002!\000\201\3352A\dJ\377\005\310\204P\314|\260a\3151\035\302\317V\2359\014\376\005B\030\376\244\321\002 \r\346\002\222-[j\005\372F)\205\016\204\323>Qe\326\n$\334\345\020:\201\261~\345\333aH""; ","validation: """"\200\000\000\001&\000\000\000\007)/\352\224\n:v|\203\267)\257\206\032Q\311\347s\234ae\204\263\365U\334\372D\354\345\276\201f\035\271%#\375\245\314.""\373\330&\3746P\027\000\000\000\000\000\000\000\000\000\000\000\000\000\000\000\000\000\000\000\000\000\000\000\000\000\000\000\000\000\000\000\000P\031\221=\252\002\267\225zg\264\253\271T\346ji\003\235\236Pis\264\375\222|H\344\261g?[gs!\003.\200\224\215?)t\306\315\242\313\251\255\302\204=\232.\271%}\013\024s\024\002@\216l""\241FvG0E\002!\000\201\3352A\dJ\377\005\310\204P\314|\260a\3151\035\302\317V\2359\014\376\005B\030\376\244\321\002 \r\346\002\222-[j\005\372F)\205\016\204\323>Qe\326\n$\334\345\020:\201\261~\345\333aH""; "
1750587275200,1750587275200,3488,1,2,0,TMValidation,"validation: """"\200\000\000\001&\000\000\000\007)/\352\224\n:v|\203\267)\257\206\032Q\311\347s\234ae\204\263\365U\334\372D\354\345\276\201f\035\271%#\375\245\314.""\373\330&\3746P\027\000\000\000\000\000\000\000\000\000\000\000\000\000\000\000\000\000\000\000\000\000\000\000\000\000\000\000\000\000\000\000\000P\031\221=\252\002\267\225zg\264\253\271T\346ji\003\235\236Pis\264\375\222|H\344\261g?[gs!\003.\200\224\215?)t\306\315\242\313\251\255\302\204=\232.\271%}\013\024s\024\002@\216l""\241FvG0E\002!\000\201\3352A\dJ\377\005\310\204P\314|\260a\3151\035\302\317V\2359\014\376\005B\030\376\244\321\002 \r\346\002\222-[j\005\372F)\205\016\204\323>Qe\326\n$\334\345\020:\201\261~\345\333aH""; ","validation: """"\200\000\000\001&\000\000\000\007)/\352\224\n:v|\203\267)\257\206\032Q\311\347s\234ae\204\263\365U\334\372D\354\345\276\201f\035\271%#\375\245\314.""\373\330&\3746P\027\000\000\000\000\000\000\000\000\000\000\000\000\000\000\000\000\000\000\000\000\000\000\000\000\000\000\000\000\000\000\000\000P\031\221=\252\002\267\225zg\264\253\271T\346ji\003\235\236Pis\264\375\222|H\344\261g?[gs!\003.\200\224\215?)t\306\315\242\313\251\255\302\204=\232.\271%}\013\024s\024\002@\216l""\241FvG0E\002!\000\201\3352A\dJ\377\005\310\204P\314|\260a\3151\035\302\317V\2359\014\376\005B\030\376\244\321\002 \r\346\002\222-[j\005\372F)\205\016\204\323>Qe\326\n$\334\345\020:\201\261~\345\333aH""; "
1750587275200,1750587275201,3898,1,2,3,TMGetLedger,"itype: liBASE; ledgerHash: ""\311\347s\234ae\204\263\365U\334\372D\354\345\276\201f\035\271%#\375\245\314.""\373\330&\3746""; ","itype: liBASE; ledgerHash: ""\311\347s\234ae\204\263\365U\334\372D\354\345\276\201f\035\271%#\375\245\314.""\373\330&\3746""; "
1750587275201,1750587275201,1582,1,2,0,TMGetLedger,"itype: liBASE; ledgerHash: ""\311\347s\234ae\204\263\365U\334\372D\354\345\276\201f\035\271%#\375\245\314.""\373\330&\3746""; ","itype: liBASE; ledgerHash: ""\311\347s\234ae\204\263\365U\334\372D\354\345\276\201f\035\271%#\375\245\314.""\373\330&\3746""; "
1750587275202,1750587275202,499,1,2,4,TMGetLedger,"itype: liBASE; ledgerHash: ""\311\347s\234ae\204\263\365U\334\372D\354\345\276\201f\035\271%#\375\245\314.""\373\330&\3746""; queryType: qtINDIRECT; ","itype: liBASE; ledgerHash: ""\311\347s\234ae\204\263\365U\334\372D\354\345\276\201f\035\271%#\375\245\314.""\373\330&\3746""; queryType: qtINDIRECT; "
1750587275202,1750587275202,3898,1,2,3,TMGetLedger,"itype: liBASE; ledgerHash: ""\311\347s\234ae\204\263\365U\334\372D\354\345\276\201f\035\271%#\375\245\314.""\373\330&\3746""; queryType: qtINDIRECT; ","itype: liBASE; ledgerHash: ""\311\347s\234ae\204\263\365U\334\372D\354\345\276\201f\035\271%#\375\245\314.""\373\330&\3746""; queryType: qtINDIRECT; "
1750587275202,1750587275202,342,1,2,1,TMGetLedger,"itype: liBASE; ledgerHash: ""\311\347s\234ae\204\263\365U\334\372D\354\345\276\201f\035\271%#\375\245\314.""\373\330&\3746""; queryType: qtINDIRECT; ","itype: liBASE; ledgerHash: ""\311\347s\234ae\204\263\365U\334\372D\354\345\276\201f\035\271%#\375\245\314.""\373\330&\3746""; queryType: qtINDIRECT; "
1750587275203,1750587275203,1582,1,2,0,TMGetLedger,"itype: liBASE; ledgerHash: ""\311\347s\234ae\204\263\365U\334\372D\354\345\276\201f\035\271%#\375\245\314.""\373\330&\3746""; queryType: qtINDIRECT; ","itype: liBASE; ledgerHash: ""\311\347s\234ae\204\263\365U\334\372D\354\345\276\201f\035\271%#\375\245\314.""\373\330&\3746""; queryType: qtINDIRECT; "
1750587275229,1750587275230,1838,1,2,1,TMProposeSet,"proposeSeq: 0; currentTxHash: ""\000\000\000\000\000\000\000\000\000\000\000\000\000\000\000\000\000\000\000\000\000\000\000\000\000\000\000\000\000\000\000\000""; nodePubKey: ""\003\325Q\255\224\274R@\312\253\262\347\352\034\346\347\242\215,\312\376=\277\353{\350\225\301\305`^, ""; closeTime: 803902473; signature: ""0D\002 \016\355\360\334Q\3334\216\252#-\251\026\310\2573\025\023\2154\265\345\246I\022\250S\016\241,\305\201\002 \023\252|\253\300\323\001K\225\273;\2525\321nb\346\361g\031k\340\332\000~fp\t\353\\022\267""; previousledger: ""\221=\252\002\267\225zg\264\253\271T\346ji\003\235\236Pis\264\375\222|H\344\261g?[g""; ","proposeSeq: 0; currentTxHash: ""\000\000\000\000\000\000\000\000\000\000\000\000\000\000\000\000\000\000\000\000\000\000\000\000\000\000\000\000\000\000\000\000""; nodePubKey: ""\003\325Q\255\224\274R@\312\253\262\347\352\034\346\347\242\215,\312\376=\277\353{\350\225\301\305`^, ""; closeTime: 803902473; signature: ""0D\002 \016\355\360\334Q\3334\216\252#-\251\026\310\2573\025\023\2154\265\345\246I\022\250S\016\241,\305\201\002 \023\252|\253\300\323\001K\225\273;\2525\321nb\346\361g\031k\340\332\000~fp\t\353\\022\267""; previousledger: ""\221=\252\002\267\225zg\264\253\271T\346ji\003\235\236Pis\264\375\222|H\344\261g?[g""; "
1750587275230,1750587275230,3546,1,2,0,TMProposeSet,"proposeSeq: 0; currentTxHash: ""\000\000\000\000\000\000\000\000\000\000\000\000\000\000\000\000\000\000\000\000\000\000\000\000\000\000\000\000\000\000\000\000""; nodePubKey: ""\003\325Q\255\224\274R@\312\253\262\347\352\034\346\347\242\215,\312\376=\277\353{\350\225\301\305`^, ""; closeTime: 803902473; signature: ""0D\002 \016\355\360\334Q\3334\216\252#-\251\026\310\2573\025\023\2154\265\345\246I\022\250S\016\241,\305\201\002 \023\252|\253\300\323\001K\225\273;\2525\321nb\346\361g\031k\340\332\000~fp\t\353\\022\267""; previousledger: ""\221=\252\002\267\225zg\264\253\271T\346ji\003\235\236Pis\264\375\222|H\344\261g?[g""; ","proposeSeq: 0; currentTxHash: ""\000\000\000\000\000\000\000\000\000\000\000\000\000\000\000\000\000\000\000\000\000\000\000\000\000\000\000\000\000\000\000\000""; nodePubKey: ""\003\325Q\255\224\274R@\312\253\262\347\352\034\346\347\242\215,\312\376=\277\353{\350\225\301\305`^, ""; closeTime: 803902473; signature: ""0D\002 \016\355\360\334Q\3334\216\252#-\251\026\310\2573\025\023\2154\265\345\246I\022\250S\016\241,\305\201\002 \023\252|\253\300\323\001K\225\273;\2525\321nb\346\361g\031k\340\332\000~fp\t\353\\022\267""; previousledger: ""\221=\252\002\267\225zg\264\253\271T\346ji\003\235\236Pis\264\375\222|H\344\261g?[g""; "
1750587275230,1750587275230,3082,1,2,4,TMProposeSet,"proposeSeq: 0; currentTxHash: ""\000\000\000\000\000\000\000\000\000\000\000\000\000\000\000\000\000\000\000\000\000\000\000\000\000\000\000\000\000\000\000\000""; nodePubKey: ""\003\325Q\255\224\274R@\312\253\262\347\352\034\346\347\242\215,\312\376=\277\353{\350\225\301\305`^, ""; closeTime: 803902473; signature: ""0D\002 \016\355\360\334Q\3334\216\252#-\251\026\310\2573\025\023\2154\265\345\246I\022\250S\016\241,\305\201\002 \023\252|\253\300\323\001K\225\273;\2525\321nb\346\361g\031k\340\332\000~fp\t\353\\022\267""; previousledger: ""\221=\252\002\267\225zg\264\253\271T\346ji\003\235\236Pis\264\375\222|H\344\261g?[g""; ","proposeSeq: 0; currentTxHash: ""\000\000\000\000\000\000\000\000\000\000\000\000\000\000\000\000\000\000\000\000\000\000\000\000\000\000\000\000\000\000\000\000""; nodePubKey: ""\003\325Q\255\224\274R@\312\253\262\347\352\034\346\347\242\215,\312\376=\277\353{\350\225\301\305`^, ""; closeTime: 803902473; signature: ""0D\002 \016\355\360\334Q\3334\216\252#-\251\026\310\2573\025\023\2154\265\345\246I\022\250S\016\241,\305\201\002 \023\252|\253\300\323\001K\225\273;\2525\321nb\346\361g\031k\340\332\000~fp\t\353\\022\267""; previousledger: ""\221=\252\002\267\225zg\264\253\271T\346ji\003\235\236Pis\264\375\222|H\344\261g?[g""; "
1750587275267,1750587275267,3989,1,2,3,TMValidation,"validation: """"\200\000\000\001&\000\000\000\006)/\352\224\n:I\203w\200\211\SGQ\221=\252\002\267\225zg\264\253\271T\346ji\003\235\236Pis\264\375\222|H\344\261g?[gP\0278h\232\211g)\354\005\246\256XI\265J\214\312}\261\211y\355]\0228j\360\0224\003\021%\014P\031\372\373$P*|\321\342\002\026\n\3215\340\3203\200x\327D\301]5\237\247Yz\3711!L\214s!\002\347\243J\206W\025ML\260\226\0163\217\250\337\325W\253\356*O\245Z\271\234\207C\274\375`\335\311vG0E\002!\000\320\243\034A\212\353\206\3557JjHV}\317\030\334u\b.\265?\211+\220\236\304-_LL\002 \026\345\\242\202_\227\271^1\352\342\237\362\0239\223\331=\261\302)%\216\370NqpE\242\261v""; ","validation: """"\200\000\000\001&\000\000\000\006)/\352\224\n:I\203w\200\211\SGQ\221=\252\002\267\225zg\264\253\271T\346ji\003\235\236Pis\264\375\222|H\344\261g?[gP\0278h\232\211g)\354\005\246\256XI\265J\214\312}\261\211y\355]\0228j\360\0224\003\021%\014P\031\372\373$P*|\321\342\002\026\n\3215\340\3203\200x\327D\301]5\237\247Yz\3711!L\214s!\002\347\243J\206W\025ML\260\226\0163\217\250\337\325W\253\356*O\245Z\271\234\207C\274\375`\335\311vG0E\002!\000\320\243\034A\212\353\206\3557JjHV}\317\030\334u\b.\265?\211+\220\236\304-_LL\002 \026\345\\242\202_\227\271^1\352\342\237\362\0239\223\331=\261\302)%\216\370NqpE\242\261v""; "
1750587275267,1750587275267,1094,1,2,1,TMValidation,"validation: """"\200\000\000\001&\000\000\000\006)/\352\224\n:I\203w\200\211\SGQ\221=\252\002\267\225zg\264\253\271T\346ji\003\235\236Pis\264\375\222|H\344\261g?[gP\0278h\232\211g)\354\005\246\256XI\265J\214\312}\261\211y\355]\0228j\360\0224\003\021%\014P\031\372\373$P*|\321\342\002\026\n\3215\340\3203\200x\327D\301]5\237\247Yz\3711!L\214s!\002\347\243J\206W\025ML\260\226\0163\217\250\337\325W\253\356*O\245Z\271\234\207C\274\375`\335\311vG0E\002!\000\320\243\034A\212\353\206\3557JjHV}\317\030\334u\b.\265?\211+\220\236\304-_LL\002 \026\345\\242\202_\227\271^1\352\342\237\362\0239\223\331=\261\302)%\216\370NqpE\242\261v""; ","validation: """"\200\000\000\001&\000\000\000\006)/\352\224\n:I\203w\200\211\SGQ\221=\252\002\267\225zg\264\253\271T\346ji\003\235\236Pis\264\375\222|H\344\261g?[gP\0278h\232\211g)\354\005\246\256XI\265J\214\312}\261\211y\355]\0228j\360\0224\003\021%\014P\031\372\373$P*|\321\342\002\026\n\3215\340\3203\200x\327D\301]5\237\247Yz\3711!L\214s!\002\347\243J\206W\025ML\260\226\0163\217\250\337\325W\253\356*O\245Z\271\234\207C\274\375`\335\311vG0E\002!\000\320\243\034A\212\353\206\3557JjHV}\317\030\334u\b.\265?\211+\220\236\304-_LL\002 \026\345\\242\202_\227\271^1\352\342\237\362\0239\223\331=\261\302)%\216\370NqpE\242\261v""; "
1750587275268,1750587275268,3488,1,2,0,TMValidation,"validation: """"\200\000\000\001&\000\000\000\006)/\352\224\n:I\203w\200\211\SGQ\221=\252\002\267\225zg\264\253\271T\346ji\003\235\236Pis\264\375\222|H\344\261g?[gP\0278h\232\211g)\354\005\246\256XI\265J\214\312}\261\211y\355]\0228j\360\0224\003\021%\014P\031\372\373$P*|\321\342\002\026\n\3215\340\3203\200x\327D\301]5\237\247Yz\3711!L\214s!\002\347\243J\206W\025ML\260\226\0163\217\250\337\325W\253\356*O\245Z\271\234\207C\274\375`\335\311vG0E\002!\000\320\243\034A\212\353\206\3557JjHV}\317\030\334u\b.\265?\211+\220\236\304-_LL\002 \026\345\\242\202_\227\271^1\352\342\237\362\0239\223\331=\261\302)%\216\370NqpE\242\261v""; ","validation: """"\200\000\000\001&\000\000\000\006)/\352\224\n:I\203w\200\211\SGQ\221=\252\002\267\225zg\264\253\271T\346ji\003\235\236Pis\264\375\222|H\344\261g?[gP\0278h\232\211g)\354\005\246\256XI\265J\214\312}\261\211y\355]\0228j\360\0224\003\021%\014P\031\372\373$P*|\321\342\002\026\n\3215\340\3203\200x\327D\301]5\237\247Yz\3711!L\214s!\002\347\243J\206W\025ML\260\226\0163\217\250\337\325W\253\356*O\245Z\271\234\207C\274\375`\335\311vG0E\002!\000\320\243\034A\212\353\206\3557JjHV}\317\030\334u\b.\265?\211+\220\236\304-_LL\002 \026\345\\242\202_\227\271^1\352\342\237\362\0239\223\331=\261\302)%\216\370NqpE\242\261v""; "
1750587275268,1750587275268,486,1,4,0,TMLedgerData,"ledgerHash: ""\221=\252\002\267\225zg\264\253\271T\346ji\003\235\236Pis\264\375\222|H\344\261g?[g""; ledgerSeq: 6; type: liBASE; nodes {;   nodedata: ""\000\000\000\006\001cEx]\211\377\342\372\373$P*|\321\342\002\026\n\3215\340\3203\200x\327D\301]5\237\247Yz\3711!L\214\320\302\265:\257W\231\020\304\223\375j""\001>\2709[\332\026}\201\304\212%1I\204\276^\221\221=x\307w\255\000\215Q\353A\3718+\274=\351q)\352\344""g\204\232\273\260\0308C|.\222/\352\224\006/\352\224\007\n\000""; }; nodes {;   nodedata: ""h\315\350\215y\203\242]\371\235\232Pt&\325\210eZ\346\237XZ \277\2457n\221\336\253\245\317\002w\n\356\350\316{k\272E0\225\362\025\010\366\367\372\263\355xq\360\261\376M<\356\347\007zf\307\006E\344\037@\210\363\010\336T\226\247'\204_{\261\370""1\235\2445\343\033Y!\212\201\341\272\225'\007*$\244&\336\343'\233i\332\374\245 {^\306-N\333\gE\006\347\212\331C\211Z\177\247\031\n\302\003\336\340\3712Ct\2360uN\242=\313\232\211\216\325\003\006\023\241M\005\237\220\376\n\024\377\020\013\210`4\253""\302f\230\374\037bx\0145C\307\337\316[\244d\302\3031\347\300\025aX\357\226\221\016\003""; }; nodes {;   nodedata: ""b,\017\360\232\340\032k\266\261\310\203t\367\332\010\217\222H\265*\251UX)\204&\022>`\307\320\tH\207'\260O\036\277d\007\241I/}w\3124Q\037\312]\232\030S^\2304,\223AK\317'\n\256\240\375\261\373:\325u\364WwFw|p]\363\363\357\256^l\236\262@\370\374\352\327\246\255\035\013\003""; }; requestCookie: 3; ","ledgerHash: ""\221=\252\002\267\225zg\264\253\271T\346ji\003\235\236Pis\264\375\222|H\344\261g?[g""; ledgerSeq: 6; type: liBASE; nodes {;   nodedata: ""\000\000\000\006\001cEx]\211\377\342\372\373$P*|\321\342\002\026\n\3215\340\3203\200x\327D\301]5\237\247Yz\3711!L\214\320\302\265:\257W\231\020\304\223\375j""\001>\2709[\332\026}\201\304\212%1I\204\276^\221\221=x\307w\255\000\215Q\353A\3718+\274=\351q)\352\344""g\204\232\273\260\0308C|.\222/\352\224\006/\352\224\007\n\000""; }; nodes {;   nodedata: ""h\315\350\215y\203\242]\371\235\232Pt&\325\210eZ\346\237XZ \277\2457n\221\336\253\245\317\002w\n\356\350\316{k\272E0\225\362\025\010\366\367\372\263\355xq\360\261\376M<\356\347\007zf\307\006E\344\037@\210\363\010\336T\226\247'\204_{\261\370""1\235\2445\343\033Y!\212\201\341\272\225'\007*$\244&\336\343'\233i\332\374\245 {^\306-N\333\gE\006\347\212\331C\211Z\177\247\031\n\302\003\336\340\3712Ct\2360uN\242=\313\232\211\216\325\003\006\023\241M\005\237\220\376\n\024\377\020\013\210`4\253""\302f\230\374\037bx\0145C\307\337\316[\244d\302\3031\347\300\025aX\357\226\221\016\003""; }; nodes {;   nodedata: ""b,\017\360\232\340\032k\266\261\310\203t\367\332\010\217\222H\265*\251UX)\204&\022>`\307\320\tH\207'\260O\036\277d\007\241I/}w\3124Q\037\312]\232\030S^\2304,\223AK\317'\n\256\240\375\261\373:\325u\364WwFw|p]\363\363\357\256^l\236\262@\370\374\352\327\246\255\035\013\003""; }; requestCookie: 3; "
1750587275279,1750587275279,3116,1,2,4,TMStatusChange,"newEvent: neACCEPTED_LEDGER; ledgerSeq: 7; ledgerHash: ""\311\347s\234ae\204\263\365U\334\372D\354\345\276\201f\035\271%#\375\245\314.""\373\330&\3746""; ledgerHashPrevious: ""\221=\252\002\267\225zg\264\253\271T\346ji\003\235\236Pis\264\375\222|H\344\261g?[g""; networkTime: 803902475; firstSeq: 1; lastSeq: 6; ","newEvent: neACCEPTED_LEDGER; ledgerSeq: 7; ledgerHash: ""\311\347s\234ae\204\263\365U\334\372D\354\345\276\201f\035\271%#\375\245\314.""\373\330&\3746""; ledgerHashPrevious: ""\221=\252\002\267\225zg\264\253\271T\346ji\003\235\236Pis\264\375\222|H\344\261g?[g""; networkTime: 803902475; firstSeq: 1; lastSeq: 6; "
1750587275280,1750587275280,3126,1,2,1,TMStatusChange,"newEvent: neACCEPTED_LEDGER; ledgerSeq: 7; ledgerHash: ""\311\347s\234ae\204\263\365U\334\372D\354\345\276\201f\035\271%#\375\245\314.""\373\330&\3746""; ledgerHashPrevious: ""\221=\252\002\267\225zg\264\253\271T\346ji\003\235\236Pis\264\375\222|H\344\261g?[g""; networkTime: 803902475; firstSeq: 1; lastSeq: 6; ","newEvent: neACCEPTED_LEDGER; ledgerSeq: 7; ledgerHash: ""\311\347s\234ae\204\263\365U\334\372D\354\345\276\201f\035\271%#\375\245\314.""\373\330&\3746""; ledgerHashPrevious: ""\221=\252\002\267\225zg\264\253\271T\346ji\003\235\236Pis\264\375\222|H\344\261g?[g""; networkTime: 803902475; firstSeq: 1; lastSeq: 6; "
1750587275280,1750587275280,1094,1,2,1,TMValidation,"validation: """"\200\000\000\001&\000\000\000\007)/\352\224\013:Q\231\304\227'3\313\030Q\311\347s\234ae\204\263\365U\334\372D\354\345\276\201f\035\271%#\375\245\314.""\373\330&\3746P\027\000\000\000\000\000\000\000\000\000\000\000\000\000\000\000\000\000\000\000\000\000\000\000\000\000\000\000\000\000\000\000\000P\031\221=\252\002\267\225zg\264\253\271T\346ji\003\235\236Pis\264\375\222|H\344\261g?[gs!\003ql\302)\235\321\t\213\224\356\374%%\311\327\037\374\304\t\335\2359\344\233\035]\347<u\236\364\222vG0E\002!\000\2045\005\264\357\204\262\331eh'I\210\356\372\023a\266j\300""jS_\350\221\307\367\262\334h\002\002 ""\330\206\245\\354\026\341At\305n\373\215\351:\213cO\034\007:a\177\023IY(`\350\305\245""; ","validation: """"\200\000\000\001&\000\000\000\007)/\352\224\013:Q\231\304\227'3\313\030Q\311\347s\234ae\204\263\365U\334\372D\354\345\276\201f\035\271%#\375\245\314.""\373\330&\3746P\027\000\000\000\000\000\000\000\000\000\000\000\000\000\000\000\000\000\000\000\000\000\000\000\000\000\000\000\000\000\000\000\000P\031\221=\252\002\267\225zg\264\253\271T\346ji\003\235\236Pis\264\375\222|H\344\261g?[gs!\003ql\302)\235\321\t\213\224\356\374%%\311\327\037\374\304\t\335\2359\344\233\035]\347<u\236\364\222vG0E\002!\000\2045\005\264\357\204\262\331eh'I\210\356\372\023a\266j\300""jS_\350\221\307\367\262\334h\002\002 ""\330\206\245\\354\026\341At\305n\373\215\351:\213cO\034\007:a\177\023IY(`\350\305\245""; "
1750587275280,1750587275280,3488,1,2,0,TMValidation,"validation: """"\200\000\000\001&\000\000\000\007)/\352\224\013:Q\231\304\227'3\313\030Q\311\347s\234ae\204\263\365U\334\372D\354\345\276\201f\035\271%#\375\245\314.""\373\330&\3746P\027\000\000\000\000\000\000\000\000\000\000\000\000\000\000\000\000\000\000\000\000\000\000\000\000\000\000\000\000\000\000\000\000P\031\221=\252\002\267\225zg\264\253\271T\346ji\003\235\236Pis\264\375\222|H\344\261g?[gs!\003ql\302)\235\321\t\213\224\356\374%%\311\327\037\374\304\t\335\2359\344\233\035]\347<u\236\364\222vG0E\002!\000\2045\005\264\357\204\262\331eh'I\210\356\372\023a\266j\300""jS_\350\221\307\367\262\334h\002\002 ""\330\206\245\\354\026\341At\305n\373\215\351:\213cO\034\007:a\177\023IY(`\350\305\245""; ","validation: """"\200\000\000\001&\000\000\000\007)/\352\224\013:Q\231\304\227'3\313\030Q\311\347s\234ae\204\263\365U\334\372D\354\345\276\201f\035\271%#\375\245\314.""\373\330&\3746P\027\000\000\000\000\000\000\000\000\000\000\000\000\000\000\000\000\000\000\000\000\000\000\000\000\000\000\000\000\000\000\000\000P\031\221=\252\002\267\225zg\264\253\271T\346ji\003\235\236Pis\264\375\222|H\344\261g?[gs!\003ql\302)\235\321\t\213\224\356\374%%\311\327\037\374\304\t\335\2359\344\233\035]\347<u\236\364\222vG0E\002!\000\2045\005\264\357\204\262\331eh'I\210\356\372\023a\266j\300""jS_\350\221\307\367\262\334h\002\002 ""\330\206\245\\354\026\341At\305n\373\215\351:\213cO\034\007:a\177\023IY(`\350\305\245""; "
1750587275280,1750587275280,3744,1,2,0,TMStatusChange,"newEvent: neACCEPTED_LEDGER; ledgerSeq: 7; ledgerHash: ""\311\347s\234ae\204\263\365U\334\372D\354\345\276\201f\035\271%#\375\245\314.""\373\330&\3746""; ledgerHashPrevious: ""\221=\252\002\267\225zg\264\253\271T\346ji\003\235\236Pis\264\375\222|H\344\261g?[g""; networkTime: 803902475; firstSeq: 1; lastSeq: 6; ","newEvent: neACCEPTED_LEDGER; ledgerSeq: 7; ledgerHash: ""\311\347s\234ae\204\263\365U\334\372D\354\345\276\201f\035\271%#\375\245\314.""\373\330&\3746""; ledgerHashPrevious: ""\221=\252\002\267\225zg\264\253\271T\346ji\003\235\236Pis\264\375\222|H\344\261g?[g""; networkTime: 803902475; firstSeq: 1; lastSeq: 6; "
1750587275310,1750587275310,3989,1,2,3,TMValidation,"validation: """"\200\000\000\001&\000\000\000\007)/\352\224\013:Q\231\304\227'3\313\030Q\311\347s\234ae\204\263\365U\334\372D\354\345\276\201f\035\271%#\375\245\314.""\373\330&\3746P\027\000\000\000\000\000\000\000\000\000\000\000\000\000\000\000\000\000\000\000\000\000\000\000\000\000\000\000\000\000\000\000\000P\031\221=\252\002\267\225zg\264\253\271T\346ji\003\235\236Pis\264\375\222|H\344\261g?[gs!\003ql\302)\235\321\t\213\224\356\374%%\311\327\037\374\304\t\335\2359\344\233\035]\347<u\236\364\222vG0E\002!\000\2045\005\264\357\204\262\331eh'I\210\356\372\023a\266j\300""jS_\350\221\307\367\262\334h\002\002 ""\330\206\245\\354\026\341At\305n\373\215\351:\213cO\034\007:a\177\023IY(`\350\305\245""; ","validation: """"\200\000\000\001&\000\000\000\007)/\352\224\013:Q\231\304\227'3\313\030Q\311\347s\234ae\204\263\365U\334\372D\354\345\276\201f\035\271%#\375\245\314.""\373\330&\3746P\027\000\000\000\000\000\000\000\000\000\000\000\000\000\000\000\000\000\000\000\000\000\000\000\000\000\000\000\000\000\000\000\000P\031\221=\252\002\267\225zg\264\253\271T\346ji\003\235\236Pis\264\375\222|H\344\261g?[gs!\003ql\302)\235\321\t\213\224\356\374%%\311\327\037\374\304\t\335\2359\344\233\035]\347<u\236\364\222vG0E\002!\000\2045\005\264\357\204\262\331eh'I\210\356\372\023a\266j\300""jS_\350\221\307\367\262\334h\002\002 ""\330\206\245\\354\026\341At\305n\373\215\351:\213cO\034\007:a\177\023IY(`\350\305\245""; "
1750587275310,1750587275310,3058,1,2,3,TMStatusChange,"newEvent: neACCEPTED_LEDGER; ledgerSeq: 7; ledgerHash: ""\311\347s\234ae\204\263\365U\334\372D\354\345\276\201f\035\271%#\375\245\314.""\373\330&\3746""; ledgerHashPrevious: ""\221=\252\002\267\225zg\264\253\271T\346ji\003\235\236Pis\264\375\222|H\344\261g?[g""; networkTime: 803902475; firstSeq: 1; lastSeq: 6; ","newEvent: neACCEPTED_LEDGER; ledgerSeq: 7; ledgerHash: ""\311\347s\234ae\204\263\365U\334\372D\354\345\276\201f\035\271%#\375\245\314.""\373\330&\3746""; ledgerHashPrevious: ""\221=\252\002\267\225zg\264\253\271T\346ji\003\235\236Pis\264\375\222|H\344\261g?[g""; networkTime: 803902475; firstSeq: 1; lastSeq: 6; "
1750587275321,1750587275322,1036,1,2,4,TMValidation,"validation: """"\200\000\000\001&\000\000\000\007)/\352\224\013:Q\231\304\227'3\313\030Q\311\347s\234ae\204\263\365U\334\372D\354\345\276\201f\035\271%#\375\245\314.""\373\330&\3746P\027\000\000\000\000\000\000\000\000\000\000\000\000\000\000\000\000\000\000\000\000\000\000\000\000\000\000\000\000\000\000\000\000P\031\221=\252\002\267\225zg\264\253\271T\346ji\003\235\236Pis\264\375\222|H\344\261g?[gs!\003ql\302)\235\321\t\213\224\356\374%%\311\327\037\374\304\t\335\2359\344\233\035]\347<u\236\364\222vG0E\002!\000\2045\005\264\357\204\262\331eh'I\210\356\372\023a\266j\300""jS_\350\221\307\367\262\334h\002\002 ""\330\206\245\\354\026\341At\305n\373\215\351:\213cO\034\007:a\177\023IY(`\350\305\245""; ","validation: """"\200\000\000\001&\000\000\000\007)/\352\224\013:Q\231\304\227'3\313\030Q\311\347s\234ae\204\263\365U\334\372D\354\345\276\201f\035\271%#\375\245\314.""\373\330&\3746P\027\000\000\000\000\000\000\000\000\000\000\000\000\000\000\000\000\000\000\000\000\000\000\000\000\000\000\000\000\000\000\000\000P\031\221=\252\002\267\225zg\264\253\271T\346ji\003\235\236Pis\264\375\222|H\344\261g?[gs!\003ql\302)\235\321\t\213\224\356\374%%\311\327\037\374\304\t\335\2359\344\233\035]\347<u\236\364\222vG0E\002!\000\2045\005\264\357\204\262\331eh'I\210\356\372\023a\266j\300""jS_\350\221\307\367\262\334h\002\002 ""\330\206\245\\354\026\341At\305n\373\215\351:\213cO\034\007:a\177\023IY(`\350\305\245""; "
1750587275330,1750587275330,3563,1,0,2,TMValidation,"validation: """"\200\000\000\001&\000\000\000\006)/\352\224\007:v|\203\267)\257\206\032Q\221=\252\002\267\225zg\264\253\271T\346ji\003\235\236Pis\264\375\222|H\344\261g?[gP\0278h\232\211g)\354\005\246\256XI\265J\214\312}\261\211y\355]\0228j\360\0224\003\021%\014P\031\372\373$P*|\321\342\002\026\n\3215\340\3203\200x\327D\301]5\237\247Yz\3711!L\214s!\003.\200\224\215?)t\306\315\242\313\251\255\302\204=\232.\271%}\013\024s\024\002@\216l""\241FvG0E\002!\000\376\035Y\202\211\017\t\330H\217\242\227\204\036\3472\326\022\226\233\231\245f\214Q\216\320\263\034o\300Q\002 @\361\352@PM\331\315\303i\360\306j\207\333\323Y1\343,\333\204m\325\354g\001\264t\207\n\330""; ","validation: """"\200\000\000\001&\000\000\000\006)/\352\224\007:v|\203\267)\257\206\032Q\221=\252\002\267\225zg\264\253\271T\346ji\003\235\236Pis\264\375\222|H\344\261g?[gP\0278h\232\211g)\354\005\246\256XI\265J\214\312}\261\211y\355]\0228j\360\0224\003\021%\014P\031\372\373$P*|\321\342\002\026\n\3215\340\3203\200x\327D\301]5\237\247Yz\3711!L\214s!\003.\200\224\215?)t\306\315\242\313\251\255\302\204=\232.\271%}\013\024s\024\002@\216l""\241FvG0E\002!\000\376\035Y\202\211\017\t\330H\217\242\227\204\036\3472\326\022\226\233\231\245f\214Q\216\320\263\034o\300Q\002 @\361\352@PM\331\315\303i\360\306j\207\333\323Y1\343,\333\204m\325\354g\001\264t\207\n\330""; "
1750587275330,1750587275330,779,1,0,3,TMValidation,"validation: """"\200\000\000\001&\000\000\000\006)/\352\224\007:v|\203\267)\257\206\032Q\221=\252\002\267\225zg\264\253\271T\346ji\003\235\236Pis\264\375\222|H\344\261g?[gP\0278h\232\211g)\354\005\246\256XI\265J\214\312}\261\211y\355]\0228j\360\0224\003\021%\014P\031\372\373$P*|\321\342\002\026\n\3215\340\3203\200x\327D\301]5\237\247Yz\3711!L\214s!\003.\200\224\215?)t\306\315\242\313\251\255\302\204=\232.\271%}\013\024s\024\002@\216l""\241FvG0E\002!\000\376\035Y\202\211\017\t\330H\217\242\227\204\036\3472\326\022\226\233\231\245f\214Q\216\320\263\034o\300Q\002 @\361\352@PM\331\315\303i\360\306j\207\333\323Y1\343,\333\204m\325\354g\001\264t\207\n\330""; ","validation: """"\200\000\000\001&\000\000\000\006)/\352\224\007:v|\203\267)\257\206\032Q\221=\252\002\267\225zg\264\253\271T\346ji\003\235\236Pis\264\375\222|H\344\261g?[gP\0278h\232\211g)\354\005\246\256XI\265J\214\312}\261\211y\355]\0228j\360\0224\003\021%\014P\031\372\373$P*|\321\342\002\026\n\3215\340\3203\200x\327D\301]5\237\247Yz\3711!L\214s!\003.\200\224\215?)t\306\315\242\313\251\255\302\204=\232.\271%}\013\024s\024\002@\216l""\241FvG0E\002!\000\376\035Y\202\211\017\t\330H\217\242\227\204\036\3472\326\022\226\233\231\245f\214Q\216\320\263\034o\300Q\002 @\361\352@PM\331\315\303i\360\306j\207\333\323Y1\343,\333\204m\325\354g\001\264t\207\n\330""; "
1750587275331,1750587275331,2684,1,0,1,TMValidation,"validation: """"\200\000\000\001&\000\000\000\006)/\352\224\007:v|\203\267)\257\206\032Q\221=\252\002\267\225zg\264\253\271T\346ji\003\235\236Pis\264\375\222|H\344\261g?[gP\0278h\232\211g)\354\005\246\256XI\265J\214\312}\261\211y\355]\0228j\360\0224\003\021%\014P\031\372\373$P*|\321\342\002\026\n\3215\340\3203\200x\327D\301]5\237\247Yz\3711!L\214s!\003.\200\224\215?)t\306\315\242\313\251\255\302\204=\232.\271%}\013\024s\024\002@\216l""\241FvG0E\002!\000\376\035Y\202\211\017\t\330H\217\242\227\204\036\3472\326\022\226\233\231\245f\214Q\216\320\263\034o\300Q\002 @\361\352@PM\331\315\303i\360\306j\207\333\323Y1\343,\333\204m\325\354g\001\264t\207\n\330""; ","validation: """"\200\000\000\001&\000\000\000\006)/\352\224\007:v|\203\267)\257\206\032Q\221=\252\002\267\225zg\264\253\271T\346ji\003\235\236Pis\264\375\222|H\344\261g?[gP\0278h\232\211g)\354\005\246\256XI\265J\214\312}\261\211y\355]\0228j\360\0224\003\021%\014P\031\372\373$P*|\321\342\002\026\n\3215\340\3203\200x\327D\301]5\237\247Yz\3711!L\214s!\003.\200\224\215?)t\306\315\242\313\251\255\302\204=\232.\271%}\013\024s\024\002@\216l""\241FvG0E\002!\000\376\035Y\202\211\017\t\330H\217\242\227\204\036\3472\326\022\226\233\231\245f\214Q\216\320\263\034o\300Q\002 @\361\352@PM\331\315\303i\360\306j\207\333\323Y1\343,\333\204m\325\354g\001\264t\207\n\330""; "
1750587275396,1750587275396,1136,1,3,0,TMGetLedger,"itype: liTS_CANDIDATE; ledgerHash: ""\r!N\267\203~\313a\272~\344A\332\034\332r\\301\240a\307\341\261(c(\021\265B\030@(""; nodeIDs: ""\000\000\000\000\000\000\000\000\000\000\000\000\000\000\000\000\000\000\000\000\000\000\000\000\000\000\000\000\000\000\000\000\000""; queryType: qtINDIRECT; queryDepth: 3; ","itype: liTS_CANDIDATE; ledgerHash: ""\r!N\267\203~\313a\272~\344A\332\034\332r\\301\240a\307\341\261(c(\021\265B\030@(""; nodeIDs: ""\000\000\000\000\000\000\000\000\000\000\000\000\000\000\000\000\000\000\000\000\000\000\000\000\000\000\000\000\000\000\000\000\000""; queryType: qtINDIRECT; queryDepth: 3; "
1750587275403,1750587275403,1772,1,4,3,TMLedgerData,"ledgerHash: ""u\315\243\367\211\2625\240r:n\277\003\026\366\353'\216jy9\\001\220\223~\341j\254O\025\257""; ledgerSeq: 0; type: liTS_CANDIDATE; nodes {;   nodedata: ""\246C\232\272\013^\241\340~\030'\005/\234\037\355\231\230\017\266\365\303w\360\273\374\234\362S:\270\023\n\003"";   nodeid: ""\000\000\000\000\000\000\000\000\000\000\000\000\000\000\000\000\000\000\000\000\000\000\000\000\000\000\000\000\000\000\000\000\000""; }; ","ledgerHash: ""u\315\243\367\211\2625\240r:n\277\003\026\366\353'\216jy9\\001\220\223~\341j\254O\025\257""; ledgerSeq: 0; type: liTS_CANDIDATE; nodes {;   nodedata: ""\246C\232\272\013^\241\340~\030'\005/\234\037\355\231\230\017\266\365\303w\360\273\374\234\362S:\270\023\n\003"";   nodeid: ""\000\000\000\000\000\000\000\000\000\000\000\000\000\000\000\000\000\000\000\000\000\000\000\000\000\000\000\000\000\000\000\000\000""; }; "
1750587275427,1750587275427,628,1,3,2,TMLedgerData,"ledgerHash: ""u\315\243\367\211\2625\240r:n\277\003\026\366\353'\216jy9\\001\220\223~\341j\254O\025\257""; ledgerSeq: 0; type: liTS_CANDIDATE; nodes {;   nodedata: ""\246C\232\272\013^\241\340~\030'\005/\234\037\355\231\230\017\266\365\303w\360\273\374\234\362S:\270\023\n\003"";   nodeid: ""\000\000\000\000\000\000\000\000\000\000\000\000\000\000\000\000\000\000\000\000\000\000\000\000\000\000\000\000\000\000\000\000\000""; }; requestCookie: 2; ","ledgerHash: ""u\315\243\367\211\2625\240r:n\277\003\026\366\353'\216jy9\\001\220\223~\341j\254O\025\257""; ledgerSeq: 0; type: liTS_CANDIDATE; nodes {;   nodedata: ""\246C\232\272\013^\241\340~\030'\005/\234\037\355\231\230\017\266\365\303w\360\273\374\234\362S:\270\023\n\003"";   nodeid: ""\000\000\000\000\000\000\000\000\000\000\000\000\000\000\000\000\000\000\000\000\000\000\000\000\000\000\000\000\000\000\000\000\000""; }; requestCookie: 2; "
1750587275435,1750587275435,1939,1,1,4,TMValidation,"validation: """"\200\000\000\001&\000\000\000\007)/\352\224\013:?HT\314/\177\320^Q\311\347s\234ae\204\263\365U\334\372D\354\345\276\201f\035\271%#\375\245\314.""\373\330&\3746P\027\000\000\000\000\000\000\000\000\000\000\000\000\000\000\000\000\000\000\000\000\000\000\000\000\000\000\000\000\000\000\000\000P\031\221=\252\002\267\225zg\264\253\271T\346ji\003\235\236Pis\264\375\222|H\344\261g?[gs!\003\343\005\311u\203\370\0338\3174\324\010\006\301\251\177\261\304eOX\262)FA-\022r\263wm\024vG0E\002!\000\324\222""\273=!\201\207r\242\005L\332U\006Z\021\244\233 ?cO\3207\005\366\210Cw\223\324\002 \037M\200v\323\246\336zn\t\224\017\270G\013\236\363\211e\247\323\307\250\\023>\001@#\007Jj""; ","validation: """"\200\000\000\001&\000\000\000\007)/\352\224\013:?HT\314/\177\320^Q\311\347s\234ae\204\263\365U\334\372D\354\345\276\201f\035\271%#\375\245\314.""\373\330&\3746P\027\000\000\000\000\000\000\000\000\000\000\000\000\000\000\000\000\000\000\000\000\000\000\000\000\000\000\000\000\000\000\000\000P\031\221=\252\002\267\225zg\264\253\271T\346ji\003\235\236Pis\264\375\222|H\344\261g?[gs!\003\343\005\311u\203\370\0338\3174\324\010\006\301\251\177\261\304eOX\262)FA-\022r\263wm\024vG0E\002!\000\324\222""\273=!\201\207r\242\005L\332U\006Z\021\244\233 ?cO\3207\005\366\210Cw\223\324\002 \037M\200v\323\246\336zn\t\224\017\270G\013\236\363\211e\247\323\307\250\\023>\001@#\007Jj""; "
1750587275435,1750587275435,3522,1,1,4,TMStatusChange,"newEvent: neACCEPTED_LEDGER; ledgerSeq: 7; ledgerHash: ""\311\347s\234ae\204\263\365U\334\372D\354\345\276\201f\035\271%#\375\245\314.""\373\330&\3746""; ledgerHashPrevious: ""\221=\252\002\267\225zg\264\253\271T\346ji\003\235\236Pis\264\375\222|H\344\261g?[g""; networkTime: 803902475; firstSeq: 1; lastSeq: 6; ","newEvent: neACCEPTED_LEDGER; ledgerSeq: 7; ledgerHash: ""\311\347s\234ae\204\263\365U\334\372D\354\345\276\201f\035\271%#\375\245\314.""\373\330&\3746""; ledgerHashPrevious: ""\221=\252\002\267\225zg\264\253\271T\346ji\003\235\236Pis\264\375\222|H\344\261g?[g""; networkTime: 803902475; firstSeq: 1; lastSeq: 6; "
1750587275437,1750587275437,1862,1,1,0,TMStatusChange,"newEvent: neACCEPTED_LEDGER; ledgerSeq: 7; ledgerHash: ""\311\347s\234ae\204\263\365U\334\372D\354\345\276\201f\035\271%#\375\245\314.""\373\330&\3746""; ledgerHashPrevious: ""\221=\252\002\267\225zg\264\253\271T\346ji\003\235\236Pis\264\375\222|H\344\261g?[g""; networkTime: 803902475; firstSeq: 1; lastSeq: 6; ","newEvent: neACCEPTED_LEDGER; ledgerSeq: 7; ledgerHash: ""\311\347s\234ae\204\263\365U\334\372D\354\345\276\201f\035\271%#\375\245\314.""\373\330&\3746""; ledgerHashPrevious: ""\221=\252\002\267\225zg\264\253\271T\346ji\003\235\236Pis\264\375\222|H\344\261g?[g""; networkTime: 803902475; firstSeq: 1; lastSeq: 6; "
1750587275436,1750587275436,1020,1,1,3,TMStatusChange,"newEvent: neACCEPTED_LEDGER; ledgerSeq: 7; ledgerHash: ""\311\347s\234ae\204\263\365U\334\372D\354\345\276\201f\035\271%#\375\245\314.""\373\330&\3746""; ledgerHashPrevious: ""\221=\252\002\267\225zg\264\253\271T\346ji\003\235\236Pis\264\375\222|H\344\261g?[g""; networkTime: 803902475; firstSeq: 1; lastSeq: 6; ","newEvent: neACCEPTED_LEDGER; ledgerSeq: 7; ledgerHash: ""\311\347s\234ae\204\263\365U\334\372D\354\345\276\201f\035\271%#\375\245\314.""\373\330&\3746""; ledgerHashPrevious: ""\221=\252\002\267\225zg\264\253\271T\346ji\003\235\236Pis\264\375\222|H\344\261g?[g""; networkTime: 803902475; firstSeq: 1; lastSeq: 6; "
1750587275436,1750587275437,1652,1,1,2,TMValidation,"validation: """"\200\000\000\001&\000\000\000\007)/\352\224\013:?HT\314/\177\320^Q\311\347s\234ae\204\263\365U\334\372D\354\345\276\201f\035\271%#\375\245\314.""\373\330&\3746P\027\000\000\000\000\000\000\000\000\000\000\000\000\000\000\000\000\000\000\000\000\000\000\000\000\000\000\000\000\000\000\000\000P\031\221=\252\002\267\225zg\264\253\271T\346ji\003\235\236Pis\264\375\222|H\344\261g?[gs!\003\343\005\311u\203\370\0338\3174\324\010\006\301\251\177\261\304eOX\262)FA-\022r\263wm\024vG0E\002!\000\324\222""\273=!\201\207r\242\005L\332U\006Z\021\244\233 ?cO\3207\005\366\210Cw\223\324\002 \037M\200v\323\246\336zn\t\224\017\270G\013\236\363\211e\247\323\307\250\\023>\001@#\007Jj""; ","validation: """"\200\000\000\001&\000\000\000\007)/\352\224\013:?HT\314/\177\320^Q\311\347s\234ae\204\263\365U\334\372D\354\345\276\201f\035\271%#\375\245\314.""\373\330&\3746P\027\000\000\000\000\000\000\000\000\000\000\000\000\000\000\000\000\000\000\000\000\000\000\000\000\000\000\000\000\000\000\000\000P\031\221=\252\002\267\225zg\264\253\271T\346ji\003\235\236Pis\264\375\222|H\344\261g?[gs!\003\343\005\311u\203\370\0338\3174\324\010\006\301\251\177\261\304eOX\262)FA-\022r\263wm\024vG0E\002!\000\324\222""\273=!\201\207r\242\005L\332U\006Z\021\244\233 ?cO\3207\005\366\210Cw\223\324\002 \037M\200v\323\246\336zn\t\224\017\270G\013\236\363\211e\247\323\307\250\\023>\001@#\007Jj""; "
1750587275436,1750587275436,961,1,1,2,TMStatusChange,"newEvent: neACCEPTED_LEDGER; ledgerSeq: 7; ledgerHash: ""\311\347s\234ae\204\263\365U\334\372D\354\345\276\201f\035\271%#\375\245\314.""\373\330&\3746""; ledgerHashPrevious: ""\221=\252\002\267\225zg\264\253\271T\346ji\003\235\236Pis\264\375\222|H\344\261g?[g""; networkTime: 803902475; firstSeq: 1; lastSeq: 6; ","newEvent: neACCEPTED_LEDGER; ledgerSeq: 7; ledgerHash: ""\311\347s\234ae\204\263\365U\334\372D\354\345\276\201f\035\271%#\375\245\314.""\373\330&\3746""; ledgerHashPrevious: ""\221=\252\002\267\225zg\264\253\271T\346ji\003\235\236Pis\264\375\222|H\344\261g?[g""; networkTime: 803902475; firstSeq: 1; lastSeq: 6; "
1750587275437,1750587275437,3090,1,1,0,TMValidation,"validation: """"\200\000\000\001&\000\000\000\007)/\352\224\013:?HT\314/\177\320^Q\311\347s\234ae\204\263\365U\334\372D\354\345\276\201f\035\271%#\375\245\314.""\373\330&\3746P\027\000\000\000\000\000\000\000\000\000\000\000\000\000\000\000\000\000\000\000\000\000\000\000\000\000\000\000\000\000\000\000\000P\031\221=\252\002\267\225zg\264\253\271T\346ji\003\235\236Pis\264\375\222|H\344\261g?[gs!\003\343\005\311u\203\370\0338\3174\324\010\006\301\251\177\261\304eOX\262)FA-\022r\263wm\024vG0E\002!\000\324\222""\273=!\201\207r\242\005L\332U\006Z\021\244\233 ?cO\3207\005\366\210Cw\223\324\002 \037M\200v\323\246\336zn\t\224\017\270G\013\236\363\211e\247\323\307\250\\023>\001@#\007Jj""; ","validation: """"\200\000\000\001&\000\000\000\007)/\352\224\013:?HT\314/\177\320^Q\311\347s\234ae\204\263\365U\334\372D\354\345\276\201f\035\271%#\375\245\314.""\373\330&\3746P\027\000\000\000\000\000\000\000\000\000\000\000\000\000\000\000\000\000\000\000\000\000\000\000\000\000\000\000\000\000\000\000\000P\031\221=\252\002\267\225zg\264\253\271T\346ji\003\235\236Pis\264\375\222|H\344\261g?[gs!\003\343\005\311u\203\370\0338\3174\324\010\006\301\251\177\261\304eOX\262)FA-\022r\263wm\024vG0E\002!\000\324\222""\273=!\201\207r\242\005L\332U\006Z\021\244\233 ?cO\3207\005\366\210Cw\223\324\002 \037M\200v\323\246\336zn\t\224\017\270G\013\236\363\211e\247\323\307\250\\023>\001@#\007Jj""; "
1750587275444,1750587275444,674,1,1,2,TMGetLedger,"itype: liTS_CANDIDATE; ledgerHash: ""\r!N\267\203~\313a\272~\344A\332\034\332r\\301\240a\307\341\261(c(\021\265B\030@(""; nodeIDs: ""\000\000\000\000\000\000\000\000\000\000\000\000\000\000\000\000\000\000\000\000\000\000\000\000\000\000\000\000\000\000\000\000\000""; queryType: qtINDIRECT; queryDepth: 3; ","itype: liTS_CANDIDATE; ledgerHash: ""\r!N\267\203~\313a\272~\344A\332\034\332r\\301\240a\307\341\261(c(\021\265B\030@(""; nodeIDs: ""\000\000\000\000\000\000\000\000\000\000\000\000\000\000\000\000\000\000\000\000\000\000\000\000\000\000\000\000\000\000\000\000\000""; queryType: qtINDIRECT; queryDepth: 3; "
1750587275460,1750587275460,1289,1,1,3,TMValidation,"validation: """"\200\000\000\001&\000\000\000\007)/\352\224\013:?HT\314/\177\320^Q\311\347s\234ae\204\263\365U\334\372D\354\345\276\201f\035\271%#\375\245\314.""\373\330&\3746P\027\000\000\000\000\000\000\000\000\000\000\000\000\000\000\000\000\000\000\000\000\000\000\000\000\000\000\000\000\000\000\000\000P\031\221=\252\002\267\225zg\264\253\271T\346ji\003\235\236Pis\264\375\222|H\344\261g?[gs!\003\343\005\311u\203\370\0338\3174\324\010\006\301\251\177\261\304eOX\262)FA-\022r\263wm\024vG0E\002!\000\324\222""\273=!\201\207r\242\005L\332U\006Z\021\244\233 ?cO\3207\005\366\210Cw\223\324\002 \037M\200v\323\246\336zn\t\224\017\270G\013\236\363\211e\247\323\307\250\\023>\001@#\007Jj""; ","validation: """"\200\000\000\001&\000\000\000\007)/\352\224\013:?HT\314/\177\320^Q\311\347s\234ae\204\263\365U\334\372D\354\345\276\201f\035\271%#\375\245\314.""\373\330&\3746P\027\000\000\000\000\000\000\000\000\000\000\000\000\000\000\000\000\000\000\000\000\000\000\000\000\000\000\000\000\000\000\000\000P\031\221=\252\002\267\225zg\264\253\271T\346ji\003\235\236Pis\264\375\222|H\344\261g?[gs!\003\343\005\311u\203\370\0338\3174\324\010\006\301\251\177\261\304eOX\262)FA-\022r\263wm\024vG0E\002!\000\324\222""\273=!\201\207r\242\005L\332U\006Z\021\244\233 ?cO\3207\005\366\210Cw\223\324\002 \037M\200v\323\246\336zn\t\224\017\270G\013\236\363\211e\247\323\307\250\\023>\001@#\007Jj""; "
1750587275542,1750587275543,2472,1,1,2,TMLedgerData,"ledgerHash: ""\311\347s\234ae\204\263\365U\334\372D\354\345\276\201f\035\271%#\375\245\314.""\373\330&\3746""; ledgerSeq: 7; type: liBASE; nodes {;   nodedata: ""\000\000\000\007\001cEx]\211\377\342\221=\252\002\267\225zg\264\253\271T\346ji\003\235\236Pis\264\375\222|H\344\261g?[g\000\000\000\000\000\000\000\000\000\000\000\000\000\000\000\000\000\000\000\000\000\000\000\000\000\000\000\000\000\000\000\000D Y\254\242~\215\352\235\025Y|\r\311\0032Z\345!\007\365\002ei\332\264\353iS.\2724/\352\224\007/\352\224\010\n\000""; }; nodes {;   nodedata: ""h\315\350\215y\203\242]\371\235\232Pt&\325\210eZ\346\237XZ \277\2457n\221\336\253\245\317\002w\n\356\350\316{k\272E0\225\362\025\010\366\367\372\263\355xq\360\261\376M<\356\347\007zf\307\006E\344\037@\210\363\010\336T\226\247'\204_{\261\370""1\235\2445\343\033Y!\212\201\341\272\225'\007*$\244&\336\343'\233i\332\374\245 {^\306-N\333\gE\006\347\212\331C\211Z\177\247\031\n\335C\213\334\371:&k\026k\220D\0042\357\322\376\365\347b\025;\204y1X\345\000&\377wn\013\210`4\253""\302f\230\374\037bx\0145C\307\337\316[\244d\302\3031\347\300\025aX\357\226\221\016\003""; }; ","ledgerHash: ""\311\347s\234ae\204\263\365U\334\372D\354\345\276\201f\035\271%#\375\245\314.""\373\330&\3746""; ledgerSeq: 7; type: liBASE; nodes {;   nodedata: ""\000\000\000\007\001cEx]\211\377\342\221=\252\002\267\225zg\264\253\271T\346ji\003\235\236Pis\264\375\222|H\344\261g?[g\000\000\000\000\000\000\000\000\000\000\000\000\000\000\000\000\000\000\000\000\000\000\000\000\000\000\000\000\000\000\000\000D Y\254\242~\215\352\235\025Y|\r\311\0032Z\345!\007\365\002ei\332\264\353iS.\2724/\352\224\007/\352\224\010\n\000""; }; nodes {;   nodedata: ""h\315\350\215y\203\242]\371\235\232Pt&\325\210eZ\346\237XZ \277\2457n\221\336\253\245\317\002w\n\356\350\316{k\272E0\225\362\025\010\366\367\372\263\355xq\360\261\376M<\356\347\007zf\307\006E\344\037@\210\363\010\336T\226\247'\204_{\261\370""1\235\2445\343\033Y!\212\201\341\272\225'\007*$\244&\336\343'\233i\332\374\245 {^\306-N\333\gE\006\347\212\331C\211Z\177\247\031\n\335C\213\334\371:&k\026k\220D\0042\357\322\376\365\347b\025;\204y1X\345\000&\377wn\013\210`4\253""\302f\230\374\037bx\0145C\307\337\316[\244d\302\3031\347\300\025aX\357\226\221\016\003""; }; "
1750587275544,1750587275544,792,1,0,4,TMValidation,"validation: """"\200\000\000\001&\000\000\000\006)/\352\224\010:?HT\314/\177\320^Q\221=\252\002\267\225zg\264\253\271T\346ji\003\235\236Pis\264\375\222|H\344\261g?[gP\0278h\232\211g)\354\005\246\256XI\265J\214\312}\261\211y\355]\0228j\360\0224\003\021%\014P\031\372\373$P*|\321\342\002\026\n\3215\340\3203\200x\327D\301]5\237\247Yz\3711!L\214s!\003\343\005\311u\203\370\0338\3174\324\010\006\301\251\177\261\304eOX\262)FA-\022r\263wm\024vF0D\002 #\344\210\215b\201\030\201\237\177\017D\337\375\334\323Ou\000\267H\305\342\206\024\360uE\013\272\227\276\002 HF\026\226N\256\323\213\220\246\277\320\346ik\216\035D\304\n\2166\243Ru\t\\225\363C\205\254""; ","validation: """"\200\000\000\001&\000\000\000\006)/\352\224\010:?HT\314/\177\320^Q\221=\252\002\267\225zg\264\253\271T\346ji\003\235\236Pis\264\375\222|H\344\261g?[gP\0278h\232\211g)\354\005\246\256XI\265J\214\312}\261\211y\355]\0228j\360\0224\003\021%\014P\031\372\373$P*|\321\342\002\026\n\3215\340\3203\200x\327D\301]5\237\247Yz\3711!L\214s!\003\343\005\311u\203\370\0338\3174\324\010\006\301\251\177\261\304eOX\262)FA-\022r\263wm\024vF0D\002 #\344\210\215b\201\030\201\237\177\017D\337\375\334\323Ou\000\267H\305\342\206\024\360uE\013\272\227\276\002 HF\026\226N\256\323\213\220\246\277\320\346ik\216\035D\304\n\2166\243Ru\t\\225\363C\205\254""; "
1750587275544,1750587275544,779,1,0,3,TMValidation,"validation: """"\200\000\000\001&\000\000\000\006)/\352\224\010:?HT\314/\177\320^Q\221=\252\002\267\225zg\264\253\271T\346ji\003\235\236Pis\264\375\222|H\344\261g?[gP\0278h\232\211g)\354\005\246\256XI\265J\214\312}\261\211y\355]\0228j\360\0224\003\021%\014P\031\372\373$P*|\321\342\002\026\n\3215\340\3203\200x\327D\301]5\237\247Yz\3711!L\214s!\003\343\005\311u\203\370\0338\3174\324\010\006\301\251\177\261\304eOX\262)FA-\022r\263wm\024vF0D\002 #\344\210\215b\201\030\201\237\177\017D\337\375\334\323Ou\000\267H\305\342\206\024\360uE\013\272\227\276\002 HF\026\226N\256\323\213\220\246\277\320\346ik\216\035D\304\n\2166\243Ru\t\\225\363C\205\254""; ","validation: """"\200\000\000\001&\000\000\000\006)/\352\224\010:?HT\314/\177\320^Q\221=\252\002\267\225zg\264\253\271T\346ji\003\235\236Pis\264\375\222|H\344\261g?[gP\0278h\232\211g)\354\005\246\256XI\265J\214\312}\261\211y\355]\0228j\360\0224\003\021%\014P\031\372\373$P*|\321\342\002\026\n\3215\340\3203\200x\327D\301]5\237\247Yz\3711!L\214s!\003\343\005\311u\203\370\0338\3174\324\010\006\301\251\177\261\304eOX\262)FA-\022r\263wm\024vF0D\002 #\344\210\215b\201\030\201\237\177\017D\337\375\334\323Ou\000\267H\305\342\206\024\360uE\013\272\227\276\002 HF\026\226N\256\323\213\220\246\277\320\346ik\216\035D\304\n\2166\243Ru\t\\225\363C\205\254""; "
1750587275544,1750587275545,3563,1,0,2,TMValidation,"validation: """"\200\000\000\001&\000\000\000\006)/\352\224\010:?HT\314/\177\320^Q\221=\252\002\267\225zg\264\253\271T\346ji\003\235\236Pis\264\375\222|H\344\261g?[gP\0278h\232\211g)\354\005\246\256XI\265J\214\312}\261\211y\355]\0228j\360\0224\003\021%\014P\031\372\373$P*|\321\342\002\026\n\3215\340\3203\200x\327D\301]5\237\247Yz\3711!L\214s!\003\343\005\311u\203\370\0338\3174\324\010\006\301\251\177\261\304eOX\262)FA-\022r\263wm\024vF0D\002 #\344\210\215b\201\030\201\237\177\017D\337\375\334\323Ou\000\267H\305\342\206\024\360uE\013\272\227\276\002 HF\026\226N\256\323\213\220\246\277\320\346ik\216\035D\304\n\2166\243Ru\t\\225\363C\205\254""; ","validation: """"\200\000\000\001&\000\000\000\006)/\352\224\010:?HT\314/\177\320^Q\221=\252\002\267\225zg\264\253\271T\346ji\003\235\236Pis\264\375\222|H\344\261g?[gP\0278h\232\211g)\354\005\246\256XI\265J\214\312}\261\211y\355]\0228j\360\0224\003\021%\014P\031\372\373$P*|\321\342\002\026\n\3215\340\3203\200x\327D\301]5\237\247Yz\3711!L\214s!\003\343\005\311u\203\370\0338\3174\324\010\006\301\251\177\261\304eOX\262)FA-\022r\263wm\024vF0D\002 #\344\210\215b\201\030\201\237\177\017D\337\375\334\323Ou\000\267H\305\342\206\024\360uE\013\272\227\276\002 HF\026\226N\256\323\213\220\246\277\320\346ik\216\035D\304\n\2166\243Ru\t\\225\363C\205\254""; "
1750587275590,1750587275590,2472,1,1,2,TMLedgerData,"ledgerHash: ""\311\347s\234ae\204\263\365U\334\372D\354\345\276\201f\035\271%#\375\245\314.""\373\330&\3746""; ledgerSeq: 7; type: liBASE; nodes {;   nodedata: ""\000\000\000\007\001cEx]\211\377\342\221=\252\002\267\225zg\264\253\271T\346ji\003\235\236Pis\264\375\222|H\344\261g?[g\000\000\000\000\000\000\000\000\000\000\000\000\000\000\000\000\000\000\000\000\000\000\000\000\000\000\000\000\000\000\000\000D Y\254\242~\215\352\235\025Y|\r\311\0032Z\345!\007\365\002ei\332\264\353iS.\2724/\352\224\007/\352\224\010\n\000""; }; nodes {;   nodedata: ""h\315\350\215y\203\242]\371\235\232Pt&\325\210eZ\346\237XZ \277\2457n\221\336\253\245\317\002w\n\356\350\316{k\272E0\225\362\025\010\366\367\372\263\355xq\360\261\376M<\356\347\007zf\307\006E\344\037@\210\363\010\336T\226\247'\204_{\261\370""1\235\2445\343\033Y!\212\201\341\272\225'\007*$\244&\336\343'\233i\332\374\245 {^\306-N\333\gE\006\347\212\331C\211Z\177\247\031\n\335C\213\334\371:&k\026k\220D\0042\357\322\376\365\347b\025;\204y1X\345\000&\377wn\013\210`4\253""\302f\230\374\037bx\0145C\307\337\316[\244d\302\3031\347\300\025aX\357\226\221\016\003""; }; ","ledgerHash: ""\311\347s\234ae\204\263\365U\334\372D\354\345\276\201f\035\271%#\375\245\314.""\373\330&\3746""; ledgerSeq: 7; type: liBASE; nodes {;   nodedata: ""\000\000\000\007\001cEx]\211\377\342\221=\252\002\267\225zg\264\253\271T\346ji\003\235\236Pis\264\375\222|H\344\261g?[g\000\000\000\000\000\000\000\000\000\000\000\000\000\000\000\000\000\000\000\000\000\000\000\000\000\000\000\000\000\000\000\000D Y\254\242~\215\352\235\025Y|\r\311\0032Z\345!\007\365\002ei\332\264\353iS.\2724/\352\224\007/\352\224\010\n\000""; }; nodes {;   nodedata: ""h\315\350\215y\203\242]\371\235\232Pt&\325\210eZ\346\237XZ \277\2457n\221\336\253\245\317\002w\n\356\350\316{k\272E0\225\362\025\010\366\367\372\263\355xq\360\261\376M<\356\347\007zf\307\006E\344\037@\210\363\010\336T\226\247'\204_{\261\370""1\235\2445\343\033Y!\212\201\341\272\225'\007*$\244&\336\343'\233i\332\374\245 {^\306-N\333\gE\006\347\212\331C\211Z\177\247\031\n\335C\213\334\371:&k\026k\220D\0042\357\322\376\365\347b\025;\204y1X\345\000&\377wn\013\210`4\253""\302f\230\374\037bx\0145C\307\337\316[\244d\302\3031\347\300\025aX\357\226\221\016\003""; }; "
1750587275602,1750587275602,1753,1,0,2,TMLedgerData,"ledgerHash: ""8h\232\211g)\354\005\246\256XI\265J\214\312}\261\211y\355]\0228j\360\0224\003\021%\014""; ledgerSeq: 0; type: liTS_CANDIDATE; nodes {;   nodedata: ""\222c\273c4\225\334\221\227u?\025\314=\305/\262\367\217\375\027j\323\304\372\312Fv\2716\001\355\t\246C\232\272\013^\241\340~\030'\005/\234\037\355\231\230\017\266\365\303w\360\273\374\234\362S:\270\023\n\270\212\275\306\204\271\274\361K|t\323\346\2174\324\362\014S]\301\325\344rY\277\343\351\364\374\023\263\013\003"";   nodeid: ""\000\000\000\000\000\000\000\000\000\000\000\000\000\000\000\000\000\000\000\000\000\000\000\000\000\000\000\000\000\000\000\000\000""; }; ","ledgerHash: ""8h\232\211g)\354\005\246\256XI\265J\214\312}\261\211y\355]\0228j\360\0224\003\021%\014""; ledgerSeq: 0; type: liTS_CANDIDATE; nodes {;   nodedata: ""\222c\273c4\225\334\221\227u?\025\314=\305/\262\367\217\375\027j\323\304\372\312Fv\2716\001\355\t\246C\232\272\013^\241\340~\030'\005/\234\037\355\231\230\017\266\365\303w\360\273\374\234\362S:\270\023\n\270\212\275\306\204\271\274\361K|t\323\346\2174\324\362\014S]\301\325\344rY\277\343\351\364\374\023\263\013\003"";   nodeid: ""\000\000\000\000\000\000\000\000\000\000\000\000\000\000\000\000\000\000\000\000\000\000\000\000\000\000\000\000\000\000\000\000\000""; }; "
1750587275646,1750587275646,1590,1,3,2,TMGetLedger,"itype: liTS_CANDIDATE; ledgerHash: ""\r!N\267\203~\313a\272~\344A\332\034\332r\\301\240a\307\341\261(c(\021\265B\030@(""; nodeIDs: ""\000\000\000\000\000\000\000\000\000\000\000\000\000\000\000\000\000\000\000\000\000\000\000\000\000\000\000\000\000\000\000\000\000""; queryType: qtINDIRECT; queryDepth: 3; ","itype: liTS_CANDIDATE; ledgerHash: ""\r!N\267\203~\313a\272~\344A\332\034\332r\\301\240a\307\341\261(c(\021\265B\030@(""; nodeIDs: ""\000\000\000\000\000\000\000\000\000\000\000\000\000\000\000\000\000\000\000\000\000\000\000\000\000\000\000\000\000\000\000\000\000""; queryType: qtINDIRECT; queryDepth: 3; "
1750587275677,1750587275677,628,1,3,2,TMLedgerData,"ledgerHash: ""u\315\243\367\211\2625\240r:n\277\003\026\366\353'\216jy9\\001\220\223~\341j\254O\025\257""; ledgerSeq: 0; type: liTS_CANDIDATE; nodes {;   nodedata: ""\246C\232\272\013^\241\340~\030'\005/\234\037\355\231\230\017\266\365\303w\360\273\374\234\362S:\270\023\n\003"";   nodeid: ""\000\000\000\000\000\000\000\000\000\000\000\000\000\000\000\000\000\000\000\000\000\000\000\000\000\000\000\000\000\000\000\000\000""; }; requestCookie: 2; ","ledgerHash: ""u\315\243\367\211\2625\240r:n\277\003\026\366\353'\216jy9\\001\220\223~\341j\254O\025\257""; ledgerSeq: 0; type: liTS_CANDIDATE; nodes {;   nodedata: ""\246C\232\272\013^\241\340~\030'\005/\234\037\355\231\230\017\266\365\303w\360\273\374\234\362S:\270\023\n\003"";   nodeid: ""\000\000\000\000\000\000\000\000\000\000\000\000\000\000\000\000\000\000\000\000\000\000\000\000\000\000\000\000\000\000\000\000\000""; }; requestCookie: 2; "
1750587275694,1750587275694,3553,1,1,3,TMGetLedger,"itype: liTS_CANDIDATE; ledgerHash: ""\r!N\267\203~\313a\272~\344A\332\034\332r\\301\240a\307\341\261(c(\021\265B\030@(""; nodeIDs: ""\000\000\000\000\000\000\000\000\000\000\000\000\000\000\000\000\000\000\000\000\000\000\000\000\000\000\000\000\000\000\000\000\000""; queryType: qtINDIRECT; queryDepth: 3; ","itype: liTS_CANDIDATE; ledgerHash: ""\r!N\267\203~\313a\272~\344A\332\034\332r\\301\240a\307\341\261(c(\021\265B\030@(""; nodeIDs: ""\000\000\000\000\000\000\000\000\000\000\000\000\000\000\000\000\000\000\000\000\000\000\000\000\000\000\000\000\000\000\000\000\000""; queryType: qtINDIRECT; queryDepth: 3; "
1750587275699,1750587275699,2792,1,4,2,TMLedgerData,"ledgerHash: ""\311\347s\234ae\204\263\365U\334\372D\354\345\276\201f\035\271%#\375\245\314.""\373\330&\3746""; ledgerSeq: 7; type: liBASE; nodes {;   nodedata: ""\000\000\000\007\001cEx]\211\377\342\221=\252\002\267\225zg\264\253\271T\346ji\003\235\236Pis\264\375\222|H\344\261g?[g\000\000\000\000\000\000\000\000\000\000\000\000\000\000\000\000\000\000\000\000\000\000\000\000\000\000\000\000\000\000\000\000D Y\254\242~\215\352\235\025Y|\r\311\0032Z\345!\007\365\002ei\332\264\353iS.\2724/\352\224\007/\352\224\010\n\000""; }; nodes {;   nodedata: ""h\315\350\215y\203\242]\371\235\232Pt&\325\210eZ\346\237XZ \277\2457n\221\336\253\245\317\002w\n\356\350\316{k\272E0\225\362\025\010\366\367\372\263\355xq\360\261\376M<\356\347\007zf\307\006E\344\037@\210\363\010\336T\226\247'\204_{\261\370""1\235\2445\343\033Y!\212\201\341\272\225'\007*$\244&\336\343'\233i\332\374\245 {^\306-N\333\gE\006\347\212\331C\211Z\177\247\031\n\335C\213\334\371:&k\026k\220D\0042\357\322\376\365\347b\025;\204y1X\345\000&\377wn\013\210`4\253""\302f\230\374\037bx\0145C\307\337\316[\244d\302\3031\347\300\025aX\357\226\221\016\003""; }; ","ledgerHash: ""\311\347s\234ae\204\263\365U\334\372D\354\345\276\201f\035\271%#\375\245\314.""\373\330&\3746""; ledgerSeq: 7; type: liBASE; nodes {;   nodedata: ""\000\000\000\007\001cEx]\211\377\342\221=\252\002\267\225zg\264\253\271T\346ji\003\235\236Pis\264\375\222|H\344\261g?[g\000\000\000\000\000\000\000\000\000\000\000\000\000\000\000\000\000\000\000\000\000\000\000\000\000\000\000\000\000\000\000\000D Y\254\242~\215\352\235\025Y|\r\311\0032Z\345!\007\365\002ei\332\264\353iS.\2724/\352\224\007/\352\224\010\n\000""; }; nodes {;   nodedata: ""h\315\350\215y\203\242]\371\235\232Pt&\325\210eZ\346\237XZ \277\2457n\221\336\253\245\317\002w\n\356\350\316{k\272E0\225\362\025\010\366\367\372\263\355xq\360\261\376M<\356\347\007zf\307\006E\344\037@\210\363\010\336T\226\247'\204_{\261\370""1\235\2445\343\033Y!\212\201\341\272\225'\007*$\244&\336\343'\233i\332\374\245 {^\306-N\333\gE\006\347\212\331C\211Z\177\247\031\n\335C\213\334\371:&k\026k\220D\0042\357\322\376\365\347b\025;\204y1X\345\000&\377wn\013\210`4\253""\302f\230\374\037bx\0145C\307\337\316[\244d\302\3031\347\300\025aX\357\226\221\016\003""; }; "
1750587275700,1750587275700,2792,1,4,2,TMLedgerData,"ledgerHash: ""\311\347s\234ae\204\263\365U\334\372D\354\345\276\201f\035\271%#\375\245\314.""\373\330&\3746""; ledgerSeq: 7; type: liBASE; nodes {;   nodedata: ""\000\000\000\007\001cEx]\211\377\342\221=\252\002\267\225zg\264\253\271T\346ji\003\235\236Pis\264\375\222|H\344\261g?[g\000\000\000\000\000\000\000\000\000\000\000\000\000\000\000\000\000\000\000\000\000\000\000\000\000\000\000\000\000\000\000\000D Y\254\242~\215\352\235\025Y|\r\311\0032Z\345!\007\365\002ei\332\264\353iS.\2724/\352\224\007/\352\224\010\n\000""; }; nodes {;   nodedata: ""h\315\350\215y\203\242]\371\235\232Pt&\325\210eZ\346\237XZ \277\2457n\221\336\253\245\317\002w\n\356\350\316{k\272E0\225\362\025\010\366\367\372\263\355xq\360\261\376M<\356\347\007zf\307\006E\344\037@\210\363\010\336T\226\247'\204_{\261\370""1\235\2445\343\033Y!\212\201\341\272\225'\007*$\244&\336\343'\233i\332\374\245 {^\306-N\333\gE\006\347\212\331C\211Z\177\247\031\n\335C\213\334\371:&k\026k\220D\0042\357\322\376\365\347b\025;\204y1X\345\000&\377wn\013\210`4\253""\302f\230\374\037bx\0145C\307\337\316[\244d\302\3031\347\300\025aX\357\226\221\016\003""; }; ","ledgerHash: ""\311\347s\234ae\204\263\365U\334\372D\354\345\276\201f\035\271%#\375\245\314.""\373\330&\3746""; ledgerSeq: 7; type: liBASE; nodes {;   nodedata: ""\000\000\000\007\001cEx]\211\377\342\221=\252\002\267\225zg\264\253\271T\346ji\003\235\236Pis\264\375\222|H\344\261g?[g\000\000\000\000\000\000\000\000\000\000\000\000\000\000\000\000\000\000\000\000\000\000\000\000\000\000\000\000\000\000\000\000D Y\254\242~\215\352\235\025Y|\r\311\0032Z\345!\007\365\002ei\332\264\353iS.\2724/\352\224\007/\352\224\010\n\000""; }; nodes {;   nodedata: ""h\315\350\215y\203\242]\371\235\232Pt&\325\210eZ\346\237XZ \277\2457n\221\336\253\245\317\002w\n\356\350\316{k\272E0\225\362\025\010\366\367\372\263\355xq\360\261\376M<\356\347\007zf\307\006E\344\037@\210\363\010\336T\226\247'\204_{\261\370""1\235\2445\343\033Y!\212\201\341\272\225'\007*$\244&\336\343'\233i\332\374\245 {^\306-N\333\gE\006\347\212\331C\211Z\177\247\031\n\335C\213\334\371:&k\026k\220D\0042\357\322\376\365\347b\025;\204y1X\345\000&\377wn\013\210`4\253""\302f\230\374\037bx\0145C\307\337\316[\244d\302\3031\347\300\025aX\357\226\221\016\003""; }; "
1750587275755,1750587275755,3614,1,4,2,TMProposeSet,"proposeSeq: 0; currentTxHash: ""\000\000\000\000\000\000\000\000\000\000\000\000\000\000\000\000\000\000\000\000\000\000\000\000\000\000\000\000\000\000\000\000""; nodePubKey: ""\003.\200\224\215?)t\306\315\242\313\251\255\302\204=\232.\271%}\013\024s\024\002@\216l""\241F""; closeTime: 803902475; signature: ""0E\002!\000\350\243t'sbt\177p\033\250\026k\255\327B^MK\224\335\037\036Mc\352\363\007\314\237\351\032\002 \037\317\213U9:\006\260BpT\243\023\373[\311\307V\002\257\214\303\370\004\200>\323\217\006\265~\034""; previousledger: ""\311\347s\234ae\204\263\365U\334\372D\354\345\276\201f\035\271%#\375\245\314.""\373\330&\3746""; ","proposeSeq: 0; currentTxHash: ""\000\000\000\000\000\000\000\000\000\000\000\000\000\000\000\000\000\000\000\000\000\000\000\000\000\000\000\000\000\000\000\000""; nodePubKey: ""\003.\200\224\215?)t\306\315\242\313\251\255\302\204=\232.\271%}\013\024s\024\002@\216l""\241F""; closeTime: 803902475; signature: ""0E\002!\000\350\243t'sbt\177p\033\250\026k\255\327B^MK\224\335\037\036Mc\352\363\007\314\237\351\032\002 \037\317\213U9:\006\260BpT\243\023\373[\311\307V\002\257\214\303\370\004\200>\323\217\006\265~\034""; previousledger: ""\311\347s\234ae\204\263\365U\334\372D\354\345\276\201f\035\271%#\375\245\314.""\373\330&\3746""; "
1750587275756,1750587275756,980,1,4,1,TMProposeSet,"proposeSeq: 0; currentTxHash: ""\000\000\000\000\000\000\000\000\000\000\000\000\000\000\000\000\000\000\000\000\000\000\000\000\000\000\000\000\000\000\000\000""; nodePubKey: ""\003.\200\224\215?)t\306\315\242\313\251\255\302\204=\232.\271%}\013\024s\024\002@\216l""\241F""; closeTime: 803902475; signature: ""0E\002!\000\350\243t'sbt\177p\033\250\026k\255\327B^MK\224\335\037\036Mc\352\363\007\314\237\351\032\002 \037\317\213U9:\006\260BpT\243\023\373[\311\307V\002\257\214\303\370\004\200>\323\217\006\265~\034""; previousledger: ""\311\347s\234ae\204\263\365U\334\372D\354\345\276\201f\035\271%#\375\245\314.""\373\330&\3746""; ","proposeSeq: 0; currentTxHash: ""\000\000\000\000\000\000\000\000\000\000\000\000\000\000\000\000\000\000\000\000\000\000\000\000\000\000\000\000\000\000\000\000""; nodePubKey: ""\003.\200\224\215?)t\306\315\242\313\251\255\302\204=\232.\271%}\013\024s\024\002@\216l""\241F""; closeTime: 803902475; signature: ""0E\002!\000\350\243t'sbt\177p\033\250\026k\255\327B^MK\224\335\037\036Mc\352\363\007\314\237\351\032\002 \037\317\213U9:\006\260BpT\243\023\373[\311\307V\002\257\214\303\370\004\200>\323\217\006\265~\034""; previousledger: ""\311\347s\234ae\204\263\365U\334\372D\354\345\276\201f\035\271%#\375\245\314.""\373\330&\3746""; "
1750587275756,1750587275756,961,1,4,3,TMProposeSet,"proposeSeq: 0; currentTxHash: ""\000\000\000\000\000\000\000\000\000\000\000\000\000\000\000\000\000\000\000\000\000\000\000\000\000\000\000\000\000\000\000\000""; nodePubKey: ""\003.\200\224\215?)t\306\315\242\313\251\255\302\204=\232.\271%}\013\024s\024\002@\216l""\241F""; closeTime: 803902475; signature: ""0E\002!\000\350\243t'sbt\177p\033\250\026k\255\327B^MK\224\335\037\036Mc\352\363\007\314\237\351\032\002 \037\317\213U9:\006\260BpT\243\023\373[\311\307V\002\257\214\303\370\004\200>\323\217\006\265~\034""; previousledger: ""\311\347s\234ae\204\263\365U\334\372D\354\345\276\201f\035\271%#\375\245\314.""\373\330&\3746""; ","proposeSeq: 0; currentTxHash: ""\000\000\000\000\000\000\000\000\000\000\000\000\000\000\000\000\000\000\000\000\000\000\000\000\000\000\000\000\000\000\000\000""; nodePubKey: ""\003.\200\224\215?)t\306\315\242\313\251\255\302\204=\232.\271%}\013\024s\024\002@\216l""\241F""; closeTime: 803902475; signature: ""0E\002!\000\350\243t'sbt\177p\033\250\026k\255\327B^MK\224\335\037\036Mc\352\363\007\314\237\351\032\002 \037\317\213U9:\006\260BpT\243\023\373[\311\307V\002\257\214\303\370\004\200>\323\217\006\265~\034""; previousledger: ""\311\347s\234ae\204\263\365U\334\372D\354\345\276\201f\035\271%#\375\245\314.""\373\330&\3746""; "
1750587275756,1750587275756,1110,1,4,0,TMProposeSet,"proposeSeq: 0; currentTxHash: ""\000\000\000\000\000\000\000\000\000\000\000\000\000\000\000\000\000\000\000\000\000\000\000\000\000\000\000\000\000\000\000\000""; nodePubKey: ""\003.\200\224\215?)t\306\315\242\313\251\255\302\204=\232.\271%}\013\024s\024\002@\216l""\241F""; closeTime: 803902475; signature: ""0E\002!\000\350\243t'sbt\177p\033\250\026k\255\327B^MK\224\335\037\036Mc\352\363\007\314\237\351\032\002 \037\317\213U9:\006\260BpT\243\023\373[\311\307V\002\257\214\303\370\004\200>\323\217\006\265~\034""; previousledger: ""\311\347s\234ae\204\263\365U\334\372D\354\345\276\201f\035\271%#\375\245\314.""\373\330&\3746""; ","proposeSeq: 0; currentTxHash: ""\000\000\000\000\000\000\000\000\000\000\000\000\000\000\000\000\000\000\000\000\000\000\000\000\000\000\000\000\000\000\000\000""; nodePubKey: ""\003.\200\224\215?)t\306\315\242\313\251\255\302\204=\232.\271%}\013\024s\024\002@\216l""\241F""; closeTime: 803902475; signature: ""0E\002!\000\350\243t'sbt\177p\033\250\026k\255\327B^MK\224\335\037\036Mc\352\363\007\314\237\351\032\002 \037\317\213U9:\006\260BpT\243\023\373[\311\307V\002\257\214\303\370\004\200>\323\217\006\265~\034""; previousledger: ""\311\347s\234ae\204\263\365U\334\372D\354\345\276\201f\035\271%#\375\245\314.""\373\330&\3746""; "
1750587275756,1750587275756,1753,1,0,2,TMLedgerData,"ledgerHash: ""\221=\252\002\267\225zg\264\253\271T\346ji\003\235\236Pis\264\375\222|H\344\261g?[g""; ledgerSeq: 6; type: liBASE; nodes {;   nodedata: ""\000\000\000\006\001cEx]\211\377\342\372\373$P*|\321\342\002\026\n\3215\340\3203\200x\327D\301]5\237\247Yz\3711!L\214\320\302\265:\257W\231\020\304\223\375j""\001>\2709[\332\026}\201\304\212%1I\204\276^\221\221=x\307w\255\000\215Q\353A\3718+\274=\351q)\352\344""g\204\232\273\260\0308C|.\222/\352\224\006/\352\224\007\n\000""; }; nodes {;   nodedata: ""h\315\350\215y\203\242]\371\235\232Pt&\325\210eZ\346\237XZ \277\2457n\221\336\253\245\317\002w\n\356\350\316{k\272E0\225\362\025\010\366\367\372\263\355xq\360\261\376M<\356\347\007zf\307\006E\344\037@\210\363\010\336T\226\247'\204_{\261\370""1\235\2445\343\033Y!\212\201\341\272\225'\007*$\244&\336\343'\233i\332\374\245 {^\306-N\333\gE\006\347\212\331C\211Z\177\247\031\n\302\003\336\340\3712Ct\2360uN\242=\313\232\211\216\325\003\006\023\241M\005\237\220\376\n\024\377\020\013\210`4\253""\302f\230\374\037bx\0145C\307\337\316[\244d\302\3031\347\300\025aX\357\226\221\016\003""; }; nodes {;   nodedata: ""b,\017\360\232\340\032k\266\261\310\203t\367\332\010\217\222H\265*\251UX)\204&\022>`\307\320\tH\207'\260O\036\277d\007\241I/}w\3124Q\037\312]\232\030S^\2304,\223AK\317'\n\256\240\375\261\373:\325u\364WwFw|p]\363\363\357\256^l\236\262@\370\374\352\327\246\255\035\013\003""; }; ","ledgerHash: ""\221=\252\002\267\225zg\264\253\271T\346ji\003\235\236Pis\264\375\222|H\344\261g?[g""; ledgerSeq: 6; type: liBASE; nodes {;   nodedata: ""\000\000\000\006\001cEx]\211\377\342\372\373$P*|\321\342\002\026\n\3215\340\3203\200x\327D\301]5\237\247Yz\3711!L\214\320\302\265:\257W\231\020\304\223\375j""\001>\2709[\332\026}\201\304\212%1I\204\276^\221\221=x\307w\255\000\215Q\353A\3718+\274=\351q)\352\344""g\204\232\273\260\0308C|.\222/\352\224\006/\352\224\007\n\000""; }; nodes {;   nodedata: ""h\315\350\215y\203\242]\371\235\232Pt&\325\210eZ\346\237XZ \277\2457n\221\336\253\245\317\002w\n\356\350\316{k\272E0\225\362\025\010\366\367\372\263\355xq\360\261\376M<\356\347\007zf\307\006E\344\037@\210\363\010\336T\226\247'\204_{\261\370""1\235\2445\343\033Y!\212\201\341\272\225'\007*$\244&\336\343'\233i\332\374\245 {^\306-N\333\gE\006\347\212\331C\211Z\177\247\031\n\302\003\336\340\3712Ct\2360uN\242=\313\232\211\216\325\003\006\023\241M\005\237\220\376\n\024\377\020\013\210`4\253""\302f\230\374\037bx\0145C\307\337\316[\244d\302\3031\347\300\025aX\357\226\221\016\003""; }; nodes {;   nodedata: ""b,\017\360\232\340\032k\266\261\310\203t\367\332\010\217\222H\265*\251UX)\204&\022>`\307\320\tH\207'\260O\036\277d\007\241I/}w\3124Q\037\312]\232\030S^\2304,\223AK\317'\n\256\240\375\261\373:\325u\364WwFw|p]\363\363\357\256^l\236\262@\370\374\352\327\246\255\035\013\003""; }; "
1750587275768,1750587275768,3792,1,0,1,TMLedgerData,"ledgerHash: ""\r!N\267\203~\313a\272~\344A\332\034\332r\\301\240a\307\341\261(c(\021\265B\030@(""; ledgerSeq: 0; type: liTS_CANDIDATE; nodes {;   nodedata: ""\247\272\246\2214\014W1\360z\262\252=\343\207'\275\266;\016\021\306\330\030\225\023\357\272\353\200x\221\n\003"";   nodeid: ""\000\000\000\000\000\000\000\000\000\000\000\000\000\000\000\000\000\000\000\000\000\000\000\000\000\000\000\000\000\000\000\000\000""; }; ","ledgerHash: ""\r!N\267\203~\313a\272~\344A\332\034\332r\\301\240a\307\341\261(c(\021\265B\030@(""; ledgerSeq: 0; type: liTS_CANDIDATE; nodes {;   nodedata: ""\247\272\246\2214\014W1\360z\262\252=\343\207'\275\266;\016\021\306\330\030\225\023\357\272\353\200x\221\n\003"";   nodeid: ""\000\000\000\000\000\000\000\000\000\000\000\000\000\000\000\000\000\000\000\000\000\000\000\000\000\000\000\000\000\000\000\000\000""; }; "
1750587275806,1750587275806,3097,1,2,0,TMLedgerData,"ledgerHash: ""u\315\243\367\211\2625\240r:n\277\003\026\366\353'\216jy9\\001\220\223~\341j\254O\025\257""; ledgerSeq: 0; type: liTS_CANDIDATE; nodes {;   nodedata: ""\246C\232\272\013^\241\340~\030'\005/\234\037\355\231\230\017\266\365\303w\360\273\374\234\362S:\270\023\n\003"";   nodeid: ""\000\000\000\000\000\000\000\000\000\000\000\000\000\000\000\000\000\000\000\000\000\000\000\000\000\000\000\000\000\000\000\000\000""; }; ","ledgerHash: ""u\315\243\367\211\2625\240r:n\277\003\026\366\353'\216jy9\\001\220\223~\341j\254O\025\257""; ledgerSeq: 0; type: liTS_CANDIDATE; nodes {;   nodedata: ""\246C\232\272\013^\241\340~\030'\005/\234\037\355\231\230\017\266\365\303w\360\273\374\234\362S:\270\023\n\003"";   nodeid: ""\000\000\000\000\000\000\000\000\000\000\000\000\000\000\000\000\000\000\000\000\000\000\000\000\000\000\000\000\000\000\000\000\000""; }; "
1750587275752,1750587275827,1021,1,4,2,TMStatusChange,"newEvent: neCLOSING_LEDGER; ledgerSeq: 7; ledgerHash: ""\311\347s\234ae\204\263\365U\334\372D\354\345\276\201f\035\271%#\375\245\314.""\373\330&\3746""; ledgerHashPrevious: ""\221=\252\002\267\225zg\264\253\271T\346ji\003\235\236Pis\264\375\222|H\344\261g?[g""; networkTime: 803902475; firstSeq: 1; lastSeq: 6; ","newEvent: neCLOSING_LEDGER; ledgerSeq: 7; ledgerHash: ""\311\347s\234ae\204\263\365U\334\372D\354\345\276\201f\035\271%#\375\245\314.""\373\330&\3746""; ledgerHashPrevious: ""\221=\252\002\267\225zg\264\253\271T\346ji\003\235\236Pis\264\375\222|H\344\261g?[g""; networkTime: 803902475; firstSeq: 1; lastSeq: 6; "
1750587275754,1750587275828,1548,1,4,0,TMStatusChange,"newEvent: neCLOSING_LEDGER; ledgerSeq: 7; ledgerHash: ""\311\347s\234ae\204\263\365U\334\372D\354\345\276\201f\035\271%#\375\245\314.""\373\330&\3746""; ledgerHashPrevious: ""\221=\252\002\267\225zg\264\253\271T\346ji\003\235\236Pis\264\375\222|H\344\261g?[g""; networkTime: 803902475; firstSeq: 1; lastSeq: 6; ","newEvent: neCLOSING_LEDGER; ledgerSeq: 7; ledgerHash: ""\311\347s\234ae\204\263\365U\334\372D\354\345\276\201f\035\271%#\375\245\314.""\373\330&\3746""; ledgerHashPrevious: ""\221=\252\002\267\225zg\264\253\271T\346ji\003\235\236Pis\264\375\222|H\344\261g?[g""; networkTime: 803902475; firstSeq: 1; lastSeq: 6; "
1750587275754,1750587275827,1760,1,4,1,TMStatusChange,"newEvent: neCLOSING_LEDGER; ledgerSeq: 7; ledgerHash: ""\311\347s\234ae\204\263\365U\334\372D\354\345\276\201f\035\271%#\375\245\314.""\373\330&\3746""; ledgerHashPrevious: ""\221=\252\002\267\225zg\264\253\271T\346ji\003\235\236Pis\264\375\222|H\344\261g?[g""; networkTime: 803902475; firstSeq: 1; lastSeq: 6; ","newEvent: neCLOSING_LEDGER; ledgerSeq: 7; ledgerHash: ""\311\347s\234ae\204\263\365U\334\372D\354\345\276\201f\035\271%#\375\245\314.""\373\330&\3746""; ledgerHashPrevious: ""\221=\252\002\267\225zg\264\253\271T\346ji\003\235\236Pis\264\375\222|H\344\261g?[g""; networkTime: 803902475; firstSeq: 1; lastSeq: 6; "
1750587275754,1750587275828,3410,1,4,3,TMStatusChange,"newEvent: neCLOSING_LEDGER; ledgerSeq: 7; ledgerHash: ""\311\347s\234ae\204\263\365U\334\372D\354\345\276\201f\035\271%#\375\245\314.""\373\330&\3746""; ledgerHashPrevious: ""\221=\252\002\267\225zg\264\253\271T\346ji\003\235\236Pis\264\375\222|H\344\261g?[g""; networkTime: 803902475; firstSeq: 1; lastSeq: 6; ","newEvent: neCLOSING_LEDGER; ledgerSeq: 7; ledgerHash: ""\311\347s\234ae\204\263\365U\334\372D\354\345\276\201f\035\271%#\375\245\314.""\373\330&\3746""; ledgerHashPrevious: ""\221=\252\002\267\225zg\264\253\271T\346ji\003\235\236Pis\264\375\222|H\344\261g?[g""; networkTime: 803902475; firstSeq: 1; lastSeq: 6; "
1750587275835,1750587275835,779,1,0,3,TMValidation,"validation: """"\200\000\000\001&\000\000\000\006)/\352\224\010:Q\231\304\227'3\313\030Q\221=\252\002\267\225zg\264\253\271T\346ji\003\235\236Pis\264\375\222|H\344\261g?[gP\0278h\232\211g)\354\005\246\256XI\265J\214\312}\261\211y\355]\0228j\360\0224\003\021%\014P\031\372\373$P*|\321\342\002\026\n\3215\340\3203\200x\327D\301]5\237\247Yz\3711!L\214s!\003ql\302)\235\321\t\213\224\356\374%%\311\327\037\374\304\t\335\2359\344\233\035]\347<u\236\364\222vF0D\002 B\254\267Y\312E\361\266\323\375\235\247\321\023\326_\004\277V&\342Iqg\337\314E0\347\310\272s\002 M\300""\253\231H\001\241\270B\274mK5\250\227\253\375 \241;\250\337\037M\007\270EB\223\272~""; ","validation: """"\200\000\000\001&\000\000\000\006)/\352\224\010:Q\231\304\227'3\313\030Q\221=\252\002\267\225zg\264\253\271T\346ji\003\235\236Pis\264\375\222|H\344\261g?[gP\0278h\232\211g)\354\005\246\256XI\265J\214\312}\261\211y\355]\0228j\360\0224\003\021%\014P\031\372\373$P*|\321\342\002\026\n\3215\340\3203\200x\327D\301]5\237\247Yz\3711!L\214s!\003ql\302)\235\321\t\213\224\356\374%%\311\327\037\374\304\t\335\2359\344\233\035]\347<u\236\364\222vF0D\002 B\254\267Y\312E\361\266\323\375\235\247\321\023\326_\004\277V&\342Iqg\337\314E0\347\310\272s\002 M\300""\253\231H\001\241\270B\274mK5\250\227\253\375 \241;\250\337\037M\007\270EB\223\272~""; "
1750587275835,1750587275835,2684,1,0,1,TMValidation,"validation: """"\200\000\000\001&\000\000\000\006)/\352\224\010:Q\231\304\227'3\313\030Q\221=\252\002\267\225zg\264\253\271T\346ji\003\235\236Pis\264\375\222|H\344\261g?[gP\0278h\232\211g)\354\005\246\256XI\265J\214\312}\261\211y\355]\0228j\360\0224\003\021%\014P\031\372\373$P*|\321\342\002\026\n\3215\340\3203\200x\327D\301]5\237\247Yz\3711!L\214s!\003ql\302)\235\321\t\213\224\356\374%%\311\327\037\374\304\t\335\2359\344\233\035]\347<u\236\364\222vF0D\002 B\254\267Y\312E\361\266\323\375\235\247\321\023\326_\004\277V&\342Iqg\337\314E0\347\310\272s\002 M\300""\253\231H\001\241\270B\274mK5\250\227\253\375 \241;\250\337\037M\007\270EB\223\272~""; ","validation: """"\200\000\000\001&\000\000\000\006)/\352\224\010:Q\231\304\227'3\313\030Q\221=\252\002\267\225zg\264\253\271T\346ji\003\235\236Pis\264\375\222|H\344\261g?[gP\0278h\232\211g)\354\005\246\256XI\265J\214\312}\261\211y\355]\0228j\360\0224\003\021%\014P\031\372\373$P*|\321\342\002\026\n\3215\340\3203\200x\327D\301]5\237\247Yz\3711!L\214s!\003ql\302)\235\321\t\213\224\356\374%%\311\327\037\374\304\t\335\2359\344\233\035]\347<u\236\364\222vF0D\002 B\254\267Y\312E\361\266\323\375\235\247\321\023\326_\004\277V&\342Iqg\337\314E0\347\310\272s\002 M\300""\253\231H\001\241\270B\274mK5\250\227\253\375 \241;\250\337\037M\007\270EB\223\272~""; "
1750587275835,1750587275835,792,1,0,4,TMValidation,"validation: """"\200\000\000\001&\000\000\000\006)/\352\224\010:Q\231\304\227'3\313\030Q\221=\252\002\267\225zg\264\253\271T\346ji\003\235\236Pis\264\375\222|H\344\261g?[gP\0278h\232\211g)\354\005\246\256XI\265J\214\312}\261\211y\355]\0228j\360\0224\003\021%\014P\031\372\373$P*|\321\342\002\026\n\3215\340\3203\200x\327D\301]5\237\247Yz\3711!L\214s!\003ql\302)\235\321\t\213\224\356\374%%\311\327\037\374\304\t\335\2359\344\233\035]\347<u\236\364\222vF0D\002 B\254\267Y\312E\361\266\323\375\235\247\321\023\326_\004\277V&\342Iqg\337\314E0\347\310\272s\002 M\300""\253\231H\001\241\270B\274mK5\250\227\253\375 \241;\250\337\037M\007\270EB\223\272~""; ","validation: """"\200\000\000\001&\000\000\000\006)/\352\224\010:Q\231\304\227'3\313\030Q\221=\252\002\267\225zg\264\253\271T\346ji\003\235\236Pis\264\375\222|H\344\261g?[gP\0278h\232\211g)\354\005\246\256XI\265J\214\312}\261\211y\355]\0228j\360\0224\003\021%\014P\031\372\373$P*|\321\342\002\026\n\3215\340\3203\200x\327D\301]5\237\247Yz\3711!L\214s!\003ql\302)\235\321\t\213\224\356\374%%\311\327\037\374\304\t\335\2359\344\233\035]\347<u\236\364\222vF0D\002 B\254\267Y\312E\361\266\323\375\235\247\321\023\326_\004\277V&\342Iqg\337\314E0\347\310\272s\002 M\300""\253\231H\001\241\270B\274mK5\250\227\253\375 \241;\250\337\037M\007\270EB\223\272~""; "
1750587275850,1750587275850,3097,1,2,0,TMLedgerData,"ledgerHash: ""u\315\243\367\211\2625\240r:n\277\003\026\366\353'\216jy9\\001\220\223~\341j\254O\025\257""; ledgerSeq: 0; type: liTS_CANDIDATE; nodes {;   nodedata: ""\022\000\000""\000\000\000\000$\000\000\000\001 \033\000\000\000\027a@\000\000\027H\206*@h@\000\000\000\000\000\000\ns!\0030\347\374\235V\273%\326\211;\243\363\027\256[\3173\263)\033\326=\263&T\243\023""/\177\320 tF0D\002 0\023\341\332; \2711\245\020\321\3300\345\267-)\230\177\246\236AQ\327\203\207H\226+\000%\336\002 \024\036\211\237\201t\376\272E\270\230\020\334\014\356g\273\025((\376\266\216@ \254^2T\233\013\034\201\024\265\367by\212S\325C\240\024\312\370\262\227\317\370\362\3717\350\203\024E0\246\210\344\325\345r\024T\251\006P\255\352\333\372\351\337\302\000"";   nodeid: ""\240\000\000\000\000\000\000\000\000\000\000\000\000\000\000\000\000\000\000\000\000\000\000\000\000\000\000\000\000\000\000\000\001""; }; ","ledgerHash: ""u\315\243\367\211\2625\240r:n\277\003\026\366\353'\216jy9\\001\220\223~\341j\254O\025\257""; ledgerSeq: 0; type: liTS_CANDIDATE; nodes {;   nodedata: ""\022\000\000""\000\000\000\000$\000\000\000\001 \033\000\000\000\027a@\000\000\027H\206*@h@\000\000\000\000\000\000\ns!\0030\347\374\235V\273%\326\211;\243\363\027\256[\3173\263)\033\326=\263&T\243\023""/\177\320 tF0D\002 0\023\341\332; \2711\245\020\321\3300\345\267-)\230\177\246\236AQ\327\203\207H\226+\000%\336\002 \024\036\211\237\201t\376\272E\270\230\020\334\014\356g\273\025((\376\266\216@ \254^2T\233\013\034\201\024\265\367by\212S\325C\240\024\312\370\262\227\317\370\362\3717\350\203\024E0\246\210\344\325\345r\024T\251\006P\255\352\333\372\351\337\302\000"";   nodeid: ""\240\000\000\000\000\000\000\000\000\000\000\000\000\000\000\000\000\000\000\000\000\000\000\000\000\000\000\000\000\000\000\000\001""; }; "
1750587275861,1750587275862,149,1,4,2,TMTransaction,"rawTransaction: ""\022\000\000""\000\000\000\000$\000\000\000\006 \033\000\000\000\032a@\000\000\023S/~\000h@\000\000\000\000\000\000\ns!\003\364\346'\245\361\313f\307\325O*\031\010 \337\241\354\3450V\376\031#\323\000\245'Q`4d\376tF0D\002 ,\010\365p6\304C\242\365\005bf\023\023\2535\373c\246@\nC\214\257Kj\3519\353\257)r\002 [n\210\266}:;pPVw\327i\342,4\316\274A\315\001|\214\302?\r\222\354\240\0308\221\201\024B\006\222#\215\346\234\245/\205\327[/\206^\005y\253G\373\203\024E0\246\210\344\325\345r\024T\251\006P\255\352\333\372\351\337\302""; status: tsCURRENT; receiveTimestamp: 803902475; deferred: false; ","rawTransaction: ""\022\000\000""\000\000\000\000$\000\000\000\006 \033\000\000\000\032a@\000\000\023S/~\000h@\000\000\000\000\000\000\ns!\003\364\346'\245\361\313f\307\325O*\031\010 \337\241\354\3450V\376\031#\323\000\245'Q`4d\376tF0D\002 ,\010\365p6\304C\242\365\005bf\023\023\2535\373c\246@\nC\214\257Kj\3519\353\257)r\002 [n\210\266}:;pPVw\327i\342,4\316\274A\315\001|\214\302?\r\222\354\240\0308\221\201\024B\006\222#\215\346\234\245/\205\327[/\206^\005y\253G\373\203\024E0\246\210\344\325\345r\024T\251\006P\255\352\333\372\351\337\302""; status: tsCURRENT; receiveTimestamp: 803902475; deferred: false; "
1750587275861,1750587275862,3004,1,4,0,TMTransaction,"rawTransaction: ""\022\000\000""\000\000\000\000$\000\000\000\006 \033\000\000\000\032a@\000\000\023S/~\000h@\000\000\000\000\000\000\ns!\003\364\346'\245\361\313f\307\325O*\031\010 \337\241\354\3450V\376\031#\323\000\245'Q`4d\376tF0D\002 ,\010\365p6\304C\242\365\005bf\023\023\2535\373c\246@\nC\214\257Kj\3519\353\257)r\002 [n\210\266}:;pPVw\327i\342,4\316\274A\315\001|\214\302?\r\222\354\240\0308\221\201\024B\006\222#\215\346\234\245/\205\327[/\206^\005y\253G\373\203\024E0\246\210\344\325\345r\024T\251\006P\255\352\333\372\351\337\302""; status: tsCURRENT; receiveTimestamp: 803902475; deferred: false; ","rawTransaction: ""\022\000\000""\000\000\000\000$\000\000\000\006 \033\000\000\000\032a@\000\000\023S/~\000h@\000\000\000\000\000\000\ns!\003\364\346'\245\361\313f\307\325O*\031\010 \337\241\354\3450V\376\031#\323\000\245'Q`4d\376tF0D\002 ,\010\365p6\304C\242\365\005bf\023\023\2535\373c\246@\nC\214\257Kj\3519\353\257)r\002 [n\210\266}:;pPVw\327i\342,4\316\274A\315\001|\214\302?\r\222\354\240\0308\221\201\024B\006\222#\215\346\234\245/\205\327[/\206^\005y\253G\373\203\024E0\246\210\344\325\345r\024T\251\006P\255\352\333\372\351\337\302""; status: tsCURRENT; receiveTimestamp: 803902475; deferred: false; "
1750587275862,1750587275863,1743,1,4,1,TMTransaction,"rawTransaction: ""\022\000\000""\000\000\000\000$\000\000\000\006 \033\000\000\000\032a@\000\000\023S/~\000h@\000\000\000\000\000\000\ns!\003\364\346'\245\361\313f\307\325O*\031\010 \337\241\354\3450V\376\031#\323\000\245'Q`4d\376tF0D\002 ,\010\365p6\304C\242\365\005bf\023\023\2535\373c\246@\nC\214\257Kj\3519\353\257)r\002 [n\210\266}:;pPVw\327i\342,4\316\274A\315\001|\214\302?\r\222\354\240\0308\221\201\024B\006\222#\215\346\234\245/\205\327[/\206^\005y\253G\373\203\024E0\246\210\344\325\345r\024T\251\006P\255\352\333\372\351\337\302""; status: tsCURRENT; receiveTimestamp: 803902475; deferred: false; ","rawTransaction: ""\022\000\000""\000\000\000\000$\000\000\000\006 \033\000\000\000\032a@\000\000\023S/~\000h@\000\000\000\000\000\000\ns!\003\364\346'\245\361\313f\307\325O*\031\010 \337\241\354\3450V\376\031#\323\000\245'Q`4d\376tF0D\002 ,\010\365p6\304C\242\365\005bf\023\023\2535\373c\246@\nC\214\257Kj\3519\353\257)r\002 [n\210\266}:;pPVw\327i\342,4\316\274A\315\001|\214\302?\r\222\354\240\0308\221\201\024B\006\222#\215\346\234\245/\205\327[/\206^\005y\253G\373\203\024E0\246\210\344\325\345r\024T\251\006P\255\352\333\372\351\337\302""; status: tsCURRENT; receiveTimestamp: 803902475; deferred: false; "
1750587275870,1750587275870,854,1,3,2,TMStatusChange,"newEvent: neACCEPTED_LEDGER; ledgerSeq: 7; ledgerHash: ""\311\347s\234ae\204\263\365U\334\372D\354\345\276\201f\035\271%#\375\245\314.""\373\330&\3746""; ledgerHashPrevious: ""\221=\252\002\267\225zg\264\253\271T\346ji\003\235\236Pis\264\375\222|H\344\261g?[g""; networkTime: 803902475; firstSeq: 1; lastSeq: 6; ","newEvent: neACCEPTED_LEDGER; ledgerSeq: 7; ledgerHash: ""\311\347s\234ae\204\263\365U\334\372D\354\345\276\201f\035\271%#\375\245\314.""\373\330&\3746""; ledgerHashPrevious: ""\221=\252\002\267\225zg\264\253\271T\346ji\003\235\236Pis\264\375\222|H\344\261g?[g""; networkTime: 803902475; firstSeq: 1; lastSeq: 6; "
1750587275871,1750587275871,2573,1,3,1,TMValidation,"validation: """"\200\000\000\001&\000\000\000\007)/\352\224\013:\211l\014`\252m\212dQ\311\347s\234ae\204\263\365U\334\372D\354\345\276\201f\035\271%#\375\245\314.""\373\330&\3746P\027\000\000\000\000\000\000\000\000\000\000\000\000\000\000\000\000\000\000\000\000\000\000\000\000\000\000\000\000\000\000\000\000P\031\221=\252\002\267\225zg\264\253\271T\346ji\003\235\236Pis\264\375\222|H\344\261g?[gs!\003\325Q\255\224\274R@\312\253\262\347\352\034\346\347\242\215,\312\376=\277\353{\350\225\301\305`^, vG0E\002!\000\365\375c\274J\253\352+\036\374\331\027\360\305+\n]~A#N\033u\206\205\332\337\373\320\322\372\220\002 P\261h\320Em\334\333\372\353\242\233\022\256\214\002pi\237m\261Y\3067\306\352wlp\243\243\262""; ","validation: """"\200\000\000\001&\000\000\000\007)/\352\224\013:\211l\014`\252m\212dQ\311\347s\234ae\204\263\365U\334\372D\354\345\276\201f\035\271%#\375\245\314.""\373\330&\3746P\027\000\000\000\000\000\000\000\000\000\000\000\000\000\000\000\000\000\000\000\000\000\000\000\000\000\000\000\000\000\000\000\000P\031\221=\252\002\267\225zg\264\253\271T\346ji\003\235\236Pis\264\375\222|H\344\261g?[gs!\003\325Q\255\224\274R@\312\253\262\347\352\034\346\347\242\215,\312\376=\277\353{\350\225\301\305`^, vG0E\002!\000\365\375c\274J\253\352+\036\374\331\027\360\305+\n]~A#N\033u\206\205\332\337\373\320\322\372\220\002 P\261h\320Em\334\333\372\353\242\233\022\256\214\002pi\237m\261Y\3067\306\352wlp\243\243\262""; "
1750587275870,1750587275870,1393,1,3,0,TMStatusChange,"newEvent: neACCEPTED_LEDGER; ledgerSeq: 7; ledgerHash: ""\311\347s\234ae\204\263\365U\334\372D\354\345\276\201f\035\271%#\375\245\314.""\373\330&\3746""; ledgerHashPrevious: ""\221=\252\002\267\225zg\264\253\271T\346ji\003\235\236Pis\264\375\222|H\344\261g?[g""; networkTime: 803902475; firstSeq: 1; lastSeq: 6; ","newEvent: neACCEPTED_LEDGER; ledgerSeq: 7; ledgerHash: ""\311\347s\234ae\204\263\365U\334\372D\354\345\276\201f\035\271%#\375\245\314.""\373\330&\3746""; ledgerHashPrevious: ""\221=\252\002\267\225zg\264\253\271T\346ji\003\235\236Pis\264\375\222|H\344\261g?[g""; networkTime: 803902475; firstSeq: 1; lastSeq: 6; "
1750587275870,1750587275871,972,1,3,4,TMStatusChange,"newEvent: neACCEPTED_LEDGER; ledgerSeq: 7; ledgerHash: ""\311\347s\234ae\204\263\365U\334\372D\354\345\276\201f\035\271%#\375\245\314.""\373\330&\3746""; ledgerHashPrevious: ""\221=\252\002\267\225zg\264\253\271T\346ji\003\235\236Pis\264\375\222|H\344\261g?[g""; networkTime: 803902475; firstSeq: 1; lastSeq: 6; ","newEvent: neACCEPTED_LEDGER; ledgerSeq: 7; ledgerHash: ""\311\347s\234ae\204\263\365U\334\372D\354\345\276\201f\035\271%#\375\245\314.""\373\330&\3746""; ledgerHashPrevious: ""\221=\252\002\267\225zg\264\253\271T\346ji\003\235\236Pis\264\375\222|H\344\261g?[g""; networkTime: 803902475; firstSeq: 1; lastSeq: 6; "
1750587275870,1750587275870,734,1,3,2,TMValidation,"validation: """"\200\000\000\001&\000\000\000\007)/\352\224\013:\211l\014`\252m\212dQ\311\347s\234ae\204\263\365U\334\372D\354\345\276\201f\035\271%#\375\245\314.""\373\330&\3746P\027\000\000\000\000\000\000\000\000\000\000\000\000\000\000\000\000\000\000\000\000\000\000\000\000\000\000\000\000\000\000\000\000P\031\221=\252\002\267\225zg\264\253\271T\346ji\003\235\236Pis\264\375\222|H\344\261g?[gs!\003\325Q\255\224\274R@\312\253\262\347\352\034\346\347\242\215,\312\376=\277\353{\350\225\301\305`^, vG0E\002!\000\365\375c\274J\253\352+\036\374\331\027\360\305+\n]~A#N\033u\206\205\332\337\373\320\322\372\220\002 P\261h\320Em\334\333\372\353\242\233\022\256\214\002pi\237m\261Y\3067\306\352wlp\243\243\262""; ","validation: """"\200\000\000\001&\000\000\000\007)/\352\224\013:\211l\014`\252m\212dQ\311\347s\234ae\204\263\365U\334\372D\354\345\276\201f\035\271%#\375\245\314.""\373\330&\3746P\027\000\000\000\000\000\000\000\000\000\000\000\000\000\000\000\000\000\000\000\000\000\000\000\000\000\000\000\000\000\000\000\000P\031\221=\252\002\267\225zg\264\253\271T\346ji\003\235\236Pis\264\375\222|H\344\261g?[gs!\003\325Q\255\224\274R@\312\253\262\347\352\034\346\347\242\215,\312\376=\277\353{\350\225\301\305`^, vG0E\002!\000\365\375c\274J\253\352+\036\374\331\027\360\305+\n]~A#N\033u\206\205\332\337\373\320\322\372\220\002 P\261h\320Em\334\333\372\353\242\233\022\256\214\002pi\237m\261Y\3067\306\352wlp\243\243\262""; "
1750587275872,1750587275872,1591,1,3,1,TMStatusChange,"newEvent: neACCEPTED_LEDGER; ledgerSeq: 7; ledgerHash: ""\311\347s\234ae\204\263\365U\334\372D\354\345\276\201f\035\271%#\375\245\314.""\373\330&\3746""; ledgerHashPrevious: ""\221=\252\002\267\225zg\264\253\271T\346ji\003\235\236Pis\264\375\222|H\344\261g?[g""; networkTime: 803902475; firstSeq: 1; lastSeq: 6; ","newEvent: neACCEPTED_LEDGER; ledgerSeq: 7; ledgerHash: ""\311\347s\234ae\204\263\365U\334\372D\354\345\276\201f\035\271%#\375\245\314.""\373\330&\3746""; ledgerHashPrevious: ""\221=\252\002\267\225zg\264\253\271T\346ji\003\235\236Pis\264\375\222|H\344\261g?[g""; networkTime: 803902475; firstSeq: 1; lastSeq: 6; "
1750587275892,1750587275892,486,1,4,0,TMLedgerData,"ledgerHash: ""u\315\243\367\211\2625\240r:n\277\003\026\366\353'\216jy9\\001\220\223~\341j\254O\025\257""; ledgerSeq: 0; type: liTS_CANDIDATE; nodes {;   nodedata: ""\022\000\000""\000\000\000\000$\000\000\000\001 \033\000\000\000\027a@\000\000\027H\206*@h@\000\000\000\000\000\000\ns!\0030\347\374\235V\273%\326\211;\243\363\027\256[\3173\263)\033\326=\263&T\243\023""/\177\320 tF0D\002 0\023\341\332; \2711\245\020\321\3300\345\267-)\230\177\246\236AQ\327\203\207H\226+\000%\336\002 \024\036\211\237\201t\376\272E\270\230\020\334\014\356g\273\025((\376\266\216@ \254^2T\233\013\034\201\024\265\367by\212S\325C\240\024\312\370\262\227\317\370\362\3717\350\203\024E0\246\210\344\325\345r\024T\251\006P\255\352\333\372\351\337\302\000"";   nodeid: ""\240\000\000\000\000\000\000\000\000\000\000\000\000\000\000\000\000\000\000\000\000\000\000\000\000\000\000\000\000\000\000\000\001""; }; ","ledgerHash: ""u\315\243\367\211\2625\240r:n\277\003\026\366\353'\216jy9\\001\220\223~\341j\254O\025\257""; ledgerSeq: 0; type: liTS_CANDIDATE; nodes {;   nodedata: ""\022\000\000""\000\000\000\000$\000\000\000\001 \033\000\000\000\027a@\000\000\027H\206*@h@\000\000\000\000\000\000\ns!\0030\347\374\235V\273%\326\211;\243\363\027\256[\3173\263)\033\326=\263&T\243\023""/\177\320 tF0D\002 0\023\341\332; \2711\245\020\321\3300\345\267-)\230\177\246\236AQ\327\203\207H\226+\000%\336\002 \024\036\211\237\201t\376\272E\270\230\020\334\014\356g\273\025((\376\266\216@ \254^2T\233\013\034\201\024\265\367by\212S\325C\240\024\312\370\262\227\317\370\362\3717\350\203\024E0\246\210\344\325\345r\024T\251\006P\255\352\333\372\351\337\302\000"";   nodeid: ""\240\000\000\000\000\000\000\000\000\000\000\000\000\000\000\000\000\000\000\000\000\000\000\000\000\000\000\000\000\000\000\000\001""; }; "
1750587275910,1750587275910,3767,1,3,0,TMValidation,"validation: """"\200\000\000\001&\000\000\000\007)/\352\224\013:\211l\014`\252m\212dQ\311\347s\234ae\204\263\365U\334\372D\354\345\276\201f\035\271%#\375\245\314.""\373\330&\3746P\027\000\000\000\000\000\000\000\000\000\000\000\000\000\000\000\000\000\000\000\000\000\000\000\000\000\000\000\000\000\000\000\000P\031\221=\252\002\267\225zg\264\253\271T\346ji\003\235\236Pis\264\375\222|H\344\261g?[gs!\003\325Q\255\224\274R@\312\253\262\347\352\034\346\347\242\215,\312\376=\277\353{\350\225\301\305`^, vG0E\002!\000\365\375c\274J\253\352+\036\374\331\027\360\305+\n]~A#N\033u\206\205\332\337\373\320\322\372\220\002 P\261h\320Em\334\333\372\353\242\233\022\256\214\002pi\237m\261Y\3067\306\352wlp\243\243\262""; ","validation: """"\200\000\000\001&\000\000\000\007)/\352\224\013:\211l\014`\252m\212dQ\311\347s\234ae\204\263\365U\334\372D\354\345\276\201f\035\271%#\375\245\314.""\373\330&\3746P\027\000\000\000\000\000\000\000\000\000\000\000\000\000\000\000\000\000\000\000\000\000\000\000\000\000\000\000\000\000\000\000\000P\031\221=\252\002\267\225zg\264\253\271T\346ji\003\235\236Pis\264\375\222|H\344\261g?[gs!\003\325Q\255\224\274R@\312\253\262\347\352\034\346\347\242\215,\312\376=\277\353{\350\225\301\305`^, vG0E\002!\000\365\375c\274J\253\352+\036\374\331\027\360\305+\n]~A#N\033u\206\205\332\337\373\320\322\372\220\002 P\261h\320Em\334\333\372\353\242\233\022\256\214\002pi\237m\261Y\3067\306\352wlp\243\243\262""; "
1750587275910,1750587275910,3501,1,3,4,TMValidation,"validation: """"\200\000\000\001&\000\000\000\007)/\352\224\013:\211l\014`\252m\212dQ\311\347s\234ae\204\263\365U\334\372D\354\345\276\201f\035\271%#\375\245\314.""\373\330&\3746P\027\000\000\000\000\000\000\000\000\000\000\000\000\000\000\000\000\000\000\000\000\000\000\000\000\000\000\000\000\000\000\000\000P\031\221=\252\002\267\225zg\264\253\271T\346ji\003\235\236Pis\264\375\222|H\344\261g?[gs!\003\325Q\255\224\274R@\312\253\262\347\352\034\346\347\242\215,\312\376=\277\353{\350\225\301\305`^, vG0E\002!\000\365\375c\274J\253\352+\036\374\331\027\360\305+\n]~A#N\033u\206\205\332\337\373\320\322\372\220\002 P\261h\320Em\334\333\372\353\242\233\022\256\214\002pi\237m\261Y\3067\306\352wlp\243\243\262""; ","validation: """"\200\000\000\001&\000\000\000\007)/\352\224\013:\211l\014`\252m\212dQ\311\347s\234ae\204\263\365U\334\372D\354\345\276\201f\035\271%#\375\245\314.""\373\330&\3746P\027\000\000\000\000\000\000\000\000\000\000\000\000\000\000\000\000\000\000\000\000\000\000\000\000\000\000\000\000\000\000\000\000P\031\221=\252\002\267\225zg\264\253\271T\346ji\003\235\236Pis\264\375\222|H\344\261g?[gs!\003\325Q\255\224\274R@\312\253\262\347\352\034\346\347\242\215,\312\376=\277\353{\350\225\301\305`^, vG0E\002!\000\365\375c\274J\253\352+\036\374\331\027\360\305+\n]~A#N\033u\206\205\332\337\373\320\322\372\220\002 P\261h\320Em\334\333\372\353\242\233\022\256\214\002pi\237m\261Y\3067\306\352wlp\243\243\262""; "
1750587275927,1750587275927,628,1,3,2,TMLedgerData,"ledgerHash: ""u\315\243\367\211\2625\240r:n\277\003\026\366\353'\216jy9\\001\220\223~\341j\254O\025\257""; ledgerSeq: 0; type: liTS_CANDIDATE; nodes {;   nodedata: ""\022\000\000""\000\000\000\000$\000\000\000\001 \033\000\000\000\027a@\000\000\027H\206*@h@\000\000\000\000\000\000\ns!\0030\347\374\235V\273%\326\211;\243\363\027\256[\3173\263)\033\326=\263&T\243\023""/\177\320 tF0D\002 0\023\341\332; \2711\245\020\321\3300\345\267-)\230\177\246\236AQ\327\203\207H\226+\000%\336\002 \024\036\211\237\201t\376\272E\270\230\020\334\014\356g\273\025((\376\266\216@ \254^2T\233\013\034\201\024\265\367by\212S\325C\240\024\312\370\262\227\317\370\362\3717\350\203\024E0\246\210\344\325\345r\024T\251\006P\255\352\333\372\351\337\302\000"";   nodeid: ""\240\000\000\000\000\000\000\000\000\000\000\000\000\000\000\000\000\000\000\000\000\000\000\000\000\000\000\000\000\000\000\000\001""; }; requestCookie: 2; ","ledgerHash: ""u\315\243\367\211\2625\240r:n\277\003\026\366\353'\216jy9\\001\220\223~\341j\254O\025\257""; ledgerSeq: 0; type: liTS_CANDIDATE; nodes {;   nodedata: ""\022\000\000""\000\000\000\000$\000\000\000\001 \033\000\000\000\027a@\000\000\027H\206*@h@\000\000\000\000\000\000\ns!\0030\347\374\235V\273%\326\211;\243\363\027\256[\3173\263)\033\326=\263&T\243\023""/\177\320 tF0D\002 0\023\341\332; \2711\245\020\321\3300\345\267-)\230\177\246\236AQ\327\203\207H\226+\000%\336\002 \024\036\211\237\201t\376\272E\270\230\020\334\014\356g\273\025((\376\266\216@ \254^2T\233\013\034\201\024\265\367by\212S\325C\240\024\312\370\262\227\317\370\362\3717\350\203\024E0\246\210\344\325\345r\024T\251\006P\255\352\333\372\351\337\302\000"";   nodeid: ""\240\000\000\000\000\000\000\000\000\000\000\000\000\000\000\000\000\000\000\000\000\000\000\000\000\000\000\000\000\000\000\000\001""; }; requestCookie: 2; "
1750587276032,1750587276033,1650,1,3,4,TMLedgerData,"ledgerHash: ""u\315\243\367\211\2625\240r:n\277\003\026\366\353'\216jy9\\001\220\223~\341j\254O\025\257""; ledgerSeq: 0; type: liTS_CANDIDATE; nodes {;   nodedata: ""\022\000\000""\000\000\000\000$\000\000\000\001 \033\000\000\000\027a@\000\000\027H\206*@h@\000\000\000\000\000\000\ns!\0030\347\374\235V\273%\326\211;\243\363\027\256[\3173\263)\033\326=\263&T\243\023""/\177\320 tF0D\002 0\023\341\332; \2711\245\020\321\3300\345\267-)\230\177\246\236AQ\327\203\207H\226+\000%\336\002 \024\036\211\237\201t\376\272E\270\230\020\334\014\356g\273\025((\376\266\216@ \254^2T\233\013\034\201\024\265\367by\212S\325C\240\024\312\370\262\227\317\370\362\3717\350\203\024E0\246\210\344\325\345r\024T\251\006P\255\352\333\372\351\337\302\000"";   nodeid: ""\240\000\000\000\000\000\000\000\000\000\000\000\000\000\000\000\000\000\000\000\000\000\000\000\000\000\000\000\000\000\000\000\001""; }; requestCookie: 1; ","ledgerHash: ""u\315\243\367\211\2625\240r:n\277\003\026\366\353'\216jy9\\001\220\223~\341j\254O\025\257""; ledgerSeq: 0; type: liTS_CANDIDATE; nodes {;   nodedata: ""\022\000\000""\000\000\000\000$\000\000\000\001 \033\000\000\000\027a@\000\000\027H\206*@h@\000\000\000\000\000\000\ns!\0030\347\374\235V\273%\326\211;\243\363\027\256[\3173\263)\033\326=\263&T\243\023""/\177\320 tF0D\002 0\023\341\332; \2711\245\020\321\3300\345\267-)\230\177\246\236AQ\327\203\207H\226+\000%\336\002 \024\036\211\237\201t\376\272E\270\230\020\334\014\356g\273\025((\376\266\216@ \254^2T\233\013\034\201\024\265\367by\212S\325C\240\024\312\370\262\227\317\370\362\3717\350\203\024E0\246\210\344\325\345r\024T\251\006P\255\352\333\372\351\337\302\000"";   nodeid: ""\240\000\000\000\000\000\000\000\000\000\000\000\000\000\000\000\000\000\000\000\000\000\000\000\000\000\000\000\000\000\000\000\001""; }; requestCookie: 1; "
1750587276048,1750587276048,141,1,0,3,TMProposeSet,"proposeSeq: 0; currentTxHash: ""\000\000\000\000\000\000\000\000\000\000\000\000\000\000\000\000\000\000\000\000\000\000\000\000\000\000\000\000\000\000\000\000""; nodePubKey: ""\003ql\302)\235\321\t\213\224\356\374%%\311\327\037\374\304\t\335\2359\344\233\035]\347<u\236\364\222""; closeTime: 803902473; signature: ""0D\002 v:\232\251\354%\361\300\340\265\366\232\221;\323`p\2656\203M\304\3123\214\325-\022\347\027\213\262\002 e\013\250#\314h\267\005Z\370\227\234\217\345\037\337\n(%\0173\241\023W\237\3006\370\212\360\201\033""; previousledger: ""\221=\252\002\267\225zg\264\253\271T\346ji\003\235\236Pis\264\375\222|H\344\261g?[g""; ","proposeSeq: 0; currentTxHash: ""\000\000\000\000\000\000\000\000\000\000\000\000\000\000\000\000\000\000\000\000\000\000\000\000\000\000\000\000\000\000\000\000""; nodePubKey: ""\003ql\302)\235\321\t\213\224\356\374%%\311\327\037\374\304\t\335\2359\344\233\035]\347<u\236\364\222""; closeTime: 803902473; signature: ""0D\002 v:\232\251\354%\361\300\340\265\366\232\221;\323`p\2656\203M\304\3123\214\325-\022\347\027\213\262\002 e\013\250#\314h\267\005Z\370\227\234\217\345\037\337\n(%\0173\241\023W\237\3006\370\212\360\201\033""; previousledger: ""\221=\252\002\267\225zg\264\253\271T\346ji\003\235\236Pis\264\375\222|H\344\261g?[g""; "
1750587276048,1750587276048,2970,1,0,4,TMProposeSet,"proposeSeq: 0; currentTxHash: ""\000\000\000\000\000\000\000\000\000\000\000\000\000\000\000\000\000\000\000\000\000\000\000\000\000\000\000\000\000\000\000\000""; nodePubKey: ""\003ql\302)\235\321\t\213\224\356\374%%\311\327\037\374\304\t\335\2359\344\233\035]\347<u\236\364\222""; closeTime: 803902473; signature: ""0D\002 v:\232\251\354%\361\300\340\265\366\232\221;\323`p\2656\203M\304\3123\214\325-\022\347\027\213\262\002 e\013\250#\314h\267\005Z\370\227\234\217\345\037\337\n(%\0173\241\023W\237\3006\370\212\360\201\033""; previousledger: ""\221=\252\002\267\225zg\264\253\271T\346ji\003\235\236Pis\264\375\222|H\344\261g?[g""; ","proposeSeq: 0; currentTxHash: ""\000\000\000\000\000\000\000\000\000\000\000\000\000\000\000\000\000\000\000\000\000\000\000\000\000\000\000\000\000\000\000\000""; nodePubKey: ""\003ql\302)\235\321\t\213\224\356\374%%\311\327\037\374\304\t\335\2359\344\233\035]\347<u\236\364\222""; closeTime: 803902473; signature: ""0D\002 v:\232\251\354%\361\300\340\265\366\232\221;\323`p\2656\203M\304\3123\214\325-\022\347\027\213\262\002 e\013\250#\314h\267\005Z\370\227\234\217\345\037\337\n(%\0173\241\023W\237\3006\370\212\360\201\033""; previousledger: ""\221=\252\002\267\225zg\264\253\271T\346ji\003\235\236Pis\264\375\222|H\344\261g?[g""; "
1750587276049,1750587276049,1290,1,0,2,TMProposeSet,"proposeSeq: 0; currentTxHash: ""\000\000\000\000\000\000\000\000\000\000\000\000\000\000\000\000\000\000\000\000\000\000\000\000\000\000\000\000\000\000\000\000""; nodePubKey: ""\003ql\302)\235\321\t\213\224\356\374%%\311\327\037\374\304\t\335\2359\344\233\035]\347<u\236\364\222""; closeTime: 803902473; signature: ""0D\002 v:\232\251\354%\361\300\340\265\366\232\221;\323`p\2656\203M\304\3123\214\325-\022\347\027\213\262\002 e\013\250#\314h\267\005Z\370\227\234\217\345\037\337\n(%\0173\241\023W\237\3006\370\212\360\201\033""; previousledger: ""\221=\252\002\267\225zg\264\253\271T\346ji\003\235\236Pis\264\375\222|H\344\261g?[g""; ","proposeSeq: 0; currentTxHash: ""\000\000\000\000\000\000\000\000\000\000\000\000\000\000\000\000\000\000\000\000\000\000\000\000\000\000\000\000\000\000\000\000""; nodePubKey: ""\003ql\302)\235\321\t\213\224\356\374%%\311\327\037\374\304\t\335\2359\344\233\035]\347<u\236\364\222""; closeTime: 803902473; signature: ""0D\002 v:\232\251\354%\361\300\340\265\366\232\221;\323`p\2656\203M\304\3123\214\325-\022\347\027\213\262\002 e\013\250#\314h\267\005Z\370\227\234\217\345\037\337\n(%\0173\241\023W\237\3006\370\212\360\201\033""; previousledger: ""\221=\252\002\267\225zg\264\253\271T\346ji\003\235\236Pis\264\375\222|H\344\261g?[g""; "
1750587276058,1750587276058,3097,1,2,0,TMLedgerData,"ledgerHash: ""u\315\243\367\211\2625\240r:n\277\003\026\366\353'\216jy9\\001\220\223~\341j\254O\025\257""; ledgerSeq: 0; type: liTS_CANDIDATE; nodes {;   nodedata: ""\246C\232\272\013^\241\340~\030'\005/\234\037\355\231\230\017\266\365\303w\360\273\374\234\362S:\270\023\n\003"";   nodeid: ""\000\000\000\000\000\000\000\000\000\000\000\000\000\000\000\000\000\000\000\000\000\000\000\000\000\000\000\000\000\000\000\000\000""; }; ","ledgerHash: ""u\315\243\367\211\2625\240r:n\277\003\026\366\353'\216jy9\\001\220\223~\341j\254O\025\257""; ledgerSeq: 0; type: liTS_CANDIDATE; nodes {;   nodedata: ""\246C\232\272\013^\241\340~\030'\005/\234\037\355\231\230\017\266\365\303w\360\273\374\234\362S:\270\023\n\003"";   nodeid: ""\000\000\000\000\000\000\000\000\000\000\000\000\000\000\000\000\000\000\000\000\000\000\000\000\000\000\000\000\000\000\000\000\000""; }; "
1750587276097,1750587276097,3097,1,2,0,TMLedgerData,"ledgerHash: ""u\315\243\367\211\2625\240r:n\277\003\026\366\353'\216jy9\\001\220\223~\341j\254O\025\257""; ledgerSeq: 0; type: liTS_CANDIDATE; nodes {;   nodedata: ""\022\000\000""\000\000\000\000$\000\000\000\001 \033\000\000\000\027a@\000\000\027H\206*@h@\000\000\000\000\000\000\ns!\0030\347\374\235V\273%\326\211;\243\363\027\256[\3173\263)\033\326=\263&T\243\023""/\177\320 tF0D\002 0\023\341\332; \2711\245\020\321\3300\345\267-)\230\177\246\236AQ\327\203\207H\226+\000%\336\002 \024\036\211\237\201t\376\272E\270\230\020\334\014\356g\273\025((\376\266\216@ \254^2T\233\013\034\201\024\265\367by\212S\325C\240\024\312\370\262\227\317\370\362\3717\350\203\024E0\246\210\344\325\345r\024T\251\006P\255\352\333\372\351\337\302\000"";   nodeid: ""\240\000\000\000\000\000\000\000\000\000\000\000\000\000\000\000\000\000\000\000\000\000\000\000\000\000\000\000\000\000\000\000\001""; }; ","ledgerHash: ""u\315\243\367\211\2625\240r:n\277\003\026\366\353'\216jy9\\001\220\223~\341j\254O\025\257""; ledgerSeq: 0; type: liTS_CANDIDATE; nodes {;   nodedata: ""\022\000\000""\000\000\000\000$\000\000\000\001 \033\000\000\000\027a@\000\000\027H\206*@h@\000\000\000\000\000\000\ns!\0030\347\374\235V\273%\326\211;\243\363\027\256[\3173\263)\033\326=\263&T\243\023""/\177\320 tF0D\002 0\023\341\332; \2711\245\020\321\3300\345\267-)\230\177\246\236AQ\327\203\207H\226+\000%\336\002 \024\036\211\237\201t\376\272E\270\230\020\334\014\356g\273\025((\376\266\216@ \254^2T\233\013\034\201\024\265\367by\212S\325C\240\024\312\370\262\227\317\370\362\3717\350\203\024E0\246\210\344\325\345r\024T\251\006P\255\352\333\372\351\337\302\000"";   nodeid: ""\240\000\000\000\000\000\000\000\000\000\000\000\000\000\000\000\000\000\000\000\000\000\000\000\000\000\000\000\000\000\000\000\001""; }; "
1750587276109,1750587276109,486,1,4,0,TMLedgerData,"ledgerHash: ""u\315\243\367\211\2625\240r:n\277\003\026\366\353'\216jy9\\001\220\223~\341j\254O\025\257""; ledgerSeq: 0; type: liTS_CANDIDATE; nodes {;   nodedata: ""\022\000\000""\000\000\000\000$\000\000\000\001 \033\000\000\000\027a@\000\000\027H\206*@h@\000\000\000\000\000\000\ns!\0030\347\374\235V\273%\326\211;\243\363\027\256[\3173\263)\033\326=\263&T\243\023""/\177\320 tF0D\002 0\023\341\332; \2711\245\020\321\3300\345\267-)\230\177\246\236AQ\327\203\207H\226+\000%\336\002 \024\036\211\237\201t\376\272E\270\230\020\334\014\356g\273\025((\376\266\216@ \254^2T\233\013\034\201\024\265\367by\212S\325C\240\024\312\370\262\227\317\370\362\3717\350\203\024E0\246\210\344\325\345r\024T\251\006P\255\352\333\372\351\337\302\000"";   nodeid: ""\240\000\000\000\000\000\000\000\000\000\000\000\000\000\000\000\000\000\000\000\000\000\000\000\000\000\000\000\000\000\000\000\001""; }; ","ledgerHash: ""u\315\243\367\211\2625\240r:n\277\003\026\366\353'\216jy9\\001\220\223~\341j\254O\025\257""; ledgerSeq: 0; type: liTS_CANDIDATE; nodes {;   nodedata: ""\022\000\000""\000\000\000\000$\000\000\000\001 \033\000\000\000\027a@\000\000\027H\206*@h@\000\000\000\000\000\000\ns!\0030\347\374\235V\273%\326\211;\243\363\027\256[\3173\263)\033\326=\263&T\243\023""/\177\320 tF0D\002 0\023\341\332; \2711\245\020\321\3300\345\267-)\230\177\246\236AQ\327\203\207H\226+\000%\336\002 \024\036\211\237\201t\376\272E\270\230\020\334\014\356g\273\025((\376\266\216@ \254^2T\233\013\034\201\024\265\367by\212S\325C\240\024\312\370\262\227\317\370\362\3717\350\203\024E0\246\210\344\325\345r\024T\251\006P\255\352\333\372\351\337\302\000"";   nodeid: ""\240\000\000\000\000\000\000\000\000\000\000\000\000\000\000\000\000\000\000\000\000\000\000\000\000\000\000\000\000\000\000\000\001""; }; "
1750587276113,1750587276114,2573,1,3,1,TMValidation,"validation: """"\200\000\000\001&\000\000\000\007)/\352\224\n:v|\203\267)\257\206\032Q\311\347s\234ae\204\263\365U\334\372D\354\345\276\201f\035\271%#\375\245\314.""\373\330&\3746P\027\000\000\000\000\000\000\000\000\000\000\000\000\000\000\000\000\000\000\000\000\000\000\000\000\000\000\000\000\000\000\000\000P\031\221=\252\002\267\225zg\264\253\271T\346ji\003\235\236Pis\264\375\222|H\344\261g?[gs!\003.\200\224\215?)t\306\315\242\313\251\255\302\204=\232.\271%}\013\024s\024\002@\216l""\241FvG0E\002!\000\201\3352A\dJ\377\005\310\204P\314|\260a\3151\035\302\317V\2359\014\376\005B\030\376\244\321\002 \r\346\002\222-[j\005\372F)\205\016\204\323>Qe\326\n$\334\345\020:\201\261~\345\333aH""; ","validation: """"\200\000\000\001&\000\000\000\007)/\352\224\n:v|\203\267)\257\206\032Q\311\347s\234ae\204\263\365U\334\372D\354\345\276\201f\035\271%#\375\245\314.""\373\330&\3746P\027\000\000\000\000\000\000\000\000\000\000\000\000\000\000\000\000\000\000\000\000\000\000\000\000\000\000\000\000\000\000\000\000P\031\221=\252\002\267\225zg\264\253\271T\346ji\003\235\236Pis\264\375\222|H\344\261g?[gs!\003.\200\224\215?)t\306\315\242\313\251\255\302\204=\232.\271%}\013\024s\024\002@\216l""\241FvG0E\002!\000\201\3352A\dJ\377\005\310\204P\314|\260a\3151\035\302\317V\2359\014\376\005B\030\376\244\321\002 \r\346\002\222-[j\005\372F)\205\016\204\323>Qe\326\n$\334\345\020:\201\261~\345\333aH""; "
1750587276114,1750587276114,3767,1,3,0,TMValidation,"validation: """"\200\000\000\001&\000\000\000\007)/\352\224\n:v|\203\267)\257\206\032Q\311\347s\234ae\204\263\365U\334\372D\354\345\276\201f\035\271%#\375\245\314.""\373\330&\3746P\027\000\000\000\000\000\000\000\000\000\000\000\000\000\000\000\000\000\000\000\000\000\000\000\000\000\000\000\000\000\000\000\000P\031\221=\252\002\267\225zg\264\253\271T\346ji\003\235\236Pis\264\375\222|H\344\261g?[gs!\003.\200\224\215?)t\306\315\242\313\251\255\302\204=\232.\271%}\013\024s\024\002@\216l""\241FvG0E\002!\000\201\3352A\dJ\377\005\310\204P\314|\260a\3151\035\302\317V\2359\014\376\005B\030\376\244\321\002 \r\346\002\222-[j\005\372F)\205\016\204\323>Qe\326\n$\334\345\020:\201\261~\345\333aH""; ","validation: """"\200\000\000\001&\000\000\000\007)/\352\224\n:v|\203\267)\257\206\032Q\311\347s\234ae\204\263\365U\334\372D\354\345\276\201f\035\271%#\375\245\314.""\373\330&\3746P\027\000\000\000\000\000\000\000\000\000\000\000\000\000\000\000\000\000\000\000\000\000\000\000\000\000\000\000\000\000\000\000\000P\031\221=\252\002\267\225zg\264\253\271T\346ji\003\235\236Pis\264\375\222|H\344\261g?[gs!\003.\200\224\215?)t\306\315\242\313\251\255\302\204=\232.\271%}\013\024s\024\002@\216l""\241FvG0E\002!\000\201\3352A\dJ\377\005\310\204P\314|\260a\3151\035\302\317V\2359\014\376\005B\030\376\244\321\002 \r\346\002\222-[j\005\372F)\205\016\204\323>Qe\326\n$\334\345\020:\201\261~\345\333aH""; "
1750587276114,1750587276115,734,1,3,2,TMValidation,"validation: """"\200\000\000\001&\000\000\000\007)/\352\224\n:v|\203\267)\257\206\032Q\311\347s\234ae\204\263\365U\334\372D\354\345\276\201f\035\271%#\375\245\314.""\373\330&\3746P\027\000\000\000\000\000\000\000\000\000\000\000\000\000\000\000\000\000\000\000\000\000\000\000\000\000\000\000\000\000\000\000\000P\031\221=\252\002\267\225zg\264\253\271T\346ji\003\235\236Pis\264\375\222|H\344\261g?[gs!\003.\200\224\215?)t\306\315\242\313\251\255\302\204=\232.\271%}\013\024s\024\002@\216l""\241FvG0E\002!\000\201\3352A\dJ\377\005\310\204P\314|\260a\3151\035\302\317V\2359\014\376\005B\030\376\244\321\002 \r\346\002\222-[j\005\372F)\205\016\204\323>Qe\326\n$\334\345\020:\201\261~\345\333aH""; ","validation: """"\200\000\000\001&\000\000\000\007)/\352\224\n:v|\203\267)\257\206\032Q\311\347s\234ae\204\263\365U\334\372D\354\345\276\201f\035\271%#\375\245\314.""\373\330&\3746P\027\000\000\000\000\000\000\000\000\000\000\000\000\000\000\000\000\000\000\000\000\000\000\000\000\000\000\000\000\000\000\000\000P\031\221=\252\002\267\225zg\264\253\271T\346ji\003\235\236Pis\264\375\222|H\344\261g?[gs!\003.\200\224\215?)t\306\315\242\313\251\255\302\204=\232.\271%}\013\024s\024\002@\216l""\241FvG0E\002!\000\201\3352A\dJ\377\005\310\204P\314|\260a\3151\035\302\317V\2359\014\376\005B\030\376\244\321\002 \r\346\002\222-[j\005\372F)\205\016\204\323>Qe\326\n$\334\345\020:\201\261~\345\333aH""; "
1750587276146,1750587276147,1590,1,3,2,TMGetLedger,"itype: liTS_CANDIDATE; ledgerHash: ""\r!N\267\203~\313a\272~\344A\332\034\332r\\301\240a\307\341\261(c(\021\265B\030@(""; nodeIDs: ""\000\000\000\000\000\000\000\000\000\000\000\000\000\000\000\000\000\000\000\000\000\000\000\000\000\000\000\000\000\000\000\000\000""; queryType: qtINDIRECT; queryDepth: 3; ","itype: liTS_CANDIDATE; ledgerHash: ""\r!N\267\203~\313a\272~\344A\332\034\332r\\301\240a\307\341\261(c(\021\265B\030@(""; nodeIDs: ""\000\000\000\000\000\000\000\000\000\000\000\000\000\000\000\000\000\000\000\000\000\000\000\000\000\000\000\000\000\000\000\000\000""; queryType: qtINDIRECT; queryDepth: 3; "
1750587276148,1750587276148,3118,1,3,4,TMGetLedger,"itype: liTS_CANDIDATE; ledgerHash: ""\r!N\267\203~\313a\272~\344A\332\034\332r\\301\240a\307\341\261(c(\021\265B\030@(""; nodeIDs: ""\000\000\000\000\000\000\000\000\000\000\000\000\000\000\000\000\000\000\000\000\000\000\000\000\000\000\000\000\000\000\000\000\000""; queryType: qtINDIRECT; queryDepth: 3; ","itype: liTS_CANDIDATE; ledgerHash: ""\r!N\267\203~\313a\272~\344A\332\034\332r\\301\240a\307\341\261(c(\021\265B\030@(""; nodeIDs: ""\000\000\000\000\000\000\000\000\000\000\000\000\000\000\000\000\000\000\000\000\000\000\000\000\000\000\000\000\000\000\000\000\000""; queryType: qtINDIRECT; queryDepth: 3; "
1750587276147,1750587276147,2142,1,3,1,TMGetLedger,"itype: liTS_CANDIDATE; ledgerHash: ""\r!N\267\203~\313a\272~\344A\332\034\332r\\301\240a\307\341\261(c(\021\265B\030@(""; nodeIDs: ""\000\000\000\000\000\000\000\000\000\000\000\000\000\000\000\000\000\000\000\000\000\000\000\000\000\000\000\000\000\000\000\000\000""; queryType: qtINDIRECT; queryDepth: 3; ","itype: liTS_CANDIDATE; ledgerHash: ""\r!N\267\203~\313a\272~\344A\332\034\332r\\301\240a\307\341\261(c(\021\265B\030@(""; nodeIDs: ""\000\000\000\000\000\000\000\000\000\000\000\000\000\000\000\000\000\000\000\000\000\000\000\000\000\000\000\000\000\000\000\000\000""; queryType: qtINDIRECT; queryDepth: 3; "
1750587276154,1750587276154,1136,1,3,0,TMGetLedger,"itype: liTS_CANDIDATE; ledgerHash: ""\r!N\267\203~\313a\272~\344A\332\034\332r\\301\240a\307\341\261(c(\021\265B\030@(""; nodeIDs: ""\000\000\000\000\000\000\000\000\000\000\000\000\000\000\000\000\000\000\000\000\000\000\000\000\000\000\000\000\000\000\000\000\000""; queryType: qtINDIRECT; queryDepth: 3; ","itype: liTS_CANDIDATE; ledgerHash: ""\r!N\267\203~\313a\272~\344A\332\034\332r\\301\240a\307\341\261(c(\021\265B\030@(""; nodeIDs: ""\000\000\000\000\000\000\000\000\000\000\000\000\000\000\000\000\000\000\000\000\000\000\000\000\000\000\000\000\000\000\000\000\000""; queryType: qtINDIRECT; queryDepth: 3; "
1750587276162,1750587276162,628,1,3,2,TMLedgerData,"ledgerHash: ""\221=\252\002\267\225zg\264\253\271T\346ji\003\235\236Pis\264\375\222|H\344\261g?[g""; ledgerSeq: 6; type: liBASE; nodes {;   nodedata: ""\000\000\000\006\001cEx]\211\377\342\372\373$P*|\321\342\002\026\n\3215\340\3203\200x\327D\301]5\237\247Yz\3711!L\214\320\302\265:\257W\231\020\304\223\375j""\001>\2709[\332\026}\201\304\212%1I\204\276^\221\221=x\307w\255\000\215Q\353A\3718+\274=\351q)\352\344""g\204\232\273\260\0308C|.\222/\352\224\006/\352\224\007\n\000""; }; nodes {;   nodedata: ""h\315\350\215y\203\242]\371\235\232Pt&\325\210eZ\346\237XZ \277\2457n\221\336\253\245\317\002w\n\356\350\316{k\272E0\225\362\025\010\366\367\372\263\355xq\360\261\376M<\356\347\007zf\307\006E\344\037@\210\363\010\336T\226\247'\204_{\261\370""1\235\2445\343\033Y!\212\201\341\272\225'\007*$\244&\336\343'\233i\332\374\245 {^\306-N\333\gE\006\347\212\331C\211Z\177\247\031\n\302\003\336\340\3712Ct\2360uN\242=\313\232\211\216\325\003\006\023\241M\005\237\220\376\n\024\377\020\013\210`4\253""\302f\230\374\037bx\0145C\307\337\316[\244d\302\3031\347\300\025aX\357\226\221\016\003""; }; nodes {;   nodedata: ""b,\017\360\232\340\032k\266\261\310\203t\367\332\010\217\222H\265*\251UX)\204&\022>`\307\320\tH\207'\260O\036\277d\007\241I/}w\3124Q\037\312]\232\030S^\2304,\223AK\317'\n\256\240\375\261\373:\325u\364WwFw|p]\363\363\357\256^l\236\262@\370\374\352\327\246\255\035\013\003""; }; ","ledgerHash: ""\221=\252\002\267\225zg\264\253\271T\346ji\003\235\236Pis\264\375\222|H\344\261g?[g""; ledgerSeq: 6; type: liBASE; nodes {;   nodedata: ""\000\000\000\006\001cEx]\211\377\342\372\373$P*|\321\342\002\026\n\3215\340\3203\200x\327D\301]5\237\247Yz\3711!L\214\320\302\265:\257W\231\020\304\223\375j""\001>\2709[\332\026}\201\304\212%1I\204\276^\221\221=x\307w\255\000\215Q\353A\3718+\274=\351q)\352\344""g\204\232\273\260\0308C|.\222/\352\224\006/\352\224\007\n\000""; }; nodes {;   nodedata: ""h\315\350\215y\203\242]\371\235\232Pt&\325\210eZ\346\237XZ \277\2457n\221\336\253\245\317\002w\n\356\350\316{k\272E0\225\362\025\010\366\367\372\263\355xq\360\261\376M<\356\347\007zf\307\006E\344\037@\210\363\010\336T\226\247'\204_{\261\370""1\235\2445\343\033Y!\212\201\341\272\225'\007*$\244&\336\343'\233i\332\374\245 {^\306-N\333\gE\006\347\212\331C\211Z\177\247\031\n\302\003\336\340\3712Ct\2360uN\242=\313\232\211\216\325\003\006\023\241M\005\237\220\376\n\024\377\020\013\210`4\253""\302f\230\374\037bx\0145C\307\337\316[\244d\302\3031\347\300\025aX\357\226\221\016\003""; }; nodes {;   nodedata: ""b,\017\360\232\340\032k\266\261\310\203t\367\332\010\217\222H\265*\251UX)\204&\022>`\307\320\tH\207'\260O\036\277d\007\241I/}w\3124Q\037\312]\232\030S^\2304,\223AK\317'\n\256\240\375\261\373:\325u\364WwFw|p]\363\363\357\256^l\236\262@\370\374\352\327\246\255\035\013\003""; }; "
1750587276195,1750587276195,674,1,1,2,TMGetLedger,"itype: liTS_CANDIDATE; ledgerHash: ""\r!N\267\203~\313a\272~\344A\332\034\332r\\301\240a\307\341\261(c(\021\265B\030@(""; nodeIDs: ""\000\000\000\000\000\000\000\000\000\000\000\000\000\000\000\000\000\000\000\000\000\000\000\000\000\000\000\000\000\000\000\000\000""; queryType: qtINDIRECT; queryDepth: 3; ","itype: liTS_CANDIDATE; ledgerHash: ""\r!N\267\203~\313a\272~\344A\332\034\332r\\301\240a\307\341\261(c(\021\265B\030@(""; nodeIDs: ""\000\000\000\000\000\000\000\000\000\000\000\000\000\000\000\000\000\000\000\000\000\000\000\000\000\000\000\000\000\000\000\000\000""; queryType: qtINDIRECT; queryDepth: 3; "
1750587276197,1750587276197,2860,1,1,4,TMGetLedger,"itype: liTS_CANDIDATE; ledgerHash: ""\r!N\267\203~\313a\272~\344A\332\034\332r\\301\240a\307\341\261(c(\021\265B\030@(""; nodeIDs: ""\000\000\000\000\000\000\000\000\000\000\000\000\000\000\000\000\000\000\000\000\000\000\000\000\000\000\000\000\000\000\000\000\000""; queryType: qtINDIRECT; queryDepth: 3; ","itype: liTS_CANDIDATE; ledgerHash: ""\r!N\267\203~\313a\272~\344A\332\034\332r\\301\240a\307\341\261(c(\021\265B\030@(""; nodeIDs: ""\000\000\000\000\000\000\000\000\000\000\000\000\000\000\000\000\000\000\000\000\000\000\000\000\000\000\000\000\000\000\000\000\000""; queryType: qtINDIRECT; queryDepth: 3; "
1750587276197,1750587276197,3553,1,1,3,TMGetLedger,"itype: liTS_CANDIDATE; ledgerHash: ""\r!N\267\203~\313a\272~\344A\332\034\332r\\301\240a\307\341\261(c(\021\265B\030@(""; nodeIDs: ""\000\000\000\000\000\000\000\000\000\000\000\000\000\000\000\000\000\000\000\000\000\000\000\000\000\000\000\000\000\000\000\000\000""; queryType: qtINDIRECT; queryDepth: 3; ","itype: liTS_CANDIDATE; ledgerHash: ""\r!N\267\203~\313a\272~\344A\332\034\332r\\301\240a\307\341\261(c(\021\265B\030@(""; nodeIDs: ""\000\000\000\000\000\000\000\000\000\000\000\000\000\000\000\000\000\000\000\000\000\000\000\000\000\000\000\000\000\000\000\000\000""; queryType: qtINDIRECT; queryDepth: 3; "
1750587276196,1750587276197,572,1,1,0,TMGetLedger,"itype: liTS_CANDIDATE; ledgerHash: ""\r!N\267\203~\313a\272~\344A\332\034\332r\\301\240a\307\341\261(c(\021\265B\030@(""; nodeIDs: ""\000\000\000\000\000\000\000\000\000\000\000\000\000\000\000\000\000\000\000\000\000\000\000\000\000\000\000\000\000\000\000\000\000""; queryType: qtINDIRECT; queryDepth: 3; ","itype: liTS_CANDIDATE; ledgerHash: ""\r!N\267\203~\313a\272~\344A\332\034\332r\\301\240a\307\341\261(c(\021\265B\030@(""; nodeIDs: ""\000\000\000\000\000\000\000\000\000\000\000\000\000\000\000\000\000\000\000\000\000\000\000\000\000\000\000\000\000\000\000\000\000""; queryType: qtINDIRECT; queryDepth: 3; "
1750587276205,1750587276205,628,1,3,2,TMLedgerData,"ledgerHash: ""\221=\252\002\267\225zg\264\253\271T\346ji\003\235\236Pis\264\375\222|H\344\261g?[g""; ledgerSeq: 6; type: liBASE; nodes {;   nodedata: ""\000\000\000\006\001cEx]\211\377\342\372\373$P*|\321\342\002\026\n\3215\340\3203\200x\327D\301]5\237\247Yz\3711!L\214\320\302\265:\257W\231\020\304\223\375j""\001>\2709[\332\026}\201\304\212%1I\204\276^\221\221=x\307w\255\000\215Q\353A\3718+\274=\351q)\352\344""g\204\232\273\260\0308C|.\222/\352\224\006/\352\224\007\n\000""; }; nodes {;   nodedata: ""h\315\350\215y\203\242]\371\235\232Pt&\325\210eZ\346\237XZ \277\2457n\221\336\253\245\317\002w\n\356\350\316{k\272E0\225\362\025\010\366\367\372\263\355xq\360\261\376M<\356\347\007zf\307\006E\344\037@\210\363\010\336T\226\247'\204_{\261\370""1\235\2445\343\033Y!\212\201\341\272\225'\007*$\244&\336\343'\233i\332\374\245 {^\306-N\333\gE\006\347\212\331C\211Z\177\247\031\n\302\003\336\340\3712Ct\2360uN\242=\313\232\211\216\325\003\006\023\241M\005\237\220\376\n\024\377\020\013\210`4\253""\302f\230\374\037bx\0145C\307\337\316[\244d\302\3031\347\300\025aX\357\226\221\016\003""; }; nodes {;   nodedata: ""b,\017\360\232\340\032k\266\261\310\203t\367\332\010\217\222H\265*\251UX)\204&\022>`\307\320\tH\207'\260O\036\277d\007\241I/}w\3124Q\037\312]\232\030S^\2304,\223AK\317'\n\256\240\375\261\373:\325u\364WwFw|p]\363\363\357\256^l\236\262@\370\374\352\327\246\255\035\013\003""; }; ","ledgerHash: ""\221=\252\002\267\225zg\264\253\271T\346ji\003\235\236Pis\264\375\222|H\344\261g?[g""; ledgerSeq: 6; type: liBASE; nodes {;   nodedata: ""\000\000\000\006\001cEx]\211\377\342\372\373$P*|\321\342\002\026\n\3215\340\3203\200x\327D\301]5\237\247Yz\3711!L\214\320\302\265:\257W\231\020\304\223\375j""\001>\2709[\332\026}\201\304\212%1I\204\276^\221\221=x\307w\255\000\215Q\353A\3718+\274=\351q)\352\344""g\204\232\273\260\0308C|.\222/\352\224\006/\352\224\007\n\000""; }; nodes {;   nodedata: ""h\315\350\215y\203\242]\371\235\232Pt&\325\210eZ\346\237XZ \277\2457n\221\336\253\245\317\002w\n\356\350\316{k\272E0\225\362\025\010\366\367\372\263\355xq\360\261\376M<\356\347\007zf\307\006E\344\037@\210\363\010\336T\226\247'\204_{\261\370""1\235\2445\343\033Y!\212\201\341\272\225'\007*$\244&\336\343'\233i\332\374\245 {^\306-N\333\gE\006\347\212\331C\211Z\177\247\031\n\302\003\336\340\3712Ct\2360uN\242=\313\232\211\216\325\003\006\023\241M\005\237\220\376\n\024\377\020\013\210`4\253""\302f\230\374\037bx\0145C\307\337\316[\244d\302\3031\347\300\025aX\357\226\221\016\003""; }; nodes {;   nodedata: ""b,\017\360\232\340\032k\266\261\310\203t\367\332\010\217\222H\265*\251UX)\204&\022>`\307\320\tH\207'\260O\036\277d\007\241I/}w\3124Q\037\312]\232\030S^\2304,\223AK\317'\n\256\240\375\261\373:\325u\364WwFw|p]\363\363\357\256^l\236\262@\370\374\352\327\246\255\035\013\003""; }; "
1750587276247,1750587276247,1650,1,3,4,TMLedgerData,"ledgerHash: ""u\315\243\367\211\2625\240r:n\277\003\026\366\353'\216jy9\\001\220\223~\341j\254O\025\257""; ledgerSeq: 0; type: liTS_CANDIDATE; nodes {;   nodedata: ""\022\000\000""\000\000\000\000$\000\000\000\001 \033\000\000\000\027a@\000\000\027H\206*@h@\000\000\000\000\000\000\ns!\0030\347\374\235V\273%\326\211;\243\363\027\256[\3173\263)\033\326=\263&T\243\023""/\177\320 tF0D\002 0\023\341\332; \2711\245\020\321\3300\345\267-)\230\177\246\236AQ\327\203\207H\226+\000%\336\002 \024\036\211\237\201t\376\272E\270\230\020\334\014\356g\273\025((\376\266\216@ \254^2T\233\013\034\201\024\265\367by\212S\325C\240\024\312\370\262\227\317\370\362\3717\350\203\024E0\246\210\344\325\345r\024T\251\006P\255\352\333\372\351\337\302\000"";   nodeid: ""\240\000\000\000\000\000\000\000\000\000\000\000\000\000\000\000\000\000\000\000\000\000\000\000\000\000\000\000\000\000\000\000\001""; }; requestCookie: 1; ","ledgerHash: ""u\315\243\367\211\2625\240r:n\277\003\026\366\353'\216jy9\\001\220\223~\341j\254O\025\257""; ledgerSeq: 0; type: liTS_CANDIDATE; nodes {;   nodedata: ""\022\000\000""\000\000\000\000$\000\000\000\001 \033\000\000\000\027a@\000\000\027H\206*@h@\000\000\000\000\000\000\ns!\0030\347\374\235V\273%\326\211;\243\363\027\256[\3173\263)\033\326=\263&T\243\023""/\177\320 tF0D\002 0\023\341\332; \2711\245\020\321\3300\345\267-)\230\177\246\236AQ\327\203\207H\226+\000%\336\002 \024\036\211\237\201t\376\272E\270\230\020\334\014\356g\273\025((\376\266\216@ \254^2T\233\013\034\201\024\265\367by\212S\325C\240\024\312\370\262\227\317\370\362\3717\350\203\024E0\246\210\344\325\345r\024T\251\006P\255\352\333\372\351\337\302\000"";   nodeid: ""\240\000\000\000\000\000\000\000\000\000\000\000\000\000\000\000\000\000\000\000\000\000\000\000\000\000\000\000\000\000\000\000\001""; }; requestCookie: 1; "
1750587276280,1750587276280,3082,1,2,4,TMProposeSet,"proposeSeq: 0; currentTxHash: ""b\001;\355\\351h\305\360*\252j\2470\334[#|\313\3606\207\210\245\372\217RX\333g`K""; nodePubKey: ""\003ql\302)\235\321\t\213\224\356\374%%\311\327\037\374\304\t\335\2359\344\233\035]\347<u\236\364\222""; closeTime: 803902476; signature: ""0D\002 ,\374\007>6S5B\TbeY\300\272\214\027\232\330\303\353Kz\006\203|\324qarW%\002 mz\222\031\210I\014\342|\347Dpw\206mb+\217\364\345\323\216F{\353{\257#\265\344\256\202""; previousledger: ""\311\347s\234ae\204\263\365U\334\372D\354\345\276\201f\035\271%#\375\245\314.""\373\330&\3746""; ","proposeSeq: 0; currentTxHash: ""b\001;\355\\351h\305\360*\252j\2470\334[#|\313\3606\207\210\245\372\217RX\333g`K""; nodePubKey: ""\003ql\302)\235\321\t\213\224\356\374%%\311\327\037\374\304\t\335\2359\344\233\035]\347<u\236\364\222""; closeTime: 803902476; signature: ""0D\002 ,\374\007>6S5B\TbeY\300\272\214\027\232\330\303\353Kz\006\203|\324qarW%\002 mz\222\031\210I\014\342|\347Dpw\206mb+\217\364\345\323\216F{\353{\257#\265\344\256\202""; previousledger: ""\311\347s\234ae\204\263\365U\334\372D\354\345\276\201f\035\271%#\375\245\314.""\373\330&\3746""; "
1750587276281,1750587276281,1493,1,2,4,TMHaveTransactionSet,"status: tsHAVE; hash: ""b\001;\355\\351h\305\360*\252j\2470\334[#|\313\3606\207\210\245\372\217RX\333g`K""; ","status: tsHAVE; hash: ""b\001;\355\\351h\305\360*\252j\2470\334[#|\313\3606\207\210\245\372\217RX\333g`K""; "
1750587276282,1750587276282,3546,1,2,0,TMProposeSet,"proposeSeq: 0; currentTxHash: ""b\001;\355\\351h\305\360*\252j\2470\334[#|\313\3606\207\210\245\372\217RX\333g`K""; nodePubKey: ""\003ql\302)\235\321\t\213\224\356\374%%\311\327\037\374\304\t\335\2359\344\233\035]\347<u\236\364\222""; closeTime: 803902476; signature: ""0D\002 ,\374\007>6S5B\TbeY\300\272\214\027\232\330\303\353Kz\006\203|\324qarW%\002 mz\222\031\210I\014\342|\347Dpw\206mb+\217\364\345\323\216F{\353{\257#\265\344\256\202""; previousledger: ""\311\347s\234ae\204\263\365U\334\372D\354\345\276\201f\035\271%#\375\245\314.""\373\330&\3746""; ","proposeSeq: 0; currentTxHash: ""b\001;\355\\351h\305\360*\252j\2470\334[#|\313\3606\207\210\245\372\217RX\333g`K""; nodePubKey: ""\003ql\302)\235\321\t\213\224\356\374%%\311\327\037\374\304\t\335\2359\344\233\035]\347<u\236\364\222""; closeTime: 803902476; signature: ""0D\002 ,\374\007>6S5B\TbeY\300\272\214\027\232\330\303\353Kz\006\203|\324qarW%\002 mz\222\031\210I\014\342|\347Dpw\206mb+\217\364\345\323\216F{\353{\257#\265\344\256\202""; previousledger: ""\311\347s\234ae\204\263\365U\334\372D\354\345\276\201f\035\271%#\375\245\314.""\373\330&\3746""; "
1750587276284,1750587276284,3907,1,2,0,TMHaveTransactionSet,"status: tsHAVE; hash: ""b\001;\355\\351h\305\360*\252j\2470\334[#|\313\3606\207\210\245\372\217RX\333g`K""; ","status: tsHAVE; hash: ""b\001;\355\\351h\305\360*\252j\2470\334[#|\313\3606\207\210\245\372\217RX\333g`K""; "
1750587276285,1750587276285,3669,1,2,1,TMHaveTransactionSet,"status: tsHAVE; hash: ""b\001;\355\\351h\305\360*\252j\2470\334[#|\313\3606\207\210\245\372\217RX\333g`K""; ","status: tsHAVE; hash: ""b\001;\355\\351h\305\360*\252j\2470\334[#|\313\3606\207\210\245\372\217RX\333g`K""; "
1750587276286,1750587276286,173,1,2,3,TMHaveTransactionSet,"status: tsHAVE; hash: ""b\001;\355\\351h\305\360*\252j\2470\334[#|\313\3606\207\210\245\372\217RX\333g`K""; ","status: tsHAVE; hash: ""b\001;\355\\351h\305\360*\252j\2470\334[#|\313\3606\207\210\245\372\217RX\333g`K""; "
1750587276286,1750587276286,1838,1,2,1,TMProposeSet,"proposeSeq: 0; currentTxHash: ""b\001;\355\\351h\305\360*\252j\2470\334[#|\313\3606\207\210\245\372\217RX\333g`K""; nodePubKey: ""\003ql\302)\235\321\t\213\224\356\374%%\311\327\037\374\304\t\335\2359\344\233\035]\347<u\236\364\222""; closeTime: 803902476; signature: ""0D\002 ,\374\007>6S5B\TbeY\300\272\214\027\232\330\303\353Kz\006\203|\324qarW%\002 mz\222\031\210I\014\342|\347Dpw\206mb+\217\364\345\323\216F{\353{\257#\265\344\256\202""; previousledger: ""\311\347s\234ae\204\263\365U\334\372D\354\345\276\201f\035\271%#\375\245\314.""\373\330&\3746""; ","proposeSeq: 0; currentTxHash: ""b\001;\355\\351h\305\360*\252j\2470\334[#|\313\3606\207\210\245\372\217RX\333g`K""; nodePubKey: ""\003ql\302)\235\321\t\213\224\356\374%%\311\327\037\374\304\t\335\2359\344\233\035]\347<u\236\364\222""; closeTime: 803902476; signature: ""0D\002 ,\374\007>6S5B\TbeY\300\272\214\027\232\330\303\353Kz\006\203|\324qarW%\002 mz\222\031\210I\014\342|\347Dpw\206mb+\217\364\345\323\216F{\353{\257#\265\344\256\202""; previousledger: ""\311\347s\234ae\204\263\365U\334\372D\354\345\276\201f\035\271%#\375\245\314.""\373\330&\3746""; "
1750587276286,1750587276286,3725,1,2,3,TMProposeSet,"proposeSeq: 0; currentTxHash: ""b\001;\355\\351h\305\360*\252j\2470\334[#|\313\3606\207\210\245\372\217RX\333g`K""; nodePubKey: ""\003ql\302)\235\321\t\213\224\356\374%%\311\327\037\374\304\t\335\2359\344\233\035]\347<u\236\364\222""; closeTime: 803902476; signature: ""0D\002 ,\374\007>6S5B\TbeY\300\272\214\027\232\330\303\353Kz\006\203|\324qarW%\002 mz\222\031\210I\014\342|\347Dpw\206mb+\217\364\345\323\216F{\353{\257#\265\344\256\202""; previousledger: ""\311\347s\234ae\204\263\365U\334\372D\354\345\276\201f\035\271%#\375\245\314.""\373\330&\3746""; ","proposeSeq: 0; currentTxHash: ""b\001;\355\\351h\305\360*\252j\2470\334[#|\313\3606\207\210\245\372\217RX\333g`K""; nodePubKey: ""\003ql\302)\235\321\t\213\224\356\374%%\311\327\037\374\304\t\335\2359\344\233\035]\347<u\236\364\222""; closeTime: 803902476; signature: ""0D\002 ,\374\007>6S5B\TbeY\300\272\214\027\232\330\303\353Kz\006\203|\324qarW%\002 mz\222\031\210I\014\342|\347Dpw\206mb+\217\364\345\323\216F{\353{\257#\265\344\256\202""; previousledger: ""\311\347s\234ae\204\263\365U\334\372D\354\345\276\201f\035\271%#\375\245\314.""\373\330&\3746""; "
1750587276295,1750587276295,1939,1,1,4,TMValidation,"validation: """"\200\000\000\001&\000\000\000\007)/\352\224\n:v|\203\267)\257\206\032Q\311\347s\234ae\204\263\365U\334\372D\354\345\276\201f\035\271%#\375\245\314.""\373\330&\3746P\027\000\000\000\000\000\000\000\000\000\000\000\000\000\000\000\000\000\000\000\000\000\000\000\000\000\000\000\000\000\000\000\000P\031\221=\252\002\267\225zg\264\253\271T\346ji\003\235\236Pis\264\375\222|H\344\261g?[gs!\003.\200\224\215?)t\306\315\242\313\251\255\302\204=\232.\271%}\013\024s\024\002@\216l""\241FvG0E\002!\000\201\3352A\dJ\377\005\310\204P\314|\260a\3151\035\302\317V\2359\014\376\005B\030\376\244\321\002 \r\346\002\222-[j\005\372F)\205\016\204\323>Qe\326\n$\334\345\020:\201\261~\345\333aH""; ","validation: """"\200\000\000\001&\000\000\000\007)/\352\224\n:v|\203\267)\257\206\032Q\311\347s\234ae\204\263\365U\334\372D\354\345\276\201f\035\271%#\375\245\314.""\373\330&\3746P\027\000\000\000\000\000\000\000\000\000\000\000\000\000\000\000\000\000\000\000\000\000\000\000\000\000\000\000\000\000\000\000\000P\031\221=\252\002\267\225zg\264\253\271T\346ji\003\235\236Pis\264\375\222|H\344\261g?[gs!\003.\200\224\215?)t\306\315\242\313\251\255\302\204=\232.\271%}\013\024s\024\002@\216l""\241FvG0E\002!\000\201\3352A\dJ\377\005\310\204P\314|\260a\3151\035\302\317V\2359\014\376\005B\030\376\244\321\002 \r\346\002\222-[j\005\372F)\205\016\204\323>Qe\326\n$\334\345\020:\201\261~\345\333aH""; "
1750587276295,1750587276295,1289,1,1,3,TMValidation,"validation: """"\200\000\000\001&\000\000\000\007)/\352\224\n:v|\203\267)\257\206\032Q\311\347s\234ae\204\263\365U\334\372D\354\345\276\201f\035\271%#\375\245\314.""\373\330&\3746P\027\000\000\000\000\000\000\000\000\000\000\000\000\000\000\000\000\000\000\000\000\000\000\000\000\000\000\000\000\000\000\000\000P\031\221=\252\002\267\225zg\264\253\271T\346ji\003\235\236Pis\264\375\222|H\344\261g?[gs!\003.\200\224\215?)t\306\315\242\313\251\255\302\204=\232.\271%}\013\024s\024\002@\216l""\241FvG0E\002!\000\201\3352A\dJ\377\005\310\204P\314|\260a\3151\035\302\317V\2359\014\376\005B\030\376\244\321\002 \r\346\002\222-[j\005\372F)\205\016\204\323>Qe\326\n$\334\345\020:\201\261~\345\333aH""; ","validation: """"\200\000\000\001&\000\000\000\007)/\352\224\n:v|\203\267)\257\206\032Q\311\347s\234ae\204\263\365U\334\372D\354\345\276\201f\035\271%#\375\245\314.""\373\330&\3746P\027\000\000\000\000\000\000\000\000\000\000\000\000\000\000\000\000\000\000\000\000\000\000\000\000\000\000\000\000\000\000\000\000P\031\221=\252\002\267\225zg\264\253\271T\346ji\003\235\236Pis\264\375\222|H\344\261g?[gs!\003.\200\224\215?)t\306\315\242\313\251\255\302\204=\232.\271%}\013\024s\024\002@\216l""\241FvG0E\002!\000\201\3352A\dJ\377\005\310\204P\314|\260a\3151\035\302\317V\2359\014\376\005B\030\376\244\321\002 \r\346\002\222-[j\005\372F)\205\016\204\323>Qe\326\n$\334\345\020:\201\261~\345\333aH""; "
1750587276295,1750587276296,3090,1,1,0,TMValidation,"validation: """"\200\000\000\001&\000\000\000\007)/\352\224\n:v|\203\267)\257\206\032Q\311\347s\234ae\204\263\365U\334\372D\354\345\276\201f\035\271%#\375\245\314.""\373\330&\3746P\027\000\000\000\000\000\000\000\000\000\000\000\000\000\000\000\000\000\000\000\000\000\000\000\000\000\000\000\000\000\000\000\000P\031\221=\252\002\267\225zg\264\253\271T\346ji\003\235\236Pis\264\375\222|H\344\261g?[gs!\003.\200\224\215?)t\306\315\242\313\251\255\302\204=\232.\271%}\013\024s\024\002@\216l""\241FvG0E\002!\000\201\3352A\dJ\377\005\310\204P\314|\260a\3151\035\302\317V\2359\014\376\005B\030\376\244\321\002 \r\346\002\222-[j\005\372F)\205\016\204\323>Qe\326\n$\334\345\020:\201\261~\345\333aH""; ","validation: """"\200\000\000\001&\000\000\000\007)/\352\224\n:v|\203\267)\257\206\032Q\311\347s\234ae\204\263\365U\334\372D\354\345\276\201f\035\271%#\375\245\314.""\373\330&\3746P\027\000\000\000\000\000\000\000\000\000\000\000\000\000\000\000\000\000\000\000\000\000\000\000\000\000\000\000\000\000\000\000\000P\031\221=\252\002\267\225zg\264\253\271T\346ji\003\235\236Pis\264\375\222|H\344\261g?[gs!\003.\200\224\215?)t\306\315\242\313\251\255\302\204=\232.\271%}\013\024s\024\002@\216l""\241FvG0E\002!\000\201\3352A\dJ\377\005\310\204P\314|\260a\3151\035\302\317V\2359\014\376\005B\030\376\244\321\002 \r\346\002\222-[j\005\372F)\205\016\204\323>Qe\326\n$\334\345\020:\201\261~\345\333aH""; "
1750587276307,1750587276307,3097,1,2,0,TMLedgerData,"ledgerHash: ""u\315\243\367\211\2625\240r:n\277\003\026\366\353'\216jy9\\001\220\223~\341j\254O\025\257""; ledgerSeq: 0; type: liTS_CANDIDATE; nodes {;   nodedata: ""\246C\232\272\013^\241\340~\030'\005/\234\037\355\231\230\017\266\365\303w\360\273\374\234\362S:\270\023\n\003"";   nodeid: ""\000\000\000\000\000\000\000\000\000\000\000\000\000\000\000\000\000\000\000\000\000\000\000\000\000\000\000\000\000\000\000\000\000""; }; ","ledgerHash: ""u\315\243\367\211\2625\240r:n\277\003\026\366\353'\216jy9\\001\220\223~\341j\254O\025\257""; ledgerSeq: 0; type: liTS_CANDIDATE; nodes {;   nodedata: ""\246C\232\272\013^\241\340~\030'\005/\234\037\355\231\230\017\266\365\303w\360\273\374\234\362S:\270\023\n\003"";   nodeid: ""\000\000\000\000\000\000\000\000\000\000\000\000\000\000\000\000\000\000\000\000\000\000\000\000\000\000\000\000\000\000\000\000\000""; }; "
1750587276280,1750587276320,3116,1,2,4,TMStatusChange,"newEvent: neCLOSING_LEDGER; ledgerSeq: 7; ledgerHash: ""\311\347s\234ae\204\263\365U\334\372D\354\345\276\201f\035\271%#\375\245\314.""\373\330&\3746""; ledgerHashPrevious: ""\221=\252\002\267\225zg\264\253\271T\346ji\003\235\236Pis\264\375\222|H\344\261g?[g""; networkTime: 803902476; firstSeq: 1; lastSeq: 7; ","newEvent: neCLOSING_LEDGER; ledgerSeq: 7; ledgerHash: ""\311\347s\234ae\204\263\365U\334\372D\354\345\276\201f\035\271%#\375\245\314.""\373\330&\3746""; ledgerHashPrevious: ""\221=\252\002\267\225zg\264\253\271T\346ji\003\235\236Pis\264\375\222|H\344\261g?[g""; networkTime: 803902476; firstSeq: 1; lastSeq: 7; "
1750587276285,1750587276320,3126,1,2,1,TMStatusChange,"newEvent: neCLOSING_LEDGER; ledgerSeq: 7; ledgerHash: ""\311\347s\234ae\204\263\365U\334\372D\354\345\276\201f\035\271%#\375\245\314.""\373\330&\3746""; ledgerHashPrevious: ""\221=\252\002\267\225zg\264\253\271T\346ji\003\235\236Pis\264\375\222|H\344\261g?[g""; networkTime: 803902476; firstSeq: 1; lastSeq: 7; ","newEvent: neCLOSING_LEDGER; ledgerSeq: 7; ledgerHash: ""\311\347s\234ae\204\263\365U\334\372D\354\345\276\201f\035\271%#\375\245\314.""\373\330&\3746""; ledgerHashPrevious: ""\221=\252\002\267\225zg\264\253\271T\346ji\003\235\236Pis\264\375\222|H\344\261g?[g""; networkTime: 803902476; firstSeq: 1; lastSeq: 7; "
1750587276285,1750587276320,3058,1,2,3,TMStatusChange,"newEvent: neCLOSING_LEDGER; ledgerSeq: 7; ledgerHash: ""\311\347s\234ae\204\263\365U\334\372D\354\345\276\201f\035\271%#\375\245\314.""\373\330&\3746""; ledgerHashPrevious: ""\221=\252\002\267\225zg\264\253\271T\346ji\003\235\236Pis\264\375\222|H\344\261g?[g""; networkTime: 803902476; firstSeq: 1; lastSeq: 7; ","newEvent: neCLOSING_LEDGER; ledgerSeq: 7; ledgerHash: ""\311\347s\234ae\204\263\365U\334\372D\354\345\276\201f\035\271%#\375\245\314.""\373\330&\3746""; ledgerHashPrevious: ""\221=\252\002\267\225zg\264\253\271T\346ji\003\235\236Pis\264\375\222|H\344\261g?[g""; networkTime: 803902476; firstSeq: 1; lastSeq: 7; "
1750587276284,1750587276320,3744,1,2,0,TMStatusChange,"newEvent: neCLOSING_LEDGER; ledgerSeq: 7; ledgerHash: ""\311\347s\234ae\204\263\365U\334\372D\354\345\276\201f\035\271%#\375\245\314.""\373\330&\3746""; ledgerHashPrevious: ""\221=\252\002\267\225zg\264\253\271T\346ji\003\235\236Pis\264\375\222|H\344\261g?[g""; networkTime: 803902476; firstSeq: 1; lastSeq: 7; ","newEvent: neCLOSING_LEDGER; ledgerSeq: 7; ledgerHash: ""\311\347s\234ae\204\263\365U\334\372D\354\345\276\201f\035\271%#\375\245\314.""\373\330&\3746""; ledgerHashPrevious: ""\221=\252\002\267\225zg\264\253\271T\346ji\003\235\236Pis\264\375\222|H\344\261g?[g""; networkTime: 803902476; firstSeq: 1; lastSeq: 7; "
1750587276361,1750587276361,1357,1,4,3,TMValidation,"validation: """"\200\000\000\001&\000\000\000\007)/\352\224\013:Q\231\304\227'3\313\030Q\311\347s\234ae\204\263\365U\334\372D\354\345\276\201f\035\271%#\375\245\314.""\373\330&\3746P\027\000\000\000\000\000\000\000\000\000\000\000\000\000\000\000\000\000\000\000\000\000\000\000\000\000\000\000\000\000\000\000\000P\031\221=\252\002\267\225zg\264\253\271T\346ji\003\235\236Pis\264\375\222|H\344\261g?[gs!\003ql\302)\235\321\t\213\224\356\374%%\311\327\037\374\304\t\335\2359\344\233\035]\347<u\236\364\222vG0E\002!\000\2045\005\264\357\204\262\331eh'I\210\356\372\023a\266j\300""jS_\350\221\307\367\262\334h\002\002 ""\330\206\245\\354\026\341At\305n\373\215\351:\213cO\034\007:a\177\023IY(`\350\305\245""; ","validation: """"\200\000\000\001&\000\000\000\007)/\352\224\013:Q\231\304\227'3\313\030Q\311\347s\234ae\204\263\365U\334\372D\354\345\276\201f\035\271%#\375\245\314.""\373\330&\3746P\027\000\000\000\000\000\000\000\000\000\000\000\000\000\000\000\000\000\000\000\000\000\000\000\000\000\000\000\000\000\000\000\000P\031\221=\252\002\267\225zg\264\253\271T\346ji\003\235\236Pis\264\375\222|H\344\261g?[gs!\003ql\302)\235\321\t\213\224\356\374%%\311\327\037\374\304\t\335\2359\344\233\035]\347<u\236\364\222vG0E\002!\000\2045\005\264\357\204\262\331eh'I\210\356\372\023a\266j\300""jS_\350\221\307\367\262\334h\002\002 ""\330\206\245\\354\026\341At\305n\373\215\351:\213cO\034\007:a\177\023IY(`\350\305\245""; "
1750587276361,1750587276361,2819,1,4,1,TMValidation,"validation: """"\200\000\000\001&\000\000\000\007)/\352\224\013:Q\231\304\227'3\313\030Q\311\347s\234ae\204\263\365U\334\372D\354\345\276\201f\035\271%#\375\245\314.""\373\330&\3746P\027\000\000\000\000\000\000\000\000\000\000\000\000\000\000\000\000\000\000\000\000\000\000\000\000\000\000\000\000\000\000\000\000P\031\221=\252\002\267\225zg\264\253\271T\346ji\003\235\236Pis\264\375\222|H\344\261g?[gs!\003ql\302)\235\321\t\213\224\356\374%%\311\327\037\374\304\t\335\2359\344\233\035]\347<u\236\364\222vG0E\002!\000\2045\005\264\357\204\262\331eh'I\210\356\372\023a\266j\300""jS_\350\221\307\367\262\334h\002\002 ""\330\206\245\\354\026\341At\305n\373\215\351:\213cO\034\007:a\177\023IY(`\350\305\245""; ","validation: """"\200\000\000\001&\000\000\000\007)/\352\224\013:Q\231\304\227'3\313\030Q\311\347s\234ae\204\263\365U\334\372D\354\345\276\201f\035\271%#\375\245\314.""\373\330&\3746P\027\000\000\000\000\000\000\000\000\000\000\000\000\000\000\000\000\000\000\000\000\000\000\000\000\000\000\000\000\000\000\000\000P\031\221=\252\002\267\225zg\264\253\271T\346ji\003\235\236Pis\264\375\222|H\344\261g?[gs!\003ql\302)\235\321\t\213\224\356\374%%\311\327\037\374\304\t\335\2359\344\233\035]\347<u\236\364\222vG0E\002!\000\2045\005\264\357\204\262\331eh'I\210\356\372\023a\266j\300""jS_\350\221\307\367\262\334h\002\002 ""\330\206\245\\354\026\341At\305n\373\215\351:\213cO\034\007:a\177\023IY(`\350\305\245""; "
1750587276361,1750587276361,3559,1,4,0,TMValidation,"validation: """"\200\000\000\001&\000\000\000\007)/\352\224\013:Q\231\304\227'3\313\030Q\311\347s\234ae\204\263\365U\334\372D\354\345\276\201f\035\271%#\375\245\314.""\373\330&\3746P\027\000\000\000\000\000\000\000\000\000\000\000\000\000\000\000\000\000\000\000\000\000\000\000\000\000\000\000\000\000\000\000\000P\031\221=\252\002\267\225zg\264\253\271T\346ji\003\235\236Pis\264\375\222|H\344\261g?[gs!\003ql\302)\235\321\t\213\224\356\374%%\311\327\037\374\304\t\335\2359\344\233\035]\347<u\236\364\222vG0E\002!\000\2045\005\264\357\204\262\331eh'I\210\356\372\023a\266j\300""jS_\350\221\307\367\262\334h\002\002 ""\330\206\245\\354\026\341At\305n\373\215\351:\213cO\034\007:a\177\023IY(`\350\305\245""; ","validation: """"\200\000\000\001&\000\000\000\007)/\352\224\013:Q\231\304\227'3\313\030Q\311\347s\234ae\204\263\365U\334\372D\354\345\276\201f\035\271%#\375\245\314.""\373\330&\3746P\027\000\000\000\000\000\000\000\000\000\000\000\000\000\000\000\000\000\000\000\000\000\000\000\000\000\000\000\000\000\000\000\000P\031\221=\252\002\267\225zg\264\253\271T\346ji\003\235\236Pis\264\375\222|H\344\261g?[gs!\003ql\302)\235\321\t\213\224\356\374%%\311\327\037\374\304\t\335\2359\344\233\035]\347<u\236\364\222vG0E\002!\000\2045\005\264\357\204\262\331eh'I\210\356\372\023a\266j\300""jS_\350\221\307\367\262\334h\002\002 ""\330\206\245\\354\026\341At\305n\373\215\351:\213cO\034\007:a\177\023IY(`\350\305\245""; "
1750587276363,1750587276363,1939,1,1,4,TMValidation,"validation: """"\200\000\000\001&\000\000\000\006)/\352\224\n:I\203w\200\211\SGQ\221=\252\002\267\225zg\264\253\271T\346ji\003\235\236Pis\264\375\222|H\344\261g?[gP\0278h\232\211g)\354\005\246\256XI\265J\214\312}\261\211y\355]\0228j\360\0224\003\021%\014P\031\372\373$P*|\321\342\002\026\n\3215\340\3203\200x\327D\301]5\237\247Yz\3711!L\214s!\002\347\243J\206W\025ML\260\226\0163\217\250\337\325W\253\356*O\245Z\271\234\207C\274\375`\335\311vG0E\002!\000\320\243\034A\212\353\206\3557JjHV}\317\030\334u\b.\265?\211+\220\236\304-_LL\002 \026\345\\242\202_\227\271^1\352\342\237\362\0239\223\331=\261\302)%\216\370NqpE\242\261v""; ","validation: """"\200\000\000\001&\000\000\000\006)/\352\224\n:I\203w\200\211\SGQ\221=\252\002\267\225zg\264\253\271T\346ji\003\235\236Pis\264\375\222|H\344\261g?[gP\0278h\232\211g)\354\005\246\256XI\265J\214\312}\261\211y\355]\0228j\360\0224\003\021%\014P\031\372\373$P*|\321\342\002\026\n\3215\340\3203\200x\327D\301]5\237\247Yz\3711!L\214s!\002\347\243J\206W\025ML\260\226\0163\217\250\337\325W\253\356*O\245Z\271\234\207C\274\375`\335\311vG0E\002!\000\320\243\034A\212\353\206\3557JjHV}\317\030\334u\b.\265?\211+\220\236\304-_LL\002 \026\345\\242\202_\227\271^1\352\342\237\362\0239\223\331=\261\302)%\216\370NqpE\242\261v""; "
1750587276363,1750587276363,3090,1,1,0,TMValidation,"validation: """"\200\000\000\001&\000\000\000\006)/\352\224\n:I\203w\200\211\SGQ\221=\252\002\267\225zg\264\253\271T\346ji\003\235\236Pis\264\375\222|H\344\261g?[gP\0278h\232\211g)\354\005\246\256XI\265J\214\312}\261\211y\355]\0228j\360\0224\003\021%\014P\031\372\373$P*|\321\342\002\026\n\3215\340\3203\200x\327D\301]5\237\247Yz\3711!L\214s!\002\347\243J\206W\025ML\260\226\0163\217\250\337\325W\253\356*O\245Z\271\234\207C\274\375`\335\311vG0E\002!\000\320\243\034A\212\353\206\3557JjHV}\317\030\334u\b.\265?\211+\220\236\304-_LL\002 \026\345\\242\202_\227\271^1\352\342\237\362\0239\223\331=\261\302)%\216\370NqpE\242\261v""; ","validation: """"\200\000\000\001&\000\000\000\006)/\352\224\n:I\203w\200\211\SGQ\221=\252\002\267\225zg\264\253\271T\346ji\003\235\236Pis\264\375\222|H\344\261g?[gP\0278h\232\211g)\354\005\246\256XI\265J\214\312}\261\211y\355]\0228j\360\0224\003\021%\014P\031\372\373$P*|\321\342\002\026\n\3215\340\3203\200x\327D\301]5\237\247Yz\3711!L\214s!\002\347\243J\206W\025ML\260\226\0163\217\250\337\325W\253\356*O\245Z\271\234\207C\274\375`\335\311vG0E\002!\000\320\243\034A\212\353\206\3557JjHV}\317\030\334u\b.\265?\211+\220\236\304-_LL\002 \026\345\\242\202_\227\271^1\352\342\237\362\0239\223\331=\261\302)%\216\370NqpE\242\261v""; "
1750587276363,1750587276363,1289,1,1,3,TMValidation,"validation: """"\200\000\000\001&\000\000\000\006)/\352\224\n:I\203w\200\211\SGQ\221=\252\002\267\225zg\264\253\271T\346ji\003\235\236Pis\264\375\222|H\344\261g?[gP\0278h\232\211g)\354\005\246\256XI\265J\214\312}\261\211y\355]\0228j\360\0224\003\021%\014P\031\372\373$P*|\321\342\002\026\n\3215\340\3203\200x\327D\301]5\237\247Yz\3711!L\214s!\002\347\243J\206W\025ML\260\226\0163\217\250\337\325W\253\356*O\245Z\271\234\207C\274\375`\335\311vG0E\002!\000\320\243\034A\212\353\206\3557JjHV}\317\030\334u\b.\265?\211+\220\236\304-_LL\002 \026\345\\242\202_\227\271^1\352\342\237\362\0239\223\331=\261\302)%\216\370NqpE\242\261v""; ","validation: """"\200\000\000\001&\000\000\000\006)/\352\224\n:I\203w\200\211\SGQ\221=\252\002\267\225zg\264\253\271T\346ji\003\235\236Pis\264\375\222|H\344\261g?[gP\0278h\232\211g)\354\005\246\256XI\265J\214\312}\261\211y\355]\0228j\360\0224\003\021%\014P\031\372\373$P*|\321\342\002\026\n\3215\340\3203\200x\327D\301]5\237\247Yz\3711!L\214s!\002\347\243J\206W\025ML\260\226\0163\217\250\337\325W\253\356*O\245Z\271\234\207C\274\375`\335\311vG0E\002!\000\320\243\034A\212\353\206\3557JjHV}\317\030\334u\b.\265?\211+\220\236\304-_LL\002 \026\345\\242\202_\227\271^1\352\342\237\362\0239\223\331=\261\302)%\216\370NqpE\242\261v""; "
1750587276375,1750587276375,1289,1,1,3,TMValidation,"validation: """"\200\000\000\001&\000\000\000\007)/\352\224\013:Q\231\304\227'3\313\030Q\311\347s\234ae\204\263\365U\334\372D\354\345\276\201f\035\271%#\375\245\314.""\373\330&\3746P\027\000\000\000\000\000\000\000\000\000\000\000\000\000\000\000\000\000\000\000\000\000\000\000\000\000\000\000\000\000\000\000\000P\031\221=\252\002\267\225zg\264\253\271T\346ji\003\235\236Pis\264\375\222|H\344\261g?[gs!\003ql\302)\235\321\t\213\224\356\374%%\311\327\037\374\304\t\335\2359\344\233\035]\347<u\236\364\222vG0E\002!\000\2045\005\264\357\204\262\331eh'I\210\356\372\023a\266j\300""jS_\350\221\307\367\262\334h\002\002 ""\330\206\245\\354\026\341At\305n\373\215\351:\213cO\034\007:a\177\023IY(`\350\305\245""; ","validation: """"\200\000\000\001&\000\000\000\007)/\352\224\013:Q\231\304\227'3\313\030Q\311\347s\234ae\204\263\365U\334\372D\354\345\276\201f\035\271%#\375\245\314.""\373\330&\3746P\027\000\000\000\000\000\000\000\000\000\000\000\000\000\000\000\000\000\000\000\000\000\000\000\000\000\000\000\000\000\000\000\000P\031\221=\252\002\267\225zg\264\253\271T\346ji\003\235\236Pis\264\375\222|H\344\261g?[gs!\003ql\302)\235\321\t\213\224\356\374%%\311\327\037\374\304\t\335\2359\344\233\035]\347<u\236\364\222vG0E\002!\000\2045\005\264\357\204\262\331eh'I\210\356\372\023a\266j\300""jS_\350\221\307\367\262\334h\002\002 ""\330\206\245\\354\026\341At\305n\373\215\351:\213cO\034\007:a\177\023IY(`\350\305\245""; "
1750587276375,1750587276375,1939,1,1,4,TMValidation,"validation: """"\200\000\000\001&\000\000\000\007)/\352\224\013:Q\231\304\227'3\313\030Q\311\347s\234ae\204\263\365U\334\372D\354\345\276\201f\035\271%#\375\245\314.""\373\330&\3746P\027\000\000\000\000\000\000\000\000\000\000\000\000\000\000\000\000\000\000\000\000\000\000\000\000\000\000\000\000\000\000\000\000P\031\221=\252\002\267\225zg\264\253\271T\346ji\003\235\236Pis\264\375\222|H\344\261g?[gs!\003ql\302)\235\321\t\213\224\356\374%%\311\327\037\374\304\t\335\2359\344\233\035]\347<u\236\364\222vG0E\002!\000\2045\005\264\357\204\262\331eh'I\210\356\372\023a\266j\300""jS_\350\221\307\367\262\334h\002\002 ""\330\206\245\\354\026\341At\305n\373\215\351:\213cO\034\007:a\177\023IY(`\350\305\245""; ","validation: """"\200\000\000\001&\000\000\000\007)/\352\224\013:Q\231\304\227'3\313\030Q\311\347s\234ae\204\263\365U\334\372D\354\345\276\201f\035\271%#\375\245\314.""\373\330&\3746P\027\000\000\000\000\000\000\000\000\000\000\000\000\000\000\000\000\000\000\000\000\000\000\000\000\000\000\000\000\000\000\000\000P\031\221=\252\002\267\225zg\264\253\271T\346ji\003\235\236Pis\264\375\222|H\344\261g?[gs!\003ql\302)\235\321\t\213\224\356\374%%\311\327\037\374\304\t\335\2359\344\233\035]\347<u\236\364\222vG0E\002!\000\2045\005\264\357\204\262\331eh'I\210\356\372\023a\266j\300""jS_\350\221\307\367\262\334h\002\002 ""\330\206\245\\354\026\341At\305n\373\215\351:\213cO\034\007:a\177\023IY(`\350\305\245""; "
1750587276396,1750587276397,1136,1,3,0,TMGetLedger,"itype: liTS_CANDIDATE; ledgerHash: ""\r!N\267\203~\313a\272~\344A\332\034\332r\\301\240a\307\341\261(c(\021\265B\030@(""; nodeIDs: ""\000\000\000\000\000\000\000\000\000\000\000\000\000\000\000\000\000\000\000\000\000\000\000\000\000\000\000\000\000\000\000\000\000""; queryType: qtINDIRECT; queryDepth: 3; ","itype: liTS_CANDIDATE; ledgerHash: ""\r!N\267\203~\313a\272~\344A\332\034\332r\\301\240a\307\341\261(c(\021\265B\030@(""; nodeIDs: ""\000\000\000\000\000\000\000\000\000\000\000\000\000\000\000\000\000\000\000\000\000\000\000\000\000\000\000\000\000\000\000\000\000""; queryType: qtINDIRECT; queryDepth: 3; "
1750587276398,1750587276398,2142,1,3,1,TMGetLedger,"itype: liTS_CANDIDATE; ledgerHash: ""\r!N\267\203~\313a\272~\344A\332\034\332r\\301\240a\307\341\261(c(\021\265B\030@(""; nodeIDs: ""\000\000\000\000\000\000\000\000\000\000\000\000\000\000\000\000\000\000\000\000\000\000\000\000\000\000\000\000\000\000\000\000\000""; queryType: qtINDIRECT; queryDepth: 3; ","itype: liTS_CANDIDATE; ledgerHash: ""\r!N\267\203~\313a\272~\344A\332\034\332r\\301\240a\307\341\261(c(\021\265B\030@(""; nodeIDs: ""\000\000\000\000\000\000\000\000\000\000\000\000\000\000\000\000\000\000\000\000\000\000\000\000\000\000\000\000\000\000\000\000\000""; queryType: qtINDIRECT; queryDepth: 3; "
1750587276398,1750587276398,3118,1,3,4,TMGetLedger,"itype: liTS_CANDIDATE; ledgerHash: ""\r!N\267\203~\313a\272~\344A\332\034\332r\\301\240a\307\341\261(c(\021\265B\030@(""; nodeIDs: ""\000\000\000\000\000\000\000\000\000\000\000\000\000\000\000\000\000\000\000\000\000\000\000\000\000\000\000\000\000\000\000\000\000""; queryType: qtINDIRECT; queryDepth: 3; ","itype: liTS_CANDIDATE; ledgerHash: ""\r!N\267\203~\313a\272~\344A\332\034\332r\\301\240a\307\341\261(c(\021\265B\030@(""; nodeIDs: ""\000\000\000\000\000\000\000\000\000\000\000\000\000\000\000\000\000\000\000\000\000\000\000\000\000\000\000\000\000\000\000\000\000""; queryType: qtINDIRECT; queryDepth: 3; "
1750587276398,1750587276398,1590,1,3,2,TMGetLedger,"itype: liTS_CANDIDATE; ledgerHash: ""\r!N\267\203~\313a\272~\344A\332\034\332r\\301\240a\307\341\261(c(\021\265B\030@(""; nodeIDs: ""\000\000\000\000\000\000\000\000\000\000\000\000\000\000\000\000\000\000\000\000\000\000\000\000\000\000\000\000\000\000\000\000\000""; queryType: qtINDIRECT; queryDepth: 3; ","itype: liTS_CANDIDATE; ledgerHash: ""\r!N\267\203~\313a\272~\344A\332\034\332r\\301\240a\307\341\261(c(\021\265B\030@(""; nodeIDs: ""\000\000\000\000\000\000\000\000\000\000\000\000\000\000\000\000\000\000\000\000\000\000\000\000\000\000\000\000\000\000\000\000\000""; queryType: qtINDIRECT; queryDepth: 3; "
1750587276406,1750587276406,3090,1,1,0,TMValidation,"validation: """"\200\000\000\001&\000\000\000\007)/\352\224\013:Q\231\304\227'3\313\030Q\311\347s\234ae\204\263\365U\334\372D\354\345\276\201f\035\271%#\375\245\314.""\373\330&\3746P\027\000\000\000\000\000\000\000\000\000\000\000\000\000\000\000\000\000\000\000\000\000\000\000\000\000\000\000\000\000\000\000\000P\031\221=\252\002\267\225zg\264\253\271T\346ji\003\235\236Pis\264\375\222|H\344\261g?[gs!\003ql\302)\235\321\t\213\224\356\374%%\311\327\037\374\304\t\335\2359\344\233\035]\347<u\236\364\222vG0E\002!\000\2045\005\264\357\204\262\331eh'I\210\356\372\023a\266j\300""jS_\350\221\307\367\262\334h\002\002 ""\330\206\245\\354\026\341At\305n\373\215\351:\213cO\034\007:a\177\023IY(`\350\305\245""; ","validation: """"\200\000\000\001&\000\000\000\007)/\352\224\013:Q\231\304\227'3\313\030Q\311\347s\234ae\204\263\365U\334\372D\354\345\276\201f\035\271%#\375\245\314.""\373\330&\3746P\027\000\000\000\000\000\000\000\000\000\000\000\000\000\000\000\000\000\000\000\000\000\000\000\000\000\000\000\000\000\000\000\000P\031\221=\252\002\267\225zg\264\253\271T\346ji\003\235\236Pis\264\375\222|H\344\261g?[gs!\003ql\302)\235\321\t\213\224\356\374%%\311\327\037\374\304\t\335\2359\344\233\035]\347<u\236\364\222vG0E\002!\000\2045\005\264\357\204\262\331eh'I\210\356\372\023a\266j\300""jS_\350\221\307\367\262\334h\002\002 ""\330\206\245\\354\026\341At\305n\373\215\351:\213cO\034\007:a\177\023IY(`\350\305\245""; "
1750587276430,1750587276430,628,1,3,2,TMLedgerData,"ledgerHash: ""u\315\243\367\211\2625\240r:n\277\003\026\366\353'\216jy9\\001\220\223~\341j\254O\025\257""; ledgerSeq: 0; type: liTS_CANDIDATE; nodes {;   nodedata: ""\022\000\000""\000\000\000\000$\000\000\000\001 \033\000\000\000\027a@\000\000\027H\206*@h@\000\000\000\000\000\000\ns!\0030\347\374\235V\273%\326\211;\243\363\027\256[\3173\263)\033\326=\263&T\243\023""/\177\320 tF0D\002 0\023\341\332; \2711\245\020\321\3300\345\267-)\230\177\246\236AQ\327\203\207H\226+\000%\336\002 \024\036\211\237\201t\376\272E\270\230\020\334\014\356g\273\025((\376\266\216@ \254^2T\233\013\034\201\024\265\367by\212S\325C\240\024\312\370\262\227\317\370\362\3717\350\203\024E0\246\210\344\325\345r\024T\251\006P\255\352\333\372\351\337\302\000"";   nodeid: ""\240\000\000\000\000\000\000\000\000\000\000\000\000\000\000\000\000\000\000\000\000\000\000\000\000\000\000\000\000\000\000\000\001""; }; requestCookie: 2; ","ledgerHash: ""u\315\243\367\211\2625\240r:n\277\003\026\366\353'\216jy9\\001\220\223~\341j\254O\025\257""; ledgerSeq: 0; type: liTS_CANDIDATE; nodes {;   nodedata: ""\022\000\000""\000\000\000\000$\000\000\000\001 \033\000\000\000\027a@\000\000\027H\206*@h@\000\000\000\000\000\000\ns!\0030\347\374\235V\273%\326\211;\243\363\027\256[\3173\263)\033\326=\263&T\243\023""/\177\320 tF0D\002 0\023\341\332; \2711\245\020\321\3300\345\267-)\230\177\246\236AQ\327\203\207H\226+\000%\336\002 \024\036\211\237\201t\376\272E\270\230\020\334\014\356g\273\025((\376\266\216@ \254^2T\233\013\034\201\024\265\367by\212S\325C\240\024\312\370\262\227\317\370\362\3717\350\203\024E0\246\210\344\325\345r\024T\251\006P\255\352\333\372\351\337\302\000"";   nodeid: ""\240\000\000\000\000\000\000\000\000\000\000\000\000\000\000\000\000\000\000\000\000\000\000\000\000\000\000\000\000\000\000\000\001""; }; requestCookie: 2; "
1750587276436,1750587276436,3375,1,1,4,TMProposeSet,"proposeSeq: 0; currentTxHash: ""\007\347lg\346B\270\350\352\375\266\371?(\361\364\365I|\375\262>\230(\333\250\331\007\360U\024\027""; nodePubKey: ""\003\343\005\311u\203\370\0338\3174\324\010\006\301\251\177\261\304eOX\262)FA-\022r\263wm\024""; closeTime: 803902476; signature: ""0D\002 d\243\034XJ\363\260a\377\233pv\365\376E\302N\315\024\nt\356o\376\305?\2076\t\014""\203\002 *.\233\326B\315\330\244!\250g\214\371|\356`\t:\325\344E\260\260U\211\002\257\212\223C\252\034""; previousledger: ""\311\347s\234ae\204\263\365U\334\372D\354\345\276\201f\035\271%#\375\245\314.""\373\330&\3746""; ","proposeSeq: 0; currentTxHash: ""\007\347lg\346B\270\350\352\375\266\371?(\361\364\365I|\375\262>\230(\333\250\331\007\360U\024\027""; nodePubKey: ""\003\343\005\311u\203\370\0338\3174\324\010\006\301\251\177\261\304eOX\262)FA-\022r\263wm\024""; closeTime: 803902476; signature: ""0D\002 d\243\034XJ\363\260a\377\233pv\365\376E\302N\315\024\nt\356o\376\305?\2076\t\014""\203\002 *.\233\326B\315\330\244!\250g\214\371|\356`\t:\325\344E\260\260U\211\002\257\212\223C\252\034""; previousledger: ""\311\347s\234ae\204\263\365U\334\372D\354\345\276\201f\035\271%#\375\245\314.""\373\330&\3746""; "
1750587276438,1750587276438,3383,1,1,4,TMHaveTransactionSet,"status: tsHAVE; hash: ""\007\347lg\346B\270\350\352\375\266\371?(\361\364\365I|\375\262>\230(\333\250\331\007\360U\024\027""; ","status: tsHAVE; hash: ""\007\347lg\346B\270\350\352\375\266\371?(\361\364\365I|\375\262>\230(\333\250\331\007\360U\024\027""; "
1750587276439,1750587276439,361,1,1,0,TMHaveTransactionSet,"status: tsHAVE; hash: ""\007\347lg\346B\270\350\352\375\266\371?(\361\364\365I|\375\262>\230(\333\250\331\007\360U\024\027""; ","status: tsHAVE; hash: ""\007\347lg\346B\270\350\352\375\266\371?(\361\364\365I|\375\262>\230(\333\250\331\007\360U\024\027""; "
1750587276439,1750587276439,3538,1,1,3,TMProposeSet,"proposeSeq: 0; currentTxHash: ""\007\347lg\346B\270\350\352\375\266\371?(\361\364\365I|\375\262>\230(\333\250\331\007\360U\024\027""; nodePubKey: ""\003\343\005\311u\203\370\0338\3174\324\010\006\301\251\177\261\304eOX\262)FA-\022r\263wm\024""; closeTime: 803902476; signature: ""0D\002 d\243\034XJ\363\260a\377\233pv\365\376E\302N\315\024\nt\356o\376\305?\2076\t\014""\203\002 *.\233\326B\315\330\244!\250g\214\371|\356`\t:\325\344E\260\260U\211\002\257\212\223C\252\034""; previousledger: ""\311\347s\234ae\204\263\365U\334\372D\354\345\276\201f\035\271%#\375\245\314.""\373\330&\3746""; ","proposeSeq: 0; currentTxHash: ""\007\347lg\346B\270\350\352\375\266\371?(\361\364\365I|\375\262>\230(\333\250\331\007\360U\024\027""; nodePubKey: ""\003\343\005\311u\203\370\0338\3174\324\010\006\301\251\177\261\304eOX\262)FA-\022r\263wm\024""; closeTime: 803902476; signature: ""0D\002 d\243\034XJ\363\260a\377\233pv\365\376E\302N\315\024\nt\356o\376\305?\2076\t\014""\203\002 *.\233\326B\315\330\244!\250g\214\371|\356`\t:\325\344E\260\260U\211\002\257\212\223C\252\034""; previousledger: ""\311\347s\234ae\204\263\365U\334\372D\354\345\276\201f\035\271%#\375\245\314.""\373\330&\3746""; "
1750587276440,1750587276441,926,1,1,0,TMProposeSet,"proposeSeq: 0; currentTxHash: ""\007\347lg\346B\270\350\352\375\266\371?(\361\364\365I|\375\262>\230(\333\250\331\007\360U\024\027""; nodePubKey: ""\003\343\005\311u\203\370\0338\3174\324\010\006\301\251\177\261\304eOX\262)FA-\022r\263wm\024""; closeTime: 803902476; signature: ""0D\002 d\243\034XJ\363\260a\377\233pv\365\376E\302N\315\024\nt\356o\376\305?\2076\t\014""\203\002 *.\233\326B\315\330\244!\250g\214\371|\356`\t:\325\344E\260\260U\211\002\257\212\223C\252\034""; previousledger: ""\311\347s\234ae\204\263\365U\334\372D\354\345\276\201f\035\271%#\375\245\314.""\373\330&\3746""; ","proposeSeq: 0; currentTxHash: ""\007\347lg\346B\270\350\352\375\266\371?(\361\364\365I|\375\262>\230(\333\250\331\007\360U\024\027""; nodePubKey: ""\003\343\005\311u\203\370\0338\3174\324\010\006\301\251\177\261\304eOX\262)FA-\022r\263wm\024""; closeTime: 803902476; signature: ""0D\002 d\243\034XJ\363\260a\377\233pv\365\376E\302N\315\024\nt\356o\376\305?\2076\t\014""\203\002 *.\233\326B\315\330\244!\250g\214\371|\356`\t:\325\344E\260\260U\211\002\257\212\223C\252\034""; previousledger: ""\311\347s\234ae\204\263\365U\334\372D\354\345\276\201f\035\271%#\375\245\314.""\373\330&\3746""; "
1750587276441,1750587276441,1799,1,1,2,TMProposeSet,"proposeSeq: 0; currentTxHash: ""\007\347lg\346B\270\350\352\375\266\371?(\361\364\365I|\375\262>\230(\333\250\331\007\360U\024\027""; nodePubKey: ""\003\343\005\311u\203\370\0338\3174\324\010\006\301\251\177\261\304eOX\262)FA-\022r\263wm\024""; closeTime: 803902476; signature: ""0D\002 d\243\034XJ\363\260a\377\233pv\365\376E\302N\315\024\nt\356o\376\305?\2076\t\014""\203\002 *.\233\326B\315\330\244!\250g\214\371|\356`\t:\325\344E\260\260U\211\002\257\212\223C\252\034""; previousledger: ""\311\347s\234ae\204\263\365U\334\372D\354\345\276\201f\035\271%#\375\245\314.""\373\330&\3746""; ","proposeSeq: 0; currentTxHash: ""\007\347lg\346B\270\350\352\375\266\371?(\361\364\365I|\375\262>\230(\333\250\331\007\360U\024\027""; nodePubKey: ""\003\343\005\311u\203\370\0338\3174\324\010\006\301\251\177\261\304eOX\262)FA-\022r\263wm\024""; closeTime: 803902476; signature: ""0D\002 d\243\034XJ\363\260a\377\233pv\365\376E\302N\315\024\nt\356o\376\305?\2076\t\014""\203\002 *.\233\326B\315\330\244!\250g\214\371|\356`\t:\325\344E\260\260U\211\002\257\212\223C\252\034""; previousledger: ""\311\347s\234ae\204\263\365U\334\372D\354\345\276\201f\035\271%#\375\245\314.""\373\330&\3746""; "
1750587276441,1750587276441,1836,1,1,3,TMHaveTransactionSet,"status: tsHAVE; hash: ""\007\347lg\346B\270\350\352\375\266\371?(\361\364\365I|\375\262>\230(\333\250\331\007\360U\024\027""; ","status: tsHAVE; hash: ""\007\347lg\346B\270\350\352\375\266\371?(\361\364\365I|\375\262>\230(\333\250\331\007\360U\024\027""; "
1750587276441,1750587276441,3053,1,1,2,TMHaveTransactionSet,"status: tsHAVE; hash: ""\007\347lg\346B\270\350\352\375\266\371?(\361\364\365I|\375\262>\230(\333\250\331\007\360U\024\027""; ","status: tsHAVE; hash: ""\007\347lg\346B\270\350\352\375\266\371?(\361\364\365I|\375\262>\230(\333\250\331\007\360U\024\027""; "
1750587276446,1750587276446,572,1,1,0,TMGetLedger,"itype: liTS_CANDIDATE; ledgerHash: ""\r!N\267\203~\313a\272~\344A\332\034\332r\\301\240a\307\341\261(c(\021\265B\030@(""; nodeIDs: ""\000\000\000\000\000\000\000\000\000\000\000\000\000\000\000\000\000\000\000\000\000\000\000\000\000\000\000\000\000\000\000\000\000""; queryType: qtINDIRECT; queryDepth: 3; ","itype: liTS_CANDIDATE; ledgerHash: ""\r!N\267\203~\313a\272~\344A\332\034\332r\\301\240a\307\341\261(c(\021\265B\030@(""; nodeIDs: ""\000\000\000\000\000\000\000\000\000\000\000\000\000\000\000\000\000\000\000\000\000\000\000\000\000\000\000\000\000\000\000\000\000""; queryType: qtINDIRECT; queryDepth: 3; "
1750587276446,1750587276446,3553,1,1,3,TMGetLedger,"itype: liTS_CANDIDATE; ledgerHash: ""\r!N\267\203~\313a\272~\344A\332\034\332r\\301\240a\307\341\261(c(\021\265B\030@(""; nodeIDs: ""\000\000\000\000\000\000\000\000\000\000\000\000\000\000\000\000\000\000\000\000\000\000\000\000\000\000\000\000\000\000\000\000\000""; queryType: qtINDIRECT; queryDepth: 3; ","itype: liTS_CANDIDATE; ledgerHash: ""\r!N\267\203~\313a\272~\344A\332\034\332r\\301\240a\307\341\261(c(\021\265B\030@(""; nodeIDs: ""\000\000\000\000\000\000\000\000\000\000\000\000\000\000\000\000\000\000\000\000\000\000\000\000\000\000\000\000\000\000\000\000\000""; queryType: qtINDIRECT; queryDepth: 3; "
1750587276447,1750587276447,2860,1,1,4,TMGetLedger,"itype: liTS_CANDIDATE; ledgerHash: ""\r!N\267\203~\313a\272~\344A\332\034\332r\\301\240a\307\341\261(c(\021\265B\030@(""; nodeIDs: ""\000\000\000\000\000\000\000\000\000\000\000\000\000\000\000\000\000\000\000\000\000\000\000\000\000\000\000\000\000\000\000\000\000""; queryType: qtINDIRECT; queryDepth: 3; ","itype: liTS_CANDIDATE; ledgerHash: ""\r!N\267\203~\313a\272~\344A\332\034\332r\\301\240a\307\341\261(c(\021\265B\030@(""; nodeIDs: ""\000\000\000\000\000\000\000\000\000\000\000\000\000\000\000\000\000\000\000\000\000\000\000\000\000\000\000\000\000\000\000\000\000""; queryType: qtINDIRECT; queryDepth: 3; "
1750587276447,1750587276447,674,1,1,2,TMGetLedger,"itype: liTS_CANDIDATE; ledgerHash: ""\r!N\267\203~\313a\272~\344A\332\034\332r\\301\240a\307\341\261(c(\021\265B\030@(""; nodeIDs: ""\000\000\000\000\000\000\000\000\000\000\000\000\000\000\000\000\000\000\000\000\000\000\000\000\000\000\000\000\000\000\000\000\000""; queryType: qtINDIRECT; queryDepth: 3; ","itype: liTS_CANDIDATE; ledgerHash: ""\r!N\267\203~\313a\272~\344A\332\034\332r\\301\240a\307\341\261(c(\021\265B\030@(""; nodeIDs: ""\000\000\000\000\000\000\000\000\000\000\000\000\000\000\000\000\000\000\000\000\000\000\000\000\000\000\000\000\000\000\000\000\000""; queryType: qtINDIRECT; queryDepth: 3; "
1750587276435,1750587276509,3522,1,1,4,TMStatusChange,"newEvent: neCLOSING_LEDGER; ledgerSeq: 7; ledgerHash: ""\311\347s\234ae\204\263\365U\334\372D\354\345\276\201f\035\271%#\375\245\314.""\373\330&\3746""; ledgerHashPrevious: ""\221=\252\002\267\225zg\264\253\271T\346ji\003\235\236Pis\264\375\222|H\344\261g?[g""; networkTime: 803902476; firstSeq: 1; lastSeq: 7; ","newEvent: neCLOSING_LEDGER; ledgerSeq: 7; ledgerHash: ""\311\347s\234ae\204\263\365U\334\372D\354\345\276\201f\035\271%#\375\245\314.""\373\330&\3746""; ledgerHashPrevious: ""\221=\252\002\267\225zg\264\253\271T\346ji\003\235\236Pis\264\375\222|H\344\261g?[g""; networkTime: 803902476; firstSeq: 1; lastSeq: 7; "
1750587276438,1750587276510,1020,1,1,3,TMStatusChange,"newEvent: neCLOSING_LEDGER; ledgerSeq: 7; ledgerHash: ""\311\347s\234ae\204\263\365U\334\372D\354\345\276\201f\035\271%#\375\245\314.""\373\330&\3746""; ledgerHashPrevious: ""\221=\252\002\267\225zg\264\253\271T\346ji\003\235\236Pis\264\375\222|H\344\261g?[g""; networkTime: 803902476; firstSeq: 1; lastSeq: 7; ","newEvent: neCLOSING_LEDGER; ledgerSeq: 7; ledgerHash: ""\311\347s\234ae\204\263\365U\334\372D\354\345\276\201f\035\271%#\375\245\314.""\373\330&\3746""; ledgerHashPrevious: ""\221=\252\002\267\225zg\264\253\271T\346ji\003\235\236Pis\264\375\222|H\344\261g?[g""; networkTime: 803902476; firstSeq: 1; lastSeq: 7; "
1750587276437,1750587276509,1862,1,1,0,TMStatusChange,"newEvent: neCLOSING_LEDGER; ledgerSeq: 7; ledgerHash: ""\311\347s\234ae\204\263\365U\334\372D\354\345\276\201f\035\271%#\375\245\314.""\373\330&\3746""; ledgerHashPrevious: ""\221=\252\002\267\225zg\264\253\271T\346ji\003\235\236Pis\264\375\222|H\344\261g?[g""; networkTime: 803902476; firstSeq: 1; lastSeq: 7; ","newEvent: neCLOSING_LEDGER; ledgerSeq: 7; ledgerHash: ""\311\347s\234ae\204\263\365U\334\372D\354\345\276\201f\035\271%#\375\245\314.""\373\330&\3746""; ledgerHashPrevious: ""\221=\252\002\267\225zg\264\253\271T\346ji\003\235\236Pis\264\375\222|H\344\261g?[g""; networkTime: 803902476; firstSeq: 1; lastSeq: 7; "
1750587276439,1750587276511,961,1,1,2,TMStatusChange,"newEvent: neCLOSING_LEDGER; ledgerSeq: 7; ledgerHash: ""\311\347s\234ae\204\263\365U\334\372D\354\345\276\201f\035\271%#\375\245\314.""\373\330&\3746""; ledgerHashPrevious: ""\221=\252\002\267\225zg\264\253\271T\346ji\003\235\236Pis\264\375\222|H\344\261g?[g""; networkTime: 803902476; firstSeq: 1; lastSeq: 7; ","newEvent: neCLOSING_LEDGER; ledgerSeq: 7; ledgerHash: ""\311\347s\234ae\204\263\365U\334\372D\354\345\276\201f\035\271%#\375\245\314.""\373\330&\3746""; ledgerHashPrevious: ""\221=\252\002\267\225zg\264\253\271T\346ji\003\235\236Pis\264\375\222|H\344\261g?[g""; networkTime: 803902476; firstSeq: 1; lastSeq: 7; "
1750587276533,1750587276534,3487,1,0,3,TMLedgerData,"ledgerHash: ""\r!N\267\203~\313a\272~\344A\332\034\332r\\301\240a\307\341\261(c(\021\265B\030@(""; ledgerSeq: 0; type: liTS_CANDIDATE; nodes {;   nodedata: ""\247\272\246\2214\014W1\360z\262\252=\343\207'\275\266;\016\021\306\330\030\225\023\357\272\353\200x\221\n\003"";   nodeid: ""\000\000\000\000\000\000\000\000\000\000\000\000\000\000\000\000\000\000\000\000\000\000\000\000\000\000\000\000\000\000\000\000\000""; }; ","ledgerHash: ""\r!N\267\203~\313a\272~\344A\332\034\332r\\301\240a\307\341\261(c(\021\265B\030@(""; ledgerSeq: 0; type: liTS_CANDIDATE; nodes {;   nodedata: ""\247\272\246\2214\014W1\360z\262\252=\343\207'\275\266;\016\021\306\330\030\225\023\357\272\353\200x\221\n\003"";   nodeid: ""\000\000\000\000\000\000\000\000\000\000\000\000\000\000\000\000\000\000\000\000\000\000\000\000\000\000\000\000\000\000\000\000\000""; }; "
1750587276557,1750587276557,3097,1,2,0,TMLedgerData,"ledgerHash: ""u\315\243\367\211\2625\240r:n\277\003\026\366\353'\216jy9\\001\220\223~\341j\254O\025\257""; ledgerSeq: 0; type: liTS_CANDIDATE; nodes {;   nodedata: ""\022\000\000""\000\000\000\000$\000\000\000\001 \033\000\000\000\027a@\000\000\027H\206*@h@\000\000\000\000\000\000\ns!\0030\347\374\235V\273%\326\211;\243\363\027\256[\3173\263)\033\326=\263&T\243\023""/\177\320 tF0D\002 0\023\341\332; \2711\245\020\321\3300\345\267-)\230\177\246\236AQ\327\203\207H\226+\000%\336\002 \024\036\211\237\201t\376\272E\270\230\020\334\014\356g\273\025((\376\266\216@ \254^2T\233\013\034\201\024\265\367by\212S\325C\240\024\312\370\262\227\317\370\362\3717\350\203\024E0\246\210\344\325\345r\024T\251\006P\255\352\333\372\351\337\302\000"";   nodeid: ""\240\000\000\000\000\000\000\000\000\000\000\000\000\000\000\000\000\000\000\000\000\000\000\000\000\000\000\000\000\000\000\000\001""; }; ","ledgerHash: ""u\315\243\367\211\2625\240r:n\277\003\026\366\353'\216jy9\\001\220\223~\341j\254O\025\257""; ledgerSeq: 0; type: liTS_CANDIDATE; nodes {;   nodedata: ""\022\000\000""\000\000\000\000$\000\000\000\001 \033\000\000\000\027a@\000\000\027H\206*@h@\000\000\000\000\000\000\ns!\0030\347\374\235V\273%\326\211;\243\363\027\256[\3173\263)\033\326=\263&T\243\023""/\177\320 tF0D\002 0\023\341\332; \2711\245\020\321\3300\345\267-)\230\177\246\236AQ\327\203\207H\226+\000%\336\002 \024\036\211\237\201t\376\272E\270\230\020\334\014\356g\273\025((\376\266\216@ \254^2T\233\013\034\201\024\265\367by\212S\325C\240\024\312\370\262\227\317\370\362\3717\350\203\024E0\246\210\344\325\345r\024T\251\006P\255\352\333\372\351\337\302\000"";   nodeid: ""\240\000\000\000\000\000\000\000\000\000\000\000\000\000\000\000\000\000\000\000\000\000\000\000\000\000\000\000\000\000\000\000\001""; }; "
1750587276598,1750587276598,3097,1,2,0,TMLedgerData,"ledgerHash: ""u\315\243\367\211\2625\240r:n\277\003\026\366\353'\216jy9\\001\220\223~\341j\254O\025\257""; ledgerSeq: 0; type: liTS_CANDIDATE; nodes {;   nodedata: ""\022\000\000""\000\000\000\000$\000\000\000\001 \033\000\000\000\027a@\000\000\027H\206*@h@\000\000\000\000\000\000\ns!\0030\347\374\235V\273%\326\211;\243\363\027\256[\3173\263)\033\326=\263&T\243\023""/\177\320 tF0D\002 0\023\341\332; \2711\245\020\321\3300\345\267-)\230\177\246\236AQ\327\203\207H\226+\000%\336\002 \024\036\211\237\201t\376\272E\270\230\020\334\014\356g\273\025((\376\266\216@ \254^2T\233\013\034\201\024\265\367by\212S\325C\240\024\312\370\262\227\317\370\362\3717\350\203\024E0\246\210\344\325\345r\024T\251\006P\255\352\333\372\351\337\302\000"";   nodeid: ""\240\000\000\000\000\000\000\000\000\000\000\000\000\000\000\000\000\000\000\000\000\000\000\000\000\000\000\000\000\000\000\000\001""; }; ","ledgerHash: ""u\315\243\367\211\2625\240r:n\277\003\026\366\353'\216jy9\\001\220\223~\341j\254O\025\257""; ledgerSeq: 0; type: liTS_CANDIDATE; nodes {;   nodedata: ""\022\000\000""\000\000\000\000$\000\000\000\001 \033\000\000\000\027a@\000\000\027H\206*@h@\000\000\000\000\000\000\ns!\0030\347\374\235V\273%\326\211;\243\363\027\256[\3173\263)\033\326=\263&T\243\023""/\177\320 tF0D\002 0\023\341\332; \2711\245\020\321\3300\345\267-)\230\177\246\236AQ\327\203\207H\226+\000%\336\002 \024\036\211\237\201t\376\272E\270\230\020\334\014\356g\273\025((\376\266\216@ \254^2T\233\013\034\201\024\265\367by\212S\325C\240\024\312\370\262\227\317\370\362\3717\350\203\024E0\246\210\344\325\345r\024T\251\006P\255\352\333\372\351\337\302\000"";   nodeid: ""\240\000\000\000\000\000\000\000\000\000\000\000\000\000\000\000\000\000\000\000\000\000\000\000\000\000\000\000\000\000\000\000\001""; }; "
1750587276606,1750587276607,3488,1,2,0,TMValidation,"validation: """"\200\000\000\001&\000\000\000\007)/\352\224\013:\211l\014`\252m\212dQ\311\347s\234ae\204\263\365U\334\372D\354\345\276\201f\035\271%#\375\245\314.""\373\330&\3746P\027\000\000\000\000\000\000\000\000\000\000\000\000\000\000\000\000\000\000\000\000\000\000\000\000\000\000\000\000\000\000\000\000P\031\221=\252\002\267\225zg\264\253\271T\346ji\003\235\236Pis\264\375\222|H\344\261g?[gs!\003\325Q\255\224\274R@\312\253\262\347\352\034\346\347\242\215,\312\376=\277\353{\350\225\301\305`^, vG0E\002!\000\365\375c\274J\253\352+\036\374\331\027\360\305+\n]~A#N\033u\206\205\332\337\373\320\322\372\220\002 P\261h\320Em\334\333\372\353\242\233\022\256\214\002pi\237m\261Y\3067\306\352wlp\243\243\262""; ","validation: """"\200\000\000\001&\000\000\000\007)/\352\224\013:\211l\014`\252m\212dQ\311\347s\234ae\204\263\365U\334\372D\354\345\276\201f\035\271%#\375\245\314.""\373\330&\3746P\027\000\000\000\000\000\000\000\000\000\000\000\000\000\000\000\000\000\000\000\000\000\000\000\000\000\000\000\000\000\000\000\000P\031\221=\252\002\267\225zg\264\253\271T\346ji\003\235\236Pis\264\375\222|H\344\261g?[gs!\003\325Q\255\224\274R@\312\253\262\347\352\034\346\347\242\215,\312\376=\277\353{\350\225\301\305`^, vG0E\002!\000\365\375c\274J\253\352+\036\374\331\027\360\305+\n]~A#N\033u\206\205\332\337\373\320\322\372\220\002 P\261h\320Em\334\333\372\353\242\233\022\256\214\002pi\237m\261Y\3067\306\352wlp\243\243\262""; "
1750587276607,1750587276607,1094,1,2,1,TMValidation,"validation: """"\200\000\000\001&\000\000\000\007)/\352\224\013:\211l\014`\252m\212dQ\311\347s\234ae\204\263\365U\334\372D\354\345\276\201f\035\271%#\375\245\314.""\373\330&\3746P\027\000\000\000\000\000\000\000\000\000\000\000\000\000\000\000\000\000\000\000\000\000\000\000\000\000\000\000\000\000\000\000\000P\031\221=\252\002\267\225zg\264\253\271T\346ji\003\235\236Pis\264\375\222|H\344\261g?[gs!\003\325Q\255\224\274R@\312\253\262\347\352\034\346\347\242\215,\312\376=\277\353{\350\225\301\305`^, vG0E\002!\000\365\375c\274J\253\352+\036\374\331\027\360\305+\n]~A#N\033u\206\205\332\337\373\320\322\372\220\002 P\261h\320Em\334\333\372\353\242\233\022\256\214\002pi\237m\261Y\3067\306\352wlp\243\243\262""; ","validation: """"\200\000\000\001&\000\000\000\007)/\352\224\013:\211l\014`\252m\212dQ\311\347s\234ae\204\263\365U\334\372D\354\345\276\201f\035\271%#\375\245\314.""\373\330&\3746P\027\000\000\000\000\000\000\000\000\000\000\000\000\000\000\000\000\000\000\000\000\000\000\000\000\000\000\000\000\000\000\000\000P\031\221=\252\002\267\225zg\264\253\271T\346ji\003\235\236Pis\264\375\222|H\344\261g?[gs!\003\325Q\255\224\274R@\312\253\262\347\352\034\346\347\242\215,\312\376=\277\353{\350\225\301\305`^, vG0E\002!\000\365\375c\274J\253\352+\036\374\331\027\360\305+\n]~A#N\033u\206\205\332\337\373\320\322\372\220\002 P\261h\320Em\334\333\372\353\242\233\022\256\214\002pi\237m\261Y\3067\306\352wlp\243\243\262""; "
1750587276607,1750587276607,1036,1,2,4,TMValidation,"validation: """"\200\000\000\001&\000\000\000\007)/\352\224\013:\211l\014`\252m\212dQ\311\347s\234ae\204\263\365U\334\372D\354\345\276\201f\035\271%#\375\245\314.""\373\330&\3746P\027\000\000\000\000\000\000\000\000\000\000\000\000\000\000\000\000\000\000\000\000\000\000\000\000\000\000\000\000\000\000\000\000P\031\221=\252\002\267\225zg\264\253\271T\346ji\003\235\236Pis\264\375\222|H\344\261g?[gs!\003\325Q\255\224\274R@\312\253\262\347\352\034\346\347\242\215,\312\376=\277\353{\350\225\301\305`^, vG0E\002!\000\365\375c\274J\253\352+\036\374\331\027\360\305+\n]~A#N\033u\206\205\332\337\373\320\322\372\220\002 P\261h\320Em\334\333\372\353\242\233\022\256\214\002pi\237m\261Y\3067\306\352wlp\243\243\262""; ","validation: """"\200\000\000\001&\000\000\000\007)/\352\224\013:\211l\014`\252m\212dQ\311\347s\234ae\204\263\365U\334\372D\354\345\276\201f\035\271%#\375\245\314.""\373\330&\3746P\027\000\000\000\000\000\000\000\000\000\000\000\000\000\000\000\000\000\000\000\000\000\000\000\000\000\000\000\000\000\000\000\000P\031\221=\252\002\267\225zg\264\253\271T\346ji\003\235\236Pis\264\375\222|H\344\261g?[gs!\003\325Q\255\224\274R@\312\253\262\347\352\034\346\347\242\215,\312\376=\277\353{\350\225\301\305`^, vG0E\002!\000\365\375c\274J\253\352+\036\374\331\027\360\305+\n]~A#N\033u\206\205\332\337\373\320\322\372\220\002 P\261h\320Em\334\333\372\353\242\233\022\256\214\002pi\237m\261Y\3067\306\352wlp\243\243\262""; "
1750587276648,1750587276648,1136,1,3,0,TMGetLedger,"itype: liTS_CANDIDATE; ledgerHash: ""\r!N\267\203~\313a\272~\344A\332\034\332r\\301\240a\307\341\261(c(\021\265B\030@(""; nodeIDs: ""\000\000\000\000\000\000\000\000\000\000\000\000\000\000\000\000\000\000\000\000\000\000\000\000\000\000\000\000\000\000\000\000\000""; queryType: qtINDIRECT; queryDepth: 3; ","itype: liTS_CANDIDATE; ledgerHash: ""\r!N\267\203~\313a\272~\344A\332\034\332r\\301\240a\307\341\261(c(\021\265B\030@(""; nodeIDs: ""\000\000\000\000\000\000\000\000\000\000\000\000\000\000\000\000\000\000\000\000\000\000\000\000\000\000\000\000\000\000\000\000\000""; queryType: qtINDIRECT; queryDepth: 3; "
1750587276648,1750587276648,2142,1,3,1,TMGetLedger,"itype: liTS_CANDIDATE; ledgerHash: ""\r!N\267\203~\313a\272~\344A\332\034\332r\\301\240a\307\341\261(c(\021\265B\030@(""; nodeIDs: ""\000\000\000\000\000\000\000\000\000\000\000\000\000\000\000\000\000\000\000\000\000\000\000\000\000\000\000\000\000\000\000\000\000""; queryType: qtINDIRECT; queryDepth: 3; ","itype: liTS_CANDIDATE; ledgerHash: ""\r!N\267\203~\313a\272~\344A\332\034\332r\\301\240a\307\341\261(c(\021\265B\030@(""; nodeIDs: ""\000\000\000\000\000\000\000\000\000\000\000\000\000\000\000\000\000\000\000\000\000\000\000\000\000\000\000\000\000\000\000\000\000""; queryType: qtINDIRECT; queryDepth: 3; "
1750587276649,1750587276649,3118,1,3,4,TMGetLedger,"itype: liTS_CANDIDATE; ledgerHash: ""\r!N\267\203~\313a\272~\344A\332\034\332r\\301\240a\307\341\261(c(\021\265B\030@(""; nodeIDs: ""\000\000\000\000\000\000\000\000\000\000\000\000\000\000\000\000\000\000\000\000\000\000\000\000\000\000\000\000\000\000\000\000\000""; queryType: qtINDIRECT; queryDepth: 3; ","itype: liTS_CANDIDATE; ledgerHash: ""\r!N\267\203~\313a\272~\344A\332\034\332r\\301\240a\307\341\261(c(\021\265B\030@(""; nodeIDs: ""\000\000\000\000\000\000\000\000\000\000\000\000\000\000\000\000\000\000\000\000\000\000\000\000\000\000\000\000\000\000\000\000\000""; queryType: qtINDIRECT; queryDepth: 3; "
1750587276649,1750587276649,1590,1,3,2,TMGetLedger,"itype: liTS_CANDIDATE; ledgerHash: ""\r!N\267\203~\313a\272~\344A\332\034\332r\\301\240a\307\341\261(c(\021\265B\030@(""; nodeIDs: ""\000\000\000\000\000\000\000\000\000\000\000\000\000\000\000\000\000\000\000\000\000\000\000\000\000\000\000\000\000\000\000\000\000""; queryType: qtINDIRECT; queryDepth: 3; ","itype: liTS_CANDIDATE; ledgerHash: ""\r!N\267\203~\313a\272~\344A\332\034\332r\\301\240a\307\341\261(c(\021\265B\030@(""; nodeIDs: ""\000\000\000\000\000\000\000\000\000\000\000\000\000\000\000\000\000\000\000\000\000\000\000\000\000\000\000\000\000\000\000\000\000""; queryType: qtINDIRECT; queryDepth: 3; "
1750587276677,1750587276677,628,1,3,2,TMLedgerData,"ledgerHash: ""u\315\243\367\211\2625\240r:n\277\003\026\366\353'\216jy9\\001\220\223~\341j\254O\025\257""; ledgerSeq: 0; type: liTS_CANDIDATE; nodes {;   nodedata: ""\022\000\000""\000\000\000\000$\000\000\000\001 \033\000\000\000\027a@\000\000\027H\206*@h@\000\000\000\000\000\000\ns!\0030\347\374\235V\273%\326\211;\243\363\027\256[\3173\263)\033\326=\263&T\243\023""/\177\320 tF0D\002 0\023\341\332; \2711\245\020\321\3300\345\267-)\230\177\246\236AQ\327\203\207H\226+\000%\336\002 \024\036\211\237\201t\376\272E\270\230\020\334\014\356g\273\025((\376\266\216@ \254^2T\233\013\034\201\024\265\367by\212S\325C\240\024\312\370\262\227\317\370\362\3717\350\203\024E0\246\210\344\325\345r\024T\251\006P\255\352\333\372\351\337\302\000"";   nodeid: ""\240\000\000\000\000\000\000\000\000\000\000\000\000\000\000\000\000\000\000\000\000\000\000\000\000\000\000\000\000\000\000\000\001""; }; requestCookie: 2; ","ledgerHash: ""u\315\243\367\211\2625\240r:n\277\003\026\366\353'\216jy9\\001\220\223~\341j\254O\025\257""; ledgerSeq: 0; type: liTS_CANDIDATE; nodes {;   nodedata: ""\022\000\000""\000\000\000\000$\000\000\000\001 \033\000\000\000\027a@\000\000\027H\206*@h@\000\000\000\000\000\000\ns!\0030\347\374\235V\273%\326\211;\243\363\027\256[\3173\263)\033\326=\263&T\243\023""/\177\320 tF0D\002 0\023\341\332; \2711\245\020\321\3300\345\267-)\230\177\246\236AQ\327\203\207H\226+\000%\336\002 \024\036\211\237\201t\376\272E\270\230\020\334\014\356g\273\025((\376\266\216@ \254^2T\233\013\034\201\024\265\367by\212S\325C\240\024\312\370\262\227\317\370\362\3717\350\203\024E0\246\210\344\325\345r\024T\251\006P\255\352\333\372\351\337\302\000"";   nodeid: ""\240\000\000\000\000\000\000\000\000\000\000\000\000\000\000\000\000\000\000\000\000\000\000\000\000\000\000\000\000\000\000\000\001""; }; requestCookie: 2; "
1750587276696,1750587276696,674,1,1,2,TMGetLedger,"itype: liTS_CANDIDATE; ledgerHash: ""\r!N\267\203~\313a\272~\344A\332\034\332r\\301\240a\307\341\261(c(\021\265B\030@(""; nodeIDs: ""\000\000\000\000\000\000\000\000\000\000\000\000\000\000\000\000\000\000\000\000\000\000\000\000\000\000\000\000\000\000\000\000\000""; queryType: qtINDIRECT; queryDepth: 3; ","itype: liTS_CANDIDATE; ledgerHash: ""\r!N\267\203~\313a\272~\344A\332\034\332r\\301\240a\307\341\261(c(\021\265B\030@(""; nodeIDs: ""\000\000\000\000\000\000\000\000\000\000\000\000\000\000\000\000\000\000\000\000\000\000\000\000\000\000\000\000\000\000\000\000\000""; queryType: qtINDIRECT; queryDepth: 3; "
1750587276697,1750587276697,572,1,1,0,TMGetLedger,"itype: liTS_CANDIDATE; ledgerHash: ""\r!N\267\203~\313a\272~\344A\332\034\332r\\301\240a\307\341\261(c(\021\265B\030@(""; nodeIDs: ""\000\000\000\000\000\000\000\000\000\000\000\000\000\000\000\000\000\000\000\000\000\000\000\000\000\000\000\000\000\000\000\000\000""; queryType: qtINDIRECT; queryDepth: 3; ","itype: liTS_CANDIDATE; ledgerHash: ""\r!N\267\203~\313a\272~\344A\332\034\332r\\301\240a\307\341\261(c(\021\265B\030@(""; nodeIDs: ""\000\000\000\000\000\000\000\000\000\000\000\000\000\000\000\000\000\000\000\000\000\000\000\000\000\000\000\000\000\000\000\000\000""; queryType: qtINDIRECT; queryDepth: 3; "
1750587276697,1750587276697,2860,1,1,4,TMGetLedger,"itype: liTS_CANDIDATE; ledgerHash: ""\r!N\267\203~\313a\272~\344A\332\034\332r\\301\240a\307\341\261(c(\021\265B\030@(""; nodeIDs: ""\000\000\000\000\000\000\000\000\000\000\000\000\000\000\000\000\000\000\000\000\000\000\000\000\000\000\000\000\000\000\000\000\000""; queryType: qtINDIRECT; queryDepth: 3; ","itype: liTS_CANDIDATE; ledgerHash: ""\r!N\267\203~\313a\272~\344A\332\034\332r\\301\240a\307\341\261(c(\021\265B\030@(""; nodeIDs: ""\000\000\000\000\000\000\000\000\000\000\000\000\000\000\000\000\000\000\000\000\000\000\000\000\000\000\000\000\000\000\000\000\000""; queryType: qtINDIRECT; queryDepth: 3; "
1750587276698,1750587276698,3553,1,1,3,TMGetLedger,"itype: liTS_CANDIDATE; ledgerHash: ""\r!N\267\203~\313a\272~\344A\332\034\332r\\301\240a\307\341\261(c(\021\265B\030@(""; nodeIDs: ""\000\000\000\000\000\000\000\000\000\000\000\000\000\000\000\000\000\000\000\000\000\000\000\000\000\000\000\000\000\000\000\000\000""; queryType: qtINDIRECT; queryDepth: 3; ","itype: liTS_CANDIDATE; ledgerHash: ""\r!N\267\203~\313a\272~\344A\332\034\332r\\301\240a\307\341\261(c(\021\265B\030@(""; nodeIDs: ""\000\000\000\000\000\000\000\000\000\000\000\000\000\000\000\000\000\000\000\000\000\000\000\000\000\000\000\000\000\000\000\000\000""; queryType: qtINDIRECT; queryDepth: 3; "
1750587276703,1750587276703,792,1,0,4,TMValidation,"validation: """"\200\000\000\001&\000\000\000\006)/\352\224\010:\211l\014`\252m\212dQ\221=\252\002\267\225zg\264\253\271T\346ji\003\235\236Pis\264\375\222|H\344\261g?[gP\0278h\232\211g)\354\005\246\256XI\265J\214\312}\261\211y\355]\0228j\360\0224\003\021%\014P\031\372\373$P*|\321\342\002\026\n\3215\340\3203\200x\327D\301]5\237\247Yz\3711!L\214s!\003\325Q\255\224\274R@\312\253\262\347\352\034\346\347\242\215,\312\376=\277\353{\350\225\301\305`^, vF0D\002 I\361\014ed\255\334\372\367\r\252=\366\255$\032\307\310\024\002\003s\232\301p\r\301\354\017\372\310\277\002 wK\013\340\365\263\266d\363\333\336fO4KG\320\242f\031`\236\030\244\363T\310\212\205q\017W""; ","validation: """"\200\000\000\001&\000\000\000\006)/\352\224\010:\211l\014`\252m\212dQ\221=\252\002\267\225zg\264\253\271T\346ji\003\235\236Pis\264\375\222|H\344\261g?[gP\0278h\232\211g)\354\005\246\256XI\265J\214\312}\261\211y\355]\0228j\360\0224\003\021%\014P\031\372\373$P*|\321\342\002\026\n\3215\340\3203\200x\327D\301]5\237\247Yz\3711!L\214s!\003\325Q\255\224\274R@\312\253\262\347\352\034\346\347\242\215,\312\376=\277\353{\350\225\301\305`^, vF0D\002 I\361\014ed\255\334\372\367\r\252=\366\255$\032\307\310\024\002\003s\232\301p\r\301\354\017\372\310\277\002 wK\013\340\365\263\266d\363\333\336fO4KG\320\242f\031`\236\030\244\363T\310\212\205q\017W""; "
1750587276704,1750587276704,2684,1,0,1,TMValidation,"validation: """"\200\000\000\001&\000\000\000\006)/\352\224\010:\211l\014`\252m\212dQ\221=\252\002\267\225zg\264\253\271T\346ji\003\235\236Pis\264\375\222|H\344\261g?[gP\0278h\232\211g)\354\005\246\256XI\265J\214\312}\261\211y\355]\0228j\360\0224\003\021%\014P\031\372\373$P*|\321\342\002\026\n\3215\340\3203\200x\327D\301]5\237\247Yz\3711!L\214s!\003\325Q\255\224\274R@\312\253\262\347\352\034\346\347\242\215,\312\376=\277\353{\350\225\301\305`^, vF0D\002 I\361\014ed\255\334\372\367\r\252=\366\255$\032\307\310\024\002\003s\232\301p\r\301\354\017\372\310\277\002 wK\013\340\365\263\266d\363\333\336fO4KG\320\242f\031`\236\030\244\363T\310\212\205q\017W""; ","validation: """"\200\000\000\001&\000\000\000\006)/\352\224\010:\211l\014`\252m\212dQ\221=\252\002\267\225zg\264\253\271T\346ji\003\235\236Pis\264\375\222|H\344\261g?[gP\0278h\232\211g)\354\005\246\256XI\265J\214\312}\261\211y\355]\0228j\360\0224\003\021%\014P\031\372\373$P*|\321\342\002\026\n\3215\340\3203\200x\327D\301]5\237\247Yz\3711!L\214s!\003\325Q\255\224\274R@\312\253\262\347\352\034\346\347\242\215,\312\376=\277\353{\350\225\301\305`^, vF0D\002 I\361\014ed\255\334\372\367\r\252=\366\255$\032\307\310\024\002\003s\232\301p\r\301\354\017\372\310\277\002 wK\013\340\365\263\266d\363\333\336fO4KG\320\242f\031`\236\030\244\363T\310\212\205q\017W""; "
1750587276704,1750587276704,3563,1,0,2,TMValidation,"validation: """"\200\000\000\001&\000\000\000\006)/\352\224\010:\211l\014`\252m\212dQ\221=\252\002\267\225zg\264\253\271T\346ji\003\235\236Pis\264\375\222|H\344\261g?[gP\0278h\232\211g)\354\005\246\256XI\265J\214\312}\261\211y\355]\0228j\360\0224\003\021%\014P\031\372\373$P*|\321\342\002\026\n\3215\340\3203\200x\327D\301]5\237\247Yz\3711!L\214s!\003\325Q\255\224\274R@\312\253\262\347\352\034\346\347\242\215,\312\376=\277\353{\350\225\301\305`^, vF0D\002 I\361\014ed\255\334\372\367\r\252=\366\255$\032\307\310\024\002\003s\232\301p\r\301\354\017\372\310\277\002 wK\013\340\365\263\266d\363\333\336fO4KG\320\242f\031`\236\030\244\363T\310\212\205q\017W""; ","validation: """"\200\000\000\001&\000\000\000\006)/\352\224\010:\211l\014`\252m\212dQ\221=\252\002\267\225zg\264\253\271T\346ji\003\235\236Pis\264\375\222|H\344\261g?[gP\0278h\232\211g)\354\005\246\256XI\265J\214\312}\261\211y\355]\0228j\360\0224\003\021%\014P\031\372\373$P*|\321\342\002\026\n\3215\340\3203\200x\327D\301]5\237\247Yz\3711!L\214s!\003\325Q\255\224\274R@\312\253\262\347\352\034\346\347\242\215,\312\376=\277\353{\350\225\301\305`^, vF0D\002 I\361\014ed\255\334\372\367\r\252=\366\255$\032\307\310\024\002\003s\232\301p\r\301\354\017\372\310\277\002 wK\013\340\365\263\266d\363\333\336fO4KG\320\242f\031`\236\030\244\363T\310\212\205q\017W""; "
1750587276716,1750587276716,3656,1,3,1,TMProposeSet,"proposeSeq: 0; currentTxHash: ""\000\000\000\000\000\000\000\000\000\000\000\000\000\000\000\000\000\000\000\000\000\000\000\000\000\000\000\000\000\000\000\000""; nodePubKey: ""\003.\200\224\215?)t\306\315\242\313\251\255\302\204=\232.\271%}\013\024s\024\002@\216l""\241F""; closeTime: 803902475; signature: ""0E\002!\000\350\243t'sbt\177p\033\250\026k\255\327B^MK\224\335\037\036Mc\352\363\007\314\237\351\032\002 \037\317\213U9:\006\260BpT\243\023\373[\311\307V\002\257\214\303\370\004\200>\323\217\006\265~\034""; previousledger: ""\311\347s\234ae\204\263\365U\334\372D\354\345\276\201f\035\271%#\375\245\314.""\373\330&\3746""; ","proposeSeq: 0; currentTxHash: ""\000\000\000\000\000\000\000\000\000\000\000\000\000\000\000\000\000\000\000\000\000\000\000\000\000\000\000\000\000\000\000\000""; nodePubKey: ""\003.\200\224\215?)t\306\315\242\313\251\255\302\204=\232.\271%}\013\024s\024\002@\216l""\241F""; closeTime: 803902475; signature: ""0E\002!\000\350\243t'sbt\177p\033\250\026k\255\327B^MK\224\335\037\036Mc\352\363\007\314\237\351\032\002 \037\317\213U9:\006\260BpT\243\023\373[\311\307V\002\257\214\303\370\004\200>\323\217\006\265~\034""; previousledger: ""\311\347s\234ae\204\263\365U\334\372D\354\345\276\201f\035\271%#\375\245\314.""\373\330&\3746""; "
1750587276716,1750587276716,443,1,3,0,TMProposeSet,"proposeSeq: 0; currentTxHash: ""\000\000\000\000\000\000\000\000\000\000\000\000\000\000\000\000\000\000\000\000\000\000\000\000\000\000\000\000\000\000\000\000""; nodePubKey: ""\003.\200\224\215?)t\306\315\242\313\251\255\302\204=\232.\271%}\013\024s\024\002@\216l""\241F""; closeTime: 803902475; signature: ""0E\002!\000\350\243t'sbt\177p\033\250\026k\255\327B^MK\224\335\037\036Mc\352\363\007\314\237\351\032\002 \037\317\213U9:\006\260BpT\243\023\373[\311\307V\002\257\214\303\370\004\200>\323\217\006\265~\034""; previousledger: ""\311\347s\234ae\204\263\365U\334\372D\354\345\276\201f\035\271%#\375\245\314.""\373\330&\3746""; ","proposeSeq: 0; currentTxHash: ""\000\000\000\000\000\000\000\000\000\000\000\000\000\000\000\000\000\000\000\000\000\000\000\000\000\000\000\000\000\000\000\000""; nodePubKey: ""\003.\200\224\215?)t\306\315\242\313\251\255\302\204=\232.\271%}\013\024s\024\002@\216l""\241F""; closeTime: 803902475; signature: ""0E\002!\000\350\243t'sbt\177p\033\250\026k\255\327B^MK\224\335\037\036Mc\352\363\007\314\237\351\032\002 \037\317\213U9:\006\260BpT\243\023\373[\311\307V\002\257\214\303\370\004\200>\323\217\006\265~\034""; previousledger: ""\311\347s\234ae\204\263\365U\334\372D\354\345\276\201f\035\271%#\375\245\314.""\373\330&\3746""; "
1750587276718,1750587276718,1317,1,3,2,TMProposeSet,"proposeSeq: 0; currentTxHash: ""\000\000\000\000\000\000\000\000\000\000\000\000\000\000\000\000\000\000\000\000\000\000\000\000\000\000\000\000\000\000\000\000""; nodePubKey: ""\003.\200\224\215?)t\306\315\242\313\251\255\302\204=\232.\271%}\013\024s\024\002@\216l""\241F""; closeTime: 803902475; signature: ""0E\002!\000\350\243t'sbt\177p\033\250\026k\255\327B^MK\224\335\037\036Mc\352\363\007\314\237\351\032\002 \037\317\213U9:\006\260BpT\243\023\373[\311\307V\002\257\214\303\370\004\200>\323\217\006\265~\034""; previousledger: ""\311\347s\234ae\204\263\365U\334\372D\354\345\276\201f\035\271%#\375\245\314.""\373\330&\3746""; ","proposeSeq: 0; currentTxHash: ""\000\000\000\000\000\000\000\000\000\000\000\000\000\000\000\000\000\000\000\000\000\000\000\000\000\000\000\000\000\000\000\000""; nodePubKey: ""\003.\200\224\215?)t\306\315\242\313\251\255\302\204=\232.\271%}\013\024s\024\002@\216l""\241F""; closeTime: 803902475; signature: ""0E\002!\000\350\243t'sbt\177p\033\250\026k\255\327B^MK\224\335\037\036Mc\352\363\007\314\237\351\032\002 \037\317\213U9:\006\260BpT\243\023\373[\311\307V\002\257\214\303\370\004\200>\323\217\006\265~\034""; previousledger: ""\311\347s\234ae\204\263\365U\334\372D\354\345\276\201f\035\271%#\375\245\314.""\373\330&\3746""; "
1750587276736,1750587276736,3538,1,1,3,TMProposeSet,"proposeSeq: 0; currentTxHash: ""\000\000\000\000\000\000\000\000\000\000\000\000\000\000\000\000\000\000\000\000\000\000\000\000\000\000\000\000\000\000\000\000""; nodePubKey: ""\003.\200\224\215?)t\306\315\242\313\251\255\302\204=\232.\271%}\013\024s\024\002@\216l""\241F""; closeTime: 803902475; signature: ""0E\002!\000\350\243t'sbt\177p\033\250\026k\255\327B^MK\224\335\037\036Mc\352\363\007\314\237\351\032\002 \037\317\213U9:\006\260BpT\243\023\373[\311\307V\002\257\214\303\370\004\200>\323\217\006\265~\034""; previousledger: ""\311\347s\234ae\204\263\365U\334\372D\354\345\276\201f\035\271%#\375\245\314.""\373\330&\3746""; ","proposeSeq: 0; currentTxHash: ""\000\000\000\000\000\000\000\000\000\000\000\000\000\000\000\000\000\000\000\000\000\000\000\000\000\000\000\000\000\000\000\000""; nodePubKey: ""\003.\200\224\215?)t\306\315\242\313\251\255\302\204=\232.\271%}\013\024s\024\002@\216l""\241F""; closeTime: 803902475; signature: ""0E\002!\000\350\243t'sbt\177p\033\250\026k\255\327B^MK\224\335\037\036Mc\352\363\007\314\237\351\032\002 \037\317\213U9:\006\260BpT\243\023\373[\311\307V\002\257\214\303\370\004\200>\323\217\006\265~\034""; previousledger: ""\311\347s\234ae\204\263\365U\334\372D\354\345\276\201f\035\271%#\375\245\314.""\373\330&\3746""; "
1750587276736,1750587276736,1799,1,1,2,TMProposeSet,"proposeSeq: 0; currentTxHash: ""\000\000\000\000\000\000\000\000\000\000\000\000\000\000\000\000\000\000\000\000\000\000\000\000\000\000\000\000\000\000\000\000""; nodePubKey: ""\003.\200\224\215?)t\306\315\242\313\251\255\302\204=\232.\271%}\013\024s\024\002@\216l""\241F""; closeTime: 803902475; signature: ""0E\002!\000\350\243t'sbt\177p\033\250\026k\255\327B^MK\224\335\037\036Mc\352\363\007\314\237\351\032\002 \037\317\213U9:\006\260BpT\243\023\373[\311\307V\002\257\214\303\370\004\200>\323\217\006\265~\034""; previousledger: ""\311\347s\234ae\204\263\365U\334\372D\354\345\276\201f\035\271%#\375\245\314.""\373\330&\3746""; ","proposeSeq: 0; currentTxHash: ""\000\000\000\000\000\000\000\000\000\000\000\000\000\000\000\000\000\000\000\000\000\000\000\000\000\000\000\000\000\000\000\000""; nodePubKey: ""\003.\200\224\215?)t\306\315\242\313\251\255\302\204=\232.\271%}\013\024s\024\002@\216l""\241F""; closeTime: 803902475; signature: ""0E\002!\000\350\243t'sbt\177p\033\250\026k\255\327B^MK\224\335\037\036Mc\352\363\007\314\237\351\032\002 \037\317\213U9:\006\260BpT\243\023\373[\311\307V\002\257\214\303\370\004\200>\323\217\006\265~\034""; previousledger: ""\311\347s\234ae\204\263\365U\334\372D\354\345\276\201f\035\271%#\375\245\314.""\373\330&\3746""; "
1750587276736,1750587276736,926,1,1,0,TMProposeSet,"proposeSeq: 0; currentTxHash: ""\000\000\000\000\000\000\000\000\000\000\000\000\000\000\000\000\000\000\000\000\000\000\000\000\000\000\000\000\000\000\000\000""; nodePubKey: ""\003.\200\224\215?)t\306\315\242\313\251\255\302\204=\232.\271%}\013\024s\024\002@\216l""\241F""; closeTime: 803902475; signature: ""0E\002!\000\350\243t'sbt\177p\033\250\026k\255\327B^MK\224\335\037\036Mc\352\363\007\314\237\351\032\002 \037\317\213U9:\006\260BpT\243\023\373[\311\307V\002\257\214\303\370\004\200>\323\217\006\265~\034""; previousledger: ""\311\347s\234ae\204\263\365U\334\372D\354\345\276\201f\035\271%#\375\245\314.""\373\330&\3746""; ","proposeSeq: 0; currentTxHash: ""\000\000\000\000\000\000\000\000\000\000\000\000\000\000\000\000\000\000\000\000\000\000\000\000\000\000\000\000\000\000\000\000""; nodePubKey: ""\003.\200\224\215?)t\306\315\242\313\251\255\302\204=\232.\271%}\013\024s\024\002@\216l""\241F""; closeTime: 803902475; signature: ""0E\002!\000\350\243t'sbt\177p\033\250\026k\255\327B^MK\224\335\037\036Mc\352\363\007\314\237\351\032\002 \037\317\213U9:\006\260BpT\243\023\373[\311\307V\002\257\214\303\370\004\200>\323\217\006\265~\034""; previousledger: ""\311\347s\234ae\204\263\365U\334\372D\354\345\276\201f\035\271%#\375\245\314.""\373\330&\3746""; "
1750587276753,1750587276753,734,1,3,2,TMValidation,"validation: """"\200\000\000\001&\000\000\000\007)/\352\224\013:?HT\314/\177\320^Q\311\347s\234ae\204\263\365U\334\372D\354\345\276\201f\035\271%#\375\245\314.""\373\330&\3746P\027\000\000\000\000\000\000\000\000\000\000\000\000\000\000\000\000\000\000\000\000\000\000\000\000\000\000\000\000\000\000\000\000P\031\221=\252\002\267\225zg\264\253\271T\346ji\003\235\236Pis\264\375\222|H\344\261g?[gs!\003\343\005\311u\203\370\0338\3174\324\010\006\301\251\177\261\304eOX\262)FA-\022r\263wm\024vG0E\002!\000\324\222""\273=!\201\207r\242\005L\332U\006Z\021\244\233 ?cO\3207\005\366\210Cw\223\324\002 \037M\200v\323\246\336zn\t\224\017\270G\013\236\363\211e\247\323\307\250\\023>\001@#\007Jj""; ","validation: """"\200\000\000\001&\000\000\000\007)/\352\224\013:?HT\314/\177\320^Q\311\347s\234ae\204\263\365U\334\372D\354\345\276\201f\035\271%#\375\245\314.""\373\330&\3746P\027\000\000\000\000\000\000\000\000\000\000\000\000\000\000\000\000\000\000\000\000\000\000\000\000\000\000\000\000\000\000\000\000P\031\221=\252\002\267\225zg\264\253\271T\346ji\003\235\236Pis\264\375\222|H\344\261g?[gs!\003\343\005\311u\203\370\0338\3174\324\010\006\301\251\177\261\304eOX\262)FA-\022r\263wm\024vG0E\002!\000\324\222""\273=!\201\207r\242\005L\332U\006Z\021\244\233 ?cO\3207\005\366\210Cw\223\324\002 \037M\200v\323\246\336zn\t\224\017\270G\013\236\363\211e\247\323\307\250\\023>\001@#\007Jj""; "
1750587276753,1750587276753,3501,1,3,4,TMValidation,"validation: """"\200\000\000\001&\000\000\000\007)/\352\224\013:?HT\314/\177\320^Q\311\347s\234ae\204\263\365U\334\372D\354\345\276\201f\035\271%#\375\245\314.""\373\330&\3746P\027\000\000\000\000\000\000\000\000\000\000\000\000\000\000\000\000\000\000\000\000\000\000\000\000\000\000\000\000\000\000\000\000P\031\221=\252\002\267\225zg\264\253\271T\346ji\003\235\236Pis\264\375\222|H\344\261g?[gs!\003\343\005\311u\203\370\0338\3174\324\010\006\301\251\177\261\304eOX\262)FA-\022r\263wm\024vG0E\002!\000\324\222""\273=!\201\207r\242\005L\332U\006Z\021\244\233 ?cO\3207\005\366\210Cw\223\324\002 \037M\200v\323\246\336zn\t\224\017\270G\013\236\363\211e\247\323\307\250\\023>\001@#\007Jj""; ","validation: """"\200\000\000\001&\000\000\000\007)/\352\224\013:?HT\314/\177\320^Q\311\347s\234ae\204\263\365U\334\372D\354\345\276\201f\035\271%#\375\245\314.""\373\330&\3746P\027\000\000\000\000\000\000\000\000\000\000\000\000\000\000\000\000\000\000\000\000\000\000\000\000\000\000\000\000\000\000\000\000P\031\221=\252\002\267\225zg\264\253\271T\346ji\003\235\236Pis\264\375\222|H\344\261g?[gs!\003\343\005\311u\203\370\0338\3174\324\010\006\301\251\177\261\304eOX\262)FA-\022r\263wm\024vG0E\002!\000\324\222""\273=!\201\207r\242\005L\332U\006Z\021\244\233 ?cO\3207\005\366\210Cw\223\324\002 \037M\200v\323\246\336zn\t\224\017\270G\013\236\363\211e\247\323\307\250\\023>\001@#\007Jj""; "
1750587276758,1750587276758,3767,1,3,0,TMValidation,"validation: """"\200\000\000\001&\000\000\000\007)/\352\224\013:?HT\314/\177\320^Q\311\347s\234ae\204\263\365U\334\372D\354\345\276\201f\035\271%#\375\245\314.""\373\330&\3746P\027\000\000\000\000\000\000\000\000\000\000\000\000\000\000\000\000\000\000\000\000\000\000\000\000\000\000\000\000\000\000\000\000P\031\221=\252\002\267\225zg\264\253\271T\346ji\003\235\236Pis\264\375\222|H\344\261g?[gs!\003\343\005\311u\203\370\0338\3174\324\010\006\301\251\177\261\304eOX\262)FA-\022r\263wm\024vG0E\002!\000\324\222""\273=!\201\207r\242\005L\332U\006Z\021\244\233 ?cO\3207\005\366\210Cw\223\324\002 \037M\200v\323\246\336zn\t\224\017\270G\013\236\363\211e\247\323\307\250\\023>\001@#\007Jj""; ","validation: """"\200\000\000\001&\000\000\000\007)/\352\224\013:?HT\314/\177\320^Q\311\347s\234ae\204\263\365U\334\372D\354\345\276\201f\035\271%#\375\245\314.""\373\330&\3746P\027\000\000\000\000\000\000\000\000\000\000\000\000\000\000\000\000\000\000\000\000\000\000\000\000\000\000\000\000\000\000\000\000P\031\221=\252\002\267\225zg\264\253\271T\346ji\003\235\236Pis\264\375\222|H\344\261g?[gs!\003\343\005\311u\203\370\0338\3174\324\010\006\301\251\177\261\304eOX\262)FA-\022r\263wm\024vG0E\002!\000\324\222""\273=!\201\207r\242\005L\332U\006Z\021\244\233 ?cO\3207\005\366\210Cw\223\324\002 \037M\200v\323\246\336zn\t\224\017\270G\013\236\363\211e\247\323\307\250\\023>\001@#\007Jj""; "
1750587276770,1750587276770,3792,1,0,1,TMLedgerData,"ledgerHash: ""\r!N\267\203~\313a\272~\344A\332\034\332r\\301\240a\307\341\261(c(\021\265B\030@(""; ledgerSeq: 0; type: liTS_CANDIDATE; nodes {;   nodedata: ""\247\272\246\2214\014W1\360z\262\252=\343\207'\275\266;\016\021\306\330\030\225\023\357\272\353\200x\221\n\003"";   nodeid: ""\000\000\000\000\000\000\000\000\000\000\000\000\000\000\000\000\000\000\000\000\000\000\000\000\000\000\000\000\000\000\000\000\000""; }; ","ledgerHash: ""\r!N\267\203~\313a\272~\344A\332\034\332r\\301\240a\307\341\261(c(\021\265B\030@(""; ledgerSeq: 0; type: liTS_CANDIDATE; nodes {;   nodedata: ""\247\272\246\2214\014W1\360z\262\252=\343\207'\275\266;\016\021\306\330\030\225\023\357\272\353\200x\221\n\003"";   nodeid: ""\000\000\000\000\000\000\000\000\000\000\000\000\000\000\000\000\000\000\000\000\000\000\000\000\000\000\000\000\000\000\000\000\000""; }; "
1750587276782,1750587276782,1466,1,0,4,TMGetLedger,"itype: liBASE; ledgerHash: ""\311\347s\234ae\204\263\365U\334\372D\354\345\276\201f\035\271%#\375\245\314.""\373\330&\3746""; requestCookie: 3; queryType: qtINDIRECT; ","itype: liBASE; ledgerHash: ""\311\347s\234ae\204\263\365U\334\372D\354\345\276\201f\035\271%#\375\245\314.""\373\330&\3746""; requestCookie: 3; queryType: qtINDIRECT; "
1750587276847,1750587276848,3097,1,2,0,TMLedgerData,"ledgerHash: ""u\315\243\367\211\2625\240r:n\277\003\026\366\353'\216jy9\\001\220\223~\341j\254O\025\257""; ledgerSeq: 0; type: liTS_CANDIDATE; nodes {;   nodedata: ""\022\000\000""\000\000\000\000$\000\000\000\001 \033\000\000\000\027a@\000\000\027H\206*@h@\000\000\000\000\000\000\ns!\0030\347\374\235V\273%\326\211;\243\363\027\256[\3173\263)\033\326=\263&T\243\023""/\177\320 tF0D\002 0\023\341\332; \2711\245\020\321\3300\345\267-)\230\177\246\236AQ\327\203\207H\226+\000%\336\002 \024\036\211\237\201t\376\272E\270\230\020\334\014\356g\273\025((\376\266\216@ \254^2T\233\013\034\201\024\265\367by\212S\325C\240\024\312\370\262\227\317\370\362\3717\350\203\024E0\246\210\344\325\345r\024T\251\006P\255\352\333\372\351\337\302\000"";   nodeid: ""\240\000\000\000\000\000\000\000\000\000\000\000\000\000\000\000\000\000\000\000\000\000\000\000\000\000\000\000\000\000\000\000\001""; }; ","ledgerHash: ""u\315\243\367\211\2625\240r:n\277\003\026\366\353'\216jy9\\001\220\223~\341j\254O\025\257""; ledgerSeq: 0; type: liTS_CANDIDATE; nodes {;   nodedata: ""\022\000\000""\000\000\000\000$\000\000\000\001 \033\000\000\000\027a@\000\000\027H\206*@h@\000\000\000\000\000\000\ns!\0030\347\374\235V\273%\326\211;\243\363\027\256[\3173\263)\033\326=\263&T\243\023""/\177\320 tF0D\002 0\023\341\332; \2711\245\020\321\3300\345\267-)\230\177\246\236AQ\327\203\207H\226+\000%\336\002 \024\036\211\237\201t\376\272E\270\230\020\334\014\356g\273\025((\376\266\216@ \254^2T\233\013\034\201\024\265\367by\212S\325C\240\024\312\370\262\227\317\370\362\3717\350\203\024E0\246\210\344\325\345r\024T\251\006P\255\352\333\372\351\337\302\000"";   nodeid: ""\240\000\000\000\000\000\000\000\000\000\000\000\000\000\000\000\000\000\000\000\000\000\000\000\000\000\000\000\000\000\000\000\001""; }; "
1750587276870,1750587276870,2173,1,3,2,TMHaveTransactionSet,"status: tsHAVE; hash: ""\r!N\267\203~\313a\272~\344A\332\034\332r\\301\240a\307\341\261(c(\021\265B\030@(""; ","status: tsHAVE; hash: ""\r!N\267\203~\313a\272~\344A\332\034\332r\\301\240a\307\341\261(c(\021\265B\030@(""; "
1750587276872,1750587276872,483,1,3,4,TMProposeSet,"proposeSeq: 0; currentTxHash: ""\r!N\267\203~\313a\272~\344A\332\034\332r\\301\240a\307\341\261(c(\021\265B\030@(""; nodePubKey: ""\003\325Q\255\224\274R@\312\253\262\347\352\034\346\347\242\215,\312\376=\277\353{\350\225\301\305`^, ""; closeTime: 803902476; signature: ""0E\002!\000\254\340>\354O!\006H\277\350\356\246F\205\025g\257\231\014X\303Z\301\312\203\343\3536i\236\270\330\002 \002F\000\246\254\237q""Vj\231\336\244\346\210\320\367\257V\263\214\363{|\364\265\335\374\337\206\267\034""; previousledger: ""\311\347s\234ae\204\263\365U\334\372D\354\345\276\201f\035\271%#\375\245\314.""\373\330&\3746""; ","proposeSeq: 0; currentTxHash: ""\r!N\267\203~\313a\272~\344A\332\034\332r\\301\240a\307\341\261(c(\021\265B\030@(""; nodePubKey: ""\003\325Q\255\224\274R@\312\253\262\347\352\034\346\347\242\215,\312\376=\277\353{\350\225\301\305`^, ""; closeTime: 803902476; signature: ""0E\002!\000\254\340>\354O!\006H\277\350\356\246F\205\025g\257\231\014X\303Z\301\312\203\343\3536i\236\270\330\002 \002F\000\246\254\237q""Vj\231\336\244\346\210\320\367\257V\263\214\363{|\364\265\335\374\337\206\267\034""; previousledger: ""\311\347s\234ae\204\263\365U\334\372D\354\345\276\201f\035\271%#\375\245\314.""\373\330&\3746""; "
1750587276871,1750587276871,2609,1,3,4,TMHaveTransactionSet,"status: tsHAVE; hash: ""\r!N\267\203~\313a\272~\344A\332\034\332r\\301\240a\307\341\261(c(\021\265B\030@(""; ","status: tsHAVE; hash: ""\r!N\267\203~\313a\272~\344A\332\034\332r\\301\240a\307\341\261(c(\021\265B\030@(""; "
1750587276873,1750587276873,506,1,3,0,TMHaveTransactionSet,"status: tsHAVE; hash: ""\r!N\267\203~\313a\272~\344A\332\034\332r\\301\240a\307\341\261(c(\021\265B\030@(""; ","status: tsHAVE; hash: ""\r!N\267\203~\313a\272~\344A\332\034\332r\\301\240a\307\341\261(c(\021\265B\030@(""; "
1750587276874,1750587276874,1317,1,3,2,TMProposeSet,"proposeSeq: 0; currentTxHash: ""\r!N\267\203~\313a\272~\344A\332\034\332r\\301\240a\307\341\261(c(\021\265B\030@(""; nodePubKey: ""\003\325Q\255\224\274R@\312\253\262\347\352\034\346\347\242\215,\312\376=\277\353{\350\225\301\305`^, ""; closeTime: 803902476; signature: ""0E\002!\000\254\340>\354O!\006H\277\350\356\246F\205\025g\257\231\014X\303Z\301\312\203\343\3536i\236\270\330\002 \002F\000\246\254\237q""Vj\231\336\244\346\210\320\367\257V\263\214\363{|\364\265\335\374\337\206\267\034""; previousledger: ""\311\347s\234ae\204\263\365U\334\372D\354\345\276\201f\035\271%#\375\245\314.""\373\330&\3746""; ","proposeSeq: 0; currentTxHash: ""\r!N\267\203~\313a\272~\344A\332\034\332r\\301\240a\307\341\261(c(\021\265B\030@(""; nodePubKey: ""\003\325Q\255\224\274R@\312\253\262\347\352\034\346\347\242\215,\312\376=\277\353{\350\225\301\305`^, ""; closeTime: 803902476; signature: ""0E\002!\000\254\340>\354O!\006H\277\350\356\246F\205\025g\257\231\014X\303Z\301\312\203\343\3536i\236\270\330\002 \002F\000\246\254\237q""Vj\231\336\244\346\210\320\367\257V\263\214\363{|\364\265\335\374\337\206\267\034""; previousledger: ""\311\347s\234ae\204\263\365U\334\372D\354\345\276\201f\035\271%#\375\245\314.""\373\330&\3746""; "
1750587276874,1750587276874,443,1,3,0,TMProposeSet,"proposeSeq: 0; currentTxHash: ""\r!N\267\203~\313a\272~\344A\332\034\332r\\301\240a\307\341\261(c(\021\265B\030@(""; nodePubKey: ""\003\325Q\255\224\274R@\312\253\262\347\352\034\346\347\242\215,\312\376=\277\353{\350\225\301\305`^, ""; closeTime: 803902476; signature: ""0E\002!\000\254\340>\354O!\006H\277\350\356\246F\205\025g\257\231\014X\303Z\301\312\203\343\3536i\236\270\330\002 \002F\000\246\254\237q""Vj\231\336\244\346\210\320\367\257V\263\214\363{|\364\265\335\374\337\206\267\034""; previousledger: ""\311\347s\234ae\204\263\365U\334\372D\354\345\276\201f\035\271%#\375\245\314.""\373\330&\3746""; ","proposeSeq: 0; currentTxHash: ""\r!N\267\203~\313a\272~\344A\332\034\332r\\301\240a\307\341\261(c(\021\265B\030@(""; nodePubKey: ""\003\325Q\255\224\274R@\312\253\262\347\352\034\346\347\242\215,\312\376=\277\353{\350\225\301\305`^, ""; closeTime: 803902476; signature: ""0E\002!\000\254\340>\354O!\006H\277\350\356\246F\205\025g\257\231\014X\303Z\301\312\203\343\3536i\236\270\330\002 \002F\000\246\254\237q""Vj\231\336\244\346\210\320\367\257V\263\214\363{|\364\265\335\374\337\206\267\034""; previousledger: ""\311\347s\234ae\204\263\365U\334\372D\354\345\276\201f\035\271%#\375\245\314.""\373\330&\3746""; "
1750587276869,1750587276908,972,1,3,4,TMStatusChange,"newEvent: neCLOSING_LEDGER; ledgerSeq: 7; ledgerHash: ""\311\347s\234ae\204\263\365U\334\372D\354\345\276\201f\035\271%#\375\245\314.""\373\330&\3746""; ledgerHashPrevious: ""\221=\252\002\267\225zg\264\253\271T\346ji\003\235\236Pis\264\375\222|H\344\261g?[g""; networkTime: 803902476; firstSeq: 1; lastSeq: 7; ","newEvent: neCLOSING_LEDGER; ledgerSeq: 7; ledgerHash: ""\311\347s\234ae\204\263\365U\334\372D\354\345\276\201f\035\271%#\375\245\314.""\373\330&\3746""; ledgerHashPrevious: ""\221=\252\002\267\225zg\264\253\271T\346ji\003\235\236Pis\264\375\222|H\344\261g?[g""; networkTime: 803902476; firstSeq: 1; lastSeq: 7; "
1750587276874,1750587276909,1591,1,3,1,TMStatusChange,"newEvent: neCLOSING_LEDGER; ledgerSeq: 7; ledgerHash: ""\311\347s\234ae\204\263\365U\334\372D\354\345\276\201f\035\271%#\375\245\314.""\373\330&\3746""; ledgerHashPrevious: ""\221=\252\002\267\225zg\264\253\271T\346ji\003\235\236Pis\264\375\222|H\344\261g?[g""; networkTime: 803902476; firstSeq: 1; lastSeq: 7; ","newEvent: neCLOSING_LEDGER; ledgerSeq: 7; ledgerHash: ""\311\347s\234ae\204\263\365U\334\372D\354\345\276\201f\035\271%#\375\245\314.""\373\330&\3746""; ledgerHashPrevious: ""\221=\252\002\267\225zg\264\253\271T\346ji\003\235\236Pis\264\375\222|H\344\261g?[g""; networkTime: 803902476; firstSeq: 1; lastSeq: 7; "
1750587276872,1750587276908,1393,1,3,0,TMStatusChange,"newEvent: neCLOSING_LEDGER; ledgerSeq: 7; ledgerHash: ""\311\347s\234ae\204\263\365U\334\372D\354\345\276\201f\035\271%#\375\245\314.""\373\330&\3746""; ledgerHashPrevious: ""\221=\252\002\267\225zg\264\253\271T\346ji\003\235\236Pis\264\375\222|H\344\261g?[g""; networkTime: 803902476; firstSeq: 1; lastSeq: 7; ","newEvent: neCLOSING_LEDGER; ledgerSeq: 7; ledgerHash: ""\311\347s\234ae\204\263\365U\334\372D\354\345\276\201f\035\271%#\375\245\314.""\373\330&\3746""; ledgerHashPrevious: ""\221=\252\002\267\225zg\264\253\271T\346ji\003\235\236Pis\264\375\222|H\344\261g?[g""; networkTime: 803902476; firstSeq: 1; lastSeq: 7; "
1750587276871,1750587276908,854,1,3,2,TMStatusChange,"newEvent: neCLOSING_LEDGER; ledgerSeq: 7; ledgerHash: ""\311\347s\234ae\204\263\365U\334\372D\354\345\276\201f\035\271%#\375\245\314.""\373\330&\3746""; ledgerHashPrevious: ""\221=\252\002\267\225zg\264\253\271T\346ji\003\235\236Pis\264\375\222|H\344\261g?[g""; networkTime: 803902476; firstSeq: 1; lastSeq: 7; ","newEvent: neCLOSING_LEDGER; ledgerSeq: 7; ledgerHash: ""\311\347s\234ae\204\263\365U\334\372D\354\345\276\201f\035\271%#\375\245\314.""\373\330&\3746""; ledgerHashPrevious: ""\221=\252\002\267\225zg\264\253\271T\346ji\003\235\236Pis\264\375\222|H\344\261g?[g""; networkTime: 803902476; firstSeq: 1; lastSeq: 7; "
1750587276910,1750587276910,3656,1,3,1,TMProposeSet,"proposeSeq: 0; currentTxHash: ""\r!N\267\203~\313a\272~\344A\332\034\332r\\301\240a\307\341\261(c(\021\265B\030@(""; nodePubKey: ""\003\325Q\255\224\274R@\312\253\262\347\352\034\346\347\242\215,\312\376=\277\353{\350\225\301\305`^, ""; closeTime: 803902476; signature: ""0E\002!\000\254\340>\354O!\006H\277\350\356\246F\205\025g\257\231\014X\303Z\301\312\203\343\3536i\236\270\330\002 \002F\000\246\254\237q""Vj\231\336\244\346\210\320\367\257V\263\214\363{|\364\265\335\374\337\206\267\034""; previousledger: ""\311\347s\234ae\204\263\365U\334\372D\354\345\276\201f\035\271%#\375\245\314.""\373\330&\3746""; ","proposeSeq: 0; currentTxHash: ""\r!N\267\203~\313a\272~\344A\332\034\332r\\301\240a\307\341\261(c(\021\265B\030@(""; nodePubKey: ""\003\325Q\255\224\274R@\312\253\262\347\352\034\346\347\242\215,\312\376=\277\353{\350\225\301\305`^, ""; closeTime: 803902476; signature: ""0E\002!\000\254\340>\354O!\006H\277\350\356\246F\205\025g\257\231\014X\303Z\301\312\203\343\3536i\236\270\330\002 \002F\000\246\254\237q""Vj\231\336\244\346\210\320\367\257V\263\214\363{|\364\265\335\374\337\206\267\034""; previousledger: ""\311\347s\234ae\204\263\365U\334\372D\354\345\276\201f\035\271%#\375\245\314.""\373\330&\3746""; "
1750587276911,1750587276911,3807,1,3,1,TMHaveTransactionSet,"status: tsHAVE; hash: ""\r!N\267\203~\313a\272~\344A\332\034\332r\\301\240a\307\341\261(c(\021\265B\030@(""; ","status: tsHAVE; hash: ""\r!N\267\203~\313a\272~\344A\332\034\332r\\301\240a\307\341\261(c(\021\265B\030@(""; "
1750587276946,1750587276946,674,1,1,2,TMGetLedger,"itype: liTS_CANDIDATE; ledgerHash: ""\r!N\267\203~\313a\272~\344A\332\034\332r\\301\240a\307\341\261(c(\021\265B\030@(""; nodeIDs: ""\000\000\000\000\000\000\000\000\000\000\000\000\000\000\000\000\000\000\000\000\000\000\000\000\000\000\000\000\000\000\000\000\000""; queryType: qtINDIRECT; queryDepth: 3; ","itype: liTS_CANDIDATE; ledgerHash: ""\r!N\267\203~\313a\272~\344A\332\034\332r\\301\240a\307\341\261(c(\021\265B\030@(""; nodeIDs: ""\000\000\000\000\000\000\000\000\000\000\000\000\000\000\000\000\000\000\000\000\000\000\000\000\000\000\000\000\000\000\000\000\000""; queryType: qtINDIRECT; queryDepth: 3; "
1750587276947,1750587276948,3553,1,1,3,TMGetLedger,"itype: liTS_CANDIDATE; ledgerHash: ""\r!N\267\203~\313a\272~\344A\332\034\332r\\301\240a\307\341\261(c(\021\265B\030@(""; nodeIDs: ""\000\000\000\000\000\000\000\000\000\000\000\000\000\000\000\000\000\000\000\000\000\000\000\000\000\000\000\000\000\000\000\000\000""; queryType: qtINDIRECT; queryDepth: 3; ","itype: liTS_CANDIDATE; ledgerHash: ""\r!N\267\203~\313a\272~\344A\332\034\332r\\301\240a\307\341\261(c(\021\265B\030@(""; nodeIDs: ""\000\000\000\000\000\000\000\000\000\000\000\000\000\000\000\000\000\000\000\000\000\000\000\000\000\000\000\000\000\000\000\000\000""; queryType: qtINDIRECT; queryDepth: 3; "
1750587276947,1750587276947,2860,1,1,4,TMGetLedger,"itype: liTS_CANDIDATE; ledgerHash: ""\r!N\267\203~\313a\272~\344A\332\034\332r\\301\240a\307\341\261(c(\021\265B\030@(""; nodeIDs: ""\000\000\000\000\000\000\000\000\000\000\000\000\000\000\000\000\000\000\000\000\000\000\000\000\000\000\000\000\000\000\000\000\000""; queryType: qtINDIRECT; queryDepth: 3; ","itype: liTS_CANDIDATE; ledgerHash: ""\r!N\267\203~\313a\272~\344A\332\034\332r\\301\240a\307\341\261(c(\021\265B\030@(""; nodeIDs: ""\000\000\000\000\000\000\000\000\000\000\000\000\000\000\000\000\000\000\000\000\000\000\000\000\000\000\000\000\000\000\000\000\000""; queryType: qtINDIRECT; queryDepth: 3; "
1750587276947,1750587276947,572,1,1,0,TMGetLedger,"itype: liTS_CANDIDATE; ledgerHash: ""\r!N\267\203~\313a\272~\344A\332\034\332r\\301\240a\307\341\261(c(\021\265B\030@(""; nodeIDs: ""\000\000\000\000\000\000\000\000\000\000\000\000\000\000\000\000\000\000\000\000\000\000\000\000\000\000\000\000\000\000\000\000\000""; queryType: qtINDIRECT; queryDepth: 3; ","itype: liTS_CANDIDATE; ledgerHash: ""\r!N\267\203~\313a\272~\344A\332\034\332r\\301\240a\307\341\261(c(\021\265B\030@(""; nodeIDs: ""\000\000\000\000\000\000\000\000\000\000\000\000\000\000\000\000\000\000\000\000\000\000\000\000\000\000\000\000\000\000\000\000\000""; queryType: qtINDIRECT; queryDepth: 3; "
1750587277003,1750587277003,2970,1,0,4,TMProposeSet,"proposeSeq: 1; currentTxHash: ""\000\000\000\000\000\000\000\000\000\000\000\000\000\000\000\000\000\000\000\000\000\000\000\000\000\000\000\000\000\000\000\000""; nodePubKey: ""\002\347\243J\206W\025ML\260\226\0163\217\250\337\325W\253\356*O\245Z\271\234\207C\274\375`\335\311""; closeTime: 803902470; signature: ""0E\002!\000\275\315\307\355\203\003H#\n\221\311\002\252~:""0\010\271\307\016[\007\004^>\231\223c\371,\004\002 g\216\245wc\305$\203Mx!\321\244[\013\275;\213\343H\276\203\215\323z\rl0\237J]\323""; previousledger: ""\221=\252\002\267\225zg\264\253\271T\346ji\003\235\236Pis\264\375\222|H\344\261g?[g""; ","proposeSeq: 1; currentTxHash: ""\000\000\000\000\000\000\000\000\000\000\000\000\000\000\000\000\000\000\000\000\000\000\000\000\000\000\000\000\000\000\000\000""; nodePubKey: ""\002\347\243J\206W\025ML\260\226\0163\217\250\337\325W\253\356*O\245Z\271\234\207C\274\375`\335\311""; closeTime: 803902470; signature: ""0E\002!\000\275\315\307\355\203\003H#\n\221\311\002\252~:""0\010\271\307\016[\007\004^>\231\223c\371,\004\002 g\216\245wc\305$\203Mx!\321\244[\013\275;\213\343H\276\203\215\323z\rl0\237J]\323""; previousledger: ""\221=\252\002\267\225zg\264\253\271T\346ji\003\235\236Pis\264\375\222|H\344\261g?[g""; "
1750587277004,1750587277004,141,1,0,3,TMProposeSet,"proposeSeq: 1; currentTxHash: ""\000\000\000\000\000\000\000\000\000\000\000\000\000\000\000\000\000\000\000\000\000\000\000\000\000\000\000\000\000\000\000\000""; nodePubKey: ""\002\347\243J\206W\025ML\260\226\0163\217\250\337\325W\253\356*O\245Z\271\234\207C\274\375`\335\311""; closeTime: 803902470; signature: ""0E\002!\000\275\315\307\355\203\003H#\n\221\311\002\252~:""0\010\271\307\016[\007\004^>\231\223c\371,\004\002 g\216\245wc\305$\203Mx!\321\244[\013\275;\213\343H\276\203\215\323z\rl0\237J]\323""; previousledger: ""\221=\252\002\267\225zg\264\253\271T\346ji\003\235\236Pis\264\375\222|H\344\261g?[g""; ","proposeSeq: 1; currentTxHash: ""\000\000\000\000\000\000\000\000\000\000\000\000\000\000\000\000\000\000\000\000\000\000\000\000\000\000\000\000\000\000\000\000""; nodePubKey: ""\002\347\243J\206W\025ML\260\226\0163\217\250\337\325W\253\356*O\245Z\271\234\207C\274\375`\335\311""; closeTime: 803902470; signature: ""0E\002!\000\275\315\307\355\203\003H#\n\221\311\002\252~:""0\010\271\307\016[\007\004^>\231\223c\371,\004\002 g\216\245wc\305$\203Mx!\321\244[\013\275;\213\343H\276\203\215\323z\rl0\237J]\323""; previousledger: ""\221=\252\002\267\225zg\264\253\271T\346ji\003\235\236Pis\264\375\222|H\344\261g?[g""; "
1750587277004,1750587277004,1290,1,0,2,TMProposeSet,"proposeSeq: 1; currentTxHash: ""\000\000\000\000\000\000\000\000\000\000\000\000\000\000\000\000\000\000\000\000\000\000\000\000\000\000\000\000\000\000\000\000""; nodePubKey: ""\002\347\243J\206W\025ML\260\226\0163\217\250\337\325W\253\356*O\245Z\271\234\207C\274\375`\335\311""; closeTime: 803902470; signature: ""0E\002!\000\275\315\307\355\203\003H#\n\221\311\002\252~:""0\010\271\307\016[\007\004^>\231\223c\371,\004\002 g\216\245wc\305$\203Mx!\321\244[\013\275;\213\343H\276\203\215\323z\rl0\237J]\323""; previousledger: ""\221=\252\002\267\225zg\264\253\271T\346ji\003\235\236Pis\264\375\222|H\344\261g?[g""; ","proposeSeq: 1; currentTxHash: ""\000\000\000\000\000\000\000\000\000\000\000\000\000\000\000\000\000\000\000\000\000\000\000\000\000\000\000\000\000\000\000\000""; nodePubKey: ""\002\347\243J\206W\025ML\260\226\0163\217\250\337\325W\253\356*O\245Z\271\234\207C\274\375`\335\311""; closeTime: 803902470; signature: ""0E\002!\000\275\315\307\355\203\003H#\n\221\311\002\252~:""0\010\271\307\016[\007\004^>\231\223c\371,\004\002 g\216\245wc\305$\203Mx!\321\244[\013\275;\213\343H\276\203\215\323z\rl0\237J]\323""; previousledger: ""\221=\252\002\267\225zg\264\253\271T\346ji\003\235\236Pis\264\375\222|H\344\261g?[g""; "
1750587277004,1750587277005,190,1,0,1,TMProposeSet,"proposeSeq: 1; currentTxHash: ""\000\000\000\000\000\000\000\000\000\000\000\000\000\000\000\000\000\000\000\000\000\000\000\000\000\000\000\000\000\000\000\000""; nodePubKey: ""\002\347\243J\206W\025ML\260\226\0163\217\250\337\325W\253\356*O\245Z\271\234\207C\274\375`\335\311""; closeTime: 803902470; signature: ""0E\002!\000\275\315\307\355\203\003H#\n\221\311\002\252~:""0\010\271\307\016[\007\004^>\231\223c\371,\004\002 g\216\245wc\305$\203Mx!\321\244[\013\275;\213\343H\276\203\215\323z\rl0\237J]\323""; previousledger: ""\221=\252\002\267\225zg\264\253\271T\346ji\003\235\236Pis\264\375\222|H\344\261g?[g""; ","proposeSeq: 1; currentTxHash: ""\000\000\000\000\000\000\000\000\000\000\000\000\000\000\000\000\000\000\000\000\000\000\000\000\000\000\000\000\000\000\000\000""; nodePubKey: ""\002\347\243J\206W\025ML\260\226\0163\217\250\337\325W\253\356*O\245Z\271\234\207C\274\375`\335\311""; closeTime: 803902470; signature: ""0E\002!\000\275\315\307\355\203\003H#\n\221\311\002\252~:""0\010\271\307\016[\007\004^>\231\223c\371,\004\002 g\216\245wc\305$\203Mx!\321\244[\013\275;\213\343H\276\203\215\323z\rl0\237J]\323""; previousledger: ""\221=\252\002\267\225zg\264\253\271T\346ji\003\235\236Pis\264\375\222|H\344\261g?[g""; "
1750587277005,1750587277005,2252,1,0,4,TMStatusChange,"newEvent: neACCEPTED_LEDGER; ledgerSeq: 7; ledgerHash: ""\311\347s\234ae\204\263\365U\334\372D\354\345\276\201f\035\271%#\375\245\314.""\373\330&\3746""; ledgerHashPrevious: ""\221=\252\002\267\225zg\264\253\271T\346ji\003\235\236Pis\264\375\222|H\344\261g?[g""; networkTime: 803902477; firstSeq: 1; lastSeq: 6; ","newEvent: neACCEPTED_LEDGER; ledgerSeq: 7; ledgerHash: ""\311\347s\234ae\204\263\365U\334\372D\354\345\276\201f\035\271%#\375\245\314.""\373\330&\3746""; ledgerHashPrevious: ""\221=\252\002\267\225zg\264\253\271T\346ji\003\235\236Pis\264\375\222|H\344\261g?[g""; networkTime: 803902477; firstSeq: 1; lastSeq: 6; "
1750587277006,1750587277006,615,1,0,2,TMStatusChange,"newEvent: neACCEPTED_LEDGER; ledgerSeq: 7; ledgerHash: ""\311\347s\234ae\204\263\365U\334\372D\354\345\276\201f\035\271%#\375\245\314.""\373\330&\3746""; ledgerHashPrevious: ""\221=\252\002\267\225zg\264\253\271T\346ji\003\235\236Pis\264\375\222|H\344\261g?[g""; networkTime: 803902477; firstSeq: 1; lastSeq: 6; ","newEvent: neACCEPTED_LEDGER; ledgerSeq: 7; ledgerHash: ""\311\347s\234ae\204\263\365U\334\372D\354\345\276\201f\035\271%#\375\245\314.""\373\330&\3746""; ledgerHashPrevious: ""\221=\252\002\267\225zg\264\253\271T\346ji\003\235\236Pis\264\375\222|H\344\261g?[g""; networkTime: 803902477; firstSeq: 1; lastSeq: 6; "
1750587277006,1750587277007,3150,1,0,3,TMStatusChange,"newEvent: neACCEPTED_LEDGER; ledgerSeq: 7; ledgerHash: ""\311\347s\234ae\204\263\365U\334\372D\354\345\276\201f\035\271%#\375\245\314.""\373\330&\3746""; ledgerHashPrevious: ""\221=\252\002\267\225zg\264\253\271T\346ji\003\235\236Pis\264\375\222|H\344\261g?[g""; networkTime: 803902477; firstSeq: 1; lastSeq: 6; ","newEvent: neACCEPTED_LEDGER; ledgerSeq: 7; ledgerHash: ""\311\347s\234ae\204\263\365U\334\372D\354\345\276\201f\035\271%#\375\245\314.""\373\330&\3746""; ledgerHashPrevious: ""\221=\252\002\267\225zg\264\253\271T\346ji\003\235\236Pis\264\375\222|H\344\261g?[g""; networkTime: 803902477; firstSeq: 1; lastSeq: 6; "
1750587277007,1750587277007,779,1,0,3,TMValidation,"validation: """"\200\000\000\001&\000\000\000\007)/\352\224\r:I\203w\200\211\SGQ\311\347s\234ae\204\263\365U\334\372D\354\345\276\201f\035\271%#\375\245\314.""\373\330&\3746P\027\000\000\000\000\000\000\000\000\000\000\000\000\000\000\000\000\000\000\000\000\000\000\000\000\000\000\000\000\000\000\000\000P\031\221=\252\002\267\225zg\264\253\271T\346ji\003\235\236Pis\264\375\222|H\344\261g?[gs!\002\347\243J\206W\025ML\260\226\0163\217\250\337\325W\253\356*O\245Z\271\234\207C\274\375`\335\311vG0E\002!\000\207W\341\026\244\017\005\306\204Q\347-\016B""K2\017\334\312\367\240\243\315\026\226\367\225\346I\212\317\002 JG\341^W""\211\364<\337\244\003\375L\301\251+\r\347\262\364\210N\0039>\007j\216m(p""; ","validation: """"\200\000\000\001&\000\000\000\007)/\352\224\r:I\203w\200\211\SGQ\311\347s\234ae\204\263\365U\334\372D\354\345\276\201f\035\271%#\375\245\314.""\373\330&\3746P\027\000\000\000\000\000\000\000\000\000\000\000\000\000\000\000\000\000\000\000\000\000\000\000\000\000\000\000\000\000\000\000\000P\031\221=\252\002\267\225zg\264\253\271T\346ji\003\235\236Pis\264\375\222|H\344\261g?[gs!\002\347\243J\206W\025ML\260\226\0163\217\250\337\325W\253\356*O\245Z\271\234\207C\274\375`\335\311vG0E\002!\000\207W\341\026\244\017\005\306\204Q\347-\016B""K2\017\334\312\367\240\243\315\026\226\367\225\346I\212\317\002 JG\341^W""\211\364<\337\244\003\375L\301\251+\r\347\262\364\210N\0039>\007j\216m(p""; "
1750587277007,1750587277007,3563,1,0,2,TMValidation,"validation: """"\200\000\000\001&\000\000\000\007)/\352\224\r:I\203w\200\211\SGQ\311\347s\234ae\204\263\365U\334\372D\354\345\276\201f\035\271%#\375\245\314.""\373\330&\3746P\027\000\000\000\000\000\000\000\000\000\000\000\000\000\000\000\000\000\000\000\000\000\000\000\000\000\000\000\000\000\000\000\000P\031\221=\252\002\267\225zg\264\253\271T\346ji\003\235\236Pis\264\375\222|H\344\261g?[gs!\002\347\243J\206W\025ML\260\226\0163\217\250\337\325W\253\356*O\245Z\271\234\207C\274\375`\335\311vG0E\002!\000\207W\341\026\244\017\005\306\204Q\347-\016B""K2\017\334\312\367\240\243\315\026\226\367\225\346I\212\317\002 JG\341^W""\211\364<\337\244\003\375L\301\251+\r\347\262\364\210N\0039>\007j\216m(p""; ","validation: """"\200\000\000\001&\000\000\000\007)/\352\224\r:I\203w\200\211\SGQ\311\347s\234ae\204\263\365U\334\372D\354\345\276\201f\035\271%#\375\245\314.""\373\330&\3746P\027\000\000\000\000\000\000\000\000\000\000\000\000\000\000\000\000\000\000\000\000\000\000\000\000\000\000\000\000\000\000\000\000P\031\221=\252\002\267\225zg\264\253\271T\346ji\003\235\236Pis\264\375\222|H\344\261g?[gs!\002\347\243J\206W\025ML\260\226\0163\217\250\337\325W\253\356*O\245Z\271\234\207C\274\375`\335\311vG0E\002!\000\207W\341\026\244\017\005\306\204Q\347-\016B""K2\017\334\312\367\240\243\315\026\226\367\225\346I\212\317\002 JG\341^W""\211\364<\337\244\003\375L\301\251+\r\347\262\364\210N\0039>\007j\216m(p""; "
1750587277007,1750587277007,792,1,0,4,TMValidation,"validation: """"\200\000\000\001&\000\000\000\007)/\352\224\r:I\203w\200\211\SGQ\311\347s\234ae\204\263\365U\334\372D\354\345\276\201f\035\271%#\375\245\314.""\373\330&\3746P\027\000\000\000\000\000\000\000\000\000\000\000\000\000\000\000\000\000\000\000\000\000\000\000\000\000\000\000\000\000\000\000\000P\031\221=\252\002\267\225zg\264\253\271T\346ji\003\235\236Pis\264\375\222|H\344\261g?[gs!\002\347\243J\206W\025ML\260\226\0163\217\250\337\325W\253\356*O\245Z\271\234\207C\274\375`\335\311vG0E\002!\000\207W\341\026\244\017\005\306\204Q\347-\016B""K2\017\334\312\367\240\243\315\026\226\367\225\346I\212\317\002 JG\341^W""\211\364<\337\244\003\375L\301\251+\r\347\262\364\210N\0039>\007j\216m(p""; ","validation: """"\200\000\000\001&\000\000\000\007)/\352\224\r:I\203w\200\211\SGQ\311\347s\234ae\204\263\365U\334\372D\354\345\276\201f\035\271%#\375\245\314.""\373\330&\3746P\027\000\000\000\000\000\000\000\000\000\000\000\000\000\000\000\000\000\000\000\000\000\000\000\000\000\000\000\000\000\000\000\000P\031\221=\252\002\267\225zg\264\253\271T\346ji\003\235\236Pis\264\375\222|H\344\261g?[gs!\002\347\243J\206W\025ML\260\226\0163\217\250\337\325W\253\356*O\245Z\271\234\207C\274\375`\335\311vG0E\002!\000\207W\341\026\244\017\005\306\204Q\347-\016B""K2\017\334\312\367\240\243\315\026\226\367\225\346I\212\317\002 JG\341^W""\211\364<\337\244\003\375L\301\251+\r\347\262\364\210N\0039>\007j\216m(p""; "
1750587277008,1750587277008,1290,1,0,2,TMProposeSet,"proposeSeq: 0; currentTxHash: ""\000\000\000\000\000\000\000\000\000\000\000\000\000\000\000\000\000\000\000\000\000\000\000\000\000\000\000\000\000\000\000\000""; nodePubKey: ""\003.\200\224\215?)t\306\315\242\313\251\255\302\204=\232.\271%}\013\024s\024\002@\216l""\241F""; closeTime: 803902475; signature: ""0E\002!\000\350\243t'sbt\177p\033\250\026k\255\327B^MK\224\335\037\036Mc\352\363\007\314\237\351\032\002 \037\317\213U9:\006\260BpT\243\023\373[\311\307V\002\257\214\303\370\004\200>\323\217\006\265~\034""; previousledger: ""\311\347s\234ae\204\263\365U\334\372D\354\345\276\201f\035\271%#\375\245\314.""\373\330&\3746""; ","proposeSeq: 0; currentTxHash: ""\000\000\000\000\000\000\000\000\000\000\000\000\000\000\000\000\000\000\000\000\000\000\000\000\000\000\000\000\000\000\000\000""; nodePubKey: ""\003.\200\224\215?)t\306\315\242\313\251\255\302\204=\232.\271%}\013\024s\024\002@\216l""\241F""; closeTime: 803902475; signature: ""0E\002!\000\350\243t'sbt\177p\033\250\026k\255\327B^MK\224\335\037\036Mc\352\363\007\314\237\351\032\002 \037\317\213U9:\006\260BpT\243\023\373[\311\307V\002\257\214\303\370\004\200>\323\217\006\265~\034""; previousledger: ""\311\347s\234ae\204\263\365U\334\372D\354\345\276\201f\035\271%#\375\245\314.""\373\330&\3746""; "
1750587277008,1750587277008,141,1,0,3,TMProposeSet,"proposeSeq: 0; currentTxHash: ""\000\000\000\000\000\000\000\000\000\000\000\000\000\000\000\000\000\000\000\000\000\000\000\000\000\000\000\000\000\000\000\000""; nodePubKey: ""\003.\200\224\215?)t\306\315\242\313\251\255\302\204=\232.\271%}\013\024s\024\002@\216l""\241F""; closeTime: 803902475; signature: ""0E\002!\000\350\243t'sbt\177p\033\250\026k\255\327B^MK\224\335\037\036Mc\352\363\007\314\237\351\032\002 \037\317\213U9:\006\260BpT\243\023\373[\311\307V\002\257\214\303\370\004\200>\323\217\006\265~\034""; previousledger: ""\311\347s\234ae\204\263\365U\334\372D\354\345\276\201f\035\271%#\375\245\314.""\373\330&\3746""; ","proposeSeq: 0; currentTxHash: ""\000\000\000\000\000\000\000\000\000\000\000\000\000\000\000\000\000\000\000\000\000\000\000\000\000\000\000\000\000\000\000\000""; nodePubKey: ""\003.\200\224\215?)t\306\315\242\313\251\255\302\204=\232.\271%}\013\024s\024\002@\216l""\241F""; closeTime: 803902475; signature: ""0E\002!\000\350\243t'sbt\177p\033\250\026k\255\327B^MK\224\335\037\036Mc\352\363\007\314\237\351\032\002 \037\317\213U9:\006\260BpT\243\023\373[\311\307V\002\257\214\303\370\004\200>\323\217\006\265~\034""; previousledger: ""\311\347s\234ae\204\263\365U\334\372D\354\345\276\201f\035\271%#\375\245\314.""\373\330&\3746""; "
1750587277019,1750587277019,468,1,0,1,TMStatusChange,"newEvent: neACCEPTED_LEDGER; ledgerSeq: 7; ledgerHash: ""\311\347s\234ae\204\263\365U\334\372D\354\345\276\201f\035\271%#\375\245\314.""\373\330&\3746""; ledgerHashPrevious: ""\221=\252\002\267\225zg\264\253\271T\346ji\003\235\236Pis\264\375\222|H\344\261g?[g""; networkTime: 803902477; firstSeq: 1; lastSeq: 6; ","newEvent: neACCEPTED_LEDGER; ledgerSeq: 7; ledgerHash: ""\311\347s\234ae\204\263\365U\334\372D\354\345\276\201f\035\271%#\375\245\314.""\373\330&\3746""; ledgerHashPrevious: ""\221=\252\002\267\225zg\264\253\271T\346ji\003\235\236Pis\264\375\222|H\344\261g?[g""; networkTime: 803902477; firstSeq: 1; lastSeq: 6; "
1750587277019,1750587277019,2684,1,0,1,TMValidation,"validation: """"\200\000\000\001&\000\000\000\007)/\352\224\r:I\203w\200\211\SGQ\311\347s\234ae\204\263\365U\334\372D\354\345\276\201f\035\271%#\375\245\314.""\373\330&\3746P\027\000\000\000\000\000\000\000\000\000\000\000\000\000\000\000\000\000\000\000\000\000\000\000\000\000\000\000\000\000\000\000\000P\031\221=\252\002\267\225zg\264\253\271T\346ji\003\235\236Pis\264\375\222|H\344\261g?[gs!\002\347\243J\206W\025ML\260\226\0163\217\250\337\325W\253\356*O\245Z\271\234\207C\274\375`\335\311vG0E\002!\000\207W\341\026\244\017\005\306\204Q\347-\016B""K2\017\334\312\367\240\243\315\026\226\367\225\346I\212\317\002 JG\341^W""\211\364<\337\244\003\375L\301\251+\r\347\262\364\210N\0039>\007j\216m(p""; ","validation: """"\200\000\000\001&\000\000\000\007)/\352\224\r:I\203w\200\211\SGQ\311\347s\234ae\204\263\365U\334\372D\354\345\276\201f\035\271%#\375\245\314.""\373\330&\3746P\027\000\000\000\000\000\000\000\000\000\000\000\000\000\000\000\000\000\000\000\000\000\000\000\000\000\000\000\000\000\000\000\000P\031\221=\252\002\267\225zg\264\253\271T\346ji\003\235\236Pis\264\375\222|H\344\261g?[gs!\002\347\243J\206W\025ML\260\226\0163\217\250\337\325W\253\356*O\245Z\271\234\207C\274\375`\335\311vG0E\002!\000\207W\341\026\244\017\005\306\204Q\347-\016B""K2\017\334\312\367\240\243\315\026\226\367\225\346I\212\317\002 JG\341^W""\211\364<\337\244\003\375L\301\251+\r\347\262\364\210N\0039>\007j\216m(p""; "
1750587277019,1750587277019,190,1,0,1,TMProposeSet,"proposeSeq: 0; currentTxHash: ""\000\000\000\000\000\000\000\000\000\000\000\000\000\000\000\000\000\000\000\000\000\000\000\000\000\000\000\000\000\000\000\000""; nodePubKey: ""\003.\200\224\215?)t\306\315\242\313\251\255\302\204=\232.\271%}\013\024s\024\002@\216l""\241F""; closeTime: 803902475; signature: ""0E\002!\000\350\243t'sbt\177p\033\250\026k\255\327B^MK\224\335\037\036Mc\352\363\007\314\237\351\032\002 \037\317\213U9:\006\260BpT\243\023\373[\311\307V\002\257\214\303\370\004\200>\323\217\006\265~\034""; previousledger: ""\311\347s\234ae\204\263\365U\334\372D\354\345\276\201f\035\271%#\375\245\314.""\373\330&\3746""; ","proposeSeq: 0; currentTxHash: ""\000\000\000\000\000\000\000\000\000\000\000\000\000\000\000\000\000\000\000\000\000\000\000\000\000\000\000\000\000\000\000\000""; nodePubKey: ""\003.\200\224\215?)t\306\315\242\313\251\255\302\204=\232.\271%}\013\024s\024\002@\216l""\241F""; closeTime: 803902475; signature: ""0E\002!\000\350\243t'sbt\177p\033\250\026k\255\327B^MK\224\335\037\036Mc\352\363\007\314\237\351\032\002 \037\317\213U9:\006\260BpT\243\023\373[\311\307V\002\257\214\303\370\004\200>\323\217\006\265~\034""; previousledger: ""\311\347s\234ae\204\263\365U\334\372D\354\345\276\201f\035\271%#\375\245\314.""\373\330&\3746""; "
1750587277061,1750587277061,3097,1,2,0,TMLedgerData,"ledgerHash: ""u\315\243\367\211\2625\240r:n\277\003\026\366\353'\216jy9\\001\220\223~\341j\254O\025\257""; ledgerSeq: 0; type: liTS_CANDIDATE; nodes {;   nodedata: ""\022\000\000""\000\000\000\000$\000\000\000\001 \033\000\000\000\027a@\000\000\027H\206*@h@\000\000\000\000\000\000\ns!\0030\347\374\235V\273%\326\211;\243\363\027\256[\3173\263)\033\326=\263&T\243\023""/\177\320 tF0D\002 0\023\341\332; \2711\245\020\321\3300\345\267-)\230\177\246\236AQ\327\203\207H\226+\000%\336\002 \024\036\211\237\201t\376\272E\270\230\020\334\014\356g\273\025((\376\266\216@ \254^2T\233\013\034\201\024\265\367by\212S\325C\240\024\312\370\262\227\317\370\362\3717\350\203\024E0\246\210\344\325\345r\024T\251\006P\255\352\333\372\351\337\302\000"";   nodeid: ""\240\000\000\000\000\000\000\000\000\000\000\000\000\000\000\000\000\000\000\000\000\000\000\000\000\000\000\000\000\000\000\000\001""; }; ","ledgerHash: ""u\315\243\367\211\2625\240r:n\277\003\026\366\353'\216jy9\\001\220\223~\341j\254O\025\257""; ledgerSeq: 0; type: liTS_CANDIDATE; nodes {;   nodedata: ""\022\000\000""\000\000\000\000$\000\000\000\001 \033\000\000\000\027a@\000\000\027H\206*@h@\000\000\000\000\000\000\ns!\0030\347\374\235V\273%\326\211;\243\363\027\256[\3173\263)\033\326=\263&T\243\023""/\177\320 tF0D\002 0\023\341\332; \2711\245\020\321\3300\345\267-)\230\177\246\236AQ\327\203\207H\226+\000%\336\002 \024\036\211\237\201t\376\272E\270\230\020\334\014\356g\273\025((\376\266\216@ \254^2T\233\013\034\201\024\265\367by\212S\325C\240\024\312\370\262\227\317\370\362\3717\350\203\024E0\246\210\344\325\345r\024T\251\006P\255\352\333\372\351\337\302\000"";   nodeid: ""\240\000\000\000\000\000\000\000\000\000\000\000\000\000\000\000\000\000\000\000\000\000\000\000\000\000\000\000\000\000\000\000\001""; }; "
1750587277062,1750587277062,3792,1,0,1,TMLedgerData,"ledgerHash: ""\r!N\267\203~\313a\272~\344A\332\034\332r\\301\240a\307\341\261(c(\021\265B\030@(""; ledgerSeq: 0; type: liTS_CANDIDATE; nodes {;   nodedata: ""\247\272\246\2214\014W1\360z\262\252=\343\207'\275\266;\016\021\306\330\030\225\023\357\272\353\200x\221\n\003"";   nodeid: ""\000\000\000\000\000\000\000\000\000\000\000\000\000\000\000\000\000\000\000\000\000\000\000\000\000\000\000\000\000\000\000\000\000""; }; ","ledgerHash: ""\r!N\267\203~\313a\272~\344A\332\034\332r\\301\240a\307\341\261(c(\021\265B\030@(""; ledgerSeq: 0; type: liTS_CANDIDATE; nodes {;   nodedata: ""\247\272\246\2214\014W1\360z\262\252=\343\207'\275\266;\016\021\306\330\030\225\023\357\272\353\200x\221\n\003"";   nodeid: ""\000\000\000\000\000\000\000\000\000\000\000\000\000\000\000\000\000\000\000\000\000\000\000\000\000\000\000\000\000\000\000\000\000""; }; "
1750587277096,1750587277096,3097,1,2,0,TMLedgerData,"ledgerHash: ""u\315\243\367\211\2625\240r:n\277\003\026\366\353'\216jy9\\001\220\223~\341j\254O\025\257""; ledgerSeq: 0; type: liTS_CANDIDATE; nodes {;   nodedata: ""\022\000\000""\000\000\000\000$\000\000\000\001 \033\000\000\000\027a@\000\000\027H\206*@h@\000\000\000\000\000\000\ns!\0030\347\374\235V\273%\326\211;\243\363\027\256[\3173\263)\033\326=\263&T\243\023""/\177\320 tF0D\002 0\023\341\332; \2711\245\020\321\3300\345\267-)\230\177\246\236AQ\327\203\207H\226+\000%\336\002 \024\036\211\237\201t\376\272E\270\230\020\334\014\356g\273\025((\376\266\216@ \254^2T\233\013\034\201\024\265\367by\212S\325C\240\024\312\370\262\227\317\370\362\3717\350\203\024E0\246\210\344\325\345r\024T\251\006P\255\352\333\372\351\337\302\000"";   nodeid: ""\240\000\000\000\000\000\000\000\000\000\000\000\000\000\000\000\000\000\000\000\000\000\000\000\000\000\000\000\000\000\000\000\001""; }; ","ledgerHash: ""u\315\243\367\211\2625\240r:n\277\003\026\366\353'\216jy9\\001\220\223~\341j\254O\025\257""; ledgerSeq: 0; type: liTS_CANDIDATE; nodes {;   nodedata: ""\022\000\000""\000\000\000\000$\000\000\000\001 \033\000\000\000\027a@\000\000\027H\206*@h@\000\000\000\000\000\000\ns!\0030\347\374\235V\273%\326\211;\243\363\027\256[\3173\263)\033\326=\263&T\243\023""/\177\320 tF0D\002 0\023\341\332; \2711\245\020\321\3300\345\267-)\230\177\246\236AQ\327\203\207H\226+\000%\336\002 \024\036\211\237\201t\376\272E\270\230\020\334\014\356g\273\025((\376\266\216@ \254^2T\233\013\034\201\024\265\367by\212S\325C\240\024\312\370\262\227\317\370\362\3717\350\203\024E0\246\210\344\325\345r\024T\251\006P\255\352\333\372\351\337\302\000"";   nodeid: ""\240\000\000\000\000\000\000\000\000\000\000\000\000\000\000\000\000\000\000\000\000\000\000\000\000\000\000\000\000\000\000\000\001""; }; "
1750587277105,1750587277106,1036,1,2,4,TMValidation,"validation: """"\200\000\000\001&\000\000\000\007)/\352\224\013:?HT\314/\177\320^Q\311\347s\234ae\204\263\365U\334\372D\354\345\276\201f\035\271%#\375\245\314.""\373\330&\3746P\027\000\000\000\000\000\000\000\000\000\000\000\000\000\000\000\000\000\000\000\000\000\000\000\000\000\000\000\000\000\000\000\000P\031\221=\252\002\267\225zg\264\253\271T\346ji\003\235\236Pis\264\375\222|H\344\261g?[gs!\003\343\005\311u\203\370\0338\3174\324\010\006\301\251\177\261\304eOX\262)FA-\022r\263wm\024vG0E\002!\000\324\222""\273=!\201\207r\242\005L\332U\006Z\021\244\233 ?cO\3207\005\366\210Cw\223\324\002 \037M\200v\323\246\336zn\t\224\017\270G\013\236\363\211e\247\323\307\250\\023>\001@#\007Jj""; ","validation: """"\200\000\000\001&\000\000\000\007)/\352\224\013:?HT\314/\177\320^Q\311\347s\234ae\204\263\365U\334\372D\354\345\276\201f\035\271%#\375\245\314.""\373\330&\3746P\027\000\000\000\000\000\000\000\000\000\000\000\000\000\000\000\000\000\000\000\000\000\000\000\000\000\000\000\000\000\000\000\000P\031\221=\252\002\267\225zg\264\253\271T\346ji\003\235\236Pis\264\375\222|H\344\261g?[gs!\003\343\005\311u\203\370\0338\3174\324\010\006\301\251\177\261\304eOX\262)FA-\022r\263wm\024vG0E\002!\000\324\222""\273=!\201\207r\242\005L\332U\006Z\021\244\233 ?cO\3207\005\366\210Cw\223\324\002 \037M\200v\323\246\336zn\t\224\017\270G\013\236\363\211e\247\323\307\250\\023>\001@#\007Jj""; "
1750587277106,1750587277106,3989,1,2,3,TMValidation,"validation: """"\200\000\000\001&\000\000\000\007)/\352\224\013:?HT\314/\177\320^Q\311\347s\234ae\204\263\365U\334\372D\354\345\276\201f\035\271%#\375\245\314.""\373\330&\3746P\027\000\000\000\000\000\000\000\000\000\000\000\000\000\000\000\000\000\000\000\000\000\000\000\000\000\000\000\000\000\000\000\000P\031\221=\252\002\267\225zg\264\253\271T\346ji\003\235\236Pis\264\375\222|H\344\261g?[gs!\003\343\005\311u\203\370\0338\3174\324\010\006\301\251\177\261\304eOX\262)FA-\022r\263wm\024vG0E\002!\000\324\222""\273=!\201\207r\242\005L\332U\006Z\021\244\233 ?cO\3207\005\366\210Cw\223\324\002 \037M\200v\323\246\336zn\t\224\017\270G\013\236\363\211e\247\323\307\250\\023>\001@#\007Jj""; ","validation: """"\200\000\000\001&\000\000\000\007)/\352\224\013:?HT\314/\177\320^Q\311\347s\234ae\204\263\365U\334\372D\354\345\276\201f\035\271%#\375\245\314.""\373\330&\3746P\027\000\000\000\000\000\000\000\000\000\000\000\000\000\000\000\000\000\000\000\000\000\000\000\000\000\000\000\000\000\000\000\000P\031\221=\252\002\267\225zg\264\253\271T\346ji\003\235\236Pis\264\375\222|H\344\261g?[gs!\003\343\005\311u\203\370\0338\3174\324\010\006\301\251\177\261\304eOX\262)FA-\022r\263wm\024vG0E\002!\000\324\222""\273=!\201\207r\242\005L\332U\006Z\021\244\233 ?cO\3207\005\366\210Cw\223\324\002 \037M\200v\323\246\336zn\t\224\017\270G\013\236\363\211e\247\323\307\250\\023>\001@#\007Jj""; "
1750587277106,1750587277106,3488,1,2,0,TMValidation,"validation: """"\200\000\000\001&\000\000\000\007)/\352\224\013:?HT\314/\177\320^Q\311\347s\234ae\204\263\365U\334\372D\354\345\276\201f\035\271%#\375\245\314.""\373\330&\3746P\027\000\000\000\000\000\000\000\000\000\000\000\000\000\000\000\000\000\000\000\000\000\000\000\000\000\000\000\000\000\000\000\000P\031\221=\252\002\267\225zg\264\253\271T\346ji\003\235\236Pis\264\375\222|H\344\261g?[gs!\003\343\005\311u\203\370\0338\3174\324\010\006\301\251\177\261\304eOX\262)FA-\022r\263wm\024vG0E\002!\000\324\222""\273=!\201\207r\242\005L\332U\006Z\021\244\233 ?cO\3207\005\366\210Cw\223\324\002 \037M\200v\323\246\336zn\t\224\017\270G\013\236\363\211e\247\323\307\250\\023>\001@#\007Jj""; ","validation: """"\200\000\000\001&\000\000\000\007)/\352\224\013:?HT\314/\177\320^Q\311\347s\234ae\204\263\365U\334\372D\354\345\276\201f\035\271%#\375\245\314.""\373\330&\3746P\027\000\000\000\000\000\000\000\000\000\000\000\000\000\000\000\000\000\000\000\000\000\000\000\000\000\000\000\000\000\000\000\000P\031\221=\252\002\267\225zg\264\253\271T\346ji\003\235\236Pis\264\375\222|H\344\261g?[gs!\003\343\005\311u\203\370\0338\3174\324\010\006\301\251\177\261\304eOX\262)FA-\022r\263wm\024vG0E\002!\000\324\222""\273=!\201\207r\242\005L\332U\006Z\021\244\233 ?cO\3207\005\366\210Cw\223\324\002 \037M\200v\323\246\336zn\t\224\017\270G\013\236\363\211e\247\323\307\250\\023>\001@#\007Jj""; "
1750587277196,1750587277197,3553,1,1,3,TMGetLedger,"itype: liTS_CANDIDATE; ledgerHash: ""\r!N\267\203~\313a\272~\344A\332\034\332r\\301\240a\307\341\261(c(\021\265B\030@(""; nodeIDs: ""\000\000\000\000\000\000\000\000\000\000\000\000\000\000\000\000\000\000\000\000\000\000\000\000\000\000\000\000\000\000\000\000\000""; queryType: qtINDIRECT; queryDepth: 3; ","itype: liTS_CANDIDATE; ledgerHash: ""\r!N\267\203~\313a\272~\344A\332\034\332r\\301\240a\307\341\261(c(\021\265B\030@(""; nodeIDs: ""\000\000\000\000\000\000\000\000\000\000\000\000\000\000\000\000\000\000\000\000\000\000\000\000\000\000\000\000\000\000\000\000\000""; queryType: qtINDIRECT; queryDepth: 3; "
1750587277197,1750587277197,572,1,1,0,TMGetLedger,"itype: liTS_CANDIDATE; ledgerHash: ""\r!N\267\203~\313a\272~\344A\332\034\332r\\301\240a\307\341\261(c(\021\265B\030@(""; nodeIDs: ""\000\000\000\000\000\000\000\000\000\000\000\000\000\000\000\000\000\000\000\000\000\000\000\000\000\000\000\000\000\000\000\000\000""; queryType: qtINDIRECT; queryDepth: 3; ","itype: liTS_CANDIDATE; ledgerHash: ""\r!N\267\203~\313a\272~\344A\332\034\332r\\301\240a\307\341\261(c(\021\265B\030@(""; nodeIDs: ""\000\000\000\000\000\000\000\000\000\000\000\000\000\000\000\000\000\000\000\000\000\000\000\000\000\000\000\000\000\000\000\000\000""; queryType: qtINDIRECT; queryDepth: 3; "
1750587277197,1750587277197,2860,1,1,4,TMGetLedger,"itype: liTS_CANDIDATE; ledgerHash: ""\r!N\267\203~\313a\272~\344A\332\034\332r\\301\240a\307\341\261(c(\021\265B\030@(""; nodeIDs: ""\000\000\000\000\000\000\000\000\000\000\000\000\000\000\000\000\000\000\000\000\000\000\000\000\000\000\000\000\000\000\000\000\000""; queryType: qtINDIRECT; queryDepth: 3; ","itype: liTS_CANDIDATE; ledgerHash: ""\r!N\267\203~\313a\272~\344A\332\034\332r\\301\240a\307\341\261(c(\021\265B\030@(""; nodeIDs: ""\000\000\000\000\000\000\000\000\000\000\000\000\000\000\000\000\000\000\000\000\000\000\000\000\000\000\000\000\000\000\000\000\000""; queryType: qtINDIRECT; queryDepth: 3; "
1750587277197,1750587277197,674,1,1,2,TMGetLedger,"itype: liTS_CANDIDATE; ledgerHash: ""\r!N\267\203~\313a\272~\344A\332\034\332r\\301\240a\307\341\261(c(\021\265B\030@(""; nodeIDs: ""\000\000\000\000\000\000\000\000\000\000\000\000\000\000\000\000\000\000\000\000\000\000\000\000\000\000\000\000\000\000\000\000\000""; queryType: qtINDIRECT; queryDepth: 3; ","itype: liTS_CANDIDATE; ledgerHash: ""\r!N\267\203~\313a\272~\344A\332\034\332r\\301\240a\307\341\261(c(\021\265B\030@(""; nodeIDs: ""\000\000\000\000\000\000\000\000\000\000\000\000\000\000\000\000\000\000\000\000\000\000\000\000\000\000\000\000\000\000\000\000\000""; queryType: qtINDIRECT; queryDepth: 3; "
1750587277271,1750587277271,3792,1,0,1,TMLedgerData,"ledgerHash: ""\r!N\267\203~\313a\272~\344A\332\034\332r\\301\240a\307\341\261(c(\021\265B\030@(""; ledgerSeq: 0; type: liTS_CANDIDATE; nodes {;   nodedata: ""\247\272\246\2214\014W1\360z\262\252=\343\207'\275\266;\016\021\306\330\030\225\023\357\272\353\200x\221\n\003"";   nodeid: ""\000\000\000\000\000\000\000\000\000\000\000\000\000\000\000\000\000\000\000\000\000\000\000\000\000\000\000\000\000\000\000\000\000""; }; ","ledgerHash: ""\r!N\267\203~\313a\272~\344A\332\034\332r\\301\240a\307\341\261(c(\021\265B\030@(""; ledgerSeq: 0; type: liTS_CANDIDATE; nodes {;   nodedata: ""\247\272\246\2214\014W1\360z\262\252=\343\207'\275\266;\016\021\306\330\030\225\023\357\272\353\200x\221\n\003"";   nodeid: ""\000\000\000\000\000\000\000\000\000\000\000\000\000\000\000\000\000\000\000\000\000\000\000\000\000\000\000\000\000\000\000\000\000""; }; "
1750587277292,1750587277292,3487,1,0,3,TMLedgerData,"ledgerHash: ""\r!N\267\203~\313a\272~\344A\332\034\332r\\301\240a\307\341\261(c(\021\265B\030@(""; ledgerSeq: 0; type: liTS_CANDIDATE; nodes {;   nodedata: ""\247\272\246\2214\014W1\360z\262\252=\343\207'\275\266;\016\021\306\330\030\225\023\357\272\353\200x\221\n\003"";   nodeid: ""\000\000\000\000\000\000\000\000\000\000\000\000\000\000\000\000\000\000\000\000\000\000\000\000\000\000\000\000\000\000\000\000\000""; }; ","ledgerHash: ""\r!N\267\203~\313a\272~\344A\332\034\332r\\301\240a\307\341\261(c(\021\265B\030@(""; ledgerSeq: 0; type: liTS_CANDIDATE; nodes {;   nodedata: ""\247\272\246\2214\014W1\360z\262\252=\343\207'\275\266;\016\021\306\330\030\225\023\357\272\353\200x\221\n\003"";   nodeid: ""\000\000\000\000\000\000\000\000\000\000\000\000\000\000\000\000\000\000\000\000\000\000\000\000\000\000\000\000\000\000\000\000\000""; }; "
1750587277308,1750587277308,3097,1,2,0,TMLedgerData,"ledgerHash: ""u\315\243\367\211\2625\240r:n\277\003\026\366\353'\216jy9\\001\220\223~\341j\254O\025\257""; ledgerSeq: 0; type: liTS_CANDIDATE; nodes {;   nodedata: ""\022\000\000""\000\000\000\000$\000\000\000\001 \033\000\000\000\027a@\000\000\027H\206*@h@\000\000\000\000\000\000\ns!\0030\347\374\235V\273%\326\211;\243\363\027\256[\3173\263)\033\326=\263&T\243\023""/\177\320 tF0D\002 0\023\341\332; \2711\245\020\321\3300\345\267-)\230\177\246\236AQ\327\203\207H\226+\000%\336\002 \024\036\211\237\201t\376\272E\270\230\020\334\014\356g\273\025((\376\266\216@ \254^2T\233\013\034\201\024\265\367by\212S\325C\240\024\312\370\262\227\317\370\362\3717\350\203\024E0\246\210\344\325\345r\024T\251\006P\255\352\333\372\351\337\302\000"";   nodeid: ""\240\000\000\000\000\000\000\000\000\000\000\000\000\000\000\000\000\000\000\000\000\000\000\000\000\000\000\000\000\000\000\000\001""; }; ","ledgerHash: ""u\315\243\367\211\2625\240r:n\277\003\026\366\353'\216jy9\\001\220\223~\341j\254O\025\257""; ledgerSeq: 0; type: liTS_CANDIDATE; nodes {;   nodedata: ""\022\000\000""\000\000\000\000$\000\000\000\001 \033\000\000\000\027a@\000\000\027H\206*@h@\000\000\000\000\000\000\ns!\0030\347\374\235V\273%\326\211;\243\363\027\256[\3173\263)\033\326=\263&T\243\023""/\177\320 tF0D\002 0\023\341\332; \2711\245\020\321\3300\345\267-)\230\177\246\236AQ\327\203\207H\226+\000%\336\002 \024\036\211\237\201t\376\272E\270\230\020\334\014\356g\273\025((\376\266\216@ \254^2T\233\013\034\201\024\265\367by\212S\325C\240\024\312\370\262\227\317\370\362\3717\350\203\024E0\246\210\344\325\345r\024T\251\006P\255\352\333\372\351\337\302\000"";   nodeid: ""\240\000\000\000\000\000\000\000\000\000\000\000\000\000\000\000\000\000\000\000\000\000\000\000\000\000\000\000\000\000\000\000\001""; }; "
1750587277314,1750587277314,1290,1,0,2,TMProposeSet,"proposeSeq: 0; currentTxHash: ""\r!N\267\203~\313a\272~\344A\332\034\332r\\301\240a\307\341\261(c(\021\265B\030@(""; nodePubKey: ""\003\325Q\255\224\274R@\312\253\262\347\352\034\346\347\242\215,\312\376=\277\353{\350\225\301\305`^, ""; closeTime: 803902476; signature: ""0E\002!\000\254\340>\354O!\006H\277\350\356\246F\205\025g\257\231\014X\303Z\301\312\203\343\3536i\236\270\330\002 \002F\000\246\254\237q""Vj\231\336\244\346\210\320\367\257V\263\214\363{|\364\265\335\374\337\206\267\034""; previousledger: ""\311\347s\234ae\204\263\365U\334\372D\354\345\276\201f\035\271%#\375\245\314.""\373\330&\3746""; ","proposeSeq: 0; currentTxHash: ""\r!N\267\203~\313a\272~\344A\332\034\332r\\301\240a\307\341\261(c(\021\265B\030@(""; nodePubKey: ""\003\325Q\255\224\274R@\312\253\262\347\352\034\346\347\242\215,\312\376=\277\353{\350\225\301\305`^, ""; closeTime: 803902476; signature: ""0E\002!\000\254\340>\354O!\006H\277\350\356\246F\205\025g\257\231\014X\303Z\301\312\203\343\3536i\236\270\330\002 \002F\000\246\254\237q""Vj\231\336\244\346\210\320\367\257V\263\214\363{|\364\265\335\374\337\206\267\034""; previousledger: ""\311\347s\234ae\204\263\365U\334\372D\354\345\276\201f\035\271%#\375\245\314.""\373\330&\3746""; "
1750587277314,1750587277315,2970,1,0,4,TMProposeSet,"proposeSeq: 0; currentTxHash: ""\r!N\267\203~\313a\272~\344A\332\034\332r\\301\240a\307\341\261(c(\021\265B\030@(""; nodePubKey: ""\003\325Q\255\224\274R@\312\253\262\347\352\034\346\347\242\215,\312\376=\277\353{\350\225\301\305`^, ""; closeTime: 803902476; signature: ""0E\002!\000\254\340>\354O!\006H\277\350\356\246F\205\025g\257\231\014X\303Z\301\312\203\343\3536i\236\270\330\002 \002F\000\246\254\237q""Vj\231\336\244\346\210\320\367\257V\263\214\363{|\364\265\335\374\337\206\267\034""; previousledger: ""\311\347s\234ae\204\263\365U\334\372D\354\345\276\201f\035\271%#\375\245\314.""\373\330&\3746""; ","proposeSeq: 0; currentTxHash: ""\r!N\267\203~\313a\272~\344A\332\034\332r\\301\240a\307\341\261(c(\021\265B\030@(""; nodePubKey: ""\003\325Q\255\224\274R@\312\253\262\347\352\034\346\347\242\215,\312\376=\277\353{\350\225\301\305`^, ""; closeTime: 803902476; signature: ""0E\002!\000\254\340>\354O!\006H\277\350\356\246F\205\025g\257\231\014X\303Z\301\312\203\343\3536i\236\270\330\002 \002F\000\246\254\237q""Vj\231\336\244\346\210\320\367\257V\263\214\363{|\364\265\335\374\337\206\267\034""; previousledger: ""\311\347s\234ae\204\263\365U\334\372D\354\345\276\201f\035\271%#\375\245\314.""\373\330&\3746""; "
1750587277315,1750587277315,190,1,0,1,TMProposeSet,"proposeSeq: 0; currentTxHash: ""\r!N\267\203~\313a\272~\344A\332\034\332r\\301\240a\307\341\261(c(\021\265B\030@(""; nodePubKey: ""\003\325Q\255\224\274R@\312\253\262\347\352\034\346\347\242\215,\312\376=\277\353{\350\225\301\305`^, ""; closeTime: 803902476; signature: ""0E\002!\000\254\340>\354O!\006H\277\350\356\246F\205\025g\257\231\014X\303Z\301\312\203\343\3536i\236\270\330\002 \002F\000\246\254\237q""Vj\231\336\244\346\210\320\367\257V\263\214\363{|\364\265\335\374\337\206\267\034""; previousledger: ""\311\347s\234ae\204\263\365U\334\372D\354\345\276\201f\035\271%#\375\245\314.""\373\330&\3746""; ","proposeSeq: 0; currentTxHash: ""\r!N\267\203~\313a\272~\344A\332\034\332r\\301\240a\307\341\261(c(\021\265B\030@(""; nodePubKey: ""\003\325Q\255\224\274R@\312\253\262\347\352\034\346\347\242\215,\312\376=\277\353{\350\225\301\305`^, ""; closeTime: 803902476; signature: ""0E\002!\000\254\340>\354O!\006H\277\350\356\246F\205\025g\257\231\014X\303Z\301\312\203\343\3536i\236\270\330\002 \002F\000\246\254\237q""Vj\231\336\244\346\210\320\367\257V\263\214\363{|\364\265\335\374\337\206\267\034""; previousledger: ""\311\347s\234ae\204\263\365U\334\372D\354\345\276\201f\035\271%#\375\245\314.""\373\330&\3746""; "
1750587277355,1750587277355,3914,1,4,3,TMGetLedger,"itype: liTS_CANDIDATE; ledgerHash: ""\r!N\267\203~\313a\272~\344A\332\034\332r\\301\240a\307\341\261(c(\021\265B\030@(""; nodeIDs: ""\000\000\000\000\000\000\000\000\000\000\000\000\000\000\000\000\000\000\000\000\000\000\000\000\000\000\000\000\000\000\000\000\000""; queryDepth: 3; ","itype: liTS_CANDIDATE; ledgerHash: ""\r!N\267\203~\313a\272~\344A\332\034\332r\\301\240a\307\341\261(c(\021\265B\030@(""; nodeIDs: ""\000\000\000\000\000\000\000\000\000\000\000\000\000\000\000\000\000\000\000\000\000\000\000\000\000\000\000\000\000\000\000\000\000""; queryDepth: 3; "
1750587277356,1750587277356,1110,1,4,0,TMProposeSet,"proposeSeq: 0; currentTxHash: ""\r!N\267\203~\313a\272~\344A\332\034\332r\\301\240a\307\341\261(c(\021\265B\030@(""; nodePubKey: ""\003\325Q\255\224\274R@\312\253\262\347\352\034\346\347\242\215,\312\376=\277\353{\350\225\301\305`^, ""; closeTime: 803902476; signature: ""0E\002!\000\254\340>\354O!\006H\277\350\356\246F\205\025g\257\231\014X\303Z\301\312\203\343\3536i\236\270\330\002 \002F\000\246\254\237q""Vj\231\336\244\346\210\320\367\257V\263\214\363{|\364\265\335\374\337\206\267\034""; previousledger: ""\311\347s\234ae\204\263\365U\334\372D\354\345\276\201f\035\271%#\375\245\314.""\373\330&\3746""; ","proposeSeq: 0; currentTxHash: ""\r!N\267\203~\313a\272~\344A\332\034\332r\\301\240a\307\341\261(c(\021\265B\030@(""; nodePubKey: ""\003\325Q\255\224\274R@\312\253\262\347\352\034\346\347\242\215,\312\376=\277\353{\350\225\301\305`^, ""; closeTime: 803902476; signature: ""0E\002!\000\254\340>\354O!\006H\277\350\356\246F\205\025g\257\231\014X\303Z\301\312\203\343\3536i\236\270\330\002 \002F\000\246\254\237q""Vj\231\336\244\346\210\320\367\257V\263\214\363{|\364\265\335\374\337\206\267\034""; previousledger: ""\311\347s\234ae\204\263\365U\334\372D\354\345\276\201f\035\271%#\375\245\314.""\373\330&\3746""; "
1750587277356,1750587277356,769,1,4,0,TMGetLedger,"itype: liTS_CANDIDATE; ledgerHash: ""\r!N\267\203~\313a\272~\344A\332\034\332r\\301\240a\307\341\261(c(\021\265B\030@(""; nodeIDs: ""\000\000\000\000\000\000\000\000\000\000\000\000\000\000\000\000\000\000\000\000\000\000\000\000\000\000\000\000\000\000\000\000\000""; queryDepth: 3; ","itype: liTS_CANDIDATE; ledgerHash: ""\r!N\267\203~\313a\272~\344A\332\034\332r\\301\240a\307\341\261(c(\021\265B\030@(""; nodeIDs: ""\000\000\000\000\000\000\000\000\000\000\000\000\000\000\000\000\000\000\000\000\000\000\000\000\000\000\000\000\000\000\000\000\000""; queryDepth: 3; "
1750587277357,1750587277357,3614,1,4,2,TMProposeSet,"proposeSeq: 0; currentTxHash: ""\r!N\267\203~\313a\272~\344A\332\034\332r\\301\240a\307\341\261(c(\021\265B\030@(""; nodePubKey: ""\003\325Q\255\224\274R@\312\253\262\347\352\034\346\347\242\215,\312\376=\277\353{\350\225\301\305`^, ""; closeTime: 803902476; signature: ""0E\002!\000\254\340>\354O!\006H\277\350\356\246F\205\025g\257\231\014X\303Z\301\312\203\343\3536i\236\270\330\002 \002F\000\246\254\237q""Vj\231\336\244\346\210\320\367\257V\263\214\363{|\364\265\335\374\337\206\267\034""; previousledger: ""\311\347s\234ae\204\263\365U\334\372D\354\345\276\201f\035\271%#\375\245\314.""\373\330&\3746""; ","proposeSeq: 0; currentTxHash: ""\r!N\267\203~\313a\272~\344A\332\034\332r\\301\240a\307\341\261(c(\021\265B\030@(""; nodePubKey: ""\003\325Q\255\224\274R@\312\253\262\347\352\034\346\347\242\215,\312\376=\277\353{\350\225\301\305`^, ""; closeTime: 803902476; signature: ""0E\002!\000\254\340>\354O!\006H\277\350\356\246F\205\025g\257\231\014X\303Z\301\312\203\343\3536i\236\270\330\002 \002F\000\246\254\237q""Vj\231\336\244\346\210\320\367\257V\263\214\363{|\364\265\335\374\337\206\267\034""; previousledger: ""\311\347s\234ae\204\263\365U\334\372D\354\345\276\201f\035\271%#\375\245\314.""\373\330&\3746""; "
1750587277357,1750587277358,980,1,4,1,TMProposeSet,"proposeSeq: 0; currentTxHash: ""\r!N\267\203~\313a\272~\344A\332\034\332r\\301\240a\307\341\261(c(\021\265B\030@(""; nodePubKey: ""\003\325Q\255\224\274R@\312\253\262\347\352\034\346\347\242\215,\312\376=\277\353{\350\225\301\305`^, ""; closeTime: 803902476; signature: ""0E\002!\000\254\340>\354O!\006H\277\350\356\246F\205\025g\257\231\014X\303Z\301\312\203\343\3536i\236\270\330\002 \002F\000\246\254\237q""Vj\231\336\244\346\210\320\367\257V\263\214\363{|\364\265\335\374\337\206\267\034""; previousledger: ""\311\347s\234ae\204\263\365U\334\372D\354\345\276\201f\035\271%#\375\245\314.""\373\330&\3746""; ","proposeSeq: 0; currentTxHash: ""\r!N\267\203~\313a\272~\344A\332\034\332r\\301\240a\307\341\261(c(\021\265B\030@(""; nodePubKey: ""\003\325Q\255\224\274R@\312\253\262\347\352\034\346\347\242\215,\312\376=\277\353{\350\225\301\305`^, ""; closeTime: 803902476; signature: ""0E\002!\000\254\340>\354O!\006H\277\350\356\246F\205\025g\257\231\014X\303Z\301\312\203\343\3536i\236\270\330\002 \002F\000\246\254\237q""Vj\231\336\244\346\210\320\367\257V\263\214\363{|\364\265\335\374\337\206\267\034""; previousledger: ""\311\347s\234ae\204\263\365U\334\372D\354\345\276\201f\035\271%#\375\245\314.""\373\330&\3746""; "
1750587277363,1750587277363,1764,1,0,3,TMGetLedger,"itype: liTS_CANDIDATE; ledgerHash: ""\007\347lg\346B\270\350\352\375\266\371?(\361\364\365I|\375\262>\230(\333\250\331\007\360U\024\027""; nodeIDs: ""\000\000\000\000\000\000\000\000\000\000\000\000\000\000\000\000\000\000\000\000\000\000\000\000\000\000\000\000\000\000\000\000\000""; queryDepth: 3; ","itype: liTS_CANDIDATE; ledgerHash: ""\007\347lg\346B\270\350\352\375\266\371?(\361\364\365I|\375\262>\230(\333\250\331\007\360U\024\027""; nodeIDs: ""\000\000\000\000\000\000\000\000\000\000\000\000\000\000\000\000\000\000\000\000\000\000\000\000\000\000\000\000\000\000\000\000\000""; queryDepth: 3; "
1750587277363,1750587277364,393,1,0,1,TMGetLedger,"itype: liTS_CANDIDATE; ledgerHash: ""\007\347lg\346B\270\350\352\375\266\371?(\361\364\365I|\375\262>\230(\333\250\331\007\360U\024\027""; nodeIDs: ""\000\000\000\000\000\000\000\000\000\000\000\000\000\000\000\000\000\000\000\000\000\000\000\000\000\000\000\000\000\000\000\000\000""; queryDepth: 3; ","itype: liTS_CANDIDATE; ledgerHash: ""\007\347lg\346B\270\350\352\375\266\371?(\361\364\365I|\375\262>\230(\333\250\331\007\360U\024\027""; nodeIDs: ""\000\000\000\000\000\000\000\000\000\000\000\000\000\000\000\000\000\000\000\000\000\000\000\000\000\000\000\000\000\000\000\000\000""; queryDepth: 3; "
1750587277364,1750587277364,1290,1,0,2,TMProposeSet,"proposeSeq: 0; currentTxHash: ""\007\347lg\346B\270\350\352\375\266\371?(\361\364\365I|\375\262>\230(\333\250\331\007\360U\024\027""; nodePubKey: ""\003\343\005\311u\203\370\0338\3174\324\010\006\301\251\177\261\304eOX\262)FA-\022r\263wm\024""; closeTime: 803902476; signature: ""0D\002 d\243\034XJ\363\260a\377\233pv\365\376E\302N\315\024\nt\356o\376\305?\2076\t\014""\203\002 *.\233\326B\315\330\244!\250g\214\371|\356`\t:\325\344E\260\260U\211\002\257\212\223C\252\034""; previousledger: ""\311\347s\234ae\204\263\365U\334\372D\354\345\276\201f\035\271%#\375\245\314.""\373\330&\3746""; ","proposeSeq: 0; currentTxHash: ""\007\347lg\346B\270\350\352\375\266\371?(\361\364\365I|\375\262>\230(\333\250\331\007\360U\024\027""; nodePubKey: ""\003\343\005\311u\203\370\0338\3174\324\010\006\301\251\177\261\304eOX\262)FA-\022r\263wm\024""; closeTime: 803902476; signature: ""0D\002 d\243\034XJ\363\260a\377\233pv\365\376E\302N\315\024\nt\356o\376\305?\2076\t\014""\203\002 *.\233\326B\315\330\244!\250g\214\371|\356`\t:\325\344E\260\260U\211\002\257\212\223C\252\034""; previousledger: ""\311\347s\234ae\204\263\365U\334\372D\354\345\276\201f\035\271%#\375\245\314.""\373\330&\3746""; "
1750587277364,1750587277364,2970,1,0,4,TMProposeSet,"proposeSeq: 0; currentTxHash: ""\007\347lg\346B\270\350\352\375\266\371?(\361\364\365I|\375\262>\230(\333\250\331\007\360U\024\027""; nodePubKey: ""\003\343\005\311u\203\370\0338\3174\324\010\006\301\251\177\261\304eOX\262)FA-\022r\263wm\024""; closeTime: 803902476; signature: ""0D\002 d\243\034XJ\363\260a\377\233pv\365\376E\302N\315\024\nt\356o\376\305?\2076\t\014""\203\002 *.\233\326B\315\330\244!\250g\214\371|\356`\t:\325\344E\260\260U\211\002\257\212\223C\252\034""; previousledger: ""\311\347s\234ae\204\263\365U\334\372D\354\345\276\201f\035\271%#\375\245\314.""\373\330&\3746""; ","proposeSeq: 0; currentTxHash: ""\007\347lg\346B\270\350\352\375\266\371?(\361\364\365I|\375\262>\230(\333\250\331\007\360U\024\027""; nodePubKey: ""\003\343\005\311u\203\370\0338\3174\324\010\006\301\251\177\261\304eOX\262)FA-\022r\263wm\024""; closeTime: 803902476; signature: ""0D\002 d\243\034XJ\363\260a\377\233pv\365\376E\302N\315\024\nt\356o\376\305?\2076\t\014""\203\002 *.\233\326B\315\330\244!\250g\214\371|\356`\t:\325\344E\260\260U\211\002\257\212\223C\252\034""; previousledger: ""\311\347s\234ae\204\263\365U\334\372D\354\345\276\201f\035\271%#\375\245\314.""\373\330&\3746""; "
1750587277376,1750587277376,3559,1,4,0,TMValidation,"validation: """"\200\000\000\001&\000\000\000\007)/\352\224\013:?HT\314/\177\320^Q\311\347s\234ae\204\263\365U\334\372D\354\345\276\201f\035\271%#\375\245\314.""\373\330&\3746P\027\000\000\000\000\000\000\000\000\000\000\000\000\000\000\000\000\000\000\000\000\000\000\000\000\000\000\000\000\000\000\000\000P\031\221=\252\002\267\225zg\264\253\271T\346ji\003\235\236Pis\264\375\222|H\344\261g?[gs!\003\343\005\311u\203\370\0338\3174\324\010\006\301\251\177\261\304eOX\262)FA-\022r\263wm\024vG0E\002!\000\324\222""\273=!\201\207r\242\005L\332U\006Z\021\244\233 ?cO\3207\005\366\210Cw\223\324\002 \037M\200v\323\246\336zn\t\224\017\270G\013\236\363\211e\247\323\307\250\\023>\001@#\007Jj""; ","validation: """"\200\000\000\001&\000\000\000\007)/\352\224\013:?HT\314/\177\320^Q\311\347s\234ae\204\263\365U\334\372D\354\345\276\201f\035\271%#\375\245\314.""\373\330&\3746P\027\000\000\000\000\000\000\000\000\000\000\000\000\000\000\000\000\000\000\000\000\000\000\000\000\000\000\000\000\000\000\000\000P\031\221=\252\002\267\225zg\264\253\271T\346ji\003\235\236Pis\264\375\222|H\344\261g?[gs!\003\343\005\311u\203\370\0338\3174\324\010\006\301\251\177\261\304eOX\262)FA-\022r\263wm\024vG0E\002!\000\324\222""\273=!\201\207r\242\005L\332U\006Z\021\244\233 ?cO\3207\005\366\210Cw\223\324\002 \037M\200v\323\246\336zn\t\224\017\270G\013\236\363\211e\247\323\307\250\\023>\001@#\007Jj""; "
1750587277376,1750587277377,141,1,0,3,TMProposeSet,"proposeSeq: 0; currentTxHash: ""\007\347lg\346B\270\350\352\375\266\371?(\361\364\365I|\375\262>\230(\333\250\331\007\360U\024\027""; nodePubKey: ""\003\343\005\311u\203\370\0338\3174\324\010\006\301\251\177\261\304eOX\262)FA-\022r\263wm\024""; closeTime: 803902476; signature: ""0D\002 d\243\034XJ\363\260a\377\233pv\365\376E\302N\315\024\nt\356o\376\305?\2076\t\014""\203\002 *.\233\326B\315\330\244!\250g\214\371|\356`\t:\325\344E\260\260U\211\002\257\212\223C\252\034""; previousledger: ""\311\347s\234ae\204\263\365U\334\372D\354\345\276\201f\035\271%#\375\245\314.""\373\330&\3746""; ","proposeSeq: 0; currentTxHash: ""\007\347lg\346B\270\350\352\375\266\371?(\361\364\365I|\375\262>\230(\333\250\331\007\360U\024\027""; nodePubKey: ""\003\343\005\311u\203\370\0338\3174\324\010\006\301\251\177\261\304eOX\262)FA-\022r\263wm\024""; closeTime: 803902476; signature: ""0D\002 d\243\034XJ\363\260a\377\233pv\365\376E\302N\315\024\nt\356o\376\305?\2076\t\014""\203\002 *.\233\326B\315\330\244!\250g\214\371|\356`\t:\325\344E\260\260U\211\002\257\212\223C\252\034""; previousledger: ""\311\347s\234ae\204\263\365U\334\372D\354\345\276\201f\035\271%#\375\245\314.""\373\330&\3746""; "
1750587277377,1750587277377,443,1,4,2,TMValidation,"validation: """"\200\000\000\001&\000\000\000\007)/\352\224\013:?HT\314/\177\320^Q\311\347s\234ae\204\263\365U\334\372D\354\345\276\201f\035\271%#\375\245\314.""\373\330&\3746P\027\000\000\000\000\000\000\000\000\000\000\000\000\000\000\000\000\000\000\000\000\000\000\000\000\000\000\000\000\000\000\000\000P\031\221=\252\002\267\225zg\264\253\271T\346ji\003\235\236Pis\264\375\222|H\344\261g?[gs!\003\343\005\311u\203\370\0338\3174\324\010\006\301\251\177\261\304eOX\262)FA-\022r\263wm\024vG0E\002!\000\324\222""\273=!\201\207r\242\005L\332U\006Z\021\244\233 ?cO\3207\005\366\210Cw\223\324\002 \037M\200v\323\246\336zn\t\224\017\270G\013\236\363\211e\247\323\307\250\\023>\001@#\007Jj""; ","validation: """"\200\000\000\001&\000\000\000\007)/\352\224\013:?HT\314/\177\320^Q\311\347s\234ae\204\263\365U\334\372D\354\345\276\201f\035\271%#\375\245\314.""\373\330&\3746P\027\000\000\000\000\000\000\000\000\000\000\000\000\000\000\000\000\000\000\000\000\000\000\000\000\000\000\000\000\000\000\000\000P\031\221=\252\002\267\225zg\264\253\271T\346ji\003\235\236Pis\264\375\222|H\344\261g?[gs!\003\343\005\311u\203\370\0338\3174\324\010\006\301\251\177\261\304eOX\262)FA-\022r\263wm\024vG0E\002!\000\324\222""\273=!\201\207r\242\005L\332U\006Z\021\244\233 ?cO\3207\005\366\210Cw\223\324\002 \037M\200v\323\246\336zn\t\224\017\270G\013\236\363\211e\247\323\307\250\\023>\001@#\007Jj""; "
1750587277398,1750587277398,1357,1,4,3,TMValidation,"validation: """"\200\000\000\001&\000\000\000\007)/\352\224\013:?HT\314/\177\320^Q\311\347s\234ae\204\263\365U\334\372D\354\345\276\201f\035\271%#\375\245\314.""\373\330&\3746P\027\000\000\000\000\000\000\000\000\000\000\000\000\000\000\000\000\000\000\000\000\000\000\000\000\000\000\000\000\000\000\000\000P\031\221=\252\002\267\225zg\264\253\271T\346ji\003\235\236Pis\264\375\222|H\344\261g?[gs!\003\343\005\311u\203\370\0338\3174\324\010\006\301\251\177\261\304eOX\262)FA-\022r\263wm\024vG0E\002!\000\324\222""\273=!\201\207r\242\005L\332U\006Z\021\244\233 ?cO\3207\005\366\210Cw\223\324\002 \037M\200v\323\246\336zn\t\224\017\270G\013\236\363\211e\247\323\307\250\\023>\001@#\007Jj""; ","validation: """"\200\000\000\001&\000\000\000\007)/\352\224\013:?HT\314/\177\320^Q\311\347s\234ae\204\263\365U\334\372D\354\345\276\201f\035\271%#\375\245\314.""\373\330&\3746P\027\000\000\000\000\000\000\000\000\000\000\000\000\000\000\000\000\000\000\000\000\000\000\000\000\000\000\000\000\000\000\000\000P\031\221=\252\002\267\225zg\264\253\271T\346ji\003\235\236Pis\264\375\222|H\344\261g?[gs!\003\343\005\311u\203\370\0338\3174\324\010\006\301\251\177\261\304eOX\262)FA-\022r\263wm\024vG0E\002!\000\324\222""\273=!\201\207r\242\005L\332U\006Z\021\244\233 ?cO\3207\005\366\210Cw\223\324\002 \037M\200v\323\246\336zn\t\224\017\270G\013\236\363\211e\247\323\307\250\\023>\001@#\007Jj""; "
1750587277429,1750587277429,628,1,3,2,TMLedgerData,"ledgerHash: ""u\315\243\367\211\2625\240r:n\277\003\026\366\353'\216jy9\\001\220\223~\341j\254O\025\257""; ledgerSeq: 0; type: liTS_CANDIDATE; nodes {;   nodedata: ""\022\000\000""\000\000\000\000$\000\000\000\001 \033\000\000\000\027a@\000\000\027H\206*@h@\000\000\000\000\000\000\ns!\0030\347\374\235V\273%\326\211;\243\363\027\256[\3173\263)\033\326=\263&T\243\023""/\177\320 tF0D\002 0\023\341\332; \2711\245\020\321\3300\345\267-)\230\177\246\236AQ\327\203\207H\226+\000%\336\002 \024\036\211\237\201t\376\272E\270\230\020\334\014\356g\273\025((\376\266\216@ \254^2T\233\013\034\201\024\265\367by\212S\325C\240\024\312\370\262\227\317\370\362\3717\350\203\024E0\246\210\344\325\345r\024T\251\006P\255\352\333\372\351\337\302\000"";   nodeid: ""\240\000\000\000\000\000\000\000\000\000\000\000\000\000\000\000\000\000\000\000\000\000\000\000\000\000\000\000\000\000\000\000\001""; }; requestCookie: 2; ","ledgerHash: ""u\315\243\367\211\2625\240r:n\277\003\026\366\353'\216jy9\\001\220\223~\341j\254O\025\257""; ledgerSeq: 0; type: liTS_CANDIDATE; nodes {;   nodedata: ""\022\000\000""\000\000\000\000$\000\000\000\001 \033\000\000\000\027a@\000\000\027H\206*@h@\000\000\000\000\000\000\ns!\0030\347\374\235V\273%\326\211;\243\363\027\256[\3173\263)\033\326=\263&T\243\023""/\177\320 tF0D\002 0\023\341\332; \2711\245\020\321\3300\345\267-)\230\177\246\236AQ\327\203\207H\226+\000%\336\002 \024\036\211\237\201t\376\272E\270\230\020\334\014\356g\273\025((\376\266\216@ \254^2T\233\013\034\201\024\265\367by\212S\325C\240\024\312\370\262\227\317\370\362\3717\350\203\024E0\246\210\344\325\345r\024T\251\006P\255\352\333\372\351\337\302\000"";   nodeid: ""\240\000\000\000\000\000\000\000\000\000\000\000\000\000\000\000\000\000\000\000\000\000\000\000\000\000\000\000\000\000\000\000\001""; }; requestCookie: 2; "
1750587277447,1750587277447,3553,1,1,3,TMGetLedger,"itype: liTS_CANDIDATE; ledgerHash: ""\r!N\267\203~\313a\272~\344A\332\034\332r\\301\240a\307\341\261(c(\021\265B\030@(""; nodeIDs: ""\000\000\000\000\000\000\000\000\000\000\000\000\000\000\000\000\000\000\000\000\000\000\000\000\000\000\000\000\000\000\000\000\000""; queryType: qtINDIRECT; queryDepth: 3; ","itype: liTS_CANDIDATE; ledgerHash: ""\r!N\267\203~\313a\272~\344A\332\034\332r\\301\240a\307\341\261(c(\021\265B\030@(""; nodeIDs: ""\000\000\000\000\000\000\000\000\000\000\000\000\000\000\000\000\000\000\000\000\000\000\000\000\000\000\000\000\000\000\000\000\000""; queryType: qtINDIRECT; queryDepth: 3; "
1750587277448,1750587277448,572,1,1,0,TMGetLedger,"itype: liTS_CANDIDATE; ledgerHash: ""\r!N\267\203~\313a\272~\344A\332\034\332r\\301\240a\307\341\261(c(\021\265B\030@(""; nodeIDs: ""\000\000\000\000\000\000\000\000\000\000\000\000\000\000\000\000\000\000\000\000\000\000\000\000\000\000\000\000\000\000\000\000\000""; queryType: qtINDIRECT; queryDepth: 3; ","itype: liTS_CANDIDATE; ledgerHash: ""\r!N\267\203~\313a\272~\344A\332\034\332r\\301\240a\307\341\261(c(\021\265B\030@(""; nodeIDs: ""\000\000\000\000\000\000\000\000\000\000\000\000\000\000\000\000\000\000\000\000\000\000\000\000\000\000\000\000\000\000\000\000\000""; queryType: qtINDIRECT; queryDepth: 3; "
1750587277448,1750587277448,674,1,1,2,TMGetLedger,"itype: liTS_CANDIDATE; ledgerHash: ""\r!N\267\203~\313a\272~\344A\332\034\332r\\301\240a\307\341\261(c(\021\265B\030@(""; nodeIDs: ""\000\000\000\000\000\000\000\000\000\000\000\000\000\000\000\000\000\000\000\000\000\000\000\000\000\000\000\000\000\000\000\000\000""; queryType: qtINDIRECT; queryDepth: 3; ","itype: liTS_CANDIDATE; ledgerHash: ""\r!N\267\203~\313a\272~\344A\332\034\332r\\301\240a\307\341\261(c(\021\265B\030@(""; nodeIDs: ""\000\000\000\000\000\000\000\000\000\000\000\000\000\000\000\000\000\000\000\000\000\000\000\000\000\000\000\000\000\000\000\000\000""; queryType: qtINDIRECT; queryDepth: 3; "
1750587277448,1750587277449,2860,1,1,4,TMGetLedger,"itype: liTS_CANDIDATE; ledgerHash: ""\r!N\267\203~\313a\272~\344A\332\034\332r\\301\240a\307\341\261(c(\021\265B\030@(""; nodeIDs: ""\000\000\000\000\000\000\000\000\000\000\000\000\000\000\000\000\000\000\000\000\000\000\000\000\000\000\000\000\000\000\000\000\000""; queryType: qtINDIRECT; queryDepth: 3; ","itype: liTS_CANDIDATE; ledgerHash: ""\r!N\267\203~\313a\272~\344A\332\034\332r\\301\240a\307\341\261(c(\021\265B\030@(""; nodeIDs: ""\000\000\000\000\000\000\000\000\000\000\000\000\000\000\000\000\000\000\000\000\000\000\000\000\000\000\000\000\000\000\000\000\000""; queryType: qtINDIRECT; queryDepth: 3; "
1750587277507,1750587277507,3375,1,1,4,TMProposeSet,"proposeSeq: 0; currentTxHash: ""\r!N\267\203~\313a\272~\344A\332\034\332r\\301\240a\307\341\261(c(\021\265B\030@(""; nodePubKey: ""\003\325Q\255\224\274R@\312\253\262\347\352\034\346\347\242\215,\312\376=\277\353{\350\225\301\305`^, ""; closeTime: 803902476; signature: ""0E\002!\000\254\340>\354O!\006H\277\350\356\246F\205\025g\257\231\014X\303Z\301\312\203\343\3536i\236\270\330\002 \002F\000\246\254\237q""Vj\231\336\244\346\210\320\367\257V\263\214\363{|\364\265\335\374\337\206\267\034""; previousledger: ""\311\347s\234ae\204\263\365U\334\372D\354\345\276\201f\035\271%#\375\245\314.""\373\330&\3746""; ","proposeSeq: 0; currentTxHash: ""\r!N\267\203~\313a\272~\344A\332\034\332r\\301\240a\307\341\261(c(\021\265B\030@(""; nodePubKey: ""\003\325Q\255\224\274R@\312\253\262\347\352\034\346\347\242\215,\312\376=\277\353{\350\225\301\305`^, ""; closeTime: 803902476; signature: ""0E\002!\000\254\340>\354O!\006H\277\350\356\246F\205\025g\257\231\014X\303Z\301\312\203\343\3536i\236\270\330\002 \002F\000\246\254\237q""Vj\231\336\244\346\210\320\367\257V\263\214\363{|\364\265\335\374\337\206\267\034""; previousledger: ""\311\347s\234ae\204\263\365U\334\372D\354\345\276\201f\035\271%#\375\245\314.""\373\330&\3746""; "
1750587277508,1750587277508,1799,1,1,2,TMProposeSet,"proposeSeq: 0; currentTxHash: ""\r!N\267\203~\313a\272~\344A\332\034\332r\\301\240a\307\341\261(c(\021\265B\030@(""; nodePubKey: ""\003\325Q\255\224\274R@\312\253\262\347\352\034\346\347\242\215,\312\376=\277\353{\350\225\301\305`^, ""; closeTime: 803902476; signature: ""0E\002!\000\254\340>\354O!\006H\277\350\356\246F\205\025g\257\231\014X\303Z\301\312\203\343\3536i\236\270\330\002 \002F\000\246\254\237q""Vj\231\336\244\346\210\320\367\257V\263\214\363{|\364\265\335\374\337\206\267\034""; previousledger: ""\311\347s\234ae\204\263\365U\334\372D\354\345\276\201f\035\271%#\375\245\314.""\373\330&\3746""; ","proposeSeq: 0; currentTxHash: ""\r!N\267\203~\313a\272~\344A\332\034\332r\\301\240a\307\341\261(c(\021\265B\030@(""; nodePubKey: ""\003\325Q\255\224\274R@\312\253\262\347\352\034\346\347\242\215,\312\376=\277\353{\350\225\301\305`^, ""; closeTime: 803902476; signature: ""0E\002!\000\254\340>\354O!\006H\277\350\356\246F\205\025g\257\231\014X\303Z\301\312\203\343\3536i\236\270\330\002 \002F\000\246\254\237q""Vj\231\336\244\346\210\320\367\257V\263\214\363{|\364\265\335\374\337\206\267\034""; previousledger: ""\311\347s\234ae\204\263\365U\334\372D\354\345\276\201f\035\271%#\375\245\314.""\373\330&\3746""; "
1750587277507,1750587277507,3538,1,1,3,TMProposeSet,"proposeSeq: 0; currentTxHash: ""\r!N\267\203~\313a\272~\344A\332\034\332r\\301\240a\307\341\261(c(\021\265B\030@(""; nodePubKey: ""\003\325Q\255\224\274R@\312\253\262\347\352\034\346\347\242\215,\312\376=\277\353{\350\225\301\305`^, ""; closeTime: 803902476; signature: ""0E\002!\000\254\340>\354O!\006H\277\350\356\246F\205\025g\257\231\014X\303Z\301\312\203\343\3536i\236\270\330\002 \002F\000\246\254\237q""Vj\231\336\244\346\210\320\367\257V\263\214\363{|\364\265\335\374\337\206\267\034""; previousledger: ""\311\347s\234ae\204\263\365U\334\372D\354\345\276\201f\035\271%#\375\245\314.""\373\330&\3746""; ","proposeSeq: 0; currentTxHash: ""\r!N\267\203~\313a\272~\344A\332\034\332r\\301\240a\307\341\261(c(\021\265B\030@(""; nodePubKey: ""\003\325Q\255\224\274R@\312\253\262\347\352\034\346\347\242\215,\312\376=\277\353{\350\225\301\305`^, ""; closeTime: 803902476; signature: ""0E\002!\000\254\340>\354O!\006H\277\350\356\246F\205\025g\257\231\014X\303Z\301\312\203\343\3536i\236\270\330\002 \002F\000\246\254\237q""Vj\231\336\244\346\210\320\367\257V\263\214\363{|\364\265\335\374\337\206\267\034""; previousledger: ""\311\347s\234ae\204\263\365U\334\372D\354\345\276\201f\035\271%#\375\245\314.""\373\330&\3746""; "
1750587277520,1750587277520,3656,1,3,1,TMProposeSet,"proposeSeq: 0; currentTxHash: ""\007\347lg\346B\270\350\352\375\266\371?(\361\364\365I|\375\262>\230(\333\250\331\007\360U\024\027""; nodePubKey: ""\003\343\005\311u\203\370\0338\3174\324\010\006\301\251\177\261\304eOX\262)FA-\022r\263wm\024""; closeTime: 803902476; signature: ""0D\002 d\243\034XJ\363\260a\377\233pv\365\376E\302N\315\024\nt\356o\376\305?\2076\t\014""\203\002 *.\233\326B\315\330\244!\250g\214\371|\356`\t:\325\344E\260\260U\211\002\257\212\223C\252\034""; previousledger: ""\311\347s\234ae\204\263\365U\334\372D\354\345\276\201f\035\271%#\375\245\314.""\373\330&\3746""; ","proposeSeq: 0; currentTxHash: ""\007\347lg\346B\270\350\352\375\266\371?(\361\364\365I|\375\262>\230(\333\250\331\007\360U\024\027""; nodePubKey: ""\003\343\005\311u\203\370\0338\3174\324\010\006\301\251\177\261\304eOX\262)FA-\022r\263wm\024""; closeTime: 803902476; signature: ""0D\002 d\243\034XJ\363\260a\377\233pv\365\376E\302N\315\024\nt\356o\376\305?\2076\t\014""\203\002 *.\233\326B\315\330\244!\250g\214\371|\356`\t:\325\344E\260\260U\211\002\257\212\223C\252\034""; previousledger: ""\311\347s\234ae\204\263\365U\334\372D\354\345\276\201f\035\271%#\375\245\314.""\373\330&\3746""; "
1750587277521,1750587277521,2142,1,3,1,TMGetLedger,"itype: liTS_CANDIDATE; ledgerHash: ""\007\347lg\346B\270\350\352\375\266\371?(\361\364\365I|\375\262>\230(\333\250\331\007\360U\024\027""; nodeIDs: ""\000\000\000\000\000\000\000\000\000\000\000\000\000\000\000\000\000\000\000\000\000\000\000\000\000\000\000\000\000\000\000\000\000""; queryDepth: 3; ","itype: liTS_CANDIDATE; ledgerHash: ""\007\347lg\346B\270\350\352\375\266\371?(\361\364\365I|\375\262>\230(\333\250\331\007\360U\024\027""; nodeIDs: ""\000\000\000\000\000\000\000\000\000\000\000\000\000\000\000\000\000\000\000\000\000\000\000\000\000\000\000\000\000\000\000\000\000""; queryDepth: 3; "
1750587277521,1750587277521,1317,1,3,2,TMProposeSet,"proposeSeq: 0; currentTxHash: ""\007\347lg\346B\270\350\352\375\266\371?(\361\364\365I|\375\262>\230(\333\250\331\007\360U\024\027""; nodePubKey: ""\003\343\005\311u\203\370\0338\3174\324\010\006\301\251\177\261\304eOX\262)FA-\022r\263wm\024""; closeTime: 803902476; signature: ""0D\002 d\243\034XJ\363\260a\377\233pv\365\376E\302N\315\024\nt\356o\376\305?\2076\t\014""\203\002 *.\233\326B\315\330\244!\250g\214\371|\356`\t:\325\344E\260\260U\211\002\257\212\223C\252\034""; previousledger: ""\311\347s\234ae\204\263\365U\334\372D\354\345\276\201f\035\271%#\375\245\314.""\373\330&\3746""; ","proposeSeq: 0; currentTxHash: ""\007\347lg\346B\270\350\352\375\266\371?(\361\364\365I|\375\262>\230(\333\250\331\007\360U\024\027""; nodePubKey: ""\003\343\005\311u\203\370\0338\3174\324\010\006\301\251\177\261\304eOX\262)FA-\022r\263wm\024""; closeTime: 803902476; signature: ""0D\002 d\243\034XJ\363\260a\377\233pv\365\376E\302N\315\024\nt\356o\376\305?\2076\t\014""\203\002 *.\233\326B\315\330\244!\250g\214\371|\356`\t:\325\344E\260\260U\211\002\257\212\223C\252\034""; previousledger: ""\311\347s\234ae\204\263\365U\334\372D\354\345\276\201f\035\271%#\375\245\314.""\373\330&\3746""; "
1750587277522,1750587277522,1136,1,3,0,TMGetLedger,"itype: liTS_CANDIDATE; ledgerHash: ""\007\347lg\346B\270\350\352\375\266\371?(\361\364\365I|\375\262>\230(\333\250\331\007\360U\024\027""; nodeIDs: ""\000\000\000\000\000\000\000\000\000\000\000\000\000\000\000\000\000\000\000\000\000\000\000\000\000\000\000\000\000\000\000\000\000""; queryDepth: 3; ","itype: liTS_CANDIDATE; ledgerHash: ""\007\347lg\346B\270\350\352\375\266\371?(\361\364\365I|\375\262>\230(\333\250\331\007\360U\024\027""; nodeIDs: ""\000\000\000\000\000\000\000\000\000\000\000\000\000\000\000\000\000\000\000\000\000\000\000\000\000\000\000\000\000\000\000\000\000""; queryDepth: 3; "
1750587277522,1750587277522,483,1,3,4,TMProposeSet,"proposeSeq: 0; currentTxHash: ""\007\347lg\346B\270\350\352\375\266\371?(\361\364\365I|\375\262>\230(\333\250\331\007\360U\024\027""; nodePubKey: ""\003\343\005\311u\203\370\0338\3174\324\010\006\301\251\177\261\304eOX\262)FA-\022r\263wm\024""; closeTime: 803902476; signature: ""0D\002 d\243\034XJ\363\260a\377\233pv\365\376E\302N\315\024\nt\356o\376\305?\2076\t\014""\203\002 *.\233\326B\315\330\244!\250g\214\371|\356`\t:\325\344E\260\260U\211\002\257\212\223C\252\034""; previousledger: ""\311\347s\234ae\204\263\365U\334\372D\354\345\276\201f\035\271%#\375\245\314.""\373\330&\3746""; ","proposeSeq: 0; currentTxHash: ""\007\347lg\346B\270\350\352\375\266\371?(\361\364\365I|\375\262>\230(\333\250\331\007\360U\024\027""; nodePubKey: ""\003\343\005\311u\203\370\0338\3174\324\010\006\301\251\177\261\304eOX\262)FA-\022r\263wm\024""; closeTime: 803902476; signature: ""0D\002 d\243\034XJ\363\260a\377\233pv\365\376E\302N\315\024\nt\356o\376\305?\2076\t\014""\203\002 *.\233\326B\315\330\244!\250g\214\371|\356`\t:\325\344E\260\260U\211\002\257\212\223C\252\034""; previousledger: ""\311\347s\234ae\204\263\365U\334\372D\354\345\276\201f\035\271%#\375\245\314.""\373\330&\3746""; "
1750587277523,1750587277523,3792,1,0,1,TMLedgerData,"ledgerHash: ""\r!N\267\203~\313a\272~\344A\332\034\332r\\301\240a\307\341\261(c(\021\265B\030@(""; ledgerSeq: 0; type: liTS_CANDIDATE; nodes {;   nodedata: ""\247\272\246\2214\014W1\360z\262\252=\343\207'\275\266;\016\021\306\330\030\225\023\357\272\353\200x\221\n\003"";   nodeid: ""\000\000\000\000\000\000\000\000\000\000\000\000\000\000\000\000\000\000\000\000\000\000\000\000\000\000\000\000\000\000\000\000\000""; }; ","ledgerHash: ""\r!N\267\203~\313a\272~\344A\332\034\332r\\301\240a\307\341\261(c(\021\265B\030@(""; ledgerSeq: 0; type: liTS_CANDIDATE; nodes {;   nodedata: ""\247\272\246\2214\014W1\360z\262\252=\343\207'\275\266;\016\021\306\330\030\225\023\357\272\353\200x\221\n\003"";   nodeid: ""\000\000\000\000\000\000\000\000\000\000\000\000\000\000\000\000\000\000\000\000\000\000\000\000\000\000\000\000\000\000\000\000\000""; }; "
1750587277535,1750587277535,3487,1,0,3,TMLedgerData,"ledgerHash: ""\r!N\267\203~\313a\272~\344A\332\034\332r\\301\240a\307\341\261(c(\021\265B\030@(""; ledgerSeq: 0; type: liTS_CANDIDATE; nodes {;   nodedata: ""\247\272\246\2214\014W1\360z\262\252=\343\207'\275\266;\016\021\306\330\030\225\023\357\272\353\200x\221\n\003"";   nodeid: ""\000\000\000\000\000\000\000\000\000\000\000\000\000\000\000\000\000\000\000\000\000\000\000\000\000\000\000\000\000\000\000\000\000""; }; ","ledgerHash: ""\r!N\267\203~\313a\272~\344A\332\034\332r\\301\240a\307\341\261(c(\021\265B\030@(""; ledgerSeq: 0; type: liTS_CANDIDATE; nodes {;   nodedata: ""\247\272\246\2214\014W1\360z\262\252=\343\207'\275\266;\016\021\306\330\030\225\023\357\272\353\200x\221\n\003"";   nodeid: ""\000\000\000\000\000\000\000\000\000\000\000\000\000\000\000\000\000\000\000\000\000\000\000\000\000\000\000\000\000\000\000\000\000""; }; "
1750587277605,1750587277605,557,1,4,1,TMGetLedger,"itype: liTS_CANDIDATE; ledgerHash: ""\r!N\267\203~\313a\272~\344A\332\034\332r\\301\240a\307\341\261(c(\021\265B\030@(""; nodeIDs: ""\000\000\000\000\000\000\000\000\000\000\000\000\000\000\000\000\000\000\000\000\000\000\000\000\000\000\000\000\000\000\000\000\000""; queryType: qtINDIRECT; queryDepth: 3; ","itype: liTS_CANDIDATE; ledgerHash: ""\r!N\267\203~\313a\272~\344A\332\034\332r\\301\240a\307\341\261(c(\021\265B\030@(""; nodeIDs: ""\000\000\000\000\000\000\000\000\000\000\000\000\000\000\000\000\000\000\000\000\000\000\000\000\000\000\000\000\000\000\000\000\000""; queryType: qtINDIRECT; queryDepth: 3; "
1750587277613,1750587277613,3414,1,0,2,TMGetLedger,"itype: liTS_CANDIDATE; ledgerHash: ""\007\347lg\346B\270\350\352\375\266\371?(\361\364\365I|\375\262>\230(\333\250\331\007\360U\024\027""; nodeIDs: ""\000\000\000\000\000\000\000\000\000\000\000\000\000\000\000\000\000\000\000\000\000\000\000\000\000\000\000\000\000\000\000\000\000""; queryType: qtINDIRECT; queryDepth: 3; ","itype: liTS_CANDIDATE; ledgerHash: ""\007\347lg\346B\270\350\352\375\266\371?(\361\364\365I|\375\262>\230(\333\250\331\007\360U\024\027""; nodeIDs: ""\000\000\000\000\000\000\000\000\000\000\000\000\000\000\000\000\000\000\000\000\000\000\000\000\000\000\000\000\000\000\000\000\000""; queryType: qtINDIRECT; queryDepth: 3; "
1750587277646,1750587277646,2819,1,4,1,TMValidation,"validation: """"\200\000\000\001&\000\000\000\007)/\352\224\013:\211l\014`\252m\212dQ\311\347s\234ae\204\263\365U\334\372D\354\345\276\201f\035\271%#\375\245\314.""\373\330&\3746P\027\000\000\000\000\000\000\000\000\000\000\000\000\000\000\000\000\000\000\000\000\000\000\000\000\000\000\000\000\000\000\000\000P\031\221=\252\002\267\225zg\264\253\271T\346ji\003\235\236Pis\264\375\222|H\344\261g?[gs!\003\325Q\255\224\274R@\312\253\262\347\352\034\346\347\242\215,\312\376=\277\353{\350\225\301\305`^, vG0E\002!\000\365\375c\274J\253\352+\036\374\331\027\360\305+\n]~A#N\033u\206\205\332\337\373\320\322\372\220\002 P\261h\320Em\334\333\372\353\242\233\022\256\214\002pi\237m\261Y\3067\306\352wlp\243\243\262""; ","validation: """"\200\000\000\001&\000\000\000\007)/\352\224\013:\211l\014`\252m\212dQ\311\347s\234ae\204\263\365U\334\372D\354\345\276\201f\035\271%#\375\245\314.""\373\330&\3746P\027\000\000\000\000\000\000\000\000\000\000\000\000\000\000\000\000\000\000\000\000\000\000\000\000\000\000\000\000\000\000\000\000P\031\221=\252\002\267\225zg\264\253\271T\346ji\003\235\236Pis\264\375\222|H\344\261g?[gs!\003\325Q\255\224\274R@\312\253\262\347\352\034\346\347\242\215,\312\376=\277\353{\350\225\301\305`^, vG0E\002!\000\365\375c\274J\253\352+\036\374\331\027\360\305+\n]~A#N\033u\206\205\332\337\373\320\322\372\220\002 P\261h\320Em\334\333\372\353\242\233\022\256\214\002pi\237m\261Y\3067\306\352wlp\243\243\262""; "
1750587277647,1750587277647,1357,1,4,3,TMValidation,"validation: """"\200\000\000\001&\000\000\000\007)/\352\224\013:\211l\014`\252m\212dQ\311\347s\234ae\204\263\365U\334\372D\354\345\276\201f\035\271%#\375\245\314.""\373\330&\3746P\027\000\000\000\000\000\000\000\000\000\000\000\000\000\000\000\000\000\000\000\000\000\000\000\000\000\000\000\000\000\000\000\000P\031\221=\252\002\267\225zg\264\253\271T\346ji\003\235\236Pis\264\375\222|H\344\261g?[gs!\003\325Q\255\224\274R@\312\253\262\347\352\034\346\347\242\215,\312\376=\277\353{\350\225\301\305`^, vG0E\002!\000\365\375c\274J\253\352+\036\374\331\027\360\305+\n]~A#N\033u\206\205\332\337\373\320\322\372\220\002 P\261h\320Em\334\333\372\353\242\233\022\256\214\002pi\237m\261Y\3067\306\352wlp\243\243\262""; ","validation: """"\200\000\000\001&\000\000\000\007)/\352\224\013:\211l\014`\252m\212dQ\311\347s\234ae\204\263\365U\334\372D\354\345\276\201f\035\271%#\375\245\314.""\373\330&\3746P\027\000\000\000\000\000\000\000\000\000\000\000\000\000\000\000\000\000\000\000\000\000\000\000\000\000\000\000\000\000\000\000\000P\031\221=\252\002\267\225zg\264\253\271T\346ji\003\235\236Pis\264\375\222|H\344\261g?[gs!\003\325Q\255\224\274R@\312\253\262\347\352\034\346\347\242\215,\312\376=\277\353{\350\225\301\305`^, vG0E\002!\000\365\375c\274J\253\352+\036\374\331\027\360\305+\n]~A#N\033u\206\205\332\337\373\320\322\372\220\002 P\261h\320Em\334\333\372\353\242\233\022\256\214\002pi\237m\261Y\3067\306\352wlp\243\243\262""; "
1750587277647,1750587277647,3559,1,4,0,TMValidation,"validation: """"\200\000\000\001&\000\000\000\007)/\352\224\013:\211l\014`\252m\212dQ\311\347s\234ae\204\263\365U\334\372D\354\345\276\201f\035\271%#\375\245\314.""\373\330&\3746P\027\000\000\000\000\000\000\000\000\000\000\000\000\000\000\000\000\000\000\000\000\000\000\000\000\000\000\000\000\000\000\000\000P\031\221=\252\002\267\225zg\264\253\271T\346ji\003\235\236Pis\264\375\222|H\344\261g?[gs!\003\325Q\255\224\274R@\312\253\262\347\352\034\346\347\242\215,\312\376=\277\353{\350\225\301\305`^, vG0E\002!\000\365\375c\274J\253\352+\036\374\331\027\360\305+\n]~A#N\033u\206\205\332\337\373\320\322\372\220\002 P\261h\320Em\334\333\372\353\242\233\022\256\214\002pi\237m\261Y\3067\306\352wlp\243\243\262""; ","validation: """"\200\000\000\001&\000\000\000\007)/\352\224\013:\211l\014`\252m\212dQ\311\347s\234ae\204\263\365U\334\372D\354\345\276\201f\035\271%#\375\245\314.""\373\330&\3746P\027\000\000\000\000\000\000\000\000\000\000\000\000\000\000\000\000\000\000\000\000\000\000\000\000\000\000\000\000\000\000\000\000P\031\221=\252\002\267\225zg\264\253\271T\346ji\003\235\236Pis\264\375\222|H\344\261g?[gs!\003\325Q\255\224\274R@\312\253\262\347\352\034\346\347\242\215,\312\376=\277\353{\350\225\301\305`^, vG0E\002!\000\365\375c\274J\253\352+\036\374\331\027\360\305+\n]~A#N\033u\206\205\332\337\373\320\322\372\220\002 P\261h\320Em\334\333\372\353\242\233\022\256\214\002pi\237m\261Y\3067\306\352wlp\243\243\262""; "
1750587277666,1750587277666,3767,1,3,0,TMValidation,"validation: """"\200\000\000\001&\000\000\000\007)/\352\224\013:Q\231\304\227'3\313\030Q\311\347s\234ae\204\263\365U\334\372D\354\345\276\201f\035\271%#\375\245\314.""\373\330&\3746P\027\000\000\000\000\000\000\000\000\000\000\000\000\000\000\000\000\000\000\000\000\000\000\000\000\000\000\000\000\000\000\000\000P\031\221=\252\002\267\225zg\264\253\271T\346ji\003\235\236Pis\264\375\222|H\344\261g?[gs!\003ql\302)\235\321\t\213\224\356\374%%\311\327\037\374\304\t\335\2359\344\233\035]\347<u\236\364\222vG0E\002!\000\2045\005\264\357\204\262\331eh'I\210\356\372\023a\266j\300""jS_\350\221\307\367\262\334h\002\002 ""\330\206\245\\354\026\341At\305n\373\215\351:\213cO\034\007:a\177\023IY(`\350\305\245""; ","validation: """"\200\000\000\001&\000\000\000\007)/\352\224\013:Q\231\304\227'3\313\030Q\311\347s\234ae\204\263\365U\334\372D\354\345\276\201f\035\271%#\375\245\314.""\373\330&\3746P\027\000\000\000\000\000\000\000\000\000\000\000\000\000\000\000\000\000\000\000\000\000\000\000\000\000\000\000\000\000\000\000\000P\031\221=\252\002\267\225zg\264\253\271T\346ji\003\235\236Pis\264\375\222|H\344\261g?[gs!\003ql\302)\235\321\t\213\224\356\374%%\311\327\037\374\304\t\335\2359\344\233\035]\347<u\236\364\222vG0E\002!\000\2045\005\264\357\204\262\331eh'I\210\356\372\023a\266j\300""jS_\350\221\307\367\262\334h\002\002 ""\330\206\245\\354\026\341At\305n\373\215\351:\213cO\034\007:a\177\023IY(`\350\305\245""; "
1750587277666,1750587277667,734,1,3,2,TMValidation,"validation: """"\200\000\000\001&\000\000\000\007)/\352\224\013:Q\231\304\227'3\313\030Q\311\347s\234ae\204\263\365U\334\372D\354\345\276\201f\035\271%#\375\245\314.""\373\330&\3746P\027\000\000\000\000\000\000\000\000\000\000\000\000\000\000\000\000\000\000\000\000\000\000\000\000\000\000\000\000\000\000\000\000P\031\221=\252\002\267\225zg\264\253\271T\346ji\003\235\236Pis\264\375\222|H\344\261g?[gs!\003ql\302)\235\321\t\213\224\356\374%%\311\327\037\374\304\t\335\2359\344\233\035]\347<u\236\364\222vG0E\002!\000\2045\005\264\357\204\262\331eh'I\210\356\372\023a\266j\300""jS_\350\221\307\367\262\334h\002\002 ""\330\206\245\\354\026\341At\305n\373\215\351:\213cO\034\007:a\177\023IY(`\350\305\245""; ","validation: """"\200\000\000\001&\000\000\000\007)/\352\224\013:Q\231\304\227'3\313\030Q\311\347s\234ae\204\263\365U\334\372D\354\345\276\201f\035\271%#\375\245\314.""\373\330&\3746P\027\000\000\000\000\000\000\000\000\000\000\000\000\000\000\000\000\000\000\000\000\000\000\000\000\000\000\000\000\000\000\000\000P\031\221=\252\002\267\225zg\264\253\271T\346ji\003\235\236Pis\264\375\222|H\344\261g?[gs!\003ql\302)\235\321\t\213\224\356\374%%\311\327\037\374\304\t\335\2359\344\233\035]\347<u\236\364\222vG0E\002!\000\2045\005\264\357\204\262\331eh'I\210\356\372\023a\266j\300""jS_\350\221\307\367\262\334h\002\002 ""\330\206\245\\354\026\341At\305n\373\215\351:\213cO\034\007:a\177\023IY(`\350\305\245""; "
1750587277667,1750587277667,3501,1,3,4,TMValidation,"validation: """"\200\000\000\001&\000\000\000\007)/\352\224\013:Q\231\304\227'3\313\030Q\311\347s\234ae\204\263\365U\334\372D\354\345\276\201f\035\271%#\375\245\314.""\373\330&\3746P\027\000\000\000\000\000\000\000\000\000\000\000\000\000\000\000\000\000\000\000\000\000\000\000\000\000\000\000\000\000\000\000\000P\031\221=\252\002\267\225zg\264\253\271T\346ji\003\235\236Pis\264\375\222|H\344\261g?[gs!\003ql\302)\235\321\t\213\224\356\374%%\311\327\037\374\304\t\335\2359\344\233\035]\347<u\236\364\222vG0E\002!\000\2045\005\264\357\204\262\331eh'I\210\356\372\023a\266j\300""jS_\350\221\307\367\262\334h\002\002 ""\330\206\245\\354\026\341At\305n\373\215\351:\213cO\034\007:a\177\023IY(`\350\305\245""; ","validation: """"\200\000\000\001&\000\000\000\007)/\352\224\013:Q\231\304\227'3\313\030Q\311\347s\234ae\204\263\365U\334\372D\354\345\276\201f\035\271%#\375\245\314.""\373\330&\3746P\027\000\000\000\000\000\000\000\000\000\000\000\000\000\000\000\000\000\000\000\000\000\000\000\000\000\000\000\000\000\000\000\000P\031\221=\252\002\267\225zg\264\253\271T\346ji\003\235\236Pis\264\375\222|H\344\261g?[gs!\003ql\302)\235\321\t\213\224\356\374%%\311\327\037\374\304\t\335\2359\344\233\035]\347<u\236\364\222vG0E\002!\000\2045\005\264\357\204\262\331eh'I\210\356\372\023a\266j\300""jS_\350\221\307\367\262\334h\002\002 ""\330\206\245\\354\026\341At\305n\373\215\351:\213cO\034\007:a\177\023IY(`\350\305\245""; "
1750587277684,1750587277685,486,1,4,0,TMLedgerData,"ledgerHash: ""u\315\243\367\211\2625\240r:n\277\003\026\366\353'\216jy9\\001\220\223~\341j\254O\025\257""; ledgerSeq: 0; type: liTS_CANDIDATE; nodes {;   nodedata: ""\022\000\000""\000\000\000\000$\000\000\000\001 \033\000\000\000\027a@\000\000\027H\206*@h@\000\000\000\000\000\000\ns!\0030\347\374\235V\273%\326\211;\243\363\027\256[\3173\263)\033\326=\263&T\243\023""/\177\320 tF0D\002 0\023\341\332; \2711\245\020\321\3300\345\267-)\230\177\246\236AQ\327\203\207H\226+\000%\336\002 \024\036\211\237\201t\376\272E\270\230\020\334\014\356g\273\025((\376\266\216@ \254^2T\233\013\034\201\024\265\367by\212S\325C\240\024\312\370\262\227\317\370\362\3717\350\203\024E0\246\210\344\325\345r\024T\251\006P\255\352\333\372\351\337\302\000"";   nodeid: ""\240\000\000\000\000\000\000\000\000\000\000\000\000\000\000\000\000\000\000\000\000\000\000\000\000\000\000\000\000\000\000\000\001""; }; ","ledgerHash: ""u\315\243\367\211\2625\240r:n\277\003\026\366\353'\216jy9\\001\220\223~\341j\254O\025\257""; ledgerSeq: 0; type: liTS_CANDIDATE; nodes {;   nodedata: ""\022\000\000""\000\000\000\000$\000\000\000\001 \033\000\000\000\027a@\000\000\027H\206*@h@\000\000\000\000\000\000\ns!\0030\347\374\235V\273%\326\211;\243\363\027\256[\3173\263)\033\326=\263&T\243\023""/\177\320 tF0D\002 0\023\341\332; \2711\245\020\321\3300\345\267-)\230\177\246\236AQ\327\203\207H\226+\000%\336\002 \024\036\211\237\201t\376\272E\270\230\020\334\014\356g\273\025((\376\266\216@ \254^2T\233\013\034\201\024\265\367by\212S\325C\240\024\312\370\262\227\317\370\362\3717\350\203\024E0\246\210\344\325\345r\024T\251\006P\255\352\333\372\351\337\302\000"";   nodeid: ""\240\000\000\000\000\000\000\000\000\000\000\000\000\000\000\000\000\000\000\000\000\000\000\000\000\000\000\000\000\000\000\000\001""; }; "
1750587277697,1750587277697,674,1,1,2,TMGetLedger,"itype: liTS_CANDIDATE; ledgerHash: ""\r!N\267\203~\313a\272~\344A\332\034\332r\\301\240a\307\341\261(c(\021\265B\030@(""; nodeIDs: ""\000\000\000\000\000\000\000\000\000\000\000\000\000\000\000\000\000\000\000\000\000\000\000\000\000\000\000\000\000\000\000\000\000""; queryType: qtINDIRECT; queryDepth: 3; ","itype: liTS_CANDIDATE; ledgerHash: ""\r!N\267\203~\313a\272~\344A\332\034\332r\\301\240a\307\341\261(c(\021\265B\030@(""; nodeIDs: ""\000\000\000\000\000\000\000\000\000\000\000\000\000\000\000\000\000\000\000\000\000\000\000\000\000\000\000\000\000\000\000\000\000""; queryType: qtINDIRECT; queryDepth: 3; "
1750587277697,1750587277697,572,1,1,0,TMGetLedger,"itype: liTS_CANDIDATE; ledgerHash: ""\r!N\267\203~\313a\272~\344A\332\034\332r\\301\240a\307\341\261(c(\021\265B\030@(""; nodeIDs: ""\000\000\000\000\000\000\000\000\000\000\000\000\000\000\000\000\000\000\000\000\000\000\000\000\000\000\000\000\000\000\000\000\000""; queryType: qtINDIRECT; queryDepth: 3; ","itype: liTS_CANDIDATE; ledgerHash: ""\r!N\267\203~\313a\272~\344A\332\034\332r\\301\240a\307\341\261(c(\021\265B\030@(""; nodeIDs: ""\000\000\000\000\000\000\000\000\000\000\000\000\000\000\000\000\000\000\000\000\000\000\000\000\000\000\000\000\000\000\000\000\000""; queryType: qtINDIRECT; queryDepth: 3; "
1750587277698,1750587277698,2860,1,1,4,TMGetLedger,"itype: liTS_CANDIDATE; ledgerHash: ""\r!N\267\203~\313a\272~\344A\332\034\332r\\301\240a\307\341\261(c(\021\265B\030@(""; nodeIDs: ""\000\000\000\000\000\000\000\000\000\000\000\000\000\000\000\000\000\000\000\000\000\000\000\000\000\000\000\000\000\000\000\000\000""; queryType: qtINDIRECT; queryDepth: 3; ","itype: liTS_CANDIDATE; ledgerHash: ""\r!N\267\203~\313a\272~\344A\332\034\332r\\301\240a\307\341\261(c(\021\265B\030@(""; nodeIDs: ""\000\000\000\000\000\000\000\000\000\000\000\000\000\000\000\000\000\000\000\000\000\000\000\000\000\000\000\000\000\000\000\000\000""; queryType: qtINDIRECT; queryDepth: 3; "
1750587277698,1750587277698,3553,1,1,3,TMGetLedger,"itype: liTS_CANDIDATE; ledgerHash: ""\r!N\267\203~\313a\272~\344A\332\034\332r\\301\240a\307\341\261(c(\021\265B\030@(""; nodeIDs: ""\000\000\000\000\000\000\000\000\000\000\000\000\000\000\000\000\000\000\000\000\000\000\000\000\000\000\000\000\000\000\000\000\000""; queryType: qtINDIRECT; queryDepth: 3; ","itype: liTS_CANDIDATE; ledgerHash: ""\r!N\267\203~\313a\272~\344A\332\034\332r\\301\240a\307\341\261(c(\021\265B\030@(""; nodeIDs: ""\000\000\000\000\000\000\000\000\000\000\000\000\000\000\000\000\000\000\000\000\000\000\000\000\000\000\000\000\000\000\000\000\000""; queryType: qtINDIRECT; queryDepth: 3; "
1750587277702,1750587277702,1289,1,1,3,TMValidation,"validation: """"\200\000\000\001&\000\000\000\007)/\352\224\013:\211l\014`\252m\212dQ\311\347s\234ae\204\263\365U\334\372D\354\345\276\201f\035\271%#\375\245\314.""\373\330&\3746P\027\000\000\000\000\000\000\000\000\000\000\000\000\000\000\000\000\000\000\000\000\000\000\000\000\000\000\000\000\000\000\000\000P\031\221=\252\002\267\225zg\264\253\271T\346ji\003\235\236Pis\264\375\222|H\344\261g?[gs!\003\325Q\255\224\274R@\312\253\262\347\352\034\346\347\242\215,\312\376=\277\353{\350\225\301\305`^, vG0E\002!\000\365\375c\274J\253\352+\036\374\331\027\360\305+\n]~A#N\033u\206\205\332\337\373\320\322\372\220\002 P\261h\320Em\334\333\372\353\242\233\022\256\214\002pi\237m\261Y\3067\306\352wlp\243\243\262""; ","validation: """"\200\000\000\001&\000\000\000\007)/\352\224\013:\211l\014`\252m\212dQ\311\347s\234ae\204\263\365U\334\372D\354\345\276\201f\035\271%#\375\245\314.""\373\330&\3746P\027\000\000\000\000\000\000\000\000\000\000\000\000\000\000\000\000\000\000\000\000\000\000\000\000\000\000\000\000\000\000\000\000P\031\221=\252\002\267\225zg\264\253\271T\346ji\003\235\236Pis\264\375\222|H\344\261g?[gs!\003\325Q\255\224\274R@\312\253\262\347\352\034\346\347\242\215,\312\376=\277\353{\350\225\301\305`^, vG0E\002!\000\365\375c\274J\253\352+\036\374\331\027\360\305+\n]~A#N\033u\206\205\332\337\373\320\322\372\220\002 P\261h\320Em\334\333\372\353\242\233\022\256\214\002pi\237m\261Y\3067\306\352wlp\243\243\262""; "
1750587277738,1750587277738,1939,1,1,4,TMValidation,"validation: """"\200\000\000\001&\000\000\000\007)/\352\224\013:\211l\014`\252m\212dQ\311\347s\234ae\204\263\365U\334\372D\354\345\276\201f\035\271%#\375\245\314.""\373\330&\3746P\027\000\000\000\000\000\000\000\000\000\000\000\000\000\000\000\000\000\000\000\000\000\000\000\000\000\000\000\000\000\000\000\000P\031\221=\252\002\267\225zg\264\253\271T\346ji\003\235\236Pis\264\375\222|H\344\261g?[gs!\003\325Q\255\224\274R@\312\253\262\347\352\034\346\347\242\215,\312\376=\277\353{\350\225\301\305`^, vG0E\002!\000\365\375c\274J\253\352+\036\374\331\027\360\305+\n]~A#N\033u\206\205\332\337\373\320\322\372\220\002 P\261h\320Em\334\333\372\353\242\233\022\256\214\002pi\237m\261Y\3067\306\352wlp\243\243\262""; ","validation: """"\200\000\000\001&\000\000\000\007)/\352\224\013:\211l\014`\252m\212dQ\311\347s\234ae\204\263\365U\334\372D\354\345\276\201f\035\271%#\375\245\314.""\373\330&\3746P\027\000\000\000\000\000\000\000\000\000\000\000\000\000\000\000\000\000\000\000\000\000\000\000\000\000\000\000\000\000\000\000\000P\031\221=\252\002\267\225zg\264\253\271T\346ji\003\235\236Pis\264\375\222|H\344\261g?[gs!\003\325Q\255\224\274R@\312\253\262\347\352\034\346\347\242\215,\312\376=\277\353{\350\225\301\305`^, vG0E\002!\000\365\375c\274J\253\352+\036\374\331\027\360\305+\n]~A#N\033u\206\205\332\337\373\320\322\372\220\002 P\261h\320Em\334\333\372\353\242\233\022\256\214\002pi\237m\261Y\3067\306\352wlp\243\243\262""; "
1750587277738,1750587277738,3090,1,1,0,TMValidation,"validation: """"\200\000\000\001&\000\000\000\007)/\352\224\013:\211l\014`\252m\212dQ\311\347s\234ae\204\263\365U\334\372D\354\345\276\201f\035\271%#\375\245\314.""\373\330&\3746P\027\000\000\000\000\000\000\000\000\000\000\000\000\000\000\000\000\000\000\000\000\000\000\000\000\000\000\000\000\000\000\000\000P\031\221=\252\002\267\225zg\264\253\271T\346ji\003\235\236Pis\264\375\222|H\344\261g?[gs!\003\325Q\255\224\274R@\312\253\262\347\352\034\346\347\242\215,\312\376=\277\353{\350\225\301\305`^, vG0E\002!\000\365\375c\274J\253\352+\036\374\331\027\360\305+\n]~A#N\033u\206\205\332\337\373\320\322\372\220\002 P\261h\320Em\334\333\372\353\242\233\022\256\214\002pi\237m\261Y\3067\306\352wlp\243\243\262""; ","validation: """"\200\000\000\001&\000\000\000\007)/\352\224\013:\211l\014`\252m\212dQ\311\347s\234ae\204\263\365U\334\372D\354\345\276\201f\035\271%#\375\245\314.""\373\330&\3746P\027\000\000\000\000\000\000\000\000\000\000\000\000\000\000\000\000\000\000\000\000\000\000\000\000\000\000\000\000\000\000\000\000P\031\221=\252\002\267\225zg\264\253\271T\346ji\003\235\236Pis\264\375\222|H\344\261g?[gs!\003\325Q\255\224\274R@\312\253\262\347\352\034\346\347\242\215,\312\376=\277\353{\350\225\301\305`^, vG0E\002!\000\365\375c\274J\253\352+\036\374\331\027\360\305+\n]~A#N\033u\206\205\332\337\373\320\322\372\220\002 P\261h\320Em\334\333\372\353\242\233\022\256\214\002pi\237m\261Y\3067\306\352wlp\243\243\262""; "
1750587277754,1750587277754,3410,1,4,3,TMStatusChange,"newEvent: neACCEPTED_LEDGER; ledgerSeq: 8; ledgerHash: ""\354@[\274\202\021\202\373Vi\243\n\325\250\005e\360""m\346'\311@\343\016$L\346\334\360<w""; ledgerHashPrevious: ""\311\347s\234ae\204\263\365U\334\372D\354\345\276\201f\035\271%#\375\245\314.""\373\330&\3746""; networkTime: 803902477; firstSeq: 1; lastSeq: 7; ","newEvent: neACCEPTED_LEDGER; ledgerSeq: 8; ledgerHash: ""\354@[\274\202\021\202\373Vi\243\n\325\250\005e\360""m\346'\311@\343\016$L\346\334\360<w""; ledgerHashPrevious: ""\311\347s\234ae\204\263\365U\334\372D\354\345\276\201f\035\271%#\375\245\314.""\373\330&\3746""; networkTime: 803902477; firstSeq: 1; lastSeq: 7; "
1750587277754,1750587277754,1021,1,4,2,TMStatusChange,"newEvent: neACCEPTED_LEDGER; ledgerSeq: 8; ledgerHash: ""\354@[\274\202\021\202\373Vi\243\n\325\250\005e\360""m\346'\311@\343\016$L\346\334\360<w""; ledgerHashPrevious: ""\311\347s\234ae\204\263\365U\334\372D\354\345\276\201f\035\271%#\375\245\314.""\373\330&\3746""; networkTime: 803902477; firstSeq: 1; lastSeq: 7; ","newEvent: neACCEPTED_LEDGER; ledgerSeq: 8; ledgerHash: ""\354@[\274\202\021\202\373Vi\243\n\325\250\005e\360""m\346'\311@\343\016$L\346\334\360<w""; ledgerHashPrevious: ""\311\347s\234ae\204\263\365U\334\372D\354\345\276\201f\035\271%#\375\245\314.""\373\330&\3746""; networkTime: 803902477; firstSeq: 1; lastSeq: 7; "
1750587277754,1750587277754,443,1,4,2,TMValidation,"validation: """"\200\000\000\001&\000\000\000\010)/\352\224\r:v|\203\267)\257\206\032Q\354@[\274\202\021\202\373Vi\243\n\325\250\005e\360""m\346'\311@\343\016$L\346\334\360<wP\027\000\000\000\000\000\000\000\000\000\000\000\000\000\000\000\000\000\000\000\000\000\000\000\000\000\000\000\000\000\000\000\000P\031\311\347s\234ae\204\263\365U\334\372D\354\345\276\201f\035\271%#\375\245\314.""\373\330&\3746s!\003.\200\224\215?)t\306\315\242\313\251\255\302\204=\232.\271%}\013\024s\024\002@\216l""\241FvG0E\002!\000\360F\364\337\\317\206\205\336\315\252\200\ry\265\314\254+\265\242.\235n\334A:D\177\270_\r*\002 *\267\205]\332\317hs? \273/\364\023M+\365'_\324\322v\240\226)\315\322\373\301]\211C""; ","validation: """"\200\000\000\001&\000\000\000\010)/\352\224\r:v|\203\267)\257\206\032Q\354@[\274\202\021\202\373Vi\243\n\325\250\005e\360""m\346'\311@\343\016$L\346\334\360<wP\027\000\000\000\000\000\000\000\000\000\000\000\000\000\000\000\000\000\000\000\000\000\000\000\000\000\000\000\000\000\000\000\000P\031\311\347s\234ae\204\263\365U\334\372D\354\345\276\201f\035\271%#\375\245\314.""\373\330&\3746s!\003.\200\224\215?)t\306\315\242\313\251\255\302\204=\232.\271%}\013\024s\024\002@\216l""\241FvG0E\002!\000\360F\364\337\\317\206\205\336\315\252\200\ry\265\314\254+\265\242.\235n\334A:D\177\270_\r*\002 *\267\205]\332\317hs? \273/\364\023M+\365'_\324\322v\240\226)\315\322\373\301]\211C""; "
1750587277756,1750587277756,1760,1,4,1,TMStatusChange,"newEvent: neACCEPTED_LEDGER; ledgerSeq: 8; ledgerHash: ""\354@[\274\202\021\202\373Vi\243\n\325\250\005e\360""m\346'\311@\343\016$L\346\334\360<w""; ledgerHashPrevious: ""\311\347s\234ae\204\263\365U\334\372D\354\345\276\201f\035\271%#\375\245\314.""\373\330&\3746""; networkTime: 803902477; firstSeq: 1; lastSeq: 7; ","newEvent: neACCEPTED_LEDGER; ledgerSeq: 8; ledgerHash: ""\354@[\274\202\021\202\373Vi\243\n\325\250\005e\360""m\346'\311@\343\016$L\346\334\360<w""; ledgerHashPrevious: ""\311\347s\234ae\204\263\365U\334\372D\354\345\276\201f\035\271%#\375\245\314.""\373\330&\3746""; networkTime: 803902477; firstSeq: 1; lastSeq: 7; "
1750587277756,1750587277756,1548,1,4,0,TMStatusChange,"newEvent: neACCEPTED_LEDGER; ledgerSeq: 8; ledgerHash: ""\354@[\274\202\021\202\373Vi\243\n\325\250\005e\360""m\346'\311@\343\016$L\346\334\360<w""; ledgerHashPrevious: ""\311\347s\234ae\204\263\365U\334\372D\354\345\276\201f\035\271%#\375\245\314.""\373\330&\3746""; networkTime: 803902477; firstSeq: 1; lastSeq: 7; ","newEvent: neACCEPTED_LEDGER; ledgerSeq: 8; ledgerHash: ""\354@[\274\202\021\202\373Vi\243\n\325\250\005e\360""m\346'\311@\343\016$L\346\334\360<w""; ledgerHashPrevious: ""\311\347s\234ae\204\263\365U\334\372D\354\345\276\201f\035\271%#\375\245\314.""\373\330&\3746""; networkTime: 803902477; firstSeq: 1; lastSeq: 7; "
1750587277756,1750587277756,2819,1,4,1,TMValidation,"validation: """"\200\000\000\001&\000\000\000\010)/\352\224\r:v|\203\267)\257\206\032Q\354@[\274\202\021\202\373Vi\243\n\325\250\005e\360""m\346'\311@\343\016$L\346\334\360<wP\027\000\000\000\000\000\000\000\000\000\000\000\000\000\000\000\000\000\000\000\000\000\000\000\000\000\000\000\000\000\000\000\000P\031\311\347s\234ae\204\263\365U\334\372D\354\345\276\201f\035\271%#\375\245\314.""\373\330&\3746s!\003.\200\224\215?)t\306\315\242\313\251\255\302\204=\232.\271%}\013\024s\024\002@\216l""\241FvG0E\002!\000\360F\364\337\\317\206\205\336\315\252\200\ry\265\314\254+\265\242.\235n\334A:D\177\270_\r*\002 *\267\205]\332\317hs? \273/\364\023M+\365'_\324\322v\240\226)\315\322\373\301]\211C""; ","validation: """"\200\000\000\001&\000\000\000\010)/\352\224\r:v|\203\267)\257\206\032Q\354@[\274\202\021\202\373Vi\243\n\325\250\005e\360""m\346'\311@\343\016$L\346\334\360<wP\027\000\000\000\000\000\000\000\000\000\000\000\000\000\000\000\000\000\000\000\000\000\000\000\000\000\000\000\000\000\000\000\000P\031\311\347s\234ae\204\263\365U\334\372D\354\345\276\201f\035\271%#\375\245\314.""\373\330&\3746s!\003.\200\224\215?)t\306\315\242\313\251\255\302\204=\232.\271%}\013\024s\024\002@\216l""\241FvG0E\002!\000\360F\364\337\\317\206\205\336\315\252\200\ry\265\314\254+\265\242.\235n\334A:D\177\270_\r*\002 *\267\205]\332\317hs? \273/\364\023M+\365'_\324\322v\240\226)\315\322\373\301]\211C""; "
1750587277755,1750587277755,3559,1,4,0,TMValidation,"validation: """"\200\000\000\001&\000\000\000\010)/\352\224\r:v|\203\267)\257\206\032Q\354@[\274\202\021\202\373Vi\243\n\325\250\005e\360""m\346'\311@\343\016$L\346\334\360<wP\027\000\000\000\000\000\000\000\000\000\000\000\000\000\000\000\000\000\000\000\000\000\000\000\000\000\000\000\000\000\000\000\000P\031\311\347s\234ae\204\263\365U\334\372D\354\345\276\201f\035\271%#\375\245\314.""\373\330&\3746s!\003.\200\224\215?)t\306\315\242\313\251\255\302\204=\232.\271%}\013\024s\024\002@\216l""\241FvG0E\002!\000\360F\364\337\\317\206\205\336\315\252\200\ry\265\314\254+\265\242.\235n\334A:D\177\270_\r*\002 *\267\205]\332\317hs? \273/\364\023M+\365'_\324\322v\240\226)\315\322\373\301]\211C""; ","validation: """"\200\000\000\001&\000\000\000\010)/\352\224\r:v|\203\267)\257\206\032Q\354@[\274\202\021\202\373Vi\243\n\325\250\005e\360""m\346'\311@\343\016$L\346\334\360<wP\027\000\000\000\000\000\000\000\000\000\000\000\000\000\000\000\000\000\000\000\000\000\000\000\000\000\000\000\000\000\000\000\000P\031\311\347s\234ae\204\263\365U\334\372D\354\345\276\201f\035\271%#\375\245\314.""\373\330&\3746s!\003.\200\224\215?)t\306\315\242\313\251\255\302\204=\232.\271%}\013\024s\024\002@\216l""\241FvG0E\002!\000\360F\364\337\\317\206\205\336\315\252\200\ry\265\314\254+\265\242.\235n\334A:D\177\270_\r*\002 *\267\205]\332\317hs? \273/\364\023M+\365'_\324\322v\240\226)\315\322\373\301]\211C""; "
1750587277758,1750587277758,2655,1,1,0,TMLedgerData,"ledgerHash: ""\007\347lg\346B\270\350\352\375\266\371?(\361\364\365I|\375\262>\230(\333\250\331\007\360U\024\027""; ledgerSeq: 0; type: liTS_CANDIDATE; nodes {;   nodedata: ""\003S\n\235\2624\346\340\377asq\337\223T\316nL\232)C!\360\245\205[L\224\\351\351\000\003"";   nodeid: ""\000\000\000\000\000\000\000\000\000\000\000\000\000\000\000\000\000\000\000\000\000\000\000\000\000\000\000\000\000\000\000\000\000""; }; ","ledgerHash: ""\007\347lg\346B\270\350\352\375\266\371?(\361\364\365I|\375\262>\230(\333\250\331\007\360U\024\027""; ledgerSeq: 0; type: liTS_CANDIDATE; nodes {;   nodedata: ""\003S\n\235\2624\346\340\377asq\337\223T\316nL\232)C!\360\245\205[L\224\\351\351\000\003"";   nodeid: ""\000\000\000\000\000\000\000\000\000\000\000\000\000\000\000\000\000\000\000\000\000\000\000\000\000\000\000\000\000\000\000\000\000""; }; "
1750587277770,1750587277770,3792,1,0,1,TMLedgerData,"ledgerHash: ""\r!N\267\203~\313a\272~\344A\332\034\332r\\301\240a\307\341\261(c(\021\265B\030@(""; ledgerSeq: 0; type: liTS_CANDIDATE; nodes {;   nodedata: ""\247\272\246\2214\014W1\360z\262\252=\343\207'\275\266;\016\021\306\330\030\225\023\357\272\353\200x\221\n\003"";   nodeid: ""\000\000\000\000\000\000\000\000\000\000\000\000\000\000\000\000\000\000\000\000\000\000\000\000\000\000\000\000\000\000\000\000\000""; }; ","ledgerHash: ""\r!N\267\203~\313a\272~\344A\332\034\332r\\301\240a\307\341\261(c(\021\265B\030@(""; ledgerSeq: 0; type: liTS_CANDIDATE; nodes {;   nodedata: ""\247\272\246\2214\014W1\360z\262\252=\343\207'\275\266;\016\021\306\330\030\225\023\357\272\353\200x\221\n\003"";   nodeid: ""\000\000\000\000\000\000\000\000\000\000\000\000\000\000\000\000\000\000\000\000\000\000\000\000\000\000\000\000\000\000\000\000\000""; }; "
1750587277770,1750587277770,3118,1,3,4,TMGetLedger,"itype: liTS_CANDIDATE; ledgerHash: ""\007\347lg\346B\270\350\352\375\266\371?(\361\364\365I|\375\262>\230(\333\250\331\007\360U\024\027""; nodeIDs: ""\000\000\000\000\000\000\000\000\000\000\000\000\000\000\000\000\000\000\000\000\000\000\000\000\000\000\000\000\000\000\000\000\000""; queryType: qtINDIRECT; queryDepth: 3; ","itype: liTS_CANDIDATE; ledgerHash: ""\007\347lg\346B\270\350\352\375\266\371?(\361\364\365I|\375\262>\230(\333\250\331\007\360U\024\027""; nodeIDs: ""\000\000\000\000\000\000\000\000\000\000\000\000\000\000\000\000\000\000\000\000\000\000\000\000\000\000\000\000\000\000\000\000\000""; queryType: qtINDIRECT; queryDepth: 3; "
1750587277785,1750587277785,3487,1,0,3,TMLedgerData,"ledgerHash: ""\r!N\267\203~\313a\272~\344A\332\034\332r\\301\240a\307\341\261(c(\021\265B\030@(""; ledgerSeq: 0; type: liTS_CANDIDATE; nodes {;   nodedata: ""\247\272\246\2214\014W1\360z\262\252=\343\207'\275\266;\016\021\306\330\030\225\023\357\272\353\200x\221\n\003"";   nodeid: ""\000\000\000\000\000\000\000\000\000\000\000\000\000\000\000\000\000\000\000\000\000\000\000\000\000\000\000\000\000\000\000\000\000""; }; ","ledgerHash: ""\r!N\267\203~\313a\272~\344A\332\034\332r\\301\240a\307\341\261(c(\021\265B\030@(""; ledgerSeq: 0; type: liTS_CANDIDATE; nodes {;   nodedata: ""\247\272\246\2214\014W1\360z\262\252=\343\207'\275\266;\016\021\306\330\030\225\023\357\272\353\200x\221\n\003"";   nodeid: ""\000\000\000\000\000\000\000\000\000\000\000\000\000\000\000\000\000\000\000\000\000\000\000\000\000\000\000\000\000\000\000\000\000""; }; "
1750587277785,1750587277786,734,1,3,2,TMValidation,"validation: """"\200\000\000\001&\000\000\000\007)/\352\224\r:I\203w\200\211\SGQ\311\347s\234ae\204\263\365U\334\372D\354\345\276\201f\035\271%#\375\245\314.""\373\330&\3746P\027\000\000\000\000\000\000\000\000\000\000\000\000\000\000\000\000\000\000\000\000\000\000\000\000\000\000\000\000\000\000\000\000P\031\221=\252\002\267\225zg\264\253\271T\346ji\003\235\236Pis\264\375\222|H\344\261g?[gs!\002\347\243J\206W\025ML\260\226\0163\217\250\337\325W\253\356*O\245Z\271\234\207C\274\375`\335\311vG0E\002!\000\207W\341\026\244\017\005\306\204Q\347-\016B""K2\017\334\312\367\240\243\315\026\226\367\225\346I\212\317\002 JG\341^W""\211\364<\337\244\003\375L\301\251+\r\347\262\364\210N\0039>\007j\216m(p""; ","validation: """"\200\000\000\001&\000\000\000\007)/\352\224\r:I\203w\200\211\SGQ\311\347s\234ae\204\263\365U\334\372D\354\345\276\201f\035\271%#\375\245\314.""\373\330&\3746P\027\000\000\000\000\000\000\000\000\000\000\000\000\000\000\000\000\000\000\000\000\000\000\000\000\000\000\000\000\000\000\000\000P\031\221=\252\002\267\225zg\264\253\271T\346ji\003\235\236Pis\264\375\222|H\344\261g?[gs!\002\347\243J\206W\025ML\260\226\0163\217\250\337\325W\253\356*O\245Z\271\234\207C\274\375`\335\311vG0E\002!\000\207W\341\026\244\017\005\306\204Q\347-\016B""K2\017\334\312\367\240\243\315\026\226\367\225\346I\212\317\002 JG\341^W""\211\364<\337\244\003\375L\301\251+\r\347\262\364\210N\0039>\007j\216m(p""; "
1750587277786,1750587277786,3501,1,3,4,TMValidation,"validation: """"\200\000\000\001&\000\000\000\007)/\352\224\r:I\203w\200\211\SGQ\311\347s\234ae\204\263\365U\334\372D\354\345\276\201f\035\271%#\375\245\314.""\373\330&\3746P\027\000\000\000\000\000\000\000\000\000\000\000\000\000\000\000\000\000\000\000\000\000\000\000\000\000\000\000\000\000\000\000\000P\031\221=\252\002\267\225zg\264\253\271T\346ji\003\235\236Pis\264\375\222|H\344\261g?[gs!\002\347\243J\206W\025ML\260\226\0163\217\250\337\325W\253\356*O\245Z\271\234\207C\274\375`\335\311vG0E\002!\000\207W\341\026\244\017\005\306\204Q\347-\016B""K2\017\334\312\367\240\243\315\026\226\367\225\346I\212\317\002 JG\341^W""\211\364<\337\244\003\375L\301\251+\r\347\262\364\210N\0039>\007j\216m(p""; ","validation: """"\200\000\000\001&\000\000\000\007)/\352\224\r:I\203w\200\211\SGQ\311\347s\234ae\204\263\365U\334\372D\354\345\276\201f\035\271%#\375\245\314.""\373\330&\3746P\027\000\000\000\000\000\000\000\000\000\000\000\000\000\000\000\000\000\000\000\000\000\000\000\000\000\000\000\000\000\000\000\000P\031\221=\252\002\267\225zg\264\253\271T\346ji\003\235\236Pis\264\375\222|H\344\261g?[gs!\002\347\243J\206W\025ML\260\226\0163\217\250\337\325W\253\356*O\245Z\271\234\207C\274\375`\335\311vG0E\002!\000\207W\341\026\244\017\005\306\204Q\347-\016B""K2\017\334\312\367\240\243\315\026\226\367\225\346I\212\317\002 JG\341^W""\211\364<\337\244\003\375L\301\251+\r\347\262\364\210N\0039>\007j\216m(p""; "
1750587277786,1750587277787,2573,1,3,1,TMValidation,"validation: """"\200\000\000\001&\000\000\000\007)/\352\224\r:I\203w\200\211\SGQ\311\347s\234ae\204\263\365U\334\372D\354\345\276\201f\035\271%#\375\245\314.""\373\330&\3746P\027\000\000\000\000\000\000\000\000\000\000\000\000\000\000\000\000\000\000\000\000\000\000\000\000\000\000\000\000\000\000\000\000P\031\221=\252\002\267\225zg\264\253\271T\346ji\003\235\236Pis\264\375\222|H\344\261g?[gs!\002\347\243J\206W\025ML\260\226\0163\217\250\337\325W\253\356*O\245Z\271\234\207C\274\375`\335\311vG0E\002!\000\207W\341\026\244\017\005\306\204Q\347-\016B""K2\017\334\312\367\240\243\315\026\226\367\225\346I\212\317\002 JG\341^W""\211\364<\337\244\003\375L\301\251+\r\347\262\364\210N\0039>\007j\216m(p""; ","validation: """"\200\000\000\001&\000\000\000\007)/\352\224\r:I\203w\200\211\SGQ\311\347s\234ae\204\263\365U\334\372D\354\345\276\201f\035\271%#\375\245\314.""\373\330&\3746P\027\000\000\000\000\000\000\000\000\000\000\000\000\000\000\000\000\000\000\000\000\000\000\000\000\000\000\000\000\000\000\000\000P\031\221=\252\002\267\225zg\264\253\271T\346ji\003\235\236Pis\264\375\222|H\344\261g?[gs!\002\347\243J\206W\025ML\260\226\0163\217\250\337\325W\253\356*O\245Z\271\234\207C\274\375`\335\311vG0E\002!\000\207W\341\026\244\017\005\306\204Q\347-\016B""K2\017\334\312\367\240\243\315\026\226\367\225\346I\212\317\002 JG\341^W""\211\364<\337\244\003\375L\301\251+\r\347\262\364\210N\0039>\007j\216m(p""; "
1750587277797,1750587277798,443,1,4,2,TMValidation,"validation: """"\200\000\000\001&\000\000\000\007)/\352\224\r:I\203w\200\211\SGQ\311\347s\234ae\204\263\365U\334\372D\354\345\276\201f\035\271%#\375\245\314.""\373\330&\3746P\027\000\000\000\000\000\000\000\000\000\000\000\000\000\000\000\000\000\000\000\000\000\000\000\000\000\000\000\000\000\000\000\000P\031\221=\252\002\267\225zg\264\253\271T\346ji\003\235\236Pis\264\375\222|H\344\261g?[gs!\002\347\243J\206W\025ML\260\226\0163\217\250\337\325W\253\356*O\245Z\271\234\207C\274\375`\335\311vG0E\002!\000\207W\341\026\244\017\005\306\204Q\347-\016B""K2\017\334\312\367\240\243\315\026\226\367\225\346I\212\317\002 JG\341^W""\211\364<\337\244\003\375L\301\251+\r\347\262\364\210N\0039>\007j\216m(p""; ","validation: """"\200\000\000\001&\000\000\000\007)/\352\224\r:I\203w\200\211\SGQ\311\347s\234ae\204\263\365U\334\372D\354\345\276\201f\035\271%#\375\245\314.""\373\330&\3746P\027\000\000\000\000\000\000\000\000\000\000\000\000\000\000\000\000\000\000\000\000\000\000\000\000\000\000\000\000\000\000\000\000P\031\221=\252\002\267\225zg\264\253\271T\346ji\003\235\236Pis\264\375\222|H\344\261g?[gs!\002\347\243J\206W\025ML\260\226\0163\217\250\337\325W\253\356*O\245Z\271\234\207C\274\375`\335\311vG0E\002!\000\207W\341\026\244\017\005\306\204Q\347-\016B""K2\017\334\312\367\240\243\315\026\226\367\225\346I\212\317\002 JG\341^W""\211\364<\337\244\003\375L\301\251+\r\347\262\364\210N\0039>\007j\216m(p""; "
1750587277798,1750587277798,2819,1,4,1,TMValidation,"validation: """"\200\000\000\001&\000\000\000\007)/\352\224\r:I\203w\200\211\SGQ\311\347s\234ae\204\263\365U\334\372D\354\345\276\201f\035\271%#\375\245\314.""\373\330&\3746P\027\000\000\000\000\000\000\000\000\000\000\000\000\000\000\000\000\000\000\000\000\000\000\000\000\000\000\000\000\000\000\000\000P\031\221=\252\002\267\225zg\264\253\271T\346ji\003\235\236Pis\264\375\222|H\344\261g?[gs!\002\347\243J\206W\025ML\260\226\0163\217\250\337\325W\253\356*O\245Z\271\234\207C\274\375`\335\311vG0E\002!\000\207W\341\026\244\017\005\306\204Q\347-\016B""K2\017\334\312\367\240\243\315\026\226\367\225\346I\212\317\002 JG\341^W""\211\364<\337\244\003\375L\301\251+\r\347\262\364\210N\0039>\007j\216m(p""; ","validation: """"\200\000\000\001&\000\000\000\007)/\352\224\r:I\203w\200\211\SGQ\311\347s\234ae\204\263\365U\334\372D\354\345\276\201f\035\271%#\375\245\314.""\373\330&\3746P\027\000\000\000\000\000\000\000\000\000\000\000\000\000\000\000\000\000\000\000\000\000\000\000\000\000\000\000\000\000\000\000\000P\031\221=\252\002\267\225zg\264\253\271T\346ji\003\235\236Pis\264\375\222|H\344\261g?[gs!\002\347\243J\206W\025ML\260\226\0163\217\250\337\325W\253\356*O\245Z\271\234\207C\274\375`\335\311vG0E\002!\000\207W\341\026\244\017\005\306\204Q\347-\016B""K2\017\334\312\367\240\243\315\026\226\367\225\346I\212\317\002 JG\341^W""\211\364<\337\244\003\375L\301\251+\r\347\262\364\210N\0039>\007j\216m(p""; "
1750587277799,1750587277799,1357,1,4,3,TMValidation,"validation: """"\200\000\000\001&\000\000\000\010)/\352\224\r:v|\203\267)\257\206\032Q\354@[\274\202\021\202\373Vi\243\n\325\250\005e\360""m\346'\311@\343\016$L\346\334\360<wP\027\000\000\000\000\000\000\000\000\000\000\000\000\000\000\000\000\000\000\000\000\000\000\000\000\000\000\000\000\000\000\000\000P\031\311\347s\234ae\204\263\365U\334\372D\354\345\276\201f\035\271%#\375\245\314.""\373\330&\3746s!\003.\200\224\215?)t\306\315\242\313\251\255\302\204=\232.\271%}\013\024s\024\002@\216l""\241FvG0E\002!\000\360F\364\337\\317\206\205\336\315\252\200\ry\265\314\254+\265\242.\235n\334A:D\177\270_\r*\002 *\267\205]\332\317hs? \273/\364\023M+\365'_\324\322v\240\226)\315\322\373\301]\211C""; ","validation: """"\200\000\000\001&\000\000\000\010)/\352\224\r:v|\203\267)\257\206\032Q\354@[\274\202\021\202\373Vi\243\n\325\250\005e\360""m\346'\311@\343\016$L\346\334\360<wP\027\000\000\000\000\000\000\000\000\000\000\000\000\000\000\000\000\000\000\000\000\000\000\000\000\000\000\000\000\000\000\000\000P\031\311\347s\234ae\204\263\365U\334\372D\354\345\276\201f\035\271%#\375\245\314.""\373\330&\3746s!\003.\200\224\215?)t\306\315\242\313\251\255\302\204=\232.\271%}\013\024s\024\002@\216l""\241FvG0E\002!\000\360F\364\337\\317\206\205\336\315\252\200\ry\265\314\254+\265\242.\235n\334A:D\177\270_\r*\002 *\267\205]\332\317hs? \273/\364\023M+\365'_\324\322v\240\226)\315\322\373\301]\211C""; "
1750587277799,1750587277799,1357,1,4,3,TMValidation,"validation: """"\200\000\000\001&\000\000\000\007)/\352\224\r:I\203w\200\211\SGQ\311\347s\234ae\204\263\365U\334\372D\354\345\276\201f\035\271%#\375\245\314.""\373\330&\3746P\027\000\000\000\000\000\000\000\000\000\000\000\000\000\000\000\000\000\000\000\000\000\000\000\000\000\000\000\000\000\000\000\000P\031\221=\252\002\267\225zg\264\253\271T\346ji\003\235\236Pis\264\375\222|H\344\261g?[gs!\002\347\243J\206W\025ML\260\226\0163\217\250\337\325W\253\356*O\245Z\271\234\207C\274\375`\335\311vG0E\002!\000\207W\341\026\244\017\005\306\204Q\347-\016B""K2\017\334\312\367\240\243\315\026\226\367\225\346I\212\317\002 JG\341^W""\211\364<\337\244\003\375L\301\251+\r\347\262\364\210N\0039>\007j\216m(p""; ","validation: """"\200\000\000\001&\000\000\000\007)/\352\224\r:I\203w\200\211\SGQ\311\347s\234ae\204\263\365U\334\372D\354\345\276\201f\035\271%#\375\245\314.""\373\330&\3746P\027\000\000\000\000\000\000\000\000\000\000\000\000\000\000\000\000\000\000\000\000\000\000\000\000\000\000\000\000\000\000\000\000P\031\221=\252\002\267\225zg\264\253\271T\346ji\003\235\236Pis\264\375\222|H\344\261g?[gs!\002\347\243J\206W\025ML\260\226\0163\217\250\337\325W\253\356*O\245Z\271\234\207C\274\375`\335\311vG0E\002!\000\207W\341\026\244\017\005\306\204Q\347-\016B""K2\017\334\312\367\240\243\315\026\226\367\225\346I\212\317\002 JG\341^W""\211\364<\337\244\003\375L\301\251+\r\347\262\364\210N\0039>\007j\216m(p""; "
1750587277855,1750587277855,1467,1,4,2,TMGetLedger,"itype: liTS_CANDIDATE; ledgerHash: ""\r!N\267\203~\313a\272~\344A\332\034\332r\\301\240a\307\341\261(c(\021\265B\030@(""; nodeIDs: ""\000\000\000\000\000\000\000\000\000\000\000\000\000\000\000\000\000\000\000\000\000\000\000\000\000\000\000\000\000\000\000\000\000""; queryType: qtINDIRECT; queryDepth: 3; ","itype: liTS_CANDIDATE; ledgerHash: ""\r!N\267\203~\313a\272~\344A\332\034\332r\\301\240a\307\341\261(c(\021\265B\030@(""; nodeIDs: ""\000\000\000\000\000\000\000\000\000\000\000\000\000\000\000\000\000\000\000\000\000\000\000\000\000\000\000\000\000\000\000\000\000""; queryType: qtINDIRECT; queryDepth: 3; "
1750587277863,1750587277863,1466,1,0,4,TMGetLedger,"itype: liTS_CANDIDATE; ledgerHash: ""\007\347lg\346B\270\350\352\375\266\371?(\361\364\365I|\375\262>\230(\333\250\331\007\360U\024\027""; nodeIDs: ""\000\000\000\000\000\000\000\000\000\000\000\000\000\000\000\000\000\000\000\000\000\000\000\000\000\000\000\000\000\000\000\000\000""; queryType: qtINDIRECT; queryDepth: 3; ","itype: liTS_CANDIDATE; ledgerHash: ""\007\347lg\346B\270\350\352\375\266\371?(\361\364\365I|\375\262>\230(\333\250\331\007\360U\024\027""; nodeIDs: ""\000\000\000\000\000\000\000\000\000\000\000\000\000\000\000\000\000\000\000\000\000\000\000\000\000\000\000\000\000\000\000\000\000""; queryType: qtINDIRECT; queryDepth: 3; "
1750587277872,1750587277872,1582,1,2,0,TMGetLedger,"itype: liTS_CANDIDATE; ledgerHash: ""\r!N\267\203~\313a\272~\344A\332\034\332r\\301\240a\307\341\261(c(\021\265B\030@(""; nodeIDs: ""\000\000\000\000\000\000\000\000\000\000\000\000\000\000\000\000\000\000\000\000\000\000\000\000\000\000\000\000\000\000\000\000\000""; requestCookie: 3; queryType: qtINDIRECT; queryDepth: 3; ","itype: liTS_CANDIDATE; ledgerHash: ""\r!N\267\203~\313a\272~\344A\332\034\332r\\301\240a\307\341\261(c(\021\265B\030@(""; nodeIDs: ""\000\000\000\000\000\000\000\000\000\000\000\000\000\000\000\000\000\000\000\000\000\000\000\000\000\000\000\000\000\000\000\000\000""; requestCookie: 3; queryType: qtINDIRECT; queryDepth: 3; "
1750587277898,1750587277898,486,1,4,0,TMLedgerData,"ledgerHash: ""u\315\243\367\211\2625\240r:n\277\003\026\366\353'\216jy9\\001\220\223~\341j\254O\025\257""; ledgerSeq: 0; type: liTS_CANDIDATE; nodes {;   nodedata: ""\022\000\000""\000\000\000\000$\000\000\000\001 \033\000\000\000\027a@\000\000\027H\206*@h@\000\000\000\000\000\000\ns!\0030\347\374\235V\273%\326\211;\243\363\027\256[\3173\263)\033\326=\263&T\243\023""/\177\320 tF0D\002 0\023\341\332; \2711\245\020\321\3300\345\267-)\230\177\246\236AQ\327\203\207H\226+\000%\336\002 \024\036\211\237\201t\376\272E\270\230\020\334\014\356g\273\025((\376\266\216@ \254^2T\233\013\034\201\024\265\367by\212S\325C\240\024\312\370\262\227\317\370\362\3717\350\203\024E0\246\210\344\325\345r\024T\251\006P\255\352\333\372\351\337\302\000"";   nodeid: ""\240\000\000\000\000\000\000\000\000\000\000\000\000\000\000\000\000\000\000\000\000\000\000\000\000\000\000\000\000\000\000\000\001""; }; ","ledgerHash: ""u\315\243\367\211\2625\240r:n\277\003\026\366\353'\216jy9\\001\220\223~\341j\254O\025\257""; ledgerSeq: 0; type: liTS_CANDIDATE; nodes {;   nodedata: ""\022\000\000""\000\000\000\000$\000\000\000\001 \033\000\000\000\027a@\000\000\027H\206*@h@\000\000\000\000\000\000\ns!\0030\347\374\235V\273%\326\211;\243\363\027\256[\3173\263)\033\326=\263&T\243\023""/\177\320 tF0D\002 0\023\341\332; \2711\245\020\321\3300\345\267-)\230\177\246\236AQ\327\203\207H\226+\000%\336\002 \024\036\211\237\201t\376\272E\270\230\020\334\014\356g\273\025((\376\266\216@ \254^2T\233\013\034\201\024\265\367by\212S\325C\240\024\312\370\262\227\317\370\362\3717\350\203\024E0\246\210\344\325\345r\024T\251\006P\255\352\333\372\351\337\302\000"";   nodeid: ""\240\000\000\000\000\000\000\000\000\000\000\000\000\000\000\000\000\000\000\000\000\000\000\000\000\000\000\000\000\000\000\000\001""; }; "
1750587277948,1750587277948,3553,1,1,3,TMGetLedger,"itype: liTS_CANDIDATE; ledgerHash: ""\r!N\267\203~\313a\272~\344A\332\034\332r\\301\240a\307\341\261(c(\021\265B\030@(""; nodeIDs: ""\000\000\000\000\000\000\000\000\000\000\000\000\000\000\000\000\000\000\000\000\000\000\000\000\000\000\000\000\000\000\000\000\000""; queryType: qtINDIRECT; queryDepth: 3; ","itype: liTS_CANDIDATE; ledgerHash: ""\r!N\267\203~\313a\272~\344A\332\034\332r\\301\240a\307\341\261(c(\021\265B\030@(""; nodeIDs: ""\000\000\000\000\000\000\000\000\000\000\000\000\000\000\000\000\000\000\000\000\000\000\000\000\000\000\000\000\000\000\000\000\000""; queryType: qtINDIRECT; queryDepth: 3; "
1750587277948,1750587277948,2860,1,1,4,TMGetLedger,"itype: liTS_CANDIDATE; ledgerHash: ""\r!N\267\203~\313a\272~\344A\332\034\332r\\301\240a\307\341\261(c(\021\265B\030@(""; nodeIDs: ""\000\000\000\000\000\000\000\000\000\000\000\000\000\000\000\000\000\000\000\000\000\000\000\000\000\000\000\000\000\000\000\000\000""; queryType: qtINDIRECT; queryDepth: 3; ","itype: liTS_CANDIDATE; ledgerHash: ""\r!N\267\203~\313a\272~\344A\332\034\332r\\301\240a\307\341\261(c(\021\265B\030@(""; nodeIDs: ""\000\000\000\000\000\000\000\000\000\000\000\000\000\000\000\000\000\000\000\000\000\000\000\000\000\000\000\000\000\000\000\000\000""; queryType: qtINDIRECT; queryDepth: 3; "
1750587277948,1750587277948,674,1,1,2,TMGetLedger,"itype: liTS_CANDIDATE; ledgerHash: ""\r!N\267\203~\313a\272~\344A\332\034\332r\\301\240a\307\341\261(c(\021\265B\030@(""; nodeIDs: ""\000\000\000\000\000\000\000\000\000\000\000\000\000\000\000\000\000\000\000\000\000\000\000\000\000\000\000\000\000\000\000\000\000""; queryType: qtINDIRECT; queryDepth: 3; ","itype: liTS_CANDIDATE; ledgerHash: ""\r!N\267\203~\313a\272~\344A\332\034\332r\\301\240a\307\341\261(c(\021\265B\030@(""; nodeIDs: ""\000\000\000\000\000\000\000\000\000\000\000\000\000\000\000\000\000\000\000\000\000\000\000\000\000\000\000\000\000\000\000\000\000""; queryType: qtINDIRECT; queryDepth: 3; "
1750587277948,1750587277948,572,1,1,0,TMGetLedger,"itype: liTS_CANDIDATE; ledgerHash: ""\r!N\267\203~\313a\272~\344A\332\034\332r\\301\240a\307\341\261(c(\021\265B\030@(""; nodeIDs: ""\000\000\000\000\000\000\000\000\000\000\000\000\000\000\000\000\000\000\000\000\000\000\000\000\000\000\000\000\000\000\000\000\000""; queryType: qtINDIRECT; queryDepth: 3; ","itype: liTS_CANDIDATE; ledgerHash: ""\r!N\267\203~\313a\272~\344A\332\034\332r\\301\240a\307\341\261(c(\021\265B\030@(""; nodeIDs: ""\000\000\000\000\000\000\000\000\000\000\000\000\000\000\000\000\000\000\000\000\000\000\000\000\000\000\000\000\000\000\000\000\000""; queryType: qtINDIRECT; queryDepth: 3; "
1750587277989,1750587277989,1582,1,2,0,TMGetLedger,"itype: liTS_CANDIDATE; ledgerHash: ""\r!N\267\203~\313a\272~\344A\332\034\332r\\301\240a\307\341\261(c(\021\265B\030@(""; nodeIDs: ""\000\000\000\000\000\000\000\000\000\000\000\000\000\000\000\000\000\000\000\000\000\000\000\000\000\000\000\000\000\000\000\000\000""; requestCookie: 4; queryType: qtINDIRECT; queryDepth: 3; ","itype: liTS_CANDIDATE; ledgerHash: ""\r!N\267\203~\313a\272~\344A\332\034\332r\\301\240a\307\341\261(c(\021\265B\030@(""; nodeIDs: ""\000\000\000\000\000\000\000\000\000\000\000\000\000\000\000\000\000\000\000\000\000\000\000\000\000\000\000\000\000\000\000\000\000""; requestCookie: 4; queryType: qtINDIRECT; queryDepth: 3; "
1750587278006,1750587278006,141,1,0,3,TMProposeSet,"proposeSeq: 0; currentTxHash: ""\r!N\267\203~\313a\272~\344A\332\034\332r\\301\240a\307\341\261(c(\021\265B\030@(""; nodePubKey: ""\002\347\243J\206W\025ML\260\226\0163\217\250\337\325W\253\356*O\245Z\271\234\207C\274\375`\335\311""; closeTime: 803902477; signature: ""0D\002 ^\277r\232\216D5\377\253(?%!\366\220\355\357\0136\345\337\244/\264\233\242\202\327\210Ep\251\002 ]\252o\375\233\260\251\035\210\335\213k\354P99E>\003\256{t[]\267\215i2\320\330\023F""; previousledger: ""\311\347s\234ae\204\263\365U\334\372D\354\345\276\201f\035\271%#\375\245\314.""\373\330&\3746""; ","proposeSeq: 0; currentTxHash: ""\r!N\267\203~\313a\272~\344A\332\034\332r\\301\240a\307\341\261(c(\021\265B\030@(""; nodePubKey: ""\002\347\243J\206W\025ML\260\226\0163\217\250\337\325W\253\356*O\245Z\271\234\207C\274\375`\335\311""; closeTime: 803902477; signature: ""0D\002 ^\277r\232\216D5\377\253(?%!\366\220\355\357\0136\345\337\244/\264\233\242\202\327\210Ep\251\002 ]\252o\375\233\260\251\035\210\335\213k\354P99E>\003\256{t[]\267\215i2\320\330\023F""; previousledger: ""\311\347s\234ae\204\263\365U\334\372D\354\345\276\201f\035\271%#\375\245\314.""\373\330&\3746""; "
1750587278006,1750587278006,190,1,0,1,TMProposeSet,"proposeSeq: 0; currentTxHash: ""\r!N\267\203~\313a\272~\344A\332\034\332r\\301\240a\307\341\261(c(\021\265B\030@(""; nodePubKey: ""\002\347\243J\206W\025ML\260\226\0163\217\250\337\325W\253\356*O\245Z\271\234\207C\274\375`\335\311""; closeTime: 803902477; signature: ""0D\002 ^\277r\232\216D5\377\253(?%!\366\220\355\357\0136\345\337\244/\264\233\242\202\327\210Ep\251\002 ]\252o\375\233\260\251\035\210\335\213k\354P99E>\003\256{t[]\267\215i2\320\330\023F""; previousledger: ""\311\347s\234ae\204\263\365U\334\372D\354\345\276\201f\035\271%#\375\245\314.""\373\330&\3746""; ","proposeSeq: 0; currentTxHash: ""\r!N\267\203~\313a\272~\344A\332\034\332r\\301\240a\307\341\261(c(\021\265B\030@(""; nodePubKey: ""\002\347\243J\206W\025ML\260\226\0163\217\250\337\325W\253\356*O\245Z\271\234\207C\274\375`\335\311""; closeTime: 803902477; signature: ""0D\002 ^\277r\232\216D5\377\253(?%!\366\220\355\357\0136\345\337\244/\264\233\242\202\327\210Ep\251\002 ]\252o\375\233\260\251\035\210\335\213k\354P99E>\003\256{t[]\267\215i2\320\330\023F""; previousledger: ""\311\347s\234ae\204\263\365U\334\372D\354\345\276\201f\035\271%#\375\245\314.""\373\330&\3746""; "
1750587278007,1750587278007,2970,1,0,4,TMProposeSet,"proposeSeq: 0; currentTxHash: ""\r!N\267\203~\313a\272~\344A\332\034\332r\\301\240a\307\341\261(c(\021\265B\030@(""; nodePubKey: ""\002\347\243J\206W\025ML\260\226\0163\217\250\337\325W\253\356*O\245Z\271\234\207C\274\375`\335\311""; closeTime: 803902477; signature: ""0D\002 ^\277r\232\216D5\377\253(?%!\366\220\355\357\0136\345\337\244/\264\233\242\202\327\210Ep\251\002 ]\252o\375\233\260\251\035\210\335\213k\354P99E>\003\256{t[]\267\215i2\320\330\023F""; previousledger: ""\311\347s\234ae\204\263\365U\334\372D\354\345\276\201f\035\271%#\375\245\314.""\373\330&\3746""; ","proposeSeq: 0; currentTxHash: ""\r!N\267\203~\313a\272~\344A\332\034\332r\\301\240a\307\341\261(c(\021\265B\030@(""; nodePubKey: ""\002\347\243J\206W\025ML\260\226\0163\217\250\337\325W\253\356*O\245Z\271\234\207C\274\375`\335\311""; closeTime: 803902477; signature: ""0D\002 ^\277r\232\216D5\377\253(?%!\366\220\355\357\0136\345\337\244/\264\233\242\202\327\210Ep\251\002 ]\252o\375\233\260\251\035\210\335\213k\354P99E>\003\256{t[]\267\215i2\320\330\023F""; previousledger: ""\311\347s\234ae\204\263\365U\334\372D\354\345\276\201f\035\271%#\375\245\314.""\373\330&\3746""; "
1750587278020,1750587278020,1590,1,3,2,TMGetLedger,"itype: liTS_CANDIDATE; ledgerHash: ""\007\347lg\346B\270\350\352\375\266\371?(\361\364\365I|\375\262>\230(\333\250\331\007\360U\024\027""; nodeIDs: ""\000\000\000\000\000\000\000\000\000\000\000\000\000\000\000\000\000\000\000\000\000\000\000\000\000\000\000\000\000\000\000\000\000""; queryType: qtINDIRECT; queryDepth: 3; ","itype: liTS_CANDIDATE; ledgerHash: ""\007\347lg\346B\270\350\352\375\266\371?(\361\364\365I|\375\262>\230(\333\250\331\007\360U\024\027""; nodeIDs: ""\000\000\000\000\000\000\000\000\000\000\000\000\000\000\000\000\000\000\000\000\000\000\000\000\000\000\000\000\000\000\000\000\000""; queryType: qtINDIRECT; queryDepth: 3; "
1750587278021,1750587278021,3792,1,0,1,TMLedgerData,"ledgerHash: ""\r!N\267\203~\313a\272~\344A\332\034\332r\\301\240a\307\341\261(c(\021\265B\030@(""; ledgerSeq: 0; type: liTS_CANDIDATE; nodes {;   nodedata: ""\247\272\246\2214\014W1\360z\262\252=\343\207'\275\266;\016\021\306\330\030\225\023\357\272\353\200x\221\n\003"";   nodeid: ""\000\000\000\000\000\000\000\000\000\000\000\000\000\000\000\000\000\000\000\000\000\000\000\000\000\000\000\000\000\000\000\000\000""; }; ","ledgerHash: ""\r!N\267\203~\313a\272~\344A\332\034\332r\\301\240a\307\341\261(c(\021\265B\030@(""; ledgerSeq: 0; type: liTS_CANDIDATE; nodes {;   nodedata: ""\247\272\246\2214\014W1\360z\262\252=\343\207'\275\266;\016\021\306\330\030\225\023\357\272\353\200x\221\n\003"";   nodeid: ""\000\000\000\000\000\000\000\000\000\000\000\000\000\000\000\000\000\000\000\000\000\000\000\000\000\000\000\000\000\000\000\000\000""; }; "
1750587278038,1750587278038,3082,1,2,4,TMProposeSet,"proposeSeq: 0; currentTxHash: ""\000\000\000\000\000\000\000\000\000\000\000\000\000\000\000\000\000\000\000\000\000\000\000\000\000\000\000\000\000\000\000\000""; nodePubKey: ""\003.\200\224\215?)t\306\315\242\313\251\255\302\204=\232.\271%}\013\024s\024\002@\216l""\241F""; closeTime: 803902475; signature: ""0E\002!\000\350\243t'sbt\177p\033\250\026k\255\327B^MK\224\335\037\036Mc\352\363\007\314\237\351\032\002 \037\317\213U9:\006\260BpT\243\023\373[\311\307V\002\257\214\303\370\004\200>\323\217\006\265~\034""; previousledger: ""\311\347s\234ae\204\263\365U\334\372D\354\345\276\201f\035\271%#\375\245\314.""\373\330&\3746""; ","proposeSeq: 0; currentTxHash: ""\000\000\000\000\000\000\000\000\000\000\000\000\000\000\000\000\000\000\000\000\000\000\000\000\000\000\000\000\000\000\000\000""; nodePubKey: ""\003.\200\224\215?)t\306\315\242\313\251\255\302\204=\232.\271%}\013\024s\024\002@\216l""\241F""; closeTime: 803902475; signature: ""0E\002!\000\350\243t'sbt\177p\033\250\026k\255\327B^MK\224\335\037\036Mc\352\363\007\314\237\351\032\002 \037\317\213U9:\006\260BpT\243\023\373[\311\307V\002\257\214\303\370\004\200>\323\217\006\265~\034""; previousledger: ""\311\347s\234ae\204\263\365U\334\372D\354\345\276\201f\035\271%#\375\245\314.""\373\330&\3746""; "
1750587278038,1750587278038,3546,1,2,0,TMProposeSet,"proposeSeq: 0; currentTxHash: ""\000\000\000\000\000\000\000\000\000\000\000\000\000\000\000\000\000\000\000\000\000\000\000\000\000\000\000\000\000\000\000\000""; nodePubKey: ""\003.\200\224\215?)t\306\315\242\313\251\255\302\204=\232.\271%}\013\024s\024\002@\216l""\241F""; closeTime: 803902475; signature: ""0E\002!\000\350\243t'sbt\177p\033\250\026k\255\327B^MK\224\335\037\036Mc\352\363\007\314\237\351\032\002 \037\317\213U9:\006\260BpT\243\023\373[\311\307V\002\257\214\303\370\004\200>\323\217\006\265~\034""; previousledger: ""\311\347s\234ae\204\263\365U\334\372D\354\345\276\201f\035\271%#\375\245\314.""\373\330&\3746""; ","proposeSeq: 0; currentTxHash: ""\000\000\000\000\000\000\000\000\000\000\000\000\000\000\000\000\000\000\000\000\000\000\000\000\000\000\000\000\000\000\000\000""; nodePubKey: ""\003.\200\224\215?)t\306\315\242\313\251\255\302\204=\232.\271%}\013\024s\024\002@\216l""\241F""; closeTime: 803902475; signature: ""0E\002!\000\350\243t'sbt\177p\033\250\026k\255\327B^MK\224\335\037\036Mc\352\363\007\314\237\351\032\002 \037\317\213U9:\006\260BpT\243\023\373[\311\307V\002\257\214\303\370\004\200>\323\217\006\265~\034""; previousledger: ""\311\347s\234ae\204\263\365U\334\372D\354\345\276\201f\035\271%#\375\245\314.""\373\330&\3746""; "
1750587278038,1750587278038,1838,1,2,1,TMProposeSet,"proposeSeq: 0; currentTxHash: ""\000\000\000\000\000\000\000\000\000\000\000\000\000\000\000\000\000\000\000\000\000\000\000\000\000\000\000\000\000\000\000\000""; nodePubKey: ""\003.\200\224\215?)t\306\315\242\313\251\255\302\204=\232.\271%}\013\024s\024\002@\216l""\241F""; closeTime: 803902475; signature: ""0E\002!\000\350\243t'sbt\177p\033\250\026k\255\327B^MK\224\335\037\036Mc\352\363\007\314\237\351\032\002 \037\317\213U9:\006\260BpT\243\023\373[\311\307V\002\257\214\303\370\004\200>\323\217\006\265~\034""; previousledger: ""\311\347s\234ae\204\263\365U\334\372D\354\345\276\201f\035\271%#\375\245\314.""\373\330&\3746""; ","proposeSeq: 0; currentTxHash: ""\000\000\000\000\000\000\000\000\000\000\000\000\000\000\000\000\000\000\000\000\000\000\000\000\000\000\000\000\000\000\000\000""; nodePubKey: ""\003.\200\224\215?)t\306\315\242\313\251\255\302\204=\232.\271%}\013\024s\024\002@\216l""\241F""; closeTime: 803902475; signature: ""0E\002!\000\350\243t'sbt\177p\033\250\026k\255\327B^MK\224\335\037\036Mc\352\363\007\314\237\351\032\002 \037\317\213U9:\006\260BpT\243\023\373[\311\307V\002\257\214\303\370\004\200>\323\217\006\265~\034""; previousledger: ""\311\347s\234ae\204\263\365U\334\372D\354\345\276\201f\035\271%#\375\245\314.""\373\330&\3746""; "
1750587278046,1750587278046,1290,1,0,2,TMProposeSet,"proposeSeq: 0; currentTxHash: ""\r!N\267\203~\313a\272~\344A\332\034\332r\\301\240a\307\341\261(c(\021\265B\030@(""; nodePubKey: ""\002\347\243J\206W\025ML\260\226\0163\217\250\337\325W\253\356*O\245Z\271\234\207C\274\375`\335\311""; closeTime: 803902477; signature: ""0D\002 ^\277r\232\216D5\377\253(?%!\366\220\355\357\0136\345\337\244/\264\233\242\202\327\210Ep\251\002 ]\252o\375\233\260\251\035\210\335\213k\354P99E>\003\256{t[]\267\215i2\320\330\023F""; previousledger: ""\311\347s\234ae\204\263\365U\334\372D\354\345\276\201f\035\271%#\375\245\314.""\373\330&\3746""; ","proposeSeq: 0; currentTxHash: ""\r!N\267\203~\313a\272~\344A\332\034\332r\\301\240a\307\341\261(c(\021\265B\030@(""; nodePubKey: ""\002\347\243J\206W\025ML\260\226\0163\217\250\337\325W\253\356*O\245Z\271\234\207C\274\375`\335\311""; closeTime: 803902477; signature: ""0D\002 ^\277r\232\216D5\377\253(?%!\366\220\355\357\0136\345\337\244/\264\233\242\202\327\210Ep\251\002 ]\252o\375\233\260\251\035\210\335\213k\354P99E>\003\256{t[]\267\215i2\320\330\023F""; previousledger: ""\311\347s\234ae\204\263\365U\334\372D\354\345\276\201f\035\271%#\375\245\314.""\373\330&\3746""; "
1750587278004,1750587278047,3150,1,0,3,TMStatusChange,"newEvent: neCLOSING_LEDGER; ledgerSeq: 7; ledgerHash: ""\311\347s\234ae\204\263\365U\334\372D\354\345\276\201f\035\271%#\375\245\314.""\373\330&\3746""; ledgerHashPrevious: ""\221=\252\002\267\225zg\264\253\271T\346ji\003\235\236Pis\264\375\222|H\344\261g?[g""; networkTime: 803902478; firstSeq: 1; lastSeq: 6; ","newEvent: neCLOSING_LEDGER; ledgerSeq: 7; ledgerHash: ""\311\347s\234ae\204\263\365U\334\372D\354\345\276\201f\035\271%#\375\245\314.""\373\330&\3746""; ledgerHashPrevious: ""\221=\252\002\267\225zg\264\253\271T\346ji\003\235\236Pis\264\375\222|H\344\261g?[g""; networkTime: 803902478; firstSeq: 1; lastSeq: 6; "
1750587278005,1750587278047,2252,1,0,4,TMStatusChange,"newEvent: neCLOSING_LEDGER; ledgerSeq: 7; ledgerHash: ""\311\347s\234ae\204\263\365U\334\372D\354\345\276\201f\035\271%#\375\245\314.""\373\330&\3746""; ledgerHashPrevious: ""\221=\252\002\267\225zg\264\253\271T\346ji\003\235\236Pis\264\375\222|H\344\261g?[g""; networkTime: 803902478; firstSeq: 1; lastSeq: 6; ","newEvent: neCLOSING_LEDGER; ledgerSeq: 7; ledgerHash: ""\311\347s\234ae\204\263\365U\334\372D\354\345\276\201f\035\271%#\375\245\314.""\373\330&\3746""; ledgerHashPrevious: ""\221=\252\002\267\225zg\264\253\271T\346ji\003\235\236Pis\264\375\222|H\344\261g?[g""; networkTime: 803902478; firstSeq: 1; lastSeq: 6; "
1750587278005,1750587278048,468,1,0,1,TMStatusChange,"newEvent: neCLOSING_LEDGER; ledgerSeq: 7; ledgerHash: ""\311\347s\234ae\204\263\365U\334\372D\354\345\276\201f\035\271%#\375\245\314.""\373\330&\3746""; ledgerHashPrevious: ""\221=\252\002\267\225zg\264\253\271T\346ji\003\235\236Pis\264\375\222|H\344\261g?[g""; networkTime: 803902478; firstSeq: 1; lastSeq: 6; ","newEvent: neCLOSING_LEDGER; ledgerSeq: 7; ledgerHash: ""\311\347s\234ae\204\263\365U\334\372D\354\345\276\201f\035\271%#\375\245\314.""\373\330&\3746""; ledgerHashPrevious: ""\221=\252\002\267\225zg\264\253\271T\346ji\003\235\236Pis\264\375\222|H\344\261g?[g""; networkTime: 803902478; firstSeq: 1; lastSeq: 6; "
1750587278006,1750587278048,615,1,0,2,TMStatusChange,"newEvent: neCLOSING_LEDGER; ledgerSeq: 7; ledgerHash: ""\311\347s\234ae\204\263\365U\334\372D\354\345\276\201f\035\271%#\375\245\314.""\373\330&\3746""; ledgerHashPrevious: ""\221=\252\002\267\225zg\264\253\271T\346ji\003\235\236Pis\264\375\222|H\344\261g?[g""; networkTime: 803902478; firstSeq: 1; lastSeq: 6; ","newEvent: neCLOSING_LEDGER; ledgerSeq: 7; ledgerHash: ""\311\347s\234ae\204\263\365U\334\372D\354\345\276\201f\035\271%#\375\245\314.""\373\330&\3746""; ledgerHashPrevious: ""\221=\252\002\267\225zg\264\253\271T\346ji\003\235\236Pis\264\375\222|H\344\261g?[g""; networkTime: 803902478; firstSeq: 1; lastSeq: 6; "
1750587278058,1750587278058,3097,1,2,0,TMLedgerData,"ledgerHash: ""u\315\243\367\211\2625\240r:n\277\003\026\366\353'\216jy9\\001\220\223~\341j\254O\025\257""; ledgerSeq: 0; type: liTS_CANDIDATE; nodes {;   nodedata: ""\022\000\000""\000\000\000\000$\000\000\000\001 \033\000\000\000\027a@\000\000\027H\206*@h@\000\000\000\000\000\000\ns!\0030\347\374\235V\273%\326\211;\243\363\027\256[\3173\263)\033\326=\263&T\243\023""/\177\320 tF0D\002 0\023\341\332; \2711\245\020\321\3300\345\267-)\230\177\246\236AQ\327\203\207H\226+\000%\336\002 \024\036\211\237\201t\376\272E\270\230\020\334\014\356g\273\025((\376\266\216@ \254^2T\233\013\034\201\024\265\367by\212S\325C\240\024\312\370\262\227\317\370\362\3717\350\203\024E0\246\210\344\325\345r\024T\251\006P\255\352\333\372\351\337\302\000"";   nodeid: ""\240\000\000\000\000\000\000\000\000\000\000\000\000\000\000\000\000\000\000\000\000\000\000\000\000\000\000\000\000\000\000\000\001""; }; ","ledgerHash: ""u\315\243\367\211\2625\240r:n\277\003\026\366\353'\216jy9\\001\220\223~\341j\254O\025\257""; ledgerSeq: 0; type: liTS_CANDIDATE; nodes {;   nodedata: ""\022\000\000""\000\000\000\000$\000\000\000\001 \033\000\000\000\027a@\000\000\027H\206*@h@\000\000\000\000\000\000\ns!\0030\347\374\235V\273%\326\211;\243\363\027\256[\3173\263)\033\326=\263&T\243\023""/\177\320 tF0D\002 0\023\341\332; \2711\245\020\321\3300\345\267-)\230\177\246\236AQ\327\203\207H\226+\000%\336\002 \024\036\211\237\201t\376\272E\270\230\020\334\014\356g\273\025((\376\266\216@ \254^2T\233\013\034\201\024\265\367by\212S\325C\240\024\312\370\262\227\317\370\362\3717\350\203\024E0\246\210\344\325\345r\024T\251\006P\255\352\333\372\351\337\302\000"";   nodeid: ""\240\000\000\000\000\000\000\000\000\000\000\000\000\000\000\000\000\000\000\000\000\000\000\000\000\000\000\000\000\000\000\000\001""; }; "
1750587278119,1750587278119,3375,1,1,4,TMProposeSet,"proposeSeq: 0; currentTxHash: ""b\001;\355\\351h\305\360*\252j\2470\334[#|\313\3606\207\210\245\372\217RX\333g`K""; nodePubKey: ""\003ql\302)\235\321\t\213\224\356\374%%\311\327\037\374\304\t\335\2359\344\233\035]\347<u\236\364\222""; closeTime: 803902476; signature: ""0D\002 ,\374\007>6S5B\TbeY\300\272\214\027\232\330\303\353Kz\006\203|\324qarW%\002 mz\222\031\210I\014\342|\347Dpw\206mb+\217\364\345\323\216F{\353{\257#\265\344\256\202""; previousledger: ""\311\347s\234ae\204\263\365U\334\372D\354\345\276\201f\035\271%#\375\245\314.""\373\330&\3746""; ","proposeSeq: 0; currentTxHash: ""b\001;\355\\351h\305\360*\252j\2470\334[#|\313\3606\207\210\245\372\217RX\333g`K""; nodePubKey: ""\003ql\302)\235\321\t\213\224\356\374%%\311\327\037\374\304\t\335\2359\344\233\035]\347<u\236\364\222""; closeTime: 803902476; signature: ""0D\002 ,\374\007>6S5B\TbeY\300\272\214\027\232\330\303\353Kz\006\203|\324qarW%\002 mz\222\031\210I\014\342|\347Dpw\206mb+\217\364\345\323\216F{\353{\257#\265\344\256\202""; previousledger: ""\311\347s\234ae\204\263\365U\334\372D\354\345\276\201f\035\271%#\375\245\314.""\373\330&\3746""; "
1750587278120,1750587278120,2860,1,1,4,TMGetLedger,"itype: liTS_CANDIDATE; ledgerHash: ""b\001;\355\\351h\305\360*\252j\2470\334[#|\313\3606\207\210\245\372\217RX\333g`K""; nodeIDs: ""\000\000\000\000\000\000\000\000\000\000\000\000\000\000\000\000\000\000\000\000\000\000\000\000\000\000\000\000\000\000\000\000\000""; queryDepth: 3; ","itype: liTS_CANDIDATE; ledgerHash: ""b\001;\355\\351h\305\360*\252j\2470\334[#|\313\3606\207\210\245\372\217RX\333g`K""; nodeIDs: ""\000\000\000\000\000\000\000\000\000\000\000\000\000\000\000\000\000\000\000\000\000\000\000\000\000\000\000\000\000\000\000\000\000""; queryDepth: 3; "
1750587278121,1750587278121,674,1,1,2,TMGetLedger,"itype: liTS_CANDIDATE; ledgerHash: ""b\001;\355\\351h\305\360*\252j\2470\334[#|\313\3606\207\210\245\372\217RX\333g`K""; nodeIDs: ""\000\000\000\000\000\000\000\000\000\000\000\000\000\000\000\000\000\000\000\000\000\000\000\000\000\000\000\000\000\000\000\000\000""; queryDepth: 3; ","itype: liTS_CANDIDATE; ledgerHash: ""b\001;\355\\351h\305\360*\252j\2470\334[#|\313\3606\207\210\245\372\217RX\333g`K""; nodeIDs: ""\000\000\000\000\000\000\000\000\000\000\000\000\000\000\000\000\000\000\000\000\000\000\000\000\000\000\000\000\000\000\000\000\000""; queryDepth: 3; "
1750587278120,1750587278120,3538,1,1,3,TMProposeSet,"proposeSeq: 0; currentTxHash: ""b\001;\355\\351h\305\360*\252j\2470\334[#|\313\3606\207\210\245\372\217RX\333g`K""; nodePubKey: ""\003ql\302)\235\321\t\213\224\356\374%%\311\327\037\374\304\t\335\2359\344\233\035]\347<u\236\364\222""; closeTime: 803902476; signature: ""0D\002 ,\374\007>6S5B\TbeY\300\272\214\027\232\330\303\353Kz\006\203|\324qarW%\002 mz\222\031\210I\014\342|\347Dpw\206mb+\217\364\345\323\216F{\353{\257#\265\344\256\202""; previousledger: ""\311\347s\234ae\204\263\365U\334\372D\354\345\276\201f\035\271%#\375\245\314.""\373\330&\3746""; ","proposeSeq: 0; currentTxHash: ""b\001;\355\\351h\305\360*\252j\2470\334[#|\313\3606\207\210\245\372\217RX\333g`K""; nodePubKey: ""\003ql\302)\235\321\t\213\224\356\374%%\311\327\037\374\304\t\335\2359\344\233\035]\347<u\236\364\222""; closeTime: 803902476; signature: ""0D\002 ,\374\007>6S5B\TbeY\300\272\214\027\232\330\303\353Kz\006\203|\324qarW%\002 mz\222\031\210I\014\342|\347Dpw\206mb+\217\364\345\323\216F{\353{\257#\265\344\256\202""; previousledger: ""\311\347s\234ae\204\263\365U\334\372D\354\345\276\201f\035\271%#\375\245\314.""\373\330&\3746""; "
1750587278120,1750587278120,926,1,1,0,TMProposeSet,"proposeSeq: 0; currentTxHash: ""b\001;\355\\351h\305\360*\252j\2470\334[#|\313\3606\207\210\245\372\217RX\333g`K""; nodePubKey: ""\003ql\302)\235\321\t\213\224\356\374%%\311\327\037\374\304\t\335\2359\344\233\035]\347<u\236\364\222""; closeTime: 803902476; signature: ""0D\002 ,\374\007>6S5B\TbeY\300\272\214\027\232\330\303\353Kz\006\203|\324qarW%\002 mz\222\031\210I\014\342|\347Dpw\206mb+\217\364\345\323\216F{\353{\257#\265\344\256\202""; previousledger: ""\311\347s\234ae\204\263\365U\334\372D\354\345\276\201f\035\271%#\375\245\314.""\373\330&\3746""; ","proposeSeq: 0; currentTxHash: ""b\001;\355\\351h\305\360*\252j\2470\334[#|\313\3606\207\210\245\372\217RX\333g`K""; nodePubKey: ""\003ql\302)\235\321\t\213\224\356\374%%\311\327\037\374\304\t\335\2359\344\233\035]\347<u\236\364\222""; closeTime: 803902476; signature: ""0D\002 ,\374\007>6S5B\TbeY\300\272\214\027\232\330\303\353Kz\006\203|\324qarW%\002 mz\222\031\210I\014\342|\347Dpw\206mb+\217\364\345\323\216F{\353{\257#\265\344\256\202""; previousledger: ""\311\347s\234ae\204\263\365U\334\372D\354\345\276\201f\035\271%#\375\245\314.""\373\330&\3746""; "
1750587278122,1750587278122,1582,1,2,0,TMGetLedger,"itype: liTS_CANDIDATE; ledgerHash: ""\r!N\267\203~\313a\272~\344A\332\034\332r\\301\240a\307\341\261(c(\021\265B\030@(""; nodeIDs: ""\000\000\000\000\000\000\000\000\000\000\000\000\000\000\000\000\000\000\000\000\000\000\000\000\000\000\000\000\000\000\000\000\000""; requestCookie: 3; queryType: qtINDIRECT; queryDepth: 3; ","itype: liTS_CANDIDATE; ledgerHash: ""\r!N\267\203~\313a\272~\344A\332\034\332r\\301\240a\307\341\261(c(\021\265B\030@(""; nodeIDs: ""\000\000\000\000\000\000\000\000\000\000\000\000\000\000\000\000\000\000\000\000\000\000\000\000\000\000\000\000\000\000\000\000\000""; requestCookie: 3; queryType: qtINDIRECT; queryDepth: 3; "
1750587278126,1750587278126,1103,1,0,4,TMLedgerData,"ledgerHash: ""\r!N\267\203~\313a\272~\344A\332\034\332r\\301\240a\307\341\261(c(\021\265B\030@(""; ledgerSeq: 0; type: liTS_CANDIDATE; nodes {;   nodedata: ""\247\272\246\2214\014W1\360z\262\252=\343\207'\275\266;\016\021\306\330\030\225\023\357\272\353\200x\221\n\003"";   nodeid: ""\000\000\000\000\000\000\000\000\000\000\000\000\000\000\000\000\000\000\000\000\000\000\000\000\000\000\000\000\000\000\000\000\000""; }; ","ledgerHash: ""\r!N\267\203~\313a\272~\344A\332\034\332r\\301\240a\307\341\261(c(\021\265B\030@(""; ledgerSeq: 0; type: liTS_CANDIDATE; nodes {;   nodedata: ""\247\272\246\2214\014W1\360z\262\252=\343\207'\275\266;\016\021\306\330\030\225\023\357\272\353\200x\221\n\003"";   nodeid: ""\000\000\000\000\000\000\000\000\000\000\000\000\000\000\000\000\000\000\000\000\000\000\000\000\000\000\000\000\000\000\000\000\000""; }; "
1750587278147,1750587278147,483,1,3,4,TMProposeSet,"proposeSeq: 0; currentTxHash: ""\r!N\267\203~\313a\272~\344A\332\034\332r\\301\240a\307\341\261(c(\021\265B\030@(""; nodePubKey: ""\002\347\243J\206W\025ML\260\226\0163\217\250\337\325W\253\356*O\245Z\271\234\207C\274\375`\335\311""; closeTime: 803902477; signature: ""0D\002 ^\277r\232\216D5\377\253(?%!\366\220\355\357\0136\345\337\244/\264\233\242\202\327\210Ep\251\002 ]\252o\375\233\260\251\035\210\335\213k\354P99E>\003\256{t[]\267\215i2\320\330\023F""; previousledger: ""\311\347s\234ae\204\263\365U\334\372D\354\345\276\201f\035\271%#\375\245\314.""\373\330&\3746""; ","proposeSeq: 0; currentTxHash: ""\r!N\267\203~\313a\272~\344A\332\034\332r\\301\240a\307\341\261(c(\021\265B\030@(""; nodePubKey: ""\002\347\243J\206W\025ML\260\226\0163\217\250\337\325W\253\356*O\245Z\271\234\207C\274\375`\335\311""; closeTime: 803902477; signature: ""0D\002 ^\277r\232\216D5\377\253(?%!\366\220\355\357\0136\345\337\244/\264\233\242\202\327\210Ep\251\002 ]\252o\375\233\260\251\035\210\335\213k\354P99E>\003\256{t[]\267\215i2\320\330\023F""; previousledger: ""\311\347s\234ae\204\263\365U\334\372D\354\345\276\201f\035\271%#\375\245\314.""\373\330&\3746""; "
1750587278147,1750587278147,1317,1,3,2,TMProposeSet,"proposeSeq: 0; currentTxHash: ""\r!N\267\203~\313a\272~\344A\332\034\332r\\301\240a\307\341\261(c(\021\265B\030@(""; nodePubKey: ""\002\347\243J\206W\025ML\260\226\0163\217\250\337\325W\253\356*O\245Z\271\234\207C\274\375`\335\311""; closeTime: 803902477; signature: ""0D\002 ^\277r\232\216D5\377\253(?%!\366\220\355\357\0136\345\337\244/\264\233\242\202\327\210Ep\251\002 ]\252o\375\233\260\251\035\210\335\213k\354P99E>\003\256{t[]\267\215i2\320\330\023F""; previousledger: ""\311\347s\234ae\204\263\365U\334\372D\354\345\276\201f\035\271%#\375\245\314.""\373\330&\3746""; ","proposeSeq: 0; currentTxHash: ""\r!N\267\203~\313a\272~\344A\332\034\332r\\301\240a\307\341\261(c(\021\265B\030@(""; nodePubKey: ""\002\347\243J\206W\025ML\260\226\0163\217\250\337\325W\253\356*O\245Z\271\234\207C\274\375`\335\311""; closeTime: 803902477; signature: ""0D\002 ^\277r\232\216D5\377\253(?%!\366\220\355\357\0136\345\337\244/\264\233\242\202\327\210Ep\251\002 ]\252o\375\233\260\251\035\210\335\213k\354P99E>\003\256{t[]\267\215i2\320\330\023F""; previousledger: ""\311\347s\234ae\204\263\365U\334\372D\354\345\276\201f\035\271%#\375\245\314.""\373\330&\3746""; "
1750587278147,1750587278147,3656,1,3,1,TMProposeSet,"proposeSeq: 0; currentTxHash: ""\r!N\267\203~\313a\272~\344A\332\034\332r\\301\240a\307\341\261(c(\021\265B\030@(""; nodePubKey: ""\002\347\243J\206W\025ML\260\226\0163\217\250\337\325W\253\356*O\245Z\271\234\207C\274\375`\335\311""; closeTime: 803902477; signature: ""0D\002 ^\277r\232\216D5\377\253(?%!\366\220\355\357\0136\345\337\244/\264\233\242\202\327\210Ep\251\002 ]\252o\375\233\260\251\035\210\335\213k\354P99E>\003\256{t[]\267\215i2\320\330\023F""; previousledger: ""\311\347s\234ae\204\263\365U\334\372D\354\345\276\201f\035\271%#\375\245\314.""\373\330&\3746""; ","proposeSeq: 0; currentTxHash: ""\r!N\267\203~\313a\272~\344A\332\034\332r\\301\240a\307\341\261(c(\021\265B\030@(""; nodePubKey: ""\002\347\243J\206W\025ML\260\226\0163\217\250\337\325W\253\356*O\245Z\271\234\207C\274\375`\335\311""; closeTime: 803902477; signature: ""0D\002 ^\277r\232\216D5\377\253(?%!\366\220\355\357\0136\345\337\244/\264\233\242\202\327\210Ep\251\002 ]\252o\375\233\260\251\035\210\335\213k\354P99E>\003\256{t[]\267\215i2\320\330\023F""; previousledger: ""\311\347s\234ae\204\263\365U\334\372D\354\345\276\201f\035\271%#\375\245\314.""\373\330&\3746""; "
1750587278164,1750587278164,572,1,1,0,TMGetLedger,"itype: liTS_CANDIDATE; ledgerHash: ""\r!N\267\203~\313a\272~\344A\332\034\332r\\301\240a\307\341\261(c(\021\265B\030@(""; nodeIDs: ""\000\000\000\000\000\000\000\000\000\000\000\000\000\000\000\000\000\000\000\000\000\000\000\000\000\000\000\000\000\000\000\000\000""; requestCookie: 5; queryType: qtINDIRECT; queryDepth: 3; ","itype: liTS_CANDIDATE; ledgerHash: ""\r!N\267\203~\313a\272~\344A\332\034\332r\\301\240a\307\341\261(c(\021\265B\030@(""; nodeIDs: ""\000\000\000\000\000\000\000\000\000\000\000\000\000\000\000\000\000\000\000\000\000\000\000\000\000\000\000\000\000\000\000\000\000""; requestCookie: 5; queryType: qtINDIRECT; queryDepth: 3; "
1750587278189,1750587278189,1838,1,2,1,TMProposeSet,"proposeSeq: 0; currentTxHash: ""\r!N\267\203~\313a\272~\344A\332\034\332r\\301\240a\307\341\261(c(\021\265B\030@(""; nodePubKey: ""\003\325Q\255\224\274R@\312\253\262\347\352\034\346\347\242\215,\312\376=\277\353{\350\225\301\305`^, ""; closeTime: 803902476; signature: ""0E\002!\000\254\340>\354O!\006H\277\350\356\246F\205\025g\257\231\014X\303Z\301\312\203\343\3536i\236\270\330\002 \002F\000\246\254\237q""Vj\231\336\244\346\210\320\367\257V\263\214\363{|\364\265\335\374\337\206\267\034""; previousledger: ""\311\347s\234ae\204\263\365U\334\372D\354\345\276\201f\035\271%#\375\245\314.""\373\330&\3746""; ","proposeSeq: 0; currentTxHash: ""\r!N\267\203~\313a\272~\344A\332\034\332r\\301\240a\307\341\261(c(\021\265B\030@(""; nodePubKey: ""\003\325Q\255\224\274R@\312\253\262\347\352\034\346\347\242\215,\312\376=\277\353{\350\225\301\305`^, ""; closeTime: 803902476; signature: ""0E\002!\000\254\340>\354O!\006H\277\350\356\246F\205\025g\257\231\014X\303Z\301\312\203\343\3536i\236\270\330\002 \002F\000\246\254\237q""Vj\231\336\244\346\210\320\367\257V\263\214\363{|\364\265\335\374\337\206\267\034""; previousledger: ""\311\347s\234ae\204\263\365U\334\372D\354\345\276\201f\035\271%#\375\245\314.""\373\330&\3746""; "
1750587278189,1750587278189,3546,1,2,0,TMProposeSet,"proposeSeq: 0; currentTxHash: ""\r!N\267\203~\313a\272~\344A\332\034\332r\\301\240a\307\341\261(c(\021\265B\030@(""; nodePubKey: ""\003\325Q\255\224\274R@\312\253\262\347\352\034\346\347\242\215,\312\376=\277\353{\350\225\301\305`^, ""; closeTime: 803902476; signature: ""0E\002!\000\254\340>\354O!\006H\277\350\356\246F\205\025g\257\231\014X\303Z\301\312\203\343\3536i\236\270\330\002 \002F\000\246\254\237q""Vj\231\336\244\346\210\320\367\257V\263\214\363{|\364\265\335\374\337\206\267\034""; previousledger: ""\311\347s\234ae\204\263\365U\334\372D\354\345\276\201f\035\271%#\375\245\314.""\373\330&\3746""; ","proposeSeq: 0; currentTxHash: ""\r!N\267\203~\313a\272~\344A\332\034\332r\\301\240a\307\341\261(c(\021\265B\030@(""; nodePubKey: ""\003\325Q\255\224\274R@\312\253\262\347\352\034\346\347\242\215,\312\376=\277\353{\350\225\301\305`^, ""; closeTime: 803902476; signature: ""0E\002!\000\254\340>\354O!\006H\277\350\356\246F\205\025g\257\231\014X\303Z\301\312\203\343\3536i\236\270\330\002 \002F\000\246\254\237q""Vj\231\336\244\346\210\320\367\257V\263\214\363{|\364\265\335\374\337\206\267\034""; previousledger: ""\311\347s\234ae\204\263\365U\334\372D\354\345\276\201f\035\271%#\375\245\314.""\373\330&\3746""; "
1750587278189,1750587278189,1582,1,2,0,TMGetLedger,"itype: liTS_CANDIDATE; ledgerHash: ""\r!N\267\203~\313a\272~\344A\332\034\332r\\301\240a\307\341\261(c(\021\265B\030@(""; nodeIDs: ""\000\000\000\000\000\000\000\000\000\000\000\000\000\000\000\000\000\000\000\000\000\000\000\000\000\000\000\000\000\000\000\000\000""; queryDepth: 3; ","itype: liTS_CANDIDATE; ledgerHash: ""\r!N\267\203~\313a\272~\344A\332\034\332r\\301\240a\307\341\261(c(\021\265B\030@(""; nodeIDs: ""\000\000\000\000\000\000\000\000\000\000\000\000\000\000\000\000\000\000\000\000\000\000\000\000\000\000\000\000\000\000\000\000\000""; queryDepth: 3; "
1750587278189,1750587278189,3898,1,2,3,TMGetLedger,"itype: liTS_CANDIDATE; ledgerHash: ""\r!N\267\203~\313a\272~\344A\332\034\332r\\301\240a\307\341\261(c(\021\265B\030@(""; nodeIDs: ""\000\000\000\000\000\000\000\000\000\000\000\000\000\000\000\000\000\000\000\000\000\000\000\000\000\000\000\000\000\000\000\000\000""; queryDepth: 3; ","itype: liTS_CANDIDATE; ledgerHash: ""\r!N\267\203~\313a\272~\344A\332\034\332r\\301\240a\307\341\261(c(\021\265B\030@(""; nodeIDs: ""\000\000\000\000\000\000\000\000\000\000\000\000\000\000\000\000\000\000\000\000\000\000\000\000\000\000\000\000\000\000\000\000\000""; queryDepth: 3; "
1750587278190,1750587278190,3082,1,2,4,TMProposeSet,"proposeSeq: 0; currentTxHash: ""\r!N\267\203~\313a\272~\344A\332\034\332r\\301\240a\307\341\261(c(\021\265B\030@(""; nodePubKey: ""\003\325Q\255\224\274R@\312\253\262\347\352\034\346\347\242\215,\312\376=\277\353{\350\225\301\305`^, ""; closeTime: 803902476; signature: ""0E\002!\000\254\340>\354O!\006H\277\350\356\246F\205\025g\257\231\014X\303Z\301\312\203\343\3536i\236\270\330\002 \002F\000\246\254\237q""Vj\231\336\244\346\210\320\367\257V\263\214\363{|\364\265\335\374\337\206\267\034""; previousledger: ""\311\347s\234ae\204\263\365U\334\372D\354\345\276\201f\035\271%#\375\245\314.""\373\330&\3746""; ","proposeSeq: 0; currentTxHash: ""\r!N\267\203~\313a\272~\344A\332\034\332r\\301\240a\307\341\261(c(\021\265B\030@(""; nodePubKey: ""\003\325Q\255\224\274R@\312\253\262\347\352\034\346\347\242\215,\312\376=\277\353{\350\225\301\305`^, ""; closeTime: 803902476; signature: ""0E\002!\000\254\340>\354O!\006H\277\350\356\246F\205\025g\257\231\014X\303Z\301\312\203\343\3536i\236\270\330\002 \002F\000\246\254\237q""Vj\231\336\244\346\210\320\367\257V\263\214\363{|\364\265\335\374\337\206\267\034""; previousledger: ""\311\347s\234ae\204\263\365U\334\372D\354\345\276\201f\035\271%#\375\245\314.""\373\330&\3746""; "
1750587278196,1750587278196,3375,1,1,4,TMProposeSet,"proposeSeq: 0; currentTxHash: ""\r!N\267\203~\313a\272~\344A\332\034\332r\\301\240a\307\341\261(c(\021\265B\030@(""; nodePubKey: ""\002\347\243J\206W\025ML\260\226\0163\217\250\337\325W\253\356*O\245Z\271\234\207C\274\375`\335\311""; closeTime: 803902477; signature: ""0D\002 ^\277r\232\216D5\377\253(?%!\366\220\355\357\0136\345\337\244/\264\233\242\202\327\210Ep\251\002 ]\252o\375\233\260\251\035\210\335\213k\354P99E>\003\256{t[]\267\215i2\320\330\023F""; previousledger: ""\311\347s\234ae\204\263\365U\334\372D\354\345\276\201f\035\271%#\375\245\314.""\373\330&\3746""; ","proposeSeq: 0; currentTxHash: ""\r!N\267\203~\313a\272~\344A\332\034\332r\\301\240a\307\341\261(c(\021\265B\030@(""; nodePubKey: ""\002\347\243J\206W\025ML\260\226\0163\217\250\337\325W\253\356*O\245Z\271\234\207C\274\375`\335\311""; closeTime: 803902477; signature: ""0D\002 ^\277r\232\216D5\377\253(?%!\366\220\355\357\0136\345\337\244/\264\233\242\202\327\210Ep\251\002 ]\252o\375\233\260\251\035\210\335\213k\354P99E>\003\256{t[]\267\215i2\320\330\023F""; previousledger: ""\311\347s\234ae\204\263\365U\334\372D\354\345\276\201f\035\271%#\375\245\314.""\373\330&\3746""; "
1750587278196,1750587278196,1799,1,1,2,TMProposeSet,"proposeSeq: 0; currentTxHash: ""\r!N\267\203~\313a\272~\344A\332\034\332r\\301\240a\307\341\261(c(\021\265B\030@(""; nodePubKey: ""\002\347\243J\206W\025ML\260\226\0163\217\250\337\325W\253\356*O\245Z\271\234\207C\274\375`\335\311""; closeTime: 803902477; signature: ""0D\002 ^\277r\232\216D5\377\253(?%!\366\220\355\357\0136\345\337\244/\264\233\242\202\327\210Ep\251\002 ]\252o\375\233\260\251\035\210\335\213k\354P99E>\003\256{t[]\267\215i2\320\330\023F""; previousledger: ""\311\347s\234ae\204\263\365U\334\372D\354\345\276\201f\035\271%#\375\245\314.""\373\330&\3746""; ","proposeSeq: 0; currentTxHash: ""\r!N\267\203~\313a\272~\344A\332\034\332r\\301\240a\307\341\261(c(\021\265B\030@(""; nodePubKey: ""\002\347\243J\206W\025ML\260\226\0163\217\250\337\325W\253\356*O\245Z\271\234\207C\274\375`\335\311""; closeTime: 803902477; signature: ""0D\002 ^\277r\232\216D5\377\253(?%!\366\220\355\357\0136\345\337\244/\264\233\242\202\327\210Ep\251\002 ]\252o\375\233\260\251\035\210\335\213k\354P99E>\003\256{t[]\267\215i2\320\330\023F""; previousledger: ""\311\347s\234ae\204\263\365U\334\372D\354\345\276\201f\035\271%#\375\245\314.""\373\330&\3746""; "
1750587278196,1750587278197,3538,1,1,3,TMProposeSet,"proposeSeq: 0; currentTxHash: ""\r!N\267\203~\313a\272~\344A\332\034\332r\\301\240a\307\341\261(c(\021\265B\030@(""; nodePubKey: ""\002\347\243J\206W\025ML\260\226\0163\217\250\337\325W\253\356*O\245Z\271\234\207C\274\375`\335\311""; closeTime: 803902477; signature: ""0D\002 ^\277r\232\216D5\377\253(?%!\366\220\355\357\0136\345\337\244/\264\233\242\202\327\210Ep\251\002 ]\252o\375\233\260\251\035\210\335\213k\354P99E>\003\256{t[]\267\215i2\320\330\023F""; previousledger: ""\311\347s\234ae\204\263\365U\334\372D\354\345\276\201f\035\271%#\375\245\314.""\373\330&\3746""; ","proposeSeq: 0; currentTxHash: ""\r!N\267\203~\313a\272~\344A\332\034\332r\\301\240a\307\341\261(c(\021\265B\030@(""; nodePubKey: ""\002\347\243J\206W\025ML\260\226\0163\217\250\337\325W\253\356*O\245Z\271\234\207C\274\375`\335\311""; closeTime: 803902477; signature: ""0D\002 ^\277r\232\216D5\377\253(?%!\366\220\355\357\0136\345\337\244/\264\233\242\202\327\210Ep\251\002 ]\252o\375\233\260\251\035\210\335\213k\354P99E>\003\256{t[]\267\215i2\320\330\023F""; previousledger: ""\311\347s\234ae\204\263\365U\334\372D\354\345\276\201f\035\271%#\375\245\314.""\373\330&\3746""; "
1750587278197,1750587278197,572,1,1,0,TMGetLedger,"itype: liTS_CANDIDATE; ledgerHash: ""\r!N\267\203~\313a\272~\344A\332\034\332r\\301\240a\307\341\261(c(\021\265B\030@(""; nodeIDs: ""\000\000\000\000\000\000\000\000\000\000\000\000\000\000\000\000\000\000\000\000\000\000\000\000\000\000\000\000\000\000\000\000\000""; queryType: qtINDIRECT; queryDepth: 3; ","itype: liTS_CANDIDATE; ledgerHash: ""\r!N\267\203~\313a\272~\344A\332\034\332r\\301\240a\307\341\261(c(\021\265B\030@(""; nodeIDs: ""\000\000\000\000\000\000\000\000\000\000\000\000\000\000\000\000\000\000\000\000\000\000\000\000\000\000\000\000\000\000\000\000\000""; queryType: qtINDIRECT; queryDepth: 3; "
1750587278198,1750587278198,2860,1,1,4,TMGetLedger,"itype: liTS_CANDIDATE; ledgerHash: ""\r!N\267\203~\313a\272~\344A\332\034\332r\\301\240a\307\341\261(c(\021\265B\030@(""; nodeIDs: ""\000\000\000\000\000\000\000\000\000\000\000\000\000\000\000\000\000\000\000\000\000\000\000\000\000\000\000\000\000\000\000\000\000""; queryType: qtINDIRECT; queryDepth: 3; ","itype: liTS_CANDIDATE; ledgerHash: ""\r!N\267\203~\313a\272~\344A\332\034\332r\\301\240a\307\341\261(c(\021\265B\030@(""; nodeIDs: ""\000\000\000\000\000\000\000\000\000\000\000\000\000\000\000\000\000\000\000\000\000\000\000\000\000\000\000\000\000\000\000\000\000""; queryType: qtINDIRECT; queryDepth: 3; "
1750587278198,1750587278198,674,1,1,2,TMGetLedger,"itype: liTS_CANDIDATE; ledgerHash: ""\r!N\267\203~\313a\272~\344A\332\034\332r\\301\240a\307\341\261(c(\021\265B\030@(""; nodeIDs: ""\000\000\000\000\000\000\000\000\000\000\000\000\000\000\000\000\000\000\000\000\000\000\000\000\000\000\000\000\000\000\000\000\000""; queryType: qtINDIRECT; queryDepth: 3; ","itype: liTS_CANDIDATE; ledgerHash: ""\r!N\267\203~\313a\272~\344A\332\034\332r\\301\240a\307\341\261(c(\021\265B\030@(""; nodeIDs: ""\000\000\000\000\000\000\000\000\000\000\000\000\000\000\000\000\000\000\000\000\000\000\000\000\000\000\000\000\000\000\000\000\000""; queryType: qtINDIRECT; queryDepth: 3; "
1750587278198,1750587278198,3553,1,1,3,TMGetLedger,"itype: liTS_CANDIDATE; ledgerHash: ""\r!N\267\203~\313a\272~\344A\332\034\332r\\301\240a\307\341\261(c(\021\265B\030@(""; nodeIDs: ""\000\000\000\000\000\000\000\000\000\000\000\000\000\000\000\000\000\000\000\000\000\000\000\000\000\000\000\000\000\000\000\000\000""; queryType: qtINDIRECT; queryDepth: 3; ","itype: liTS_CANDIDATE; ledgerHash: ""\r!N\267\203~\313a\272~\344A\332\034\332r\\301\240a\307\341\261(c(\021\265B\030@(""; nodeIDs: ""\000\000\000\000\000\000\000\000\000\000\000\000\000\000\000\000\000\000\000\000\000\000\000\000\000\000\000\000\000\000\000\000\000""; queryType: qtINDIRECT; queryDepth: 3; "
1750587278200,1750587278200,3898,1,2,3,TMGetLedger,"itype: liBASE; ledgerHash: ""\354@[\274\202\021\202\373Vi\243\n\325\250\005e\360""m\346'\311@\343\016$L\346\334\360<w""; ","itype: liBASE; ledgerHash: ""\354@[\274\202\021\202\373Vi\243\n\325\250\005e\360""m\346'\311@\343\016$L\346\334\360<w""; "
1750587278201,1750587278201,3989,1,2,3,TMValidation,"validation: """"\200\000\000\001&\000\000\000\010)/\352\224\r:v|\203\267)\257\206\032Q\354@[\274\202\021\202\373Vi\243\n\325\250\005e\360""m\346'\311@\343\016$L\346\334\360<wP\027\000\000\000\000\000\000\000\000\000\000\000\000\000\000\000\000\000\000\000\000\000\000\000\000\000\000\000\000\000\000\000\000P\031\311\347s\234ae\204\263\365U\334\372D\354\345\276\201f\035\271%#\375\245\314.""\373\330&\3746s!\003.\200\224\215?)t\306\315\242\313\251\255\302\204=\232.\271%}\013\024s\024\002@\216l""\241FvG0E\002!\000\360F\364\337\\317\206\205\336\315\252\200\ry\265\314\254+\265\242.\235n\334A:D\177\270_\r*\002 *\267\205]\332\317hs? \273/\364\023M+\365'_\324\322v\240\226)\315\322\373\301]\211C""; ","validation: """"\200\000\000\001&\000\000\000\010)/\352\224\r:v|\203\267)\257\206\032Q\354@[\274\202\021\202\373Vi\243\n\325\250\005e\360""m\346'\311@\343\016$L\346\334\360<wP\027\000\000\000\000\000\000\000\000\000\000\000\000\000\000\000\000\000\000\000\000\000\000\000\000\000\000\000\000\000\000\000\000P\031\311\347s\234ae\204\263\365U\334\372D\354\345\276\201f\035\271%#\375\245\314.""\373\330&\3746s!\003.\200\224\215?)t\306\315\242\313\251\255\302\204=\232.\271%}\013\024s\024\002@\216l""\241FvG0E\002!\000\360F\364\337\\317\206\205\336\315\252\200\ry\265\314\254+\265\242.\235n\334A:D\177\270_\r*\002 *\267\205]\332\317hs? \273/\364\023M+\365'_\324\322v\240\226)\315\322\373\301]\211C""; "
1750587278201,1750587278201,499,1,2,4,TMGetLedger,"itype: liBASE; ledgerHash: ""\354@[\274\202\021\202\373Vi\243\n\325\250\005e\360""m\346'\311@\343\016$L\346\334\360<w""; ","itype: liBASE; ledgerHash: ""\354@[\274\202\021\202\373Vi\243\n\325\250\005e\360""m\346'\311@\343\016$L\346\334\360<w""; "
1750587278201,1750587278201,1582,1,2,0,TMGetLedger,"itype: liBASE; ledgerHash: ""\354@[\274\202\021\202\373Vi\243\n\325\250\005e\360""m\346'\311@\343\016$L\346\334\360<w""; ","itype: liBASE; ledgerHash: ""\354@[\274\202\021\202\373Vi\243\n\325\250\005e\360""m\346'\311@\343\016$L\346\334\360<w""; "
1750587278202,1750587278202,1582,1,2,0,TMGetLedger,"itype: liBASE; ledgerHash: ""\354@[\274\202\021\202\373Vi\243\n\325\250\005e\360""m\346'\311@\343\016$L\346\334\360<w""; queryType: qtINDIRECT; ","itype: liBASE; ledgerHash: ""\354@[\274\202\021\202\373Vi\243\n\325\250\005e\360""m\346'\311@\343\016$L\346\334\360<w""; queryType: qtINDIRECT; "
1750587278200,1750587278200,3488,1,2,0,TMValidation,"validation: """"\200\000\000\001&\000\000\000\010)/\352\224\r:v|\203\267)\257\206\032Q\354@[\274\202\021\202\373Vi\243\n\325\250\005e\360""m\346'\311@\343\016$L\346\334\360<wP\027\000\000\000\000\000\000\000\000\000\000\000\000\000\000\000\000\000\000\000\000\000\000\000\000\000\000\000\000\000\000\000\000P\031\311\347s\234ae\204\263\365U\334\372D\354\345\276\201f\035\271%#\375\245\314.""\373\330&\3746s!\003.\200\224\215?)t\306\315\242\313\251\255\302\204=\232.\271%}\013\024s\024\002@\216l""\241FvG0E\002!\000\360F\364\337\\317\206\205\336\315\252\200\ry\265\314\254+\265\242.\235n\334A:D\177\270_\r*\002 *\267\205]\332\317hs? \273/\364\023M+\365'_\324\322v\240\226)\315\322\373\301]\211C""; ","validation: """"\200\000\000\001&\000\000\000\010)/\352\224\r:v|\203\267)\257\206\032Q\354@[\274\202\021\202\373Vi\243\n\325\250\005e\360""m\346'\311@\343\016$L\346\334\360<wP\027\000\000\000\000\000\000\000\000\000\000\000\000\000\000\000\000\000\000\000\000\000\000\000\000\000\000\000\000\000\000\000\000P\031\311\347s\234ae\204\263\365U\334\372D\354\345\276\201f\035\271%#\375\245\314.""\373\330&\3746s!\003.\200\224\215?)t\306\315\242\313\251\255\302\204=\232.\271%}\013\024s\024\002@\216l""\241FvG0E\002!\000\360F\364\337\\317\206\205\336\315\252\200\ry\265\314\254+\265\242.\235n\334A:D\177\270_\r*\002 *\267\205]\332\317hs? \273/\364\023M+\365'_\324\322v\240\226)\315\322\373\301]\211C""; "
1750587278202,1750587278202,3898,1,2,3,TMGetLedger,"itype: liBASE; ledgerHash: ""\354@[\274\202\021\202\373Vi\243\n\325\250\005e\360""m\346'\311@\343\016$L\346\334\360<w""; queryType: qtINDIRECT; ","itype: liBASE; ledgerHash: ""\354@[\274\202\021\202\373Vi\243\n\325\250\005e\360""m\346'\311@\343\016$L\346\334\360<w""; queryType: qtINDIRECT; "
1750587278230,1750587278230,342,1,2,1,TMGetLedger,"itype: liBASE; ledgerHash: ""\354@[\274\202\021\202\373Vi\243\n\325\250\005e\360""m\346'\311@\343\016$L\346\334\360<w""; ","itype: liBASE; ledgerHash: ""\354@[\274\202\021\202\373Vi\243\n\325\250\005e\360""m\346'\311@\343\016$L\346\334\360<w""; "
1750587278230,1750587278230,342,1,2,1,TMGetLedger,"itype: liBASE; ledgerHash: ""\354@[\274\202\021\202\373Vi\243\n\325\250\005e\360""m\346'\311@\343\016$L\346\334\360<w""; queryType: qtINDIRECT; ","itype: liBASE; ledgerHash: ""\354@[\274\202\021\202\373Vi\243\n\325\250\005e\360""m\346'\311@\343\016$L\346\334\360<w""; queryType: qtINDIRECT; "
1750587278230,1750587278230,1094,1,2,1,TMValidation,"validation: """"\200\000\000\001&\000\000\000\010)/\352\224\r:v|\203\267)\257\206\032Q\354@[\274\202\021\202\373Vi\243\n\325\250\005e\360""m\346'\311@\343\016$L\346\334\360<wP\027\000\000\000\000\000\000\000\000\000\000\000\000\000\000\000\000\000\000\000\000\000\000\000\000\000\000\000\000\000\000\000\000P\031\311\347s\234ae\204\263\365U\334\372D\354\345\276\201f\035\271%#\375\245\314.""\373\330&\3746s!\003.\200\224\215?)t\306\315\242\313\251\255\302\204=\232.\271%}\013\024s\024\002@\216l""\241FvG0E\002!\000\360F\364\337\\317\206\205\336\315\252\200\ry\265\314\254+\265\242.\235n\334A:D\177\270_\r*\002 *\267\205]\332\317hs? \273/\364\023M+\365'_\324\322v\240\226)\315\322\373\301]\211C""; ","validation: """"\200\000\000\001&\000\000\000\010)/\352\224\r:v|\203\267)\257\206\032Q\354@[\274\202\021\202\373Vi\243\n\325\250\005e\360""m\346'\311@\343\016$L\346\334\360<wP\027\000\000\000\000\000\000\000\000\000\000\000\000\000\000\000\000\000\000\000\000\000\000\000\000\000\000\000\000\000\000\000\000P\031\311\347s\234ae\204\263\365U\334\372D\354\345\276\201f\035\271%#\375\245\314.""\373\330&\3746s!\003.\200\224\215?)t\306\315\242\313\251\255\302\204=\232.\271%}\013\024s\024\002@\216l""\241FvG0E\002!\000\360F\364\337\\317\206\205\336\315\252\200\ry\265\314\254+\265\242.\235n\334A:D\177\270_\r*\002 *\267\205]\332\317hs? \273/\364\023M+\365'_\324\322v\240\226)\315\322\373\301]\211C""; "
1750587278236,1750587278236,3546,1,2,0,TMProposeSet,"proposeSeq: 0; currentTxHash: ""\007\347lg\346B\270\350\352\375\266\371?(\361\364\365I|\375\262>\230(\333\250\331\007\360U\024\027""; nodePubKey: ""\003\343\005\311u\203\370\0338\3174\324\010\006\301\251\177\261\304eOX\262)FA-\022r\263wm\024""; closeTime: 803902476; signature: ""0D\002 d\243\034XJ\363\260a\377\233pv\365\376E\302N\315\024\nt\356o\376\305?\2076\t\014""\203\002 *.\233\326B\315\330\244!\250g\214\371|\356`\t:\325\344E\260\260U\211\002\257\212\223C\252\034""; previousledger: ""\311\347s\234ae\204\263\365U\334\372D\354\345\276\201f\035\271%#\375\245\314.""\373\330&\3746""; ","proposeSeq: 0; currentTxHash: ""\007\347lg\346B\270\350\352\375\266\371?(\361\364\365I|\375\262>\230(\333\250\331\007\360U\024\027""; nodePubKey: ""\003\343\005\311u\203\370\0338\3174\324\010\006\301\251\177\261\304eOX\262)FA-\022r\263wm\024""; closeTime: 803902476; signature: ""0D\002 d\243\034XJ\363\260a\377\233pv\365\376E\302N\315\024\nt\356o\376\305?\2076\t\014""\203\002 *.\233\326B\315\330\244!\250g\214\371|\356`\t:\325\344E\260\260U\211\002\257\212\223C\252\034""; previousledger: ""\311\347s\234ae\204\263\365U\334\372D\354\345\276\201f\035\271%#\375\245\314.""\373\330&\3746""; "
1750587278237,1750587278237,3725,1,2,3,TMProposeSet,"proposeSeq: 0; currentTxHash: ""\007\347lg\346B\270\350\352\375\266\371?(\361\364\365I|\375\262>\230(\333\250\331\007\360U\024\027""; nodePubKey: ""\003\343\005\311u\203\370\0338\3174\324\010\006\301\251\177\261\304eOX\262)FA-\022r\263wm\024""; closeTime: 803902476; signature: ""0D\002 d\243\034XJ\363\260a\377\233pv\365\376E\302N\315\024\nt\356o\376\305?\2076\t\014""\203\002 *.\233\326B\315\330\244!\250g\214\371|\356`\t:\325\344E\260\260U\211\002\257\212\223C\252\034""; previousledger: ""\311\347s\234ae\204\263\365U\334\372D\354\345\276\201f\035\271%#\375\245\314.""\373\330&\3746""; ","proposeSeq: 0; currentTxHash: ""\007\347lg\346B\270\350\352\375\266\371?(\361\364\365I|\375\262>\230(\333\250\331\007\360U\024\027""; nodePubKey: ""\003\343\005\311u\203\370\0338\3174\324\010\006\301\251\177\261\304eOX\262)FA-\022r\263wm\024""; closeTime: 803902476; signature: ""0D\002 d\243\034XJ\363\260a\377\233pv\365\376E\302N\315\024\nt\356o\376\305?\2076\t\014""\203\002 *.\233\326B\315\330\244!\250g\214\371|\356`\t:\325\344E\260\260U\211\002\257\212\223C\252\034""; previousledger: ""\311\347s\234ae\204\263\365U\334\372D\354\345\276\201f\035\271%#\375\245\314.""\373\330&\3746""; "
1750587278237,1750587278237,342,1,2,1,TMGetLedger,"itype: liTS_CANDIDATE; ledgerHash: ""\007\347lg\346B\270\350\352\375\266\371?(\361\364\365I|\375\262>\230(\333\250\331\007\360U\024\027""; nodeIDs: ""\000\000\000\000\000\000\000\000\000\000\000\000\000\000\000\000\000\000\000\000\000\000\000\000\000\000\000\000\000\000\000\000\000""; queryDepth: 3; ","itype: liTS_CANDIDATE; ledgerHash: ""\007\347lg\346B\270\350\352\375\266\371?(\361\364\365I|\375\262>\230(\333\250\331\007\360U\024\027""; nodeIDs: ""\000\000\000\000\000\000\000\000\000\000\000\000\000\000\000\000\000\000\000\000\000\000\000\000\000\000\000\000\000\000\000\000\000""; queryDepth: 3; "
1750587278236,1750587278237,3898,1,2,3,TMGetLedger,"itype: liTS_CANDIDATE; ledgerHash: ""\007\347lg\346B\270\350\352\375\266\371?(\361\364\365I|\375\262>\230(\333\250\331\007\360U\024\027""; nodeIDs: ""\000\000\000\000\000\000\000\000\000\000\000\000\000\000\000\000\000\000\000\000\000\000\000\000\000\000\000\000\000\000\000\000\000""; queryDepth: 3; ","itype: liTS_CANDIDATE; ledgerHash: ""\007\347lg\346B\270\350\352\375\266\371?(\361\364\365I|\375\262>\230(\333\250\331\007\360U\024\027""; nodeIDs: ""\000\000\000\000\000\000\000\000\000\000\000\000\000\000\000\000\000\000\000\000\000\000\000\000\000\000\000\000\000\000\000\000\000""; queryDepth: 3; "
1750587278238,1750587278239,1582,1,2,0,TMGetLedger,"itype: liTS_CANDIDATE; ledgerHash: ""\r!N\267\203~\313a\272~\344A\332\034\332r\\301\240a\307\341\261(c(\021\265B\030@(""; nodeIDs: ""\000\000\000\000\000\000\000\000\000\000\000\000\000\000\000\000\000\000\000\000\000\000\000\000\000\000\000\000\000\000\000\000\000""; requestCookie: 4; queryType: qtINDIRECT; queryDepth: 3; ","itype: liTS_CANDIDATE; ledgerHash: ""\r!N\267\203~\313a\272~\344A\332\034\332r\\301\240a\307\341\261(c(\021\265B\030@(""; nodeIDs: ""\000\000\000\000\000\000\000\000\000\000\000\000\000\000\000\000\000\000\000\000\000\000\000\000\000\000\000\000\000\000\000\000\000""; requestCookie: 4; queryType: qtINDIRECT; queryDepth: 3; "
1750587278241,1750587278242,499,1,2,4,TMGetLedger,"itype: liBASE; ledgerHash: ""\354@[\274\202\021\202\373Vi\243\n\325\250\005e\360""m\346'\311@\343\016$L\346\334\360<w""; queryType: qtINDIRECT; ","itype: liBASE; ledgerHash: ""\354@[\274\202\021\202\373Vi\243\n\325\250\005e\360""m\346'\311@\343\016$L\346\334\360<w""; queryType: qtINDIRECT; "
1750587278242,1750587278242,3082,1,2,4,TMProposeSet,"proposeSeq: 0; currentTxHash: ""\007\347lg\346B\270\350\352\375\266\371?(\361\364\365I|\375\262>\230(\333\250\331\007\360U\024\027""; nodePubKey: ""\003\343\005\311u\203\370\0338\3174\324\010\006\301\251\177\261\304eOX\262)FA-\022r\263wm\024""; closeTime: 803902476; signature: ""0D\002 d\243\034XJ\363\260a\377\233pv\365\376E\302N\315\024\nt\356o\376\305?\2076\t\014""\203\002 *.\233\326B\315\330\244!\250g\214\371|\356`\t:\325\344E\260\260U\211\002\257\212\223C\252\034""; previousledger: ""\311\347s\234ae\204\263\365U\334\372D\354\345\276\201f\035\271%#\375\245\314.""\373\330&\3746""; ","proposeSeq: 0; currentTxHash: ""\007\347lg\346B\270\350\352\375\266\371?(\361\364\365I|\375\262>\230(\333\250\331\007\360U\024\027""; nodePubKey: ""\003\343\005\311u\203\370\0338\3174\324\010\006\301\251\177\261\304eOX\262)FA-\022r\263wm\024""; closeTime: 803902476; signature: ""0D\002 d\243\034XJ\363\260a\377\233pv\365\376E\302N\315\024\nt\356o\376\305?\2076\t\014""\203\002 *.\233\326B\315\330\244!\250g\214\371|\356`\t:\325\344E\260\260U\211\002\257\212\223C\252\034""; previousledger: ""\311\347s\234ae\204\263\365U\334\372D\354\345\276\201f\035\271%#\375\245\314.""\373\330&\3746""; "
1750587278242,1750587278243,3488,1,2,0,TMValidation,"validation: """"\200\000\000\001&\000\000\000\007)/\352\224\r:I\203w\200\211\SGQ\311\347s\234ae\204\263\365U\334\372D\354\345\276\201f\035\271%#\375\245\314.""\373\330&\3746P\027\000\000\000\000\000\000\000\000\000\000\000\000\000\000\000\000\000\000\000\000\000\000\000\000\000\000\000\000\000\000\000\000P\031\221=\252\002\267\225zg\264\253\271T\346ji\003\235\236Pis\264\375\222|H\344\261g?[gs!\002\347\243J\206W\025ML\260\226\0163\217\250\337\325W\253\356*O\245Z\271\234\207C\274\375`\335\311vG0E\002!\000\207W\341\026\244\017\005\306\204Q\347-\016B""K2\017\334\312\367\240\243\315\026\226\367\225\346I\212\317\002 JG\341^W""\211\364<\337\244\003\375L\301\251+\r\347\262\364\210N\0039>\007j\216m(p""; ","validation: """"\200\000\000\001&\000\000\000\007)/\352\224\r:I\203w\200\211\SGQ\311\347s\234ae\204\263\365U\334\372D\354\345\276\201f\035\271%#\375\245\314.""\373\330&\3746P\027\000\000\000\000\000\000\000\000\000\000\000\000\000\000\000\000\000\000\000\000\000\000\000\000\000\000\000\000\000\000\000\000P\031\221=\252\002\267\225zg\264\253\271T\346ji\003\235\236Pis\264\375\222|H\344\261g?[gs!\002\347\243J\206W\025ML\260\226\0163\217\250\337\325W\253\356*O\245Z\271\234\207C\274\375`\335\311vG0E\002!\000\207W\341\026\244\017\005\306\204Q\347-\016B""K2\017\334\312\367\240\243\315\026\226\367\225\346I\212\317\002 JG\341^W""\211\364<\337\244\003\375L\301\251+\r\347\262\364\210N\0039>\007j\216m(p""; "
1750587278243,1750587278243,3989,1,2,3,TMValidation,"validation: """"\200\000\000\001&\000\000\000\007)/\352\224\r:I\203w\200\211\SGQ\311\347s\234ae\204\263\365U\334\372D\354\345\276\201f\035\271%#\375\245\314.""\373\330&\3746P\027\000\000\000\000\000\000\000\000\000\000\000\000\000\000\000\000\000\000\000\000\000\000\000\000\000\000\000\000\000\000\000\000P\031\221=\252\002\267\225zg\264\253\271T\346ji\003\235\236Pis\264\375\222|H\344\261g?[gs!\002\347\243J\206W\025ML\260\226\0163\217\250\337\325W\253\356*O\245Z\271\234\207C\274\375`\335\311vG0E\002!\000\207W\341\026\244\017\005\306\204Q\347-\016B""K2\017\334\312\367\240\243\315\026\226\367\225\346I\212\317\002 JG\341^W""\211\364<\337\244\003\375L\301\251+\r\347\262\364\210N\0039>\007j\216m(p""; ","validation: """"\200\000\000\001&\000\000\000\007)/\352\224\r:I\203w\200\211\SGQ\311\347s\234ae\204\263\365U\334\372D\354\345\276\201f\035\271%#\375\245\314.""\373\330&\3746P\027\000\000\000\000\000\000\000\000\000\000\000\000\000\000\000\000\000\000\000\000\000\000\000\000\000\000\000\000\000\000\000\000P\031\221=\252\002\267\225zg\264\253\271T\346ji\003\235\236Pis\264\375\222|H\344\261g?[gs!\002\347\243J\206W\025ML\260\226\0163\217\250\337\325W\253\356*O\245Z\271\234\207C\274\375`\335\311vG0E\002!\000\207W\341\026\244\017\005\306\204Q\347-\016B""K2\017\334\312\367\240\243\315\026\226\367\225\346I\212\317\002 JG\341^W""\211\364<\337\244\003\375L\301\251+\r\347\262\364\210N\0039>\007j\216m(p""; "
1750587278249,1750587278250,486,1,4,0,TMLedgerData,"ledgerHash: ""\311\347s\234ae\204\263\365U\334\372D\354\345\276\201f\035\271%#\375\245\314.""\373\330&\3746""; ledgerSeq: 7; type: liBASE; nodes {;   nodedata: ""\000\000\000\007\001cEx]\211\377\342\221=\252\002\267\225zg\264\253\271T\346ji\003\235\236Pis\264\375\222|H\344\261g?[g\000\000\000\000\000\000\000\000\000\000\000\000\000\000\000\000\000\000\000\000\000\000\000\000\000\000\000\000\000\000\000\000D Y\254\242~\215\352\235\025Y|\r\311\0032Z\345!\007\365\002ei\332\264\353iS.\2724/\352\224\007/\352\224\010\n\000""; }; nodes {;   nodedata: ""h\315\350\215y\203\242]\371\235\232Pt&\325\210eZ\346\237XZ \277\2457n\221\336\253\245\317\002w\n\356\350\316{k\272E0\225\362\025\010\366\367\372\263\355xq\360\261\376M<\356\347\007zf\307\006E\344\037@\210\363\010\336T\226\247'\204_{\261\370""1\235\2445\343\033Y!\212\201\341\272\225'\007*$\244&\336\343'\233i\332\374\245 {^\306-N\333\gE\006\347\212\331C\211Z\177\247\031\n\335C\213\334\371:&k\026k\220D\0042\357\322\376\365\347b\025;\204y1X\345\000&\377wn\013\210`4\253""\302f\230\374\037bx\0145C\307\337\316[\244d\302\3031\347\300\025aX\357\226\221\016\003""; }; requestCookie: 3; ","ledgerHash: ""\311\347s\234ae\204\263\365U\334\372D\354\345\276\201f\035\271%#\375\245\314.""\373\330&\3746""; ledgerSeq: 7; type: liBASE; nodes {;   nodedata: ""\000\000\000\007\001cEx]\211\377\342\221=\252\002\267\225zg\264\253\271T\346ji\003\235\236Pis\264\375\222|H\344\261g?[g\000\000\000\000\000\000\000\000\000\000\000\000\000\000\000\000\000\000\000\000\000\000\000\000\000\000\000\000\000\000\000\000D Y\254\242~\215\352\235\025Y|\r\311\0032Z\345!\007\365\002ei\332\264\353iS.\2724/\352\224\007/\352\224\010\n\000""; }; nodes {;   nodedata: ""h\315\350\215y\203\242]\371\235\232Pt&\325\210eZ\346\237XZ \277\2457n\221\336\253\245\317\002w\n\356\350\316{k\272E0\225\362\025\010\366\367\372\263\355xq\360\261\376M<\356\347\007zf\307\006E\344\037@\210\363\010\336T\226\247'\204_{\261\370""1\235\2445\343\033Y!\212\201\341\272\225'\007*$\244&\336\343'\233i\332\374\245 {^\306-N\333\gE\006\347\212\331C\211Z\177\247\031\n\335C\213\334\371:&k\026k\220D\0042\357\322\376\365\347b\025;\204y1X\345\000&\377wn\013\210`4\253""\302f\230\374\037bx\0145C\307\337\316[\244d\302\3031\347\300\025aX\357\226\221\016\003""; }; requestCookie: 3; "
1750587278270,1750587278270,3792,1,0,1,TMLedgerData,"ledgerHash: ""\r!N\267\203~\313a\272~\344A\332\034\332r\\301\240a\307\341\261(c(\021\265B\030@(""; ledgerSeq: 0; type: liTS_CANDIDATE; nodes {;   nodedata: ""\247\272\246\2214\014W1\360z\262\252=\343\207'\275\266;\016\021\306\330\030\225\023\357\272\353\200x\221\n\003"";   nodeid: ""\000\000\000\000\000\000\000\000\000\000\000\000\000\000\000\000\000\000\000\000\000\000\000\000\000\000\000\000\000\000\000\000\000""; }; ","ledgerHash: ""\r!N\267\203~\313a\272~\344A\332\034\332r\\301\240a\307\341\261(c(\021\265B\030@(""; ledgerSeq: 0; type: liTS_CANDIDATE; nodes {;   nodedata: ""\247\272\246\2214\014W1\360z\262\252=\343\207'\275\266;\016\021\306\330\030\225\023\357\272\353\200x\221\n\003"";   nodeid: ""\000\000\000\000\000\000\000\000\000\000\000\000\000\000\000\000\000\000\000\000\000\000\000\000\000\000\000\000\000\000\000\000\000""; }; "
1750587278277,1750587278277,1094,1,2,1,TMValidation,"validation: """"\200\000\000\001&\000\000\000\007)/\352\224\r:I\203w\200\211\SGQ\311\347s\234ae\204\263\365U\334\372D\354\345\276\201f\035\271%#\375\245\314.""\373\330&\3746P\027\000\000\000\000\000\000\000\000\000\000\000\000\000\000\000\000\000\000\000\000\000\000\000\000\000\000\000\000\000\000\000\000P\031\221=\252\002\267\225zg\264\253\271T\346ji\003\235\236Pis\264\375\222|H\344\261g?[gs!\002\347\243J\206W\025ML\260\226\0163\217\250\337\325W\253\356*O\245Z\271\234\207C\274\375`\335\311vG0E\002!\000\207W\341\026\244\017\005\306\204Q\347-\016B""K2\017\334\312\367\240\243\315\026\226\367\225\346I\212\317\002 JG\341^W""\211\364<\337\244\003\375L\301\251+\r\347\262\364\210N\0039>\007j\216m(p""; ","validation: """"\200\000\000\001&\000\000\000\007)/\352\224\r:I\203w\200\211\SGQ\311\347s\234ae\204\263\365U\334\372D\354\345\276\201f\035\271%#\375\245\314.""\373\330&\3746P\027\000\000\000\000\000\000\000\000\000\000\000\000\000\000\000\000\000\000\000\000\000\000\000\000\000\000\000\000\000\000\000\000P\031\221=\252\002\267\225zg\264\253\271T\346ji\003\235\236Pis\264\375\222|H\344\261g?[gs!\002\347\243J\206W\025ML\260\226\0163\217\250\337\325W\253\356*O\245Z\271\234\207C\274\375`\335\311vG0E\002!\000\207W\341\026\244\017\005\306\204Q\347-\016B""K2\017\334\312\367\240\243\315\026\226\367\225\346I\212\317\002 JG\341^W""\211\364<\337\244\003\375L\301\251+\r\347\262\364\210N\0039>\007j\216m(p""; "
1750587278290,1750587278291,572,1,1,0,TMGetLedger,"itype: liTS_CANDIDATE; ledgerHash: ""\r!N\267\203~\313a\272~\344A\332\034\332r\\301\240a\307\341\261(c(\021\265B\030@(""; nodeIDs: ""\000\000\000\000\000\000\000\000\000\000\000\000\000\000\000\000\000\000\000\000\000\000\000\000\000\000\000\000\000\000\000\000\000""; requestCookie: 4; queryType: qtINDIRECT; queryDepth: 3; ","itype: liTS_CANDIDATE; ledgerHash: ""\r!N\267\203~\313a\272~\344A\332\034\332r\\301\240a\307\341\261(c(\021\265B\030@(""; nodeIDs: ""\000\000\000\000\000\000\000\000\000\000\000\000\000\000\000\000\000\000\000\000\000\000\000\000\000\000\000\000\000\000\000\000\000""; requestCookie: 4; queryType: qtINDIRECT; queryDepth: 3; "
1750587278315,1750587278315,779,1,0,3,TMValidation,"validation: """"\200\000\000\001&\000\000\000\007)/\352\224\n:v|\203\267)\257\206\032Q\311\347s\234ae\204\263\365U\334\372D\354\345\276\201f\035\271%#\375\245\314.""\373\330&\3746P\027\000\000\000\000\000\000\000\000\000\000\000\000\000\000\000\000\000\000\000\000\000\000\000\000\000\000\000\000\000\000\000\000P\031\221=\252\002\267\225zg\264\253\271T\346ji\003\235\236Pis\264\375\222|H\344\261g?[gs!\003.\200\224\215?)t\306\315\242\313\251\255\302\204=\232.\271%}\013\024s\024\002@\216l""\241FvG0E\002!\000\201\3352A\dJ\377\005\310\204P\314|\260a\3151\035\302\317V\2359\014\376\005B\030\376\244\321\002 \r\346\002\222-[j\005\372F)\205\016\204\323>Qe\326\n$\334\345\020:\201\261~\345\333aH""; ","validation: """"\200\000\000\001&\000\000\000\007)/\352\224\n:v|\203\267)\257\206\032Q\311\347s\234ae\204\263\365U\334\372D\354\345\276\201f\035\271%#\375\245\314.""\373\330&\3746P\027\000\000\000\000\000\000\000\000\000\000\000\000\000\000\000\000\000\000\000\000\000\000\000\000\000\000\000\000\000\000\000\000P\031\221=\252\002\267\225zg\264\253\271T\346ji\003\235\236Pis\264\375\222|H\344\261g?[gs!\003.\200\224\215?)t\306\315\242\313\251\255\302\204=\232.\271%}\013\024s\024\002@\216l""\241FvG0E\002!\000\201\3352A\dJ\377\005\310\204P\314|\260a\3151\035\302\317V\2359\014\376\005B\030\376\244\321\002 \r\346\002\222-[j\005\372F)\205\016\204\323>Qe\326\n$\334\345\020:\201\261~\345\333aH""; "
1750587278315,1750587278315,2684,1,0,1,TMValidation,"validation: """"\200\000\000\001&\000\000\000\007)/\352\224\n:v|\203\267)\257\206\032Q\311\347s\234ae\204\263\365U\334\372D\354\345\276\201f\035\271%#\375\245\314.""\373\330&\3746P\027\000\000\000\000\000\000\000\000\000\000\000\000\000\000\000\000\000\000\000\000\000\000\000\000\000\000\000\000\000\000\000\000P\031\221=\252\002\267\225zg\264\253\271T\346ji\003\235\236Pis\264\375\222|H\344\261g?[gs!\003.\200\224\215?)t\306\315\242\313\251\255\302\204=\232.\271%}\013\024s\024\002@\216l""\241FvG0E\002!\000\201\3352A\dJ\377\005\310\204P\314|\260a\3151\035\302\317V\2359\014\376\005B\030\376\244\321\002 \r\346\002\222-[j\005\372F)\205\016\204\323>Qe\326\n$\334\345\020:\201\261~\345\333aH""; ","validation: """"\200\000\000\001&\000\000\000\007)/\352\224\n:v|\203\267)\257\206\032Q\311\347s\234ae\204\263\365U\334\372D\354\345\276\201f\035\271%#\375\245\314.""\373\330&\3746P\027\000\000\000\000\000\000\000\000\000\000\000\000\000\000\000\000\000\000\000\000\000\000\000\000\000\000\000\000\000\000\000\000P\031\221=\252\002\267\225zg\264\253\271T\346ji\003\235\236Pis\264\375\222|H\344\261g?[gs!\003.\200\224\215?)t\306\315\242\313\251\255\302\204=\232.\271%}\013\024s\024\002@\216l""\241FvG0E\002!\000\201\3352A\dJ\377\005\310\204P\314|\260a\3151\035\302\317V\2359\014\376\005B\030\376\244\321\002 \r\346\002\222-[j\005\372F)\205\016\204\323>Qe\326\n$\334\345\020:\201\261~\345\333aH""; "
1750587278315,1750587278315,3563,1,0,2,TMValidation,"validation: """"\200\000\000\001&\000\000\000\007)/\352\224\n:v|\203\267)\257\206\032Q\311\347s\234ae\204\263\365U\334\372D\354\345\276\201f\035\271%#\375\245\314.""\373\330&\3746P\027\000\000\000\000\000\000\000\000\000\000\000\000\000\000\000\000\000\000\000\000\000\000\000\000\000\000\000\000\000\000\000\000P\031\221=\252\002\267\225zg\264\253\271T\346ji\003\235\236Pis\264\375\222|H\344\261g?[gs!\003.\200\224\215?)t\306\315\242\313\251\255\302\204=\232.\271%}\013\024s\024\002@\216l""\241FvG0E\002!\000\201\3352A\dJ\377\005\310\204P\314|\260a\3151\035\302\317V\2359\014\376\005B\030\376\244\321\002 \r\346\002\222-[j\005\372F)\205\016\204\323>Qe\326\n$\334\345\020:\201\261~\345\333aH""; ","validation: """"\200\000\000\001&\000\000\000\007)/\352\224\n:v|\203\267)\257\206\032Q\311\347s\234ae\204\263\365U\334\372D\354\345\276\201f\035\271%#\375\245\314.""\373\330&\3746P\027\000\000\000\000\000\000\000\000\000\000\000\000\000\000\000\000\000\000\000\000\000\000\000\000\000\000\000\000\000\000\000\000P\031\221=\252\002\267\225zg\264\253\271T\346ji\003\235\236Pis\264\375\222|H\344\261g?[gs!\003.\200\224\215?)t\306\315\242\313\251\255\302\204=\232.\271%}\013\024s\024\002@\216l""\241FvG0E\002!\000\201\3352A\dJ\377\005\310\204P\314|\260a\3151\035\302\317V\2359\014\376\005B\030\376\244\321\002 \r\346\002\222-[j\005\372F)\205\016\204\323>Qe\326\n$\334\345\020:\201\261~\345\333aH""; "
1750587278356,1750587278356,557,1,4,1,TMGetLedger,"itype: liTS_CANDIDATE; ledgerHash: ""\r!N\267\203~\313a\272~\344A\332\034\332r\\301\240a\307\341\261(c(\021\265B\030@(""; nodeIDs: ""\000\000\000\000\000\000\000\000\000\000\000\000\000\000\000\000\000\000\000\000\000\000\000\000\000\000\000\000\000\000\000\000\000""; queryType: qtINDIRECT; queryDepth: 3; ","itype: liTS_CANDIDATE; ledgerHash: ""\r!N\267\203~\313a\272~\344A\332\034\332r\\301\240a\307\341\261(c(\021\265B\030@(""; nodeIDs: ""\000\000\000\000\000\000\000\000\000\000\000\000\000\000\000\000\000\000\000\000\000\000\000\000\000\000\000\000\000\000\000\000\000""; queryType: qtINDIRECT; queryDepth: 3; "
1750587278356,1750587278356,769,1,4,0,TMGetLedger,"itype: liTS_CANDIDATE; ledgerHash: ""\r!N\267\203~\313a\272~\344A\332\034\332r\\301\240a\307\341\261(c(\021\265B\030@(""; nodeIDs: ""\000\000\000\000\000\000\000\000\000\000\000\000\000\000\000\000\000\000\000\000\000\000\000\000\000\000\000\000\000\000\000\000\000""; queryType: qtINDIRECT; queryDepth: 3; ","itype: liTS_CANDIDATE; ledgerHash: ""\r!N\267\203~\313a\272~\344A\332\034\332r\\301\240a\307\341\261(c(\021\265B\030@(""; nodeIDs: ""\000\000\000\000\000\000\000\000\000\000\000\000\000\000\000\000\000\000\000\000\000\000\000\000\000\000\000\000\000\000\000\000\000""; queryType: qtINDIRECT; queryDepth: 3; "
1750587278357,1750587278357,1467,1,4,2,TMGetLedger,"itype: liTS_CANDIDATE; ledgerHash: ""\r!N\267\203~\313a\272~\344A\332\034\332r\\301\240a\307\341\261(c(\021\265B\030@(""; nodeIDs: ""\000\000\000\000\000\000\000\000\000\000\000\000\000\000\000\000\000\000\000\000\000\000\000\000\000\000\000\000\000\000\000\000\000""; queryType: qtINDIRECT; queryDepth: 3; ","itype: liTS_CANDIDATE; ledgerHash: ""\r!N\267\203~\313a\272~\344A\332\034\332r\\301\240a\307\341\261(c(\021\265B\030@(""; nodeIDs: ""\000\000\000\000\000\000\000\000\000\000\000\000\000\000\000\000\000\000\000\000\000\000\000\000\000\000\000\000\000\000\000\000\000""; queryType: qtINDIRECT; queryDepth: 3; "
1750587278357,1750587278357,3914,1,4,3,TMGetLedger,"itype: liTS_CANDIDATE; ledgerHash: ""\r!N\267\203~\313a\272~\344A\332\034\332r\\301\240a\307\341\261(c(\021\265B\030@(""; nodeIDs: ""\000\000\000\000\000\000\000\000\000\000\000\000\000\000\000\000\000\000\000\000\000\000\000\000\000\000\000\000\000\000\000\000\000""; queryType: qtINDIRECT; queryDepth: 3; ","itype: liTS_CANDIDATE; ledgerHash: ""\r!N\267\203~\313a\272~\344A\332\034\332r\\301\240a\307\341\261(c(\021\265B\030@(""; nodeIDs: ""\000\000\000\000\000\000\000\000\000\000\000\000\000\000\000\000\000\000\000\000\000\000\000\000\000\000\000\000\000\000\000\000\000""; queryType: qtINDIRECT; queryDepth: 3; "
1750587278363,1750587278364,393,1,0,1,TMGetLedger,"itype: liTS_CANDIDATE; ledgerHash: ""\007\347lg\346B\270\350\352\375\266\371?(\361\364\365I|\375\262>\230(\333\250\331\007\360U\024\027""; nodeIDs: ""\000\000\000\000\000\000\000\000\000\000\000\000\000\000\000\000\000\000\000\000\000\000\000\000\000\000\000\000\000\000\000\000\000""; queryType: qtINDIRECT; queryDepth: 3; ","itype: liTS_CANDIDATE; ledgerHash: ""\007\347lg\346B\270\350\352\375\266\371?(\361\364\365I|\375\262>\230(\333\250\331\007\360U\024\027""; nodeIDs: ""\000\000\000\000\000\000\000\000\000\000\000\000\000\000\000\000\000\000\000\000\000\000\000\000\000\000\000\000\000\000\000\000\000""; queryType: qtINDIRECT; queryDepth: 3; "
1750587278364,1750587278364,1466,1,0,4,TMGetLedger,"itype: liTS_CANDIDATE; ledgerHash: ""\007\347lg\346B\270\350\352\375\266\371?(\361\364\365I|\375\262>\230(\333\250\331\007\360U\024\027""; nodeIDs: ""\000\000\000\000\000\000\000\000\000\000\000\000\000\000\000\000\000\000\000\000\000\000\000\000\000\000\000\000\000\000\000\000\000""; queryType: qtINDIRECT; queryDepth: 3; ","itype: liTS_CANDIDATE; ledgerHash: ""\007\347lg\346B\270\350\352\375\266\371?(\361\364\365I|\375\262>\230(\333\250\331\007\360U\024\027""; nodeIDs: ""\000\000\000\000\000\000\000\000\000\000\000\000\000\000\000\000\000\000\000\000\000\000\000\000\000\000\000\000\000\000\000\000\000""; queryType: qtINDIRECT; queryDepth: 3; "
1750587278364,1750587278365,1764,1,0,3,TMGetLedger,"itype: liTS_CANDIDATE; ledgerHash: ""\007\347lg\346B\270\350\352\375\266\371?(\361\364\365I|\375\262>\230(\333\250\331\007\360U\024\027""; nodeIDs: ""\000\000\000\000\000\000\000\000\000\000\000\000\000\000\000\000\000\000\000\000\000\000\000\000\000\000\000\000\000\000\000\000\000""; queryType: qtINDIRECT; queryDepth: 3; ","itype: liTS_CANDIDATE; ledgerHash: ""\007\347lg\346B\270\350\352\375\266\371?(\361\364\365I|\375\262>\230(\333\250\331\007\360U\024\027""; nodeIDs: ""\000\000\000\000\000\000\000\000\000\000\000\000\000\000\000\000\000\000\000\000\000\000\000\000\000\000\000\000\000\000\000\000\000""; queryType: qtINDIRECT; queryDepth: 3; "
1750587278365,1750587278365,3414,1,0,2,TMGetLedger,"itype: liTS_CANDIDATE; ledgerHash: ""\007\347lg\346B\270\350\352\375\266\371?(\361\364\365I|\375\262>\230(\333\250\331\007\360U\024\027""; nodeIDs: ""\000\000\000\000\000\000\000\000\000\000\000\000\000\000\000\000\000\000\000\000\000\000\000\000\000\000\000\000\000\000\000\000\000""; queryType: qtINDIRECT; queryDepth: 3; ","itype: liTS_CANDIDATE; ledgerHash: ""\007\347lg\346B\270\350\352\375\266\371?(\361\364\365I|\375\262>\230(\333\250\331\007\360U\024\027""; nodeIDs: ""\000\000\000\000\000\000\000\000\000\000\000\000\000\000\000\000\000\000\000\000\000\000\000\000\000\000\000\000\000\000\000\000\000""; queryType: qtINDIRECT; queryDepth: 3; "
1750587278369,1750587278369,572,1,1,0,TMGetLedger,"itype: liTS_CANDIDATE; ledgerHash: ""b\001;\355\\351h\305\360*\252j\2470\334[#|\313\3606\207\210\245\372\217RX\333g`K""; nodeIDs: ""\000\000\000\000\000\000\000\000\000\000\000\000\000\000\000\000\000\000\000\000\000\000\000\000\000\000\000\000\000\000\000\000\000""; queryType: qtINDIRECT; queryDepth: 3; ","itype: liTS_CANDIDATE; ledgerHash: ""b\001;\355\\351h\305\360*\252j\2470\334[#|\313\3606\207\210\245\372\217RX\333g`K""; nodeIDs: ""\000\000\000\000\000\000\000\000\000\000\000\000\000\000\000\000\000\000\000\000\000\000\000\000\000\000\000\000\000\000\000\000\000""; queryType: qtINDIRECT; queryDepth: 3; "
1750587278373,1750587278373,1582,1,2,0,TMGetLedger,"itype: liTS_CANDIDATE; ledgerHash: ""\r!N\267\203~\313a\272~\344A\332\034\332r\\301\240a\307\341\261(c(\021\265B\030@(""; nodeIDs: ""\000\000\000\000\000\000\000\000\000\000\000\000\000\000\000\000\000\000\000\000\000\000\000\000\000\000\000\000\000\000\000\000\000""; requestCookie: 3; queryType: qtINDIRECT; queryDepth: 3; ","itype: liTS_CANDIDATE; ledgerHash: ""\r!N\267\203~\313a\272~\344A\332\034\332r\\301\240a\307\341\261(c(\021\265B\030@(""; nodeIDs: ""\000\000\000\000\000\000\000\000\000\000\000\000\000\000\000\000\000\000\000\000\000\000\000\000\000\000\000\000\000\000\000\000\000""; requestCookie: 3; queryType: qtINDIRECT; queryDepth: 3; "
1750587278429,1750587278429,628,1,3,2,TMLedgerData,"ledgerHash: ""u\315\243\367\211\2625\240r:n\277\003\026\366\353'\216jy9\\001\220\223~\341j\254O\025\257""; ledgerSeq: 0; type: liTS_CANDIDATE; nodes {;   nodedata: ""\022\000\000""\000\000\000\000$\000\000\000\001 \033\000\000\000\027a@\000\000\027H\206*@h@\000\000\000\000\000\000\ns!\0030\347\374\235V\273%\326\211;\243\363\027\256[\3173\263)\033\326=\263&T\243\023""/\177\320 tF0D\002 0\023\341\332; \2711\245\020\321\3300\345\267-)\230\177\246\236AQ\327\203\207H\226+\000%\336\002 \024\036\211\237\201t\376\272E\270\230\020\334\014\356g\273\025((\376\266\216@ \254^2T\233\013\034\201\024\265\367by\212S\325C\240\024\312\370\262\227\317\370\362\3717\350\203\024E0\246\210\344\325\345r\024T\251\006P\255\352\333\372\351\337\302\000"";   nodeid: ""\240\000\000\000\000\000\000\000\000\000\000\000\000\000\000\000\000\000\000\000\000\000\000\000\000\000\000\000\000\000\000\000\001""; }; requestCookie: 2; ","ledgerHash: ""u\315\243\367\211\2625\240r:n\277\003\026\366\353'\216jy9\\001\220\223~\341j\254O\025\257""; ledgerSeq: 0; type: liTS_CANDIDATE; nodes {;   nodedata: ""\022\000\000""\000\000\000\000$\000\000\000\001 \033\000\000\000\027a@\000\000\027H\206*@h@\000\000\000\000\000\000\ns!\0030\347\374\235V\273%\326\211;\243\363\027\256[\3173\263)\033\326=\263&T\243\023""/\177\320 tF0D\002 0\023\341\332; \2711\245\020\321\3300\345\267-)\230\177\246\236AQ\327\203\207H\226+\000%\336\002 \024\036\211\237\201t\376\272E\270\230\020\334\014\356g\273\025((\376\266\216@ \254^2T\233\013\034\201\024\265\367by\212S\325C\240\024\312\370\262\227\317\370\362\3717\350\203\024E0\246\210\344\325\345r\024T\251\006P\255\352\333\372\351\337\302\000"";   nodeid: ""\240\000\000\000\000\000\000\000\000\000\000\000\000\000\000\000\000\000\000\000\000\000\000\000\000\000\000\000\000\000\000\000\001""; }; requestCookie: 2; "
1750587278439,1750587278439,499,1,2,4,TMGetLedger,"itype: liTS_CANDIDATE; ledgerHash: ""\r!N\267\203~\313a\272~\344A\332\034\332r\\301\240a\307\341\261(c(\021\265B\030@(""; nodeIDs: ""\000\000\000\000\000\000\000\000\000\000\000\000\000\000\000\000\000\000\000\000\000\000\000\000\000\000\000\000\000\000\000\000\000""; queryType: qtINDIRECT; queryDepth: 3; ","itype: liTS_CANDIDATE; ledgerHash: ""\r!N\267\203~\313a\272~\344A\332\034\332r\\301\240a\307\341\261(c(\021\265B\030@(""; nodeIDs: ""\000\000\000\000\000\000\000\000\000\000\000\000\000\000\000\000\000\000\000\000\000\000\000\000\000\000\000\000\000\000\000\000\000""; queryType: qtINDIRECT; queryDepth: 3; "
1750587278447,1750587278447,572,1,1,0,TMGetLedger,"itype: liTS_CANDIDATE; ledgerHash: ""\r!N\267\203~\313a\272~\344A\332\034\332r\\301\240a\307\341\261(c(\021\265B\030@(""; nodeIDs: ""\000\000\000\000\000\000\000\000\000\000\000\000\000\000\000\000\000\000\000\000\000\000\000\000\000\000\000\000\000\000\000\000\000""; queryType: qtINDIRECT; queryDepth: 3; ","itype: liTS_CANDIDATE; ledgerHash: ""\r!N\267\203~\313a\272~\344A\332\034\332r\\301\240a\307\341\261(c(\021\265B\030@(""; nodeIDs: ""\000\000\000\000\000\000\000\000\000\000\000\000\000\000\000\000\000\000\000\000\000\000\000\000\000\000\000\000\000\000\000\000\000""; queryType: qtINDIRECT; queryDepth: 3; "
1750587278449,1750587278449,2860,1,1,4,TMGetLedger,"itype: liTS_CANDIDATE; ledgerHash: ""\r!N\267\203~\313a\272~\344A\332\034\332r\\301\240a\307\341\261(c(\021\265B\030@(""; nodeIDs: ""\000\000\000\000\000\000\000\000\000\000\000\000\000\000\000\000\000\000\000\000\000\000\000\000\000\000\000\000\000\000\000\000\000""; queryType: qtINDIRECT; queryDepth: 3; ","itype: liTS_CANDIDATE; ledgerHash: ""\r!N\267\203~\313a\272~\344A\332\034\332r\\301\240a\307\341\261(c(\021\265B\030@(""; nodeIDs: ""\000\000\000\000\000\000\000\000\000\000\000\000\000\000\000\000\000\000\000\000\000\000\000\000\000\000\000\000\000\000\000\000\000""; queryType: qtINDIRECT; queryDepth: 3; "
1750587278448,1750587278449,674,1,1,2,TMGetLedger,"itype: liTS_CANDIDATE; ledgerHash: ""\r!N\267\203~\313a\272~\344A\332\034\332r\\301\240a\307\341\261(c(\021\265B\030@(""; nodeIDs: ""\000\000\000\000\000\000\000\000\000\000\000\000\000\000\000\000\000\000\000\000\000\000\000\000\000\000\000\000\000\000\000\000\000""; queryType: qtINDIRECT; queryDepth: 3; ","itype: liTS_CANDIDATE; ledgerHash: ""\r!N\267\203~\313a\272~\344A\332\034\332r\\301\240a\307\341\261(c(\021\265B\030@(""; nodeIDs: ""\000\000\000\000\000\000\000\000\000\000\000\000\000\000\000\000\000\000\000\000\000\000\000\000\000\000\000\000\000\000\000\000\000""; queryType: qtINDIRECT; queryDepth: 3; "
1750587278448,1750587278448,3553,1,1,3,TMGetLedger,"itype: liTS_CANDIDATE; ledgerHash: ""\r!N\267\203~\313a\272~\344A\332\034\332r\\301\240a\307\341\261(c(\021\265B\030@(""; nodeIDs: ""\000\000\000\000\000\000\000\000\000\000\000\000\000\000\000\000\000\000\000\000\000\000\000\000\000\000\000\000\000\000\000\000\000""; queryType: qtINDIRECT; queryDepth: 3; ","itype: liTS_CANDIDATE; ledgerHash: ""\r!N\267\203~\313a\272~\344A\332\034\332r\\301\240a\307\341\261(c(\021\265B\030@(""; nodeIDs: ""\000\000\000\000\000\000\000\000\000\000\000\000\000\000\000\000\000\000\000\000\000\000\000\000\000\000\000\000\000\000\000\000\000""; queryType: qtINDIRECT; queryDepth: 3; "
1750587278486,1750587278486,499,1,2,4,TMGetLedger,"itype: liTS_CANDIDATE; ledgerHash: ""\007\347lg\346B\270\350\352\375\266\371?(\361\364\365I|\375\262>\230(\333\250\331\007\360U\024\027""; nodeIDs: ""\000\000\000\000\000\000\000\000\000\000\000\000\000\000\000\000\000\000\000\000\000\000\000\000\000\000\000\000\000\000\000\000\000""; queryType: qtINDIRECT; queryDepth: 3; ","itype: liTS_CANDIDATE; ledgerHash: ""\007\347lg\346B\270\350\352\375\266\371?(\361\364\365I|\375\262>\230(\333\250\331\007\360U\024\027""; nodeIDs: ""\000\000\000\000\000\000\000\000\000\000\000\000\000\000\000\000\000\000\000\000\000\000\000\000\000\000\000\000\000\000\000\000\000""; queryType: qtINDIRECT; queryDepth: 3; "
1750587278521,1750587278521,1136,1,3,0,TMGetLedger,"itype: liTS_CANDIDATE; ledgerHash: ""\007\347lg\346B\270\350\352\375\266\371?(\361\364\365I|\375\262>\230(\333\250\331\007\360U\024\027""; nodeIDs: ""\000\000\000\000\000\000\000\000\000\000\000\000\000\000\000\000\000\000\000\000\000\000\000\000\000\000\000\000\000\000\000\000\000""; queryType: qtINDIRECT; queryDepth: 3; ","itype: liTS_CANDIDATE; ledgerHash: ""\007\347lg\346B\270\350\352\375\266\371?(\361\364\365I|\375\262>\230(\333\250\331\007\360U\024\027""; nodeIDs: ""\000\000\000\000\000\000\000\000\000\000\000\000\000\000\000\000\000\000\000\000\000\000\000\000\000\000\000\000\000\000\000\000\000""; queryType: qtINDIRECT; queryDepth: 3; "
1750587278521,1750587278521,2142,1,3,1,TMGetLedger,"itype: liTS_CANDIDATE; ledgerHash: ""\007\347lg\346B\270\350\352\375\266\371?(\361\364\365I|\375\262>\230(\333\250\331\007\360U\024\027""; nodeIDs: ""\000\000\000\000\000\000\000\000\000\000\000\000\000\000\000\000\000\000\000\000\000\000\000\000\000\000\000\000\000\000\000\000\000""; queryType: qtINDIRECT; queryDepth: 3; ","itype: liTS_CANDIDATE; ledgerHash: ""\007\347lg\346B\270\350\352\375\266\371?(\361\364\365I|\375\262>\230(\333\250\331\007\360U\024\027""; nodeIDs: ""\000\000\000\000\000\000\000\000\000\000\000\000\000\000\000\000\000\000\000\000\000\000\000\000\000\000\000\000\000\000\000\000\000""; queryType: qtINDIRECT; queryDepth: 3; "
1750587278522,1750587278522,3118,1,3,4,TMGetLedger,"itype: liTS_CANDIDATE; ledgerHash: ""\007\347lg\346B\270\350\352\375\266\371?(\361\364\365I|\375\262>\230(\333\250\331\007\360U\024\027""; nodeIDs: ""\000\000\000\000\000\000\000\000\000\000\000\000\000\000\000\000\000\000\000\000\000\000\000\000\000\000\000\000\000\000\000\000\000""; queryType: qtINDIRECT; queryDepth: 3; ","itype: liTS_CANDIDATE; ledgerHash: ""\007\347lg\346B\270\350\352\375\266\371?(\361\364\365I|\375\262>\230(\333\250\331\007\360U\024\027""; nodeIDs: ""\000\000\000\000\000\000\000\000\000\000\000\000\000\000\000\000\000\000\000\000\000\000\000\000\000\000\000\000\000\000\000\000\000""; queryType: qtINDIRECT; queryDepth: 3; "
1750587278522,1750587278522,1590,1,3,2,TMGetLedger,"itype: liTS_CANDIDATE; ledgerHash: ""\007\347lg\346B\270\350\352\375\266\371?(\361\364\365I|\375\262>\230(\333\250\331\007\360U\024\027""; nodeIDs: ""\000\000\000\000\000\000\000\000\000\000\000\000\000\000\000\000\000\000\000\000\000\000\000\000\000\000\000\000\000\000\000\000\000""; queryType: qtINDIRECT; queryDepth: 3; ","itype: liTS_CANDIDATE; ledgerHash: ""\007\347lg\346B\270\350\352\375\266\371?(\361\364\365I|\375\262>\230(\333\250\331\007\360U\024\027""; nodeIDs: ""\000\000\000\000\000\000\000\000\000\000\000\000\000\000\000\000\000\000\000\000\000\000\000\000\000\000\000\000\000\000\000\000\000""; queryType: qtINDIRECT; queryDepth: 3; "
1750587278523,1750587278524,3792,1,0,1,TMLedgerData,"ledgerHash: ""\r!N\267\203~\313a\272~\344A\332\034\332r\\301\240a\307\341\261(c(\021\265B\030@(""; ledgerSeq: 0; type: liTS_CANDIDATE; nodes {;   nodedata: ""\247\272\246\2214\014W1\360z\262\252=\343\207'\275\266;\016\021\306\330\030\225\023\357\272\353\200x\221\n\003"";   nodeid: ""\000\000\000\000\000\000\000\000\000\000\000\000\000\000\000\000\000\000\000\000\000\000\000\000\000\000\000\000\000\000\000\000\000""; }; ","ledgerHash: ""\r!N\267\203~\313a\272~\344A\332\034\332r\\301\240a\307\341\261(c(\021\265B\030@(""; ledgerSeq: 0; type: liTS_CANDIDATE; nodes {;   nodedata: ""\247\272\246\2214\014W1\360z\262\252=\343\207'\275\266;\016\021\306\330\030\225\023\357\272\353\200x\221\n\003"";   nodeid: ""\000\000\000\000\000\000\000\000\000\000\000\000\000\000\000\000\000\000\000\000\000\000\000\000\000\000\000\000\000\000\000\000\000""; }; "
1750587278528,1750587278528,779,1,0,3,TMValidation,"validation: """"\200\000\000\001&\000\000\000\007)/\352\224\013:?HT\314/\177\320^Q\311\347s\234ae\204\263\365U\334\372D\354\345\276\201f\035\271%#\375\245\314.""\373\330&\3746P\027\000\000\000\000\000\000\000\000\000\000\000\000\000\000\000\000\000\000\000\000\000\000\000\000\000\000\000\000\000\000\000\000P\031\221=\252\002\267\225zg\264\253\271T\346ji\003\235\236Pis\264\375\222|H\344\261g?[gs!\003\343\005\311u\203\370\0338\3174\324\010\006\301\251\177\261\304eOX\262)FA-\022r\263wm\024vG0E\002!\000\324\222""\273=!\201\207r\242\005L\332U\006Z\021\244\233 ?cO\3207\005\366\210Cw\223\324\002 \037M\200v\323\246\336zn\t\224\017\270G\013\236\363\211e\247\323\307\250\\023>\001@#\007Jj""; ","validation: """"\200\000\000\001&\000\000\000\007)/\352\224\013:?HT\314/\177\320^Q\311\347s\234ae\204\263\365U\334\372D\354\345\276\201f\035\271%#\375\245\314.""\373\330&\3746P\027\000\000\000\000\000\000\000\000\000\000\000\000\000\000\000\000\000\000\000\000\000\000\000\000\000\000\000\000\000\000\000\000P\031\221=\252\002\267\225zg\264\253\271T\346ji\003\235\236Pis\264\375\222|H\344\261g?[gs!\003\343\005\311u\203\370\0338\3174\324\010\006\301\251\177\261\304eOX\262)FA-\022r\263wm\024vG0E\002!\000\324\222""\273=!\201\207r\242\005L\332U\006Z\021\244\233 ?cO\3207\005\366\210Cw\223\324\002 \037M\200v\323\246\336zn\t\224\017\270G\013\236\363\211e\247\323\307\250\\023>\001@#\007Jj""; "
1750587278528,1750587278529,792,1,0,4,TMValidation,"validation: """"\200\000\000\001&\000\000\000\007)/\352\224\013:?HT\314/\177\320^Q\311\347s\234ae\204\263\365U\334\372D\354\345\276\201f\035\271%#\375\245\314.""\373\330&\3746P\027\000\000\000\000\000\000\000\000\000\000\000\000\000\000\000\000\000\000\000\000\000\000\000\000\000\000\000\000\000\000\000\000P\031\221=\252\002\267\225zg\264\253\271T\346ji\003\235\236Pis\264\375\222|H\344\261g?[gs!\003\343\005\311u\203\370\0338\3174\324\010\006\301\251\177\261\304eOX\262)FA-\022r\263wm\024vG0E\002!\000\324\222""\273=!\201\207r\242\005L\332U\006Z\021\244\233 ?cO\3207\005\366\210Cw\223\324\002 \037M\200v\323\246\336zn\t\224\017\270G\013\236\363\211e\247\323\307\250\\023>\001@#\007Jj""; ","validation: """"\200\000\000\001&\000\000\000\007)/\352\224\013:?HT\314/\177\320^Q\311\347s\234ae\204\263\365U\334\372D\354\345\276\201f\035\271%#\375\245\314.""\373\330&\3746P\027\000\000\000\000\000\000\000\000\000\000\000\000\000\000\000\000\000\000\000\000\000\000\000\000\000\000\000\000\000\000\000\000P\031\221=\252\002\267\225zg\264\253\271T\346ji\003\235\236Pis\264\375\222|H\344\261g?[gs!\003\343\005\311u\203\370\0338\3174\324\010\006\301\251\177\261\304eOX\262)FA-\022r\263wm\024vG0E\002!\000\324\222""\273=!\201\207r\242\005L\332U\006Z\021\244\233 ?cO\3207\005\366\210Cw\223\324\002 \037M\200v\323\246\336zn\t\224\017\270G\013\236\363\211e\247\323\307\250\\023>\001@#\007Jj""; "
1750587278529,1750587278529,3563,1,0,2,TMValidation,"validation: """"\200\000\000\001&\000\000\000\007)/\352\224\013:?HT\314/\177\320^Q\311\347s\234ae\204\263\365U\334\372D\354\345\276\201f\035\271%#\375\245\314.""\373\330&\3746P\027\000\000\000\000\000\000\000\000\000\000\000\000\000\000\000\000\000\000\000\000\000\000\000\000\000\000\000\000\000\000\000\000P\031\221=\252\002\267\225zg\264\253\271T\346ji\003\235\236Pis\264\375\222|H\344\261g?[gs!\003\343\005\311u\203\370\0338\3174\324\010\006\301\251\177\261\304eOX\262)FA-\022r\263wm\024vG0E\002!\000\324\222""\273=!\201\207r\242\005L\332U\006Z\021\244\233 ?cO\3207\005\366\210Cw\223\324\002 \037M\200v\323\246\336zn\t\224\017\270G\013\236\363\211e\247\323\307\250\\023>\001@#\007Jj""; ","validation: """"\200\000\000\001&\000\000\000\007)/\352\224\013:?HT\314/\177\320^Q\311\347s\234ae\204\263\365U\334\372D\354\345\276\201f\035\271%#\375\245\314.""\373\330&\3746P\027\000\000\000\000\000\000\000\000\000\000\000\000\000\000\000\000\000\000\000\000\000\000\000\000\000\000\000\000\000\000\000\000P\031\221=\252\002\267\225zg\264\253\271T\346ji\003\235\236Pis\264\375\222|H\344\261g?[gs!\003\343\005\311u\203\370\0338\3174\324\010\006\301\251\177\261\304eOX\262)FA-\022r\263wm\024vG0E\002!\000\324\222""\273=!\201\207r\242\005L\332U\006Z\021\244\233 ?cO\3207\005\366\210Cw\223\324\002 \037M\200v\323\246\336zn\t\224\017\270G\013\236\363\211e\247\323\307\250\\023>\001@#\007Jj""; "
1750587278541,1750587278541,572,1,1,0,TMGetLedger,"itype: liTS_CANDIDATE; ledgerHash: ""\r!N\267\203~\313a\272~\344A\332\034\332r\\301\240a\307\341\261(c(\021\265B\030@(""; nodeIDs: ""\000\000\000\000\000\000\000\000\000\000\000\000\000\000\000\000\000\000\000\000\000\000\000\000\000\000\000\000\000\000\000\000\000""; requestCookie: 4; queryType: qtINDIRECT; queryDepth: 3; ","itype: liTS_CANDIDATE; ledgerHash: ""\r!N\267\203~\313a\272~\344A\332\034\332r\\301\240a\307\341\261(c(\021\265B\030@(""; nodeIDs: ""\000\000\000\000\000\000\000\000\000\000\000\000\000\000\000\000\000\000\000\000\000\000\000\000\000\000\000\000\000\000\000\000\000""; requestCookie: 4; queryType: qtINDIRECT; queryDepth: 3; "
1750587278580,1750587278580,2472,1,1,2,TMLedgerData,"ledgerHash: ""\007\347lg\346B\270\350\352\375\266\371?(\361\364\365I|\375\262>\230(\333\250\331\007\360U\024\027""; ledgerSeq: 0; type: liTS_CANDIDATE; nodes {;   nodedata: ""\003S\n\235\2624\346\340\377asq\337\223T\316nL\232)C!\360\245\205[L\224\\351\351\000\003"";   nodeid: ""\000\000\000\000\000\000\000\000\000\000\000\000\000\000\000\000\000\000\000\000\000\000\000\000\000\000\000\000\000\000\000\000\000""; }; ","ledgerHash: ""\007\347lg\346B\270\350\352\375\266\371?(\361\364\365I|\375\262>\230(\333\250\331\007\360U\024\027""; ledgerSeq: 0; type: liTS_CANDIDATE; nodes {;   nodedata: ""\003S\n\235\2624\346\340\377asq\337\223T\316nL\232)C!\360\245\205[L\224\\351\351\000\003"";   nodeid: ""\000\000\000\000\000\000\000\000\000\000\000\000\000\000\000\000\000\000\000\000\000\000\000\000\000\000\000\000\000\000\000\000\000""; }; "
1750587278606,1750587278606,557,1,4,1,TMGetLedger,"itype: liTS_CANDIDATE; ledgerHash: ""\r!N\267\203~\313a\272~\344A\332\034\332r\\301\240a\307\341\261(c(\021\265B\030@(""; nodeIDs: ""\000\000\000\000\000\000\000\000\000\000\000\000\000\000\000\000\000\000\000\000\000\000\000\000\000\000\000\000\000\000\000\000\000""; queryType: qtINDIRECT; queryDepth: 3; ","itype: liTS_CANDIDATE; ledgerHash: ""\r!N\267\203~\313a\272~\344A\332\034\332r\\301\240a\307\341\261(c(\021\265B\030@(""; nodeIDs: ""\000\000\000\000\000\000\000\000\000\000\000\000\000\000\000\000\000\000\000\000\000\000\000\000\000\000\000\000\000\000\000\000\000""; queryType: qtINDIRECT; queryDepth: 3; "
1750587278607,1750587278607,769,1,4,0,TMGetLedger,"itype: liTS_CANDIDATE; ledgerHash: ""\r!N\267\203~\313a\272~\344A\332\034\332r\\301\240a\307\341\261(c(\021\265B\030@(""; nodeIDs: ""\000\000\000\000\000\000\000\000\000\000\000\000\000\000\000\000\000\000\000\000\000\000\000\000\000\000\000\000\000\000\000\000\000""; queryType: qtINDIRECT; queryDepth: 3; ","itype: liTS_CANDIDATE; ledgerHash: ""\r!N\267\203~\313a\272~\344A\332\034\332r\\301\240a\307\341\261(c(\021\265B\030@(""; nodeIDs: ""\000\000\000\000\000\000\000\000\000\000\000\000\000\000\000\000\000\000\000\000\000\000\000\000\000\000\000\000\000\000\000\000\000""; queryType: qtINDIRECT; queryDepth: 3; "
1750587278607,1750587278607,1467,1,4,2,TMGetLedger,"itype: liTS_CANDIDATE; ledgerHash: ""\r!N\267\203~\313a\272~\344A\332\034\332r\\301\240a\307\341\261(c(\021\265B\030@(""; nodeIDs: ""\000\000\000\000\000\000\000\000\000\000\000\000\000\000\000\000\000\000\000\000\000\000\000\000\000\000\000\000\000\000\000\000\000""; queryType: qtINDIRECT; queryDepth: 3; ","itype: liTS_CANDIDATE; ledgerHash: ""\r!N\267\203~\313a\272~\344A\332\034\332r\\301\240a\307\341\261(c(\021\265B\030@(""; nodeIDs: ""\000\000\000\000\000\000\000\000\000\000\000\000\000\000\000\000\000\000\000\000\000\000\000\000\000\000\000\000\000\000\000\000\000""; queryType: qtINDIRECT; queryDepth: 3; "
1750587278607,1750587278607,3914,1,4,3,TMGetLedger,"itype: liTS_CANDIDATE; ledgerHash: ""\r!N\267\203~\313a\272~\344A\332\034\332r\\301\240a\307\341\261(c(\021\265B\030@(""; nodeIDs: ""\000\000\000\000\000\000\000\000\000\000\000\000\000\000\000\000\000\000\000\000\000\000\000\000\000\000\000\000\000\000\000\000\000""; queryType: qtINDIRECT; queryDepth: 3; ","itype: liTS_CANDIDATE; ledgerHash: ""\r!N\267\203~\313a\272~\344A\332\034\332r\\301\240a\307\341\261(c(\021\265B\030@(""; nodeIDs: ""\000\000\000\000\000\000\000\000\000\000\000\000\000\000\000\000\000\000\000\000\000\000\000\000\000\000\000\000\000\000\000\000\000""; queryType: qtINDIRECT; queryDepth: 3; "
1750587278614,1750587278614,393,1,0,1,TMGetLedger,"itype: liTS_CANDIDATE; ledgerHash: ""\007\347lg\346B\270\350\352\375\266\371?(\361\364\365I|\375\262>\230(\333\250\331\007\360U\024\027""; nodeIDs: ""\000\000\000\000\000\000\000\000\000\000\000\000\000\000\000\000\000\000\000\000\000\000\000\000\000\000\000\000\000\000\000\000\000""; queryType: qtINDIRECT; queryDepth: 3; ","itype: liTS_CANDIDATE; ledgerHash: ""\007\347lg\346B\270\350\352\375\266\371?(\361\364\365I|\375\262>\230(\333\250\331\007\360U\024\027""; nodeIDs: ""\000\000\000\000\000\000\000\000\000\000\000\000\000\000\000\000\000\000\000\000\000\000\000\000\000\000\000\000\000\000\000\000\000""; queryType: qtINDIRECT; queryDepth: 3; "
1750587278614,1750587278615,1466,1,0,4,TMGetLedger,"itype: liTS_CANDIDATE; ledgerHash: ""\007\347lg\346B\270\350\352\375\266\371?(\361\364\365I|\375\262>\230(\333\250\331\007\360U\024\027""; nodeIDs: ""\000\000\000\000\000\000\000\000\000\000\000\000\000\000\000\000\000\000\000\000\000\000\000\000\000\000\000\000\000\000\000\000\000""; queryType: qtINDIRECT; queryDepth: 3; ","itype: liTS_CANDIDATE; ledgerHash: ""\007\347lg\346B\270\350\352\375\266\371?(\361\364\365I|\375\262>\230(\333\250\331\007\360U\024\027""; nodeIDs: ""\000\000\000\000\000\000\000\000\000\000\000\000\000\000\000\000\000\000\000\000\000\000\000\000\000\000\000\000\000\000\000\000\000""; queryType: qtINDIRECT; queryDepth: 3; "
1750587278615,1750587278615,1764,1,0,3,TMGetLedger,"itype: liTS_CANDIDATE; ledgerHash: ""\007\347lg\346B\270\350\352\375\266\371?(\361\364\365I|\375\262>\230(\333\250\331\007\360U\024\027""; nodeIDs: ""\000\000\000\000\000\000\000\000\000\000\000\000\000\000\000\000\000\000\000\000\000\000\000\000\000\000\000\000\000\000\000\000\000""; queryType: qtINDIRECT; queryDepth: 3; ","itype: liTS_CANDIDATE; ledgerHash: ""\007\347lg\346B\270\350\352\375\266\371?(\361\364\365I|\375\262>\230(\333\250\331\007\360U\024\027""; nodeIDs: ""\000\000\000\000\000\000\000\000\000\000\000\000\000\000\000\000\000\000\000\000\000\000\000\000\000\000\000\000\000\000\000\000\000""; queryType: qtINDIRECT; queryDepth: 3; "
1750587278616,1750587278616,3414,1,0,2,TMGetLedger,"itype: liTS_CANDIDATE; ledgerHash: ""\007\347lg\346B\270\350\352\375\266\371?(\361\364\365I|\375\262>\230(\333\250\331\007\360U\024\027""; nodeIDs: ""\000\000\000\000\000\000\000\000\000\000\000\000\000\000\000\000\000\000\000\000\000\000\000\000\000\000\000\000\000\000\000\000\000""; queryType: qtINDIRECT; queryDepth: 3; ","itype: liTS_CANDIDATE; ledgerHash: ""\007\347lg\346B\270\350\352\375\266\371?(\361\364\365I|\375\262>\230(\333\250\331\007\360U\024\027""; nodeIDs: ""\000\000\000\000\000\000\000\000\000\000\000\000\000\000\000\000\000\000\000\000\000\000\000\000\000\000\000\000\000\000\000\000\000""; queryType: qtINDIRECT; queryDepth: 3; "
1750587278619,1750587278619,3553,1,1,3,TMGetLedger,"itype: liTS_CANDIDATE; ledgerHash: ""b\001;\355\\351h\305\360*\252j\2470\334[#|\313\3606\207\210\245\372\217RX\333g`K""; nodeIDs: ""\000\000\000\000\000\000\000\000\000\000\000\000\000\000\000\000\000\000\000\000\000\000\000\000\000\000\000\000\000\000\000\000\000""; queryType: qtINDIRECT; queryDepth: 3; ","itype: liTS_CANDIDATE; ledgerHash: ""b\001;\355\\351h\305\360*\252j\2470\334[#|\313\3606\207\210\245\372\217RX\333g`K""; nodeIDs: ""\000\000\000\000\000\000\000\000\000\000\000\000\000\000\000\000\000\000\000\000\000\000\000\000\000\000\000\000\000\000\000\000\000""; queryType: qtINDIRECT; queryDepth: 3; "
1750587278623,1750587278623,1582,1,2,0,TMGetLedger,"itype: liTS_CANDIDATE; ledgerHash: ""\r!N\267\203~\313a\272~\344A\332\034\332r\\301\240a\307\341\261(c(\021\265B\030@(""; nodeIDs: ""\000\000\000\000\000\000\000\000\000\000\000\000\000\000\000\000\000\000\000\000\000\000\000\000\000\000\000\000\000\000\000\000\000""; requestCookie: 3; queryType: qtINDIRECT; queryDepth: 3; ","itype: liTS_CANDIDATE; ledgerHash: ""\r!N\267\203~\313a\272~\344A\332\034\332r\\301\240a\307\341\261(c(\021\265B\030@(""; nodeIDs: ""\000\000\000\000\000\000\000\000\000\000\000\000\000\000\000\000\000\000\000\000\000\000\000\000\000\000\000\000\000\000\000\000\000""; requestCookie: 3; queryType: qtINDIRECT; queryDepth: 3; "
1750587278678,1750587278679,628,1,3,2,TMLedgerData,"ledgerHash: ""u\315\243\367\211\2625\240r:n\277\003\026\366\353'\216jy9\\001\220\223~\341j\254O\025\257""; ledgerSeq: 0; type: liTS_CANDIDATE; nodes {;   nodedata: ""\022\000\000""\000\000\000\000$\000\000\000\001 \033\000\000\000\027a@\000\000\027H\206*@h@\000\000\000\000\000\000\ns!\0030\347\374\235V\273%\326\211;\243\363\027\256[\3173\263)\033\326=\263&T\243\023""/\177\320 tF0D\002 0\023\341\332; \2711\245\020\321\3300\345\267-)\230\177\246\236AQ\327\203\207H\226+\000%\336\002 \024\036\211\237\201t\376\272E\270\230\020\334\014\356g\273\025((\376\266\216@ \254^2T\233\013\034\201\024\265\367by\212S\325C\240\024\312\370\262\227\317\370\362\3717\350\203\024E0\246\210\344\325\345r\024T\251\006P\255\352\333\372\351\337\302\000"";   nodeid: ""\240\000\000\000\000\000\000\000\000\000\000\000\000\000\000\000\000\000\000\000\000\000\000\000\000\000\000\000\000\000\000\000\001""; }; requestCookie: 2; ","ledgerHash: ""u\315\243\367\211\2625\240r:n\277\003\026\366\353'\216jy9\\001\220\223~\341j\254O\025\257""; ledgerSeq: 0; type: liTS_CANDIDATE; nodes {;   nodedata: ""\022\000\000""\000\000\000\000$\000\000\000\001 \033\000\000\000\027a@\000\000\027H\206*@h@\000\000\000\000\000\000\ns!\0030\347\374\235V\273%\326\211;\243\363\027\256[\3173\263)\033\326=\263&T\243\023""/\177\320 tF0D\002 0\023\341\332; \2711\245\020\321\3300\345\267-)\230\177\246\236AQ\327\203\207H\226+\000%\336\002 \024\036\211\237\201t\376\272E\270\230\020\334\014\356g\273\025((\376\266\216@ \254^2T\233\013\034\201\024\265\367by\212S\325C\240\024\312\370\262\227\317\370\362\3717\350\203\024E0\246\210\344\325\345r\024T\251\006P\255\352\333\372\351\337\302\000"";   nodeid: ""\240\000\000\000\000\000\000\000\000\000\000\000\000\000\000\000\000\000\000\000\000\000\000\000\000\000\000\000\000\000\000\000\001""; }; requestCookie: 2; "
1750587278689,1750587278689,342,1,2,1,TMGetLedger,"itype: liTS_CANDIDATE; ledgerHash: ""\r!N\267\203~\313a\272~\344A\332\034\332r\\301\240a\307\341\261(c(\021\265B\030@(""; nodeIDs: ""\000\000\000\000\000\000\000\000\000\000\000\000\000\000\000\000\000\000\000\000\000\000\000\000\000\000\000\000\000\000\000\000\000""; queryType: qtINDIRECT; queryDepth: 3; ","itype: liTS_CANDIDATE; ledgerHash: ""\r!N\267\203~\313a\272~\344A\332\034\332r\\301\240a\307\341\261(c(\021\265B\030@(""; nodeIDs: ""\000\000\000\000\000\000\000\000\000\000\000\000\000\000\000\000\000\000\000\000\000\000\000\000\000\000\000\000\000\000\000\000\000""; queryType: qtINDIRECT; queryDepth: 3; "
1750587278697,1750587278697,572,1,1,0,TMGetLedger,"itype: liTS_CANDIDATE; ledgerHash: ""\r!N\267\203~\313a\272~\344A\332\034\332r\\301\240a\307\341\261(c(\021\265B\030@(""; nodeIDs: ""\000\000\000\000\000\000\000\000\000\000\000\000\000\000\000\000\000\000\000\000\000\000\000\000\000\000\000\000\000\000\000\000\000""; queryType: qtINDIRECT; queryDepth: 3; ","itype: liTS_CANDIDATE; ledgerHash: ""\r!N\267\203~\313a\272~\344A\332\034\332r\\301\240a\307\341\261(c(\021\265B\030@(""; nodeIDs: ""\000\000\000\000\000\000\000\000\000\000\000\000\000\000\000\000\000\000\000\000\000\000\000\000\000\000\000\000\000\000\000\000\000""; queryType: qtINDIRECT; queryDepth: 3; "
1750587278699,1750587278699,2860,1,1,4,TMGetLedger,"itype: liTS_CANDIDATE; ledgerHash: ""\r!N\267\203~\313a\272~\344A\332\034\332r\\301\240a\307\341\261(c(\021\265B\030@(""; nodeIDs: ""\000\000\000\000\000\000\000\000\000\000\000\000\000\000\000\000\000\000\000\000\000\000\000\000\000\000\000\000\000\000\000\000\000""; queryType: qtINDIRECT; queryDepth: 3; ","itype: liTS_CANDIDATE; ledgerHash: ""\r!N\267\203~\313a\272~\344A\332\034\332r\\301\240a\307\341\261(c(\021\265B\030@(""; nodeIDs: ""\000\000\000\000\000\000\000\000\000\000\000\000\000\000\000\000\000\000\000\000\000\000\000\000\000\000\000\000\000\000\000\000\000""; queryType: qtINDIRECT; queryDepth: 3; "
1750587278699,1750587278699,3553,1,1,3,TMGetLedger,"itype: liTS_CANDIDATE; ledgerHash: ""\r!N\267\203~\313a\272~\344A\332\034\332r\\301\240a\307\341\261(c(\021\265B\030@(""; nodeIDs: ""\000\000\000\000\000\000\000\000\000\000\000\000\000\000\000\000\000\000\000\000\000\000\000\000\000\000\000\000\000\000\000\000\000""; queryType: qtINDIRECT; queryDepth: 3; ","itype: liTS_CANDIDATE; ledgerHash: ""\r!N\267\203~\313a\272~\344A\332\034\332r\\301\240a\307\341\261(c(\021\265B\030@(""; nodeIDs: ""\000\000\000\000\000\000\000\000\000\000\000\000\000\000\000\000\000\000\000\000\000\000\000\000\000\000\000\000\000\000\000\000\000""; queryType: qtINDIRECT; queryDepth: 3; "
1750587278698,1750587278698,674,1,1,2,TMGetLedger,"itype: liTS_CANDIDATE; ledgerHash: ""\r!N\267\203~\313a\272~\344A\332\034\332r\\301\240a\307\341\261(c(\021\265B\030@(""; nodeIDs: ""\000\000\000\000\000\000\000\000\000\000\000\000\000\000\000\000\000\000\000\000\000\000\000\000\000\000\000\000\000\000\000\000\000""; queryType: qtINDIRECT; queryDepth: 3; ","itype: liTS_CANDIDATE; ledgerHash: ""\r!N\267\203~\313a\272~\344A\332\034\332r\\301\240a\307\341\261(c(\021\265B\030@(""; nodeIDs: ""\000\000\000\000\000\000\000\000\000\000\000\000\000\000\000\000\000\000\000\000\000\000\000\000\000\000\000\000\000\000\000\000\000""; queryType: qtINDIRECT; queryDepth: 3; "
1750587278701,1750587278701,2792,1,4,2,TMLedgerData,"ledgerHash: ""\354@[\274\202\021\202\373Vi\243\n\325\250\005e\360""m\346'\311@\343\016$L\346\334\360<w""; ledgerSeq: 8; type: liBASE; nodes {;   nodedata: ""\000\000\000\010\001cEx]\211\377\342\311\347s\234ae\204\263\365U\334\372D\354\345\276\201f\035\271%#\375\245\314.""\373\330&\3746\000\000\000\000\000\000\000\000\000\000\000\000\000\000\000\000\000\000\000\000\000\000\000\000\000\000\000\000\000\000\000\000\245lQI\023\t3o\213\325\024\3601\255\010\244\306\3215\261\204Q\r\327\317\312f\322eb\215C/\352\224\010/\352\224\020\n\000""; }; nodes {;   nodedata: ""h\315\350\215y\203\242]\371\235\232Pt&\325\210eZ\346\237XZ \277\2457n\221\336\253\245\317\002w\n\356\350\316{k\272E0\225\362\025\010\366\367\372\263\355xq\360\261\376M<\356\347\007zf\307\006E\344\037@\210\363\010\336T\226\247'\204_{\261\370""1\235\2445\343\033Y!\212\201\341\272\225'\007*$\244&\336\343'\233i\332\374\245 {^\306-N\333\gE\006\347\212\331C\211Z\177\247\031\n\265\022\035W\277\033\265pM\027\313x\327iNP(O\216Pk&\235\336\223\217\374\212\253\322w\362\013\210`4\253""\302f\230\374\037bx\0145C\307\337\316[\244d\302\3031\347\300\025aX\357\226\221\016\003""; }; ","ledgerHash: ""\354@[\274\202\021\202\373Vi\243\n\325\250\005e\360""m\346'\311@\343\016$L\346\334\360<w""; ledgerSeq: 8; type: liBASE; nodes {;   nodedata: ""\000\000\000\010\001cEx]\211\377\342\311\347s\234ae\204\263\365U\334\372D\354\345\276\201f\035\271%#\375\245\314.""\373\330&\3746\000\000\000\000\000\000\000\000\000\000\000\000\000\000\000\000\000\000\000\000\000\000\000\000\000\000\000\000\000\000\000\000\245lQI\023\t3o\213\325\024\3601\255\010\244\306\3215\261\204Q\r\327\317\312f\322eb\215C/\352\224\010/\352\224\020\n\000""; }; nodes {;   nodedata: ""h\315\350\215y\203\242]\371\235\232Pt&\325\210eZ\346\237XZ \277\2457n\221\336\253\245\317\002w\n\356\350\316{k\272E0\225\362\025\010\366\367\372\263\355xq\360\261\376M<\356\347\007zf\307\006E\344\037@\210\363\010\336T\226\247'\204_{\261\370""1\235\2445\343\033Y!\212\201\341\272\225'\007*$\244&\336\343'\233i\332\374\245 {^\306-N\333\gE\006\347\212\331C\211Z\177\247\031\n\265\022\035W\277\033\265pM\027\313x\327iNP(O\216Pk&\235\336\223\217\374\212\253\322w\362\013\210`4\253""\302f\230\374\037bx\0145C\307\337\316[\244d\302\3031\347\300\025aX\357\226\221\016\003""; }; "
1750587278737,1750587278737,1582,1,2,0,TMGetLedger,"itype: liTS_CANDIDATE; ledgerHash: ""\007\347lg\346B\270\350\352\375\266\371?(\361\364\365I|\375\262>\230(\333\250\331\007\360U\024\027""; nodeIDs: ""\000\000\000\000\000\000\000\000\000\000\000\000\000\000\000\000\000\000\000\000\000\000\000\000\000\000\000\000\000\000\000\000\000""; queryType: qtINDIRECT; queryDepth: 3; ","itype: liTS_CANDIDATE; ledgerHash: ""\007\347lg\346B\270\350\352\375\266\371?(\361\364\365I|\375\262>\230(\333\250\331\007\360U\024\027""; nodeIDs: ""\000\000\000\000\000\000\000\000\000\000\000\000\000\000\000\000\000\000\000\000\000\000\000\000\000\000\000\000\000\000\000\000\000""; queryType: qtINDIRECT; queryDepth: 3; "
1750587278738,1750587278738,1753,1,0,2,TMLedgerData,"ledgerHash: ""\311\347s\234ae\204\263\365U\334\372D\354\345\276\201f\035\271%#\375\245\314.""\373\330&\3746""; ledgerSeq: 7; type: liBASE; nodes {;   nodedata: ""\000\000\000\007\001cEx]\211\377\342\221=\252\002\267\225zg\264\253\271T\346ji\003\235\236Pis\264\375\222|H\344\261g?[g\000\000\000\000\000\000\000\000\000\000\000\000\000\000\000\000\000\000\000\000\000\000\000\000\000\000\000\000\000\000\000\000D Y\254\242~\215\352\235\025Y|\r\311\0032Z\345!\007\365\002ei\332\264\353iS.\2724/\352\224\007/\352\224\010\n\000""; }; nodes {;   nodedata: ""h\315\350\215y\203\242]\371\235\232Pt&\325\210eZ\346\237XZ \277\2457n\221\336\253\245\317\002w\n\356\350\316{k\272E0\225\362\025\010\366\367\372\263\355xq\360\261\376M<\356\347\007zf\307\006E\344\037@\210\363\010\336T\226\247'\204_{\261\370""1\235\2445\343\033Y!\212\201\341\272\225'\007*$\244&\336\343'\233i\332\374\245 {^\306-N\333\gE\006\347\212\331C\211Z\177\247\031\n\335C\213\334\371:&k\026k\220D\0042\357\322\376\365\347b\025;\204y1X\345\000&\377wn\013\210`4\253""\302f\230\374\037bx\0145C\307\337\316[\244d\302\3031\347\300\025aX\357\226\221\016\003""; }; ","ledgerHash: ""\311\347s\234ae\204\263\365U\334\372D\354\345\276\201f\035\271%#\375\245\314.""\373\330&\3746""; ledgerSeq: 7; type: liBASE; nodes {;   nodedata: ""\000\000\000\007\001cEx]\211\377\342\221=\252\002\267\225zg\264\253\271T\346ji\003\235\236Pis\264\375\222|H\344\261g?[g\000\000\000\000\000\000\000\000\000\000\000\000\000\000\000\000\000\000\000\000\000\000\000\000\000\000\000\000\000\000\000\000D Y\254\242~\215\352\235\025Y|\r\311\0032Z\345!\007\365\002ei\332\264\353iS.\2724/\352\224\007/\352\224\010\n\000""; }; nodes {;   nodedata: ""h\315\350\215y\203\242]\371\235\232Pt&\325\210eZ\346\237XZ \277\2457n\221\336\253\245\317\002w\n\356\350\316{k\272E0\225\362\025\010\366\367\372\263\355xq\360\261\376M<\356\347\007zf\307\006E\344\037@\210\363\010\336T\226\247'\204_{\261\370""1\235\2445\343\033Y!\212\201\341\272\225'\007*$\244&\336\343'\233i\332\374\245 {^\306-N\333\gE\006\347\212\331C\211Z\177\247\031\n\335C\213\334\371:&k\026k\220D\0042\357\322\376\365\347b\025;\204y1X\345\000&\377wn\013\210`4\253""\302f\230\374\037bx\0145C\307\337\316[\244d\302\3031\347\300\025aX\357\226\221\016\003""; }; "
1750587278738,1750587278738,3792,1,0,1,TMLedgerData,"ledgerHash: ""\r!N\267\203~\313a\272~\344A\332\034\332r\\301\240a\307\341\261(c(\021\265B\030@(""; ledgerSeq: 0; type: liTS_CANDIDATE; nodes {;   nodedata: ""\247\272\246\2214\014W1\360z\262\252=\343\207'\275\266;\016\021\306\330\030\225\023\357\272\353\200x\221\n\003"";   nodeid: ""\000\000\000\000\000\000\000\000\000\000\000\000\000\000\000\000\000\000\000\000\000\000\000\000\000\000\000\000\000\000\000\000\000""; }; requestCookie: 5; ","ledgerHash: ""\r!N\267\203~\313a\272~\344A\332\034\332r\\301\240a\307\341\261(c(\021\265B\030@(""; ledgerSeq: 0; type: liTS_CANDIDATE; nodes {;   nodedata: ""\247\272\246\2214\014W1\360z\262\252=\343\207'\275\266;\016\021\306\330\030\225\023\357\272\353\200x\221\n\003"";   nodeid: ""\000\000\000\000\000\000\000\000\000\000\000\000\000\000\000\000\000\000\000\000\000\000\000\000\000\000\000\000\000\000\000\000\000""; }; requestCookie: 5; "
1750587278742,1750587278742,2792,1,4,2,TMLedgerData,"ledgerHash: ""\354@[\274\202\021\202\373Vi\243\n\325\250\005e\360""m\346'\311@\343\016$L\346\334\360<w""; ledgerSeq: 8; type: liBASE; nodes {;   nodedata: ""\000\000\000\010\001cEx]\211\377\342\311\347s\234ae\204\263\365U\334\372D\354\345\276\201f\035\271%#\375\245\314.""\373\330&\3746\000\000\000\000\000\000\000\000\000\000\000\000\000\000\000\000\000\000\000\000\000\000\000\000\000\000\000\000\000\000\000\000\245lQI\023\t3o\213\325\024\3601\255\010\244\306\3215\261\204Q\r\327\317\312f\322eb\215C/\352\224\010/\352\224\020\n\000""; }; nodes {;   nodedata: ""h\315\350\215y\203\242]\371\235\232Pt&\325\210eZ\346\237XZ \277\2457n\221\336\253\245\317\002w\n\356\350\316{k\272E0\225\362\025\010\366\367\372\263\355xq\360\261\376M<\356\347\007zf\307\006E\344\037@\210\363\010\336T\226\247'\204_{\261\370""1\235\2445\343\033Y!\212\201\341\272\225'\007*$\244&\336\343'\233i\332\374\245 {^\306-N\333\gE\006\347\212\331C\211Z\177\247\031\n\265\022\035W\277\033\265pM\027\313x\327iNP(O\216Pk&\235\336\223\217\374\212\253\322w\362\013\210`4\253""\302f\230\374\037bx\0145C\307\337\316[\244d\302\3031\347\300\025aX\357\226\221\016\003""; }; ","ledgerHash: ""\354@[\274\202\021\202\373Vi\243\n\325\250\005e\360""m\346'\311@\343\016$L\346\334\360<w""; ledgerSeq: 8; type: liBASE; nodes {;   nodedata: ""\000\000\000\010\001cEx]\211\377\342\311\347s\234ae\204\263\365U\334\372D\354\345\276\201f\035\271%#\375\245\314.""\373\330&\3746\000\000\000\000\000\000\000\000\000\000\000\000\000\000\000\000\000\000\000\000\000\000\000\000\000\000\000\000\000\000\000\000\245lQI\023\t3o\213\325\024\3601\255\010\244\306\3215\261\204Q\r\327\317\312f\322eb\215C/\352\224\010/\352\224\020\n\000""; }; nodes {;   nodedata: ""h\315\350\215y\203\242]\371\235\232Pt&\325\210eZ\346\237XZ \277\2457n\221\336\253\245\317\002w\n\356\350\316{k\272E0\225\362\025\010\366\367\372\263\355xq\360\261\376M<\356\347\007zf\307\006E\344\037@\210\363\010\336T\226\247'\204_{\261\370""1\235\2445\343\033Y!\212\201\341\272\225'\007*$\244&\336\343'\233i\332\374\245 {^\306-N\333\gE\006\347\212\331C\211Z\177\247\031\n\265\022\035W\277\033\265pM\027\313x\327iNP(O\216Pk&\235\336\223\217\374\212\253\322w\362\013\210`4\253""\302f\230\374\037bx\0145C\307\337\316[\244d\302\3031\347\300\025aX\357\226\221\016\003""; }; "
1750587278755,1750587278755,3682,1,4,0,TMHaveTransactionSet,"status: tsHAVE; hash: ""\r!N\267\203~\313a\272~\344A\332\034\332r\\301\240a\307\341\261(c(\021\265B\030@(""; ","status: tsHAVE; hash: ""\r!N\267\203~\313a\272~\344A\332\034\332r\\301\240a\307\341\261(c(\021\265B\030@(""; "
1750587278755,1750587278756,1110,1,4,0,TMProposeSet,"proposeSeq: 0; currentTxHash: ""\r!N\267\203~\313a\272~\344A\332\034\332r\\301\240a\307\341\261(c(\021\265B\030@(""; nodePubKey: ""\003.\200\224\215?)t\306\315\242\313\251\255\302\204=\232.\271%}\013\024s\024\002@\216l""\241F""; closeTime: 803902478; signature: ""0D\002 z6\247q%\027\233\247\370B^H!\373\373\347\267Z\314\303\204\344!\035d\321\032\325\215\364\356\003\002 T\207?\351\220\010\254\273\370\027\207\177""\032\002\273\307\245mf5%\353_""\0263\247\004\035\222\203""; previousledger: ""\354@[\274\202\021\202\373Vi\243\n\325\250\005e\360""m\346'\311@\343\016$L\346\334\360<w""; ","proposeSeq: 0; currentTxHash: ""\r!N\267\203~\313a\272~\344A\332\034\332r\\301\240a\307\341\261(c(\021\265B\030@(""; nodePubKey: ""\003.\200\224\215?)t\306\315\242\313\251\255\302\204=\232.\271%}\013\024s\024\002@\216l""\241F""; closeTime: 803902478; signature: ""0D\002 z6\247q%\027\233\247\370B^H!\373\373\347\267Z\314\303\204\344!\035d\321\032\325\215\364\356\003\002 T\207?\351\220\010\254\273\370\027\207\177""\032\002\273\307\245mf5%\353_""\0263\247\004\035\222\203""; previousledger: ""\354@[\274\202\021\202\373Vi\243\n\325\250\005e\360""m\346'\311@\343\016$L\346\334\360<w""; "
1750587278757,1750587278758,3486,1,4,2,TMHaveTransactionSet,"status: tsHAVE; hash: ""\r!N\267\203~\313a\272~\344A\332\034\332r\\301\240a\307\341\261(c(\021\265B\030@(""; ","status: tsHAVE; hash: ""\r!N\267\203~\313a\272~\344A\332\034\332r\\301\240a\307\341\261(c(\021\265B\030@(""; "
1750587278764,1750587278764,3823,1,4,1,TMHaveTransactionSet,"status: tsHAVE; hash: ""\r!N\267\203~\313a\272~\344A\332\034\332r\\301\240a\307\341\261(c(\021\265B\030@(""; ","status: tsHAVE; hash: ""\r!N\267\203~\313a\272~\344A\332\034\332r\\301\240a\307\341\261(c(\021\265B\030@(""; "
1750587278789,1750587278789,3614,1,4,2,TMProposeSet,"proposeSeq: 0; currentTxHash: ""\r!N\267\203~\313a\272~\344A\332\034\332r\\301\240a\307\341\261(c(\021\265B\030@(""; nodePubKey: ""\003.\200\224\215?)t\306\315\242\313\251\255\302\204=\232.\271%}\013\024s\024\002@\216l""\241F""; closeTime: 803902478; signature: ""0D\002 z6\247q%\027\233\247\370B^H!\373\373\347\267Z\314\303\204\344!\035d\321\032\325\215\364\356\003\002 T\207?\351\220\010\254\273\370\027\207\177""\032\002\273\307\245mf5%\353_""\0263\247\004\035\222\203""; previousledger: ""\354@[\274\202\021\202\373Vi\243\n\325\250\005e\360""m\346'\311@\343\016$L\346\334\360<w""; ","proposeSeq: 0; currentTxHash: ""\r!N\267\203~\313a\272~\344A\332\034\332r\\301\240a\307\341\261(c(\021\265B\030@(""; nodePubKey: ""\003.\200\224\215?)t\306\315\242\313\251\255\302\204=\232.\271%}\013\024s\024\002@\216l""\241F""; closeTime: 803902478; signature: ""0D\002 z6\247q%\027\233\247\370B^H!\373\373\347\267Z\314\303\204\344!\035d\321\032\325\215\364\356\003\002 T\207?\351\220\010\254\273\370\027\207\177""\032\002\273\307\245mf5%\353_""\0263\247\004\035\222\203""; previousledger: ""\354@[\274\202\021\202\373Vi\243\n\325\250\005e\360""m\346'\311@\343\016$L\346\334\360<w""; "
1750587278790,1750587278790,980,1,4,1,TMProposeSet,"proposeSeq: 0; currentTxHash: ""\r!N\267\203~\313a\272~\344A\332\034\332r\\301\240a\307\341\261(c(\021\265B\030@(""; nodePubKey: ""\003.\200\224\215?)t\306\315\242\313\251\255\302\204=\232.\271%}\013\024s\024\002@\216l""\241F""; closeTime: 803902478; signature: ""0D\002 z6\247q%\027\233\247\370B^H!\373\373\347\267Z\314\303\204\344!\035d\321\032\325\215\364\356\003\002 T\207?\351\220\010\254\273\370\027\207\177""\032\002\273\307\245mf5%\353_""\0263\247\004\035\222\203""; previousledger: ""\354@[\274\202\021\202\373Vi\243\n\325\250\005e\360""m\346'\311@\343\016$L\346\334\360<w""; ","proposeSeq: 0; currentTxHash: ""\r!N\267\203~\313a\272~\344A\332\034\332r\\301\240a\307\341\261(c(\021\265B\030@(""; nodePubKey: ""\003.\200\224\215?)t\306\315\242\313\251\255\302\204=\232.\271%}\013\024s\024\002@\216l""\241F""; closeTime: 803902478; signature: ""0D\002 z6\247q%\027\233\247\370B^H!\373\373\347\267Z\314\303\204\344!\035d\321\032\325\215\364\356\003\002 T\207?\351\220\010\254\273\370\027\207\177""\032\002\273\307\245mf5%\353_""\0263\247\004\035\222\203""; previousledger: ""\354@[\274\202\021\202\373Vi\243\n\325\250\005e\360""m\346'\311@\343\016$L\346\334\360<w""; "
1750587278791,1750587278791,792,1,0,4,TMValidation,"validation: """"\200\000\000\001&\000\000\000\007)/\352\224\013:Q\231\304\227'3\313\030Q\311\347s\234ae\204\263\365U\334\372D\354\345\276\201f\035\271%#\375\245\314.""\373\330&\3746P\027\000\000\000\000\000\000\000\000\000\000\000\000\000\000\000\000\000\000\000\000\000\000\000\000\000\000\000\000\000\000\000\000P\031\221=\252\002\267\225zg\264\253\271T\346ji\003\235\236Pis\264\375\222|H\344\261g?[gs!\003ql\302)\235\321\t\213\224\356\374%%\311\327\037\374\304\t\335\2359\344\233\035]\347<u\236\364\222vG0E\002!\000\2045\005\264\357\204\262\331eh'I\210\356\372\023a\266j\300""jS_\350\221\307\367\262\334h\002\002 ""\330\206\245\\354\026\341At\305n\373\215\351:\213cO\034\007:a\177\023IY(`\350\305\245""; ","validation: """"\200\000\000\001&\000\000\000\007)/\352\224\013:Q\231\304\227'3\313\030Q\311\347s\234ae\204\263\365U\334\372D\354\345\276\201f\035\271%#\375\245\314.""\373\330&\3746P\027\000\000\000\000\000\000\000\000\000\000\000\000\000\000\000\000\000\000\000\000\000\000\000\000\000\000\000\000\000\000\000\000P\031\221=\252\002\267\225zg\264\253\271T\346ji\003\235\236Pis\264\375\222|H\344\261g?[gs!\003ql\302)\235\321\t\213\224\356\374%%\311\327\037\374\304\t\335\2359\344\233\035]\347<u\236\364\222vG0E\002!\000\2045\005\264\357\204\262\331eh'I\210\356\372\023a\266j\300""jS_\350\221\307\367\262\334h\002\002 ""\330\206\245\\354\026\341At\305n\373\215\351:\213cO\034\007:a\177\023IY(`\350\305\245""; "
1750587278791,1750587278791,2655,1,1,0,TMLedgerData,"ledgerHash: ""\007\347lg\346B\270\350\352\375\266\371?(\361\364\365I|\375\262>\230(\333\250\331\007\360U\024\027""; ledgerSeq: 0; type: liTS_CANDIDATE; nodes {;   nodedata: ""\003S\n\235\2624\346\340\377asq\337\223T\316nL\232)C!\360\245\205[L\224\\351\351\000\003"";   nodeid: ""\000\000\000\000\000\000\000\000\000\000\000\000\000\000\000\000\000\000\000\000\000\000\000\000\000\000\000\000\000\000\000\000\000""; }; ","ledgerHash: ""\007\347lg\346B\270\350\352\375\266\371?(\361\364\365I|\375\262>\230(\333\250\331\007\360U\024\027""; ledgerSeq: 0; type: liTS_CANDIDATE; nodes {;   nodedata: ""\003S\n\235\2624\346\340\377asq\337\223T\316nL\232)C!\360\245\205[L\224\\351\351\000\003"";   nodeid: ""\000\000\000\000\000\000\000\000\000\000\000\000\000\000\000\000\000\000\000\000\000\000\000\000\000\000\000\000\000\000\000\000\000""; }; "
1750587278792,1750587278792,779,1,0,3,TMValidation,"validation: """"\200\000\000\001&\000\000\000\007)/\352\224\013:Q\231\304\227'3\313\030Q\311\347s\234ae\204\263\365U\334\372D\354\345\276\201f\035\271%#\375\245\314.""\373\330&\3746P\027\000\000\000\000\000\000\000\000\000\000\000\000\000\000\000\000\000\000\000\000\000\000\000\000\000\000\000\000\000\000\000\000P\031\221=\252\002\267\225zg\264\253\271T\346ji\003\235\236Pis\264\375\222|H\344\261g?[gs!\003ql\302)\235\321\t\213\224\356\374%%\311\327\037\374\304\t\335\2359\344\233\035]\347<u\236\364\222vG0E\002!\000\2045\005\264\357\204\262\331eh'I\210\356\372\023a\266j\300""jS_\350\221\307\367\262\334h\002\002 ""\330\206\245\\354\026\341At\305n\373\215\351:\213cO\034\007:a\177\023IY(`\350\305\245""; ","validation: """"\200\000\000\001&\000\000\000\007)/\352\224\013:Q\231\304\227'3\313\030Q\311\347s\234ae\204\263\365U\334\372D\354\345\276\201f\035\271%#\375\245\314.""\373\330&\3746P\027\000\000\000\000\000\000\000\000\000\000\000\000\000\000\000\000\000\000\000\000\000\000\000\000\000\000\000\000\000\000\000\000P\031\221=\252\002\267\225zg\264\253\271T\346ji\003\235\236Pis\264\375\222|H\344\261g?[gs!\003ql\302)\235\321\t\213\224\356\374%%\311\327\037\374\304\t\335\2359\344\233\035]\347<u\236\364\222vG0E\002!\000\2045\005\264\357\204\262\331eh'I\210\356\372\023a\266j\300""jS_\350\221\307\367\262\334h\002\002 ""\330\206\245\\354\026\341At\305n\373\215\351:\213cO\034\007:a\177\023IY(`\350\305\245""; "
1750587278794,1750587278794,2684,1,0,1,TMValidation,"validation: """"\200\000\000\001&\000\000\000\007)/\352\224\013:Q\231\304\227'3\313\030Q\311\347s\234ae\204\263\365U\334\372D\354\345\276\201f\035\271%#\375\245\314.""\373\330&\3746P\027\000\000\000\000\000\000\000\000\000\000\000\000\000\000\000\000\000\000\000\000\000\000\000\000\000\000\000\000\000\000\000\000P\031\221=\252\002\267\225zg\264\253\271T\346ji\003\235\236Pis\264\375\222|H\344\261g?[gs!\003ql\302)\235\321\t\213\224\356\374%%\311\327\037\374\304\t\335\2359\344\233\035]\347<u\236\364\222vG0E\002!\000\2045\005\264\357\204\262\331eh'I\210\356\372\023a\266j\300""jS_\350\221\307\367\262\334h\002\002 ""\330\206\245\\354\026\341At\305n\373\215\351:\213cO\034\007:a\177\023IY(`\350\305\245""; ","validation: """"\200\000\000\001&\000\000\000\007)/\352\224\013:Q\231\304\227'3\313\030Q\311\347s\234ae\204\263\365U\334\372D\354\345\276\201f\035\271%#\375\245\314.""\373\330&\3746P\027\000\000\000\000\000\000\000\000\000\000\000\000\000\000\000\000\000\000\000\000\000\000\000\000\000\000\000\000\000\000\000\000P\031\221=\252\002\267\225zg\264\253\271T\346ji\003\235\236Pis\264\375\222|H\344\261g?[gs!\003ql\302)\235\321\t\213\224\356\374%%\311\327\037\374\304\t\335\2359\344\233\035]\347<u\236\364\222vG0E\002!\000\2045\005\264\357\204\262\331eh'I\210\356\372\023a\266j\300""jS_\350\221\307\367\262\334h\002\002 ""\330\206\245\\354\026\341At\305n\373\215\351:\213cO\034\007:a\177\023IY(`\350\305\245""; "
1750587278794,1750587278794,1136,1,3,0,TMGetLedger,"itype: liTS_CANDIDATE; ledgerHash: ""\007\347lg\346B\270\350\352\375\266\371?(\361\364\365I|\375\262>\230(\333\250\331\007\360U\024\027""; nodeIDs: ""\000\000\000\000\000\000\000\000\000\000\000\000\000\000\000\000\000\000\000\000\000\000\000\000\000\000\000\000\000\000\000\000\000""; queryType: qtINDIRECT; queryDepth: 3; ","itype: liTS_CANDIDATE; ledgerHash: ""\007\347lg\346B\270\350\352\375\266\371?(\361\364\365I|\375\262>\230(\333\250\331\007\360U\024\027""; nodeIDs: ""\000\000\000\000\000\000\000\000\000\000\000\000\000\000\000\000\000\000\000\000\000\000\000\000\000\000\000\000\000\000\000\000\000""; queryType: qtINDIRECT; queryDepth: 3; "
1750587278795,1750587278795,3118,1,3,4,TMGetLedger,"itype: liTS_CANDIDATE; ledgerHash: ""\007\347lg\346B\270\350\352\375\266\371?(\361\364\365I|\375\262>\230(\333\250\331\007\360U\024\027""; nodeIDs: ""\000\000\000\000\000\000\000\000\000\000\000\000\000\000\000\000\000\000\000\000\000\000\000\000\000\000\000\000\000\000\000\000\000""; queryType: qtINDIRECT; queryDepth: 3; ","itype: liTS_CANDIDATE; ledgerHash: ""\007\347lg\346B\270\350\352\375\266\371?(\361\364\365I|\375\262>\230(\333\250\331\007\360U\024\027""; nodeIDs: ""\000\000\000\000\000\000\000\000\000\000\000\000\000\000\000\000\000\000\000\000\000\000\000\000\000\000\000\000\000\000\000\000\000""; queryType: qtINDIRECT; queryDepth: 3; "
1750587278796,1750587278796,1590,1,3,2,TMGetLedger,"itype: liTS_CANDIDATE; ledgerHash: ""\007\347lg\346B\270\350\352\375\266\371?(\361\364\365I|\375\262>\230(\333\250\331\007\360U\024\027""; nodeIDs: ""\000\000\000\000\000\000\000\000\000\000\000\000\000\000\000\000\000\000\000\000\000\000\000\000\000\000\000\000\000\000\000\000\000""; queryType: qtINDIRECT; queryDepth: 3; ","itype: liTS_CANDIDATE; ledgerHash: ""\007\347lg\346B\270\350\352\375\266\371?(\361\364\365I|\375\262>\230(\333\250\331\007\360U\024\027""; nodeIDs: ""\000\000\000\000\000\000\000\000\000\000\000\000\000\000\000\000\000\000\000\000\000\000\000\000\000\000\000\000\000\000\000\000\000""; queryType: qtINDIRECT; queryDepth: 3; "
1750587278796,1750587278797,2142,1,3,1,TMGetLedger,"itype: liTS_CANDIDATE; ledgerHash: ""\007\347lg\346B\270\350\352\375\266\371?(\361\364\365I|\375\262>\230(\333\250\331\007\360U\024\027""; nodeIDs: ""\000\000\000\000\000\000\000\000\000\000\000\000\000\000\000\000\000\000\000\000\000\000\000\000\000\000\000\000\000\000\000\000\000""; queryType: qtINDIRECT; queryDepth: 3; ","itype: liTS_CANDIDATE; ledgerHash: ""\007\347lg\346B\270\350\352\375\266\371?(\361\364\365I|\375\262>\230(\333\250\331\007\360U\024\027""; nodeIDs: ""\000\000\000\000\000\000\000\000\000\000\000\000\000\000\000\000\000\000\000\000\000\000\000\000\000\000\000\000\000\000\000\000\000""; queryType: qtINDIRECT; queryDepth: 3; "
1750587278797,1750587278797,3792,1,0,1,TMLedgerData,"ledgerHash: ""\r!N\267\203~\313a\272~\344A\332\034\332r\\301\240a\307\341\261(c(\021\265B\030@(""; ledgerSeq: 0; type: liTS_CANDIDATE; nodes {;   nodedata: ""\247\272\246\2214\014W1\360z\262\252=\343\207'\275\266;\016\021\306\330\030\225\023\357\272\353\200x\221\n\003"";   nodeid: ""\000\000\000\000\000\000\000\000\000\000\000\000\000\000\000\000\000\000\000\000\000\000\000\000\000\000\000\000\000\000\000\000\000""; }; ","ledgerHash: ""\r!N\267\203~\313a\272~\344A\332\034\332r\\301\240a\307\341\261(c(\021\265B\030@(""; ledgerSeq: 0; type: liTS_CANDIDATE; nodes {;   nodedata: ""\247\272\246\2214\014W1\360z\262\252=\343\207'\275\266;\016\021\306\330\030\225\023\357\272\353\200x\221\n\003"";   nodeid: ""\000\000\000\000\000\000\000\000\000\000\000\000\000\000\000\000\000\000\000\000\000\000\000\000\000\000\000\000\000\000\000\000\000""; }; "
1750587278798,1750587278798,572,1,1,0,TMGetLedger,"itype: liTS_CANDIDATE; ledgerHash: ""\r!N\267\203~\313a\272~\344A\332\034\332r\\301\240a\307\341\261(c(\021\265B\030@(""; nodeIDs: ""\000\000\000\000\000\000\000\000\000\000\000\000\000\000\000\000\000\000\000\000\000\000\000\000\000\000\000\000\000\000\000\000\000""; requestCookie: 4; queryType: qtINDIRECT; queryDepth: 3; ","itype: liTS_CANDIDATE; ledgerHash: ""\r!N\267\203~\313a\272~\344A\332\034\332r\\301\240a\307\341\261(c(\021\265B\030@(""; nodeIDs: ""\000\000\000\000\000\000\000\000\000\000\000\000\000\000\000\000\000\000\000\000\000\000\000\000\000\000\000\000\000\000\000\000\000""; requestCookie: 4; queryType: qtINDIRECT; queryDepth: 3; "
1750587278798,1750587278798,961,1,4,3,TMProposeSet,"proposeSeq: 0; currentTxHash: ""\r!N\267\203~\313a\272~\344A\332\034\332r\\301\240a\307\341\261(c(\021\265B\030@(""; nodePubKey: ""\003.\200\224\215?)t\306\315\242\313\251\255\302\204=\232.\271%}\013\024s\024\002@\216l""\241F""; closeTime: 803902478; signature: ""0D\002 z6\247q%\027\233\247\370B^H!\373\373\347\267Z\314\303\204\344!\035d\321\032\325\215\364\356\003\002 T\207?\351\220\010\254\273\370\027\207\177""\032\002\273\307\245mf5%\353_""\0263\247\004\035\222\203""; previousledger: ""\354@[\274\202\021\202\373Vi\243\n\325\250\005e\360""m\346'\311@\343\016$L\346\334\360<w""; ","proposeSeq: 0; currentTxHash: ""\r!N\267\203~\313a\272~\344A\332\034\332r\\301\240a\307\341\261(c(\021\265B\030@(""; nodePubKey: ""\003.\200\224\215?)t\306\315\242\313\251\255\302\204=\232.\271%}\013\024s\024\002@\216l""\241F""; closeTime: 803902478; signature: ""0D\002 z6\247q%\027\233\247\370B^H!\373\373\347\267Z\314\303\204\344!\035d\321\032\325\215\364\356\003\002 T\207?\351\220\010\254\273\370\027\207\177""\032\002\273\307\245mf5%\353_""\0263\247\004\035\222\203""; previousledger: ""\354@[\274\202\021\202\373Vi\243\n\325\250\005e\360""m\346'\311@\343\016$L\346\334\360<w""; "
1750587278799,1750587278799,2714,1,4,3,TMHaveTransactionSet,"status: tsHAVE; hash: ""\r!N\267\203~\313a\272~\344A\332\034\332r\\301\240a\307\341\261(c(\021\265B\030@(""; ","status: tsHAVE; hash: ""\r!N\267\203~\313a\272~\344A\332\034\332r\\301\240a\307\341\261(c(\021\265B\030@(""; "
1750587278799,1750587278799,520,1,2,1,TMLedgerData,"ledgerHash: ""b\001;\355\\351h\305\360*\252j\2470\334[#|\313\3606\207\210\245\372\217RX\333g`K""; ledgerSeq: 0; type: liTS_CANDIDATE; nodes {;   nodedata: "" \245\366\271\024\035\303\242}O\341[\232\374\0350\307\253\205\001\301\216B\031pk\231\004\271\276\265\240\002\003"";   nodeid: ""\000\000\000\000\000\000\000\000\000\000\000\000\000\000\000\000\000\000\000\000\000\000\000\000\000\000\000\000\000\000\000\000\000""; }; ","ledgerHash: ""b\001;\355\\351h\305\360*\252j\2470\334[#|\313\3606\207\210\245\372\217RX\333g`K""; ledgerSeq: 0; type: liTS_CANDIDATE; nodes {;   nodedata: "" \245\366\271\024\035\303\242}O\341[\232\374\0350\307\253\205\001\301\216B\031pk\231\004\271\276\265\240\002\003"";   nodeid: ""\000\000\000\000\000\000\000\000\000\000\000\000\000\000\000\000\000\000\000\000\000\000\000\000\000\000\000\000\000\000\000\000\000""; }; "
1750587278754,1750587278820,3410,1,4,3,TMStatusChange,"newEvent: neCLOSING_LEDGER; ledgerSeq: 8; ledgerHash: ""\354@[\274\202\021\202\373Vi\243\n\325\250\005e\360""m\346'\311@\343\016$L\346\334\360<w""; ledgerHashPrevious: ""\311\347s\234ae\204\263\365U\334\372D\354\345\276\201f\035\271%#\375\245\314.""\373\330&\3746""; networkTime: 803902478; firstSeq: 1; lastSeq: 7; ","newEvent: neCLOSING_LEDGER; ledgerSeq: 8; ledgerHash: ""\354@[\274\202\021\202\373Vi\243\n\325\250\005e\360""m\346'\311@\343\016$L\346\334\360<w""; ledgerHashPrevious: ""\311\347s\234ae\204\263\365U\334\372D\354\345\276\201f\035\271%#\375\245\314.""\373\330&\3746""; networkTime: 803902478; firstSeq: 1; lastSeq: 7; "
1750587278755,1750587278823,1760,1,4,1,TMStatusChange,"newEvent: neCLOSING_LEDGER; ledgerSeq: 8; ledgerHash: ""\354@[\274\202\021\202\373Vi\243\n\325\250\005e\360""m\346'\311@\343\016$L\346\334\360<w""; ledgerHashPrevious: ""\311\347s\234ae\204\263\365U\334\372D\354\345\276\201f\035\271%#\375\245\314.""\373\330&\3746""; networkTime: 803902478; firstSeq: 1; lastSeq: 7; ","newEvent: neCLOSING_LEDGER; ledgerSeq: 8; ledgerHash: ""\354@[\274\202\021\202\373Vi\243\n\325\250\005e\360""m\346'\311@\343\016$L\346\334\360<w""; ledgerHashPrevious: ""\311\347s\234ae\204\263\365U\334\372D\354\345\276\201f\035\271%#\375\245\314.""\373\330&\3746""; networkTime: 803902478; firstSeq: 1; lastSeq: 7; "
1750587278756,1750587278824,1548,1,4,0,TMStatusChange,"newEvent: neCLOSING_LEDGER; ledgerSeq: 8; ledgerHash: ""\354@[\274\202\021\202\373Vi\243\n\325\250\005e\360""m\346'\311@\343\016$L\346\334\360<w""; ledgerHashPrevious: ""\311\347s\234ae\204\263\365U\334\372D\354\345\276\201f\035\271%#\375\245\314.""\373\330&\3746""; networkTime: 803902478; firstSeq: 1; lastSeq: 7; ","newEvent: neCLOSING_LEDGER; ledgerSeq: 8; ledgerHash: ""\354@[\274\202\021\202\373Vi\243\n\325\250\005e\360""m\346'\311@\343\016$L\346\334\360<w""; ledgerHashPrevious: ""\311\347s\234ae\204\263\365U\334\372D\354\345\276\201f\035\271%#\375\245\314.""\373\330&\3746""; networkTime: 803902478; firstSeq: 1; lastSeq: 7; "
1750587278756,1750587278831,1021,1,4,2,TMStatusChange,"newEvent: neCLOSING_LEDGER; ledgerSeq: 8; ledgerHash: ""\354@[\274\202\021\202\373Vi\243\n\325\250\005e\360""m\346'\311@\343\016$L\346\334\360<w""; ledgerHashPrevious: ""\311\347s\234ae\204\263\365U\334\372D\354\345\276\201f\035\271%#\375\245\314.""\373\330&\3746""; networkTime: 803902478; firstSeq: 1; lastSeq: 7; ","newEvent: neCLOSING_LEDGER; ledgerSeq: 8; ledgerHash: ""\354@[\274\202\021\202\373Vi\243\n\325\250\005e\360""m\346'\311@\343\016$L\346\334\360<w""; ledgerHashPrevious: ""\311\347s\234ae\204\263\365U\334\372D\354\345\276\201f\035\271%#\375\245\314.""\373\330&\3746""; networkTime: 803902478; firstSeq: 1; lastSeq: 7; "
1750587278866,1750587278866,3792,1,0,1,TMLedgerData,"ledgerHash: ""\r!N\267\203~\313a\272~\344A\332\034\332r\\301\240a\307\341\261(c(\021\265B\030@(""; ledgerSeq: 0; type: liTS_CANDIDATE; nodes {;   nodedata: ""\247\272\246\2214\014W1\360z\262\252=\343\207'\275\266;\016\021\306\330\030\225\023\357\272\353\200x\221\n\003"";   nodeid: ""\000\000\000\000\000\000\000\000\000\000\000\000\000\000\000\000\000\000\000\000\000\000\000\000\000\000\000\000\000\000\000\000\000""; }; requestCookie: 4; ","ledgerHash: ""\r!N\267\203~\313a\272~\344A\332\034\332r\\301\240a\307\341\261(c(\021\265B\030@(""; ledgerSeq: 0; type: liTS_CANDIDATE; nodes {;   nodedata: ""\247\272\246\2214\014W1\360z\262\252=\343\207'\275\266;\016\021\306\330\030\225\023\357\272\353\200x\221\n\003"";   nodeid: ""\000\000\000\000\000\000\000\000\000\000\000\000\000\000\000\000\000\000\000\000\000\000\000\000\000\000\000\000\000\000\000\000\000""; }; requestCookie: 4; "
1750587278867,1750587278868,1764,1,0,3,TMGetLedger,"itype: liTS_CANDIDATE; ledgerHash: ""\007\347lg\346B\270\350\352\375\266\371?(\361\364\365I|\375\262>\230(\333\250\331\007\360U\024\027""; nodeIDs: ""\000\000\000\000\000\000\000\000\000\000\000\000\000\000\000\000\000\000\000\000\000\000\000\000\000\000\000\000\000\000\000\000\000""; queryType: qtINDIRECT; queryDepth: 3; ","itype: liTS_CANDIDATE; ledgerHash: ""\007\347lg\346B\270\350\352\375\266\371?(\361\364\365I|\375\262>\230(\333\250\331\007\360U\024\027""; nodeIDs: ""\000\000\000\000\000\000\000\000\000\000\000\000\000\000\000\000\000\000\000\000\000\000\000\000\000\000\000\000\000\000\000\000\000""; queryType: qtINDIRECT; queryDepth: 3; "
1750587278867,1750587278867,1466,1,0,4,TMGetLedger,"itype: liTS_CANDIDATE; ledgerHash: ""\007\347lg\346B\270\350\352\375\266\371?(\361\364\365I|\375\262>\230(\333\250\331\007\360U\024\027""; nodeIDs: ""\000\000\000\000\000\000\000\000\000\000\000\000\000\000\000\000\000\000\000\000\000\000\000\000\000\000\000\000\000\000\000\000\000""; queryType: qtINDIRECT; queryDepth: 3; ","itype: liTS_CANDIDATE; ledgerHash: ""\007\347lg\346B\270\350\352\375\266\371?(\361\364\365I|\375\262>\230(\333\250\331\007\360U\024\027""; nodeIDs: ""\000\000\000\000\000\000\000\000\000\000\000\000\000\000\000\000\000\000\000\000\000\000\000\000\000\000\000\000\000\000\000\000\000""; queryType: qtINDIRECT; queryDepth: 3; "
1750587278868,1750587278868,3414,1,0,2,TMGetLedger,"itype: liTS_CANDIDATE; ledgerHash: ""\007\347lg\346B\270\350\352\375\266\371?(\361\364\365I|\375\262>\230(\333\250\331\007\360U\024\027""; nodeIDs: ""\000\000\000\000\000\000\000\000\000\000\000\000\000\000\000\000\000\000\000\000\000\000\000\000\000\000\000\000\000\000\000\000\000""; queryType: qtINDIRECT; queryDepth: 3; ","itype: liTS_CANDIDATE; ledgerHash: ""\007\347lg\346B\270\350\352\375\266\371?(\361\364\365I|\375\262>\230(\333\250\331\007\360U\024\027""; nodeIDs: ""\000\000\000\000\000\000\000\000\000\000\000\000\000\000\000\000\000\000\000\000\000\000\000\000\000\000\000\000\000\000\000\000\000""; queryType: qtINDIRECT; queryDepth: 3; "
1750587278869,1750587278869,393,1,0,1,TMGetLedger,"itype: liTS_CANDIDATE; ledgerHash: ""\007\347lg\346B\270\350\352\375\266\371?(\361\364\365I|\375\262>\230(\333\250\331\007\360U\024\027""; nodeIDs: ""\000\000\000\000\000\000\000\000\000\000\000\000\000\000\000\000\000\000\000\000\000\000\000\000\000\000\000\000\000\000\000\000\000""; queryType: qtINDIRECT; queryDepth: 3; ","itype: liTS_CANDIDATE; ledgerHash: ""\007\347lg\346B\270\350\352\375\266\371?(\361\364\365I|\375\262>\230(\333\250\331\007\360U\024\027""; nodeIDs: ""\000\000\000\000\000\000\000\000\000\000\000\000\000\000\000\000\000\000\000\000\000\000\000\000\000\000\000\000\000\000\000\000\000""; queryType: qtINDIRECT; queryDepth: 3; "
1750587278871,1750587278871,972,1,3,4,TMStatusChange,"newEvent: neACCEPTED_LEDGER; ledgerSeq: 8; ledgerHash: ""\237\231\311\371Y@""\177>\241""\310\233r\315\210Z\003g\334\034\021\305\3353Q\035\224\200\224\347\257""; ledgerHashPrevious: ""\311\347s\234ae\204\263\365U\334\372D\354\345\276\201f\035\271%#\375\245\314.""\373\330&\3746""; networkTime: 803902478; firstSeq: 1; lastSeq: 7; ","newEvent: neACCEPTED_LEDGER; ledgerSeq: 8; ledgerHash: ""\237\231\311\371Y@""\177>\241""\310\233r\315\210Z\003g\334\034\021\305\3353Q\035\224\200\224\347\257""; ledgerHashPrevious: ""\311\347s\234ae\204\263\365U\334\372D\354\345\276\201f\035\271%#\375\245\314.""\373\330&\3746""; networkTime: 803902478; firstSeq: 1; lastSeq: 7; "
1750587278872,1750587278872,2573,1,3,1,TMValidation,"validation: """"\200\000\000\001&\000\000\000\010)/\352\224\016:\211l\014`\252m\212dQ\237\231\311\371Y@""\177>\241""\310\233r\315\210Z\003g\334\034\021\305\3353Q\035\224\200\224\347\257P\027\r!N\267\203~\313a\272~\344A\332\034\332r\\301\240a\307\341\261(c(\021\265B\030@(P\031\311\347s\234ae\204\263\365U\334\372D\354\345\276\201f\035\271%#\375\245\314.""\373\330&\3746s!\003\325Q\255\224\274R@\312\253\262\347\352\034\346\347\242\215,\312\376=\277\353{\350\225\301\305`^, vF0D\002 \022/'\342Z\006k\364Cw\242\364\353\202\300x\241$\264\217\220\n""\342\224\014\337O\r\005\315\366\002 v""\t\332\026t\206\273VT\025n\332[\202\272\035o\017\351,\026\020\253\000\366\337\266MY\034j""; ","validation: """"\200\000\000\001&\000\000\000\010)/\352\224\016:\211l\014`\252m\212dQ\237\231\311\371Y@""\177>\241""\310\233r\315\210Z\003g\334\034\021\305\3353Q\035\224\200\224\347\257P\027\r!N\267\203~\313a\272~\344A\332\034\332r\\301\240a\307\341\261(c(\021\265B\030@(P\031\311\347s\234ae\204\263\365U\334\372D\354\345\276\201f\035\271%#\375\245\314.""\373\330&\3746s!\003\325Q\255\224\274R@\312\253\262\347\352\034\346\347\242\215,\312\376=\277\353{\350\225\301\305`^, vF0D\002 \022/'\342Z\006k\364Cw\242\364\353\202\300x\241$\264\217\220\n""\342\224\014\337O\r\005\315\366\002 v""\t\332\026t\206\273VT\025n\332[\202\272\035o\017\351,\026\020\253\000\366\337\266MY\034j""; "
1750587278871,1750587278871,3501,1,3,4,TMValidation,"validation: """"\200\000\000\001&\000\000\000\010)/\352\224\016:\211l\014`\252m\212dQ\237\231\311\371Y@""\177>\241""\310\233r\315\210Z\003g\334\034\021\305\3353Q\035\224\200\224\347\257P\027\r!N\267\203~\313a\272~\344A\332\034\332r\\301\240a\307\341\261(c(\021\265B\030@(P\031\311\347s\234ae\204\263\365U\334\372D\354\345\276\201f\035\271%#\375\245\314.""\373\330&\3746s!\003\325Q\255\224\274R@\312\253\262\347\352\034\346\347\242\215,\312\376=\277\353{\350\225\301\305`^, vF0D\002 \022/'\342Z\006k\364Cw\242\364\353\202\300x\241$\264\217\220\n""\342\224\014\337O\r\005\315\366\002 v""\t\332\026t\206\273VT\025n\332[\202\272\035o\017\351,\026\020\253\000\366\337\266MY\034j""; ","validation: """"\200\000\000\001&\000\000\000\010)/\352\224\016:\211l\014`\252m\212dQ\237\231\311\371Y@""\177>\241""\310\233r\315\210Z\003g\334\034\021\305\3353Q\035\224\200\224\347\257P\027\r!N\267\203~\313a\272~\344A\332\034\332r\\301\240a\307\341\261(c(\021\265B\030@(P\031\311\347s\234ae\204\263\365U\334\372D\354\345\276\201f\035\271%#\375\245\314.""\373\330&\3746s!\003\325Q\255\224\274R@\312\253\262\347\352\034\346\347\242\215,\312\376=\277\353{\350\225\301\305`^, vF0D\002 \022/'\342Z\006k\364Cw\242\364\353\202\300x\241$\264\217\220\n""\342\224\014\337O\r\005\315\366\002 v""\t\332\026t\206\273VT\025n\332[\202\272\035o\017\351,\026\020\253\000\366\337\266MY\034j""; "
1750587278873,1750587278873,1393,1,3,0,TMStatusChange,"newEvent: neACCEPTED_LEDGER; ledgerSeq: 8; ledgerHash: ""\237\231\311\371Y@""\177>\241""\310\233r\315\210Z\003g\334\034\021\305\3353Q\035\224\200\224\347\257""; ledgerHashPrevious: ""\311\347s\234ae\204\263\365U\334\372D\354\345\276\201f\035\271%#\375\245\314.""\373\330&\3746""; networkTime: 803902478; firstSeq: 1; lastSeq: 7; ","newEvent: neACCEPTED_LEDGER; ledgerSeq: 8; ledgerHash: ""\237\231\311\371Y@""\177>\241""\310\233r\315\210Z\003g\334\034\021\305\3353Q\035\224\200\224\347\257""; ledgerHashPrevious: ""\311\347s\234ae\204\263\365U\334\372D\354\345\276\201f\035\271%#\375\245\314.""\373\330&\3746""; networkTime: 803902478; firstSeq: 1; lastSeq: 7; "
1750587278873,1750587278874,1591,1,3,1,TMStatusChange,"newEvent: neACCEPTED_LEDGER; ledgerSeq: 8; ledgerHash: ""\237\231\311\371Y@""\177>\241""\310\233r\315\210Z\003g\334\034\021\305\3353Q\035\224\200\224\347\257""; ledgerHashPrevious: ""\311\347s\234ae\204\263\365U\334\372D\354\345\276\201f\035\271%#\375\245\314.""\373\330&\3746""; networkTime: 803902478; firstSeq: 1; lastSeq: 7; ","newEvent: neACCEPTED_LEDGER; ledgerSeq: 8; ledgerHash: ""\237\231\311\371Y@""\177>\241""\310\233r\315\210Z\003g\334\034\021\305\3353Q\035\224\200\224\347\257""; ledgerHashPrevious: ""\311\347s\234ae\204\263\365U\334\372D\354\345\276\201f\035\271%#\375\245\314.""\373\330&\3746""; networkTime: 803902478; firstSeq: 1; lastSeq: 7; "
1750587278875,1750587278875,3767,1,3,0,TMValidation,"validation: """"\200\000\000\001&\000\000\000\010)/\352\224\016:\211l\014`\252m\212dQ\237\231\311\371Y@""\177>\241""\310\233r\315\210Z\003g\334\034\021\305\3353Q\035\224\200\224\347\257P\027\r!N\267\203~\313a\272~\344A\332\034\332r\\301\240a\307\341\261(c(\021\265B\030@(P\031\311\347s\234ae\204\263\365U\334\372D\354\345\276\201f\035\271%#\375\245\314.""\373\330&\3746s!\003\325Q\255\224\274R@\312\253\262\347\352\034\346\347\242\215,\312\376=\277\353{\350\225\301\305`^, vF0D\002 \022/'\342Z\006k\364Cw\242\364\353\202\300x\241$\264\217\220\n""\342\224\014\337O\r\005\315\366\002 v""\t\332\026t\206\273VT\025n\332[\202\272\035o\017\351,\026\020\253\000\366\337\266MY\034j""; ","validation: """"\200\000\000\001&\000\000\000\010)/\352\224\016:\211l\014`\252m\212dQ\237\231\311\371Y@""\177>\241""\310\233r\315\210Z\003g\334\034\021\305\3353Q\035\224\200\224\347\257P\027\r!N\267\203~\313a\272~\344A\332\034\332r\\301\240a\307\341\261(c(\021\265B\030@(P\031\311\347s\234ae\204\263\365U\334\372D\354\345\276\201f\035\271%#\375\245\314.""\373\330&\3746s!\003\325Q\255\224\274R@\312\253\262\347\352\034\346\347\242\215,\312\376=\277\353{\350\225\301\305`^, vF0D\002 \022/'\342Z\006k\364Cw\242\364\353\202\300x\241$\264\217\220\n""\342\224\014\337O\r\005\315\366\002 v""\t\332\026t\206\273VT\025n\332[\202\272\035o\017\351,\026\020\253\000\366\337\266MY\034j""; "
1750587278875,1750587278875,734,1,3,2,TMValidation,"validation: """"\200\000\000\001&\000\000\000\010)/\352\224\016:\211l\014`\252m\212dQ\237\231\311\371Y@""\177>\241""\310\233r\315\210Z\003g\334\034\021\305\3353Q\035\224\200\224\347\257P\027\r!N\267\203~\313a\272~\344A\332\034\332r\\301\240a\307\341\261(c(\021\265B\030@(P\031\311\347s\234ae\204\263\365U\334\372D\354\345\276\201f\035\271%#\375\245\314.""\373\330&\3746s!\003\325Q\255\224\274R@\312\253\262\347\352\034\346\347\242\215,\312\376=\277\353{\350\225\301\305`^, vF0D\002 \022/'\342Z\006k\364Cw\242\364\353\202\300x\241$\264\217\220\n""\342\224\014\337O\r\005\315\366\002 v""\t\332\026t\206\273VT\025n\332[\202\272\035o\017\351,\026\020\253\000\366\337\266MY\034j""; ","validation: """"\200\000\000\001&\000\000\000\010)/\352\224\016:\211l\014`\252m\212dQ\237\231\311\371Y@""\177>\241""\310\233r\315\210Z\003g\334\034\021\305\3353Q\035\224\200\224\347\257P\027\r!N\267\203~\313a\272~\344A\332\034\332r\\301\240a\307\341\261(c(\021\265B\030@(P\031\311\347s\234ae\204\263\365U\334\372D\354\345\276\201f\035\271%#\375\245\314.""\373\330&\3746s!\003\325Q\255\224\274R@\312\253\262\347\352\034\346\347\242\215,\312\376=\277\353{\350\225\301\305`^, vF0D\002 \022/'\342Z\006k\364Cw\242\364\353\202\300x\241$\264\217\220\n""\342\224\014\337O\r\005\315\366\002 v""\t\332\026t\206\273VT\025n\332[\202\272\035o\017\351,\026\020\253\000\366\337\266MY\034j""; "
1750587278876,1750587278876,854,1,3,2,TMStatusChange,"newEvent: neACCEPTED_LEDGER; ledgerSeq: 8; ledgerHash: ""\237\231\311\371Y@""\177>\241""\310\233r\315\210Z\003g\334\034\021\305\3353Q\035\224\200\224\347\257""; ledgerHashPrevious: ""\311\347s\234ae\204\263\365U\334\372D\354\345\276\201f\035\271%#\375\245\314.""\373\330&\3746""; networkTime: 803902478; firstSeq: 1; lastSeq: 7; ","newEvent: neACCEPTED_LEDGER; ledgerSeq: 8; ledgerHash: ""\237\231\311\371Y@""\177>\241""\310\233r\315\210Z\003g\334\034\021\305\3353Q\035\224\200\224\347\257""; ledgerHashPrevious: ""\311\347s\234ae\204\263\365U\334\372D\354\345\276\201f\035\271%#\375\245\314.""\373\330&\3746""; networkTime: 803902478; firstSeq: 1; lastSeq: 7; "
1750587278876,1750587278876,1582,1,2,0,TMGetLedger,"itype: liTS_CANDIDATE; ledgerHash: ""\r!N\267\203~\313a\272~\344A\332\034\332r\\301\240a\307\341\261(c(\021\265B\030@(""; nodeIDs: ""\000\000\000\000\000\000\000\000\000\000\000\000\000\000\000\000\000\000\000\000\000\000\000\000\000\000\000\000\000\000\000\000\000""; requestCookie: 3; queryType: qtINDIRECT; queryDepth: 3; ","itype: liTS_CANDIDATE; ledgerHash: ""\r!N\267\203~\313a\272~\344A\332\034\332r\\301\240a\307\341\261(c(\021\265B\030@(""; nodeIDs: ""\000\000\000\000\000\000\000\000\000\000\000\000\000\000\000\000\000\000\000\000\000\000\000\000\000\000\000\000\000\000\000\000\000""; requestCookie: 3; queryType: qtINDIRECT; queryDepth: 3; "
1750587278914,1750587278914,572,1,1,0,TMGetLedger,"itype: liTS_CANDIDATE; ledgerHash: ""\r!N\267\203~\313a\272~\344A\332\034\332r\\301\240a\307\341\261(c(\021\265B\030@(""; nodeIDs: ""\000\000\000\000\000\000\000\000\000\000\000\000\000\000\000\000\000\000\000\000\000\000\000\000\000\000\000\000\000\000\000\000\000""; requestCookie: 5; queryType: qtINDIRECT; queryDepth: 3; ","itype: liTS_CANDIDATE; ledgerHash: ""\r!N\267\203~\313a\272~\344A\332\034\332r\\301\240a\307\341\261(c(\021\265B\030@(""; nodeIDs: ""\000\000\000\000\000\000\000\000\000\000\000\000\000\000\000\000\000\000\000\000\000\000\000\000\000\000\000\000\000\000\000\000\000""; requestCookie: 5; queryType: qtINDIRECT; queryDepth: 3; "
1750587278939,1750587278939,2792,1,4,2,TMLedgerData,"ledgerHash: ""\r!N\267\203~\313a\272~\344A\332\034\332r\\301\240a\307\341\261(c(\021\265B\030@(""; ledgerSeq: 0; type: liTS_CANDIDATE; nodes {;   nodedata: ""\247\272\246\2214\014W1\360z\262\252=\343\207'\275\266;\016\021\306\330\030\225\023\357\272\353\200x\221\n\003"";   nodeid: ""\000\000\000\000\000\000\000\000\000\000\000\000\000\000\000\000\000\000\000\000\000\000\000\000\000\000\000\000\000\000\000\000\000""; }; ","ledgerHash: ""\r!N\267\203~\313a\272~\344A\332\034\332r\\301\240a\307\341\261(c(\021\265B\030@(""; ledgerSeq: 0; type: liTS_CANDIDATE; nodes {;   nodedata: ""\247\272\246\2214\014W1\360z\262\252=\343\207'\275\266;\016\021\306\330\030\225\023\357\272\353\200x\221\n\003"";   nodeid: ""\000\000\000\000\000\000\000\000\000\000\000\000\000\000\000\000\000\000\000\000\000\000\000\000\000\000\000\000\000\000\000\000\000""; }; "
1750587278948,1750587278948,572,1,1,0,TMGetLedger,"itype: liTS_CANDIDATE; ledgerHash: ""\r!N\267\203~\313a\272~\344A\332\034\332r\\301\240a\307\341\261(c(\021\265B\030@(""; nodeIDs: ""\000\000\000\000\000\000\000\000\000\000\000\000\000\000\000\000\000\000\000\000\000\000\000\000\000\000\000\000\000\000\000\000\000""; queryType: qtINDIRECT; queryDepth: 3; ","itype: liTS_CANDIDATE; ledgerHash: ""\r!N\267\203~\313a\272~\344A\332\034\332r\\301\240a\307\341\261(c(\021\265B\030@(""; nodeIDs: ""\000\000\000\000\000\000\000\000\000\000\000\000\000\000\000\000\000\000\000\000\000\000\000\000\000\000\000\000\000\000\000\000\000""; queryType: qtINDIRECT; queryDepth: 3; "
1750587278948,1750587278948,3553,1,1,3,TMGetLedger,"itype: liTS_CANDIDATE; ledgerHash: ""\r!N\267\203~\313a\272~\344A\332\034\332r\\301\240a\307\341\261(c(\021\265B\030@(""; nodeIDs: ""\000\000\000\000\000\000\000\000\000\000\000\000\000\000\000\000\000\000\000\000\000\000\000\000\000\000\000\000\000\000\000\000\000""; queryType: qtINDIRECT; queryDepth: 3; ","itype: liTS_CANDIDATE; ledgerHash: ""\r!N\267\203~\313a\272~\344A\332\034\332r\\301\240a\307\341\261(c(\021\265B\030@(""; nodeIDs: ""\000\000\000\000\000\000\000\000\000\000\000\000\000\000\000\000\000\000\000\000\000\000\000\000\000\000\000\000\000\000\000\000\000""; queryType: qtINDIRECT; queryDepth: 3; "
1750587278948,1750587278948,2860,1,1,4,TMGetLedger,"itype: liTS_CANDIDATE; ledgerHash: ""\r!N\267\203~\313a\272~\344A\332\034\332r\\301\240a\307\341\261(c(\021\265B\030@(""; nodeIDs: ""\000\000\000\000\000\000\000\000\000\000\000\000\000\000\000\000\000\000\000\000\000\000\000\000\000\000\000\000\000\000\000\000\000""; queryType: qtINDIRECT; queryDepth: 3; ","itype: liTS_CANDIDATE; ledgerHash: ""\r!N\267\203~\313a\272~\344A\332\034\332r\\301\240a\307\341\261(c(\021\265B\030@(""; nodeIDs: ""\000\000\000\000\000\000\000\000\000\000\000\000\000\000\000\000\000\000\000\000\000\000\000\000\000\000\000\000\000\000\000\000\000""; queryType: qtINDIRECT; queryDepth: 3; "
1750587278949,1750587278949,674,1,1,2,TMGetLedger,"itype: liTS_CANDIDATE; ledgerHash: ""\r!N\267\203~\313a\272~\344A\332\034\332r\\301\240a\307\341\261(c(\021\265B\030@(""; nodeIDs: ""\000\000\000\000\000\000\000\000\000\000\000\000\000\000\000\000\000\000\000\000\000\000\000\000\000\000\000\000\000\000\000\000\000""; queryType: qtINDIRECT; queryDepth: 3; ","itype: liTS_CANDIDATE; ledgerHash: ""\r!N\267\203~\313a\272~\344A\332\034\332r\\301\240a\307\341\261(c(\021\265B\030@(""; nodeIDs: ""\000\000\000\000\000\000\000\000\000\000\000\000\000\000\000\000\000\000\000\000\000\000\000\000\000\000\000\000\000\000\000\000\000""; queryType: qtINDIRECT; queryDepth: 3; "
1750587279009,1750587279009,2655,1,1,0,TMLedgerData,"ledgerHash: ""\007\347lg\346B\270\350\352\375\266\371?(\361\364\365I|\375\262>\230(\333\250\331\007\360U\024\027""; ledgerSeq: 0; type: liTS_CANDIDATE; nodes {;   nodedata: ""\003S\n\235\2624\346\340\377asq\337\223T\316nL\232)C!\360\245\205[L\224\\351\351\000\003"";   nodeid: ""\000\000\000\000\000\000\000\000\000\000\000\000\000\000\000\000\000\000\000\000\000\000\000\000\000\000\000\000\000\000\000\000\000""; }; ","ledgerHash: ""\007\347lg\346B\270\350\352\375\266\371?(\361\364\365I|\375\262>\230(\333\250\331\007\360U\024\027""; ledgerSeq: 0; type: liTS_CANDIDATE; nodes {;   nodedata: ""\003S\n\235\2624\346\340\377asq\337\223T\316nL\232)C!\360\245\205[L\224\\351\351\000\003"";   nodeid: ""\000\000\000\000\000\000\000\000\000\000\000\000\000\000\000\000\000\000\000\000\000\000\000\000\000\000\000\000\000\000\000\000\000""; }; "
1750587279021,1750587279021,3792,1,0,1,TMLedgerData,"ledgerHash: ""\r!N\267\203~\313a\272~\344A\332\034\332r\\301\240a\307\341\261(c(\021\265B\030@(""; ledgerSeq: 0; type: liTS_CANDIDATE; nodes {;   nodedata: ""\247\272\246\2214\014W1\360z\262\252=\343\207'\275\266;\016\021\306\330\030\225\023\357\272\353\200x\221\n\003"";   nodeid: ""\000\000\000\000\000\000\000\000\000\000\000\000\000\000\000\000\000\000\000\000\000\000\000\000\000\000\000\000\000\000\000\000\000""; }; ","ledgerHash: ""\r!N\267\203~\313a\272~\344A\332\034\332r\\301\240a\307\341\261(c(\021\265B\030@(""; ledgerSeq: 0; type: liTS_CANDIDATE; nodes {;   nodedata: ""\247\272\246\2214\014W1\360z\262\252=\343\207'\275\266;\016\021\306\330\030\225\023\357\272\353\200x\221\n\003"";   nodeid: ""\000\000\000\000\000\000\000\000\000\000\000\000\000\000\000\000\000\000\000\000\000\000\000\000\000\000\000\000\000\000\000\000\000""; }; "
1750587279021,1750587279022,1136,1,3,0,TMGetLedger,"itype: liTS_CANDIDATE; ledgerHash: ""\007\347lg\346B\270\350\352\375\266\371?(\361\364\365I|\375\262>\230(\333\250\331\007\360U\024\027""; nodeIDs: ""\000\000\000\000\000\000\000\000\000\000\000\000\000\000\000\000\000\000\000\000\000\000\000\000\000\000\000\000\000\000\000\000\000""; queryType: qtINDIRECT; queryDepth: 3; ","itype: liTS_CANDIDATE; ledgerHash: ""\007\347lg\346B\270\350\352\375\266\371?(\361\364\365I|\375\262>\230(\333\250\331\007\360U\024\027""; nodeIDs: ""\000\000\000\000\000\000\000\000\000\000\000\000\000\000\000\000\000\000\000\000\000\000\000\000\000\000\000\000\000\000\000\000\000""; queryType: qtINDIRECT; queryDepth: 3; "
1750587279022,1750587279022,3118,1,3,4,TMGetLedger,"itype: liTS_CANDIDATE; ledgerHash: ""\007\347lg\346B\270\350\352\375\266\371?(\361\364\365I|\375\262>\230(\333\250\331\007\360U\024\027""; nodeIDs: ""\000\000\000\000\000\000\000\000\000\000\000\000\000\000\000\000\000\000\000\000\000\000\000\000\000\000\000\000\000\000\000\000\000""; queryType: qtINDIRECT; queryDepth: 3; ","itype: liTS_CANDIDATE; ledgerHash: ""\007\347lg\346B\270\350\352\375\266\371?(\361\364\365I|\375\262>\230(\333\250\331\007\360U\024\027""; nodeIDs: ""\000\000\000\000\000\000\000\000\000\000\000\000\000\000\000\000\000\000\000\000\000\000\000\000\000\000\000\000\000\000\000\000\000""; queryType: qtINDIRECT; queryDepth: 3; "
1750587279023,1750587279023,2142,1,3,1,TMGetLedger,"itype: liTS_CANDIDATE; ledgerHash: ""\007\347lg\346B\270\350\352\375\266\371?(\361\364\365I|\375\262>\230(\333\250\331\007\360U\024\027""; nodeIDs: ""\000\000\000\000\000\000\000\000\000\000\000\000\000\000\000\000\000\000\000\000\000\000\000\000\000\000\000\000\000\000\000\000\000""; queryType: qtINDIRECT; queryDepth: 3; ","itype: liTS_CANDIDATE; ledgerHash: ""\007\347lg\346B\270\350\352\375\266\371?(\361\364\365I|\375\262>\230(\333\250\331\007\360U\024\027""; nodeIDs: ""\000\000\000\000\000\000\000\000\000\000\000\000\000\000\000\000\000\000\000\000\000\000\000\000\000\000\000\000\000\000\000\000\000""; queryType: qtINDIRECT; queryDepth: 3; "
1750587279023,1750587279023,1590,1,3,2,TMGetLedger,"itype: liTS_CANDIDATE; ledgerHash: ""\007\347lg\346B\270\350\352\375\266\371?(\361\364\365I|\375\262>\230(\333\250\331\007\360U\024\027""; nodeIDs: ""\000\000\000\000\000\000\000\000\000\000\000\000\000\000\000\000\000\000\000\000\000\000\000\000\000\000\000\000\000\000\000\000\000""; queryType: qtINDIRECT; queryDepth: 3; ","itype: liTS_CANDIDATE; ledgerHash: ""\007\347lg\346B\270\350\352\375\266\371?(\361\364\365I|\375\262>\230(\333\250\331\007\360U\024\027""; nodeIDs: ""\000\000\000\000\000\000\000\000\000\000\000\000\000\000\000\000\000\000\000\000\000\000\000\000\000\000\000\000\000\000\000\000\000""; queryType: qtINDIRECT; queryDepth: 3; "
1750587279032,1750587279032,572,1,1,0,TMGetLedger,"itype: liTS_CANDIDATE; ledgerHash: ""\r!N\267\203~\313a\272~\344A\332\034\332r\\301\240a\307\341\261(c(\021\265B\030@(""; nodeIDs: ""\000\000\000\000\000\000\000\000\000\000\000\000\000\000\000\000\000\000\000\000\000\000\000\000\000\000\000\000\000\000\000\000\000""; requestCookie: 3; queryType: qtINDIRECT; queryDepth: 3; ","itype: liTS_CANDIDATE; ledgerHash: ""\r!N\267\203~\313a\272~\344A\332\034\332r\\301\240a\307\341\261(c(\021\265B\030@(""; nodeIDs: ""\000\000\000\000\000\000\000\000\000\000\000\000\000\000\000\000\000\000\000\000\000\000\000\000\000\000\000\000\000\000\000\000\000""; requestCookie: 3; queryType: qtINDIRECT; queryDepth: 3; "
1750587279048,1750587279048,141,1,0,3,TMProposeSet,"proposeSeq: 0; currentTxHash: ""b\001;\355\\351h\305\360*\252j\2470\334[#|\313\3606\207\210\245\372\217RX\333g`K""; nodePubKey: ""\003ql\302)\235\321\t\213\224\356\374%%\311\327\037\374\304\t\335\2359\344\233\035]\347<u\236\364\222""; closeTime: 803902476; signature: ""0D\002 ,\374\007>6S5B\TbeY\300\272\214\027\232\330\303\353Kz\006\203|\324qarW%\002 mz\222\031\210I\014\342|\347Dpw\206mb+\217\364\345\323\216F{\353{\257#\265\344\256\202""; previousledger: ""\311\347s\234ae\204\263\365U\334\372D\354\345\276\201f\035\271%#\375\245\314.""\373\330&\3746""; ","proposeSeq: 0; currentTxHash: ""b\001;\355\\351h\305\360*\252j\2470\334[#|\313\3606\207\210\245\372\217RX\333g`K""; nodePubKey: ""\003ql\302)\235\321\t\213\224\356\374%%\311\327\037\374\304\t\335\2359\344\233\035]\347<u\236\364\222""; closeTime: 803902476; signature: ""0D\002 ,\374\007>6S5B\TbeY\300\272\214\027\232\330\303\353Kz\006\203|\324qarW%\002 mz\222\031\210I\014\342|\347Dpw\206mb+\217\364\345\323\216F{\353{\257#\265\344\256\202""; previousledger: ""\311\347s\234ae\204\263\365U\334\372D\354\345\276\201f\035\271%#\375\245\314.""\373\330&\3746""; "
1750587279048,1750587279048,1290,1,0,2,TMProposeSet,"proposeSeq: 0; currentTxHash: ""b\001;\355\\351h\305\360*\252j\2470\334[#|\313\3606\207\210\245\372\217RX\333g`K""; nodePubKey: ""\003ql\302)\235\321\t\213\224\356\374%%\311\327\037\374\304\t\335\2359\344\233\035]\347<u\236\364\222""; closeTime: 803902476; signature: ""0D\002 ,\374\007>6S5B\TbeY\300\272\214\027\232\330\303\353Kz\006\203|\324qarW%\002 mz\222\031\210I\014\342|\347Dpw\206mb+\217\364\345\323\216F{\353{\257#\265\344\256\202""; previousledger: ""\311\347s\234ae\204\263\365U\334\372D\354\345\276\201f\035\271%#\375\245\314.""\373\330&\3746""; ","proposeSeq: 0; currentTxHash: ""b\001;\355\\351h\305\360*\252j\2470\334[#|\313\3606\207\210\245\372\217RX\333g`K""; nodePubKey: ""\003ql\302)\235\321\t\213\224\356\374%%\311\327\037\374\304\t\335\2359\344\233\035]\347<u\236\364\222""; closeTime: 803902476; signature: ""0D\002 ,\374\007>6S5B\TbeY\300\272\214\027\232\330\303\353Kz\006\203|\324qarW%\002 mz\222\031\210I\014\342|\347Dpw\206mb+\217\364\345\323\216F{\353{\257#\265\344\256\202""; previousledger: ""\311\347s\234ae\204\263\365U\334\372D\354\345\276\201f\035\271%#\375\245\314.""\373\330&\3746""; "
1750587279049,1750587279049,1764,1,0,3,TMGetLedger,"itype: liTS_CANDIDATE; ledgerHash: ""b\001;\355\\351h\305\360*\252j\2470\334[#|\313\3606\207\210\245\372\217RX\333g`K""; nodeIDs: ""\000\000\000\000\000\000\000\000\000\000\000\000\000\000\000\000\000\000\000\000\000\000\000\000\000\000\000\000\000\000\000\000\000""; queryDepth: 3; ","itype: liTS_CANDIDATE; ledgerHash: ""b\001;\355\\351h\305\360*\252j\2470\334[#|\313\3606\207\210\245\372\217RX\333g`K""; nodeIDs: ""\000\000\000\000\000\000\000\000\000\000\000\000\000\000\000\000\000\000\000\000\000\000\000\000\000\000\000\000\000\000\000\000\000""; queryDepth: 3; "
1750587279049,1750587279049,1466,1,0,4,TMGetLedger,"itype: liTS_CANDIDATE; ledgerHash: ""b\001;\355\\351h\305\360*\252j\2470\334[#|\313\3606\207\210\245\372\217RX\333g`K""; nodeIDs: ""\000\000\000\000\000\000\000\000\000\000\000\000\000\000\000\000\000\000\000\000\000\000\000\000\000\000\000\000\000\000\000\000\000""; queryDepth: 3; ","itype: liTS_CANDIDATE; ledgerHash: ""b\001;\355\\351h\305\360*\252j\2470\334[#|\313\3606\207\210\245\372\217RX\333g`K""; nodeIDs: ""\000\000\000\000\000\000\000\000\000\000\000\000\000\000\000\000\000\000\000\000\000\000\000\000\000\000\000\000\000\000\000\000\000""; queryDepth: 3; "
1750587279058,1750587279058,1435,1,4,1,TMLedgerData,"ledgerHash: ""\r!N\267\203~\313a\272~\344A\332\034\332r\\301\240a\307\341\261(c(\021\265B\030@(""; ledgerSeq: 0; type: liTS_CANDIDATE; nodes {;   nodedata: ""\247\272\246\2214\014W1\360z\262\252=\343\207'\275\266;\016\021\306\330\030\225\023\357\272\353\200x\221\n\003"";   nodeid: ""\000\000\000\000\000\000\000\000\000\000\000\000\000\000\000\000\000\000\000\000\000\000\000\000\000\000\000\000\000\000\000\000\000""; }; ","ledgerHash: ""\r!N\267\203~\313a\272~\344A\332\034\332r\\301\240a\307\341\261(c(\021\265B\030@(""; ledgerSeq: 0; type: liTS_CANDIDATE; nodes {;   nodedata: ""\247\272\246\2214\014W1\360z\262\252=\343\207'\275\266;\016\021\306\330\030\225\023\357\272\353\200x\221\n\003"";   nodeid: ""\000\000\000\000\000\000\000\000\000\000\000\000\000\000\000\000\000\000\000\000\000\000\000\000\000\000\000\000\000\000\000\000\000""; }; "
1750587279058,1750587279059,3097,1,2,0,TMLedgerData,"ledgerHash: ""u\315\243\367\211\2625\240r:n\277\003\026\366\353'\216jy9\\001\220\223~\341j\254O\025\257""; ledgerSeq: 0; type: liTS_CANDIDATE; nodes {;   nodedata: ""\022\000\000""\000\000\000\000$\000\000\000\001 \033\000\000\000\027a@\000\000\027H\206*@h@\000\000\000\000\000\000\ns!\0030\347\374\235V\273%\326\211;\243\363\027\256[\3173\263)\033\326=\263&T\243\023""/\177\320 tF0D\002 0\023\341\332; \2711\245\020\321\3300\345\267-)\230\177\246\236AQ\327\203\207H\226+\000%\336\002 \024\036\211\237\201t\376\272E\270\230\020\334\014\356g\273\025((\376\266\216@ \254^2T\233\013\034\201\024\265\367by\212S\325C\240\024\312\370\262\227\317\370\362\3717\350\203\024E0\246\210\344\325\345r\024T\251\006P\255\352\333\372\351\337\302\000"";   nodeid: ""\240\000\000\000\000\000\000\000\000\000\000\000\000\000\000\000\000\000\000\000\000\000\000\000\000\000\000\000\000\000\000\000\001""; }; ","ledgerHash: ""u\315\243\367\211\2625\240r:n\277\003\026\366\353'\216jy9\\001\220\223~\341j\254O\025\257""; ledgerSeq: 0; type: liTS_CANDIDATE; nodes {;   nodedata: ""\022\000\000""\000\000\000\000$\000\000\000\001 \033\000\000\000\027a@\000\000\027H\206*@h@\000\000\000\000\000\000\ns!\0030\347\374\235V\273%\326\211;\243\363\027\256[\3173\263)\033\326=\263&T\243\023""/\177\320 tF0D\002 0\023\341\332; \2711\245\020\321\3300\345\267-)\230\177\246\236AQ\327\203\207H\226+\000%\336\002 \024\036\211\237\201t\376\272E\270\230\020\334\014\356g\273\025((\376\266\216@ \254^2T\233\013\034\201\024\265\367by\212S\325C\240\024\312\370\262\227\317\370\362\3717\350\203\024E0\246\210\344\325\345r\024T\251\006P\255\352\333\372\351\337\302\000"";   nodeid: ""\240\000\000\000\000\000\000\000\000\000\000\000\000\000\000\000\000\000\000\000\000\000\000\000\000\000\000\000\000\000\000\000\001""; }; "
1750587279094,1750587279094,2970,1,0,4,TMProposeSet,"proposeSeq: 0; currentTxHash: ""b\001;\355\\351h\305\360*\252j\2470\334[#|\313\3606\207\210\245\372\217RX\333g`K""; nodePubKey: ""\003ql\302)\235\321\t\213\224\356\374%%\311\327\037\374\304\t\335\2359\344\233\035]\347<u\236\364\222""; closeTime: 803902476; signature: ""0D\002 ,\374\007>6S5B\TbeY\300\272\214\027\232\330\303\353Kz\006\203|\324qarW%\002 mz\222\031\210I\014\342|\347Dpw\206mb+\217\364\345\323\216F{\353{\257#\265\344\256\202""; previousledger: ""\311\347s\234ae\204\263\365U\334\372D\354\345\276\201f\035\271%#\375\245\314.""\373\330&\3746""; ","proposeSeq: 0; currentTxHash: ""b\001;\355\\351h\305\360*\252j\2470\334[#|\313\3606\207\210\245\372\217RX\333g`K""; nodePubKey: ""\003ql\302)\235\321\t\213\224\356\374%%\311\327\037\374\304\t\335\2359\344\233\035]\347<u\236\364\222""; closeTime: 803902476; signature: ""0D\002 ,\374\007>6S5B\TbeY\300\272\214\027\232\330\303\353Kz\006\203|\324qarW%\002 mz\222\031\210I\014\342|\347Dpw\206mb+\217\364\345\323\216F{\353{\257#\265\344\256\202""; previousledger: ""\311\347s\234ae\204\263\365U\334\372D\354\345\276\201f\035\271%#\375\245\314.""\373\330&\3746""; "
1750587279099,1750587279099,628,1,3,2,TMLedgerData,"ledgerHash: ""\311\347s\234ae\204\263\365U\334\372D\354\345\276\201f\035\271%#\375\245\314.""\373\330&\3746""; ledgerSeq: 7; type: liBASE; nodes {;   nodedata: ""\000\000\000\007\001cEx]\211\377\342\221=\252\002\267\225zg\264\253\271T\346ji\003\235\236Pis\264\375\222|H\344\261g?[g\000\000\000\000\000\000\000\000\000\000\000\000\000\000\000\000\000\000\000\000\000\000\000\000\000\000\000\000\000\000\000\000D Y\254\242~\215\352\235\025Y|\r\311\0032Z\345!\007\365\002ei\332\264\353iS.\2724/\352\224\007/\352\224\010\n\000""; }; nodes {;   nodedata: ""h\315\350\215y\203\242]\371\235\232Pt&\325\210eZ\346\237XZ \277\2457n\221\336\253\245\317\002w\n\356\350\316{k\272E0\225\362\025\010\366\367\372\263\355xq\360\261\376M<\356\347\007zf\307\006E\344\037@\210\363\010\336T\226\247'\204_{\261\370""1\235\2445\343\033Y!\212\201\341\272\225'\007*$\244&\336\343'\233i\332\374\245 {^\306-N\333\gE\006\347\212\331C\211Z\177\247\031\n\335C\213\334\371:&k\026k\220D\0042\357\322\376\365\347b\025;\204y1X\345\000&\377wn\013\210`4\253""\302f\230\374\037bx\0145C\307\337\316[\244d\302\3031\347\300\025aX\357\226\221\016\003""; }; ","ledgerHash: ""\311\347s\234ae\204\263\365U\334\372D\354\345\276\201f\035\271%#\375\245\314.""\373\330&\3746""; ledgerSeq: 7; type: liBASE; nodes {;   nodedata: ""\000\000\000\007\001cEx]\211\377\342\221=\252\002\267\225zg\264\253\271T\346ji\003\235\236Pis\264\375\222|H\344\261g?[g\000\000\000\000\000\000\000\000\000\000\000\000\000\000\000\000\000\000\000\000\000\000\000\000\000\000\000\000\000\000\000\000D Y\254\242~\215\352\235\025Y|\r\311\0032Z\345!\007\365\002ei\332\264\353iS.\2724/\352\224\007/\352\224\010\n\000""; }; nodes {;   nodedata: ""h\315\350\215y\203\242]\371\235\232Pt&\325\210eZ\346\237XZ \277\2457n\221\336\253\245\317\002w\n\356\350\316{k\272E0\225\362\025\010\366\367\372\263\355xq\360\261\376M<\356\347\007zf\307\006E\344\037@\210\363\010\336T\226\247'\204_{\261\370""1\235\2445\343\033Y!\212\201\341\272\225'\007*$\244&\336\343'\233i\332\374\245 {^\306-N\333\gE\006\347\212\331C\211Z\177\247\031\n\335C\213\334\371:&k\026k\220D\0042\357\322\376\365\347b\025;\204y1X\345\000&\377wn\013\210`4\253""\302f\230\374\037bx\0145C\307\337\316[\244d\302\3031\347\300\025aX\357\226\221\016\003""; }; "
1750587279099,1750587279099,628,1,3,2,TMLedgerData,"ledgerHash: ""\311\347s\234ae\204\263\365U\334\372D\354\345\276\201f\035\271%#\375\245\314.""\373\330&\3746""; ledgerSeq: 7; type: liBASE; nodes {;   nodedata: ""\000\000\000\007\001cEx]\211\377\342\221=\252\002\267\225zg\264\253\271T\346ji\003\235\236Pis\264\375\222|H\344\261g?[g\000\000\000\000\000\000\000\000\000\000\000\000\000\000\000\000\000\000\000\000\000\000\000\000\000\000\000\000\000\000\000\000D Y\254\242~\215\352\235\025Y|\r\311\0032Z\345!\007\365\002ei\332\264\353iS.\2724/\352\224\007/\352\224\010\n\000""; }; nodes {;   nodedata: ""h\315\350\215y\203\242]\371\235\232Pt&\325\210eZ\346\237XZ \277\2457n\221\336\253\245\317\002w\n\356\350\316{k\272E0\225\362\025\010\366\367\372\263\355xq\360\261\376M<\356\347\007zf\307\006E\344\037@\210\363\010\336T\226\247'\204_{\261\370""1\235\2445\343\033Y!\212\201\341\272\225'\007*$\244&\336\343'\233i\332\374\245 {^\306-N\333\gE\006\347\212\331C\211Z\177\247\031\n\335C\213\334\371:&k\026k\220D\0042\357\322\376\365\347b\025;\204y1X\345\000&\377wn\013\210`4\253""\302f\230\374\037bx\0145C\307\337\316[\244d\302\3031\347\300\025aX\357\226\221\016\003""; }; ","ledgerHash: ""\311\347s\234ae\204\263\365U\334\372D\354\345\276\201f\035\271%#\375\245\314.""\373\330&\3746""; ledgerSeq: 7; type: liBASE; nodes {;   nodedata: ""\000\000\000\007\001cEx]\211\377\342\221=\252\002\267\225zg\264\253\271T\346ji\003\235\236Pis\264\375\222|H\344\261g?[g\000\000\000\000\000\000\000\000\000\000\000\000\000\000\000\000\000\000\000\000\000\000\000\000\000\000\000\000\000\000\000\000D Y\254\242~\215\352\235\025Y|\r\311\0032Z\345!\007\365\002ei\332\264\353iS.\2724/\352\224\007/\352\224\010\n\000""; }; nodes {;   nodedata: ""h\315\350\215y\203\242]\371\235\232Pt&\325\210eZ\346\237XZ \277\2457n\221\336\253\245\317\002w\n\356\350\316{k\272E0\225\362\025\010\366\367\372\263\355xq\360\261\376M<\356\347\007zf\307\006E\344\037@\210\363\010\336T\226\247'\204_{\261\370""1\235\2445\343\033Y!\212\201\341\272\225'\007*$\244&\336\343'\233i\332\374\245 {^\306-N\333\gE\006\347\212\331C\211Z\177\247\031\n\335C\213\334\371:&k\026k\220D\0042\357\322\376\365\347b\025;\204y1X\345\000&\377wn\013\210`4\253""\302f\230\374\037bx\0145C\307\337\316[\244d\302\3031\347\300\025aX\357\226\221\016\003""; }; "
1750587279114,1750587279114,3414,1,0,2,TMGetLedger,"itype: liTS_CANDIDATE; ledgerHash: ""\007\347lg\346B\270\350\352\375\266\371?(\361\364\365I|\375\262>\230(\333\250\331\007\360U\024\027""; nodeIDs: ""\000\000\000\000\000\000\000\000\000\000\000\000\000\000\000\000\000\000\000\000\000\000\000\000\000\000\000\000\000\000\000\000\000""; queryType: qtINDIRECT; queryDepth: 3; ","itype: liTS_CANDIDATE; ledgerHash: ""\007\347lg\346B\270\350\352\375\266\371?(\361\364\365I|\375\262>\230(\333\250\331\007\360U\024\027""; nodeIDs: ""\000\000\000\000\000\000\000\000\000\000\000\000\000\000\000\000\000\000\000\000\000\000\000\000\000\000\000\000\000\000\000\000\000""; queryType: qtINDIRECT; queryDepth: 3; "
1750587279115,1750587279115,393,1,0,1,TMGetLedger,"itype: liTS_CANDIDATE; ledgerHash: ""\007\347lg\346B\270\350\352\375\266\371?(\361\364\365I|\375\262>\230(\333\250\331\007\360U\024\027""; nodeIDs: ""\000\000\000\000\000\000\000\000\000\000\000\000\000\000\000\000\000\000\000\000\000\000\000\000\000\000\000\000\000\000\000\000\000""; queryType: qtINDIRECT; queryDepth: 3; ","itype: liTS_CANDIDATE; ledgerHash: ""\007\347lg\346B\270\350\352\375\266\371?(\361\364\365I|\375\262>\230(\333\250\331\007\360U\024\027""; nodeIDs: ""\000\000\000\000\000\000\000\000\000\000\000\000\000\000\000\000\000\000\000\000\000\000\000\000\000\000\000\000\000\000\000\000\000""; queryType: qtINDIRECT; queryDepth: 3; "
1750587279116,1750587279116,1764,1,0,3,TMGetLedger,"itype: liTS_CANDIDATE; ledgerHash: ""\007\347lg\346B\270\350\352\375\266\371?(\361\364\365I|\375\262>\230(\333\250\331\007\360U\024\027""; nodeIDs: ""\000\000\000\000\000\000\000\000\000\000\000\000\000\000\000\000\000\000\000\000\000\000\000\000\000\000\000\000\000\000\000\000\000""; queryType: qtINDIRECT; queryDepth: 3; ","itype: liTS_CANDIDATE; ledgerHash: ""\007\347lg\346B\270\350\352\375\266\371?(\361\364\365I|\375\262>\230(\333\250\331\007\360U\024\027""; nodeIDs: ""\000\000\000\000\000\000\000\000\000\000\000\000\000\000\000\000\000\000\000\000\000\000\000\000\000\000\000\000\000\000\000\000\000""; queryType: qtINDIRECT; queryDepth: 3; "
1750587279115,1750587279115,1466,1,0,4,TMGetLedger,"itype: liTS_CANDIDATE; ledgerHash: ""\007\347lg\346B\270\350\352\375\266\371?(\361\364\365I|\375\262>\230(\333\250\331\007\360U\024\027""; nodeIDs: ""\000\000\000\000\000\000\000\000\000\000\000\000\000\000\000\000\000\000\000\000\000\000\000\000\000\000\000\000\000\000\000\000\000""; queryType: qtINDIRECT; queryDepth: 3; ","itype: liTS_CANDIDATE; ledgerHash: ""\007\347lg\346B\270\350\352\375\266\371?(\361\364\365I|\375\262>\230(\333\250\331\007\360U\024\027""; nodeIDs: ""\000\000\000\000\000\000\000\000\000\000\000\000\000\000\000\000\000\000\000\000\000\000\000\000\000\000\000\000\000\000\000\000\000""; queryType: qtINDIRECT; queryDepth: 3; "
1750587279116,1750587279116,3792,1,0,1,TMLedgerData,"ledgerHash: ""\r!N\267\203~\313a\272~\344A\332\034\332r\\301\240a\307\341\261(c(\021\265B\030@(""; ledgerSeq: 0; type: liTS_CANDIDATE; nodes {;   nodedata: ""\247\272\246\2214\014W1\360z\262\252=\343\207'\275\266;\016\021\306\330\030\225\023\357\272\353\200x\221\n\003"";   nodeid: ""\000\000\000\000\000\000\000\000\000\000\000\000\000\000\000\000\000\000\000\000\000\000\000\000\000\000\000\000\000\000\000\000\000""; }; requestCookie: 4; ","ledgerHash: ""\r!N\267\203~\313a\272~\344A\332\034\332r\\301\240a\307\341\261(c(\021\265B\030@(""; ledgerSeq: 0; type: liTS_CANDIDATE; nodes {;   nodedata: ""\247\272\246\2214\014W1\360z\262\252=\343\207'\275\266;\016\021\306\330\030\225\023\357\272\353\200x\221\n\003"";   nodeid: ""\000\000\000\000\000\000\000\000\000\000\000\000\000\000\000\000\000\000\000\000\000\000\000\000\000\000\000\000\000\000\000\000\000""; }; requestCookie: 4; "
1750587279120,1750587279120,572,1,1,0,TMGetLedger,"itype: liTS_CANDIDATE; ledgerHash: ""b\001;\355\\351h\305\360*\252j\2470\334[#|\313\3606\207\210\245\372\217RX\333g`K""; nodeIDs: ""\000\000\000\000\000\000\000\000\000\000\000\000\000\000\000\000\000\000\000\000\000\000\000\000\000\000\000\000\000\000\000\000\000""; queryType: qtINDIRECT; queryDepth: 3; ","itype: liTS_CANDIDATE; ledgerHash: ""b\001;\355\\351h\305\360*\252j\2470\334[#|\313\3606\207\210\245\372\217RX\333g`K""; nodeIDs: ""\000\000\000\000\000\000\000\000\000\000\000\000\000\000\000\000\000\000\000\000\000\000\000\000\000\000\000\000\000\000\000\000\000""; queryType: qtINDIRECT; queryDepth: 3; "
1750587279121,1750587279121,674,1,1,2,TMGetLedger,"itype: liTS_CANDIDATE; ledgerHash: ""b\001;\355\\351h\305\360*\252j\2470\334[#|\313\3606\207\210\245\372\217RX\333g`K""; nodeIDs: ""\000\000\000\000\000\000\000\000\000\000\000\000\000\000\000\000\000\000\000\000\000\000\000\000\000\000\000\000\000\000\000\000\000""; queryType: qtINDIRECT; queryDepth: 3; ","itype: liTS_CANDIDATE; ledgerHash: ""b\001;\355\\351h\305\360*\252j\2470\334[#|\313\3606\207\210\245\372\217RX\333g`K""; nodeIDs: ""\000\000\000\000\000\000\000\000\000\000\000\000\000\000\000\000\000\000\000\000\000\000\000\000\000\000\000\000\000\000\000\000\000""; queryType: qtINDIRECT; queryDepth: 3; "
1750587279121,1750587279121,2860,1,1,4,TMGetLedger,"itype: liTS_CANDIDATE; ledgerHash: ""b\001;\355\\351h\305\360*\252j\2470\334[#|\313\3606\207\210\245\372\217RX\333g`K""; nodeIDs: ""\000\000\000\000\000\000\000\000\000\000\000\000\000\000\000\000\000\000\000\000\000\000\000\000\000\000\000\000\000\000\000\000\000""; queryType: qtINDIRECT; queryDepth: 3; ","itype: liTS_CANDIDATE; ledgerHash: ""b\001;\355\\351h\305\360*\252j\2470\334[#|\313\3606\207\210\245\372\217RX\333g`K""; nodeIDs: ""\000\000\000\000\000\000\000\000\000\000\000\000\000\000\000\000\000\000\000\000\000\000\000\000\000\000\000\000\000\000\000\000\000""; queryType: qtINDIRECT; queryDepth: 3; "
1750587279121,1750587279121,3553,1,1,3,TMGetLedger,"itype: liTS_CANDIDATE; ledgerHash: ""b\001;\355\\351h\305\360*\252j\2470\334[#|\313\3606\207\210\245\372\217RX\333g`K""; nodeIDs: ""\000\000\000\000\000\000\000\000\000\000\000\000\000\000\000\000\000\000\000\000\000\000\000\000\000\000\000\000\000\000\000\000\000""; queryType: qtINDIRECT; queryDepth: 3; ","itype: liTS_CANDIDATE; ledgerHash: ""b\001;\355\\351h\305\360*\252j\2470\334[#|\313\3606\207\210\245\372\217RX\333g`K""; nodeIDs: ""\000\000\000\000\000\000\000\000\000\000\000\000\000\000\000\000\000\000\000\000\000\000\000\000\000\000\000\000\000\000\000\000\000""; queryType: qtINDIRECT; queryDepth: 3; "
1750587279124,1750587279124,1582,1,2,0,TMGetLedger,"itype: liTS_CANDIDATE; ledgerHash: ""\r!N\267\203~\313a\272~\344A\332\034\332r\\301\240a\307\341\261(c(\021\265B\030@(""; nodeIDs: ""\000\000\000\000\000\000\000\000\000\000\000\000\000\000\000\000\000\000\000\000\000\000\000\000\000\000\000\000\000\000\000\000\000""; requestCookie: 3; queryType: qtINDIRECT; queryDepth: 3; ","itype: liTS_CANDIDATE; ledgerHash: ""\r!N\267\203~\313a\272~\344A\332\034\332r\\301\240a\307\341\261(c(\021\265B\030@(""; nodeIDs: ""\000\000\000\000\000\000\000\000\000\000\000\000\000\000\000\000\000\000\000\000\000\000\000\000\000\000\000\000\000\000\000\000\000""; requestCookie: 3; queryType: qtINDIRECT; queryDepth: 3; "
1750587279126,1750587279126,1103,1,0,4,TMLedgerData,"ledgerHash: ""\r!N\267\203~\313a\272~\344A\332\034\332r\\301\240a\307\341\261(c(\021\265B\030@(""; ledgerSeq: 0; type: liTS_CANDIDATE; nodes {;   nodedata: ""\247\272\246\2214\014W1\360z\262\252=\343\207'\275\266;\016\021\306\330\030\225\023\357\272\353\200x\221\n\003"";   nodeid: ""\000\000\000\000\000\000\000\000\000\000\000\000\000\000\000\000\000\000\000\000\000\000\000\000\000\000\000\000\000\000\000\000\000""; }; ","ledgerHash: ""\r!N\267\203~\313a\272~\344A\332\034\332r\\301\240a\307\341\261(c(\021\265B\030@(""; ledgerSeq: 0; type: liTS_CANDIDATE; nodes {;   nodedata: ""\247\272\246\2214\014W1\360z\262\252=\343\207'\275\266;\016\021\306\330\030\225\023\357\272\353\200x\221\n\003"";   nodeid: ""\000\000\000\000\000\000\000\000\000\000\000\000\000\000\000\000\000\000\000\000\000\000\000\000\000\000\000\000\000\000\000\000\000""; }; "
1750587279157,1750587279157,1590,1,3,2,TMGetLedger,"itype: liBASE; ledgerHash: ""\354@[\274\202\021\202\373Vi\243\n\325\250\005e\360""m\346'\311@\343\016$L\346\334\360<w""; ledgerSeq: 8; ","itype: liBASE; ledgerHash: ""\354@[\274\202\021\202\373Vi\243\n\325\250\005e\360""m\346'\311@\343\016$L\346\334\360<w""; ledgerSeq: 8; "
1750587279165,1750587279165,572,1,1,0,TMGetLedger,"itype: liTS_CANDIDATE; ledgerHash: ""\r!N\267\203~\313a\272~\344A\332\034\332r\\301\240a\307\341\261(c(\021\265B\030@(""; nodeIDs: ""\000\000\000\000\000\000\000\000\000\000\000\000\000\000\000\000\000\000\000\000\000\000\000\000\000\000\000\000\000\000\000\000\000""; requestCookie: 5; queryType: qtINDIRECT; queryDepth: 3; ","itype: liTS_CANDIDATE; ledgerHash: ""\r!N\267\203~\313a\272~\344A\332\034\332r\\301\240a\307\341\261(c(\021\265B\030@(""; nodeIDs: ""\000\000\000\000\000\000\000\000\000\000\000\000\000\000\000\000\000\000\000\000\000\000\000\000\000\000\000\000\000\000\000\000\000""; requestCookie: 5; queryType: qtINDIRECT; queryDepth: 3; "
1750587279168,1750587279168,2142,1,3,1,TMGetLedger,"itype: liBASE; ledgerHash: ""\354@[\274\202\021\202\373Vi\243\n\325\250\005e\360""m\346'\311@\343\016$L\346\334\360<w""; ledgerSeq: 8; ","itype: liBASE; ledgerHash: ""\354@[\274\202\021\202\373Vi\243\n\325\250\005e\360""m\346'\311@\343\016$L\346\334\360<w""; ledgerSeq: 8; "
1750587279169,1750587279169,2573,1,3,1,TMValidation,"validation: """"\200\000\000\001&\000\000\000\010)/\352\224\r:v|\203\267)\257\206\032Q\354@[\274\202\021\202\373Vi\243\n\325\250\005e\360""m\346'\311@\343\016$L\346\334\360<wP\027\000\000\000\000\000\000\000\000\000\000\000\000\000\000\000\000\000\000\000\000\000\000\000\000\000\000\000\000\000\000\000\000P\031\311\347s\234ae\204\263\365U\334\372D\354\345\276\201f\035\271%#\375\245\314.""\373\330&\3746s!\003.\200\224\215?)t\306\315\242\313\251\255\302\204=\232.\271%}\013\024s\024\002@\216l""\241FvG0E\002!\000\360F\364\337\\317\206\205\336\315\252\200\ry\265\314\254+\265\242.\235n\334A:D\177\270_\r*\002 *\267\205]\332\317hs? \273/\364\023M+\365'_\324\322v\240\226)\315\322\373\301]\211C""; ","validation: """"\200\000\000\001&\000\000\000\010)/\352\224\r:v|\203\267)\257\206\032Q\354@[\274\202\021\202\373Vi\243\n\325\250\005e\360""m\346'\311@\343\016$L\346\334\360<wP\027\000\000\000\000\000\000\000\000\000\000\000\000\000\000\000\000\000\000\000\000\000\000\000\000\000\000\000\000\000\000\000\000P\031\311\347s\234ae\204\263\365U\334\372D\354\345\276\201f\035\271%#\375\245\314.""\373\330&\3746s!\003.\200\224\215?)t\306\315\242\313\251\255\302\204=\232.\271%}\013\024s\024\002@\216l""\241FvG0E\002!\000\360F\364\337\\317\206\205\336\315\252\200\ry\265\314\254+\265\242.\235n\334A:D\177\270_\r*\002 *\267\205]\332\317hs? \273/\364\023M+\365'_\324\322v\240\226)\315\322\373\301]\211C""; "
1750587279168,1750587279168,1136,1,3,0,TMGetLedger,"itype: liBASE; ledgerHash: ""\354@[\274\202\021\202\373Vi\243\n\325\250\005e\360""m\346'\311@\343\016$L\346\334\360<w""; ledgerSeq: 8; ","itype: liBASE; ledgerHash: ""\354@[\274\202\021\202\373Vi\243\n\325\250\005e\360""m\346'\311@\343\016$L\346\334\360<w""; ledgerSeq: 8; "
1750587279168,1750587279168,3118,1,3,4,TMGetLedger,"itype: liBASE; ledgerHash: ""\354@[\274\202\021\202\373Vi\243\n\325\250\005e\360""m\346'\311@\343\016$L\346\334\360<w""; ledgerSeq: 8; ","itype: liBASE; ledgerHash: ""\354@[\274\202\021\202\373Vi\243\n\325\250\005e\360""m\346'\311@\343\016$L\346\334\360<w""; ledgerSeq: 8; "
1750587279169,1750587279169,734,1,3,2,TMValidation,"validation: """"\200\000\000\001&\000\000\000\010)/\352\224\r:v|\203\267)\257\206\032Q\354@[\274\202\021\202\373Vi\243\n\325\250\005e\360""m\346'\311@\343\016$L\346\334\360<wP\027\000\000\000\000\000\000\000\000\000\000\000\000\000\000\000\000\000\000\000\000\000\000\000\000\000\000\000\000\000\000\000\000P\031\311\347s\234ae\204\263\365U\334\372D\354\345\276\201f\035\271%#\375\245\314.""\373\330&\3746s!\003.\200\224\215?)t\306\315\242\313\251\255\302\204=\232.\271%}\013\024s\024\002@\216l""\241FvG0E\002!\000\360F\364\337\\317\206\205\336\315\252\200\ry\265\314\254+\265\242.\235n\334A:D\177\270_\r*\002 *\267\205]\332\317hs? \273/\364\023M+\365'_\324\322v\240\226)\315\322\373\301]\211C""; ","validation: """"\200\000\000\001&\000\000\000\010)/\352\224\r:v|\203\267)\257\206\032Q\354@[\274\202\021\202\373Vi\243\n\325\250\005e\360""m\346'\311@\343\016$L\346\334\360<wP\027\000\000\000\000\000\000\000\000\000\000\000\000\000\000\000\000\000\000\000\000\000\000\000\000\000\000\000\000\000\000\000\000P\031\311\347s\234ae\204\263\365U\334\372D\354\345\276\201f\035\271%#\375\245\314.""\373\330&\3746s!\003.\200\224\215?)t\306\315\242\313\251\255\302\204=\232.\271%}\013\024s\024\002@\216l""\241FvG0E\002!\000\360F\364\337\\317\206\205\336\315\252\200\ry\265\314\254+\265\242.\235n\334A:D\177\270_\r*\002 *\267\205]\332\317hs? \273/\364\023M+\365'_\324\322v\240\226)\315\322\373\301]\211C""; "
1750587279170,1750587279170,3767,1,3,0,TMValidation,"validation: """"\200\000\000\001&\000\000\000\010)/\352\224\r:v|\203\267)\257\206\032Q\354@[\274\202\021\202\373Vi\243\n\325\250\005e\360""m\346'\311@\343\016$L\346\334\360<wP\027\000\000\000\000\000\000\000\000\000\000\000\000\000\000\000\000\000\000\000\000\000\000\000\000\000\000\000\000\000\000\000\000P\031\311\347s\234ae\204\263\365U\334\372D\354\345\276\201f\035\271%#\375\245\314.""\373\330&\3746s!\003.\200\224\215?)t\306\315\242\313\251\255\302\204=\232.\271%}\013\024s\024\002@\216l""\241FvG0E\002!\000\360F\364\337\\317\206\205\336\315\252\200\ry\265\314\254+\265\242.\235n\334A:D\177\270_\r*\002 *\267\205]\332\317hs? \273/\364\023M+\365'_\324\322v\240\226)\315\322\373\301]\211C""; ","validation: """"\200\000\000\001&\000\000\000\010)/\352\224\r:v|\203\267)\257\206\032Q\354@[\274\202\021\202\373Vi\243\n\325\250\005e\360""m\346'\311@\343\016$L\346\334\360<wP\027\000\000\000\000\000\000\000\000\000\000\000\000\000\000\000\000\000\000\000\000\000\000\000\000\000\000\000\000\000\000\000\000P\031\311\347s\234ae\204\263\365U\334\372D\354\345\276\201f\035\271%#\375\245\314.""\373\330&\3746s!\003.\200\224\215?)t\306\315\242\313\251\255\302\204=\232.\271%}\013\024s\024\002@\216l""\241FvG0E\002!\000\360F\364\337\\317\206\205\336\315\252\200\ry\265\314\254+\265\242.\235n\334A:D\177\270_\r*\002 *\267\205]\332\317hs? \273/\364\023M+\365'_\324\322v\240\226)\315\322\373\301]\211C""; "
1750587279171,1750587279171,3118,1,3,4,TMGetLedger,"itype: liBASE; ledgerHash: ""\354@[\274\202\021\202\373Vi\243\n\325\250\005e\360""m\346'\311@\343\016$L\346\334\360<w""; ledgerSeq: 8; queryType: qtINDIRECT; ","itype: liBASE; ledgerHash: ""\354@[\274\202\021\202\373Vi\243\n\325\250\005e\360""m\346'\311@\343\016$L\346\334\360<w""; ledgerSeq: 8; queryType: qtINDIRECT; "
1750587279171,1750587279171,2142,1,3,1,TMGetLedger,"itype: liBASE; ledgerHash: ""\354@[\274\202\021\202\373Vi\243\n\325\250\005e\360""m\346'\311@\343\016$L\346\334\360<w""; ledgerSeq: 8; queryType: qtINDIRECT; ","itype: liBASE; ledgerHash: ""\354@[\274\202\021\202\373Vi\243\n\325\250\005e\360""m\346'\311@\343\016$L\346\334\360<w""; ledgerSeq: 8; queryType: qtINDIRECT; "
1750587279171,1750587279171,1136,1,3,0,TMGetLedger,"itype: liBASE; ledgerHash: ""\354@[\274\202\021\202\373Vi\243\n\325\250\005e\360""m\346'\311@\343\016$L\346\334\360<w""; ledgerSeq: 8; queryType: qtINDIRECT; ","itype: liBASE; ledgerHash: ""\354@[\274\202\021\202\373Vi\243\n\325\250\005e\360""m\346'\311@\343\016$L\346\334\360<w""; ledgerSeq: 8; queryType: qtINDIRECT; "
1750587279171,1750587279171,1590,1,3,2,TMGetLedger,"itype: liBASE; ledgerHash: ""\354@[\274\202\021\202\373Vi\243\n\325\250\005e\360""m\346'\311@\343\016$L\346\334\360<w""; ledgerSeq: 8; queryType: qtINDIRECT; ","itype: liBASE; ledgerHash: ""\354@[\274\202\021\202\373Vi\243\n\325\250\005e\360""m\346'\311@\343\016$L\346\334\360<w""; ledgerSeq: 8; queryType: qtINDIRECT; "
1750587279189,1750587279189,1582,1,2,0,TMGetLedger,"itype: liTS_CANDIDATE; ledgerHash: ""\r!N\267\203~\313a\272~\344A\332\034\332r\\301\240a\307\341\261(c(\021\265B\030@(""; nodeIDs: ""\000\000\000\000\000\000\000\000\000\000\000\000\000\000\000\000\000\000\000\000\000\000\000\000\000\000\000\000\000\000\000\000\000""; queryType: qtINDIRECT; queryDepth: 3; ","itype: liTS_CANDIDATE; ledgerHash: ""\r!N\267\203~\313a\272~\344A\332\034\332r\\301\240a\307\341\261(c(\021\265B\030@(""; nodeIDs: ""\000\000\000\000\000\000\000\000\000\000\000\000\000\000\000\000\000\000\000\000\000\000\000\000\000\000\000\000\000\000\000\000\000""; queryType: qtINDIRECT; queryDepth: 3; "
1750587279190,1750587279190,342,1,2,1,TMGetLedger,"itype: liTS_CANDIDATE; ledgerHash: ""\r!N\267\203~\313a\272~\344A\332\034\332r\\301\240a\307\341\261(c(\021\265B\030@(""; nodeIDs: ""\000\000\000\000\000\000\000\000\000\000\000\000\000\000\000\000\000\000\000\000\000\000\000\000\000\000\000\000\000\000\000\000\000""; queryType: qtINDIRECT; queryDepth: 3; ","itype: liTS_CANDIDATE; ledgerHash: ""\r!N\267\203~\313a\272~\344A\332\034\332r\\301\240a\307\341\261(c(\021\265B\030@(""; nodeIDs: ""\000\000\000\000\000\000\000\000\000\000\000\000\000\000\000\000\000\000\000\000\000\000\000\000\000\000\000\000\000\000\000\000\000""; queryType: qtINDIRECT; queryDepth: 3; "
1750587279190,1750587279190,499,1,2,4,TMGetLedger,"itype: liTS_CANDIDATE; ledgerHash: ""\r!N\267\203~\313a\272~\344A\332\034\332r\\301\240a\307\341\261(c(\021\265B\030@(""; nodeIDs: ""\000\000\000\000\000\000\000\000\000\000\000\000\000\000\000\000\000\000\000\000\000\000\000\000\000\000\000\000\000\000\000\000\000""; queryType: qtINDIRECT; queryDepth: 3; ","itype: liTS_CANDIDATE; ledgerHash: ""\r!N\267\203~\313a\272~\344A\332\034\332r\\301\240a\307\341\261(c(\021\265B\030@(""; nodeIDs: ""\000\000\000\000\000\000\000\000\000\000\000\000\000\000\000\000\000\000\000\000\000\000\000\000\000\000\000\000\000\000\000\000\000""; queryType: qtINDIRECT; queryDepth: 3; "
1750587279190,1750587279190,3898,1,2,3,TMGetLedger,"itype: liTS_CANDIDATE; ledgerHash: ""\r!N\267\203~\313a\272~\344A\332\034\332r\\301\240a\307\341\261(c(\021\265B\030@(""; nodeIDs: ""\000\000\000\000\000\000\000\000\000\000\000\000\000\000\000\000\000\000\000\000\000\000\000\000\000\000\000\000\000\000\000\000\000""; queryType: qtINDIRECT; queryDepth: 3; ","itype: liTS_CANDIDATE; ledgerHash: ""\r!N\267\203~\313a\272~\344A\332\034\332r\\301\240a\307\341\261(c(\021\265B\030@(""; nodeIDs: ""\000\000\000\000\000\000\000\000\000\000\000\000\000\000\000\000\000\000\000\000\000\000\000\000\000\000\000\000\000\000\000\000\000""; queryType: qtINDIRECT; queryDepth: 3; "
1750587279198,1750587279198,674,1,1,2,TMGetLedger,"itype: liTS_CANDIDATE; ledgerHash: ""\r!N\267\203~\313a\272~\344A\332\034\332r\\301\240a\307\341\261(c(\021\265B\030@(""; nodeIDs: ""\000\000\000\000\000\000\000\000\000\000\000\000\000\000\000\000\000\000\000\000\000\000\000\000\000\000\000\000\000\000\000\000\000""; queryType: qtINDIRECT; queryDepth: 3; ","itype: liTS_CANDIDATE; ledgerHash: ""\r!N\267\203~\313a\272~\344A\332\034\332r\\301\240a\307\341\261(c(\021\265B\030@(""; nodeIDs: ""\000\000\000\000\000\000\000\000\000\000\000\000\000\000\000\000\000\000\000\000\000\000\000\000\000\000\000\000\000\000\000\000\000""; queryType: qtINDIRECT; queryDepth: 3; "
1750587279199,1750587279199,572,1,1,0,TMGetLedger,"itype: liTS_CANDIDATE; ledgerHash: ""\r!N\267\203~\313a\272~\344A\332\034\332r\\301\240a\307\341\261(c(\021\265B\030@(""; nodeIDs: ""\000\000\000\000\000\000\000\000\000\000\000\000\000\000\000\000\000\000\000\000\000\000\000\000\000\000\000\000\000\000\000\000\000""; queryType: qtINDIRECT; queryDepth: 3; ","itype: liTS_CANDIDATE; ledgerHash: ""\r!N\267\203~\313a\272~\344A\332\034\332r\\301\240a\307\341\261(c(\021\265B\030@(""; nodeIDs: ""\000\000\000\000\000\000\000\000\000\000\000\000\000\000\000\000\000\000\000\000\000\000\000\000\000\000\000\000\000\000\000\000\000""; queryType: qtINDIRECT; queryDepth: 3; "
1750587279199,1750587279199,2860,1,1,4,TMGetLedger,"itype: liTS_CANDIDATE; ledgerHash: ""\r!N\267\203~\313a\272~\344A\332\034\332r\\301\240a\307\341\261(c(\021\265B\030@(""; nodeIDs: ""\000\000\000\000\000\000\000\000\000\000\000\000\000\000\000\000\000\000\000\000\000\000\000\000\000\000\000\000\000\000\000\000\000""; queryType: qtINDIRECT; queryDepth: 3; ","itype: liTS_CANDIDATE; ledgerHash: ""\r!N\267\203~\313a\272~\344A\332\034\332r\\301\240a\307\341\261(c(\021\265B\030@(""; nodeIDs: ""\000\000\000\000\000\000\000\000\000\000\000\000\000\000\000\000\000\000\000\000\000\000\000\000\000\000\000\000\000\000\000\000\000""; queryType: qtINDIRECT; queryDepth: 3; "
1750587279199,1750587279199,3553,1,1,3,TMGetLedger,"itype: liTS_CANDIDATE; ledgerHash: ""\r!N\267\203~\313a\272~\344A\332\034\332r\\301\240a\307\341\261(c(\021\265B\030@(""; nodeIDs: ""\000\000\000\000\000\000\000\000\000\000\000\000\000\000\000\000\000\000\000\000\000\000\000\000\000\000\000\000\000\000\000\000\000""; queryType: qtINDIRECT; queryDepth: 3; ","itype: liTS_CANDIDATE; ledgerHash: ""\r!N\267\203~\313a\272~\344A\332\034\332r\\301\240a\307\341\261(c(\021\265B\030@(""; nodeIDs: ""\000\000\000\000\000\000\000\000\000\000\000\000\000\000\000\000\000\000\000\000\000\000\000\000\000\000\000\000\000\000\000\000\000""; queryType: qtINDIRECT; queryDepth: 3; "
1750587279238,1750587279238,499,1,2,4,TMGetLedger,"itype: liTS_CANDIDATE; ledgerHash: ""\007\347lg\346B\270\350\352\375\266\371?(\361\364\365I|\375\262>\230(\333\250\331\007\360U\024\027""; nodeIDs: ""\000\000\000\000\000\000\000\000\000\000\000\000\000\000\000\000\000\000\000\000\000\000\000\000\000\000\000\000\000\000\000\000\000""; queryType: qtINDIRECT; queryDepth: 3; ","itype: liTS_CANDIDATE; ledgerHash: ""\007\347lg\346B\270\350\352\375\266\371?(\361\364\365I|\375\262>\230(\333\250\331\007\360U\024\027""; nodeIDs: ""\000\000\000\000\000\000\000\000\000\000\000\000\000\000\000\000\000\000\000\000\000\000\000\000\000\000\000\000\000\000\000\000\000""; queryType: qtINDIRECT; queryDepth: 3; "
1750587279239,1750587279239,3898,1,2,3,TMGetLedger,"itype: liTS_CANDIDATE; ledgerHash: ""\007\347lg\346B\270\350\352\375\266\371?(\361\364\365I|\375\262>\230(\333\250\331\007\360U\024\027""; nodeIDs: ""\000\000\000\000\000\000\000\000\000\000\000\000\000\000\000\000\000\000\000\000\000\000\000\000\000\000\000\000\000\000\000\000\000""; queryType: qtINDIRECT; queryDepth: 3; ","itype: liTS_CANDIDATE; ledgerHash: ""\007\347lg\346B\270\350\352\375\266\371?(\361\364\365I|\375\262>\230(\333\250\331\007\360U\024\027""; nodeIDs: ""\000\000\000\000\000\000\000\000\000\000\000\000\000\000\000\000\000\000\000\000\000\000\000\000\000\000\000\000\000\000\000\000\000""; queryType: qtINDIRECT; queryDepth: 3; "
1750587279239,1750587279240,342,1,2,1,TMGetLedger,"itype: liTS_CANDIDATE; ledgerHash: ""\007\347lg\346B\270\350\352\375\266\371?(\361\364\365I|\375\262>\230(\333\250\331\007\360U\024\027""; nodeIDs: ""\000\000\000\000\000\000\000\000\000\000\000\000\000\000\000\000\000\000\000\000\000\000\000\000\000\000\000\000\000\000\000\000\000""; queryType: qtINDIRECT; queryDepth: 3; ","itype: liTS_CANDIDATE; ledgerHash: ""\007\347lg\346B\270\350\352\375\266\371?(\361\364\365I|\375\262>\230(\333\250\331\007\360U\024\027""; nodeIDs: ""\000\000\000\000\000\000\000\000\000\000\000\000\000\000\000\000\000\000\000\000\000\000\000\000\000\000\000\000\000\000\000\000\000""; queryType: qtINDIRECT; queryDepth: 3; "
1750587279240,1750587279240,1582,1,2,0,TMGetLedger,"itype: liTS_CANDIDATE; ledgerHash: ""\007\347lg\346B\270\350\352\375\266\371?(\361\364\365I|\375\262>\230(\333\250\331\007\360U\024\027""; nodeIDs: ""\000\000\000\000\000\000\000\000\000\000\000\000\000\000\000\000\000\000\000\000\000\000\000\000\000\000\000\000\000\000\000\000\000""; queryType: qtINDIRECT; queryDepth: 3; ","itype: liTS_CANDIDATE; ledgerHash: ""\007\347lg\346B\270\350\352\375\266\371?(\361\364\365I|\375\262>\230(\333\250\331\007\360U\024\027""; nodeIDs: ""\000\000\000\000\000\000\000\000\000\000\000\000\000\000\000\000\000\000\000\000\000\000\000\000\000\000\000\000\000\000\000\000\000""; queryType: qtINDIRECT; queryDepth: 3; "
1750587279251,1750587279251,3520,1,3,1,TMLedgerData,"ledgerHash: ""\r!N\267\203~\313a\272~\344A\332\034\332r\\301\240a\307\341\261(c(\021\265B\030@(""; ledgerSeq: 0; type: liTS_CANDIDATE; nodes {;   nodedata: ""\247\272\246\2214\014W1\360z\262\252=\343\207'\275\266;\016\021\306\330\030\225\023\357\272\353\200x\221\n\003"";   nodeid: ""\000\000\000\000\000\000\000\000\000\000\000\000\000\000\000\000\000\000\000\000\000\000\000\000\000\000\000\000\000\000\000\000\000""; }; ","ledgerHash: ""\r!N\267\203~\313a\272~\344A\332\034\332r\\301\240a\307\341\261(c(\021\265B\030@(""; ledgerSeq: 0; type: liTS_CANDIDATE; nodes {;   nodedata: ""\247\272\246\2214\014W1\360z\262\252=\343\207'\275\266;\016\021\306\330\030\225\023\357\272\353\200x\221\n\003"";   nodeid: ""\000\000\000\000\000\000\000\000\000\000\000\000\000\000\000\000\000\000\000\000\000\000\000\000\000\000\000\000\000\000\000\000\000""; }; "
1750587279259,1750587279259,2655,1,1,0,TMLedgerData,"ledgerHash: ""\007\347lg\346B\270\350\352\375\266\371?(\361\364\365I|\375\262>\230(\333\250\331\007\360U\024\027""; ledgerSeq: 0; type: liTS_CANDIDATE; nodes {;   nodedata: ""\003S\n\235\2624\346\340\377asq\337\223T\316nL\232)C!\360\245\205[L\224\\351\351\000\003"";   nodeid: ""\000\000\000\000\000\000\000\000\000\000\000\000\000\000\000\000\000\000\000\000\000\000\000\000\000\000\000\000\000\000\000\000\000""; }; ","ledgerHash: ""\007\347lg\346B\270\350\352\375\266\371?(\361\364\365I|\375\262>\230(\333\250\331\007\360U\024\027""; ledgerSeq: 0; type: liTS_CANDIDATE; nodes {;   nodedata: ""\003S\n\235\2624\346\340\377asq\337\223T\316nL\232)C!\360\245\205[L\224\\351\351\000\003"";   nodeid: ""\000\000\000\000\000\000\000\000\000\000\000\000\000\000\000\000\000\000\000\000\000\000\000\000\000\000\000\000\000\000\000\000\000""; }; "
1750587279266,1750587279266,1772,1,4,3,TMLedgerData,"ledgerHash: ""\r!N\267\203~\313a\272~\344A\332\034\332r\\301\240a\307\341\261(c(\021\265B\030@(""; ledgerSeq: 0; type: liTS_CANDIDATE; nodes {;   nodedata: ""\247\272\246\2214\014W1\360z\262\252=\343\207'\275\266;\016\021\306\330\030\225\023\357\272\353\200x\221\n\003"";   nodeid: ""\000\000\000\000\000\000\000\000\000\000\000\000\000\000\000\000\000\000\000\000\000\000\000\000\000\000\000\000\000\000\000\000\000""; }; ","ledgerHash: ""\r!N\267\203~\313a\272~\344A\332\034\332r\\301\240a\307\341\261(c(\021\265B\030@(""; ledgerSeq: 0; type: liTS_CANDIDATE; nodes {;   nodedata: ""\247\272\246\2214\014W1\360z\262\252=\343\207'\275\266;\016\021\306\330\030\225\023\357\272\353\200x\221\n\003"";   nodeid: ""\000\000\000\000\000\000\000\000\000\000\000\000\000\000\000\000\000\000\000\000\000\000\000\000\000\000\000\000\000\000\000\000\000""; }; "
1750587279272,1750587279272,2142,1,3,1,TMGetLedger,"itype: liTS_CANDIDATE; ledgerHash: ""\007\347lg\346B\270\350\352\375\266\371?(\361\364\365I|\375\262>\230(\333\250\331\007\360U\024\027""; nodeIDs: ""\000\000\000\000\000\000\000\000\000\000\000\000\000\000\000\000\000\000\000\000\000\000\000\000\000\000\000\000\000\000\000\000\000""; queryType: qtINDIRECT; queryDepth: 3; ","itype: liTS_CANDIDATE; ledgerHash: ""\007\347lg\346B\270\350\352\375\266\371?(\361\364\365I|\375\262>\230(\333\250\331\007\360U\024\027""; nodeIDs: ""\000\000\000\000\000\000\000\000\000\000\000\000\000\000\000\000\000\000\000\000\000\000\000\000\000\000\000\000\000\000\000\000\000""; queryType: qtINDIRECT; queryDepth: 3; "
1750587279272,1750587279273,1136,1,3,0,TMGetLedger,"itype: liTS_CANDIDATE; ledgerHash: ""\007\347lg\346B\270\350\352\375\266\371?(\361\364\365I|\375\262>\230(\333\250\331\007\360U\024\027""; nodeIDs: ""\000\000\000\000\000\000\000\000\000\000\000\000\000\000\000\000\000\000\000\000\000\000\000\000\000\000\000\000\000\000\000\000\000""; queryType: qtINDIRECT; queryDepth: 3; ","itype: liTS_CANDIDATE; ledgerHash: ""\007\347lg\346B\270\350\352\375\266\371?(\361\364\365I|\375\262>\230(\333\250\331\007\360U\024\027""; nodeIDs: ""\000\000\000\000\000\000\000\000\000\000\000\000\000\000\000\000\000\000\000\000\000\000\000\000\000\000\000\000\000\000\000\000\000""; queryType: qtINDIRECT; queryDepth: 3; "
1750587279274,1750587279274,1590,1,3,2,TMGetLedger,"itype: liTS_CANDIDATE; ledgerHash: ""\007\347lg\346B\270\350\352\375\266\371?(\361\364\365I|\375\262>\230(\333\250\331\007\360U\024\027""; nodeIDs: ""\000\000\000\000\000\000\000\000\000\000\000\000\000\000\000\000\000\000\000\000\000\000\000\000\000\000\000\000\000\000\000\000\000""; queryType: qtINDIRECT; queryDepth: 3; ","itype: liTS_CANDIDATE; ledgerHash: ""\007\347lg\346B\270\350\352\375\266\371?(\361\364\365I|\375\262>\230(\333\250\331\007\360U\024\027""; nodeIDs: ""\000\000\000\000\000\000\000\000\000\000\000\000\000\000\000\000\000\000\000\000\000\000\000\000\000\000\000\000\000\000\000\000\000""; queryType: qtINDIRECT; queryDepth: 3; "
1750587279274,1750587279274,3118,1,3,4,TMGetLedger,"itype: liTS_CANDIDATE; ledgerHash: ""\007\347lg\346B\270\350\352\375\266\371?(\361\364\365I|\375\262>\230(\333\250\331\007\360U\024\027""; nodeIDs: ""\000\000\000\000\000\000\000\000\000\000\000\000\000\000\000\000\000\000\000\000\000\000\000\000\000\000\000\000\000\000\000\000\000""; queryType: qtINDIRECT; queryDepth: 3; ","itype: liTS_CANDIDATE; ledgerHash: ""\007\347lg\346B\270\350\352\375\266\371?(\361\364\365I|\375\262>\230(\333\250\331\007\360U\024\027""; nodeIDs: ""\000\000\000\000\000\000\000\000\000\000\000\000\000\000\000\000\000\000\000\000\000\000\000\000\000\000\000\000\000\000\000\000\000""; queryType: qtINDIRECT; queryDepth: 3; "
1750587279274,1750587279275,3792,1,0,1,TMLedgerData,"ledgerHash: ""\r!N\267\203~\313a\272~\344A\332\034\332r\\301\240a\307\341\261(c(\021\265B\030@(""; ledgerSeq: 0; type: liTS_CANDIDATE; nodes {;   nodedata: ""\247\272\246\2214\014W1\360z\262\252=\343\207'\275\266;\016\021\306\330\030\225\023\357\272\353\200x\221\n\003"";   nodeid: ""\000\000\000\000\000\000\000\000\000\000\000\000\000\000\000\000\000\000\000\000\000\000\000\000\000\000\000\000\000\000\000\000\000""; }; ","ledgerHash: ""\r!N\267\203~\313a\272~\344A\332\034\332r\\301\240a\307\341\261(c(\021\265B\030@(""; ledgerSeq: 0; type: liTS_CANDIDATE; nodes {;   nodedata: ""\247\272\246\2214\014W1\360z\262\252=\343\207'\275\266;\016\021\306\330\030\225\023\357\272\353\200x\221\n\003"";   nodeid: ""\000\000\000\000\000\000\000\000\000\000\000\000\000\000\000\000\000\000\000\000\000\000\000\000\000\000\000\000\000\000\000\000\000""; }; "
1750587279298,1750587279298,3414,1,0,2,TMGetLedger,"itype: liTS_CANDIDATE; ledgerHash: ""b\001;\355\\351h\305\360*\252j\2470\334[#|\313\3606\207\210\245\372\217RX\333g`K""; nodeIDs: ""\000\000\000\000\000\000\000\000\000\000\000\000\000\000\000\000\000\000\000\000\000\000\000\000\000\000\000\000\000\000\000\000\000""; queryType: qtINDIRECT; queryDepth: 3; ","itype: liTS_CANDIDATE; ledgerHash: ""b\001;\355\\351h\305\360*\252j\2470\334[#|\313\3606\207\210\245\372\217RX\333g`K""; nodeIDs: ""\000\000\000\000\000\000\000\000\000\000\000\000\000\000\000\000\000\000\000\000\000\000\000\000\000\000\000\000\000\000\000\000\000""; queryType: qtINDIRECT; queryDepth: 3; "
1750587279308,1750587279308,1435,1,4,1,TMLedgerData,"ledgerHash: ""\r!N\267\203~\313a\272~\344A\332\034\332r\\301\240a\307\341\261(c(\021\265B\030@(""; ledgerSeq: 0; type: liTS_CANDIDATE; nodes {;   nodedata: ""\247\272\246\2214\014W1\360z\262\252=\343\207'\275\266;\016\021\306\330\030\225\023\357\272\353\200x\221\n\003"";   nodeid: ""\000\000\000\000\000\000\000\000\000\000\000\000\000\000\000\000\000\000\000\000\000\000\000\000\000\000\000\000\000\000\000\000\000""; }; ","ledgerHash: ""\r!N\267\203~\313a\272~\344A\332\034\332r\\301\240a\307\341\261(c(\021\265B\030@(""; ledgerSeq: 0; type: liTS_CANDIDATE; nodes {;   nodedata: ""\247\272\246\2214\014W1\360z\262\252=\343\207'\275\266;\016\021\306\330\030\225\023\357\272\353\200x\221\n\003"";   nodeid: ""\000\000\000\000\000\000\000\000\000\000\000\000\000\000\000\000\000\000\000\000\000\000\000\000\000\000\000\000\000\000\000\000\000""; }; "
1750587279309,1750587279309,3097,1,2,0,TMLedgerData,"ledgerHash: ""u\315\243\367\211\2625\240r:n\277\003\026\366\353'\216jy9\\001\220\223~\341j\254O\025\257""; ledgerSeq: 0; type: liTS_CANDIDATE; nodes {;   nodedata: ""\022\000\000""\000\000\000\000$\000\000\000\001 \033\000\000\000\027a@\000\000\027H\206*@h@\000\000\000\000\000\000\ns!\0030\347\374\235V\273%\326\211;\243\363\027\256[\3173\263)\033\326=\263&T\243\023""/\177\320 tF0D\002 0\023\341\332; \2711\245\020\321\3300\345\267-)\230\177\246\236AQ\327\203\207H\226+\000%\336\002 \024\036\211\237\201t\376\272E\270\230\020\334\014\356g\273\025((\376\266\216@ \254^2T\233\013\034\201\024\265\367by\212S\325C\240\024\312\370\262\227\317\370\362\3717\350\203\024E0\246\210\344\325\345r\024T\251\006P\255\352\333\372\351\337\302\000"";   nodeid: ""\240\000\000\000\000\000\000\000\000\000\000\000\000\000\000\000\000\000\000\000\000\000\000\000\000\000\000\000\000\000\000\000\001""; }; ","ledgerHash: ""u\315\243\367\211\2625\240r:n\277\003\026\366\353'\216jy9\\001\220\223~\341j\254O\025\257""; ledgerSeq: 0; type: liTS_CANDIDATE; nodes {;   nodedata: ""\022\000\000""\000\000\000\000$\000\000\000\001 \033\000\000\000\027a@\000\000\027H\206*@h@\000\000\000\000\000\000\ns!\0030\347\374\235V\273%\326\211;\243\363\027\256[\3173\263)\033\326=\263&T\243\023""/\177\320 tF0D\002 0\023\341\332; \2711\245\020\321\3300\345\267-)\230\177\246\236AQ\327\203\207H\226+\000%\336\002 \024\036\211\237\201t\376\272E\270\230\020\334\014\356g\273\025((\376\266\216@ \254^2T\233\013\034\201\024\265\367by\212S\325C\240\024\312\370\262\227\317\370\362\3717\350\203\024E0\246\210\344\325\345r\024T\251\006P\255\352\333\372\351\337\302\000"";   nodeid: ""\240\000\000\000\000\000\000\000\000\000\000\000\000\000\000\000\000\000\000\000\000\000\000\000\000\000\000\000\000\000\000\000\001""; }; "
1750587279317,1750587279318,3383,1,1,4,TMHaveTransactionSet,"status: tsHAVE; hash: ""b\001;\355\\351h\305\360*\252j\2470\334[#|\313\3606\207\210\245\372\217RX\333g`K""; ","status: tsHAVE; hash: ""b\001;\355\\351h\305\360*\252j\2470\334[#|\313\3606\207\210\245\372\217RX\333g`K""; "
1750587279318,1750587279318,3053,1,1,2,TMHaveTransactionSet,"status: tsHAVE; hash: ""b\001;\355\\351h\305\360*\252j\2470\334[#|\313\3606\207\210\245\372\217RX\333g`K""; ","status: tsHAVE; hash: ""b\001;\355\\351h\305\360*\252j\2470\334[#|\313\3606\207\210\245\372\217RX\333g`K""; "
1750587279318,1750587279319,2561,1,1,2,TMTransaction,"rawTransaction: ""\022\000\000""\000\000\000\000$\000\000\000\006 \033\000\000\000\032a@\000\000\023\027\224\264\000h@\000\000\000\000\000\000\ns!\003\364\346'\245\361\313f\307\325O*\031\010 \337\241\354\3450V\376\031#\323\000\245'Q`4d\376tG0E\002!\000\251\014\3214\374H,\217\300{8\252\313\342IW_\304J\363\314W bK\204\377b\323vu\362\002 1w\236\223b,_\326\251\275\353+\316\313\353@\236#y\021\037b\005\001\344\023)\320\201\234\210A\201\024B\006\222#\215\346\234\245/\205\327[/\206^\005y\253G\373\203\024\023\252#\014BS\272`\277B\346\245]\332\351o'013""; status: tsNEW; receiveTimestamp: 803902479; ","rawTransaction: ""\022\000\000""\000\000\000\000$\000\000\000\006 \033\000\000\000\032a@\000\000\023\027\224\264\000h@\000\000\000\000\000\000\ns!\003\364\346'\245\361\313f\307\325O*\031\010 \337\241\354\3450V\376\031#\323\000\245'Q`4d\376tG0E\002!\000\251\014\3214\374H,\217\300{8\252\313\342IW_\304J\363\314W bK\204\377b\323vu\362\002 1w\236\223b,_\326\251\275\353+\316\313\353@\236#y\021\037b\005\001\344\023)\320\201\234\210A\201\024B\006\222#\215\346\234\245/\205\327[/\206^\005y\253G\373\203\024\023\252#\014BS\272`\277B\346\245]\332\351o'013""; status: tsNEW; receiveTimestamp: 803902479; "
1750587279319,1750587279320,2839,1,1,4,TMTransaction,"rawTransaction: ""\022\000\000""\000\000\000\000$\000\000\000\006 \033\000\000\000\032a@\000\000\023\027\224\264\000h@\000\000\000\000\000\000\ns!\003\364\346'\245\361\313f\307\325O*\031\010 \337\241\354\3450V\376\031#\323\000\245'Q`4d\376tG0E\002!\000\251\014\3214\374H,\217\300{8\252\313\342IW_\304J\363\314W bK\204\377b\323vu\362\002 1w\236\223b,_\326\251\275\353+\316\313\353@\236#y\021\037b\005\001\344\023)\320\201\234\210A\201\024B\006\222#\215\346\234\245/\205\327[/\206^\005y\253G\373\203\024\023\252#\014BS\272`\277B\346\245]\332\351o'013""; status: tsNEW; receiveTimestamp: 803902479; ","rawTransaction: ""\022\000\000""\000\000\000\000$\000\000\000\006 \033\000\000\000\032a@\000\000\023\027\224\264\000h@\000\000\000\000\000\000\ns!\003\364\346'\245\361\313f\307\325O*\031\010 \337\241\354\3450V\376\031#\323\000\245'Q`4d\376tG0E\002!\000\251\014\3214\374H,\217\300{8\252\313\342IW_\304J\363\314W bK\204\377b\323vu\362\002 1w\236\223b,_\326\251\275\353+\316\313\353@\236#y\021\037b\005\001\344\023)\320\201\234\210A\201\024B\006\222#\215\346\234\245/\205\327[/\206^\005y\253G\373\203\024\023\252#\014BS\272`\277B\346\245]\332\351o'013""; status: tsNEW; receiveTimestamp: 803902479; "
1750587279320,1750587279321,1777,1,1,3,TMTransaction,"rawTransaction: ""\022\000\000""\000\000\000\000$\000\000\000\006 \033\000\000\000\032a@\000\000\023\027\224\264\000h@\000\000\000\000\000\000\ns!\003\364\346'\245\361\313f\307\325O*\031\010 \337\241\354\3450V\376\031#\323\000\245'Q`4d\376tG0E\002!\000\251\014\3214\374H,\217\300{8\252\313\342IW_\304J\363\314W bK\204\377b\323vu\362\002 1w\236\223b,_\326\251\275\353+\316\313\353@\236#y\021\037b\005\001\344\023)\320\201\234\210A\201\024B\006\222#\215\346\234\245/\205\327[/\206^\005y\253G\373\203\024\023\252#\014BS\272`\277B\346\245]\332\351o'013""; status: tsNEW; receiveTimestamp: 803902479; ","rawTransaction: ""\022\000\000""\000\000\000\000$\000\000\000\006 \033\000\000\000\032a@\000\000\023\027\224\264\000h@\000\000\000\000\000\000\ns!\003\364\346'\245\361\313f\307\325O*\031\010 \337\241\354\3450V\376\031#\323\000\245'Q`4d\376tG0E\002!\000\251\014\3214\374H,\217\300{8\252\313\342IW_\304J\363\314W bK\204\377b\323vu\362\002 1w\236\223b,_\326\251\275\353+\316\313\353@\236#y\021\037b\005\001\344\023)\320\201\234\210A\201\024B\006\222#\215\346\234\245/\205\327[/\206^\005y\253G\373\203\024\023\252#\014BS\272`\277B\346\245]\332\351o'013""; status: tsNEW; receiveTimestamp: 803902479; "
1750587279320,1750587279321,1343,1,1,0,TMTransaction,"rawTransaction: ""\022\000\000""\000\000\000\000$\000\000\000\006 \033\000\000\000\032a@\000\000\023\027\224\264\000h@\000\000\000\000\000\000\ns!\003\364\346'\245\361\313f\307\325O*\031\010 \337\241\354\3450V\376\031#\323\000\245'Q`4d\376tG0E\002!\000\251\014\3214\374H,\217\300{8\252\313\342IW_\304J\363\314W bK\204\377b\323vu\362\002 1w\236\223b,_\326\251\275\353+\316\313\353@\236#y\021\037b\005\001\344\023)\320\201\234\210A\201\024B\006\222#\215\346\234\245/\205\327[/\206^\005y\253G\373\203\024\023\252#\014BS\272`\277B\346\245]\332\351o'013""; status: tsNEW; receiveTimestamp: 803902479; ","rawTransaction: ""\022\000\000""\000\000\000\000$\000\000\000\006 \033\000\000\000\032a@\000\000\023\027\224\264\000h@\000\000\000\000\000\000\ns!\003\364\346'\245\361\313f\307\325O*\031\010 \337\241\354\3450V\376\031#\323\000\245'Q`4d\376tG0E\002!\000\251\014\3214\374H,\217\300{8\252\313\342IW_\304J\363\314W bK\204\377b\323vu\362\002 1w\236\223b,_\326\251\275\353+\316\313\353@\236#y\021\037b\005\001\344\023)\320\201\234\210A\201\024B\006\222#\215\346\234\245/\205\327[/\206^\005y\253G\373\203\024\023\252#\014BS\272`\277B\346\245]\332\351o'013""; status: tsNEW; receiveTimestamp: 803902479; "
1750587279321,1750587279321,361,1,1,0,TMHaveTransactionSet,"status: tsHAVE; hash: ""b\001;\355\\351h\305\360*\252j\2470\334[#|\313\3606\207\210\245\372\217RX\333g`K""; ","status: tsHAVE; hash: ""b\001;\355\\351h\305\360*\252j\2470\334[#|\313\3606\207\210\245\372\217RX\333g`K""; "
1750587279320,1750587279320,1836,1,1,3,TMHaveTransactionSet,"status: tsHAVE; hash: ""b\001;\355\\351h\305\360*\252j\2470\334[#|\313\3606\207\210\245\372\217RX\333g`K""; ","status: tsHAVE; hash: ""b\001;\355\\351h\305\360*\252j\2470\334[#|\313\3606\207\210\245\372\217RX\333g`K""; "
1750587279324,1750587279324,3898,1,2,3,TMGetLedger,"itype: liTS_CANDIDATE; ledgerHash: ""\r!N\267\203~\313a\272~\344A\332\034\332r\\301\240a\307\341\261(c(\021\265B\030@(""; nodeIDs: ""\000\000\000\000\000\000\000\000\000\000\000\000\000\000\000\000\000\000\000\000\000\000\000\000\000\000\000\000\000\000\000\000\000""; requestCookie: 5; queryType: qtINDIRECT; queryDepth: 3; ","itype: liTS_CANDIDATE; ledgerHash: ""\r!N\267\203~\313a\272~\344A\332\034\332r\\301\240a\307\341\261(c(\021\265B\030@(""; nodeIDs: ""\000\000\000\000\000\000\000\000\000\000\000\000\000\000\000\000\000\000\000\000\000\000\000\000\000\000\000\000\000\000\000\000\000""; requestCookie: 5; queryType: qtINDIRECT; queryDepth: 3; "
1750587279326,1750587279326,1939,1,1,4,TMValidation,"validation: """"\200\000\000\001&\000\000\000\010)/\352\224\r:v|\203\267)\257\206\032Q\354@[\274\202\021\202\373Vi\243\n\325\250\005e\360""m\346'\311@\343\016$L\346\334\360<wP\027\000\000\000\000\000\000\000\000\000\000\000\000\000\000\000\000\000\000\000\000\000\000\000\000\000\000\000\000\000\000\000\000P\031\311\347s\234ae\204\263\365U\334\372D\354\345\276\201f\035\271%#\375\245\314.""\373\330&\3746s!\003.\200\224\215?)t\306\315\242\313\251\255\302\204=\232.\271%}\013\024s\024\002@\216l""\241FvG0E\002!\000\360F\364\337\\317\206\205\336\315\252\200\ry\265\314\254+\265\242.\235n\334A:D\177\270_\r*\002 *\267\205]\332\317hs? \273/\364\023M+\365'_\324\322v\240\226)\315\322\373\301]\211C""; ","validation: """"\200\000\000\001&\000\000\000\010)/\352\224\r:v|\203\267)\257\206\032Q\354@[\274\202\021\202\373Vi\243\n\325\250\005e\360""m\346'\311@\343\016$L\346\334\360<wP\027\000\000\000\000\000\000\000\000\000\000\000\000\000\000\000\000\000\000\000\000\000\000\000\000\000\000\000\000\000\000\000\000P\031\311\347s\234ae\204\263\365U\334\372D\354\345\276\201f\035\271%#\375\245\314.""\373\330&\3746s!\003.\200\224\215?)t\306\315\242\313\251\255\302\204=\232.\271%}\013\024s\024\002@\216l""\241FvG0E\002!\000\360F\364\337\\317\206\205\336\315\252\200\ry\265\314\254+\265\242.\235n\334A:D\177\270_\r*\002 *\267\205]\332\317hs? \273/\364\023M+\365'_\324\322v\240\226)\315\322\373\301]\211C""; "
1750587279327,1750587279327,1289,1,1,3,TMValidation,"validation: """"\200\000\000\001&\000\000\000\010)/\352\224\r:v|\203\267)\257\206\032Q\354@[\274\202\021\202\373Vi\243\n\325\250\005e\360""m\346'\311@\343\016$L\346\334\360<wP\027\000\000\000\000\000\000\000\000\000\000\000\000\000\000\000\000\000\000\000\000\000\000\000\000\000\000\000\000\000\000\000\000P\031\311\347s\234ae\204\263\365U\334\372D\354\345\276\201f\035\271%#\375\245\314.""\373\330&\3746s!\003.\200\224\215?)t\306\315\242\313\251\255\302\204=\232.\271%}\013\024s\024\002@\216l""\241FvG0E\002!\000\360F\364\337\\317\206\205\336\315\252\200\ry\265\314\254+\265\242.\235n\334A:D\177\270_\r*\002 *\267\205]\332\317hs? \273/\364\023M+\365'_\324\322v\240\226)\315\322\373\301]\211C""; ","validation: """"\200\000\000\001&\000\000\000\010)/\352\224\r:v|\203\267)\257\206\032Q\354@[\274\202\021\202\373Vi\243\n\325\250\005e\360""m\346'\311@\343\016$L\346\334\360<wP\027\000\000\000\000\000\000\000\000\000\000\000\000\000\000\000\000\000\000\000\000\000\000\000\000\000\000\000\000\000\000\000\000P\031\311\347s\234ae\204\263\365U\334\372D\354\345\276\201f\035\271%#\375\245\314.""\373\330&\3746s!\003.\200\224\215?)t\306\315\242\313\251\255\302\204=\232.\271%}\013\024s\024\002@\216l""\241FvG0E\002!\000\360F\364\337\\317\206\205\336\315\252\200\ry\265\314\254+\265\242.\235n\334A:D\177\270_\r*\002 *\267\205]\332\317hs? \273/\364\023M+\365'_\324\322v\240\226)\315\322\373\301]\211C""; "
1750587279327,1750587279327,3090,1,1,0,TMValidation,"validation: """"\200\000\000\001&\000\000\000\010)/\352\224\r:v|\203\267)\257\206\032Q\354@[\274\202\021\202\373Vi\243\n\325\250\005e\360""m\346'\311@\343\016$L\346\334\360<wP\027\000\000\000\000\000\000\000\000\000\000\000\000\000\000\000\000\000\000\000\000\000\000\000\000\000\000\000\000\000\000\000\000P\031\311\347s\234ae\204\263\365U\334\372D\354\345\276\201f\035\271%#\375\245\314.""\373\330&\3746s!\003.\200\224\215?)t\306\315\242\313\251\255\302\204=\232.\271%}\013\024s\024\002@\216l""\241FvG0E\002!\000\360F\364\337\\317\206\205\336\315\252\200\ry\265\314\254+\265\242.\235n\334A:D\177\270_\r*\002 *\267\205]\332\317hs? \273/\364\023M+\365'_\324\322v\240\226)\315\322\373\301]\211C""; ","validation: """"\200\000\000\001&\000\000\000\010)/\352\224\r:v|\203\267)\257\206\032Q\354@[\274\202\021\202\373Vi\243\n\325\250\005e\360""m\346'\311@\343\016$L\346\334\360<wP\027\000\000\000\000\000\000\000\000\000\000\000\000\000\000\000\000\000\000\000\000\000\000\000\000\000\000\000\000\000\000\000\000P\031\311\347s\234ae\204\263\365U\334\372D\354\345\276\201f\035\271%#\375\245\314.""\373\330&\3746s!\003.\200\224\215?)t\306\315\242\313\251\255\302\204=\232.\271%}\013\024s\024\002@\216l""\241FvG0E\002!\000\360F\364\337\\317\206\205\336\315\252\200\ry\265\314\254+\265\242.\235n\334A:D\177\270_\r*\002 *\267\205]\332\317hs? \273/\364\023M+\365'_\324\322v\240\226)\315\322\373\301]\211C""; "
1750587279327,1750587279327,674,1,1,2,TMGetLedger,"itype: liBASE; ledgerHash: ""\354@[\274\202\021\202\373Vi\243\n\325\250\005e\360""m\346'\311@\343\016$L\346\334\360<w""; ","itype: liBASE; ledgerHash: ""\354@[\274\202\021\202\373Vi\243\n\325\250\005e\360""m\346'\311@\343\016$L\346\334\360<w""; "
1750587279337,1750587279338,3082,1,2,4,TMProposeSet,"proposeSeq: 0; currentTxHash: ""\r!N\267\203~\313a\272~\344A\332\034\332r\\301\240a\307\341\261(c(\021\265B\030@(""; nodePubKey: ""\002\347\243J\206W\025ML\260\226\0163\217\250\337\325W\253\356*O\245Z\271\234\207C\274\375`\335\311""; closeTime: 803902477; signature: ""0D\002 ^\277r\232\216D5\377\253(?%!\366\220\355\357\0136\345\337\244/\264\233\242\202\327\210Ep\251\002 ]\252o\375\233\260\251\035\210\335\213k\354P99E>\003\256{t[]\267\215i2\320\330\023F""; previousledger: ""\311\347s\234ae\204\263\365U\334\372D\354\345\276\201f\035\271%#\375\245\314.""\373\330&\3746""; ","proposeSeq: 0; currentTxHash: ""\r!N\267\203~\313a\272~\344A\332\034\332r\\301\240a\307\341\261(c(\021\265B\030@(""; nodePubKey: ""\002\347\243J\206W\025ML\260\226\0163\217\250\337\325W\253\356*O\245Z\271\234\207C\274\375`\335\311""; closeTime: 803902477; signature: ""0D\002 ^\277r\232\216D5\377\253(?%!\366\220\355\357\0136\345\337\244/\264\233\242\202\327\210Ep\251\002 ]\252o\375\233\260\251\035\210\335\213k\354P99E>\003\256{t[]\267\215i2\320\330\023F""; previousledger: ""\311\347s\234ae\204\263\365U\334\372D\354\345\276\201f\035\271%#\375\245\314.""\373\330&\3746""; "
1750587279338,1750587279338,3725,1,2,3,TMProposeSet,"proposeSeq: 0; currentTxHash: ""\r!N\267\203~\313a\272~\344A\332\034\332r\\301\240a\307\341\261(c(\021\265B\030@(""; nodePubKey: ""\002\347\243J\206W\025ML\260\226\0163\217\250\337\325W\253\356*O\245Z\271\234\207C\274\375`\335\311""; closeTime: 803902477; signature: ""0D\002 ^\277r\232\216D5\377\253(?%!\366\220\355\357\0136\345\337\244/\264\233\242\202\327\210Ep\251\002 ]\252o\375\233\260\251\035\210\335\213k\354P99E>\003\256{t[]\267\215i2\320\330\023F""; previousledger: ""\311\347s\234ae\204\263\365U\334\372D\354\345\276\201f\035\271%#\375\245\314.""\373\330&\3746""; ","proposeSeq: 0; currentTxHash: ""\r!N\267\203~\313a\272~\344A\332\034\332r\\301\240a\307\341\261(c(\021\265B\030@(""; nodePubKey: ""\002\347\243J\206W\025ML\260\226\0163\217\250\337\325W\253\356*O\245Z\271\234\207C\274\375`\335\311""; closeTime: 803902477; signature: ""0D\002 ^\277r\232\216D5\377\253(?%!\366\220\355\357\0136\345\337\244/\264\233\242\202\327\210Ep\251\002 ]\252o\375\233\260\251\035\210\335\213k\354P99E>\003\256{t[]\267\215i2\320\330\023F""; previousledger: ""\311\347s\234ae\204\263\365U\334\372D\354\345\276\201f\035\271%#\375\245\314.""\373\330&\3746""; "
1750587279338,1750587279338,1838,1,2,1,TMProposeSet,"proposeSeq: 0; currentTxHash: ""\r!N\267\203~\313a\272~\344A\332\034\332r\\301\240a\307\341\261(c(\021\265B\030@(""; nodePubKey: ""\002\347\243J\206W\025ML\260\226\0163\217\250\337\325W\253\356*O\245Z\271\234\207C\274\375`\335\311""; closeTime: 803902477; signature: ""0D\002 ^\277r\232\216D5\377\253(?%!\366\220\355\357\0136\345\337\244/\264\233\242\202\327\210Ep\251\002 ]\252o\375\233\260\251\035\210\335\213k\354P99E>\003\256{t[]\267\215i2\320\330\023F""; previousledger: ""\311\347s\234ae\204\263\365U\334\372D\354\345\276\201f\035\271%#\375\245\314.""\373\330&\3746""; ","proposeSeq: 0; currentTxHash: ""\r!N\267\203~\313a\272~\344A\332\034\332r\\301\240a\307\341\261(c(\021\265B\030@(""; nodePubKey: ""\002\347\243J\206W\025ML\260\226\0163\217\250\337\325W\253\356*O\245Z\271\234\207C\274\375`\335\311""; closeTime: 803902477; signature: ""0D\002 ^\277r\232\216D5\377\253(?%!\366\220\355\357\0136\345\337\244/\264\233\242\202\327\210Ep\251\002 ]\252o\375\233\260\251\035\210\335\213k\354P99E>\003\256{t[]\267\215i2\320\330\023F""; previousledger: ""\311\347s\234ae\204\263\365U\334\372D\354\345\276\201f\035\271%#\375\245\314.""\373\330&\3746""; "
1750587279339,1750587279339,2860,1,1,4,TMGetLedger,"itype: liBASE; ledgerHash: ""\354@[\274\202\021\202\373Vi\243\n\325\250\005e\360""m\346'\311@\343\016$L\346\334\360<w""; ","itype: liBASE; ledgerHash: ""\354@[\274\202\021\202\373Vi\243\n\325\250\005e\360""m\346'\311@\343\016$L\346\334\360<w""; "
1750587279339,1750587279339,572,1,1,0,TMGetLedger,"itype: liBASE; ledgerHash: ""\354@[\274\202\021\202\373Vi\243\n\325\250\005e\360""m\346'\311@\343\016$L\346\334\360<w""; ","itype: liBASE; ledgerHash: ""\354@[\274\202\021\202\373Vi\243\n\325\250\005e\360""m\346'\311@\343\016$L\346\334\360<w""; "
1750587279338,1750587279338,3553,1,1,3,TMGetLedger,"itype: liBASE; ledgerHash: ""\354@[\274\202\021\202\373Vi\243\n\325\250\005e\360""m\346'\311@\343\016$L\346\334\360<w""; ","itype: liBASE; ledgerHash: ""\354@[\274\202\021\202\373Vi\243\n\325\250\005e\360""m\346'\311@\343\016$L\346\334\360<w""; "
1750587279340,1750587279340,572,1,1,0,TMGetLedger,"itype: liBASE; ledgerHash: ""\354@[\274\202\021\202\373Vi\243\n\325\250\005e\360""m\346'\311@\343\016$L\346\334\360<w""; queryType: qtINDIRECT; ","itype: liBASE; ledgerHash: ""\354@[\274\202\021\202\373Vi\243\n\325\250\005e\360""m\346'\311@\343\016$L\346\334\360<w""; queryType: qtINDIRECT; "
1750587279340,1750587279340,3553,1,1,3,TMGetLedger,"itype: liBASE; ledgerHash: ""\354@[\274\202\021\202\373Vi\243\n\325\250\005e\360""m\346'\311@\343\016$L\346\334\360<w""; queryType: qtINDIRECT; ","itype: liBASE; ledgerHash: ""\354@[\274\202\021\202\373Vi\243\n\325\250\005e\360""m\346'\311@\343\016$L\346\334\360<w""; queryType: qtINDIRECT; "
1750587279340,1750587279340,2860,1,1,4,TMGetLedger,"itype: liBASE; ledgerHash: ""\354@[\274\202\021\202\373Vi\243\n\325\250\005e\360""m\346'\311@\343\016$L\346\334\360<w""; queryType: qtINDIRECT; ","itype: liBASE; ledgerHash: ""\354@[\274\202\021\202\373Vi\243\n\325\250\005e\360""m\346'\311@\343\016$L\346\334\360<w""; queryType: qtINDIRECT; "
1750587279365,1750587279365,1764,1,0,3,TMGetLedger,"itype: liTS_CANDIDATE; ledgerHash: ""\007\347lg\346B\270\350\352\375\266\371?(\361\364\365I|\375\262>\230(\333\250\331\007\360U\024\027""; nodeIDs: ""\000\000\000\000\000\000\000\000\000\000\000\000\000\000\000\000\000\000\000\000\000\000\000\000\000\000\000\000\000\000\000\000\000""; queryType: qtINDIRECT; queryDepth: 3; ","itype: liTS_CANDIDATE; ledgerHash: ""\007\347lg\346B\270\350\352\375\266\371?(\361\364\365I|\375\262>\230(\333\250\331\007\360U\024\027""; nodeIDs: ""\000\000\000\000\000\000\000\000\000\000\000\000\000\000\000\000\000\000\000\000\000\000\000\000\000\000\000\000\000\000\000\000\000""; queryType: qtINDIRECT; queryDepth: 3; "
1750587279365,1750587279365,1466,1,0,4,TMGetLedger,"itype: liTS_CANDIDATE; ledgerHash: ""\007\347lg\346B\270\350\352\375\266\371?(\361\364\365I|\375\262>\230(\333\250\331\007\360U\024\027""; nodeIDs: ""\000\000\000\000\000\000\000\000\000\000\000\000\000\000\000\000\000\000\000\000\000\000\000\000\000\000\000\000\000\000\000\000\000""; queryType: qtINDIRECT; queryDepth: 3; ","itype: liTS_CANDIDATE; ledgerHash: ""\007\347lg\346B\270\350\352\375\266\371?(\361\364\365I|\375\262>\230(\333\250\331\007\360U\024\027""; nodeIDs: ""\000\000\000\000\000\000\000\000\000\000\000\000\000\000\000\000\000\000\000\000\000\000\000\000\000\000\000\000\000\000\000\000\000""; queryType: qtINDIRECT; queryDepth: 3; "
1750587279365,1750587279365,3414,1,0,2,TMGetLedger,"itype: liTS_CANDIDATE; ledgerHash: ""\007\347lg\346B\270\350\352\375\266\371?(\361\364\365I|\375\262>\230(\333\250\331\007\360U\024\027""; nodeIDs: ""\000\000\000\000\000\000\000\000\000\000\000\000\000\000\000\000\000\000\000\000\000\000\000\000\000\000\000\000\000\000\000\000\000""; queryType: qtINDIRECT; queryDepth: 3; ","itype: liTS_CANDIDATE; ledgerHash: ""\007\347lg\346B\270\350\352\375\266\371?(\361\364\365I|\375\262>\230(\333\250\331\007\360U\024\027""; nodeIDs: ""\000\000\000\000\000\000\000\000\000\000\000\000\000\000\000\000\000\000\000\000\000\000\000\000\000\000\000\000\000\000\000\000\000""; queryType: qtINDIRECT; queryDepth: 3; "
1750587279366,1750587279366,3792,1,0,1,TMLedgerData,"ledgerHash: ""\r!N\267\203~\313a\272~\344A\332\034\332r\\301\240a\307\341\261(c(\021\265B\030@(""; ledgerSeq: 0; type: liTS_CANDIDATE; nodes {;   nodedata: ""\247\272\246\2214\014W1\360z\262\252=\343\207'\275\266;\016\021\306\330\030\225\023\357\272\353\200x\221\n\003"";   nodeid: ""\000\000\000\000\000\000\000\000\000\000\000\000\000\000\000\000\000\000\000\000\000\000\000\000\000\000\000\000\000\000\000\000\000""; }; requestCookie: 4; ","ledgerHash: ""\r!N\267\203~\313a\272~\344A\332\034\332r\\301\240a\307\341\261(c(\021\265B\030@(""; ledgerSeq: 0; type: liTS_CANDIDATE; nodes {;   nodedata: ""\247\272\246\2214\014W1\360z\262\252=\343\207'\275\266;\016\021\306\330\030\225\023\357\272\353\200x\221\n\003"";   nodeid: ""\000\000\000\000\000\000\000\000\000\000\000\000\000\000\000\000\000\000\000\000\000\000\000\000\000\000\000\000\000\000\000\000\000""; }; requestCookie: 4; "
1750587279366,1750587279366,393,1,0,1,TMGetLedger,"itype: liTS_CANDIDATE; ledgerHash: ""\007\347lg\346B\270\350\352\375\266\371?(\361\364\365I|\375\262>\230(\333\250\331\007\360U\024\027""; nodeIDs: ""\000\000\000\000\000\000\000\000\000\000\000\000\000\000\000\000\000\000\000\000\000\000\000\000\000\000\000\000\000\000\000\000\000""; queryType: qtINDIRECT; queryDepth: 3; ","itype: liTS_CANDIDATE; ledgerHash: ""\007\347lg\346B\270\350\352\375\266\371?(\361\364\365I|\375\262>\230(\333\250\331\007\360U\024\027""; nodeIDs: ""\000\000\000\000\000\000\000\000\000\000\000\000\000\000\000\000\000\000\000\000\000\000\000\000\000\000\000\000\000\000\000\000\000""; queryType: qtINDIRECT; queryDepth: 3; "
1750587279369,1750587279370,674,1,1,2,TMGetLedger,"itype: liBASE; ledgerHash: ""\354@[\274\202\021\202\373Vi\243\n\325\250\005e\360""m\346'\311@\343\016$L\346\334\360<w""; queryType: qtINDIRECT; ","itype: liBASE; ledgerHash: ""\354@[\274\202\021\202\373Vi\243\n\325\250\005e\360""m\346'\311@\343\016$L\346\334\360<w""; queryType: qtINDIRECT; "
1750587279374,1750587279374,3898,1,2,3,TMGetLedger,"itype: liTS_CANDIDATE; ledgerHash: ""\r!N\267\203~\313a\272~\344A\332\034\332r\\301\240a\307\341\261(c(\021\265B\030@(""; nodeIDs: ""\000\000\000\000\000\000\000\000\000\000\000\000\000\000\000\000\000\000\000\000\000\000\000\000\000\000\000\000\000\000\000\000\000""; requestCookie: 3; queryType: qtINDIRECT; queryDepth: 3; ","itype: liTS_CANDIDATE; ledgerHash: ""\r!N\267\203~\313a\272~\344A\332\034\332r\\301\240a\307\341\261(c(\021\265B\030@(""; nodeIDs: ""\000\000\000\000\000\000\000\000\000\000\000\000\000\000\000\000\000\000\000\000\000\000\000\000\000\000\000\000\000\000\000\000\000""; requestCookie: 3; queryType: qtINDIRECT; queryDepth: 3; "
1750587279374,1750587279374,1289,1,1,3,TMValidation,"validation: """"\200\000\000\001&\000\000\000\007)/\352\224\r:I\203w\200\211\SGQ\311\347s\234ae\204\263\365U\334\372D\354\345\276\201f\035\271%#\375\245\314.""\373\330&\3746P\027\000\000\000\000\000\000\000\000\000\000\000\000\000\000\000\000\000\000\000\000\000\000\000\000\000\000\000\000\000\000\000\000P\031\221=\252\002\267\225zg\264\253\271T\346ji\003\235\236Pis\264\375\222|H\344\261g?[gs!\002\347\243J\206W\025ML\260\226\0163\217\250\337\325W\253\356*O\245Z\271\234\207C\274\375`\335\311vG0E\002!\000\207W\341\026\244\017\005\306\204Q\347-\016B""K2\017\334\312\367\240\243\315\026\226\367\225\346I\212\317\002 JG\341^W""\211\364<\337\244\003\375L\301\251+\r\347\262\364\210N\0039>\007j\216m(p""; ","validation: """"\200\000\000\001&\000\000\000\007)/\352\224\r:I\203w\200\211\SGQ\311\347s\234ae\204\263\365U\334\372D\354\345\276\201f\035\271%#\375\245\314.""\373\330&\3746P\027\000\000\000\000\000\000\000\000\000\000\000\000\000\000\000\000\000\000\000\000\000\000\000\000\000\000\000\000\000\000\000\000P\031\221=\252\002\267\225zg\264\253\271T\346ji\003\235\236Pis\264\375\222|H\344\261g?[gs!\002\347\243J\206W\025ML\260\226\0163\217\250\337\325W\253\356*O\245Z\271\234\207C\274\375`\335\311vG0E\002!\000\207W\341\026\244\017\005\306\204Q\347-\016B""K2\017\334\312\367\240\243\315\026\226\367\225\346I\212\317\002 JG\341^W""\211\364<\337\244\003\375L\301\251+\r\347\262\364\210N\0039>\007j\216m(p""; "
1750587279379,1750587279379,1939,1,1,4,TMValidation,"validation: """"\200\000\000\001&\000\000\000\007)/\352\224\r:I\203w\200\211\SGQ\311\347s\234ae\204\263\365U\334\372D\354\345\276\201f\035\271%#\375\245\314.""\373\330&\3746P\027\000\000\000\000\000\000\000\000\000\000\000\000\000\000\000\000\000\000\000\000\000\000\000\000\000\000\000\000\000\000\000\000P\031\221=\252\002\267\225zg\264\253\271T\346ji\003\235\236Pis\264\375\222|H\344\261g?[gs!\002\347\243J\206W\025ML\260\226\0163\217\250\337\325W\253\356*O\245Z\271\234\207C\274\375`\335\311vG0E\002!\000\207W\341\026\244\017\005\306\204Q\347-\016B""K2\017\334\312\367\240\243\315\026\226\367\225\346I\212\317\002 JG\341^W""\211\364<\337\244\003\375L\301\251+\r\347\262\364\210N\0039>\007j\216m(p""; ","validation: """"\200\000\000\001&\000\000\000\007)/\352\224\r:I\203w\200\211\SGQ\311\347s\234ae\204\263\365U\334\372D\354\345\276\201f\035\271%#\375\245\314.""\373\330&\3746P\027\000\000\000\000\000\000\000\000\000\000\000\000\000\000\000\000\000\000\000\000\000\000\000\000\000\000\000\000\000\000\000\000P\031\221=\252\002\267\225zg\264\253\271T\346ji\003\235\236Pis\264\375\222|H\344\261g?[gs!\002\347\243J\206W\025ML\260\226\0163\217\250\337\325W\253\356*O\245Z\271\234\207C\274\375`\335\311vG0E\002!\000\207W\341\026\244\017\005\306\204Q\347-\016B""K2\017\334\312\367\240\243\315\026\226\367\225\346I\212\317\002 JG\341^W""\211\364<\337\244\003\375L\301\251+\r\347\262\364\210N\0039>\007j\216m(p""; "
1750587279379,1750587279379,3090,1,1,0,TMValidation,"validation: """"\200\000\000\001&\000\000\000\007)/\352\224\r:I\203w\200\211\SGQ\311\347s\234ae\204\263\365U\334\372D\354\345\276\201f\035\271%#\375\245\314.""\373\330&\3746P\027\000\000\000\000\000\000\000\000\000\000\000\000\000\000\000\000\000\000\000\000\000\000\000\000\000\000\000\000\000\000\000\000P\031\221=\252\002\267\225zg\264\253\271T\346ji\003\235\236Pis\264\375\222|H\344\261g?[gs!\002\347\243J\206W\025ML\260\226\0163\217\250\337\325W\253\356*O\245Z\271\234\207C\274\375`\335\311vG0E\002!\000\207W\341\026\244\017\005\306\204Q\347-\016B""K2\017\334\312\367\240\243\315\026\226\367\225\346I\212\317\002 JG\341^W""\211\364<\337\244\003\375L\301\251+\r\347\262\364\210N\0039>\007j\216m(p""; ","validation: """"\200\000\000\001&\000\000\000\007)/\352\224\r:I\203w\200\211\SGQ\311\347s\234ae\204\263\365U\334\372D\354\345\276\201f\035\271%#\375\245\314.""\373\330&\3746P\027\000\000\000\000\000\000\000\000\000\000\000\000\000\000\000\000\000\000\000\000\000\000\000\000\000\000\000\000\000\000\000\000P\031\221=\252\002\267\225zg\264\253\271T\346ji\003\235\236Pis\264\375\222|H\344\261g?[gs!\002\347\243J\206W\025ML\260\226\0163\217\250\337\325W\253\356*O\245Z\271\234\207C\274\375`\335\311vG0E\002!\000\207W\341\026\244\017\005\306\204Q\347-\016B""K2\017\334\312\367\240\243\315\026\226\367\225\346I\212\317\002 JG\341^W""\211\364<\337\244\003\375L\301\251+\r\347\262\364\210N\0039>\007j\216m(p""; "
1750587279380,1750587279380,1103,1,0,4,TMLedgerData,"ledgerHash: ""\r!N\267\203~\313a\272~\344A\332\034\332r\\301\240a\307\341\261(c(\021\265B\030@(""; ledgerSeq: 0; type: liTS_CANDIDATE; nodes {;   nodedata: ""\247\272\246\2214\014W1\360z\262\252=\343\207'\275\266;\016\021\306\330\030\225\023\357\272\353\200x\221\n\003"";   nodeid: ""\000\000\000\000\000\000\000\000\000\000\000\000\000\000\000\000\000\000\000\000\000\000\000\000\000\000\000\000\000\000\000\000\000""; }; ","ledgerHash: ""\r!N\267\203~\313a\272~\344A\332\034\332r\\301\240a\307\341\261(c(\021\265B\030@(""; ledgerSeq: 0; type: liTS_CANDIDATE; nodes {;   nodedata: ""\247\272\246\2214\014W1\360z\262\252=\343\207'\275\266;\016\021\306\330\030\225\023\357\272\353\200x\221\n\003"";   nodeid: ""\000\000\000\000\000\000\000\000\000\000\000\000\000\000\000\000\000\000\000\000\000\000\000\000\000\000\000\000\000\000\000\000\000""; }; "
1750587279436,1750587279437,3375,1,1,4,TMProposeSet,"proposeSeq: 1; currentTxHash: ""\000\000\000\000\000\000\000\000\000\000\000\000\000\000\000\000\000\000\000\000\000\000\000\000\000\000\000\000\000\000\000\000""; nodePubKey: ""\003\343\005\311u\203\370\0338\3174\324\010\006\301\251\177\261\304eOX\262)FA-\022r\263wm\024""; closeTime: 803902480; signature: ""0D\002 Mw\343\264\032Iw&b\224\224\245/\255UL\207a\300\036n\321\237\350\020`H\260\355\260\266\367\002 A\255\205\345:&\220\016\255\247_\344B\022\232\364\264.\356\225\263<X\312A\267-\226\335Fx\365""; previousledger: ""\311\347s\234ae\204\263\365U\334\372D\354\345\276\201f\035\271%#\375\245\314.""\373\330&\3746""; ","proposeSeq: 1; currentTxHash: ""\000\000\000\000\000\000\000\000\000\000\000\000\000\000\000\000\000\000\000\000\000\000\000\000\000\000\000\000\000\000\000\000""; nodePubKey: ""\003\343\005\311u\203\370\0338\3174\324\010\006\301\251\177\261\304eOX\262)FA-\022r\263wm\024""; closeTime: 803902480; signature: ""0D\002 Mw\343\264\032Iw&b\224\224\245/\255UL\207a\300\036n\321\237\350\020`H\260\355\260\266\367\002 A\255\205\345:&\220\016\255\247_\344B\022\232\364\264.\356\225\263<X\312A\267-\226\335Fx\365""; previousledger: ""\311\347s\234ae\204\263\365U\334\372D\354\345\276\201f\035\271%#\375\245\314.""\373\330&\3746""; "
1750587279437,1750587279437,3538,1,1,3,TMProposeSet,"proposeSeq: 1; currentTxHash: ""\000\000\000\000\000\000\000\000\000\000\000\000\000\000\000\000\000\000\000\000\000\000\000\000\000\000\000\000\000\000\000\000""; nodePubKey: ""\003\343\005\311u\203\370\0338\3174\324\010\006\301\251\177\261\304eOX\262)FA-\022r\263wm\024""; closeTime: 803902480; signature: ""0D\002 Mw\343\264\032Iw&b\224\224\245/\255UL\207a\300\036n\321\237\350\020`H\260\355\260\266\367\002 A\255\205\345:&\220\016\255\247_\344B\022\232\364\264.\356\225\263<X\312A\267-\226\335Fx\365""; previousledger: ""\311\347s\234ae\204\263\365U\334\372D\354\345\276\201f\035\271%#\375\245\314.""\373\330&\3746""; ","proposeSeq: 1; currentTxHash: ""\000\000\000\000\000\000\000\000\000\000\000\000\000\000\000\000\000\000\000\000\000\000\000\000\000\000\000\000\000\000\000\000""; nodePubKey: ""\003\343\005\311u\203\370\0338\3174\324\010\006\301\251\177\261\304eOX\262)FA-\022r\263wm\024""; closeTime: 803902480; signature: ""0D\002 Mw\343\264\032Iw&b\224\224\245/\255UL\207a\300\036n\321\237\350\020`H\260\355\260\266\367\002 A\255\205\345:&\220\016\255\247_\344B\022\232\364\264.\356\225\263<X\312A\267-\226\335Fx\365""; previousledger: ""\311\347s\234ae\204\263\365U\334\372D\354\345\276\201f\035\271%#\375\245\314.""\373\330&\3746""; "
1750587279437,1750587279437,926,1,1,0,TMProposeSet,"proposeSeq: 1; currentTxHash: ""\000\000\000\000\000\000\000\000\000\000\000\000\000\000\000\000\000\000\000\000\000\000\000\000\000\000\000\000\000\000\000\000""; nodePubKey: ""\003\343\005\311u\203\370\0338\3174\324\010\006\301\251\177\261\304eOX\262)FA-\022r\263wm\024""; closeTime: 803902480; signature: ""0D\002 Mw\343\264\032Iw&b\224\224\245/\255UL\207a\300\036n\321\237\350\020`H\260\355\260\266\367\002 A\255\205\345:&\220\016\255\247_\344B\022\232\364\264.\356\225\263<X\312A\267-\226\335Fx\365""; previousledger: ""\311\347s\234ae\204\263\365U\334\372D\354\345\276\201f\035\271%#\375\245\314.""\373\330&\3746""; ","proposeSeq: 1; currentTxHash: ""\000\000\000\000\000\000\000\000\000\000\000\000\000\000\000\000\000\000\000\000\000\000\000\000\000\000\000\000\000\000\000\000""; nodePubKey: ""\003\343\005\311u\203\370\0338\3174\324\010\006\301\251\177\261\304eOX\262)FA-\022r\263wm\024""; closeTime: 803902480; signature: ""0D\002 Mw\343\264\032Iw&b\224\224\245/\255UL\207a\300\036n\321\237\350\020`H\260\355\260\266\367\002 A\255\205\345:&\220\016\255\247_\344B\022\232\364\264.\356\225\263<X\312A\267-\226\335Fx\365""; previousledger: ""\311\347s\234ae\204\263\365U\334\372D\354\345\276\201f\035\271%#\375\245\314.""\373\330&\3746""; "
1750587279437,1750587279437,1799,1,1,2,TMProposeSet,"proposeSeq: 1; currentTxHash: ""\000\000\000\000\000\000\000\000\000\000\000\000\000\000\000\000\000\000\000\000\000\000\000\000\000\000\000\000\000\000\000\000""; nodePubKey: ""\003\343\005\311u\203\370\0338\3174\324\010\006\301\251\177\261\304eOX\262)FA-\022r\263wm\024""; closeTime: 803902480; signature: ""0D\002 Mw\343\264\032Iw&b\224\224\245/\255UL\207a\300\036n\321\237\350\020`H\260\355\260\266\367\002 A\255\205\345:&\220\016\255\247_\344B\022\232\364\264.\356\225\263<X\312A\267-\226\335Fx\365""; previousledger: ""\311\347s\234ae\204\263\365U\334\372D\354\345\276\201f\035\271%#\375\245\314.""\373\330&\3746""; ","proposeSeq: 1; currentTxHash: ""\000\000\000\000\000\000\000\000\000\000\000\000\000\000\000\000\000\000\000\000\000\000\000\000\000\000\000\000\000\000\000\000""; nodePubKey: ""\003\343\005\311u\203\370\0338\3174\324\010\006\301\251\177\261\304eOX\262)FA-\022r\263wm\024""; closeTime: 803902480; signature: ""0D\002 Mw\343\264\032Iw&b\224\224\245/\255UL\207a\300\036n\321\237\350\020`H\260\355\260\266\367\002 A\255\205\345:&\220\016\255\247_\344B\022\232\364\264.\356\225\263<X\312A\267-\226\335Fx\365""; previousledger: ""\311\347s\234ae\204\263\365U\334\372D\354\345\276\201f\035\271%#\375\245\314.""\373\330&\3746""; "
1750587279438,1750587279438,1020,1,1,3,TMStatusChange,"newEvent: neACCEPTED_LEDGER; ledgerSeq: 8; ledgerHash: ""\354@[\274\202\021\202\373Vi\243\n\325\250\005e\360""m\346'\311@\343\016$L\346\334\360<w""; ledgerHashPrevious: ""\311\347s\234ae\204\263\365U\334\372D\354\345\276\201f\035\271%#\375\245\314.""\373\330&\3746""; networkTime: 803902479; firstSeq: 1; lastSeq: 7; ","newEvent: neACCEPTED_LEDGER; ledgerSeq: 8; ledgerHash: ""\354@[\274\202\021\202\373Vi\243\n\325\250\005e\360""m\346'\311@\343\016$L\346\334\360<w""; ledgerHashPrevious: ""\311\347s\234ae\204\263\365U\334\372D\354\345\276\201f\035\271%#\375\245\314.""\373\330&\3746""; networkTime: 803902479; firstSeq: 1; lastSeq: 7; "
1750587279438,1750587279438,3522,1,1,4,TMStatusChange,"newEvent: neACCEPTED_LEDGER; ledgerSeq: 8; ledgerHash: ""\354@[\274\202\021\202\373Vi\243\n\325\250\005e\360""m\346'\311@\343\016$L\346\334\360<w""; ledgerHashPrevious: ""\311\347s\234ae\204\263\365U\334\372D\354\345\276\201f\035\271%#\375\245\314.""\373\330&\3746""; networkTime: 803902479; firstSeq: 1; lastSeq: 7; ","newEvent: neACCEPTED_LEDGER; ledgerSeq: 8; ledgerHash: ""\354@[\274\202\021\202\373Vi\243\n\325\250\005e\360""m\346'\311@\343\016$L\346\334\360<w""; ledgerHashPrevious: ""\311\347s\234ae\204\263\365U\334\372D\354\345\276\201f\035\271%#\375\245\314.""\373\330&\3746""; networkTime: 803902479; firstSeq: 1; lastSeq: 7; "
1750587279438,1750587279438,1939,1,1,4,TMValidation,"validation: """"\200\000\000\001&\000\000\000\010)/\352\224\017:?HT\314/\177\320^Q\354@[\274\202\021\202\373Vi\243\n\325\250\005e\360""m\346'\311@\343\016$L\346\334\360<wP\027\000\000\000\000\000\000\000\000\000\000\000\000\000\000\000\000\000\000\000\000\000\000\000\000\000\000\000\000\000\000\000\000P\031\311\347s\234ae\204\263\365U\334\372D\354\345\276\201f\035\271%#\375\245\314.""\373\330&\3746s!\003\343\005\311u\203\370\0338\3174\324\010\006\301\251\177\261\304eOX\262)FA-\022r\263wm\024vG0E\002!\000\315\324\346Z\n\351k\234\356A\017\r\267n\357\240\331\370V\264\3339I\016P\020c\026N\372\217\241\002 3{.?\233q\241\222\224\032\2744~L\217\236l\235]\312\337*\240\221>!\201/\3246\022\324""; ","validation: """"\200\000\000\001&\000\000\000\010)/\352\224\017:?HT\314/\177\320^Q\354@[\274\202\021\202\373Vi\243\n\325\250\005e\360""m\346'\311@\343\016$L\346\334\360<wP\027\000\000\000\000\000\000\000\000\000\000\000\000\000\000\000\000\000\000\000\000\000\000\000\000\000\000\000\000\000\000\000\000P\031\311\347s\234ae\204\263\365U\334\372D\354\345\276\201f\035\271%#\375\245\314.""\373\330&\3746s!\003\343\005\311u\203\370\0338\3174\324\010\006\301\251\177\261\304eOX\262)FA-\022r\263wm\024vG0E\002!\000\315\324\346Z\n\351k\234\356A\017\r\267n\357\240\331\370V\264\3339I\016P\020c\026N\372\217\241\002 3{.?\233q\241\222\224\032\2744~L\217\236l\235]\312\337*\240\221>!\201/\3246\022\324""; "
1750587279439,1750587279439,1289,1,1,3,TMValidation,"validation: """"\200\000\000\001&\000\000\000\010)/\352\224\017:?HT\314/\177\320^Q\354@[\274\202\021\202\373Vi\243\n\325\250\005e\360""m\346'\311@\343\016$L\346\334\360<wP\027\000\000\000\000\000\000\000\000\000\000\000\000\000\000\000\000\000\000\000\000\000\000\000\000\000\000\000\000\000\000\000\000P\031\311\347s\234ae\204\263\365U\334\372D\354\345\276\201f\035\271%#\375\245\314.""\373\330&\3746s!\003\343\005\311u\203\370\0338\3174\324\010\006\301\251\177\261\304eOX\262)FA-\022r\263wm\024vG0E\002!\000\315\324\346Z\n\351k\234\356A\017\r\267n\357\240\331\370V\264\3339I\016P\020c\026N\372\217\241\002 3{.?\233q\241\222\224\032\2744~L\217\236l\235]\312\337*\240\221>!\201/\3246\022\324""; ","validation: """"\200\000\000\001&\000\000\000\010)/\352\224\017:?HT\314/\177\320^Q\354@[\274\202\021\202\373Vi\243\n\325\250\005e\360""m\346'\311@\343\016$L\346\334\360<wP\027\000\000\000\000\000\000\000\000\000\000\000\000\000\000\000\000\000\000\000\000\000\000\000\000\000\000\000\000\000\000\000\000P\031\311\347s\234ae\204\263\365U\334\372D\354\345\276\201f\035\271%#\375\245\314.""\373\330&\3746s!\003\343\005\311u\203\370\0338\3174\324\010\006\301\251\177\261\304eOX\262)FA-\022r\263wm\024vG0E\002!\000\315\324\346Z\n\351k\234\356A\017\r\267n\357\240\331\370V\264\3339I\016P\020c\026N\372\217\241\002 3{.?\233q\241\222\224\032\2744~L\217\236l\235]\312\337*\240\221>!\201/\3246\022\324""; "
1750587279440,1750587279440,499,1,2,4,TMGetLedger,"itype: liTS_CANDIDATE; ledgerHash: ""\r!N\267\203~\313a\272~\344A\332\034\332r\\301\240a\307\341\261(c(\021\265B\030@(""; nodeIDs: ""\000\000\000\000\000\000\000\000\000\000\000\000\000\000\000\000\000\000\000\000\000\000\000\000\000\000\000\000\000\000\000\000\000""; queryType: qtINDIRECT; queryDepth: 3; ","itype: liTS_CANDIDATE; ledgerHash: ""\r!N\267\203~\313a\272~\344A\332\034\332r\\301\240a\307\341\261(c(\021\265B\030@(""; nodeIDs: ""\000\000\000\000\000\000\000\000\000\000\000\000\000\000\000\000\000\000\000\000\000\000\000\000\000\000\000\000\000\000\000\000\000""; queryType: qtINDIRECT; queryDepth: 3; "
1750587279440,1750587279440,3898,1,2,3,TMGetLedger,"itype: liTS_CANDIDATE; ledgerHash: ""\r!N\267\203~\313a\272~\344A\332\034\332r\\301\240a\307\341\261(c(\021\265B\030@(""; nodeIDs: ""\000\000\000\000\000\000\000\000\000\000\000\000\000\000\000\000\000\000\000\000\000\000\000\000\000\000\000\000\000\000\000\000\000""; queryType: qtINDIRECT; queryDepth: 3; ","itype: liTS_CANDIDATE; ledgerHash: ""\r!N\267\203~\313a\272~\344A\332\034\332r\\301\240a\307\341\261(c(\021\265B\030@(""; nodeIDs: ""\000\000\000\000\000\000\000\000\000\000\000\000\000\000\000\000\000\000\000\000\000\000\000\000\000\000\000\000\000\000\000\000\000""; queryType: qtINDIRECT; queryDepth: 3; "
1750587279440,1750587279440,1582,1,2,0,TMGetLedger,"itype: liTS_CANDIDATE; ledgerHash: ""\r!N\267\203~\313a\272~\344A\332\034\332r\\301\240a\307\341\261(c(\021\265B\030@(""; nodeIDs: ""\000\000\000\000\000\000\000\000\000\000\000\000\000\000\000\000\000\000\000\000\000\000\000\000\000\000\000\000\000\000\000\000\000""; queryType: qtINDIRECT; queryDepth: 3; ","itype: liTS_CANDIDATE; ledgerHash: ""\r!N\267\203~\313a\272~\344A\332\034\332r\\301\240a\307\341\261(c(\021\265B\030@(""; nodeIDs: ""\000\000\000\000\000\000\000\000\000\000\000\000\000\000\000\000\000\000\000\000\000\000\000\000\000\000\000\000\000\000\000\000\000""; queryType: qtINDIRECT; queryDepth: 3; "
1750587279440,1750587279440,342,1,2,1,TMGetLedger,"itype: liTS_CANDIDATE; ledgerHash: ""\r!N\267\203~\313a\272~\344A\332\034\332r\\301\240a\307\341\261(c(\021\265B\030@(""; nodeIDs: ""\000\000\000\000\000\000\000\000\000\000\000\000\000\000\000\000\000\000\000\000\000\000\000\000\000\000\000\000\000\000\000\000\000""; queryType: qtINDIRECT; queryDepth: 3; ","itype: liTS_CANDIDATE; ledgerHash: ""\r!N\267\203~\313a\272~\344A\332\034\332r\\301\240a\307\341\261(c(\021\265B\030@(""; nodeIDs: ""\000\000\000\000\000\000\000\000\000\000\000\000\000\000\000\000\000\000\000\000\000\000\000\000\000\000\000\000\000\000\000\000\000""; queryType: qtINDIRECT; queryDepth: 3; "
1750587279448,1750587279448,3553,1,1,3,TMGetLedger,"itype: liTS_CANDIDATE; ledgerHash: ""\r!N\267\203~\313a\272~\344A\332\034\332r\\301\240a\307\341\261(c(\021\265B\030@(""; nodeIDs: ""\000\000\000\000\000\000\000\000\000\000\000\000\000\000\000\000\000\000\000\000\000\000\000\000\000\000\000\000\000\000\000\000\000""; queryType: qtINDIRECT; queryDepth: 3; ","itype: liTS_CANDIDATE; ledgerHash: ""\r!N\267\203~\313a\272~\344A\332\034\332r\\301\240a\307\341\261(c(\021\265B\030@(""; nodeIDs: ""\000\000\000\000\000\000\000\000\000\000\000\000\000\000\000\000\000\000\000\000\000\000\000\000\000\000\000\000\000\000\000\000\000""; queryType: qtINDIRECT; queryDepth: 3; "
1750587279448,1750587279448,2860,1,1,4,TMGetLedger,"itype: liTS_CANDIDATE; ledgerHash: ""\r!N\267\203~\313a\272~\344A\332\034\332r\\301\240a\307\341\261(c(\021\265B\030@(""; nodeIDs: ""\000\000\000\000\000\000\000\000\000\000\000\000\000\000\000\000\000\000\000\000\000\000\000\000\000\000\000\000\000\000\000\000\000""; queryType: qtINDIRECT; queryDepth: 3; ","itype: liTS_CANDIDATE; ledgerHash: ""\r!N\267\203~\313a\272~\344A\332\034\332r\\301\240a\307\341\261(c(\021\265B\030@(""; nodeIDs: ""\000\000\000\000\000\000\000\000\000\000\000\000\000\000\000\000\000\000\000\000\000\000\000\000\000\000\000\000\000\000\000\000\000""; queryType: qtINDIRECT; queryDepth: 3; "
1750587279455,1750587279456,1753,1,0,2,TMLedgerData,"ledgerHash: ""\r!N\267\203~\313a\272~\344A\332\034\332r\\301\240a\307\341\261(c(\021\265B\030@(""; ledgerSeq: 0; type: liTS_CANDIDATE; nodes {;   nodedata: ""\247\272\246\2214\014W1\360z\262\252=\343\207'\275\266;\016\021\306\330\030\225\023\357\272\353\200x\221\n\003"";   nodeid: ""\000\000\000\000\000\000\000\000\000\000\000\000\000\000\000\000\000\000\000\000\000\000\000\000\000\000\000\000\000\000\000\000\000""; }; requestCookie: 3; ","ledgerHash: ""\r!N\267\203~\313a\272~\344A\332\034\332r\\301\240a\307\341\261(c(\021\265B\030@(""; ledgerSeq: 0; type: liTS_CANDIDATE; nodes {;   nodedata: ""\247\272\246\2214\014W1\360z\262\252=\343\207'\275\266;\016\021\306\330\030\225\023\357\272\353\200x\221\n\003"";   nodeid: ""\000\000\000\000\000\000\000\000\000\000\000\000\000\000\000\000\000\000\000\000\000\000\000\000\000\000\000\000\000\000\000\000\000""; }; requestCookie: 3; "
1750587279478,1750587279478,674,1,1,2,TMGetLedger,"itype: liTS_CANDIDATE; ledgerHash: ""\r!N\267\203~\313a\272~\344A\332\034\332r\\301\240a\307\341\261(c(\021\265B\030@(""; nodeIDs: ""\000\000\000\000\000\000\000\000\000\000\000\000\000\000\000\000\000\000\000\000\000\000\000\000\000\000\000\000\000\000\000\000\000""; queryType: qtINDIRECT; queryDepth: 3; ","itype: liTS_CANDIDATE; ledgerHash: ""\r!N\267\203~\313a\272~\344A\332\034\332r\\301\240a\307\341\261(c(\021\265B\030@(""; nodeIDs: ""\000\000\000\000\000\000\000\000\000\000\000\000\000\000\000\000\000\000\000\000\000\000\000\000\000\000\000\000\000\000\000\000\000""; queryType: qtINDIRECT; queryDepth: 3; "
1750587279479,1750587279479,1862,1,1,0,TMStatusChange,"newEvent: neACCEPTED_LEDGER; ledgerSeq: 8; ledgerHash: ""\354@[\274\202\021\202\373Vi\243\n\325\250\005e\360""m\346'\311@\343\016$L\346\334\360<w""; ledgerHashPrevious: ""\311\347s\234ae\204\263\365U\334\372D\354\345\276\201f\035\271%#\375\245\314.""\373\330&\3746""; networkTime: 803902479; firstSeq: 1; lastSeq: 7; ","newEvent: neACCEPTED_LEDGER; ledgerSeq: 8; ledgerHash: ""\354@[\274\202\021\202\373Vi\243\n\325\250\005e\360""m\346'\311@\343\016$L\346\334\360<w""; ledgerHashPrevious: ""\311\347s\234ae\204\263\365U\334\372D\354\345\276\201f\035\271%#\375\245\314.""\373\330&\3746""; networkTime: 803902479; firstSeq: 1; lastSeq: 7; "
1750587279478,1750587279478,1652,1,1,2,TMValidation,"validation: """"\200\000\000\001&\000\000\000\010)/\352\224\017:?HT\314/\177\320^Q\354@[\274\202\021\202\373Vi\243\n\325\250\005e\360""m\346'\311@\343\016$L\346\334\360<wP\027\000\000\000\000\000\000\000\000\000\000\000\000\000\000\000\000\000\000\000\000\000\000\000\000\000\000\000\000\000\000\000\000P\031\311\347s\234ae\204\263\365U\334\372D\354\345\276\201f\035\271%#\375\245\314.""\373\330&\3746s!\003\343\005\311u\203\370\0338\3174\324\010\006\301\251\177\261\304eOX\262)FA-\022r\263wm\024vG0E\002!\000\315\324\346Z\n\351k\234\356A\017\r\267n\357\240\331\370V\264\3339I\016P\020c\026N\372\217\241\002 3{.?\233q\241\222\224\032\2744~L\217\236l\235]\312\337*\240\221>!\201/\3246\022\324""; ","validation: """"\200\000\000\001&\000\000\000\010)/\352\224\017:?HT\314/\177\320^Q\354@[\274\202\021\202\373Vi\243\n\325\250\005e\360""m\346'\311@\343\016$L\346\334\360<wP\027\000\000\000\000\000\000\000\000\000\000\000\000\000\000\000\000\000\000\000\000\000\000\000\000\000\000\000\000\000\000\000\000P\031\311\347s\234ae\204\263\365U\334\372D\354\345\276\201f\035\271%#\375\245\314.""\373\330&\3746s!\003\343\005\311u\203\370\0338\3174\324\010\006\301\251\177\261\304eOX\262)FA-\022r\263wm\024vG0E\002!\000\315\324\346Z\n\351k\234\356A\017\r\267n\357\240\331\370V\264\3339I\016P\020c\026N\372\217\241\002 3{.?\233q\241\222\224\032\2744~L\217\236l\235]\312\337*\240\221>!\201/\3246\022\324""; "
1750587279479,1750587279479,3090,1,1,0,TMValidation,"validation: """"\200\000\000\001&\000\000\000\010)/\352\224\017:?HT\314/\177\320^Q\354@[\274\202\021\202\373Vi\243\n\325\250\005e\360""m\346'\311@\343\016$L\346\334\360<wP\027\000\000\000\000\000\000\000\000\000\000\000\000\000\000\000\000\000\000\000\000\000\000\000\000\000\000\000\000\000\000\000\000P\031\311\347s\234ae\204\263\365U\334\372D\354\345\276\201f\035\271%#\375\245\314.""\373\330&\3746s!\003\343\005\311u\203\370\0338\3174\324\010\006\301\251\177\261\304eOX\262)FA-\022r\263wm\024vG0E\002!\000\315\324\346Z\n\351k\234\356A\017\r\267n\357\240\331\370V\264\3339I\016P\020c\026N\372\217\241\002 3{.?\233q\241\222\224\032\2744~L\217\236l\235]\312\337*\240\221>!\201/\3246\022\324""; ","validation: """"\200\000\000\001&\000\000\000\010)/\352\224\017:?HT\314/\177\320^Q\354@[\274\202\021\202\373Vi\243\n\325\250\005e\360""m\346'\311@\343\016$L\346\334\360<wP\027\000\000\000\000\000\000\000\000\000\000\000\000\000\000\000\000\000\000\000\000\000\000\000\000\000\000\000\000\000\000\000\000P\031\311\347s\234ae\204\263\365U\334\372D\354\345\276\201f\035\271%#\375\245\314.""\373\330&\3746s!\003\343\005\311u\203\370\0338\3174\324\010\006\301\251\177\261\304eOX\262)FA-\022r\263wm\024vG0E\002!\000\315\324\346Z\n\351k\234\356A\017\r\267n\357\240\331\370V\264\3339I\016P\020c\026N\372\217\241\002 3{.?\233q\241\222\224\032\2744~L\217\236l\235]\312\337*\240\221>!\201/\3246\022\324""; "
1750587279479,1750587279479,572,1,1,0,TMGetLedger,"itype: liTS_CANDIDATE; ledgerHash: ""\r!N\267\203~\313a\272~\344A\332\034\332r\\301\240a\307\341\261(c(\021\265B\030@(""; nodeIDs: ""\000\000\000\000\000\000\000\000\000\000\000\000\000\000\000\000\000\000\000\000\000\000\000\000\000\000\000\000\000\000\000\000\000""; queryType: qtINDIRECT; queryDepth: 3; ","itype: liTS_CANDIDATE; ledgerHash: ""\r!N\267\203~\313a\272~\344A\332\034\332r\\301\240a\307\341\261(c(\021\265B\030@(""; nodeIDs: ""\000\000\000\000\000\000\000\000\000\000\000\000\000\000\000\000\000\000\000\000\000\000\000\000\000\000\000\000\000\000\000\000\000""; queryType: qtINDIRECT; queryDepth: 3; "
1750587279478,1750587279478,961,1,1,2,TMStatusChange,"newEvent: neACCEPTED_LEDGER; ledgerSeq: 8; ledgerHash: ""\354@[\274\202\021\202\373Vi\243\n\325\250\005e\360""m\346'\311@\343\016$L\346\334\360<w""; ledgerHashPrevious: ""\311\347s\234ae\204\263\365U\334\372D\354\345\276\201f\035\271%#\375\245\314.""\373\330&\3746""; networkTime: 803902479; firstSeq: 1; lastSeq: 7; ","newEvent: neACCEPTED_LEDGER; ledgerSeq: 8; ledgerHash: ""\354@[\274\202\021\202\373Vi\243\n\325\250\005e\360""m\346'\311@\343\016$L\346\334\360<w""; ledgerHashPrevious: ""\311\347s\234ae\204\263\365U\334\372D\354\345\276\201f\035\271%#\375\245\314.""\373\330&\3746""; networkTime: 803902479; firstSeq: 1; lastSeq: 7; "
1750587279487,1750587279487,342,1,2,1,TMGetLedger,"itype: liTS_CANDIDATE; ledgerHash: ""\007\347lg\346B\270\350\352\375\266\371?(\361\364\365I|\375\262>\230(\333\250\331\007\360U\024\027""; nodeIDs: ""\000\000\000\000\000\000\000\000\000\000\000\000\000\000\000\000\000\000\000\000\000\000\000\000\000\000\000\000\000\000\000\000\000""; queryType: qtINDIRECT; queryDepth: 3; ","itype: liTS_CANDIDATE; ledgerHash: ""\007\347lg\346B\270\350\352\375\266\371?(\361\364\365I|\375\262>\230(\333\250\331\007\360U\024\027""; nodeIDs: ""\000\000\000\000\000\000\000\000\000\000\000\000\000\000\000\000\000\000\000\000\000\000\000\000\000\000\000\000\000\000\000\000\000""; queryType: qtINDIRECT; queryDepth: 3; "
1750587279487,1750587279487,3898,1,2,3,TMGetLedger,"itype: liTS_CANDIDATE; ledgerHash: ""\007\347lg\346B\270\350\352\375\266\371?(\361\364\365I|\375\262>\230(\333\250\331\007\360U\024\027""; nodeIDs: ""\000\000\000\000\000\000\000\000\000\000\000\000\000\000\000\000\000\000\000\000\000\000\000\000\000\000\000\000\000\000\000\000\000""; queryType: qtINDIRECT; queryDepth: 3; ","itype: liTS_CANDIDATE; ledgerHash: ""\007\347lg\346B\270\350\352\375\266\371?(\361\364\365I|\375\262>\230(\333\250\331\007\360U\024\027""; nodeIDs: ""\000\000\000\000\000\000\000\000\000\000\000\000\000\000\000\000\000\000\000\000\000\000\000\000\000\000\000\000\000\000\000\000\000""; queryType: qtINDIRECT; queryDepth: 3; "
1750587279487,1750587279487,1582,1,2,0,TMGetLedger,"itype: liTS_CANDIDATE; ledgerHash: ""\007\347lg\346B\270\350\352\375\266\371?(\361\364\365I|\375\262>\230(\333\250\331\007\360U\024\027""; nodeIDs: ""\000\000\000\000\000\000\000\000\000\000\000\000\000\000\000\000\000\000\000\000\000\000\000\000\000\000\000\000\000\000\000\000\000""; queryType: qtINDIRECT; queryDepth: 3; ","itype: liTS_CANDIDATE; ledgerHash: ""\007\347lg\346B\270\350\352\375\266\371?(\361\364\365I|\375\262>\230(\333\250\331\007\360U\024\027""; nodeIDs: ""\000\000\000\000\000\000\000\000\000\000\000\000\000\000\000\000\000\000\000\000\000\000\000\000\000\000\000\000\000\000\000\000\000""; queryType: qtINDIRECT; queryDepth: 3; "
1750587279487,1750587279488,499,1,2,4,TMGetLedger,"itype: liTS_CANDIDATE; ledgerHash: ""\007\347lg\346B\270\350\352\375\266\371?(\361\364\365I|\375\262>\230(\333\250\331\007\360U\024\027""; nodeIDs: ""\000\000\000\000\000\000\000\000\000\000\000\000\000\000\000\000\000\000\000\000\000\000\000\000\000\000\000\000\000\000\000\000\000""; queryType: qtINDIRECT; queryDepth: 3; ","itype: liTS_CANDIDATE; ledgerHash: ""\007\347lg\346B\270\350\352\375\266\371?(\361\364\365I|\375\262>\230(\333\250\331\007\360U\024\027""; nodeIDs: ""\000\000\000\000\000\000\000\000\000\000\000\000\000\000\000\000\000\000\000\000\000\000\000\000\000\000\000\000\000\000\000\000\000""; queryType: qtINDIRECT; queryDepth: 3; "
1750587279488,1750587279488,3792,1,0,1,TMLedgerData,"ledgerHash: ""\r!N\267\203~\313a\272~\344A\332\034\332r\\301\240a\307\341\261(c(\021\265B\030@(""; ledgerSeq: 0; type: liTS_CANDIDATE; nodes {;   nodedata: ""\247\272\246\2214\014W1\360z\262\252=\343\207'\275\266;\016\021\306\330\030\225\023\357\272\353\200x\221\n\003"";   nodeid: ""\000\000\000\000\000\000\000\000\000\000\000\000\000\000\000\000\000\000\000\000\000\000\000\000\000\000\000\000\000\000\000\000\000""; }; requestCookie: 5; ","ledgerHash: ""\r!N\267\203~\313a\272~\344A\332\034\332r\\301\240a\307\341\261(c(\021\265B\030@(""; ledgerSeq: 0; type: liTS_CANDIDATE; nodes {;   nodedata: ""\247\272\246\2214\014W1\360z\262\252=\343\207'\275\266;\016\021\306\330\030\225\023\357\272\353\200x\221\n\003"";   nodeid: ""\000\000\000\000\000\000\000\000\000\000\000\000\000\000\000\000\000\000\000\000\000\000\000\000\000\000\000\000\000\000\000\000\000""; }; requestCookie: 5; "
1750587279509,1750587279509,2655,1,1,0,TMLedgerData,"ledgerHash: ""\007\347lg\346B\270\350\352\375\266\371?(\361\364\365I|\375\262>\230(\333\250\331\007\360U\024\027""; ledgerSeq: 0; type: liTS_CANDIDATE; nodes {;   nodedata: ""\003S\n\235\2624\346\340\377asq\337\223T\316nL\232)C!\360\245\205[L\224\\351\351\000\003"";   nodeid: ""\000\000\000\000\000\000\000\000\000\000\000\000\000\000\000\000\000\000\000\000\000\000\000\000\000\000\000\000\000\000\000\000\000""; }; ","ledgerHash: ""\007\347lg\346B\270\350\352\375\266\371?(\361\364\365I|\375\262>\230(\333\250\331\007\360U\024\027""; ledgerSeq: 0; type: liTS_CANDIDATE; nodes {;   nodedata: ""\003S\n\235\2624\346\340\377asq\337\223T\316nL\232)C!\360\245\205[L\224\\351\351\000\003"";   nodeid: ""\000\000\000\000\000\000\000\000\000\000\000\000\000\000\000\000\000\000\000\000\000\000\000\000\000\000\000\000\000\000\000\000\000""; }; "
1750587279517,1750587279517,1772,1,4,3,TMLedgerData,"ledgerHash: ""\r!N\267\203~\313a\272~\344A\332\034\332r\\301\240a\307\341\261(c(\021\265B\030@(""; ledgerSeq: 0; type: liTS_CANDIDATE; nodes {;   nodedata: ""\247\272\246\2214\014W1\360z\262\252=\343\207'\275\266;\016\021\306\330\030\225\023\357\272\353\200x\221\n\003"";   nodeid: ""\000\000\000\000\000\000\000\000\000\000\000\000\000\000\000\000\000\000\000\000\000\000\000\000\000\000\000\000\000\000\000\000\000""; }; ","ledgerHash: ""\r!N\267\203~\313a\272~\344A\332\034\332r\\301\240a\307\341\261(c(\021\265B\030@(""; ledgerSeq: 0; type: liTS_CANDIDATE; nodes {;   nodedata: ""\247\272\246\2214\014W1\360z\262\252=\343\207'\275\266;\016\021\306\330\030\225\023\357\272\353\200x\221\n\003"";   nodeid: ""\000\000\000\000\000\000\000\000\000\000\000\000\000\000\000\000\000\000\000\000\000\000\000\000\000\000\000\000\000\000\000\000\000""; }; "
1750587279522,1750587279522,1136,1,3,0,TMGetLedger,"itype: liTS_CANDIDATE; ledgerHash: ""\007\347lg\346B\270\350\352\375\266\371?(\361\364\365I|\375\262>\230(\333\250\331\007\360U\024\027""; nodeIDs: ""\000\000\000\000\000\000\000\000\000\000\000\000\000\000\000\000\000\000\000\000\000\000\000\000\000\000\000\000\000\000\000\000\000""; queryType: qtINDIRECT; queryDepth: 3; ","itype: liTS_CANDIDATE; ledgerHash: ""\007\347lg\346B\270\350\352\375\266\371?(\361\364\365I|\375\262>\230(\333\250\331\007\360U\024\027""; nodeIDs: ""\000\000\000\000\000\000\000\000\000\000\000\000\000\000\000\000\000\000\000\000\000\000\000\000\000\000\000\000\000\000\000\000\000""; queryType: qtINDIRECT; queryDepth: 3; "
1750587279522,1750587279522,2142,1,3,1,TMGetLedger,"itype: liTS_CANDIDATE; ledgerHash: ""\007\347lg\346B\270\350\352\375\266\371?(\361\364\365I|\375\262>\230(\333\250\331\007\360U\024\027""; nodeIDs: ""\000\000\000\000\000\000\000\000\000\000\000\000\000\000\000\000\000\000\000\000\000\000\000\000\000\000\000\000\000\000\000\000\000""; queryType: qtINDIRECT; queryDepth: 3; ","itype: liTS_CANDIDATE; ledgerHash: ""\007\347lg\346B\270\350\352\375\266\371?(\361\364\365I|\375\262>\230(\333\250\331\007\360U\024\027""; nodeIDs: ""\000\000\000\000\000\000\000\000\000\000\000\000\000\000\000\000\000\000\000\000\000\000\000\000\000\000\000\000\000\000\000\000\000""; queryType: qtINDIRECT; queryDepth: 3; "
1750587279523,1750587279523,3118,1,3,4,TMGetLedger,"itype: liTS_CANDIDATE; ledgerHash: ""\007\347lg\346B\270\350\352\375\266\371?(\361\364\365I|\375\262>\230(\333\250\331\007\360U\024\027""; nodeIDs: ""\000\000\000\000\000\000\000\000\000\000\000\000\000\000\000\000\000\000\000\000\000\000\000\000\000\000\000\000\000\000\000\000\000""; queryType: qtINDIRECT; queryDepth: 3; ","itype: liTS_CANDIDATE; ledgerHash: ""\007\347lg\346B\270\350\352\375\266\371?(\361\364\365I|\375\262>\230(\333\250\331\007\360U\024\027""; nodeIDs: ""\000\000\000\000\000\000\000\000\000\000\000\000\000\000\000\000\000\000\000\000\000\000\000\000\000\000\000\000\000\000\000\000\000""; queryType: qtINDIRECT; queryDepth: 3; "
1750587279523,1750587279523,1590,1,3,2,TMGetLedger,"itype: liTS_CANDIDATE; ledgerHash: ""\007\347lg\346B\270\350\352\375\266\371?(\361\364\365I|\375\262>\230(\333\250\331\007\360U\024\027""; nodeIDs: ""\000\000\000\000\000\000\000\000\000\000\000\000\000\000\000\000\000\000\000\000\000\000\000\000\000\000\000\000\000\000\000\000\000""; queryType: qtINDIRECT; queryDepth: 3; ","itype: liTS_CANDIDATE; ledgerHash: ""\007\347lg\346B\270\350\352\375\266\371?(\361\364\365I|\375\262>\230(\333\250\331\007\360U\024\027""; nodeIDs: ""\000\000\000\000\000\000\000\000\000\000\000\000\000\000\000\000\000\000\000\000\000\000\000\000\000\000\000\000\000\000\000\000\000""; queryType: qtINDIRECT; queryDepth: 3; "
1750587279524,1750587279524,3792,1,0,1,TMLedgerData,"ledgerHash: ""\r!N\267\203~\313a\272~\344A\332\034\332r\\301\240a\307\341\261(c(\021\265B\030@(""; ledgerSeq: 0; type: liTS_CANDIDATE; nodes {;   nodedata: ""\247\272\246\2214\014W1\360z\262\252=\343\207'\275\266;\016\021\306\330\030\225\023\357\272\353\200x\221\n\003"";   nodeid: ""\000\000\000\000\000\000\000\000\000\000\000\000\000\000\000\000\000\000\000\000\000\000\000\000\000\000\000\000\000\000\000\000\000""; }; ","ledgerHash: ""\r!N\267\203~\313a\272~\344A\332\034\332r\\301\240a\307\341\261(c(\021\265B\030@(""; ledgerSeq: 0; type: liTS_CANDIDATE; nodes {;   nodedata: ""\247\272\246\2214\014W1\360z\262\252=\343\207'\275\266;\016\021\306\330\030\225\023\357\272\353\200x\221\n\003"";   nodeid: ""\000\000\000\000\000\000\000\000\000\000\000\000\000\000\000\000\000\000\000\000\000\000\000\000\000\000\000\000\000\000\000\000\000""; }; "
1750587279550,1750587279550,572,1,1,0,TMGetLedger,"itype: liTS_CANDIDATE; ledgerHash: ""\r!N\267\203~\313a\272~\344A\332\034\332r\\301\240a\307\341\261(c(\021\265B\030@(""; nodeIDs: ""\000\000\000\000\000\000\000\000\000\000\000\000\000\000\000\000\000\000\000\000\000\000\000\000\000\000\000\000\000\000\000\000\000""; requestCookie: 3; queryType: qtINDIRECT; queryDepth: 3; ","itype: liTS_CANDIDATE; ledgerHash: ""\r!N\267\203~\313a\272~\344A\332\034\332r\\301\240a\307\341\261(c(\021\265B\030@(""; nodeIDs: ""\000\000\000\000\000\000\000\000\000\000\000\000\000\000\000\000\000\000\000\000\000\000\000\000\000\000\000\000\000\000\000\000\000""; requestCookie: 3; queryType: qtINDIRECT; queryDepth: 3; "
1750587279557,1750587279557,1435,1,4,1,TMLedgerData,"ledgerHash: ""\r!N\267\203~\313a\272~\344A\332\034\332r\\301\240a\307\341\261(c(\021\265B\030@(""; ledgerSeq: 0; type: liTS_CANDIDATE; nodes {;   nodedata: ""\247\272\246\2214\014W1\360z\262\252=\343\207'\275\266;\016\021\306\330\030\225\023\357\272\353\200x\221\n\003"";   nodeid: ""\000\000\000\000\000\000\000\000\000\000\000\000\000\000\000\000\000\000\000\000\000\000\000\000\000\000\000\000\000\000\000\000\000""; }; ","ledgerHash: ""\r!N\267\203~\313a\272~\344A\332\034\332r\\301\240a\307\341\261(c(\021\265B\030@(""; ledgerSeq: 0; type: liTS_CANDIDATE; nodes {;   nodedata: ""\247\272\246\2214\014W1\360z\262\252=\343\207'\275\266;\016\021\306\330\030\225\023\357\272\353\200x\221\n\003"";   nodeid: ""\000\000\000\000\000\000\000\000\000\000\000\000\000\000\000\000\000\000\000\000\000\000\000\000\000\000\000\000\000\000\000\000\000""; }; "
1750587279562,1750587279562,3383,1,1,4,TMHaveTransactionSet,"status: tsHAVE; hash: ""\r!N\267\203~\313a\272~\344A\332\034\332r\\301\240a\307\341\261(c(\021\265B\030@(""; ","status: tsHAVE; hash: ""\r!N\267\203~\313a\272~\344A\332\034\332r\\301\240a\307\341\261(c(\021\265B\030@(""; "
1750587279562,1750587279563,3053,1,1,2,TMHaveTransactionSet,"status: tsHAVE; hash: ""\r!N\267\203~\313a\272~\344A\332\034\332r\\301\240a\307\341\261(c(\021\265B\030@(""; ","status: tsHAVE; hash: ""\r!N\267\203~\313a\272~\344A\332\034\332r\\301\240a\307\341\261(c(\021\265B\030@(""; "
1750587279563,1750587279563,1836,1,1,3,TMHaveTransactionSet,"status: tsHAVE; hash: ""\r!N\267\203~\313a\272~\344A\332\034\332r\\301\240a\307\341\261(c(\021\265B\030@(""; ","status: tsHAVE; hash: ""\r!N\267\203~\313a\272~\344A\332\034\332r\\301\240a\307\341\261(c(\021\265B\030@(""; "
1750587279563,1750587279563,361,1,1,0,TMHaveTransactionSet,"status: tsHAVE; hash: ""\r!N\267\203~\313a\272~\344A\332\034\332r\\301\240a\307\341\261(c(\021\265B\030@(""; ","status: tsHAVE; hash: ""\r!N\267\203~\313a\272~\344A\332\034\332r\\301\240a\307\341\261(c(\021\265B\030@(""; "
1750587279566,1750587279566,393,1,0,1,TMGetLedger,"itype: liTS_CANDIDATE; ledgerHash: ""b\001;\355\\351h\305\360*\252j\2470\334[#|\313\3606\207\210\245\372\217RX\333g`K""; nodeIDs: ""\000\000\000\000\000\000\000\000\000\000\000\000\000\000\000\000\000\000\000\000\000\000\000\000\000\000\000\000\000\000\000\000\000""; queryType: qtINDIRECT; queryDepth: 3; ","itype: liTS_CANDIDATE; ledgerHash: ""b\001;\355\\351h\305\360*\252j\2470\334[#|\313\3606\207\210\245\372\217RX\333g`K""; nodeIDs: ""\000\000\000\000\000\000\000\000\000\000\000\000\000\000\000\000\000\000\000\000\000\000\000\000\000\000\000\000\000\000\000\000\000""; queryType: qtINDIRECT; queryDepth: 3; "
1750587279573,1750587279573,1753,1,0,2,TMLedgerData,"ledgerHash: ""\r!N\267\203~\313a\272~\344A\332\034\332r\\301\240a\307\341\261(c(\021\265B\030@(""; ledgerSeq: 0; type: liTS_CANDIDATE; nodes {;   nodedata: ""\247\272\246\2214\014W1\360z\262\252=\343\207'\275\266;\016\021\306\330\030\225\023\357\272\353\200x\221\n\003"";   nodeid: ""\000\000\000\000\000\000\000\000\000\000\000\000\000\000\000\000\000\000\000\000\000\000\000\000\000\000\000\000\000\000\000\000\000""; }; requestCookie: 4; ","ledgerHash: ""\r!N\267\203~\313a\272~\344A\332\034\332r\\301\240a\307\341\261(c(\021\265B\030@(""; ledgerSeq: 0; type: liTS_CANDIDATE; nodes {;   nodedata: ""\247\272\246\2214\014W1\360z\262\252=\343\207'\275\266;\016\021\306\330\030\225\023\357\272\353\200x\221\n\003"";   nodeid: ""\000\000\000\000\000\000\000\000\000\000\000\000\000\000\000\000\000\000\000\000\000\000\000\000\000\000\000\000\000\000\000\000\000""; }; requestCookie: 4; "
1750587279582,1750587279582,2472,1,1,2,TMLedgerData,"ledgerHash: ""\007\347lg\346B\270\350\352\375\266\371?(\361\364\365I|\375\262>\230(\333\250\331\007\360U\024\027""; ledgerSeq: 0; type: liTS_CANDIDATE; nodes {;   nodedata: ""\003S\n\235\2624\346\340\377asq\337\223T\316nL\232)C!\360\245\205[L\224\\351\351\000\003"";   nodeid: ""\000\000\000\000\000\000\000\000\000\000\000\000\000\000\000\000\000\000\000\000\000\000\000\000\000\000\000\000\000\000\000\000\000""; }; ","ledgerHash: ""\007\347lg\346B\270\350\352\375\266\371?(\361\364\365I|\375\262>\230(\333\250\331\007\360U\024\027""; ledgerSeq: 0; type: liTS_CANDIDATE; nodes {;   nodedata: ""\003S\n\235\2624\346\340\377asq\337\223T\316nL\232)C!\360\245\205[L\224\\351\351\000\003"";   nodeid: ""\000\000\000\000\000\000\000\000\000\000\000\000\000\000\000\000\000\000\000\000\000\000\000\000\000\000\000\000\000\000\000\000\000""; }; "
1750587279607,1750587279607,3792,1,0,1,TMLedgerData,"ledgerHash: ""\r!N\267\203~\313a\272~\344A\332\034\332r\\301\240a\307\341\261(c(\021\265B\030@(""; ledgerSeq: 0; type: liTS_CANDIDATE; nodes {;   nodedata: ""\247\272\246\2214\014W1\360z\262\252=\343\207'\275\266;\016\021\306\330\030\225\023\357\272\353\200x\221\n\003"";   nodeid: ""\000\000\000\000\000\000\000\000\000\000\000\000\000\000\000\000\000\000\000\000\000\000\000\000\000\000\000\000\000\000\000\000\000""; }; requestCookie: 3; ","ledgerHash: ""\r!N\267\203~\313a\272~\344A\332\034\332r\\301\240a\307\341\261(c(\021\265B\030@(""; ledgerSeq: 0; type: liTS_CANDIDATE; nodes {;   nodedata: ""\247\272\246\2214\014W1\360z\262\252=\343\207'\275\266;\016\021\306\330\030\225\023\357\272\353\200x\221\n\003"";   nodeid: ""\000\000\000\000\000\000\000\000\000\000\000\000\000\000\000\000\000\000\000\000\000\000\000\000\000\000\000\000\000\000\000\000\000""; }; requestCookie: 3; "
1750587279608,1750587279608,1036,1,2,4,TMValidation,"validation: """"\200\000\000\001&\000\000\000\010)/\352\224\016:\211l\014`\252m\212dQ\237\231\311\371Y@""\177>\241""\310\233r\315\210Z\003g\334\034\021\305\3353Q\035\224\200\224\347\257P\027\r!N\267\203~\313a\272~\344A\332\034\332r\\301\240a\307\341\261(c(\021\265B\030@(P\031\311\347s\234ae\204\263\365U\334\372D\354\345\276\201f\035\271%#\375\245\314.""\373\330&\3746s!\003\325Q\255\224\274R@\312\253\262\347\352\034\346\347\242\215,\312\376=\277\353{\350\225\301\305`^, vF0D\002 \022/'\342Z\006k\364Cw\242\364\353\202\300x\241$\264\217\220\n""\342\224\014\337O\r\005\315\366\002 v""\t\332\026t\206\273VT\025n\332[\202\272\035o\017\351,\026\020\253\000\366\337\266MY\034j""; ","validation: """"\200\000\000\001&\000\000\000\010)/\352\224\016:\211l\014`\252m\212dQ\237\231\311\371Y@""\177>\241""\310\233r\315\210Z\003g\334\034\021\305\3353Q\035\224\200\224\347\257P\027\r!N\267\203~\313a\272~\344A\332\034\332r\\301\240a\307\341\261(c(\021\265B\030@(P\031\311\347s\234ae\204\263\365U\334\372D\354\345\276\201f\035\271%#\375\245\314.""\373\330&\3746s!\003\325Q\255\224\274R@\312\253\262\347\352\034\346\347\242\215,\312\376=\277\353{\350\225\301\305`^, vF0D\002 \022/'\342Z\006k\364Cw\242\364\353\202\300x\241$\264\217\220\n""\342\224\014\337O\r\005\315\366\002 v""\t\332\026t\206\273VT\025n\332[\202\272\035o\017\351,\026\020\253\000\366\337\266MY\034j""; "
1750587279609,1750587279609,499,1,2,4,TMGetLedger,"itype: liBASE; ledgerHash: ""\237\231\311\371Y@""\177>\241""\310\233r\315\210Z\003g\334\034\021\305\3353Q\035\224\200\224\347\257""; ","itype: liBASE; ledgerHash: ""\237\231\311\371Y@""\177>\241""\310\233r\315\210Z\003g\334\034\021\305\3353Q\035\224\200\224\347\257""; "
1750587279609,1750587279609,3898,1,2,3,TMGetLedger,"itype: liBASE; ledgerHash: ""\237\231\311\371Y@""\177>\241""\310\233r\315\210Z\003g\334\034\021\305\3353Q\035\224\200\224\347\257""; ","itype: liBASE; ledgerHash: ""\237\231\311\371Y@""\177>\241""\310\233r\315\210Z\003g\334\034\021\305\3353Q\035\224\200\224\347\257""; "
1750587279609,1750587279609,1582,1,2,0,TMGetLedger,"itype: liBASE; ledgerHash: ""\237\231\311\371Y@""\177>\241""\310\233r\315\210Z\003g\334\034\021\305\3353Q\035\224\200\224\347\257""; ","itype: liBASE; ledgerHash: ""\237\231\311\371Y@""\177>\241""\310\233r\315\210Z\003g\334\034\021\305\3353Q\035\224\200\224\347\257""; "
1750587279609,1750587279609,3488,1,2,0,TMValidation,"validation: """"\200\000\000\001&\000\000\000\010)/\352\224\016:\211l\014`\252m\212dQ\237\231\311\371Y@""\177>\241""\310\233r\315\210Z\003g\334\034\021\305\3353Q\035\224\200\224\347\257P\027\r!N\267\203~\313a\272~\344A\332\034\332r\\301\240a\307\341\261(c(\021\265B\030@(P\031\311\347s\234ae\204\263\365U\334\372D\354\345\276\201f\035\271%#\375\245\314.""\373\330&\3746s!\003\325Q\255\224\274R@\312\253\262\347\352\034\346\347\242\215,\312\376=\277\353{\350\225\301\305`^, vF0D\002 \022/'\342Z\006k\364Cw\242\364\353\202\300x\241$\264\217\220\n""\342\224\014\337O\r\005\315\366\002 v""\t\332\026t\206\273VT\025n\332[\202\272\035o\017\351,\026\020\253\000\366\337\266MY\034j""; ","validation: """"\200\000\000\001&\000\000\000\010)/\352\224\016:\211l\014`\252m\212dQ\237\231\311\371Y@""\177>\241""\310\233r\315\210Z\003g\334\034\021\305\3353Q\035\224\200\224\347\257P\027\r!N\267\203~\313a\272~\344A\332\034\332r\\301\240a\307\341\261(c(\021\265B\030@(P\031\311\347s\234ae\204\263\365U\334\372D\354\345\276\201f\035\271%#\375\245\314.""\373\330&\3746s!\003\325Q\255\224\274R@\312\253\262\347\352\034\346\347\242\215,\312\376=\277\353{\350\225\301\305`^, vF0D\002 \022/'\342Z\006k\364Cw\242\364\353\202\300x\241$\264\217\220\n""\342\224\014\337O\r\005\315\366\002 v""\t\332\026t\206\273VT\025n\332[\202\272\035o\017\351,\026\020\253\000\366\337\266MY\034j""; "
1750587279608,1750587279608,1094,1,2,1,TMValidation,"validation: """"\200\000\000\001&\000\000\000\010)/\352\224\016:\211l\014`\252m\212dQ\237\231\311\371Y@""\177>\241""\310\233r\315\210Z\003g\334\034\021\305\3353Q\035\224\200\224\347\257P\027\r!N\267\203~\313a\272~\344A\332\034\332r\\301\240a\307\341\261(c(\021\265B\030@(P\031\311\347s\234ae\204\263\365U\334\372D\354\345\276\201f\035\271%#\375\245\314.""\373\330&\3746s!\003\325Q\255\224\274R@\312\253\262\347\352\034\346\347\242\215,\312\376=\277\353{\350\225\301\305`^, vF0D\002 \022/'\342Z\006k\364Cw\242\364\353\202\300x\241$\264\217\220\n""\342\224\014\337O\r\005\315\366\002 v""\t\332\026t\206\273VT\025n\332[\202\272\035o\017\351,\026\020\253\000\366\337\266MY\034j""; ","validation: """"\200\000\000\001&\000\000\000\010)/\352\224\016:\211l\014`\252m\212dQ\237\231\311\371Y@""\177>\241""\310\233r\315\210Z\003g\334\034\021\305\3353Q\035\224\200\224\347\257P\027\r!N\267\203~\313a\272~\344A\332\034\332r\\301\240a\307\341\261(c(\021\265B\030@(P\031\311\347s\234ae\204\263\365U\334\372D\354\345\276\201f\035\271%#\375\245\314.""\373\330&\3746s!\003\325Q\255\224\274R@\312\253\262\347\352\034\346\347\242\215,\312\376=\277\353{\350\225\301\305`^, vF0D\002 \022/'\342Z\006k\364Cw\242\364\353\202\300x\241$\264\217\220\n""\342\224\014\337O\r\005\315\366\002 v""\t\332\026t\206\273VT\025n\332[\202\272\035o\017\351,\026\020\253\000\366\337\266MY\034j""; "
1750587279610,1750587279610,1582,1,2,0,TMGetLedger,"itype: liBASE; ledgerHash: ""\237\231\311\371Y@""\177>\241""\310\233r\315\210Z\003g\334\034\021\305\3353Q\035\224\200\224\347\257""; queryType: qtINDIRECT; ","itype: liBASE; ledgerHash: ""\237\231\311\371Y@""\177>\241""\310\233r\315\210Z\003g\334\034\021\305\3353Q\035\224\200\224\347\257""; queryType: qtINDIRECT; "
1750587279611,1750587279611,499,1,2,4,TMGetLedger,"itype: liBASE; ledgerHash: ""\237\231\311\371Y@""\177>\241""\310\233r\315\210Z\003g\334\034\021\305\3353Q\035\224\200\224\347\257""; queryType: qtINDIRECT; ","itype: liBASE; ledgerHash: ""\237\231\311\371Y@""\177>\241""\310\233r\315\210Z\003g\334\034\021\305\3353Q\035\224\200\224\347\257""; queryType: qtINDIRECT; "
1750587279611,1750587279611,3898,1,2,3,TMGetLedger,"itype: liBASE; ledgerHash: ""\237\231\311\371Y@""\177>\241""\310\233r\315\210Z\003g\334\034\021\305\3353Q\035\224\200\224\347\257""; queryType: qtINDIRECT; ","itype: liBASE; ledgerHash: ""\237\231\311\371Y@""\177>\241""\310\233r\315\210Z\003g\334\034\021\305\3353Q\035\224\200\224\347\257""; queryType: qtINDIRECT; "
1750587279615,1750587279615,393,1,0,1,TMGetLedger,"itype: liTS_CANDIDATE; ledgerHash: ""\007\347lg\346B\270\350\352\375\266\371?(\361\364\365I|\375\262>\230(\333\250\331\007\360U\024\027""; nodeIDs: ""\000\000\000\000\000\000\000\000\000\000\000\000\000\000\000\000\000\000\000\000\000\000\000\000\000\000\000\000\000\000\000\000\000""; queryType: qtINDIRECT; queryDepth: 3; ","itype: liTS_CANDIDATE; ledgerHash: ""\007\347lg\346B\270\350\352\375\266\371?(\361\364\365I|\375\262>\230(\333\250\331\007\360U\024\027""; nodeIDs: ""\000\000\000\000\000\000\000\000\000\000\000\000\000\000\000\000\000\000\000\000\000\000\000\000\000\000\000\000\000\000\000\000\000""; queryType: qtINDIRECT; queryDepth: 3; "
1750587279615,1750587279615,1466,1,0,4,TMGetLedger,"itype: liTS_CANDIDATE; ledgerHash: ""\007\347lg\346B\270\350\352\375\266\371?(\361\364\365I|\375\262>\230(\333\250\331\007\360U\024\027""; nodeIDs: ""\000\000\000\000\000\000\000\000\000\000\000\000\000\000\000\000\000\000\000\000\000\000\000\000\000\000\000\000\000\000\000\000\000""; queryType: qtINDIRECT; queryDepth: 3; ","itype: liTS_CANDIDATE; ledgerHash: ""\007\347lg\346B\270\350\352\375\266\371?(\361\364\365I|\375\262>\230(\333\250\331\007\360U\024\027""; nodeIDs: ""\000\000\000\000\000\000\000\000\000\000\000\000\000\000\000\000\000\000\000\000\000\000\000\000\000\000\000\000\000\000\000\000\000""; queryType: qtINDIRECT; queryDepth: 3; "
1750587279615,1750587279615,3414,1,0,2,TMGetLedger,"itype: liTS_CANDIDATE; ledgerHash: ""\007\347lg\346B\270\350\352\375\266\371?(\361\364\365I|\375\262>\230(\333\250\331\007\360U\024\027""; nodeIDs: ""\000\000\000\000\000\000\000\000\000\000\000\000\000\000\000\000\000\000\000\000\000\000\000\000\000\000\000\000\000\000\000\000\000""; queryType: qtINDIRECT; queryDepth: 3; ","itype: liTS_CANDIDATE; ledgerHash: ""\007\347lg\346B\270\350\352\375\266\371?(\361\364\365I|\375\262>\230(\333\250\331\007\360U\024\027""; nodeIDs: ""\000\000\000\000\000\000\000\000\000\000\000\000\000\000\000\000\000\000\000\000\000\000\000\000\000\000\000\000\000\000\000\000\000""; queryType: qtINDIRECT; queryDepth: 3; "
1750587279616,1750587279616,1764,1,0,3,TMGetLedger,"itype: liTS_CANDIDATE; ledgerHash: ""\007\347lg\346B\270\350\352\375\266\371?(\361\364\365I|\375\262>\230(\333\250\331\007\360U\024\027""; nodeIDs: ""\000\000\000\000\000\000\000\000\000\000\000\000\000\000\000\000\000\000\000\000\000\000\000\000\000\000\000\000\000\000\000\000\000""; queryType: qtINDIRECT; queryDepth: 3; ","itype: liTS_CANDIDATE; ledgerHash: ""\007\347lg\346B\270\350\352\375\266\371?(\361\364\365I|\375\262>\230(\333\250\331\007\360U\024\027""; nodeIDs: ""\000\000\000\000\000\000\000\000\000\000\000\000\000\000\000\000\000\000\000\000\000\000\000\000\000\000\000\000\000\000\000\000\000""; queryType: qtINDIRECT; queryDepth: 3; "
1750587279622,1750587279622,342,1,2,1,TMGetLedger,"itype: liBASE; ledgerHash: ""\237\231\311\371Y@""\177>\241""\310\233r\315\210Z\003g\334\034\021\305\3353Q\035\224\200\224\347\257""; ","itype: liBASE; ledgerHash: ""\237\231\311\371Y@""\177>\241""\310\233r\315\210Z\003g\334\034\021\305\3353Q\035\224\200\224\347\257""; "
1750587279623,1750587279623,342,1,2,1,TMGetLedger,"itype: liBASE; ledgerHash: ""\237\231\311\371Y@""\177>\241""\310\233r\315\210Z\003g\334\034\021\305\3353Q\035\224\200\224\347\257""; queryType: qtINDIRECT; ","itype: liBASE; ledgerHash: ""\237\231\311\371Y@""\177>\241""\310\233r\315\210Z\003g\334\034\021\305\3353Q\035\224\200\224\347\257""; queryType: qtINDIRECT; "
1750587279623,1750587279623,342,1,2,1,TMGetLedger,"itype: liTS_CANDIDATE; ledgerHash: ""\007\347lg\346B\270\350\352\375\266\371?(\361\364\365I|\375\262>\230(\333\250\331\007\360U\024\027""; nodeIDs: ""\000\000\000\000\000\000\000\000\000\000\000\000\000\000\000\000\000\000\000\000\000\000\000\000\000\000\000\000\000\000\000\000\000""; requestCookie: 4; queryType: qtINDIRECT; queryDepth: 3; ","itype: liTS_CANDIDATE; ledgerHash: ""\007\347lg\346B\270\350\352\375\266\371?(\361\364\365I|\375\262>\230(\333\250\331\007\360U\024\027""; nodeIDs: ""\000\000\000\000\000\000\000\000\000\000\000\000\000\000\000\000\000\000\000\000\000\000\000\000\000\000\000\000\000\000\000\000\000""; requestCookie: 4; queryType: qtINDIRECT; queryDepth: 3; "
1750587279623,1750587279623,3898,1,2,3,TMGetLedger,"itype: liTS_CANDIDATE; ledgerHash: ""\r!N\267\203~\313a\272~\344A\332\034\332r\\301\240a\307\341\261(c(\021\265B\030@(""; nodeIDs: ""\000\000\000\000\000\000\000\000\000\000\000\000\000\000\000\000\000\000\000\000\000\000\000\000\000\000\000\000\000\000\000\000\000""; requestCookie: 3; queryType: qtINDIRECT; queryDepth: 3; ","itype: liTS_CANDIDATE; ledgerHash: ""\r!N\267\203~\313a\272~\344A\332\034\332r\\301\240a\307\341\261(c(\021\265B\030@(""; nodeIDs: ""\000\000\000\000\000\000\000\000\000\000\000\000\000\000\000\000\000\000\000\000\000\000\000\000\000\000\000\000\000\000\000\000\000""; requestCookie: 3; queryType: qtINDIRECT; queryDepth: 3; "
1750587279659,1750587279659,393,1,0,1,TMGetLedger,"itype: liTS_CANDIDATE; ledgerHash: ""\007\347lg\346B\270\350\352\375\266\371?(\361\364\365I|\375\262>\230(\333\250\331\007\360U\024\027""; nodeIDs: ""\000\000\000\000\000\000\000\000\000\000\000\000\000\000\000\000\000\000\000\000\000\000\000\000\000\000\000\000\000\000\000\000\000""; requestCookie: 4; queryType: qtINDIRECT; queryDepth: 3; ","itype: liTS_CANDIDATE; ledgerHash: ""\007\347lg\346B\270\350\352\375\266\371?(\361\364\365I|\375\262>\230(\333\250\331\007\360U\024\027""; nodeIDs: ""\000\000\000\000\000\000\000\000\000\000\000\000\000\000\000\000\000\000\000\000\000\000\000\000\000\000\000\000\000\000\000\000\000""; requestCookie: 4; queryType: qtINDIRECT; queryDepth: 3; "
1750587279664,1750587279664,1399,1,1,3,TMLedgerData,"ledgerHash: ""\007\347lg\346B\270\350\352\375\266\371?(\361\364\365I|\375\262>\230(\333\250\331\007\360U\024\027""; ledgerSeq: 0; type: liTS_CANDIDATE; nodes {;   nodedata: ""\003S\n\235\2624\346\340\377asq\337\223T\316nL\232)C!\360\245\205[L\224\\351\351\000\003"";   nodeid: ""\000\000\000\000\000\000\000\000\000\000\000\000\000\000\000\000\000\000\000\000\000\000\000\000\000\000\000\000\000\000\000\000\000""; }; ","ledgerHash: ""\007\347lg\346B\270\350\352\375\266\371?(\361\364\365I|\375\262>\230(\333\250\331\007\360U\024\027""; ledgerSeq: 0; type: liTS_CANDIDATE; nodes {;   nodedata: ""\003S\n\235\2624\346\340\377asq\337\223T\316nL\232)C!\360\245\205[L\224\\351\351\000\003"";   nodeid: ""\000\000\000\000\000\000\000\000\000\000\000\000\000\000\000\000\000\000\000\000\000\000\000\000\000\000\000\000\000\000\000\000\000""; }; "
1750587279679,1750587279679,792,1,0,4,TMValidation,"validation: """"\200\000\000\001&\000\000\000\007)/\352\224\013:\211l\014`\252m\212dQ\311\347s\234ae\204\263\365U\334\372D\354\345\276\201f\035\271%#\375\245\314.""\373\330&\3746P\027\000\000\000\000\000\000\000\000\000\000\000\000\000\000\000\000\000\000\000\000\000\000\000\000\000\000\000\000\000\000\000\000P\031\221=\252\002\267\225zg\264\253\271T\346ji\003\235\236Pis\264\375\222|H\344\261g?[gs!\003\325Q\255\224\274R@\312\253\262\347\352\034\346\347\242\215,\312\376=\277\353{\350\225\301\305`^, vG0E\002!\000\365\375c\274J\253\352+\036\374\331\027\360\305+\n]~A#N\033u\206\205\332\337\373\320\322\372\220\002 P\261h\320Em\334\333\372\353\242\233\022\256\214\002pi\237m\261Y\3067\306\352wlp\243\243\262""; ","validation: """"\200\000\000\001&\000\000\000\007)/\352\224\013:\211l\014`\252m\212dQ\311\347s\234ae\204\263\365U\334\372D\354\345\276\201f\035\271%#\375\245\314.""\373\330&\3746P\027\000\000\000\000\000\000\000\000\000\000\000\000\000\000\000\000\000\000\000\000\000\000\000\000\000\000\000\000\000\000\000\000P\031\221=\252\002\267\225zg\264\253\271T\346ji\003\235\236Pis\264\375\222|H\344\261g?[gs!\003\325Q\255\224\274R@\312\253\262\347\352\034\346\347\242\215,\312\376=\277\353{\350\225\301\305`^, vG0E\002!\000\365\375c\274J\253\352+\036\374\331\027\360\305+\n]~A#N\033u\206\205\332\337\373\320\322\372\220\002 P\261h\320Em\334\333\372\353\242\233\022\256\214\002pi\237m\261Y\3067\306\352wlp\243\243\262""; "
1750587279679,1750587279679,2684,1,0,1,TMValidation,"validation: """"\200\000\000\001&\000\000\000\007)/\352\224\013:\211l\014`\252m\212dQ\311\347s\234ae\204\263\365U\334\372D\354\345\276\201f\035\271%#\375\245\314.""\373\330&\3746P\027\000\000\000\000\000\000\000\000\000\000\000\000\000\000\000\000\000\000\000\000\000\000\000\000\000\000\000\000\000\000\000\000P\031\221=\252\002\267\225zg\264\253\271T\346ji\003\235\236Pis\264\375\222|H\344\261g?[gs!\003\325Q\255\224\274R@\312\253\262\347\352\034\346\347\242\215,\312\376=\277\353{\350\225\301\305`^, vG0E\002!\000\365\375c\274J\253\352+\036\374\331\027\360\305+\n]~A#N\033u\206\205\332\337\373\320\322\372\220\002 P\261h\320Em\334\333\372\353\242\233\022\256\214\002pi\237m\261Y\3067\306\352wlp\243\243\262""; ","validation: """"\200\000\000\001&\000\000\000\007)/\352\224\013:\211l\014`\252m\212dQ\311\347s\234ae\204\263\365U\334\372D\354\345\276\201f\035\271%#\375\245\314.""\373\330&\3746P\027\000\000\000\000\000\000\000\000\000\000\000\000\000\000\000\000\000\000\000\000\000\000\000\000\000\000\000\000\000\000\000\000P\031\221=\252\002\267\225zg\264\253\271T\346ji\003\235\236Pis\264\375\222|H\344\261g?[gs!\003\325Q\255\224\274R@\312\253\262\347\352\034\346\347\242\215,\312\376=\277\353{\350\225\301\305`^, vG0E\002!\000\365\375c\274J\253\352+\036\374\331\027\360\305+\n]~A#N\033u\206\205\332\337\373\320\322\372\220\002 P\261h\320Em\334\333\372\353\242\233\022\256\214\002pi\237m\261Y\3067\306\352wlp\243\243\262""; "
1750587279680,1750587279680,3563,1,0,2,TMValidation,"validation: """"\200\000\000\001&\000\000\000\007)/\352\224\013:\211l\014`\252m\212dQ\311\347s\234ae\204\263\365U\334\372D\354\345\276\201f\035\271%#\375\245\314.""\373\330&\3746P\027\000\000\000\000\000\000\000\000\000\000\000\000\000\000\000\000\000\000\000\000\000\000\000\000\000\000\000\000\000\000\000\000P\031\221=\252\002\267\225zg\264\253\271T\346ji\003\235\236Pis\264\375\222|H\344\261g?[gs!\003\325Q\255\224\274R@\312\253\262\347\352\034\346\347\242\215,\312\376=\277\353{\350\225\301\305`^, vG0E\002!\000\365\375c\274J\253\352+\036\374\331\027\360\305+\n]~A#N\033u\206\205\332\337\373\320\322\372\220\002 P\261h\320Em\334\333\372\353\242\233\022\256\214\002pi\237m\261Y\3067\306\352wlp\243\243\262""; ","validation: """"\200\000\000\001&\000\000\000\007)/\352\224\013:\211l\014`\252m\212dQ\311\347s\234ae\204\263\365U\334\372D\354\345\276\201f\035\271%#\375\245\314.""\373\330&\3746P\027\000\000\000\000\000\000\000\000\000\000\000\000\000\000\000\000\000\000\000\000\000\000\000\000\000\000\000\000\000\000\000\000P\031\221=\252\002\267\225zg\264\253\271T\346ji\003\235\236Pis\264\375\222|H\344\261g?[gs!\003\325Q\255\224\274R@\312\253\262\347\352\034\346\347\242\215,\312\376=\277\353{\350\225\301\305`^, vG0E\002!\000\365\375c\274J\253\352+\036\374\331\027\360\305+\n]~A#N\033u\206\205\332\337\373\320\322\372\220\002 P\261h\320Em\334\333\372\353\242\233\022\256\214\002pi\237m\261Y\3067\306\352wlp\243\243\262""; "
1750587279690,1750587279690,1582,1,2,0,TMGetLedger,"itype: liTS_CANDIDATE; ledgerHash: ""\r!N\267\203~\313a\272~\344A\332\034\332r\\301\240a\307\341\261(c(\021\265B\030@(""; nodeIDs: ""\000\000\000\000\000\000\000\000\000\000\000\000\000\000\000\000\000\000\000\000\000\000\000\000\000\000\000\000\000\000\000\000\000""; queryType: qtINDIRECT; queryDepth: 3; ","itype: liTS_CANDIDATE; ledgerHash: ""\r!N\267\203~\313a\272~\344A\332\034\332r\\301\240a\307\341\261(c(\021\265B\030@(""; nodeIDs: ""\000\000\000\000\000\000\000\000\000\000\000\000\000\000\000\000\000\000\000\000\000\000\000\000\000\000\000\000\000\000\000\000\000""; queryType: qtINDIRECT; queryDepth: 3; "
1750587279690,1750587279690,499,1,2,4,TMGetLedger,"itype: liTS_CANDIDATE; ledgerHash: ""\r!N\267\203~\313a\272~\344A\332\034\332r\\301\240a\307\341\261(c(\021\265B\030@(""; nodeIDs: ""\000\000\000\000\000\000\000\000\000\000\000\000\000\000\000\000\000\000\000\000\000\000\000\000\000\000\000\000\000\000\000\000\000""; queryType: qtINDIRECT; queryDepth: 3; ","itype: liTS_CANDIDATE; ledgerHash: ""\r!N\267\203~\313a\272~\344A\332\034\332r\\301\240a\307\341\261(c(\021\265B\030@(""; nodeIDs: ""\000\000\000\000\000\000\000\000\000\000\000\000\000\000\000\000\000\000\000\000\000\000\000\000\000\000\000\000\000\000\000\000\000""; queryType: qtINDIRECT; queryDepth: 3; "
1750587279690,1750587279690,342,1,2,1,TMGetLedger,"itype: liTS_CANDIDATE; ledgerHash: ""\r!N\267\203~\313a\272~\344A\332\034\332r\\301\240a\307\341\261(c(\021\265B\030@(""; nodeIDs: ""\000\000\000\000\000\000\000\000\000\000\000\000\000\000\000\000\000\000\000\000\000\000\000\000\000\000\000\000\000\000\000\000\000""; queryType: qtINDIRECT; queryDepth: 3; ","itype: liTS_CANDIDATE; ledgerHash: ""\r!N\267\203~\313a\272~\344A\332\034\332r\\301\240a\307\341\261(c(\021\265B\030@(""; nodeIDs: ""\000\000\000\000\000\000\000\000\000\000\000\000\000\000\000\000\000\000\000\000\000\000\000\000\000\000\000\000\000\000\000\000\000""; queryType: qtINDIRECT; queryDepth: 3; "
1750587279691,1750587279691,3898,1,2,3,TMGetLedger,"itype: liTS_CANDIDATE; ledgerHash: ""\r!N\267\203~\313a\272~\344A\332\034\332r\\301\240a\307\341\261(c(\021\265B\030@(""; nodeIDs: ""\000\000\000\000\000\000\000\000\000\000\000\000\000\000\000\000\000\000\000\000\000\000\000\000\000\000\000\000\000\000\000\000\000""; queryType: qtINDIRECT; queryDepth: 3; ","itype: liTS_CANDIDATE; ledgerHash: ""\r!N\267\203~\313a\272~\344A\332\034\332r\\301\240a\307\341\261(c(\021\265B\030@(""; nodeIDs: ""\000\000\000\000\000\000\000\000\000\000\000\000\000\000\000\000\000\000\000\000\000\000\000\000\000\000\000\000\000\000\000\000\000""; queryType: qtINDIRECT; queryDepth: 3; "
1750587279691,1750587279691,2792,1,4,2,TMLedgerData,"ledgerHash: ""\r!N\267\203~\313a\272~\344A\332\034\332r\\301\240a\307\341\261(c(\021\265B\030@(""; ledgerSeq: 0; type: liTS_CANDIDATE; nodes {;   nodedata: ""\247\272\246\2214\014W1\360z\262\252=\343\207'\275\266;\016\021\306\330\030\225\023\357\272\353\200x\221\n\003"";   nodeid: ""\000\000\000\000\000\000\000\000\000\000\000\000\000\000\000\000\000\000\000\000\000\000\000\000\000\000\000\000\000\000\000\000\000""; }; ","ledgerHash: ""\r!N\267\203~\313a\272~\344A\332\034\332r\\301\240a\307\341\261(c(\021\265B\030@(""; ledgerSeq: 0; type: liTS_CANDIDATE; nodes {;   nodedata: ""\247\272\246\2214\014W1\360z\262\252=\343\207'\275\266;\016\021\306\330\030\225\023\357\272\353\200x\221\n\003"";   nodeid: ""\000\000\000\000\000\000\000\000\000\000\000\000\000\000\000\000\000\000\000\000\000\000\000\000\000\000\000\000\000\000\000\000\000""; }; "
1750587279705,1750587279705,1753,1,0,2,TMLedgerData,"ledgerHash: ""\r!N\267\203~\313a\272~\344A\332\034\332r\\301\240a\307\341\261(c(\021\265B\030@(""; ledgerSeq: 0; type: liTS_CANDIDATE; nodes {;   nodedata: ""\247\272\246\2214\014W1\360z\262\252=\343\207'\275\266;\016\021\306\330\030\225\023\357\272\353\200x\221\n\003"";   nodeid: ""\000\000\000\000\000\000\000\000\000\000\000\000\000\000\000\000\000\000\000\000\000\000\000\000\000\000\000\000\000\000\000\000\000""; }; requestCookie: 3; ","ledgerHash: ""\r!N\267\203~\313a\272~\344A\332\034\332r\\301\240a\307\341\261(c(\021\265B\030@(""; ledgerSeq: 0; type: liTS_CANDIDATE; nodes {;   nodedata: ""\247\272\246\2214\014W1\360z\262\252=\343\207'\275\266;\016\021\306\330\030\225\023\357\272\353\200x\221\n\003"";   nodeid: ""\000\000\000\000\000\000\000\000\000\000\000\000\000\000\000\000\000\000\000\000\000\000\000\000\000\000\000\000\000\000\000\000\000""; }; requestCookie: 3; "
1750587279737,1750587279737,1799,1,1,2,TMProposeSet,"proposeSeq: 0; currentTxHash: ""\r!N\267\203~\313a\272~\344A\332\034\332r\\301\240a\307\341\261(c(\021\265B\030@(""; nodePubKey: ""\003.\200\224\215?)t\306\315\242\313\251\255\302\204=\232.\271%}\013\024s\024\002@\216l""\241F""; closeTime: 803902478; signature: ""0D\002 z6\247q%\027\233\247\370B^H!\373\373\347\267Z\314\303\204\344!\035d\321\032\325\215\364\356\003\002 T\207?\351\220\010\254\273\370\027\207\177""\032\002\273\307\245mf5%\353_""\0263\247\004\035\222\203""; previousledger: ""\354@[\274\202\021\202\373Vi\243\n\325\250\005e\360""m\346'\311@\343\016$L\346\334\360<w""; ","proposeSeq: 0; currentTxHash: ""\r!N\267\203~\313a\272~\344A\332\034\332r\\301\240a\307\341\261(c(\021\265B\030@(""; nodePubKey: ""\003.\200\224\215?)t\306\315\242\313\251\255\302\204=\232.\271%}\013\024s\024\002@\216l""\241F""; closeTime: 803902478; signature: ""0D\002 z6\247q%\027\233\247\370B^H!\373\373\347\267Z\314\303\204\344!\035d\321\032\325\215\364\356\003\002 T\207?\351\220\010\254\273\370\027\207\177""\032\002\273\307\245mf5%\353_""\0263\247\004\035\222\203""; previousledger: ""\354@[\274\202\021\202\373Vi\243\n\325\250\005e\360""m\346'\311@\343\016$L\346\334\360<w""; "
1750587279737,1750587279738,3538,1,1,3,TMProposeSet,"proposeSeq: 0; currentTxHash: ""\r!N\267\203~\313a\272~\344A\332\034\332r\\301\240a\307\341\261(c(\021\265B\030@(""; nodePubKey: ""\003.\200\224\215?)t\306\315\242\313\251\255\302\204=\232.\271%}\013\024s\024\002@\216l""\241F""; closeTime: 803902478; signature: ""0D\002 z6\247q%\027\233\247\370B^H!\373\373\347\267Z\314\303\204\344!\035d\321\032\325\215\364\356\003\002 T\207?\351\220\010\254\273\370\027\207\177""\032\002\273\307\245mf5%\353_""\0263\247\004\035\222\203""; previousledger: ""\354@[\274\202\021\202\373Vi\243\n\325\250\005e\360""m\346'\311@\343\016$L\346\334\360<w""; ","proposeSeq: 0; currentTxHash: ""\r!N\267\203~\313a\272~\344A\332\034\332r\\301\240a\307\341\261(c(\021\265B\030@(""; nodePubKey: ""\003.\200\224\215?)t\306\315\242\313\251\255\302\204=\232.\271%}\013\024s\024\002@\216l""\241F""; closeTime: 803902478; signature: ""0D\002 z6\247q%\027\233\247\370B^H!\373\373\347\267Z\314\303\204\344!\035d\321\032\325\215\364\356\003\002 T\207?\351\220\010\254\273\370\027\207\177""\032\002\273\307\245mf5%\353_""\0263\247\004\035\222\203""; previousledger: ""\354@[\274\202\021\202\373Vi\243\n\325\250\005e\360""m\346'\311@\343\016$L\346\334\360<w""; "
1750587279738,1750587279738,926,1,1,0,TMProposeSet,"proposeSeq: 0; currentTxHash: ""\r!N\267\203~\313a\272~\344A\332\034\332r\\301\240a\307\341\261(c(\021\265B\030@(""; nodePubKey: ""\003.\200\224\215?)t\306\315\242\313\251\255\302\204=\232.\271%}\013\024s\024\002@\216l""\241F""; closeTime: 803902478; signature: ""0D\002 z6\247q%\027\233\247\370B^H!\373\373\347\267Z\314\303\204\344!\035d\321\032\325\215\364\356\003\002 T\207?\351\220\010\254\273\370\027\207\177""\032\002\273\307\245mf5%\353_""\0263\247\004\035\222\203""; previousledger: ""\354@[\274\202\021\202\373Vi\243\n\325\250\005e\360""m\346'\311@\343\016$L\346\334\360<w""; ","proposeSeq: 0; currentTxHash: ""\r!N\267\203~\313a\272~\344A\332\034\332r\\301\240a\307\341\261(c(\021\265B\030@(""; nodePubKey: ""\003.\200\224\215?)t\306\315\242\313\251\255\302\204=\232.\271%}\013\024s\024\002@\216l""\241F""; closeTime: 803902478; signature: ""0D\002 z6\247q%\027\233\247\370B^H!\373\373\347\267Z\314\303\204\344!\035d\321\032\325\215\364\356\003\002 T\207?\351\220\010\254\273\370\027\207\177""\032\002\273\307\245mf5%\353_""\0263\247\004\035\222\203""; previousledger: ""\354@[\274\202\021\202\373Vi\243\n\325\250\005e\360""m\346'\311@\343\016$L\346\334\360<w""; "
1750587279739,1750587279739,3898,1,2,3,TMGetLedger,"itype: liTS_CANDIDATE; ledgerHash: ""\007\347lg\346B\270\350\352\375\266\371?(\361\364\365I|\375\262>\230(\333\250\331\007\360U\024\027""; nodeIDs: ""\000\000\000\000\000\000\000\000\000\000\000\000\000\000\000\000\000\000\000\000\000\000\000\000\000\000\000\000\000\000\000\000\000""; queryType: qtINDIRECT; queryDepth: 3; ","itype: liTS_CANDIDATE; ledgerHash: ""\007\347lg\346B\270\350\352\375\266\371?(\361\364\365I|\375\262>\230(\333\250\331\007\360U\024\027""; nodeIDs: ""\000\000\000\000\000\000\000\000\000\000\000\000\000\000\000\000\000\000\000\000\000\000\000\000\000\000\000\000\000\000\000\000\000""; queryType: qtINDIRECT; queryDepth: 3; "
1750587279739,1750587279739,1582,1,2,0,TMGetLedger,"itype: liTS_CANDIDATE; ledgerHash: ""\007\347lg\346B\270\350\352\375\266\371?(\361\364\365I|\375\262>\230(\333\250\331\007\360U\024\027""; nodeIDs: ""\000\000\000\000\000\000\000\000\000\000\000\000\000\000\000\000\000\000\000\000\000\000\000\000\000\000\000\000\000\000\000\000\000""; queryType: qtINDIRECT; queryDepth: 3; ","itype: liTS_CANDIDATE; ledgerHash: ""\007\347lg\346B\270\350\352\375\266\371?(\361\364\365I|\375\262>\230(\333\250\331\007\360U\024\027""; nodeIDs: ""\000\000\000\000\000\000\000\000\000\000\000\000\000\000\000\000\000\000\000\000\000\000\000\000\000\000\000\000\000\000\000\000\000""; queryType: qtINDIRECT; queryDepth: 3; "
1750587279739,1750587279739,342,1,2,1,TMGetLedger,"itype: liTS_CANDIDATE; ledgerHash: ""\007\347lg\346B\270\350\352\375\266\371?(\361\364\365I|\375\262>\230(\333\250\331\007\360U\024\027""; nodeIDs: ""\000\000\000\000\000\000\000\000\000\000\000\000\000\000\000\000\000\000\000\000\000\000\000\000\000\000\000\000\000\000\000\000\000""; queryType: qtINDIRECT; queryDepth: 3; ","itype: liTS_CANDIDATE; ledgerHash: ""\007\347lg\346B\270\350\352\375\266\371?(\361\364\365I|\375\262>\230(\333\250\331\007\360U\024\027""; nodeIDs: ""\000\000\000\000\000\000\000\000\000\000\000\000\000\000\000\000\000\000\000\000\000\000\000\000\000\000\000\000\000\000\000\000\000""; queryType: qtINDIRECT; queryDepth: 3; "
1750587279740,1750587279740,499,1,2,4,TMGetLedger,"itype: liTS_CANDIDATE; ledgerHash: ""\007\347lg\346B\270\350\352\375\266\371?(\361\364\365I|\375\262>\230(\333\250\331\007\360U\024\027""; nodeIDs: ""\000\000\000\000\000\000\000\000\000\000\000\000\000\000\000\000\000\000\000\000\000\000\000\000\000\000\000\000\000\000\000\000\000""; queryType: qtINDIRECT; queryDepth: 3; ","itype: liTS_CANDIDATE; ledgerHash: ""\007\347lg\346B\270\350\352\375\266\371?(\361\364\365I|\375\262>\230(\333\250\331\007\360U\024\027""; nodeIDs: ""\000\000\000\000\000\000\000\000\000\000\000\000\000\000\000\000\000\000\000\000\000\000\000\000\000\000\000\000\000\000\000\000\000""; queryType: qtINDIRECT; queryDepth: 3; "
1750587279740,1750587279740,3792,1,0,1,TMLedgerData,"ledgerHash: ""\r!N\267\203~\313a\272~\344A\332\034\332r\\301\240a\307\341\261(c(\021\265B\030@(""; ledgerSeq: 0; type: liTS_CANDIDATE; nodes {;   nodedata: ""\247\272\246\2214\014W1\360z\262\252=\343\207'\275\266;\016\021\306\330\030\225\023\357\272\353\200x\221\n\003"";   nodeid: ""\000\000\000\000\000\000\000\000\000\000\000\000\000\000\000\000\000\000\000\000\000\000\000\000\000\000\000\000\000\000\000\000\000""; }; requestCookie: 5; ","ledgerHash: ""\r!N\267\203~\313a\272~\344A\332\034\332r\\301\240a\307\341\261(c(\021\265B\030@(""; ledgerSeq: 0; type: liTS_CANDIDATE; nodes {;   nodedata: ""\247\272\246\2214\014W1\360z\262\252=\343\207'\275\266;\016\021\306\330\030\225\023\357\272\353\200x\221\n\003"";   nodeid: ""\000\000\000\000\000\000\000\000\000\000\000\000\000\000\000\000\000\000\000\000\000\000\000\000\000\000\000\000\000\000\000\000\000""; }; requestCookie: 5; "
1750587279750,1750587279750,3520,1,3,1,TMLedgerData,"ledgerHash: ""\r!N\267\203~\313a\272~\344A\332\034\332r\\301\240a\307\341\261(c(\021\265B\030@(""; ledgerSeq: 0; type: liTS_CANDIDATE; nodes {;   nodedata: ""\247\272\246\2214\014W1\360z\262\252=\343\207'\275\266;\016\021\306\330\030\225\023\357\272\353\200x\221\n\003"";   nodeid: ""\000\000\000\000\000\000\000\000\000\000\000\000\000\000\000\000\000\000\000\000\000\000\000\000\000\000\000\000\000\000\000\000\000""; }; ","ledgerHash: ""\r!N\267\203~\313a\272~\344A\332\034\332r\\301\240a\307\341\261(c(\021\265B\030@(""; ledgerSeq: 0; type: liTS_CANDIDATE; nodes {;   nodedata: ""\247\272\246\2214\014W1\360z\262\252=\343\207'\275\266;\016\021\306\330\030\225\023\357\272\353\200x\221\n\003"";   nodeid: ""\000\000\000\000\000\000\000\000\000\000\000\000\000\000\000\000\000\000\000\000\000\000\000\000\000\000\000\000\000\000\000\000\000""; }; "
1750587279760,1750587279760,2655,1,1,0,TMLedgerData,"ledgerHash: ""\007\347lg\346B\270\350\352\375\266\371?(\361\364\365I|\375\262>\230(\333\250\331\007\360U\024\027""; ledgerSeq: 0; type: liTS_CANDIDATE; nodes {;   nodedata: ""\003S\n\235\2624\346\340\377asq\337\223T\316nL\232)C!\360\245\205[L\224\\351\351\000\003"";   nodeid: ""\000\000\000\000\000\000\000\000\000\000\000\000\000\000\000\000\000\000\000\000\000\000\000\000\000\000\000\000\000\000\000\000\000""; }; ","ledgerHash: ""\007\347lg\346B\270\350\352\375\266\371?(\361\364\365I|\375\262>\230(\333\250\331\007\360U\024\027""; ledgerSeq: 0; type: liTS_CANDIDATE; nodes {;   nodedata: ""\003S\n\235\2624\346\340\377asq\337\223T\316nL\232)C!\360\245\205[L\224\\351\351\000\003"";   nodeid: ""\000\000\000\000\000\000\000\000\000\000\000\000\000\000\000\000\000\000\000\000\000\000\000\000\000\000\000\000\000\000\000\000\000""; }; "
1750587279767,1750587279767,1772,1,4,3,TMLedgerData,"ledgerHash: ""\r!N\267\203~\313a\272~\344A\332\034\332r\\301\240a\307\341\261(c(\021\265B\030@(""; ledgerSeq: 0; type: liTS_CANDIDATE; nodes {;   nodedata: ""\247\272\246\2214\014W1\360z\262\252=\343\207'\275\266;\016\021\306\330\030\225\023\357\272\353\200x\221\n\003"";   nodeid: ""\000\000\000\000\000\000\000\000\000\000\000\000\000\000\000\000\000\000\000\000\000\000\000\000\000\000\000\000\000\000\000\000\000""; }; ","ledgerHash: ""\r!N\267\203~\313a\272~\344A\332\034\332r\\301\240a\307\341\261(c(\021\265B\030@(""; ledgerSeq: 0; type: liTS_CANDIDATE; nodes {;   nodedata: ""\247\272\246\2214\014W1\360z\262\252=\343\207'\275\266;\016\021\306\330\030\225\023\357\272\353\200x\221\n\003"";   nodeid: ""\000\000\000\000\000\000\000\000\000\000\000\000\000\000\000\000\000\000\000\000\000\000\000\000\000\000\000\000\000\000\000\000\000""; }; "
1750587279772,1750587279772,1753,1,0,2,TMLedgerData,"ledgerHash: ""\r!N\267\203~\313a\272~\344A\332\034\332r\\301\240a\307\341\261(c(\021\265B\030@(""; ledgerSeq: 0; type: liTS_CANDIDATE; nodes {;   nodedata: ""\247\272\246\2214\014W1\360z\262\252=\343\207'\275\266;\016\021\306\330\030\225\023\357\272\353\200x\221\n\003"";   nodeid: ""\000\000\000\000\000\000\000\000\000\000\000\000\000\000\000\000\000\000\000\000\000\000\000\000\000\000\000\000\000\000\000\000\000""; }; ","ledgerHash: ""\r!N\267\203~\313a\272~\344A\332\034\332r\\301\240a\307\341\261(c(\021\265B\030@(""; ledgerSeq: 0; type: liTS_CANDIDATE; nodes {;   nodedata: ""\247\272\246\2214\014W1\360z\262\252=\343\207'\275\266;\016\021\306\330\030\225\023\357\272\353\200x\221\n\003"";   nodeid: ""\000\000\000\000\000\000\000\000\000\000\000\000\000\000\000\000\000\000\000\000\000\000\000\000\000\000\000\000\000\000\000\000\000""; }; "
1750587279773,1750587279773,1136,1,3,0,TMGetLedger,"itype: liTS_CANDIDATE; ledgerHash: ""\007\347lg\346B\270\350\352\375\266\371?(\361\364\365I|\375\262>\230(\333\250\331\007\360U\024\027""; nodeIDs: ""\000\000\000\000\000\000\000\000\000\000\000\000\000\000\000\000\000\000\000\000\000\000\000\000\000\000\000\000\000\000\000\000\000""; queryType: qtINDIRECT; queryDepth: 3; ","itype: liTS_CANDIDATE; ledgerHash: ""\007\347lg\346B\270\350\352\375\266\371?(\361\364\365I|\375\262>\230(\333\250\331\007\360U\024\027""; nodeIDs: ""\000\000\000\000\000\000\000\000\000\000\000\000\000\000\000\000\000\000\000\000\000\000\000\000\000\000\000\000\000\000\000\000\000""; queryType: qtINDIRECT; queryDepth: 3; "
1750587279773,1750587279773,3118,1,3,4,TMGetLedger,"itype: liTS_CANDIDATE; ledgerHash: ""\007\347lg\346B\270\350\352\375\266\371?(\361\364\365I|\375\262>\230(\333\250\331\007\360U\024\027""; nodeIDs: ""\000\000\000\000\000\000\000\000\000\000\000\000\000\000\000\000\000\000\000\000\000\000\000\000\000\000\000\000\000\000\000\000\000""; queryType: qtINDIRECT; queryDepth: 3; ","itype: liTS_CANDIDATE; ledgerHash: ""\007\347lg\346B\270\350\352\375\266\371?(\361\364\365I|\375\262>\230(\333\250\331\007\360U\024\027""; nodeIDs: ""\000\000\000\000\000\000\000\000\000\000\000\000\000\000\000\000\000\000\000\000\000\000\000\000\000\000\000\000\000\000\000\000\000""; queryType: qtINDIRECT; queryDepth: 3; "
1750587279773,1750587279773,2142,1,3,1,TMGetLedger,"itype: liTS_CANDIDATE; ledgerHash: ""\007\347lg\346B\270\350\352\375\266\371?(\361\364\365I|\375\262>\230(\333\250\331\007\360U\024\027""; nodeIDs: ""\000\000\000\000\000\000\000\000\000\000\000\000\000\000\000\000\000\000\000\000\000\000\000\000\000\000\000\000\000\000\000\000\000""; queryType: qtINDIRECT; queryDepth: 3; ","itype: liTS_CANDIDATE; ledgerHash: ""\007\347lg\346B\270\350\352\375\266\371?(\361\364\365I|\375\262>\230(\333\250\331\007\360U\024\027""; nodeIDs: ""\000\000\000\000\000\000\000\000\000\000\000\000\000\000\000\000\000\000\000\000\000\000\000\000\000\000\000\000\000\000\000\000\000""; queryType: qtINDIRECT; queryDepth: 3; "
1750587279774,1750587279774,3792,1,0,1,TMLedgerData,"ledgerHash: ""\r!N\267\203~\313a\272~\344A\332\034\332r\\301\240a\307\341\261(c(\021\265B\030@(""; ledgerSeq: 0; type: liTS_CANDIDATE; nodes {;   nodedata: ""\247\272\246\2214\014W1\360z\262\252=\343\207'\275\266;\016\021\306\330\030\225\023\357\272\353\200x\221\n\003"";   nodeid: ""\000\000\000\000\000\000\000\000\000\000\000\000\000\000\000\000\000\000\000\000\000\000\000\000\000\000\000\000\000\000\000\000\000""; }; ","ledgerHash: ""\r!N\267\203~\313a\272~\344A\332\034\332r\\301\240a\307\341\261(c(\021\265B\030@(""; ledgerSeq: 0; type: liTS_CANDIDATE; nodes {;   nodedata: ""\247\272\246\2214\014W1\360z\262\252=\343\207'\275\266;\016\021\306\330\030\225\023\357\272\353\200x\221\n\003"";   nodeid: ""\000\000\000\000\000\000\000\000\000\000\000\000\000\000\000\000\000\000\000\000\000\000\000\000\000\000\000\000\000\000\000\000\000""; }; "
1750587279774,1750587279774,1590,1,3,2,TMGetLedger,"itype: liTS_CANDIDATE; ledgerHash: ""\007\347lg\346B\270\350\352\375\266\371?(\361\364\365I|\375\262>\230(\333\250\331\007\360U\024\027""; nodeIDs: ""\000\000\000\000\000\000\000\000\000\000\000\000\000\000\000\000\000\000\000\000\000\000\000\000\000\000\000\000\000\000\000\000\000""; queryType: qtINDIRECT; queryDepth: 3; ","itype: liTS_CANDIDATE; ledgerHash: ""\007\347lg\346B\270\350\352\375\266\371?(\361\364\365I|\375\262>\230(\333\250\331\007\360U\024\027""; nodeIDs: ""\000\000\000\000\000\000\000\000\000\000\000\000\000\000\000\000\000\000\000\000\000\000\000\000\000\000\000\000\000\000\000\000\000""; queryType: qtINDIRECT; queryDepth: 3; "
1750587279784,1750587279784,2472,1,1,2,TMLedgerData,"ledgerHash: ""\r!N\267\203~\313a\272~\344A\332\034\332r\\301\240a\307\341\261(c(\021\265B\030@(""; ledgerSeq: 0; type: liTS_CANDIDATE; nodes {;   nodedata: ""\247\272\246\2214\014W1\360z\262\252=\343\207'\275\266;\016\021\306\330\030\225\023\357\272\353\200x\221\n\003"";   nodeid: ""\000\000\000\000\000\000\000\000\000\000\000\000\000\000\000\000\000\000\000\000\000\000\000\000\000\000\000\000\000\000\000\000\000""; }; ","ledgerHash: ""\r!N\267\203~\313a\272~\344A\332\034\332r\\301\240a\307\341\261(c(\021\265B\030@(""; ledgerSeq: 0; type: liTS_CANDIDATE; nodes {;   nodedata: ""\247\272\246\2214\014W1\360z\262\252=\343\207'\275\266;\016\021\306\330\030\225\023\357\272\353\200x\221\n\003"";   nodeid: ""\000\000\000\000\000\000\000\000\000\000\000\000\000\000\000\000\000\000\000\000\000\000\000\000\000\000\000\000\000\000\000\000\000""; }; "
1750587279785,1750587279785,1466,1,0,4,TMGetLedger,"itype: liBASE; ledgerHash: ""\354@[\274\202\021\202\373Vi\243\n\325\250\005e\360""m\346'\311@\343\016$L\346\334\360<w""; requestCookie: 3; queryType: qtINDIRECT; ","itype: liBASE; ledgerHash: ""\354@[\274\202\021\202\373Vi\243\n\325\250\005e\360""m\346'\311@\343\016$L\346\334\360<w""; requestCookie: 3; queryType: qtINDIRECT; "
1750587279796,1750587279796,520,1,2,1,TMLedgerData,"ledgerHash: ""b\001;\355\\351h\305\360*\252j\2470\334[#|\313\3606\207\210\245\372\217RX\333g`K""; ledgerSeq: 0; type: liTS_CANDIDATE; nodes {;   nodedata: "" \245\366\271\024\035\303\242}O\341[\232\374\0350\307\253\205\001\301\216B\031pk\231\004\271\276\265\240\002\003"";   nodeid: ""\000\000\000\000\000\000\000\000\000\000\000\000\000\000\000\000\000\000\000\000\000\000\000\000\000\000\000\000\000\000\000\000\000""; }; ","ledgerHash: ""b\001;\355\\351h\305\360*\252j\2470\334[#|\313\3606\207\210\245\372\217RX\333g`K""; ledgerSeq: 0; type: liTS_CANDIDATE; nodes {;   nodedata: "" \245\366\271\024\035\303\242}O\341[\232\374\0350\307\253\205\001\301\216B\031pk\231\004\271\276\265\240\002\003"";   nodeid: ""\000\000\000\000\000\000\000\000\000\000\000\000\000\000\000\000\000\000\000\000\000\000\000\000\000\000\000\000\000\000\000\000\000""; }; "
1750587279808,1750587279808,1435,1,4,1,TMLedgerData,"ledgerHash: ""\r!N\267\203~\313a\272~\344A\332\034\332r\\301\240a\307\341\261(c(\021\265B\030@(""; ledgerSeq: 0; type: liTS_CANDIDATE; nodes {;   nodedata: ""\247\272\246\2214\014W1\360z\262\252=\343\207'\275\266;\016\021\306\330\030\225\023\357\272\353\200x\221\n\003"";   nodeid: ""\000\000\000\000\000\000\000\000\000\000\000\000\000\000\000\000\000\000\000\000\000\000\000\000\000\000\000\000\000\000\000\000\000""; }; ","ledgerHash: ""\r!N\267\203~\313a\272~\344A\332\034\332r\\301\240a\307\341\261(c(\021\265B\030@(""; ledgerSeq: 0; type: liTS_CANDIDATE; nodes {;   nodedata: ""\247\272\246\2214\014W1\360z\262\252=\343\207'\275\266;\016\021\306\330\030\225\023\357\272\353\200x\221\n\003"";   nodeid: ""\000\000\000\000\000\000\000\000\000\000\000\000\000\000\000\000\000\000\000\000\000\000\000\000\000\000\000\000\000\000\000\000\000""; }; "
1750587279823,1750587279823,1753,1,0,2,TMLedgerData,"ledgerHash: ""\r!N\267\203~\313a\272~\344A\332\034\332r\\301\240a\307\341\261(c(\021\265B\030@(""; ledgerSeq: 0; type: liTS_CANDIDATE; nodes {;   nodedata: ""\247\272\246\2214\014W1\360z\262\252=\343\207'\275\266;\016\021\306\330\030\225\023\357\272\353\200x\221\n\003"";   nodeid: ""\000\000\000\000\000\000\000\000\000\000\000\000\000\000\000\000\000\000\000\000\000\000\000\000\000\000\000\000\000\000\000\000\000""; }; requestCookie: 4; ","ledgerHash: ""\r!N\267\203~\313a\272~\344A\332\034\332r\\301\240a\307\341\261(c(\021\265B\030@(""; ledgerSeq: 0; type: liTS_CANDIDATE; nodes {;   nodedata: ""\247\272\246\2214\014W1\360z\262\252=\343\207'\275\266;\016\021\306\330\030\225\023\357\272\353\200x\221\n\003"";   nodeid: ""\000\000\000\000\000\000\000\000\000\000\000\000\000\000\000\000\000\000\000\000\000\000\000\000\000\000\000\000\000\000\000\000\000""; }; requestCookie: 4; "
1750587279825,1750587279825,3898,1,2,3,TMGetLedger,"itype: liTS_CANDIDATE; ledgerHash: ""\r!N\267\203~\313a\272~\344A\332\034\332r\\301\240a\307\341\261(c(\021\265B\030@(""; nodeIDs: ""\000\000\000\000\000\000\000\000\000\000\000\000\000\000\000\000\000\000\000\000\000\000\000\000\000\000\000\000\000\000\000\000\000""; requestCookie: 5; queryType: qtINDIRECT; queryDepth: 3; ","itype: liTS_CANDIDATE; ledgerHash: ""\r!N\267\203~\313a\272~\344A\332\034\332r\\301\240a\307\341\261(c(\021\265B\030@(""; nodeIDs: ""\000\000\000\000\000\000\000\000\000\000\000\000\000\000\000\000\000\000\000\000\000\000\000\000\000\000\000\000\000\000\000\000\000""; requestCookie: 5; queryType: qtINDIRECT; queryDepth: 3; "
1750587279831,1750587279831,2472,1,1,2,TMLedgerData,"ledgerHash: ""\007\347lg\346B\270\350\352\375\266\371?(\361\364\365I|\375\262>\230(\333\250\331\007\360U\024\027""; ledgerSeq: 0; type: liTS_CANDIDATE; nodes {;   nodedata: ""\003S\n\235\2624\346\340\377asq\337\223T\316nL\232)C!\360\245\205[L\224\\351\351\000\003"";   nodeid: ""\000\000\000\000\000\000\000\000\000\000\000\000\000\000\000\000\000\000\000\000\000\000\000\000\000\000\000\000\000\000\000\000\000""; }; ","ledgerHash: ""\007\347lg\346B\270\350\352\375\266\371?(\361\364\365I|\375\262>\230(\333\250\331\007\360U\024\027""; ledgerSeq: 0; type: liTS_CANDIDATE; nodes {;   nodedata: ""\003S\n\235\2624\346\340\377asq\337\223T\316nL\232)C!\360\245\205[L\224\\351\351\000\003"";   nodeid: ""\000\000\000\000\000\000\000\000\000\000\000\000\000\000\000\000\000\000\000\000\000\000\000\000\000\000\000\000\000\000\000\000\000""; }; "
1750587279832,1750587279832,557,1,4,1,TMGetLedger,"itype: liTS_CANDIDATE; ledgerHash: ""\007\347lg\346B\270\350\352\375\266\371?(\361\364\365I|\375\262>\230(\333\250\331\007\360U\024\027""; nodeIDs: ""\000\000\000\000\000\000\000\000\000\000\000\000\000\000\000\000\000\000\000\000\000\000\000\000\000\000\000\000\000\000\000\000\000""; requestCookie: 1; queryType: qtINDIRECT; queryDepth: 3; ","itype: liTS_CANDIDATE; ledgerHash: ""\007\347lg\346B\270\350\352\375\266\371?(\361\364\365I|\375\262>\230(\333\250\331\007\360U\024\027""; nodeIDs: ""\000\000\000\000\000\000\000\000\000\000\000\000\000\000\000\000\000\000\000\000\000\000\000\000\000\000\000\000\000\000\000\000\000""; requestCookie: 1; queryType: qtINDIRECT; queryDepth: 3; "
1750587279865,1750587279865,393,1,0,1,TMGetLedger,"itype: liTS_CANDIDATE; ledgerHash: ""\007\347lg\346B\270\350\352\375\266\371?(\361\364\365I|\375\262>\230(\333\250\331\007\360U\024\027""; nodeIDs: ""\000\000\000\000\000\000\000\000\000\000\000\000\000\000\000\000\000\000\000\000\000\000\000\000\000\000\000\000\000\000\000\000\000""; queryType: qtINDIRECT; queryDepth: 3; ","itype: liTS_CANDIDATE; ledgerHash: ""\007\347lg\346B\270\350\352\375\266\371?(\361\364\365I|\375\262>\230(\333\250\331\007\360U\024\027""; nodeIDs: ""\000\000\000\000\000\000\000\000\000\000\000\000\000\000\000\000\000\000\000\000\000\000\000\000\000\000\000\000\000\000\000\000\000""; queryType: qtINDIRECT; queryDepth: 3; "
1750587279866,1750587279866,1764,1,0,3,TMGetLedger,"itype: liTS_CANDIDATE; ledgerHash: ""\007\347lg\346B\270\350\352\375\266\371?(\361\364\365I|\375\262>\230(\333\250\331\007\360U\024\027""; nodeIDs: ""\000\000\000\000\000\000\000\000\000\000\000\000\000\000\000\000\000\000\000\000\000\000\000\000\000\000\000\000\000\000\000\000\000""; queryType: qtINDIRECT; queryDepth: 3; ","itype: liTS_CANDIDATE; ledgerHash: ""\007\347lg\346B\270\350\352\375\266\371?(\361\364\365I|\375\262>\230(\333\250\331\007\360U\024\027""; nodeIDs: ""\000\000\000\000\000\000\000\000\000\000\000\000\000\000\000\000\000\000\000\000\000\000\000\000\000\000\000\000\000\000\000\000\000""; queryType: qtINDIRECT; queryDepth: 3; "
1750587279865,1750587279866,3414,1,0,2,TMGetLedger,"itype: liTS_CANDIDATE; ledgerHash: ""\007\347lg\346B\270\350\352\375\266\371?(\361\364\365I|\375\262>\230(\333\250\331\007\360U\024\027""; nodeIDs: ""\000\000\000\000\000\000\000\000\000\000\000\000\000\000\000\000\000\000\000\000\000\000\000\000\000\000\000\000\000\000\000\000\000""; queryType: qtINDIRECT; queryDepth: 3; ","itype: liTS_CANDIDATE; ledgerHash: ""\007\347lg\346B\270\350\352\375\266\371?(\361\364\365I|\375\262>\230(\333\250\331\007\360U\024\027""; nodeIDs: ""\000\000\000\000\000\000\000\000\000\000\000\000\000\000\000\000\000\000\000\000\000\000\000\000\000\000\000\000\000\000\000\000\000""; queryType: qtINDIRECT; queryDepth: 3; "
1750587279866,1750587279866,1466,1,0,4,TMGetLedger,"itype: liTS_CANDIDATE; ledgerHash: ""\007\347lg\346B\270\350\352\375\266\371?(\361\364\365I|\375\262>\230(\333\250\331\007\360U\024\027""; nodeIDs: ""\000\000\000\000\000\000\000\000\000\000\000\000\000\000\000\000\000\000\000\000\000\000\000\000\000\000\000\000\000\000\000\000\000""; queryType: qtINDIRECT; queryDepth: 3; ","itype: liTS_CANDIDATE; ledgerHash: ""\007\347lg\346B\270\350\352\375\266\371?(\361\364\365I|\375\262>\230(\333\250\331\007\360U\024\027""; nodeIDs: ""\000\000\000\000\000\000\000\000\000\000\000\000\000\000\000\000\000\000\000\000\000\000\000\000\000\000\000\000\000\000\000\000\000""; queryType: qtINDIRECT; queryDepth: 3; "
1750587279874,1750587279874,3898,1,2,3,TMGetLedger,"itype: liTS_CANDIDATE; ledgerHash: ""\r!N\267\203~\313a\272~\344A\332\034\332r\\301\240a\307\341\261(c(\021\265B\030@(""; nodeIDs: ""\000\000\000\000\000\000\000\000\000\000\000\000\000\000\000\000\000\000\000\000\000\000\000\000\000\000\000\000\000\000\000\000\000""; requestCookie: 3; queryType: qtINDIRECT; queryDepth: 3; ","itype: liTS_CANDIDATE; ledgerHash: ""\r!N\267\203~\313a\272~\344A\332\034\332r\\301\240a\307\341\261(c(\021\265B\030@(""; nodeIDs: ""\000\000\000\000\000\000\000\000\000\000\000\000\000\000\000\000\000\000\000\000\000\000\000\000\000\000\000\000\000\000\000\000\000""; requestCookie: 3; queryType: qtINDIRECT; queryDepth: 3; "
1750587279908,1750587279909,393,1,0,1,TMGetLedger,"itype: liTS_CANDIDATE; ledgerHash: ""\007\347lg\346B\270\350\352\375\266\371?(\361\364\365I|\375\262>\230(\333\250\331\007\360U\024\027""; nodeIDs: ""\000\000\000\000\000\000\000\000\000\000\000\000\000\000\000\000\000\000\000\000\000\000\000\000\000\000\000\000\000\000\000\000\000""; requestCookie: 4; queryType: qtINDIRECT; queryDepth: 3; ","itype: liTS_CANDIDATE; ledgerHash: ""\007\347lg\346B\270\350\352\375\266\371?(\361\364\365I|\375\262>\230(\333\250\331\007\360U\024\027""; nodeIDs: ""\000\000\000\000\000\000\000\000\000\000\000\000\000\000\000\000\000\000\000\000\000\000\000\000\000\000\000\000\000\000\000\000\000""; requestCookie: 4; queryType: qtINDIRECT; queryDepth: 3; "
1750587279913,1750587279913,1466,1,0,4,TMGetLedger,"itype: liBASE; ledgerHash: ""\354@[\274\202\021\202\373Vi\243\n\325\250\005e\360""m\346'\311@\343\016$L\346\334\360<w""; requestCookie: 2; queryType: qtINDIRECT; ","itype: liBASE; ledgerHash: ""\354@[\274\202\021\202\373Vi\243\n\325\250\005e\360""m\346'\311@\343\016$L\346\334\360<w""; requestCookie: 2; queryType: qtINDIRECT; "
1750587279940,1750587279940,342,1,2,1,TMGetLedger,"itype: liTS_CANDIDATE; ledgerHash: ""\r!N\267\203~\313a\272~\344A\332\034\332r\\301\240a\307\341\261(c(\021\265B\030@(""; nodeIDs: ""\000\000\000\000\000\000\000\000\000\000\000\000\000\000\000\000\000\000\000\000\000\000\000\000\000\000\000\000\000\000\000\000\000""; queryType: qtINDIRECT; queryDepth: 3; ","itype: liTS_CANDIDATE; ledgerHash: ""\r!N\267\203~\313a\272~\344A\332\034\332r\\301\240a\307\341\261(c(\021\265B\030@(""; nodeIDs: ""\000\000\000\000\000\000\000\000\000\000\000\000\000\000\000\000\000\000\000\000\000\000\000\000\000\000\000\000\000\000\000\000\000""; queryType: qtINDIRECT; queryDepth: 3; "
1750587279942,1750587279942,2792,1,4,2,TMLedgerData,"ledgerHash: ""\r!N\267\203~\313a\272~\344A\332\034\332r\\301\240a\307\341\261(c(\021\265B\030@(""; ledgerSeq: 0; type: liTS_CANDIDATE; nodes {;   nodedata: ""\247\272\246\2214\014W1\360z\262\252=\343\207'\275\266;\016\021\306\330\030\225\023\357\272\353\200x\221\n\003"";   nodeid: ""\000\000\000\000\000\000\000\000\000\000\000\000\000\000\000\000\000\000\000\000\000\000\000\000\000\000\000\000\000\000\000\000\000""; }; ","ledgerHash: ""\r!N\267\203~\313a\272~\344A\332\034\332r\\301\240a\307\341\261(c(\021\265B\030@(""; ledgerSeq: 0; type: liTS_CANDIDATE; nodes {;   nodedata: ""\247\272\246\2214\014W1\360z\262\252=\343\207'\275\266;\016\021\306\330\030\225\023\357\272\353\200x\221\n\003"";   nodeid: ""\000\000\000\000\000\000\000\000\000\000\000\000\000\000\000\000\000\000\000\000\000\000\000\000\000\000\000\000\000\000\000\000\000""; }; "
1750587279942,1750587279942,3898,1,2,3,TMGetLedger,"itype: liTS_CANDIDATE; ledgerHash: ""\r!N\267\203~\313a\272~\344A\332\034\332r\\301\240a\307\341\261(c(\021\265B\030@(""; nodeIDs: ""\000\000\000\000\000\000\000\000\000\000\000\000\000\000\000\000\000\000\000\000\000\000\000\000\000\000\000\000\000\000\000\000\000""; queryType: qtINDIRECT; queryDepth: 3; ","itype: liTS_CANDIDATE; ledgerHash: ""\r!N\267\203~\313a\272~\344A\332\034\332r\\301\240a\307\341\261(c(\021\265B\030@(""; nodeIDs: ""\000\000\000\000\000\000\000\000\000\000\000\000\000\000\000\000\000\000\000\000\000\000\000\000\000\000\000\000\000\000\000\000\000""; queryType: qtINDIRECT; queryDepth: 3; "
1750587279941,1750587279941,499,1,2,4,TMGetLedger,"itype: liTS_CANDIDATE; ledgerHash: ""\r!N\267\203~\313a\272~\344A\332\034\332r\\301\240a\307\341\261(c(\021\265B\030@(""; nodeIDs: ""\000\000\000\000\000\000\000\000\000\000\000\000\000\000\000\000\000\000\000\000\000\000\000\000\000\000\000\000\000\000\000\000\000""; queryType: qtINDIRECT; queryDepth: 3; ","itype: liTS_CANDIDATE; ledgerHash: ""\r!N\267\203~\313a\272~\344A\332\034\332r\\301\240a\307\341\261(c(\021\265B\030@(""; nodeIDs: ""\000\000\000\000\000\000\000\000\000\000\000\000\000\000\000\000\000\000\000\000\000\000\000\000\000\000\000\000\000\000\000\000\000""; queryType: qtINDIRECT; queryDepth: 3; "
1750587279942,1750587279942,1582,1,2,0,TMGetLedger,"itype: liTS_CANDIDATE; ledgerHash: ""\r!N\267\203~\313a\272~\344A\332\034\332r\\301\240a\307\341\261(c(\021\265B\030@(""; nodeIDs: ""\000\000\000\000\000\000\000\000\000\000\000\000\000\000\000\000\000\000\000\000\000\000\000\000\000\000\000\000\000\000\000\000\000""; queryType: qtINDIRECT; queryDepth: 3; ","itype: liTS_CANDIDATE; ledgerHash: ""\r!N\267\203~\313a\272~\344A\332\034\332r\\301\240a\307\341\261(c(\021\265B\030@(""; nodeIDs: ""\000\000\000\000\000\000\000\000\000\000\000\000\000\000\000\000\000\000\000\000\000\000\000\000\000\000\000\000\000\000\000\000\000""; queryType: qtINDIRECT; queryDepth: 3; "
1750587279957,1750587279957,1753,1,0,2,TMLedgerData,"ledgerHash: ""\r!N\267\203~\313a\272~\344A\332\034\332r\\301\240a\307\341\261(c(\021\265B\030@(""; ledgerSeq: 0; type: liTS_CANDIDATE; nodes {;   nodedata: ""\247\272\246\2214\014W1\360z\262\252=\343\207'\275\266;\016\021\306\330\030\225\023\357\272\353\200x\221\n\003"";   nodeid: ""\000\000\000\000\000\000\000\000\000\000\000\000\000\000\000\000\000\000\000\000\000\000\000\000\000\000\000\000\000\000\000\000\000""; }; requestCookie: 3; ","ledgerHash: ""\r!N\267\203~\313a\272~\344A\332\034\332r\\301\240a\307\341\261(c(\021\265B\030@(""; ledgerSeq: 0; type: liTS_CANDIDATE; nodes {;   nodedata: ""\247\272\246\2214\014W1\360z\262\252=\343\207'\275\266;\016\021\306\330\030\225\023\357\272\353\200x\221\n\003"";   nodeid: ""\000\000\000\000\000\000\000\000\000\000\000\000\000\000\000\000\000\000\000\000\000\000\000\000\000\000\000\000\000\000\000\000\000""; }; requestCookie: 3; "
1750587279961,1750587279961,2655,1,1,0,TMLedgerData,"ledgerHash: ""b\001;\355\\351h\305\360*\252j\2470\334[#|\313\3606\207\210\245\372\217RX\333g`K""; ledgerSeq: 0; type: liTS_CANDIDATE; nodes {;   nodedata: "" \245\366\271\024\035\303\242}O\341[\232\374\0350\307\253\205\001\301\216B\031pk\231\004\271\276\265\240\002\003"";   nodeid: ""\000\000\000\000\000\000\000\000\000\000\000\000\000\000\000\000\000\000\000\000\000\000\000\000\000\000\000\000\000\000\000\000\000""; }; ","ledgerHash: ""b\001;\355\\351h\305\360*\252j\2470\334[#|\313\3606\207\210\245\372\217RX\333g`K""; ledgerSeq: 0; type: liTS_CANDIDATE; nodes {;   nodedata: "" \245\366\271\024\035\303\242}O\341[\232\374\0350\307\253\205\001\301\216B\031pk\231\004\271\276\265\240\002\003"";   nodeid: ""\000\000\000\000\000\000\000\000\000\000\000\000\000\000\000\000\000\000\000\000\000\000\000\000\000\000\000\000\000\000\000\000\000""; }; "
1750587279967,1750587279967,2472,1,1,2,TMLedgerData,"ledgerHash: ""\007\347lg\346B\270\350\352\375\266\371?(\361\364\365I|\375\262>\230(\333\250\331\007\360U\024\027""; ledgerSeq: 0; type: liTS_CANDIDATE; nodes {;   nodedata: ""\003S\n\235\2624\346\340\377asq\337\223T\316nL\232)C!\360\245\205[L\224\\351\351\000\003"";   nodeid: ""\000\000\000\000\000\000\000\000\000\000\000\000\000\000\000\000\000\000\000\000\000\000\000\000\000\000\000\000\000\000\000\000\000""; }; requestCookie: 4; ","ledgerHash: ""\007\347lg\346B\270\350\352\375\266\371?(\361\364\365I|\375\262>\230(\333\250\331\007\360U\024\027""; ledgerSeq: 0; type: liTS_CANDIDATE; nodes {;   nodedata: ""\003S\n\235\2624\346\340\377asq\337\223T\316nL\232)C!\360\245\205[L\224\\351\351\000\003"";   nodeid: ""\000\000\000\000\000\000\000\000\000\000\000\000\000\000\000\000\000\000\000\000\000\000\000\000\000\000\000\000\000\000\000\000\000""; }; requestCookie: 4; "
1750587279988,1750587279988,1582,1,2,0,TMGetLedger,"itype: liTS_CANDIDATE; ledgerHash: ""\007\347lg\346B\270\350\352\375\266\371?(\361\364\365I|\375\262>\230(\333\250\331\007\360U\024\027""; nodeIDs: ""\000\000\000\000\000\000\000\000\000\000\000\000\000\000\000\000\000\000\000\000\000\000\000\000\000\000\000\000\000\000\000\000\000""; queryType: qtINDIRECT; queryDepth: 3; ","itype: liTS_CANDIDATE; ledgerHash: ""\007\347lg\346B\270\350\352\375\266\371?(\361\364\365I|\375\262>\230(\333\250\331\007\360U\024\027""; nodeIDs: ""\000\000\000\000\000\000\000\000\000\000\000\000\000\000\000\000\000\000\000\000\000\000\000\000\000\000\000\000\000\000\000\000\000""; queryType: qtINDIRECT; queryDepth: 3; "
1750587279989,1750587279989,499,1,2,4,TMGetLedger,"itype: liTS_CANDIDATE; ledgerHash: ""\007\347lg\346B\270\350\352\375\266\371?(\361\364\365I|\375\262>\230(\333\250\331\007\360U\024\027""; nodeIDs: ""\000\000\000\000\000\000\000\000\000\000\000\000\000\000\000\000\000\000\000\000\000\000\000\000\000\000\000\000\000\000\000\000\000""; queryType: qtINDIRECT; queryDepth: 3; ","itype: liTS_CANDIDATE; ledgerHash: ""\007\347lg\346B\270\350\352\375\266\371?(\361\364\365I|\375\262>\230(\333\250\331\007\360U\024\027""; nodeIDs: ""\000\000\000\000\000\000\000\000\000\000\000\000\000\000\000\000\000\000\000\000\000\000\000\000\000\000\000\000\000\000\000\000\000""; queryType: qtINDIRECT; queryDepth: 3; "
1750587279989,1750587279989,3898,1,2,3,TMGetLedger,"itype: liTS_CANDIDATE; ledgerHash: ""\007\347lg\346B\270\350\352\375\266\371?(\361\364\365I|\375\262>\230(\333\250\331\007\360U\024\027""; nodeIDs: ""\000\000\000\000\000\000\000\000\000\000\000\000\000\000\000\000\000\000\000\000\000\000\000\000\000\000\000\000\000\000\000\000\000""; queryType: qtINDIRECT; queryDepth: 3; ","itype: liTS_CANDIDATE; ledgerHash: ""\007\347lg\346B\270\350\352\375\266\371?(\361\364\365I|\375\262>\230(\333\250\331\007\360U\024\027""; nodeIDs: ""\000\000\000\000\000\000\000\000\000\000\000\000\000\000\000\000\000\000\000\000\000\000\000\000\000\000\000\000\000\000\000\000\000""; queryType: qtINDIRECT; queryDepth: 3; "
1750587279989,1750587279989,342,1,2,1,TMGetLedger,"itype: liTS_CANDIDATE; ledgerHash: ""\007\347lg\346B\270\350\352\375\266\371?(\361\364\365I|\375\262>\230(\333\250\331\007\360U\024\027""; nodeIDs: ""\000\000\000\000\000\000\000\000\000\000\000\000\000\000\000\000\000\000\000\000\000\000\000\000\000\000\000\000\000\000\000\000\000""; queryType: qtINDIRECT; queryDepth: 3; ","itype: liTS_CANDIDATE; ledgerHash: ""\007\347lg\346B\270\350\352\375\266\371?(\361\364\365I|\375\262>\230(\333\250\331\007\360U\024\027""; nodeIDs: ""\000\000\000\000\000\000\000\000\000\000\000\000\000\000\000\000\000\000\000\000\000\000\000\000\000\000\000\000\000\000\000\000\000""; queryType: qtINDIRECT; queryDepth: 3; "
1750587279990,1750587279990,557,1,4,1,TMGetLedger,"itype: liTS_CANDIDATE; ledgerHash: ""\007\347lg\346B\270\350\352\375\266\371?(\361\364\365I|\375\262>\230(\333\250\331\007\360U\024\027""; nodeIDs: ""\000\000\000\000\000\000\000\000\000\000\000\000\000\000\000\000\000\000\000\000\000\000\000\000\000\000\000\000\000\000\000\000\000""; requestCookie: 3; queryType: qtINDIRECT; queryDepth: 3; ","itype: liTS_CANDIDATE; ledgerHash: ""\007\347lg\346B\270\350\352\375\266\371?(\361\364\365I|\375\262>\230(\333\250\331\007\360U\024\027""; nodeIDs: ""\000\000\000\000\000\000\000\000\000\000\000\000\000\000\000\000\000\000\000\000\000\000\000\000\000\000\000\000\000\000\000\000\000""; requestCookie: 3; queryType: qtINDIRECT; queryDepth: 3; "
1750587280000,1750587280001,3520,1,3,1,TMLedgerData,"ledgerHash: ""\r!N\267\203~\313a\272~\344A\332\034\332r\\301\240a\307\341\261(c(\021\265B\030@(""; ledgerSeq: 0; type: liTS_CANDIDATE; nodes {;   nodedata: ""\247\272\246\2214\014W1\360z\262\252=\343\207'\275\266;\016\021\306\330\030\225\023\357\272\353\200x\221\n\003"";   nodeid: ""\000\000\000\000\000\000\000\000\000\000\000\000\000\000\000\000\000\000\000\000\000\000\000\000\000\000\000\000\000\000\000\000\000""; }; ","ledgerHash: ""\r!N\267\203~\313a\272~\344A\332\034\332r\\301\240a\307\341\261(c(\021\265B\030@(""; ledgerSeq: 0; type: liTS_CANDIDATE; nodes {;   nodedata: ""\247\272\246\2214\014W1\360z\262\252=\343\207'\275\266;\016\021\306\330\030\225\023\357\272\353\200x\221\n\003"";   nodeid: ""\000\000\000\000\000\000\000\000\000\000\000\000\000\000\000\000\000\000\000\000\000\000\000\000\000\000\000\000\000\000\000\000\000""; }; "
1750587280006,1750587280006,2252,1,0,4,TMStatusChange,"newEvent: neACCEPTED_LEDGER; ledgerSeq: 8; ledgerHash: ""\237\231\311\371Y@""\177>\241""\310\233r\315\210Z\003g\334\034\021\305\3353Q\035\224\200\224\347\257""; ledgerHashPrevious: ""\311\347s\234ae\204\263\365U\334\372D\354\345\276\201f\035\271%#\375\245\314.""\373\330&\3746""; networkTime: 803902480; firstSeq: 1; lastSeq: 7; ","newEvent: neACCEPTED_LEDGER; ledgerSeq: 8; ledgerHash: ""\237\231\311\371Y@""\177>\241""\310\233r\315\210Z\003g\334\034\021\305\3353Q\035\224\200\224\347\257""; ledgerHashPrevious: ""\311\347s\234ae\204\263\365U\334\372D\354\345\276\201f\035\271%#\375\245\314.""\373\330&\3746""; networkTime: 803902480; firstSeq: 1; lastSeq: 7; "
1750587280006,1750587280007,468,1,0,1,TMStatusChange,"newEvent: neACCEPTED_LEDGER; ledgerSeq: 8; ledgerHash: ""\237\231\311\371Y@""\177>\241""\310\233r\315\210Z\003g\334\034\021\305\3353Q\035\224\200\224\347\257""; ledgerHashPrevious: ""\311\347s\234ae\204\263\365U\334\372D\354\345\276\201f\035\271%#\375\245\314.""\373\330&\3746""; networkTime: 803902480; firstSeq: 1; lastSeq: 7; ","newEvent: neACCEPTED_LEDGER; ledgerSeq: 8; ledgerHash: ""\237\231\311\371Y@""\177>\241""\310\233r\315\210Z\003g\334\034\021\305\3353Q\035\224\200\224\347\257""; ledgerHashPrevious: ""\311\347s\234ae\204\263\365U\334\372D\354\345\276\201f\035\271%#\375\245\314.""\373\330&\3746""; networkTime: 803902480; firstSeq: 1; lastSeq: 7; "
1750587280007,1750587280007,615,1,0,2,TMStatusChange,"newEvent: neACCEPTED_LEDGER; ledgerSeq: 8; ledgerHash: ""\237\231\311\371Y@""\177>\241""\310\233r\315\210Z\003g\334\034\021\305\3353Q\035\224\200\224\347\257""; ledgerHashPrevious: ""\311\347s\234ae\204\263\365U\334\372D\354\345\276\201f\035\271%#\375\245\314.""\373\330&\3746""; networkTime: 803902480; firstSeq: 1; lastSeq: 7; ","newEvent: neACCEPTED_LEDGER; ledgerSeq: 8; ledgerHash: ""\237\231\311\371Y@""\177>\241""\310\233r\315\210Z\003g\334\034\021\305\3353Q\035\224\200\224\347\257""; ledgerHashPrevious: ""\311\347s\234ae\204\263\365U\334\372D\354\345\276\201f\035\271%#\375\245\314.""\373\330&\3746""; networkTime: 803902480; firstSeq: 1; lastSeq: 7; "
1750587280007,1750587280007,3150,1,0,3,TMStatusChange,"newEvent: neACCEPTED_LEDGER; ledgerSeq: 8; ledgerHash: ""\237\231\311\371Y@""\177>\241""\310\233r\315\210Z\003g\334\034\021\305\3353Q\035\224\200\224\347\257""; ledgerHashPrevious: ""\311\347s\234ae\204\263\365U\334\372D\354\345\276\201f\035\271%#\375\245\314.""\373\330&\3746""; networkTime: 803902480; firstSeq: 1; lastSeq: 7; ","newEvent: neACCEPTED_LEDGER; ledgerSeq: 8; ledgerHash: ""\237\231\311\371Y@""\177>\241""\310\233r\315\210Z\003g\334\034\021\305\3353Q\035\224\200\224\347\257""; ledgerHashPrevious: ""\311\347s\234ae\204\263\365U\334\372D\354\345\276\201f\035\271%#\375\245\314.""\373\330&\3746""; networkTime: 803902480; firstSeq: 1; lastSeq: 7; "
1750587280007,1750587280008,3563,1,0,2,TMValidation,"validation: """"\200\000\000\001&\000\000\000\010)/\352\224\017:I\203w\200\211\SGQ\237\231\311\371Y@""\177>\241""\310\233r\315\210Z\003g\334\034\021\305\3353Q\035\224\200\224\347\257P\027\r!N\267\203~\313a\272~\344A\332\034\332r\\301\240a\307\341\261(c(\021\265B\030@(P\031\311\347s\234ae\204\263\365U\334\372D\354\345\276\201f\035\271%#\375\245\314.""\373\330&\3746s!\002\347\243J\206W\025ML\260\226\0163\217\250\337\325W\253\356*O\245Z\271\234\207C\274\375`\335\311vG0E\002!\000\276\263b]\250\331\245\342\334\022\303E#\364\326\361\037\237\022\204\323]\036t\253p\267\206\3237\341\376\002 N9\020y[\221\237\265\307\221*\375\240Y\251\367\235\266\244Xr\223\\371\2629\355K\310K1\t""; ","validation: """"\200\000\000\001&\000\000\000\010)/\352\224\017:I\203w\200\211\SGQ\237\231\311\371Y@""\177>\241""\310\233r\315\210Z\003g\334\034\021\305\3353Q\035\224\200\224\347\257P\027\r!N\267\203~\313a\272~\344A\332\034\332r\\301\240a\307\341\261(c(\021\265B\030@(P\031\311\347s\234ae\204\263\365U\334\372D\354\345\276\201f\035\271%#\375\245\314.""\373\330&\3746s!\002\347\243J\206W\025ML\260\226\0163\217\250\337\325W\253\356*O\245Z\271\234\207C\274\375`\335\311vG0E\002!\000\276\263b]\250\331\245\342\334\022\303E#\364\326\361\037\237\022\204\323]\036t\253p\267\206\3237\341\376\002 N9\020y[\221\237\265\307\221*\375\240Y\251\367\235\266\244Xr\223\\371\2629\355K\310K1\t""; "
1750587280010,1750587280010,2655,1,1,0,TMLedgerData,"ledgerHash: ""\007\347lg\346B\270\350\352\375\266\371?(\361\364\365I|\375\262>\230(\333\250\331\007\360U\024\027""; ledgerSeq: 0; type: liTS_CANDIDATE; nodes {;   nodedata: ""\003S\n\235\2624\346\340\377asq\337\223T\316nL\232)C!\360\245\205[L\224\\351\351\000\003"";   nodeid: ""\000\000\000\000\000\000\000\000\000\000\000\000\000\000\000\000\000\000\000\000\000\000\000\000\000\000\000\000\000\000\000\000\000""; }; ","ledgerHash: ""\007\347lg\346B\270\350\352\375\266\371?(\361\364\365I|\375\262>\230(\333\250\331\007\360U\024\027""; ledgerSeq: 0; type: liTS_CANDIDATE; nodes {;   nodedata: ""\003S\n\235\2624\346\340\377asq\337\223T\316nL\232)C!\360\245\205[L\224\\351\351\000\003"";   nodeid: ""\000\000\000\000\000\000\000\000\000\000\000\000\000\000\000\000\000\000\000\000\000\000\000\000\000\000\000\000\000\000\000\000\000""; }; "
1750587280022,1750587280023,2142,1,3,1,TMGetLedger,"itype: liTS_CANDIDATE; ledgerHash: ""\007\347lg\346B\270\350\352\375\266\371?(\361\364\365I|\375\262>\230(\333\250\331\007\360U\024\027""; nodeIDs: ""\000\000\000\000\000\000\000\000\000\000\000\000\000\000\000\000\000\000\000\000\000\000\000\000\000\000\000\000\000\000\000\000\000""; queryType: qtINDIRECT; queryDepth: 3; ","itype: liTS_CANDIDATE; ledgerHash: ""\007\347lg\346B\270\350\352\375\266\371?(\361\364\365I|\375\262>\230(\333\250\331\007\360U\024\027""; nodeIDs: ""\000\000\000\000\000\000\000\000\000\000\000\000\000\000\000\000\000\000\000\000\000\000\000\000\000\000\000\000\000\000\000\000\000""; queryType: qtINDIRECT; queryDepth: 3; "
1750587280023,1750587280023,3118,1,3,4,TMGetLedger,"itype: liTS_CANDIDATE; ledgerHash: ""\007\347lg\346B\270\350\352\375\266\371?(\361\364\365I|\375\262>\230(\333\250\331\007\360U\024\027""; nodeIDs: ""\000\000\000\000\000\000\000\000\000\000\000\000\000\000\000\000\000\000\000\000\000\000\000\000\000\000\000\000\000\000\000\000\000""; queryType: qtINDIRECT; queryDepth: 3; ","itype: liTS_CANDIDATE; ledgerHash: ""\007\347lg\346B\270\350\352\375\266\371?(\361\364\365I|\375\262>\230(\333\250\331\007\360U\024\027""; nodeIDs: ""\000\000\000\000\000\000\000\000\000\000\000\000\000\000\000\000\000\000\000\000\000\000\000\000\000\000\000\000\000\000\000\000\000""; queryType: qtINDIRECT; queryDepth: 3; "
1750587280023,1750587280023,1136,1,3,0,TMGetLedger,"itype: liTS_CANDIDATE; ledgerHash: ""\007\347lg\346B\270\350\352\375\266\371?(\361\364\365I|\375\262>\230(\333\250\331\007\360U\024\027""; nodeIDs: ""\000\000\000\000\000\000\000\000\000\000\000\000\000\000\000\000\000\000\000\000\000\000\000\000\000\000\000\000\000\000\000\000\000""; queryType: qtINDIRECT; queryDepth: 3; ","itype: liTS_CANDIDATE; ledgerHash: ""\007\347lg\346B\270\350\352\375\266\371?(\361\364\365I|\375\262>\230(\333\250\331\007\360U\024\027""; nodeIDs: ""\000\000\000\000\000\000\000\000\000\000\000\000\000\000\000\000\000\000\000\000\000\000\000\000\000\000\000\000\000\000\000\000\000""; queryType: qtINDIRECT; queryDepth: 3; "
1750587280024,1750587280024,1590,1,3,2,TMGetLedger,"itype: liTS_CANDIDATE; ledgerHash: ""\007\347lg\346B\270\350\352\375\266\371?(\361\364\365I|\375\262>\230(\333\250\331\007\360U\024\027""; nodeIDs: ""\000\000\000\000\000\000\000\000\000\000\000\000\000\000\000\000\000\000\000\000\000\000\000\000\000\000\000\000\000\000\000\000\000""; queryType: qtINDIRECT; queryDepth: 3; ","itype: liTS_CANDIDATE; ledgerHash: ""\007\347lg\346B\270\350\352\375\266\371?(\361\364\365I|\375\262>\230(\333\250\331\007\360U\024\027""; nodeIDs: ""\000\000\000\000\000\000\000\000\000\000\000\000\000\000\000\000\000\000\000\000\000\000\000\000\000\000\000\000\000\000\000\000\000""; queryType: qtINDIRECT; queryDepth: 3; "
1750587280033,1750587280033,2472,1,1,2,TMLedgerData,"ledgerHash: ""\r!N\267\203~\313a\272~\344A\332\034\332r\\301\240a\307\341\261(c(\021\265B\030@(""; ledgerSeq: 0; type: liTS_CANDIDATE; nodes {;   nodedata: ""\247\272\246\2214\014W1\360z\262\252=\343\207'\275\266;\016\021\306\330\030\225\023\357\272\353\200x\221\n\003"";   nodeid: ""\000\000\000\000\000\000\000\000\000\000\000\000\000\000\000\000\000\000\000\000\000\000\000\000\000\000\000\000\000\000\000\000\000""; }; ","ledgerHash: ""\r!N\267\203~\313a\272~\344A\332\034\332r\\301\240a\307\341\261(c(\021\265B\030@(""; ledgerSeq: 0; type: liTS_CANDIDATE; nodes {;   nodedata: ""\247\272\246\2214\014W1\360z\262\252=\343\207'\275\266;\016\021\306\330\030\225\023\357\272\353\200x\221\n\003"";   nodeid: ""\000\000\000\000\000\000\000\000\000\000\000\000\000\000\000\000\000\000\000\000\000\000\000\000\000\000\000\000\000\000\000\000\000""; }; "
1750587280049,1750587280050,779,1,0,3,TMValidation,"validation: """"\200\000\000\001&\000\000\000\010)/\352\224\017:I\203w\200\211\SGQ\237\231\311\371Y@""\177>\241""\310\233r\315\210Z\003g\334\034\021\305\3353Q\035\224\200\224\347\257P\027\r!N\267\203~\313a\272~\344A\332\034\332r\\301\240a\307\341\261(c(\021\265B\030@(P\031\311\347s\234ae\204\263\365U\334\372D\354\345\276\201f\035\271%#\375\245\314.""\373\330&\3746s!\002\347\243J\206W\025ML\260\226\0163\217\250\337\325W\253\356*O\245Z\271\234\207C\274\375`\335\311vG0E\002!\000\276\263b]\250\331\245\342\334\022\303E#\364\326\361\037\237\022\204\323]\036t\253p\267\206\3237\341\376\002 N9\020y[\221\237\265\307\221*\375\240Y\251\367\235\266\244Xr\223\\371\2629\355K\310K1\t""; ","validation: """"\200\000\000\001&\000\000\000\010)/\352\224\017:I\203w\200\211\SGQ\237\231\311\371Y@""\177>\241""\310\233r\315\210Z\003g\334\034\021\305\3353Q\035\224\200\224\347\257P\027\r!N\267\203~\313a\272~\344A\332\034\332r\\301\240a\307\341\261(c(\021\265B\030@(P\031\311\347s\234ae\204\263\365U\334\372D\354\345\276\201f\035\271%#\375\245\314.""\373\330&\3746s!\002\347\243J\206W\025ML\260\226\0163\217\250\337\325W\253\356*O\245Z\271\234\207C\274\375`\335\311vG0E\002!\000\276\263b]\250\331\245\342\334\022\303E#\364\326\361\037\237\022\204\323]\036t\253p\267\206\3237\341\376\002 N9\020y[\221\237\265\307\221*\375\240Y\251\367\235\266\244Xr\223\\371\2629\355K\310K1\t""; "
1750587280050,1750587280050,792,1,0,4,TMValidation,"validation: """"\200\000\000\001&\000\000\000\010)/\352\224\017:I\203w\200\211\SGQ\237\231\311\371Y@""\177>\241""\310\233r\315\210Z\003g\334\034\021\305\3353Q\035\224\200\224\347\257P\027\r!N\267\203~\313a\272~\344A\332\034\332r\\301\240a\307\341\261(c(\021\265B\030@(P\031\311\347s\234ae\204\263\365U\334\372D\354\345\276\201f\035\271%#\375\245\314.""\373\330&\3746s!\002\347\243J\206W\025ML\260\226\0163\217\250\337\325W\253\356*O\245Z\271\234\207C\274\375`\335\311vG0E\002!\000\276\263b]\250\331\245\342\334\022\303E#\364\326\361\037\237\022\204\323]\036t\253p\267\206\3237\341\376\002 N9\020y[\221\237\265\307\221*\375\240Y\251\367\235\266\244Xr\223\\371\2629\355K\310K1\t""; ","validation: """"\200\000\000\001&\000\000\000\010)/\352\224\017:I\203w\200\211\SGQ\237\231\311\371Y@""\177>\241""\310\233r\315\210Z\003g\334\034\021\305\3353Q\035\224\200\224\347\257P\027\r!N\267\203~\313a\272~\344A\332\034\332r\\301\240a\307\341\261(c(\021\265B\030@(P\031\311\347s\234ae\204\263\365U\334\372D\354\345\276\201f\035\271%#\375\245\314.""\373\330&\3746s!\002\347\243J\206W\025ML\260\226\0163\217\250\337\325W\253\356*O\245Z\271\234\207C\274\375`\335\311vG0E\002!\000\276\263b]\250\331\245\342\334\022\303E#\364\326\361\037\237\022\204\323]\036t\253p\267\206\3237\341\376\002 N9\020y[\221\237\265\307\221*\375\240Y\251\367\235\266\244Xr\223\\371\2629\355K\310K1\t""; "
1750587280050,1750587280050,2684,1,0,1,TMValidation,"validation: """"\200\000\000\001&\000\000\000\010)/\352\224\017:I\203w\200\211\SGQ\237\231\311\371Y@""\177>\241""\310\233r\315\210Z\003g\334\034\021\305\3353Q\035\224\200\224\347\257P\027\r!N\267\203~\313a\272~\344A\332\034\332r\\301\240a\307\341\261(c(\021\265B\030@(P\031\311\347s\234ae\204\263\365U\334\372D\354\345\276\201f\035\271%#\375\245\314.""\373\330&\3746s!\002\347\243J\206W\025ML\260\226\0163\217\250\337\325W\253\356*O\245Z\271\234\207C\274\375`\335\311vG0E\002!\000\276\263b]\250\331\245\342\334\022\303E#\364\326\361\037\237\022\204\323]\036t\253p\267\206\3237\341\376\002 N9\020y[\221\237\265\307\221*\375\240Y\251\367\235\266\244Xr\223\\371\2629\355K\310K1\t""; ","validation: """"\200\000\000\001&\000\000\000\010)/\352\224\017:I\203w\200\211\SGQ\237\231\311\371Y@""\177>\241""\310\233r\315\210Z\003g\334\034\021\305\3353Q\035\224\200\224\347\257P\027\r!N\267\203~\313a\272~\344A\332\034\332r\\301\240a\307\341\261(c(\021\265B\030@(P\031\311\347s\234ae\204\263\365U\334\372D\354\345\276\201f\035\271%#\375\245\314.""\373\330&\3746s!\002\347\243J\206W\025ML\260\226\0163\217\250\337\325W\253\356*O\245Z\271\234\207C\274\375`\335\311vG0E\002!\000\276\263b]\250\331\245\342\334\022\303E#\364\326\361\037\237\022\204\323]\036t\253p\267\206\3237\341\376\002 N9\020y[\221\237\265\307\221*\375\240Y\251\367\235\266\244Xr\223\\371\2629\355K\310K1\t""; "
1750587280053,1750587280053,3414,1,0,2,TMGetLedger,"itype: liTS_CANDIDATE; ledgerHash: ""b\001;\355\\351h\305\360*\252j\2470\334[#|\313\3606\207\210\245\372\217RX\333g`K""; nodeIDs: ""\000\000\000\000\000\000\000\000\000\000\000\000\000\000\000\000\000\000\000\000\000\000\000\000\000\000\000\000\000\000\000\000\000""; queryType: qtINDIRECT; queryDepth: 3; ","itype: liTS_CANDIDATE; ledgerHash: ""b\001;\355\\351h\305\360*\252j\2470\334[#|\313\3606\207\210\245\372\217RX\333g`K""; nodeIDs: ""\000\000\000\000\000\000\000\000\000\000\000\000\000\000\000\000\000\000\000\000\000\000\000\000\000\000\000\000\000\000\000\000\000""; queryType: qtINDIRECT; queryDepth: 3; "
1750587280056,1750587280056,1764,1,0,3,TMGetLedger,"itype: liTS_CANDIDATE; ledgerHash: ""b\001;\355\\351h\305\360*\252j\2470\334[#|\313\3606\207\210\245\372\217RX\333g`K""; nodeIDs: ""\000\000\000\000\000\000\000\000\000\000\000\000\000\000\000\000\000\000\000\000\000\000\000\000\000\000\000\000\000\000\000\000\000""; queryType: qtINDIRECT; queryDepth: 3; ","itype: liTS_CANDIDATE; ledgerHash: ""b\001;\355\\351h\305\360*\252j\2470\334[#|\313\3606\207\210\245\372\217RX\333g`K""; nodeIDs: ""\000\000\000\000\000\000\000\000\000\000\000\000\000\000\000\000\000\000\000\000\000\000\000\000\000\000\000\000\000\000\000\000\000""; queryType: qtINDIRECT; queryDepth: 3; "
1750587280056,1750587280056,1466,1,0,4,TMGetLedger,"itype: liTS_CANDIDATE; ledgerHash: ""b\001;\355\\351h\305\360*\252j\2470\334[#|\313\3606\207\210\245\372\217RX\333g`K""; nodeIDs: ""\000\000\000\000\000\000\000\000\000\000\000\000\000\000\000\000\000\000\000\000\000\000\000\000\000\000\000\000\000\000\000\000\000""; queryType: qtINDIRECT; queryDepth: 3; ","itype: liTS_CANDIDATE; ledgerHash: ""b\001;\355\\351h\305\360*\252j\2470\334[#|\313\3606\207\210\245\372\217RX\333g`K""; nodeIDs: ""\000\000\000\000\000\000\000\000\000\000\000\000\000\000\000\000\000\000\000\000\000\000\000\000\000\000\000\000\000\000\000\000\000""; queryType: qtINDIRECT; queryDepth: 3; "
1750587280056,1750587280057,393,1,0,1,TMGetLedger,"itype: liTS_CANDIDATE; ledgerHash: ""b\001;\355\\351h\305\360*\252j\2470\334[#|\313\3606\207\210\245\372\217RX\333g`K""; nodeIDs: ""\000\000\000\000\000\000\000\000\000\000\000\000\000\000\000\000\000\000\000\000\000\000\000\000\000\000\000\000\000\000\000\000\000""; queryType: qtINDIRECT; queryDepth: 3; ","itype: liTS_CANDIDATE; ledgerHash: ""b\001;\355\\351h\305\360*\252j\2470\334[#|\313\3606\207\210\245\372\217RX\333g`K""; nodeIDs: ""\000\000\000\000\000\000\000\000\000\000\000\000\000\000\000\000\000\000\000\000\000\000\000\000\000\000\000\000\000\000\000\000\000""; queryType: qtINDIRECT; queryDepth: 3; "
1750587280057,1750587280057,499,1,2,4,TMGetLedger,"itype: liBASE; ledgerHash: ""\354@[\274\202\021\202\373Vi\243\n\325\250\005e\360""m\346'\311@\343\016$L\346\334\360<w""; requestCookie: 3; queryType: qtINDIRECT; ","itype: liBASE; ledgerHash: ""\354@[\274\202\021\202\373Vi\243\n\325\250\005e\360""m\346'\311@\343\016$L\346\334\360<w""; requestCookie: 3; queryType: qtINDIRECT; "
1750587280057,1750587280057,2655,1,1,0,TMLedgerData,"ledgerHash: ""\007\347lg\346B\270\350\352\375\266\371?(\361\364\365I|\375\262>\230(\333\250\331\007\360U\024\027""; ledgerSeq: 0; type: liTS_CANDIDATE; nodes {;   nodedata: ""\003S\n\235\2624\346\340\377asq\337\223T\316nL\232)C!\360\245\205[L\224\\351\351\000\003"";   nodeid: ""\000\000\000\000\000\000\000\000\000\000\000\000\000\000\000\000\000\000\000\000\000\000\000\000\000\000\000\000\000\000\000\000\000""; }; requestCookie: 4; ","ledgerHash: ""\007\347lg\346B\270\350\352\375\266\371?(\361\364\365I|\375\262>\230(\333\250\331\007\360U\024\027""; ledgerSeq: 0; type: liTS_CANDIDATE; nodes {;   nodedata: ""\003S\n\235\2624\346\340\377asq\337\223T\316nL\232)C!\360\245\205[L\224\\351\351\000\003"";   nodeid: ""\000\000\000\000\000\000\000\000\000\000\000\000\000\000\000\000\000\000\000\000\000\000\000\000\000\000\000\000\000\000\000\000\000""; }; requestCookie: 4; "
1750587280058,1750587280058,3792,1,0,1,TMLedgerData,"ledgerHash: ""\r!N\267\203~\313a\272~\344A\332\034\332r\\301\240a\307\341\261(c(\021\265B\030@(""; ledgerSeq: 0; type: liTS_CANDIDATE; nodes {;   nodedata: ""\247\272\246\2214\014W1\360z\262\252=\343\207'\275\266;\016\021\306\330\030\225\023\357\272\353\200x\221\n\003"";   nodeid: ""\000\000\000\000\000\000\000\000\000\000\000\000\000\000\000\000\000\000\000\000\000\000\000\000\000\000\000\000\000\000\000\000\000""; }; ","ledgerHash: ""\r!N\267\203~\313a\272~\344A\332\034\332r\\301\240a\307\341\261(c(\021\265B\030@(""; ledgerSeq: 0; type: liTS_CANDIDATE; nodes {;   nodedata: ""\247\272\246\2214\014W1\360z\262\252=\343\207'\275\266;\016\021\306\330\030\225\023\357\272\353\200x\221\n\003"";   nodeid: ""\000\000\000\000\000\000\000\000\000\000\000\000\000\000\000\000\000\000\000\000\000\000\000\000\000\000\000\000\000\000\000\000\000""; }; "
1750587280061,1750587280062,1435,1,4,1,TMLedgerData,"ledgerHash: ""\r!N\267\203~\313a\272~\344A\332\034\332r\\301\240a\307\341\261(c(\021\265B\030@(""; ledgerSeq: 0; type: liTS_CANDIDATE; nodes {;   nodedata: ""\247\272\246\2214\014W1\360z\262\252=\343\207'\275\266;\016\021\306\330\030\225\023\357\272\353\200x\221\n\003"";   nodeid: ""\000\000\000\000\000\000\000\000\000\000\000\000\000\000\000\000\000\000\000\000\000\000\000\000\000\000\000\000\000\000\000\000\000""; }; ","ledgerHash: ""\r!N\267\203~\313a\272~\344A\332\034\332r\\301\240a\307\341\261(c(\021\265B\030@(""; ledgerSeq: 0; type: liTS_CANDIDATE; nodes {;   nodedata: ""\247\272\246\2214\014W1\360z\262\252=\343\207'\275\266;\016\021\306\330\030\225\023\357\272\353\200x\221\n\003"";   nodeid: ""\000\000\000\000\000\000\000\000\000\000\000\000\000\000\000\000\000\000\000\000\000\000\000\000\000\000\000\000\000\000\000\000\000""; }; "
1750587280075,1750587280075,1582,1,2,0,TMGetLedger,"itype: liTS_CANDIDATE; ledgerHash: ""\r!N\267\203~\313a\272~\344A\332\034\332r\\301\240a\307\341\261(c(\021\265B\030@(""; nodeIDs: ""\000\000\000\000\000\000\000\000\000\000\000\000\000\000\000\000\000\000\000\000\000\000\000\000\000\000\000\000\000\000\000\000\000""; requestCookie: 5; queryType: qtINDIRECT; queryDepth: 3; ","itype: liTS_CANDIDATE; ledgerHash: ""\r!N\267\203~\313a\272~\344A\332\034\332r\\301\240a\307\341\261(c(\021\265B\030@(""; nodeIDs: ""\000\000\000\000\000\000\000\000\000\000\000\000\000\000\000\000\000\000\000\000\000\000\000\000\000\000\000\000\000\000\000\000\000""; requestCookie: 5; queryType: qtINDIRECT; queryDepth: 3; "
1750587280081,1750587280081,557,1,4,1,TMGetLedger,"itype: liTS_CANDIDATE; ledgerHash: ""\007\347lg\346B\270\350\352\375\266\371?(\361\364\365I|\375\262>\230(\333\250\331\007\360U\024\027""; nodeIDs: ""\000\000\000\000\000\000\000\000\000\000\000\000\000\000\000\000\000\000\000\000\000\000\000\000\000\000\000\000\000\000\000\000\000""; requestCookie: 1; queryType: qtINDIRECT; queryDepth: 3; ","itype: liTS_CANDIDATE; ledgerHash: ""\007\347lg\346B\270\350\352\375\266\371?(\361\364\365I|\375\262>\230(\333\250\331\007\360U\024\027""; nodeIDs: ""\000\000\000\000\000\000\000\000\000\000\000\000\000\000\000\000\000\000\000\000\000\000\000\000\000\000\000\000\000\000\000\000\000""; requestCookie: 1; queryType: qtINDIRECT; queryDepth: 3; "
1750587280082,1750587280082,2472,1,1,2,TMLedgerData,"ledgerHash: ""\007\347lg\346B\270\350\352\375\266\371?(\361\364\365I|\375\262>\230(\333\250\331\007\360U\024\027""; ledgerSeq: 0; type: liTS_CANDIDATE; nodes {;   nodedata: ""\003S\n\235\2624\346\340\377asq\337\223T\316nL\232)C!\360\245\205[L\224\\351\351\000\003"";   nodeid: ""\000\000\000\000\000\000\000\000\000\000\000\000\000\000\000\000\000\000\000\000\000\000\000\000\000\000\000\000\000\000\000\000\000""; }; ","ledgerHash: ""\007\347lg\346B\270\350\352\375\266\371?(\361\364\365I|\375\262>\230(\333\250\331\007\360U\024\027""; ledgerSeq: 0; type: liTS_CANDIDATE; nodes {;   nodedata: ""\003S\n\235\2624\346\340\377asq\337\223T\316nL\232)C!\360\245\205[L\224\\351\351\000\003"";   nodeid: ""\000\000\000\000\000\000\000\000\000\000\000\000\000\000\000\000\000\000\000\000\000\000\000\000\000\000\000\000\000\000\000\000\000""; }; "
1750587280109,1750587280110,3914,1,4,3,TMGetLedger,"itype: liBASE; ledgerHash: ""\237\231\311\371Y@""\177>\241""\310\233r\315\210Z\003g\334\034\021\305\3353Q\035\224\200\224\347\257""; requestCookie: 3; queryType: qtINDIRECT; ","itype: liBASE; ledgerHash: ""\237\231\311\371Y@""\177>\241""\310\233r\315\210Z\003g\334\034\021\305\3353Q\035\224\200\224\347\257""; requestCookie: 3; queryType: qtINDIRECT; "
1750587280113,1750587280113,342,1,2,1,TMGetLedger,"itype: liTS_CANDIDATE; ledgerHash: ""\007\347lg\346B\270\350\352\375\266\371?(\361\364\365I|\375\262>\230(\333\250\331\007\360U\024\027""; nodeIDs: ""\000\000\000\000\000\000\000\000\000\000\000\000\000\000\000\000\000\000\000\000\000\000\000\000\000\000\000\000\000\000\000\000\000""; requestCookie: 4; queryType: qtINDIRECT; queryDepth: 3; ","itype: liTS_CANDIDATE; ledgerHash: ""\007\347lg\346B\270\350\352\375\266\371?(\361\364\365I|\375\262>\230(\333\250\331\007\360U\024\027""; nodeIDs: ""\000\000\000\000\000\000\000\000\000\000\000\000\000\000\000\000\000\000\000\000\000\000\000\000\000\000\000\000\000\000\000\000\000""; requestCookie: 4; queryType: qtINDIRECT; queryDepth: 3; "
1750587280115,1750587280115,393,1,0,1,TMGetLedger,"itype: liTS_CANDIDATE; ledgerHash: ""\007\347lg\346B\270\350\352\375\266\371?(\361\364\365I|\375\262>\230(\333\250\331\007\360U\024\027""; nodeIDs: ""\000\000\000\000\000\000\000\000\000\000\000\000\000\000\000\000\000\000\000\000\000\000\000\000\000\000\000\000\000\000\000\000\000""; queryType: qtINDIRECT; queryDepth: 3; ","itype: liTS_CANDIDATE; ledgerHash: ""\007\347lg\346B\270\350\352\375\266\371?(\361\364\365I|\375\262>\230(\333\250\331\007\360U\024\027""; nodeIDs: ""\000\000\000\000\000\000\000\000\000\000\000\000\000\000\000\000\000\000\000\000\000\000\000\000\000\000\000\000\000\000\000\000\000""; queryType: qtINDIRECT; queryDepth: 3; "
1750587280116,1750587280116,3414,1,0,2,TMGetLedger,"itype: liTS_CANDIDATE; ledgerHash: ""\007\347lg\346B\270\350\352\375\266\371?(\361\364\365I|\375\262>\230(\333\250\331\007\360U\024\027""; nodeIDs: ""\000\000\000\000\000\000\000\000\000\000\000\000\000\000\000\000\000\000\000\000\000\000\000\000\000\000\000\000\000\000\000\000\000""; queryType: qtINDIRECT; queryDepth: 3; ","itype: liTS_CANDIDATE; ledgerHash: ""\007\347lg\346B\270\350\352\375\266\371?(\361\364\365I|\375\262>\230(\333\250\331\007\360U\024\027""; nodeIDs: ""\000\000\000\000\000\000\000\000\000\000\000\000\000\000\000\000\000\000\000\000\000\000\000\000\000\000\000\000\000\000\000\000\000""; queryType: qtINDIRECT; queryDepth: 3; "
1750587280115,1750587280115,1466,1,0,4,TMGetLedger,"itype: liTS_CANDIDATE; ledgerHash: ""\007\347lg\346B\270\350\352\375\266\371?(\361\364\365I|\375\262>\230(\333\250\331\007\360U\024\027""; nodeIDs: ""\000\000\000\000\000\000\000\000\000\000\000\000\000\000\000\000\000\000\000\000\000\000\000\000\000\000\000\000\000\000\000\000\000""; queryType: qtINDIRECT; queryDepth: 3; ","itype: liTS_CANDIDATE; ledgerHash: ""\007\347lg\346B\270\350\352\375\266\371?(\361\364\365I|\375\262>\230(\333\250\331\007\360U\024\027""; nodeIDs: ""\000\000\000\000\000\000\000\000\000\000\000\000\000\000\000\000\000\000\000\000\000\000\000\000\000\000\000\000\000\000\000\000\000""; queryType: qtINDIRECT; queryDepth: 3; "
1750587280116,1750587280116,1764,1,0,3,TMGetLedger,"itype: liTS_CANDIDATE; ledgerHash: ""\007\347lg\346B\270\350\352\375\266\371?(\361\364\365I|\375\262>\230(\333\250\331\007\360U\024\027""; nodeIDs: ""\000\000\000\000\000\000\000\000\000\000\000\000\000\000\000\000\000\000\000\000\000\000\000\000\000\000\000\000\000\000\000\000\000""; queryType: qtINDIRECT; queryDepth: 3; ","itype: liTS_CANDIDATE; ledgerHash: ""\007\347lg\346B\270\350\352\375\266\371?(\361\364\365I|\375\262>\230(\333\250\331\007\360U\024\027""; nodeIDs: ""\000\000\000\000\000\000\000\000\000\000\000\000\000\000\000\000\000\000\000\000\000\000\000\000\000\000\000\000\000\000\000\000\000""; queryType: qtINDIRECT; queryDepth: 3; "
1750587280124,1750587280124,3792,1,0,1,TMLedgerData,"ledgerHash: ""\r!N\267\203~\313a\272~\344A\332\034\332r\\301\240a\307\341\261(c(\021\265B\030@(""; ledgerSeq: 0; type: liTS_CANDIDATE; nodes {;   nodedata: ""\247\272\246\2214\014W1\360z\262\252=\343\207'\275\266;\016\021\306\330\030\225\023\357\272\353\200x\221\n\003"";   nodeid: ""\000\000\000\000\000\000\000\000\000\000\000\000\000\000\000\000\000\000\000\000\000\000\000\000\000\000\000\000\000\000\000\000\000""; }; requestCookie: 3; ","ledgerHash: ""\r!N\267\203~\313a\272~\344A\332\034\332r\\301\240a\307\341\261(c(\021\265B\030@(""; ledgerSeq: 0; type: liTS_CANDIDATE; nodes {;   nodedata: ""\247\272\246\2214\014W1\360z\262\252=\343\207'\275\266;\016\021\306\330\030\225\023\357\272\353\200x\221\n\003"";   nodeid: ""\000\000\000\000\000\000\000\000\000\000\000\000\000\000\000\000\000\000\000\000\000\000\000\000\000\000\000\000\000\000\000\000\000""; }; requestCookie: 3; "
1750587280129,1750587280130,2142,1,3,1,TMGetLedger,"itype: liTS_CANDIDATE; ledgerHash: ""\007\347lg\346B\270\350\352\375\266\371?(\361\364\365I|\375\262>\230(\333\250\331\007\360U\024\027""; nodeIDs: ""\000\000\000\000\000\000\000\000\000\000\000\000\000\000\000\000\000\000\000\000\000\000\000\000\000\000\000\000\000\000\000\000\000""; requestCookie: 2; queryType: qtINDIRECT; queryDepth: 3; ","itype: liTS_CANDIDATE; ledgerHash: ""\007\347lg\346B\270\350\352\375\266\371?(\361\364\365I|\375\262>\230(\333\250\331\007\360U\024\027""; nodeIDs: ""\000\000\000\000\000\000\000\000\000\000\000\000\000\000\000\000\000\000\000\000\000\000\000\000\000\000\000\000\000\000\000\000\000""; requestCookie: 2; queryType: qtINDIRECT; queryDepth: 3; "
1750587280154,1750587280154,3898,1,2,3,TMGetLedger,"itype: liTS_CANDIDATE; ledgerHash: ""\r!N\267\203~\313a\272~\344A\332\034\332r\\301\240a\307\341\261(c(\021\265B\030@(""; nodeIDs: ""\000\000\000\000\000\000\000\000\000\000\000\000\000\000\000\000\000\000\000\000\000\000\000\000\000\000\000\000\000\000\000\000\000""; requestCookie: 3; queryType: qtINDIRECT; queryDepth: 3; ","itype: liTS_CANDIDATE; ledgerHash: ""\r!N\267\203~\313a\272~\344A\332\034\332r\\301\240a\307\341\261(c(\021\265B\030@(""; nodeIDs: ""\000\000\000\000\000\000\000\000\000\000\000\000\000\000\000\000\000\000\000\000\000\000\000\000\000\000\000\000\000\000\000\000\000""; requestCookie: 3; queryType: qtINDIRECT; queryDepth: 3; "
1750587280166,1750587280166,393,1,0,1,TMGetLedger,"itype: liTS_CANDIDATE; ledgerHash: ""\007\347lg\346B\270\350\352\375\266\371?(\361\364\365I|\375\262>\230(\333\250\331\007\360U\024\027""; nodeIDs: ""\000\000\000\000\000\000\000\000\000\000\000\000\000\000\000\000\000\000\000\000\000\000\000\000\000\000\000\000\000\000\000\000\000""; requestCookie: 4; queryType: qtINDIRECT; queryDepth: 3; ","itype: liTS_CANDIDATE; ledgerHash: ""\007\347lg\346B\270\350\352\375\266\371?(\361\364\365I|\375\262>\230(\333\250\331\007\360U\024\027""; nodeIDs: ""\000\000\000\000\000\000\000\000\000\000\000\000\000\000\000\000\000\000\000\000\000\000\000\000\000\000\000\000\000\000\000\000\000""; requestCookie: 4; queryType: qtINDIRECT; queryDepth: 3; "
1750587280191,1750587280191,342,1,2,1,TMGetLedger,"itype: liTS_CANDIDATE; ledgerHash: ""\r!N\267\203~\313a\272~\344A\332\034\332r\\301\240a\307\341\261(c(\021\265B\030@(""; nodeIDs: ""\000\000\000\000\000\000\000\000\000\000\000\000\000\000\000\000\000\000\000\000\000\000\000\000\000\000\000\000\000\000\000\000\000""; queryType: qtINDIRECT; queryDepth: 3; ","itype: liTS_CANDIDATE; ledgerHash: ""\r!N\267\203~\313a\272~\344A\332\034\332r\\301\240a\307\341\261(c(\021\265B\030@(""; nodeIDs: ""\000\000\000\000\000\000\000\000\000\000\000\000\000\000\000\000\000\000\000\000\000\000\000\000\000\000\000\000\000\000\000\000\000""; queryType: qtINDIRECT; queryDepth: 3; "
1750587280191,1750587280191,3898,1,2,3,TMGetLedger,"itype: liTS_CANDIDATE; ledgerHash: ""\r!N\267\203~\313a\272~\344A\332\034\332r\\301\240a\307\341\261(c(\021\265B\030@(""; nodeIDs: ""\000\000\000\000\000\000\000\000\000\000\000\000\000\000\000\000\000\000\000\000\000\000\000\000\000\000\000\000\000\000\000\000\000""; queryType: qtINDIRECT; queryDepth: 3; ","itype: liTS_CANDIDATE; ledgerHash: ""\r!N\267\203~\313a\272~\344A\332\034\332r\\301\240a\307\341\261(c(\021\265B\030@(""; nodeIDs: ""\000\000\000\000\000\000\000\000\000\000\000\000\000\000\000\000\000\000\000\000\000\000\000\000\000\000\000\000\000\000\000\000\000""; queryType: qtINDIRECT; queryDepth: 3; "
1750587280191,1750587280191,2792,1,4,2,TMLedgerData,"ledgerHash: ""\r!N\267\203~\313a\272~\344A\332\034\332r\\301\240a\307\341\261(c(\021\265B\030@(""; ledgerSeq: 0; type: liTS_CANDIDATE; nodes {;   nodedata: ""\247\272\246\2214\014W1\360z\262\252=\343\207'\275\266;\016\021\306\330\030\225\023\357\272\353\200x\221\n\003"";   nodeid: ""\000\000\000\000\000\000\000\000\000\000\000\000\000\000\000\000\000\000\000\000\000\000\000\000\000\000\000\000\000\000\000\000\000""; }; ","ledgerHash: ""\r!N\267\203~\313a\272~\344A\332\034\332r\\301\240a\307\341\261(c(\021\265B\030@(""; ledgerSeq: 0; type: liTS_CANDIDATE; nodes {;   nodedata: ""\247\272\246\2214\014W1\360z\262\252=\343\207'\275\266;\016\021\306\330\030\225\023\357\272\353\200x\221\n\003"";   nodeid: ""\000\000\000\000\000\000\000\000\000\000\000\000\000\000\000\000\000\000\000\000\000\000\000\000\000\000\000\000\000\000\000\000\000""; }; "
1750587280191,1750587280192,1582,1,2,0,TMGetLedger,"itype: liTS_CANDIDATE; ledgerHash: ""\r!N\267\203~\313a\272~\344A\332\034\332r\\301\240a\307\341\261(c(\021\265B\030@(""; nodeIDs: ""\000\000\000\000\000\000\000\000\000\000\000\000\000\000\000\000\000\000\000\000\000\000\000\000\000\000\000\000\000\000\000\000\000""; queryType: qtINDIRECT; queryDepth: 3; ","itype: liTS_CANDIDATE; ledgerHash: ""\r!N\267\203~\313a\272~\344A\332\034\332r\\301\240a\307\341\261(c(\021\265B\030@(""; nodeIDs: ""\000\000\000\000\000\000\000\000\000\000\000\000\000\000\000\000\000\000\000\000\000\000\000\000\000\000\000\000\000\000\000\000\000""; queryType: qtINDIRECT; queryDepth: 3; "
1750587280192,1750587280192,499,1,2,4,TMGetLedger,"itype: liTS_CANDIDATE; ledgerHash: ""\r!N\267\203~\313a\272~\344A\332\034\332r\\301\240a\307\341\261(c(\021\265B\030@(""; nodeIDs: ""\000\000\000\000\000\000\000\000\000\000\000\000\000\000\000\000\000\000\000\000\000\000\000\000\000\000\000\000\000\000\000\000\000""; queryType: qtINDIRECT; queryDepth: 3; ","itype: liTS_CANDIDATE; ledgerHash: ""\r!N\267\203~\313a\272~\344A\332\034\332r\\301\240a\307\341\261(c(\021\265B\030@(""; nodeIDs: ""\000\000\000\000\000\000\000\000\000\000\000\000\000\000\000\000\000\000\000\000\000\000\000\000\000\000\000\000\000\000\000\000\000""; queryType: qtINDIRECT; queryDepth: 3; "
1750587280207,1750587280207,1753,1,0,2,TMLedgerData,"ledgerHash: ""\r!N\267\203~\313a\272~\344A\332\034\332r\\301\240a\307\341\261(c(\021\265B\030@(""; ledgerSeq: 0; type: liTS_CANDIDATE; nodes {;   nodedata: ""\247\272\246\2214\014W1\360z\262\252=\343\207'\275\266;\016\021\306\330\030\225\023\357\272\353\200x\221\n\003"";   nodeid: ""\000\000\000\000\000\000\000\000\000\000\000\000\000\000\000\000\000\000\000\000\000\000\000\000\000\000\000\000\000\000\000\000\000""; }; requestCookie: 3; ","ledgerHash: ""\r!N\267\203~\313a\272~\344A\332\034\332r\\301\240a\307\341\261(c(\021\265B\030@(""; ledgerSeq: 0; type: liTS_CANDIDATE; nodes {;   nodedata: ""\247\272\246\2214\014W1\360z\262\252=\343\207'\275\266;\016\021\306\330\030\225\023\357\272\353\200x\221\n\003"";   nodeid: ""\000\000\000\000\000\000\000\000\000\000\000\000\000\000\000\000\000\000\000\000\000\000\000\000\000\000\000\000\000\000\000\000\000""; }; requestCookie: 3; "
1750587280238,1750587280238,499,1,2,4,TMGetLedger,"itype: liTS_CANDIDATE; ledgerHash: ""\007\347lg\346B\270\350\352\375\266\371?(\361\364\365I|\375\262>\230(\333\250\331\007\360U\024\027""; nodeIDs: ""\000\000\000\000\000\000\000\000\000\000\000\000\000\000\000\000\000\000\000\000\000\000\000\000\000\000\000\000\000\000\000\000\000""; queryType: qtINDIRECT; queryDepth: 3; ","itype: liTS_CANDIDATE; ledgerHash: ""\007\347lg\346B\270\350\352\375\266\371?(\361\364\365I|\375\262>\230(\333\250\331\007\360U\024\027""; nodeIDs: ""\000\000\000\000\000\000\000\000\000\000\000\000\000\000\000\000\000\000\000\000\000\000\000\000\000\000\000\000\000\000\000\000\000""; queryType: qtINDIRECT; queryDepth: 3; "
1750587280238,1750587280238,342,1,2,1,TMGetLedger,"itype: liTS_CANDIDATE; ledgerHash: ""\007\347lg\346B\270\350\352\375\266\371?(\361\364\365I|\375\262>\230(\333\250\331\007\360U\024\027""; nodeIDs: ""\000\000\000\000\000\000\000\000\000\000\000\000\000\000\000\000\000\000\000\000\000\000\000\000\000\000\000\000\000\000\000\000\000""; queryType: qtINDIRECT; queryDepth: 3; ","itype: liTS_CANDIDATE; ledgerHash: ""\007\347lg\346B\270\350\352\375\266\371?(\361\364\365I|\375\262>\230(\333\250\331\007\360U\024\027""; nodeIDs: ""\000\000\000\000\000\000\000\000\000\000\000\000\000\000\000\000\000\000\000\000\000\000\000\000\000\000\000\000\000\000\000\000\000""; queryType: qtINDIRECT; queryDepth: 3; "
1750587280238,1750587280238,1582,1,2,0,TMGetLedger,"itype: liTS_CANDIDATE; ledgerHash: ""\007\347lg\346B\270\350\352\375\266\371?(\361\364\365I|\375\262>\230(\333\250\331\007\360U\024\027""; nodeIDs: ""\000\000\000\000\000\000\000\000\000\000\000\000\000\000\000\000\000\000\000\000\000\000\000\000\000\000\000\000\000\000\000\000\000""; queryType: qtINDIRECT; queryDepth: 3; ","itype: liTS_CANDIDATE; ledgerHash: ""\007\347lg\346B\270\350\352\375\266\371?(\361\364\365I|\375\262>\230(\333\250\331\007\360U\024\027""; nodeIDs: ""\000\000\000\000\000\000\000\000\000\000\000\000\000\000\000\000\000\000\000\000\000\000\000\000\000\000\000\000\000\000\000\000\000""; queryType: qtINDIRECT; queryDepth: 3; "
1750587280239,1750587280239,3898,1,2,3,TMGetLedger,"itype: liTS_CANDIDATE; ledgerHash: ""\007\347lg\346B\270\350\352\375\266\371?(\361\364\365I|\375\262>\230(\333\250\331\007\360U\024\027""; nodeIDs: ""\000\000\000\000\000\000\000\000\000\000\000\000\000\000\000\000\000\000\000\000\000\000\000\000\000\000\000\000\000\000\000\000\000""; queryType: qtINDIRECT; queryDepth: 3; ","itype: liTS_CANDIDATE; ledgerHash: ""\007\347lg\346B\270\350\352\375\266\371?(\361\364\365I|\375\262>\230(\333\250\331\007\360U\024\027""; nodeIDs: ""\000\000\000\000\000\000\000\000\000\000\000\000\000\000\000\000\000\000\000\000\000\000\000\000\000\000\000\000\000\000\000\000\000""; queryType: qtINDIRECT; queryDepth: 3; "
1750587280239,1750587280239,557,1,4,1,TMGetLedger,"itype: liTS_CANDIDATE; ledgerHash: ""\007\347lg\346B\270\350\352\375\266\371?(\361\364\365I|\375\262>\230(\333\250\331\007\360U\024\027""; nodeIDs: ""\000\000\000\000\000\000\000\000\000\000\000\000\000\000\000\000\000\000\000\000\000\000\000\000\000\000\000\000\000\000\000\000\000""; requestCookie: 3; queryType: qtINDIRECT; queryDepth: 3; ","itype: liTS_CANDIDATE; ledgerHash: ""\007\347lg\346B\270\350\352\375\266\371?(\361\364\365I|\375\262>\230(\333\250\331\007\360U\024\027""; nodeIDs: ""\000\000\000\000\000\000\000\000\000\000\000\000\000\000\000\000\000\000\000\000\000\000\000\000\000\000\000\000\000\000\000\000\000""; requestCookie: 3; queryType: qtINDIRECT; queryDepth: 3; "
1750587280251,1750587280251,3520,1,3,1,TMLedgerData,"ledgerHash: ""\r!N\267\203~\313a\272~\344A\332\034\332r\\301\240a\307\341\261(c(\021\265B\030@(""; ledgerSeq: 0; type: liTS_CANDIDATE; nodes {;   nodedata: ""\247\272\246\2214\014W1\360z\262\252=\343\207'\275\266;\016\021\306\330\030\225\023\357\272\353\200x\221\n\003"";   nodeid: ""\000\000\000\000\000\000\000\000\000\000\000\000\000\000\000\000\000\000\000\000\000\000\000\000\000\000\000\000\000\000\000\000\000""; }; ","ledgerHash: ""\r!N\267\203~\313a\272~\344A\332\034\332r\\301\240a\307\341\261(c(\021\265B\030@(""; ledgerSeq: 0; type: liTS_CANDIDATE; nodes {;   nodedata: ""\247\272\246\2214\014W1\360z\262\252=\343\207'\275\266;\016\021\306\330\030\225\023\357\272\353\200x\221\n\003"";   nodeid: ""\000\000\000\000\000\000\000\000\000\000\000\000\000\000\000\000\000\000\000\000\000\000\000\000\000\000\000\000\000\000\000\000\000""; }; "
1750587280261,1750587280261,2655,1,1,0,TMLedgerData,"ledgerHash: ""\007\347lg\346B\270\350\352\375\266\371?(\361\364\365I|\375\262>\230(\333\250\331\007\360U\024\027""; ledgerSeq: 0; type: liTS_CANDIDATE; nodes {;   nodedata: ""\003S\n\235\2624\346\340\377asq\337\223T\316nL\232)C!\360\245\205[L\224\\351\351\000\003"";   nodeid: ""\000\000\000\000\000\000\000\000\000\000\000\000\000\000\000\000\000\000\000\000\000\000\000\000\000\000\000\000\000\000\000\000\000""; }; ","ledgerHash: ""\007\347lg\346B\270\350\352\375\266\371?(\361\364\365I|\375\262>\230(\333\250\331\007\360U\024\027""; ledgerSeq: 0; type: liTS_CANDIDATE; nodes {;   nodedata: ""\003S\n\235\2624\346\340\377asq\337\223T\316nL\232)C!\360\245\205[L\224\\351\351\000\003"";   nodeid: ""\000\000\000\000\000\000\000\000\000\000\000\000\000\000\000\000\000\000\000\000\000\000\000\000\000\000\000\000\000\000\000\000\000""; }; "
1750587280273,1750587280273,1136,1,3,0,TMGetLedger,"itype: liTS_CANDIDATE; ledgerHash: ""\007\347lg\346B\270\350\352\375\266\371?(\361\364\365I|\375\262>\230(\333\250\331\007\360U\024\027""; nodeIDs: ""\000\000\000\000\000\000\000\000\000\000\000\000\000\000\000\000\000\000\000\000\000\000\000\000\000\000\000\000\000\000\000\000\000""; queryType: qtINDIRECT; queryDepth: 3; ","itype: liTS_CANDIDATE; ledgerHash: ""\007\347lg\346B\270\350\352\375\266\371?(\361\364\365I|\375\262>\230(\333\250\331\007\360U\024\027""; nodeIDs: ""\000\000\000\000\000\000\000\000\000\000\000\000\000\000\000\000\000\000\000\000\000\000\000\000\000\000\000\000\000\000\000\000\000""; queryType: qtINDIRECT; queryDepth: 3; "
1750587280273,1750587280273,2142,1,3,1,TMGetLedger,"itype: liTS_CANDIDATE; ledgerHash: ""\007\347lg\346B\270\350\352\375\266\371?(\361\364\365I|\375\262>\230(\333\250\331\007\360U\024\027""; nodeIDs: ""\000\000\000\000\000\000\000\000\000\000\000\000\000\000\000\000\000\000\000\000\000\000\000\000\000\000\000\000\000\000\000\000\000""; queryType: qtINDIRECT; queryDepth: 3; ","itype: liTS_CANDIDATE; ledgerHash: ""\007\347lg\346B\270\350\352\375\266\371?(\361\364\365I|\375\262>\230(\333\250\331\007\360U\024\027""; nodeIDs: ""\000\000\000\000\000\000\000\000\000\000\000\000\000\000\000\000\000\000\000\000\000\000\000\000\000\000\000\000\000\000\000\000\000""; queryType: qtINDIRECT; queryDepth: 3; "
1750587280273,1750587280273,3118,1,3,4,TMGetLedger,"itype: liTS_CANDIDATE; ledgerHash: ""\007\347lg\346B\270\350\352\375\266\371?(\361\364\365I|\375\262>\230(\333\250\331\007\360U\024\027""; nodeIDs: ""\000\000\000\000\000\000\000\000\000\000\000\000\000\000\000\000\000\000\000\000\000\000\000\000\000\000\000\000\000\000\000\000\000""; queryType: qtINDIRECT; queryDepth: 3; ","itype: liTS_CANDIDATE; ledgerHash: ""\007\347lg\346B\270\350\352\375\266\371?(\361\364\365I|\375\262>\230(\333\250\331\007\360U\024\027""; nodeIDs: ""\000\000\000\000\000\000\000\000\000\000\000\000\000\000\000\000\000\000\000\000\000\000\000\000\000\000\000\000\000\000\000\000\000""; queryType: qtINDIRECT; queryDepth: 3; "
1750587280273,1750587280274,1590,1,3,2,TMGetLedger,"itype: liTS_CANDIDATE; ledgerHash: ""\007\347lg\346B\270\350\352\375\266\371?(\361\364\365I|\375\262>\230(\333\250\331\007\360U\024\027""; nodeIDs: ""\000\000\000\000\000\000\000\000\000\000\000\000\000\000\000\000\000\000\000\000\000\000\000\000\000\000\000\000\000\000\000\000\000""; queryType: qtINDIRECT; queryDepth: 3; ","itype: liTS_CANDIDATE; ledgerHash: ""\007\347lg\346B\270\350\352\375\266\371?(\361\364\365I|\375\262>\230(\333\250\331\007\360U\024\027""; nodeIDs: ""\000\000\000\000\000\000\000\000\000\000\000\000\000\000\000\000\000\000\000\000\000\000\000\000\000\000\000\000\000\000\000\000\000""; queryType: qtINDIRECT; queryDepth: 3; "
1750587280284,1750587280284,2472,1,1,2,TMLedgerData,"ledgerHash: ""\r!N\267\203~\313a\272~\344A\332\034\332r\\301\240a\307\341\261(c(\021\265B\030@(""; ledgerSeq: 0; type: liTS_CANDIDATE; nodes {;   nodedata: ""\247\272\246\2214\014W1\360z\262\252=\343\207'\275\266;\016\021\306\330\030\225\023\357\272\353\200x\221\n\003"";   nodeid: ""\000\000\000\000\000\000\000\000\000\000\000\000\000\000\000\000\000\000\000\000\000\000\000\000\000\000\000\000\000\000\000\000\000""; }; ","ledgerHash: ""\r!N\267\203~\313a\272~\344A\332\034\332r\\301\240a\307\341\261(c(\021\265B\030@(""; ledgerSeq: 0; type: liTS_CANDIDATE; nodes {;   nodedata: ""\247\272\246\2214\014W1\360z\262\252=\343\207'\275\266;\016\021\306\330\030\225\023\357\272\353\200x\221\n\003"";   nodeid: ""\000\000\000\000\000\000\000\000\000\000\000\000\000\000\000\000\000\000\000\000\000\000\000\000\000\000\000\000\000\000\000\000\000""; }; "
1750587280299,1750587280299,393,1,0,1,TMGetLedger,"itype: liTS_CANDIDATE; ledgerHash: ""b\001;\355\\351h\305\360*\252j\2470\334[#|\313\3606\207\210\245\372\217RX\333g`K""; nodeIDs: ""\000\000\000\000\000\000\000\000\000\000\000\000\000\000\000\000\000\000\000\000\000\000\000\000\000\000\000\000\000\000\000\000\000""; queryType: qtINDIRECT; queryDepth: 3; ","itype: liTS_CANDIDATE; ledgerHash: ""b\001;\355\\351h\305\360*\252j\2470\334[#|\313\3606\207\210\245\372\217RX\333g`K""; nodeIDs: ""\000\000\000\000\000\000\000\000\000\000\000\000\000\000\000\000\000\000\000\000\000\000\000\000\000\000\000\000\000\000\000\000\000""; queryType: qtINDIRECT; queryDepth: 3; "
1750587280299,1750587280300,3414,1,0,2,TMGetLedger,"itype: liTS_CANDIDATE; ledgerHash: ""b\001;\355\\351h\305\360*\252j\2470\334[#|\313\3606\207\210\245\372\217RX\333g`K""; nodeIDs: ""\000\000\000\000\000\000\000\000\000\000\000\000\000\000\000\000\000\000\000\000\000\000\000\000\000\000\000\000\000\000\000\000\000""; queryType: qtINDIRECT; queryDepth: 3; ","itype: liTS_CANDIDATE; ledgerHash: ""b\001;\355\\351h\305\360*\252j\2470\334[#|\313\3606\207\210\245\372\217RX\333g`K""; nodeIDs: ""\000\000\000\000\000\000\000\000\000\000\000\000\000\000\000\000\000\000\000\000\000\000\000\000\000\000\000\000\000\000\000\000\000""; queryType: qtINDIRECT; queryDepth: 3; "
1750587280300,1750587280300,1764,1,0,3,TMGetLedger,"itype: liTS_CANDIDATE; ledgerHash: ""b\001;\355\\351h\305\360*\252j\2470\334[#|\313\3606\207\210\245\372\217RX\333g`K""; nodeIDs: ""\000\000\000\000\000\000\000\000\000\000\000\000\000\000\000\000\000\000\000\000\000\000\000\000\000\000\000\000\000\000\000\000\000""; queryType: qtINDIRECT; queryDepth: 3; ","itype: liTS_CANDIDATE; ledgerHash: ""b\001;\355\\351h\305\360*\252j\2470\334[#|\313\3606\207\210\245\372\217RX\333g`K""; nodeIDs: ""\000\000\000\000\000\000\000\000\000\000\000\000\000\000\000\000\000\000\000\000\000\000\000\000\000\000\000\000\000\000\000\000\000""; queryType: qtINDIRECT; queryDepth: 3; "
1750587280300,1750587280300,1466,1,0,4,TMGetLedger,"itype: liTS_CANDIDATE; ledgerHash: ""b\001;\355\\351h\305\360*\252j\2470\334[#|\313\3606\207\210\245\372\217RX\333g`K""; nodeIDs: ""\000\000\000\000\000\000\000\000\000\000\000\000\000\000\000\000\000\000\000\000\000\000\000\000\000\000\000\000\000\000\000\000\000""; queryType: qtINDIRECT; queryDepth: 3; ","itype: liTS_CANDIDATE; ledgerHash: ""b\001;\355\\351h\305\360*\252j\2470\334[#|\313\3606\207\210\245\372\217RX\333g`K""; nodeIDs: ""\000\000\000\000\000\000\000\000\000\000\000\000\000\000\000\000\000\000\000\000\000\000\000\000\000\000\000\000\000\000\000\000\000""; queryType: qtINDIRECT; queryDepth: 3; "
1750587280304,1750587280304,2655,1,1,0,TMLedgerData,"ledgerHash: ""\007\347lg\346B\270\350\352\375\266\371?(\361\364\365I|\375\262>\230(\333\250\331\007\360U\024\027""; ledgerSeq: 0; type: liTS_CANDIDATE; nodes {;   nodedata: ""\003S\n\235\2624\346\340\377asq\337\223T\316nL\232)C!\360\245\205[L\224\\351\351\000\003"";   nodeid: ""\000\000\000\000\000\000\000\000\000\000\000\000\000\000\000\000\000\000\000\000\000\000\000\000\000\000\000\000\000\000\000\000\000""; }; requestCookie: 4; ","ledgerHash: ""\007\347lg\346B\270\350\352\375\266\371?(\361\364\365I|\375\262>\230(\333\250\331\007\360U\024\027""; ledgerSeq: 0; type: liTS_CANDIDATE; nodes {;   nodedata: ""\003S\n\235\2624\346\340\377asq\337\223T\316nL\232)C!\360\245\205[L\224\\351\351\000\003"";   nodeid: ""\000\000\000\000\000\000\000\000\000\000\000\000\000\000\000\000\000\000\000\000\000\000\000\000\000\000\000\000\000\000\000\000\000""; }; requestCookie: 4; "
1750587280306,1750587280306,1466,1,0,4,TMGetLedger,"itype: liBASE; ledgerHash: ""\354@[\274\202\021\202\373Vi\243\n\325\250\005e\360""m\346'\311@\343\016$L\346\334\360<w""; ledgerSeq: 8; requestCookie: 4; queryType: qtINDIRECT; ","itype: liBASE; ledgerHash: ""\354@[\274\202\021\202\373Vi\243\n\325\250\005e\360""m\346'\311@\343\016$L\346\334\360<w""; ledgerSeq: 8; requestCookie: 4; queryType: qtINDIRECT; "
1750587280309,1750587280309,1435,1,4,1,TMLedgerData,"ledgerHash: ""\r!N\267\203~\313a\272~\344A\332\034\332r\\301\240a\307\341\261(c(\021\265B\030@(""; ledgerSeq: 0; type: liTS_CANDIDATE; nodes {;   nodedata: ""\247\272\246\2214\014W1\360z\262\252=\343\207'\275\266;\016\021\306\330\030\225\023\357\272\353\200x\221\n\003"";   nodeid: ""\000\000\000\000\000\000\000\000\000\000\000\000\000\000\000\000\000\000\000\000\000\000\000\000\000\000\000\000\000\000\000\000\000""; }; ","ledgerHash: ""\r!N\267\203~\313a\272~\344A\332\034\332r\\301\240a\307\341\261(c(\021\265B\030@(""; ledgerSeq: 0; type: liTS_CANDIDATE; nodes {;   nodedata: ""\247\272\246\2214\014W1\360z\262\252=\343\207'\275\266;\016\021\306\330\030\225\023\357\272\353\200x\221\n\003"";   nodeid: ""\000\000\000\000\000\000\000\000\000\000\000\000\000\000\000\000\000\000\000\000\000\000\000\000\000\000\000\000\000\000\000\000\000""; }; "
1750587280320,1750587280320,393,1,0,1,TMGetLedger,"itype: liTS_CANDIDATE; ledgerHash: ""\007\347lg\346B\270\350\352\375\266\371?(\361\364\365I|\375\262>\230(\333\250\331\007\360U\024\027""; nodeIDs: ""\000\000\000\000\000\000\000\000\000\000\000\000\000\000\000\000\000\000\000\000\000\000\000\000\000\000\000\000\000\000\000\000\000""; requestCookie: 3; queryType: qtINDIRECT; queryDepth: 3; ","itype: liTS_CANDIDATE; ledgerHash: ""\007\347lg\346B\270\350\352\375\266\371?(\361\364\365I|\375\262>\230(\333\250\331\007\360U\024\027""; nodeIDs: ""\000\000\000\000\000\000\000\000\000\000\000\000\000\000\000\000\000\000\000\000\000\000\000\000\000\000\000\000\000\000\000\000\000""; requestCookie: 3; queryType: qtINDIRECT; queryDepth: 3; "
1750587280331,1750587280331,2472,1,1,2,TMLedgerData,"ledgerHash: ""\007\347lg\346B\270\350\352\375\266\371?(\361\364\365I|\375\262>\230(\333\250\331\007\360U\024\027""; ledgerSeq: 0; type: liTS_CANDIDATE; nodes {;   nodedata: ""\003S\n\235\2624\346\340\377asq\337\223T\316nL\232)C!\360\245\205[L\224\\351\351\000\003"";   nodeid: ""\000\000\000\000\000\000\000\000\000\000\000\000\000\000\000\000\000\000\000\000\000\000\000\000\000\000\000\000\000\000\000\000\000""; }; ","ledgerHash: ""\007\347lg\346B\270\350\352\375\266\371?(\361\364\365I|\375\262>\230(\333\250\331\007\360U\024\027""; ledgerSeq: 0; type: liTS_CANDIDATE; nodes {;   nodedata: ""\003S\n\235\2624\346\340\377asq\337\223T\316nL\232)C!\360\245\205[L\224\\351\351\000\003"";   nodeid: ""\000\000\000\000\000\000\000\000\000\000\000\000\000\000\000\000\000\000\000\000\000\000\000\000\000\000\000\000\000\000\000\000\000""; }; "
1750587280332,1750587280332,557,1,4,1,TMGetLedger,"itype: liTS_CANDIDATE; ledgerHash: ""\007\347lg\346B\270\350\352\375\266\371?(\361\364\365I|\375\262>\230(\333\250\331\007\360U\024\027""; nodeIDs: ""\000\000\000\000\000\000\000\000\000\000\000\000\000\000\000\000\000\000\000\000\000\000\000\000\000\000\000\000\000\000\000\000\000""; requestCookie: 1; queryType: qtINDIRECT; queryDepth: 3; ","itype: liTS_CANDIDATE; ledgerHash: ""\007\347lg\346B\270\350\352\375\266\371?(\361\364\365I|\375\262>\230(\333\250\331\007\360U\024\027""; nodeIDs: ""\000\000\000\000\000\000\000\000\000\000\000\000\000\000\000\000\000\000\000\000\000\000\000\000\000\000\000\000\000\000\000\000\000""; requestCookie: 1; queryType: qtINDIRECT; queryDepth: 3; "
1750587280363,1750587280363,342,1,2,1,TMGetLedger,"itype: liTS_CANDIDATE; ledgerHash: ""\007\347lg\346B\270\350\352\375\266\371?(\361\364\365I|\375\262>\230(\333\250\331\007\360U\024\027""; nodeIDs: ""\000\000\000\000\000\000\000\000\000\000\000\000\000\000\000\000\000\000\000\000\000\000\000\000\000\000\000\000\000\000\000\000\000""; requestCookie: 4; queryType: qtINDIRECT; queryDepth: 3; ","itype: liTS_CANDIDATE; ledgerHash: ""\007\347lg\346B\270\350\352\375\266\371?(\361\364\365I|\375\262>\230(\333\250\331\007\360U\024\027""; nodeIDs: ""\000\000\000\000\000\000\000\000\000\000\000\000\000\000\000\000\000\000\000\000\000\000\000\000\000\000\000\000\000\000\000\000\000""; requestCookie: 4; queryType: qtINDIRECT; queryDepth: 3; "
1750587280365,1750587280365,393,1,0,1,TMGetLedger,"itype: liTS_CANDIDATE; ledgerHash: ""\007\347lg\346B\270\350\352\375\266\371?(\361\364\365I|\375\262>\230(\333\250\331\007\360U\024\027""; nodeIDs: ""\000\000\000\000\000\000\000\000\000\000\000\000\000\000\000\000\000\000\000\000\000\000\000\000\000\000\000\000\000\000\000\000\000""; queryType: qtINDIRECT; queryDepth: 3; ","itype: liTS_CANDIDATE; ledgerHash: ""\007\347lg\346B\270\350\352\375\266\371?(\361\364\365I|\375\262>\230(\333\250\331\007\360U\024\027""; nodeIDs: ""\000\000\000\000\000\000\000\000\000\000\000\000\000\000\000\000\000\000\000\000\000\000\000\000\000\000\000\000\000\000\000\000\000""; queryType: qtINDIRECT; queryDepth: 3; "
1750587280366,1750587280366,1764,1,0,3,TMGetLedger,"itype: liTS_CANDIDATE; ledgerHash: ""\007\347lg\346B\270\350\352\375\266\371?(\361\364\365I|\375\262>\230(\333\250\331\007\360U\024\027""; nodeIDs: ""\000\000\000\000\000\000\000\000\000\000\000\000\000\000\000\000\000\000\000\000\000\000\000\000\000\000\000\000\000\000\000\000\000""; queryType: qtINDIRECT; queryDepth: 3; ","itype: liTS_CANDIDATE; ledgerHash: ""\007\347lg\346B\270\350\352\375\266\371?(\361\364\365I|\375\262>\230(\333\250\331\007\360U\024\027""; nodeIDs: ""\000\000\000\000\000\000\000\000\000\000\000\000\000\000\000\000\000\000\000\000\000\000\000\000\000\000\000\000\000\000\000\000\000""; queryType: qtINDIRECT; queryDepth: 3; "
1750587280366,1750587280366,3414,1,0,2,TMGetLedger,"itype: liTS_CANDIDATE; ledgerHash: ""\007\347lg\346B\270\350\352\375\266\371?(\361\364\365I|\375\262>\230(\333\250\331\007\360U\024\027""; nodeIDs: ""\000\000\000\000\000\000\000\000\000\000\000\000\000\000\000\000\000\000\000\000\000\000\000\000\000\000\000\000\000\000\000\000\000""; queryType: qtINDIRECT; queryDepth: 3; ","itype: liTS_CANDIDATE; ledgerHash: ""\007\347lg\346B\270\350\352\375\266\371?(\361\364\365I|\375\262>\230(\333\250\331\007\360U\024\027""; nodeIDs: ""\000\000\000\000\000\000\000\000\000\000\000\000\000\000\000\000\000\000\000\000\000\000\000\000\000\000\000\000\000\000\000\000\000""; queryType: qtINDIRECT; queryDepth: 3; "
1750587280366,1750587280366,1466,1,0,4,TMGetLedger,"itype: liTS_CANDIDATE; ledgerHash: ""\007\347lg\346B\270\350\352\375\266\371?(\361\364\365I|\375\262>\230(\333\250\331\007\360U\024\027""; nodeIDs: ""\000\000\000\000\000\000\000\000\000\000\000\000\000\000\000\000\000\000\000\000\000\000\000\000\000\000\000\000\000\000\000\000\000""; queryType: qtINDIRECT; queryDepth: 3; ","itype: liTS_CANDIDATE; ledgerHash: ""\007\347lg\346B\270\350\352\375\266\371?(\361\364\365I|\375\262>\230(\333\250\331\007\360U\024\027""; nodeIDs: ""\000\000\000\000\000\000\000\000\000\000\000\000\000\000\000\000\000\000\000\000\000\000\000\000\000\000\000\000\000\000\000\000\000""; queryType: qtINDIRECT; queryDepth: 3; "
1750587280380,1750587280380,2142,1,3,1,TMGetLedger,"itype: liTS_CANDIDATE; ledgerHash: ""\007\347lg\346B\270\350\352\375\266\371?(\361\364\365I|\375\262>\230(\333\250\331\007\360U\024\027""; nodeIDs: ""\000\000\000\000\000\000\000\000\000\000\000\000\000\000\000\000\000\000\000\000\000\000\000\000\000\000\000\000\000\000\000\000\000""; requestCookie: 2; queryType: qtINDIRECT; queryDepth: 3; ","itype: liTS_CANDIDATE; ledgerHash: ""\007\347lg\346B\270\350\352\375\266\371?(\361\364\365I|\375\262>\230(\333\250\331\007\360U\024\027""; nodeIDs: ""\000\000\000\000\000\000\000\000\000\000\000\000\000\000\000\000\000\000\000\000\000\000\000\000\000\000\000\000\000\000\000\000\000""; requestCookie: 2; queryType: qtINDIRECT; queryDepth: 3; "
1750587280391,1750587280391,2715,1,1,4,TMLedgerData,"ledgerHash: ""\007\347lg\346B\270\350\352\375\266\371?(\361\364\365I|\375\262>\230(\333\250\331\007\360U\024\027""; ledgerSeq: 0; type: liTS_CANDIDATE; nodes {;   nodedata: ""\003S\n\235\2624\346\340\377asq\337\223T\316nL\232)C!\360\245\205[L\224\\351\351\000\003"";   nodeid: ""\000\000\000\000\000\000\000\000\000\000\000\000\000\000\000\000\000\000\000\000\000\000\000\000\000\000\000\000\000\000\000\000\000""; }; requestCookie: 1; ","ledgerHash: ""\007\347lg\346B\270\350\352\375\266\371?(\361\364\365I|\375\262>\230(\333\250\331\007\360U\024\027""; ledgerSeq: 0; type: liTS_CANDIDATE; nodes {;   nodedata: ""\003S\n\235\2624\346\340\377asq\337\223T\316nL\232)C!\360\245\205[L\224\\351\351\000\003"";   nodeid: ""\000\000\000\000\000\000\000\000\000\000\000\000\000\000\000\000\000\000\000\000\000\000\000\000\000\000\000\000\000\000\000\000\000""; }; requestCookie: 1; "
1750587280410,1750587280410,393,1,0,1,TMGetLedger,"itype: liTS_CANDIDATE; ledgerHash: ""\007\347lg\346B\270\350\352\375\266\371?(\361\364\365I|\375\262>\230(\333\250\331\007\360U\024\027""; nodeIDs: ""\000\000\000\000\000\000\000\000\000\000\000\000\000\000\000\000\000\000\000\000\000\000\000\000\000\000\000\000\000\000\000\000\000""; requestCookie: 4; queryType: qtINDIRECT; queryDepth: 3; ","itype: liTS_CANDIDATE; ledgerHash: ""\007\347lg\346B\270\350\352\375\266\371?(\361\364\365I|\375\262>\230(\333\250\331\007\360U\024\027""; nodeIDs: ""\000\000\000\000\000\000\000\000\000\000\000\000\000\000\000\000\000\000\000\000\000\000\000\000\000\000\000\000\000\000\000\000\000""; requestCookie: 4; queryType: qtINDIRECT; queryDepth: 3; "
1750587280415,1750587280415,1702,1,0,1,TMHaveTransactionSet,"status: tsHAVE; hash: ""\007\347lg\346B\270\350\352\375\266\371?(\361\364\365I|\375\262>\230(\333\250\331\007\360U\024\027""; ","status: tsHAVE; hash: ""\007\347lg\346B\270\350\352\375\266\371?(\361\364\365I|\375\262>\230(\333\250\331\007\360U\024\027""; "
1750587280415,1750587280415,1652,1,0,3,TMHaveTransactionSet,"status: tsHAVE; hash: ""\007\347lg\346B\270\350\352\375\266\371?(\361\364\365I|\375\262>\230(\333\250\331\007\360U\024\027""; ","status: tsHAVE; hash: ""\007\347lg\346B\270\350\352\375\266\371?(\361\364\365I|\375\262>\230(\333\250\331\007\360U\024\027""; "
1750587280415,1750587280415,2787,1,0,2,TMHaveTransactionSet,"status: tsHAVE; hash: ""\007\347lg\346B\270\350\352\375\266\371?(\361\364\365I|\375\262>\230(\333\250\331\007\360U\024\027""; ","status: tsHAVE; hash: ""\007\347lg\346B\270\350\352\375\266\371?(\361\364\365I|\375\262>\230(\333\250\331\007\360U\024\027""; "
1750587280415,1750587280415,1786,1,0,4,TMHaveTransactionSet,"status: tsHAVE; hash: ""\007\347lg\346B\270\350\352\375\266\371?(\361\364\365I|\375\262>\230(\333\250\331\007\360U\024\027""; ","status: tsHAVE; hash: ""\007\347lg\346B\270\350\352\375\266\371?(\361\364\365I|\375\262>\230(\333\250\331\007\360U\024\027""; "
1750587280438,1750587280438,926,1,1,0,TMProposeSet,"proposeSeq: 0; currentTxHash: ""\007\347lg\346B\270\350\352\375\266\371?(\361\364\365I|\375\262>\230(\333\250\331\007\360U\024\027""; nodePubKey: ""\003\343\005\311u\203\370\0338\3174\324\010\006\301\251\177\261\304eOX\262)FA-\022r\263wm\024""; closeTime: 803902480; signature: ""0D\002 ]\345\030n\367\025\317$\376\237\234\3735a\333\005\037@N\034\244\026\030b\3438""\346\230B\373B\002 Yq-r\251\351\345j\364Ji>\335\216\371A\021\007\364E\336\323\221$\325\343v\2139\227/5""; previousledger: ""\354@[\274\202\021\202\373Vi\243\n\325\250\005e\360""m\346'\311@\343\016$L\346\334\360<w""; ","proposeSeq: 0; currentTxHash: ""\007\347lg\346B\270\350\352\375\266\371?(\361\364\365I|\375\262>\230(\333\250\331\007\360U\024\027""; nodePubKey: ""\003\343\005\311u\203\370\0338\3174\324\010\006\301\251\177\261\304eOX\262)FA-\022r\263wm\024""; closeTime: 803902480; signature: ""0D\002 ]\345\030n\367\025\317$\376\237\234\3735a\333\005\037@N\034\244\026\030b\3438""\346\230B\373B\002 Yq-r\251\351\345j\364Ji>\335\216\371A\021\007\364E\336\323\221$\325\343v\2139\227/5""; previousledger: ""\354@[\274\202\021\202\373Vi\243\n\325\250\005e\360""m\346'\311@\343\016$L\346\334\360<w""; "
1750587280440,1750587280440,3538,1,1,3,TMProposeSet,"proposeSeq: 0; currentTxHash: ""\007\347lg\346B\270\350\352\375\266\371?(\361\364\365I|\375\262>\230(\333\250\331\007\360U\024\027""; nodePubKey: ""\003\343\005\311u\203\370\0338\3174\324\010\006\301\251\177\261\304eOX\262)FA-\022r\263wm\024""; closeTime: 803902480; signature: ""0D\002 ]\345\030n\367\025\317$\376\237\234\3735a\333\005\037@N\034\244\026\030b\3438""\346\230B\373B\002 Yq-r\251\351\345j\364Ji>\335\216\371A\021\007\364E\336\323\221$\325\343v\2139\227/5""; previousledger: ""\354@[\274\202\021\202\373Vi\243\n\325\250\005e\360""m\346'\311@\343\016$L\346\334\360<w""; ","proposeSeq: 0; currentTxHash: ""\007\347lg\346B\270\350\352\375\266\371?(\361\364\365I|\375\262>\230(\333\250\331\007\360U\024\027""; nodePubKey: ""\003\343\005\311u\203\370\0338\3174\324\010\006\301\251\177\261\304eOX\262)FA-\022r\263wm\024""; closeTime: 803902480; signature: ""0D\002 ]\345\030n\367\025\317$\376\237\234\3735a\333\005\037@N\034\244\026\030b\3438""\346\230B\373B\002 Yq-r\251\351\345j\364Ji>\335\216\371A\021\007\364E\336\323\221$\325\343v\2139\227/5""; previousledger: ""\354@[\274\202\021\202\373Vi\243\n\325\250\005e\360""m\346'\311@\343\016$L\346\334\360<w""; "
1750587280440,1750587280440,1799,1,1,2,TMProposeSet,"proposeSeq: 0; currentTxHash: ""\007\347lg\346B\270\350\352\375\266\371?(\361\364\365I|\375\262>\230(\333\250\331\007\360U\024\027""; nodePubKey: ""\003\343\005\311u\203\370\0338\3174\324\010\006\301\251\177\261\304eOX\262)FA-\022r\263wm\024""; closeTime: 803902480; signature: ""0D\002 ]\345\030n\367\025\317$\376\237\234\3735a\333\005\037@N\034\244\026\030b\3438""\346\230B\373B\002 Yq-r\251\351\345j\364Ji>\335\216\371A\021\007\364E\336\323\221$\325\343v\2139\227/5""; previousledger: ""\354@[\274\202\021\202\373Vi\243\n\325\250\005e\360""m\346'\311@\343\016$L\346\334\360<w""; ","proposeSeq: 0; currentTxHash: ""\007\347lg\346B\270\350\352\375\266\371?(\361\364\365I|\375\262>\230(\333\250\331\007\360U\024\027""; nodePubKey: ""\003\343\005\311u\203\370\0338\3174\324\010\006\301\251\177\261\304eOX\262)FA-\022r\263wm\024""; closeTime: 803902480; signature: ""0D\002 ]\345\030n\367\025\317$\376\237\234\3735a\333\005\037@N\034\244\026\030b\3438""\346\230B\373B\002 Yq-r\251\351\345j\364Ji>\335\216\371A\021\007\364E\336\323\221$\325\343v\2139\227/5""; previousledger: ""\354@[\274\202\021\202\373Vi\243\n\325\250\005e\360""m\346'\311@\343\016$L\346\334\360<w""; "
1750587280441,1750587280441,3375,1,1,4,TMProposeSet,"proposeSeq: 0; currentTxHash: ""\007\347lg\346B\270\350\352\375\266\371?(\361\364\365I|\375\262>\230(\333\250\331\007\360U\024\027""; nodePubKey: ""\003\343\005\311u\203\370\0338\3174\324\010\006\301\251\177\261\304eOX\262)FA-\022r\263wm\024""; closeTime: 803902480; signature: ""0D\002 ]\345\030n\367\025\317$\376\237\234\3735a\333\005\037@N\034\244\026\030b\3438""\346\230B\373B\002 Yq-r\251\351\345j\364Ji>\335\216\371A\021\007\364E\336\323\221$\325\343v\2139\227/5""; previousledger: ""\354@[\274\202\021\202\373Vi\243\n\325\250\005e\360""m\346'\311@\343\016$L\346\334\360<w""; ","proposeSeq: 0; currentTxHash: ""\007\347lg\346B\270\350\352\375\266\371?(\361\364\365I|\375\262>\230(\333\250\331\007\360U\024\027""; nodePubKey: ""\003\343\005\311u\203\370\0338\3174\324\010\006\301\251\177\261\304eOX\262)FA-\022r\263wm\024""; closeTime: 803902480; signature: ""0D\002 ]\345\030n\367\025\317$\376\237\234\3735a\333\005\037@N\034\244\026\030b\3438""\346\230B\373B\002 Yq-r\251\351\345j\364Ji>\335\216\371A\021\007\364E\336\323\221$\325\343v\2139\227/5""; previousledger: ""\354@[\274\202\021\202\373Vi\243\n\325\250\005e\360""m\346'\311@\343\016$L\346\334\360<w""; "
1750587280442,1750587280443,2839,1,1,4,TMTransaction,"rawTransaction: ""\022\000\000""\000\000\000\000$\000\000\000\006 \033\000\000\000\032a@\000\000\023S/~\000h@\000\000\000\000\000\000\ns!\003\364\346'\245\361\313f\307\325O*\031\010 \337\241\354\3450V\376\031#\323\000\245'Q`4d\376tF0D\002 ,\010\365p6\304C\242\365\005bf\023\023\2535\373c\246@\nC\214\257Kj\3519\353\257)r\002 [n\210\266}:;pPVw\327i\342,4\316\274A\315\001|\214\302?\r\222\354\240\0308\221\201\024B\006\222#\215\346\234\245/\205\327[/\206^\005y\253G\373\203\024E0\246\210\344\325\345r\024T\251\006P\255\352\333\372\351\337\302""; status: tsNEW; receiveTimestamp: 803902480; ","rawTransaction: ""\022\000\000""\000\000\000\000$\000\000\000\006 \033\000\000\000\032a@\000\000\023S/~\000h@\000\000\000\000\000\000\ns!\003\364\346'\245\361\313f\307\325O*\031\010 \337\241\354\3450V\376\031#\323\000\245'Q`4d\376tF0D\002 ,\010\365p6\304C\242\365\005bf\023\023\2535\373c\246@\nC\214\257Kj\3519\353\257)r\002 [n\210\266}:;pPVw\327i\342,4\316\274A\315\001|\214\302?\r\222\354\240\0308\221\201\024B\006\222#\215\346\234\245/\205\327[/\206^\005y\253G\373\203\024E0\246\210\344\325\345r\024T\251\006P\255\352\333\372\351\337\302""; status: tsNEW; receiveTimestamp: 803902480; "
1750587280442,1750587280443,2561,1,1,2,TMTransaction,"rawTransaction: ""\022\000\000""\000\000\000\000$\000\000\000\006 \033\000\000\000\032a@\000\000\023S/~\000h@\000\000\000\000\000\000\ns!\003\364\346'\245\361\313f\307\325O*\031\010 \337\241\354\3450V\376\031#\323\000\245'Q`4d\376tF0D\002 ,\010\365p6\304C\242\365\005bf\023\023\2535\373c\246@\nC\214\257Kj\3519\353\257)r\002 [n\210\266}:;pPVw\327i\342,4\316\274A\315\001|\214\302?\r\222\354\240\0308\221\201\024B\006\222#\215\346\234\245/\205\327[/\206^\005y\253G\373\203\024E0\246\210\344\325\345r\024T\251\006P\255\352\333\372\351\337\302""; status: tsNEW; receiveTimestamp: 803902480; ","rawTransaction: ""\022\000\000""\000\000\000\000$\000\000\000\006 \033\000\000\000\032a@\000\000\023S/~\000h@\000\000\000\000\000\000\ns!\003\364\346'\245\361\313f\307\325O*\031\010 \337\241\354\3450V\376\031#\323\000\245'Q`4d\376tF0D\002 ,\010\365p6\304C\242\365\005bf\023\023\2535\373c\246@\nC\214\257Kj\3519\353\257)r\002 [n\210\266}:;pPVw\327i\342,4\316\274A\315\001|\214\302?\r\222\354\240\0308\221\201\024B\006\222#\215\346\234\245/\205\327[/\206^\005y\253G\373\203\024E0\246\210\344\325\345r\024T\251\006P\255\352\333\372\351\337\302""; status: tsNEW; receiveTimestamp: 803902480; "
1750587280443,1750587280444,1777,1,1,3,TMTransaction,"rawTransaction: ""\022\000\000""\000\000\000\000$\000\000\000\006 \033\000\000\000\032a@\000\000\023S/~\000h@\000\000\000\000\000\000\ns!\003\364\346'\245\361\313f\307\325O*\031\010 \337\241\354\3450V\376\031#\323\000\245'Q`4d\376tF0D\002 ,\010\365p6\304C\242\365\005bf\023\023\2535\373c\246@\nC\214\257Kj\3519\353\257)r\002 [n\210\266}:;pPVw\327i\342,4\316\274A\315\001|\214\302?\r\222\354\240\0308\221\201\024B\006\222#\215\346\234\245/\205\327[/\206^\005y\253G\373\203\024E0\246\210\344\325\345r\024T\251\006P\255\352\333\372\351\337\302""; status: tsNEW; receiveTimestamp: 803902480; ","rawTransaction: ""\022\000\000""\000\000\000\000$\000\000\000\006 \033\000\000\000\032a@\000\000\023S/~\000h@\000\000\000\000\000\000\ns!\003\364\346'\245\361\313f\307\325O*\031\010 \337\241\354\3450V\376\031#\323\000\245'Q`4d\376tF0D\002 ,\010\365p6\304C\242\365\005bf\023\023\2535\373c\246@\nC\214\257Kj\3519\353\257)r\002 [n\210\266}:;pPVw\327i\342,4\316\274A\315\001|\214\302?\r\222\354\240\0308\221\201\024B\006\222#\215\346\234\245/\205\327[/\206^\005y\253G\373\203\024E0\246\210\344\325\345r\024T\251\006P\255\352\333\372\351\337\302""; status: tsNEW; receiveTimestamp: 803902480; "
1750587280444,1750587280444,1582,1,2,0,TMGetLedger,"itype: liTS_CANDIDATE; ledgerHash: ""\r!N\267\203~\313a\272~\344A\332\034\332r\\301\240a\307\341\261(c(\021\265B\030@(""; nodeIDs: ""\000\000\000\000\000\000\000\000\000\000\000\000\000\000\000\000\000\000\000\000\000\000\000\000\000\000\000\000\000\000\000\000\000""; queryType: qtINDIRECT; queryDepth: 3; ","itype: liTS_CANDIDATE; ledgerHash: ""\r!N\267\203~\313a\272~\344A\332\034\332r\\301\240a\307\341\261(c(\021\265B\030@(""; nodeIDs: ""\000\000\000\000\000\000\000\000\000\000\000\000\000\000\000\000\000\000\000\000\000\000\000\000\000\000\000\000\000\000\000\000\000""; queryType: qtINDIRECT; queryDepth: 3; "
1750587280443,1750587280445,1343,1,1,0,TMTransaction,"rawTransaction: ""\022\000\000""\000\000\000\000$\000\000\000\006 \033\000\000\000\032a@\000\000\023S/~\000h@\000\000\000\000\000\000\ns!\003\364\346'\245\361\313f\307\325O*\031\010 \337\241\354\3450V\376\031#\323\000\245'Q`4d\376tF0D\002 ,\010\365p6\304C\242\365\005bf\023\023\2535\373c\246@\nC\214\257Kj\3519\353\257)r\002 [n\210\266}:;pPVw\327i\342,4\316\274A\315\001|\214\302?\r\222\354\240\0308\221\201\024B\006\222#\215\346\234\245/\205\327[/\206^\005y\253G\373\203\024E0\246\210\344\325\345r\024T\251\006P\255\352\333\372\351\337\302""; status: tsNEW; receiveTimestamp: 803902480; ","rawTransaction: ""\022\000\000""\000\000\000\000$\000\000\000\006 \033\000\000\000\032a@\000\000\023S/~\000h@\000\000\000\000\000\000\ns!\003\364\346'\245\361\313f\307\325O*\031\010 \337\241\354\3450V\376\031#\323\000\245'Q`4d\376tF0D\002 ,\010\365p6\304C\242\365\005bf\023\023\2535\373c\246@\nC\214\257Kj\3519\353\257)r\002 [n\210\266}:;pPVw\327i\342,4\316\274A\315\001|\214\302?\r\222\354\240\0308\221\201\024B\006\222#\215\346\234\245/\205\327[/\206^\005y\253G\373\203\024E0\246\210\344\325\345r\024T\251\006P\255\352\333\372\351\337\302""; status: tsNEW; receiveTimestamp: 803902480; "
1750587280445,1750587280445,499,1,2,4,TMGetLedger,"itype: liTS_CANDIDATE; ledgerHash: ""\r!N\267\203~\313a\272~\344A\332\034\332r\\301\240a\307\341\261(c(\021\265B\030@(""; nodeIDs: ""\000\000\000\000\000\000\000\000\000\000\000\000\000\000\000\000\000\000\000\000\000\000\000\000\000\000\000\000\000\000\000\000\000""; queryType: qtINDIRECT; queryDepth: 3; ","itype: liTS_CANDIDATE; ledgerHash: ""\r!N\267\203~\313a\272~\344A\332\034\332r\\301\240a\307\341\261(c(\021\265B\030@(""; nodeIDs: ""\000\000\000\000\000\000\000\000\000\000\000\000\000\000\000\000\000\000\000\000\000\000\000\000\000\000\000\000\000\000\000\000\000""; queryType: qtINDIRECT; queryDepth: 3; "
1750587280445,1750587280445,342,1,2,1,TMGetLedger,"itype: liTS_CANDIDATE; ledgerHash: ""\r!N\267\203~\313a\272~\344A\332\034\332r\\301\240a\307\341\261(c(\021\265B\030@(""; nodeIDs: ""\000\000\000\000\000\000\000\000\000\000\000\000\000\000\000\000\000\000\000\000\000\000\000\000\000\000\000\000\000\000\000\000\000""; queryType: qtINDIRECT; queryDepth: 3; ","itype: liTS_CANDIDATE; ledgerHash: ""\r!N\267\203~\313a\272~\344A\332\034\332r\\301\240a\307\341\261(c(\021\265B\030@(""; nodeIDs: ""\000\000\000\000\000\000\000\000\000\000\000\000\000\000\000\000\000\000\000\000\000\000\000\000\000\000\000\000\000\000\000\000\000""; queryType: qtINDIRECT; queryDepth: 3; "
1750587280446,1750587280446,3898,1,2,3,TMGetLedger,"itype: liTS_CANDIDATE; ledgerHash: ""\r!N\267\203~\313a\272~\344A\332\034\332r\\301\240a\307\341\261(c(\021\265B\030@(""; nodeIDs: ""\000\000\000\000\000\000\000\000\000\000\000\000\000\000\000\000\000\000\000\000\000\000\000\000\000\000\000\000\000\000\000\000\000""; queryType: qtINDIRECT; queryDepth: 3; ","itype: liTS_CANDIDATE; ledgerHash: ""\r!N\267\203~\313a\272~\344A\332\034\332r\\301\240a\307\341\261(c(\021\265B\030@(""; nodeIDs: ""\000\000\000\000\000\000\000\000\000\000\000\000\000\000\000\000\000\000\000\000\000\000\000\000\000\000\000\000\000\000\000\000\000""; queryType: qtINDIRECT; queryDepth: 3; "
1750587280446,1750587280446,2792,1,4,2,TMLedgerData,"ledgerHash: ""\r!N\267\203~\313a\272~\344A\332\034\332r\\301\240a\307\341\261(c(\021\265B\030@(""; ledgerSeq: 0; type: liTS_CANDIDATE; nodes {;   nodedata: ""\247\272\246\2214\014W1\360z\262\252=\343\207'\275\266;\016\021\306\330\030\225\023\357\272\353\200x\221\n\003"";   nodeid: ""\000\000\000\000\000\000\000\000\000\000\000\000\000\000\000\000\000\000\000\000\000\000\000\000\000\000\000\000\000\000\000\000\000""; }; ","ledgerHash: ""\r!N\267\203~\313a\272~\344A\332\034\332r\\301\240a\307\341\261(c(\021\265B\030@(""; ledgerSeq: 0; type: liTS_CANDIDATE; nodes {;   nodedata: ""\247\272\246\2214\014W1\360z\262\252=\343\207'\275\266;\016\021\306\330\030\225\023\357\272\353\200x\221\n\003"";   nodeid: ""\000\000\000\000\000\000\000\000\000\000\000\000\000\000\000\000\000\000\000\000\000\000\000\000\000\000\000\000\000\000\000\000\000""; }; "
1750587280447,1750587280447,2655,1,1,0,TMLedgerData,"ledgerHash: ""b\001;\355\\351h\305\360*\252j\2470\334[#|\313\3606\207\210\245\372\217RX\333g`K""; ledgerSeq: 0; type: liTS_CANDIDATE; nodes {;   nodedata: "" \245\366\271\024\035\303\242}O\341[\232\374\0350\307\253\205\001\301\216B\031pk\231\004\271\276\265\240\002\003"";   nodeid: ""\000\000\000\000\000\000\000\000\000\000\000\000\000\000\000\000\000\000\000\000\000\000\000\000\000\000\000\000\000\000\000\000\000""; }; ","ledgerHash: ""b\001;\355\\351h\305\360*\252j\2470\334[#|\313\3606\207\210\245\372\217RX\333g`K""; ledgerSeq: 0; type: liTS_CANDIDATE; nodes {;   nodedata: "" \245\366\271\024\035\303\242}O\341[\232\374\0350\307\253\205\001\301\216B\031pk\231\004\271\276\265\240\002\003"";   nodeid: ""\000\000\000\000\000\000\000\000\000\000\000\000\000\000\000\000\000\000\000\000\000\000\000\000\000\000\000\000\000\000\000\000\000""; }; "
1750587280456,1750587280456,2472,1,1,2,TMLedgerData,"ledgerHash: ""\007\347lg\346B\270\350\352\375\266\371?(\361\364\365I|\375\262>\230(\333\250\331\007\360U\024\027""; ledgerSeq: 0; type: liTS_CANDIDATE; nodes {;   nodedata: ""\003S\n\235\2624\346\340\377asq\337\223T\316nL\232)C!\360\245\205[L\224\\351\351\000\003"";   nodeid: ""\000\000\000\000\000\000\000\000\000\000\000\000\000\000\000\000\000\000\000\000\000\000\000\000\000\000\000\000\000\000\000\000\000""; }; requestCookie: 4; ","ledgerHash: ""\007\347lg\346B\270\350\352\375\266\371?(\361\364\365I|\375\262>\230(\333\250\331\007\360U\024\027""; ledgerSeq: 0; type: liTS_CANDIDATE; nodes {;   nodedata: ""\003S\n\235\2624\346\340\377asq\337\223T\316nL\232)C!\360\245\205[L\224\\351\351\000\003"";   nodeid: ""\000\000\000\000\000\000\000\000\000\000\000\000\000\000\000\000\000\000\000\000\000\000\000\000\000\000\000\000\000\000\000\000\000""; }; requestCookie: 4; "
1750587280456,1750587280456,1753,1,0,2,TMLedgerData,"ledgerHash: ""\r!N\267\203~\313a\272~\344A\332\034\332r\\301\240a\307\341\261(c(\021\265B\030@(""; ledgerSeq: 0; type: liTS_CANDIDATE; nodes {;   nodedata: ""\247\272\246\2214\014W1\360z\262\252=\343\207'\275\266;\016\021\306\330\030\225\023\357\272\353\200x\221\n\003"";   nodeid: ""\000\000\000\000\000\000\000\000\000\000\000\000\000\000\000\000\000\000\000\000\000\000\000\000\000\000\000\000\000\000\000\000\000""; }; requestCookie: 3; ","ledgerHash: ""\r!N\267\203~\313a\272~\344A\332\034\332r\\301\240a\307\341\261(c(\021\265B\030@(""; ledgerSeq: 0; type: liTS_CANDIDATE; nodes {;   nodedata: ""\247\272\246\2214\014W1\360z\262\252=\343\207'\275\266;\016\021\306\330\030\225\023\357\272\353\200x\221\n\003"";   nodeid: ""\000\000\000\000\000\000\000\000\000\000\000\000\000\000\000\000\000\000\000\000\000\000\000\000\000\000\000\000\000\000\000\000\000""; }; requestCookie: 3; "
1750587280437,1750587280479,1020,1,1,3,TMStatusChange,"newEvent: neCLOSING_LEDGER; ledgerSeq: 8; ledgerHash: ""\354@[\274\202\021\202\373Vi\243\n\325\250\005e\360""m\346'\311@\343\016$L\346\334\360<w""; ledgerHashPrevious: ""\311\347s\234ae\204\263\365U\334\372D\354\345\276\201f\035\271%#\375\245\314.""\373\330&\3746""; networkTime: 803902480; firstSeq: 1; lastSeq: 8; ","newEvent: neCLOSING_LEDGER; ledgerSeq: 8; ledgerHash: ""\354@[\274\202\021\202\373Vi\243\n\325\250\005e\360""m\346'\311@\343\016$L\346\334\360<w""; ledgerHashPrevious: ""\311\347s\234ae\204\263\365U\334\372D\354\345\276\201f\035\271%#\375\245\314.""\373\330&\3746""; networkTime: 803902480; firstSeq: 1; lastSeq: 8; "
1750587280438,1750587280479,3522,1,1,4,TMStatusChange,"newEvent: neCLOSING_LEDGER; ledgerSeq: 8; ledgerHash: ""\354@[\274\202\021\202\373Vi\243\n\325\250\005e\360""m\346'\311@\343\016$L\346\334\360<w""; ledgerHashPrevious: ""\311\347s\234ae\204\263\365U\334\372D\354\345\276\201f\035\271%#\375\245\314.""\373\330&\3746""; networkTime: 803902480; firstSeq: 1; lastSeq: 8; ","newEvent: neCLOSING_LEDGER; ledgerSeq: 8; ledgerHash: ""\354@[\274\202\021\202\373Vi\243\n\325\250\005e\360""m\346'\311@\343\016$L\346\334\360<w""; ledgerHashPrevious: ""\311\347s\234ae\204\263\365U\334\372D\354\345\276\201f\035\271%#\375\245\314.""\373\330&\3746""; networkTime: 803902480; firstSeq: 1; lastSeq: 8; "
1750587280439,1750587280479,1862,1,1,0,TMStatusChange,"newEvent: neCLOSING_LEDGER; ledgerSeq: 8; ledgerHash: ""\354@[\274\202\021\202\373Vi\243\n\325\250\005e\360""m\346'\311@\343\016$L\346\334\360<w""; ledgerHashPrevious: ""\311\347s\234ae\204\263\365U\334\372D\354\345\276\201f\035\271%#\375\245\314.""\373\330&\3746""; networkTime: 803902480; firstSeq: 1; lastSeq: 8; ","newEvent: neCLOSING_LEDGER; ledgerSeq: 8; ledgerHash: ""\354@[\274\202\021\202\373Vi\243\n\325\250\005e\360""m\346'\311@\343\016$L\346\334\360<w""; ledgerHashPrevious: ""\311\347s\234ae\204\263\365U\334\372D\354\345\276\201f\035\271%#\375\245\314.""\373\330&\3746""; networkTime: 803902480; firstSeq: 1; lastSeq: 8; "
1750587280440,1750587280480,961,1,1,2,TMStatusChange,"newEvent: neCLOSING_LEDGER; ledgerSeq: 8; ledgerHash: ""\354@[\274\202\021\202\373Vi\243\n\325\250\005e\360""m\346'\311@\343\016$L\346\334\360<w""; ledgerHashPrevious: ""\311\347s\234ae\204\263\365U\334\372D\354\345\276\201f\035\271%#\375\245\314.""\373\330&\3746""; networkTime: 803902480; firstSeq: 1; lastSeq: 8; ","newEvent: neCLOSING_LEDGER; ledgerSeq: 8; ledgerHash: ""\354@[\274\202\021\202\373Vi\243\n\325\250\005e\360""m\346'\311@\343\016$L\346\334\360<w""; ledgerHashPrevious: ""\311\347s\234ae\204\263\365U\334\372D\354\345\276\201f\035\271%#\375\245\314.""\373\330&\3746""; networkTime: 803902480; firstSeq: 1; lastSeq: 8; "
1750587280488,1750587280488,342,1,2,1,TMGetLedger,"itype: liTS_CANDIDATE; ledgerHash: ""\007\347lg\346B\270\350\352\375\266\371?(\361\364\365I|\375\262>\230(\333\250\331\007\360U\024\027""; nodeIDs: ""\000\000\000\000\000\000\000\000\000\000\000\000\000\000\000\000\000\000\000\000\000\000\000\000\000\000\000\000\000\000\000\000\000""; queryType: qtINDIRECT; queryDepth: 3; ","itype: liTS_CANDIDATE; ledgerHash: ""\007\347lg\346B\270\350\352\375\266\371?(\361\364\365I|\375\262>\230(\333\250\331\007\360U\024\027""; nodeIDs: ""\000\000\000\000\000\000\000\000\000\000\000\000\000\000\000\000\000\000\000\000\000\000\000\000\000\000\000\000\000\000\000\000\000""; queryType: qtINDIRECT; queryDepth: 3; "
1750587280489,1750587280489,1582,1,2,0,TMGetLedger,"itype: liTS_CANDIDATE; ledgerHash: ""\007\347lg\346B\270\350\352\375\266\371?(\361\364\365I|\375\262>\230(\333\250\331\007\360U\024\027""; nodeIDs: ""\000\000\000\000\000\000\000\000\000\000\000\000\000\000\000\000\000\000\000\000\000\000\000\000\000\000\000\000\000\000\000\000\000""; queryType: qtINDIRECT; queryDepth: 3; ","itype: liTS_CANDIDATE; ledgerHash: ""\007\347lg\346B\270\350\352\375\266\371?(\361\364\365I|\375\262>\230(\333\250\331\007\360U\024\027""; nodeIDs: ""\000\000\000\000\000\000\000\000\000\000\000\000\000\000\000\000\000\000\000\000\000\000\000\000\000\000\000\000\000\000\000\000\000""; queryType: qtINDIRECT; queryDepth: 3; "
1750587280489,1750587280489,499,1,2,4,TMGetLedger,"itype: liTS_CANDIDATE; ledgerHash: ""\007\347lg\346B\270\350\352\375\266\371?(\361\364\365I|\375\262>\230(\333\250\331\007\360U\024\027""; nodeIDs: ""\000\000\000\000\000\000\000\000\000\000\000\000\000\000\000\000\000\000\000\000\000\000\000\000\000\000\000\000\000\000\000\000\000""; queryType: qtINDIRECT; queryDepth: 3; ","itype: liTS_CANDIDATE; ledgerHash: ""\007\347lg\346B\270\350\352\375\266\371?(\361\364\365I|\375\262>\230(\333\250\331\007\360U\024\027""; nodeIDs: ""\000\000\000\000\000\000\000\000\000\000\000\000\000\000\000\000\000\000\000\000\000\000\000\000\000\000\000\000\000\000\000\000\000""; queryType: qtINDIRECT; queryDepth: 3; "
1750587280489,1750587280489,557,1,4,1,TMGetLedger,"itype: liTS_CANDIDATE; ledgerHash: ""\007\347lg\346B\270\350\352\375\266\371?(\361\364\365I|\375\262>\230(\333\250\331\007\360U\024\027""; nodeIDs: ""\000\000\000\000\000\000\000\000\000\000\000\000\000\000\000\000\000\000\000\000\000\000\000\000\000\000\000\000\000\000\000\000\000""; requestCookie: 3; queryType: qtINDIRECT; queryDepth: 3; ","itype: liTS_CANDIDATE; ledgerHash: ""\007\347lg\346B\270\350\352\375\266\371?(\361\364\365I|\375\262>\230(\333\250\331\007\360U\024\027""; nodeIDs: ""\000\000\000\000\000\000\000\000\000\000\000\000\000\000\000\000\000\000\000\000\000\000\000\000\000\000\000\000\000\000\000\000\000""; requestCookie: 3; queryType: qtINDIRECT; queryDepth: 3; "
1750587280490,1750587280490,3898,1,2,3,TMGetLedger,"itype: liTS_CANDIDATE; ledgerHash: ""\007\347lg\346B\270\350\352\375\266\371?(\361\364\365I|\375\262>\230(\333\250\331\007\360U\024\027""; nodeIDs: ""\000\000\000\000\000\000\000\000\000\000\000\000\000\000\000\000\000\000\000\000\000\000\000\000\000\000\000\000\000\000\000\000\000""; queryType: qtINDIRECT; queryDepth: 3; ","itype: liTS_CANDIDATE; ledgerHash: ""\007\347lg\346B\270\350\352\375\266\371?(\361\364\365I|\375\262>\230(\333\250\331\007\360U\024\027""; nodeIDs: ""\000\000\000\000\000\000\000\000\000\000\000\000\000\000\000\000\000\000\000\000\000\000\000\000\000\000\000\000\000\000\000\000\000""; queryType: qtINDIRECT; queryDepth: 3; "
1750587280501,1750587280501,3520,1,3,1,TMLedgerData,"ledgerHash: ""\r!N\267\203~\313a\272~\344A\332\034\332r\\301\240a\307\341\261(c(\021\265B\030@(""; ledgerSeq: 0; type: liTS_CANDIDATE; nodes {;   nodedata: ""\247\272\246\2214\014W1\360z\262\252=\343\207'\275\266;\016\021\306\330\030\225\023\357\272\353\200x\221\n\003"";   nodeid: ""\000\000\000\000\000\000\000\000\000\000\000\000\000\000\000\000\000\000\000\000\000\000\000\000\000\000\000\000\000\000\000\000\000""; }; ","ledgerHash: ""\r!N\267\203~\313a\272~\344A\332\034\332r\\301\240a\307\341\261(c(\021\265B\030@(""; ledgerSeq: 0; type: liTS_CANDIDATE; nodes {;   nodedata: ""\247\272\246\2214\014W1\360z\262\252=\343\207'\275\266;\016\021\306\330\030\225\023\357\272\353\200x\221\n\003"";   nodeid: ""\000\000\000\000\000\000\000\000\000\000\000\000\000\000\000\000\000\000\000\000\000\000\000\000\000\000\000\000\000\000\000\000\000""; }; "
1750587280510,1750587280510,2655,1,1,0,TMLedgerData,"ledgerHash: ""\007\347lg\346B\270\350\352\375\266\371?(\361\364\365I|\375\262>\230(\333\250\331\007\360U\024\027""; ledgerSeq: 0; type: liTS_CANDIDATE; nodes {;   nodedata: ""\003S\n\235\2624\346\340\377asq\337\223T\316nL\232)C!\360\245\205[L\224\\351\351\000\003"";   nodeid: ""\000\000\000\000\000\000\000\000\000\000\000\000\000\000\000\000\000\000\000\000\000\000\000\000\000\000\000\000\000\000\000\000\000""; }; ","ledgerHash: ""\007\347lg\346B\270\350\352\375\266\371?(\361\364\365I|\375\262>\230(\333\250\331\007\360U\024\027""; ledgerSeq: 0; type: liTS_CANDIDATE; nodes {;   nodedata: ""\003S\n\235\2624\346\340\377asq\337\223T\316nL\232)C!\360\245\205[L\224\\351\351\000\003"";   nodeid: ""\000\000\000\000\000\000\000\000\000\000\000\000\000\000\000\000\000\000\000\000\000\000\000\000\000\000\000\000\000\000\000\000\000""; }; "
1750587280523,1750587280523,1136,1,3,0,TMGetLedger,"itype: liTS_CANDIDATE; ledgerHash: ""\007\347lg\346B\270\350\352\375\266\371?(\361\364\365I|\375\262>\230(\333\250\331\007\360U\024\027""; nodeIDs: ""\000\000\000\000\000\000\000\000\000\000\000\000\000\000\000\000\000\000\000\000\000\000\000\000\000\000\000\000\000\000\000\000\000""; queryType: qtINDIRECT; queryDepth: 3; ","itype: liTS_CANDIDATE; ledgerHash: ""\007\347lg\346B\270\350\352\375\266\371?(\361\364\365I|\375\262>\230(\333\250\331\007\360U\024\027""; nodeIDs: ""\000\000\000\000\000\000\000\000\000\000\000\000\000\000\000\000\000\000\000\000\000\000\000\000\000\000\000\000\000\000\000\000\000""; queryType: qtINDIRECT; queryDepth: 3; "
1750587280523,1750587280523,3118,1,3,4,TMGetLedger,"itype: liTS_CANDIDATE; ledgerHash: ""\007\347lg\346B\270\350\352\375\266\371?(\361\364\365I|\375\262>\230(\333\250\331\007\360U\024\027""; nodeIDs: ""\000\000\000\000\000\000\000\000\000\000\000\000\000\000\000\000\000\000\000\000\000\000\000\000\000\000\000\000\000\000\000\000\000""; queryType: qtINDIRECT; queryDepth: 3; ","itype: liTS_CANDIDATE; ledgerHash: ""\007\347lg\346B\270\350\352\375\266\371?(\361\364\365I|\375\262>\230(\333\250\331\007\360U\024\027""; nodeIDs: ""\000\000\000\000\000\000\000\000\000\000\000\000\000\000\000\000\000\000\000\000\000\000\000\000\000\000\000\000\000\000\000\000\000""; queryType: qtINDIRECT; queryDepth: 3; "
1750587280524,1750587280524,2142,1,3,1,TMGetLedger,"itype: liTS_CANDIDATE; ledgerHash: ""\007\347lg\346B\270\350\352\375\266\371?(\361\364\365I|\375\262>\230(\333\250\331\007\360U\024\027""; nodeIDs: ""\000\000\000\000\000\000\000\000\000\000\000\000\000\000\000\000\000\000\000\000\000\000\000\000\000\000\000\000\000\000\000\000\000""; queryType: qtINDIRECT; queryDepth: 3; ","itype: liTS_CANDIDATE; ledgerHash: ""\007\347lg\346B\270\350\352\375\266\371?(\361\364\365I|\375\262>\230(\333\250\331\007\360U\024\027""; nodeIDs: ""\000\000\000\000\000\000\000\000\000\000\000\000\000\000\000\000\000\000\000\000\000\000\000\000\000\000\000\000\000\000\000\000\000""; queryType: qtINDIRECT; queryDepth: 3; "
1750587280524,1750587280524,1590,1,3,2,TMGetLedger,"itype: liTS_CANDIDATE; ledgerHash: ""\007\347lg\346B\270\350\352\375\266\371?(\361\364\365I|\375\262>\230(\333\250\331\007\360U\024\027""; nodeIDs: ""\000\000\000\000\000\000\000\000\000\000\000\000\000\000\000\000\000\000\000\000\000\000\000\000\000\000\000\000\000\000\000\000\000""; queryType: qtINDIRECT; queryDepth: 3; ","itype: liTS_CANDIDATE; ledgerHash: ""\007\347lg\346B\270\350\352\375\266\371?(\361\364\365I|\375\262>\230(\333\250\331\007\360U\024\027""; nodeIDs: ""\000\000\000\000\000\000\000\000\000\000\000\000\000\000\000\000\000\000\000\000\000\000\000\000\000\000\000\000\000\000\000\000\000""; queryType: qtINDIRECT; queryDepth: 3; "
1750587280534,1750587280534,2472,1,1,2,TMLedgerData,"ledgerHash: ""\r!N\267\203~\313a\272~\344A\332\034\332r\\301\240a\307\341\261(c(\021\265B\030@(""; ledgerSeq: 0; type: liTS_CANDIDATE; nodes {;   nodedata: ""\247\272\246\2214\014W1\360z\262\252=\343\207'\275\266;\016\021\306\330\030\225\023\357\272\353\200x\221\n\003"";   nodeid: ""\000\000\000\000\000\000\000\000\000\000\000\000\000\000\000\000\000\000\000\000\000\000\000\000\000\000\000\000\000\000\000\000\000""; }; ","ledgerHash: ""\r!N\267\203~\313a\272~\344A\332\034\332r\\301\240a\307\341\261(c(\021\265B\030@(""; ledgerSeq: 0; type: liTS_CANDIDATE; nodes {;   nodedata: ""\247\272\246\2214\014W1\360z\262\252=\343\207'\275\266;\016\021\306\330\030\225\023\357\272\353\200x\221\n\003"";   nodeid: ""\000\000\000\000\000\000\000\000\000\000\000\000\000\000\000\000\000\000\000\000\000\000\000\000\000\000\000\000\000\000\000\000\000""; }; "
1750587280548,1750587280548,2715,1,1,4,TMLedgerData,"ledgerHash: ""\007\347lg\346B\270\350\352\375\266\371?(\361\364\365I|\375\262>\230(\333\250\331\007\360U\024\027""; ledgerSeq: 0; type: liTS_CANDIDATE; nodes {;   nodedata: ""\003S\n\235\2624\346\340\377asq\337\223T\316nL\232)C!\360\245\205[L\224\\351\351\000\003"";   nodeid: ""\000\000\000\000\000\000\000\000\000\000\000\000\000\000\000\000\000\000\000\000\000\000\000\000\000\000\000\000\000\000\000\000\000""; }; requestCookie: 3; ","ledgerHash: ""\007\347lg\346B\270\350\352\375\266\371?(\361\364\365I|\375\262>\230(\333\250\331\007\360U\024\027""; ledgerSeq: 0; type: liTS_CANDIDATE; nodes {;   nodedata: ""\003S\n\235\2624\346\340\377asq\337\223T\316nL\232)C!\360\245\205[L\224\\351\351\000\003"";   nodeid: ""\000\000\000\000\000\000\000\000\000\000\000\000\000\000\000\000\000\000\000\000\000\000\000\000\000\000\000\000\000\000\000\000\000""; }; requestCookie: 3; "
1750587280549,1750587280549,2792,1,4,2,TMLedgerData,"ledgerHash: ""\354@[\274\202\021\202\373Vi\243\n\325\250\005e\360""m\346'\311@\343\016$L\346\334\360<w""; ledgerSeq: 8; type: liBASE; nodes {;   nodedata: ""\000\000\000\010\001cEx]\211\377\342\311\347s\234ae\204\263\365U\334\372D\354\345\276\201f\035\271%#\375\245\314.""\373\330&\3746\000\000\000\000\000\000\000\000\000\000\000\000\000\000\000\000\000\000\000\000\000\000\000\000\000\000\000\000\000\000\000\000\245lQI\023\t3o\213\325\024\3601\255\010\244\306\3215\261\204Q\r\327\317\312f\322eb\215C/\352\224\010/\352\224\020\n\000""; }; nodes {;   nodedata: ""h\315\350\215y\203\242]\371\235\232Pt&\325\210eZ\346\237XZ \277\2457n\221\336\253\245\317\002w\n\356\350\316{k\272E0\225\362\025\010\366\367\372\263\355xq\360\261\376M<\356\347\007zf\307\006E\344\037@\210\363\010\336T\226\247'\204_{\261\370""1\235\2445\343\033Y!\212\201\341\272\225'\007*$\244&\336\343'\233i\332\374\245 {^\306-N\333\gE\006\347\212\331C\211Z\177\247\031\n\265\022\035W\277\033\265pM\027\313x\327iNP(O\216Pk&\235\336\223\217\374\212\253\322w\362\013\210`4\253""\302f\230\374\037bx\0145C\307\337\316[\244d\302\3031\347\300\025aX\357\226\221\016\003""; }; requestCookie: 3; ","ledgerHash: ""\354@[\274\202\021\202\373Vi\243\n\325\250\005e\360""m\346'\311@\343\016$L\346\334\360<w""; ledgerSeq: 8; type: liBASE; nodes {;   nodedata: ""\000\000\000\010\001cEx]\211\377\342\311\347s\234ae\204\263\365U\334\372D\354\345\276\201f\035\271%#\375\245\314.""\373\330&\3746\000\000\000\000\000\000\000\000\000\000\000\000\000\000\000\000\000\000\000\000\000\000\000\000\000\000\000\000\000\000\000\000\245lQI\023\t3o\213\325\024\3601\255\010\244\306\3215\261\204Q\r\327\317\312f\322eb\215C/\352\224\010/\352\224\020\n\000""; }; nodes {;   nodedata: ""h\315\350\215y\203\242]\371\235\232Pt&\325\210eZ\346\237XZ \277\2457n\221\336\253\245\317\002w\n\356\350\316{k\272E0\225\362\025\010\366\367\372\263\355xq\360\261\376M<\356\347\007zf\307\006E\344\037@\210\363\010\336T\226\247'\204_{\261\370""1\235\2445\343\033Y!\212\201\341\272\225'\007*$\244&\336\343'\233i\332\374\245 {^\306-N\333\gE\006\347\212\331C\211Z\177\247\031\n\265\022\035W\277\033\265pM\027\313x\327iNP(O\216Pk&\235\336\223\217\374\212\253\322w\362\013\210`4\253""\302f\230\374\037bx\0145C\307\337\316[\244d\302\3031\347\300\025aX\357\226\221\016\003""; }; requestCookie: 3; "
1750587280549,1750587280550,3414,1,0,2,TMGetLedger,"itype: liTS_CANDIDATE; ledgerHash: ""b\001;\355\\351h\305\360*\252j\2470\334[#|\313\3606\207\210\245\372\217RX\333g`K""; nodeIDs: ""\000\000\000\000\000\000\000\000\000\000\000\000\000\000\000\000\000\000\000\000\000\000\000\000\000\000\000\000\000\000\000\000\000""; queryType: qtINDIRECT; queryDepth: 3; ","itype: liTS_CANDIDATE; ledgerHash: ""b\001;\355\\351h\305\360*\252j\2470\334[#|\313\3606\207\210\245\372\217RX\333g`K""; nodeIDs: ""\000\000\000\000\000\000\000\000\000\000\000\000\000\000\000\000\000\000\000\000\000\000\000\000\000\000\000\000\000\000\000\000\000""; queryType: qtINDIRECT; queryDepth: 3; "
1750587280551,1750587280551,1764,1,0,3,TMGetLedger,"itype: liTS_CANDIDATE; ledgerHash: ""b\001;\355\\351h\305\360*\252j\2470\334[#|\313\3606\207\210\245\372\217RX\333g`K""; nodeIDs: ""\000\000\000\000\000\000\000\000\000\000\000\000\000\000\000\000\000\000\000\000\000\000\000\000\000\000\000\000\000\000\000\000\000""; queryType: qtINDIRECT; queryDepth: 3; ","itype: liTS_CANDIDATE; ledgerHash: ""b\001;\355\\351h\305\360*\252j\2470\334[#|\313\3606\207\210\245\372\217RX\333g`K""; nodeIDs: ""\000\000\000\000\000\000\000\000\000\000\000\000\000\000\000\000\000\000\000\000\000\000\000\000\000\000\000\000\000\000\000\000\000""; queryType: qtINDIRECT; queryDepth: 3; "
1750587280551,1750587280551,393,1,0,1,TMGetLedger,"itype: liTS_CANDIDATE; ledgerHash: ""b\001;\355\\351h\305\360*\252j\2470\334[#|\313\3606\207\210\245\372\217RX\333g`K""; nodeIDs: ""\000\000\000\000\000\000\000\000\000\000\000\000\000\000\000\000\000\000\000\000\000\000\000\000\000\000\000\000\000\000\000\000\000""; queryType: qtINDIRECT; queryDepth: 3; ","itype: liTS_CANDIDATE; ledgerHash: ""b\001;\355\\351h\305\360*\252j\2470\334[#|\313\3606\207\210\245\372\217RX\333g`K""; nodeIDs: ""\000\000\000\000\000\000\000\000\000\000\000\000\000\000\000\000\000\000\000\000\000\000\000\000\000\000\000\000\000\000\000\000\000""; queryType: qtINDIRECT; queryDepth: 3; "
1750587280551,1750587280551,1466,1,0,4,TMGetLedger,"itype: liTS_CANDIDATE; ledgerHash: ""b\001;\355\\351h\305\360*\252j\2470\334[#|\313\3606\207\210\245\372\217RX\333g`K""; nodeIDs: ""\000\000\000\000\000\000\000\000\000\000\000\000\000\000\000\000\000\000\000\000\000\000\000\000\000\000\000\000\000\000\000\000\000""; queryType: qtINDIRECT; queryDepth: 3; ","itype: liTS_CANDIDATE; ledgerHash: ""b\001;\355\\351h\305\360*\252j\2470\334[#|\313\3606\207\210\245\372\217RX\333g`K""; nodeIDs: ""\000\000\000\000\000\000\000\000\000\000\000\000\000\000\000\000\000\000\000\000\000\000\000\000\000\000\000\000\000\000\000\000\000""; queryType: qtINDIRECT; queryDepth: 3; "
1750587280558,1750587280558,1435,1,4,1,TMLedgerData,"ledgerHash: ""\r!N\267\203~\313a\272~\344A\332\034\332r\\301\240a\307\341\261(c(\021\265B\030@(""; ledgerSeq: 0; type: liTS_CANDIDATE; nodes {;   nodedata: ""\247\272\246\2214\014W1\360z\262\252=\343\207'\275\266;\016\021\306\330\030\225\023\357\272\353\200x\221\n\003"";   nodeid: ""\000\000\000\000\000\000\000\000\000\000\000\000\000\000\000\000\000\000\000\000\000\000\000\000\000\000\000\000\000\000\000\000\000""; }; ","ledgerHash: ""\r!N\267\203~\313a\272~\344A\332\034\332r\\301\240a\307\341\261(c(\021\265B\030@(""; ledgerSeq: 0; type: liTS_CANDIDATE; nodes {;   nodedata: ""\247\272\246\2214\014W1\360z\262\252=\343\207'\275\266;\016\021\306\330\030\225\023\357\272\353\200x\221\n\003"";   nodeid: ""\000\000\000\000\000\000\000\000\000\000\000\000\000\000\000\000\000\000\000\000\000\000\000\000\000\000\000\000\000\000\000\000\000""; }; "
1750587280560,1750587280560,2655,1,1,0,TMLedgerData,"ledgerHash: ""\007\347lg\346B\270\350\352\375\266\371?(\361\364\365I|\375\262>\230(\333\250\331\007\360U\024\027""; ledgerSeq: 0; type: liTS_CANDIDATE; nodes {;   nodedata: ""\003S\n\235\2624\346\340\377asq\337\223T\316nL\232)C!\360\245\205[L\224\\351\351\000\003"";   nodeid: ""\000\000\000\000\000\000\000\000\000\000\000\000\000\000\000\000\000\000\000\000\000\000\000\000\000\000\000\000\000\000\000\000\000""; }; requestCookie: 4; ","ledgerHash: ""\007\347lg\346B\270\350\352\375\266\371?(\361\364\365I|\375\262>\230(\333\250\331\007\360U\024\027""; ledgerSeq: 0; type: liTS_CANDIDATE; nodes {;   nodedata: ""\003S\n\235\2624\346\340\377asq\337\223T\316nL\232)C!\360\245\205[L\224\\351\351\000\003"";   nodeid: ""\000\000\000\000\000\000\000\000\000\000\000\000\000\000\000\000\000\000\000\000\000\000\000\000\000\000\000\000\000\000\000\000\000""; }; requestCookie: 4; "
1750587280580,1750587280581,2472,1,1,2,TMLedgerData,"ledgerHash: ""\007\347lg\346B\270\350\352\375\266\371?(\361\364\365I|\375\262>\230(\333\250\331\007\360U\024\027""; ledgerSeq: 0; type: liTS_CANDIDATE; nodes {;   nodedata: ""\003S\n\235\2624\346\340\377asq\337\223T\316nL\232)C!\360\245\205[L\224\\351\351\000\003"";   nodeid: ""\000\000\000\000\000\000\000\000\000\000\000\000\000\000\000\000\000\000\000\000\000\000\000\000\000\000\000\000\000\000\000\000\000""; }; ","ledgerHash: ""\007\347lg\346B\270\350\352\375\266\371?(\361\364\365I|\375\262>\230(\333\250\331\007\360U\024\027""; ledgerSeq: 0; type: liTS_CANDIDATE; nodes {;   nodedata: ""\003S\n\235\2624\346\340\377asq\337\223T\316nL\232)C!\360\245\205[L\224\\351\351\000\003"";   nodeid: ""\000\000\000\000\000\000\000\000\000\000\000\000\000\000\000\000\000\000\000\000\000\000\000\000\000\000\000\000\000\000\000\000\000""; }; "
1750587280581,1750587280581,557,1,4,1,TMGetLedger,"itype: liTS_CANDIDATE; ledgerHash: ""\007\347lg\346B\270\350\352\375\266\371?(\361\364\365I|\375\262>\230(\333\250\331\007\360U\024\027""; nodeIDs: ""\000\000\000\000\000\000\000\000\000\000\000\000\000\000\000\000\000\000\000\000\000\000\000\000\000\000\000\000\000\000\000\000\000""; requestCookie: 1; queryType: qtINDIRECT; queryDepth: 3; ","itype: liTS_CANDIDATE; ledgerHash: ""\007\347lg\346B\270\350\352\375\266\371?(\361\364\365I|\375\262>\230(\333\250\331\007\360U\024\027""; nodeIDs: ""\000\000\000\000\000\000\000\000\000\000\000\000\000\000\000\000\000\000\000\000\000\000\000\000\000\000\000\000\000\000\000\000\000""; requestCookie: 1; queryType: qtINDIRECT; queryDepth: 3; "
1750587280613,1750587280613,342,1,2,1,TMGetLedger,"itype: liTS_CANDIDATE; ledgerHash: ""\007\347lg\346B\270\350\352\375\266\371?(\361\364\365I|\375\262>\230(\333\250\331\007\360U\024\027""; nodeIDs: ""\000\000\000\000\000\000\000\000\000\000\000\000\000\000\000\000\000\000\000\000\000\000\000\000\000\000\000\000\000\000\000\000\000""; requestCookie: 4; queryType: qtINDIRECT; queryDepth: 3; ","itype: liTS_CANDIDATE; ledgerHash: ""\007\347lg\346B\270\350\352\375\266\371?(\361\364\365I|\375\262>\230(\333\250\331\007\360U\024\027""; nodeIDs: ""\000\000\000\000\000\000\000\000\000\000\000\000\000\000\000\000\000\000\000\000\000\000\000\000\000\000\000\000\000\000\000\000\000""; requestCookie: 4; queryType: qtINDIRECT; queryDepth: 3; "
1750587280631,1750587280631,2142,1,3,1,TMGetLedger,"itype: liTS_CANDIDATE; ledgerHash: ""\007\347lg\346B\270\350\352\375\266\371?(\361\364\365I|\375\262>\230(\333\250\331\007\360U\024\027""; nodeIDs: ""\000\000\000\000\000\000\000\000\000\000\000\000\000\000\000\000\000\000\000\000\000\000\000\000\000\000\000\000\000\000\000\000\000""; requestCookie: 2; queryType: qtINDIRECT; queryDepth: 3; ","itype: liTS_CANDIDATE; ledgerHash: ""\007\347lg\346B\270\350\352\375\266\371?(\361\364\365I|\375\262>\230(\333\250\331\007\360U\024\027""; nodeIDs: ""\000\000\000\000\000\000\000\000\000\000\000\000\000\000\000\000\000\000\000\000\000\000\000\000\000\000\000\000\000\000\000\000\000""; requestCookie: 2; queryType: qtINDIRECT; queryDepth: 3; "
1750587280640,1750587280640,2715,1,1,4,TMLedgerData,"ledgerHash: ""\007\347lg\346B\270\350\352\375\266\371?(\361\364\365I|\375\262>\230(\333\250\331\007\360U\024\027""; ledgerSeq: 0; type: liTS_CANDIDATE; nodes {;   nodedata: ""\003S\n\235\2624\346\340\377asq\337\223T\316nL\232)C!\360\245\205[L\224\\351\351\000\003"";   nodeid: ""\000\000\000\000\000\000\000\000\000\000\000\000\000\000\000\000\000\000\000\000\000\000\000\000\000\000\000\000\000\000\000\000\000""; }; requestCookie: 1; ","ledgerHash: ""\007\347lg\346B\270\350\352\375\266\371?(\361\364\365I|\375\262>\230(\333\250\331\007\360U\024\027""; ledgerSeq: 0; type: liTS_CANDIDATE; nodes {;   nodedata: ""\003S\n\235\2624\346\340\377asq\337\223T\316nL\232)C!\360\245\205[L\224\\351\351\000\003"";   nodeid: ""\000\000\000\000\000\000\000\000\000\000\000\000\000\000\000\000\000\000\000\000\000\000\000\000\000\000\000\000\000\000\000\000\000""; }; requestCookie: 1; "
1750587280646,1750587280646,3914,1,4,3,TMGetLedger,"itype: liBASE; ledgerHash: ""\237\231\311\371Y@""\177>\241""\310\233r\315\210Z\003g\334\034\021\305\3353Q\035\224\200\224\347\257""; ","itype: liBASE; ledgerHash: ""\237\231\311\371Y@""\177>\241""\310\233r\315\210Z\003g\334\034\021\305\3353Q\035\224\200\224\347\257""; "
1750587280646,1750587280646,1467,1,4,2,TMGetLedger,"itype: liBASE; ledgerHash: ""\237\231\311\371Y@""\177>\241""\310\233r\315\210Z\003g\334\034\021\305\3353Q\035\224\200\224\347\257""; queryType: qtINDIRECT; ","itype: liBASE; ledgerHash: ""\237\231\311\371Y@""\177>\241""\310\233r\315\210Z\003g\334\034\021\305\3353Q\035\224\200\224\347\257""; queryType: qtINDIRECT; "
1750587280646,1750587280646,1357,1,4,3,TMValidation,"validation: """"\200\000\000\001&\000\000\000\010)/\352\224\016:\211l\014`\252m\212dQ\237\231\311\371Y@""\177>\241""\310\233r\315\210Z\003g\334\034\021\305\3353Q\035\224\200\224\347\257P\027\r!N\267\203~\313a\272~\344A\332\034\332r\\301\240a\307\341\261(c(\021\265B\030@(P\031\311\347s\234ae\204\263\365U\334\372D\354\345\276\201f\035\271%#\375\245\314.""\373\330&\3746s!\003\325Q\255\224\274R@\312\253\262\347\352\034\346\347\242\215,\312\376=\277\353{\350\225\301\305`^, vF0D\002 \022/'\342Z\006k\364Cw\242\364\353\202\300x\241$\264\217\220\n""\342\224\014\337O\r\005\315\366\002 v""\t\332\026t\206\273VT\025n\332[\202\272\035o\017\351,\026\020\253\000\366\337\266MY\034j""; ","validation: """"\200\000\000\001&\000\000\000\010)/\352\224\016:\211l\014`\252m\212dQ\237\231\311\371Y@""\177>\241""\310\233r\315\210Z\003g\334\034\021\305\3353Q\035\224\200\224\347\257P\027\r!N\267\203~\313a\272~\344A\332\034\332r\\301\240a\307\341\261(c(\021\265B\030@(P\031\311\347s\234ae\204\263\365U\334\372D\354\345\276\201f\035\271%#\375\245\314.""\373\330&\3746s!\003\325Q\255\224\274R@\312\253\262\347\352\034\346\347\242\215,\312\376=\277\353{\350\225\301\305`^, vF0D\002 \022/'\342Z\006k\364Cw\242\364\353\202\300x\241$\264\217\220\n""\342\224\014\337O\r\005\315\366\002 v""\t\332\026t\206\273VT\025n\332[\202\272\035o\017\351,\026\020\253\000\366\337\266MY\034j""; "
1750587280647,1750587280647,1467,1,4,2,TMGetLedger,"itype: liBASE; ledgerHash: ""\237\231\311\371Y@""\177>\241""\310\233r\315\210Z\003g\334\034\021\305\3353Q\035\224\200\224\347\257""; ","itype: liBASE; ledgerHash: ""\237\231\311\371Y@""\177>\241""\310\233r\315\210Z\003g\334\034\021\305\3353Q\035\224\200\224\347\257""; "
1750587280648,1750587280648,3914,1,4,3,TMGetLedger,"itype: liBASE; ledgerHash: ""\237\231\311\371Y@""\177>\241""\310\233r\315\210Z\003g\334\034\021\305\3353Q\035\224\200\224\347\257""; queryType: qtINDIRECT; ","itype: liBASE; ledgerHash: ""\237\231\311\371Y@""\177>\241""\310\233r\315\210Z\003g\334\034\021\305\3353Q\035\224\200\224\347\257""; queryType: qtINDIRECT; "
1750587280648,1750587280648,557,1,4,1,TMGetLedger,"itype: liBASE; ledgerHash: ""\237\231\311\371Y@""\177>\241""\310\233r\315\210Z\003g\334\034\021\305\3353Q\035\224\200\224\347\257""; ","itype: liBASE; ledgerHash: ""\237\231\311\371Y@""\177>\241""\310\233r\315\210Z\003g\334\034\021\305\3353Q\035\224\200\224\347\257""; "
1750587280649,1750587280649,2819,1,4,1,TMValidation,"validation: """"\200\000\000\001&\000\000\000\010)/\352\224\016:\211l\014`\252m\212dQ\237\231\311\371Y@""\177>\241""\310\233r\315\210Z\003g\334\034\021\305\3353Q\035\224\200\224\347\257P\027\r!N\267\203~\313a\272~\344A\332\034\332r\\301\240a\307\341\261(c(\021\265B\030@(P\031\311\347s\234ae\204\263\365U\334\372D\354\345\276\201f\035\271%#\375\245\314.""\373\330&\3746s!\003\325Q\255\224\274R@\312\253\262\347\352\034\346\347\242\215,\312\376=\277\353{\350\225\301\305`^, vF0D\002 \022/'\342Z\006k\364Cw\242\364\353\202\300x\241$\264\217\220\n""\342\224\014\337O\r\005\315\366\002 v""\t\332\026t\206\273VT\025n\332[\202\272\035o\017\351,\026\020\253\000\366\337\266MY\034j""; ","validation: """"\200\000\000\001&\000\000\000\010)/\352\224\016:\211l\014`\252m\212dQ\237\231\311\371Y@""\177>\241""\310\233r\315\210Z\003g\334\034\021\305\3353Q\035\224\200\224\347\257P\027\r!N\267\203~\313a\272~\344A\332\034\332r\\301\240a\307\341\261(c(\021\265B\030@(P\031\311\347s\234ae\204\263\365U\334\372D\354\345\276\201f\035\271%#\375\245\314.""\373\330&\3746s!\003\325Q\255\224\274R@\312\253\262\347\352\034\346\347\242\215,\312\376=\277\353{\350\225\301\305`^, vF0D\002 \022/'\342Z\006k\364Cw\242\364\353\202\300x\241$\264\217\220\n""\342\224\014\337O\r\005\315\366\002 v""\t\332\026t\206\273VT\025n\332[\202\272\035o\017\351,\026\020\253\000\366\337\266MY\034j""; "
1750587280649,1750587280649,769,1,4,0,TMGetLedger,"itype: liBASE; ledgerHash: ""\237\231\311\371Y@""\177>\241""\310\233r\315\210Z\003g\334\034\021\305\3353Q\035\224\200\224\347\257""; ","itype: liBASE; ledgerHash: ""\237\231\311\371Y@""\177>\241""\310\233r\315\210Z\003g\334\034\021\305\3353Q\035\224\200\224\347\257""; "
1750587280650,1750587280650,557,1,4,1,TMGetLedger,"itype: liBASE; ledgerHash: ""\237\231\311\371Y@""\177>\241""\310\233r\315\210Z\003g\334\034\021\305\3353Q\035\224\200\224\347\257""; queryType: qtINDIRECT; ","itype: liBASE; ledgerHash: ""\237\231\311\371Y@""\177>\241""\310\233r\315\210Z\003g\334\034\021\305\3353Q\035\224\200\224\347\257""; queryType: qtINDIRECT; "
1750587280650,1750587280650,3559,1,4,0,TMValidation,"validation: """"\200\000\000\001&\000\000\000\010)/\352\224\016:\211l\014`\252m\212dQ\237\231\311\371Y@""\177>\241""\310\233r\315\210Z\003g\334\034\021\305\3353Q\035\224\200\224\347\257P\027\r!N\267\203~\313a\272~\344A\332\034\332r\\301\240a\307\341\261(c(\021\265B\030@(P\031\311\347s\234ae\204\263\365U\334\372D\354\345\276\201f\035\271%#\375\245\314.""\373\330&\3746s!\003\325Q\255\224\274R@\312\253\262\347\352\034\346\347\242\215,\312\376=\277\353{\350\225\301\305`^, vF0D\002 \022/'\342Z\006k\364Cw\242\364\353\202\300x\241$\264\217\220\n""\342\224\014\337O\r\005\315\366\002 v""\t\332\026t\206\273VT\025n\332[\202\272\035o\017\351,\026\020\253\000\366\337\266MY\034j""; ","validation: """"\200\000\000\001&\000\000\000\010)/\352\224\016:\211l\014`\252m\212dQ\237\231\311\371Y@""\177>\241""\310\233r\315\210Z\003g\334\034\021\305\3353Q\035\224\200\224\347\257P\027\r!N\267\203~\313a\272~\344A\332\034\332r\\301\240a\307\341\261(c(\021\265B\030@(P\031\311\347s\234ae\204\263\365U\334\372D\354\345\276\201f\035\271%#\375\245\314.""\373\330&\3746s!\003\325Q\255\224\274R@\312\253\262\347\352\034\346\347\242\215,\312\376=\277\353{\350\225\301\305`^, vF0D\002 \022/'\342Z\006k\364Cw\242\364\353\202\300x\241$\264\217\220\n""\342\224\014\337O\r\005\315\366\002 v""\t\332\026t\206\273VT\025n\332[\202\272\035o\017\351,\026\020\253\000\366\337\266MY\034j""; "
1750587280650,1750587280650,769,1,4,0,TMGetLedger,"itype: liBASE; ledgerHash: ""\237\231\311\371Y@""\177>\241""\310\233r\315\210Z\003g\334\034\021\305\3353Q\035\224\200\224\347\257""; queryType: qtINDIRECT; ","itype: liBASE; ledgerHash: ""\237\231\311\371Y@""\177>\241""\310\233r\315\210Z\003g\334\034\021\305\3353Q\035\224\200\224\347\257""; queryType: qtINDIRECT; "
1750587280659,1750587280659,3487,1,0,3,TMLedgerData,"ledgerHash: ""\007\347lg\346B\270\350\352\375\266\371?(\361\364\365I|\375\262>\230(\333\250\331\007\360U\024\027""; ledgerSeq: 0; type: liTS_CANDIDATE; nodes {;   nodedata: ""\003S\n\235\2624\346\340\377asq\337\223T\316nL\232)C!\360\245\205[L\224\\351\351\000\003"";   nodeid: ""\000\000\000\000\000\000\000\000\000\000\000\000\000\000\000\000\000\000\000\000\000\000\000\000\000\000\000\000\000\000\000\000\000""; }; ","ledgerHash: ""\007\347lg\346B\270\350\352\375\266\371?(\361\364\365I|\375\262>\230(\333\250\331\007\360U\024\027""; ledgerSeq: 0; type: liTS_CANDIDATE; nodes {;   nodedata: ""\003S\n\235\2624\346\340\377asq\337\223T\316nL\232)C!\360\245\205[L\224\\351\351\000\003"";   nodeid: ""\000\000\000\000\000\000\000\000\000\000\000\000\000\000\000\000\000\000\000\000\000\000\000\000\000\000\000\000\000\000\000\000\000""; }; "
1750587280665,1750587280665,1399,1,1,3,TMLedgerData,"ledgerHash: ""\007\347lg\346B\270\350\352\375\266\371?(\361\364\365I|\375\262>\230(\333\250\331\007\360U\024\027""; ledgerSeq: 0; type: liTS_CANDIDATE; nodes {;   nodedata: ""\003S\n\235\2624\346\340\377asq\337\223T\316nL\232)C!\360\245\205[L\224\\351\351\000\003"";   nodeid: ""\000\000\000\000\000\000\000\000\000\000\000\000\000\000\000\000\000\000\000\000\000\000\000\000\000\000\000\000\000\000\000\000\000""; }; ","ledgerHash: ""\007\347lg\346B\270\350\352\375\266\371?(\361\364\365I|\375\262>\230(\333\250\331\007\360U\024\027""; ledgerSeq: 0; type: liTS_CANDIDATE; nodes {;   nodedata: ""\003S\n\235\2624\346\340\377asq\337\223T\316nL\232)C!\360\245\205[L\224\\351\351\000\003"";   nodeid: ""\000\000\000\000\000\000\000\000\000\000\000\000\000\000\000\000\000\000\000\000\000\000\000\000\000\000\000\000\000\000\000\000\000""; }; "
1750587280691,1750587280691,342,1,2,1,TMGetLedger,"itype: liTS_CANDIDATE; ledgerHash: ""\r!N\267\203~\313a\272~\344A\332\034\332r\\301\240a\307\341\261(c(\021\265B\030@(""; nodeIDs: ""\000\000\000\000\000\000\000\000\000\000\000\000\000\000\000\000\000\000\000\000\000\000\000\000\000\000\000\000\000\000\000\000\000""; queryType: qtINDIRECT; queryDepth: 3; ","itype: liTS_CANDIDATE; ledgerHash: ""\r!N\267\203~\313a\272~\344A\332\034\332r\\301\240a\307\341\261(c(\021\265B\030@(""; nodeIDs: ""\000\000\000\000\000\000\000\000\000\000\000\000\000\000\000\000\000\000\000\000\000\000\000\000\000\000\000\000\000\000\000\000\000""; queryType: qtINDIRECT; queryDepth: 3; "
1750587280692,1750587280692,2792,1,4,2,TMLedgerData,"ledgerHash: ""\r!N\267\203~\313a\272~\344A\332\034\332r\\301\240a\307\341\261(c(\021\265B\030@(""; ledgerSeq: 0; type: liTS_CANDIDATE; nodes {;   nodedata: ""\247\272\246\2214\014W1\360z\262\252=\343\207'\275\266;\016\021\306\330\030\225\023\357\272\353\200x\221\n\003"";   nodeid: ""\000\000\000\000\000\000\000\000\000\000\000\000\000\000\000\000\000\000\000\000\000\000\000\000\000\000\000\000\000\000\000\000\000""; }; ","ledgerHash: ""\r!N\267\203~\313a\272~\344A\332\034\332r\\301\240a\307\341\261(c(\021\265B\030@(""; ledgerSeq: 0; type: liTS_CANDIDATE; nodes {;   nodedata: ""\247\272\246\2214\014W1\360z\262\252=\343\207'\275\266;\016\021\306\330\030\225\023\357\272\353\200x\221\n\003"";   nodeid: ""\000\000\000\000\000\000\000\000\000\000\000\000\000\000\000\000\000\000\000\000\000\000\000\000\000\000\000\000\000\000\000\000\000""; }; "
1750587280692,1750587280692,1582,1,2,0,TMGetLedger,"itype: liTS_CANDIDATE; ledgerHash: ""\r!N\267\203~\313a\272~\344A\332\034\332r\\301\240a\307\341\261(c(\021\265B\030@(""; nodeIDs: ""\000\000\000\000\000\000\000\000\000\000\000\000\000\000\000\000\000\000\000\000\000\000\000\000\000\000\000\000\000\000\000\000\000""; queryType: qtINDIRECT; queryDepth: 3; ","itype: liTS_CANDIDATE; ledgerHash: ""\r!N\267\203~\313a\272~\344A\332\034\332r\\301\240a\307\341\261(c(\021\265B\030@(""; nodeIDs: ""\000\000\000\000\000\000\000\000\000\000\000\000\000\000\000\000\000\000\000\000\000\000\000\000\000\000\000\000\000\000\000\000\000""; queryType: qtINDIRECT; queryDepth: 3; "
1750587280692,1750587280692,499,1,2,4,TMGetLedger,"itype: liTS_CANDIDATE; ledgerHash: ""\r!N\267\203~\313a\272~\344A\332\034\332r\\301\240a\307\341\261(c(\021\265B\030@(""; nodeIDs: ""\000\000\000\000\000\000\000\000\000\000\000\000\000\000\000\000\000\000\000\000\000\000\000\000\000\000\000\000\000\000\000\000\000""; queryType: qtINDIRECT; queryDepth: 3; ","itype: liTS_CANDIDATE; ledgerHash: ""\r!N\267\203~\313a\272~\344A\332\034\332r\\301\240a\307\341\261(c(\021\265B\030@(""; nodeIDs: ""\000\000\000\000\000\000\000\000\000\000\000\000\000\000\000\000\000\000\000\000\000\000\000\000\000\000\000\000\000\000\000\000\000""; queryType: qtINDIRECT; queryDepth: 3; "
1750587280691,1750587280692,3898,1,2,3,TMGetLedger,"itype: liTS_CANDIDATE; ledgerHash: ""\r!N\267\203~\313a\272~\344A\332\034\332r\\301\240a\307\341\261(c(\021\265B\030@(""; nodeIDs: ""\000\000\000\000\000\000\000\000\000\000\000\000\000\000\000\000\000\000\000\000\000\000\000\000\000\000\000\000\000\000\000\000\000""; queryType: qtINDIRECT; queryDepth: 3; ","itype: liTS_CANDIDATE; ledgerHash: ""\r!N\267\203~\313a\272~\344A\332\034\332r\\301\240a\307\341\261(c(\021\265B\030@(""; nodeIDs: ""\000\000\000\000\000\000\000\000\000\000\000\000\000\000\000\000\000\000\000\000\000\000\000\000\000\000\000\000\000\000\000\000\000""; queryType: qtINDIRECT; queryDepth: 3; "
1750587280693,1750587280693,2655,1,1,0,TMLedgerData,"ledgerHash: ""b\001;\355\\351h\305\360*\252j\2470\334[#|\313\3606\207\210\245\372\217RX\333g`K""; ledgerSeq: 0; type: liTS_CANDIDATE; nodes {;   nodedata: "" \245\366\271\024\035\303\242}O\341[\232\374\0350\307\253\205\001\301\216B\031pk\231\004\271\276\265\240\002\003"";   nodeid: ""\000\000\000\000\000\000\000\000\000\000\000\000\000\000\000\000\000\000\000\000\000\000\000\000\000\000\000\000\000\000\000\000\000""; }; ","ledgerHash: ""b\001;\355\\351h\305\360*\252j\2470\334[#|\313\3606\207\210\245\372\217RX\333g`K""; ledgerSeq: 0; type: liTS_CANDIDATE; nodes {;   nodedata: "" \245\366\271\024\035\303\242}O\341[\232\374\0350\307\253\205\001\301\216B\031pk\231\004\271\276\265\240\002\003"";   nodeid: ""\000\000\000\000\000\000\000\000\000\000\000\000\000\000\000\000\000\000\000\000\000\000\000\000\000\000\000\000\000\000\000\000\000""; }; "
1750587280704,1750587280704,1939,1,1,4,TMValidation,"validation: """"\200\000\000\001&\000\000\000\010)/\352\224\016:\211l\014`\252m\212dQ\237\231\311\371Y@""\177>\241""\310\233r\315\210Z\003g\334\034\021\305\3353Q\035\224\200\224\347\257P\027\r!N\267\203~\313a\272~\344A\332\034\332r\\301\240a\307\341\261(c(\021\265B\030@(P\031\311\347s\234ae\204\263\365U\334\372D\354\345\276\201f\035\271%#\375\245\314.""\373\330&\3746s!\003\325Q\255\224\274R@\312\253\262\347\352\034\346\347\242\215,\312\376=\277\353{\350\225\301\305`^, vF0D\002 \022/'\342Z\006k\364Cw\242\364\353\202\300x\241$\264\217\220\n""\342\224\014\337O\r\005\315\366\002 v""\t\332\026t\206\273VT\025n\332[\202\272\035o\017\351,\026\020\253\000\366\337\266MY\034j""; ","validation: """"\200\000\000\001&\000\000\000\010)/\352\224\016:\211l\014`\252m\212dQ\237\231\311\371Y@""\177>\241""\310\233r\315\210Z\003g\334\034\021\305\3353Q\035\224\200\224\347\257P\027\r!N\267\203~\313a\272~\344A\332\034\332r\\301\240a\307\341\261(c(\021\265B\030@(P\031\311\347s\234ae\204\263\365U\334\372D\354\345\276\201f\035\271%#\375\245\314.""\373\330&\3746s!\003\325Q\255\224\274R@\312\253\262\347\352\034\346\347\242\215,\312\376=\277\353{\350\225\301\305`^, vF0D\002 \022/'\342Z\006k\364Cw\242\364\353\202\300x\241$\264\217\220\n""\342\224\014\337O\r\005\315\366\002 v""\t\332\026t\206\273VT\025n\332[\202\272\035o\017\351,\026\020\253\000\366\337\266MY\034j""; "
1750587280705,1750587280706,674,1,1,2,TMGetLedger,"itype: liBASE; ledgerHash: ""\237\231\311\371Y@""\177>\241""\310\233r\315\210Z\003g\334\034\021\305\3353Q\035\224\200\224\347\257""; queryType: qtINDIRECT; ","itype: liBASE; ledgerHash: ""\237\231\311\371Y@""\177>\241""\310\233r\315\210Z\003g\334\034\021\305\3353Q\035\224\200\224\347\257""; queryType: qtINDIRECT; "
1750587280706,1750587280706,674,1,1,2,TMGetLedger,"itype: liBASE; ledgerHash: ""\237\231\311\371Y@""\177>\241""\310\233r\315\210Z\003g\334\034\021\305\3353Q\035\224\200\224\347\257""; ","itype: liBASE; ledgerHash: ""\237\231\311\371Y@""\177>\241""\310\233r\315\210Z\003g\334\034\021\305\3353Q\035\224\200\224\347\257""; "
1750587280705,1750587280705,2860,1,1,4,TMGetLedger,"itype: liBASE; ledgerHash: ""\237\231\311\371Y@""\177>\241""\310\233r\315\210Z\003g\334\034\021\305\3353Q\035\224\200\224\347\257""; ","itype: liBASE; ledgerHash: ""\237\231\311\371Y@""\177>\241""\310\233r\315\210Z\003g\334\034\021\305\3353Q\035\224\200\224\347\257""; "
1750587280706,1750587280706,2860,1,1,4,TMGetLedger,"itype: liBASE; ledgerHash: ""\237\231\311\371Y@""\177>\241""\310\233r\315\210Z\003g\334\034\021\305\3353Q\035\224\200\224\347\257""; queryType: qtINDIRECT; ","itype: liBASE; ledgerHash: ""\237\231\311\371Y@""\177>\241""\310\233r\315\210Z\003g\334\034\021\305\3353Q\035\224\200\224\347\257""; queryType: qtINDIRECT; "
1750587280707,1750587280707,1289,1,1,3,TMValidation,"validation: """"\200\000\000\001&\000\000\000\010)/\352\224\016:\211l\014`\252m\212dQ\237\231\311\371Y@""\177>\241""\310\233r\315\210Z\003g\334\034\021\305\3353Q\035\224\200\224\347\257P\027\r!N\267\203~\313a\272~\344A\332\034\332r\\301\240a\307\341\261(c(\021\265B\030@(P\031\311\347s\234ae\204\263\365U\334\372D\354\345\276\201f\035\271%#\375\245\314.""\373\330&\3746s!\003\325Q\255\224\274R@\312\253\262\347\352\034\346\347\242\215,\312\376=\277\353{\350\225\301\305`^, vF0D\002 \022/'\342Z\006k\364Cw\242\364\353\202\300x\241$\264\217\220\n""\342\224\014\337O\r\005\315\366\002 v""\t\332\026t\206\273VT\025n\332[\202\272\035o\017\351,\026\020\253\000\366\337\266MY\034j""; ","validation: """"\200\000\000\001&\000\000\000\010)/\352\224\016:\211l\014`\252m\212dQ\237\231\311\371Y@""\177>\241""\310\233r\315\210Z\003g\334\034\021\305\3353Q\035\224\200\224\347\257P\027\r!N\267\203~\313a\272~\344A\332\034\332r\\301\240a\307\341\261(c(\021\265B\030@(P\031\311\347s\234ae\204\263\365U\334\372D\354\345\276\201f\035\271%#\375\245\314.""\373\330&\3746s!\003\325Q\255\224\274R@\312\253\262\347\352\034\346\347\242\215,\312\376=\277\353{\350\225\301\305`^, vF0D\002 \022/'\342Z\006k\364Cw\242\364\353\202\300x\241$\264\217\220\n""\342\224\014\337O\r\005\315\366\002 v""\t\332\026t\206\273VT\025n\332[\202\272\035o\017\351,\026\020\253\000\366\337\266MY\034j""; "
1750587280708,1750587280708,3553,1,1,3,TMGetLedger,"itype: liBASE; ledgerHash: ""\237\231\311\371Y@""\177>\241""\310\233r\315\210Z\003g\334\034\021\305\3353Q\035\224\200\224\347\257""; ","itype: liBASE; ledgerHash: ""\237\231\311\371Y@""\177>\241""\310\233r\315\210Z\003g\334\034\021\305\3353Q\035\224\200\224\347\257""; "
1750587280708,1750587280708,3553,1,1,3,TMGetLedger,"itype: liBASE; ledgerHash: ""\237\231\311\371Y@""\177>\241""\310\233r\315\210Z\003g\334\034\021\305\3353Q\035\224\200\224\347\257""; queryType: qtINDIRECT; ","itype: liBASE; ledgerHash: ""\237\231\311\371Y@""\177>\241""\310\233r\315\210Z\003g\334\034\021\305\3353Q\035\224\200\224\347\257""; queryType: qtINDIRECT; "
1750587280708,1750587280708,2472,1,1,2,TMLedgerData,"ledgerHash: ""\007\347lg\346B\270\350\352\375\266\371?(\361\364\365I|\375\262>\230(\333\250\331\007\360U\024\027""; ledgerSeq: 0; type: liTS_CANDIDATE; nodes {;   nodedata: ""\003S\n\235\2624\346\340\377asq\337\223T\316nL\232)C!\360\245\205[L\224\\351\351\000\003"";   nodeid: ""\000\000\000\000\000\000\000\000\000\000\000\000\000\000\000\000\000\000\000\000\000\000\000\000\000\000\000\000\000\000\000\000\000""; }; requestCookie: 4; ","ledgerHash: ""\007\347lg\346B\270\350\352\375\266\371?(\361\364\365I|\375\262>\230(\333\250\331\007\360U\024\027""; ledgerSeq: 0; type: liTS_CANDIDATE; nodes {;   nodedata: ""\003S\n\235\2624\346\340\377asq\337\223T\316nL\232)C!\360\245\205[L\224\\351\351\000\003"";   nodeid: ""\000\000\000\000\000\000\000\000\000\000\000\000\000\000\000\000\000\000\000\000\000\000\000\000\000\000\000\000\000\000\000\000\000""; }; requestCookie: 4; "
1750587280709,1750587280710,1753,1,0,2,TMLedgerData,"ledgerHash: ""\r!N\267\203~\313a\272~\344A\332\034\332r\\301\240a\307\341\261(c(\021\265B\030@(""; ledgerSeq: 0; type: liTS_CANDIDATE; nodes {;   nodedata: ""\247\272\246\2214\014W1\360z\262\252=\343\207'\275\266;\016\021\306\330\030\225\023\357\272\353\200x\221\n\003"";   nodeid: ""\000\000\000\000\000\000\000\000\000\000\000\000\000\000\000\000\000\000\000\000\000\000\000\000\000\000\000\000\000\000\000\000\000""; }; requestCookie: 3; ","ledgerHash: ""\r!N\267\203~\313a\272~\344A\332\034\332r\\301\240a\307\341\261(c(\021\265B\030@(""; ledgerSeq: 0; type: liTS_CANDIDATE; nodes {;   nodedata: ""\247\272\246\2214\014W1\360z\262\252=\343\207'\275\266;\016\021\306\330\030\225\023\357\272\353\200x\221\n\003"";   nodeid: ""\000\000\000\000\000\000\000\000\000\000\000\000\000\000\000\000\000\000\000\000\000\000\000\000\000\000\000\000\000\000\000\000\000""; }; requestCookie: 3; "
1750587280715,1750587280715,3090,1,1,0,TMValidation,"validation: """"\200\000\000\001&\000\000\000\010)/\352\224\016:\211l\014`\252m\212dQ\237\231\311\371Y@""\177>\241""\310\233r\315\210Z\003g\334\034\021\305\3353Q\035\224\200\224\347\257P\027\r!N\267\203~\313a\272~\344A\332\034\332r\\301\240a\307\341\261(c(\021\265B\030@(P\031\311\347s\234ae\204\263\365U\334\372D\354\345\276\201f\035\271%#\375\245\314.""\373\330&\3746s!\003\325Q\255\224\274R@\312\253\262\347\352\034\346\347\242\215,\312\376=\277\353{\350\225\301\305`^, vF0D\002 \022/'\342Z\006k\364Cw\242\364\353\202\300x\241$\264\217\220\n""\342\224\014\337O\r\005\315\366\002 v""\t\332\026t\206\273VT\025n\332[\202\272\035o\017\351,\026\020\253\000\366\337\266MY\034j""; ","validation: """"\200\000\000\001&\000\000\000\010)/\352\224\016:\211l\014`\252m\212dQ\237\231\311\371Y@""\177>\241""\310\233r\315\210Z\003g\334\034\021\305\3353Q\035\224\200\224\347\257P\027\r!N\267\203~\313a\272~\344A\332\034\332r\\301\240a\307\341\261(c(\021\265B\030@(P\031\311\347s\234ae\204\263\365U\334\372D\354\345\276\201f\035\271%#\375\245\314.""\373\330&\3746s!\003\325Q\255\224\274R@\312\253\262\347\352\034\346\347\242\215,\312\376=\277\353{\350\225\301\305`^, vF0D\002 \022/'\342Z\006k\364Cw\242\364\353\202\300x\241$\264\217\220\n""\342\224\014\337O\r\005\315\366\002 v""\t\332\026t\206\273VT\025n\332[\202\272\035o\017\351,\026\020\253\000\366\337\266MY\034j""; "
1750587280715,1750587280715,572,1,1,0,TMGetLedger,"itype: liBASE; ledgerHash: ""\237\231\311\371Y@""\177>\241""\310\233r\315\210Z\003g\334\034\021\305\3353Q\035\224\200\224\347\257""; ","itype: liBASE; ledgerHash: ""\237\231\311\371Y@""\177>\241""\310\233r\315\210Z\003g\334\034\021\305\3353Q\035\224\200\224\347\257""; "
1750587280715,1750587280716,572,1,1,0,TMGetLedger,"itype: liBASE; ledgerHash: ""\237\231\311\371Y@""\177>\241""\310\233r\315\210Z\003g\334\034\021\305\3353Q\035\224\200\224\347\257""; queryType: qtINDIRECT; ","itype: liBASE; ledgerHash: ""\237\231\311\371Y@""\177>\241""\310\233r\315\210Z\003g\334\034\021\305\3353Q\035\224\200\224\347\257""; queryType: qtINDIRECT; "
1750587280729,1750587280729,3501,1,3,4,TMValidation,"validation: """"\200\000\000\001&\000\000\000\010)/\352\224\017:?HT\314/\177\320^Q\354@[\274\202\021\202\373Vi\243\n\325\250\005e\360""m\346'\311@\343\016$L\346\334\360<wP\027\000\000\000\000\000\000\000\000\000\000\000\000\000\000\000\000\000\000\000\000\000\000\000\000\000\000\000\000\000\000\000\000P\031\311\347s\234ae\204\263\365U\334\372D\354\345\276\201f\035\271%#\375\245\314.""\373\330&\3746s!\003\343\005\311u\203\370\0338\3174\324\010\006\301\251\177\261\304eOX\262)FA-\022r\263wm\024vG0E\002!\000\315\324\346Z\n\351k\234\356A\017\r\267n\357\240\331\370V\264\3339I\016P\020c\026N\372\217\241\002 3{.?\233q\241\222\224\032\2744~L\217\236l\235]\312\337*\240\221>!\201/\3246\022\324""; ","validation: """"\200\000\000\001&\000\000\000\010)/\352\224\017:?HT\314/\177\320^Q\354@[\274\202\021\202\373Vi\243\n\325\250\005e\360""m\346'\311@\343\016$L\346\334\360<wP\027\000\000\000\000\000\000\000\000\000\000\000\000\000\000\000\000\000\000\000\000\000\000\000\000\000\000\000\000\000\000\000\000P\031\311\347s\234ae\204\263\365U\334\372D\354\345\276\201f\035\271%#\375\245\314.""\373\330&\3746s!\003\343\005\311u\203\370\0338\3174\324\010\006\301\251\177\261\304eOX\262)FA-\022r\263wm\024vG0E\002!\000\315\324\346Z\n\351k\234\356A\017\r\267n\357\240\331\370V\264\3339I\016P\020c\026N\372\217\241\002 3{.?\233q\241\222\224\032\2744~L\217\236l\235]\312\337*\240\221>!\201/\3246\022\324""; "
1750587280730,1750587280730,734,1,3,2,TMValidation,"validation: """"\200\000\000\001&\000\000\000\010)/\352\224\017:?HT\314/\177\320^Q\354@[\274\202\021\202\373Vi\243\n\325\250\005e\360""m\346'\311@\343\016$L\346\334\360<wP\027\000\000\000\000\000\000\000\000\000\000\000\000\000\000\000\000\000\000\000\000\000\000\000\000\000\000\000\000\000\000\000\000P\031\311\347s\234ae\204\263\365U\334\372D\354\345\276\201f\035\271%#\375\245\314.""\373\330&\3746s!\003\343\005\311u\203\370\0338\3174\324\010\006\301\251\177\261\304eOX\262)FA-\022r\263wm\024vG0E\002!\000\315\324\346Z\n\351k\234\356A\017\r\267n\357\240\331\370V\264\3339I\016P\020c\026N\372\217\241\002 3{.?\233q\241\222\224\032\2744~L\217\236l\235]\312\337*\240\221>!\201/\3246\022\324""; ","validation: """"\200\000\000\001&\000\000\000\010)/\352\224\017:?HT\314/\177\320^Q\354@[\274\202\021\202\373Vi\243\n\325\250\005e\360""m\346'\311@\343\016$L\346\334\360<wP\027\000\000\000\000\000\000\000\000\000\000\000\000\000\000\000\000\000\000\000\000\000\000\000\000\000\000\000\000\000\000\000\000P\031\311\347s\234ae\204\263\365U\334\372D\354\345\276\201f\035\271%#\375\245\314.""\373\330&\3746s!\003\343\005\311u\203\370\0338\3174\324\010\006\301\251\177\261\304eOX\262)FA-\022r\263wm\024vG0E\002!\000\315\324\346Z\n\351k\234\356A\017\r\267n\357\240\331\370V\264\3339I\016P\020c\026N\372\217\241\002 3{.?\233q\241\222\224\032\2744~L\217\236l\235]\312\337*\240\221>!\201/\3246\022\324""; "
1750587280730,1750587280730,3767,1,3,0,TMValidation,"validation: """"\200\000\000\001&\000\000\000\010)/\352\224\017:?HT\314/\177\320^Q\354@[\274\202\021\202\373Vi\243\n\325\250\005e\360""m\346'\311@\343\016$L\346\334\360<wP\027\000\000\000\000\000\000\000\000\000\000\000\000\000\000\000\000\000\000\000\000\000\000\000\000\000\000\000\000\000\000\000\000P\031\311\347s\234ae\204\263\365U\334\372D\354\345\276\201f\035\271%#\375\245\314.""\373\330&\3746s!\003\343\005\311u\203\370\0338\3174\324\010\006\301\251\177\261\304eOX\262)FA-\022r\263wm\024vG0E\002!\000\315\324\346Z\n\351k\234\356A\017\r\267n\357\240\331\370V\264\3339I\016P\020c\026N\372\217\241\002 3{.?\233q\241\222\224\032\2744~L\217\236l\235]\312\337*\240\221>!\201/\3246\022\324""; ","validation: """"\200\000\000\001&\000\000\000\010)/\352\224\017:?HT\314/\177\320^Q\354@[\274\202\021\202\373Vi\243\n\325\250\005e\360""m\346'\311@\343\016$L\346\334\360<wP\027\000\000\000\000\000\000\000\000\000\000\000\000\000\000\000\000\000\000\000\000\000\000\000\000\000\000\000\000\000\000\000\000P\031\311\347s\234ae\204\263\365U\334\372D\354\345\276\201f\035\271%#\375\245\314.""\373\330&\3746s!\003\343\005\311u\203\370\0338\3174\324\010\006\301\251\177\261\304eOX\262)FA-\022r\263wm\024vG0E\002!\000\315\324\346Z\n\351k\234\356A\017\r\267n\357\240\331\370V\264\3339I\016P\020c\026N\372\217\241\002 3{.?\233q\241\222\224\032\2744~L\217\236l\235]\312\337*\240\221>!\201/\3246\022\324""; "
1750587280738,1750587280738,1582,1,2,0,TMGetLedger,"itype: liTS_CANDIDATE; ledgerHash: ""\007\347lg\346B\270\350\352\375\266\371?(\361\364\365I|\375\262>\230(\333\250\331\007\360U\024\027""; nodeIDs: ""\000\000\000\000\000\000\000\000\000\000\000\000\000\000\000\000\000\000\000\000\000\000\000\000\000\000\000\000\000\000\000\000\000""; queryType: qtINDIRECT; queryDepth: 3; ","itype: liTS_CANDIDATE; ledgerHash: ""\007\347lg\346B\270\350\352\375\266\371?(\361\364\365I|\375\262>\230(\333\250\331\007\360U\024\027""; nodeIDs: ""\000\000\000\000\000\000\000\000\000\000\000\000\000\000\000\000\000\000\000\000\000\000\000\000\000\000\000\000\000\000\000\000\000""; queryType: qtINDIRECT; queryDepth: 3; "
1750587280739,1750587280739,499,1,2,4,TMGetLedger,"itype: liTS_CANDIDATE; ledgerHash: ""\007\347lg\346B\270\350\352\375\266\371?(\361\364\365I|\375\262>\230(\333\250\331\007\360U\024\027""; nodeIDs: ""\000\000\000\000\000\000\000\000\000\000\000\000\000\000\000\000\000\000\000\000\000\000\000\000\000\000\000\000\000\000\000\000\000""; queryType: qtINDIRECT; queryDepth: 3; ","itype: liTS_CANDIDATE; ledgerHash: ""\007\347lg\346B\270\350\352\375\266\371?(\361\364\365I|\375\262>\230(\333\250\331\007\360U\024\027""; nodeIDs: ""\000\000\000\000\000\000\000\000\000\000\000\000\000\000\000\000\000\000\000\000\000\000\000\000\000\000\000\000\000\000\000\000\000""; queryType: qtINDIRECT; queryDepth: 3; "
1750587280739,1750587280739,3898,1,2,3,TMGetLedger,"itype: liTS_CANDIDATE; ledgerHash: ""\007\347lg\346B\270\350\352\375\266\371?(\361\364\365I|\375\262>\230(\333\250\331\007\360U\024\027""; nodeIDs: ""\000\000\000\000\000\000\000\000\000\000\000\000\000\000\000\000\000\000\000\000\000\000\000\000\000\000\000\000\000\000\000\000\000""; queryType: qtINDIRECT; queryDepth: 3; ","itype: liTS_CANDIDATE; ledgerHash: ""\007\347lg\346B\270\350\352\375\266\371?(\361\364\365I|\375\262>\230(\333\250\331\007\360U\024\027""; nodeIDs: ""\000\000\000\000\000\000\000\000\000\000\000\000\000\000\000\000\000\000\000\000\000\000\000\000\000\000\000\000\000\000\000\000\000""; queryType: qtINDIRECT; queryDepth: 3; "
1750587280740,1750587280740,557,1,4,1,TMGetLedger,"itype: liTS_CANDIDATE; ledgerHash: ""\007\347lg\346B\270\350\352\375\266\371?(\361\364\365I|\375\262>\230(\333\250\331\007\360U\024\027""; nodeIDs: ""\000\000\000\000\000\000\000\000\000\000\000\000\000\000\000\000\000\000\000\000\000\000\000\000\000\000\000\000\000\000\000\000\000""; requestCookie: 3; queryType: qtINDIRECT; queryDepth: 3; ","itype: liTS_CANDIDATE; ledgerHash: ""\007\347lg\346B\270\350\352\375\266\371?(\361\364\365I|\375\262>\230(\333\250\331\007\360U\024\027""; nodeIDs: ""\000\000\000\000\000\000\000\000\000\000\000\000\000\000\000\000\000\000\000\000\000\000\000\000\000\000\000\000\000\000\000\000\000""; requestCookie: 3; queryType: qtINDIRECT; queryDepth: 3; "
1750587280740,1750587280740,342,1,2,1,TMGetLedger,"itype: liTS_CANDIDATE; ledgerHash: ""\007\347lg\346B\270\350\352\375\266\371?(\361\364\365I|\375\262>\230(\333\250\331\007\360U\024\027""; nodeIDs: ""\000\000\000\000\000\000\000\000\000\000\000\000\000\000\000\000\000\000\000\000\000\000\000\000\000\000\000\000\000\000\000\000\000""; queryType: qtINDIRECT; queryDepth: 3; ","itype: liTS_CANDIDATE; ledgerHash: ""\007\347lg\346B\270\350\352\375\266\371?(\361\364\365I|\375\262>\230(\333\250\331\007\360U\024\027""; nodeIDs: ""\000\000\000\000\000\000\000\000\000\000\000\000\000\000\000\000\000\000\000\000\000\000\000\000\000\000\000\000\000\000\000\000\000""; queryType: qtINDIRECT; queryDepth: 3; "
1750587280750,1750587280750,3520,1,3,1,TMLedgerData,"ledgerHash: ""\r!N\267\203~\313a\272~\344A\332\034\332r\\301\240a\307\341\261(c(\021\265B\030@(""; ledgerSeq: 0; type: liTS_CANDIDATE; nodes {;   nodedata: ""\247\272\246\2214\014W1\360z\262\252=\343\207'\275\266;\016\021\306\330\030\225\023\357\272\353\200x\221\n\003"";   nodeid: ""\000\000\000\000\000\000\000\000\000\000\000\000\000\000\000\000\000\000\000\000\000\000\000\000\000\000\000\000\000\000\000\000\000""; }; ","ledgerHash: ""\r!N\267\203~\313a\272~\344A\332\034\332r\\301\240a\307\341\261(c(\021\265B\030@(""; ledgerSeq: 0; type: liTS_CANDIDATE; nodes {;   nodedata: ""\247\272\246\2214\014W1\360z\262\252=\343\207'\275\266;\016\021\306\330\030\225\023\357\272\353\200x\221\n\003"";   nodeid: ""\000\000\000\000\000\000\000\000\000\000\000\000\000\000\000\000\000\000\000\000\000\000\000\000\000\000\000\000\000\000\000\000\000""; }; "
1750587280759,1750587280759,2655,1,1,0,TMLedgerData,"ledgerHash: ""\007\347lg\346B\270\350\352\375\266\371?(\361\364\365I|\375\262>\230(\333\250\331\007\360U\024\027""; ledgerSeq: 0; type: liTS_CANDIDATE; nodes {;   nodedata: ""\003S\n\235\2624\346\340\377asq\337\223T\316nL\232)C!\360\245\205[L\224\\351\351\000\003"";   nodeid: ""\000\000\000\000\000\000\000\000\000\000\000\000\000\000\000\000\000\000\000\000\000\000\000\000\000\000\000\000\000\000\000\000\000""; }; requestCookie: 3; ","ledgerHash: ""\007\347lg\346B\270\350\352\375\266\371?(\361\364\365I|\375\262>\230(\333\250\331\007\360U\024\027""; ledgerSeq: 0; type: liTS_CANDIDATE; nodes {;   nodedata: ""\003S\n\235\2624\346\340\377asq\337\223T\316nL\232)C!\360\245\205[L\224\\351\351\000\003"";   nodeid: ""\000\000\000\000\000\000\000\000\000\000\000\000\000\000\000\000\000\000\000\000\000\000\000\000\000\000\000\000\000\000\000\000\000""; }; requestCookie: 3; "
1750587280761,1750587280761,2655,1,1,0,TMLedgerData,"ledgerHash: ""\007\347lg\346B\270\350\352\375\266\371?(\361\364\365I|\375\262>\230(\333\250\331\007\360U\024\027""; ledgerSeq: 0; type: liTS_CANDIDATE; nodes {;   nodedata: ""\003S\n\235\2624\346\340\377asq\337\223T\316nL\232)C!\360\245\205[L\224\\351\351\000\003"";   nodeid: ""\000\000\000\000\000\000\000\000\000\000\000\000\000\000\000\000\000\000\000\000\000\000\000\000\000\000\000\000\000\000\000\000\000""; }; ","ledgerHash: ""\007\347lg\346B\270\350\352\375\266\371?(\361\364\365I|\375\262>\230(\333\250\331\007\360U\024\027""; ledgerSeq: 0; type: liTS_CANDIDATE; nodes {;   nodedata: ""\003S\n\235\2624\346\340\377asq\337\223T\316nL\232)C!\360\245\205[L\224\\351\351\000\003"";   nodeid: ""\000\000\000\000\000\000\000\000\000\000\000\000\000\000\000\000\000\000\000\000\000\000\000\000\000\000\000\000\000\000\000\000\000""; }; "
1750587280761,1750587280761,499,1,2,4,TMGetLedger,"itype: liBASE; ledgerHash: ""\354@[\274\202\021\202\373Vi\243\n\325\250\005e\360""m\346'\311@\343\016$L\346\334\360<w""; ledgerSeq: 8; requestCookie: 4; queryType: qtINDIRECT; ","itype: liBASE; ledgerHash: ""\354@[\274\202\021\202\373Vi\243\n\325\250\005e\360""m\346'\311@\343\016$L\346\334\360<w""; ledgerSeq: 8; requestCookie: 4; queryType: qtINDIRECT; "
1750587280775,1750587280775,1753,1,0,2,TMLedgerData,"ledgerHash: ""\r!N\267\203~\313a\272~\344A\332\034\332r\\301\240a\307\341\261(c(\021\265B\030@(""; ledgerSeq: 0; type: liTS_CANDIDATE; nodes {;   nodedata: ""\247\272\246\2214\014W1\360z\262\252=\343\207'\275\266;\016\021\306\330\030\225\023\357\272\353\200x\221\n\003"";   nodeid: ""\000\000\000\000\000\000\000\000\000\000\000\000\000\000\000\000\000\000\000\000\000\000\000\000\000\000\000\000\000\000\000\000\000""; }; ","ledgerHash: ""\r!N\267\203~\313a\272~\344A\332\034\332r\\301\240a\307\341\261(c(\021\265B\030@(""; ledgerSeq: 0; type: liTS_CANDIDATE; nodes {;   nodedata: ""\247\272\246\2214\014W1\360z\262\252=\343\207'\275\266;\016\021\306\330\030\225\023\357\272\353\200x\221\n\003"";   nodeid: ""\000\000\000\000\000\000\000\000\000\000\000\000\000\000\000\000\000\000\000\000\000\000\000\000\000\000\000\000\000\000\000\000\000""; }; "
1750587280776,1750587280776,1136,1,3,0,TMGetLedger,"itype: liTS_CANDIDATE; ledgerHash: ""\007\347lg\346B\270\350\352\375\266\371?(\361\364\365I|\375\262>\230(\333\250\331\007\360U\024\027""; nodeIDs: ""\000\000\000\000\000\000\000\000\000\000\000\000\000\000\000\000\000\000\000\000\000\000\000\000\000\000\000\000\000\000\000\000\000""; queryType: qtINDIRECT; queryDepth: 3; ","itype: liTS_CANDIDATE; ledgerHash: ""\007\347lg\346B\270\350\352\375\266\371?(\361\364\365I|\375\262>\230(\333\250\331\007\360U\024\027""; nodeIDs: ""\000\000\000\000\000\000\000\000\000\000\000\000\000\000\000\000\000\000\000\000\000\000\000\000\000\000\000\000\000\000\000\000\000""; queryType: qtINDIRECT; queryDepth: 3; "
1750587280777,1750587280777,1590,1,3,2,TMGetLedger,"itype: liTS_CANDIDATE; ledgerHash: ""\007\347lg\346B\270\350\352\375\266\371?(\361\364\365I|\375\262>\230(\333\250\331\007\360U\024\027""; nodeIDs: ""\000\000\000\000\000\000\000\000\000\000\000\000\000\000\000\000\000\000\000\000\000\000\000\000\000\000\000\000\000\000\000\000\000""; queryType: qtINDIRECT; queryDepth: 3; ","itype: liTS_CANDIDATE; ledgerHash: ""\007\347lg\346B\270\350\352\375\266\371?(\361\364\365I|\375\262>\230(\333\250\331\007\360U\024\027""; nodeIDs: ""\000\000\000\000\000\000\000\000\000\000\000\000\000\000\000\000\000\000\000\000\000\000\000\000\000\000\000\000\000\000\000\000\000""; queryType: qtINDIRECT; queryDepth: 3; "
1750587280777,1750587280778,3118,1,3,4,TMGetLedger,"itype: liTS_CANDIDATE; ledgerHash: ""\007\347lg\346B\270\350\352\375\266\371?(\361\364\365I|\375\262>\230(\333\250\331\007\360U\024\027""; nodeIDs: ""\000\000\000\000\000\000\000\000\000\000\000\000\000\000\000\000\000\000\000\000\000\000\000\000\000\000\000\000\000\000\000\000\000""; queryType: qtINDIRECT; queryDepth: 3; ","itype: liTS_CANDIDATE; ledgerHash: ""\007\347lg\346B\270\350\352\375\266\371?(\361\364\365I|\375\262>\230(\333\250\331\007\360U\024\027""; nodeIDs: ""\000\000\000\000\000\000\000\000\000\000\000\000\000\000\000\000\000\000\000\000\000\000\000\000\000\000\000\000\000\000\000\000\000""; queryType: qtINDIRECT; queryDepth: 3; "
1750587280784,1750587280785,2472,1,1,2,TMLedgerData,"ledgerHash: ""\r!N\267\203~\313a\272~\344A\332\034\332r\\301\240a\307\341\261(c(\021\265B\030@(""; ledgerSeq: 0; type: liTS_CANDIDATE; nodes {;   nodedata: ""\247\272\246\2214\014W1\360z\262\252=\343\207'\275\266;\016\021\306\330\030\225\023\357\272\353\200x\221\n\003"";   nodeid: ""\000\000\000\000\000\000\000\000\000\000\000\000\000\000\000\000\000\000\000\000\000\000\000\000\000\000\000\000\000\000\000\000\000""; }; ","ledgerHash: ""\r!N\267\203~\313a\272~\344A\332\034\332r\\301\240a\307\341\261(c(\021\265B\030@(""; ledgerSeq: 0; type: liTS_CANDIDATE; nodes {;   nodedata: ""\247\272\246\2214\014W1\360z\262\252=\343\207'\275\266;\016\021\306\330\030\225\023\357\272\353\200x\221\n\003"";   nodeid: ""\000\000\000\000\000\000\000\000\000\000\000\000\000\000\000\000\000\000\000\000\000\000\000\000\000\000\000\000\000\000\000\000\000""; }; "
1750587280794,1750587280794,2142,1,3,1,TMGetLedger,"itype: liTS_CANDIDATE; ledgerHash: ""\007\347lg\346B\270\350\352\375\266\371?(\361\364\365I|\375\262>\230(\333\250\331\007\360U\024\027""; nodeIDs: ""\000\000\000\000\000\000\000\000\000\000\000\000\000\000\000\000\000\000\000\000\000\000\000\000\000\000\000\000\000\000\000\000\000""; queryType: qtINDIRECT; queryDepth: 3; ","itype: liTS_CANDIDATE; ledgerHash: ""\007\347lg\346B\270\350\352\375\266\371?(\361\364\365I|\375\262>\230(\333\250\331\007\360U\024\027""; nodeIDs: ""\000\000\000\000\000\000\000\000\000\000\000\000\000\000\000\000\000\000\000\000\000\000\000\000\000\000\000\000\000\000\000\000\000""; queryType: qtINDIRECT; queryDepth: 3; "
1750587280797,1750587280797,2715,1,1,4,TMLedgerData,"ledgerHash: ""\007\347lg\346B\270\350\352\375\266\371?(\361\364\365I|\375\262>\230(\333\250\331\007\360U\024\027""; ledgerSeq: 0; type: liTS_CANDIDATE; nodes {;   nodedata: ""\003S\n\235\2624\346\340\377asq\337\223T\316nL\232)C!\360\245\205[L\224\\351\351\000\003"";   nodeid: ""\000\000\000\000\000\000\000\000\000\000\000\000\000\000\000\000\000\000\000\000\000\000\000\000\000\000\000\000\000\000\000\000\000""; }; requestCookie: 3; ","ledgerHash: ""\007\347lg\346B\270\350\352\375\266\371?(\361\364\365I|\375\262>\230(\333\250\331\007\360U\024\027""; ledgerSeq: 0; type: liTS_CANDIDATE; nodes {;   nodedata: ""\003S\n\235\2624\346\340\377asq\337\223T\316nL\232)C!\360\245\205[L\224\\351\351\000\003"";   nodeid: ""\000\000\000\000\000\000\000\000\000\000\000\000\000\000\000\000\000\000\000\000\000\000\000\000\000\000\000\000\000\000\000\000\000""; }; requestCookie: 3; "
1750587280800,1750587280800,393,1,0,1,TMGetLedger,"itype: liTS_CANDIDATE; ledgerHash: ""b\001;\355\\351h\305\360*\252j\2470\334[#|\313\3606\207\210\245\372\217RX\333g`K""; nodeIDs: ""\000\000\000\000\000\000\000\000\000\000\000\000\000\000\000\000\000\000\000\000\000\000\000\000\000\000\000\000\000\000\000\000\000""; queryType: qtINDIRECT; queryDepth: 3; ","itype: liTS_CANDIDATE; ledgerHash: ""b\001;\355\\351h\305\360*\252j\2470\334[#|\313\3606\207\210\245\372\217RX\333g`K""; nodeIDs: ""\000\000\000\000\000\000\000\000\000\000\000\000\000\000\000\000\000\000\000\000\000\000\000\000\000\000\000\000\000\000\000\000\000""; queryType: qtINDIRECT; queryDepth: 3; "
1750587280800,1750587280800,1764,1,0,3,TMGetLedger,"itype: liTS_CANDIDATE; ledgerHash: ""b\001;\355\\351h\305\360*\252j\2470\334[#|\313\3606\207\210\245\372\217RX\333g`K""; nodeIDs: ""\000\000\000\000\000\000\000\000\000\000\000\000\000\000\000\000\000\000\000\000\000\000\000\000\000\000\000\000\000\000\000\000\000""; queryType: qtINDIRECT; queryDepth: 3; ","itype: liTS_CANDIDATE; ledgerHash: ""b\001;\355\\351h\305\360*\252j\2470\334[#|\313\3606\207\210\245\372\217RX\333g`K""; nodeIDs: ""\000\000\000\000\000\000\000\000\000\000\000\000\000\000\000\000\000\000\000\000\000\000\000\000\000\000\000\000\000\000\000\000\000""; queryType: qtINDIRECT; queryDepth: 3; "
1750587280801,1750587280801,1466,1,0,4,TMGetLedger,"itype: liTS_CANDIDATE; ledgerHash: ""b\001;\355\\351h\305\360*\252j\2470\334[#|\313\3606\207\210\245\372\217RX\333g`K""; nodeIDs: ""\000\000\000\000\000\000\000\000\000\000\000\000\000\000\000\000\000\000\000\000\000\000\000\000\000\000\000\000\000\000\000\000\000""; queryType: qtINDIRECT; queryDepth: 3; ","itype: liTS_CANDIDATE; ledgerHash: ""b\001;\355\\351h\305\360*\252j\2470\334[#|\313\3606\207\210\245\372\217RX\333g`K""; nodeIDs: ""\000\000\000\000\000\000\000\000\000\000\000\000\000\000\000\000\000\000\000\000\000\000\000\000\000\000\000\000\000\000\000\000\000""; queryType: qtINDIRECT; queryDepth: 3; "
1750587280801,1750587280801,3414,1,0,2,TMGetLedger,"itype: liTS_CANDIDATE; ledgerHash: ""b\001;\355\\351h\305\360*\252j\2470\334[#|\313\3606\207\210\245\372\217RX\333g`K""; nodeIDs: ""\000\000\000\000\000\000\000\000\000\000\000\000\000\000\000\000\000\000\000\000\000\000\000\000\000\000\000\000\000\000\000\000\000""; queryType: qtINDIRECT; queryDepth: 3; ","itype: liTS_CANDIDATE; ledgerHash: ""b\001;\355\\351h\305\360*\252j\2470\334[#|\313\3606\207\210\245\372\217RX\333g`K""; nodeIDs: ""\000\000\000\000\000\000\000\000\000\000\000\000\000\000\000\000\000\000\000\000\000\000\000\000\000\000\000\000\000\000\000\000\000""; queryType: qtINDIRECT; queryDepth: 3; "
1750587280806,1750587280806,2655,1,1,0,TMLedgerData,"ledgerHash: ""\007\347lg\346B\270\350\352\375\266\371?(\361\364\365I|\375\262>\230(\333\250\331\007\360U\024\027""; ledgerSeq: 0; type: liTS_CANDIDATE; nodes {;   nodedata: ""\003S\n\235\2624\346\340\377asq\337\223T\316nL\232)C!\360\245\205[L\224\\351\351\000\003"";   nodeid: ""\000\000\000\000\000\000\000\000\000\000\000\000\000\000\000\000\000\000\000\000\000\000\000\000\000\000\000\000\000\000\000\000\000""; }; requestCookie: 4; ","ledgerHash: ""\007\347lg\346B\270\350\352\375\266\371?(\361\364\365I|\375\262>\230(\333\250\331\007\360U\024\027""; ledgerSeq: 0; type: liTS_CANDIDATE; nodes {;   nodedata: ""\003S\n\235\2624\346\340\377asq\337\223T\316nL\232)C!\360\245\205[L\224\\351\351\000\003"";   nodeid: ""\000\000\000\000\000\000\000\000\000\000\000\000\000\000\000\000\000\000\000\000\000\000\000\000\000\000\000\000\000\000\000\000\000""; }; requestCookie: 4; "
1750587280809,1750587280809,1435,1,4,1,TMLedgerData,"ledgerHash: ""\r!N\267\203~\313a\272~\344A\332\034\332r\\301\240a\307\341\261(c(\021\265B\030@(""; ledgerSeq: 0; type: liTS_CANDIDATE; nodes {;   nodedata: ""\247\272\246\2214\014W1\360z\262\252=\343\207'\275\266;\016\021\306\330\030\225\023\357\272\353\200x\221\n\003"";   nodeid: ""\000\000\000\000\000\000\000\000\000\000\000\000\000\000\000\000\000\000\000\000\000\000\000\000\000\000\000\000\000\000\000\000\000""; }; ","ledgerHash: ""\r!N\267\203~\313a\272~\344A\332\034\332r\\301\240a\307\341\261(c(\021\265B\030@(""; ledgerSeq: 0; type: liTS_CANDIDATE; nodes {;   nodedata: ""\247\272\246\2214\014W1\360z\262\252=\343\207'\275\266;\016\021\306\330\030\225\023\357\272\353\200x\221\n\003"";   nodeid: ""\000\000\000\000\000\000\000\000\000\000\000\000\000\000\000\000\000\000\000\000\000\000\000\000\000\000\000\000\000\000\000\000\000""; }; "
1750587280822,1750587280822,1753,1,0,2,TMLedgerData,"ledgerHash: ""\007\347lg\346B\270\350\352\375\266\371?(\361\364\365I|\375\262>\230(\333\250\331\007\360U\024\027""; ledgerSeq: 0; type: liTS_CANDIDATE; nodes {;   nodedata: ""\003S\n\235\2624\346\340\377asq\337\223T\316nL\232)C!\360\245\205[L\224\\351\351\000\003"";   nodeid: ""\000\000\000\000\000\000\000\000\000\000\000\000\000\000\000\000\000\000\000\000\000\000\000\000\000\000\000\000\000\000\000\000\000""; }; ","ledgerHash: ""\007\347lg\346B\270\350\352\375\266\371?(\361\364\365I|\375\262>\230(\333\250\331\007\360U\024\027""; ledgerSeq: 0; type: liTS_CANDIDATE; nodes {;   nodedata: ""\003S\n\235\2624\346\340\377asq\337\223T\316nL\232)C!\360\245\205[L\224\\351\351\000\003"";   nodeid: ""\000\000\000\000\000\000\000\000\000\000\000\000\000\000\000\000\000\000\000\000\000\000\000\000\000\000\000\000\000\000\000\000\000""; }; "
1750587280828,1750587280828,734,1,3,2,TMValidation,"validation: """"\200\000\000\001&\000\000\000\010)/\352\224\017:I\203w\200\211\SGQ\237\231\311\371Y@""\177>\241""\310\233r\315\210Z\003g\334\034\021\305\3353Q\035\224\200\224\347\257P\027\r!N\267\203~\313a\272~\344A\332\034\332r\\301\240a\307\341\261(c(\021\265B\030@(P\031\311\347s\234ae\204\263\365U\334\372D\354\345\276\201f\035\271%#\375\245\314.""\373\330&\3746s!\002\347\243J\206W\025ML\260\226\0163\217\250\337\325W\253\356*O\245Z\271\234\207C\274\375`\335\311vG0E\002!\000\276\263b]\250\331\245\342\334\022\303E#\364\326\361\037\237\022\204\323]\036t\253p\267\206\3237\341\376\002 N9\020y[\221\237\265\307\221*\375\240Y\251\367\235\266\244Xr\223\\371\2629\355K\310K1\t""; ","validation: """"\200\000\000\001&\000\000\000\010)/\352\224\017:I\203w\200\211\SGQ\237\231\311\371Y@""\177>\241""\310\233r\315\210Z\003g\334\034\021\305\3353Q\035\224\200\224\347\257P\027\r!N\267\203~\313a\272~\344A\332\034\332r\\301\240a\307\341\261(c(\021\265B\030@(P\031\311\347s\234ae\204\263\365U\334\372D\354\345\276\201f\035\271%#\375\245\314.""\373\330&\3746s!\002\347\243J\206W\025ML\260\226\0163\217\250\337\325W\253\356*O\245Z\271\234\207C\274\375`\335\311vG0E\002!\000\276\263b]\250\331\245\342\334\022\303E#\364\326\361\037\237\022\204\323]\036t\253p\267\206\3237\341\376\002 N9\020y[\221\237\265\307\221*\375\240Y\251\367\235\266\244Xr\223\\371\2629\355K\310K1\t""; "
1750587280828,1750587280828,3501,1,3,4,TMValidation,"validation: """"\200\000\000\001&\000\000\000\010)/\352\224\017:I\203w\200\211\SGQ\237\231\311\371Y@""\177>\241""\310\233r\315\210Z\003g\334\034\021\305\3353Q\035\224\200\224\347\257P\027\r!N\267\203~\313a\272~\344A\332\034\332r\\301\240a\307\341\261(c(\021\265B\030@(P\031\311\347s\234ae\204\263\365U\334\372D\354\345\276\201f\035\271%#\375\245\314.""\373\330&\3746s!\002\347\243J\206W\025ML\260\226\0163\217\250\337\325W\253\356*O\245Z\271\234\207C\274\375`\335\311vG0E\002!\000\276\263b]\250\331\245\342\334\022\303E#\364\326\361\037\237\022\204\323]\036t\253p\267\206\3237\341\376\002 N9\020y[\221\237\265\307\221*\375\240Y\251\367\235\266\244Xr\223\\371\2629\355K\310K1\t""; ","validation: """"\200\000\000\001&\000\000\000\010)/\352\224\017:I\203w\200\211\SGQ\237\231\311\371Y@""\177>\241""\310\233r\315\210Z\003g\334\034\021\305\3353Q\035\224\200\224\347\257P\027\r!N\267\203~\313a\272~\344A\332\034\332r\\301\240a\307\341\261(c(\021\265B\030@(P\031\311\347s\234ae\204\263\365U\334\372D\354\345\276\201f\035\271%#\375\245\314.""\373\330&\3746s!\002\347\243J\206W\025ML\260\226\0163\217\250\337\325W\253\356*O\245Z\271\234\207C\274\375`\335\311vG0E\002!\000\276\263b]\250\331\245\342\334\022\303E#\364\326\361\037\237\022\204\323]\036t\253p\267\206\3237\341\376\002 N9\020y[\221\237\265\307\221*\375\240Y\251\367\235\266\244Xr\223\\371\2629\355K\310K1\t""; "
1750587280828,1750587280828,2573,1,3,1,TMValidation,"validation: """"\200\000\000\001&\000\000\000\010)/\352\224\017:I\203w\200\211\SGQ\237\231\311\371Y@""\177>\241""\310\233r\315\210Z\003g\334\034\021\305\3353Q\035\224\200\224\347\257P\027\r!N\267\203~\313a\272~\344A\332\034\332r\\301\240a\307\341\261(c(\021\265B\030@(P\031\311\347s\234ae\204\263\365U\334\372D\354\345\276\201f\035\271%#\375\245\314.""\373\330&\3746s!\002\347\243J\206W\025ML\260\226\0163\217\250\337\325W\253\356*O\245Z\271\234\207C\274\375`\335\311vG0E\002!\000\276\263b]\250\331\245\342\334\022\303E#\364\326\361\037\237\022\204\323]\036t\253p\267\206\3237\341\376\002 N9\020y[\221\237\265\307\221*\375\240Y\251\367\235\266\244Xr\223\\371\2629\355K\310K1\t""; ","validation: """"\200\000\000\001&\000\000\000\010)/\352\224\017:I\203w\200\211\SGQ\237\231\311\371Y@""\177>\241""\310\233r\315\210Z\003g\334\034\021\305\3353Q\035\224\200\224\347\257P\027\r!N\267\203~\313a\272~\344A\332\034\332r\\301\240a\307\341\261(c(\021\265B\030@(P\031\311\347s\234ae\204\263\365U\334\372D\354\345\276\201f\035\271%#\375\245\314.""\373\330&\3746s!\002\347\243J\206W\025ML\260\226\0163\217\250\337\325W\253\356*O\245Z\271\234\207C\274\375`\335\311vG0E\002!\000\276\263b]\250\331\245\342\334\022\303E#\364\326\361\037\237\022\204\323]\036t\253p\267\206\3237\341\376\002 N9\020y[\221\237\265\307\221*\375\240Y\251\367\235\266\244Xr\223\\371\2629\355K\310K1\t""; "
1750587280832,1750587280832,2472,1,1,2,TMLedgerData,"ledgerHash: ""\007\347lg\346B\270\350\352\375\266\371?(\361\364\365I|\375\262>\230(\333\250\331\007\360U\024\027""; ledgerSeq: 0; type: liTS_CANDIDATE; nodes {;   nodedata: ""\003S\n\235\2624\346\340\377asq\337\223T\316nL\232)C!\360\245\205[L\224\\351\351\000\003"";   nodeid: ""\000\000\000\000\000\000\000\000\000\000\000\000\000\000\000\000\000\000\000\000\000\000\000\000\000\000\000\000\000\000\000\000\000""; }; ","ledgerHash: ""\007\347lg\346B\270\350\352\375\266\371?(\361\364\365I|\375\262>\230(\333\250\331\007\360U\024\027""; ledgerSeq: 0; type: liTS_CANDIDATE; nodes {;   nodedata: ""\003S\n\235\2624\346\340\377asq\337\223T\316nL\232)C!\360\245\205[L\224\\351\351\000\003"";   nodeid: ""\000\000\000\000\000\000\000\000\000\000\000\000\000\000\000\000\000\000\000\000\000\000\000\000\000\000\000\000\000\000\000\000\000""; }; "
1750587280833,1750587280833,557,1,4,1,TMGetLedger,"itype: liTS_CANDIDATE; ledgerHash: ""\007\347lg\346B\270\350\352\375\266\371?(\361\364\365I|\375\262>\230(\333\250\331\007\360U\024\027""; nodeIDs: ""\000\000\000\000\000\000\000\000\000\000\000\000\000\000\000\000\000\000\000\000\000\000\000\000\000\000\000\000\000\000\000\000\000""; requestCookie: 1; queryType: qtINDIRECT; queryDepth: 3; ","itype: liTS_CANDIDATE; ledgerHash: ""\007\347lg\346B\270\350\352\375\266\371?(\361\364\365I|\375\262>\230(\333\250\331\007\360U\024\027""; nodeIDs: ""\000\000\000\000\000\000\000\000\000\000\000\000\000\000\000\000\000\000\000\000\000\000\000\000\000\000\000\000\000\000\000\000\000""; requestCookie: 1; queryType: qtINDIRECT; queryDepth: 3; "
1750587280840,1750587280840,443,1,4,2,TMValidation,"validation: """"\200\000\000\001&\000\000\000\010)/\352\224\017:I\203w\200\211\SGQ\237\231\311\371Y@""\177>\241""\310\233r\315\210Z\003g\334\034\021\305\3353Q\035\224\200\224\347\257P\027\r!N\267\203~\313a\272~\344A\332\034\332r\\301\240a\307\341\261(c(\021\265B\030@(P\031\311\347s\234ae\204\263\365U\334\372D\354\345\276\201f\035\271%#\375\245\314.""\373\330&\3746s!\002\347\243J\206W\025ML\260\226\0163\217\250\337\325W\253\356*O\245Z\271\234\207C\274\375`\335\311vG0E\002!\000\276\263b]\250\331\245\342\334\022\303E#\364\326\361\037\237\022\204\323]\036t\253p\267\206\3237\341\376\002 N9\020y[\221\237\265\307\221*\375\240Y\251\367\235\266\244Xr\223\\371\2629\355K\310K1\t""; ","validation: """"\200\000\000\001&\000\000\000\010)/\352\224\017:I\203w\200\211\SGQ\237\231\311\371Y@""\177>\241""\310\233r\315\210Z\003g\334\034\021\305\3353Q\035\224\200\224\347\257P\027\r!N\267\203~\313a\272~\344A\332\034\332r\\301\240a\307\341\261(c(\021\265B\030@(P\031\311\347s\234ae\204\263\365U\334\372D\354\345\276\201f\035\271%#\375\245\314.""\373\330&\3746s!\002\347\243J\206W\025ML\260\226\0163\217\250\337\325W\253\356*O\245Z\271\234\207C\274\375`\335\311vG0E\002!\000\276\263b]\250\331\245\342\334\022\303E#\364\326\361\037\237\022\204\323]\036t\253p\267\206\3237\341\376\002 N9\020y[\221\237\265\307\221*\375\240Y\251\367\235\266\244Xr\223\\371\2629\355K\310K1\t""; "
1750587280841,1750587280841,2819,1,4,1,TMValidation,"validation: """"\200\000\000\001&\000\000\000\010)/\352\224\017:I\203w\200\211\SGQ\237\231\311\371Y@""\177>\241""\310\233r\315\210Z\003g\334\034\021\305\3353Q\035\224\200\224\347\257P\027\r!N\267\203~\313a\272~\344A\332\034\332r\\301\240a\307\341\261(c(\021\265B\030@(P\031\311\347s\234ae\204\263\365U\334\372D\354\345\276\201f\035\271%#\375\245\314.""\373\330&\3746s!\002\347\243J\206W\025ML\260\226\0163\217\250\337\325W\253\356*O\245Z\271\234\207C\274\375`\335\311vG0E\002!\000\276\263b]\250\331\245\342\334\022\303E#\364\326\361\037\237\022\204\323]\036t\253p\267\206\3237\341\376\002 N9\020y[\221\237\265\307\221*\375\240Y\251\367\235\266\244Xr\223\\371\2629\355K\310K1\t""; ","validation: """"\200\000\000\001&\000\000\000\010)/\352\224\017:I\203w\200\211\SGQ\237\231\311\371Y@""\177>\241""\310\233r\315\210Z\003g\334\034\021\305\3353Q\035\224\200\224\347\257P\027\r!N\267\203~\313a\272~\344A\332\034\332r\\301\240a\307\341\261(c(\021\265B\030@(P\031\311\347s\234ae\204\263\365U\334\372D\354\345\276\201f\035\271%#\375\245\314.""\373\330&\3746s!\002\347\243J\206W\025ML\260\226\0163\217\250\337\325W\253\356*O\245Z\271\234\207C\274\375`\335\311vG0E\002!\000\276\263b]\250\331\245\342\334\022\303E#\364\326\361\037\237\022\204\323]\036t\253p\267\206\3237\341\376\002 N9\020y[\221\237\265\307\221*\375\240Y\251\367\235\266\244Xr\223\\371\2629\355K\310K1\t""; "
1750587280840,1750587280841,1357,1,4,3,TMValidation,"validation: """"\200\000\000\001&\000\000\000\010)/\352\224\017:I\203w\200\211\SGQ\237\231\311\371Y@""\177>\241""\310\233r\315\210Z\003g\334\034\021\305\3353Q\035\224\200\224\347\257P\027\r!N\267\203~\313a\272~\344A\332\034\332r\\301\240a\307\341\261(c(\021\265B\030@(P\031\311\347s\234ae\204\263\365U\334\372D\354\345\276\201f\035\271%#\375\245\314.""\373\330&\3746s!\002\347\243J\206W\025ML\260\226\0163\217\250\337\325W\253\356*O\245Z\271\234\207C\274\375`\335\311vG0E\002!\000\276\263b]\250\331\245\342\334\022\303E#\364\326\361\037\237\022\204\323]\036t\253p\267\206\3237\341\376\002 N9\020y[\221\237\265\307\221*\375\240Y\251\367\235\266\244Xr\223\\371\2629\355K\310K1\t""; ","validation: """"\200\000\000\001&\000\000\000\010)/\352\224\017:I\203w\200\211\SGQ\237\231\311\371Y@""\177>\241""\310\233r\315\210Z\003g\334\034\021\305\3353Q\035\224\200\224\347\257P\027\r!N\267\203~\313a\272~\344A\332\034\332r\\301\240a\307\341\261(c(\021\265B\030@(P\031\311\347s\234ae\204\263\365U\334\372D\354\345\276\201f\035\271%#\375\245\314.""\373\330&\3746s!\002\347\243J\206W\025ML\260\226\0163\217\250\337\325W\253\356*O\245Z\271\234\207C\274\375`\335\311vG0E\002!\000\276\263b]\250\331\245\342\334\022\303E#\364\326\361\037\237\022\204\323]\036t\253p\267\206\3237\341\376\002 N9\020y[\221\237\265\307\221*\375\240Y\251\367\235\266\244Xr\223\\371\2629\355K\310K1\t""; "
1750587280864,1750587280864,342,1,2,1,TMGetLedger,"itype: liTS_CANDIDATE; ledgerHash: ""\007\347lg\346B\270\350\352\375\266\371?(\361\364\365I|\375\262>\230(\333\250\331\007\360U\024\027""; nodeIDs: ""\000\000\000\000\000\000\000\000\000\000\000\000\000\000\000\000\000\000\000\000\000\000\000\000\000\000\000\000\000\000\000\000\000""; requestCookie: 4; queryType: qtINDIRECT; queryDepth: 3; ","itype: liTS_CANDIDATE; ledgerHash: ""\007\347lg\346B\270\350\352\375\266\371?(\361\364\365I|\375\262>\230(\333\250\331\007\360U\024\027""; nodeIDs: ""\000\000\000\000\000\000\000\000\000\000\000\000\000\000\000\000\000\000\000\000\000\000\000\000\000\000\000\000\000\000\000\000\000""; requestCookie: 4; queryType: qtINDIRECT; queryDepth: 3; "
1750587280872,1750587280872,483,1,3,4,TMProposeSet,"proposeSeq: 0; currentTxHash: ""\000\000\000\000\000\000\000\000\000\000\000\000\000\000\000\000\000\000\000\000\000\000\000\000\000\000\000\000\000\000\000\000""; nodePubKey: ""\003\325Q\255\224\274R@\312\253\262\347\352\034\346\347\242\215,\312\376=\277\353{\350\225\301\305`^, ""; closeTime: 803902480; signature: ""0D\002 \\347\032\254\021y\270s0jy\017\024\001\307\375\326x<\031|\0059\277\326D\362\024\017B\036>\002 \002\212\203P\231\234=A\223iP5c\322<\304o\021\365\261f\363L\250\277\203M\367\277\037\020\201""; previousledger: ""\237\231\311\371Y@""\177>\241""\310\233r\315\210Z\003g\334\034\021\305\3353Q\035\224\200\224\347\257""; ","proposeSeq: 0; currentTxHash: ""\000\000\000\000\000\000\000\000\000\000\000\000\000\000\000\000\000\000\000\000\000\000\000\000\000\000\000\000\000\000\000\000""; nodePubKey: ""\003\325Q\255\224\274R@\312\253\262\347\352\034\346\347\242\215,\312\376=\277\353{\350\225\301\305`^, ""; closeTime: 803902480; signature: ""0D\002 \\347\032\254\021y\270s0jy\017\024\001\307\375\326x<\031|\0059\277\326D\362\024\017B\036>\002 \002\212\203P\231\234=A\223iP5c\322<\304o\021\365\261f\363L\250\277\203M\367\277\037\020\201""; previousledger: ""\237\231\311\371Y@""\177>\241""\310\233r\315\210Z\003g\334\034\021\305\3353Q\035\224\200\224\347\257""; "
1750587280873,1750587280873,3656,1,3,1,TMProposeSet,"proposeSeq: 0; currentTxHash: ""\000\000\000\000\000\000\000\000\000\000\000\000\000\000\000\000\000\000\000\000\000\000\000\000\000\000\000\000\000\000\000\000""; nodePubKey: ""\003\325Q\255\224\274R@\312\253\262\347\352\034\346\347\242\215,\312\376=\277\353{\350\225\301\305`^, ""; closeTime: 803902480; signature: ""0D\002 \\347\032\254\021y\270s0jy\017\024\001\307\375\326x<\031|\0059\277\326D\362\024\017B\036>\002 \002\212\203P\231\234=A\223iP5c\322<\304o\021\365\261f\363L\250\277\203M\367\277\037\020\201""; previousledger: ""\237\231\311\371Y@""\177>\241""\310\233r\315\210Z\003g\334\034\021\305\3353Q\035\224\200\224\347\257""; ","proposeSeq: 0; currentTxHash: ""\000\000\000\000\000\000\000\000\000\000\000\000\000\000\000\000\000\000\000\000\000\000\000\000\000\000\000\000\000\000\000\000""; nodePubKey: ""\003\325Q\255\224\274R@\312\253\262\347\352\034\346\347\242\215,\312\376=\277\353{\350\225\301\305`^, ""; closeTime: 803902480; signature: ""0D\002 \\347\032\254\021y\270s0jy\017\024\001\307\375\326x<\031|\0059\277\326D\362\024\017B\036>\002 \002\212\203P\231\234=A\223iP5c\322<\304o\021\365\261f\363L\250\277\203M\367\277\037\020\201""; previousledger: ""\237\231\311\371Y@""\177>\241""\310\233r\315\210Z\003g\334\034\021\305\3353Q\035\224\200\224\347\257""; "
1750587280873,1750587280873,1317,1,3,2,TMProposeSet,"proposeSeq: 0; currentTxHash: ""\000\000\000\000\000\000\000\000\000\000\000\000\000\000\000\000\000\000\000\000\000\000\000\000\000\000\000\000\000\000\000\000""; nodePubKey: ""\003\325Q\255\224\274R@\312\253\262\347\352\034\346\347\242\215,\312\376=\277\353{\350\225\301\305`^, ""; closeTime: 803902480; signature: ""0D\002 \\347\032\254\021y\270s0jy\017\024\001\307\375\326x<\031|\0059\277\326D\362\024\017B\036>\002 \002\212\203P\231\234=A\223iP5c\322<\304o\021\365\261f\363L\250\277\203M\367\277\037\020\201""; previousledger: ""\237\231\311\371Y@""\177>\241""\310\233r\315\210Z\003g\334\034\021\305\3353Q\035\224\200\224\347\257""; ","proposeSeq: 0; currentTxHash: ""\000\000\000\000\000\000\000\000\000\000\000\000\000\000\000\000\000\000\000\000\000\000\000\000\000\000\000\000\000\000\000\000""; nodePubKey: ""\003\325Q\255\224\274R@\312\253\262\347\352\034\346\347\242\215,\312\376=\277\353{\350\225\301\305`^, ""; closeTime: 803902480; signature: ""0D\002 \\347\032\254\021y\270s0jy\017\024\001\307\375\326x<\031|\0059\277\326D\362\024\017B\036>\002 \002\212\203P\231\234=A\223iP5c\322<\304o\021\365\261f\363L\250\277\203M\367\277\037\020\201""; previousledger: ""\237\231\311\371Y@""\177>\241""\310\233r\315\210Z\003g\334\034\021\305\3353Q\035\224\200\224\347\257""; "
1750587280881,1750587280881,443,1,3,0,TMProposeSet,"proposeSeq: 0; currentTxHash: ""\000\000\000\000\000\000\000\000\000\000\000\000\000\000\000\000\000\000\000\000\000\000\000\000\000\000\000\000\000\000\000\000""; nodePubKey: ""\003\325Q\255\224\274R@\312\253\262\347\352\034\346\347\242\215,\312\376=\277\353{\350\225\301\305`^, ""; closeTime: 803902480; signature: ""0D\002 \\347\032\254\021y\270s0jy\017\024\001\307\375\326x<\031|\0059\277\326D\362\024\017B\036>\002 \002\212\203P\231\234=A\223iP5c\322<\304o\021\365\261f\363L\250\277\203M\367\277\037\020\201""; previousledger: ""\237\231\311\371Y@""\177>\241""\310\233r\315\210Z\003g\334\034\021\305\3353Q\035\224\200\224\347\257""; ","proposeSeq: 0; currentTxHash: ""\000\000\000\000\000\000\000\000\000\000\000\000\000\000\000\000\000\000\000\000\000\000\000\000\000\000\000\000\000\000\000\000""; nodePubKey: ""\003\325Q\255\224\274R@\312\253\262\347\352\034\346\347\242\215,\312\376=\277\353{\350\225\301\305`^, ""; closeTime: 803902480; signature: ""0D\002 \\347\032\254\021y\270s0jy\017\024\001\307\375\326x<\031|\0059\277\326D\362\024\017B\036>\002 \002\212\203P\231\234=A\223iP5c\322<\304o\021\365\261f\363L\250\277\203M\367\277\037\020\201""; previousledger: ""\237\231\311\371Y@""\177>\241""\310\233r\315\210Z\003g\334\034\021\305\3353Q\035\224\200\224\347\257""; "
1750587280881,1750587280881,2142,1,3,1,TMGetLedger,"itype: liTS_CANDIDATE; ledgerHash: ""\007\347lg\346B\270\350\352\375\266\371?(\361\364\365I|\375\262>\230(\333\250\331\007\360U\024\027""; nodeIDs: ""\000\000\000\000\000\000\000\000\000\000\000\000\000\000\000\000\000\000\000\000\000\000\000\000\000\000\000\000\000\000\000\000\000""; requestCookie: 2; queryType: qtINDIRECT; queryDepth: 3; ","itype: liTS_CANDIDATE; ledgerHash: ""\007\347lg\346B\270\350\352\375\266\371?(\361\364\365I|\375\262>\230(\333\250\331\007\360U\024\027""; nodeIDs: ""\000\000\000\000\000\000\000\000\000\000\000\000\000\000\000\000\000\000\000\000\000\000\000\000\000\000\000\000\000\000\000\000\000""; requestCookie: 2; queryType: qtINDIRECT; queryDepth: 3; "
1750587280890,1750587280890,557,1,4,1,TMGetLedger,"itype: liTS_CANDIDATE; ledgerHash: ""\007\347lg\346B\270\350\352\375\266\371?(\361\364\365I|\375\262>\230(\333\250\331\007\360U\024\027""; nodeIDs: ""\000\000\000\000\000\000\000\000\000\000\000\000\000\000\000\000\000\000\000\000\000\000\000\000\000\000\000\000\000\000\000\000\000""; requestCookie: 4; queryType: qtINDIRECT; queryDepth: 3; ","itype: liTS_CANDIDATE; ledgerHash: ""\007\347lg\346B\270\350\352\375\266\371?(\361\364\365I|\375\262>\230(\333\250\331\007\360U\024\027""; nodeIDs: ""\000\000\000\000\000\000\000\000\000\000\000\000\000\000\000\000\000\000\000\000\000\000\000\000\000\000\000\000\000\000\000\000\000""; requestCookie: 4; queryType: qtINDIRECT; queryDepth: 3; "
1750587280891,1750587280891,2715,1,1,4,TMLedgerData,"ledgerHash: ""\007\347lg\346B\270\350\352\375\266\371?(\361\364\365I|\375\262>\230(\333\250\331\007\360U\024\027""; ledgerSeq: 0; type: liTS_CANDIDATE; nodes {;   nodedata: ""\003S\n\235\2624\346\340\377asq\337\223T\316nL\232)C!\360\245\205[L\224\\351\351\000\003"";   nodeid: ""\000\000\000\000\000\000\000\000\000\000\000\000\000\000\000\000\000\000\000\000\000\000\000\000\000\000\000\000\000\000\000\000\000""; }; requestCookie: 1; ","ledgerHash: ""\007\347lg\346B\270\350\352\375\266\371?(\361\364\365I|\375\262>\230(\333\250\331\007\360U\024\027""; ledgerSeq: 0; type: liTS_CANDIDATE; nodes {;   nodedata: ""\003S\n\235\2624\346\340\377asq\337\223T\316nL\232)C!\360\245\205[L\224\\351\351\000\003"";   nodeid: ""\000\000\000\000\000\000\000\000\000\000\000\000\000\000\000\000\000\000\000\000\000\000\000\000\000\000\000\000\000\000\000\000\000""; }; requestCookie: 1; "
1750587280910,1750587280910,3487,1,0,3,TMLedgerData,"ledgerHash: ""\007\347lg\346B\270\350\352\375\266\371?(\361\364\365I|\375\262>\230(\333\250\331\007\360U\024\027""; ledgerSeq: 0; type: liTS_CANDIDATE; nodes {;   nodedata: ""\003S\n\235\2624\346\340\377asq\337\223T\316nL\232)C!\360\245\205[L\224\\351\351\000\003"";   nodeid: ""\000\000\000\000\000\000\000\000\000\000\000\000\000\000\000\000\000\000\000\000\000\000\000\000\000\000\000\000\000\000\000\000\000""; }; ","ledgerHash: ""\007\347lg\346B\270\350\352\375\266\371?(\361\364\365I|\375\262>\230(\333\250\331\007\360U\024\027""; ledgerSeq: 0; type: liTS_CANDIDATE; nodes {;   nodedata: ""\003S\n\235\2624\346\340\377asq\337\223T\316nL\232)C!\360\245\205[L\224\\351\351\000\003"";   nodeid: ""\000\000\000\000\000\000\000\000\000\000\000\000\000\000\000\000\000\000\000\000\000\000\000\000\000\000\000\000\000\000\000\000\000""; }; "
1750587280914,1750587280915,1399,1,1,3,TMLedgerData,"ledgerHash: ""\007\347lg\346B\270\350\352\375\266\371?(\361\364\365I|\375\262>\230(\333\250\331\007\360U\024\027""; ledgerSeq: 0; type: liTS_CANDIDATE; nodes {;   nodedata: ""\003S\n\235\2624\346\340\377asq\337\223T\316nL\232)C!\360\245\205[L\224\\351\351\000\003"";   nodeid: ""\000\000\000\000\000\000\000\000\000\000\000\000\000\000\000\000\000\000\000\000\000\000\000\000\000\000\000\000\000\000\000\000\000""; }; ","ledgerHash: ""\007\347lg\346B\270\350\352\375\266\371?(\361\364\365I|\375\262>\230(\333\250\331\007\360U\024\027""; ledgerSeq: 0; type: liTS_CANDIDATE; nodes {;   nodedata: ""\003S\n\235\2624\346\340\377asq\337\223T\316nL\232)C!\360\245\205[L\224\\351\351\000\003"";   nodeid: ""\000\000\000\000\000\000\000\000\000\000\000\000\000\000\000\000\000\000\000\000\000\000\000\000\000\000\000\000\000\000\000\000\000""; }; "
1750587280871,1750587280929,972,1,3,4,TMStatusChange,"newEvent: neCLOSING_LEDGER; ledgerSeq: 8; ledgerHash: ""\237\231\311\371Y@""\177>\241""\310\233r\315\210Z\003g\334\034\021\305\3353Q\035\224\200\224\347\257""; ledgerHashPrevious: ""\311\347s\234ae\204\263\365U\334\372D\354\345\276\201f\035\271%#\375\245\314.""\373\330&\3746""; networkTime: 803902480; firstSeq: 1; lastSeq: 8; ","newEvent: neCLOSING_LEDGER; ledgerSeq: 8; ledgerHash: ""\237\231\311\371Y@""\177>\241""\310\233r\315\210Z\003g\334\034\021\305\3353Q\035\224\200\224\347\257""; ledgerHashPrevious: ""\311\347s\234ae\204\263\365U\334\372D\354\345\276\201f\035\271%#\375\245\314.""\373\330&\3746""; networkTime: 803902480; firstSeq: 1; lastSeq: 8; "
1750587280872,1750587280929,1591,1,3,1,TMStatusChange,"newEvent: neCLOSING_LEDGER; ledgerSeq: 8; ledgerHash: ""\237\231\311\371Y@""\177>\241""\310\233r\315\210Z\003g\334\034\021\305\3353Q\035\224\200\224\347\257""; ledgerHashPrevious: ""\311\347s\234ae\204\263\365U\334\372D\354\345\276\201f\035\271%#\375\245\314.""\373\330&\3746""; networkTime: 803902480; firstSeq: 1; lastSeq: 8; ","newEvent: neCLOSING_LEDGER; ledgerSeq: 8; ledgerHash: ""\237\231\311\371Y@""\177>\241""\310\233r\315\210Z\003g\334\034\021\305\3353Q\035\224\200\224\347\257""; ledgerHashPrevious: ""\311\347s\234ae\204\263\365U\334\372D\354\345\276\201f\035\271%#\375\245\314.""\373\330&\3746""; networkTime: 803902480; firstSeq: 1; lastSeq: 8; "
1750587280872,1750587280930,1393,1,3,0,TMStatusChange,"newEvent: neCLOSING_LEDGER; ledgerSeq: 8; ledgerHash: ""\237\231\311\371Y@""\177>\241""\310\233r\315\210Z\003g\334\034\021\305\3353Q\035\224\200\224\347\257""; ledgerHashPrevious: ""\311\347s\234ae\204\263\365U\334\372D\354\345\276\201f\035\271%#\375\245\314.""\373\330&\3746""; networkTime: 803902480; firstSeq: 1; lastSeq: 8; ","newEvent: neCLOSING_LEDGER; ledgerSeq: 8; ledgerHash: ""\237\231\311\371Y@""\177>\241""\310\233r\315\210Z\003g\334\034\021\305\3353Q\035\224\200\224\347\257""; ledgerHashPrevious: ""\311\347s\234ae\204\263\365U\334\372D\354\345\276\201f\035\271%#\375\245\314.""\373\330&\3746""; networkTime: 803902480; firstSeq: 1; lastSeq: 8; "
1750587280872,1750587280930,854,1,3,2,TMStatusChange,"newEvent: neCLOSING_LEDGER; ledgerSeq: 8; ledgerHash: ""\237\231\311\371Y@""\177>\241""\310\233r\315\210Z\003g\334\034\021\305\3353Q\035\224\200\224\347\257""; ledgerHashPrevious: ""\311\347s\234ae\204\263\365U\334\372D\354\345\276\201f\035\271%#\375\245\314.""\373\330&\3746""; networkTime: 803902480; firstSeq: 1; lastSeq: 8; ","newEvent: neCLOSING_LEDGER; ledgerSeq: 8; ledgerHash: ""\237\231\311\371Y@""\177>\241""\310\233r\315\210Z\003g\334\034\021\305\3353Q\035\224\200\224\347\257""; ledgerHashPrevious: ""\311\347s\234ae\204\263\365U\334\372D\354\345\276\201f\035\271%#\375\245\314.""\373\330&\3746""; networkTime: 803902480; firstSeq: 1; lastSeq: 8; "
1750587280941,1750587280941,1582,1,2,0,TMGetLedger,"itype: liTS_CANDIDATE; ledgerHash: ""\r!N\267\203~\313a\272~\344A\332\034\332r\\301\240a\307\341\261(c(\021\265B\030@(""; nodeIDs: ""\000\000\000\000\000\000\000\000\000\000\000\000\000\000\000\000\000\000\000\000\000\000\000\000\000\000\000\000\000\000\000\000\000""; queryType: qtINDIRECT; queryDepth: 3; ","itype: liTS_CANDIDATE; ledgerHash: ""\r!N\267\203~\313a\272~\344A\332\034\332r\\301\240a\307\341\261(c(\021\265B\030@(""; nodeIDs: ""\000\000\000\000\000\000\000\000\000\000\000\000\000\000\000\000\000\000\000\000\000\000\000\000\000\000\000\000\000\000\000\000\000""; queryType: qtINDIRECT; queryDepth: 3; "
1750587280941,1750587280942,3898,1,2,3,TMGetLedger,"itype: liTS_CANDIDATE; ledgerHash: ""\r!N\267\203~\313a\272~\344A\332\034\332r\\301\240a\307\341\261(c(\021\265B\030@(""; nodeIDs: ""\000\000\000\000\000\000\000\000\000\000\000\000\000\000\000\000\000\000\000\000\000\000\000\000\000\000\000\000\000\000\000\000\000""; queryType: qtINDIRECT; queryDepth: 3; ","itype: liTS_CANDIDATE; ledgerHash: ""\r!N\267\203~\313a\272~\344A\332\034\332r\\301\240a\307\341\261(c(\021\265B\030@(""; nodeIDs: ""\000\000\000\000\000\000\000\000\000\000\000\000\000\000\000\000\000\000\000\000\000\000\000\000\000\000\000\000\000\000\000\000\000""; queryType: qtINDIRECT; queryDepth: 3; "
1750587280942,1750587280942,2792,1,4,2,TMLedgerData,"ledgerHash: ""\r!N\267\203~\313a\272~\344A\332\034\332r\\301\240a\307\341\261(c(\021\265B\030@(""; ledgerSeq: 0; type: liTS_CANDIDATE; nodes {;   nodedata: ""\247\272\246\2214\014W1\360z\262\252=\343\207'\275\266;\016\021\306\330\030\225\023\357\272\353\200x\221\n\003"";   nodeid: ""\000\000\000\000\000\000\000\000\000\000\000\000\000\000\000\000\000\000\000\000\000\000\000\000\000\000\000\000\000\000\000\000\000""; }; ","ledgerHash: ""\r!N\267\203~\313a\272~\344A\332\034\332r\\301\240a\307\341\261(c(\021\265B\030@(""; ledgerSeq: 0; type: liTS_CANDIDATE; nodes {;   nodedata: ""\247\272\246\2214\014W1\360z\262\252=\343\207'\275\266;\016\021\306\330\030\225\023\357\272\353\200x\221\n\003"";   nodeid: ""\000\000\000\000\000\000\000\000\000\000\000\000\000\000\000\000\000\000\000\000\000\000\000\000\000\000\000\000\000\000\000\000\000""; }; "
1750587280942,1750587280942,499,1,2,4,TMGetLedger,"itype: liTS_CANDIDATE; ledgerHash: ""\r!N\267\203~\313a\272~\344A\332\034\332r\\301\240a\307\341\261(c(\021\265B\030@(""; nodeIDs: ""\000\000\000\000\000\000\000\000\000\000\000\000\000\000\000\000\000\000\000\000\000\000\000\000\000\000\000\000\000\000\000\000\000""; queryType: qtINDIRECT; queryDepth: 3; ","itype: liTS_CANDIDATE; ledgerHash: ""\r!N\267\203~\313a\272~\344A\332\034\332r\\301\240a\307\341\261(c(\021\265B\030@(""; nodeIDs: ""\000\000\000\000\000\000\000\000\000\000\000\000\000\000\000\000\000\000\000\000\000\000\000\000\000\000\000\000\000\000\000\000\000""; queryType: qtINDIRECT; queryDepth: 3; "
1750587280942,1750587280942,342,1,2,1,TMGetLedger,"itype: liTS_CANDIDATE; ledgerHash: ""\r!N\267\203~\313a\272~\344A\332\034\332r\\301\240a\307\341\261(c(\021\265B\030@(""; nodeIDs: ""\000\000\000\000\000\000\000\000\000\000\000\000\000\000\000\000\000\000\000\000\000\000\000\000\000\000\000\000\000\000\000\000\000""; queryType: qtINDIRECT; queryDepth: 3; ","itype: liTS_CANDIDATE; ledgerHash: ""\r!N\267\203~\313a\272~\344A\332\034\332r\\301\240a\307\341\261(c(\021\265B\030@(""; nodeIDs: ""\000\000\000\000\000\000\000\000\000\000\000\000\000\000\000\000\000\000\000\000\000\000\000\000\000\000\000\000\000\000\000\000\000""; queryType: qtINDIRECT; queryDepth: 3; "
1750587280945,1750587280946,2655,1,1,0,TMLedgerData,"ledgerHash: ""b\001;\355\\351h\305\360*\252j\2470\334[#|\313\3606\207\210\245\372\217RX\333g`K""; ledgerSeq: 0; type: liTS_CANDIDATE; nodes {;   nodedata: "" \245\366\271\024\035\303\242}O\341[\232\374\0350\307\253\205\001\301\216B\031pk\231\004\271\276\265\240\002\003"";   nodeid: ""\000\000\000\000\000\000\000\000\000\000\000\000\000\000\000\000\000\000\000\000\000\000\000\000\000\000\000\000\000\000\000\000\000""; }; ","ledgerHash: ""b\001;\355\\351h\305\360*\252j\2470\334[#|\313\3606\207\210\245\372\217RX\333g`K""; ledgerSeq: 0; type: liTS_CANDIDATE; nodes {;   nodedata: "" \245\366\271\024\035\303\242}O\341[\232\374\0350\307\253\205\001\301\216B\031pk\231\004\271\276\265\240\002\003"";   nodeid: ""\000\000\000\000\000\000\000\000\000\000\000\000\000\000\000\000\000\000\000\000\000\000\000\000\000\000\000\000\000\000\000\000\000""; }; "
1750587280957,1750587280957,2472,1,1,2,TMLedgerData,"ledgerHash: ""\007\347lg\346B\270\350\352\375\266\371?(\361\364\365I|\375\262>\230(\333\250\331\007\360U\024\027""; ledgerSeq: 0; type: liTS_CANDIDATE; nodes {;   nodedata: ""\003S\n\235\2624\346\340\377asq\337\223T\316nL\232)C!\360\245\205[L\224\\351\351\000\003"";   nodeid: ""\000\000\000\000\000\000\000\000\000\000\000\000\000\000\000\000\000\000\000\000\000\000\000\000\000\000\000\000\000\000\000\000\000""; }; requestCookie: 4; ","ledgerHash: ""\007\347lg\346B\270\350\352\375\266\371?(\361\364\365I|\375\262>\230(\333\250\331\007\360U\024\027""; ledgerSeq: 0; type: liTS_CANDIDATE; nodes {;   nodedata: ""\003S\n\235\2624\346\340\377asq\337\223T\316nL\232)C!\360\245\205[L\224\\351\351\000\003"";   nodeid: ""\000\000\000\000\000\000\000\000\000\000\000\000\000\000\000\000\000\000\000\000\000\000\000\000\000\000\000\000\000\000\000\000\000""; }; requestCookie: 4; "
1750587280988,1750587280988,1582,1,2,0,TMGetLedger,"itype: liTS_CANDIDATE; ledgerHash: ""\007\347lg\346B\270\350\352\375\266\371?(\361\364\365I|\375\262>\230(\333\250\331\007\360U\024\027""; nodeIDs: ""\000\000\000\000\000\000\000\000\000\000\000\000\000\000\000\000\000\000\000\000\000\000\000\000\000\000\000\000\000\000\000\000\000""; queryType: qtINDIRECT; queryDepth: 3; ","itype: liTS_CANDIDATE; ledgerHash: ""\007\347lg\346B\270\350\352\375\266\371?(\361\364\365I|\375\262>\230(\333\250\331\007\360U\024\027""; nodeIDs: ""\000\000\000\000\000\000\000\000\000\000\000\000\000\000\000\000\000\000\000\000\000\000\000\000\000\000\000\000\000\000\000\000\000""; queryType: qtINDIRECT; queryDepth: 3; "
1750587280989,1750587280989,3898,1,2,3,TMGetLedger,"itype: liTS_CANDIDATE; ledgerHash: ""\007\347lg\346B\270\350\352\375\266\371?(\361\364\365I|\375\262>\230(\333\250\331\007\360U\024\027""; nodeIDs: ""\000\000\000\000\000\000\000\000\000\000\000\000\000\000\000\000\000\000\000\000\000\000\000\000\000\000\000\000\000\000\000\000\000""; queryType: qtINDIRECT; queryDepth: 3; ","itype: liTS_CANDIDATE; ledgerHash: ""\007\347lg\346B\270\350\352\375\266\371?(\361\364\365I|\375\262>\230(\333\250\331\007\360U\024\027""; nodeIDs: ""\000\000\000\000\000\000\000\000\000\000\000\000\000\000\000\000\000\000\000\000\000\000\000\000\000\000\000\000\000\000\000\000\000""; queryType: qtINDIRECT; queryDepth: 3; "
1750587280990,1750587280990,557,1,4,1,TMGetLedger,"itype: liTS_CANDIDATE; ledgerHash: ""\007\347lg\346B\270\350\352\375\266\371?(\361\364\365I|\375\262>\230(\333\250\331\007\360U\024\027""; nodeIDs: ""\000\000\000\000\000\000\000\000\000\000\000\000\000\000\000\000\000\000\000\000\000\000\000\000\000\000\000\000\000\000\000\000\000""; requestCookie: 3; queryType: qtINDIRECT; queryDepth: 3; ","itype: liTS_CANDIDATE; ledgerHash: ""\007\347lg\346B\270\350\352\375\266\371?(\361\364\365I|\375\262>\230(\333\250\331\007\360U\024\027""; nodeIDs: ""\000\000\000\000\000\000\000\000\000\000\000\000\000\000\000\000\000\000\000\000\000\000\000\000\000\000\000\000\000\000\000\000\000""; requestCookie: 3; queryType: qtINDIRECT; queryDepth: 3; "
1750587280989,1750587280989,499,1,2,4,TMGetLedger,"itype: liTS_CANDIDATE; ledgerHash: ""\007\347lg\346B\270\350\352\375\266\371?(\361\364\365I|\375\262>\230(\333\250\331\007\360U\024\027""; nodeIDs: ""\000\000\000\000\000\000\000\000\000\000\000\000\000\000\000\000\000\000\000\000\000\000\000\000\000\000\000\000\000\000\000\000\000""; queryType: qtINDIRECT; queryDepth: 3; ","itype: liTS_CANDIDATE; ledgerHash: ""\007\347lg\346B\270\350\352\375\266\371?(\361\364\365I|\375\262>\230(\333\250\331\007\360U\024\027""; nodeIDs: ""\000\000\000\000\000\000\000\000\000\000\000\000\000\000\000\000\000\000\000\000\000\000\000\000\000\000\000\000\000\000\000\000\000""; queryType: qtINDIRECT; queryDepth: 3; "
1750587280989,1750587280989,342,1,2,1,TMGetLedger,"itype: liTS_CANDIDATE; ledgerHash: ""\007\347lg\346B\270\350\352\375\266\371?(\361\364\365I|\375\262>\230(\333\250\331\007\360U\024\027""; nodeIDs: ""\000\000\000\000\000\000\000\000\000\000\000\000\000\000\000\000\000\000\000\000\000\000\000\000\000\000\000\000\000\000\000\000\000""; queryType: qtINDIRECT; queryDepth: 3; ","itype: liTS_CANDIDATE; ledgerHash: ""\007\347lg\346B\270\350\352\375\266\371?(\361\364\365I|\375\262>\230(\333\250\331\007\360U\024\027""; nodeIDs: ""\000\000\000\000\000\000\000\000\000\000\000\000\000\000\000\000\000\000\000\000\000\000\000\000\000\000\000\000\000\000\000\000\000""; queryType: qtINDIRECT; queryDepth: 3; "
1750587281003,1750587281003,3520,1,3,1,TMLedgerData,"ledgerHash: ""\r!N\267\203~\313a\272~\344A\332\034\332r\\301\240a\307\341\261(c(\021\265B\030@(""; ledgerSeq: 0; type: liTS_CANDIDATE; nodes {;   nodedata: ""\247\272\246\2214\014W1\360z\262\252=\343\207'\275\266;\016\021\306\330\030\225\023\357\272\353\200x\221\n\003"";   nodeid: ""\000\000\000\000\000\000\000\000\000\000\000\000\000\000\000\000\000\000\000\000\000\000\000\000\000\000\000\000\000\000\000\000\000""; }; ","ledgerHash: ""\r!N\267\203~\313a\272~\344A\332\034\332r\\301\240a\307\341\261(c(\021\265B\030@(""; ledgerSeq: 0; type: liTS_CANDIDATE; nodes {;   nodedata: ""\247\272\246\2214\014W1\360z\262\252=\343\207'\275\266;\016\021\306\330\030\225\023\357\272\353\200x\221\n\003"";   nodeid: ""\000\000\000\000\000\000\000\000\000\000\000\000\000\000\000\000\000\000\000\000\000\000\000\000\000\000\000\000\000\000\000\000\000""; }; "
1750587281024,1750587281024,2142,1,3,1,TMGetLedger,"itype: liTS_CANDIDATE; ledgerHash: ""\007\347lg\346B\270\350\352\375\266\371?(\361\364\365I|\375\262>\230(\333\250\331\007\360U\024\027""; nodeIDs: ""\000\000\000\000\000\000\000\000\000\000\000\000\000\000\000\000\000\000\000\000\000\000\000\000\000\000\000\000\000\000\000\000\000""; queryType: qtINDIRECT; queryDepth: 3; ","itype: liTS_CANDIDATE; ledgerHash: ""\007\347lg\346B\270\350\352\375\266\371?(\361\364\365I|\375\262>\230(\333\250\331\007\360U\024\027""; nodeIDs: ""\000\000\000\000\000\000\000\000\000\000\000\000\000\000\000\000\000\000\000\000\000\000\000\000\000\000\000\000\000\000\000\000\000""; queryType: qtINDIRECT; queryDepth: 3; "
1750587281025,1750587281025,3118,1,3,4,TMGetLedger,"itype: liTS_CANDIDATE; ledgerHash: ""\007\347lg\346B\270\350\352\375\266\371?(\361\364\365I|\375\262>\230(\333\250\331\007\360U\024\027""; nodeIDs: ""\000\000\000\000\000\000\000\000\000\000\000\000\000\000\000\000\000\000\000\000\000\000\000\000\000\000\000\000\000\000\000\000\000""; queryType: qtINDIRECT; queryDepth: 3; ","itype: liTS_CANDIDATE; ledgerHash: ""\007\347lg\346B\270\350\352\375\266\371?(\361\364\365I|\375\262>\230(\333\250\331\007\360U\024\027""; nodeIDs: ""\000\000\000\000\000\000\000\000\000\000\000\000\000\000\000\000\000\000\000\000\000\000\000\000\000\000\000\000\000\000\000\000\000""; queryType: qtINDIRECT; queryDepth: 3; "
1750587281025,1750587281025,1753,1,0,2,TMLedgerData,"ledgerHash: ""\r!N\267\203~\313a\272~\344A\332\034\332r\\301\240a\307\341\261(c(\021\265B\030@(""; ledgerSeq: 0; type: liTS_CANDIDATE; nodes {;   nodedata: ""\247\272\246\2214\014W1\360z\262\252=\343\207'\275\266;\016\021\306\330\030\225\023\357\272\353\200x\221\n\003"";   nodeid: ""\000\000\000\000\000\000\000\000\000\000\000\000\000\000\000\000\000\000\000\000\000\000\000\000\000\000\000\000\000\000\000\000\000""; }; ","ledgerHash: ""\r!N\267\203~\313a\272~\344A\332\034\332r\\301\240a\307\341\261(c(\021\265B\030@(""; ledgerSeq: 0; type: liTS_CANDIDATE; nodes {;   nodedata: ""\247\272\246\2214\014W1\360z\262\252=\343\207'\275\266;\016\021\306\330\030\225\023\357\272\353\200x\221\n\003"";   nodeid: ""\000\000\000\000\000\000\000\000\000\000\000\000\000\000\000\000\000\000\000\000\000\000\000\000\000\000\000\000\000\000\000\000\000""; }; "
1750587281024,1750587281024,1590,1,3,2,TMGetLedger,"itype: liTS_CANDIDATE; ledgerHash: ""\007\347lg\346B\270\350\352\375\266\371?(\361\364\365I|\375\262>\230(\333\250\331\007\360U\024\027""; nodeIDs: ""\000\000\000\000\000\000\000\000\000\000\000\000\000\000\000\000\000\000\000\000\000\000\000\000\000\000\000\000\000\000\000\000\000""; queryType: qtINDIRECT; queryDepth: 3; ","itype: liTS_CANDIDATE; ledgerHash: ""\007\347lg\346B\270\350\352\375\266\371?(\361\364\365I|\375\262>\230(\333\250\331\007\360U\024\027""; nodeIDs: ""\000\000\000\000\000\000\000\000\000\000\000\000\000\000\000\000\000\000\000\000\000\000\000\000\000\000\000\000\000\000\000\000\000""; queryType: qtINDIRECT; queryDepth: 3; "
1750587281025,1750587281025,1136,1,3,0,TMGetLedger,"itype: liTS_CANDIDATE; ledgerHash: ""\007\347lg\346B\270\350\352\375\266\371?(\361\364\365I|\375\262>\230(\333\250\331\007\360U\024\027""; nodeIDs: ""\000\000\000\000\000\000\000\000\000\000\000\000\000\000\000\000\000\000\000\000\000\000\000\000\000\000\000\000\000\000\000\000\000""; queryType: qtINDIRECT; queryDepth: 3; ","itype: liTS_CANDIDATE; ledgerHash: ""\007\347lg\346B\270\350\352\375\266\371?(\361\364\365I|\375\262>\230(\333\250\331\007\360U\024\027""; nodeIDs: ""\000\000\000\000\000\000\000\000\000\000\000\000\000\000\000\000\000\000\000\000\000\000\000\000\000\000\000\000\000\000\000\000\000""; queryType: qtINDIRECT; queryDepth: 3; "
1750587281029,1750587281029,342,1,2,1,TMGetLedger,"itype: liTS_CANDIDATE; ledgerHash: ""\007\347lg\346B\270\350\352\375\266\371?(\361\364\365I|\375\262>\230(\333\250\331\007\360U\024\027""; nodeIDs: ""\000\000\000\000\000\000\000\000\000\000\000\000\000\000\000\000\000\000\000\000\000\000\000\000\000\000\000\000\000\000\000\000\000""; requestCookie: 2; queryType: qtINDIRECT; queryDepth: 3; ","itype: liTS_CANDIDATE; ledgerHash: ""\007\347lg\346B\270\350\352\375\266\371?(\361\364\365I|\375\262>\230(\333\250\331\007\360U\024\027""; nodeIDs: ""\000\000\000\000\000\000\000\000\000\000\000\000\000\000\000\000\000\000\000\000\000\000\000\000\000\000\000\000\000\000\000\000\000""; requestCookie: 2; queryType: qtINDIRECT; queryDepth: 3; "
1750587281035,1750587281035,2472,1,1,2,TMLedgerData,"ledgerHash: ""\r!N\267\203~\313a\272~\344A\332\034\332r\\301\240a\307\341\261(c(\021\265B\030@(""; ledgerSeq: 0; type: liTS_CANDIDATE; nodes {;   nodedata: ""\247\272\246\2214\014W1\360z\262\252=\343\207'\275\266;\016\021\306\330\030\225\023\357\272\353\200x\221\n\003"";   nodeid: ""\000\000\000\000\000\000\000\000\000\000\000\000\000\000\000\000\000\000\000\000\000\000\000\000\000\000\000\000\000\000\000\000\000""; }; ","ledgerHash: ""\r!N\267\203~\313a\272~\344A\332\034\332r\\301\240a\307\341\261(c(\021\265B\030@(""; ledgerSeq: 0; type: liTS_CANDIDATE; nodes {;   nodedata: ""\247\272\246\2214\014W1\360z\262\252=\343\207'\275\266;\016\021\306\330\030\225\023\357\272\353\200x\221\n\003"";   nodeid: ""\000\000\000\000\000\000\000\000\000\000\000\000\000\000\000\000\000\000\000\000\000\000\000\000\000\000\000\000\000\000\000\000\000""; }; "
1750587281047,1750587281047,2715,1,1,4,TMLedgerData,"ledgerHash: ""\007\347lg\346B\270\350\352\375\266\371?(\361\364\365I|\375\262>\230(\333\250\331\007\360U\024\027""; ledgerSeq: 0; type: liTS_CANDIDATE; nodes {;   nodedata: ""\003S\n\235\2624\346\340\377asq\337\223T\316nL\232)C!\360\245\205[L\224\\351\351\000\003"";   nodeid: ""\000\000\000\000\000\000\000\000\000\000\000\000\000\000\000\000\000\000\000\000\000\000\000\000\000\000\000\000\000\000\000\000\000""; }; requestCookie: 3; ","ledgerHash: ""\007\347lg\346B\270\350\352\375\266\371?(\361\364\365I|\375\262>\230(\333\250\331\007\360U\024\027""; ledgerSeq: 0; type: liTS_CANDIDATE; nodes {;   nodedata: ""\003S\n\235\2624\346\340\377asq\337\223T\316nL\232)C!\360\245\205[L\224\\351\351\000\003"";   nodeid: ""\000\000\000\000\000\000\000\000\000\000\000\000\000\000\000\000\000\000\000\000\000\000\000\000\000\000\000\000\000\000\000\000\000""; }; requestCookie: 3; "
1750587281050,1750587281050,393,1,0,1,TMGetLedger,"itype: liTS_CANDIDATE; ledgerHash: ""b\001;\355\\351h\305\360*\252j\2470\334[#|\313\3606\207\210\245\372\217RX\333g`K""; nodeIDs: ""\000\000\000\000\000\000\000\000\000\000\000\000\000\000\000\000\000\000\000\000\000\000\000\000\000\000\000\000\000\000\000\000\000""; queryType: qtINDIRECT; queryDepth: 3; ","itype: liTS_CANDIDATE; ledgerHash: ""b\001;\355\\351h\305\360*\252j\2470\334[#|\313\3606\207\210\245\372\217RX\333g`K""; nodeIDs: ""\000\000\000\000\000\000\000\000\000\000\000\000\000\000\000\000\000\000\000\000\000\000\000\000\000\000\000\000\000\000\000\000\000""; queryType: qtINDIRECT; queryDepth: 3; "
1750587281051,1750587281051,1764,1,0,3,TMGetLedger,"itype: liTS_CANDIDATE; ledgerHash: ""b\001;\355\\351h\305\360*\252j\2470\334[#|\313\3606\207\210\245\372\217RX\333g`K""; nodeIDs: ""\000\000\000\000\000\000\000\000\000\000\000\000\000\000\000\000\000\000\000\000\000\000\000\000\000\000\000\000\000\000\000\000\000""; queryType: qtINDIRECT; queryDepth: 3; ","itype: liTS_CANDIDATE; ledgerHash: ""b\001;\355\\351h\305\360*\252j\2470\334[#|\313\3606\207\210\245\372\217RX\333g`K""; nodeIDs: ""\000\000\000\000\000\000\000\000\000\000\000\000\000\000\000\000\000\000\000\000\000\000\000\000\000\000\000\000\000\000\000\000\000""; queryType: qtINDIRECT; queryDepth: 3; "
1750587281051,1750587281051,1466,1,0,4,TMGetLedger,"itype: liTS_CANDIDATE; ledgerHash: ""b\001;\355\\351h\305\360*\252j\2470\334[#|\313\3606\207\210\245\372\217RX\333g`K""; nodeIDs: ""\000\000\000\000\000\000\000\000\000\000\000\000\000\000\000\000\000\000\000\000\000\000\000\000\000\000\000\000\000\000\000\000\000""; queryType: qtINDIRECT; queryDepth: 3; ","itype: liTS_CANDIDATE; ledgerHash: ""b\001;\355\\351h\305\360*\252j\2470\334[#|\313\3606\207\210\245\372\217RX\333g`K""; nodeIDs: ""\000\000\000\000\000\000\000\000\000\000\000\000\000\000\000\000\000\000\000\000\000\000\000\000\000\000\000\000\000\000\000\000\000""; queryType: qtINDIRECT; queryDepth: 3; "
1750587281051,1750587281051,3414,1,0,2,TMGetLedger,"itype: liTS_CANDIDATE; ledgerHash: ""b\001;\355\\351h\305\360*\252j\2470\334[#|\313\3606\207\210\245\372\217RX\333g`K""; nodeIDs: ""\000\000\000\000\000\000\000\000\000\000\000\000\000\000\000\000\000\000\000\000\000\000\000\000\000\000\000\000\000\000\000\000\000""; queryType: qtINDIRECT; queryDepth: 3; ","itype: liTS_CANDIDATE; ledgerHash: ""b\001;\355\\351h\305\360*\252j\2470\334[#|\313\3606\207\210\245\372\217RX\333g`K""; nodeIDs: ""\000\000\000\000\000\000\000\000\000\000\000\000\000\000\000\000\000\000\000\000\000\000\000\000\000\000\000\000\000\000\000\000\000""; queryType: qtINDIRECT; queryDepth: 3; "
1750587281053,1750587281053,3907,1,2,0,TMHaveTransactionSet,"status: tsHAVE; hash: ""\007\347lg\346B\270\350\352\375\266\371?(\361\364\365I|\375\262>\230(\333\250\331\007\360U\024\027""; ","status: tsHAVE; hash: ""\007\347lg\346B\270\350\352\375\266\371?(\361\364\365I|\375\262>\230(\333\250\331\007\360U\024\027""; "
1750587281054,1750587281054,173,1,2,3,TMHaveTransactionSet,"status: tsHAVE; hash: ""\007\347lg\346B\270\350\352\375\266\371?(\361\364\365I|\375\262>\230(\333\250\331\007\360U\024\027""; ","status: tsHAVE; hash: ""\007\347lg\346B\270\350\352\375\266\371?(\361\364\365I|\375\262>\230(\333\250\331\007\360U\024\027""; "
1750587281055,1750587281055,3669,1,2,1,TMHaveTransactionSet,"status: tsHAVE; hash: ""\007\347lg\346B\270\350\352\375\266\371?(\361\364\365I|\375\262>\230(\333\250\331\007\360U\024\027""; ","status: tsHAVE; hash: ""\007\347lg\346B\270\350\352\375\266\371?(\361\364\365I|\375\262>\230(\333\250\331\007\360U\024\027""; "
1750587281054,1750587281054,1493,1,2,4,TMHaveTransactionSet,"status: tsHAVE; hash: ""\007\347lg\346B\270\350\352\375\266\371?(\361\364\365I|\375\262>\230(\333\250\331\007\360U\024\027""; ","status: tsHAVE; hash: ""\007\347lg\346B\270\350\352\375\266\371?(\361\364\365I|\375\262>\230(\333\250\331\007\360U\024\027""; "
1750587281056,1750587281057,2236,1,2,4,TMTransaction,"rawTransaction: ""\022\000\000""\000\000\000\000$\000\000\000\006 \033\000\000\000\032a@\000\000\022\333\371\352\000h@\000\000\000\000\000\000\ns!\003\364\346'\245\361\313f\307\325O*\031\010 \337\241\354\3450V\376\031#\323\000\245'Q`4d\376tG0E\002!\000\373\362\224\312\317Ss\343\010EP\201A]\372\204\347\000\222\333S\212\342\t\247\360G\207\334\264\266w\002 /\350\325\216\333\010\0347\027\007\375K\306\345\313fs:\223EIfV\023""QV\367\336\256\325:\201\024B\006\222#\215\346\234\245/\205\327[/\206^\005y\253G\373\203\024\023\252#\014BS\272`\277B\346\245]\332\351o'013""; status: tsNEW; receiveTimestamp: 803902481; ","rawTransaction: ""\022\000\000""\000\000\000\000$\000\000\000\006 \033\000\000\000\032a@\000\000\022\333\371\352\000h@\000\000\000\000\000\000\ns!\003\364\346'\245\361\313f\307\325O*\031\010 \337\241\354\3450V\376\031#\323\000\245'Q`4d\376tG0E\002!\000\373\362\224\312\317Ss\343\010EP\201A]\372\204\347\000\222\333S\212\342\t\247\360G\207\334\264\266w\002 /\350\325\216\333\010\0347\027\007\375K\306\345\313fs:\223EIfV\023""QV\367\336\256\325:\201\024B\006\222#\215\346\234\245/\205\327[/\206^\005y\253G\373\203\024\023\252#\014BS\272`\277B\346\245]\332\351o'013""; status: tsNEW; receiveTimestamp: 803902481; "
1750587281056,1750587281057,2386,1,2,3,TMTransaction,"rawTransaction: ""\022\000\000""\000\000\000\000$\000\000\000\006 \033\000\000\000\032a@\000\000\022\333\371\352\000h@\000\000\000\000\000\000\ns!\003\364\346'\245\361\313f\307\325O*\031\010 \337\241\354\3450V\376\031#\323\000\245'Q`4d\376tG0E\002!\000\373\362\224\312\317Ss\343\010EP\201A]\372\204\347\000\222\333S\212\342\t\247\360G\207\334\264\266w\002 /\350\325\216\333\010\0347\027\007\375K\306\345\313fs:\223EIfV\023""QV\367\336\256\325:\201\024B\006\222#\215\346\234\245/\205\327[/\206^\005y\253G\373\203\024\023\252#\014BS\272`\277B\346\245]\332\351o'013""; status: tsNEW; receiveTimestamp: 803902481; ","rawTransaction: ""\022\000\000""\000\000\000\000$\000\000\000\006 \033\000\000\000\032a@\000\000\022\333\371\352\000h@\000\000\000\000\000\000\ns!\003\364\346'\245\361\313f\307\325O*\031\010 \337\241\354\3450V\376\031#\323\000\245'Q`4d\376tG0E\002!\000\373\362\224\312\317Ss\343\010EP\201A]\372\204\347\000\222\333S\212\342\t\247\360G\207\334\264\266w\002 /\350\325\216\333\010\0347\027\007\375K\306\345\313fs:\223EIfV\023""QV\367\336\256\325:\201\024B\006\222#\215\346\234\245/\205\327[/\206^\005y\253G\373\203\024\023\252#\014BS\272`\277B\346\245]\332\351o'013""; status: tsNEW; receiveTimestamp: 803902481; "
1750587281056,1750587281057,1513,1,2,0,TMTransaction,"rawTransaction: ""\022\000\000""\000\000\000\000$\000\000\000\006 \033\000\000\000\032a@\000\000\022\333\371\352\000h@\000\000\000\000\000\000\ns!\003\364\346'\245\361\313f\307\325O*\031\010 \337\241\354\3450V\376\031#\323\000\245'Q`4d\376tG0E\002!\000\373\362\224\312\317Ss\343\010EP\201A]\372\204\347\000\222\333S\212\342\t\247\360G\207\334\264\266w\002 /\350\325\216\333\010\0347\027\007\375K\306\345\313fs:\223EIfV\023""QV\367\336\256\325:\201\024B\006\222#\215\346\234\245/\205\327[/\206^\005y\253G\373\203\024\023\252#\014BS\272`\277B\346\245]\332\351o'013""; status: tsNEW; receiveTimestamp: 803902481; ","rawTransaction: ""\022\000\000""\000\000\000\000$\000\000\000\006 \033\000\000\000\032a@\000\000\022\333\371\352\000h@\000\000\000\000\000\000\ns!\003\364\346'\245\361\313f\307\325O*\031\010 \337\241\354\3450V\376\031#\323\000\245'Q`4d\376tG0E\002!\000\373\362\224\312\317Ss\343\010EP\201A]\372\204\347\000\222\333S\212\342\t\247\360G\207\334\264\266w\002 /\350\325\216\333\010\0347\027\007\375K\306\345\313fs:\223EIfV\023""QV\367\336\256\325:\201\024B\006\222#\215\346\234\245/\205\327[/\206^\005y\253G\373\203\024\023\252#\014BS\272`\277B\346\245]\332\351o'013""; status: tsNEW; receiveTimestamp: 803902481; "
1750587281059,1750587281059,1435,1,4,1,TMLedgerData,"ledgerHash: ""\r!N\267\203~\313a\272~\344A\332\034\332r\\301\240a\307\341\261(c(\021\265B\030@(""; ledgerSeq: 0; type: liTS_CANDIDATE; nodes {;   nodedata: ""\247\272\246\2214\014W1\360z\262\252=\343\207'\275\266;\016\021\306\330\030\225\023\357\272\353\200x\221\n\003"";   nodeid: ""\000\000\000\000\000\000\000\000\000\000\000\000\000\000\000\000\000\000\000\000\000\000\000\000\000\000\000\000\000\000\000\000\000""; }; ","ledgerHash: ""\r!N\267\203~\313a\272~\344A\332\034\332r\\301\240a\307\341\261(c(\021\265B\030@(""; ledgerSeq: 0; type: liTS_CANDIDATE; nodes {;   nodedata: ""\247\272\246\2214\014W1\360z\262\252=\343\207'\275\266;\016\021\306\330\030\225\023\357\272\353\200x\221\n\003"";   nodeid: ""\000\000\000\000\000\000\000\000\000\000\000\000\000\000\000\000\000\000\000\000\000\000\000\000\000\000\000\000\000\000\000\000\000""; }; "
1750587281066,1750587281066,3807,1,3,1,TMHaveTransactionSet,"status: tsHAVE; hash: ""\007\347lg\346B\270\350\352\375\266\371?(\361\364\365I|\375\262>\230(\333\250\331\007\360U\024\027""; ","status: tsHAVE; hash: ""\007\347lg\346B\270\350\352\375\266\371?(\361\364\365I|\375\262>\230(\333\250\331\007\360U\024\027""; "
1750587281066,1750587281066,2609,1,3,4,TMHaveTransactionSet,"status: tsHAVE; hash: ""\007\347lg\346B\270\350\352\375\266\371?(\361\364\365I|\375\262>\230(\333\250\331\007\360U\024\027""; ","status: tsHAVE; hash: ""\007\347lg\346B\270\350\352\375\266\371?(\361\364\365I|\375\262>\230(\333\250\331\007\360U\024\027""; "
1750587281067,1750587281067,2173,1,3,2,TMHaveTransactionSet,"status: tsHAVE; hash: ""\007\347lg\346B\270\350\352\375\266\371?(\361\364\365I|\375\262>\230(\333\250\331\007\360U\024\027""; ","status: tsHAVE; hash: ""\007\347lg\346B\270\350\352\375\266\371?(\361\364\365I|\375\262>\230(\333\250\331\007\360U\024\027""; "
1750587281066,1750587281066,506,1,3,0,TMHaveTransactionSet,"status: tsHAVE; hash: ""\007\347lg\346B\270\350\352\375\266\371?(\361\364\365I|\375\262>\230(\333\250\331\007\360U\024\027""; ","status: tsHAVE; hash: ""\007\347lg\346B\270\350\352\375\266\371?(\361\364\365I|\375\262>\230(\333\250\331\007\360U\024\027""; "
1750587281071,1750587281071,1753,1,0,2,TMLedgerData,"ledgerHash: ""\007\347lg\346B\270\350\352\375\266\371?(\361\364\365I|\375\262>\230(\333\250\331\007\360U\024\027""; ledgerSeq: 0; type: liTS_CANDIDATE; nodes {;   nodedata: ""\003S\n\235\2624\346\340\377asq\337\223T\316nL\232)C!\360\245\205[L\224\\351\351\000\003"";   nodeid: ""\000\000\000\000\000\000\000\000\000\000\000\000\000\000\000\000\000\000\000\000\000\000\000\000\000\000\000\000\000\000\000\000\000""; }; ","ledgerHash: ""\007\347lg\346B\270\350\352\375\266\371?(\361\364\365I|\375\262>\230(\333\250\331\007\360U\024\027""; ledgerSeq: 0; type: liTS_CANDIDATE; nodes {;   nodedata: ""\003S\n\235\2624\346\340\377asq\337\223T\316nL\232)C!\360\245\205[L\224\\351\351\000\003"";   nodeid: ""\000\000\000\000\000\000\000\000\000\000\000\000\000\000\000\000\000\000\000\000\000\000\000\000\000\000\000\000\000\000\000\000\000""; }; "
1750587281082,1750587281082,2472,1,1,2,TMLedgerData,"ledgerHash: ""\007\347lg\346B\270\350\352\375\266\371?(\361\364\365I|\375\262>\230(\333\250\331\007\360U\024\027""; ledgerSeq: 0; type: liTS_CANDIDATE; nodes {;   nodedata: ""\003S\n\235\2624\346\340\377asq\337\223T\316nL\232)C!\360\245\205[L\224\\351\351\000\003"";   nodeid: ""\000\000\000\000\000\000\000\000\000\000\000\000\000\000\000\000\000\000\000\000\000\000\000\000\000\000\000\000\000\000\000\000\000""; }; ","ledgerHash: ""\007\347lg\346B\270\350\352\375\266\371?(\361\364\365I|\375\262>\230(\333\250\331\007\360U\024\027""; ledgerSeq: 0; type: liTS_CANDIDATE; nodes {;   nodedata: ""\003S\n\235\2624\346\340\377asq\337\223T\316nL\232)C!\360\245\205[L\224\\351\351\000\003"";   nodeid: ""\000\000\000\000\000\000\000\000\000\000\000\000\000\000\000\000\000\000\000\000\000\000\000\000\000\000\000\000\000\000\000\000\000""; }; "
1750587281083,1750587281083,557,1,4,1,TMGetLedger,"itype: liTS_CANDIDATE; ledgerHash: ""\007\347lg\346B\270\350\352\375\266\371?(\361\364\365I|\375\262>\230(\333\250\331\007\360U\024\027""; nodeIDs: ""\000\000\000\000\000\000\000\000\000\000\000\000\000\000\000\000\000\000\000\000\000\000\000\000\000\000\000\000\000\000\000\000\000""; requestCookie: 1; queryType: qtINDIRECT; queryDepth: 3; ","itype: liTS_CANDIDATE; ledgerHash: ""\007\347lg\346B\270\350\352\375\266\371?(\361\364\365I|\375\262>\230(\333\250\331\007\360U\024\027""; nodeIDs: ""\000\000\000\000\000\000\000\000\000\000\000\000\000\000\000\000\000\000\000\000\000\000\000\000\000\000\000\000\000\000\000\000\000""; requestCookie: 1; queryType: qtINDIRECT; queryDepth: 3; "
1750587281094,1750587281094,1251,1,2,1,TMTransaction,"rawTransaction: ""\022\000\000""\000\000\000\000$\000\000\000\006 \033\000\000\000\032a@\000\000\022\333\371\352\000h@\000\000\000\000\000\000\ns!\003\364\346'\245\361\313f\307\325O*\031\010 \337\241\354\3450V\376\031#\323\000\245'Q`4d\376tG0E\002!\000\373\362\224\312\317Ss\343\010EP\201A]\372\204\347\000\222\333S\212\342\t\247\360G\207\334\264\266w\002 /\350\325\216\333\010\0347\027\007\375K\306\345\313fs:\223EIfV\023""QV\367\336\256\325:\201\024B\006\222#\215\346\234\245/\205\327[/\206^\005y\253G\373\203\024\023\252#\014BS\272`\277B\346\245]\332\351o'013""; status: tsNEW; receiveTimestamp: 803902481; ","rawTransaction: ""\022\000\000""\000\000\000\000$\000\000\000\006 \033\000\000\000\032a@\000\000\022\333\371\352\000h@\000\000\000\000\000\000\ns!\003\364\346'\245\361\313f\307\325O*\031\010 \337\241\354\3450V\376\031#\323\000\245'Q`4d\376tG0E\002!\000\373\362\224\312\317Ss\343\010EP\201A]\372\204\347\000\222\333S\212\342\t\247\360G\207\334\264\266w\002 /\350\325\216\333\010\0347\027\007\375K\306\345\313fs:\223EIfV\023""QV\367\336\256\325:\201\024B\006\222#\215\346\234\245/\205\327[/\206^\005y\253G\373\203\024\023\252#\014BS\272`\277B\346\245]\332\351o'013""; status: tsNEW; receiveTimestamp: 803902481; "
1750587281114,1750587281115,1102,1,2,3,TMLedgerData,"ledgerHash: ""\007\347lg\346B\270\350\352\375\266\371?(\361\364\365I|\375\262>\230(\333\250\331\007\360U\024\027""; ledgerSeq: 0; type: liTS_CANDIDATE; nodes {;   nodedata: ""\003S\n\235\2624\346\340\377asq\337\223T\316nL\232)C!\360\245\205[L\224\\351\351\000\003"";   nodeid: ""\000\000\000\000\000\000\000\000\000\000\000\000\000\000\000\000\000\000\000\000\000\000\000\000\000\000\000\000\000\000\000\000\000""; }; ","ledgerHash: ""\007\347lg\346B\270\350\352\375\266\371?(\361\364\365I|\375\262>\230(\333\250\331\007\360U\024\027""; ledgerSeq: 0; type: liTS_CANDIDATE; nodes {;   nodedata: ""\003S\n\235\2624\346\340\377asq\337\223T\316nL\232)C!\360\245\205[L\224\\351\351\000\003"";   nodeid: ""\000\000\000\000\000\000\000\000\000\000\000\000\000\000\000\000\000\000\000\000\000\000\000\000\000\000\000\000\000\000\000\000\000""; }; "
1750587281130,1750587281131,2565,1,3,0,TMLedgerData,"ledgerHash: ""\007\347lg\346B\270\350\352\375\266\371?(\361\364\365I|\375\262>\230(\333\250\331\007\360U\024\027""; ledgerSeq: 0; type: liTS_CANDIDATE; nodes {;   nodedata: ""\003S\n\235\2624\346\340\377asq\337\223T\316nL\232)C!\360\245\205[L\224\\351\351\000\003"";   nodeid: ""\000\000\000\000\000\000\000\000\000\000\000\000\000\000\000\000\000\000\000\000\000\000\000\000\000\000\000\000\000\000\000\000\000""; }; ","ledgerHash: ""\007\347lg\346B\270\350\352\375\266\371?(\361\364\365I|\375\262>\230(\333\250\331\007\360U\024\027""; ledgerSeq: 0; type: liTS_CANDIDATE; nodes {;   nodedata: ""\003S\n\235\2624\346\340\377asq\337\223T\316nL\232)C!\360\245\205[L\224\\351\351\000\003"";   nodeid: ""\000\000\000\000\000\000\000\000\000\000\000\000\000\000\000\000\000\000\000\000\000\000\000\000\000\000\000\000\000\000\000\000\000""; }; "
1750587281132,1750587281132,3488,1,2,0,TMValidation,"validation: """"\200\000\000\001&\000\000\000\010)/\352\224\017:?HT\314/\177\320^Q\354@[\274\202\021\202\373Vi\243\n\325\250\005e\360""m\346'\311@\343\016$L\346\334\360<wP\027\000\000\000\000\000\000\000\000\000\000\000\000\000\000\000\000\000\000\000\000\000\000\000\000\000\000\000\000\000\000\000\000P\031\311\347s\234ae\204\263\365U\334\372D\354\345\276\201f\035\271%#\375\245\314.""\373\330&\3746s!\003\343\005\311u\203\370\0338\3174\324\010\006\301\251\177\261\304eOX\262)FA-\022r\263wm\024vG0E\002!\000\315\324\346Z\n\351k\234\356A\017\r\267n\357\240\331\370V\264\3339I\016P\020c\026N\372\217\241\002 3{.?\233q\241\222\224\032\2744~L\217\236l\235]\312\337*\240\221>!\201/\3246\022\324""; ","validation: """"\200\000\000\001&\000\000\000\010)/\352\224\017:?HT\314/\177\320^Q\354@[\274\202\021\202\373Vi\243\n\325\250\005e\360""m\346'\311@\343\016$L\346\334\360<wP\027\000\000\000\000\000\000\000\000\000\000\000\000\000\000\000\000\000\000\000\000\000\000\000\000\000\000\000\000\000\000\000\000P\031\311\347s\234ae\204\263\365U\334\372D\354\345\276\201f\035\271%#\375\245\314.""\373\330&\3746s!\003\343\005\311u\203\370\0338\3174\324\010\006\301\251\177\261\304eOX\262)FA-\022r\263wm\024vG0E\002!\000\315\324\346Z\n\351k\234\356A\017\r\267n\357\240\331\370V\264\3339I\016P\020c\026N\372\217\241\002 3{.?\233q\241\222\224\032\2744~L\217\236l\235]\312\337*\240\221>!\201/\3246\022\324""; "
1750587281132,1750587281132,3989,1,2,3,TMValidation,"validation: """"\200\000\000\001&\000\000\000\010)/\352\224\017:?HT\314/\177\320^Q\354@[\274\202\021\202\373Vi\243\n\325\250\005e\360""m\346'\311@\343\016$L\346\334\360<wP\027\000\000\000\000\000\000\000\000\000\000\000\000\000\000\000\000\000\000\000\000\000\000\000\000\000\000\000\000\000\000\000\000P\031\311\347s\234ae\204\263\365U\334\372D\354\345\276\201f\035\271%#\375\245\314.""\373\330&\3746s!\003\343\005\311u\203\370\0338\3174\324\010\006\301\251\177\261\304eOX\262)FA-\022r\263wm\024vG0E\002!\000\315\324\346Z\n\351k\234\356A\017\r\267n\357\240\331\370V\264\3339I\016P\020c\026N\372\217\241\002 3{.?\233q\241\222\224\032\2744~L\217\236l\235]\312\337*\240\221>!\201/\3246\022\324""; ","validation: """"\200\000\000\001&\000\000\000\010)/\352\224\017:?HT\314/\177\320^Q\354@[\274\202\021\202\373Vi\243\n\325\250\005e\360""m\346'\311@\343\016$L\346\334\360<wP\027\000\000\000\000\000\000\000\000\000\000\000\000\000\000\000\000\000\000\000\000\000\000\000\000\000\000\000\000\000\000\000\000P\031\311\347s\234ae\204\263\365U\334\372D\354\345\276\201f\035\271%#\375\245\314.""\373\330&\3746s!\003\343\005\311u\203\370\0338\3174\324\010\006\301\251\177\261\304eOX\262)FA-\022r\263wm\024vG0E\002!\000\315\324\346Z\n\351k\234\356A\017\r\267n\357\240\331\370V\264\3339I\016P\020c\026N\372\217\241\002 3{.?\233q\241\222\224\032\2744~L\217\236l\235]\312\337*\240\221>!\201/\3246\022\324""; "
1750587281133,1750587281133,1036,1,2,4,TMValidation,"validation: """"\200\000\000\001&\000\000\000\010)/\352\224\017:?HT\314/\177\320^Q\354@[\274\202\021\202\373Vi\243\n\325\250\005e\360""m\346'\311@\343\016$L\346\334\360<wP\027\000\000\000\000\000\000\000\000\000\000\000\000\000\000\000\000\000\000\000\000\000\000\000\000\000\000\000\000\000\000\000\000P\031\311\347s\234ae\204\263\365U\334\372D\354\345\276\201f\035\271%#\375\245\314.""\373\330&\3746s!\003\343\005\311u\203\370\0338\3174\324\010\006\301\251\177\261\304eOX\262)FA-\022r\263wm\024vG0E\002!\000\315\324\346Z\n\351k\234\356A\017\r\267n\357\240\331\370V\264\3339I\016P\020c\026N\372\217\241\002 3{.?\233q\241\222\224\032\2744~L\217\236l\235]\312\337*\240\221>!\201/\3246\022\324""; ","validation: """"\200\000\000\001&\000\000\000\010)/\352\224\017:?HT\314/\177\320^Q\354@[\274\202\021\202\373Vi\243\n\325\250\005e\360""m\346'\311@\343\016$L\346\334\360<wP\027\000\000\000\000\000\000\000\000\000\000\000\000\000\000\000\000\000\000\000\000\000\000\000\000\000\000\000\000\000\000\000\000P\031\311\347s\234ae\204\263\365U\334\372D\354\345\276\201f\035\271%#\375\245\314.""\373\330&\3746s!\003\343\005\311u\203\370\0338\3174\324\010\006\301\251\177\261\304eOX\262)FA-\022r\263wm\024vG0E\002!\000\315\324\346Z\n\351k\234\356A\017\r\267n\357\240\331\370V\264\3339I\016P\020c\026N\372\217\241\002 3{.?\233q\241\222\224\032\2744~L\217\236l\235]\312\337*\240\221>!\201/\3246\022\324""; "
1750587281141,1750587281142,2715,1,1,4,TMLedgerData,"ledgerHash: ""\007\347lg\346B\270\350\352\375\266\371?(\361\364\365I|\375\262>\230(\333\250\331\007\360U\024\027""; ledgerSeq: 0; type: liTS_CANDIDATE; nodes {;   nodedata: ""\003S\n\235\2624\346\340\377asq\337\223T\316nL\232)C!\360\245\205[L\224\\351\351\000\003"";   nodeid: ""\000\000\000\000\000\000\000\000\000\000\000\000\000\000\000\000\000\000\000\000\000\000\000\000\000\000\000\000\000\000\000\000\000""; }; requestCookie: 1; ","ledgerHash: ""\007\347lg\346B\270\350\352\375\266\371?(\361\364\365I|\375\262>\230(\333\250\331\007\360U\024\027""; ledgerSeq: 0; type: liTS_CANDIDATE; nodes {;   nodedata: ""\003S\n\235\2624\346\340\377asq\337\223T\316nL\232)C!\360\245\205[L\224\\351\351\000\003"";   nodeid: ""\000\000\000\000\000\000\000\000\000\000\000\000\000\000\000\000\000\000\000\000\000\000\000\000\000\000\000\000\000\000\000\000\000""; }; requestCookie: 1; "
1750587281161,1750587281161,3487,1,0,3,TMLedgerData,"ledgerHash: ""\007\347lg\346B\270\350\352\375\266\371?(\361\364\365I|\375\262>\230(\333\250\331\007\360U\024\027""; ledgerSeq: 0; type: liTS_CANDIDATE; nodes {;   nodedata: ""\003S\n\235\2624\346\340\377asq\337\223T\316nL\232)C!\360\245\205[L\224\\351\351\000\003"";   nodeid: ""\000\000\000\000\000\000\000\000\000\000\000\000\000\000\000\000\000\000\000\000\000\000\000\000\000\000\000\000\000\000\000\000\000""; }; ","ledgerHash: ""\007\347lg\346B\270\350\352\375\266\371?(\361\364\365I|\375\262>\230(\333\250\331\007\360U\024\027""; ledgerSeq: 0; type: liTS_CANDIDATE; nodes {;   nodedata: ""\003S\n\235\2624\346\340\377asq\337\223T\316nL\232)C!\360\245\205[L\224\\351\351\000\003"";   nodeid: ""\000\000\000\000\000\000\000\000\000\000\000\000\000\000\000\000\000\000\000\000\000\000\000\000\000\000\000\000\000\000\000\000\000""; }; "
1750587281166,1750587281166,1399,1,1,3,TMLedgerData,"ledgerHash: ""\007\347lg\346B\270\350\352\375\266\371?(\361\364\365I|\375\262>\230(\333\250\331\007\360U\024\027""; ledgerSeq: 0; type: liTS_CANDIDATE; nodes {;   nodedata: ""\003S\n\235\2624\346\340\377asq\337\223T\316nL\232)C!\360\245\205[L\224\\351\351\000\003"";   nodeid: ""\000\000\000\000\000\000\000\000\000\000\000\000\000\000\000\000\000\000\000\000\000\000\000\000\000\000\000\000\000\000\000\000\000""; }; ","ledgerHash: ""\007\347lg\346B\270\350\352\375\266\371?(\361\364\365I|\375\262>\230(\333\250\331\007\360U\024\027""; ledgerSeq: 0; type: liTS_CANDIDATE; nodes {;   nodedata: ""\003S\n\235\2624\346\340\377asq\337\223T\316nL\232)C!\360\245\205[L\224\\351\351\000\003"";   nodeid: ""\000\000\000\000\000\000\000\000\000\000\000\000\000\000\000\000\000\000\000\000\000\000\000\000\000\000\000\000\000\000\000\000\000""; }; "
1750587281191,1750587281191,342,1,2,1,TMGetLedger,"itype: liTS_CANDIDATE; ledgerHash: ""\r!N\267\203~\313a\272~\344A\332\034\332r\\301\240a\307\341\261(c(\021\265B\030@(""; nodeIDs: ""\000\000\000\000\000\000\000\000\000\000\000\000\000\000\000\000\000\000\000\000\000\000\000\000\000\000\000\000\000\000\000\000\000""; queryType: qtINDIRECT; queryDepth: 3; ","itype: liTS_CANDIDATE; ledgerHash: ""\r!N\267\203~\313a\272~\344A\332\034\332r\\301\240a\307\341\261(c(\021\265B\030@(""; nodeIDs: ""\000\000\000\000\000\000\000\000\000\000\000\000\000\000\000\000\000\000\000\000\000\000\000\000\000\000\000\000\000\000\000\000\000""; queryType: qtINDIRECT; queryDepth: 3; "
1750587281192,1750587281192,1582,1,2,0,TMGetLedger,"itype: liTS_CANDIDATE; ledgerHash: ""\r!N\267\203~\313a\272~\344A\332\034\332r\\301\240a\307\341\261(c(\021\265B\030@(""; nodeIDs: ""\000\000\000\000\000\000\000\000\000\000\000\000\000\000\000\000\000\000\000\000\000\000\000\000\000\000\000\000\000\000\000\000\000""; queryType: qtINDIRECT; queryDepth: 3; ","itype: liTS_CANDIDATE; ledgerHash: ""\r!N\267\203~\313a\272~\344A\332\034\332r\\301\240a\307\341\261(c(\021\265B\030@(""; nodeIDs: ""\000\000\000\000\000\000\000\000\000\000\000\000\000\000\000\000\000\000\000\000\000\000\000\000\000\000\000\000\000\000\000\000\000""; queryType: qtINDIRECT; queryDepth: 3; "
1750587281194,1750587281194,3898,1,2,3,TMGetLedger,"itype: liTS_CANDIDATE; ledgerHash: ""\r!N\267\203~\313a\272~\344A\332\034\332r\\301\240a\307\341\261(c(\021\265B\030@(""; nodeIDs: ""\000\000\000\000\000\000\000\000\000\000\000\000\000\000\000\000\000\000\000\000\000\000\000\000\000\000\000\000\000\000\000\000\000""; queryType: qtINDIRECT; queryDepth: 3; ","itype: liTS_CANDIDATE; ledgerHash: ""\r!N\267\203~\313a\272~\344A\332\034\332r\\301\240a\307\341\261(c(\021\265B\030@(""; nodeIDs: ""\000\000\000\000\000\000\000\000\000\000\000\000\000\000\000\000\000\000\000\000\000\000\000\000\000\000\000\000\000\000\000\000\000""; queryType: qtINDIRECT; queryDepth: 3; "
1750587281194,1750587281194,2792,1,4,2,TMLedgerData,"ledgerHash: ""\r!N\267\203~\313a\272~\344A\332\034\332r\\301\240a\307\341\261(c(\021\265B\030@(""; ledgerSeq: 0; type: liTS_CANDIDATE; nodes {;   nodedata: ""\247\272\246\2214\014W1\360z\262\252=\343\207'\275\266;\016\021\306\330\030\225\023\357\272\353\200x\221\n\003"";   nodeid: ""\000\000\000\000\000\000\000\000\000\000\000\000\000\000\000\000\000\000\000\000\000\000\000\000\000\000\000\000\000\000\000\000\000""; }; ","ledgerHash: ""\r!N\267\203~\313a\272~\344A\332\034\332r\\301\240a\307\341\261(c(\021\265B\030@(""; ledgerSeq: 0; type: liTS_CANDIDATE; nodes {;   nodedata: ""\247\272\246\2214\014W1\360z\262\252=\343\207'\275\266;\016\021\306\330\030\225\023\357\272\353\200x\221\n\003"";   nodeid: ""\000\000\000\000\000\000\000\000\000\000\000\000\000\000\000\000\000\000\000\000\000\000\000\000\000\000\000\000\000\000\000\000\000""; }; "
1750587281194,1750587281194,1753,1,0,2,TMLedgerData,"ledgerHash: ""\237\231\311\371Y@""\177>\241""\310\233r\315\210Z\003g\334\034\021\305\3353Q\035\224\200\224\347\257""; ledgerSeq: 8; type: liBASE; nodes {;   nodedata: ""\000\000\000\010\001cEx]\211\377\330\311\347s\234ae\204\263\365U\334\372D\354\345\276\201f\035\271%#\375\245\314.""\373\330&\3746\177P.\377\255K\330\362G{!s_\276B\273\031\331\234\023vy$7i\342\243\243\220\021_\222w1E\236\020?0\232H\266\366\033p\353\250\025\255\235\310\215\275\032\005\371R<p\240.\2618\277/\352\224\010/\352\224\020\n\000""; }; nodes {;   nodedata: ""h\315\350\215y\203\242]\371\235\232Pt&\325\210eZ\346\237XZ \277\2457n\221\336\253\245\317\002G)\346n?\227\005Y\336\276m\244>\014/\353)\343S\223\201\230\250\301d\027c\001\302\ris\006E\344\037@\210\363\010\336T\226\247'\204_{\261\370""1\235\2445\343\033Y!\212\201\341\272\225'\007\f\n0\233\306>\377~V|O\232@\324_\273\232o\\235\370\234IE\333\255j\001\361\204%\n\265\022\035W\277\033\265pM\027\313x\327iNP(O\216Pk&\235\336\223\217\374\212\253\322w\362\013\210`4\253""\302f\230\374\037bx\0145C\307\337\316[\244d\302\3031\347\300\025aX\357\226\221\016\003""; }; nodes {;   nodedata: ""f\225yM\014\263\225\204\377[\235\030P4BO\343Z\264\3646\307\304\177\327\n\261+$r\257\263\n\003""; }; ","ledgerHash: ""\237\231\311\371Y@""\177>\241""\310\233r\315\210Z\003g\334\034\021\305\3353Q\035\224\200\224\347\257""; ledgerSeq: 8; type: liBASE; nodes {;   nodedata: ""\000\000\000\010\001cEx]\211\377\330\311\347s\234ae\204\263\365U\334\372D\354\345\276\201f\035\271%#\375\245\314.""\373\330&\3746\177P.\377\255K\330\362G{!s_\276B\273\031\331\234\023vy$7i\342\243\243\220\021_\222w1E\236\020?0\232H\266\366\033p\353\250\025\255\235\310\215\275\032\005\371R<p\240.\2618\277/\352\224\010/\352\224\020\n\000""; }; nodes {;   nodedata: ""h\315\350\215y\203\242]\371\235\232Pt&\325\210eZ\346\237XZ \277\2457n\221\336\253\245\317\002G)\346n?\227\005Y\336\276m\244>\014/\353)\343S\223\201\230\250\301d\027c\001\302\ris\006E\344\037@\210\363\010\336T\226\247'\204_{\261\370""1\235\2445\343\033Y!\212\201\341\272\225'\007\f\n0\233\306>\377~V|O\232@\324_\273\232o\\235\370\234IE\333\255j\001\361\204%\n\265\022\035W\277\033\265pM\027\313x\327iNP(O\216Pk&\235\336\223\217\374\212\253\322w\362\013\210`4\253""\302f\230\374\037bx\0145C\307\337\316[\244d\302\3031\347\300\025aX\357\226\221\016\003""; }; nodes {;   nodedata: ""f\225yM\014\263\225\204\377[\235\030P4BO\343Z\264\3646\307\304\177\327\n\261+$r\257\263\n\003""; }; "
1750587281193,1750587281193,499,1,2,4,TMGetLedger,"itype: liTS_CANDIDATE; ledgerHash: ""\r!N\267\203~\313a\272~\344A\332\034\332r\\301\240a\307\341\261(c(\021\265B\030@(""; nodeIDs: ""\000\000\000\000\000\000\000\000\000\000\000\000\000\000\000\000\000\000\000\000\000\000\000\000\000\000\000\000\000\000\000\000\000""; queryType: qtINDIRECT; queryDepth: 3; ","itype: liTS_CANDIDATE; ledgerHash: ""\r!N\267\203~\313a\272~\344A\332\034\332r\\301\240a\307\341\261(c(\021\265B\030@(""; nodeIDs: ""\000\000\000\000\000\000\000\000\000\000\000\000\000\000\000\000\000\000\000\000\000\000\000\000\000\000\000\000\000\000\000\000\000""; queryType: qtINDIRECT; queryDepth: 3; "
1750587281196,1750587281196,1753,1,0,2,TMLedgerData,"ledgerHash: ""\237\231\311\371Y@""\177>\241""\310\233r\315\210Z\003g\334\034\021\305\3353Q\035\224\200\224\347\257""; ledgerSeq: 8; type: liBASE; nodes {;   nodedata: ""\000\000\000\010\001cEx]\211\377\330\311\347s\234ae\204\263\365U\334\372D\354\345\276\201f\035\271%#\375\245\314.""\373\330&\3746\177P.\377\255K\330\362G{!s_\276B\273\031\331\234\023vy$7i\342\243\243\220\021_\222w1E\236\020?0\232H\266\366\033p\353\250\025\255\235\310\215\275\032\005\371R<p\240.\2618\277/\352\224\010/\352\224\020\n\000""; }; nodes {;   nodedata: ""h\315\350\215y\203\242]\371\235\232Pt&\325\210eZ\346\237XZ \277\2457n\221\336\253\245\317\002G)\346n?\227\005Y\336\276m\244>\014/\353)\343S\223\201\230\250\301d\027c\001\302\ris\006E\344\037@\210\363\010\336T\226\247'\204_{\261\370""1\235\2445\343\033Y!\212\201\341\272\225'\007\f\n0\233\306>\377~V|O\232@\324_\273\232o\\235\370\234IE\333\255j\001\361\204%\n\265\022\035W\277\033\265pM\027\313x\327iNP(O\216Pk&\235\336\223\217\374\212\253\322w\362\013\210`4\253""\302f\230\374\037bx\0145C\307\337\316[\244d\302\3031\347\300\025aX\357\226\221\016\003""; }; nodes {;   nodedata: ""f\225yM\014\263\225\204\377[\235\030P4BO\343Z\264\3646\307\304\177\327\n\261+$r\257\263\n\003""; }; ","ledgerHash: ""\237\231\311\371Y@""\177>\241""\310\233r\315\210Z\003g\334\034\021\305\3353Q\035\224\200\224\347\257""; ledgerSeq: 8; type: liBASE; nodes {;   nodedata: ""\000\000\000\010\001cEx]\211\377\330\311\347s\234ae\204\263\365U\334\372D\354\345\276\201f\035\271%#\375\245\314.""\373\330&\3746\177P.\377\255K\330\362G{!s_\276B\273\031\331\234\023vy$7i\342\243\243\220\021_\222w1E\236\020?0\232H\266\366\033p\353\250\025\255\235\310\215\275\032\005\371R<p\240.\2618\277/\352\224\010/\352\224\020\n\000""; }; nodes {;   nodedata: ""h\315\350\215y\203\242]\371\235\232Pt&\325\210eZ\346\237XZ \277\2457n\221\336\253\245\317\002G)\346n?\227\005Y\336\276m\244>\014/\353)\343S\223\201\230\250\301d\027c\001\302\ris\006E\344\037@\210\363\010\336T\226\247'\204_{\261\370""1\235\2445\343\033Y!\212\201\341\272\225'\007\f\n0\233\306>\377~V|O\232@\324_\273\232o\\235\370\234IE\333\255j\001\361\204%\n\265\022\035W\277\033\265pM\027\313x\327iNP(O\216Pk&\235\336\223\217\374\212\253\322w\362\013\210`4\253""\302f\230\374\037bx\0145C\307\337\316[\244d\302\3031\347\300\025aX\357\226\221\016\003""; }; nodes {;   nodedata: ""f\225yM\014\263\225\204\377[\235\030P4BO\343Z\264\3646\307\304\177\327\n\261+$r\257\263\n\003""; }; "
1750587281196,1750587281196,2655,1,1,0,TMLedgerData,"ledgerHash: ""b\001;\355\\351h\305\360*\252j\2470\334[#|\313\3606\207\210\245\372\217RX\333g`K""; ledgerSeq: 0; type: liTS_CANDIDATE; nodes {;   nodedata: "" \245\366\271\024\035\303\242}O\341[\232\374\0350\307\253\205\001\301\216B\031pk\231\004\271\276\265\240\002\003"";   nodeid: ""\000\000\000\000\000\000\000\000\000\000\000\000\000\000\000\000\000\000\000\000\000\000\000\000\000\000\000\000\000\000\000\000\000""; }; ","ledgerHash: ""b\001;\355\\351h\305\360*\252j\2470\334[#|\313\3606\207\210\245\372\217RX\333g`K""; ledgerSeq: 0; type: liTS_CANDIDATE; nodes {;   nodedata: "" \245\366\271\024\035\303\242}O\341[\232\374\0350\307\253\205\001\301\216B\031pk\231\004\271\276\265\240\002\003"";   nodeid: ""\000\000\000\000\000\000\000\000\000\000\000\000\000\000\000\000\000\000\000\000\000\000\000\000\000\000\000\000\000\000\000\000\000""; }; "
1750587281201,1750587281201,1582,1,2,0,TMGetLedger,"itype: liBASE; ledgerHash: ""\354@[\274\202\021\202\373Vi\243\n\325\250\005e\360""m\346'\311@\343\016$L\346\334\360<w""; queryType: qtINDIRECT; ","itype: liBASE; ledgerHash: ""\354@[\274\202\021\202\373Vi\243\n\325\250\005e\360""m\346'\311@\343\016$L\346\334\360<w""; queryType: qtINDIRECT; "
1750587281202,1750587281202,499,1,2,4,TMGetLedger,"itype: liBASE; ledgerHash: ""\354@[\274\202\021\202\373Vi\243\n\325\250\005e\360""m\346'\311@\343\016$L\346\334\360<w""; queryType: qtINDIRECT; ","itype: liBASE; ledgerHash: ""\354@[\274\202\021\202\373Vi\243\n\325\250\005e\360""m\346'\311@\343\016$L\346\334\360<w""; queryType: qtINDIRECT; "
1750587281202,1750587281202,3898,1,2,3,TMGetLedger,"itype: liBASE; ledgerHash: ""\354@[\274\202\021\202\373Vi\243\n\325\250\005e\360""m\346'\311@\343\016$L\346\334\360<w""; queryType: qtINDIRECT; ","itype: liBASE; ledgerHash: ""\354@[\274\202\021\202\373Vi\243\n\325\250\005e\360""m\346'\311@\343\016$L\346\334\360<w""; queryType: qtINDIRECT; "
1750587281204,1750587281204,3553,1,1,3,TMGetLedger,"itype: liBASE; ledgerHash: ""\237\231\311\371Y@""\177>\241""\310\233r\315\210Z\003g\334\034\021\305\3353Q\035\224\200\224\347\257""; requestCookie: 5; queryType: qtINDIRECT; ","itype: liBASE; ledgerHash: ""\237\231\311\371Y@""\177>\241""\310\233r\315\210Z\003g\334\034\021\305\3353Q\035\224\200\224\347\257""; requestCookie: 5; queryType: qtINDIRECT; "
1750587281208,1750587281208,2472,1,1,2,TMLedgerData,"ledgerHash: ""\007\347lg\346B\270\350\352\375\266\371?(\361\364\365I|\375\262>\230(\333\250\331\007\360U\024\027""; ledgerSeq: 0; type: liTS_CANDIDATE; nodes {;   nodedata: ""\003S\n\235\2624\346\340\377asq\337\223T\316nL\232)C!\360\245\205[L\224\\351\351\000\003"";   nodeid: ""\000\000\000\000\000\000\000\000\000\000\000\000\000\000\000\000\000\000\000\000\000\000\000\000\000\000\000\000\000\000\000\000\000""; }; requestCookie: 4; ","ledgerHash: ""\007\347lg\346B\270\350\352\375\266\371?(\361\364\365I|\375\262>\230(\333\250\331\007\360U\024\027""; ledgerSeq: 0; type: liTS_CANDIDATE; nodes {;   nodedata: ""\003S\n\235\2624\346\340\377asq\337\223T\316nL\232)C!\360\245\205[L\224\\351\351\000\003"";   nodeid: ""\000\000\000\000\000\000\000\000\000\000\000\000\000\000\000\000\000\000\000\000\000\000\000\000\000\000\000\000\000\000\000\000\000""; }; requestCookie: 4; "
1750587281234,1750587281234,342,1,2,1,TMGetLedger,"itype: liBASE; ledgerHash: ""\354@[\274\202\021\202\373Vi\243\n\325\250\005e\360""m\346'\311@\343\016$L\346\334\360<w""; queryType: qtINDIRECT; ","itype: liBASE; ledgerHash: ""\354@[\274\202\021\202\373Vi\243\n\325\250\005e\360""m\346'\311@\343\016$L\346\334\360<w""; queryType: qtINDIRECT; "
1750587281234,1750587281235,520,1,2,1,TMLedgerData,"ledgerHash: ""\r!N\267\203~\313a\272~\344A\332\034\332r\\301\240a\307\341\261(c(\021\265B\030@(""; ledgerSeq: 0; type: liTS_CANDIDATE; nodes {;   nodedata: ""\247\272\246\2214\014W1\360z\262\252=\343\207'\275\266;\016\021\306\330\030\225\023\357\272\353\200x\221\n\003"";   nodeid: ""\000\000\000\000\000\000\000\000\000\000\000\000\000\000\000\000\000\000\000\000\000\000\000\000\000\000\000\000\000\000\000\000\000""; }; ","ledgerHash: ""\r!N\267\203~\313a\272~\344A\332\034\332r\\301\240a\307\341\261(c(\021\265B\030@(""; ledgerSeq: 0; type: liTS_CANDIDATE; nodes {;   nodedata: ""\247\272\246\2214\014W1\360z\262\252=\343\207'\275\266;\016\021\306\330\030\225\023\357\272\353\200x\221\n\003"";   nodeid: ""\000\000\000\000\000\000\000\000\000\000\000\000\000\000\000\000\000\000\000\000\000\000\000\000\000\000\000\000\000\000\000\000\000""; }; "
1750587281238,1750587281238,3725,1,2,3,TMProposeSet,"proposeSeq: 1; currentTxHash: ""\000\000\000\000\000\000\000\000\000\000\000\000\000\000\000\000\000\000\000\000\000\000\000\000\000\000\000\000\000\000\000\000""; nodePubKey: ""\003\343\005\311u\203\370\0338\3174\324\010\006\301\251\177\261\304eOX\262)FA-\022r\263wm\024""; closeTime: 803902480; signature: ""0D\002 Mw\343\264\032Iw&b\224\224\245/\255UL\207a\300\036n\321\237\350\020`H\260\355\260\266\367\002 A\255\205\345:&\220\016\255\247_\344B\022\232\364\264.\356\225\263<X\312A\267-\226\335Fx\365""; previousledger: ""\311\347s\234ae\204\263\365U\334\372D\354\345\276\201f\035\271%#\375\245\314.""\373\330&\3746""; ","proposeSeq: 1; currentTxHash: ""\000\000\000\000\000\000\000\000\000\000\000\000\000\000\000\000\000\000\000\000\000\000\000\000\000\000\000\000\000\000\000\000""; nodePubKey: ""\003\343\005\311u\203\370\0338\3174\324\010\006\301\251\177\261\304eOX\262)FA-\022r\263wm\024""; closeTime: 803902480; signature: ""0D\002 Mw\343\264\032Iw&b\224\224\245/\255UL\207a\300\036n\321\237\350\020`H\260\355\260\266\367\002 A\255\205\345:&\220\016\255\247_\344B\022\232\364\264.\356\225\263<X\312A\267-\226\335Fx\365""; previousledger: ""\311\347s\234ae\204\263\365U\334\372D\354\345\276\201f\035\271%#\375\245\314.""\373\330&\3746""; "
1750587281239,1750587281239,3082,1,2,4,TMProposeSet,"proposeSeq: 1; currentTxHash: ""\000\000\000\000\000\000\000\000\000\000\000\000\000\000\000\000\000\000\000\000\000\000\000\000\000\000\000\000\000\000\000\000""; nodePubKey: ""\003\343\005\311u\203\370\0338\3174\324\010\006\301\251\177\261\304eOX\262)FA-\022r\263wm\024""; closeTime: 803902480; signature: ""0D\002 Mw\343\264\032Iw&b\224\224\245/\255UL\207a\300\036n\321\237\350\020`H\260\355\260\266\367\002 A\255\205\345:&\220\016\255\247_\344B\022\232\364\264.\356\225\263<X\312A\267-\226\335Fx\365""; previousledger: ""\311\347s\234ae\204\263\365U\334\372D\354\345\276\201f\035\271%#\375\245\314.""\373\330&\3746""; ","proposeSeq: 1; currentTxHash: ""\000\000\000\000\000\000\000\000\000\000\000\000\000\000\000\000\000\000\000\000\000\000\000\000\000\000\000\000\000\000\000\000""; nodePubKey: ""\003\343\005\311u\203\370\0338\3174\324\010\006\301\251\177\261\304eOX\262)FA-\022r\263wm\024""; closeTime: 803902480; signature: ""0D\002 Mw\343\264\032Iw&b\224\224\245/\255UL\207a\300\036n\321\237\350\020`H\260\355\260\266\367\002 A\255\205\345:&\220\016\255\247_\344B\022\232\364\264.\356\225\263<X\312A\267-\226\335Fx\365""; previousledger: ""\311\347s\234ae\204\263\365U\334\372D\354\345\276\201f\035\271%#\375\245\314.""\373\330&\3746""; "
1750587281239,1750587281239,3546,1,2,0,TMProposeSet,"proposeSeq: 1; currentTxHash: ""\000\000\000\000\000\000\000\000\000\000\000\000\000\000\000\000\000\000\000\000\000\000\000\000\000\000\000\000\000\000\000\000""; nodePubKey: ""\003\343\005\311u\203\370\0338\3174\324\010\006\301\251\177\261\304eOX\262)FA-\022r\263wm\024""; closeTime: 803902480; signature: ""0D\002 Mw\343\264\032Iw&b\224\224\245/\255UL\207a\300\036n\321\237\350\020`H\260\355\260\266\367\002 A\255\205\345:&\220\016\255\247_\344B\022\232\364\264.\356\225\263<X\312A\267-\226\335Fx\365""; previousledger: ""\311\347s\234ae\204\263\365U\334\372D\354\345\276\201f\035\271%#\375\245\314.""\373\330&\3746""; ","proposeSeq: 1; currentTxHash: ""\000\000\000\000\000\000\000\000\000\000\000\000\000\000\000\000\000\000\000\000\000\000\000\000\000\000\000\000\000\000\000\000""; nodePubKey: ""\003\343\005\311u\203\370\0338\3174\324\010\006\301\251\177\261\304eOX\262)FA-\022r\263wm\024""; closeTime: 803902480; signature: ""0D\002 Mw\343\264\032Iw&b\224\224\245/\255UL\207a\300\036n\321\237\350\020`H\260\355\260\266\367\002 A\255\205\345:&\220\016\255\247_\344B\022\232\364\264.\356\225\263<X\312A\267-\226\335Fx\365""; previousledger: ""\311\347s\234ae\204\263\365U\334\372D\354\345\276\201f\035\271%#\375\245\314.""\373\330&\3746""; "
1750587281240,1750587281240,557,1,4,1,TMGetLedger,"itype: liTS_CANDIDATE; ledgerHash: ""\007\347lg\346B\270\350\352\375\266\371?(\361\364\365I|\375\262>\230(\333\250\331\007\360U\024\027""; nodeIDs: ""\000\000\000\000\000\000\000\000\000\000\000\000\000\000\000\000\000\000\000\000\000\000\000\000\000\000\000\000\000\000\000\000\000""; requestCookie: 3; queryType: qtINDIRECT; queryDepth: 3; ","itype: liTS_CANDIDATE; ledgerHash: ""\007\347lg\346B\270\350\352\375\266\371?(\361\364\365I|\375\262>\230(\333\250\331\007\360U\024\027""; nodeIDs: ""\000\000\000\000\000\000\000\000\000\000\000\000\000\000\000\000\000\000\000\000\000\000\000\000\000\000\000\000\000\000\000\000\000""; requestCookie: 3; queryType: qtINDIRECT; queryDepth: 3; "
1750587281252,1750587281252,3520,1,3,1,TMLedgerData,"ledgerHash: ""\r!N\267\203~\313a\272~\344A\332\034\332r\\301\240a\307\341\261(c(\021\265B\030@(""; ledgerSeq: 0; type: liTS_CANDIDATE; nodes {;   nodedata: ""\247\272\246\2214\014W1\360z\262\252=\343\207'\275\266;\016\021\306\330\030\225\023\357\272\353\200x\221\n\003"";   nodeid: ""\000\000\000\000\000\000\000\000\000\000\000\000\000\000\000\000\000\000\000\000\000\000\000\000\000\000\000\000\000\000\000\000\000""; }; ","ledgerHash: ""\r!N\267\203~\313a\272~\344A\332\034\332r\\301\240a\307\341\261(c(\021\265B\030@(""; ledgerSeq: 0; type: liTS_CANDIDATE; nodes {;   nodedata: ""\247\272\246\2214\014W1\360z\262\252=\343\207'\275\266;\016\021\306\330\030\225\023\357\272\353\200x\221\n\003"";   nodeid: ""\000\000\000\000\000\000\000\000\000\000\000\000\000\000\000\000\000\000\000\000\000\000\000\000\000\000\000\000\000\000\000\000\000""; }; "
1750587281253,1750587281253,486,1,4,0,TMLedgerData,"ledgerHash: ""\354@[\274\202\021\202\373Vi\243\n\325\250\005e\360""m\346'\311@\343\016$L\346\334\360<w""; ledgerSeq: 8; type: liBASE; nodes {;   nodedata: ""\000\000\000\010\001cEx]\211\377\342\311\347s\234ae\204\263\365U\334\372D\354\345\276\201f\035\271%#\375\245\314.""\373\330&\3746\000\000\000\000\000\000\000\000\000\000\000\000\000\000\000\000\000\000\000\000\000\000\000\000\000\000\000\000\000\000\000\000\245lQI\023\t3o\213\325\024\3601\255\010\244\306\3215\261\204Q\r\327\317\312f\322eb\215C/\352\224\010/\352\224\020\n\000""; }; nodes {;   nodedata: ""h\315\350\215y\203\242]\371\235\232Pt&\325\210eZ\346\237XZ \277\2457n\221\336\253\245\317\002w\n\356\350\316{k\272E0\225\362\025\010\366\367\372\263\355xq\360\261\376M<\356\347\007zf\307\006E\344\037@\210\363\010\336T\226\247'\204_{\261\370""1\235\2445\343\033Y!\212\201\341\272\225'\007*$\244&\336\343'\233i\332\374\245 {^\306-N\333\gE\006\347\212\331C\211Z\177\247\031\n\265\022\035W\277\033\265pM\027\313x\327iNP(O\216Pk&\235\336\223\217\374\212\253\322w\362\013\210`4\253""\302f\230\374\037bx\0145C\307\337\316[\244d\302\3031\347\300\025aX\357\226\221\016\003""; }; requestCookie: 3; ","ledgerHash: ""\354@[\274\202\021\202\373Vi\243\n\325\250\005e\360""m\346'\311@\343\016$L\346\334\360<w""; ledgerSeq: 8; type: liBASE; nodes {;   nodedata: ""\000\000\000\010\001cEx]\211\377\342\311\347s\234ae\204\263\365U\334\372D\354\345\276\201f\035\271%#\375\245\314.""\373\330&\3746\000\000\000\000\000\000\000\000\000\000\000\000\000\000\000\000\000\000\000\000\000\000\000\000\000\000\000\000\000\000\000\000\245lQI\023\t3o\213\325\024\3601\255\010\244\306\3215\261\204Q\r\327\317\312f\322eb\215C/\352\224\010/\352\224\020\n\000""; }; nodes {;   nodedata: ""h\315\350\215y\203\242]\371\235\232Pt&\325\210eZ\346\237XZ \277\2457n\221\336\253\245\317\002w\n\356\350\316{k\272E0\225\362\025\010\366\367\372\263\355xq\360\261\376M<\356\347\007zf\307\006E\344\037@\210\363\010\336T\226\247'\204_{\261\370""1\235\2445\343\033Y!\212\201\341\272\225'\007*$\244&\336\343'\233i\332\374\245 {^\306-N\333\gE\006\347\212\331C\211Z\177\247\031\n\265\022\035W\277\033\265pM\027\313x\327iNP(O\216Pk&\235\336\223\217\374\212\253\322w\362\013\210`4\253""\302f\230\374\037bx\0145C\307\337\316[\244d\302\3031\347\300\025aX\357\226\221\016\003""; }; requestCookie: 3; "
1750587281262,1750587281262,2792,1,4,2,TMLedgerData,"ledgerHash: ""\354@[\274\202\021\202\373Vi\243\n\325\250\005e\360""m\346'\311@\343\016$L\346\334\360<w""; ledgerSeq: 8; type: liBASE; nodes {;   nodedata: ""\000\000\000\010\001cEx]\211\377\342\311\347s\234ae\204\263\365U\334\372D\354\345\276\201f\035\271%#\375\245\314.""\373\330&\3746\000\000\000\000\000\000\000\000\000\000\000\000\000\000\000\000\000\000\000\000\000\000\000\000\000\000\000\000\000\000\000\000\245lQI\023\t3o\213\325\024\3601\255\010\244\306\3215\261\204Q\r\327\317\312f\322eb\215C/\352\224\010/\352\224\020\n\000""; }; nodes {;   nodedata: ""h\315\350\215y\203\242]\371\235\232Pt&\325\210eZ\346\237XZ \277\2457n\221\336\253\245\317\002w\n\356\350\316{k\272E0\225\362\025\010\366\367\372\263\355xq\360\261\376M<\356\347\007zf\307\006E\344\037@\210\363\010\336T\226\247'\204_{\261\370""1\235\2445\343\033Y!\212\201\341\272\225'\007*$\244&\336\343'\233i\332\374\245 {^\306-N\333\gE\006\347\212\331C\211Z\177\247\031\n\265\022\035W\277\033\265pM\027\313x\327iNP(O\216Pk&\235\336\223\217\374\212\253\322w\362\013\210`4\253""\302f\230\374\037bx\0145C\307\337\316[\244d\302\3031\347\300\025aX\357\226\221\016\003""; }; requestCookie: 4; ","ledgerHash: ""\354@[\274\202\021\202\373Vi\243\n\325\250\005e\360""m\346'\311@\343\016$L\346\334\360<w""; ledgerSeq: 8; type: liBASE; nodes {;   nodedata: ""\000\000\000\010\001cEx]\211\377\342\311\347s\234ae\204\263\365U\334\372D\354\345\276\201f\035\271%#\375\245\314.""\373\330&\3746\000\000\000\000\000\000\000\000\000\000\000\000\000\000\000\000\000\000\000\000\000\000\000\000\000\000\000\000\000\000\000\000\245lQI\023\t3o\213\325\024\3601\255\010\244\306\3215\261\204Q\r\327\317\312f\322eb\215C/\352\224\010/\352\224\020\n\000""; }; nodes {;   nodedata: ""h\315\350\215y\203\242]\371\235\232Pt&\325\210eZ\346\237XZ \277\2457n\221\336\253\245\317\002w\n\356\350\316{k\272E0\225\362\025\010\366\367\372\263\355xq\360\261\376M<\356\347\007zf\307\006E\344\037@\210\363\010\336T\226\247'\204_{\261\370""1\235\2445\343\033Y!\212\201\341\272\225'\007*$\244&\336\343'\233i\332\374\245 {^\306-N\333\gE\006\347\212\331C\211Z\177\247\031\n\265\022\035W\277\033\265pM\027\313x\327iNP(O\216Pk&\235\336\223\217\374\212\253\322w\362\013\210`4\253""\302f\230\374\037bx\0145C\307\337\316[\244d\302\3031\347\300\025aX\357\226\221\016\003""; }; requestCookie: 4; "
1750587281270,1750587281270,1650,1,3,4,TMLedgerData,"ledgerHash: ""\r!N\267\203~\313a\272~\344A\332\034\332r\\301\240a\307\341\261(c(\021\265B\030@(""; ledgerSeq: 0; type: liTS_CANDIDATE; nodes {;   nodedata: ""\247\272\246\2214\014W1\360z\262\252=\343\207'\275\266;\016\021\306\330\030\225\023\357\272\353\200x\221\n\003"";   nodeid: ""\000\000\000\000\000\000\000\000\000\000\000\000\000\000\000\000\000\000\000\000\000\000\000\000\000\000\000\000\000\000\000\000\000""; }; ","ledgerHash: ""\r!N\267\203~\313a\272~\344A\332\034\332r\\301\240a\307\341\261(c(\021\265B\030@(""; ledgerSeq: 0; type: liTS_CANDIDATE; nodes {;   nodedata: ""\247\272\246\2214\014W1\360z\262\252=\343\207'\275\266;\016\021\306\330\030\225\023\357\272\353\200x\221\n\003"";   nodeid: ""\000\000\000\000\000\000\000\000\000\000\000\000\000\000\000\000\000\000\000\000\000\000\000\000\000\000\000\000\000\000\000\000\000""; }; "
1750587281274,1750587281275,1753,1,0,2,TMLedgerData,"ledgerHash: ""\r!N\267\203~\313a\272~\344A\332\034\332r\\301\240a\307\341\261(c(\021\265B\030@(""; ledgerSeq: 0; type: liTS_CANDIDATE; nodes {;   nodedata: ""\247\272\246\2214\014W1\360z\262\252=\343\207'\275\266;\016\021\306\330\030\225\023\357\272\353\200x\221\n\003"";   nodeid: ""\000\000\000\000\000\000\000\000\000\000\000\000\000\000\000\000\000\000\000\000\000\000\000\000\000\000\000\000\000\000\000\000\000""; }; ","ledgerHash: ""\r!N\267\203~\313a\272~\344A\332\034\332r\\301\240a\307\341\261(c(\021\265B\030@(""; ledgerSeq: 0; type: liTS_CANDIDATE; nodes {;   nodedata: ""\247\272\246\2214\014W1\360z\262\252=\343\207'\275\266;\016\021\306\330\030\225\023\357\272\353\200x\221\n\003"";   nodeid: ""\000\000\000\000\000\000\000\000\000\000\000\000\000\000\000\000\000\000\000\000\000\000\000\000\000\000\000\000\000\000\000\000\000""; }; "
1750587281283,1750587281283,3082,1,2,4,TMProposeSet,"proposeSeq: 1; currentTxHash: ""\000\000\000\000\000\000\000\000\000\000\000\000\000\000\000\000\000\000\000\000\000\000\000\000\000\000\000\000\000\000\000\000""; nodePubKey: ""\003ql\302)\235\321\t\213\224\356\374%%\311\327\037\374\304\t\335\2359\344\233\035]\347<u\236\364\222""; closeTime: 803902480; signature: ""0D\002 h$<n3\023mB\345\\246\270\251?\233\356g\350>\373c?3&B\355\260\370\364LOe\002 \036N\2076\346\344\212\325\253\303\303\227|\260\013\271\000f\244e9O\260'\376\363\026Ff\234\001\017""; previousledger: ""\311\347s\234ae\204\263\365U\334\372D\354\345\276\201f\035\271%#\375\245\314.""\373\330&\3746""; ","proposeSeq: 1; currentTxHash: ""\000\000\000\000\000\000\000\000\000\000\000\000\000\000\000\000\000\000\000\000\000\000\000\000\000\000\000\000\000\000\000\000""; nodePubKey: ""\003ql\302)\235\321\t\213\224\356\374%%\311\327\037\374\304\t\335\2359\344\233\035]\347<u\236\364\222""; closeTime: 803902480; signature: ""0D\002 h$<n3\023mB\345\\246\270\251?\233\356g\350>\373c?3&B\355\260\370\364LOe\002 \036N\2076\346\344\212\325\253\303\303\227|\260\013\271\000f\244e9O\260'\376\363\026Ff\234\001\017""; previousledger: ""\311\347s\234ae\204\263\365U\334\372D\354\345\276\201f\035\271%#\375\245\314.""\373\330&\3746""; "
1750587281283,1750587281284,3546,1,2,0,TMProposeSet,"proposeSeq: 1; currentTxHash: ""\000\000\000\000\000\000\000\000\000\000\000\000\000\000\000\000\000\000\000\000\000\000\000\000\000\000\000\000\000\000\000\000""; nodePubKey: ""\003ql\302)\235\321\t\213\224\356\374%%\311\327\037\374\304\t\335\2359\344\233\035]\347<u\236\364\222""; closeTime: 803902480; signature: ""0D\002 h$<n3\023mB\345\\246\270\251?\233\356g\350>\373c?3&B\355\260\370\364LOe\002 \036N\2076\346\344\212\325\253\303\303\227|\260\013\271\000f\244e9O\260'\376\363\026Ff\234\001\017""; previousledger: ""\311\347s\234ae\204\263\365U\334\372D\354\345\276\201f\035\271%#\375\245\314.""\373\330&\3746""; ","proposeSeq: 1; currentTxHash: ""\000\000\000\000\000\000\000\000\000\000\000\000\000\000\000\000\000\000\000\000\000\000\000\000\000\000\000\000\000\000\000\000""; nodePubKey: ""\003ql\302)\235\321\t\213\224\356\374%%\311\327\037\374\304\t\335\2359\344\233\035]\347<u\236\364\222""; closeTime: 803902480; signature: ""0D\002 h$<n3\023mB\345\\246\270\251?\233\356g\350>\373c?3&B\355\260\370\364LOe\002 \036N\2076\346\344\212\325\253\303\303\227|\260\013\271\000f\244e9O\260'\376\363\026Ff\234\001\017""; previousledger: ""\311\347s\234ae\204\263\365U\334\372D\354\345\276\201f\035\271%#\375\245\314.""\373\330&\3746""; "
1750587281285,1750587281285,3725,1,2,3,TMProposeSet,"proposeSeq: 1; currentTxHash: ""\000\000\000\000\000\000\000\000\000\000\000\000\000\000\000\000\000\000\000\000\000\000\000\000\000\000\000\000\000\000\000\000""; nodePubKey: ""\003ql\302)\235\321\t\213\224\356\374%%\311\327\037\374\304\t\335\2359\344\233\035]\347<u\236\364\222""; closeTime: 803902480; signature: ""0D\002 h$<n3\023mB\345\\246\270\251?\233\356g\350>\373c?3&B\355\260\370\364LOe\002 \036N\2076\346\344\212\325\253\303\303\227|\260\013\271\000f\244e9O\260'\376\363\026Ff\234\001\017""; previousledger: ""\311\347s\234ae\204\263\365U\334\372D\354\345\276\201f\035\271%#\375\245\314.""\373\330&\3746""; ","proposeSeq: 1; currentTxHash: ""\000\000\000\000\000\000\000\000\000\000\000\000\000\000\000\000\000\000\000\000\000\000\000\000\000\000\000\000\000\000\000\000""; nodePubKey: ""\003ql\302)\235\321\t\213\224\356\374%%\311\327\037\374\304\t\335\2359\344\233\035]\347<u\236\364\222""; closeTime: 803902480; signature: ""0D\002 h$<n3\023mB\345\\246\270\251?\233\356g\350>\373c?3&B\355\260\370\364LOe\002 \036N\2076\346\344\212\325\253\303\303\227|\260\013\271\000f\244e9O\260'\376\363\026Ff\234\001\017""; previousledger: ""\311\347s\234ae\204\263\365U\334\372D\354\345\276\201f\035\271%#\375\245\314.""\373\330&\3746""; "
1750587281285,1750587281286,1838,1,2,1,TMProposeSet,"proposeSeq: 1; currentTxHash: ""\000\000\000\000\000\000\000\000\000\000\000\000\000\000\000\000\000\000\000\000\000\000\000\000\000\000\000\000\000\000\000\000""; nodePubKey: ""\003ql\302)\235\321\t\213\224\356\374%%\311\327\037\374\304\t\335\2359\344\233\035]\347<u\236\364\222""; closeTime: 803902480; signature: ""0D\002 h$<n3\023mB\345\\246\270\251?\233\356g\350>\373c?3&B\355\260\370\364LOe\002 \036N\2076\346\344\212\325\253\303\303\227|\260\013\271\000f\244e9O\260'\376\363\026Ff\234\001\017""; previousledger: ""\311\347s\234ae\204\263\365U\334\372D\354\345\276\201f\035\271%#\375\245\314.""\373\330&\3746""; ","proposeSeq: 1; currentTxHash: ""\000\000\000\000\000\000\000\000\000\000\000\000\000\000\000\000\000\000\000\000\000\000\000\000\000\000\000\000\000\000\000\000""; nodePubKey: ""\003ql\302)\235\321\t\213\224\356\374%%\311\327\037\374\304\t\335\2359\344\233\035]\347<u\236\364\222""; closeTime: 803902480; signature: ""0D\002 h$<n3\023mB\345\\246\270\251?\233\356g\350>\373c?3&B\355\260\370\364LOe\002 \036N\2076\346\344\212\325\253\303\303\227|\260\013\271\000f\244e9O\260'\376\363\026Ff\234\001\017""; previousledger: ""\311\347s\234ae\204\263\365U\334\372D\354\345\276\201f\035\271%#\375\245\314.""\373\330&\3746""; "
1750587281288,1750587281288,3116,1,2,4,TMStatusChange,"newEvent: neACCEPTED_LEDGER; ledgerSeq: 8; ledgerHash: ""\354@[\274\202\021\202\373Vi\243\n\325\250\005e\360""m\346'\311@\343\016$L\346\334\360<w""; ledgerHashPrevious: ""\311\347s\234ae\204\263\365U\334\372D\354\345\276\201f\035\271%#\375\245\314.""\373\330&\3746""; networkTime: 803902481; firstSeq: 1; lastSeq: 7; ","newEvent: neACCEPTED_LEDGER; ledgerSeq: 8; ledgerHash: ""\354@[\274\202\021\202\373Vi\243\n\325\250\005e\360""m\346'\311@\343\016$L\346\334\360<w""; ledgerHashPrevious: ""\311\347s\234ae\204\263\365U\334\372D\354\345\276\201f\035\271%#\375\245\314.""\373\330&\3746""; networkTime: 803902481; firstSeq: 1; lastSeq: 7; "
1750587281287,1750587281288,3744,1,2,0,TMStatusChange,"newEvent: neACCEPTED_LEDGER; ledgerSeq: 8; ledgerHash: ""\354@[\274\202\021\202\373Vi\243\n\325\250\005e\360""m\346'\311@\343\016$L\346\334\360<w""; ledgerHashPrevious: ""\311\347s\234ae\204\263\365U\334\372D\354\345\276\201f\035\271%#\375\245\314.""\373\330&\3746""; networkTime: 803902481; firstSeq: 1; lastSeq: 7; ","newEvent: neACCEPTED_LEDGER; ledgerSeq: 8; ledgerHash: ""\354@[\274\202\021\202\373Vi\243\n\325\250\005e\360""m\346'\311@\343\016$L\346\334\360<w""; ledgerHashPrevious: ""\311\347s\234ae\204\263\365U\334\372D\354\345\276\201f\035\271%#\375\245\314.""\373\330&\3746""; networkTime: 803902481; firstSeq: 1; lastSeq: 7; "
1750587281288,1750587281288,3058,1,2,3,TMStatusChange,"newEvent: neACCEPTED_LEDGER; ledgerSeq: 8; ledgerHash: ""\354@[\274\202\021\202\373Vi\243\n\325\250\005e\360""m\346'\311@\343\016$L\346\334\360<w""; ledgerHashPrevious: ""\311\347s\234ae\204\263\365U\334\372D\354\345\276\201f\035\271%#\375\245\314.""\373\330&\3746""; networkTime: 803902481; firstSeq: 1; lastSeq: 7; ","newEvent: neACCEPTED_LEDGER; ledgerSeq: 8; ledgerHash: ""\354@[\274\202\021\202\373Vi\243\n\325\250\005e\360""m\346'\311@\343\016$L\346\334\360<w""; ledgerHashPrevious: ""\311\347s\234ae\204\263\365U\334\372D\354\345\276\201f\035\271%#\375\245\314.""\373\330&\3746""; networkTime: 803902481; firstSeq: 1; lastSeq: 7; "
1750587281289,1750587281289,3488,1,2,0,TMValidation,"validation: """"\200\000\000\001&\000\000\000\010)/\352\224\021:Q\231\304\227'3\313\030Q\354@[\274\202\021\202\373Vi\243\n\325\250\005e\360""m\346'\311@\343\016$L\346\334\360<wP\027\000\000\000\000\000\000\000\000\000\000\000\000\000\000\000\000\000\000\000\000\000\000\000\000\000\000\000\000\000\000\000\000P\031\311\347s\234ae\204\263\365U\334\372D\354\345\276\201f\035\271%#\375\245\314.""\373\330&\3746s!\003ql\302)\235\321\t\213\224\356\374%%\311\327\037\374\304\t\335\2359\344\233\035]\347<u\236\364\222vF0D\002 \001\177~\274HY$\014\223\203q\307\261F8LW\267\243\221v\236\256\244\031\367H\375y\231\346!\002 3\217\302\227\231\311\023\236\315\237\251\010%\230\241x\346!,\315\211g\027\370\267*bD=%@\240""; ","validation: """"\200\000\000\001&\000\000\000\010)/\352\224\021:Q\231\304\227'3\313\030Q\354@[\274\202\021\202\373Vi\243\n\325\250\005e\360""m\346'\311@\343\016$L\346\334\360<wP\027\000\000\000\000\000\000\000\000\000\000\000\000\000\000\000\000\000\000\000\000\000\000\000\000\000\000\000\000\000\000\000\000P\031\311\347s\234ae\204\263\365U\334\372D\354\345\276\201f\035\271%#\375\245\314.""\373\330&\3746s!\003ql\302)\235\321\t\213\224\356\374%%\311\327\037\374\304\t\335\2359\344\233\035]\347<u\236\364\222vF0D\002 \001\177~\274HY$\014\223\203q\307\261F8LW\267\243\221v\236\256\244\031\367H\375y\231\346!\002 3\217\302\227\231\311\023\236\315\237\251\010%\230\241x\346!,\315\211g\027\370\267*bD=%@\240""; "
1750587281287,1750587281287,1036,1,2,4,TMValidation,"validation: """"\200\000\000\001&\000\000\000\010)/\352\224\021:Q\231\304\227'3\313\030Q\354@[\274\202\021\202\373Vi\243\n\325\250\005e\360""m\346'\311@\343\016$L\346\334\360<wP\027\000\000\000\000\000\000\000\000\000\000\000\000\000\000\000\000\000\000\000\000\000\000\000\000\000\000\000\000\000\000\000\000P\031\311\347s\234ae\204\263\365U\334\372D\354\345\276\201f\035\271%#\375\245\314.""\373\330&\3746s!\003ql\302)\235\321\t\213\224\356\374%%\311\327\037\374\304\t\335\2359\344\233\035]\347<u\236\364\222vF0D\002 \001\177~\274HY$\014\223\203q\307\261F8LW\267\243\221v\236\256\244\031\367H\375y\231\346!\002 3\217\302\227\231\311\023\236\315\237\251\010%\230\241x\346!,\315\211g\027\370\267*bD=%@\240""; ","validation: """"\200\000\000\001&\000\000\000\010)/\352\224\021:Q\231\304\227'3\313\030Q\354@[\274\202\021\202\373Vi\243\n\325\250\005e\360""m\346'\311@\343\016$L\346\334\360<wP\027\000\000\000\000\000\000\000\000\000\000\000\000\000\000\000\000\000\000\000\000\000\000\000\000\000\000\000\000\000\000\000\000P\031\311\347s\234ae\204\263\365U\334\372D\354\345\276\201f\035\271%#\375\245\314.""\373\330&\3746s!\003ql\302)\235\321\t\213\224\356\374%%\311\327\037\374\304\t\335\2359\344\233\035]\347<u\236\364\222vF0D\002 \001\177~\274HY$\014\223\203q\307\261F8LW\267\243\221v\236\256\244\031\367H\375y\231\346!\002 3\217\302\227\231\311\023\236\315\237\251\010%\230\241x\346!,\315\211g\027\370\267*bD=%@\240""; "
1750587281290,1750587281290,3989,1,2,3,TMValidation,"validation: """"\200\000\000\001&\000\000\000\010)/\352\224\021:Q\231\304\227'3\313\030Q\354@[\274\202\021\202\373Vi\243\n\325\250\005e\360""m\346'\311@\343\016$L\346\334\360<wP\027\000\000\000\000\000\000\000\000\000\000\000\000\000\000\000\000\000\000\000\000\000\000\000\000\000\000\000\000\000\000\000\000P\031\311\347s\234ae\204\263\365U\334\372D\354\345\276\201f\035\271%#\375\245\314.""\373\330&\3746s!\003ql\302)\235\321\t\213\224\356\374%%\311\327\037\374\304\t\335\2359\344\233\035]\347<u\236\364\222vF0D\002 \001\177~\274HY$\014\223\203q\307\261F8LW\267\243\221v\236\256\244\031\367H\375y\231\346!\002 3\217\302\227\231\311\023\236\315\237\251\010%\230\241x\346!,\315\211g\027\370\267*bD=%@\240""; ","validation: """"\200\000\000\001&\000\000\000\010)/\352\224\021:Q\231\304\227'3\313\030Q\354@[\274\202\021\202\373Vi\243\n\325\250\005e\360""m\346'\311@\343\016$L\346\334\360<wP\027\000\000\000\000\000\000\000\000\000\000\000\000\000\000\000\000\000\000\000\000\000\000\000\000\000\000\000\000\000\000\000\000P\031\311\347s\234ae\204\263\365U\334\372D\354\345\276\201f\035\271%#\375\245\314.""\373\330&\3746s!\003ql\302)\235\321\t\213\224\356\374%%\311\327\037\374\304\t\335\2359\344\233\035]\347<u\236\364\222vF0D\002 \001\177~\274HY$\014\223\203q\307\261F8LW\267\243\221v\236\256\244\031\367H\375y\231\346!\002 3\217\302\227\231\311\023\236\315\237\251\010%\230\241x\346!,\315\211g\027\370\267*bD=%@\240""; "
1750587281290,1750587281291,2472,1,1,2,TMLedgerData,"ledgerHash: ""\r!N\267\203~\313a\272~\344A\332\034\332r\\301\240a\307\341\261(c(\021\265B\030@(""; ledgerSeq: 0; type: liTS_CANDIDATE; nodes {;   nodedata: ""\247\272\246\2214\014W1\360z\262\252=\343\207'\275\266;\016\021\306\330\030\225\023\357\272\353\200x\221\n\003"";   nodeid: ""\000\000\000\000\000\000\000\000\000\000\000\000\000\000\000\000\000\000\000\000\000\000\000\000\000\000\000\000\000\000\000\000\000""; }; ","ledgerHash: ""\r!N\267\203~\313a\272~\344A\332\034\332r\\301\240a\307\341\261(c(\021\265B\030@(""; ledgerSeq: 0; type: liTS_CANDIDATE; nodes {;   nodedata: ""\247\272\246\2214\014W1\360z\262\252=\343\207'\275\266;\016\021\306\330\030\225\023\357\272\353\200x\221\n\003"";   nodeid: ""\000\000\000\000\000\000\000\000\000\000\000\000\000\000\000\000\000\000\000\000\000\000\000\000\000\000\000\000\000\000\000\000\000""; }; "
1750587281291,1750587281291,3989,1,2,3,TMValidation,"validation: """"\200\000\000\001&\000\000\000\010)/\352\224\017:I\203w\200\211\SGQ\237\231\311\371Y@""\177>\241""\310\233r\315\210Z\003g\334\034\021\305\3353Q\035\224\200\224\347\257P\027\r!N\267\203~\313a\272~\344A\332\034\332r\\301\240a\307\341\261(c(\021\265B\030@(P\031\311\347s\234ae\204\263\365U\334\372D\354\345\276\201f\035\271%#\375\245\314.""\373\330&\3746s!\002\347\243J\206W\025ML\260\226\0163\217\250\337\325W\253\356*O\245Z\271\234\207C\274\375`\335\311vG0E\002!\000\276\263b]\250\331\245\342\334\022\303E#\364\326\361\037\237\022\204\323]\036t\253p\267\206\3237\341\376\002 N9\020y[\221\237\265\307\221*\375\240Y\251\367\235\266\244Xr\223\\371\2629\355K\310K1\t""; ","validation: """"\200\000\000\001&\000\000\000\010)/\352\224\017:I\203w\200\211\SGQ\237\231\311\371Y@""\177>\241""\310\233r\315\210Z\003g\334\034\021\305\3353Q\035\224\200\224\347\257P\027\r!N\267\203~\313a\272~\344A\332\034\332r\\301\240a\307\341\261(c(\021\265B\030@(P\031\311\347s\234ae\204\263\365U\334\372D\354\345\276\201f\035\271%#\375\245\314.""\373\330&\3746s!\002\347\243J\206W\025ML\260\226\0163\217\250\337\325W\253\356*O\245Z\271\234\207C\274\375`\335\311vG0E\002!\000\276\263b]\250\331\245\342\334\022\303E#\364\326\361\037\237\022\204\323]\036t\253p\267\206\3237\341\376\002 N9\020y[\221\237\265\307\221*\375\240Y\251\367\235\266\244Xr\223\\371\2629\355K\310K1\t""; "
1750587281292,1750587281292,3792,1,0,1,TMLedgerData,"ledgerHash: ""\237\231\311\371Y@""\177>\241""\310\233r\315\210Z\003g\334\034\021\305\3353Q\035\224\200\224\347\257""; ledgerSeq: 8; type: liBASE; nodes {;   nodedata: ""\000\000\000\010\001cEx]\211\377\330\311\347s\234ae\204\263\365U\334\372D\354\345\276\201f\035\271%#\375\245\314.""\373\330&\3746\177P.\377\255K\330\362G{!s_\276B\273\031\331\234\023vy$7i\342\243\243\220\021_\222w1E\236\020?0\232H\266\366\033p\353\250\025\255\235\310\215\275\032\005\371R<p\240.\2618\277/\352\224\010/\352\224\020\n\000""; }; nodes {;   nodedata: ""h\315\350\215y\203\242]\371\235\232Pt&\325\210eZ\346\237XZ \277\2457n\221\336\253\245\317\002G)\346n?\227\005Y\336\276m\244>\014/\353)\343S\223\201\230\250\301d\027c\001\302\ris\006E\344\037@\210\363\010\336T\226\247'\204_{\261\370""1\235\2445\343\033Y!\212\201\341\272\225'\007\f\n0\233\306>\377~V|O\232@\324_\273\232o\\235\370\234IE\333\255j\001\361\204%\n\265\022\035W\277\033\265pM\027\313x\327iNP(O\216Pk&\235\336\223\217\374\212\253\322w\362\013\210`4\253""\302f\230\374\037bx\0145C\307\337\316[\244d\302\3031\347\300\025aX\357\226\221\016\003""; }; nodes {;   nodedata: ""f\225yM\014\263\225\204\377[\235\030P4BO\343Z\264\3646\307\304\177\327\n\261+$r\257\263\n\003""; }; ","ledgerHash: ""\237\231\311\371Y@""\177>\241""\310\233r\315\210Z\003g\334\034\021\305\3353Q\035\224\200\224\347\257""; ledgerSeq: 8; type: liBASE; nodes {;   nodedata: ""\000\000\000\010\001cEx]\211\377\330\311\347s\234ae\204\263\365U\334\372D\354\345\276\201f\035\271%#\375\245\314.""\373\330&\3746\177P.\377\255K\330\362G{!s_\276B\273\031\331\234\023vy$7i\342\243\243\220\021_\222w1E\236\020?0\232H\266\366\033p\353\250\025\255\235\310\215\275\032\005\371R<p\240.\2618\277/\352\224\010/\352\224\020\n\000""; }; nodes {;   nodedata: ""h\315\350\215y\203\242]\371\235\232Pt&\325\210eZ\346\237XZ \277\2457n\221\336\253\245\317\002G)\346n?\227\005Y\336\276m\244>\014/\353)\343S\223\201\230\250\301d\027c\001\302\ris\006E\344\037@\210\363\010\336T\226\247'\204_{\261\370""1\235\2445\343\033Y!\212\201\341\272\225'\007\f\n0\233\306>\377~V|O\232@\324_\273\232o\\235\370\234IE\333\255j\001\361\204%\n\265\022\035W\277\033\265pM\027\313x\327iNP(O\216Pk&\235\336\223\217\374\212\253\322w\362\013\210`4\253""\302f\230\374\037bx\0145C\307\337\316[\244d\302\3031\347\300\025aX\357\226\221\016\003""; }; nodes {;   nodedata: ""f\225yM\014\263\225\204\377[\235\030P4BO\343Z\264\3646\307\304\177\327\n\261+$r\257\263\n\003""; }; "
1750587281292,1750587281292,3488,1,2,0,TMValidation,"validation: """"\200\000\000\001&\000\000\000\010)/\352\224\017:I\203w\200\211\SGQ\237\231\311\371Y@""\177>\241""\310\233r\315\210Z\003g\334\034\021\305\3353Q\035\224\200\224\347\257P\027\r!N\267\203~\313a\272~\344A\332\034\332r\\301\240a\307\341\261(c(\021\265B\030@(P\031\311\347s\234ae\204\263\365U\334\372D\354\345\276\201f\035\271%#\375\245\314.""\373\330&\3746s!\002\347\243J\206W\025ML\260\226\0163\217\250\337\325W\253\356*O\245Z\271\234\207C\274\375`\335\311vG0E\002!\000\276\263b]\250\331\245\342\334\022\303E#\364\326\361\037\237\022\204\323]\036t\253p\267\206\3237\341\376\002 N9\020y[\221\237\265\307\221*\375\240Y\251\367\235\266\244Xr\223\\371\2629\355K\310K1\t""; ","validation: """"\200\000\000\001&\000\000\000\010)/\352\224\017:I\203w\200\211\SGQ\237\231\311\371Y@""\177>\241""\310\233r\315\210Z\003g\334\034\021\305\3353Q\035\224\200\224\347\257P\027\r!N\267\203~\313a\272~\344A\332\034\332r\\301\240a\307\341\261(c(\021\265B\030@(P\031\311\347s\234ae\204\263\365U\334\372D\354\345\276\201f\035\271%#\375\245\314.""\373\330&\3746s!\002\347\243J\206W\025ML\260\226\0163\217\250\337\325W\253\356*O\245Z\271\234\207C\274\375`\335\311vG0E\002!\000\276\263b]\250\331\245\342\334\022\303E#\364\326\361\037\237\022\204\323]\036t\253p\267\206\3237\341\376\002 N9\020y[\221\237\265\307\221*\375\240Y\251\367\235\266\244Xr\223\\371\2629\355K\310K1\t""; "
1750587281292,1750587281293,3792,1,0,1,TMLedgerData,"ledgerHash: ""\237\231\311\371Y@""\177>\241""\310\233r\315\210Z\003g\334\034\021\305\3353Q\035\224\200\224\347\257""; ledgerSeq: 8; type: liBASE; nodes {;   nodedata: ""\000\000\000\010\001cEx]\211\377\330\311\347s\234ae\204\263\365U\334\372D\354\345\276\201f\035\271%#\375\245\314.""\373\330&\3746\177P.\377\255K\330\362G{!s_\276B\273\031\331\234\023vy$7i\342\243\243\220\021_\222w1E\236\020?0\232H\266\366\033p\353\250\025\255\235\310\215\275\032\005\371R<p\240.\2618\277/\352\224\010/\352\224\020\n\000""; }; nodes {;   nodedata: ""h\315\350\215y\203\242]\371\235\232Pt&\325\210eZ\346\237XZ \277\2457n\221\336\253\245\317\002G)\346n?\227\005Y\336\276m\244>\014/\353)\343S\223\201\230\250\301d\027c\001\302\ris\006E\344\037@\210\363\010\336T\226\247'\204_{\261\370""1\235\2445\343\033Y!\212\201\341\272\225'\007\f\n0\233\306>\377~V|O\232@\324_\273\232o\\235\370\234IE\333\255j\001\361\204%\n\265\022\035W\277\033\265pM\027\313x\327iNP(O\216Pk&\235\336\223\217\374\212\253\322w\362\013\210`4\253""\302f\230\374\037bx\0145C\307\337\316[\244d\302\3031\347\300\025aX\357\226\221\016\003""; }; nodes {;   nodedata: ""f\225yM\014\263\225\204\377[\235\030P4BO\343Z\264\3646\307\304\177\327\n\261+$r\257\263\n\003""; }; ","ledgerHash: ""\237\231\311\371Y@""\177>\241""\310\233r\315\210Z\003g\334\034\021\305\3353Q\035\224\200\224\347\257""; ledgerSeq: 8; type: liBASE; nodes {;   nodedata: ""\000\000\000\010\001cEx]\211\377\330\311\347s\234ae\204\263\365U\334\372D\354\345\276\201f\035\271%#\375\245\314.""\373\330&\3746\177P.\377\255K\330\362G{!s_\276B\273\031\331\234\023vy$7i\342\243\243\220\021_\222w1E\236\020?0\232H\266\366\033p\353\250\025\255\235\310\215\275\032\005\371R<p\240.\2618\277/\352\224\010/\352\224\020\n\000""; }; nodes {;   nodedata: ""h\315\350\215y\203\242]\371\235\232Pt&\325\210eZ\346\237XZ \277\2457n\221\336\253\245\317\002G)\346n?\227\005Y\336\276m\244>\014/\353)\343S\223\201\230\250\301d\027c\001\302\ris\006E\344\037@\210\363\010\336T\226\247'\204_{\261\370""1\235\2445\343\033Y!\212\201\341\272\225'\007\f\n0\233\306>\377~V|O\232@\324_\273\232o\\235\370\234IE\333\255j\001\361\204%\n\265\022\035W\277\033\265pM\027\313x\327iNP(O\216Pk&\235\336\223\217\374\212\253\322w\362\013\210`4\253""\302f\230\374\037bx\0145C\307\337\316[\244d\302\3031\347\300\025aX\357\226\221\016\003""; }; nodes {;   nodedata: ""f\225yM\014\263\225\204\377[\235\030P4BO\343Z\264\3646\307\304\177\327\n\261+$r\257\263\n\003""; }; "
1750587281297,1750587281297,2715,1,1,4,TMLedgerData,"ledgerHash: ""\007\347lg\346B\270\350\352\375\266\371?(\361\364\365I|\375\262>\230(\333\250\331\007\360U\024\027""; ledgerSeq: 0; type: liTS_CANDIDATE; nodes {;   nodedata: ""\003S\n\235\2624\346\340\377asq\337\223T\316nL\232)C!\360\245\205[L\224\\351\351\000\003"";   nodeid: ""\000\000\000\000\000\000\000\000\000\000\000\000\000\000\000\000\000\000\000\000\000\000\000\000\000\000\000\000\000\000\000\000\000""; }; requestCookie: 3; ","ledgerHash: ""\007\347lg\346B\270\350\352\375\266\371?(\361\364\365I|\375\262>\230(\333\250\331\007\360U\024\027""; ledgerSeq: 0; type: liTS_CANDIDATE; nodes {;   nodedata: ""\003S\n\235\2624\346\340\377asq\337\223T\316nL\232)C!\360\245\205[L\224\\351\351\000\003"";   nodeid: ""\000\000\000\000\000\000\000\000\000\000\000\000\000\000\000\000\000\000\000\000\000\000\000\000\000\000\000\000\000\000\000\000\000""; }; requestCookie: 3; "
1750587281300,1750587281300,3414,1,0,2,TMGetLedger,"itype: liTS_CANDIDATE; ledgerHash: ""b\001;\355\\351h\305\360*\252j\2470\334[#|\313\3606\207\210\245\372\217RX\333g`K""; nodeIDs: ""\000\000\000\000\000\000\000\000\000\000\000\000\000\000\000\000\000\000\000\000\000\000\000\000\000\000\000\000\000\000\000\000\000""; queryType: qtINDIRECT; queryDepth: 3; ","itype: liTS_CANDIDATE; ledgerHash: ""b\001;\355\\351h\305\360*\252j\2470\334[#|\313\3606\207\210\245\372\217RX\333g`K""; nodeIDs: ""\000\000\000\000\000\000\000\000\000\000\000\000\000\000\000\000\000\000\000\000\000\000\000\000\000\000\000\000\000\000\000\000\000""; queryType: qtINDIRECT; queryDepth: 3; "
1750587281301,1750587281301,1764,1,0,3,TMGetLedger,"itype: liTS_CANDIDATE; ledgerHash: ""b\001;\355\\351h\305\360*\252j\2470\334[#|\313\3606\207\210\245\372\217RX\333g`K""; nodeIDs: ""\000\000\000\000\000\000\000\000\000\000\000\000\000\000\000\000\000\000\000\000\000\000\000\000\000\000\000\000\000\000\000\000\000""; queryType: qtINDIRECT; queryDepth: 3; ","itype: liTS_CANDIDATE; ledgerHash: ""b\001;\355\\351h\305\360*\252j\2470\334[#|\313\3606\207\210\245\372\217RX\333g`K""; nodeIDs: ""\000\000\000\000\000\000\000\000\000\000\000\000\000\000\000\000\000\000\000\000\000\000\000\000\000\000\000\000\000\000\000\000\000""; queryType: qtINDIRECT; queryDepth: 3; "
1750587281301,1750587281301,1466,1,0,4,TMGetLedger,"itype: liTS_CANDIDATE; ledgerHash: ""b\001;\355\\351h\305\360*\252j\2470\334[#|\313\3606\207\210\245\372\217RX\333g`K""; nodeIDs: ""\000\000\000\000\000\000\000\000\000\000\000\000\000\000\000\000\000\000\000\000\000\000\000\000\000\000\000\000\000\000\000\000\000""; queryType: qtINDIRECT; queryDepth: 3; ","itype: liTS_CANDIDATE; ledgerHash: ""b\001;\355\\351h\305\360*\252j\2470\334[#|\313\3606\207\210\245\372\217RX\333g`K""; nodeIDs: ""\000\000\000\000\000\000\000\000\000\000\000\000\000\000\000\000\000\000\000\000\000\000\000\000\000\000\000\000\000\000\000\000\000""; queryType: qtINDIRECT; queryDepth: 3; "
1750587281310,1750587281310,1435,1,4,1,TMLedgerData,"ledgerHash: ""\r!N\267\203~\313a\272~\344A\332\034\332r\\301\240a\307\341\261(c(\021\265B\030@(""; ledgerSeq: 0; type: liTS_CANDIDATE; nodes {;   nodedata: ""\247\272\246\2214\014W1\360z\262\252=\343\207'\275\266;\016\021\306\330\030\225\023\357\272\353\200x\221\n\003"";   nodeid: ""\000\000\000\000\000\000\000\000\000\000\000\000\000\000\000\000\000\000\000\000\000\000\000\000\000\000\000\000\000\000\000\000\000""; }; ","ledgerHash: ""\r!N\267\203~\313a\272~\344A\332\034\332r\\301\240a\307\341\261(c(\021\265B\030@(""; ledgerSeq: 0; type: liTS_CANDIDATE; nodes {;   nodedata: ""\247\272\246\2214\014W1\360z\262\252=\343\207'\275\266;\016\021\306\330\030\225\023\357\272\353\200x\221\n\003"";   nodeid: ""\000\000\000\000\000\000\000\000\000\000\000\000\000\000\000\000\000\000\000\000\000\000\000\000\000\000\000\000\000\000\000\000\000""; }; "
1750587281312,1750587281312,1399,1,1,3,TMLedgerData,"ledgerHash: ""\354@[\274\202\021\202\373Vi\243\n\325\250\005e\360""m\346'\311@\343\016$L\346\334\360<w""; ledgerSeq: 8; type: liBASE; nodes {;   nodedata: ""\000\000\000\010\001cEx]\211\377\342\311\347s\234ae\204\263\365U\334\372D\354\345\276\201f\035\271%#\375\245\314.""\373\330&\3746\000\000\000\000\000\000\000\000\000\000\000\000\000\000\000\000\000\000\000\000\000\000\000\000\000\000\000\000\000\000\000\000\245lQI\023\t3o\213\325\024\3601\255\010\244\306\3215\261\204Q\r\327\317\312f\322eb\215C/\352\224\010/\352\224\020\n\000""; }; nodes {;   nodedata: ""h\315\350\215y\203\242]\371\235\232Pt&\325\210eZ\346\237XZ \277\2457n\221\336\253\245\317\002w\n\356\350\316{k\272E0\225\362\025\010\366\367\372\263\355xq\360\261\376M<\356\347\007zf\307\006E\344\037@\210\363\010\336T\226\247'\204_{\261\370""1\235\2445\343\033Y!\212\201\341\272\225'\007*$\244&\336\343'\233i\332\374\245 {^\306-N\333\gE\006\347\212\331C\211Z\177\247\031\n\265\022\035W\277\033\265pM\027\313x\327iNP(O\216Pk&\235\336\223\217\374\212\253\322w\362\013\210`4\253""\302f\230\374\037bx\0145C\307\337\316[\244d\302\3031\347\300\025aX\357\226\221\016\003""; }; ","ledgerHash: ""\354@[\274\202\021\202\373Vi\243\n\325\250\005e\360""m\346'\311@\343\016$L\346\334\360<w""; ledgerSeq: 8; type: liBASE; nodes {;   nodedata: ""\000\000\000\010\001cEx]\211\377\342\311\347s\234ae\204\263\365U\334\372D\354\345\276\201f\035\271%#\375\245\314.""\373\330&\3746\000\000\000\000\000\000\000\000\000\000\000\000\000\000\000\000\000\000\000\000\000\000\000\000\000\000\000\000\000\000\000\000\245lQI\023\t3o\213\325\024\3601\255\010\244\306\3215\261\204Q\r\327\317\312f\322eb\215C/\352\224\010/\352\224\020\n\000""; }; nodes {;   nodedata: ""h\315\350\215y\203\242]\371\235\232Pt&\325\210eZ\346\237XZ \277\2457n\221\336\253\245\317\002w\n\356\350\316{k\272E0\225\362\025\010\366\367\372\263\355xq\360\261\376M<\356\347\007zf\307\006E\344\037@\210\363\010\336T\226\247'\204_{\261\370""1\235\2445\343\033Y!\212\201\341\272\225'\007*$\244&\336\343'\233i\332\374\245 {^\306-N\333\gE\006\347\212\331C\211Z\177\247\031\n\265\022\035W\277\033\265pM\027\313x\327iNP(O\216Pk&\235\336\223\217\374\212\253\322w\362\013\210`4\253""\302f\230\374\037bx\0145C\307\337\316[\244d\302\3031\347\300\025aX\357\226\221\016\003""; }; "
1750587281312,1750587281313,1399,1,1,3,TMLedgerData,"ledgerHash: ""\354@[\274\202\021\202\373Vi\243\n\325\250\005e\360""m\346'\311@\343\016$L\346\334\360<w""; ledgerSeq: 8; type: liBASE; nodes {;   nodedata: ""\000\000\000\010\001cEx]\211\377\342\311\347s\234ae\204\263\365U\334\372D\354\345\276\201f\035\271%#\375\245\314.""\373\330&\3746\000\000\000\000\000\000\000\000\000\000\000\000\000\000\000\000\000\000\000\000\000\000\000\000\000\000\000\000\000\000\000\000\245lQI\023\t3o\213\325\024\3601\255\010\244\306\3215\261\204Q\r\327\317\312f\322eb\215C/\352\224\010/\352\224\020\n\000""; }; nodes {;   nodedata: ""h\315\350\215y\203\242]\371\235\232Pt&\325\210eZ\346\237XZ \277\2457n\221\336\253\245\317\002w\n\356\350\316{k\272E0\225\362\025\010\366\367\372\263\355xq\360\261\376M<\356\347\007zf\307\006E\344\037@\210\363\010\336T\226\247'\204_{\261\370""1\235\2445\343\033Y!\212\201\341\272\225'\007*$\244&\336\343'\233i\332\374\245 {^\306-N\333\gE\006\347\212\331C\211Z\177\247\031\n\265\022\035W\277\033\265pM\027\313x\327iNP(O\216Pk&\235\336\223\217\374\212\253\322w\362\013\210`4\253""\302f\230\374\037bx\0145C\307\337\316[\244d\302\3031\347\300\025aX\357\226\221\016\003""; }; ","ledgerHash: ""\354@[\274\202\021\202\373Vi\243\n\325\250\005e\360""m\346'\311@\343\016$L\346\334\360<w""; ledgerSeq: 8; type: liBASE; nodes {;   nodedata: ""\000\000\000\010\001cEx]\211\377\342\311\347s\234ae\204\263\365U\334\372D\354\345\276\201f\035\271%#\375\245\314.""\373\330&\3746\000\000\000\000\000\000\000\000\000\000\000\000\000\000\000\000\000\000\000\000\000\000\000\000\000\000\000\000\000\000\000\000\245lQI\023\t3o\213\325\024\3601\255\010\244\306\3215\261\204Q\r\327\317\312f\322eb\215C/\352\224\010/\352\224\020\n\000""; }; nodes {;   nodedata: ""h\315\350\215y\203\242]\371\235\232Pt&\325\210eZ\346\237XZ \277\2457n\221\336\253\245\317\002w\n\356\350\316{k\272E0\225\362\025\010\366\367\372\263\355xq\360\261\376M<\356\347\007zf\307\006E\344\037@\210\363\010\336T\226\247'\204_{\261\370""1\235\2445\343\033Y!\212\201\341\272\225'\007*$\244&\336\343'\233i\332\374\245 {^\306-N\333\gE\006\347\212\331C\211Z\177\247\031\n\265\022\035W\277\033\265pM\027\313x\327iNP(O\216Pk&\235\336\223\217\374\212\253\322w\362\013\210`4\253""\302f\230\374\037bx\0145C\307\337\316[\244d\302\3031\347\300\025aX\357\226\221\016\003""; }; "
1750587281316,1750587281316,1466,1,0,4,TMGetLedger,"itype: liBASE; ledgerHash: ""\354@[\274\202\021\202\373Vi\243\n\325\250\005e\360""m\346'\311@\343\016$L\346\334\360<w""; ledgerSeq: 8; ","itype: liBASE; ledgerHash: ""\354@[\274\202\021\202\373Vi\243\n\325\250\005e\360""m\346'\311@\343\016$L\346\334\360<w""; ledgerSeq: 8; "
1750587281316,1750587281316,3414,1,0,2,TMGetLedger,"itype: liBASE; ledgerHash: ""\354@[\274\202\021\202\373Vi\243\n\325\250\005e\360""m\346'\311@\343\016$L\346\334\360<w""; ledgerSeq: 8; ","itype: liBASE; ledgerHash: ""\354@[\274\202\021\202\373Vi\243\n\325\250\005e\360""m\346'\311@\343\016$L\346\334\360<w""; ledgerSeq: 8; "
1750587281317,1750587281317,779,1,0,3,TMValidation,"validation: """"\200\000\000\001&\000\000\000\010)/\352\224\r:v|\203\267)\257\206\032Q\354@[\274\202\021\202\373Vi\243\n\325\250\005e\360""m\346'\311@\343\016$L\346\334\360<wP\027\000\000\000\000\000\000\000\000\000\000\000\000\000\000\000\000\000\000\000\000\000\000\000\000\000\000\000\000\000\000\000\000P\031\311\347s\234ae\204\263\365U\334\372D\354\345\276\201f\035\271%#\375\245\314.""\373\330&\3746s!\003.\200\224\215?)t\306\315\242\313\251\255\302\204=\232.\271%}\013\024s\024\002@\216l""\241FvG0E\002!\000\360F\364\337\\317\206\205\336\315\252\200\ry\265\314\254+\265\242.\235n\334A:D\177\270_\r*\002 *\267\205]\332\317hs? \273/\364\023M+\365'_\324\322v\240\226)\315\322\373\301]\211C""; ","validation: """"\200\000\000\001&\000\000\000\010)/\352\224\r:v|\203\267)\257\206\032Q\354@[\274\202\021\202\373Vi\243\n\325\250\005e\360""m\346'\311@\343\016$L\346\334\360<wP\027\000\000\000\000\000\000\000\000\000\000\000\000\000\000\000\000\000\000\000\000\000\000\000\000\000\000\000\000\000\000\000\000P\031\311\347s\234ae\204\263\365U\334\372D\354\345\276\201f\035\271%#\375\245\314.""\373\330&\3746s!\003.\200\224\215?)t\306\315\242\313\251\255\302\204=\232.\271%}\013\024s\024\002@\216l""\241FvG0E\002!\000\360F\364\337\\317\206\205\336\315\252\200\ry\265\314\254+\265\242.\235n\334A:D\177\270_\r*\002 *\267\205]\332\317hs? \273/\364\023M+\365'_\324\322v\240\226)\315\322\373\301]\211C""; "
1750587281318,1750587281318,1764,1,0,3,TMGetLedger,"itype: liBASE; ledgerHash: ""\354@[\274\202\021\202\373Vi\243\n\325\250\005e\360""m\346'\311@\343\016$L\346\334\360<w""; ledgerSeq: 8; ","itype: liBASE; ledgerHash: ""\354@[\274\202\021\202\373Vi\243\n\325\250\005e\360""m\346'\311@\343\016$L\346\334\360<w""; ledgerSeq: 8; "
1750587281318,1750587281318,3414,1,0,2,TMGetLedger,"itype: liBASE; ledgerHash: ""\354@[\274\202\021\202\373Vi\243\n\325\250\005e\360""m\346'\311@\343\016$L\346\334\360<w""; ledgerSeq: 8; queryType: qtINDIRECT; ","itype: liBASE; ledgerHash: ""\354@[\274\202\021\202\373Vi\243\n\325\250\005e\360""m\346'\311@\343\016$L\346\334\360<w""; ledgerSeq: 8; queryType: qtINDIRECT; "
1750587281318,1750587281319,3563,1,0,2,TMValidation,"validation: """"\200\000\000\001&\000\000\000\010)/\352\224\r:v|\203\267)\257\206\032Q\354@[\274\202\021\202\373Vi\243\n\325\250\005e\360""m\346'\311@\343\016$L\346\334\360<wP\027\000\000\000\000\000\000\000\000\000\000\000\000\000\000\000\000\000\000\000\000\000\000\000\000\000\000\000\000\000\000\000\000P\031\311\347s\234ae\204\263\365U\334\372D\354\345\276\201f\035\271%#\375\245\314.""\373\330&\3746s!\003.\200\224\215?)t\306\315\242\313\251\255\302\204=\232.\271%}\013\024s\024\002@\216l""\241FvG0E\002!\000\360F\364\337\\317\206\205\336\315\252\200\ry\265\314\254+\265\242.\235n\334A:D\177\270_\r*\002 *\267\205]\332\317hs? \273/\364\023M+\365'_\324\322v\240\226)\315\322\373\301]\211C""; ","validation: """"\200\000\000\001&\000\000\000\010)/\352\224\r:v|\203\267)\257\206\032Q\354@[\274\202\021\202\373Vi\243\n\325\250\005e\360""m\346'\311@\343\016$L\346\334\360<wP\027\000\000\000\000\000\000\000\000\000\000\000\000\000\000\000\000\000\000\000\000\000\000\000\000\000\000\000\000\000\000\000\000P\031\311\347s\234ae\204\263\365U\334\372D\354\345\276\201f\035\271%#\375\245\314.""\373\330&\3746s!\003.\200\224\215?)t\306\315\242\313\251\255\302\204=\232.\271%}\013\024s\024\002@\216l""\241FvG0E\002!\000\360F\364\337\\317\206\205\336\315\252\200\ry\265\314\254+\265\242.\235n\334A:D\177\270_\r*\002 *\267\205]\332\317hs? \273/\364\023M+\365'_\324\322v\240\226)\315\322\373\301]\211C""; "
1750587281319,1750587281319,1764,1,0,3,TMGetLedger,"itype: liBASE; ledgerHash: ""\354@[\274\202\021\202\373Vi\243\n\325\250\005e\360""m\346'\311@\343\016$L\346\334\360<w""; ledgerSeq: 8; queryType: qtINDIRECT; ","itype: liBASE; ledgerHash: ""\354@[\274\202\021\202\373Vi\243\n\325\250\005e\360""m\346'\311@\343\016$L\346\334\360<w""; ledgerSeq: 8; queryType: qtINDIRECT; "
1750587281321,1750587281322,1753,1,0,2,TMLedgerData,"ledgerHash: ""\007\347lg\346B\270\350\352\375\266\371?(\361\364\365I|\375\262>\230(\333\250\331\007\360U\024\027""; ledgerSeq: 0; type: liTS_CANDIDATE; nodes {;   nodedata: ""\003S\n\235\2624\346\340\377asq\337\223T\316nL\232)C!\360\245\205[L\224\\351\351\000\003"";   nodeid: ""\000\000\000\000\000\000\000\000\000\000\000\000\000\000\000\000\000\000\000\000\000\000\000\000\000\000\000\000\000\000\000\000\000""; }; ","ledgerHash: ""\007\347lg\346B\270\350\352\375\266\371?(\361\364\365I|\375\262>\230(\333\250\331\007\360U\024\027""; ledgerSeq: 0; type: liTS_CANDIDATE; nodes {;   nodedata: ""\003S\n\235\2624\346\340\377asq\337\223T\316nL\232)C!\360\245\205[L\224\\351\351\000\003"";   nodeid: ""\000\000\000\000\000\000\000\000\000\000\000\000\000\000\000\000\000\000\000\000\000\000\000\000\000\000\000\000\000\000\000\000\000""; }; "
1750587281326,1750587281326,3126,1,2,1,TMStatusChange,"newEvent: neACCEPTED_LEDGER; ledgerSeq: 8; ledgerHash: ""\354@[\274\202\021\202\373Vi\243\n\325\250\005e\360""m\346'\311@\343\016$L\346\334\360<w""; ledgerHashPrevious: ""\311\347s\234ae\204\263\365U\334\372D\354\345\276\201f\035\271%#\375\245\314.""\373\330&\3746""; networkTime: 803902481; firstSeq: 1; lastSeq: 7; ","newEvent: neACCEPTED_LEDGER; ledgerSeq: 8; ledgerHash: ""\354@[\274\202\021\202\373Vi\243\n\325\250\005e\360""m\346'\311@\343\016$L\346\334\360<w""; ledgerHashPrevious: ""\311\347s\234ae\204\263\365U\334\372D\354\345\276\201f\035\271%#\375\245\314.""\373\330&\3746""; networkTime: 803902481; firstSeq: 1; lastSeq: 7; "
1750587281327,1750587281327,1094,1,2,1,TMValidation,"validation: """"\200\000\000\001&\000\000\000\010)/\352\224\017:I\203w\200\211\SGQ\237\231\311\371Y@""\177>\241""\310\233r\315\210Z\003g\334\034\021\305\3353Q\035\224\200\224\347\257P\027\r!N\267\203~\313a\272~\344A\332\034\332r\\301\240a\307\341\261(c(\021\265B\030@(P\031\311\347s\234ae\204\263\365U\334\372D\354\345\276\201f\035\271%#\375\245\314.""\373\330&\3746s!\002\347\243J\206W\025ML\260\226\0163\217\250\337\325W\253\356*O\245Z\271\234\207C\274\375`\335\311vG0E\002!\000\276\263b]\250\331\245\342\334\022\303E#\364\326\361\037\237\022\204\323]\036t\253p\267\206\3237\341\376\002 N9\020y[\221\237\265\307\221*\375\240Y\251\367\235\266\244Xr\223\\371\2629\355K\310K1\t""; ","validation: """"\200\000\000\001&\000\000\000\010)/\352\224\017:I\203w\200\211\SGQ\237\231\311\371Y@""\177>\241""\310\233r\315\210Z\003g\334\034\021\305\3353Q\035\224\200\224\347\257P\027\r!N\267\203~\313a\272~\344A\332\034\332r\\301\240a\307\341\261(c(\021\265B\030@(P\031\311\347s\234ae\204\263\365U\334\372D\354\345\276\201f\035\271%#\375\245\314.""\373\330&\3746s!\002\347\243J\206W\025ML\260\226\0163\217\250\337\325W\253\356*O\245Z\271\234\207C\274\375`\335\311vG0E\002!\000\276\263b]\250\331\245\342\334\022\303E#\364\326\361\037\237\022\204\323]\036t\253p\267\206\3237\341\376\002 N9\020y[\221\237\265\307\221*\375\240Y\251\367\235\266\244Xr\223\\371\2629\355K\310K1\t""; "
1750587281327,1750587281327,1094,1,2,1,TMValidation,"validation: """"\200\000\000\001&\000\000\000\010)/\352\224\021:Q\231\304\227'3\313\030Q\354@[\274\202\021\202\373Vi\243\n\325\250\005e\360""m\346'\311@\343\016$L\346\334\360<wP\027\000\000\000\000\000\000\000\000\000\000\000\000\000\000\000\000\000\000\000\000\000\000\000\000\000\000\000\000\000\000\000\000P\031\311\347s\234ae\204\263\365U\334\372D\354\345\276\201f\035\271%#\375\245\314.""\373\330&\3746s!\003ql\302)\235\321\t\213\224\356\374%%\311\327\037\374\304\t\335\2359\344\233\035]\347<u\236\364\222vF0D\002 \001\177~\274HY$\014\223\203q\307\261F8LW\267\243\221v\236\256\244\031\367H\375y\231\346!\002 3\217\302\227\231\311\023\236\315\237\251\010%\230\241x\346!,\315\211g\027\370\267*bD=%@\240""; ","validation: """"\200\000\000\001&\000\000\000\010)/\352\224\021:Q\231\304\227'3\313\030Q\354@[\274\202\021\202\373Vi\243\n\325\250\005e\360""m\346'\311@\343\016$L\346\334\360<wP\027\000\000\000\000\000\000\000\000\000\000\000\000\000\000\000\000\000\000\000\000\000\000\000\000\000\000\000\000\000\000\000\000P\031\311\347s\234ae\204\263\365U\334\372D\354\345\276\201f\035\271%#\375\245\314.""\373\330&\3746s!\003ql\302)\235\321\t\213\224\356\374%%\311\327\037\374\304\t\335\2359\344\233\035]\347<u\236\364\222vF0D\002 \001\177~\274HY$\014\223\203q\307\261F8LW\267\243\221v\236\256\244\031\367H\375y\231\346!\002 3\217\302\227\231\311\023\236\315\237\251\010%\230\241x\346!,\315\211g\027\370\267*bD=%@\240""; "
1750587281329,1750587281329,1102,1,2,3,TMLedgerData,"ledgerHash: ""\r!N\267\203~\313a\272~\344A\332\034\332r\\301\240a\307\341\261(c(\021\265B\030@(""; ledgerSeq: 0; type: liTS_CANDIDATE; nodes {;   nodedata: ""\247\272\246\2214\014W1\360z\262\252=\343\207'\275\266;\016\021\306\330\030\225\023\357\272\353\200x\221\n\003"";   nodeid: ""\000\000\000\000\000\000\000\000\000\000\000\000\000\000\000\000\000\000\000\000\000\000\000\000\000\000\000\000\000\000\000\000\000""; }; ","ledgerHash: ""\r!N\267\203~\313a\272~\344A\332\034\332r\\301\240a\307\341\261(c(\021\265B\030@(""; ledgerSeq: 0; type: liTS_CANDIDATE; nodes {;   nodedata: ""\247\272\246\2214\014W1\360z\262\252=\343\207'\275\266;\016\021\306\330\030\225\023\357\272\353\200x\221\n\003"";   nodeid: ""\000\000\000\000\000\000\000\000\000\000\000\000\000\000\000\000\000\000\000\000\000\000\000\000\000\000\000\000\000\000\000\000\000""; }; "
1750587281330,1750587281330,393,1,0,1,TMGetLedger,"itype: liBASE; ledgerHash: ""\354@[\274\202\021\202\373Vi\243\n\325\250\005e\360""m\346'\311@\343\016$L\346\334\360<w""; ledgerSeq: 8; ","itype: liBASE; ledgerHash: ""\354@[\274\202\021\202\373Vi\243\n\325\250\005e\360""m\346'\311@\343\016$L\346\334\360<w""; ledgerSeq: 8; "
1750587281331,1750587281331,2684,1,0,1,TMValidation,"validation: """"\200\000\000\001&\000\000\000\010)/\352\224\r:v|\203\267)\257\206\032Q\354@[\274\202\021\202\373Vi\243\n\325\250\005e\360""m\346'\311@\343\016$L\346\334\360<wP\027\000\000\000\000\000\000\000\000\000\000\000\000\000\000\000\000\000\000\000\000\000\000\000\000\000\000\000\000\000\000\000\000P\031\311\347s\234ae\204\263\365U\334\372D\354\345\276\201f\035\271%#\375\245\314.""\373\330&\3746s!\003.\200\224\215?)t\306\315\242\313\251\255\302\204=\232.\271%}\013\024s\024\002@\216l""\241FvG0E\002!\000\360F\364\337\\317\206\205\336\315\252\200\ry\265\314\254+\265\242.\235n\334A:D\177\270_\r*\002 *\267\205]\332\317hs? \273/\364\023M+\365'_\324\322v\240\226)\315\322\373\301]\211C""; ","validation: """"\200\000\000\001&\000\000\000\010)/\352\224\r:v|\203\267)\257\206\032Q\354@[\274\202\021\202\373Vi\243\n\325\250\005e\360""m\346'\311@\343\016$L\346\334\360<wP\027\000\000\000\000\000\000\000\000\000\000\000\000\000\000\000\000\000\000\000\000\000\000\000\000\000\000\000\000\000\000\000\000P\031\311\347s\234ae\204\263\365U\334\372D\354\345\276\201f\035\271%#\375\245\314.""\373\330&\3746s!\003.\200\224\215?)t\306\315\242\313\251\255\302\204=\232.\271%}\013\024s\024\002@\216l""\241FvG0E\002!\000\360F\364\337\\317\206\205\336\315\252\200\ry\265\314\254+\265\242.\235n\334A:D\177\270_\r*\002 *\267\205]\332\317hs? \273/\364\023M+\365'_\324\322v\240\226)\315\322\373\301]\211C""; "
1750587281331,1750587281331,393,1,0,1,TMGetLedger,"itype: liBASE; ledgerHash: ""\354@[\274\202\021\202\373Vi\243\n\325\250\005e\360""m\346'\311@\343\016$L\346\334\360<w""; ledgerSeq: 8; queryType: qtINDIRECT; ","itype: liBASE; ledgerHash: ""\354@[\274\202\021\202\373Vi\243\n\325\250\005e\360""m\346'\311@\343\016$L\346\334\360<w""; ledgerSeq: 8; queryType: qtINDIRECT; "
1750587281332,1750587281332,190,1,0,1,TMProposeSet,"proposeSeq: 0; currentTxHash: ""\000\000\000\000\000\000\000\000\000\000\000\000\000\000\000\000\000\000\000\000\000\000\000\000\000\000\000\000\000\000\000\000""; nodePubKey: ""\003\325Q\255\224\274R@\312\253\262\347\352\034\346\347\242\215,\312\376=\277\353{\350\225\301\305`^, ""; closeTime: 803902480; signature: ""0D\002 \\347\032\254\021y\270s0jy\017\024\001\307\375\326x<\031|\0059\277\326D\362\024\017B\036>\002 \002\212\203P\231\234=A\223iP5c\322<\304o\021\365\261f\363L\250\277\203M\367\277\037\020\201""; previousledger: ""\237\231\311\371Y@""\177>\241""\310\233r\315\210Z\003g\334\034\021\305\3353Q\035\224\200\224\347\257""; ","proposeSeq: 0; currentTxHash: ""\000\000\000\000\000\000\000\000\000\000\000\000\000\000\000\000\000\000\000\000\000\000\000\000\000\000\000\000\000\000\000\000""; nodePubKey: ""\003\325Q\255\224\274R@\312\253\262\347\352\034\346\347\242\215,\312\376=\277\353{\350\225\301\305`^, ""; closeTime: 803902480; signature: ""0D\002 \\347\032\254\021y\270s0jy\017\024\001\307\375\326x<\031|\0059\277\326D\362\024\017B\036>\002 \002\212\203P\231\234=A\223iP5c\322<\304o\021\365\261f\363L\250\277\203M\367\277\037\020\201""; previousledger: ""\237\231\311\371Y@""\177>\241""\310\233r\315\210Z\003g\334\034\021\305\3353Q\035\224\200\224\347\257""; "
1750587281333,1750587281333,393,1,0,1,TMGetLedger,"itype: liTS_CANDIDATE; ledgerHash: ""b\001;\355\\351h\305\360*\252j\2470\334[#|\313\3606\207\210\245\372\217RX\333g`K""; nodeIDs: ""\000\000\000\000\000\000\000\000\000\000\000\000\000\000\000\000\000\000\000\000\000\000\000\000\000\000\000\000\000\000\000\000\000""; queryType: qtINDIRECT; queryDepth: 3; ","itype: liTS_CANDIDATE; ledgerHash: ""b\001;\355\\351h\305\360*\252j\2470\334[#|\313\3606\207\210\245\372\217RX\333g`K""; nodeIDs: ""\000\000\000\000\000\000\000\000\000\000\000\000\000\000\000\000\000\000\000\000\000\000\000\000\000\000\000\000\000\000\000\000\000""; queryType: qtINDIRECT; queryDepth: 3; "
1750587281333,1750587281333,2472,1,1,2,TMLedgerData,"ledgerHash: ""\007\347lg\346B\270\350\352\375\266\371?(\361\364\365I|\375\262>\230(\333\250\331\007\360U\024\027""; ledgerSeq: 0; type: liTS_CANDIDATE; nodes {;   nodedata: ""\003S\n\235\2624\346\340\377asq\337\223T\316nL\232)C!\360\245\205[L\224\\351\351\000\003"";   nodeid: ""\000\000\000\000\000\000\000\000\000\000\000\000\000\000\000\000\000\000\000\000\000\000\000\000\000\000\000\000\000\000\000\000\000""; }; ","ledgerHash: ""\007\347lg\346B\270\350\352\375\266\371?(\361\364\365I|\375\262>\230(\333\250\331\007\360U\024\027""; ledgerSeq: 0; type: liTS_CANDIDATE; nodes {;   nodedata: ""\003S\n\235\2624\346\340\377asq\337\223T\316nL\232)C!\360\245\205[L\224\\351\351\000\003"";   nodeid: ""\000\000\000\000\000\000\000\000\000\000\000\000\000\000\000\000\000\000\000\000\000\000\000\000\000\000\000\000\000\000\000\000\000""; }; "
1750587281334,1750587281334,557,1,4,1,TMGetLedger,"itype: liTS_CANDIDATE; ledgerHash: ""\007\347lg\346B\270\350\352\375\266\371?(\361\364\365I|\375\262>\230(\333\250\331\007\360U\024\027""; nodeIDs: ""\000\000\000\000\000\000\000\000\000\000\000\000\000\000\000\000\000\000\000\000\000\000\000\000\000\000\000\000\000\000\000\000\000""; requestCookie: 1; queryType: qtINDIRECT; queryDepth: 3; ","itype: liTS_CANDIDATE; ledgerHash: ""\007\347lg\346B\270\350\352\375\266\371?(\361\364\365I|\375\262>\230(\333\250\331\007\360U\024\027""; nodeIDs: ""\000\000\000\000\000\000\000\000\000\000\000\000\000\000\000\000\000\000\000\000\000\000\000\000\000\000\000\000\000\000\000\000\000""; requestCookie: 1; queryType: qtINDIRECT; queryDepth: 3; "
1750587281359,1750587281359,1466,1,0,4,TMGetLedger,"itype: liBASE; ledgerHash: ""\354@[\274\202\021\202\373Vi\243\n\325\250\005e\360""m\346'\311@\343\016$L\346\334\360<w""; ledgerSeq: 8; queryType: qtINDIRECT; ","itype: liBASE; ledgerHash: ""\354@[\274\202\021\202\373Vi\243\n\325\250\005e\360""m\346'\311@\343\016$L\346\334\360<w""; ledgerSeq: 8; queryType: qtINDIRECT; "
1750587281359,1750587281359,2970,1,0,4,TMProposeSet,"proposeSeq: 0; currentTxHash: ""\000\000\000\000\000\000\000\000\000\000\000\000\000\000\000\000\000\000\000\000\000\000\000\000\000\000\000\000\000\000\000\000""; nodePubKey: ""\003\325Q\255\224\274R@\312\253\262\347\352\034\346\347\242\215,\312\376=\277\353{\350\225\301\305`^, ""; closeTime: 803902480; signature: ""0D\002 \\347\032\254\021y\270s0jy\017\024\001\307\375\326x<\031|\0059\277\326D\362\024\017B\036>\002 \002\212\203P\231\234=A\223iP5c\322<\304o\021\365\261f\363L\250\277\203M\367\277\037\020\201""; previousledger: ""\237\231\311\371Y@""\177>\241""\310\233r\315\210Z\003g\334\034\021\305\3353Q\035\224\200\224\347\257""; ","proposeSeq: 0; currentTxHash: ""\000\000\000\000\000\000\000\000\000\000\000\000\000\000\000\000\000\000\000\000\000\000\000\000\000\000\000\000\000\000\000\000""; nodePubKey: ""\003\325Q\255\224\274R@\312\253\262\347\352\034\346\347\242\215,\312\376=\277\353{\350\225\301\305`^, ""; closeTime: 803902480; signature: ""0D\002 \\347\032\254\021y\270s0jy\017\024\001\307\375\326x<\031|\0059\277\326D\362\024\017B\036>\002 \002\212\203P\231\234=A\223iP5c\322<\304o\021\365\261f\363L\250\277\203M\367\277\037\020\201""; previousledger: ""\237\231\311\371Y@""\177>\241""\310\233r\315\210Z\003g\334\034\021\305\3353Q\035\224\200\224\347\257""; "
1750587281362,1750587281362,1290,1,0,2,TMProposeSet,"proposeSeq: 0; currentTxHash: ""\000\000\000\000\000\000\000\000\000\000\000\000\000\000\000\000\000\000\000\000\000\000\000\000\000\000\000\000\000\000\000\000""; nodePubKey: ""\003\325Q\255\224\274R@\312\253\262\347\352\034\346\347\242\215,\312\376=\277\353{\350\225\301\305`^, ""; closeTime: 803902480; signature: ""0D\002 \\347\032\254\021y\270s0jy\017\024\001\307\375\326x<\031|\0059\277\326D\362\024\017B\036>\002 \002\212\203P\231\234=A\223iP5c\322<\304o\021\365\261f\363L\250\277\203M\367\277\037\020\201""; previousledger: ""\237\231\311\371Y@""\177>\241""\310\233r\315\210Z\003g\334\034\021\305\3353Q\035\224\200\224\347\257""; ","proposeSeq: 0; currentTxHash: ""\000\000\000\000\000\000\000\000\000\000\000\000\000\000\000\000\000\000\000\000\000\000\000\000\000\000\000\000\000\000\000\000""; nodePubKey: ""\003\325Q\255\224\274R@\312\253\262\347\352\034\346\347\242\215,\312\376=\277\353{\350\225\301\305`^, ""; closeTime: 803902480; signature: ""0D\002 \\347\032\254\021y\270s0jy\017\024\001\307\375\326x<\031|\0059\277\326D\362\024\017B\036>\002 \002\212\203P\231\234=A\223iP5c\322<\304o\021\365\261f\363L\250\277\203M\367\277\037\020\201""; previousledger: ""\237\231\311\371Y@""\177>\241""\310\233r\315\210Z\003g\334\034\021\305\3353Q\035\224\200\224\347\257""; "
1750587281365,1750587281365,1102,1,2,3,TMLedgerData,"ledgerHash: ""\007\347lg\346B\270\350\352\375\266\371?(\361\364\365I|\375\262>\230(\333\250\331\007\360U\024\027""; ledgerSeq: 0; type: liTS_CANDIDATE; nodes {;   nodedata: ""\003S\n\235\2624\346\340\377asq\337\223T\316nL\232)C!\360\245\205[L\224\\351\351\000\003"";   nodeid: ""\000\000\000\000\000\000\000\000\000\000\000\000\000\000\000\000\000\000\000\000\000\000\000\000\000\000\000\000\000\000\000\000\000""; }; ","ledgerHash: ""\007\347lg\346B\270\350\352\375\266\371?(\361\364\365I|\375\262>\230(\333\250\331\007\360U\024\027""; ledgerSeq: 0; type: liTS_CANDIDATE; nodes {;   nodedata: ""\003S\n\235\2624\346\340\377asq\337\223T\316nL\232)C!\360\245\205[L\224\\351\351\000\003"";   nodeid: ""\000\000\000\000\000\000\000\000\000\000\000\000\000\000\000\000\000\000\000\000\000\000\000\000\000\000\000\000\000\000\000\000\000""; }; "
1750587281372,1750587281373,2472,1,1,2,TMLedgerData,"ledgerHash: ""\007\347lg\346B\270\350\352\375\266\371?(\361\364\365I|\375\262>\230(\333\250\331\007\360U\024\027""; ledgerSeq: 0; type: liTS_CANDIDATE; nodes {;   nodedata: ""\003S\n\235\2624\346\340\377asq\337\223T\316nL\232)C!\360\245\205[L\224\\351\351\000\003"";   nodeid: ""\000\000\000\000\000\000\000\000\000\000\000\000\000\000\000\000\000\000\000\000\000\000\000\000\000\000\000\000\000\000\000\000\000""; }; requestCookie: 2; ","ledgerHash: ""\007\347lg\346B\270\350\352\375\266\371?(\361\364\365I|\375\262>\230(\333\250\331\007\360U\024\027""; ledgerSeq: 0; type: liTS_CANDIDATE; nodes {;   nodedata: ""\003S\n\235\2624\346\340\377asq\337\223T\316nL\232)C!\360\245\205[L\224\\351\351\000\003"";   nodeid: ""\000\000\000\000\000\000\000\000\000\000\000\000\000\000\000\000\000\000\000\000\000\000\000\000\000\000\000\000\000\000\000\000\000""; }; requestCookie: 2; "
1750587281380,1750587281380,1357,1,4,3,TMValidation,"validation: """"\200\000\000\001&\000\000\000\010)/\352\224\017:?HT\314/\177\320^Q\354@[\274\202\021\202\373Vi\243\n\325\250\005e\360""m\346'\311@\343\016$L\346\334\360<wP\027\000\000\000\000\000\000\000\000\000\000\000\000\000\000\000\000\000\000\000\000\000\000\000\000\000\000\000\000\000\000\000\000P\031\311\347s\234ae\204\263\365U\334\372D\354\345\276\201f\035\271%#\375\245\314.""\373\330&\3746s!\003\343\005\311u\203\370\0338\3174\324\010\006\301\251\177\261\304eOX\262)FA-\022r\263wm\024vG0E\002!\000\315\324\346Z\n\351k\234\356A\017\r\267n\357\240\331\370V\264\3339I\016P\020c\026N\372\217\241\002 3{.?\233q\241\222\224\032\2744~L\217\236l\235]\312\337*\240\221>!\201/\3246\022\324""; ","validation: """"\200\000\000\001&\000\000\000\010)/\352\224\017:?HT\314/\177\320^Q\354@[\274\202\021\202\373Vi\243\n\325\250\005e\360""m\346'\311@\343\016$L\346\334\360<wP\027\000\000\000\000\000\000\000\000\000\000\000\000\000\000\000\000\000\000\000\000\000\000\000\000\000\000\000\000\000\000\000\000P\031\311\347s\234ae\204\263\365U\334\372D\354\345\276\201f\035\271%#\375\245\314.""\373\330&\3746s!\003\343\005\311u\203\370\0338\3174\324\010\006\301\251\177\261\304eOX\262)FA-\022r\263wm\024vG0E\002!\000\315\324\346Z\n\351k\234\356A\017\r\267n\357\240\331\370V\264\3339I\016P\020c\026N\372\217\241\002 3{.?\233q\241\222\224\032\2744~L\217\236l\235]\312\337*\240\221>!\201/\3246\022\324""; "
1750587281380,1750587281380,443,1,4,2,TMValidation,"validation: """"\200\000\000\001&\000\000\000\010)/\352\224\017:?HT\314/\177\320^Q\354@[\274\202\021\202\373Vi\243\n\325\250\005e\360""m\346'\311@\343\016$L\346\334\360<wP\027\000\000\000\000\000\000\000\000\000\000\000\000\000\000\000\000\000\000\000\000\000\000\000\000\000\000\000\000\000\000\000\000P\031\311\347s\234ae\204\263\365U\334\372D\354\345\276\201f\035\271%#\375\245\314.""\373\330&\3746s!\003\343\005\311u\203\370\0338\3174\324\010\006\301\251\177\261\304eOX\262)FA-\022r\263wm\024vG0E\002!\000\315\324\346Z\n\351k\234\356A\017\r\267n\357\240\331\370V\264\3339I\016P\020c\026N\372\217\241\002 3{.?\233q\241\222\224\032\2744~L\217\236l\235]\312\337*\240\221>!\201/\3246\022\324""; ","validation: """"\200\000\000\001&\000\000\000\010)/\352\224\017:?HT\314/\177\320^Q\354@[\274\202\021\202\373Vi\243\n\325\250\005e\360""m\346'\311@\343\016$L\346\334\360<wP\027\000\000\000\000\000\000\000\000\000\000\000\000\000\000\000\000\000\000\000\000\000\000\000\000\000\000\000\000\000\000\000\000P\031\311\347s\234ae\204\263\365U\334\372D\354\345\276\201f\035\271%#\375\245\314.""\373\330&\3746s!\003\343\005\311u\203\370\0338\3174\324\010\006\301\251\177\261\304eOX\262)FA-\022r\263wm\024vG0E\002!\000\315\324\346Z\n\351k\234\356A\017\r\267n\357\240\331\370V\264\3339I\016P\020c\026N\372\217\241\002 3{.?\233q\241\222\224\032\2744~L\217\236l\235]\312\337*\240\221>!\201/\3246\022\324""; "
1750587281381,1750587281381,3559,1,4,0,TMValidation,"validation: """"\200\000\000\001&\000\000\000\010)/\352\224\017:?HT\314/\177\320^Q\354@[\274\202\021\202\373Vi\243\n\325\250\005e\360""m\346'\311@\343\016$L\346\334\360<wP\027\000\000\000\000\000\000\000\000\000\000\000\000\000\000\000\000\000\000\000\000\000\000\000\000\000\000\000\000\000\000\000\000P\031\311\347s\234ae\204\263\365U\334\372D\354\345\276\201f\035\271%#\375\245\314.""\373\330&\3746s!\003\343\005\311u\203\370\0338\3174\324\010\006\301\251\177\261\304eOX\262)FA-\022r\263wm\024vG0E\002!\000\315\324\346Z\n\351k\234\356A\017\r\267n\357\240\331\370V\264\3339I\016P\020c\026N\372\217\241\002 3{.?\233q\241\222\224\032\2744~L\217\236l\235]\312\337*\240\221>!\201/\3246\022\324""; ","validation: """"\200\000\000\001&\000\000\000\010)/\352\224\017:?HT\314/\177\320^Q\354@[\274\202\021\202\373Vi\243\n\325\250\005e\360""m\346'\311@\343\016$L\346\334\360<wP\027\000\000\000\000\000\000\000\000\000\000\000\000\000\000\000\000\000\000\000\000\000\000\000\000\000\000\000\000\000\000\000\000P\031\311\347s\234ae\204\263\365U\334\372D\354\345\276\201f\035\271%#\375\245\314.""\373\330&\3746s!\003\343\005\311u\203\370\0338\3174\324\010\006\301\251\177\261\304eOX\262)FA-\022r\263wm\024vG0E\002!\000\315\324\346Z\n\351k\234\356A\017\r\267n\357\240\331\370V\264\3339I\016P\020c\026N\372\217\241\002 3{.?\233q\241\222\224\032\2744~L\217\236l\235]\312\337*\240\221>!\201/\3246\022\324""; "
1750587281382,1750587281383,486,1,4,0,TMLedgerData,"ledgerHash: ""\354@[\274\202\021\202\373Vi\243\n\325\250\005e\360""m\346'\311@\343\016$L\346\334\360<w""; ledgerSeq: 8; type: liBASE; nodes {;   nodedata: ""\000\000\000\010\001cEx]\211\377\342\311\347s\234ae\204\263\365U\334\372D\354\345\276\201f\035\271%#\375\245\314.""\373\330&\3746\000\000\000\000\000\000\000\000\000\000\000\000\000\000\000\000\000\000\000\000\000\000\000\000\000\000\000\000\000\000\000\000\245lQI\023\t3o\213\325\024\3601\255\010\244\306\3215\261\204Q\r\327\317\312f\322eb\215C/\352\224\010/\352\224\020\n\000""; }; nodes {;   nodedata: ""h\315\350\215y\203\242]\371\235\232Pt&\325\210eZ\346\237XZ \277\2457n\221\336\253\245\317\002w\n\356\350\316{k\272E0\225\362\025\010\366\367\372\263\355xq\360\261\376M<\356\347\007zf\307\006E\344\037@\210\363\010\336T\226\247'\204_{\261\370""1\235\2445\343\033Y!\212\201\341\272\225'\007*$\244&\336\343'\233i\332\374\245 {^\306-N\333\gE\006\347\212\331C\211Z\177\247\031\n\265\022\035W\277\033\265pM\027\313x\327iNP(O\216Pk&\235\336\223\217\374\212\253\322w\362\013\210`4\253""\302f\230\374\037bx\0145C\307\337\316[\244d\302\3031\347\300\025aX\357\226\221\016\003""; }; requestCookie: 2; ","ledgerHash: ""\354@[\274\202\021\202\373Vi\243\n\325\250\005e\360""m\346'\311@\343\016$L\346\334\360<w""; ledgerSeq: 8; type: liBASE; nodes {;   nodedata: ""\000\000\000\010\001cEx]\211\377\342\311\347s\234ae\204\263\365U\334\372D\354\345\276\201f\035\271%#\375\245\314.""\373\330&\3746\000\000\000\000\000\000\000\000\000\000\000\000\000\000\000\000\000\000\000\000\000\000\000\000\000\000\000\000\000\000\000\000\245lQI\023\t3o\213\325\024\3601\255\010\244\306\3215\261\204Q\r\327\317\312f\322eb\215C/\352\224\010/\352\224\020\n\000""; }; nodes {;   nodedata: ""h\315\350\215y\203\242]\371\235\232Pt&\325\210eZ\346\237XZ \277\2457n\221\336\253\245\317\002w\n\356\350\316{k\272E0\225\362\025\010\366\367\372\263\355xq\360\261\376M<\356\347\007zf\307\006E\344\037@\210\363\010\336T\226\247'\204_{\261\370""1\235\2445\343\033Y!\212\201\341\272\225'\007*$\244&\336\343'\233i\332\374\245 {^\306-N\333\gE\006\347\212\331C\211Z\177\247\031\n\265\022\035W\277\033\265pM\027\313x\327iNP(O\216Pk&\235\336\223\217\374\212\253\322w\362\013\210`4\253""\302f\230\374\037bx\0145C\307\337\316[\244d\302\3031\347\300\025aX\357\226\221\016\003""; }; requestCookie: 2; "
1750587281383,1750587281383,1582,1,2,0,TMGetLedger,"itype: liBASE; ledgerHash: ""\237\231\311\371Y@""\177>\241""\310\233r\315\210Z\003g\334\034\021\305\3353Q\035\224\200\224\347\257""; requestCookie: 3; queryType: qtINDIRECT; ","itype: liBASE; ledgerHash: ""\237\231\311\371Y@""\177>\241""\310\233r\315\210Z\003g\334\034\021\305\3353Q\035\224\200\224\347\257""; requestCookie: 3; queryType: qtINDIRECT; "
1750587281383,1750587281384,2565,1,3,0,TMLedgerData,"ledgerHash: ""\007\347lg\346B\270\350\352\375\266\371?(\361\364\365I|\375\262>\230(\333\250\331\007\360U\024\027""; ledgerSeq: 0; type: liTS_CANDIDATE; nodes {;   nodedata: ""\003S\n\235\2624\346\340\377asq\337\223T\316nL\232)C!\360\245\205[L\224\\351\351\000\003"";   nodeid: ""\000\000\000\000\000\000\000\000\000\000\000\000\000\000\000\000\000\000\000\000\000\000\000\000\000\000\000\000\000\000\000\000\000""; }; ","ledgerHash: ""\007\347lg\346B\270\350\352\375\266\371?(\361\364\365I|\375\262>\230(\333\250\331\007\360U\024\027""; ledgerSeq: 0; type: liTS_CANDIDATE; nodes {;   nodedata: ""\003S\n\235\2624\346\340\377asq\337\223T\316nL\232)C!\360\245\205[L\224\\351\351\000\003"";   nodeid: ""\000\000\000\000\000\000\000\000\000\000\000\000\000\000\000\000\000\000\000\000\000\000\000\000\000\000\000\000\000\000\000\000\000""; }; "
1750587281392,1750587281392,2715,1,1,4,TMLedgerData,"ledgerHash: ""\007\347lg\346B\270\350\352\375\266\371?(\361\364\365I|\375\262>\230(\333\250\331\007\360U\024\027""; ledgerSeq: 0; type: liTS_CANDIDATE; nodes {;   nodedata: ""\003S\n\235\2624\346\340\377asq\337\223T\316nL\232)C!\360\245\205[L\224\\351\351\000\003"";   nodeid: ""\000\000\000\000\000\000\000\000\000\000\000\000\000\000\000\000\000\000\000\000\000\000\000\000\000\000\000\000\000\000\000\000\000""; }; requestCookie: 1; ","ledgerHash: ""\007\347lg\346B\270\350\352\375\266\371?(\361\364\365I|\375\262>\230(\333\250\331\007\360U\024\027""; ledgerSeq: 0; type: liTS_CANDIDATE; nodes {;   nodedata: ""\003S\n\235\2624\346\340\377asq\337\223T\316nL\232)C!\360\245\205[L\224\\351\351\000\003"";   nodeid: ""\000\000\000\000\000\000\000\000\000\000\000\000\000\000\000\000\000\000\000\000\000\000\000\000\000\000\000\000\000\000\000\000\000""; }; requestCookie: 1; "
1750587281412,1750587281412,3487,1,0,3,TMLedgerData,"ledgerHash: ""\007\347lg\346B\270\350\352\375\266\371?(\361\364\365I|\375\262>\230(\333\250\331\007\360U\024\027""; ledgerSeq: 0; type: liTS_CANDIDATE; nodes {;   nodedata: ""\003S\n\235\2624\346\340\377asq\337\223T\316nL\232)C!\360\245\205[L\224\\351\351\000\003"";   nodeid: ""\000\000\000\000\000\000\000\000\000\000\000\000\000\000\000\000\000\000\000\000\000\000\000\000\000\000\000\000\000\000\000\000\000""; }; ","ledgerHash: ""\007\347lg\346B\270\350\352\375\266\371?(\361\364\365I|\375\262>\230(\333\250\331\007\360U\024\027""; ledgerSeq: 0; type: liTS_CANDIDATE; nodes {;   nodedata: ""\003S\n\235\2624\346\340\377asq\337\223T\316nL\232)C!\360\245\205[L\224\\351\351\000\003"";   nodeid: ""\000\000\000\000\000\000\000\000\000\000\000\000\000\000\000\000\000\000\000\000\000\000\000\000\000\000\000\000\000\000\000\000\000""; }; "
1750587281416,1750587281416,1399,1,1,3,TMLedgerData,"ledgerHash: ""\007\347lg\346B\270\350\352\375\266\371?(\361\364\365I|\375\262>\230(\333\250\331\007\360U\024\027""; ledgerSeq: 0; type: liTS_CANDIDATE; nodes {;   nodedata: ""\003S\n\235\2624\346\340\377asq\337\223T\316nL\232)C!\360\245\205[L\224\\351\351\000\003"";   nodeid: ""\000\000\000\000\000\000\000\000\000\000\000\000\000\000\000\000\000\000\000\000\000\000\000\000\000\000\000\000\000\000\000\000\000""; }; ","ledgerHash: ""\007\347lg\346B\270\350\352\375\266\371?(\361\364\365I|\375\262>\230(\333\250\331\007\360U\024\027""; ledgerSeq: 0; type: liTS_CANDIDATE; nodes {;   nodedata: ""\003S\n\235\2624\346\340\377asq\337\223T\316nL\232)C!\360\245\205[L\224\\351\351\000\003"";   nodeid: ""\000\000\000\000\000\000\000\000\000\000\000\000\000\000\000\000\000\000\000\000\000\000\000\000\000\000\000\000\000\000\000\000\000""; }; "
1750587281417,1750587281417,1103,1,0,4,TMLedgerData,"ledgerHash: ""\237\231\311\371Y@""\177>\241""\310\233r\315\210Z\003g\334\034\021\305\3353Q\035\224\200\224\347\257""; ledgerSeq: 8; type: liBASE; nodes {;   nodedata: ""\000\000\000\010\001cEx]\211\377\330\311\347s\234ae\204\263\365U\334\372D\354\345\276\201f\035\271%#\375\245\314.""\373\330&\3746\177P.\377\255K\330\362G{!s_\276B\273\031\331\234\023vy$7i\342\243\243\220\021_\222w1E\236\020?0\232H\266\366\033p\353\250\025\255\235\310\215\275\032\005\371R<p\240.\2618\277/\352\224\010/\352\224\020\n\000""; }; nodes {;   nodedata: ""h\315\350\215y\203\242]\371\235\232Pt&\325\210eZ\346\237XZ \277\2457n\221\336\253\245\317\002G)\346n?\227\005Y\336\276m\244>\014/\353)\343S\223\201\230\250\301d\027c\001\302\ris\006E\344\037@\210\363\010\336T\226\247'\204_{\261\370""1\235\2445\343\033Y!\212\201\341\272\225'\007\f\n0\233\306>\377~V|O\232@\324_\273\232o\\235\370\234IE\333\255j\001\361\204%\n\265\022\035W\277\033\265pM\027\313x\327iNP(O\216Pk&\235\336\223\217\374\212\253\322w\362\013\210`4\253""\302f\230\374\037bx\0145C\307\337\316[\244d\302\3031\347\300\025aX\357\226\221\016\003""; }; nodes {;   nodedata: ""f\225yM\014\263\225\204\377[\235\030P4BO\343Z\264\3646\307\304\177\327\n\261+$r\257\263\n\003""; }; ","ledgerHash: ""\237\231\311\371Y@""\177>\241""\310\233r\315\210Z\003g\334\034\021\305\3353Q\035\224\200\224\347\257""; ledgerSeq: 8; type: liBASE; nodes {;   nodedata: ""\000\000\000\010\001cEx]\211\377\330\311\347s\234ae\204\263\365U\334\372D\354\345\276\201f\035\271%#\375\245\314.""\373\330&\3746\177P.\377\255K\330\362G{!s_\276B\273\031\331\234\023vy$7i\342\243\243\220\021_\222w1E\236\020?0\232H\266\366\033p\353\250\025\255\235\310\215\275\032\005\371R<p\240.\2618\277/\352\224\010/\352\224\020\n\000""; }; nodes {;   nodedata: ""h\315\350\215y\203\242]\371\235\232Pt&\325\210eZ\346\237XZ \277\2457n\221\336\253\245\317\002G)\346n?\227\005Y\336\276m\244>\014/\353)\343S\223\201\230\250\301d\027c\001\302\ris\006E\344\037@\210\363\010\336T\226\247'\204_{\261\370""1\235\2445\343\033Y!\212\201\341\272\225'\007\f\n0\233\306>\377~V|O\232@\324_\273\232o\\235\370\234IE\333\255j\001\361\204%\n\265\022\035W\277\033\265pM\027\313x\327iNP(O\216Pk&\235\336\223\217\374\212\253\322w\362\013\210`4\253""\302f\230\374\037bx\0145C\307\337\316[\244d\302\3031\347\300\025aX\357\226\221\016\003""; }; nodes {;   nodedata: ""f\225yM\014\263\225\204\377[\235\030P4BO\343Z\264\3646\307\304\177\327\n\261+$r\257\263\n\003""; }; "
1750587281417,1750587281418,1103,1,0,4,TMLedgerData,"ledgerHash: ""\237\231\311\371Y@""\177>\241""\310\233r\315\210Z\003g\334\034\021\305\3353Q\035\224\200\224\347\257""; ledgerSeq: 8; type: liBASE; nodes {;   nodedata: ""\000\000\000\010\001cEx]\211\377\330\311\347s\234ae\204\263\365U\334\372D\354\345\276\201f\035\271%#\375\245\314.""\373\330&\3746\177P.\377\255K\330\362G{!s_\276B\273\031\331\234\023vy$7i\342\243\243\220\021_\222w1E\236\020?0\232H\266\366\033p\353\250\025\255\235\310\215\275\032\005\371R<p\240.\2618\277/\352\224\010/\352\224\020\n\000""; }; nodes {;   nodedata: ""h\315\350\215y\203\242]\371\235\232Pt&\325\210eZ\346\237XZ \277\2457n\221\336\253\245\317\002G)\346n?\227\005Y\336\276m\244>\014/\353)\343S\223\201\230\250\301d\027c\001\302\ris\006E\344\037@\210\363\010\336T\226\247'\204_{\261\370""1\235\2445\343\033Y!\212\201\341\272\225'\007\f\n0\233\306>\377~V|O\232@\324_\273\232o\\235\370\234IE\333\255j\001\361\204%\n\265\022\035W\277\033\265pM\027\313x\327iNP(O\216Pk&\235\336\223\217\374\212\253\322w\362\013\210`4\253""\302f\230\374\037bx\0145C\307\337\316[\244d\302\3031\347\300\025aX\357\226\221\016\003""; }; nodes {;   nodedata: ""f\225yM\014\263\225\204\377[\235\030P4BO\343Z\264\3646\307\304\177\327\n\261+$r\257\263\n\003""; }; ","ledgerHash: ""\237\231\311\371Y@""\177>\241""\310\233r\315\210Z\003g\334\034\021\305\3353Q\035\224\200\224\347\257""; ledgerSeq: 8; type: liBASE; nodes {;   nodedata: ""\000\000\000\010\001cEx]\211\377\330\311\347s\234ae\204\263\365U\334\372D\354\345\276\201f\035\271%#\375\245\314.""\373\330&\3746\177P.\377\255K\330\362G{!s_\276B\273\031\331\234\023vy$7i\342\243\243\220\021_\222w1E\236\020?0\232H\266\366\033p\353\250\025\255\235\310\215\275\032\005\371R<p\240.\2618\277/\352\224\010/\352\224\020\n\000""; }; nodes {;   nodedata: ""h\315\350\215y\203\242]\371\235\232Pt&\325\210eZ\346\237XZ \277\2457n\221\336\253\245\317\002G)\346n?\227\005Y\336\276m\244>\014/\353)\343S\223\201\230\250\301d\027c\001\302\ris\006E\344\037@\210\363\010\336T\226\247'\204_{\261\370""1\235\2445\343\033Y!\212\201\341\272\225'\007\f\n0\233\306>\377~V|O\232@\324_\273\232o\\235\370\234IE\333\255j\001\361\204%\n\265\022\035W\277\033\265pM\027\313x\327iNP(O\216Pk&\235\336\223\217\374\212\253\322w\362\013\210`4\253""\302f\230\374\037bx\0145C\307\337\316[\244d\302\3031\347\300\025aX\357\226\221\016\003""; }; nodes {;   nodedata: ""f\225yM\014\263\225\204\377[\235\030P4BO\343Z\264\3646\307\304\177\327\n\261+$r\257\263\n\003""; }; "
1750587281442,1750587281442,342,1,2,1,TMGetLedger,"itype: liTS_CANDIDATE; ledgerHash: ""\r!N\267\203~\313a\272~\344A\332\034\332r\\301\240a\307\341\261(c(\021\265B\030@(""; nodeIDs: ""\000\000\000\000\000\000\000\000\000\000\000\000\000\000\000\000\000\000\000\000\000\000\000\000\000\000\000\000\000\000\000\000\000""; queryType: qtINDIRECT; queryDepth: 3; ","itype: liTS_CANDIDATE; ledgerHash: ""\r!N\267\203~\313a\272~\344A\332\034\332r\\301\240a\307\341\261(c(\021\265B\030@(""; nodeIDs: ""\000\000\000\000\000\000\000\000\000\000\000\000\000\000\000\000\000\000\000\000\000\000\000\000\000\000\000\000\000\000\000\000\000""; queryType: qtINDIRECT; queryDepth: 3; "
1750587281443,1750587281443,3898,1,2,3,TMGetLedger,"itype: liTS_CANDIDATE; ledgerHash: ""\r!N\267\203~\313a\272~\344A\332\034\332r\\301\240a\307\341\261(c(\021\265B\030@(""; nodeIDs: ""\000\000\000\000\000\000\000\000\000\000\000\000\000\000\000\000\000\000\000\000\000\000\000\000\000\000\000\000\000\000\000\000\000""; queryType: qtINDIRECT; queryDepth: 3; ","itype: liTS_CANDIDATE; ledgerHash: ""\r!N\267\203~\313a\272~\344A\332\034\332r\\301\240a\307\341\261(c(\021\265B\030@(""; nodeIDs: ""\000\000\000\000\000\000\000\000\000\000\000\000\000\000\000\000\000\000\000\000\000\000\000\000\000\000\000\000\000\000\000\000\000""; queryType: qtINDIRECT; queryDepth: 3; "
1750587281443,1750587281443,1582,1,2,0,TMGetLedger,"itype: liTS_CANDIDATE; ledgerHash: ""\r!N\267\203~\313a\272~\344A\332\034\332r\\301\240a\307\341\261(c(\021\265B\030@(""; nodeIDs: ""\000\000\000\000\000\000\000\000\000\000\000\000\000\000\000\000\000\000\000\000\000\000\000\000\000\000\000\000\000\000\000\000\000""; queryType: qtINDIRECT; queryDepth: 3; ","itype: liTS_CANDIDATE; ledgerHash: ""\r!N\267\203~\313a\272~\344A\332\034\332r\\301\240a\307\341\261(c(\021\265B\030@(""; nodeIDs: ""\000\000\000\000\000\000\000\000\000\000\000\000\000\000\000\000\000\000\000\000\000\000\000\000\000\000\000\000\000\000\000\000\000""; queryType: qtINDIRECT; queryDepth: 3; "
1750587281443,1750587281444,2792,1,4,2,TMLedgerData,"ledgerHash: ""\r!N\267\203~\313a\272~\344A\332\034\332r\\301\240a\307\341\261(c(\021\265B\030@(""; ledgerSeq: 0; type: liTS_CANDIDATE; nodes {;   nodedata: ""\247\272\246\2214\014W1\360z\262\252=\343\207'\275\266;\016\021\306\330\030\225\023\357\272\353\200x\221\n\003"";   nodeid: ""\000\000\000\000\000\000\000\000\000\000\000\000\000\000\000\000\000\000\000\000\000\000\000\000\000\000\000\000\000\000\000\000\000""; }; ","ledgerHash: ""\r!N\267\203~\313a\272~\344A\332\034\332r\\301\240a\307\341\261(c(\021\265B\030@(""; ledgerSeq: 0; type: liTS_CANDIDATE; nodes {;   nodedata: ""\247\272\246\2214\014W1\360z\262\252=\343\207'\275\266;\016\021\306\330\030\225\023\357\272\353\200x\221\n\003"";   nodeid: ""\000\000\000\000\000\000\000\000\000\000\000\000\000\000\000\000\000\000\000\000\000\000\000\000\000\000\000\000\000\000\000\000\000""; }; "
1750587281444,1750587281444,499,1,2,4,TMGetLedger,"itype: liTS_CANDIDATE; ledgerHash: ""\r!N\267\203~\313a\272~\344A\332\034\332r\\301\240a\307\341\261(c(\021\265B\030@(""; nodeIDs: ""\000\000\000\000\000\000\000\000\000\000\000\000\000\000\000\000\000\000\000\000\000\000\000\000\000\000\000\000\000\000\000\000\000""; queryType: qtINDIRECT; queryDepth: 3; ","itype: liTS_CANDIDATE; ledgerHash: ""\r!N\267\203~\313a\272~\344A\332\034\332r\\301\240a\307\341\261(c(\021\265B\030@(""; nodeIDs: ""\000\000\000\000\000\000\000\000\000\000\000\000\000\000\000\000\000\000\000\000\000\000\000\000\000\000\000\000\000\000\000\000\000""; queryType: qtINDIRECT; queryDepth: 3; "
1750587281446,1750587281446,2655,1,1,0,TMLedgerData,"ledgerHash: ""b\001;\355\\351h\305\360*\252j\2470\334[#|\313\3606\207\210\245\372\217RX\333g`K""; ledgerSeq: 0; type: liTS_CANDIDATE; nodes {;   nodedata: "" \245\366\271\024\035\303\242}O\341[\232\374\0350\307\253\205\001\301\216B\031pk\231\004\271\276\265\240\002\003"";   nodeid: ""\000\000\000\000\000\000\000\000\000\000\000\000\000\000\000\000\000\000\000\000\000\000\000\000\000\000\000\000\000\000\000\000\000""; }; ","ledgerHash: ""b\001;\355\\351h\305\360*\252j\2470\334[#|\313\3606\207\210\245\372\217RX\333g`K""; ledgerSeq: 0; type: liTS_CANDIDATE; nodes {;   nodedata: "" \245\366\271\024\035\303\242}O\341[\232\374\0350\307\253\205\001\301\216B\031pk\231\004\271\276\265\240\002\003"";   nodeid: ""\000\000\000\000\000\000\000\000\000\000\000\000\000\000\000\000\000\000\000\000\000\000\000\000\000\000\000\000\000\000\000\000\000""; }; "
1750587281449,1750587281449,2715,1,1,4,TMLedgerData,"ledgerHash: ""\007\347lg\346B\270\350\352\375\266\371?(\361\364\365I|\375\262>\230(\333\250\331\007\360U\024\027""; ledgerSeq: 0; type: liTS_CANDIDATE; nodes {;   nodedata: ""\003S\n\235\2624\346\340\377asq\337\223T\316nL\232)C!\360\245\205[L\224\\351\351\000\003"";   nodeid: ""\000\000\000\000\000\000\000\000\000\000\000\000\000\000\000\000\000\000\000\000\000\000\000\000\000\000\000\000\000\000\000\000\000""; }; requestCookie: 4; ","ledgerHash: ""\007\347lg\346B\270\350\352\375\266\371?(\361\364\365I|\375\262>\230(\333\250\331\007\360U\024\027""; ledgerSeq: 0; type: liTS_CANDIDATE; nodes {;   nodedata: ""\003S\n\235\2624\346\340\377asq\337\223T\316nL\232)C!\360\245\205[L\224\\351\351\000\003"";   nodeid: ""\000\000\000\000\000\000\000\000\000\000\000\000\000\000\000\000\000\000\000\000\000\000\000\000\000\000\000\000\000\000\000\000\000""; }; requestCookie: 4; "
1750587281460,1750587281460,520,1,2,1,TMLedgerData,"ledgerHash: ""\r!N\267\203~\313a\272~\344A\332\034\332r\\301\240a\307\341\261(c(\021\265B\030@(""; ledgerSeq: 0; type: liTS_CANDIDATE; nodes {;   nodedata: ""\247\272\246\2214\014W1\360z\262\252=\343\207'\275\266;\016\021\306\330\030\225\023\357\272\353\200x\221\n\003"";   nodeid: ""\000\000\000\000\000\000\000\000\000\000\000\000\000\000\000\000\000\000\000\000\000\000\000\000\000\000\000\000\000\000\000\000\000""; }; ","ledgerHash: ""\r!N\267\203~\313a\272~\344A\332\034\332r\\301\240a\307\341\261(c(\021\265B\030@(""; ledgerSeq: 0; type: liTS_CANDIDATE; nodes {;   nodedata: ""\247\272\246\2214\014W1\360z\262\252=\343\207'\275\266;\016\021\306\330\030\225\023\357\272\353\200x\221\n\003"";   nodeid: ""\000\000\000\000\000\000\000\000\000\000\000\000\000\000\000\000\000\000\000\000\000\000\000\000\000\000\000\000\000\000\000\000\000""; }; "
1750587281490,1750587281490,557,1,4,1,TMGetLedger,"itype: liTS_CANDIDATE; ledgerHash: ""\007\347lg\346B\270\350\352\375\266\371?(\361\364\365I|\375\262>\230(\333\250\331\007\360U\024\027""; nodeIDs: ""\000\000\000\000\000\000\000\000\000\000\000\000\000\000\000\000\000\000\000\000\000\000\000\000\000\000\000\000\000\000\000\000\000""; requestCookie: 3; queryType: qtINDIRECT; queryDepth: 3; ","itype: liTS_CANDIDATE; ledgerHash: ""\007\347lg\346B\270\350\352\375\266\371?(\361\364\365I|\375\262>\230(\333\250\331\007\360U\024\027""; nodeIDs: ""\000\000\000\000\000\000\000\000\000\000\000\000\000\000\000\000\000\000\000\000\000\000\000\000\000\000\000\000\000\000\000\000\000""; requestCookie: 3; queryType: qtINDIRECT; queryDepth: 3; "
1750587281502,1750587281502,3520,1,3,1,TMLedgerData,"ledgerHash: ""\r!N\267\203~\313a\272~\344A\332\034\332r\\301\240a\307\341\261(c(\021\265B\030@(""; ledgerSeq: 0; type: liTS_CANDIDATE; nodes {;   nodedata: ""\247\272\246\2214\014W1\360z\262\252=\343\207'\275\266;\016\021\306\330\030\225\023\357\272\353\200x\221\n\003"";   nodeid: ""\000\000\000\000\000\000\000\000\000\000\000\000\000\000\000\000\000\000\000\000\000\000\000\000\000\000\000\000\000\000\000\000\000""; }; ","ledgerHash: ""\r!N\267\203~\313a\272~\344A\332\034\332r\\301\240a\307\341\261(c(\021\265B\030@(""; ledgerSeq: 0; type: liTS_CANDIDATE; nodes {;   nodedata: ""\247\272\246\2214\014W1\360z\262\252=\343\207'\275\266;\016\021\306\330\030\225\023\357\272\353\200x\221\n\003"";   nodeid: ""\000\000\000\000\000\000\000\000\000\000\000\000\000\000\000\000\000\000\000\000\000\000\000\000\000\000\000\000\000\000\000\000\000""; }; "
1750587281519,1750587281519,1467,1,4,2,TMGetLedger,"itype: liTS_CANDIDATE; ledgerHash: ""b\001;\355\\351h\305\360*\252j\2470\334[#|\313\3606\207\210\245\372\217RX\333g`K""; nodeIDs: ""\000\000\000\000\000\000\000\000\000\000\000\000\000\000\000\000\000\000\000\000\000\000\000\000\000\000\000\000\000\000\000\000\000""; requestCookie: 1; queryType: qtINDIRECT; queryDepth: 3; ","itype: liTS_CANDIDATE; ledgerHash: ""b\001;\355\\351h\305\360*\252j\2470\334[#|\313\3606\207\210\245\372\217RX\333g`K""; nodeIDs: ""\000\000\000\000\000\000\000\000\000\000\000\000\000\000\000\000\000\000\000\000\000\000\000\000\000\000\000\000\000\000\000\000\000""; requestCookie: 1; queryType: qtINDIRECT; queryDepth: 3; "
1750587281525,1750587281525,1753,1,0,2,TMLedgerData,"ledgerHash: ""\r!N\267\203~\313a\272~\344A\332\034\332r\\301\240a\307\341\261(c(\021\265B\030@(""; ledgerSeq: 0; type: liTS_CANDIDATE; nodes {;   nodedata: ""\247\272\246\2214\014W1\360z\262\252=\343\207'\275\266;\016\021\306\330\030\225\023\357\272\353\200x\221\n\003"";   nodeid: ""\000\000\000\000\000\000\000\000\000\000\000\000\000\000\000\000\000\000\000\000\000\000\000\000\000\000\000\000\000\000\000\000\000""; }; ","ledgerHash: ""\r!N\267\203~\313a\272~\344A\332\034\332r\\301\240a\307\341\261(c(\021\265B\030@(""; ledgerSeq: 0; type: liTS_CANDIDATE; nodes {;   nodedata: ""\247\272\246\2214\014W1\360z\262\252=\343\207'\275\266;\016\021\306\330\030\225\023\357\272\353\200x\221\n\003"";   nodeid: ""\000\000\000\000\000\000\000\000\000\000\000\000\000\000\000\000\000\000\000\000\000\000\000\000\000\000\000\000\000\000\000\000\000""; }; "
1750587281528,1750587281528,1493,1,2,4,TMHaveTransactionSet,"status: tsHAVE; hash: ""\r!N\267\203~\313a\272~\344A\332\034\332r\\301\240a\307\341\261(c(\021\265B\030@(""; ","status: tsHAVE; hash: ""\r!N\267\203~\313a\272~\344A\332\034\332r\\301\240a\307\341\261(c(\021\265B\030@(""; "
1750587281528,1750587281528,3669,1,2,1,TMHaveTransactionSet,"status: tsHAVE; hash: ""\r!N\267\203~\313a\272~\344A\332\034\332r\\301\240a\307\341\261(c(\021\265B\030@(""; ","status: tsHAVE; hash: ""\r!N\267\203~\313a\272~\344A\332\034\332r\\301\240a\307\341\261(c(\021\265B\030@(""; "
1750587281528,1750587281529,173,1,2,3,TMHaveTransactionSet,"status: tsHAVE; hash: ""\r!N\267\203~\313a\272~\344A\332\034\332r\\301\240a\307\341\261(c(\021\265B\030@(""; ","status: tsHAVE; hash: ""\r!N\267\203~\313a\272~\344A\332\034\332r\\301\240a\307\341\261(c(\021\265B\030@(""; "
1750587281529,1750587281529,3907,1,2,0,TMHaveTransactionSet,"status: tsHAVE; hash: ""\r!N\267\203~\313a\272~\344A\332\034\332r\\301\240a\307\341\261(c(\021\265B\030@(""; ","status: tsHAVE; hash: ""\r!N\267\203~\313a\272~\344A\332\034\332r\\301\240a\307\341\261(c(\021\265B\030@(""; "
1750587281535,1750587281535,2472,1,1,2,TMLedgerData,"ledgerHash: ""\r!N\267\203~\313a\272~\344A\332\034\332r\\301\240a\307\341\261(c(\021\265B\030@(""; ledgerSeq: 0; type: liTS_CANDIDATE; nodes {;   nodedata: ""\247\272\246\2214\014W1\360z\262\252=\343\207'\275\266;\016\021\306\330\030\225\023\357\272\353\200x\221\n\003"";   nodeid: ""\000\000\000\000\000\000\000\000\000\000\000\000\000\000\000\000\000\000\000\000\000\000\000\000\000\000\000\000\000\000\000\000\000""; }; ","ledgerHash: ""\r!N\267\203~\313a\272~\344A\332\034\332r\\301\240a\307\341\261(c(\021\265B\030@(""; ledgerSeq: 0; type: liTS_CANDIDATE; nodes {;   nodedata: ""\247\272\246\2214\014W1\360z\262\252=\343\207'\275\266;\016\021\306\330\030\225\023\357\272\353\200x\221\n\003"";   nodeid: ""\000\000\000\000\000\000\000\000\000\000\000\000\000\000\000\000\000\000\000\000\000\000\000\000\000\000\000\000\000\000\000\000\000""; }; "
1750587281538,1750587281538,3082,1,2,4,TMProposeSet,"proposeSeq: 0; currentTxHash: ""\r!N\267\203~\313a\272~\344A\332\034\332r\\301\240a\307\341\261(c(\021\265B\030@(""; nodePubKey: ""\003.\200\224\215?)t\306\315\242\313\251\255\302\204=\232.\271%}\013\024s\024\002@\216l""\241F""; closeTime: 803902478; signature: ""0D\002 z6\247q%\027\233\247\370B^H!\373\373\347\267Z\314\303\204\344!\035d\321\032\325\215\364\356\003\002 T\207?\351\220\010\254\273\370\027\207\177""\032\002\273\307\245mf5%\353_""\0263\247\004\035\222\203""; previousledger: ""\354@[\274\202\021\202\373Vi\243\n\325\250\005e\360""m\346'\311@\343\016$L\346\334\360<w""; ","proposeSeq: 0; currentTxHash: ""\r!N\267\203~\313a\272~\344A\332\034\332r\\301\240a\307\341\261(c(\021\265B\030@(""; nodePubKey: ""\003.\200\224\215?)t\306\315\242\313\251\255\302\204=\232.\271%}\013\024s\024\002@\216l""\241F""; closeTime: 803902478; signature: ""0D\002 z6\247q%\027\233\247\370B^H!\373\373\347\267Z\314\303\204\344!\035d\321\032\325\215\364\356\003\002 T\207?\351\220\010\254\273\370\027\207\177""\032\002\273\307\245mf5%\353_""\0263\247\004\035\222\203""; previousledger: ""\354@[\274\202\021\202\373Vi\243\n\325\250\005e\360""m\346'\311@\343\016$L\346\334\360<w""; "
1750587281548,1750587281549,2715,1,1,4,TMLedgerData,"ledgerHash: ""\007\347lg\346B\270\350\352\375\266\371?(\361\364\365I|\375\262>\230(\333\250\331\007\360U\024\027""; ledgerSeq: 0; type: liTS_CANDIDATE; nodes {;   nodedata: ""\003S\n\235\2624\346\340\377asq\337\223T\316nL\232)C!\360\245\205[L\224\\351\351\000\003"";   nodeid: ""\000\000\000\000\000\000\000\000\000\000\000\000\000\000\000\000\000\000\000\000\000\000\000\000\000\000\000\000\000\000\000\000\000""; }; requestCookie: 3; ","ledgerHash: ""\007\347lg\346B\270\350\352\375\266\371?(\361\364\365I|\375\262>\230(\333\250\331\007\360U\024\027""; ledgerSeq: 0; type: liTS_CANDIDATE; nodes {;   nodedata: ""\003S\n\235\2624\346\340\377asq\337\223T\316nL\232)C!\360\245\205[L\224\\351\351\000\003"";   nodeid: ""\000\000\000\000\000\000\000\000\000\000\000\000\000\000\000\000\000\000\000\000\000\000\000\000\000\000\000\000\000\000\000\000\000""; }; requestCookie: 3; "
1750587281551,1750587281551,3414,1,0,2,TMGetLedger,"itype: liTS_CANDIDATE; ledgerHash: ""b\001;\355\\351h\305\360*\252j\2470\334[#|\313\3606\207\210\245\372\217RX\333g`K""; nodeIDs: ""\000\000\000\000\000\000\000\000\000\000\000\000\000\000\000\000\000\000\000\000\000\000\000\000\000\000\000\000\000\000\000\000\000""; queryType: qtINDIRECT; queryDepth: 3; ","itype: liTS_CANDIDATE; ledgerHash: ""b\001;\355\\351h\305\360*\252j\2470\334[#|\313\3606\207\210\245\372\217RX\333g`K""; nodeIDs: ""\000\000\000\000\000\000\000\000\000\000\000\000\000\000\000\000\000\000\000\000\000\000\000\000\000\000\000\000\000\000\000\000\000""; queryType: qtINDIRECT; queryDepth: 3; "
1750587281552,1750587281552,393,1,0,1,TMGetLedger,"itype: liTS_CANDIDATE; ledgerHash: ""b\001;\355\\351h\305\360*\252j\2470\334[#|\313\3606\207\210\245\372\217RX\333g`K""; nodeIDs: ""\000\000\000\000\000\000\000\000\000\000\000\000\000\000\000\000\000\000\000\000\000\000\000\000\000\000\000\000\000\000\000\000\000""; queryType: qtINDIRECT; queryDepth: 3; ","itype: liTS_CANDIDATE; ledgerHash: ""b\001;\355\\351h\305\360*\252j\2470\334[#|\313\3606\207\210\245\372\217RX\333g`K""; nodeIDs: ""\000\000\000\000\000\000\000\000\000\000\000\000\000\000\000\000\000\000\000\000\000\000\000\000\000\000\000\000\000\000\000\000\000""; queryType: qtINDIRECT; queryDepth: 3; "
1750587281552,1750587281552,1764,1,0,3,TMGetLedger,"itype: liTS_CANDIDATE; ledgerHash: ""b\001;\355\\351h\305\360*\252j\2470\334[#|\313\3606\207\210\245\372\217RX\333g`K""; nodeIDs: ""\000\000\000\000\000\000\000\000\000\000\000\000\000\000\000\000\000\000\000\000\000\000\000\000\000\000\000\000\000\000\000\000\000""; queryType: qtINDIRECT; queryDepth: 3; ","itype: liTS_CANDIDATE; ledgerHash: ""b\001;\355\\351h\305\360*\252j\2470\334[#|\313\3606\207\210\245\372\217RX\333g`K""; nodeIDs: ""\000\000\000\000\000\000\000\000\000\000\000\000\000\000\000\000\000\000\000\000\000\000\000\000\000\000\000\000\000\000\000\000\000""; queryType: qtINDIRECT; queryDepth: 3; "
1750587281552,1750587281552,1466,1,0,4,TMGetLedger,"itype: liTS_CANDIDATE; ledgerHash: ""b\001;\355\\351h\305\360*\252j\2470\334[#|\313\3606\207\210\245\372\217RX\333g`K""; nodeIDs: ""\000\000\000\000\000\000\000\000\000\000\000\000\000\000\000\000\000\000\000\000\000\000\000\000\000\000\000\000\000\000\000\000\000""; queryType: qtINDIRECT; queryDepth: 3; ","itype: liTS_CANDIDATE; ledgerHash: ""b\001;\355\\351h\305\360*\252j\2470\334[#|\313\3606\207\210\245\372\217RX\333g`K""; nodeIDs: ""\000\000\000\000\000\000\000\000\000\000\000\000\000\000\000\000\000\000\000\000\000\000\000\000\000\000\000\000\000\000\000\000\000""; queryType: qtINDIRECT; queryDepth: 3; "
1750587281559,1750587281559,1435,1,4,1,TMLedgerData,"ledgerHash: ""\r!N\267\203~\313a\272~\344A\332\034\332r\\301\240a\307\341\261(c(\021\265B\030@(""; ledgerSeq: 0; type: liTS_CANDIDATE; nodes {;   nodedata: ""\247\272\246\2214\014W1\360z\262\252=\343\207'\275\266;\016\021\306\330\030\225\023\357\272\353\200x\221\n\003"";   nodeid: ""\000\000\000\000\000\000\000\000\000\000\000\000\000\000\000\000\000\000\000\000\000\000\000\000\000\000\000\000\000\000\000\000\000""; }; ","ledgerHash: ""\r!N\267\203~\313a\272~\344A\332\034\332r\\301\240a\307\341\261(c(\021\265B\030@(""; ledgerSeq: 0; type: liTS_CANDIDATE; nodes {;   nodedata: ""\247\272\246\2214\014W1\360z\262\252=\343\207'\275\266;\016\021\306\330\030\225\023\357\272\353\200x\221\n\003"";   nodeid: ""\000\000\000\000\000\000\000\000\000\000\000\000\000\000\000\000\000\000\000\000\000\000\000\000\000\000\000\000\000\000\000\000\000""; }; "
1750587281564,1750587281564,3725,1,2,3,TMProposeSet,"proposeSeq: 0; currentTxHash: ""\r!N\267\203~\313a\272~\344A\332\034\332r\\301\240a\307\341\261(c(\021\265B\030@(""; nodePubKey: ""\003.\200\224\215?)t\306\315\242\313\251\255\302\204=\232.\271%}\013\024s\024\002@\216l""\241F""; closeTime: 803902478; signature: ""0D\002 z6\247q%\027\233\247\370B^H!\373\373\347\267Z\314\303\204\344!\035d\321\032\325\215\364\356\003\002 T\207?\351\220\010\254\273\370\027\207\177""\032\002\273\307\245mf5%\353_""\0263\247\004\035\222\203""; previousledger: ""\354@[\274\202\021\202\373Vi\243\n\325\250\005e\360""m\346'\311@\343\016$L\346\334\360<w""; ","proposeSeq: 0; currentTxHash: ""\r!N\267\203~\313a\272~\344A\332\034\332r\\301\240a\307\341\261(c(\021\265B\030@(""; nodePubKey: ""\003.\200\224\215?)t\306\315\242\313\251\255\302\204=\232.\271%}\013\024s\024\002@\216l""\241F""; closeTime: 803902478; signature: ""0D\002 z6\247q%\027\233\247\370B^H!\373\373\347\267Z\314\303\204\344!\035d\321\032\325\215\364\356\003\002 T\207?\351\220\010\254\273\370\027\207\177""\032\002\273\307\245mf5%\353_""\0263\247\004\035\222\203""; previousledger: ""\354@[\274\202\021\202\373Vi\243\n\325\250\005e\360""m\346'\311@\343\016$L\346\334\360<w""; "
1750587281570,1750587281570,3546,1,2,0,TMProposeSet,"proposeSeq: 0; currentTxHash: ""\r!N\267\203~\313a\272~\344A\332\034\332r\\301\240a\307\341\261(c(\021\265B\030@(""; nodePubKey: ""\003.\200\224\215?)t\306\315\242\313\251\255\302\204=\232.\271%}\013\024s\024\002@\216l""\241F""; closeTime: 803902478; signature: ""0D\002 z6\247q%\027\233\247\370B^H!\373\373\347\267Z\314\303\204\344!\035d\321\032\325\215\364\356\003\002 T\207?\351\220\010\254\273\370\027\207\177""\032\002\273\307\245mf5%\353_""\0263\247\004\035\222\203""; previousledger: ""\354@[\274\202\021\202\373Vi\243\n\325\250\005e\360""m\346'\311@\343\016$L\346\334\360<w""; ","proposeSeq: 0; currentTxHash: ""\r!N\267\203~\313a\272~\344A\332\034\332r\\301\240a\307\341\261(c(\021\265B\030@(""; nodePubKey: ""\003.\200\224\215?)t\306\315\242\313\251\255\302\204=\232.\271%}\013\024s\024\002@\216l""\241F""; closeTime: 803902478; signature: ""0D\002 z6\247q%\027\233\247\370B^H!\373\373\347\267Z\314\303\204\344!\035d\321\032\325\215\364\356\003\002 T\207?\351\220\010\254\273\370\027\207\177""\032\002\273\307\245mf5%\353_""\0263\247\004\035\222\203""; previousledger: ""\354@[\274\202\021\202\373Vi\243\n\325\250\005e\360""m\346'\311@\343\016$L\346\334\360<w""; "
1750587281571,1750587281571,1753,1,0,2,TMLedgerData,"ledgerHash: ""\007\347lg\346B\270\350\352\375\266\371?(\361\364\365I|\375\262>\230(\333\250\331\007\360U\024\027""; ledgerSeq: 0; type: liTS_CANDIDATE; nodes {;   nodedata: ""\003S\n\235\2624\346\340\377asq\337\223T\316nL\232)C!\360\245\205[L\224\\351\351\000\003"";   nodeid: ""\000\000\000\000\000\000\000\000\000\000\000\000\000\000\000\000\000\000\000\000\000\000\000\000\000\000\000\000\000\000\000\000\000""; }; ","ledgerHash: ""\007\347lg\346B\270\350\352\375\266\371?(\361\364\365I|\375\262>\230(\333\250\331\007\360U\024\027""; ledgerSeq: 0; type: liTS_CANDIDATE; nodes {;   nodedata: ""\003S\n\235\2624\346\340\377asq\337\223T\316nL\232)C!\360\245\205[L\224\\351\351\000\003"";   nodeid: ""\000\000\000\000\000\000\000\000\000\000\000\000\000\000\000\000\000\000\000\000\000\000\000\000\000\000\000\000\000\000\000\000\000""; }; "
1750587281577,1750587281578,2472,1,1,2,TMLedgerData,"ledgerHash: ""\354@[\274\202\021\202\373Vi\243\n\325\250\005e\360""m\346'\311@\343\016$L\346\334\360<w""; ledgerSeq: 8; type: liBASE; nodes {;   nodedata: ""\000\000\000\010\001cEx]\211\377\342\311\347s\234ae\204\263\365U\334\372D\354\345\276\201f\035\271%#\375\245\314.""\373\330&\3746\000\000\000\000\000\000\000\000\000\000\000\000\000\000\000\000\000\000\000\000\000\000\000\000\000\000\000\000\000\000\000\000\245lQI\023\t3o\213\325\024\3601\255\010\244\306\3215\261\204Q\r\327\317\312f\322eb\215C/\352\224\010/\352\224\020\n\000""; }; nodes {;   nodedata: ""h\315\350\215y\203\242]\371\235\232Pt&\325\210eZ\346\237XZ \277\2457n\221\336\253\245\317\002w\n\356\350\316{k\272E0\225\362\025\010\366\367\372\263\355xq\360\261\376M<\356\347\007zf\307\006E\344\037@\210\363\010\336T\226\247'\204_{\261\370""1\235\2445\343\033Y!\212\201\341\272\225'\007*$\244&\336\343'\233i\332\374\245 {^\306-N\333\gE\006\347\212\331C\211Z\177\247\031\n\265\022\035W\277\033\265pM\027\313x\327iNP(O\216Pk&\235\336\223\217\374\212\253\322w\362\013\210`4\253""\302f\230\374\037bx\0145C\307\337\316[\244d\302\3031\347\300\025aX\357\226\221\016\003""; }; ","ledgerHash: ""\354@[\274\202\021\202\373Vi\243\n\325\250\005e\360""m\346'\311@\343\016$L\346\334\360<w""; ledgerSeq: 8; type: liBASE; nodes {;   nodedata: ""\000\000\000\010\001cEx]\211\377\342\311\347s\234ae\204\263\365U\334\372D\354\345\276\201f\035\271%#\375\245\314.""\373\330&\3746\000\000\000\000\000\000\000\000\000\000\000\000\000\000\000\000\000\000\000\000\000\000\000\000\000\000\000\000\000\000\000\000\245lQI\023\t3o\213\325\024\3601\255\010\244\306\3215\261\204Q\r\327\317\312f\322eb\215C/\352\224\010/\352\224\020\n\000""; }; nodes {;   nodedata: ""h\315\350\215y\203\242]\371\235\232Pt&\325\210eZ\346\237XZ \277\2457n\221\336\253\245\317\002w\n\356\350\316{k\272E0\225\362\025\010\366\367\372\263\355xq\360\261\376M<\356\347\007zf\307\006E\344\037@\210\363\010\336T\226\247'\204_{\261\370""1\235\2445\343\033Y!\212\201\341\272\225'\007*$\244&\336\343'\233i\332\374\245 {^\306-N\333\gE\006\347\212\331C\211Z\177\247\031\n\265\022\035W\277\033\265pM\027\313x\327iNP(O\216Pk&\235\336\223\217\374\212\253\322w\362\013\210`4\253""\302f\230\374\037bx\0145C\307\337\316[\244d\302\3031\347\300\025aX\357\226\221\016\003""; }; "
1750587281584,1750587281584,557,1,4,1,TMGetLedger,"itype: liTS_CANDIDATE; ledgerHash: ""\007\347lg\346B\270\350\352\375\266\371?(\361\364\365I|\375\262>\230(\333\250\331\007\360U\024\027""; nodeIDs: ""\000\000\000\000\000\000\000\000\000\000\000\000\000\000\000\000\000\000\000\000\000\000\000\000\000\000\000\000\000\000\000\000\000""; requestCookie: 1; queryType: qtINDIRECT; queryDepth: 3; ","itype: liTS_CANDIDATE; ledgerHash: ""\007\347lg\346B\270\350\352\375\266\371?(\361\364\365I|\375\262>\230(\333\250\331\007\360U\024\027""; nodeIDs: ""\000\000\000\000\000\000\000\000\000\000\000\000\000\000\000\000\000\000\000\000\000\000\000\000\000\000\000\000\000\000\000\000\000""; requestCookie: 1; queryType: qtINDIRECT; queryDepth: 3; "
1750587281606,1750587281606,1102,1,2,3,TMLedgerData,"ledgerHash: ""\r!N\267\203~\313a\272~\344A\332\034\332r\\301\240a\307\341\261(c(\021\265B\030@(""; ledgerSeq: 0; type: liTS_CANDIDATE; nodes {;   nodedata: ""\247\272\246\2214\014W1\360z\262\252=\343\207'\275\266;\016\021\306\330\030\225\023\357\272\353\200x\221\n\003"";   nodeid: ""\000\000\000\000\000\000\000\000\000\000\000\000\000\000\000\000\000\000\000\000\000\000\000\000\000\000\000\000\000\000\000\000\000""; }; ","ledgerHash: ""\r!N\267\203~\313a\272~\344A\332\034\332r\\301\240a\307\341\261(c(\021\265B\030@(""; ledgerSeq: 0; type: liTS_CANDIDATE; nodes {;   nodedata: ""\247\272\246\2214\014W1\360z\262\252=\343\207'\275\266;\016\021\306\330\030\225\023\357\272\353\200x\221\n\003"";   nodeid: ""\000\000\000\000\000\000\000\000\000\000\000\000\000\000\000\000\000\000\000\000\000\000\000\000\000\000\000\000\000\000\000\000\000""; }; "
1750587281615,1750587281615,1102,1,2,3,TMLedgerData,"ledgerHash: ""\007\347lg\346B\270\350\352\375\266\371?(\361\364\365I|\375\262>\230(\333\250\331\007\360U\024\027""; ledgerSeq: 0; type: liTS_CANDIDATE; nodes {;   nodedata: ""\003S\n\235\2624\346\340\377asq\337\223T\316nL\232)C!\360\245\205[L\224\\351\351\000\003"";   nodeid: ""\000\000\000\000\000\000\000\000\000\000\000\000\000\000\000\000\000\000\000\000\000\000\000\000\000\000\000\000\000\000\000\000\000""; }; ","ledgerHash: ""\007\347lg\346B\270\350\352\375\266\371?(\361\364\365I|\375\262>\230(\333\250\331\007\360U\024\027""; ledgerSeq: 0; type: liTS_CANDIDATE; nodes {;   nodedata: ""\003S\n\235\2624\346\340\377asq\337\223T\316nL\232)C!\360\245\205[L\224\\351\351\000\003"";   nodeid: ""\000\000\000\000\000\000\000\000\000\000\000\000\000\000\000\000\000\000\000\000\000\000\000\000\000\000\000\000\000\000\000\000\000""; }; "
1750587281631,1750587281631,2565,1,3,0,TMLedgerData,"ledgerHash: ""\007\347lg\346B\270\350\352\375\266\371?(\361\364\365I|\375\262>\230(\333\250\331\007\360U\024\027""; ledgerSeq: 0; type: liTS_CANDIDATE; nodes {;   nodedata: ""\003S\n\235\2624\346\340\377asq\337\223T\316nL\232)C!\360\245\205[L\224\\351\351\000\003"";   nodeid: ""\000\000\000\000\000\000\000\000\000\000\000\000\000\000\000\000\000\000\000\000\000\000\000\000\000\000\000\000\000\000\000\000\000""; }; ","ledgerHash: ""\007\347lg\346B\270\350\352\375\266\371?(\361\364\365I|\375\262>\230(\333\250\331\007\360U\024\027""; ledgerSeq: 0; type: liTS_CANDIDATE; nodes {;   nodedata: ""\003S\n\235\2624\346\340\377asq\337\223T\316nL\232)C!\360\245\205[L\224\\351\351\000\003"";   nodeid: ""\000\000\000\000\000\000\000\000\000\000\000\000\000\000\000\000\000\000\000\000\000\000\000\000\000\000\000\000\000\000\000\000\000""; }; "
1750587281639,1750587281640,557,1,4,1,TMGetLedger,"itype: liTS_CANDIDATE; ledgerHash: ""\007\347lg\346B\270\350\352\375\266\371?(\361\364\365I|\375\262>\230(\333\250\331\007\360U\024\027""; nodeIDs: ""\000\000\000\000\000\000\000\000\000\000\000\000\000\000\000\000\000\000\000\000\000\000\000\000\000\000\000\000\000\000\000\000\000""; requestCookie: 4; queryType: qtINDIRECT; queryDepth: 3; ","itype: liTS_CANDIDATE; ledgerHash: ""\007\347lg\346B\270\350\352\375\266\371?(\361\364\365I|\375\262>\230(\333\250\331\007\360U\024\027""; nodeIDs: ""\000\000\000\000\000\000\000\000\000\000\000\000\000\000\000\000\000\000\000\000\000\000\000\000\000\000\000\000\000\000\000\000\000""; requestCookie: 4; queryType: qtINDIRECT; queryDepth: 3; "
1750587281643,1750587281643,2715,1,1,4,TMLedgerData,"ledgerHash: ""\007\347lg\346B\270\350\352\375\266\371?(\361\364\365I|\375\262>\230(\333\250\331\007\360U\024\027""; ledgerSeq: 0; type: liTS_CANDIDATE; nodes {;   nodedata: ""\003S\n\235\2624\346\340\377asq\337\223T\316nL\232)C!\360\245\205[L\224\\351\351\000\003"";   nodeid: ""\000\000\000\000\000\000\000\000\000\000\000\000\000\000\000\000\000\000\000\000\000\000\000\000\000\000\000\000\000\000\000\000\000""; }; requestCookie: 1; ","ledgerHash: ""\007\347lg\346B\270\350\352\375\266\371?(\361\364\365I|\375\262>\230(\333\250\331\007\360U\024\027""; ledgerSeq: 0; type: liTS_CANDIDATE; nodes {;   nodedata: ""\003S\n\235\2624\346\340\377asq\337\223T\316nL\232)C!\360\245\205[L\224\\351\351\000\003"";   nodeid: ""\000\000\000\000\000\000\000\000\000\000\000\000\000\000\000\000\000\000\000\000\000\000\000\000\000\000\000\000\000\000\000\000\000""; }; requestCookie: 1; "
1750587281659,1750587281659,1753,1,0,2,TMLedgerData,"ledgerHash: ""\r!N\267\203~\313a\272~\344A\332\034\332r\\301\240a\307\341\261(c(\021\265B\030@(""; ledgerSeq: 0; type: liTS_CANDIDATE; nodes {;   nodedata: ""\247\272\246\2214\014W1\360z\262\252=\343\207'\275\266;\016\021\306\330\030\225\023\357\272\353\200x\221\n\003"";   nodeid: ""\000\000\000\000\000\000\000\000\000\000\000\000\000\000\000\000\000\000\000\000\000\000\000\000\000\000\000\000\000\000\000\000\000""; }; requestCookie: 5; ","ledgerHash: ""\r!N\267\203~\313a\272~\344A\332\034\332r\\301\240a\307\341\261(c(\021\265B\030@(""; ledgerSeq: 0; type: liTS_CANDIDATE; nodes {;   nodedata: ""\247\272\246\2214\014W1\360z\262\252=\343\207'\275\266;\016\021\306\330\030\225\023\357\272\353\200x\221\n\003"";   nodeid: ""\000\000\000\000\000\000\000\000\000\000\000\000\000\000\000\000\000\000\000\000\000\000\000\000\000\000\000\000\000\000\000\000\000""; }; requestCookie: 5; "
1750587281661,1750587281661,3487,1,0,3,TMLedgerData,"ledgerHash: ""\007\347lg\346B\270\350\352\375\266\371?(\361\364\365I|\375\262>\230(\333\250\331\007\360U\024\027""; ledgerSeq: 0; type: liTS_CANDIDATE; nodes {;   nodedata: ""\003S\n\235\2624\346\340\377asq\337\223T\316nL\232)C!\360\245\205[L\224\\351\351\000\003"";   nodeid: ""\000\000\000\000\000\000\000\000\000\000\000\000\000\000\000\000\000\000\000\000\000\000\000\000\000\000\000\000\000\000\000\000\000""; }; ","ledgerHash: ""\007\347lg\346B\270\350\352\375\266\371?(\361\364\365I|\375\262>\230(\333\250\331\007\360U\024\027""; ledgerSeq: 0; type: liTS_CANDIDATE; nodes {;   nodedata: ""\003S\n\235\2624\346\340\377asq\337\223T\316nL\232)C!\360\245\205[L\224\\351\351\000\003"";   nodeid: ""\000\000\000\000\000\000\000\000\000\000\000\000\000\000\000\000\000\000\000\000\000\000\000\000\000\000\000\000\000\000\000\000\000""; }; "
1750587281665,1750587281665,1399,1,1,3,TMLedgerData,"ledgerHash: ""\007\347lg\346B\270\350\352\375\266\371?(\361\364\365I|\375\262>\230(\333\250\331\007\360U\024\027""; ledgerSeq: 0; type: liTS_CANDIDATE; nodes {;   nodedata: ""\003S\n\235\2624\346\340\377asq\337\223T\316nL\232)C!\360\245\205[L\224\\351\351\000\003"";   nodeid: ""\000\000\000\000\000\000\000\000\000\000\000\000\000\000\000\000\000\000\000\000\000\000\000\000\000\000\000\000\000\000\000\000\000""; }; ","ledgerHash: ""\007\347lg\346B\270\350\352\375\266\371?(\361\364\365I|\375\262>\230(\333\250\331\007\360U\024\027""; ledgerSeq: 0; type: liTS_CANDIDATE; nodes {;   nodedata: ""\003S\n\235\2624\346\340\377asq\337\223T\316nL\232)C!\360\245\205[L\224\\351\351\000\003"";   nodeid: ""\000\000\000\000\000\000\000\000\000\000\000\000\000\000\000\000\000\000\000\000\000\000\000\000\000\000\000\000\000\000\000\000\000""; }; "
1750587281693,1750587281693,2792,1,4,2,TMLedgerData,"ledgerHash: ""\r!N\267\203~\313a\272~\344A\332\034\332r\\301\240a\307\341\261(c(\021\265B\030@(""; ledgerSeq: 0; type: liTS_CANDIDATE; nodes {;   nodedata: ""\247\272\246\2214\014W1\360z\262\252=\343\207'\275\266;\016\021\306\330\030\225\023\357\272\353\200x\221\n\003"";   nodeid: ""\000\000\000\000\000\000\000\000\000\000\000\000\000\000\000\000\000\000\000\000\000\000\000\000\000\000\000\000\000\000\000\000\000""; }; ","ledgerHash: ""\r!N\267\203~\313a\272~\344A\332\034\332r\\301\240a\307\341\261(c(\021\265B\030@(""; ledgerSeq: 0; type: liTS_CANDIDATE; nodes {;   nodedata: ""\247\272\246\2214\014W1\360z\262\252=\343\207'\275\266;\016\021\306\330\030\225\023\357\272\353\200x\221\n\003"";   nodeid: ""\000\000\000\000\000\000\000\000\000\000\000\000\000\000\000\000\000\000\000\000\000\000\000\000\000\000\000\000\000\000\000\000\000""; }; "
1750587281702,1750587281702,2792,1,4,2,TMLedgerData,"ledgerHash: ""\354@[\274\202\021\202\373Vi\243\n\325\250\005e\360""m\346'\311@\343\016$L\346\334\360<w""; ledgerSeq: 8; type: liBASE; nodes {;   nodedata: ""\000\000\000\010\001cEx]\211\377\342\311\347s\234ae\204\263\365U\334\372D\354\345\276\201f\035\271%#\375\245\314.""\373\330&\3746\000\000\000\000\000\000\000\000\000\000\000\000\000\000\000\000\000\000\000\000\000\000\000\000\000\000\000\000\000\000\000\000\245lQI\023\t3o\213\325\024\3601\255\010\244\306\3215\261\204Q\r\327\317\312f\322eb\215C/\352\224\010/\352\224\020\n\000""; }; nodes {;   nodedata: ""h\315\350\215y\203\242]\371\235\232Pt&\325\210eZ\346\237XZ \277\2457n\221\336\253\245\317\002w\n\356\350\316{k\272E0\225\362\025\010\366\367\372\263\355xq\360\261\376M<\356\347\007zf\307\006E\344\037@\210\363\010\336T\226\247'\204_{\261\370""1\235\2445\343\033Y!\212\201\341\272\225'\007*$\244&\336\343'\233i\332\374\245 {^\306-N\333\gE\006\347\212\331C\211Z\177\247\031\n\265\022\035W\277\033\265pM\027\313x\327iNP(O\216Pk&\235\336\223\217\374\212\253\322w\362\013\210`4\253""\302f\230\374\037bx\0145C\307\337\316[\244d\302\3031\347\300\025aX\357\226\221\016\003""; }; ","ledgerHash: ""\354@[\274\202\021\202\373Vi\243\n\325\250\005e\360""m\346'\311@\343\016$L\346\334\360<w""; ledgerSeq: 8; type: liBASE; nodes {;   nodedata: ""\000\000\000\010\001cEx]\211\377\342\311\347s\234ae\204\263\365U\334\372D\354\345\276\201f\035\271%#\375\245\314.""\373\330&\3746\000\000\000\000\000\000\000\000\000\000\000\000\000\000\000\000\000\000\000\000\000\000\000\000\000\000\000\000\000\000\000\000\245lQI\023\t3o\213\325\024\3601\255\010\244\306\3215\261\204Q\r\327\317\312f\322eb\215C/\352\224\010/\352\224\020\n\000""; }; nodes {;   nodedata: ""h\315\350\215y\203\242]\371\235\232Pt&\325\210eZ\346\237XZ \277\2457n\221\336\253\245\317\002w\n\356\350\316{k\272E0\225\362\025\010\366\367\372\263\355xq\360\261\376M<\356\347\007zf\307\006E\344\037@\210\363\010\336T\226\247'\204_{\261\370""1\235\2445\343\033Y!\212\201\341\272\225'\007*$\244&\336\343'\233i\332\374\245 {^\306-N\333\gE\006\347\212\331C\211Z\177\247\031\n\265\022\035W\277\033\265pM\027\313x\327iNP(O\216Pk&\235\336\223\217\374\212\253\322w\362\013\210`4\253""\302f\230\374\037bx\0145C\307\337\316[\244d\302\3031\347\300\025aX\357\226\221\016\003""; }; "
1750587281712,1750587281712,520,1,2,1,TMLedgerData,"ledgerHash: ""\r!N\267\203~\313a\272~\344A\332\034\332r\\301\240a\307\341\261(c(\021\265B\030@(""; ledgerSeq: 0; type: liTS_CANDIDATE; nodes {;   nodedata: ""\247\272\246\2214\014W1\360z\262\252=\343\207'\275\266;\016\021\306\330\030\225\023\357\272\353\200x\221\n\003"";   nodeid: ""\000\000\000\000\000\000\000\000\000\000\000\000\000\000\000\000\000\000\000\000\000\000\000\000\000\000\000\000\000\000\000\000\000""; }; ","ledgerHash: ""\r!N\267\203~\313a\272~\344A\332\034\332r\\301\240a\307\341\261(c(\021\265B\030@(""; ledgerSeq: 0; type: liTS_CANDIDATE; nodes {;   nodedata: ""\247\272\246\2214\014W1\360z\262\252=\343\207'\275\266;\016\021\306\330\030\225\023\357\272\353\200x\221\n\003"";   nodeid: ""\000\000\000\000\000\000\000\000\000\000\000\000\000\000\000\000\000\000\000\000\000\000\000\000\000\000\000\000\000\000\000\000\000""; }; "
1750587281723,1750587281724,2655,1,1,0,TMLedgerData,"ledgerHash: ""\354@[\274\202\021\202\373Vi\243\n\325\250\005e\360""m\346'\311@\343\016$L\346\334\360<w""; ledgerSeq: 8; type: liBASE; nodes {;   nodedata: ""\000\000\000\010\001cEx]\211\377\342\311\347s\234ae\204\263\365U\334\372D\354\345\276\201f\035\271%#\375\245\314.""\373\330&\3746\000\000\000\000\000\000\000\000\000\000\000\000\000\000\000\000\000\000\000\000\000\000\000\000\000\000\000\000\000\000\000\000\245lQI\023\t3o\213\325\024\3601\255\010\244\306\3215\261\204Q\r\327\317\312f\322eb\215C/\352\224\010/\352\224\020\n\000""; }; nodes {;   nodedata: ""h\315\350\215y\203\242]\371\235\232Pt&\325\210eZ\346\237XZ \277\2457n\221\336\253\245\317\002w\n\356\350\316{k\272E0\225\362\025\010\366\367\372\263\355xq\360\261\376M<\356\347\007zf\307\006E\344\037@\210\363\010\336T\226\247'\204_{\261\370""1\235\2445\343\033Y!\212\201\341\272\225'\007*$\244&\336\343'\233i\332\374\245 {^\306-N\333\gE\006\347\212\331C\211Z\177\247\031\n\265\022\035W\277\033\265pM\027\313x\327iNP(O\216Pk&\235\336\223\217\374\212\253\322w\362\013\210`4\253""\302f\230\374\037bx\0145C\307\337\316[\244d\302\3031\347\300\025aX\357\226\221\016\003""; }; ","ledgerHash: ""\354@[\274\202\021\202\373Vi\243\n\325\250\005e\360""m\346'\311@\343\016$L\346\334\360<w""; ledgerSeq: 8; type: liBASE; nodes {;   nodedata: ""\000\000\000\010\001cEx]\211\377\342\311\347s\234ae\204\263\365U\334\372D\354\345\276\201f\035\271%#\375\245\314.""\373\330&\3746\000\000\000\000\000\000\000\000\000\000\000\000\000\000\000\000\000\000\000\000\000\000\000\000\000\000\000\000\000\000\000\000\245lQI\023\t3o\213\325\024\3601\255\010\244\306\3215\261\204Q\r\327\317\312f\322eb\215C/\352\224\010/\352\224\020\n\000""; }; nodes {;   nodedata: ""h\315\350\215y\203\242]\371\235\232Pt&\325\210eZ\346\237XZ \277\2457n\221\336\253\245\317\002w\n\356\350\316{k\272E0\225\362\025\010\366\367\372\263\355xq\360\261\376M<\356\347\007zf\307\006E\344\037@\210\363\010\336T\226\247'\204_{\261\370""1\235\2445\343\033Y!\212\201\341\272\225'\007*$\244&\336\343'\233i\332\374\245 {^\306-N\333\gE\006\347\212\331C\211Z\177\247\031\n\265\022\035W\277\033\265pM\027\313x\327iNP(O\216Pk&\235\336\223\217\374\212\253\322w\362\013\210`4\253""\302f\230\374\037bx\0145C\307\337\316[\244d\302\3031\347\300\025aX\357\226\221\016\003""; }; "
1750587281725,1750587281725,2655,1,1,0,TMLedgerData,"ledgerHash: ""b\001;\355\\351h\305\360*\252j\2470\334[#|\313\3606\207\210\245\372\217RX\333g`K""; ledgerSeq: 0; type: liTS_CANDIDATE; nodes {;   nodedata: "" \245\366\271\024\035\303\242}O\341[\232\374\0350\307\253\205\001\301\216B\031pk\231\004\271\276\265\240\002\003"";   nodeid: ""\000\000\000\000\000\000\000\000\000\000\000\000\000\000\000\000\000\000\000\000\000\000\000\000\000\000\000\000\000\000\000\000\000""; }; ","ledgerHash: ""b\001;\355\\351h\305\360*\252j\2470\334[#|\313\3606\207\210\245\372\217RX\333g`K""; ledgerSeq: 0; type: liTS_CANDIDATE; nodes {;   nodedata: "" \245\366\271\024\035\303\242}O\341[\232\374\0350\307\253\205\001\301\216B\031pk\231\004\271\276\265\240\002\003"";   nodeid: ""\000\000\000\000\000\000\000\000\000\000\000\000\000\000\000\000\000\000\000\000\000\000\000\000\000\000\000\000\000\000\000\000\000""; }; "
1750587281740,1750587281740,1753,1,0,2,TMLedgerData,"ledgerHash: ""\354@[\274\202\021\202\373Vi\243\n\325\250\005e\360""m\346'\311@\343\016$L\346\334\360<w""; ledgerSeq: 8; type: liBASE; nodes {;   nodedata: ""\000\000\000\010\001cEx]\211\377\342\311\347s\234ae\204\263\365U\334\372D\354\345\276\201f\035\271%#\375\245\314.""\373\330&\3746\000\000\000\000\000\000\000\000\000\000\000\000\000\000\000\000\000\000\000\000\000\000\000\000\000\000\000\000\000\000\000\000\245lQI\023\t3o\213\325\024\3601\255\010\244\306\3215\261\204Q\r\327\317\312f\322eb\215C/\352\224\010/\352\224\020\n\000""; }; nodes {;   nodedata: ""h\315\350\215y\203\242]\371\235\232Pt&\325\210eZ\346\237XZ \277\2457n\221\336\253\245\317\002w\n\356\350\316{k\272E0\225\362\025\010\366\367\372\263\355xq\360\261\376M<\356\347\007zf\307\006E\344\037@\210\363\010\336T\226\247'\204_{\261\370""1\235\2445\343\033Y!\212\201\341\272\225'\007*$\244&\336\343'\233i\332\374\245 {^\306-N\333\gE\006\347\212\331C\211Z\177\247\031\n\265\022\035W\277\033\265pM\027\313x\327iNP(O\216Pk&\235\336\223\217\374\212\253\322w\362\013\210`4\253""\302f\230\374\037bx\0145C\307\337\316[\244d\302\3031\347\300\025aX\357\226\221\016\003""; }; ","ledgerHash: ""\354@[\274\202\021\202\373Vi\243\n\325\250\005e\360""m\346'\311@\343\016$L\346\334\360<w""; ledgerSeq: 8; type: liBASE; nodes {;   nodedata: ""\000\000\000\010\001cEx]\211\377\342\311\347s\234ae\204\263\365U\334\372D\354\345\276\201f\035\271%#\375\245\314.""\373\330&\3746\000\000\000\000\000\000\000\000\000\000\000\000\000\000\000\000\000\000\000\000\000\000\000\000\000\000\000\000\000\000\000\000\245lQI\023\t3o\213\325\024\3601\255\010\244\306\3215\261\204Q\r\327\317\312f\322eb\215C/\352\224\010/\352\224\020\n\000""; }; nodes {;   nodedata: ""h\315\350\215y\203\242]\371\235\232Pt&\325\210eZ\346\237XZ \277\2457n\221\336\253\245\317\002w\n\356\350\316{k\272E0\225\362\025\010\366\367\372\263\355xq\360\261\376M<\356\347\007zf\307\006E\344\037@\210\363\010\336T\226\247'\204_{\261\370""1\235\2445\343\033Y!\212\201\341\272\225'\007*$\244&\336\343'\233i\332\374\245 {^\306-N\333\gE\006\347\212\331C\211Z\177\247\031\n\265\022\035W\277\033\265pM\027\313x\327iNP(O\216Pk&\235\336\223\217\374\212\253\322w\362\013\210`4\253""\302f\230\374\037bx\0145C\307\337\316[\244d\302\3031\347\300\025aX\357\226\221\016\003""; }; "
1750587281752,1750587281752,3520,1,3,1,TMLedgerData,"ledgerHash: ""\r!N\267\203~\313a\272~\344A\332\034\332r\\301\240a\307\341\261(c(\021\265B\030@(""; ledgerSeq: 0; type: liTS_CANDIDATE; nodes {;   nodedata: ""\247\272\246\2214\014W1\360z\262\252=\343\207'\275\266;\016\021\306\330\030\225\023\357\272\353\200x\221\n\003"";   nodeid: ""\000\000\000\000\000\000\000\000\000\000\000\000\000\000\000\000\000\000\000\000\000\000\000\000\000\000\000\000\000\000\000\000\000""; }; ","ledgerHash: ""\r!N\267\203~\313a\272~\344A\332\034\332r\\301\240a\307\341\261(c(\021\265B\030@(""; ledgerSeq: 0; type: liTS_CANDIDATE; nodes {;   nodedata: ""\247\272\246\2214\014W1\360z\262\252=\343\207'\275\266;\016\021\306\330\030\225\023\357\272\353\200x\221\n\003"";   nodeid: ""\000\000\000\000\000\000\000\000\000\000\000\000\000\000\000\000\000\000\000\000\000\000\000\000\000\000\000\000\000\000\000\000\000""; }; "
1750587281765,1750587281766,2655,1,1,0,TMLedgerData,"ledgerHash: ""\354@[\274\202\021\202\373Vi\243\n\325\250\005e\360""m\346'\311@\343\016$L\346\334\360<w""; ledgerSeq: 8; type: liBASE; nodes {;   nodedata: ""\000\000\000\010\001cEx]\211\377\342\311\347s\234ae\204\263\365U\334\372D\354\345\276\201f\035\271%#\375\245\314.""\373\330&\3746\000\000\000\000\000\000\000\000\000\000\000\000\000\000\000\000\000\000\000\000\000\000\000\000\000\000\000\000\000\000\000\000\245lQI\023\t3o\213\325\024\3601\255\010\244\306\3215\261\204Q\r\327\317\312f\322eb\215C/\352\224\010/\352\224\020\n\000""; }; nodes {;   nodedata: ""h\315\350\215y\203\242]\371\235\232Pt&\325\210eZ\346\237XZ \277\2457n\221\336\253\245\317\002w\n\356\350\316{k\272E0\225\362\025\010\366\367\372\263\355xq\360\261\376M<\356\347\007zf\307\006E\344\037@\210\363\010\336T\226\247'\204_{\261\370""1\235\2445\343\033Y!\212\201\341\272\225'\007*$\244&\336\343'\233i\332\374\245 {^\306-N\333\gE\006\347\212\331C\211Z\177\247\031\n\265\022\035W\277\033\265pM\027\313x\327iNP(O\216Pk&\235\336\223\217\374\212\253\322w\362\013\210`4\253""\302f\230\374\037bx\0145C\307\337\316[\244d\302\3031\347\300\025aX\357\226\221\016\003""; }; ","ledgerHash: ""\354@[\274\202\021\202\373Vi\243\n\325\250\005e\360""m\346'\311@\343\016$L\346\334\360<w""; ledgerSeq: 8; type: liBASE; nodes {;   nodedata: ""\000\000\000\010\001cEx]\211\377\342\311\347s\234ae\204\263\365U\334\372D\354\345\276\201f\035\271%#\375\245\314.""\373\330&\3746\000\000\000\000\000\000\000\000\000\000\000\000\000\000\000\000\000\000\000\000\000\000\000\000\000\000\000\000\000\000\000\000\245lQI\023\t3o\213\325\024\3601\255\010\244\306\3215\261\204Q\r\327\317\312f\322eb\215C/\352\224\010/\352\224\020\n\000""; }; nodes {;   nodedata: ""h\315\350\215y\203\242]\371\235\232Pt&\325\210eZ\346\237XZ \277\2457n\221\336\253\245\317\002w\n\356\350\316{k\272E0\225\362\025\010\366\367\372\263\355xq\360\261\376M<\356\347\007zf\307\006E\344\037@\210\363\010\336T\226\247'\204_{\261\370""1\235\2445\343\033Y!\212\201\341\272\225'\007*$\244&\336\343'\233i\332\374\245 {^\306-N\333\gE\006\347\212\331C\211Z\177\247\031\n\265\022\035W\277\033\265pM\027\313x\327iNP(O\216Pk&\235\336\223\217\374\212\253\322w\362\013\210`4\253""\302f\230\374\037bx\0145C\307\337\316[\244d\302\3031\347\300\025aX\357\226\221\016\003""; }; "
1750587281767,1750587281767,1467,1,4,2,TMGetLedger,"itype: liTS_CANDIDATE; ledgerHash: ""b\001;\355\\351h\305\360*\252j\2470\334[#|\313\3606\207\210\245\372\217RX\333g`K""; nodeIDs: ""\000\000\000\000\000\000\000\000\000\000\000\000\000\000\000\000\000\000\000\000\000\000\000\000\000\000\000\000\000\000\000\000\000""; requestCookie: 1; queryType: qtINDIRECT; queryDepth: 3; ","itype: liTS_CANDIDATE; ledgerHash: ""b\001;\355\\351h\305\360*\252j\2470\334[#|\313\3606\207\210\245\372\217RX\333g`K""; nodeIDs: ""\000\000\000\000\000\000\000\000\000\000\000\000\000\000\000\000\000\000\000\000\000\000\000\000\000\000\000\000\000\000\000\000\000""; requestCookie: 1; queryType: qtINDIRECT; queryDepth: 3; "
1750587281774,1750587281774,486,1,4,0,TMLedgerData,"ledgerHash: ""\354@[\274\202\021\202\373Vi\243\n\325\250\005e\360""m\346'\311@\343\016$L\346\334\360<w""; ledgerSeq: 8; type: liBASE; nodes {;   nodedata: ""\000\000\000\010\001cEx]\211\377\342\311\347s\234ae\204\263\365U\334\372D\354\345\276\201f\035\271%#\375\245\314.""\373\330&\3746\000\000\000\000\000\000\000\000\000\000\000\000\000\000\000\000\000\000\000\000\000\000\000\000\000\000\000\000\000\000\000\000\245lQI\023\t3o\213\325\024\3601\255\010\244\306\3215\261\204Q\r\327\317\312f\322eb\215C/\352\224\010/\352\224\020\n\000""; }; nodes {;   nodedata: ""h\315\350\215y\203\242]\371\235\232Pt&\325\210eZ\346\237XZ \277\2457n\221\336\253\245\317\002w\n\356\350\316{k\272E0\225\362\025\010\366\367\372\263\355xq\360\261\376M<\356\347\007zf\307\006E\344\037@\210\363\010\336T\226\247'\204_{\261\370""1\235\2445\343\033Y!\212\201\341\272\225'\007*$\244&\336\343'\233i\332\374\245 {^\306-N\333\gE\006\347\212\331C\211Z\177\247\031\n\265\022\035W\277\033\265pM\027\313x\327iNP(O\216Pk&\235\336\223\217\374\212\253\322w\362\013\210`4\253""\302f\230\374\037bx\0145C\307\337\316[\244d\302\3031\347\300\025aX\357\226\221\016\003""; }; requestCookie: 4; ","ledgerHash: ""\354@[\274\202\021\202\373Vi\243\n\325\250\005e\360""m\346'\311@\343\016$L\346\334\360<w""; ledgerSeq: 8; type: liBASE; nodes {;   nodedata: ""\000\000\000\010\001cEx]\211\377\342\311\347s\234ae\204\263\365U\334\372D\354\345\276\201f\035\271%#\375\245\314.""\373\330&\3746\000\000\000\000\000\000\000\000\000\000\000\000\000\000\000\000\000\000\000\000\000\000\000\000\000\000\000\000\000\000\000\000\245lQI\023\t3o\213\325\024\3601\255\010\244\306\3215\261\204Q\r\327\317\312f\322eb\215C/\352\224\010/\352\224\020\n\000""; }; nodes {;   nodedata: ""h\315\350\215y\203\242]\371\235\232Pt&\325\210eZ\346\237XZ \277\2457n\221\336\253\245\317\002w\n\356\350\316{k\272E0\225\362\025\010\366\367\372\263\355xq\360\261\376M<\356\347\007zf\307\006E\344\037@\210\363\010\336T\226\247'\204_{\261\370""1\235\2445\343\033Y!\212\201\341\272\225'\007*$\244&\336\343'\233i\332\374\245 {^\306-N\333\gE\006\347\212\331C\211Z\177\247\031\n\265\022\035W\277\033\265pM\027\313x\327iNP(O\216Pk&\235\336\223\217\374\212\253\322w\362\013\210`4\253""\302f\230\374\037bx\0145C\307\337\316[\244d\302\3031\347\300\025aX\357\226\221\016\003""; }; requestCookie: 4; "
1750587281774,1750587281775,1753,1,0,2,TMLedgerData,"ledgerHash: ""\r!N\267\203~\313a\272~\344A\332\034\332r\\301\240a\307\341\261(c(\021\265B\030@(""; ledgerSeq: 0; type: liTS_CANDIDATE; nodes {;   nodedata: ""\247\272\246\2214\014W1\360z\262\252=\343\207'\275\266;\016\021\306\330\030\225\023\357\272\353\200x\221\n\003"";   nodeid: ""\000\000\000\000\000\000\000\000\000\000\000\000\000\000\000\000\000\000\000\000\000\000\000\000\000\000\000\000\000\000\000\000\000""; }; ","ledgerHash: ""\r!N\267\203~\313a\272~\344A\332\034\332r\\301\240a\307\341\261(c(\021\265B\030@(""; ledgerSeq: 0; type: liTS_CANDIDATE; nodes {;   nodedata: ""\247\272\246\2214\014W1\360z\262\252=\343\207'\275\266;\016\021\306\330\030\225\023\357\272\353\200x\221\n\003"";   nodeid: ""\000\000\000\000\000\000\000\000\000\000\000\000\000\000\000\000\000\000\000\000\000\000\000\000\000\000\000\000\000\000\000\000\000""; }; "
1750587281779,1750587281779,3097,1,2,0,TMLedgerData,"ledgerHash: ""\007\347lg\346B\270\350\352\375\266\371?(\361\364\365I|\375\262>\230(\333\250\331\007\360U\024\027""; ledgerSeq: 0; type: liTS_CANDIDATE; nodes {;   nodedata: ""\003S\n\235\2624\346\340\377asq\337\223T\316nL\232)C!\360\245\205[L\224\\351\351\000\003"";   nodeid: ""\000\000\000\000\000\000\000\000\000\000\000\000\000\000\000\000\000\000\000\000\000\000\000\000\000\000\000\000\000\000\000\000\000""; }; ","ledgerHash: ""\007\347lg\346B\270\350\352\375\266\371?(\361\364\365I|\375\262>\230(\333\250\331\007\360U\024\027""; ledgerSeq: 0; type: liTS_CANDIDATE; nodes {;   nodedata: ""\003S\n\235\2624\346\340\377asq\337\223T\316nL\232)C!\360\245\205[L\224\\351\351\000\003"";   nodeid: ""\000\000\000\000\000\000\000\000\000\000\000\000\000\000\000\000\000\000\000\000\000\000\000\000\000\000\000\000\000\000\000\000\000""; }; "
1750587281785,1750587281785,2472,1,1,2,TMLedgerData,"ledgerHash: ""\r!N\267\203~\313a\272~\344A\332\034\332r\\301\240a\307\341\261(c(\021\265B\030@(""; ledgerSeq: 0; type: liTS_CANDIDATE; nodes {;   nodedata: ""\247\272\246\2214\014W1\360z\262\252=\343\207'\275\266;\016\021\306\330\030\225\023\357\272\353\200x\221\n\003"";   nodeid: ""\000\000\000\000\000\000\000\000\000\000\000\000\000\000\000\000\000\000\000\000\000\000\000\000\000\000\000\000\000\000\000\000\000""; }; ","ledgerHash: ""\r!N\267\203~\313a\272~\344A\332\034\332r\\301\240a\307\341\261(c(\021\265B\030@(""; ledgerSeq: 0; type: liTS_CANDIDATE; nodes {;   nodedata: ""\247\272\246\2214\014W1\360z\262\252=\343\207'\275\266;\016\021\306\330\030\225\023\357\272\353\200x\221\n\003"";   nodeid: ""\000\000\000\000\000\000\000\000\000\000\000\000\000\000\000\000\000\000\000\000\000\000\000\000\000\000\000\000\000\000\000\000\000""; }; "
1750587281799,1750587281799,2715,1,1,4,TMLedgerData,"ledgerHash: ""\007\347lg\346B\270\350\352\375\266\371?(\361\364\365I|\375\262>\230(\333\250\331\007\360U\024\027""; ledgerSeq: 0; type: liTS_CANDIDATE; nodes {;   nodedata: ""\003S\n\235\2624\346\340\377asq\337\223T\316nL\232)C!\360\245\205[L\224\\351\351\000\003"";   nodeid: ""\000\000\000\000\000\000\000\000\000\000\000\000\000\000\000\000\000\000\000\000\000\000\000\000\000\000\000\000\000\000\000\000\000""; }; requestCookie: 3; ","ledgerHash: ""\007\347lg\346B\270\350\352\375\266\371?(\361\364\365I|\375\262>\230(\333\250\331\007\360U\024\027""; ledgerSeq: 0; type: liTS_CANDIDATE; nodes {;   nodedata: ""\003S\n\235\2624\346\340\377asq\337\223T\316nL\232)C!\360\245\205[L\224\\351\351\000\003"";   nodeid: ""\000\000\000\000\000\000\000\000\000\000\000\000\000\000\000\000\000\000\000\000\000\000\000\000\000\000\000\000\000\000\000\000\000""; }; requestCookie: 3; "
1750587281800,1750587281801,3414,1,0,2,TMGetLedger,"itype: liTS_CANDIDATE; ledgerHash: ""b\001;\355\\351h\305\360*\252j\2470\334[#|\313\3606\207\210\245\372\217RX\333g`K""; nodeIDs: ""\000\000\000\000\000\000\000\000\000\000\000\000\000\000\000\000\000\000\000\000\000\000\000\000\000\000\000\000\000\000\000\000\000""; queryType: qtINDIRECT; queryDepth: 3; ","itype: liTS_CANDIDATE; ledgerHash: ""b\001;\355\\351h\305\360*\252j\2470\334[#|\313\3606\207\210\245\372\217RX\333g`K""; nodeIDs: ""\000\000\000\000\000\000\000\000\000\000\000\000\000\000\000\000\000\000\000\000\000\000\000\000\000\000\000\000\000\000\000\000\000""; queryType: qtINDIRECT; queryDepth: 3; "
1750587281801,1750587281801,1466,1,0,4,TMGetLedger,"itype: liTS_CANDIDATE; ledgerHash: ""b\001;\355\\351h\305\360*\252j\2470\334[#|\313\3606\207\210\245\372\217RX\333g`K""; nodeIDs: ""\000\000\000\000\000\000\000\000\000\000\000\000\000\000\000\000\000\000\000\000\000\000\000\000\000\000\000\000\000\000\000\000\000""; queryType: qtINDIRECT; queryDepth: 3; ","itype: liTS_CANDIDATE; ledgerHash: ""b\001;\355\\351h\305\360*\252j\2470\334[#|\313\3606\207\210\245\372\217RX\333g`K""; nodeIDs: ""\000\000\000\000\000\000\000\000\000\000\000\000\000\000\000\000\000\000\000\000\000\000\000\000\000\000\000\000\000\000\000\000\000""; queryType: qtINDIRECT; queryDepth: 3; "
1750587281801,1750587281801,393,1,0,1,TMGetLedger,"itype: liTS_CANDIDATE; ledgerHash: ""b\001;\355\\351h\305\360*\252j\2470\334[#|\313\3606\207\210\245\372\217RX\333g`K""; nodeIDs: ""\000\000\000\000\000\000\000\000\000\000\000\000\000\000\000\000\000\000\000\000\000\000\000\000\000\000\000\000\000\000\000\000\000""; queryType: qtINDIRECT; queryDepth: 3; ","itype: liTS_CANDIDATE; ledgerHash: ""b\001;\355\\351h\305\360*\252j\2470\334[#|\313\3606\207\210\245\372\217RX\333g`K""; nodeIDs: ""\000\000\000\000\000\000\000\000\000\000\000\000\000\000\000\000\000\000\000\000\000\000\000\000\000\000\000\000\000\000\000\000\000""; queryType: qtINDIRECT; queryDepth: 3; "
1750587281801,1750587281801,1764,1,0,3,TMGetLedger,"itype: liTS_CANDIDATE; ledgerHash: ""b\001;\355\\351h\305\360*\252j\2470\334[#|\313\3606\207\210\245\372\217RX\333g`K""; nodeIDs: ""\000\000\000\000\000\000\000\000\000\000\000\000\000\000\000\000\000\000\000\000\000\000\000\000\000\000\000\000\000\000\000\000\000""; queryType: qtINDIRECT; queryDepth: 3; ","itype: liTS_CANDIDATE; ledgerHash: ""b\001;\355\\351h\305\360*\252j\2470\334[#|\313\3606\207\210\245\372\217RX\333g`K""; nodeIDs: ""\000\000\000\000\000\000\000\000\000\000\000\000\000\000\000\000\000\000\000\000\000\000\000\000\000\000\000\000\000\000\000\000\000""; queryType: qtINDIRECT; queryDepth: 3; "
1750587281810,1750587281810,1435,1,4,1,TMLedgerData,"ledgerHash: ""\r!N\267\203~\313a\272~\344A\332\034\332r\\301\240a\307\341\261(c(\021\265B\030@(""; ledgerSeq: 0; type: liTS_CANDIDATE; nodes {;   nodedata: ""\247\272\246\2214\014W1\360z\262\252=\343\207'\275\266;\016\021\306\330\030\225\023\357\272\353\200x\221\n\003"";   nodeid: ""\000\000\000\000\000\000\000\000\000\000\000\000\000\000\000\000\000\000\000\000\000\000\000\000\000\000\000\000\000\000\000\000\000""; }; ","ledgerHash: ""\r!N\267\203~\313a\272~\344A\332\034\332r\\301\240a\307\341\261(c(\021\265B\030@(""; ledgerSeq: 0; type: liTS_CANDIDATE; nodes {;   nodedata: ""\247\272\246\2214\014W1\360z\262\252=\343\207'\275\266;\016\021\306\330\030\225\023\357\272\353\200x\221\n\003"";   nodeid: ""\000\000\000\000\000\000\000\000\000\000\000\000\000\000\000\000\000\000\000\000\000\000\000\000\000\000\000\000\000\000\000\000\000""; }; "
1750587281815,1750587281815,2142,1,3,1,TMGetLedger,"itype: liTS_CANDIDATE; ledgerHash: ""b\001;\355\\351h\305\360*\252j\2470\334[#|\313\3606\207\210\245\372\217RX\333g`K""; nodeIDs: ""\000\000\000\000\000\000\000\000\000\000\000\000\000\000\000\000\000\000\000\000\000\000\000\000\000\000\000\000\000\000\000\000\000""; requestCookie: 2; queryType: qtINDIRECT; queryDepth: 3; ","itype: liTS_CANDIDATE; ledgerHash: ""b\001;\355\\351h\305\360*\252j\2470\334[#|\313\3606\207\210\245\372\217RX\333g`K""; nodeIDs: ""\000\000\000\000\000\000\000\000\000\000\000\000\000\000\000\000\000\000\000\000\000\000\000\000\000\000\000\000\000\000\000\000\000""; requestCookie: 2; queryType: qtINDIRECT; queryDepth: 3; "
1750587281822,1750587281822,1753,1,0,2,TMLedgerData,"ledgerHash: ""\007\347lg\346B\270\350\352\375\266\371?(\361\364\365I|\375\262>\230(\333\250\331\007\360U\024\027""; ledgerSeq: 0; type: liTS_CANDIDATE; nodes {;   nodedata: ""\003S\n\235\2624\346\340\377asq\337\223T\316nL\232)C!\360\245\205[L\224\\351\351\000\003"";   nodeid: ""\000\000\000\000\000\000\000\000\000\000\000\000\000\000\000\000\000\000\000\000\000\000\000\000\000\000\000\000\000\000\000\000\000""; }; ","ledgerHash: ""\007\347lg\346B\270\350\352\375\266\371?(\361\364\365I|\375\262>\230(\333\250\331\007\360U\024\027""; ledgerSeq: 0; type: liTS_CANDIDATE; nodes {;   nodedata: ""\003S\n\235\2624\346\340\377asq\337\223T\316nL\232)C!\360\245\205[L\224\\351\351\000\003"";   nodeid: ""\000\000\000\000\000\000\000\000\000\000\000\000\000\000\000\000\000\000\000\000\000\000\000\000\000\000\000\000\000\000\000\000\000""; }; "
1750587281834,1750587281834,557,1,4,1,TMGetLedger,"itype: liTS_CANDIDATE; ledgerHash: ""\007\347lg\346B\270\350\352\375\266\371?(\361\364\365I|\375\262>\230(\333\250\331\007\360U\024\027""; nodeIDs: ""\000\000\000\000\000\000\000\000\000\000\000\000\000\000\000\000\000\000\000\000\000\000\000\000\000\000\000\000\000\000\000\000\000""; requestCookie: 1; queryType: qtINDIRECT; queryDepth: 3; ","itype: liTS_CANDIDATE; ledgerHash: ""\007\347lg\346B\270\350\352\375\266\371?(\361\364\365I|\375\262>\230(\333\250\331\007\360U\024\027""; nodeIDs: ""\000\000\000\000\000\000\000\000\000\000\000\000\000\000\000\000\000\000\000\000\000\000\000\000\000\000\000\000\000\000\000\000\000""; requestCookie: 1; queryType: qtINDIRECT; queryDepth: 3; "
1750587281863,1750587281864,1102,1,2,3,TMLedgerData,"ledgerHash: ""\007\347lg\346B\270\350\352\375\266\371?(\361\364\365I|\375\262>\230(\333\250\331\007\360U\024\027""; ledgerSeq: 0; type: liTS_CANDIDATE; nodes {;   nodedata: ""\003S\n\235\2624\346\340\377asq\337\223T\316nL\232)C!\360\245\205[L\224\\351\351\000\003"";   nodeid: ""\000\000\000\000\000\000\000\000\000\000\000\000\000\000\000\000\000\000\000\000\000\000\000\000\000\000\000\000\000\000\000\000\000""; }; ","ledgerHash: ""\007\347lg\346B\270\350\352\375\266\371?(\361\364\365I|\375\262>\230(\333\250\331\007\360U\024\027""; ledgerSeq: 0; type: liTS_CANDIDATE; nodes {;   nodedata: ""\003S\n\235\2624\346\340\377asq\337\223T\316nL\232)C!\360\245\205[L\224\\351\351\000\003"";   nodeid: ""\000\000\000\000\000\000\000\000\000\000\000\000\000\000\000\000\000\000\000\000\000\000\000\000\000\000\000\000\000\000\000\000\000""; }; "
1750587281870,1750587281870,3792,1,0,1,TMLedgerData,"ledgerHash: ""\354@[\274\202\021\202\373Vi\243\n\325\250\005e\360""m\346'\311@\343\016$L\346\334\360<w""; ledgerSeq: 8; type: liBASE; nodes {;   nodedata: ""\000\000\000\010\001cEx]\211\377\342\311\347s\234ae\204\263\365U\334\372D\354\345\276\201f\035\271%#\375\245\314.""\373\330&\3746\000\000\000\000\000\000\000\000\000\000\000\000\000\000\000\000\000\000\000\000\000\000\000\000\000\000\000\000\000\000\000\000\245lQI\023\t3o\213\325\024\3601\255\010\244\306\3215\261\204Q\r\327\317\312f\322eb\215C/\352\224\010/\352\224\020\n\000""; }; nodes {;   nodedata: ""h\315\350\215y\203\242]\371\235\232Pt&\325\210eZ\346\237XZ \277\2457n\221\336\253\245\317\002w\n\356\350\316{k\272E0\225\362\025\010\366\367\372\263\355xq\360\261\376M<\356\347\007zf\307\006E\344\037@\210\363\010\336T\226\247'\204_{\261\370""1\235\2445\343\033Y!\212\201\341\272\225'\007*$\244&\336\343'\233i\332\374\245 {^\306-N\333\gE\006\347\212\331C\211Z\177\247\031\n\265\022\035W\277\033\265pM\027\313x\327iNP(O\216Pk&\235\336\223\217\374\212\253\322w\362\013\210`4\253""\302f\230\374\037bx\0145C\307\337\316[\244d\302\3031\347\300\025aX\357\226\221\016\003""; }; ","ledgerHash: ""\354@[\274\202\021\202\373Vi\243\n\325\250\005e\360""m\346'\311@\343\016$L\346\334\360<w""; ledgerSeq: 8; type: liBASE; nodes {;   nodedata: ""\000\000\000\010\001cEx]\211\377\342\311\347s\234ae\204\263\365U\334\372D\354\345\276\201f\035\271%#\375\245\314.""\373\330&\3746\000\000\000\000\000\000\000\000\000\000\000\000\000\000\000\000\000\000\000\000\000\000\000\000\000\000\000\000\000\000\000\000\245lQI\023\t3o\213\325\024\3601\255\010\244\306\3215\261\204Q\r\327\317\312f\322eb\215C/\352\224\010/\352\224\020\n\000""; }; nodes {;   nodedata: ""h\315\350\215y\203\242]\371\235\232Pt&\325\210eZ\346\237XZ \277\2457n\221\336\253\245\317\002w\n\356\350\316{k\272E0\225\362\025\010\366\367\372\263\355xq\360\261\376M<\356\347\007zf\307\006E\344\037@\210\363\010\336T\226\247'\204_{\261\370""1\235\2445\343\033Y!\212\201\341\272\225'\007*$\244&\336\343'\233i\332\374\245 {^\306-N\333\gE\006\347\212\331C\211Z\177\247\031\n\265\022\035W\277\033\265pM\027\313x\327iNP(O\216Pk&\235\336\223\217\374\212\253\322w\362\013\210`4\253""\302f\230\374\037bx\0145C\307\337\316[\244d\302\3031\347\300\025aX\357\226\221\016\003""; }; "
1750587281881,1750587281881,2565,1,3,0,TMLedgerData,"ledgerHash: ""\007\347lg\346B\270\350\352\375\266\371?(\361\364\365I|\375\262>\230(\333\250\331\007\360U\024\027""; ledgerSeq: 0; type: liTS_CANDIDATE; nodes {;   nodedata: ""\003S\n\235\2624\346\340\377asq\337\223T\316nL\232)C!\360\245\205[L\224\\351\351\000\003"";   nodeid: ""\000\000\000\000\000\000\000\000\000\000\000\000\000\000\000\000\000\000\000\000\000\000\000\000\000\000\000\000\000\000\000\000\000""; }; ","ledgerHash: ""\007\347lg\346B\270\350\352\375\266\371?(\361\364\365I|\375\262>\230(\333\250\331\007\360U\024\027""; ledgerSeq: 0; type: liTS_CANDIDATE; nodes {;   nodedata: ""\003S\n\235\2624\346\340\377asq\337\223T\316nL\232)C!\360\245\205[L\224\\351\351\000\003"";   nodeid: ""\000\000\000\000\000\000\000\000\000\000\000\000\000\000\000\000\000\000\000\000\000\000\000\000\000\000\000\000\000\000\000\000\000""; }; "
1750587281890,1750587281890,557,1,4,1,TMGetLedger,"itype: liTS_CANDIDATE; ledgerHash: ""\007\347lg\346B\270\350\352\375\266\371?(\361\364\365I|\375\262>\230(\333\250\331\007\360U\024\027""; nodeIDs: ""\000\000\000\000\000\000\000\000\000\000\000\000\000\000\000\000\000\000\000\000\000\000\000\000\000\000\000\000\000\000\000\000\000""; requestCookie: 4; queryType: qtINDIRECT; queryDepth: 3; ","itype: liTS_CANDIDATE; ledgerHash: ""\007\347lg\346B\270\350\352\375\266\371?(\361\364\365I|\375\262>\230(\333\250\331\007\360U\024\027""; nodeIDs: ""\000\000\000\000\000\000\000\000\000\000\000\000\000\000\000\000\000\000\000\000\000\000\000\000\000\000\000\000\000\000\000\000\000""; requestCookie: 4; queryType: qtINDIRECT; queryDepth: 3; "
1750587281891,1750587281891,2715,1,1,4,TMLedgerData,"ledgerHash: ""\007\347lg\346B\270\350\352\375\266\371?(\361\364\365I|\375\262>\230(\333\250\331\007\360U\024\027""; ledgerSeq: 0; type: liTS_CANDIDATE; nodes {;   nodedata: ""\003S\n\235\2624\346\340\377asq\337\223T\316nL\232)C!\360\245\205[L\224\\351\351\000\003"";   nodeid: ""\000\000\000\000\000\000\000\000\000\000\000\000\000\000\000\000\000\000\000\000\000\000\000\000\000\000\000\000\000\000\000\000\000""; }; requestCookie: 1; ","ledgerHash: ""\007\347lg\346B\270\350\352\375\266\371?(\361\364\365I|\375\262>\230(\333\250\331\007\360U\024\027""; ledgerSeq: 0; type: liTS_CANDIDATE; nodes {;   nodedata: ""\003S\n\235\2624\346\340\377asq\337\223T\316nL\232)C!\360\245\205[L\224\\351\351\000\003"";   nodeid: ""\000\000\000\000\000\000\000\000\000\000\000\000\000\000\000\000\000\000\000\000\000\000\000\000\000\000\000\000\000\000\000\000\000""; }; requestCookie: 1; "
1750587281910,1750587281911,3487,1,0,3,TMLedgerData,"ledgerHash: ""\007\347lg\346B\270\350\352\375\266\371?(\361\364\365I|\375\262>\230(\333\250\331\007\360U\024\027""; ledgerSeq: 0; type: liTS_CANDIDATE; nodes {;   nodedata: ""\003S\n\235\2624\346\340\377asq\337\223T\316nL\232)C!\360\245\205[L\224\\351\351\000\003"";   nodeid: ""\000\000\000\000\000\000\000\000\000\000\000\000\000\000\000\000\000\000\000\000\000\000\000\000\000\000\000\000\000\000\000\000\000""; }; ","ledgerHash: ""\007\347lg\346B\270\350\352\375\266\371?(\361\364\365I|\375\262>\230(\333\250\331\007\360U\024\027""; ledgerSeq: 0; type: liTS_CANDIDATE; nodes {;   nodedata: ""\003S\n\235\2624\346\340\377asq\337\223T\316nL\232)C!\360\245\205[L\224\\351\351\000\003"";   nodeid: ""\000\000\000\000\000\000\000\000\000\000\000\000\000\000\000\000\000\000\000\000\000\000\000\000\000\000\000\000\000\000\000\000\000""; }; "
1750587281916,1750587281916,1399,1,1,3,TMLedgerData,"ledgerHash: ""\007\347lg\346B\270\350\352\375\266\371?(\361\364\365I|\375\262>\230(\333\250\331\007\360U\024\027""; ledgerSeq: 0; type: liTS_CANDIDATE; nodes {;   nodedata: ""\003S\n\235\2624\346\340\377asq\337\223T\316nL\232)C!\360\245\205[L\224\\351\351\000\003"";   nodeid: ""\000\000\000\000\000\000\000\000\000\000\000\000\000\000\000\000\000\000\000\000\000\000\000\000\000\000\000\000\000\000\000\000\000""; }; ","ledgerHash: ""\007\347lg\346B\270\350\352\375\266\371?(\361\364\365I|\375\262>\230(\333\250\331\007\360U\024\027""; ledgerSeq: 0; type: liTS_CANDIDATE; nodes {;   nodedata: ""\003S\n\235\2624\346\340\377asq\337\223T\316nL\232)C!\360\245\205[L\224\\351\351\000\003"";   nodeid: ""\000\000\000\000\000\000\000\000\000\000\000\000\000\000\000\000\000\000\000\000\000\000\000\000\000\000\000\000\000\000\000\000\000""; }; "
1750587281942,1750587281942,2792,1,4,2,TMLedgerData,"ledgerHash: ""\r!N\267\203~\313a\272~\344A\332\034\332r\\301\240a\307\341\261(c(\021\265B\030@(""; ledgerSeq: 0; type: liTS_CANDIDATE; nodes {;   nodedata: ""\247\272\246\2214\014W1\360z\262\252=\343\207'\275\266;\016\021\306\330\030\225\023\357\272\353\200x\221\n\003"";   nodeid: ""\000\000\000\000\000\000\000\000\000\000\000\000\000\000\000\000\000\000\000\000\000\000\000\000\000\000\000\000\000\000\000\000\000""; }; ","ledgerHash: ""\r!N\267\203~\313a\272~\344A\332\034\332r\\301\240a\307\341\261(c(\021\265B\030@(""; ledgerSeq: 0; type: liTS_CANDIDATE; nodes {;   nodedata: ""\247\272\246\2214\014W1\360z\262\252=\343\207'\275\266;\016\021\306\330\030\225\023\357\272\353\200x\221\n\003"";   nodeid: ""\000\000\000\000\000\000\000\000\000\000\000\000\000\000\000\000\000\000\000\000\000\000\000\000\000\000\000\000\000\000\000\000\000""; }; "
1750587281946,1750587281946,2655,1,1,0,TMLedgerData,"ledgerHash: ""b\001;\355\\351h\305\360*\252j\2470\334[#|\313\3606\207\210\245\372\217RX\333g`K""; ledgerSeq: 0; type: liTS_CANDIDATE; nodes {;   nodedata: "" \245\366\271\024\035\303\242}O\341[\232\374\0350\307\253\205\001\301\216B\031pk\231\004\271\276\265\240\002\003"";   nodeid: ""\000\000\000\000\000\000\000\000\000\000\000\000\000\000\000\000\000\000\000\000\000\000\000\000\000\000\000\000\000\000\000\000\000""; }; ","ledgerHash: ""b\001;\355\\351h\305\360*\252j\2470\334[#|\313\3606\207\210\245\372\217RX\333g`K""; ledgerSeq: 0; type: liTS_CANDIDATE; nodes {;   nodedata: "" \245\366\271\024\035\303\242}O\341[\232\374\0350\307\253\205\001\301\216B\031pk\231\004\271\276\265\240\002\003"";   nodeid: ""\000\000\000\000\000\000\000\000\000\000\000\000\000\000\000\000\000\000\000\000\000\000\000\000\000\000\000\000\000\000\000\000\000""; }; "
1750587281963,1750587281963,520,1,2,1,TMLedgerData,"ledgerHash: ""\r!N\267\203~\313a\272~\344A\332\034\332r\\301\240a\307\341\261(c(\021\265B\030@(""; ledgerSeq: 0; type: liTS_CANDIDATE; nodes {;   nodedata: ""\247\272\246\2214\014W1\360z\262\252=\343\207'\275\266;\016\021\306\330\030\225\023\357\272\353\200x\221\n\003"";   nodeid: ""\000\000\000\000\000\000\000\000\000\000\000\000\000\000\000\000\000\000\000\000\000\000\000\000\000\000\000\000\000\000\000\000\000""; }; ","ledgerHash: ""\r!N\267\203~\313a\272~\344A\332\034\332r\\301\240a\307\341\261(c(\021\265B\030@(""; ledgerSeq: 0; type: liTS_CANDIDATE; nodes {;   nodedata: ""\247\272\246\2214\014W1\360z\262\252=\343\207'\275\266;\016\021\306\330\030\225\023\357\272\353\200x\221\n\003"";   nodeid: ""\000\000\000\000\000\000\000\000\000\000\000\000\000\000\000\000\000\000\000\000\000\000\000\000\000\000\000\000\000\000\000\000\000""; }; "
1750587281982,1750587281982,1467,1,4,2,TMGetLedger,"itype: liTS_CANDIDATE; ledgerHash: ""b\001;\355\\351h\305\360*\252j\2470\334[#|\313\3606\207\210\245\372\217RX\333g`K""; nodeIDs: ""\000\000\000\000\000\000\000\000\000\000\000\000\000\000\000\000\000\000\000\000\000\000\000\000\000\000\000\000\000\000\000\000\000""; requestCookie: 2; queryType: qtINDIRECT; queryDepth: 3; ","itype: liTS_CANDIDATE; ledgerHash: ""b\001;\355\\351h\305\360*\252j\2470\334[#|\313\3606\207\210\245\372\217RX\333g`K""; nodeIDs: ""\000\000\000\000\000\000\000\000\000\000\000\000\000\000\000\000\000\000\000\000\000\000\000\000\000\000\000\000\000\000\000\000\000""; requestCookie: 2; queryType: qtINDIRECT; queryDepth: 3; "
1750587282002,1750587282002,3520,1,3,1,TMLedgerData,"ledgerHash: ""\r!N\267\203~\313a\272~\344A\332\034\332r\\301\240a\307\341\261(c(\021\265B\030@(""; ledgerSeq: 0; type: liTS_CANDIDATE; nodes {;   nodedata: ""\247\272\246\2214\014W1\360z\262\252=\343\207'\275\266;\016\021\306\330\030\225\023\357\272\353\200x\221\n\003"";   nodeid: ""\000\000\000\000\000\000\000\000\000\000\000\000\000\000\000\000\000\000\000\000\000\000\000\000\000\000\000\000\000\000\000\000\000""; }; ","ledgerHash: ""\r!N\267\203~\313a\272~\344A\332\034\332r\\301\240a\307\341\261(c(\021\265B\030@(""; ledgerSeq: 0; type: liTS_CANDIDATE; nodes {;   nodedata: ""\247\272\246\2214\014W1\360z\262\252=\343\207'\275\266;\016\021\306\330\030\225\023\357\272\353\200x\221\n\003"";   nodeid: ""\000\000\000\000\000\000\000\000\000\000\000\000\000\000\000\000\000\000\000\000\000\000\000\000\000\000\000\000\000\000\000\000\000""; }; "
1750587282019,1750587282019,1467,1,4,2,TMGetLedger,"itype: liTS_CANDIDATE; ledgerHash: ""b\001;\355\\351h\305\360*\252j\2470\334[#|\313\3606\207\210\245\372\217RX\333g`K""; nodeIDs: ""\000\000\000\000\000\000\000\000\000\000\000\000\000\000\000\000\000\000\000\000\000\000\000\000\000\000\000\000\000\000\000\000\000""; requestCookie: 1; queryType: qtINDIRECT; queryDepth: 3; ","itype: liTS_CANDIDATE; ledgerHash: ""b\001;\355\\351h\305\360*\252j\2470\334[#|\313\3606\207\210\245\372\217RX\333g`K""; nodeIDs: ""\000\000\000\000\000\000\000\000\000\000\000\000\000\000\000\000\000\000\000\000\000\000\000\000\000\000\000\000\000\000\000\000\000""; requestCookie: 1; queryType: qtINDIRECT; queryDepth: 3; "
1750587282024,1750587282024,1753,1,0,2,TMLedgerData,"ledgerHash: ""\r!N\267\203~\313a\272~\344A\332\034\332r\\301\240a\307\341\261(c(\021\265B\030@(""; ledgerSeq: 0; type: liTS_CANDIDATE; nodes {;   nodedata: ""\247\272\246\2214\014W1\360z\262\252=\343\207'\275\266;\016\021\306\330\030\225\023\357\272\353\200x\221\n\003"";   nodeid: ""\000\000\000\000\000\000\000\000\000\000\000\000\000\000\000\000\000\000\000\000\000\000\000\000\000\000\000\000\000\000\000\000\000""; }; ","ledgerHash: ""\r!N\267\203~\313a\272~\344A\332\034\332r\\301\240a\307\341\261(c(\021\265B\030@(""; ledgerSeq: 0; type: liTS_CANDIDATE; nodes {;   nodedata: ""\247\272\246\2214\014W1\360z\262\252=\343\207'\275\266;\016\021\306\330\030\225\023\357\272\353\200x\221\n\003"";   nodeid: ""\000\000\000\000\000\000\000\000\000\000\000\000\000\000\000\000\000\000\000\000\000\000\000\000\000\000\000\000\000\000\000\000\000""; }; "
1750587282029,1750587282029,3097,1,2,0,TMLedgerData,"ledgerHash: ""\007\347lg\346B\270\350\352\375\266\371?(\361\364\365I|\375\262>\230(\333\250\331\007\360U\024\027""; ledgerSeq: 0; type: liTS_CANDIDATE; nodes {;   nodedata: ""\003S\n\235\2624\346\340\377asq\337\223T\316nL\232)C!\360\245\205[L\224\\351\351\000\003"";   nodeid: ""\000\000\000\000\000\000\000\000\000\000\000\000\000\000\000\000\000\000\000\000\000\000\000\000\000\000\000\000\000\000\000\000\000""; }; ","ledgerHash: ""\007\347lg\346B\270\350\352\375\266\371?(\361\364\365I|\375\262>\230(\333\250\331\007\360U\024\027""; ledgerSeq: 0; type: liTS_CANDIDATE; nodes {;   nodedata: ""\003S\n\235\2624\346\340\377asq\337\223T\316nL\232)C!\360\245\205[L\224\\351\351\000\003"";   nodeid: ""\000\000\000\000\000\000\000\000\000\000\000\000\000\000\000\000\000\000\000\000\000\000\000\000\000\000\000\000\000\000\000\000\000""; }; "
1750587282049,1750587282049,2715,1,1,4,TMLedgerData,"ledgerHash: ""\007\347lg\346B\270\350\352\375\266\371?(\361\364\365I|\375\262>\230(\333\250\331\007\360U\024\027""; ledgerSeq: 0; type: liTS_CANDIDATE; nodes {;   nodedata: ""\003S\n\235\2624\346\340\377asq\337\223T\316nL\232)C!\360\245\205[L\224\\351\351\000\003"";   nodeid: ""\000\000\000\000\000\000\000\000\000\000\000\000\000\000\000\000\000\000\000\000\000\000\000\000\000\000\000\000\000\000\000\000\000""; }; requestCookie: 3; ","ledgerHash: ""\007\347lg\346B\270\350\352\375\266\371?(\361\364\365I|\375\262>\230(\333\250\331\007\360U\024\027""; ledgerSeq: 0; type: liTS_CANDIDATE; nodes {;   nodedata: ""\003S\n\235\2624\346\340\377asq\337\223T\316nL\232)C!\360\245\205[L\224\\351\351\000\003"";   nodeid: ""\000\000\000\000\000\000\000\000\000\000\000\000\000\000\000\000\000\000\000\000\000\000\000\000\000\000\000\000\000\000\000\000\000""; }; requestCookie: 3; "
1750587282051,1750587282051,3414,1,0,2,TMGetLedger,"itype: liTS_CANDIDATE; ledgerHash: ""b\001;\355\\351h\305\360*\252j\2470\334[#|\313\3606\207\210\245\372\217RX\333g`K""; nodeIDs: ""\000\000\000\000\000\000\000\000\000\000\000\000\000\000\000\000\000\000\000\000\000\000\000\000\000\000\000\000\000\000\000\000\000""; queryType: qtINDIRECT; queryDepth: 3; ","itype: liTS_CANDIDATE; ledgerHash: ""b\001;\355\\351h\305\360*\252j\2470\334[#|\313\3606\207\210\245\372\217RX\333g`K""; nodeIDs: ""\000\000\000\000\000\000\000\000\000\000\000\000\000\000\000\000\000\000\000\000\000\000\000\000\000\000\000\000\000\000\000\000\000""; queryType: qtINDIRECT; queryDepth: 3; "
1750587282052,1750587282052,1764,1,0,3,TMGetLedger,"itype: liTS_CANDIDATE; ledgerHash: ""b\001;\355\\351h\305\360*\252j\2470\334[#|\313\3606\207\210\245\372\217RX\333g`K""; nodeIDs: ""\000\000\000\000\000\000\000\000\000\000\000\000\000\000\000\000\000\000\000\000\000\000\000\000\000\000\000\000\000\000\000\000\000""; queryType: qtINDIRECT; queryDepth: 3; ","itype: liTS_CANDIDATE; ledgerHash: ""b\001;\355\\351h\305\360*\252j\2470\334[#|\313\3606\207\210\245\372\217RX\333g`K""; nodeIDs: ""\000\000\000\000\000\000\000\000\000\000\000\000\000\000\000\000\000\000\000\000\000\000\000\000\000\000\000\000\000\000\000\000\000""; queryType: qtINDIRECT; queryDepth: 3; "
1750587282052,1750587282052,1466,1,0,4,TMGetLedger,"itype: liTS_CANDIDATE; ledgerHash: ""b\001;\355\\351h\305\360*\252j\2470\334[#|\313\3606\207\210\245\372\217RX\333g`K""; nodeIDs: ""\000\000\000\000\000\000\000\000\000\000\000\000\000\000\000\000\000\000\000\000\000\000\000\000\000\000\000\000\000\000\000\000\000""; queryType: qtINDIRECT; queryDepth: 3; ","itype: liTS_CANDIDATE; ledgerHash: ""b\001;\355\\351h\305\360*\252j\2470\334[#|\313\3606\207\210\245\372\217RX\333g`K""; nodeIDs: ""\000\000\000\000\000\000\000\000\000\000\000\000\000\000\000\000\000\000\000\000\000\000\000\000\000\000\000\000\000\000\000\000\000""; queryType: qtINDIRECT; queryDepth: 3; "
1750587282052,1750587282052,393,1,0,1,TMGetLedger,"itype: liTS_CANDIDATE; ledgerHash: ""b\001;\355\\351h\305\360*\252j\2470\334[#|\313\3606\207\210\245\372\217RX\333g`K""; nodeIDs: ""\000\000\000\000\000\000\000\000\000\000\000\000\000\000\000\000\000\000\000\000\000\000\000\000\000\000\000\000\000\000\000\000\000""; queryType: qtINDIRECT; queryDepth: 3; ","itype: liTS_CANDIDATE; ledgerHash: ""b\001;\355\\351h\305\360*\252j\2470\334[#|\313\3606\207\210\245\372\217RX\333g`K""; nodeIDs: ""\000\000\000\000\000\000\000\000\000\000\000\000\000\000\000\000\000\000\000\000\000\000\000\000\000\000\000\000\000\000\000\000\000""; queryType: qtINDIRECT; queryDepth: 3; "
1750587282060,1750587282060,1435,1,4,1,TMLedgerData,"ledgerHash: ""\r!N\267\203~\313a\272~\344A\332\034\332r\\301\240a\307\341\261(c(\021\265B\030@(""; ledgerSeq: 0; type: liTS_CANDIDATE; nodes {;   nodedata: ""\247\272\246\2214\014W1\360z\262\252=\343\207'\275\266;\016\021\306\330\030\225\023\357\272\353\200x\221\n\003"";   nodeid: ""\000\000\000\000\000\000\000\000\000\000\000\000\000\000\000\000\000\000\000\000\000\000\000\000\000\000\000\000\000\000\000\000\000""; }; ","ledgerHash: ""\r!N\267\203~\313a\272~\344A\332\034\332r\\301\240a\307\341\261(c(\021\265B\030@(""; ledgerSeq: 0; type: liTS_CANDIDATE; nodes {;   nodedata: ""\247\272\246\2214\014W1\360z\262\252=\343\207'\275\266;\016\021\306\330\030\225\023\357\272\353\200x\221\n\003"";   nodeid: ""\000\000\000\000\000\000\000\000\000\000\000\000\000\000\000\000\000\000\000\000\000\000\000\000\000\000\000\000\000\000\000\000\000""; }; "
1750587282067,1750587282067,2142,1,3,1,TMGetLedger,"itype: liTS_CANDIDATE; ledgerHash: ""b\001;\355\\351h\305\360*\252j\2470\334[#|\313\3606\207\210\245\372\217RX\333g`K""; nodeIDs: ""\000\000\000\000\000\000\000\000\000\000\000\000\000\000\000\000\000\000\000\000\000\000\000\000\000\000\000\000\000\000\000\000\000""; requestCookie: 2; queryType: qtINDIRECT; queryDepth: 3; ","itype: liTS_CANDIDATE; ledgerHash: ""b\001;\355\\351h\305\360*\252j\2470\334[#|\313\3606\207\210\245\372\217RX\333g`K""; nodeIDs: ""\000\000\000\000\000\000\000\000\000\000\000\000\000\000\000\000\000\000\000\000\000\000\000\000\000\000\000\000\000\000\000\000\000""; requestCookie: 2; queryType: qtINDIRECT; queryDepth: 3; "
1750587282071,1750587282071,1753,1,0,2,TMLedgerData,"ledgerHash: ""\007\347lg\346B\270\350\352\375\266\371?(\361\364\365I|\375\262>\230(\333\250\331\007\360U\024\027""; ledgerSeq: 0; type: liTS_CANDIDATE; nodes {;   nodedata: ""\003S\n\235\2624\346\340\377asq\337\223T\316nL\232)C!\360\245\205[L\224\\351\351\000\003"";   nodeid: ""\000\000\000\000\000\000\000\000\000\000\000\000\000\000\000\000\000\000\000\000\000\000\000\000\000\000\000\000\000\000\000\000\000""; }; ","ledgerHash: ""\007\347lg\346B\270\350\352\375\266\371?(\361\364\365I|\375\262>\230(\333\250\331\007\360U\024\027""; ledgerSeq: 0; type: liTS_CANDIDATE; nodes {;   nodedata: ""\003S\n\235\2624\346\340\377asq\337\223T\316nL\232)C!\360\245\205[L\224\\351\351\000\003"";   nodeid: ""\000\000\000\000\000\000\000\000\000\000\000\000\000\000\000\000\000\000\000\000\000\000\000\000\000\000\000\000\000\000\000\000\000""; }; "
1750587282089,1750587282089,628,1,3,2,TMLedgerData,"ledgerHash: ""\r!N\267\203~\313a\272~\344A\332\034\332r\\301\240a\307\341\261(c(\021\265B\030@(""; ledgerSeq: 0; type: liTS_CANDIDATE; nodes {;   nodedata: ""\247\272\246\2214\014W1\360z\262\252=\343\207'\275\266;\016\021\306\330\030\225\023\357\272\353\200x\221\n\003"";   nodeid: ""\000\000\000\000\000\000\000\000\000\000\000\000\000\000\000\000\000\000\000\000\000\000\000\000\000\000\000\000\000\000\000\000\000""; }; ","ledgerHash: ""\r!N\267\203~\313a\272~\344A\332\034\332r\\301\240a\307\341\261(c(\021\265B\030@(""; ledgerSeq: 0; type: liTS_CANDIDATE; nodes {;   nodedata: ""\247\272\246\2214\014W1\360z\262\252=\343\207'\275\266;\016\021\306\330\030\225\023\357\272\353\200x\221\n\003"";   nodeid: ""\000\000\000\000\000\000\000\000\000\000\000\000\000\000\000\000\000\000\000\000\000\000\000\000\000\000\000\000\000\000\000\000\000""; }; "
1750587282099,1750587282099,3118,1,3,4,TMGetLedger,"itype: liBASE; ledgerHash: ""\354@[\274\202\021\202\373Vi\243\n\325\250\005e\360""m\346'\311@\343\016$L\346\334\360<w""; requestCookie: 4; queryType: qtINDIRECT; ","itype: liBASE; ledgerHash: ""\354@[\274\202\021\202\373Vi\243\n\325\250\005e\360""m\346'\311@\343\016$L\346\334\360<w""; requestCookie: 4; queryType: qtINDIRECT; "
1750587282114,1750587282114,3898,1,2,3,TMGetLedger,"itype: liBASE; ledgerHash: ""\237\231\311\371Y@""\177>\241""\310\233r\315\210Z\003g\334\034\021\305\3353Q\035\224\200\224\347\257""; requestCookie: 5; queryType: qtINDIRECT; ","itype: liBASE; ledgerHash: ""\237\231\311\371Y@""\177>\241""\310\233r\315\210Z\003g\334\034\021\305\3353Q\035\224\200\224\347\257""; requestCookie: 5; queryType: qtINDIRECT; "
1750587282114,1750587282115,1102,1,2,3,TMLedgerData,"ledgerHash: ""\007\347lg\346B\270\350\352\375\266\371?(\361\364\365I|\375\262>\230(\333\250\331\007\360U\024\027""; ledgerSeq: 0; type: liTS_CANDIDATE; nodes {;   nodedata: ""\003S\n\235\2624\346\340\377asq\337\223T\316nL\232)C!\360\245\205[L\224\\351\351\000\003"";   nodeid: ""\000\000\000\000\000\000\000\000\000\000\000\000\000\000\000\000\000\000\000\000\000\000\000\000\000\000\000\000\000\000\000\000\000""; }; ","ledgerHash: ""\007\347lg\346B\270\350\352\375\266\371?(\361\364\365I|\375\262>\230(\333\250\331\007\360U\024\027""; ledgerSeq: 0; type: liTS_CANDIDATE; nodes {;   nodedata: ""\003S\n\235\2624\346\340\377asq\337\223T\316nL\232)C!\360\245\205[L\224\\351\351\000\003"";   nodeid: ""\000\000\000\000\000\000\000\000\000\000\000\000\000\000\000\000\000\000\000\000\000\000\000\000\000\000\000\000\000\000\000\000\000""; }; "
1750587282131,1750587282131,2565,1,3,0,TMLedgerData,"ledgerHash: ""\007\347lg\346B\270\350\352\375\266\371?(\361\364\365I|\375\262>\230(\333\250\331\007\360U\024\027""; ledgerSeq: 0; type: liTS_CANDIDATE; nodes {;   nodedata: ""\003S\n\235\2624\346\340\377asq\337\223T\316nL\232)C!\360\245\205[L\224\\351\351\000\003"";   nodeid: ""\000\000\000\000\000\000\000\000\000\000\000\000\000\000\000\000\000\000\000\000\000\000\000\000\000\000\000\000\000\000\000\000\000""; }; ","ledgerHash: ""\007\347lg\346B\270\350\352\375\266\371?(\361\364\365I|\375\262>\230(\333\250\331\007\360U\024\027""; ledgerSeq: 0; type: liTS_CANDIDATE; nodes {;   nodedata: ""\003S\n\235\2624\346\340\377asq\337\223T\316nL\232)C!\360\245\205[L\224\\351\351\000\003"";   nodeid: ""\000\000\000\000\000\000\000\000\000\000\000\000\000\000\000\000\000\000\000\000\000\000\000\000\000\000\000\000\000\000\000\000\000""; }; "
1750587282136,1750587282136,628,1,3,2,TMLedgerData,"ledgerHash: ""\007\347lg\346B\270\350\352\375\266\371?(\361\364\365I|\375\262>\230(\333\250\331\007\360U\024\027""; ledgerSeq: 0; type: liTS_CANDIDATE; nodes {;   nodedata: ""\003S\n\235\2624\346\340\377asq\337\223T\316nL\232)C!\360\245\205[L\224\\351\351\000\003"";   nodeid: ""\000\000\000\000\000\000\000\000\000\000\000\000\000\000\000\000\000\000\000\000\000\000\000\000\000\000\000\000\000\000\000\000\000""; }; ","ledgerHash: ""\007\347lg\346B\270\350\352\375\266\371?(\361\364\365I|\375\262>\230(\333\250\331\007\360U\024\027""; ledgerSeq: 0; type: liTS_CANDIDATE; nodes {;   nodedata: ""\003S\n\235\2624\346\340\377asq\337\223T\316nL\232)C!\360\245\205[L\224\\351\351\000\003"";   nodeid: ""\000\000\000\000\000\000\000\000\000\000\000\000\000\000\000\000\000\000\000\000\000\000\000\000\000\000\000\000\000\000\000\000\000""; }; "
1750587282141,1750587282141,557,1,4,1,TMGetLedger,"itype: liTS_CANDIDATE; ledgerHash: ""\007\347lg\346B\270\350\352\375\266\371?(\361\364\365I|\375\262>\230(\333\250\331\007\360U\024\027""; nodeIDs: ""\000\000\000\000\000\000\000\000\000\000\000\000\000\000\000\000\000\000\000\000\000\000\000\000\000\000\000\000\000\000\000\000\000""; requestCookie: 4; queryType: qtINDIRECT; queryDepth: 3; ","itype: liTS_CANDIDATE; ledgerHash: ""\007\347lg\346B\270\350\352\375\266\371?(\361\364\365I|\375\262>\230(\333\250\331\007\360U\024\027""; nodeIDs: ""\000\000\000\000\000\000\000\000\000\000\000\000\000\000\000\000\000\000\000\000\000\000\000\000\000\000\000\000\000\000\000\000\000""; requestCookie: 4; queryType: qtINDIRECT; queryDepth: 3; "
1750587282142,1750587282142,2715,1,1,4,TMLedgerData,"ledgerHash: ""\007\347lg\346B\270\350\352\375\266\371?(\361\364\365I|\375\262>\230(\333\250\331\007\360U\024\027""; ledgerSeq: 0; type: liTS_CANDIDATE; nodes {;   nodedata: ""\003S\n\235\2624\346\340\377asq\337\223T\316nL\232)C!\360\245\205[L\224\\351\351\000\003"";   nodeid: ""\000\000\000\000\000\000\000\000\000\000\000\000\000\000\000\000\000\000\000\000\000\000\000\000\000\000\000\000\000\000\000\000\000""; }; requestCookie: 1; ","ledgerHash: ""\007\347lg\346B\270\350\352\375\266\371?(\361\364\365I|\375\262>\230(\333\250\331\007\360U\024\027""; ledgerSeq: 0; type: liTS_CANDIDATE; nodes {;   nodedata: ""\003S\n\235\2624\346\340\377asq\337\223T\316nL\232)C!\360\245\205[L\224\\351\351\000\003"";   nodeid: ""\000\000\000\000\000\000\000\000\000\000\000\000\000\000\000\000\000\000\000\000\000\000\000\000\000\000\000\000\000\000\000\000\000""; }; requestCookie: 1; "
1750587282162,1750587282162,3487,1,0,3,TMLedgerData,"ledgerHash: ""\007\347lg\346B\270\350\352\375\266\371?(\361\364\365I|\375\262>\230(\333\250\331\007\360U\024\027""; ledgerSeq: 0; type: liTS_CANDIDATE; nodes {;   nodedata: ""\003S\n\235\2624\346\340\377asq\337\223T\316nL\232)C!\360\245\205[L\224\\351\351\000\003"";   nodeid: ""\000\000\000\000\000\000\000\000\000\000\000\000\000\000\000\000\000\000\000\000\000\000\000\000\000\000\000\000\000\000\000\000\000""; }; ","ledgerHash: ""\007\347lg\346B\270\350\352\375\266\371?(\361\364\365I|\375\262>\230(\333\250\331\007\360U\024\027""; ledgerSeq: 0; type: liTS_CANDIDATE; nodes {;   nodedata: ""\003S\n\235\2624\346\340\377asq\337\223T\316nL\232)C!\360\245\205[L\224\\351\351\000\003"";   nodeid: ""\000\000\000\000\000\000\000\000\000\000\000\000\000\000\000\000\000\000\000\000\000\000\000\000\000\000\000\000\000\000\000\000\000""; }; "
1750587282166,1750587282167,1399,1,1,3,TMLedgerData,"ledgerHash: ""\007\347lg\346B\270\350\352\375\266\371?(\361\364\365I|\375\262>\230(\333\250\331\007\360U\024\027""; ledgerSeq: 0; type: liTS_CANDIDATE; nodes {;   nodedata: ""\003S\n\235\2624\346\340\377asq\337\223T\316nL\232)C!\360\245\205[L\224\\351\351\000\003"";   nodeid: ""\000\000\000\000\000\000\000\000\000\000\000\000\000\000\000\000\000\000\000\000\000\000\000\000\000\000\000\000\000\000\000\000\000""; }; ","ledgerHash: ""\007\347lg\346B\270\350\352\375\266\371?(\361\364\365I|\375\262>\230(\333\250\331\007\360U\024\027""; ledgerSeq: 0; type: liTS_CANDIDATE; nodes {;   nodedata: ""\003S\n\235\2624\346\340\377asq\337\223T\316nL\232)C!\360\245\205[L\224\\351\351\000\003"";   nodeid: ""\000\000\000\000\000\000\000\000\000\000\000\000\000\000\000\000\000\000\000\000\000\000\000\000\000\000\000\000\000\000\000\000\000""; }; "
1750587282168,1750587282168,1136,1,3,0,TMGetLedger,"itype: liBASE; ledgerHash: ""\354@[\274\202\021\202\373Vi\243\n\325\250\005e\360""m\346'\311@\343\016$L\346\334\360<w""; ledgerSeq: 8; queryType: qtINDIRECT; ","itype: liBASE; ledgerHash: ""\354@[\274\202\021\202\373Vi\243\n\325\250\005e\360""m\346'\311@\343\016$L\346\334\360<w""; ledgerSeq: 8; queryType: qtINDIRECT; "
1750587282168,1750587282168,2142,1,3,1,TMGetLedger,"itype: liBASE; ledgerHash: ""\354@[\274\202\021\202\373Vi\243\n\325\250\005e\360""m\346'\311@\343\016$L\346\334\360<w""; ledgerSeq: 8; queryType: qtINDIRECT; ","itype: liBASE; ledgerHash: ""\354@[\274\202\021\202\373Vi\243\n\325\250\005e\360""m\346'\311@\343\016$L\346\334\360<w""; ledgerSeq: 8; queryType: qtINDIRECT; "
1750587282168,1750587282168,3118,1,3,4,TMGetLedger,"itype: liBASE; ledgerHash: ""\354@[\274\202\021\202\373Vi\243\n\325\250\005e\360""m\346'\311@\343\016$L\346\334\360<w""; ledgerSeq: 8; queryType: qtINDIRECT; ","itype: liBASE; ledgerHash: ""\354@[\274\202\021\202\373Vi\243\n\325\250\005e\360""m\346'\311@\343\016$L\346\334\360<w""; ledgerSeq: 8; queryType: qtINDIRECT; "
1750587282178,1750587282178,1590,1,3,2,TMGetLedger,"itype: liBASE; ledgerHash: ""\354@[\274\202\021\202\373Vi\243\n\325\250\005e\360""m\346'\311@\343\016$L\346\334\360<w""; ledgerSeq: 8; queryType: qtINDIRECT; ","itype: liBASE; ledgerHash: ""\354@[\274\202\021\202\373Vi\243\n\325\250\005e\360""m\346'\311@\343\016$L\346\334\360<w""; ledgerSeq: 8; queryType: qtINDIRECT; "
1750587282178,1750587282178,1590,1,3,2,TMGetLedger,"itype: liTS_CANDIDATE; ledgerHash: ""b\001;\355\\351h\305\360*\252j\2470\334[#|\313\3606\207\210\245\372\217RX\333g`K""; nodeIDs: ""\000\000\000\000\000\000\000\000\000\000\000\000\000\000\000\000\000\000\000\000\000\000\000\000\000\000\000\000\000\000\000\000\000""; requestCookie: 3; queryType: qtINDIRECT; queryDepth: 3; ","itype: liTS_CANDIDATE; ledgerHash: ""b\001;\355\\351h\305\360*\252j\2470\334[#|\313\3606\207\210\245\372\217RX\333g`K""; nodeIDs: ""\000\000\000\000\000\000\000\000\000\000\000\000\000\000\000\000\000\000\000\000\000\000\000\000\000\000\000\000\000\000\000\000\000""; requestCookie: 3; queryType: qtINDIRECT; queryDepth: 3; "
1750587282195,1750587282195,2655,1,1,0,TMLedgerData,"ledgerHash: ""b\001;\355\\351h\305\360*\252j\2470\334[#|\313\3606\207\210\245\372\217RX\333g`K""; ledgerSeq: 0; type: liTS_CANDIDATE; nodes {;   nodedata: "" \245\366\271\024\035\303\242}O\341[\232\374\0350\307\253\205\001\301\216B\031pk\231\004\271\276\265\240\002\003"";   nodeid: ""\000\000\000\000\000\000\000\000\000\000\000\000\000\000\000\000\000\000\000\000\000\000\000\000\000\000\000\000\000\000\000\000\000""; }; ","ledgerHash: ""b\001;\355\\351h\305\360*\252j\2470\334[#|\313\3606\207\210\245\372\217RX\333g`K""; ledgerSeq: 0; type: liTS_CANDIDATE; nodes {;   nodedata: "" \245\366\271\024\035\303\242}O\341[\232\374\0350\307\253\205\001\301\216B\031pk\231\004\271\276\265\240\002\003"";   nodeid: ""\000\000\000\000\000\000\000\000\000\000\000\000\000\000\000\000\000\000\000\000\000\000\000\000\000\000\000\000\000\000\000\000\000""; }; "
1750587282199,1750587282199,2715,1,1,4,TMLedgerData,"ledgerHash: ""\007\347lg\346B\270\350\352\375\266\371?(\361\364\365I|\375\262>\230(\333\250\331\007\360U\024\027""; ledgerSeq: 0; type: liTS_CANDIDATE; nodes {;   nodedata: ""\003S\n\235\2624\346\340\377asq\337\223T\316nL\232)C!\360\245\205[L\224\\351\351\000\003"";   nodeid: ""\000\000\000\000\000\000\000\000\000\000\000\000\000\000\000\000\000\000\000\000\000\000\000\000\000\000\000\000\000\000\000\000\000""; }; requestCookie: 4; ","ledgerHash: ""\007\347lg\346B\270\350\352\375\266\371?(\361\364\365I|\375\262>\230(\333\250\331\007\360U\024\027""; ledgerSeq: 0; type: liTS_CANDIDATE; nodes {;   nodedata: ""\003S\n\235\2624\346\340\377asq\337\223T\316nL\232)C!\360\245\205[L\224\\351\351\000\003"";   nodeid: ""\000\000\000\000\000\000\000\000\000\000\000\000\000\000\000\000\000\000\000\000\000\000\000\000\000\000\000\000\000\000\000\000\000""; }; requestCookie: 4; "
1750587282200,1750587282200,1435,1,4,1,TMLedgerData,"ledgerHash: ""\354@[\274\202\021\202\373Vi\243\n\325\250\005e\360""m\346'\311@\343\016$L\346\334\360<w""; ledgerSeq: 8; type: liBASE; nodes {;   nodedata: ""\000\000\000\010\001cEx]\211\377\342\311\347s\234ae\204\263\365U\334\372D\354\345\276\201f\035\271%#\375\245\314.""\373\330&\3746\000\000\000\000\000\000\000\000\000\000\000\000\000\000\000\000\000\000\000\000\000\000\000\000\000\000\000\000\000\000\000\000\245lQI\023\t3o\213\325\024\3601\255\010\244\306\3215\261\204Q\r\327\317\312f\322eb\215C/\352\224\010/\352\224\020\n\000""; }; nodes {;   nodedata: ""h\315\350\215y\203\242]\371\235\232Pt&\325\210eZ\346\237XZ \277\2457n\221\336\253\245\317\002w\n\356\350\316{k\272E0\225\362\025\010\366\367\372\263\355xq\360\261\376M<\356\347\007zf\307\006E\344\037@\210\363\010\336T\226\247'\204_{\261\370""1\235\2445\343\033Y!\212\201\341\272\225'\007*$\244&\336\343'\233i\332\374\245 {^\306-N\333\gE\006\347\212\331C\211Z\177\247\031\n\265\022\035W\277\033\265pM\027\313x\327iNP(O\216Pk&\235\336\223\217\374\212\253\322w\362\013\210`4\253""\302f\230\374\037bx\0145C\307\337\316[\244d\302\3031\347\300\025aX\357\226\221\016\003""; }; ","ledgerHash: ""\354@[\274\202\021\202\373Vi\243\n\325\250\005e\360""m\346'\311@\343\016$L\346\334\360<w""; ledgerSeq: 8; type: liBASE; nodes {;   nodedata: ""\000\000\000\010\001cEx]\211\377\342\311\347s\234ae\204\263\365U\334\372D\354\345\276\201f\035\271%#\375\245\314.""\373\330&\3746\000\000\000\000\000\000\000\000\000\000\000\000\000\000\000\000\000\000\000\000\000\000\000\000\000\000\000\000\000\000\000\000\245lQI\023\t3o\213\325\024\3601\255\010\244\306\3215\261\204Q\r\327\317\312f\322eb\215C/\352\224\010/\352\224\020\n\000""; }; nodes {;   nodedata: ""h\315\350\215y\203\242]\371\235\232Pt&\325\210eZ\346\237XZ \277\2457n\221\336\253\245\317\002w\n\356\350\316{k\272E0\225\362\025\010\366\367\372\263\355xq\360\261\376M<\356\347\007zf\307\006E\344\037@\210\363\010\336T\226\247'\204_{\261\370""1\235\2445\343\033Y!\212\201\341\272\225'\007*$\244&\336\343'\233i\332\374\245 {^\306-N\333\gE\006\347\212\331C\211Z\177\247\031\n\265\022\035W\277\033\265pM\027\313x\327iNP(O\216Pk&\235\336\223\217\374\212\253\322w\362\013\210`4\253""\302f\230\374\037bx\0145C\307\337\316[\244d\302\3031\347\300\025aX\357\226\221\016\003""; }; "
1750587282211,1750587282212,520,1,2,1,TMLedgerData,"ledgerHash: ""\r!N\267\203~\313a\272~\344A\332\034\332r\\301\240a\307\341\261(c(\021\265B\030@(""; ledgerSeq: 0; type: liTS_CANDIDATE; nodes {;   nodedata: ""\247\272\246\2214\014W1\360z\262\252=\343\207'\275\266;\016\021\306\330\030\225\023\357\272\353\200x\221\n\003"";   nodeid: ""\000\000\000\000\000\000\000\000\000\000\000\000\000\000\000\000\000\000\000\000\000\000\000\000\000\000\000\000\000\000\000\000\000""; }; ","ledgerHash: ""\r!N\267\203~\313a\272~\344A\332\034\332r\\301\240a\307\341\261(c(\021\265B\030@(""; ledgerSeq: 0; type: liTS_CANDIDATE; nodes {;   nodedata: ""\247\272\246\2214\014W1\360z\262\252=\343\207'\275\266;\016\021\306\330\030\225\023\357\272\353\200x\221\n\003"";   nodeid: ""\000\000\000\000\000\000\000\000\000\000\000\000\000\000\000\000\000\000\000\000\000\000\000\000\000\000\000\000\000\000\000\000\000""; }; "
1750587282239,1750587282239,3725,1,2,3,TMProposeSet,"proposeSeq: 0; currentTxHash: ""\007\347lg\346B\270\350\352\375\266\371?(\361\364\365I|\375\262>\230(\333\250\331\007\360U\024\027""; nodePubKey: ""\003\343\005\311u\203\370\0338\3174\324\010\006\301\251\177\261\304eOX\262)FA-\022r\263wm\024""; closeTime: 803902480; signature: ""0D\002 ]\345\030n\367\025\317$\376\237\234\3735a\333\005\037@N\034\244\026\030b\3438""\346\230B\373B\002 Yq-r\251\351\345j\364Ji>\335\216\371A\021\007\364E\336\323\221$\325\343v\2139\227/5""; previousledger: ""\354@[\274\202\021\202\373Vi\243\n\325\250\005e\360""m\346'\311@\343\016$L\346\334\360<w""; ","proposeSeq: 0; currentTxHash: ""\007\347lg\346B\270\350\352\375\266\371?(\361\364\365I|\375\262>\230(\333\250\331\007\360U\024\027""; nodePubKey: ""\003\343\005\311u\203\370\0338\3174\324\010\006\301\251\177\261\304eOX\262)FA-\022r\263wm\024""; closeTime: 803902480; signature: ""0D\002 ]\345\030n\367\025\317$\376\237\234\3735a\333\005\037@N\034\244\026\030b\3438""\346\230B\373B\002 Yq-r\251\351\345j\364Ji>\335\216\371A\021\007\364E\336\323\221$\325\343v\2139\227/5""; previousledger: ""\354@[\274\202\021\202\373Vi\243\n\325\250\005e\360""m\346'\311@\343\016$L\346\334\360<w""; "
1750587282239,1750587282240,3082,1,2,4,TMProposeSet,"proposeSeq: 0; currentTxHash: ""\007\347lg\346B\270\350\352\375\266\371?(\361\364\365I|\375\262>\230(\333\250\331\007\360U\024\027""; nodePubKey: ""\003\343\005\311u\203\370\0338\3174\324\010\006\301\251\177\261\304eOX\262)FA-\022r\263wm\024""; closeTime: 803902480; signature: ""0D\002 ]\345\030n\367\025\317$\376\237\234\3735a\333\005\037@N\034\244\026\030b\3438""\346\230B\373B\002 Yq-r\251\351\345j\364Ji>\335\216\371A\021\007\364E\336\323\221$\325\343v\2139\227/5""; previousledger: ""\354@[\274\202\021\202\373Vi\243\n\325\250\005e\360""m\346'\311@\343\016$L\346\334\360<w""; ","proposeSeq: 0; currentTxHash: ""\007\347lg\346B\270\350\352\375\266\371?(\361\364\365I|\375\262>\230(\333\250\331\007\360U\024\027""; nodePubKey: ""\003\343\005\311u\203\370\0338\3174\324\010\006\301\251\177\261\304eOX\262)FA-\022r\263wm\024""; closeTime: 803902480; signature: ""0D\002 ]\345\030n\367\025\317$\376\237\234\3735a\333\005\037@N\034\244\026\030b\3438""\346\230B\373B\002 Yq-r\251\351\345j\364Ji>\335\216\371A\021\007\364E\336\323\221$\325\343v\2139\227/5""; previousledger: ""\354@[\274\202\021\202\373Vi\243\n\325\250\005e\360""m\346'\311@\343\016$L\346\334\360<w""; "
1750587282240,1750587282240,3546,1,2,0,TMProposeSet,"proposeSeq: 0; currentTxHash: ""\007\347lg\346B\270\350\352\375\266\371?(\361\364\365I|\375\262>\230(\333\250\331\007\360U\024\027""; nodePubKey: ""\003\343\005\311u\203\370\0338\3174\324\010\006\301\251\177\261\304eOX\262)FA-\022r\263wm\024""; closeTime: 803902480; signature: ""0D\002 ]\345\030n\367\025\317$\376\237\234\3735a\333\005\037@N\034\244\026\030b\3438""\346\230B\373B\002 Yq-r\251\351\345j\364Ji>\335\216\371A\021\007\364E\336\323\221$\325\343v\2139\227/5""; previousledger: ""\354@[\274\202\021\202\373Vi\243\n\325\250\005e\360""m\346'\311@\343\016$L\346\334\360<w""; ","proposeSeq: 0; currentTxHash: ""\007\347lg\346B\270\350\352\375\266\371?(\361\364\365I|\375\262>\230(\333\250\331\007\360U\024\027""; nodePubKey: ""\003\343\005\311u\203\370\0338\3174\324\010\006\301\251\177\261\304eOX\262)FA-\022r\263wm\024""; closeTime: 803902480; signature: ""0D\002 ]\345\030n\367\025\317$\376\237\234\3735a\333\005\037@N\034\244\026\030b\3438""\346\230B\373B\002 Yq-r\251\351\345j\364Ji>\335\216\371A\021\007\364E\336\323\221$\325\343v\2139\227/5""; previousledger: ""\354@[\274\202\021\202\373Vi\243\n\325\250\005e\360""m\346'\311@\343\016$L\346\334\360<w""; "
1750587282242,1750587282242,1435,1,4,1,TMLedgerData,"ledgerHash: ""\354@[\274\202\021\202\373Vi\243\n\325\250\005e\360""m\346'\311@\343\016$L\346\334\360<w""; ledgerSeq: 8; type: liBASE; nodes {;   nodedata: ""\000\000\000\010\001cEx]\211\377\342\311\347s\234ae\204\263\365U\334\372D\354\345\276\201f\035\271%#\375\245\314.""\373\330&\3746\000\000\000\000\000\000\000\000\000\000\000\000\000\000\000\000\000\000\000\000\000\000\000\000\000\000\000\000\000\000\000\000\245lQI\023\t3o\213\325\024\3601\255\010\244\306\3215\261\204Q\r\327\317\312f\322eb\215C/\352\224\010/\352\224\020\n\000""; }; nodes {;   nodedata: ""h\315\350\215y\203\242]\371\235\232Pt&\325\210eZ\346\237XZ \277\2457n\221\336\253\245\317\002w\n\356\350\316{k\272E0\225\362\025\010\366\367\372\263\355xq\360\261\376M<\356\347\007zf\307\006E\344\037@\210\363\010\336T\226\247'\204_{\261\370""1\235\2445\343\033Y!\212\201\341\272\225'\007*$\244&\336\343'\233i\332\374\245 {^\306-N\333\gE\006\347\212\331C\211Z\177\247\031\n\265\022\035W\277\033\265pM\027\313x\327iNP(O\216Pk&\235\336\223\217\374\212\253\322w\362\013\210`4\253""\302f\230\374\037bx\0145C\307\337\316[\244d\302\3031\347\300\025aX\357\226\221\016\003""; }; ","ledgerHash: ""\354@[\274\202\021\202\373Vi\243\n\325\250\005e\360""m\346'\311@\343\016$L\346\334\360<w""; ledgerSeq: 8; type: liBASE; nodes {;   nodedata: ""\000\000\000\010\001cEx]\211\377\342\311\347s\234ae\204\263\365U\334\372D\354\345\276\201f\035\271%#\375\245\314.""\373\330&\3746\000\000\000\000\000\000\000\000\000\000\000\000\000\000\000\000\000\000\000\000\000\000\000\000\000\000\000\000\000\000\000\000\245lQI\023\t3o\213\325\024\3601\255\010\244\306\3215\261\204Q\r\327\317\312f\322eb\215C/\352\224\010/\352\224\020\n\000""; }; nodes {;   nodedata: ""h\315\350\215y\203\242]\371\235\232Pt&\325\210eZ\346\237XZ \277\2457n\221\336\253\245\317\002w\n\356\350\316{k\272E0\225\362\025\010\366\367\372\263\355xq\360\261\376M<\356\347\007zf\307\006E\344\037@\210\363\010\336T\226\247'\204_{\261\370""1\235\2445\343\033Y!\212\201\341\272\225'\007*$\244&\336\343'\233i\332\374\245 {^\306-N\333\gE\006\347\212\331C\211Z\177\247\031\n\265\022\035W\277\033\265pM\027\313x\327iNP(O\216Pk&\235\336\223\217\374\212\253\322w\362\013\210`4\253""\302f\230\374\037bx\0145C\307\337\316[\244d\302\3031\347\300\025aX\357\226\221\016\003""; }; "
1750587282252,1750587282252,3520,1,3,1,TMLedgerData,"ledgerHash: ""\r!N\267\203~\313a\272~\344A\332\034\332r\\301\240a\307\341\261(c(\021\265B\030@(""; ledgerSeq: 0; type: liTS_CANDIDATE; nodes {;   nodedata: ""\247\272\246\2214\014W1\360z\262\252=\343\207'\275\266;\016\021\306\330\030\225\023\357\272\353\200x\221\n\003"";   nodeid: ""\000\000\000\000\000\000\000\000\000\000\000\000\000\000\000\000\000\000\000\000\000\000\000\000\000\000\000\000\000\000\000\000\000""; }; ","ledgerHash: ""\r!N\267\203~\313a\272~\344A\332\034\332r\\301\240a\307\341\261(c(\021\265B\030@(""; ledgerSeq: 0; type: liTS_CANDIDATE; nodes {;   nodedata: ""\247\272\246\2214\014W1\360z\262\252=\343\207'\275\266;\016\021\306\330\030\225\023\357\272\353\200x\221\n\003"";   nodeid: ""\000\000\000\000\000\000\000\000\000\000\000\000\000\000\000\000\000\000\000\000\000\000\000\000\000\000\000\000\000\000\000\000\000""; }; "
1750587282262,1750587282262,3487,1,0,3,TMLedgerData,"ledgerHash: ""\354@[\274\202\021\202\373Vi\243\n\325\250\005e\360""m\346'\311@\343\016$L\346\334\360<w""; ledgerSeq: 8; type: liBASE; nodes {;   nodedata: ""\000\000\000\010\001cEx]\211\377\342\311\347s\234ae\204\263\365U\334\372D\354\345\276\201f\035\271%#\375\245\314.""\373\330&\3746\000\000\000\000\000\000\000\000\000\000\000\000\000\000\000\000\000\000\000\000\000\000\000\000\000\000\000\000\000\000\000\000\245lQI\023\t3o\213\325\024\3601\255\010\244\306\3215\261\204Q\r\327\317\312f\322eb\215C/\352\224\010/\352\224\020\n\000""; }; nodes {;   nodedata: ""h\315\350\215y\203\242]\371\235\232Pt&\325\210eZ\346\237XZ \277\2457n\221\336\253\245\317\002w\n\356\350\316{k\272E0\225\362\025\010\366\367\372\263\355xq\360\261\376M<\356\347\007zf\307\006E\344\037@\210\363\010\336T\226\247'\204_{\261\370""1\235\2445\343\033Y!\212\201\341\272\225'\007*$\244&\336\343'\233i\332\374\245 {^\306-N\333\gE\006\347\212\331C\211Z\177\247\031\n\265\022\035W\277\033\265pM\027\313x\327iNP(O\216Pk&\235\336\223\217\374\212\253\322w\362\013\210`4\253""\302f\230\374\037bx\0145C\307\337\316[\244d\302\3031\347\300\025aX\357\226\221\016\003""; }; ","ledgerHash: ""\354@[\274\202\021\202\373Vi\243\n\325\250\005e\360""m\346'\311@\343\016$L\346\334\360<w""; ledgerSeq: 8; type: liBASE; nodes {;   nodedata: ""\000\000\000\010\001cEx]\211\377\342\311\347s\234ae\204\263\365U\334\372D\354\345\276\201f\035\271%#\375\245\314.""\373\330&\3746\000\000\000\000\000\000\000\000\000\000\000\000\000\000\000\000\000\000\000\000\000\000\000\000\000\000\000\000\000\000\000\000\245lQI\023\t3o\213\325\024\3601\255\010\244\306\3215\261\204Q\r\327\317\312f\322eb\215C/\352\224\010/\352\224\020\n\000""; }; nodes {;   nodedata: ""h\315\350\215y\203\242]\371\235\232Pt&\325\210eZ\346\237XZ \277\2457n\221\336\253\245\317\002w\n\356\350\316{k\272E0\225\362\025\010\366\367\372\263\355xq\360\261\376M<\356\347\007zf\307\006E\344\037@\210\363\010\336T\226\247'\204_{\261\370""1\235\2445\343\033Y!\212\201\341\272\225'\007*$\244&\336\343'\233i\332\374\245 {^\306-N\333\gE\006\347\212\331C\211Z\177\247\031\n\265\022\035W\277\033\265pM\027\313x\327iNP(O\216Pk&\235\336\223\217\374\212\253\322w\362\013\210`4\253""\302f\230\374\037bx\0145C\307\337\316[\244d\302\3031\347\300\025aX\357\226\221\016\003""; }; "
1750587282267,1750587282267,1467,1,4,2,TMGetLedger,"itype: liTS_CANDIDATE; ledgerHash: ""b\001;\355\\351h\305\360*\252j\2470\334[#|\313\3606\207\210\245\372\217RX\333g`K""; nodeIDs: ""\000\000\000\000\000\000\000\000\000\000\000\000\000\000\000\000\000\000\000\000\000\000\000\000\000\000\000\000\000\000\000\000\000""; requestCookie: 1; queryType: qtINDIRECT; queryDepth: 3; ","itype: liTS_CANDIDATE; ledgerHash: ""b\001;\355\\351h\305\360*\252j\2470\334[#|\313\3606\207\210\245\372\217RX\333g`K""; nodeIDs: ""\000\000\000\000\000\000\000\000\000\000\000\000\000\000\000\000\000\000\000\000\000\000\000\000\000\000\000\000\000\000\000\000\000""; requestCookie: 1; queryType: qtINDIRECT; queryDepth: 3; "
1750587282272,1750587282272,1650,1,3,4,TMLedgerData,"ledgerHash: ""\r!N\267\203~\313a\272~\344A\332\034\332r\\301\240a\307\341\261(c(\021\265B\030@(""; ledgerSeq: 0; type: liTS_CANDIDATE; nodes {;   nodedata: ""\247\272\246\2214\014W1\360z\262\252=\343\207'\275\266;\016\021\306\330\030\225\023\357\272\353\200x\221\n\003"";   nodeid: ""\000\000\000\000\000\000\000\000\000\000\000\000\000\000\000\000\000\000\000\000\000\000\000\000\000\000\000\000\000\000\000\000\000""; }; ","ledgerHash: ""\r!N\267\203~\313a\272~\344A\332\034\332r\\301\240a\307\341\261(c(\021\265B\030@(""; ledgerSeq: 0; type: liTS_CANDIDATE; nodes {;   nodedata: ""\247\272\246\2214\014W1\360z\262\252=\343\207'\275\266;\016\021\306\330\030\225\023\357\272\353\200x\221\n\003"";   nodeid: ""\000\000\000\000\000\000\000\000\000\000\000\000\000\000\000\000\000\000\000\000\000\000\000\000\000\000\000\000\000\000\000\000\000""; }; "
1750587282274,1750587282274,1399,1,1,3,TMLedgerData,"ledgerHash: ""\007\347lg\346B\270\350\352\375\266\371?(\361\364\365I|\375\262>\230(\333\250\331\007\360U\024\027""; ledgerSeq: 0; type: liTS_CANDIDATE; nodes {;   nodedata: ""\003S\n\235\2624\346\340\377asq\337\223T\316nL\232)C!\360\245\205[L\224\\351\351\000\003"";   nodeid: ""\000\000\000\000\000\000\000\000\000\000\000\000\000\000\000\000\000\000\000\000\000\000\000\000\000\000\000\000\000\000\000\000\000""; }; requestCookie: 2; ","ledgerHash: ""\007\347lg\346B\270\350\352\375\266\371?(\361\364\365I|\375\262>\230(\333\250\331\007\360U\024\027""; ledgerSeq: 0; type: liTS_CANDIDATE; nodes {;   nodedata: ""\003S\n\235\2624\346\340\377asq\337\223T\316nL\232)C!\360\245\205[L\224\\351\351\000\003"";   nodeid: ""\000\000\000\000\000\000\000\000\000\000\000\000\000\000\000\000\000\000\000\000\000\000\000\000\000\000\000\000\000\000\000\000\000""; }; requestCookie: 2; "
1750587282274,1750587282275,1753,1,0,2,TMLedgerData,"ledgerHash: ""\r!N\267\203~\313a\272~\344A\332\034\332r\\301\240a\307\341\261(c(\021\265B\030@(""; ledgerSeq: 0; type: liTS_CANDIDATE; nodes {;   nodedata: ""\247\272\246\2214\014W1\360z\262\252=\343\207'\275\266;\016\021\306\330\030\225\023\357\272\353\200x\221\n\003"";   nodeid: ""\000\000\000\000\000\000\000\000\000\000\000\000\000\000\000\000\000\000\000\000\000\000\000\000\000\000\000\000\000\000\000\000\000""; }; ","ledgerHash: ""\r!N\267\203~\313a\272~\344A\332\034\332r\\301\240a\307\341\261(c(\021\265B\030@(""; ledgerSeq: 0; type: liTS_CANDIDATE; nodes {;   nodedata: ""\247\272\246\2214\014W1\360z\262\252=\343\207'\275\266;\016\021\306\330\030\225\023\357\272\353\200x\221\n\003"";   nodeid: ""\000\000\000\000\000\000\000\000\000\000\000\000\000\000\000\000\000\000\000\000\000\000\000\000\000\000\000\000\000\000\000\000\000""; }; "
1750587282281,1750587282281,3097,1,2,0,TMLedgerData,"ledgerHash: ""\007\347lg\346B\270\350\352\375\266\371?(\361\364\365I|\375\262>\230(\333\250\331\007\360U\024\027""; ledgerSeq: 0; type: liTS_CANDIDATE; nodes {;   nodedata: ""\003S\n\235\2624\346\340\377asq\337\223T\316nL\232)C!\360\245\205[L\224\\351\351\000\003"";   nodeid: ""\000\000\000\000\000\000\000\000\000\000\000\000\000\000\000\000\000\000\000\000\000\000\000\000\000\000\000\000\000\000\000\000\000""; }; ","ledgerHash: ""\007\347lg\346B\270\350\352\375\266\371?(\361\364\365I|\375\262>\230(\333\250\331\007\360U\024\027""; ledgerSeq: 0; type: liTS_CANDIDATE; nodes {;   nodedata: ""\003S\n\235\2624\346\340\377asq\337\223T\316nL\232)C!\360\245\205[L\224\\351\351\000\003"";   nodeid: ""\000\000\000\000\000\000\000\000\000\000\000\000\000\000\000\000\000\000\000\000\000\000\000\000\000\000\000\000\000\000\000\000\000""; }; "
1750587282285,1750587282285,3725,1,2,3,TMProposeSet,"proposeSeq: 0; currentTxHash: ""\007\347lg\346B\270\350\352\375\266\371?(\361\364\365I|\375\262>\230(\333\250\331\007\360U\024\027""; nodePubKey: ""\003ql\302)\235\321\t\213\224\356\374%%\311\327\037\374\304\t\335\2359\344\233\035]\347<u\236\364\222""; closeTime: 803902482; signature: ""0E\002!\000\225\204A\261?\224G\341C\256\266k\305lI}\255\314\r\004\371\277\276\305M\326:x*\214\301\254\002 @\277X\250\246S_?\232\337\263\225]\207\200G\212\273\002\371\312\316[\275P\317\325l\217\364\374r""; previousledger: ""\354@[\274\202\021\202\373Vi\243\n\325\250\005e\360""m\346'\311@\343\016$L\346\334\360<w""; ","proposeSeq: 0; currentTxHash: ""\007\347lg\346B\270\350\352\375\266\371?(\361\364\365I|\375\262>\230(\333\250\331\007\360U\024\027""; nodePubKey: ""\003ql\302)\235\321\t\213\224\356\374%%\311\327\037\374\304\t\335\2359\344\233\035]\347<u\236\364\222""; closeTime: 803902482; signature: ""0E\002!\000\225\204A\261?\224G\341C\256\266k\305lI}\255\314\r\004\371\277\276\305M\326:x*\214\301\254\002 @\277X\250\246S_?\232\337\263\225]\207\200G\212\273\002\371\312\316[\275P\317\325l\217\364\374r""; previousledger: ""\354@[\274\202\021\202\373Vi\243\n\325\250\005e\360""m\346'\311@\343\016$L\346\334\360<w""; "
1750587282286,1750587282286,3546,1,2,0,TMProposeSet,"proposeSeq: 0; currentTxHash: ""\007\347lg\346B\270\350\352\375\266\371?(\361\364\365I|\375\262>\230(\333\250\331\007\360U\024\027""; nodePubKey: ""\003ql\302)\235\321\t\213\224\356\374%%\311\327\037\374\304\t\335\2359\344\233\035]\347<u\236\364\222""; closeTime: 803902482; signature: ""0E\002!\000\225\204A\261?\224G\341C\256\266k\305lI}\255\314\r\004\371\277\276\305M\326:x*\214\301\254\002 @\277X\250\246S_?\232\337\263\225]\207\200G\212\273\002\371\312\316[\275P\317\325l\217\364\374r""; previousledger: ""\354@[\274\202\021\202\373Vi\243\n\325\250\005e\360""m\346'\311@\343\016$L\346\334\360<w""; ","proposeSeq: 0; currentTxHash: ""\007\347lg\346B\270\350\352\375\266\371?(\361\364\365I|\375\262>\230(\333\250\331\007\360U\024\027""; nodePubKey: ""\003ql\302)\235\321\t\213\224\356\374%%\311\327\037\374\304\t\335\2359\344\233\035]\347<u\236\364\222""; closeTime: 803902482; signature: ""0E\002!\000\225\204A\261?\224G\341C\256\266k\305lI}\255\314\r\004\371\277\276\305M\326:x*\214\301\254\002 @\277X\250\246S_?\232\337\263\225]\207\200G\212\273\002\371\312\316[\275P\317\325l\217\364\374r""; previousledger: ""\354@[\274\202\021\202\373Vi\243\n\325\250\005e\360""m\346'\311@\343\016$L\346\334\360<w""; "
1750587282286,1750587282287,2386,1,2,3,TMTransaction,"rawTransaction: ""\022\000\000""\000\000\000\000$\000\000\000\006 \033\000\000\000\032a@\000\000\023S/~\000h@\000\000\000\000\000\000\ns!\003\364\346'\245\361\313f\307\325O*\031\010 \337\241\354\3450V\376\031#\323\000\245'Q`4d\376tF0D\002 ,\010\365p6\304C\242\365\005bf\023\023\2535\373c\246@\nC\214\257Kj\3519\353\257)r\002 [n\210\266}:;pPVw\327i\342,4\316\274A\315\001|\214\302?\r\222\354\240\0308\221\201\024B\006\222#\215\346\234\245/\205\327[/\206^\005y\253G\373\203\024E0\246\210\344\325\345r\024T\251\006P\255\352\333\372\351\337\302""; status: tsNEW; receiveTimestamp: 803902482; ","rawTransaction: ""\022\000\000""\000\000\000\000$\000\000\000\006 \033\000\000\000\032a@\000\000\023S/~\000h@\000\000\000\000\000\000\ns!\003\364\346'\245\361\313f\307\325O*\031\010 \337\241\354\3450V\376\031#\323\000\245'Q`4d\376tF0D\002 ,\010\365p6\304C\242\365\005bf\023\023\2535\373c\246@\nC\214\257Kj\3519\353\257)r\002 [n\210\266}:;pPVw\327i\342,4\316\274A\315\001|\214\302?\r\222\354\240\0308\221\201\024B\006\222#\215\346\234\245/\205\327[/\206^\005y\253G\373\203\024E0\246\210\344\325\345r\024T\251\006P\255\352\333\372\351\337\302""; status: tsNEW; receiveTimestamp: 803902482; "
1750587282288,1750587282288,1772,1,4,3,TMLedgerData,"ledgerHash: ""\354@[\274\202\021\202\373Vi\243\n\325\250\005e\360""m\346'\311@\343\016$L\346\334\360<w""; ledgerSeq: 8; type: liBASE; nodes {;   nodedata: ""\000\000\000\010\001cEx]\211\377\342\311\347s\234ae\204\263\365U\334\372D\354\345\276\201f\035\271%#\375\245\314.""\373\330&\3746\000\000\000\000\000\000\000\000\000\000\000\000\000\000\000\000\000\000\000\000\000\000\000\000\000\000\000\000\000\000\000\000\245lQI\023\t3o\213\325\024\3601\255\010\244\306\3215\261\204Q\r\327\317\312f\322eb\215C/\352\224\010/\352\224\020\n\000""; }; nodes {;   nodedata: ""h\315\350\215y\203\242]\371\235\232Pt&\325\210eZ\346\237XZ \277\2457n\221\336\253\245\317\002w\n\356\350\316{k\272E0\225\362\025\010\366\367\372\263\355xq\360\261\376M<\356\347\007zf\307\006E\344\037@\210\363\010\336T\226\247'\204_{\261\370""1\235\2445\343\033Y!\212\201\341\272\225'\007*$\244&\336\343'\233i\332\374\245 {^\306-N\333\gE\006\347\212\331C\211Z\177\247\031\n\265\022\035W\277\033\265pM\027\313x\327iNP(O\216Pk&\235\336\223\217\374\212\253\322w\362\013\210`4\253""\302f\230\374\037bx\0145C\307\337\316[\244d\302\3031\347\300\025aX\357\226\221\016\003""; }; ","ledgerHash: ""\354@[\274\202\021\202\373Vi\243\n\325\250\005e\360""m\346'\311@\343\016$L\346\334\360<w""; ledgerSeq: 8; type: liBASE; nodes {;   nodedata: ""\000\000\000\010\001cEx]\211\377\342\311\347s\234ae\204\263\365U\334\372D\354\345\276\201f\035\271%#\375\245\314.""\373\330&\3746\000\000\000\000\000\000\000\000\000\000\000\000\000\000\000\000\000\000\000\000\000\000\000\000\000\000\000\000\000\000\000\000\245lQI\023\t3o\213\325\024\3601\255\010\244\306\3215\261\204Q\r\327\317\312f\322eb\215C/\352\224\010/\352\224\020\n\000""; }; nodes {;   nodedata: ""h\315\350\215y\203\242]\371\235\232Pt&\325\210eZ\346\237XZ \277\2457n\221\336\253\245\317\002w\n\356\350\316{k\272E0\225\362\025\010\366\367\372\263\355xq\360\261\376M<\356\347\007zf\307\006E\344\037@\210\363\010\336T\226\247'\204_{\261\370""1\235\2445\343\033Y!\212\201\341\272\225'\007*$\244&\336\343'\233i\332\374\245 {^\306-N\333\gE\006\347\212\331C\211Z\177\247\031\n\265\022\035W\277\033\265pM\027\313x\327iNP(O\216Pk&\235\336\223\217\374\212\253\322w\362\013\210`4\253""\302f\230\374\037bx\0145C\307\337\316[\244d\302\3031\347\300\025aX\357\226\221\016\003""; }; "
1750587282286,1750587282286,1513,1,2,0,TMTransaction,"rawTransaction: ""\022\000\000""\000\000\000\000$\000\000\000\006 \033\000\000\000\032a@\000\000\023S/~\000h@\000\000\000\000\000\000\ns!\003\364\346'\245\361\313f\307\325O*\031\010 \337\241\354\3450V\376\031#\323\000\245'Q`4d\376tF0D\002 ,\010\365p6\304C\242\365\005bf\023\023\2535\373c\246@\nC\214\257Kj\3519\353\257)r\002 [n\210\266}:;pPVw\327i\342,4\316\274A\315\001|\214\302?\r\222\354\240\0308\221\201\024B\006\222#\215\346\234\245/\205\327[/\206^\005y\253G\373\203\024E0\246\210\344\325\345r\024T\251\006P\255\352\333\372\351\337\302""; status: tsNEW; receiveTimestamp: 803902482; ","rawTransaction: ""\022\000\000""\000\000\000\000$\000\000\000\006 \033\000\000\000\032a@\000\000\023S/~\000h@\000\000\000\000\000\000\ns!\003\364\346'\245\361\313f\307\325O*\031\010 \337\241\354\3450V\376\031#\323\000\245'Q`4d\376tF0D\002 ,\010\365p6\304C\242\365\005bf\023\023\2535\373c\246@\nC\214\257Kj\3519\353\257)r\002 [n\210\266}:;pPVw\327i\342,4\316\274A\315\001|\214\302?\r\222\354\240\0308\221\201\024B\006\222#\215\346\234\245/\205\327[/\206^\005y\253G\373\203\024E0\246\210\344\325\345r\024T\251\006P\255\352\333\372\351\337\302""; status: tsNEW; receiveTimestamp: 803902482; "
1750587282288,1750587282288,1772,1,4,3,TMLedgerData,"ledgerHash: ""\354@[\274\202\021\202\373Vi\243\n\325\250\005e\360""m\346'\311@\343\016$L\346\334\360<w""; ledgerSeq: 8; type: liBASE; nodes {;   nodedata: ""\000\000\000\010\001cEx]\211\377\342\311\347s\234ae\204\263\365U\334\372D\354\345\276\201f\035\271%#\375\245\314.""\373\330&\3746\000\000\000\000\000\000\000\000\000\000\000\000\000\000\000\000\000\000\000\000\000\000\000\000\000\000\000\000\000\000\000\000\245lQI\023\t3o\213\325\024\3601\255\010\244\306\3215\261\204Q\r\327\317\312f\322eb\215C/\352\224\010/\352\224\020\n\000""; }; nodes {;   nodedata: ""h\315\350\215y\203\242]\371\235\232Pt&\325\210eZ\346\237XZ \277\2457n\221\336\253\245\317\002w\n\356\350\316{k\272E0\225\362\025\010\366\367\372\263\355xq\360\261\376M<\356\347\007zf\307\006E\344\037@\210\363\010\336T\226\247'\204_{\261\370""1\235\2445\343\033Y!\212\201\341\272\225'\007*$\244&\336\343'\233i\332\374\245 {^\306-N\333\gE\006\347\212\331C\211Z\177\247\031\n\265\022\035W\277\033\265pM\027\313x\327iNP(O\216Pk&\235\336\223\217\374\212\253\322w\362\013\210`4\253""\302f\230\374\037bx\0145C\307\337\316[\244d\302\3031\347\300\025aX\357\226\221\016\003""; }; ","ledgerHash: ""\354@[\274\202\021\202\373Vi\243\n\325\250\005e\360""m\346'\311@\343\016$L\346\334\360<w""; ledgerSeq: 8; type: liBASE; nodes {;   nodedata: ""\000\000\000\010\001cEx]\211\377\342\311\347s\234ae\204\263\365U\334\372D\354\345\276\201f\035\271%#\375\245\314.""\373\330&\3746\000\000\000\000\000\000\000\000\000\000\000\000\000\000\000\000\000\000\000\000\000\000\000\000\000\000\000\000\000\000\000\000\245lQI\023\t3o\213\325\024\3601\255\010\244\306\3215\261\204Q\r\327\317\312f\322eb\215C/\352\224\010/\352\224\020\n\000""; }; nodes {;   nodedata: ""h\315\350\215y\203\242]\371\235\232Pt&\325\210eZ\346\237XZ \277\2457n\221\336\253\245\317\002w\n\356\350\316{k\272E0\225\362\025\010\366\367\372\263\355xq\360\261\376M<\356\347\007zf\307\006E\344\037@\210\363\010\336T\226\247'\204_{\261\370""1\235\2445\343\033Y!\212\201\341\272\225'\007*$\244&\336\343'\233i\332\374\245 {^\306-N\333\gE\006\347\212\331C\211Z\177\247\031\n\265\022\035W\277\033\265pM\027\313x\327iNP(O\216Pk&\235\336\223\217\374\212\253\322w\362\013\210`4\253""\302f\230\374\037bx\0145C\307\337\316[\244d\302\3031\347\300\025aX\357\226\221\016\003""; }; "
1750587282301,1750587282301,393,1,0,1,TMGetLedger,"itype: liTS_CANDIDATE; ledgerHash: ""b\001;\355\\351h\305\360*\252j\2470\334[#|\313\3606\207\210\245\372\217RX\333g`K""; nodeIDs: ""\000\000\000\000\000\000\000\000\000\000\000\000\000\000\000\000\000\000\000\000\000\000\000\000\000\000\000\000\000\000\000\000\000""; queryType: qtINDIRECT; queryDepth: 3; ","itype: liTS_CANDIDATE; ledgerHash: ""b\001;\355\\351h\305\360*\252j\2470\334[#|\313\3606\207\210\245\372\217RX\333g`K""; nodeIDs: ""\000\000\000\000\000\000\000\000\000\000\000\000\000\000\000\000\000\000\000\000\000\000\000\000\000\000\000\000\000\000\000\000\000""; queryType: qtINDIRECT; queryDepth: 3; "
1750587282301,1750587282301,3414,1,0,2,TMGetLedger,"itype: liTS_CANDIDATE; ledgerHash: ""b\001;\355\\351h\305\360*\252j\2470\334[#|\313\3606\207\210\245\372\217RX\333g`K""; nodeIDs: ""\000\000\000\000\000\000\000\000\000\000\000\000\000\000\000\000\000\000\000\000\000\000\000\000\000\000\000\000\000\000\000\000\000""; queryType: qtINDIRECT; queryDepth: 3; ","itype: liTS_CANDIDATE; ledgerHash: ""b\001;\355\\351h\305\360*\252j\2470\334[#|\313\3606\207\210\245\372\217RX\333g`K""; nodeIDs: ""\000\000\000\000\000\000\000\000\000\000\000\000\000\000\000\000\000\000\000\000\000\000\000\000\000\000\000\000\000\000\000\000\000""; queryType: qtINDIRECT; queryDepth: 3; "
1750587282301,1750587282302,1764,1,0,3,TMGetLedger,"itype: liTS_CANDIDATE; ledgerHash: ""b\001;\355\\351h\305\360*\252j\2470\334[#|\313\3606\207\210\245\372\217RX\333g`K""; nodeIDs: ""\000\000\000\000\000\000\000\000\000\000\000\000\000\000\000\000\000\000\000\000\000\000\000\000\000\000\000\000\000\000\000\000\000""; queryType: qtINDIRECT; queryDepth: 3; ","itype: liTS_CANDIDATE; ledgerHash: ""b\001;\355\\351h\305\360*\252j\2470\334[#|\313\3606\207\210\245\372\217RX\333g`K""; nodeIDs: ""\000\000\000\000\000\000\000\000\000\000\000\000\000\000\000\000\000\000\000\000\000\000\000\000\000\000\000\000\000\000\000\000\000""; queryType: qtINDIRECT; queryDepth: 3; "
1750587282302,1750587282302,1466,1,0,4,TMGetLedger,"itype: liTS_CANDIDATE; ledgerHash: ""b\001;\355\\351h\305\360*\252j\2470\334[#|\313\3606\207\210\245\372\217RX\333g`K""; nodeIDs: ""\000\000\000\000\000\000\000\000\000\000\000\000\000\000\000\000\000\000\000\000\000\000\000\000\000\000\000\000\000\000\000\000\000""; queryType: qtINDIRECT; queryDepth: 3; ","itype: liTS_CANDIDATE; ledgerHash: ""b\001;\355\\351h\305\360*\252j\2470\334[#|\313\3606\207\210\245\372\217RX\333g`K""; nodeIDs: ""\000\000\000\000\000\000\000\000\000\000\000\000\000\000\000\000\000\000\000\000\000\000\000\000\000\000\000\000\000\000\000\000\000""; queryType: qtINDIRECT; queryDepth: 3; "
1750587282305,1750587282305,1838,1,2,1,TMProposeSet,"proposeSeq: 0; currentTxHash: ""\007\347lg\346B\270\350\352\375\266\371?(\361\364\365I|\375\262>\230(\333\250\331\007\360U\024\027""; nodePubKey: ""\003ql\302)\235\321\t\213\224\356\374%%\311\327\037\374\304\t\335\2359\344\233\035]\347<u\236\364\222""; closeTime: 803902482; signature: ""0E\002!\000\225\204A\261?\224G\341C\256\266k\305lI}\255\314\r\004\371\277\276\305M\326:x*\214\301\254\002 @\277X\250\246S_?\232\337\263\225]\207\200G\212\273\002\371\312\316[\275P\317\325l\217\364\374r""; previousledger: ""\354@[\274\202\021\202\373Vi\243\n\325\250\005e\360""m\346'\311@\343\016$L\346\334\360<w""; ","proposeSeq: 0; currentTxHash: ""\007\347lg\346B\270\350\352\375\266\371?(\361\364\365I|\375\262>\230(\333\250\331\007\360U\024\027""; nodePubKey: ""\003ql\302)\235\321\t\213\224\356\374%%\311\327\037\374\304\t\335\2359\344\233\035]\347<u\236\364\222""; closeTime: 803902482; signature: ""0E\002!\000\225\204A\261?\224G\341C\256\266k\305lI}\255\314\r\004\371\277\276\305M\326:x*\214\301\254\002 @\277X\250\246S_?\232\337\263\225]\207\200G\212\273\002\371\312\316[\275P\317\325l\217\364\374r""; previousledger: ""\354@[\274\202\021\202\373Vi\243\n\325\250\005e\360""m\346'\311@\343\016$L\346\334\360<w""; "
1750587282305,1750587282306,1251,1,2,1,TMTransaction,"rawTransaction: ""\022\000\000""\000\000\000\000$\000\000\000\006 \033\000\000\000\032a@\000\000\023S/~\000h@\000\000\000\000\000\000\ns!\003\364\346'\245\361\313f\307\325O*\031\010 \337\241\354\3450V\376\031#\323\000\245'Q`4d\376tF0D\002 ,\010\365p6\304C\242\365\005bf\023\023\2535\373c\246@\nC\214\257Kj\3519\353\257)r\002 [n\210\266}:;pPVw\327i\342,4\316\274A\315\001|\214\302?\r\222\354\240\0308\221\201\024B\006\222#\215\346\234\245/\205\327[/\206^\005y\253G\373\203\024E0\246\210\344\325\345r\024T\251\006P\255\352\333\372\351\337\302""; status: tsNEW; receiveTimestamp: 803902482; ","rawTransaction: ""\022\000\000""\000\000\000\000$\000\000\000\006 \033\000\000\000\032a@\000\000\023S/~\000h@\000\000\000\000\000\000\ns!\003\364\346'\245\361\313f\307\325O*\031\010 \337\241\354\3450V\376\031#\323\000\245'Q`4d\376tF0D\002 ,\010\365p6\304C\242\365\005bf\023\023\2535\373c\246@\nC\214\257Kj\3519\353\257)r\002 [n\210\266}:;pPVw\327i\342,4\316\274A\315\001|\214\302?\r\222\354\240\0308\221\201\024B\006\222#\215\346\234\245/\205\327[/\206^\005y\253G\373\203\024E0\246\210\344\325\345r\024T\251\006P\255\352\333\372\351\337\302""; status: tsNEW; receiveTimestamp: 803902482; "
1750587282311,1750587282311,1435,1,4,1,TMLedgerData,"ledgerHash: ""\r!N\267\203~\313a\272~\344A\332\034\332r\\301\240a\307\341\261(c(\021\265B\030@(""; ledgerSeq: 0; type: liTS_CANDIDATE; nodes {;   nodedata: ""\247\272\246\2214\014W1\360z\262\252=\343\207'\275\266;\016\021\306\330\030\225\023\357\272\353\200x\221\n\003"";   nodeid: ""\000\000\000\000\000\000\000\000\000\000\000\000\000\000\000\000\000\000\000\000\000\000\000\000\000\000\000\000\000\000\000\000\000""; }; ","ledgerHash: ""\r!N\267\203~\313a\272~\344A\332\034\332r\\301\240a\307\341\261(c(\021\265B\030@(""; ledgerSeq: 0; type: liTS_CANDIDATE; nodes {;   nodedata: ""\247\272\246\2214\014W1\360z\262\252=\343\207'\275\266;\016\021\306\330\030\225\023\357\272\353\200x\221\n\003"";   nodeid: ""\000\000\000\000\000\000\000\000\000\000\000\000\000\000\000\000\000\000\000\000\000\000\000\000\000\000\000\000\000\000\000\000\000""; }; "
1750587282315,1750587282315,1590,1,3,2,TMGetLedger,"itype: liTS_CANDIDATE; ledgerHash: ""b\001;\355\\351h\305\360*\252j\2470\334[#|\313\3606\207\210\245\372\217RX\333g`K""; nodeIDs: ""\000\000\000\000\000\000\000\000\000\000\000\000\000\000\000\000\000\000\000\000\000\000\000\000\000\000\000\000\000\000\000\000\000""; requestCookie: 2; queryType: qtINDIRECT; queryDepth: 3; ","itype: liTS_CANDIDATE; ledgerHash: ""b\001;\355\\351h\305\360*\252j\2470\334[#|\313\3606\207\210\245\372\217RX\333g`K""; nodeIDs: ""\000\000\000\000\000\000\000\000\000\000\000\000\000\000\000\000\000\000\000\000\000\000\000\000\000\000\000\000\000\000\000\000\000""; requestCookie: 2; queryType: qtINDIRECT; queryDepth: 3; "
1750587282323,1750587282323,1753,1,0,2,TMLedgerData,"ledgerHash: ""\007\347lg\346B\270\350\352\375\266\371?(\361\364\365I|\375\262>\230(\333\250\331\007\360U\024\027""; ledgerSeq: 0; type: liTS_CANDIDATE; nodes {;   nodedata: ""\003S\n\235\2624\346\340\377asq\337\223T\316nL\232)C!\360\245\205[L\224\\351\351\000\003"";   nodeid: ""\000\000\000\000\000\000\000\000\000\000\000\000\000\000\000\000\000\000\000\000\000\000\000\000\000\000\000\000\000\000\000\000\000""; }; ","ledgerHash: ""\007\347lg\346B\270\350\352\375\266\371?(\361\364\365I|\375\262>\230(\333\250\331\007\360U\024\027""; ledgerSeq: 0; type: liTS_CANDIDATE; nodes {;   nodedata: ""\003S\n\235\2624\346\340\377asq\337\223T\316nL\232)C!\360\245\205[L\224\\351\351\000\003"";   nodeid: ""\000\000\000\000\000\000\000\000\000\000\000\000\000\000\000\000\000\000\000\000\000\000\000\000\000\000\000\000\000\000\000\000\000""; }; "
1750587282323,1750587282324,3559,1,4,0,TMValidation,"validation: """"\200\000\000\001&\000\000\000\010)/\352\224\021:Q\231\304\227'3\313\030Q\354@[\274\202\021\202\373Vi\243\n\325\250\005e\360""m\346'\311@\343\016$L\346\334\360<wP\027\000\000\000\000\000\000\000\000\000\000\000\000\000\000\000\000\000\000\000\000\000\000\000\000\000\000\000\000\000\000\000\000P\031\311\347s\234ae\204\263\365U\334\372D\354\345\276\201f\035\271%#\375\245\314.""\373\330&\3746s!\003ql\302)\235\321\t\213\224\356\374%%\311\327\037\374\304\t\335\2359\344\233\035]\347<u\236\364\222vF0D\002 \001\177~\274HY$\014\223\203q\307\261F8LW\267\243\221v\236\256\244\031\367H\375y\231\346!\002 3\217\302\227\231\311\023\236\315\237\251\010%\230\241x\346!,\315\211g\027\370\267*bD=%@\240""; ","validation: """"\200\000\000\001&\000\000\000\010)/\352\224\021:Q\231\304\227'3\313\030Q\354@[\274\202\021\202\373Vi\243\n\325\250\005e\360""m\346'\311@\343\016$L\346\334\360<wP\027\000\000\000\000\000\000\000\000\000\000\000\000\000\000\000\000\000\000\000\000\000\000\000\000\000\000\000\000\000\000\000\000P\031\311\347s\234ae\204\263\365U\334\372D\354\345\276\201f\035\271%#\375\245\314.""\373\330&\3746s!\003ql\302)\235\321\t\213\224\356\374%%\311\327\037\374\304\t\335\2359\344\233\035]\347<u\236\364\222vF0D\002 \001\177~\274HY$\014\223\203q\307\261F8LW\267\243\221v\236\256\244\031\367H\375y\231\346!\002 3\217\302\227\231\311\023\236\315\237\251\010%\230\241x\346!,\315\211g\027\370\267*bD=%@\240""; "
1750587282284,1750587282325,3058,1,2,3,TMStatusChange,"newEvent: neCLOSING_LEDGER; ledgerSeq: 8; ledgerHash: ""\354@[\274\202\021\202\373Vi\243\n\325\250\005e\360""m\346'\311@\343\016$L\346\334\360<w""; ledgerHashPrevious: ""\311\347s\234ae\204\263\365U\334\372D\354\345\276\201f\035\271%#\375\245\314.""\373\330&\3746""; networkTime: 803902482; firstSeq: 1; lastSeq: 8; ","newEvent: neCLOSING_LEDGER; ledgerSeq: 8; ledgerHash: ""\354@[\274\202\021\202\373Vi\243\n\325\250\005e\360""m\346'\311@\343\016$L\346\334\360<w""; ledgerHashPrevious: ""\311\347s\234ae\204\263\365U\334\372D\354\345\276\201f\035\271%#\375\245\314.""\373\330&\3746""; networkTime: 803902482; firstSeq: 1; lastSeq: 8; "
1750587282284,1750587282325,3116,1,2,4,TMStatusChange,"newEvent: neCLOSING_LEDGER; ledgerSeq: 8; ledgerHash: ""\354@[\274\202\021\202\373Vi\243\n\325\250\005e\360""m\346'\311@\343\016$L\346\334\360<w""; ledgerHashPrevious: ""\311\347s\234ae\204\263\365U\334\372D\354\345\276\201f\035\271%#\375\245\314.""\373\330&\3746""; networkTime: 803902482; firstSeq: 1; lastSeq: 8; ","newEvent: neCLOSING_LEDGER; ledgerSeq: 8; ledgerHash: ""\354@[\274\202\021\202\373Vi\243\n\325\250\005e\360""m\346'\311@\343\016$L\346\334\360<w""; ledgerHashPrevious: ""\311\347s\234ae\204\263\365U\334\372D\354\345\276\201f\035\271%#\375\245\314.""\373\330&\3746""; networkTime: 803902482; firstSeq: 1; lastSeq: 8; "
1750587282324,1750587282324,2819,1,4,1,TMValidation,"validation: """"\200\000\000\001&\000\000\000\010)/\352\224\021:Q\231\304\227'3\313\030Q\354@[\274\202\021\202\373Vi\243\n\325\250\005e\360""m\346'\311@\343\016$L\346\334\360<wP\027\000\000\000\000\000\000\000\000\000\000\000\000\000\000\000\000\000\000\000\000\000\000\000\000\000\000\000\000\000\000\000\000P\031\311\347s\234ae\204\263\365U\334\372D\354\345\276\201f\035\271%#\375\245\314.""\373\330&\3746s!\003ql\302)\235\321\t\213\224\356\374%%\311\327\037\374\304\t\335\2359\344\233\035]\347<u\236\364\222vF0D\002 \001\177~\274HY$\014\223\203q\307\261F8LW\267\243\221v\236\256\244\031\367H\375y\231\346!\002 3\217\302\227\231\311\023\236\315\237\251\010%\230\241x\346!,\315\211g\027\370\267*bD=%@\240""; ","validation: """"\200\000\000\001&\000\000\000\010)/\352\224\021:Q\231\304\227'3\313\030Q\354@[\274\202\021\202\373Vi\243\n\325\250\005e\360""m\346'\311@\343\016$L\346\334\360<wP\027\000\000\000\000\000\000\000\000\000\000\000\000\000\000\000\000\000\000\000\000\000\000\000\000\000\000\000\000\000\000\000\000P\031\311\347s\234ae\204\263\365U\334\372D\354\345\276\201f\035\271%#\375\245\314.""\373\330&\3746s!\003ql\302)\235\321\t\213\224\356\374%%\311\327\037\374\304\t\335\2359\344\233\035]\347<u\236\364\222vF0D\002 \001\177~\274HY$\014\223\203q\307\261F8LW\267\243\221v\236\256\244\031\367H\375y\231\346!\002 3\217\302\227\231\311\023\236\315\237\251\010%\230\241x\346!,\315\211g\027\370\267*bD=%@\240""; "
1750587282284,1750587282325,3126,1,2,1,TMStatusChange,"newEvent: neCLOSING_LEDGER; ledgerSeq: 8; ledgerHash: ""\354@[\274\202\021\202\373Vi\243\n\325\250\005e\360""m\346'\311@\343\016$L\346\334\360<w""; ledgerHashPrevious: ""\311\347s\234ae\204\263\365U\334\372D\354\345\276\201f\035\271%#\375\245\314.""\373\330&\3746""; networkTime: 803902482; firstSeq: 1; lastSeq: 8; ","newEvent: neCLOSING_LEDGER; ledgerSeq: 8; ledgerHash: ""\354@[\274\202\021\202\373Vi\243\n\325\250\005e\360""m\346'\311@\343\016$L\346\334\360<w""; ledgerHashPrevious: ""\311\347s\234ae\204\263\365U\334\372D\354\345\276\201f\035\271%#\375\245\314.""\373\330&\3746""; networkTime: 803902482; firstSeq: 1; lastSeq: 8; "
1750587282285,1750587282325,3744,1,2,0,TMStatusChange,"newEvent: neCLOSING_LEDGER; ledgerSeq: 8; ledgerHash: ""\354@[\274\202\021\202\373Vi\243\n\325\250\005e\360""m\346'\311@\343\016$L\346\334\360<w""; ledgerHashPrevious: ""\311\347s\234ae\204\263\365U\334\372D\354\345\276\201f\035\271%#\375\245\314.""\373\330&\3746""; networkTime: 803902482; firstSeq: 1; lastSeq: 8; ","newEvent: neCLOSING_LEDGER; ledgerSeq: 8; ledgerHash: ""\354@[\274\202\021\202\373Vi\243\n\325\250\005e\360""m\346'\311@\343\016$L\346\334\360<w""; ledgerHashPrevious: ""\311\347s\234ae\204\263\365U\334\372D\354\345\276\201f\035\271%#\375\245\314.""\373\330&\3746""; networkTime: 803902482; firstSeq: 1; lastSeq: 8; "
1750587282328,1750587282328,3082,1,2,4,TMProposeSet,"proposeSeq: 0; currentTxHash: ""\007\347lg\346B\270\350\352\375\266\371?(\361\364\365I|\375\262>\230(\333\250\331\007\360U\024\027""; nodePubKey: ""\003ql\302)\235\321\t\213\224\356\374%%\311\327\037\374\304\t\335\2359\344\233\035]\347<u\236\364\222""; closeTime: 803902482; signature: ""0E\002!\000\225\204A\261?\224G\341C\256\266k\305lI}\255\314\r\004\371\277\276\305M\326:x*\214\301\254\002 @\277X\250\246S_?\232\337\263\225]\207\200G\212\273\002\371\312\316[\275P\317\325l\217\364\374r""; previousledger: ""\354@[\274\202\021\202\373Vi\243\n\325\250\005e\360""m\346'\311@\343\016$L\346\334\360<w""; ","proposeSeq: 0; currentTxHash: ""\007\347lg\346B\270\350\352\375\266\371?(\361\364\365I|\375\262>\230(\333\250\331\007\360U\024\027""; nodePubKey: ""\003ql\302)\235\321\t\213\224\356\374%%\311\327\037\374\304\t\335\2359\344\233\035]\347<u\236\364\222""; closeTime: 803902482; signature: ""0E\002!\000\225\204A\261?\224G\341C\256\266k\305lI}\255\314\r\004\371\277\276\305M\326:x*\214\301\254\002 @\277X\250\246S_?\232\337\263\225]\207\200G\212\273\002\371\312\316[\275P\317\325l\217\364\374r""; previousledger: ""\354@[\274\202\021\202\373Vi\243\n\325\250\005e\360""m\346'\311@\343\016$L\346\334\360<w""; "
1750587282328,1750587282328,2236,1,2,4,TMTransaction,"rawTransaction: ""\022\000\000""\000\000\000\000$\000\000\000\006 \033\000\000\000\032a@\000\000\023S/~\000h@\000\000\000\000\000\000\ns!\003\364\346'\245\361\313f\307\325O*\031\010 \337\241\354\3450V\376\031#\323\000\245'Q`4d\376tF0D\002 ,\010\365p6\304C\242\365\005bf\023\023\2535\373c\246@\nC\214\257Kj\3519\353\257)r\002 [n\210\266}:;pPVw\327i\342,4\316\274A\315\001|\214\302?\r\222\354\240\0308\221\201\024B\006\222#\215\346\234\245/\205\327[/\206^\005y\253G\373\203\024E0\246\210\344\325\345r\024T\251\006P\255\352\333\372\351\337\302""; status: tsNEW; receiveTimestamp: 803902482; ","rawTransaction: ""\022\000\000""\000\000\000\000$\000\000\000\006 \033\000\000\000\032a@\000\000\023S/~\000h@\000\000\000\000\000\000\ns!\003\364\346'\245\361\313f\307\325O*\031\010 \337\241\354\3450V\376\031#\323\000\245'Q`4d\376tF0D\002 ,\010\365p6\304C\242\365\005bf\023\023\2535\373c\246@\nC\214\257Kj\3519\353\257)r\002 [n\210\266}:;pPVw\327i\342,4\316\274A\315\001|\214\302?\r\222\354\240\0308\221\201\024B\006\222#\215\346\234\245/\205\327[/\206^\005y\253G\373\203\024E0\246\210\344\325\345r\024T\251\006P\255\352\333\372\351\337\302""; status: tsNEW; receiveTimestamp: 803902482; "
1750587282331,1750587282331,1357,1,4,3,TMValidation,"validation: """"\200\000\000\001&\000\000\000\010)/\352\224\021:Q\231\304\227'3\313\030Q\354@[\274\202\021\202\373Vi\243\n\325\250\005e\360""m\346'\311@\343\016$L\346\334\360<wP\027\000\000\000\000\000\000\000\000\000\000\000\000\000\000\000\000\000\000\000\000\000\000\000\000\000\000\000\000\000\000\000\000P\031\311\347s\234ae\204\263\365U\334\372D\354\345\276\201f\035\271%#\375\245\314.""\373\330&\3746s!\003ql\302)\235\321\t\213\224\356\374%%\311\327\037\374\304\t\335\2359\344\233\035]\347<u\236\364\222vF0D\002 \001\177~\274HY$\014\223\203q\307\261F8LW\267\243\221v\236\256\244\031\367H\375y\231\346!\002 3\217\302\227\231\311\023\236\315\237\251\010%\230\241x\346!,\315\211g\027\370\267*bD=%@\240""; ","validation: """"\200\000\000\001&\000\000\000\010)/\352\224\021:Q\231\304\227'3\313\030Q\354@[\274\202\021\202\373Vi\243\n\325\250\005e\360""m\346'\311@\343\016$L\346\334\360<wP\027\000\000\000\000\000\000\000\000\000\000\000\000\000\000\000\000\000\000\000\000\000\000\000\000\000\000\000\000\000\000\000\000P\031\311\347s\234ae\204\263\365U\334\372D\354\345\276\201f\035\271%#\375\245\314.""\373\330&\3746s!\003ql\302)\235\321\t\213\224\356\374%%\311\327\037\374\304\t\335\2359\344\233\035]\347<u\236\364\222vF0D\002 \001\177~\274HY$\014\223\203q\307\261F8LW\267\243\221v\236\256\244\031\367H\375y\231\346!\002 3\217\302\227\231\311\023\236\315\237\251\010%\230\241x\346!,\315\211g\027\370\267*bD=%@\240""; "
1750587282365,1750587282365,1102,1,2,3,TMLedgerData,"ledgerHash: ""\007\347lg\346B\270\350\352\375\266\371?(\361\364\365I|\375\262>\230(\333\250\331\007\360U\024\027""; ledgerSeq: 0; type: liTS_CANDIDATE; nodes {;   nodedata: ""\003S\n\235\2624\346\340\377asq\337\223T\316nL\232)C!\360\245\205[L\224\\351\351\000\003"";   nodeid: ""\000\000\000\000\000\000\000\000\000\000\000\000\000\000\000\000\000\000\000\000\000\000\000\000\000\000\000\000\000\000\000\000\000""; }; ","ledgerHash: ""\007\347lg\346B\270\350\352\375\266\371?(\361\364\365I|\375\262>\230(\333\250\331\007\360U\024\027""; ledgerSeq: 0; type: liTS_CANDIDATE; nodes {;   nodedata: ""\003S\n\235\2624\346\340\377asq\337\223T\316nL\232)C!\360\245\205[L\224\\351\351\000\003"";   nodeid: ""\000\000\000\000\000\000\000\000\000\000\000\000\000\000\000\000\000\000\000\000\000\000\000\000\000\000\000\000\000\000\000\000\000""; }; "
1750587282392,1750587282392,557,1,4,1,TMGetLedger,"itype: liTS_CANDIDATE; ledgerHash: ""\007\347lg\346B\270\350\352\375\266\371?(\361\364\365I|\375\262>\230(\333\250\331\007\360U\024\027""; nodeIDs: ""\000\000\000\000\000\000\000\000\000\000\000\000\000\000\000\000\000\000\000\000\000\000\000\000\000\000\000\000\000\000\000\000\000""; requestCookie: 4; queryType: qtINDIRECT; queryDepth: 3; ","itype: liTS_CANDIDATE; ledgerHash: ""\007\347lg\346B\270\350\352\375\266\371?(\361\364\365I|\375\262>\230(\333\250\331\007\360U\024\027""; nodeIDs: ""\000\000\000\000\000\000\000\000\000\000\000\000\000\000\000\000\000\000\000\000\000\000\000\000\000\000\000\000\000\000\000\000\000""; requestCookie: 4; queryType: qtINDIRECT; queryDepth: 3; "
1750587282392,1750587282392,2715,1,1,4,TMLedgerData,"ledgerHash: ""\007\347lg\346B\270\350\352\375\266\371?(\361\364\365I|\375\262>\230(\333\250\331\007\360U\024\027""; ledgerSeq: 0; type: liTS_CANDIDATE; nodes {;   nodedata: ""\003S\n\235\2624\346\340\377asq\337\223T\316nL\232)C!\360\245\205[L\224\\351\351\000\003"";   nodeid: ""\000\000\000\000\000\000\000\000\000\000\000\000\000\000\000\000\000\000\000\000\000\000\000\000\000\000\000\000\000\000\000\000\000""; }; requestCookie: 1; ","ledgerHash: ""\007\347lg\346B\270\350\352\375\266\371?(\361\364\365I|\375\262>\230(\333\250\331\007\360U\024\027""; ledgerSeq: 0; type: liTS_CANDIDATE; nodes {;   nodedata: ""\003S\n\235\2624\346\340\377asq\337\223T\316nL\232)C!\360\245\205[L\224\\351\351\000\003"";   nodeid: ""\000\000\000\000\000\000\000\000\000\000\000\000\000\000\000\000\000\000\000\000\000\000\000\000\000\000\000\000\000\000\000\000\000""; }; requestCookie: 1; "
1750587282417,1750587282417,1399,1,1,3,TMLedgerData,"ledgerHash: ""\007\347lg\346B\270\350\352\375\266\371?(\361\364\365I|\375\262>\230(\333\250\331\007\360U\024\027""; ledgerSeq: 0; type: liTS_CANDIDATE; nodes {;   nodedata: ""\003S\n\235\2624\346\340\377asq\337\223T\316nL\232)C!\360\245\205[L\224\\351\351\000\003"";   nodeid: ""\000\000\000\000\000\000\000\000\000\000\000\000\000\000\000\000\000\000\000\000\000\000\000\000\000\000\000\000\000\000\000\000\000""; }; ","ledgerHash: ""\007\347lg\346B\270\350\352\375\266\371?(\361\364\365I|\375\262>\230(\333\250\331\007\360U\024\027""; ledgerSeq: 0; type: liTS_CANDIDATE; nodes {;   nodedata: ""\003S\n\235\2624\346\340\377asq\337\223T\316nL\232)C!\360\245\205[L\224\\351\351\000\003"";   nodeid: ""\000\000\000\000\000\000\000\000\000\000\000\000\000\000\000\000\000\000\000\000\000\000\000\000\000\000\000\000\000\000\000\000\000""; }; "
1750587282422,1750587282423,3090,1,1,0,TMValidation,"validation: """"\200\000\000\001&\000\000\000\010)/\352\224\017:I\203w\200\211\SGQ\237\231\311\371Y@""\177>\241""\310\233r\315\210Z\003g\334\034\021\305\3353Q\035\224\200\224\347\257P\027\r!N\267\203~\313a\272~\344A\332\034\332r\\301\240a\307\341\261(c(\021\265B\030@(P\031\311\347s\234ae\204\263\365U\334\372D\354\345\276\201f\035\271%#\375\245\314.""\373\330&\3746s!\002\347\243J\206W\025ML\260\226\0163\217\250\337\325W\253\356*O\245Z\271\234\207C\274\375`\335\311vG0E\002!\000\276\263b]\250\331\245\342\334\022\303E#\364\326\361\037\237\022\204\323]\036t\253p\267\206\3237\341\376\002 N9\020y[\221\237\265\307\221*\375\240Y\251\367\235\266\244Xr\223\\371\2629\355K\310K1\t""; ","validation: """"\200\000\000\001&\000\000\000\010)/\352\224\017:I\203w\200\211\SGQ\237\231\311\371Y@""\177>\241""\310\233r\315\210Z\003g\334\034\021\305\3353Q\035\224\200\224\347\257P\027\r!N\267\203~\313a\272~\344A\332\034\332r\\301\240a\307\341\261(c(\021\265B\030@(P\031\311\347s\234ae\204\263\365U\334\372D\354\345\276\201f\035\271%#\375\245\314.""\373\330&\3746s!\002\347\243J\206W\025ML\260\226\0163\217\250\337\325W\253\356*O\245Z\271\234\207C\274\375`\335\311vG0E\002!\000\276\263b]\250\331\245\342\334\022\303E#\364\326\361\037\237\022\204\323]\036t\253p\267\206\3237\341\376\002 N9\020y[\221\237\265\307\221*\375\240Y\251\367\235\266\244Xr\223\\371\2629\355K\310K1\t""; "
1750587282424,1750587282424,1289,1,1,3,TMValidation,"validation: """"\200\000\000\001&\000\000\000\010)/\352\224\021:Q\231\304\227'3\313\030Q\354@[\274\202\021\202\373Vi\243\n\325\250\005e\360""m\346'\311@\343\016$L\346\334\360<wP\027\000\000\000\000\000\000\000\000\000\000\000\000\000\000\000\000\000\000\000\000\000\000\000\000\000\000\000\000\000\000\000\000P\031\311\347s\234ae\204\263\365U\334\372D\354\345\276\201f\035\271%#\375\245\314.""\373\330&\3746s!\003ql\302)\235\321\t\213\224\356\374%%\311\327\037\374\304\t\335\2359\344\233\035]\347<u\236\364\222vF0D\002 \001\177~\274HY$\014\223\203q\307\261F8LW\267\243\221v\236\256\244\031\367H\375y\231\346!\002 3\217\302\227\231\311\023\236\315\237\251\010%\230\241x\346!,\315\211g\027\370\267*bD=%@\240""; ","validation: """"\200\000\000\001&\000\000\000\010)/\352\224\021:Q\231\304\227'3\313\030Q\354@[\274\202\021\202\373Vi\243\n\325\250\005e\360""m\346'\311@\343\016$L\346\334\360<wP\027\000\000\000\000\000\000\000\000\000\000\000\000\000\000\000\000\000\000\000\000\000\000\000\000\000\000\000\000\000\000\000\000P\031\311\347s\234ae\204\263\365U\334\372D\354\345\276\201f\035\271%#\375\245\314.""\373\330&\3746s!\003ql\302)\235\321\t\213\224\356\374%%\311\327\037\374\304\t\335\2359\344\233\035]\347<u\236\364\222vF0D\002 \001\177~\274HY$\014\223\203q\307\261F8LW\267\243\221v\236\256\244\031\367H\375y\231\346!\002 3\217\302\227\231\311\023\236\315\237\251\010%\230\241x\346!,\315\211g\027\370\267*bD=%@\240""; "
1750587282424,1750587282424,1939,1,1,4,TMValidation,"validation: """"\200\000\000\001&\000\000\000\010)/\352\224\021:Q\231\304\227'3\313\030Q\354@[\274\202\021\202\373Vi\243\n\325\250\005e\360""m\346'\311@\343\016$L\346\334\360<wP\027\000\000\000\000\000\000\000\000\000\000\000\000\000\000\000\000\000\000\000\000\000\000\000\000\000\000\000\000\000\000\000\000P\031\311\347s\234ae\204\263\365U\334\372D\354\345\276\201f\035\271%#\375\245\314.""\373\330&\3746s!\003ql\302)\235\321\t\213\224\356\374%%\311\327\037\374\304\t\335\2359\344\233\035]\347<u\236\364\222vF0D\002 \001\177~\274HY$\014\223\203q\307\261F8LW\267\243\221v\236\256\244\031\367H\375y\231\346!\002 3\217\302\227\231\311\023\236\315\237\251\010%\230\241x\346!,\315\211g\027\370\267*bD=%@\240""; ","validation: """"\200\000\000\001&\000\000\000\010)/\352\224\021:Q\231\304\227'3\313\030Q\354@[\274\202\021\202\373Vi\243\n\325\250\005e\360""m\346'\311@\343\016$L\346\334\360<wP\027\000\000\000\000\000\000\000\000\000\000\000\000\000\000\000\000\000\000\000\000\000\000\000\000\000\000\000\000\000\000\000\000P\031\311\347s\234ae\204\263\365U\334\372D\354\345\276\201f\035\271%#\375\245\314.""\373\330&\3746s!\003ql\302)\235\321\t\213\224\356\374%%\311\327\037\374\304\t\335\2359\344\233\035]\347<u\236\364\222vF0D\002 \001\177~\274HY$\014\223\203q\307\261F8LW\267\243\221v\236\256\244\031\367H\375y\231\346!\002 3\217\302\227\231\311\023\236\315\237\251\010%\230\241x\346!,\315\211g\027\370\267*bD=%@\240""; "
1750587282423,1750587282423,1289,1,1,3,TMValidation,"validation: """"\200\000\000\001&\000\000\000\010)/\352\224\017:I\203w\200\211\SGQ\237\231\311\371Y@""\177>\241""\310\233r\315\210Z\003g\334\034\021\305\3353Q\035\224\200\224\347\257P\027\r!N\267\203~\313a\272~\344A\332\034\332r\\301\240a\307\341\261(c(\021\265B\030@(P\031\311\347s\234ae\204\263\365U\334\372D\354\345\276\201f\035\271%#\375\245\314.""\373\330&\3746s!\002\347\243J\206W\025ML\260\226\0163\217\250\337\325W\253\356*O\245Z\271\234\207C\274\375`\335\311vG0E\002!\000\276\263b]\250\331\245\342\334\022\303E#\364\326\361\037\237\022\204\323]\036t\253p\267\206\3237\341\376\002 N9\020y[\221\237\265\307\221*\375\240Y\251\367\235\266\244Xr\223\\371\2629\355K\310K1\t""; ","validation: """"\200\000\000\001&\000\000\000\010)/\352\224\017:I\203w\200\211\SGQ\237\231\311\371Y@""\177>\241""\310\233r\315\210Z\003g\334\034\021\305\3353Q\035\224\200\224\347\257P\027\r!N\267\203~\313a\272~\344A\332\034\332r\\301\240a\307\341\261(c(\021\265B\030@(P\031\311\347s\234ae\204\263\365U\334\372D\354\345\276\201f\035\271%#\375\245\314.""\373\330&\3746s!\002\347\243J\206W\025ML\260\226\0163\217\250\337\325W\253\356*O\245Z\271\234\207C\274\375`\335\311vG0E\002!\000\276\263b]\250\331\245\342\334\022\303E#\364\326\361\037\237\022\204\323]\036t\253p\267\206\3237\341\376\002 N9\020y[\221\237\265\307\221*\375\240Y\251\367\235\266\244Xr\223\\371\2629\355K\310K1\t""; "
1750587282423,1750587282423,1939,1,1,4,TMValidation,"validation: """"\200\000\000\001&\000\000\000\010)/\352\224\017:I\203w\200\211\SGQ\237\231\311\371Y@""\177>\241""\310\233r\315\210Z\003g\334\034\021\305\3353Q\035\224\200\224\347\257P\027\r!N\267\203~\313a\272~\344A\332\034\332r\\301\240a\307\341\261(c(\021\265B\030@(P\031\311\347s\234ae\204\263\365U\334\372D\354\345\276\201f\035\271%#\375\245\314.""\373\330&\3746s!\002\347\243J\206W\025ML\260\226\0163\217\250\337\325W\253\356*O\245Z\271\234\207C\274\375`\335\311vG0E\002!\000\276\263b]\250\331\245\342\334\022\303E#\364\326\361\037\237\022\204\323]\036t\253p\267\206\3237\341\376\002 N9\020y[\221\237\265\307\221*\375\240Y\251\367\235\266\244Xr\223\\371\2629\355K\310K1\t""; ","validation: """"\200\000\000\001&\000\000\000\010)/\352\224\017:I\203w\200\211\SGQ\237\231\311\371Y@""\177>\241""\310\233r\315\210Z\003g\334\034\021\305\3353Q\035\224\200\224\347\257P\027\r!N\267\203~\313a\272~\344A\332\034\332r\\301\240a\307\341\261(c(\021\265B\030@(P\031\311\347s\234ae\204\263\365U\334\372D\354\345\276\201f\035\271%#\375\245\314.""\373\330&\3746s!\002\347\243J\206W\025ML\260\226\0163\217\250\337\325W\253\356*O\245Z\271\234\207C\274\375`\335\311vG0E\002!\000\276\263b]\250\331\245\342\334\022\303E#\364\326\361\037\237\022\204\323]\036t\253p\267\206\3237\341\376\002 N9\020y[\221\237\265\307\221*\375\240Y\251\367\235\266\244Xr\223\\371\2629\355K\310K1\t""; "
1750587282425,1750587282425,3090,1,1,0,TMValidation,"validation: """"\200\000\000\001&\000\000\000\010)/\352\224\021:Q\231\304\227'3\313\030Q\354@[\274\202\021\202\373Vi\243\n\325\250\005e\360""m\346'\311@\343\016$L\346\334\360<wP\027\000\000\000\000\000\000\000\000\000\000\000\000\000\000\000\000\000\000\000\000\000\000\000\000\000\000\000\000\000\000\000\000P\031\311\347s\234ae\204\263\365U\334\372D\354\345\276\201f\035\271%#\375\245\314.""\373\330&\3746s!\003ql\302)\235\321\t\213\224\356\374%%\311\327\037\374\304\t\335\2359\344\233\035]\347<u\236\364\222vF0D\002 \001\177~\274HY$\014\223\203q\307\261F8LW\267\243\221v\236\256\244\031\367H\375y\231\346!\002 3\217\302\227\231\311\023\236\315\237\251\010%\230\241x\346!,\315\211g\027\370\267*bD=%@\240""; ","validation: """"\200\000\000\001&\000\000\000\010)/\352\224\021:Q\231\304\227'3\313\030Q\354@[\274\202\021\202\373Vi\243\n\325\250\005e\360""m\346'\311@\343\016$L\346\334\360<wP\027\000\000\000\000\000\000\000\000\000\000\000\000\000\000\000\000\000\000\000\000\000\000\000\000\000\000\000\000\000\000\000\000P\031\311\347s\234ae\204\263\365U\334\372D\354\345\276\201f\035\271%#\375\245\314.""\373\330&\3746s!\003ql\302)\235\321\t\213\224\356\374%%\311\327\037\374\304\t\335\2359\344\233\035]\347<u\236\364\222vF0D\002 \001\177~\274HY$\014\223\203q\307\261F8LW\267\243\221v\236\256\244\031\367H\375y\231\346!\002 3\217\302\227\231\311\023\236\315\237\251\010%\230\241x\346!,\315\211g\027\370\267*bD=%@\240""; "
1750587282440,1750587282440,1799,1,1,2,TMProposeSet,"proposeSeq: 1; currentTxHash: ""q|\216``\027\240\206w\312\263+\241\310\271\371\2034\351_\3373\tL\007q_p\342\264_z""; nodePubKey: ""\003\343\005\311u\203\370\0338\3174\324\010\006\301\251\177\261\304eOX\262)FA-\022r\263wm\024""; closeTime: 803902480; signature: ""0D\002 \033n\326i^y/\366o\005#\333\252\032\224s\361\305\343\265\251)\223\347\017\004\350p\334\236\341\327\002 \022\335 M\204G\253\334\253p\252h5z\313w\247\210;\014B2!\033\004\022\217\377\225\322\246\370""; previousledger: ""\354@[\274\202\021\202\373Vi\243\n\325\250\005e\360""m\346'\311@\343\016$L\346\334\360<w""; ","proposeSeq: 1; currentTxHash: ""q|\216``\027\240\206w\312\263+\241\310\271\371\2034\351_\3373\tL\007q_p\342\264_z""; nodePubKey: ""\003\343\005\311u\203\370\0338\3174\324\010\006\301\251\177\261\304eOX\262)FA-\022r\263wm\024""; closeTime: 803902480; signature: ""0D\002 \033n\326i^y/\366o\005#\333\252\032\224s\361\305\343\265\251)\223\347\017\004\350p\334\236\341\327\002 \022\335 M\204G\253\334\253p\252h5z\313w\247\210;\014B2!\033\004\022\217\377\225\322\246\370""; previousledger: ""\354@[\274\202\021\202\373Vi\243\n\325\250\005e\360""m\346'\311@\343\016$L\346\334\360<w""; "
1750587282442,1750587282442,3053,1,1,2,TMHaveTransactionSet,"status: tsHAVE; hash: ""q|\216``\027\240\206w\312\263+\241\310\271\371\2034\351_\3373\tL\007q_p\342\264_z""; ","status: tsHAVE; hash: ""q|\216``\027\240\206w\312\263+\241\310\271\371\2034\351_\3373\tL\007q_p\342\264_z""; "
1750587282442,1750587282442,1836,1,1,3,TMHaveTransactionSet,"status: tsHAVE; hash: ""q|\216``\027\240\206w\312\263+\241\310\271\371\2034\351_\3373\tL\007q_p\342\264_z""; ","status: tsHAVE; hash: ""q|\216``\027\240\206w\312\263+\241\310\271\371\2034\351_\3373\tL\007q_p\342\264_z""; "
1750587282442,1750587282443,3538,1,1,3,TMProposeSet,"proposeSeq: 1; currentTxHash: ""q|\216``\027\240\206w\312\263+\241\310\271\371\2034\351_\3373\tL\007q_p\342\264_z""; nodePubKey: ""\003\343\005\311u\203\370\0338\3174\324\010\006\301\251\177\261\304eOX\262)FA-\022r\263wm\024""; closeTime: 803902480; signature: ""0D\002 \033n\326i^y/\366o\005#\333\252\032\224s\361\305\343\265\251)\223\347\017\004\350p\334\236\341\327\002 \022\335 M\204G\253\334\253p\252h5z\313w\247\210;\014B2!\033\004\022\217\377\225\322\246\370""; previousledger: ""\354@[\274\202\021\202\373Vi\243\n\325\250\005e\360""m\346'\311@\343\016$L\346\334\360<w""; ","proposeSeq: 1; currentTxHash: ""q|\216``\027\240\206w\312\263+\241\310\271\371\2034\351_\3373\tL\007q_p\342\264_z""; nodePubKey: ""\003\343\005\311u\203\370\0338\3174\324\010\006\301\251\177\261\304eOX\262)FA-\022r\263wm\024""; closeTime: 803902480; signature: ""0D\002 \033n\326i^y/\366o\005#\333\252\032\224s\361\305\343\265\251)\223\347\017\004\350p\334\236\341\327\002 \022\335 M\204G\253\334\253p\252h5z\313w\247\210;\014B2!\033\004\022\217\377\225\322\246\370""; previousledger: ""\354@[\274\202\021\202\373Vi\243\n\325\250\005e\360""m\346'\311@\343\016$L\346\334\360<w""; "
1750587282443,1750587282443,361,1,1,0,TMHaveTransactionSet,"status: tsHAVE; hash: ""q|\216``\027\240\206w\312\263+\241\310\271\371\2034\351_\3373\tL\007q_p\342\264_z""; ","status: tsHAVE; hash: ""q|\216``\027\240\206w\312\263+\241\310\271\371\2034\351_\3373\tL\007q_p\342\264_z""; "
1750587282443,1750587282443,926,1,1,0,TMProposeSet,"proposeSeq: 1; currentTxHash: ""q|\216``\027\240\206w\312\263+\241\310\271\371\2034\351_\3373\tL\007q_p\342\264_z""; nodePubKey: ""\003\343\005\311u\203\370\0338\3174\324\010\006\301\251\177\261\304eOX\262)FA-\022r\263wm\024""; closeTime: 803902480; signature: ""0D\002 \033n\326i^y/\366o\005#\333\252\032\224s\361\305\343\265\251)\223\347\017\004\350p\334\236\341\327\002 \022\335 M\204G\253\334\253p\252h5z\313w\247\210;\014B2!\033\004\022\217\377\225\322\246\370""; previousledger: ""\354@[\274\202\021\202\373Vi\243\n\325\250\005e\360""m\346'\311@\343\016$L\346\334\360<w""; ","proposeSeq: 1; currentTxHash: ""q|\216``\027\240\206w\312\263+\241\310\271\371\2034\351_\3373\tL\007q_p\342\264_z""; nodePubKey: ""\003\343\005\311u\203\370\0338\3174\324\010\006\301\251\177\261\304eOX\262)FA-\022r\263wm\024""; closeTime: 803902480; signature: ""0D\002 \033n\326i^y/\366o\005#\333\252\032\224s\361\305\343\265\251)\223\347\017\004\350p\334\236\341\327\002 \022\335 M\204G\253\334\253p\252h5z\313w\247\210;\014B2!\033\004\022\217\377\225\322\246\370""; previousledger: ""\354@[\274\202\021\202\373Vi\243\n\325\250\005e\360""m\346'\311@\343\016$L\346\334\360<w""; "
1750587282443,1750587282444,1102,1,2,3,TMLedgerData,"ledgerHash: ""\007\347lg\346B\270\350\352\375\266\371?(\361\364\365I|\375\262>\230(\333\250\331\007\360U\024\027""; ledgerSeq: 0; type: liTS_CANDIDATE; nodes {;   nodedata: ""\003S\n\235\2624\346\340\377asq\337\223T\316nL\232)C!\360\245\205[L\224\\351\351\000\003"";   nodeid: ""\000\000\000\000\000\000\000\000\000\000\000\000\000\000\000\000\000\000\000\000\000\000\000\000\000\000\000\000\000\000\000\000\000""; }; ","ledgerHash: ""\007\347lg\346B\270\350\352\375\266\371?(\361\364\365I|\375\262>\230(\333\250\331\007\360U\024\027""; ledgerSeq: 0; type: liTS_CANDIDATE; nodes {;   nodedata: ""\003S\n\235\2624\346\340\377asq\337\223T\316nL\232)C!\360\245\205[L\224\\351\351\000\003"";   nodeid: ""\000\000\000\000\000\000\000\000\000\000\000\000\000\000\000\000\000\000\000\000\000\000\000\000\000\000\000\000\000\000\000\000\000""; }; "
1750587282444,1750587282444,3375,1,1,4,TMProposeSet,"proposeSeq: 1; currentTxHash: ""q|\216``\027\240\206w\312\263+\241\310\271\371\2034\351_\3373\tL\007q_p\342\264_z""; nodePubKey: ""\003\343\005\311u\203\370\0338\3174\324\010\006\301\251\177\261\304eOX\262)FA-\022r\263wm\024""; closeTime: 803902480; signature: ""0D\002 \033n\326i^y/\366o\005#\333\252\032\224s\361\305\343\265\251)\223\347\017\004\350p\334\236\341\327\002 \022\335 M\204G\253\334\253p\252h5z\313w\247\210;\014B2!\033\004\022\217\377\225\322\246\370""; previousledger: ""\354@[\274\202\021\202\373Vi\243\n\325\250\005e\360""m\346'\311@\343\016$L\346\334\360<w""; ","proposeSeq: 1; currentTxHash: ""q|\216``\027\240\206w\312\263+\241\310\271\371\2034\351_\3373\tL\007q_p\342\264_z""; nodePubKey: ""\003\343\005\311u\203\370\0338\3174\324\010\006\301\251\177\261\304eOX\262)FA-\022r\263wm\024""; closeTime: 803902480; signature: ""0D\002 \033n\326i^y/\366o\005#\333\252\032\224s\361\305\343\265\251)\223\347\017\004\350p\334\236\341\327\002 \022\335 M\204G\253\334\253p\252h5z\313w\247\210;\014B2!\033\004\022\217\377\225\322\246\370""; previousledger: ""\354@[\274\202\021\202\373Vi\243\n\325\250\005e\360""m\346'\311@\343\016$L\346\334\360<w""; "
1750587282444,1750587282445,3383,1,1,4,TMHaveTransactionSet,"status: tsHAVE; hash: ""q|\216``\027\240\206w\312\263+\241\310\271\371\2034\351_\3373\tL\007q_p\342\264_z""; ","status: tsHAVE; hash: ""q|\216``\027\240\206w\312\263+\241\310\271\371\2034\351_\3373\tL\007q_p\342\264_z""; "
1750587282449,1750587282449,2655,1,1,0,TMLedgerData,"ledgerHash: ""b\001;\355\\351h\305\360*\252j\2470\334[#|\313\3606\207\210\245\372\217RX\333g`K""; ledgerSeq: 0; type: liTS_CANDIDATE; nodes {;   nodedata: "" \245\366\271\024\035\303\242}O\341[\232\374\0350\307\253\205\001\301\216B\031pk\231\004\271\276\265\240\002\003"";   nodeid: ""\000\000\000\000\000\000\000\000\000\000\000\000\000\000\000\000\000\000\000\000\000\000\000\000\000\000\000\000\000\000\000\000\000""; }; ","ledgerHash: ""b\001;\355\\351h\305\360*\252j\2470\334[#|\313\3606\207\210\245\372\217RX\333g`K""; ledgerSeq: 0; type: liTS_CANDIDATE; nodes {;   nodedata: "" \245\366\271\024\035\303\242}O\341[\232\374\0350\307\253\205\001\301\216B\031pk\231\004\271\276\265\240\002\003"";   nodeid: ""\000\000\000\000\000\000\000\000\000\000\000\000\000\000\000\000\000\000\000\000\000\000\000\000\000\000\000\000\000\000\000\000\000""; }; "
1750587282450,1750587282451,2715,1,1,4,TMLedgerData,"ledgerHash: ""\007\347lg\346B\270\350\352\375\266\371?(\361\364\365I|\375\262>\230(\333\250\331\007\360U\024\027""; ledgerSeq: 0; type: liTS_CANDIDATE; nodes {;   nodedata: ""\003S\n\235\2624\346\340\377asq\337\223T\316nL\232)C!\360\245\205[L\224\\351\351\000\003"";   nodeid: ""\000\000\000\000\000\000\000\000\000\000\000\000\000\000\000\000\000\000\000\000\000\000\000\000\000\000\000\000\000\000\000\000\000""; }; requestCookie: 4; ","ledgerHash: ""\007\347lg\346B\270\350\352\375\266\371?(\361\364\365I|\375\262>\230(\333\250\331\007\360U\024\027""; ledgerSeq: 0; type: liTS_CANDIDATE; nodes {;   nodedata: ""\003S\n\235\2624\346\340\377asq\337\223T\316nL\232)C!\360\245\205[L\224\\351\351\000\003"";   nodeid: ""\000\000\000\000\000\000\000\000\000\000\000\000\000\000\000\000\000\000\000\000\000\000\000\000\000\000\000\000\000\000\000\000\000""; }; requestCookie: 4; "
1750587282464,1750587282464,520,1,2,1,TMLedgerData,"ledgerHash: ""\r!N\267\203~\313a\272~\344A\332\034\332r\\301\240a\307\341\261(c(\021\265B\030@(""; ledgerSeq: 0; type: liTS_CANDIDATE; nodes {;   nodedata: ""\247\272\246\2214\014W1\360z\262\252=\343\207'\275\266;\016\021\306\330\030\225\023\357\272\353\200x\221\n\003"";   nodeid: ""\000\000\000\000\000\000\000\000\000\000\000\000\000\000\000\000\000\000\000\000\000\000\000\000\000\000\000\000\000\000\000\000\000""; }; ","ledgerHash: ""\r!N\267\203~\313a\272~\344A\332\034\332r\\301\240a\307\341\261(c(\021\265B\030@(""; ledgerSeq: 0; type: liTS_CANDIDATE; nodes {;   nodedata: ""\247\272\246\2214\014W1\360z\262\252=\343\207'\275\266;\016\021\306\330\030\225\023\357\272\353\200x\221\n\003"";   nodeid: ""\000\000\000\000\000\000\000\000\000\000\000\000\000\000\000\000\000\000\000\000\000\000\000\000\000\000\000\000\000\000\000\000\000""; }; "
1750587282502,1750587282502,3520,1,3,1,TMLedgerData,"ledgerHash: ""\r!N\267\203~\313a\272~\344A\332\034\332r\\301\240a\307\341\261(c(\021\265B\030@(""; ledgerSeq: 0; type: liTS_CANDIDATE; nodes {;   nodedata: ""\247\272\246\2214\014W1\360z\262\252=\343\207'\275\266;\016\021\306\330\030\225\023\357\272\353\200x\221\n\003"";   nodeid: ""\000\000\000\000\000\000\000\000\000\000\000\000\000\000\000\000\000\000\000\000\000\000\000\000\000\000\000\000\000\000\000\000\000""; }; ","ledgerHash: ""\r!N\267\203~\313a\272~\344A\332\034\332r\\301\240a\307\341\261(c(\021\265B\030@(""; ledgerSeq: 0; type: liTS_CANDIDATE; nodes {;   nodedata: ""\247\272\246\2214\014W1\360z\262\252=\343\207'\275\266;\016\021\306\330\030\225\023\357\272\353\200x\221\n\003"";   nodeid: ""\000\000\000\000\000\000\000\000\000\000\000\000\000\000\000\000\000\000\000\000\000\000\000\000\000\000\000\000\000\000\000\000\000""; }; "
1750587282518,1750587282518,1467,1,4,2,TMGetLedger,"itype: liTS_CANDIDATE; ledgerHash: ""b\001;\355\\351h\305\360*\252j\2470\334[#|\313\3606\207\210\245\372\217RX\333g`K""; nodeIDs: ""\000\000\000\000\000\000\000\000\000\000\000\000\000\000\000\000\000\000\000\000\000\000\000\000\000\000\000\000\000\000\000\000\000""; requestCookie: 1; queryType: qtINDIRECT; queryDepth: 3; ","itype: liTS_CANDIDATE; ledgerHash: ""b\001;\355\\351h\305\360*\252j\2470\334[#|\313\3606\207\210\245\372\217RX\333g`K""; nodeIDs: ""\000\000\000\000\000\000\000\000\000\000\000\000\000\000\000\000\000\000\000\000\000\000\000\000\000\000\000\000\000\000\000\000\000""; requestCookie: 1; queryType: qtINDIRECT; queryDepth: 3; "
1750587282523,1750587282523,769,1,4,0,TMGetLedger,"itype: liAS_NODE; ledgerHash: ""\237\231\311\371Y@""\177>\241""\310\233r\315\210Z\003g\334\034\021\305\3353Q\035\224\200\224\347\257""; ledgerSeq: 8; nodeIDs: ""`\000\000\000\000\000\000\000\000\000\000\000\000\000\000\000\000\000\000\000\000\000\000\000\000\000\000\000\000\000\000\000\001""; nodeIDs: ""\240\000\000\000\000\000\000\000\000\000\000\000\000\000\000\000\000\000\000\000\000\000\000\000\000\000\000\000\000\000\000\000\001""; queryType: qtINDIRECT; queryDepth: 1; ","itype: liAS_NODE; ledgerHash: ""\237\231\311\371Y@""\177>\241""\310\233r\315\210Z\003g\334\034\021\305\3353Q\035\224\200\224\347\257""; ledgerSeq: 8; nodeIDs: ""`\000\000\000\000\000\000\000\000\000\000\000\000\000\000\000\000\000\000\000\000\000\000\000\000\000\000\000\000\000\000\000\001""; nodeIDs: ""\240\000\000\000\000\000\000\000\000\000\000\000\000\000\000\000\000\000\000\000\000\000\000\000\000\000\000\000\000\000\000\000\001""; queryType: qtINDIRECT; queryDepth: 1; "
1750587282524,1750587282524,1399,1,1,3,TMLedgerData,"ledgerHash: ""\007\347lg\346B\270\350\352\375\266\371?(\361\364\365I|\375\262>\230(\333\250\331\007\360U\024\027""; ledgerSeq: 0; type: liTS_CANDIDATE; nodes {;   nodedata: ""\003S\n\235\2624\346\340\377asq\337\223T\316nL\232)C!\360\245\205[L\224\\351\351\000\003"";   nodeid: ""\000\000\000\000\000\000\000\000\000\000\000\000\000\000\000\000\000\000\000\000\000\000\000\000\000\000\000\000\000\000\000\000\000""; }; requestCookie: 2; ","ledgerHash: ""\007\347lg\346B\270\350\352\375\266\371?(\361\364\365I|\375\262>\230(\333\250\331\007\360U\024\027""; ledgerSeq: 0; type: liTS_CANDIDATE; nodes {;   nodedata: ""\003S\n\235\2624\346\340\377asq\337\223T\316nL\232)C!\360\245\205[L\224\\351\351\000\003"";   nodeid: ""\000\000\000\000\000\000\000\000\000\000\000\000\000\000\000\000\000\000\000\000\000\000\000\000\000\000\000\000\000\000\000\000\000""; }; requestCookie: 2; "
1750587282525,1750587282525,1753,1,0,2,TMLedgerData,"ledgerHash: ""\r!N\267\203~\313a\272~\344A\332\034\332r\\301\240a\307\341\261(c(\021\265B\030@(""; ledgerSeq: 0; type: liTS_CANDIDATE; nodes {;   nodedata: ""\247\272\246\2214\014W1\360z\262\252=\343\207'\275\266;\016\021\306\330\030\225\023\357\272\353\200x\221\n\003"";   nodeid: ""\000\000\000\000\000\000\000\000\000\000\000\000\000\000\000\000\000\000\000\000\000\000\000\000\000\000\000\000\000\000\000\000\000""; }; ","ledgerHash: ""\r!N\267\203~\313a\272~\344A\332\034\332r\\301\240a\307\341\261(c(\021\265B\030@(""; ledgerSeq: 0; type: liTS_CANDIDATE; nodes {;   nodedata: ""\247\272\246\2214\014W1\360z\262\252=\343\207'\275\266;\016\021\306\330\030\225\023\357\272\353\200x\221\n\003"";   nodeid: ""\000\000\000\000\000\000\000\000\000\000\000\000\000\000\000\000\000\000\000\000\000\000\000\000\000\000\000\000\000\000\000\000\000""; }; "
1750587282529,1750587282529,1650,1,3,4,TMLedgerData,"ledgerHash: ""\r!N\267\203~\313a\272~\344A\332\034\332r\\301\240a\307\341\261(c(\021\265B\030@(""; ledgerSeq: 0; type: liTS_CANDIDATE; nodes {;   nodedata: ""\247\272\246\2214\014W1\360z\262\252=\343\207'\275\266;\016\021\306\330\030\225\023\357\272\353\200x\221\n\003"";   nodeid: ""\000\000\000\000\000\000\000\000\000\000\000\000\000\000\000\000\000\000\000\000\000\000\000\000\000\000\000\000\000\000\000\000\000""; }; ","ledgerHash: ""\r!N\267\203~\313a\272~\344A\332\034\332r\\301\240a\307\341\261(c(\021\265B\030@(""; ledgerSeq: 0; type: liTS_CANDIDATE; nodes {;   nodedata: ""\247\272\246\2214\014W1\360z\262\252=\343\207'\275\266;\016\021\306\330\030\225\023\357\272\353\200x\221\n\003"";   nodeid: ""\000\000\000\000\000\000\000\000\000\000\000\000\000\000\000\000\000\000\000\000\000\000\000\000\000\000\000\000\000\000\000\000\000""; }; "
1750587282531,1750587282531,3097,1,2,0,TMLedgerData,"ledgerHash: ""\007\347lg\346B\270\350\352\375\266\371?(\361\364\365I|\375\262>\230(\333\250\331\007\360U\024\027""; ledgerSeq: 0; type: liTS_CANDIDATE; nodes {;   nodedata: ""\003S\n\235\2624\346\340\377asq\337\223T\316nL\232)C!\360\245\205[L\224\\351\351\000\003"";   nodeid: ""\000\000\000\000\000\000\000\000\000\000\000\000\000\000\000\000\000\000\000\000\000\000\000\000\000\000\000\000\000\000\000\000\000""; }; ","ledgerHash: ""\007\347lg\346B\270\350\352\375\266\371?(\361\364\365I|\375\262>\230(\333\250\331\007\360U\024\027""; ledgerSeq: 0; type: liTS_CANDIDATE; nodes {;   nodedata: ""\003S\n\235\2624\346\340\377asq\337\223T\316nL\232)C!\360\245\205[L\224\\351\351\000\003"";   nodeid: ""\000\000\000\000\000\000\000\000\000\000\000\000\000\000\000\000\000\000\000\000\000\000\000\000\000\000\000\000\000\000\000\000\000""; }; "
1750587282533,1750587282533,2715,1,1,4,TMLedgerData,"ledgerHash: ""\r!N\267\203~\313a\272~\344A\332\034\332r\\301\240a\307\341\261(c(\021\265B\030@(""; ledgerSeq: 0; type: liTS_CANDIDATE; nodes {;   nodedata: ""\247\272\246\2214\014W1\360z\262\252=\343\207'\275\266;\016\021\306\330\030\225\023\357\272\353\200x\221\n\003"";   nodeid: ""\000\000\000\000\000\000\000\000\000\000\000\000\000\000\000\000\000\000\000\000\000\000\000\000\000\000\000\000\000\000\000\000\000""; }; ","ledgerHash: ""\r!N\267\203~\313a\272~\344A\332\034\332r\\301\240a\307\341\261(c(\021\265B\030@(""; ledgerSeq: 0; type: liTS_CANDIDATE; nodes {;   nodedata: ""\247\272\246\2214\014W1\360z\262\252=\343\207'\275\266;\016\021\306\330\030\225\023\357\272\353\200x\221\n\003"";   nodeid: ""\000\000\000\000\000\000\000\000\000\000\000\000\000\000\000\000\000\000\000\000\000\000\000\000\000\000\000\000\000\000\000\000\000""; }; "
1750587282551,1750587282552,393,1,0,1,TMGetLedger,"itype: liTS_CANDIDATE; ledgerHash: ""b\001;\355\\351h\305\360*\252j\2470\334[#|\313\3606\207\210\245\372\217RX\333g`K""; nodeIDs: ""\000\000\000\000\000\000\000\000\000\000\000\000\000\000\000\000\000\000\000\000\000\000\000\000\000\000\000\000\000\000\000\000\000""; queryType: qtINDIRECT; queryDepth: 3; ","itype: liTS_CANDIDATE; ledgerHash: ""b\001;\355\\351h\305\360*\252j\2470\334[#|\313\3606\207\210\245\372\217RX\333g`K""; nodeIDs: ""\000\000\000\000\000\000\000\000\000\000\000\000\000\000\000\000\000\000\000\000\000\000\000\000\000\000\000\000\000\000\000\000\000""; queryType: qtINDIRECT; queryDepth: 3; "
1750587282552,1750587282552,3414,1,0,2,TMGetLedger,"itype: liTS_CANDIDATE; ledgerHash: ""b\001;\355\\351h\305\360*\252j\2470\334[#|\313\3606\207\210\245\372\217RX\333g`K""; nodeIDs: ""\000\000\000\000\000\000\000\000\000\000\000\000\000\000\000\000\000\000\000\000\000\000\000\000\000\000\000\000\000\000\000\000\000""; queryType: qtINDIRECT; queryDepth: 3; ","itype: liTS_CANDIDATE; ledgerHash: ""b\001;\355\\351h\305\360*\252j\2470\334[#|\313\3606\207\210\245\372\217RX\333g`K""; nodeIDs: ""\000\000\000\000\000\000\000\000\000\000\000\000\000\000\000\000\000\000\000\000\000\000\000\000\000\000\000\000\000\000\000\000\000""; queryType: qtINDIRECT; queryDepth: 3; "
1750587282552,1750587282552,1466,1,0,4,TMGetLedger,"itype: liTS_CANDIDATE; ledgerHash: ""b\001;\355\\351h\305\360*\252j\2470\334[#|\313\3606\207\210\245\372\217RX\333g`K""; nodeIDs: ""\000\000\000\000\000\000\000\000\000\000\000\000\000\000\000\000\000\000\000\000\000\000\000\000\000\000\000\000\000\000\000\000\000""; queryType: qtINDIRECT; queryDepth: 3; ","itype: liTS_CANDIDATE; ledgerHash: ""b\001;\355\\351h\305\360*\252j\2470\334[#|\313\3606\207\210\245\372\217RX\333g`K""; nodeIDs: ""\000\000\000\000\000\000\000\000\000\000\000\000\000\000\000\000\000\000\000\000\000\000\000\000\000\000\000\000\000\000\000\000\000""; queryType: qtINDIRECT; queryDepth: 3; "
1750587282552,1750587282552,1764,1,0,3,TMGetLedger,"itype: liTS_CANDIDATE; ledgerHash: ""b\001;\355\\351h\305\360*\252j\2470\334[#|\313\3606\207\210\245\372\217RX\333g`K""; nodeIDs: ""\000\000\000\000\000\000\000\000\000\000\000\000\000\000\000\000\000\000\000\000\000\000\000\000\000\000\000\000\000\000\000\000\000""; queryType: qtINDIRECT; queryDepth: 3; ","itype: liTS_CANDIDATE; ledgerHash: ""b\001;\355\\351h\305\360*\252j\2470\334[#|\313\3606\207\210\245\372\217RX\333g`K""; nodeIDs: ""\000\000\000\000\000\000\000\000\000\000\000\000\000\000\000\000\000\000\000\000\000\000\000\000\000\000\000\000\000\000\000\000\000""; queryType: qtINDIRECT; queryDepth: 3; "
1750587282566,1750587282566,2142,1,3,1,TMGetLedger,"itype: liTS_CANDIDATE; ledgerHash: ""b\001;\355\\351h\305\360*\252j\2470\334[#|\313\3606\207\210\245\372\217RX\333g`K""; nodeIDs: ""\000\000\000\000\000\000\000\000\000\000\000\000\000\000\000\000\000\000\000\000\000\000\000\000\000\000\000\000\000\000\000\000\000""; requestCookie: 2; queryType: qtINDIRECT; queryDepth: 3; ","itype: liTS_CANDIDATE; ledgerHash: ""b\001;\355\\351h\305\360*\252j\2470\334[#|\313\3606\207\210\245\372\217RX\333g`K""; nodeIDs: ""\000\000\000\000\000\000\000\000\000\000\000\000\000\000\000\000\000\000\000\000\000\000\000\000\000\000\000\000\000\000\000\000\000""; requestCookie: 2; queryType: qtINDIRECT; queryDepth: 3; "
1750587282571,1750587282571,792,1,0,4,TMValidation,"validation: """"\200\000\000\001&\000\000\000\010)/\352\224\017:?HT\314/\177\320^Q\354@[\274\202\021\202\373Vi\243\n\325\250\005e\360""m\346'\311@\343\016$L\346\334\360<wP\027\000\000\000\000\000\000\000\000\000\000\000\000\000\000\000\000\000\000\000\000\000\000\000\000\000\000\000\000\000\000\000\000P\031\311\347s\234ae\204\263\365U\334\372D\354\345\276\201f\035\271%#\375\245\314.""\373\330&\3746s!\003\343\005\311u\203\370\0338\3174\324\010\006\301\251\177\261\304eOX\262)FA-\022r\263wm\024vG0E\002!\000\315\324\346Z\n\351k\234\356A\017\r\267n\357\240\331\370V\264\3339I\016P\020c\026N\372\217\241\002 3{.?\233q\241\222\224\032\2744~L\217\236l\235]\312\337*\240\221>!\201/\3246\022\324""; ","validation: """"\200\000\000\001&\000\000\000\010)/\352\224\017:?HT\314/\177\320^Q\354@[\274\202\021\202\373Vi\243\n\325\250\005e\360""m\346'\311@\343\016$L\346\334\360<wP\027\000\000\000\000\000\000\000\000\000\000\000\000\000\000\000\000\000\000\000\000\000\000\000\000\000\000\000\000\000\000\000\000P\031\311\347s\234ae\204\263\365U\334\372D\354\345\276\201f\035\271%#\375\245\314.""\373\330&\3746s!\003\343\005\311u\203\370\0338\3174\324\010\006\301\251\177\261\304eOX\262)FA-\022r\263wm\024vG0E\002!\000\315\324\346Z\n\351k\234\356A\017\r\267n\357\240\331\370V\264\3339I\016P\020c\026N\372\217\241\002 3{.?\233q\241\222\224\032\2744~L\217\236l\235]\312\337*\240\221>!\201/\3246\022\324""; "
1750587282571,1750587282572,779,1,0,3,TMValidation,"validation: """"\200\000\000\001&\000\000\000\010)/\352\224\017:?HT\314/\177\320^Q\354@[\274\202\021\202\373Vi\243\n\325\250\005e\360""m\346'\311@\343\016$L\346\334\360<wP\027\000\000\000\000\000\000\000\000\000\000\000\000\000\000\000\000\000\000\000\000\000\000\000\000\000\000\000\000\000\000\000\000P\031\311\347s\234ae\204\263\365U\334\372D\354\345\276\201f\035\271%#\375\245\314.""\373\330&\3746s!\003\343\005\311u\203\370\0338\3174\324\010\006\301\251\177\261\304eOX\262)FA-\022r\263wm\024vG0E\002!\000\315\324\346Z\n\351k\234\356A\017\r\267n\357\240\331\370V\264\3339I\016P\020c\026N\372\217\241\002 3{.?\233q\241\222\224\032\2744~L\217\236l\235]\312\337*\240\221>!\201/\3246\022\324""; ","validation: """"\200\000\000\001&\000\000\000\010)/\352\224\017:?HT\314/\177\320^Q\354@[\274\202\021\202\373Vi\243\n\325\250\005e\360""m\346'\311@\343\016$L\346\334\360<wP\027\000\000\000\000\000\000\000\000\000\000\000\000\000\000\000\000\000\000\000\000\000\000\000\000\000\000\000\000\000\000\000\000P\031\311\347s\234ae\204\263\365U\334\372D\354\345\276\201f\035\271%#\375\245\314.""\373\330&\3746s!\003\343\005\311u\203\370\0338\3174\324\010\006\301\251\177\261\304eOX\262)FA-\022r\263wm\024vG0E\002!\000\315\324\346Z\n\351k\234\356A\017\r\267n\357\240\331\370V\264\3339I\016P\020c\026N\372\217\241\002 3{.?\233q\241\222\224\032\2744~L\217\236l\235]\312\337*\240\221>!\201/\3246\022\324""; "
1750587282572,1750587282572,1753,1,0,2,TMLedgerData,"ledgerHash: ""\007\347lg\346B\270\350\352\375\266\371?(\361\364\365I|\375\262>\230(\333\250\331\007\360U\024\027""; ledgerSeq: 0; type: liTS_CANDIDATE; nodes {;   nodedata: ""\003S\n\235\2624\346\340\377asq\337\223T\316nL\232)C!\360\245\205[L\224\\351\351\000\003"";   nodeid: ""\000\000\000\000\000\000\000\000\000\000\000\000\000\000\000\000\000\000\000\000\000\000\000\000\000\000\000\000\000\000\000\000\000""; }; ","ledgerHash: ""\007\347lg\346B\270\350\352\375\266\371?(\361\364\365I|\375\262>\230(\333\250\331\007\360U\024\027""; ledgerSeq: 0; type: liTS_CANDIDATE; nodes {;   nodedata: ""\003S\n\235\2624\346\340\377asq\337\223T\316nL\232)C!\360\245\205[L\224\\351\351\000\003"";   nodeid: ""\000\000\000\000\000\000\000\000\000\000\000\000\000\000\000\000\000\000\000\000\000\000\000\000\000\000\000\000\000\000\000\000\000""; }; "
1750587282572,1750587282573,3563,1,0,2,TMValidation,"validation: """"\200\000\000\001&\000\000\000\010)/\352\224\017:?HT\314/\177\320^Q\354@[\274\202\021\202\373Vi\243\n\325\250\005e\360""m\346'\311@\343\016$L\346\334\360<wP\027\000\000\000\000\000\000\000\000\000\000\000\000\000\000\000\000\000\000\000\000\000\000\000\000\000\000\000\000\000\000\000\000P\031\311\347s\234ae\204\263\365U\334\372D\354\345\276\201f\035\271%#\375\245\314.""\373\330&\3746s!\003\343\005\311u\203\370\0338\3174\324\010\006\301\251\177\261\304eOX\262)FA-\022r\263wm\024vG0E\002!\000\315\324\346Z\n\351k\234\356A\017\r\267n\357\240\331\370V\264\3339I\016P\020c\026N\372\217\241\002 3{.?\233q\241\222\224\032\2744~L\217\236l\235]\312\337*\240\221>!\201/\3246\022\324""; ","validation: """"\200\000\000\001&\000\000\000\010)/\352\224\017:?HT\314/\177\320^Q\354@[\274\202\021\202\373Vi\243\n\325\250\005e\360""m\346'\311@\343\016$L\346\334\360<wP\027\000\000\000\000\000\000\000\000\000\000\000\000\000\000\000\000\000\000\000\000\000\000\000\000\000\000\000\000\000\000\000\000P\031\311\347s\234ae\204\263\365U\334\372D\354\345\276\201f\035\271%#\375\245\314.""\373\330&\3746s!\003\343\005\311u\203\370\0338\3174\324\010\006\301\251\177\261\304eOX\262)FA-\022r\263wm\024vG0E\002!\000\315\324\346Z\n\351k\234\356A\017\r\267n\357\240\331\370V\264\3339I\016P\020c\026N\372\217\241\002 3{.?\233q\241\222\224\032\2744~L\217\236l\235]\312\337*\240\221>!\201/\3246\022\324""; "
1750587282609,1750587282609,342,1,2,1,TMGetLedger,"itype: liBASE; ledgerHash: ""\237\231\311\371Y@""\177>\241""\310\233r\315\210Z\003g\334\034\021\305\3353Q\035\224\200\224\347\257""; queryType: qtINDIRECT; ","itype: liBASE; ledgerHash: ""\237\231\311\371Y@""\177>\241""\310\233r\315\210Z\003g\334\034\021\305\3353Q\035\224\200\224\347\257""; queryType: qtINDIRECT; "
1750587282611,1750587282612,499,1,2,4,TMGetLedger,"itype: liBASE; ledgerHash: ""\237\231\311\371Y@""\177>\241""\310\233r\315\210Z\003g\334\034\021\305\3353Q\035\224\200\224\347\257""; queryType: qtINDIRECT; ","itype: liBASE; ledgerHash: ""\237\231\311\371Y@""\177>\241""\310\233r\315\210Z\003g\334\034\021\305\3353Q\035\224\200\224\347\257""; queryType: qtINDIRECT; "
1750587282612,1750587282612,1582,1,2,0,TMGetLedger,"itype: liBASE; ledgerHash: ""\237\231\311\371Y@""\177>\241""\310\233r\315\210Z\003g\334\034\021\305\3353Q\035\224\200\224\347\257""; queryType: qtINDIRECT; ","itype: liBASE; ledgerHash: ""\237\231\311\371Y@""\177>\241""\310\233r\315\210Z\003g\334\034\021\305\3353Q\035\224\200\224\347\257""; queryType: qtINDIRECT; "
1750587282612,1750587282612,3898,1,2,3,TMGetLedger,"itype: liBASE; ledgerHash: ""\237\231\311\371Y@""\177>\241""\310\233r\315\210Z\003g\334\034\021\305\3353Q\035\224\200\224\347\257""; queryType: qtINDIRECT; ","itype: liBASE; ledgerHash: ""\237\231\311\371Y@""\177>\241""\310\233r\315\210Z\003g\334\034\021\305\3353Q\035\224\200\224\347\257""; queryType: qtINDIRECT; "
1750587282615,1750587282615,1102,1,2,3,TMLedgerData,"ledgerHash: ""\007\347lg\346B\270\350\352\375\266\371?(\361\364\365I|\375\262>\230(\333\250\331\007\360U\024\027""; ledgerSeq: 0; type: liTS_CANDIDATE; nodes {;   nodedata: ""\003S\n\235\2624\346\340\377asq\337\223T\316nL\232)C!\360\245\205[L\224\\351\351\000\003"";   nodeid: ""\000\000\000\000\000\000\000\000\000\000\000\000\000\000\000\000\000\000\000\000\000\000\000\000\000\000\000\000\000\000\000\000\000""; }; ","ledgerHash: ""\007\347lg\346B\270\350\352\375\266\371?(\361\364\365I|\375\262>\230(\333\250\331\007\360U\024\027""; ledgerSeq: 0; type: liTS_CANDIDATE; nodes {;   nodedata: ""\003S\n\235\2624\346\340\377asq\337\223T\316nL\232)C!\360\245\205[L\224\\351\351\000\003"";   nodeid: ""\000\000\000\000\000\000\000\000\000\000\000\000\000\000\000\000\000\000\000\000\000\000\000\000\000\000\000\000\000\000\000\000\000""; }; "
1750587282619,1750587282619,1702,1,0,1,TMHaveTransactionSet,"status: tsHAVE; hash: ""b\001;\355\\351h\305\360*\252j\2470\334[#|\313\3606\207\210\245\372\217RX\333g`K""; ","status: tsHAVE; hash: ""b\001;\355\\351h\305\360*\252j\2470\334[#|\313\3606\207\210\245\372\217RX\333g`K""; "
1750587282620,1750587282620,1652,1,0,3,TMHaveTransactionSet,"status: tsHAVE; hash: ""b\001;\355\\351h\305\360*\252j\2470\334[#|\313\3606\207\210\245\372\217RX\333g`K""; ","status: tsHAVE; hash: ""b\001;\355\\351h\305\360*\252j\2470\334[#|\313\3606\207\210\245\372\217RX\333g`K""; "
1750587282620,1750587282620,1786,1,0,4,TMHaveTransactionSet,"status: tsHAVE; hash: ""b\001;\355\\351h\305\360*\252j\2470\334[#|\313\3606\207\210\245\372\217RX\333g`K""; ","status: tsHAVE; hash: ""b\001;\355\\351h\305\360*\252j\2470\334[#|\313\3606\207\210\245\372\217RX\333g`K""; "
1750587282620,1750587282620,2787,1,0,2,TMHaveTransactionSet,"status: tsHAVE; hash: ""b\001;\355\\351h\305\360*\252j\2470\334[#|\313\3606\207\210\245\372\217RX\333g`K""; ","status: tsHAVE; hash: ""b\001;\355\\351h\305\360*\252j\2470\334[#|\313\3606\207\210\245\372\217RX\333g`K""; "
1750587282641,1750587282641,792,1,0,4,TMValidation,"validation: """"\200\000\000\001&\000\000\000\010)/\352\224\016:\211l\014`\252m\212dQ\237\231\311\371Y@""\177>\241""\310\233r\315\210Z\003g\334\034\021\305\3353Q\035\224\200\224\347\257P\027\r!N\267\203~\313a\272~\344A\332\034\332r\\301\240a\307\341\261(c(\021\265B\030@(P\031\311\347s\234ae\204\263\365U\334\372D\354\345\276\201f\035\271%#\375\245\314.""\373\330&\3746s!\003\325Q\255\224\274R@\312\253\262\347\352\034\346\347\242\215,\312\376=\277\353{\350\225\301\305`^, vF0D\002 \022/'\342Z\006k\364Cw\242\364\353\202\300x\241$\264\217\220\n""\342\224\014\337O\r\005\315\366\002 v""\t\332\026t\206\273VT\025n\332[\202\272\035o\017\351,\026\020\253\000\366\337\266MY\034j""; ","validation: """"\200\000\000\001&\000\000\000\010)/\352\224\016:\211l\014`\252m\212dQ\237\231\311\371Y@""\177>\241""\310\233r\315\210Z\003g\334\034\021\305\3353Q\035\224\200\224\347\257P\027\r!N\267\203~\313a\272~\344A\332\034\332r\\301\240a\307\341\261(c(\021\265B\030@(P\031\311\347s\234ae\204\263\365U\334\372D\354\345\276\201f\035\271%#\375\245\314.""\373\330&\3746s!\003\325Q\255\224\274R@\312\253\262\347\352\034\346\347\242\215,\312\376=\277\353{\350\225\301\305`^, vF0D\002 \022/'\342Z\006k\364Cw\242\364\353\202\300x\241$\264\217\220\n""\342\224\014\337O\r\005\315\366\002 v""\t\332\026t\206\273VT\025n\332[\202\272\035o\017\351,\026\020\253\000\366\337\266MY\034j""; "
1750587282641,1750587282641,3563,1,0,2,TMValidation,"validation: """"\200\000\000\001&\000\000\000\010)/\352\224\016:\211l\014`\252m\212dQ\237\231\311\371Y@""\177>\241""\310\233r\315\210Z\003g\334\034\021\305\3353Q\035\224\200\224\347\257P\027\r!N\267\203~\313a\272~\344A\332\034\332r\\301\240a\307\341\261(c(\021\265B\030@(P\031\311\347s\234ae\204\263\365U\334\372D\354\345\276\201f\035\271%#\375\245\314.""\373\330&\3746s!\003\325Q\255\224\274R@\312\253\262\347\352\034\346\347\242\215,\312\376=\277\353{\350\225\301\305`^, vF0D\002 \022/'\342Z\006k\364Cw\242\364\353\202\300x\241$\264\217\220\n""\342\224\014\337O\r\005\315\366\002 v""\t\332\026t\206\273VT\025n\332[\202\272\035o\017\351,\026\020\253\000\366\337\266MY\034j""; ","validation: """"\200\000\000\001&\000\000\000\010)/\352\224\016:\211l\014`\252m\212dQ\237\231\311\371Y@""\177>\241""\310\233r\315\210Z\003g\334\034\021\305\3353Q\035\224\200\224\347\257P\027\r!N\267\203~\313a\272~\344A\332\034\332r\\301\240a\307\341\261(c(\021\265B\030@(P\031\311\347s\234ae\204\263\365U\334\372D\354\345\276\201f\035\271%#\375\245\314.""\373\330&\3746s!\003\325Q\255\224\274R@\312\253\262\347\352\034\346\347\242\215,\312\376=\277\353{\350\225\301\305`^, vF0D\002 \022/'\342Z\006k\364Cw\242\364\353\202\300x\241$\264\217\220\n""\342\224\014\337O\r\005\315\366\002 v""\t\332\026t\206\273VT\025n\332[\202\272\035o\017\351,\026\020\253\000\366\337\266MY\034j""; "
1750587282643,1750587282643,557,1,4,1,TMGetLedger,"itype: liTS_CANDIDATE; ledgerHash: ""\007\347lg\346B\270\350\352\375\266\371?(\361\364\365I|\375\262>\230(\333\250\331\007\360U\024\027""; nodeIDs: ""\000\000\000\000\000\000\000\000\000\000\000\000\000\000\000\000\000\000\000\000\000\000\000\000\000\000\000\000\000\000\000\000\000""; requestCookie: 4; queryType: qtINDIRECT; queryDepth: 3; ","itype: liTS_CANDIDATE; ledgerHash: ""\007\347lg\346B\270\350\352\375\266\371?(\361\364\365I|\375\262>\230(\333\250\331\007\360U\024\027""; nodeIDs: ""\000\000\000\000\000\000\000\000\000\000\000\000\000\000\000\000\000\000\000\000\000\000\000\000\000\000\000\000\000\000\000\000\000""; requestCookie: 4; queryType: qtINDIRECT; queryDepth: 3; "
1750587282658,1750587282658,1399,1,1,3,TMLedgerData,"ledgerHash: ""\r!N\267\203~\313a\272~\344A\332\034\332r\\301\240a\307\341\261(c(\021\265B\030@(""; ledgerSeq: 0; type: liTS_CANDIDATE; nodes {;   nodedata: ""\247\272\246\2214\014W1\360z\262\252=\343\207'\275\266;\016\021\306\330\030\225\023\357\272\353\200x\221\n\003"";   nodeid: ""\000\000\000\000\000\000\000\000\000\000\000\000\000\000\000\000\000\000\000\000\000\000\000\000\000\000\000\000\000\000\000\000\000""; }; ","ledgerHash: ""\r!N\267\203~\313a\272~\344A\332\034\332r\\301\240a\307\341\261(c(\021\265B\030@(""; ledgerSeq: 0; type: liTS_CANDIDATE; nodes {;   nodedata: ""\247\272\246\2214\014W1\360z\262\252=\343\207'\275\266;\016\021\306\330\030\225\023\357\272\353\200x\221\n\003"";   nodeid: ""\000\000\000\000\000\000\000\000\000\000\000\000\000\000\000\000\000\000\000\000\000\000\000\000\000\000\000\000\000\000\000\000\000""; }; "
1750587282665,1750587282666,2684,1,0,1,TMValidation,"validation: """"\200\000\000\001&\000\000\000\010)/\352\224\016:\211l\014`\252m\212dQ\237\231\311\371Y@""\177>\241""\310\233r\315\210Z\003g\334\034\021\305\3353Q\035\224\200\224\347\257P\027\r!N\267\203~\313a\272~\344A\332\034\332r\\301\240a\307\341\261(c(\021\265B\030@(P\031\311\347s\234ae\204\263\365U\334\372D\354\345\276\201f\035\271%#\375\245\314.""\373\330&\3746s!\003\325Q\255\224\274R@\312\253\262\347\352\034\346\347\242\215,\312\376=\277\353{\350\225\301\305`^, vF0D\002 \022/'\342Z\006k\364Cw\242\364\353\202\300x\241$\264\217\220\n""\342\224\014\337O\r\005\315\366\002 v""\t\332\026t\206\273VT\025n\332[\202\272\035o\017\351,\026\020\253\000\366\337\266MY\034j""; ","validation: """"\200\000\000\001&\000\000\000\010)/\352\224\016:\211l\014`\252m\212dQ\237\231\311\371Y@""\177>\241""\310\233r\315\210Z\003g\334\034\021\305\3353Q\035\224\200\224\347\257P\027\r!N\267\203~\313a\272~\344A\332\034\332r\\301\240a\307\341\261(c(\021\265B\030@(P\031\311\347s\234ae\204\263\365U\334\372D\354\345\276\201f\035\271%#\375\245\314.""\373\330&\3746s!\003\325Q\255\224\274R@\312\253\262\347\352\034\346\347\242\215,\312\376=\277\353{\350\225\301\305`^, vF0D\002 \022/'\342Z\006k\364Cw\242\364\353\202\300x\241$\264\217\220\n""\342\224\014\337O\r\005\315\366\002 v""\t\332\026t\206\273VT\025n\332[\202\272\035o\017\351,\026\020\253\000\366\337\266MY\034j""; "
1750587282666,1750587282666,1399,1,1,3,TMLedgerData,"ledgerHash: ""\007\347lg\346B\270\350\352\375\266\371?(\361\364\365I|\375\262>\230(\333\250\331\007\360U\024\027""; ledgerSeq: 0; type: liTS_CANDIDATE; nodes {;   nodedata: ""\003S\n\235\2624\346\340\377asq\337\223T\316nL\232)C!\360\245\205[L\224\\351\351\000\003"";   nodeid: ""\000\000\000\000\000\000\000\000\000\000\000\000\000\000\000\000\000\000\000\000\000\000\000\000\000\000\000\000\000\000\000\000\000""; }; ","ledgerHash: ""\007\347lg\346B\270\350\352\375\266\371?(\361\364\365I|\375\262>\230(\333\250\331\007\360U\024\027""; ledgerSeq: 0; type: liTS_CANDIDATE; nodes {;   nodedata: ""\003S\n\235\2624\346\340\377asq\337\223T\316nL\232)C!\360\245\205[L\224\\351\351\000\003"";   nodeid: ""\000\000\000\000\000\000\000\000\000\000\000\000\000\000\000\000\000\000\000\000\000\000\000\000\000\000\000\000\000\000\000\000\000""; }; "
1750587282675,1750587282675,1590,1,3,2,TMGetLedger,"itype: liTS_CANDIDATE; ledgerHash: ""b\001;\355\\351h\305\360*\252j\2470\334[#|\313\3606\207\210\245\372\217RX\333g`K""; nodeIDs: ""\000\000\000\000\000\000\000\000\000\000\000\000\000\000\000\000\000\000\000\000\000\000\000\000\000\000\000\000\000\000\000\000\000""; requestCookie: 3; queryType: qtINDIRECT; queryDepth: 3; ","itype: liTS_CANDIDATE; ledgerHash: ""b\001;\355\\351h\305\360*\252j\2470\334[#|\313\3606\207\210\245\372\217RX\333g`K""; nodeIDs: ""\000\000\000\000\000\000\000\000\000\000\000\000\000\000\000\000\000\000\000\000\000\000\000\000\000\000\000\000\000\000\000\000\000""; requestCookie: 3; queryType: qtINDIRECT; queryDepth: 3; "
1750587282695,1750587282695,2655,1,1,0,TMLedgerData,"ledgerHash: ""b\001;\355\\351h\305\360*\252j\2470\334[#|\313\3606\207\210\245\372\217RX\333g`K""; ledgerSeq: 0; type: liTS_CANDIDATE; nodes {;   nodedata: "" \245\366\271\024\035\303\242}O\341[\232\374\0350\307\253\205\001\301\216B\031pk\231\004\271\276\265\240\002\003"";   nodeid: ""\000\000\000\000\000\000\000\000\000\000\000\000\000\000\000\000\000\000\000\000\000\000\000\000\000\000\000\000\000\000\000\000\000""; }; ","ledgerHash: ""b\001;\355\\351h\305\360*\252j\2470\334[#|\313\3606\207\210\245\372\217RX\333g`K""; ledgerSeq: 0; type: liTS_CANDIDATE; nodes {;   nodedata: "" \245\366\271\024\035\303\242}O\341[\232\374\0350\307\253\205\001\301\216B\031pk\231\004\271\276\265\240\002\003"";   nodeid: ""\000\000\000\000\000\000\000\000\000\000\000\000\000\000\000\000\000\000\000\000\000\000\000\000\000\000\000\000\000\000\000\000\000""; }; "
1750587282701,1750587282701,2715,1,1,4,TMLedgerData,"ledgerHash: ""\007\347lg\346B\270\350\352\375\266\371?(\361\364\365I|\375\262>\230(\333\250\331\007\360U\024\027""; ledgerSeq: 0; type: liTS_CANDIDATE; nodes {;   nodedata: ""\003S\n\235\2624\346\340\377asq\337\223T\316nL\232)C!\360\245\205[L\224\\351\351\000\003"";   nodeid: ""\000\000\000\000\000\000\000\000\000\000\000\000\000\000\000\000\000\000\000\000\000\000\000\000\000\000\000\000\000\000\000\000\000""; }; requestCookie: 4; ","ledgerHash: ""\007\347lg\346B\270\350\352\375\266\371?(\361\364\365I|\375\262>\230(\333\250\331\007\360U\024\027""; ledgerSeq: 0; type: liTS_CANDIDATE; nodes {;   nodedata: ""\003S\n\235\2624\346\340\377asq\337\223T\316nL\232)C!\360\245\205[L\224\\351\351\000\003"";   nodeid: ""\000\000\000\000\000\000\000\000\000\000\000\000\000\000\000\000\000\000\000\000\000\000\000\000\000\000\000\000\000\000\000\000\000""; }; requestCookie: 4; "
1750587282711,1750587282711,3487,1,0,3,TMLedgerData,"ledgerHash: ""\007\347lg\346B\270\350\352\375\266\371?(\361\364\365I|\375\262>\230(\333\250\331\007\360U\024\027""; ledgerSeq: 0; type: liTS_CANDIDATE; nodes {;   nodedata: ""\003S\n\235\2624\346\340\377asq\337\223T\316nL\232)C!\360\245\205[L\224\\351\351\000\003"";   nodeid: ""\000\000\000\000\000\000\000\000\000\000\000\000\000\000\000\000\000\000\000\000\000\000\000\000\000\000\000\000\000\000\000\000\000""; }; ","ledgerHash: ""\007\347lg\346B\270\350\352\375\266\371?(\361\364\365I|\375\262>\230(\333\250\331\007\360U\024\027""; ledgerSeq: 0; type: liTS_CANDIDATE; nodes {;   nodedata: ""\003S\n\235\2624\346\340\377asq\337\223T\316nL\232)C!\360\245\205[L\224\\351\351\000\003"";   nodeid: ""\000\000\000\000\000\000\000\000\000\000\000\000\000\000\000\000\000\000\000\000\000\000\000\000\000\000\000\000\000\000\000\000\000""; }; "
1750587282715,1750587282715,3097,1,2,0,TMLedgerData,"ledgerHash: ""b\001;\355\\351h\305\360*\252j\2470\334[#|\313\3606\207\210\245\372\217RX\333g`K""; ledgerSeq: 0; type: liTS_CANDIDATE; nodes {;   nodedata: "" \245\366\271\024\035\303\242}O\341[\232\374\0350\307\253\205\001\301\216B\031pk\231\004\271\276\265\240\002\003"";   nodeid: ""\000\000\000\000\000\000\000\000\000\000\000\000\000\000\000\000\000\000\000\000\000\000\000\000\000\000\000\000\000\000\000\000\000""; }; ","ledgerHash: ""b\001;\355\\351h\305\360*\252j\2470\334[#|\313\3606\207\210\245\372\217RX\333g`K""; ledgerSeq: 0; type: liTS_CANDIDATE; nodes {;   nodedata: "" \245\366\271\024\035\303\242}O\341[\232\374\0350\307\253\205\001\301\216B\031pk\231\004\271\276\265\240\002\003"";   nodeid: ""\000\000\000\000\000\000\000\000\000\000\000\000\000\000\000\000\000\000\000\000\000\000\000\000\000\000\000\000\000\000\000\000\000""; }; "
1750587282753,1750587282753,3520,1,3,1,TMLedgerData,"ledgerHash: ""\r!N\267\203~\313a\272~\344A\332\034\332r\\301\240a\307\341\261(c(\021\265B\030@(""; ledgerSeq: 0; type: liTS_CANDIDATE; nodes {;   nodedata: ""\247\272\246\2214\014W1\360z\262\252=\343\207'\275\266;\016\021\306\330\030\225\023\357\272\353\200x\221\n\003"";   nodeid: ""\000\000\000\000\000\000\000\000\000\000\000\000\000\000\000\000\000\000\000\000\000\000\000\000\000\000\000\000\000\000\000\000\000""; }; ","ledgerHash: ""\r!N\267\203~\313a\272~\344A\332\034\332r\\301\240a\307\341\261(c(\021\265B\030@(""; ledgerSeq: 0; type: liTS_CANDIDATE; nodes {;   nodedata: ""\247\272\246\2214\014W1\360z\262\252=\343\207'\275\266;\016\021\306\330\030\225\023\357\272\353\200x\221\n\003"";   nodeid: ""\000\000\000\000\000\000\000\000\000\000\000\000\000\000\000\000\000\000\000\000\000\000\000\000\000\000\000\000\000\000\000\000\000""; }; "
1750587282768,1750587282768,557,1,4,1,TMGetLedger,"itype: liTS_CANDIDATE; ledgerHash: ""b\001;\355\\351h\305\360*\252j\2470\334[#|\313\3606\207\210\245\372\217RX\333g`K""; nodeIDs: ""\000\000\000\000\000\000\000\000\000\000\000\000\000\000\000\000\000\000\000\000\000\000\000\000\000\000\000\000\000\000\000\000\000""; requestCookie: 1; queryType: qtINDIRECT; queryDepth: 3; ","itype: liTS_CANDIDATE; ledgerHash: ""b\001;\355\\351h\305\360*\252j\2470\334[#|\313\3606\207\210\245\372\217RX\333g`K""; nodeIDs: ""\000\000\000\000\000\000\000\000\000\000\000\000\000\000\000\000\000\000\000\000\000\000\000\000\000\000\000\000\000\000\000\000\000""; requestCookie: 1; queryType: qtINDIRECT; queryDepth: 3; "
1750587282776,1750587282776,1399,1,1,3,TMLedgerData,"ledgerHash: ""\007\347lg\346B\270\350\352\375\266\371?(\361\364\365I|\375\262>\230(\333\250\331\007\360U\024\027""; ledgerSeq: 0; type: liTS_CANDIDATE; nodes {;   nodedata: ""\003S\n\235\2624\346\340\377asq\337\223T\316nL\232)C!\360\245\205[L\224\\351\351\000\003"";   nodeid: ""\000\000\000\000\000\000\000\000\000\000\000\000\000\000\000\000\000\000\000\000\000\000\000\000\000\000\000\000\000\000\000\000\000""; }; requestCookie: 2; ","ledgerHash: ""\007\347lg\346B\270\350\352\375\266\371?(\361\364\365I|\375\262>\230(\333\250\331\007\360U\024\027""; ledgerSeq: 0; type: liTS_CANDIDATE; nodes {;   nodedata: ""\003S\n\235\2624\346\340\377asq\337\223T\316nL\232)C!\360\245\205[L\224\\351\351\000\003"";   nodeid: ""\000\000\000\000\000\000\000\000\000\000\000\000\000\000\000\000\000\000\000\000\000\000\000\000\000\000\000\000\000\000\000\000\000""; }; requestCookie: 2; "
1750587282776,1750587282776,1753,1,0,2,TMLedgerData,"ledgerHash: ""\r!N\267\203~\313a\272~\344A\332\034\332r\\301\240a\307\341\261(c(\021\265B\030@(""; ledgerSeq: 0; type: liTS_CANDIDATE; nodes {;   nodedata: ""\247\272\246\2214\014W1\360z\262\252=\343\207'\275\266;\016\021\306\330\030\225\023\357\272\353\200x\221\n\003"";   nodeid: ""\000\000\000\000\000\000\000\000\000\000\000\000\000\000\000\000\000\000\000\000\000\000\000\000\000\000\000\000\000\000\000\000\000""; }; ","ledgerHash: ""\r!N\267\203~\313a\272~\344A\332\034\332r\\301\240a\307\341\261(c(\021\265B\030@(""; ledgerSeq: 0; type: liTS_CANDIDATE; nodes {;   nodedata: ""\247\272\246\2214\014W1\360z\262\252=\343\207'\275\266;\016\021\306\330\030\225\023\357\272\353\200x\221\n\003"";   nodeid: ""\000\000\000\000\000\000\000\000\000\000\000\000\000\000\000\000\000\000\000\000\000\000\000\000\000\000\000\000\000\000\000\000\000""; }; "
1750587282781,1750587282781,3097,1,2,0,TMLedgerData,"ledgerHash: ""\007\347lg\346B\270\350\352\375\266\371?(\361\364\365I|\375\262>\230(\333\250\331\007\360U\024\027""; ledgerSeq: 0; type: liTS_CANDIDATE; nodes {;   nodedata: ""\003S\n\235\2624\346\340\377asq\337\223T\316nL\232)C!\360\245\205[L\224\\351\351\000\003"";   nodeid: ""\000\000\000\000\000\000\000\000\000\000\000\000\000\000\000\000\000\000\000\000\000\000\000\000\000\000\000\000\000\000\000\000\000""; }; ","ledgerHash: ""\007\347lg\346B\270\350\352\375\266\371?(\361\364\365I|\375\262>\230(\333\250\331\007\360U\024\027""; ledgerSeq: 0; type: liTS_CANDIDATE; nodes {;   nodedata: ""\003S\n\235\2624\346\340\377asq\337\223T\316nL\232)C!\360\245\205[L\224\\351\351\000\003"";   nodeid: ""\000\000\000\000\000\000\000\000\000\000\000\000\000\000\000\000\000\000\000\000\000\000\000\000\000\000\000\000\000\000\000\000\000""; }; "
1750587282783,1750587282784,486,1,4,0,TMLedgerData,"ledgerHash: ""\354@[\274\202\021\202\373Vi\243\n\325\250\005e\360""m\346'\311@\343\016$L\346\334\360<w""; ledgerSeq: 8; type: liBASE; nodes {;   nodedata: ""\000\000\000\010\001cEx]\211\377\342\311\347s\234ae\204\263\365U\334\372D\354\345\276\201f\035\271%#\375\245\314.""\373\330&\3746\000\000\000\000\000\000\000\000\000\000\000\000\000\000\000\000\000\000\000\000\000\000\000\000\000\000\000\000\000\000\000\000\245lQI\023\t3o\213\325\024\3601\255\010\244\306\3215\261\204Q\r\327\317\312f\322eb\215C/\352\224\010/\352\224\020\n\000""; }; nodes {;   nodedata: ""h\315\350\215y\203\242]\371\235\232Pt&\325\210eZ\346\237XZ \277\2457n\221\336\253\245\317\002w\n\356\350\316{k\272E0\225\362\025\010\366\367\372\263\355xq\360\261\376M<\356\347\007zf\307\006E\344\037@\210\363\010\336T\226\247'\204_{\261\370""1\235\2445\343\033Y!\212\201\341\272\225'\007*$\244&\336\343'\233i\332\374\245 {^\306-N\333\gE\006\347\212\331C\211Z\177\247\031\n\265\022\035W\277\033\265pM\027\313x\327iNP(O\216Pk&\235\336\223\217\374\212\253\322w\362\013\210`4\253""\302f\230\374\037bx\0145C\307\337\316[\244d\302\3031\347\300\025aX\357\226\221\016\003""; }; ","ledgerHash: ""\354@[\274\202\021\202\373Vi\243\n\325\250\005e\360""m\346'\311@\343\016$L\346\334\360<w""; ledgerSeq: 8; type: liBASE; nodes {;   nodedata: ""\000\000\000\010\001cEx]\211\377\342\311\347s\234ae\204\263\365U\334\372D\354\345\276\201f\035\271%#\375\245\314.""\373\330&\3746\000\000\000\000\000\000\000\000\000\000\000\000\000\000\000\000\000\000\000\000\000\000\000\000\000\000\000\000\000\000\000\000\245lQI\023\t3o\213\325\024\3601\255\010\244\306\3215\261\204Q\r\327\317\312f\322eb\215C/\352\224\010/\352\224\020\n\000""; }; nodes {;   nodedata: ""h\315\350\215y\203\242]\371\235\232Pt&\325\210eZ\346\237XZ \277\2457n\221\336\253\245\317\002w\n\356\350\316{k\272E0\225\362\025\010\366\367\372\263\355xq\360\261\376M<\356\347\007zf\307\006E\344\037@\210\363\010\336T\226\247'\204_{\261\370""1\235\2445\343\033Y!\212\201\341\272\225'\007*$\244&\336\343'\233i\332\374\245 {^\306-N\333\gE\006\347\212\331C\211Z\177\247\031\n\265\022\035W\277\033\265pM\027\313x\327iNP(O\216Pk&\235\336\223\217\374\212\253\322w\362\013\210`4\253""\302f\230\374\037bx\0145C\307\337\316[\244d\302\3031\347\300\025aX\357\226\221\016\003""; }; "
1750587282784,1750587282784,393,1,0,1,TMGetLedger,"itype: liBASE; ledgerHash: ""\354@[\274\202\021\202\373Vi\243\n\325\250\005e\360""m\346'\311@\343\016$L\346\334\360<w""; requestCookie: 3; queryType: qtINDIRECT; ","itype: liBASE; ledgerHash: ""\354@[\274\202\021\202\373Vi\243\n\325\250\005e\360""m\346'\311@\343\016$L\346\334\360<w""; requestCookie: 3; queryType: qtINDIRECT; "
1750587282816,1750587282816,1590,1,3,2,TMGetLedger,"itype: liTS_CANDIDATE; ledgerHash: ""b\001;\355\\351h\305\360*\252j\2470\334[#|\313\3606\207\210\245\372\217RX\333g`K""; nodeIDs: ""\000\000\000\000\000\000\000\000\000\000\000\000\000\000\000\000\000\000\000\000\000\000\000\000\000\000\000\000\000\000\000\000\000""; requestCookie: 2; queryType: qtINDIRECT; queryDepth: 3; ","itype: liTS_CANDIDATE; ledgerHash: ""b\001;\355\\351h\305\360*\252j\2470\334[#|\313\3606\207\210\245\372\217RX\333g`K""; nodeIDs: ""\000\000\000\000\000\000\000\000\000\000\000\000\000\000\000\000\000\000\000\000\000\000\000\000\000\000\000\000\000\000\000\000\000""; requestCookie: 2; queryType: qtINDIRECT; queryDepth: 3; "
1750587282826,1750587282826,486,1,4,0,TMLedgerData,"ledgerHash: ""\354@[\274\202\021\202\373Vi\243\n\325\250\005e\360""m\346'\311@\343\016$L\346\334\360<w""; ledgerSeq: 8; type: liBASE; nodes {;   nodedata: ""\000\000\000\010\001cEx]\211\377\342\311\347s\234ae\204\263\365U\334\372D\354\345\276\201f\035\271%#\375\245\314.""\373\330&\3746\000\000\000\000\000\000\000\000\000\000\000\000\000\000\000\000\000\000\000\000\000\000\000\000\000\000\000\000\000\000\000\000\245lQI\023\t3o\213\325\024\3601\255\010\244\306\3215\261\204Q\r\327\317\312f\322eb\215C/\352\224\010/\352\224\020\n\000""; }; nodes {;   nodedata: ""h\315\350\215y\203\242]\371\235\232Pt&\325\210eZ\346\237XZ \277\2457n\221\336\253\245\317\002w\n\356\350\316{k\272E0\225\362\025\010\366\367\372\263\355xq\360\261\376M<\356\347\007zf\307\006E\344\037@\210\363\010\336T\226\247'\204_{\261\370""1\235\2445\343\033Y!\212\201\341\272\225'\007*$\244&\336\343'\233i\332\374\245 {^\306-N\333\gE\006\347\212\331C\211Z\177\247\031\n\265\022\035W\277\033\265pM\027\313x\327iNP(O\216Pk&\235\336\223\217\374\212\253\322w\362\013\210`4\253""\302f\230\374\037bx\0145C\307\337\316[\244d\302\3031\347\300\025aX\357\226\221\016\003""; }; ","ledgerHash: ""\354@[\274\202\021\202\373Vi\243\n\325\250\005e\360""m\346'\311@\343\016$L\346\334\360<w""; ledgerSeq: 8; type: liBASE; nodes {;   nodedata: ""\000\000\000\010\001cEx]\211\377\342\311\347s\234ae\204\263\365U\334\372D\354\345\276\201f\035\271%#\375\245\314.""\373\330&\3746\000\000\000\000\000\000\000\000\000\000\000\000\000\000\000\000\000\000\000\000\000\000\000\000\000\000\000\000\000\000\000\000\245lQI\023\t3o\213\325\024\3601\255\010\244\306\3215\261\204Q\r\327\317\312f\322eb\215C/\352\224\010/\352\224\020\n\000""; }; nodes {;   nodedata: ""h\315\350\215y\203\242]\371\235\232Pt&\325\210eZ\346\237XZ \277\2457n\221\336\253\245\317\002w\n\356\350\316{k\272E0\225\362\025\010\366\367\372\263\355xq\360\261\376M<\356\347\007zf\307\006E\344\037@\210\363\010\336T\226\247'\204_{\261\370""1\235\2445\343\033Y!\212\201\341\272\225'\007*$\244&\336\343'\233i\332\374\245 {^\306-N\333\gE\006\347\212\331C\211Z\177\247\031\n\265\022\035W\277\033\265pM\027\313x\327iNP(O\216Pk&\235\336\223\217\374\212\253\322w\362\013\210`4\253""\302f\230\374\037bx\0145C\307\337\316[\244d\302\3031\347\300\025aX\357\226\221\016\003""; }; "
1750587282892,1750587282892,557,1,4,1,TMGetLedger,"itype: liTS_CANDIDATE; ledgerHash: ""\007\347lg\346B\270\350\352\375\266\371?(\361\364\365I|\375\262>\230(\333\250\331\007\360U\024\027""; nodeIDs: ""\000\000\000\000\000\000\000\000\000\000\000\000\000\000\000\000\000\000\000\000\000\000\000\000\000\000\000\000\000\000\000\000\000""; requestCookie: 4; queryType: qtINDIRECT; queryDepth: 3; ","itype: liTS_CANDIDATE; ledgerHash: ""\007\347lg\346B\270\350\352\375\266\371?(\361\364\365I|\375\262>\230(\333\250\331\007\360U\024\027""; nodeIDs: ""\000\000\000\000\000\000\000\000\000\000\000\000\000\000\000\000\000\000\000\000\000\000\000\000\000\000\000\000\000\000\000\000\000""; requestCookie: 4; queryType: qtINDIRECT; queryDepth: 3; "
1750587282894,1750587282894,3520,1,3,1,TMLedgerData,"ledgerHash: ""\354@[\274\202\021\202\373Vi\243\n\325\250\005e\360""m\346'\311@\343\016$L\346\334\360<w""; ledgerSeq: 8; type: liBASE; nodes {;   nodedata: ""\000\000\000\010\001cEx]\211\377\342\311\347s\234ae\204\263\365U\334\372D\354\345\276\201f\035\271%#\375\245\314.""\373\330&\3746\000\000\000\000\000\000\000\000\000\000\000\000\000\000\000\000\000\000\000\000\000\000\000\000\000\000\000\000\000\000\000\000\245lQI\023\t3o\213\325\024\3601\255\010\244\306\3215\261\204Q\r\327\317\312f\322eb\215C/\352\224\010/\352\224\020\n\000""; }; nodes {;   nodedata: ""h\315\350\215y\203\242]\371\235\232Pt&\325\210eZ\346\237XZ \277\2457n\221\336\253\245\317\002w\n\356\350\316{k\272E0\225\362\025\010\366\367\372\263\355xq\360\261\376M<\356\347\007zf\307\006E\344\037@\210\363\010\336T\226\247'\204_{\261\370""1\235\2445\343\033Y!\212\201\341\272\225'\007*$\244&\336\343'\233i\332\374\245 {^\306-N\333\gE\006\347\212\331C\211Z\177\247\031\n\265\022\035W\277\033\265pM\027\313x\327iNP(O\216Pk&\235\336\223\217\374\212\253\322w\362\013\210`4\253""\302f\230\374\037bx\0145C\307\337\316[\244d\302\3031\347\300\025aX\357\226\221\016\003""; }; ","ledgerHash: ""\354@[\274\202\021\202\373Vi\243\n\325\250\005e\360""m\346'\311@\343\016$L\346\334\360<w""; ledgerSeq: 8; type: liBASE; nodes {;   nodedata: ""\000\000\000\010\001cEx]\211\377\342\311\347s\234ae\204\263\365U\334\372D\354\345\276\201f\035\271%#\375\245\314.""\373\330&\3746\000\000\000\000\000\000\000\000\000\000\000\000\000\000\000\000\000\000\000\000\000\000\000\000\000\000\000\000\000\000\000\000\245lQI\023\t3o\213\325\024\3601\255\010\244\306\3215\261\204Q\r\327\317\312f\322eb\215C/\352\224\010/\352\224\020\n\000""; }; nodes {;   nodedata: ""h\315\350\215y\203\242]\371\235\232Pt&\325\210eZ\346\237XZ \277\2457n\221\336\253\245\317\002w\n\356\350\316{k\272E0\225\362\025\010\366\367\372\263\355xq\360\261\376M<\356\347\007zf\307\006E\344\037@\210\363\010\336T\226\247'\204_{\261\370""1\235\2445\343\033Y!\212\201\341\272\225'\007*$\244&\336\343'\233i\332\374\245 {^\306-N\333\gE\006\347\212\331C\211Z\177\247\031\n\265\022\035W\277\033\265pM\027\313x\327iNP(O\216Pk&\235\336\223\217\374\212\253\322w\362\013\210`4\253""\302f\230\374\037bx\0145C\307\337\316[\244d\302\3031\347\300\025aX\357\226\221\016\003""; }; "
1750587282895,1750587282895,3520,1,3,1,TMLedgerData,"ledgerHash: ""\354@[\274\202\021\202\373Vi\243\n\325\250\005e\360""m\346'\311@\343\016$L\346\334\360<w""; ledgerSeq: 8; type: liBASE; nodes {;   nodedata: ""\000\000\000\010\001cEx]\211\377\342\311\347s\234ae\204\263\365U\334\372D\354\345\276\201f\035\271%#\375\245\314.""\373\330&\3746\000\000\000\000\000\000\000\000\000\000\000\000\000\000\000\000\000\000\000\000\000\000\000\000\000\000\000\000\000\000\000\000\245lQI\023\t3o\213\325\024\3601\255\010\244\306\3215\261\204Q\r\327\317\312f\322eb\215C/\352\224\010/\352\224\020\n\000""; }; nodes {;   nodedata: ""h\315\350\215y\203\242]\371\235\232Pt&\325\210eZ\346\237XZ \277\2457n\221\336\253\245\317\002w\n\356\350\316{k\272E0\225\362\025\010\366\367\372\263\355xq\360\261\376M<\356\347\007zf\307\006E\344\037@\210\363\010\336T\226\247'\204_{\261\370""1\235\2445\343\033Y!\212\201\341\272\225'\007*$\244&\336\343'\233i\332\374\245 {^\306-N\333\gE\006\347\212\331C\211Z\177\247\031\n\265\022\035W\277\033\265pM\027\313x\327iNP(O\216Pk&\235\336\223\217\374\212\253\322w\362\013\210`4\253""\302f\230\374\037bx\0145C\307\337\316[\244d\302\3031\347\300\025aX\357\226\221\016\003""; }; ","ledgerHash: ""\354@[\274\202\021\202\373Vi\243\n\325\250\005e\360""m\346'\311@\343\016$L\346\334\360<w""; ledgerSeq: 8; type: liBASE; nodes {;   nodedata: ""\000\000\000\010\001cEx]\211\377\342\311\347s\234ae\204\263\365U\334\372D\354\345\276\201f\035\271%#\375\245\314.""\373\330&\3746\000\000\000\000\000\000\000\000\000\000\000\000\000\000\000\000\000\000\000\000\000\000\000\000\000\000\000\000\000\000\000\000\245lQI\023\t3o\213\325\024\3601\255\010\244\306\3215\261\204Q\r\327\317\312f\322eb\215C/\352\224\010/\352\224\020\n\000""; }; nodes {;   nodedata: ""h\315\350\215y\203\242]\371\235\232Pt&\325\210eZ\346\237XZ \277\2457n\221\336\253\245\317\002w\n\356\350\316{k\272E0\225\362\025\010\366\367\372\263\355xq\360\261\376M<\356\347\007zf\307\006E\344\037@\210\363\010\336T\226\247'\204_{\261\370""1\235\2445\343\033Y!\212\201\341\272\225'\007*$\244&\336\343'\233i\332\374\245 {^\306-N\333\gE\006\347\212\331C\211Z\177\247\031\n\265\022\035W\277\033\265pM\027\313x\327iNP(O\216Pk&\235\336\223\217\374\212\253\322w\362\013\210`4\253""\302f\230\374\037bx\0145C\307\337\316[\244d\302\3031\347\300\025aX\357\226\221\016\003""; }; "
1750587282908,1750587282908,1399,1,1,3,TMLedgerData,"ledgerHash: ""\r!N\267\203~\313a\272~\344A\332\034\332r\\301\240a\307\341\261(c(\021\265B\030@(""; ledgerSeq: 0; type: liTS_CANDIDATE; nodes {;   nodedata: ""\247\272\246\2214\014W1\360z\262\252=\343\207'\275\266;\016\021\306\330\030\225\023\357\272\353\200x\221\n\003"";   nodeid: ""\000\000\000\000\000\000\000\000\000\000\000\000\000\000\000\000\000\000\000\000\000\000\000\000\000\000\000\000\000\000\000\000\000""; }; ","ledgerHash: ""\r!N\267\203~\313a\272~\344A\332\034\332r\\301\240a\307\341\261(c(\021\265B\030@(""; ledgerSeq: 0; type: liTS_CANDIDATE; nodes {;   nodedata: ""\247\272\246\2214\014W1\360z\262\252=\343\207'\275\266;\016\021\306\330\030\225\023\357\272\353\200x\221\n\003"";   nodeid: ""\000\000\000\000\000\000\000\000\000\000\000\000\000\000\000\000\000\000\000\000\000\000\000\000\000\000\000\000\000\000\000\000\000""; }; "
1750587282930,1750587282930,1102,1,2,3,TMLedgerData,"ledgerHash: ""\007\347lg\346B\270\350\352\375\266\371?(\361\364\365I|\375\262>\230(\333\250\331\007\360U\024\027""; ledgerSeq: 0; type: liTS_CANDIDATE; nodes {;   nodedata: ""\003S\n\235\2624\346\340\377asq\337\223T\316nL\232)C!\360\245\205[L\224\\351\351\000\003"";   nodeid: ""\000\000\000\000\000\000\000\000\000\000\000\000\000\000\000\000\000\000\000\000\000\000\000\000\000\000\000\000\000\000\000\000\000""; }; ","ledgerHash: ""\007\347lg\346B\270\350\352\375\266\371?(\361\364\365I|\375\262>\230(\333\250\331\007\360U\024\027""; ledgerSeq: 0; type: liTS_CANDIDATE; nodes {;   nodedata: ""\003S\n\235\2624\346\340\377asq\337\223T\316nL\232)C!\360\245\205[L\224\\351\351\000\003"";   nodeid: ""\000\000\000\000\000\000\000\000\000\000\000\000\000\000\000\000\000\000\000\000\000\000\000\000\000\000\000\000\000\000\000\000\000""; }; "
1750587282938,1750587282938,1399,1,1,3,TMLedgerData,"ledgerHash: ""\007\347lg\346B\270\350\352\375\266\371?(\361\364\365I|\375\262>\230(\333\250\331\007\360U\024\027""; ledgerSeq: 0; type: liTS_CANDIDATE; nodes {;   nodedata: ""\003S\n\235\2624\346\340\377asq\337\223T\316nL\232)C!\360\245\205[L\224\\351\351\000\003"";   nodeid: ""\000\000\000\000\000\000\000\000\000\000\000\000\000\000\000\000\000\000\000\000\000\000\000\000\000\000\000\000\000\000\000\000\000""; }; ","ledgerHash: ""\007\347lg\346B\270\350\352\375\266\371?(\361\364\365I|\375\262>\230(\333\250\331\007\360U\024\027""; ledgerSeq: 0; type: liTS_CANDIDATE; nodes {;   nodedata: ""\003S\n\235\2624\346\340\377asq\337\223T\316nL\232)C!\360\245\205[L\224\\351\351\000\003"";   nodeid: ""\000\000\000\000\000\000\000\000\000\000\000\000\000\000\000\000\000\000\000\000\000\000\000\000\000\000\000\000\000\000\000\000\000""; }; "
1750587282947,1750587282947,2655,1,1,0,TMLedgerData,"ledgerHash: ""b\001;\355\\351h\305\360*\252j\2470\334[#|\313\3606\207\210\245\372\217RX\333g`K""; ledgerSeq: 0; type: liTS_CANDIDATE; nodes {;   nodedata: "" \245\366\271\024\035\303\242}O\341[\232\374\0350\307\253\205\001\301\216B\031pk\231\004\271\276\265\240\002\003"";   nodeid: ""\000\000\000\000\000\000\000\000\000\000\000\000\000\000\000\000\000\000\000\000\000\000\000\000\000\000\000\000\000\000\000\000\000""; }; ","ledgerHash: ""b\001;\355\\351h\305\360*\252j\2470\334[#|\313\3606\207\210\245\372\217RX\333g`K""; ledgerSeq: 0; type: liTS_CANDIDATE; nodes {;   nodedata: "" \245\366\271\024\035\303\242}O\341[\232\374\0350\307\253\205\001\301\216B\031pk\231\004\271\276\265\240\002\003"";   nodeid: ""\000\000\000\000\000\000\000\000\000\000\000\000\000\000\000\000\000\000\000\000\000\000\000\000\000\000\000\000\000\000\000\000\000""; }; "
1750587282948,1750587282948,1582,1,2,0,TMGetLedger,"itype: liAS_NODE; ledgerHash: ""\237\231\311\371Y@""\177>\241""\310\233r\315\210Z\003g\334\034\021\305\3353Q\035\224\200\224\347\257""; ledgerSeq: 8; nodeIDs: ""`\000\000\000\000\000\000\000\000\000\000\000\000\000\000\000\000\000\000\000\000\000\000\000\000\000\000\000\000\000\000\000\001""; nodeIDs: ""\240\000\000\000\000\000\000\000\000\000\000\000\000\000\000\000\000\000\000\000\000\000\000\000\000\000\000\000\000\000\000\000\001""; queryType: qtINDIRECT; queryDepth: 1; ","itype: liAS_NODE; ledgerHash: ""\237\231\311\371Y@""\177>\241""\310\233r\315\210Z\003g\334\034\021\305\3353Q\035\224\200\224\347\257""; ledgerSeq: 8; nodeIDs: ""`\000\000\000\000\000\000\000\000\000\000\000\000\000\000\000\000\000\000\000\000\000\000\000\000\000\000\000\000\000\000\000\001""; nodeIDs: ""\240\000\000\000\000\000\000\000\000\000\000\000\000\000\000\000\000\000\000\000\000\000\000\000\000\000\000\000\000\000\000\000\001""; queryType: qtINDIRECT; queryDepth: 1; "
1750587282952,1750587282952,2715,1,1,4,TMLedgerData,"ledgerHash: ""\007\347lg\346B\270\350\352\375\266\371?(\361\364\365I|\375\262>\230(\333\250\331\007\360U\024\027""; ledgerSeq: 0; type: liTS_CANDIDATE; nodes {;   nodedata: ""\003S\n\235\2624\346\340\377asq\337\223T\316nL\232)C!\360\245\205[L\224\\351\351\000\003"";   nodeid: ""\000\000\000\000\000\000\000\000\000\000\000\000\000\000\000\000\000\000\000\000\000\000\000\000\000\000\000\000\000\000\000\000\000""; }; requestCookie: 4; ","ledgerHash: ""\007\347lg\346B\270\350\352\375\266\371?(\361\364\365I|\375\262>\230(\333\250\331\007\360U\024\027""; ledgerSeq: 0; type: liTS_CANDIDATE; nodes {;   nodedata: ""\003S\n\235\2624\346\340\377asq\337\223T\316nL\232)C!\360\245\205[L\224\\351\351\000\003"";   nodeid: ""\000\000\000\000\000\000\000\000\000\000\000\000\000\000\000\000\000\000\000\000\000\000\000\000\000\000\000\000\000\000\000\000\000""; }; requestCookie: 4; "
1750587282961,1750587282961,3487,1,0,3,TMLedgerData,"ledgerHash: ""\007\347lg\346B\270\350\352\375\266\371?(\361\364\365I|\375\262>\230(\333\250\331\007\360U\024\027""; ledgerSeq: 0; type: liTS_CANDIDATE; nodes {;   nodedata: ""\003S\n\235\2624\346\340\377asq\337\223T\316nL\232)C!\360\245\205[L\224\\351\351\000\003"";   nodeid: ""\000\000\000\000\000\000\000\000\000\000\000\000\000\000\000\000\000\000\000\000\000\000\000\000\000\000\000\000\000\000\000\000\000""; }; ","ledgerHash: ""\007\347lg\346B\270\350\352\375\266\371?(\361\364\365I|\375\262>\230(\333\250\331\007\360U\024\027""; ledgerSeq: 0; type: liTS_CANDIDATE; nodes {;   nodedata: ""\003S\n\235\2624\346\340\377asq\337\223T\316nL\232)C!\360\245\205[L\224\\351\351\000\003"";   nodeid: ""\000\000\000\000\000\000\000\000\000\000\000\000\000\000\000\000\000\000\000\000\000\000\000\000\000\000\000\000\000\000\000\000\000""; }; "
1750587282966,1750587282966,1753,1,0,2,TMLedgerData,"ledgerHash: ""\237\231\311\371Y@""\177>\241""\310\233r\315\210Z\003g\334\034\021\305\3353Q\035\224\200\224\347\257""; ledgerSeq: 8; type: liBASE; nodes {;   nodedata: ""\000\000\000\010\001cEx]\211\377\330\311\347s\234ae\204\263\365U\334\372D\354\345\276\201f\035\271%#\375\245\314.""\373\330&\3746\177P.\377\255K\330\362G{!s_\276B\273\031\331\234\023vy$7i\342\243\243\220\021_\222w1E\236\020?0\232H\266\366\033p\353\250\025\255\235\310\215\275\032\005\371R<p\240.\2618\277/\352\224\010/\352\224\020\n\000""; }; nodes {;   nodedata: ""h\315\350\215y\203\242]\371\235\232Pt&\325\210eZ\346\237XZ \277\2457n\221\336\253\245\317\002G)\346n?\227\005Y\336\276m\244>\014/\353)\343S\223\201\230\250\301d\027c\001\302\ris\006E\344\037@\210\363\010\336T\226\247'\204_{\261\370""1\235\2445\343\033Y!\212\201\341\272\225'\007\f\n0\233\306>\377~V|O\232@\324_\273\232o\\235\370\234IE\333\255j\001\361\204%\n\265\022\035W\277\033\265pM\027\313x\327iNP(O\216Pk&\235\336\223\217\374\212\253\322w\362\013\210`4\253""\302f\230\374\037bx\0145C\307\337\316[\244d\302\3031\347\300\025aX\357\226\221\016\003""; }; nodes {;   nodedata: ""f\225yM\014\263\225\204\377[\235\030P4BO\343Z\264\3646\307\304\177\327\n\261+$r\257\263\n\003""; }; requestCookie: 3; ","ledgerHash: ""\237\231\311\371Y@""\177>\241""\310\233r\315\210Z\003g\334\034\021\305\3353Q\035\224\200\224\347\257""; ledgerSeq: 8; type: liBASE; nodes {;   nodedata: ""\000\000\000\010\001cEx]\211\377\330\311\347s\234ae\204\263\365U\334\372D\354\345\276\201f\035\271%#\375\245\314.""\373\330&\3746\177P.\377\255K\330\362G{!s_\276B\273\031\331\234\023vy$7i\342\243\243\220\021_\222w1E\236\020?0\232H\266\366\033p\353\250\025\255\235\310\215\275\032\005\371R<p\240.\2618\277/\352\224\010/\352\224\020\n\000""; }; nodes {;   nodedata: ""h\315\350\215y\203\242]\371\235\232Pt&\325\210eZ\346\237XZ \277\2457n\221\336\253\245\317\002G)\346n?\227\005Y\336\276m\244>\014/\353)\343S\223\201\230\250\301d\027c\001\302\ris\006E\344\037@\210\363\010\336T\226\247'\204_{\261\370""1\235\2445\343\033Y!\212\201\341\272\225'\007\f\n0\233\306>\377~V|O\232@\324_\273\232o\\235\370\234IE\333\255j\001\361\204%\n\265\022\035W\277\033\265pM\027\313x\327iNP(O\216Pk&\235\336\223\217\374\212\253\322w\362\013\210`4\253""\302f\230\374\037bx\0145C\307\337\316[\244d\302\3031\347\300\025aX\357\226\221\016\003""; }; nodes {;   nodedata: ""f\225yM\014\263\225\204\377[\235\030P4BO\343Z\264\3646\307\304\177\327\n\261+$r\257\263\n\003""; }; requestCookie: 3; "
1750587282982,1750587282982,3553,1,1,3,TMGetLedger,"itype: liBASE; ledgerHash: ""\237\231\311\371Y@""\177>\241""\310\233r\315\210Z\003g\334\034\021\305\3353Q\035\224\200\224\347\257""; requestCookie: 3; queryType: qtINDIRECT; ","itype: liBASE; ledgerHash: ""\237\231\311\371Y@""\177>\241""\310\233r\315\210Z\003g\334\034\021\305\3353Q\035\224\200\224\347\257""; requestCookie: 3; queryType: qtINDIRECT; "
1750587282988,1750587282988,1743,1,2,4,TMLedgerData,"ledgerHash: ""b\001;\355\\351h\305\360*\252j\2470\334[#|\313\3606\207\210\245\372\217RX\333g`K""; ledgerSeq: 0; type: liTS_CANDIDATE; nodes {;   nodedata: "" \245\366\271\024\035\303\242}O\341[\232\374\0350\307\253\205\001\301\216B\031pk\231\004\271\276\265\240\002\003"";   nodeid: ""\000\000\000\000\000\000\000\000\000\000\000\000\000\000\000\000\000\000\000\000\000\000\000\000\000\000\000\000\000\000\000\000\000""; }; requestCookie: 1; ","ledgerHash: ""b\001;\355\\351h\305\360*\252j\2470\334[#|\313\3606\207\210\245\372\217RX\333g`K""; ledgerSeq: 0; type: liTS_CANDIDATE; nodes {;   nodedata: "" \245\366\271\024\035\303\242}O\341[\232\374\0350\307\253\205\001\301\216B\031pk\231\004\271\276\265\240\002\003"";   nodeid: ""\000\000\000\000\000\000\000\000\000\000\000\000\000\000\000\000\000\000\000\000\000\000\000\000\000\000\000\000\000\000\000\000\000""; }; requestCookie: 1; "
1750587283002,1750587283003,3520,1,3,1,TMLedgerData,"ledgerHash: ""\r!N\267\203~\313a\272~\344A\332\034\332r\\301\240a\307\341\261(c(\021\265B\030@(""; ledgerSeq: 0; type: liTS_CANDIDATE; nodes {;   nodedata: ""\247\272\246\2214\014W1\360z\262\252=\343\207'\275\266;\016\021\306\330\030\225\023\357\272\353\200x\221\n\003"";   nodeid: ""\000\000\000\000\000\000\000\000\000\000\000\000\000\000\000\000\000\000\000\000\000\000\000\000\000\000\000\000\000\000\000\000\000""; }; ","ledgerHash: ""\r!N\267\203~\313a\272~\344A\332\034\332r\\301\240a\307\341\261(c(\021\265B\030@(""; ledgerSeq: 0; type: liTS_CANDIDATE; nodes {;   nodedata: ""\247\272\246\2214\014W1\360z\262\252=\343\207'\275\266;\016\021\306\330\030\225\023\357\272\353\200x\221\n\003"";   nodeid: ""\000\000\000\000\000\000\000\000\000\000\000\000\000\000\000\000\000\000\000\000\000\000\000\000\000\000\000\000\000\000\000\000\000""; }; "
1750587283008,1750587283008,2970,1,0,4,TMProposeSet,"proposeSeq: 0; currentTxHash: ""\000\000\000\000\000\000\000\000\000\000\000\000\000\000\000\000\000\000\000\000\000\000\000\000\000\000\000\000\000\000\000\000""; nodePubKey: ""\002\347\243J\206W\025ML\260\226\0163\217\250\337\325W\253\356*O\245Z\271\234\207C\274\375`\335\311""; closeTime: 803902483; signature: ""0D\002 \021\022C}\036\0342\203.1\254&\360\370w\003fY\240\257\037\013`\346\003\210S\302\313\2111\030\002 1d\305\227\237\336U\315\317{\211\205\357\213\363,\343i\273\002W~\377mN\242\215\321\2364\333\207""; previousledger: ""\237\231\311\371Y@""\177>\241""\310\233r\315\210Z\003g\334\034\021\305\3353Q\035\224\200\224\347\257""; ","proposeSeq: 0; currentTxHash: ""\000\000\000\000\000\000\000\000\000\000\000\000\000\000\000\000\000\000\000\000\000\000\000\000\000\000\000\000\000\000\000\000""; nodePubKey: ""\002\347\243J\206W\025ML\260\226\0163\217\250\337\325W\253\356*O\245Z\271\234\207C\274\375`\335\311""; closeTime: 803902483; signature: ""0D\002 \021\022C}\036\0342\203.1\254&\360\370w\003fY\240\257\037\013`\346\003\210S\302\313\2111\030\002 1d\305\227\237\336U\315\317{\211\205\357\213\363,\343i\273\002W~\377mN\242\215\321\2364\333\207""; previousledger: ""\237\231\311\371Y@""\177>\241""\310\233r\315\210Z\003g\334\034\021\305\3353Q\035\224\200\224\347\257""; "
1750587283008,1750587283008,141,1,0,3,TMProposeSet,"proposeSeq: 0; currentTxHash: ""\000\000\000\000\000\000\000\000\000\000\000\000\000\000\000\000\000\000\000\000\000\000\000\000\000\000\000\000\000\000\000\000""; nodePubKey: ""\002\347\243J\206W\025ML\260\226\0163\217\250\337\325W\253\356*O\245Z\271\234\207C\274\375`\335\311""; closeTime: 803902483; signature: ""0D\002 \021\022C}\036\0342\203.1\254&\360\370w\003fY\240\257\037\013`\346\003\210S\302\313\2111\030\002 1d\305\227\237\336U\315\317{\211\205\357\213\363,\343i\273\002W~\377mN\242\215\321\2364\333\207""; previousledger: ""\237\231\311\371Y@""\177>\241""\310\233r\315\210Z\003g\334\034\021\305\3353Q\035\224\200\224\347\257""; ","proposeSeq: 0; currentTxHash: ""\000\000\000\000\000\000\000\000\000\000\000\000\000\000\000\000\000\000\000\000\000\000\000\000\000\000\000\000\000\000\000\000""; nodePubKey: ""\002\347\243J\206W\025ML\260\226\0163\217\250\337\325W\253\356*O\245Z\271\234\207C\274\375`\335\311""; closeTime: 803902483; signature: ""0D\002 \021\022C}\036\0342\203.1\254&\360\370w\003fY\240\257\037\013`\346\003\210S\302\313\2111\030\002 1d\305\227\237\336U\315\317{\211\205\357\213\363,\343i\273\002W~\377mN\242\215\321\2364\333\207""; previousledger: ""\237\231\311\371Y@""\177>\241""\310\233r\315\210Z\003g\334\034\021\305\3353Q\035\224\200\224\347\257""; "
1750587283010,1750587283010,1290,1,0,2,TMProposeSet,"proposeSeq: 0; currentTxHash: ""\000\000\000\000\000\000\000\000\000\000\000\000\000\000\000\000\000\000\000\000\000\000\000\000\000\000\000\000\000\000\000\000""; nodePubKey: ""\002\347\243J\206W\025ML\260\226\0163\217\250\337\325W\253\356*O\245Z\271\234\207C\274\375`\335\311""; closeTime: 803902483; signature: ""0D\002 \021\022C}\036\0342\203.1\254&\360\370w\003fY\240\257\037\013`\346\003\210S\302\313\2111\030\002 1d\305\227\237\336U\315\317{\211\205\357\213\363,\343i\273\002W~\377mN\242\215\321\2364\333\207""; previousledger: ""\237\231\311\371Y@""\177>\241""\310\233r\315\210Z\003g\334\034\021\305\3353Q\035\224\200\224\347\257""; ","proposeSeq: 0; currentTxHash: ""\000\000\000\000\000\000\000\000\000\000\000\000\000\000\000\000\000\000\000\000\000\000\000\000\000\000\000\000\000\000\000\000""; nodePubKey: ""\002\347\243J\206W\025ML\260\226\0163\217\250\337\325W\253\356*O\245Z\271\234\207C\274\375`\335\311""; closeTime: 803902483; signature: ""0D\002 \021\022C}\036\0342\203.1\254&\360\370w\003fY\240\257\037\013`\346\003\210S\302\313\2111\030\002 1d\305\227\237\336U\315\317{\211\205\357\213\363,\343i\273\002W~\377mN\242\215\321\2364\333\207""; previousledger: ""\237\231\311\371Y@""\177>\241""\310\233r\315\210Z\003g\334\034\021\305\3353Q\035\224\200\224\347\257""; "
1750587283019,1750587283019,557,1,4,1,TMGetLedger,"itype: liTS_CANDIDATE; ledgerHash: ""b\001;\355\\351h\305\360*\252j\2470\334[#|\313\3606\207\210\245\372\217RX\333g`K""; nodeIDs: ""\000\000\000\000\000\000\000\000\000\000\000\000\000\000\000\000\000\000\000\000\000\000\000\000\000\000\000\000\000\000\000\000\000""; requestCookie: 1; queryType: qtINDIRECT; queryDepth: 3; ","itype: liTS_CANDIDATE; ledgerHash: ""b\001;\355\\351h\305\360*\252j\2470\334[#|\313\3606\207\210\245\372\217RX\333g`K""; nodeIDs: ""\000\000\000\000\000\000\000\000\000\000\000\000\000\000\000\000\000\000\000\000\000\000\000\000\000\000\000\000\000\000\000\000\000""; requestCookie: 1; queryType: qtINDIRECT; queryDepth: 3; "
1750587283025,1750587283025,1399,1,1,3,TMLedgerData,"ledgerHash: ""\007\347lg\346B\270\350\352\375\266\371?(\361\364\365I|\375\262>\230(\333\250\331\007\360U\024\027""; ledgerSeq: 0; type: liTS_CANDIDATE; nodes {;   nodedata: ""\003S\n\235\2624\346\340\377asq\337\223T\316nL\232)C!\360\245\205[L\224\\351\351\000\003"";   nodeid: ""\000\000\000\000\000\000\000\000\000\000\000\000\000\000\000\000\000\000\000\000\000\000\000\000\000\000\000\000\000\000\000\000\000""; }; requestCookie: 2; ","ledgerHash: ""\007\347lg\346B\270\350\352\375\266\371?(\361\364\365I|\375\262>\230(\333\250\331\007\360U\024\027""; ledgerSeq: 0; type: liTS_CANDIDATE; nodes {;   nodedata: ""\003S\n\235\2624\346\340\377asq\337\223T\316nL\232)C!\360\245\205[L\224\\351\351\000\003"";   nodeid: ""\000\000\000\000\000\000\000\000\000\000\000\000\000\000\000\000\000\000\000\000\000\000\000\000\000\000\000\000\000\000\000\000\000""; }; requestCookie: 2; "
1750587283025,1750587283025,1753,1,0,2,TMLedgerData,"ledgerHash: ""\r!N\267\203~\313a\272~\344A\332\034\332r\\301\240a\307\341\261(c(\021\265B\030@(""; ledgerSeq: 0; type: liTS_CANDIDATE; nodes {;   nodedata: ""\247\272\246\2214\014W1\360z\262\252=\343\207'\275\266;\016\021\306\330\030\225\023\357\272\353\200x\221\n\003"";   nodeid: ""\000\000\000\000\000\000\000\000\000\000\000\000\000\000\000\000\000\000\000\000\000\000\000\000\000\000\000\000\000\000\000\000\000""; }; ","ledgerHash: ""\r!N\267\203~\313a\272~\344A\332\034\332r\\301\240a\307\341\261(c(\021\265B\030@(""; ledgerSeq: 0; type: liTS_CANDIDATE; nodes {;   nodedata: ""\247\272\246\2214\014W1\360z\262\252=\343\207'\275\266;\016\021\306\330\030\225\023\357\272\353\200x\221\n\003"";   nodeid: ""\000\000\000\000\000\000\000\000\000\000\000\000\000\000\000\000\000\000\000\000\000\000\000\000\000\000\000\000\000\000\000\000\000""; }; "
1750587283030,1750587283030,3097,1,2,0,TMLedgerData,"ledgerHash: ""\007\347lg\346B\270\350\352\375\266\371?(\361\364\365I|\375\262>\230(\333\250\331\007\360U\024\027""; ledgerSeq: 0; type: liTS_CANDIDATE; nodes {;   nodedata: ""\003S\n\235\2624\346\340\377asq\337\223T\316nL\232)C!\360\245\205[L\224\\351\351\000\003"";   nodeid: ""\000\000\000\000\000\000\000\000\000\000\000\000\000\000\000\000\000\000\000\000\000\000\000\000\000\000\000\000\000\000\000\000\000""; }; ","ledgerHash: ""\007\347lg\346B\270\350\352\375\266\371?(\361\364\365I|\375\262>\230(\333\250\331\007\360U\024\027""; ledgerSeq: 0; type: liTS_CANDIDATE; nodes {;   nodedata: ""\003S\n\235\2624\346\340\377asq\337\223T\316nL\232)C!\360\245\205[L\224\\351\351\000\003"";   nodeid: ""\000\000\000\000\000\000\000\000\000\000\000\000\000\000\000\000\000\000\000\000\000\000\000\000\000\000\000\000\000\000\000\000\000""; }; "
1750587283006,1750587283045,468,1,0,1,TMStatusChange,"newEvent: neCLOSING_LEDGER; ledgerSeq: 8; ledgerHash: ""\237\231\311\371Y@""\177>\241""\310\233r\315\210Z\003g\334\034\021\305\3353Q\035\224\200\224\347\257""; ledgerHashPrevious: ""\311\347s\234ae\204\263\365U\334\372D\354\345\276\201f\035\271%#\375\245\314.""\373\330&\3746""; networkTime: 803902483; firstSeq: 1; lastSeq: 8; ","newEvent: neCLOSING_LEDGER; ledgerSeq: 8; ledgerHash: ""\237\231\311\371Y@""\177>\241""\310\233r\315\210Z\003g\334\034\021\305\3353Q\035\224\200\224\347\257""; ledgerHashPrevious: ""\311\347s\234ae\204\263\365U\334\372D\354\345\276\201f\035\271%#\375\245\314.""\373\330&\3746""; networkTime: 803902483; firstSeq: 1; lastSeq: 8; "
1750587283008,1750587283046,2252,1,0,4,TMStatusChange,"newEvent: neCLOSING_LEDGER; ledgerSeq: 8; ledgerHash: ""\237\231\311\371Y@""\177>\241""\310\233r\315\210Z\003g\334\034\021\305\3353Q\035\224\200\224\347\257""; ledgerHashPrevious: ""\311\347s\234ae\204\263\365U\334\372D\354\345\276\201f\035\271%#\375\245\314.""\373\330&\3746""; networkTime: 803902483; firstSeq: 1; lastSeq: 8; ","newEvent: neCLOSING_LEDGER; ledgerSeq: 8; ledgerHash: ""\237\231\311\371Y@""\177>\241""\310\233r\315\210Z\003g\334\034\021\305\3353Q\035\224\200\224\347\257""; ledgerHashPrevious: ""\311\347s\234ae\204\263\365U\334\372D\354\345\276\201f\035\271%#\375\245\314.""\373\330&\3746""; networkTime: 803902483; firstSeq: 1; lastSeq: 8; "
1750587283007,1750587283045,3150,1,0,3,TMStatusChange,"newEvent: neCLOSING_LEDGER; ledgerSeq: 8; ledgerHash: ""\237\231\311\371Y@""\177>\241""\310\233r\315\210Z\003g\334\034\021\305\3353Q\035\224\200\224\347\257""; ledgerHashPrevious: ""\311\347s\234ae\204\263\365U\334\372D\354\345\276\201f\035\271%#\375\245\314.""\373\330&\3746""; networkTime: 803902483; firstSeq: 1; lastSeq: 8; ","newEvent: neCLOSING_LEDGER; ledgerSeq: 8; ledgerHash: ""\237\231\311\371Y@""\177>\241""\310\233r\315\210Z\003g\334\034\021\305\3353Q\035\224\200\224\347\257""; ledgerHashPrevious: ""\311\347s\234ae\204\263\365U\334\372D\354\345\276\201f\035\271%#\375\245\314.""\373\330&\3746""; networkTime: 803902483; firstSeq: 1; lastSeq: 8; "
1750587283010,1750587283046,615,1,0,2,TMStatusChange,"newEvent: neCLOSING_LEDGER; ledgerSeq: 8; ledgerHash: ""\237\231\311\371Y@""\177>\241""\310\233r\315\210Z\003g\334\034\021\305\3353Q\035\224\200\224\347\257""; ledgerHashPrevious: ""\311\347s\234ae\204\263\365U\334\372D\354\345\276\201f\035\271%#\375\245\314.""\373\330&\3746""; networkTime: 803902483; firstSeq: 1; lastSeq: 8; ","newEvent: neCLOSING_LEDGER; ledgerSeq: 8; ledgerHash: ""\237\231\311\371Y@""\177>\241""\310\233r\315\210Z\003g\334\034\021\305\3353Q\035\224\200\224\347\257""; ledgerHashPrevious: ""\311\347s\234ae\204\263\365U\334\372D\354\345\276\201f\035\271%#\375\245\314.""\373\330&\3746""; networkTime: 803902483; firstSeq: 1; lastSeq: 8; "
1750587283050,1750587283051,190,1,0,1,TMProposeSet,"proposeSeq: 0; currentTxHash: ""\000\000\000\000\000\000\000\000\000\000\000\000\000\000\000\000\000\000\000\000\000\000\000\000\000\000\000\000\000\000\000\000""; nodePubKey: ""\002\347\243J\206W\025ML\260\226\0163\217\250\337\325W\253\356*O\245Z\271\234\207C\274\375`\335\311""; closeTime: 803902483; signature: ""0D\002 \021\022C}\036\0342\203.1\254&\360\370w\003fY\240\257\037\013`\346\003\210S\302\313\2111\030\002 1d\305\227\237\336U\315\317{\211\205\357\213\363,\343i\273\002W~\377mN\242\215\321\2364\333\207""; previousledger: ""\237\231\311\371Y@""\177>\241""\310\233r\315\210Z\003g\334\034\021\305\3353Q\035\224\200\224\347\257""; ","proposeSeq: 0; currentTxHash: ""\000\000\000\000\000\000\000\000\000\000\000\000\000\000\000\000\000\000\000\000\000\000\000\000\000\000\000\000\000\000\000\000""; nodePubKey: ""\002\347\243J\206W\025ML\260\226\0163\217\250\337\325W\253\356*O\245Z\271\234\207C\274\375`\335\311""; closeTime: 803902483; signature: ""0D\002 \021\022C}\036\0342\203.1\254&\360\370w\003fY\240\257\037\013`\346\003\210S\302\313\2111\030\002 1d\305\227\237\336U\315\317{\211\205\357\213\363,\343i\273\002W~\377mN\242\215\321\2364\333\207""; previousledger: ""\237\231\311\371Y@""\177>\241""\310\233r\315\210Z\003g\334\034\021\305\3353Q\035\224\200\224\347\257""; "
1750587283066,1750587283066,2142,1,3,1,TMGetLedger,"itype: liTS_CANDIDATE; ledgerHash: ""b\001;\355\\351h\305\360*\252j\2470\334[#|\313\3606\207\210\245\372\217RX\333g`K""; nodeIDs: ""\000\000\000\000\000\000\000\000\000\000\000\000\000\000\000\000\000\000\000\000\000\000\000\000\000\000\000\000\000\000\000\000\000""; requestCookie: 2; queryType: qtINDIRECT; queryDepth: 3; ","itype: liTS_CANDIDATE; ledgerHash: ""b\001;\355\\351h\305\360*\252j\2470\334[#|\313\3606\207\210\245\372\217RX\333g`K""; nodeIDs: ""\000\000\000\000\000\000\000\000\000\000\000\000\000\000\000\000\000\000\000\000\000\000\000\000\000\000\000\000\000\000\000\000\000""; requestCookie: 2; queryType: qtINDIRECT; queryDepth: 3; "
1750587283082,1750587283083,2565,1,3,0,TMLedgerData,"ledgerHash: ""\354@[\274\202\021\202\373Vi\243\n\325\250\005e\360""m\346'\311@\343\016$L\346\334\360<w""; ledgerSeq: 8; type: liBASE; nodes {;   nodedata: ""\000\000\000\010\001cEx]\211\377\342\311\347s\234ae\204\263\365U\334\372D\354\345\276\201f\035\271%#\375\245\314.""\373\330&\3746\000\000\000\000\000\000\000\000\000\000\000\000\000\000\000\000\000\000\000\000\000\000\000\000\000\000\000\000\000\000\000\000\245lQI\023\t3o\213\325\024\3601\255\010\244\306\3215\261\204Q\r\327\317\312f\322eb\215C/\352\224\010/\352\224\020\n\000""; }; nodes {;   nodedata: ""h\315\350\215y\203\242]\371\235\232Pt&\325\210eZ\346\237XZ \277\2457n\221\336\253\245\317\002w\n\356\350\316{k\272E0\225\362\025\010\366\367\372\263\355xq\360\261\376M<\356\347\007zf\307\006E\344\037@\210\363\010\336T\226\247'\204_{\261\370""1\235\2445\343\033Y!\212\201\341\272\225'\007*$\244&\336\343'\233i\332\374\245 {^\306-N\333\gE\006\347\212\331C\211Z\177\247\031\n\265\022\035W\277\033\265pM\027\313x\327iNP(O\216Pk&\235\336\223\217\374\212\253\322w\362\013\210`4\253""\302f\230\374\037bx\0145C\307\337\316[\244d\302\3031\347\300\025aX\357\226\221\016\003""; }; ","ledgerHash: ""\354@[\274\202\021\202\373Vi\243\n\325\250\005e\360""m\346'\311@\343\016$L\346\334\360<w""; ledgerSeq: 8; type: liBASE; nodes {;   nodedata: ""\000\000\000\010\001cEx]\211\377\342\311\347s\234ae\204\263\365U\334\372D\354\345\276\201f\035\271%#\375\245\314.""\373\330&\3746\000\000\000\000\000\000\000\000\000\000\000\000\000\000\000\000\000\000\000\000\000\000\000\000\000\000\000\000\000\000\000\000\245lQI\023\t3o\213\325\024\3601\255\010\244\306\3215\261\204Q\r\327\317\312f\322eb\215C/\352\224\010/\352\224\020\n\000""; }; nodes {;   nodedata: ""h\315\350\215y\203\242]\371\235\232Pt&\325\210eZ\346\237XZ \277\2457n\221\336\253\245\317\002w\n\356\350\316{k\272E0\225\362\025\010\366\367\372\263\355xq\360\261\376M<\356\347\007zf\307\006E\344\037@\210\363\010\336T\226\247'\204_{\261\370""1\235\2445\343\033Y!\212\201\341\272\225'\007*$\244&\336\343'\233i\332\374\245 {^\306-N\333\gE\006\347\212\331C\211Z\177\247\031\n\265\022\035W\277\033\265pM\027\313x\327iNP(O\216Pk&\235\336\223\217\374\212\253\322w\362\013\210`4\253""\302f\230\374\037bx\0145C\307\337\316[\244d\302\3031\347\300\025aX\357\226\221\016\003""; }; "
1750587283083,1750587283083,2565,1,3,0,TMLedgerData,"ledgerHash: ""\354@[\274\202\021\202\373Vi\243\n\325\250\005e\360""m\346'\311@\343\016$L\346\334\360<w""; ledgerSeq: 8; type: liBASE; nodes {;   nodedata: ""\000\000\000\010\001cEx]\211\377\342\311\347s\234ae\204\263\365U\334\372D\354\345\276\201f\035\271%#\375\245\314.""\373\330&\3746\000\000\000\000\000\000\000\000\000\000\000\000\000\000\000\000\000\000\000\000\000\000\000\000\000\000\000\000\000\000\000\000\245lQI\023\t3o\213\325\024\3601\255\010\244\306\3215\261\204Q\r\327\317\312f\322eb\215C/\352\224\010/\352\224\020\n\000""; }; nodes {;   nodedata: ""h\315\350\215y\203\242]\371\235\232Pt&\325\210eZ\346\237XZ \277\2457n\221\336\253\245\317\002w\n\356\350\316{k\272E0\225\362\025\010\366\367\372\263\355xq\360\261\376M<\356\347\007zf\307\006E\344\037@\210\363\010\336T\226\247'\204_{\261\370""1\235\2445\343\033Y!\212\201\341\272\225'\007*$\244&\336\343'\233i\332\374\245 {^\306-N\333\gE\006\347\212\331C\211Z\177\247\031\n\265\022\035W\277\033\265pM\027\313x\327iNP(O\216Pk&\235\336\223\217\374\212\253\322w\362\013\210`4\253""\302f\230\374\037bx\0145C\307\337\316[\244d\302\3031\347\300\025aX\357\226\221\016\003""; }; ","ledgerHash: ""\354@[\274\202\021\202\373Vi\243\n\325\250\005e\360""m\346'\311@\343\016$L\346\334\360<w""; ledgerSeq: 8; type: liBASE; nodes {;   nodedata: ""\000\000\000\010\001cEx]\211\377\342\311\347s\234ae\204\263\365U\334\372D\354\345\276\201f\035\271%#\375\245\314.""\373\330&\3746\000\000\000\000\000\000\000\000\000\000\000\000\000\000\000\000\000\000\000\000\000\000\000\000\000\000\000\000\000\000\000\000\245lQI\023\t3o\213\325\024\3601\255\010\244\306\3215\261\204Q\r\327\317\312f\322eb\215C/\352\224\010/\352\224\020\n\000""; }; nodes {;   nodedata: ""h\315\350\215y\203\242]\371\235\232Pt&\325\210eZ\346\237XZ \277\2457n\221\336\253\245\317\002w\n\356\350\316{k\272E0\225\362\025\010\366\367\372\263\355xq\360\261\376M<\356\347\007zf\307\006E\344\037@\210\363\010\336T\226\247'\204_{\261\370""1\235\2445\343\033Y!\212\201\341\272\225'\007*$\244&\336\343'\233i\332\374\245 {^\306-N\333\gE\006\347\212\331C\211Z\177\247\031\n\265\022\035W\277\033\265pM\027\313x\327iNP(O\216Pk&\235\336\223\217\374\212\253\322w\362\013\210`4\253""\302f\230\374\037bx\0145C\307\337\316[\244d\302\3031\347\300\025aX\357\226\221\016\003""; }; "
1750587283089,1750587283089,628,1,3,2,TMLedgerData,"ledgerHash: ""\r!N\267\203~\313a\272~\344A\332\034\332r\\301\240a\307\341\261(c(\021\265B\030@(""; ledgerSeq: 0; type: liTS_CANDIDATE; nodes {;   nodedata: ""\247\272\246\2214\014W1\360z\262\252=\343\207'\275\266;\016\021\306\330\030\225\023\357\272\353\200x\221\n\003"";   nodeid: ""\000\000\000\000\000\000\000\000\000\000\000\000\000\000\000\000\000\000\000\000\000\000\000\000\000\000\000\000\000\000\000\000\000""; }; ","ledgerHash: ""\r!N\267\203~\313a\272~\344A\332\034\332r\\301\240a\307\341\261(c(\021\265B\030@(""; ledgerSeq: 0; type: liTS_CANDIDATE; nodes {;   nodedata: ""\247\272\246\2214\014W1\360z\262\252=\343\207'\275\266;\016\021\306\330\030\225\023\357\272\353\200x\221\n\003"";   nodeid: ""\000\000\000\000\000\000\000\000\000\000\000\000\000\000\000\000\000\000\000\000\000\000\000\000\000\000\000\000\000\000\000\000\000""; }; "
1750587283107,1750587283108,486,1,4,0,TMLedgerData,"ledgerHash: ""\007\347lg\346B\270\350\352\375\266\371?(\361\364\365I|\375\262>\230(\333\250\331\007\360U\024\027""; ledgerSeq: 0; type: liTS_CANDIDATE; nodes {;   nodedata: ""\003S\n\235\2624\346\340\377asq\337\223T\316nL\232)C!\360\245\205[L\224\\351\351\000\003"";   nodeid: ""\000\000\000\000\000\000\000\000\000\000\000\000\000\000\000\000\000\000\000\000\000\000\000\000\000\000\000\000\000\000\000\000\000""; }; ","ledgerHash: ""\007\347lg\346B\270\350\352\375\266\371?(\361\364\365I|\375\262>\230(\333\250\331\007\360U\024\027""; ledgerSeq: 0; type: liTS_CANDIDATE; nodes {;   nodedata: ""\003S\n\235\2624\346\340\377asq\337\223T\316nL\232)C!\360\245\205[L\224\\351\351\000\003"";   nodeid: ""\000\000\000\000\000\000\000\000\000\000\000\000\000\000\000\000\000\000\000\000\000\000\000\000\000\000\000\000\000\000\000\000\000""; }; "
1750587283109,1750587283109,3914,1,4,3,TMGetLedger,"itype: liBASE; ledgerHash: ""\237\231\311\371Y@""\177>\241""\310\233r\315\210Z\003g\334\034\021\305\3353Q\035\224\200\224\347\257""; requestCookie: 3; queryType: qtINDIRECT; ","itype: liBASE; ledgerHash: ""\237\231\311\371Y@""\177>\241""\310\233r\315\210Z\003g\334\034\021\305\3353Q\035\224\200\224\347\257""; requestCookie: 3; queryType: qtINDIRECT; "
1750587283138,1750587283138,628,1,3,2,TMLedgerData,"ledgerHash: ""\007\347lg\346B\270\350\352\375\266\371?(\361\364\365I|\375\262>\230(\333\250\331\007\360U\024\027""; ledgerSeq: 0; type: liTS_CANDIDATE; nodes {;   nodedata: ""\003S\n\235\2624\346\340\377asq\337\223T\316nL\232)C!\360\245\205[L\224\\351\351\000\003"";   nodeid: ""\000\000\000\000\000\000\000\000\000\000\000\000\000\000\000\000\000\000\000\000\000\000\000\000\000\000\000\000\000\000\000\000\000""; }; ","ledgerHash: ""\007\347lg\346B\270\350\352\375\266\371?(\361\364\365I|\375\262>\230(\333\250\331\007\360U\024\027""; ledgerSeq: 0; type: liTS_CANDIDATE; nodes {;   nodedata: ""\003S\n\235\2624\346\340\377asq\337\223T\316nL\232)C!\360\245\205[L\224\\351\351\000\003"";   nodeid: ""\000\000\000\000\000\000\000\000\000\000\000\000\000\000\000\000\000\000\000\000\000\000\000\000\000\000\000\000\000\000\000\000\000""; }; "
1750587283142,1750587283142,1467,1,4,2,TMGetLedger,"itype: liTS_CANDIDATE; ledgerHash: ""\007\347lg\346B\270\350\352\375\266\371?(\361\364\365I|\375\262>\230(\333\250\331\007\360U\024\027""; nodeIDs: ""\000\000\000\000\000\000\000\000\000\000\000\000\000\000\000\000\000\000\000\000\000\000\000\000\000\000\000\000\000\000\000\000\000""; requestCookie: 4; queryType: qtINDIRECT; queryDepth: 3; ","itype: liTS_CANDIDATE; ledgerHash: ""\007\347lg\346B\270\350\352\375\266\371?(\361\364\365I|\375\262>\230(\333\250\331\007\360U\024\027""; nodeIDs: ""\000\000\000\000\000\000\000\000\000\000\000\000\000\000\000\000\000\000\000\000\000\000\000\000\000\000\000\000\000\000\000\000\000""; requestCookie: 4; queryType: qtINDIRECT; queryDepth: 3; "
1750587283150,1750587283150,1317,1,3,2,TMProposeSet,"proposeSeq: 0; currentTxHash: ""\000\000\000\000\000\000\000\000\000\000\000\000\000\000\000\000\000\000\000\000\000\000\000\000\000\000\000\000\000\000\000\000""; nodePubKey: ""\002\347\243J\206W\025ML\260\226\0163\217\250\337\325W\253\356*O\245Z\271\234\207C\274\375`\335\311""; closeTime: 803902483; signature: ""0D\002 \021\022C}\036\0342\203.1\254&\360\370w\003fY\240\257\037\013`\346\003\210S\302\313\2111\030\002 1d\305\227\237\336U\315\317{\211\205\357\213\363,\343i\273\002W~\377mN\242\215\321\2364\333\207""; previousledger: ""\237\231\311\371Y@""\177>\241""\310\233r\315\210Z\003g\334\034\021\305\3353Q\035\224\200\224\347\257""; ","proposeSeq: 0; currentTxHash: ""\000\000\000\000\000\000\000\000\000\000\000\000\000\000\000\000\000\000\000\000\000\000\000\000\000\000\000\000\000\000\000\000""; nodePubKey: ""\002\347\243J\206W\025ML\260\226\0163\217\250\337\325W\253\356*O\245Z\271\234\207C\274\375`\335\311""; closeTime: 803902483; signature: ""0D\002 \021\022C}\036\0342\203.1\254&\360\370w\003fY\240\257\037\013`\346\003\210S\302\313\2111\030\002 1d\305\227\237\336U\315\317{\211\205\357\213\363,\343i\273\002W~\377mN\242\215\321\2364\333\207""; previousledger: ""\237\231\311\371Y@""\177>\241""\310\233r\315\210Z\003g\334\034\021\305\3353Q\035\224\200\224\347\257""; "
1750587283150,1750587283150,3656,1,3,1,TMProposeSet,"proposeSeq: 0; currentTxHash: ""\000\000\000\000\000\000\000\000\000\000\000\000\000\000\000\000\000\000\000\000\000\000\000\000\000\000\000\000\000\000\000\000""; nodePubKey: ""\002\347\243J\206W\025ML\260\226\0163\217\250\337\325W\253\356*O\245Z\271\234\207C\274\375`\335\311""; closeTime: 803902483; signature: ""0D\002 \021\022C}\036\0342\203.1\254&\360\370w\003fY\240\257\037\013`\346\003\210S\302\313\2111\030\002 1d\305\227\237\336U\315\317{\211\205\357\213\363,\343i\273\002W~\377mN\242\215\321\2364\333\207""; previousledger: ""\237\231\311\371Y@""\177>\241""\310\233r\315\210Z\003g\334\034\021\305\3353Q\035\224\200\224\347\257""; ","proposeSeq: 0; currentTxHash: ""\000\000\000\000\000\000\000\000\000\000\000\000\000\000\000\000\000\000\000\000\000\000\000\000\000\000\000\000\000\000\000\000""; nodePubKey: ""\002\347\243J\206W\025ML\260\226\0163\217\250\337\325W\253\356*O\245Z\271\234\207C\274\375`\335\311""; closeTime: 803902483; signature: ""0D\002 \021\022C}\036\0342\203.1\254&\360\370w\003fY\240\257\037\013`\346\003\210S\302\313\2111\030\002 1d\305\227\237\336U\315\317{\211\205\357\213\363,\343i\273\002W~\377mN\242\215\321\2364\333\207""; previousledger: ""\237\231\311\371Y@""\177>\241""\310\233r\315\210Z\003g\334\034\021\305\3353Q\035\224\200\224\347\257""; "
1750587283150,1750587283150,483,1,3,4,TMProposeSet,"proposeSeq: 0; currentTxHash: ""\000\000\000\000\000\000\000\000\000\000\000\000\000\000\000\000\000\000\000\000\000\000\000\000\000\000\000\000\000\000\000\000""; nodePubKey: ""\002\347\243J\206W\025ML\260\226\0163\217\250\337\325W\253\356*O\245Z\271\234\207C\274\375`\335\311""; closeTime: 803902483; signature: ""0D\002 \021\022C}\036\0342\203.1\254&\360\370w\003fY\240\257\037\013`\346\003\210S\302\313\2111\030\002 1d\305\227\237\336U\315\317{\211\205\357\213\363,\343i\273\002W~\377mN\242\215\321\2364\333\207""; previousledger: ""\237\231\311\371Y@""\177>\241""\310\233r\315\210Z\003g\334\034\021\305\3353Q\035\224\200\224\347\257""; ","proposeSeq: 0; currentTxHash: ""\000\000\000\000\000\000\000\000\000\000\000\000\000\000\000\000\000\000\000\000\000\000\000\000\000\000\000\000\000\000\000\000""; nodePubKey: ""\002\347\243J\206W\025ML\260\226\0163\217\250\337\325W\253\356*O\245Z\271\234\207C\274\375`\335\311""; closeTime: 803902483; signature: ""0D\002 \021\022C}\036\0342\203.1\254&\360\370w\003fY\240\257\037\013`\346\003\210S\302\313\2111\030\002 1d\305\227\237\336U\315\317{\211\205\357\213\363,\343i\273\002W~\377mN\242\215\321\2364\333\207""; previousledger: ""\237\231\311\371Y@""\177>\241""\310\233r\315\210Z\003g\334\034\021\305\3353Q\035\224\200\224\347\257""; "
1750587283159,1750587283159,1399,1,1,3,TMLedgerData,"ledgerHash: ""\r!N\267\203~\313a\272~\344A\332\034\332r\\301\240a\307\341\261(c(\021\265B\030@(""; ledgerSeq: 0; type: liTS_CANDIDATE; nodes {;   nodedata: ""\247\272\246\2214\014W1\360z\262\252=\343\207'\275\266;\016\021\306\330\030\225\023\357\272\353\200x\221\n\003"";   nodeid: ""\000\000\000\000\000\000\000\000\000\000\000\000\000\000\000\000\000\000\000\000\000\000\000\000\000\000\000\000\000\000\000\000\000""; }; ","ledgerHash: ""\r!N\267\203~\313a\272~\344A\332\034\332r\\301\240a\307\341\261(c(\021\265B\030@(""; ledgerSeq: 0; type: liTS_CANDIDATE; nodes {;   nodedata: ""\247\272\246\2214\014W1\360z\262\252=\343\207'\275\266;\016\021\306\330\030\225\023\357\272\353\200x\221\n\003"";   nodeid: ""\000\000\000\000\000\000\000\000\000\000\000\000\000\000\000\000\000\000\000\000\000\000\000\000\000\000\000\000\000\000\000\000\000""; }; "
1750587283167,1750587283167,1399,1,1,3,TMLedgerData,"ledgerHash: ""\007\347lg\346B\270\350\352\375\266\371?(\361\364\365I|\375\262>\230(\333\250\331\007\360U\024\027""; ledgerSeq: 0; type: liTS_CANDIDATE; nodes {;   nodedata: ""\003S\n\235\2624\346\340\377asq\337\223T\316nL\232)C!\360\245\205[L\224\\351\351\000\003"";   nodeid: ""\000\000\000\000\000\000\000\000\000\000\000\000\000\000\000\000\000\000\000\000\000\000\000\000\000\000\000\000\000\000\000\000\000""; }; ","ledgerHash: ""\007\347lg\346B\270\350\352\375\266\371?(\361\364\365I|\375\262>\230(\333\250\331\007\360U\024\027""; ledgerSeq: 0; type: liTS_CANDIDATE; nodes {;   nodedata: ""\003S\n\235\2624\346\340\377asq\337\223T\316nL\232)C!\360\245\205[L\224\\351\351\000\003"";   nodeid: ""\000\000\000\000\000\000\000\000\000\000\000\000\000\000\000\000\000\000\000\000\000\000\000\000\000\000\000\000\000\000\000\000\000""; }; "
1750587283179,1750587283179,2655,1,1,0,TMLedgerData,"ledgerHash: ""\354@[\274\202\021\202\373Vi\243\n\325\250\005e\360""m\346'\311@\343\016$L\346\334\360<w""; ledgerSeq: 8; type: liBASE; nodes {;   nodedata: ""\000\000\000\010\001cEx]\211\377\342\311\347s\234ae\204\263\365U\334\372D\354\345\276\201f\035\271%#\375\245\314.""\373\330&\3746\000\000\000\000\000\000\000\000\000\000\000\000\000\000\000\000\000\000\000\000\000\000\000\000\000\000\000\000\000\000\000\000\245lQI\023\t3o\213\325\024\3601\255\010\244\306\3215\261\204Q\r\327\317\312f\322eb\215C/\352\224\010/\352\224\020\n\000""; }; nodes {;   nodedata: ""h\315\350\215y\203\242]\371\235\232Pt&\325\210eZ\346\237XZ \277\2457n\221\336\253\245\317\002w\n\356\350\316{k\272E0\225\362\025\010\366\367\372\263\355xq\360\261\376M<\356\347\007zf\307\006E\344\037@\210\363\010\336T\226\247'\204_{\261\370""1\235\2445\343\033Y!\212\201\341\272\225'\007*$\244&\336\343'\233i\332\374\245 {^\306-N\333\gE\006\347\212\331C\211Z\177\247\031\n\265\022\035W\277\033\265pM\027\313x\327iNP(O\216Pk&\235\336\223\217\374\212\253\322w\362\013\210`4\253""\302f\230\374\037bx\0145C\307\337\316[\244d\302\3031\347\300\025aX\357\226\221\016\003""; }; requestCookie: 3; ","ledgerHash: ""\354@[\274\202\021\202\373Vi\243\n\325\250\005e\360""m\346'\311@\343\016$L\346\334\360<w""; ledgerSeq: 8; type: liBASE; nodes {;   nodedata: ""\000\000\000\010\001cEx]\211\377\342\311\347s\234ae\204\263\365U\334\372D\354\345\276\201f\035\271%#\375\245\314.""\373\330&\3746\000\000\000\000\000\000\000\000\000\000\000\000\000\000\000\000\000\000\000\000\000\000\000\000\000\000\000\000\000\000\000\000\245lQI\023\t3o\213\325\024\3601\255\010\244\306\3215\261\204Q\r\327\317\312f\322eb\215C/\352\224\010/\352\224\020\n\000""; }; nodes {;   nodedata: ""h\315\350\215y\203\242]\371\235\232Pt&\325\210eZ\346\237XZ \277\2457n\221\336\253\245\317\002w\n\356\350\316{k\272E0\225\362\025\010\366\367\372\263\355xq\360\261\376M<\356\347\007zf\307\006E\344\037@\210\363\010\336T\226\247'\204_{\261\370""1\235\2445\343\033Y!\212\201\341\272\225'\007*$\244&\336\343'\233i\332\374\245 {^\306-N\333\gE\006\347\212\331C\211Z\177\247\031\n\265\022\035W\277\033\265pM\027\313x\327iNP(O\216Pk&\235\336\223\217\374\212\253\322w\362\013\210`4\253""\302f\230\374\037bx\0145C\307\337\316[\244d\302\3031\347\300\025aX\357\226\221\016\003""; }; requestCookie: 3; "
1750587283179,1750587283179,1102,1,2,3,TMLedgerData,"ledgerHash: ""\007\347lg\346B\270\350\352\375\266\371?(\361\364\365I|\375\262>\230(\333\250\331\007\360U\024\027""; ledgerSeq: 0; type: liTS_CANDIDATE; nodes {;   nodedata: ""\003S\n\235\2624\346\340\377asq\337\223T\316nL\232)C!\360\245\205[L\224\\351\351\000\003"";   nodeid: ""\000\000\000\000\000\000\000\000\000\000\000\000\000\000\000\000\000\000\000\000\000\000\000\000\000\000\000\000\000\000\000\000\000""; }; ","ledgerHash: ""\007\347lg\346B\270\350\352\375\266\371?(\361\364\365I|\375\262>\230(\333\250\331\007\360U\024\027""; ledgerSeq: 0; type: liTS_CANDIDATE; nodes {;   nodedata: ""\003S\n\235\2624\346\340\377asq\337\223T\316nL\232)C!\360\245\205[L\224\\351\351\000\003"";   nodeid: ""\000\000\000\000\000\000\000\000\000\000\000\000\000\000\000\000\000\000\000\000\000\000\000\000\000\000\000\000\000\000\000\000\000""; }; "
1750587283202,1750587283202,2715,1,1,4,TMLedgerData,"ledgerHash: ""\007\347lg\346B\270\350\352\375\266\371?(\361\364\365I|\375\262>\230(\333\250\331\007\360U\024\027""; ledgerSeq: 0; type: liTS_CANDIDATE; nodes {;   nodedata: ""\003S\n\235\2624\346\340\377asq\337\223T\316nL\232)C!\360\245\205[L\224\\351\351\000\003"";   nodeid: ""\000\000\000\000\000\000\000\000\000\000\000\000\000\000\000\000\000\000\000\000\000\000\000\000\000\000\000\000\000\000\000\000\000""; }; requestCookie: 4; ","ledgerHash: ""\007\347lg\346B\270\350\352\375\266\371?(\361\364\365I|\375\262>\230(\333\250\331\007\360U\024\027""; ledgerSeq: 0; type: liTS_CANDIDATE; nodes {;   nodedata: ""\003S\n\235\2624\346\340\377asq\337\223T\316nL\232)C!\360\245\205[L\224\\351\351\000\003"";   nodeid: ""\000\000\000\000\000\000\000\000\000\000\000\000\000\000\000\000\000\000\000\000\000\000\000\000\000\000\000\000\000\000\000\000\000""; }; requestCookie: 4; "
1750587283217,1750587283217,3487,1,0,3,TMLedgerData,"ledgerHash: ""\007\347lg\346B\270\350\352\375\266\371?(\361\364\365I|\375\262>\230(\333\250\331\007\360U\024\027""; ledgerSeq: 0; type: liTS_CANDIDATE; nodes {;   nodedata: ""\003S\n\235\2624\346\340\377asq\337\223T\316nL\232)C!\360\245\205[L\224\\351\351\000\003"";   nodeid: ""\000\000\000\000\000\000\000\000\000\000\000\000\000\000\000\000\000\000\000\000\000\000\000\000\000\000\000\000\000\000\000\000\000""; }; ","ledgerHash: ""\007\347lg\346B\270\350\352\375\266\371?(\361\364\365I|\375\262>\230(\333\250\331\007\360U\024\027""; ledgerSeq: 0; type: liTS_CANDIDATE; nodes {;   nodedata: ""\003S\n\235\2624\346\340\377asq\337\223T\316nL\232)C!\360\245\205[L\224\\351\351\000\003"";   nodeid: ""\000\000\000\000\000\000\000\000\000\000\000\000\000\000\000\000\000\000\000\000\000\000\000\000\000\000\000\000\000\000\000\000\000""; }; "
1750587283224,1750587283224,628,1,3,2,TMLedgerData,"ledgerHash: ""\r!N\267\203~\313a\272~\344A\332\034\332r\\301\240a\307\341\261(c(\021\265B\030@(""; ledgerSeq: 0; type: liTS_CANDIDATE; nodes {;   nodedata: ""\247\272\246\2214\014W1\360z\262\252=\343\207'\275\266;\016\021\306\330\030\225\023\357\272\353\200x\221\n\003"";   nodeid: ""\000\000\000\000\000\000\000\000\000\000\000\000\000\000\000\000\000\000\000\000\000\000\000\000\000\000\000\000\000\000\000\000\000""; }; requestCookie: 5; ","ledgerHash: ""\r!N\267\203~\313a\272~\344A\332\034\332r\\301\240a\307\341\261(c(\021\265B\030@(""; ledgerSeq: 0; type: liTS_CANDIDATE; nodes {;   nodedata: ""\247\272\246\2214\014W1\360z\262\252=\343\207'\275\266;\016\021\306\330\030\225\023\357\272\353\200x\221\n\003"";   nodeid: ""\000\000\000\000\000\000\000\000\000\000\000\000\000\000\000\000\000\000\000\000\000\000\000\000\000\000\000\000\000\000\000\000\000""; }; requestCookie: 5; "
1750587283236,1750587283236,1743,1,2,4,TMLedgerData,"ledgerHash: ""b\001;\355\\351h\305\360*\252j\2470\334[#|\313\3606\207\210\245\372\217RX\333g`K""; ledgerSeq: 0; type: liTS_CANDIDATE; nodes {;   nodedata: "" \245\366\271\024\035\303\242}O\341[\232\374\0350\307\253\205\001\301\216B\031pk\231\004\271\276\265\240\002\003"";   nodeid: ""\000\000\000\000\000\000\000\000\000\000\000\000\000\000\000\000\000\000\000\000\000\000\000\000\000\000\000\000\000\000\000\000\000""; }; requestCookie: 1; ","ledgerHash: ""b\001;\355\\351h\305\360*\252j\2470\334[#|\313\3606\207\210\245\372\217RX\333g`K""; ledgerSeq: 0; type: liTS_CANDIDATE; nodes {;   nodedata: "" \245\366\271\024\035\303\242}O\341[\232\374\0350\307\253\205\001\301\216B\031pk\231\004\271\276\265\240\002\003"";   nodeid: ""\000\000\000\000\000\000\000\000\000\000\000\000\000\000\000\000\000\000\000\000\000\000\000\000\000\000\000\000\000\000\000\000\000""; }; requestCookie: 1; "
1750587283265,1750587283265,2792,1,4,2,TMLedgerData,"ledgerHash: ""\007\347lg\346B\270\350\352\375\266\371?(\361\364\365I|\375\262>\230(\333\250\331\007\360U\024\027""; ledgerSeq: 0; type: liTS_CANDIDATE; nodes {;   nodedata: ""\003S\n\235\2624\346\340\377asq\337\223T\316nL\232)C!\360\245\205[L\224\\351\351\000\003"";   nodeid: ""\000\000\000\000\000\000\000\000\000\000\000\000\000\000\000\000\000\000\000\000\000\000\000\000\000\000\000\000\000\000\000\000\000""; }; ","ledgerHash: ""\007\347lg\346B\270\350\352\375\266\371?(\361\364\365I|\375\262>\230(\333\250\331\007\360U\024\027""; ledgerSeq: 0; type: liTS_CANDIDATE; nodes {;   nodedata: ""\003S\n\235\2624\346\340\377asq\337\223T\316nL\232)C!\360\245\205[L\224\\351\351\000\003"";   nodeid: ""\000\000\000\000\000\000\000\000\000\000\000\000\000\000\000\000\000\000\000\000\000\000\000\000\000\000\000\000\000\000\000\000\000""; }; "
1750587283270,1750587283270,1467,1,4,2,TMGetLedger,"itype: liTS_CANDIDATE; ledgerHash: ""b\001;\355\\351h\305\360*\252j\2470\334[#|\313\3606\207\210\245\372\217RX\333g`K""; nodeIDs: ""\000\000\000\000\000\000\000\000\000\000\000\000\000\000\000\000\000\000\000\000\000\000\000\000\000\000\000\000\000\000\000\000\000""; requestCookie: 1; queryType: qtINDIRECT; queryDepth: 3; ","itype: liTS_CANDIDATE; ledgerHash: ""b\001;\355\\351h\305\360*\252j\2470\334[#|\313\3606\207\210\245\372\217RX\333g`K""; nodeIDs: ""\000\000\000\000\000\000\000\000\000\000\000\000\000\000\000\000\000\000\000\000\000\000\000\000\000\000\000\000\000\000\000\000\000""; requestCookie: 1; queryType: qtINDIRECT; queryDepth: 3; "
1750587283275,1750587283275,628,1,3,2,TMLedgerData,"ledgerHash: ""\r!N\267\203~\313a\272~\344A\332\034\332r\\301\240a\307\341\261(c(\021\265B\030@(""; ledgerSeq: 0; type: liTS_CANDIDATE; nodes {;   nodedata: ""\247\272\246\2214\014W1\360z\262\252=\343\207'\275\266;\016\021\306\330\030\225\023\357\272\353\200x\221\n\003"";   nodeid: ""\000\000\000\000\000\000\000\000\000\000\000\000\000\000\000\000\000\000\000\000\000\000\000\000\000\000\000\000\000\000\000\000\000""; }; requestCookie: 3; ","ledgerHash: ""\r!N\267\203~\313a\272~\344A\332\034\332r\\301\240a\307\341\261(c(\021\265B\030@(""; ledgerSeq: 0; type: liTS_CANDIDATE; nodes {;   nodedata: ""\247\272\246\2214\014W1\360z\262\252=\343\207'\275\266;\016\021\306\330\030\225\023\357\272\353\200x\221\n\003"";   nodeid: ""\000\000\000\000\000\000\000\000\000\000\000\000\000\000\000\000\000\000\000\000\000\000\000\000\000\000\000\000\000\000\000\000\000""; }; requestCookie: 3; "
1750587283281,1750587283281,2715,1,1,4,TMLedgerData,"ledgerHash: ""\r!N\267\203~\313a\272~\344A\332\034\332r\\301\240a\307\341\261(c(\021\265B\030@(""; ledgerSeq: 0; type: liTS_CANDIDATE; nodes {;   nodedata: ""\247\272\246\2214\014W1\360z\262\252=\343\207'\275\266;\016\021\306\330\030\225\023\357\272\353\200x\221\n\003"";   nodeid: ""\000\000\000\000\000\000\000\000\000\000\000\000\000\000\000\000\000\000\000\000\000\000\000\000\000\000\000\000\000\000\000\000\000""; }; ","ledgerHash: ""\r!N\267\203~\313a\272~\344A\332\034\332r\\301\240a\307\341\261(c(\021\265B\030@(""; ledgerSeq: 0; type: liTS_CANDIDATE; nodes {;   nodedata: ""\247\272\246\2214\014W1\360z\262\252=\343\207'\275\266;\016\021\306\330\030\225\023\357\272\353\200x\221\n\003"";   nodeid: ""\000\000\000\000\000\000\000\000\000\000\000\000\000\000\000\000\000\000\000\000\000\000\000\000\000\000\000\000\000\000\000\000\000""; }; "
1750587283281,1750587283282,3097,1,2,0,TMLedgerData,"ledgerHash: ""\007\347lg\346B\270\350\352\375\266\371?(\361\364\365I|\375\262>\230(\333\250\331\007\360U\024\027""; ledgerSeq: 0; type: liTS_CANDIDATE; nodes {;   nodedata: ""\003S\n\235\2624\346\340\377asq\337\223T\316nL\232)C!\360\245\205[L\224\\351\351\000\003"";   nodeid: ""\000\000\000\000\000\000\000\000\000\000\000\000\000\000\000\000\000\000\000\000\000\000\000\000\000\000\000\000\000\000\000\000\000""; }; ","ledgerHash: ""\007\347lg\346B\270\350\352\375\266\371?(\361\364\365I|\375\262>\230(\333\250\331\007\360U\024\027""; ledgerSeq: 0; type: liTS_CANDIDATE; nodes {;   nodedata: ""\003S\n\235\2624\346\340\377asq\337\223T\316nL\232)C!\360\245\205[L\224\\351\351\000\003"";   nodeid: ""\000\000\000\000\000\000\000\000\000\000\000\000\000\000\000\000\000\000\000\000\000\000\000\000\000\000\000\000\000\000\000\000\000""; }; "
1750587283294,1750587283295,1103,1,0,4,TMLedgerData,"ledgerHash: ""\237\231\311\371Y@""\177>\241""\310\233r\315\210Z\003g\334\034\021\305\3353Q\035\224\200\224\347\257""; ledgerSeq: 8; type: liAS_NODE; nodes {;   nodedata: ""\021\000a""\000\000\000\000$\000\000\000\007%\000\000\000\010-\000\000\000\000U\247\272\246\2214\014W1\360z\262\252=\343\207'\275\266;\016\021\306\330\030\225\023\357\272\353\200x\221b@\000\000\003\365V\2546\201\024B\006\222#\215\346\234\245/\205\327[/\206^\005y\253G\373`\201|\265N\251\301Y\240\225\206\033+\t\343\352\033+\325\025OC\253O\023\305&l\256\252\351\247\001"";   nodeid: ""`\000\000\000\000\000\000\000\000\000\000\000\000\000\000\000\000\000\000\000\000\000\000\000\000\000\000\000\000\000\000\000\001""; }; nodes {;   nodedata: ""\021\000a""\000\000\000\000$\000\000\000\006%\000\000\000\010-\000\000\000\000U\247\272\246\2214\014W1\360z\262\252=\343\207'\275\266;\016\021\306\330\030\225\023\357\272\353\200x\221b@\000\000*\233\265\250@\201\024E0\246\210\344\325\345r\024T\251\006P\255\352\333\372\351\337\302\250\327\275\254\201\236\370\336\205\322\273\305\241\026\265L\374\365\316\330\225\325\203\316\303\217\337V\341\265\274\252\001"";   nodeid: ""\240\000\000\000\000\000\000\000\000\000\000\000\000\000\000\000\000\000\000\000\000\000\000\000\000\000\000\000\000\000\000\000\001""; }; ","ledgerHash: ""\237\231\311\371Y@""\177>\241""\310\233r\315\210Z\003g\334\034\021\305\3353Q\035\224\200\224\347\257""; ledgerSeq: 8; type: liAS_NODE; nodes {;   nodedata: ""\021\000a""\000\000\000\000$\000\000\000\007%\000\000\000\010-\000\000\000\000U\247\272\246\2214\014W1\360z\262\252=\343\207'\275\266;\016\021\306\330\030\225\023\357\272\353\200x\221b@\000\000\003\365V\2546\201\024B\006\222#\215\346\234\245/\205\327[/\206^\005y\253G\373`\201|\265N\251\301Y\240\225\206\033+\t\343\352\033+\325\025OC\253O\023\305&l\256\252\351\247\001"";   nodeid: ""`\000\000\000\000\000\000\000\000\000\000\000\000\000\000\000\000\000\000\000\000\000\000\000\000\000\000\000\000\000\000\000\001""; }; nodes {;   nodedata: ""\021\000a""\000\000\000\000$\000\000\000\006%\000\000\000\010-\000\000\000\000U\247\272\246\2214\014W1\360z\262\252=\343\207'\275\266;\016\021\306\330\030\225\023\357\272\353\200x\221b@\000\000*\233\265\250@\201\024E0\246\210\344\325\345r\024T\251\006P\255\352\333\372\351\337\302\250\327\275\254\201\236\370\336\205\322\273\305\241\026\265L\374\365\316\330\225\325\203\316\303\217\337V\341\265\274\252\001"";   nodeid: ""\240\000\000\000\000\000\000\000\000\000\000\000\000\000\000\000\000\000\000\000\000\000\000\000\000\000\000\000\000\000\000\000\001""; }; "
1750587283306,1750587283307,3487,1,0,3,TMLedgerData,"ledgerHash: ""\354@[\274\202\021\202\373Vi\243\n\325\250\005e\360""m\346'\311@\343\016$L\346\334\360<w""; ledgerSeq: 8; type: liBASE; nodes {;   nodedata: ""\000\000\000\010\001cEx]\211\377\342\311\347s\234ae\204\263\365U\334\372D\354\345\276\201f\035\271%#\375\245\314.""\373\330&\3746\000\000\000\000\000\000\000\000\000\000\000\000\000\000\000\000\000\000\000\000\000\000\000\000\000\000\000\000\000\000\000\000\245lQI\023\t3o\213\325\024\3601\255\010\244\306\3215\261\204Q\r\327\317\312f\322eb\215C/\352\224\010/\352\224\020\n\000""; }; nodes {;   nodedata: ""h\315\350\215y\203\242]\371\235\232Pt&\325\210eZ\346\237XZ \277\2457n\221\336\253\245\317\002w\n\356\350\316{k\272E0\225\362\025\010\366\367\372\263\355xq\360\261\376M<\356\347\007zf\307\006E\344\037@\210\363\010\336T\226\247'\204_{\261\370""1\235\2445\343\033Y!\212\201\341\272\225'\007*$\244&\336\343'\233i\332\374\245 {^\306-N\333\gE\006\347\212\331C\211Z\177\247\031\n\265\022\035W\277\033\265pM\027\313x\327iNP(O\216Pk&\235\336\223\217\374\212\253\322w\362\013\210`4\253""\302f\230\374\037bx\0145C\307\337\316[\244d\302\3031\347\300\025aX\357\226\221\016\003""; }; ","ledgerHash: ""\354@[\274\202\021\202\373Vi\243\n\325\250\005e\360""m\346'\311@\343\016$L\346\334\360<w""; ledgerSeq: 8; type: liBASE; nodes {;   nodedata: ""\000\000\000\010\001cEx]\211\377\342\311\347s\234ae\204\263\365U\334\372D\354\345\276\201f\035\271%#\375\245\314.""\373\330&\3746\000\000\000\000\000\000\000\000\000\000\000\000\000\000\000\000\000\000\000\000\000\000\000\000\000\000\000\000\000\000\000\000\245lQI\023\t3o\213\325\024\3601\255\010\244\306\3215\261\204Q\r\327\317\312f\322eb\215C/\352\224\010/\352\224\020\n\000""; }; nodes {;   nodedata: ""h\315\350\215y\203\242]\371\235\232Pt&\325\210eZ\346\237XZ \277\2457n\221\336\253\245\317\002w\n\356\350\316{k\272E0\225\362\025\010\366\367\372\263\355xq\360\261\376M<\356\347\007zf\307\006E\344\037@\210\363\010\336T\226\247'\204_{\261\370""1\235\2445\343\033Y!\212\201\341\272\225'\007*$\244&\336\343'\233i\332\374\245 {^\306-N\333\gE\006\347\212\331C\211Z\177\247\031\n\265\022\035W\277\033\265pM\027\313x\327iNP(O\216Pk&\235\336\223\217\374\212\253\322w\362\013\210`4\253""\302f\230\374\037bx\0145C\307\337\316[\244d\302\3031\347\300\025aX\357\226\221\016\003""; }; "
1750587283317,1750587283318,2142,1,3,1,TMGetLedger,"itype: liTS_CANDIDATE; ledgerHash: ""b\001;\355\\351h\305\360*\252j\2470\334[#|\313\3606\207\210\245\372\217RX\333g`K""; nodeIDs: ""\000\000\000\000\000\000\000\000\000\000\000\000\000\000\000\000\000\000\000\000\000\000\000\000\000\000\000\000\000\000\000\000\000""; requestCookie: 2; queryType: qtINDIRECT; queryDepth: 3; ","itype: liTS_CANDIDATE; ledgerHash: ""b\001;\355\\351h\305\360*\252j\2470\334[#|\313\3606\207\210\245\372\217RX\333g`K""; nodeIDs: ""\000\000\000\000\000\000\000\000\000\000\000\000\000\000\000\000\000\000\000\000\000\000\000\000\000\000\000\000\000\000\000\000\000""; requestCookie: 2; queryType: qtINDIRECT; queryDepth: 3; "
1750587283328,1750587283328,2715,1,1,4,TMLedgerData,"ledgerHash: ""b\001;\355\\351h\305\360*\252j\2470\334[#|\313\3606\207\210\245\372\217RX\333g`K""; ledgerSeq: 0; type: liTS_CANDIDATE; nodes {;   nodedata: "" \245\366\271\024\035\303\242}O\341[\232\374\0350\307\253\205\001\301\216B\031pk\231\004\271\276\265\240\002\003"";   nodeid: ""\000\000\000\000\000\000\000\000\000\000\000\000\000\000\000\000\000\000\000\000\000\000\000\000\000\000\000\000\000\000\000\000\000""; }; requestCookie: 1; ","ledgerHash: ""b\001;\355\\351h\305\360*\252j\2470\334[#|\313\3606\207\210\245\372\217RX\333g`K""; ledgerSeq: 0; type: liTS_CANDIDATE; nodes {;   nodedata: "" \245\366\271\024\035\303\242}O\341[\232\374\0350\307\253\205\001\301\216B\031pk\231\004\271\276\265\240\002\003"";   nodeid: ""\000\000\000\000\000\000\000\000\000\000\000\000\000\000\000\000\000\000\000\000\000\000\000\000\000\000\000\000\000\000\000\000\000""; }; requestCookie: 1; "
1750587283339,1750587283339,628,1,3,2,TMLedgerData,"ledgerHash: ""\r!N\267\203~\313a\272~\344A\332\034\332r\\301\240a\307\341\261(c(\021\265B\030@(""; ledgerSeq: 0; type: liTS_CANDIDATE; nodes {;   nodedata: ""\247\272\246\2214\014W1\360z\262\252=\343\207'\275\266;\016\021\306\330\030\225\023\357\272\353\200x\221\n\003"";   nodeid: ""\000\000\000\000\000\000\000\000\000\000\000\000\000\000\000\000\000\000\000\000\000\000\000\000\000\000\000\000\000\000\000\000\000""; }; ","ledgerHash: ""\r!N\267\203~\313a\272~\344A\332\034\332r\\301\240a\307\341\261(c(\021\265B\030@(""; ledgerSeq: 0; type: liTS_CANDIDATE; nodes {;   nodedata: ""\247\272\246\2214\014W1\360z\262\252=\343\207'\275\266;\016\021\306\330\030\225\023\357\272\353\200x\221\n\003"";   nodeid: ""\000\000\000\000\000\000\000\000\000\000\000\000\000\000\000\000\000\000\000\000\000\000\000\000\000\000\000\000\000\000\000\000\000""; }; "
1750587283344,1750587283344,520,1,2,1,TMLedgerData,"ledgerHash: ""\354@[\274\202\021\202\373Vi\243\n\325\250\005e\360""m\346'\311@\343\016$L\346\334\360<w""; ledgerSeq: 8; type: liBASE; nodes {;   nodedata: ""\000\000\000\010\001cEx]\211\377\342\311\347s\234ae\204\263\365U\334\372D\354\345\276\201f\035\271%#\375\245\314.""\373\330&\3746\000\000\000\000\000\000\000\000\000\000\000\000\000\000\000\000\000\000\000\000\000\000\000\000\000\000\000\000\000\000\000\000\245lQI\023\t3o\213\325\024\3601\255\010\244\306\3215\261\204Q\r\327\317\312f\322eb\215C/\352\224\010/\352\224\020\n\000""; }; nodes {;   nodedata: ""h\315\350\215y\203\242]\371\235\232Pt&\325\210eZ\346\237XZ \277\2457n\221\336\253\245\317\002w\n\356\350\316{k\272E0\225\362\025\010\366\367\372\263\355xq\360\261\376M<\356\347\007zf\307\006E\344\037@\210\363\010\336T\226\247'\204_{\261\370""1\235\2445\343\033Y!\212\201\341\272\225'\007*$\244&\336\343'\233i\332\374\245 {^\306-N\333\gE\006\347\212\331C\211Z\177\247\031\n\265\022\035W\277\033\265pM\027\313x\327iNP(O\216Pk&\235\336\223\217\374\212\253\322w\362\013\210`4\253""\302f\230\374\037bx\0145C\307\337\316[\244d\302\3031\347\300\025aX\357\226\221\016\003""; }; ","ledgerHash: ""\354@[\274\202\021\202\373Vi\243\n\325\250\005e\360""m\346'\311@\343\016$L\346\334\360<w""; ledgerSeq: 8; type: liBASE; nodes {;   nodedata: ""\000\000\000\010\001cEx]\211\377\342\311\347s\234ae\204\263\365U\334\372D\354\345\276\201f\035\271%#\375\245\314.""\373\330&\3746\000\000\000\000\000\000\000\000\000\000\000\000\000\000\000\000\000\000\000\000\000\000\000\000\000\000\000\000\000\000\000\000\245lQI\023\t3o\213\325\024\3601\255\010\244\306\3215\261\204Q\r\327\317\312f\322eb\215C/\352\224\010/\352\224\020\n\000""; }; nodes {;   nodedata: ""h\315\350\215y\203\242]\371\235\232Pt&\325\210eZ\346\237XZ \277\2457n\221\336\253\245\317\002w\n\356\350\316{k\272E0\225\362\025\010\366\367\372\263\355xq\360\261\376M<\356\347\007zf\307\006E\344\037@\210\363\010\336T\226\247'\204_{\261\370""1\235\2445\343\033Y!\212\201\341\272\225'\007*$\244&\336\343'\233i\332\374\245 {^\306-N\333\gE\006\347\212\331C\211Z\177\247\031\n\265\022\035W\277\033\265pM\027\313x\327iNP(O\216Pk&\235\336\223\217\374\212\253\322w\362\013\210`4\253""\302f\230\374\037bx\0145C\307\337\316[\244d\302\3031\347\300\025aX\357\226\221\016\003""; }; "
1750587283357,1750587283357,486,1,4,0,TMLedgerData,"ledgerHash: ""\007\347lg\346B\270\350\352\375\266\371?(\361\364\365I|\375\262>\230(\333\250\331\007\360U\024\027""; ledgerSeq: 0; type: liTS_CANDIDATE; nodes {;   nodedata: ""\003S\n\235\2624\346\340\377asq\337\223T\316nL\232)C!\360\245\205[L\224\\351\351\000\003"";   nodeid: ""\000\000\000\000\000\000\000\000\000\000\000\000\000\000\000\000\000\000\000\000\000\000\000\000\000\000\000\000\000\000\000\000\000""; }; ","ledgerHash: ""\007\347lg\346B\270\350\352\375\266\371?(\361\364\365I|\375\262>\230(\333\250\331\007\360U\024\027""; ledgerSeq: 0; type: liTS_CANDIDATE; nodes {;   nodedata: ""\003S\n\235\2624\346\340\377asq\337\223T\316nL\232)C!\360\245\205[L\224\\351\351\000\003"";   nodeid: ""\000\000\000\000\000\000\000\000\000\000\000\000\000\000\000\000\000\000\000\000\000\000\000\000\000\000\000\000\000\000\000\000\000""; }; "
1750587283386,1750587283386,628,1,3,2,TMLedgerData,"ledgerHash: ""\007\347lg\346B\270\350\352\375\266\371?(\361\364\365I|\375\262>\230(\333\250\331\007\360U\024\027""; ledgerSeq: 0; type: liTS_CANDIDATE; nodes {;   nodedata: ""\003S\n\235\2624\346\340\377asq\337\223T\316nL\232)C!\360\245\205[L\224\\351\351\000\003"";   nodeid: ""\000\000\000\000\000\000\000\000\000\000\000\000\000\000\000\000\000\000\000\000\000\000\000\000\000\000\000\000\000\000\000\000\000""; }; ","ledgerHash: ""\007\347lg\346B\270\350\352\375\266\371?(\361\364\365I|\375\262>\230(\333\250\331\007\360U\024\027""; ledgerSeq: 0; type: liTS_CANDIDATE; nodes {;   nodedata: ""\003S\n\235\2624\346\340\377asq\337\223T\316nL\232)C!\360\245\205[L\224\\351\351\000\003"";   nodeid: ""\000\000\000\000\000\000\000\000\000\000\000\000\000\000\000\000\000\000\000\000\000\000\000\000\000\000\000\000\000\000\000\000\000""; }; "
1750587283392,1750587283392,769,1,4,0,TMGetLedger,"itype: liTS_CANDIDATE; ledgerHash: ""\007\347lg\346B\270\350\352\375\266\371?(\361\364\365I|\375\262>\230(\333\250\331\007\360U\024\027""; nodeIDs: ""\000\000\000\000\000\000\000\000\000\000\000\000\000\000\000\000\000\000\000\000\000\000\000\000\000\000\000\000\000\000\000\000\000""; requestCookie: 4; queryType: qtINDIRECT; queryDepth: 3; ","itype: liTS_CANDIDATE; ledgerHash: ""\007\347lg\346B\270\350\352\375\266\371?(\361\364\365I|\375\262>\230(\333\250\331\007\360U\024\027""; nodeIDs: ""\000\000\000\000\000\000\000\000\000\000\000\000\000\000\000\000\000\000\000\000\000\000\000\000\000\000\000\000\000\000\000\000\000""; requestCookie: 4; queryType: qtINDIRECT; queryDepth: 3; "
1750587283400,1750587283400,2472,1,1,2,TMLedgerData,"ledgerHash: ""\r!N\267\203~\313a\272~\344A\332\034\332r\\301\240a\307\341\261(c(\021\265B\030@(""; ledgerSeq: 0; type: liTS_CANDIDATE; nodes {;   nodedata: ""\247\272\246\2214\014W1\360z\262\252=\343\207'\275\266;\016\021\306\330\030\225\023\357\272\353\200x\221\n\003"";   nodeid: ""\000\000\000\000\000\000\000\000\000\000\000\000\000\000\000\000\000\000\000\000\000\000\000\000\000\000\000\000\000\000\000\000\000""; }; ","ledgerHash: ""\r!N\267\203~\313a\272~\344A\332\034\332r\\301\240a\307\341\261(c(\021\265B\030@(""; ledgerSeq: 0; type: liTS_CANDIDATE; nodes {;   nodedata: ""\247\272\246\2214\014W1\360z\262\252=\343\207'\275\266;\016\021\306\330\030\225\023\357\272\353\200x\221\n\003"";   nodeid: ""\000\000\000\000\000\000\000\000\000\000\000\000\000\000\000\000\000\000\000\000\000\000\000\000\000\000\000\000\000\000\000\000\000""; }; "
1750587283413,1750587283414,1743,1,2,4,TMLedgerData,"ledgerHash: ""\r!N\267\203~\313a\272~\344A\332\034\332r\\301\240a\307\341\261(c(\021\265B\030@(""; ledgerSeq: 0; type: liTS_CANDIDATE; nodes {;   nodedata: ""\247\272\246\2214\014W1\360z\262\252=\343\207'\275\266;\016\021\306\330\030\225\023\357\272\353\200x\221\n\003"";   nodeid: ""\000\000\000\000\000\000\000\000\000\000\000\000\000\000\000\000\000\000\000\000\000\000\000\000\000\000\000\000\000\000\000\000\000""; }; ","ledgerHash: ""\r!N\267\203~\313a\272~\344A\332\034\332r\\301\240a\307\341\261(c(\021\265B\030@(""; ledgerSeq: 0; type: liTS_CANDIDATE; nodes {;   nodedata: ""\247\272\246\2214\014W1\360z\262\252=\343\207'\275\266;\016\021\306\330\030\225\023\357\272\353\200x\221\n\003"";   nodeid: ""\000\000\000\000\000\000\000\000\000\000\000\000\000\000\000\000\000\000\000\000\000\000\000\000\000\000\000\000\000\000\000\000\000""; }; "
1750587283415,1750587283415,1753,1,0,2,TMLedgerData,"ledgerHash: ""\007\347lg\346B\270\350\352\375\266\371?(\361\364\365I|\375\262>\230(\333\250\331\007\360U\024\027""; ledgerSeq: 0; type: liTS_CANDIDATE; nodes {;   nodedata: ""\003S\n\235\2624\346\340\377asq\337\223T\316nL\232)C!\360\245\205[L\224\\351\351\000\003"";   nodeid: ""\000\000\000\000\000\000\000\000\000\000\000\000\000\000\000\000\000\000\000\000\000\000\000\000\000\000\000\000\000\000\000\000\000""; }; ","ledgerHash: ""\007\347lg\346B\270\350\352\375\266\371?(\361\364\365I|\375\262>\230(\333\250\331\007\360U\024\027""; ledgerSeq: 0; type: liTS_CANDIDATE; nodes {;   nodedata: ""\003S\n\235\2624\346\340\377asq\337\223T\316nL\232)C!\360\245\205[L\224\\351\351\000\003"";   nodeid: ""\000\000\000\000\000\000\000\000\000\000\000\000\000\000\000\000\000\000\000\000\000\000\000\000\000\000\000\000\000\000\000\000\000""; }; "
1750587283431,1750587283431,1102,1,2,3,TMLedgerData,"ledgerHash: ""\007\347lg\346B\270\350\352\375\266\371?(\361\364\365I|\375\262>\230(\333\250\331\007\360U\024\027""; ledgerSeq: 0; type: liTS_CANDIDATE; nodes {;   nodedata: ""\003S\n\235\2624\346\340\377asq\337\223T\316nL\232)C!\360\245\205[L\224\\351\351\000\003"";   nodeid: ""\000\000\000\000\000\000\000\000\000\000\000\000\000\000\000\000\000\000\000\000\000\000\000\000\000\000\000\000\000\000\000\000\000""; }; ","ledgerHash: ""\007\347lg\346B\270\350\352\375\266\371?(\361\364\365I|\375\262>\230(\333\250\331\007\360U\024\027""; ledgerSeq: 0; type: liTS_CANDIDATE; nodes {;   nodedata: ""\003S\n\235\2624\346\340\377asq\337\223T\316nL\232)C!\360\245\205[L\224\\351\351\000\003"";   nodeid: ""\000\000\000\000\000\000\000\000\000\000\000\000\000\000\000\000\000\000\000\000\000\000\000\000\000\000\000\000\000\000\000\000\000""; }; "
1750587283450,1750587283450,1743,1,2,4,TMLedgerData,"ledgerHash: ""b\001;\355\\351h\305\360*\252j\2470\334[#|\313\3606\207\210\245\372\217RX\333g`K""; ledgerSeq: 0; type: liTS_CANDIDATE; nodes {;   nodedata: "" \245\366\271\024\035\303\242}O\341[\232\374\0350\307\253\205\001\301\216B\031pk\231\004\271\276\265\240\002\003"";   nodeid: ""\000\000\000\000\000\000\000\000\000\000\000\000\000\000\000\000\000\000\000\000\000\000\000\000\000\000\000\000\000\000\000\000\000""; }; requestCookie: 2; ","ledgerHash: ""b\001;\355\\351h\305\360*\252j\2470\334[#|\313\3606\207\210\245\372\217RX\333g`K""; ledgerSeq: 0; type: liTS_CANDIDATE; nodes {;   nodedata: "" \245\366\271\024\035\303\242}O\341[\232\374\0350\307\253\205\001\301\216B\031pk\231\004\271\276\265\240\002\003"";   nodeid: ""\000\000\000\000\000\000\000\000\000\000\000\000\000\000\000\000\000\000\000\000\000\000\000\000\000\000\000\000\000\000\000\000\000""; }; requestCookie: 2; "
1750587283451,1750587283451,2715,1,1,4,TMLedgerData,"ledgerHash: ""\007\347lg\346B\270\350\352\375\266\371?(\361\364\365I|\375\262>\230(\333\250\331\007\360U\024\027""; ledgerSeq: 0; type: liTS_CANDIDATE; nodes {;   nodedata: ""\003S\n\235\2624\346\340\377asq\337\223T\316nL\232)C!\360\245\205[L\224\\351\351\000\003"";   nodeid: ""\000\000\000\000\000\000\000\000\000\000\000\000\000\000\000\000\000\000\000\000\000\000\000\000\000\000\000\000\000\000\000\000\000""; }; requestCookie: 4; ","ledgerHash: ""\007\347lg\346B\270\350\352\375\266\371?(\361\364\365I|\375\262>\230(\333\250\331\007\360U\024\027""; ledgerSeq: 0; type: liTS_CANDIDATE; nodes {;   nodedata: ""\003S\n\235\2624\346\340\377asq\337\223T\316nL\232)C!\360\245\205[L\224\\351\351\000\003"";   nodeid: ""\000\000\000\000\000\000\000\000\000\000\000\000\000\000\000\000\000\000\000\000\000\000\000\000\000\000\000\000\000\000\000\000\000""; }; requestCookie: 4; "
1750587283463,1750587283463,3487,1,0,3,TMLedgerData,"ledgerHash: ""\007\347lg\346B\270\350\352\375\266\371?(\361\364\365I|\375\262>\230(\333\250\331\007\360U\024\027""; ledgerSeq: 0; type: liTS_CANDIDATE; nodes {;   nodedata: ""\003S\n\235\2624\346\340\377asq\337\223T\316nL\232)C!\360\245\205[L\224\\351\351\000\003"";   nodeid: ""\000\000\000\000\000\000\000\000\000\000\000\000\000\000\000\000\000\000\000\000\000\000\000\000\000\000\000\000\000\000\000\000\000""; }; ","ledgerHash: ""\007\347lg\346B\270\350\352\375\266\371?(\361\364\365I|\375\262>\230(\333\250\331\007\360U\024\027""; ledgerSeq: 0; type: liTS_CANDIDATE; nodes {;   nodedata: ""\003S\n\235\2624\346\340\377asq\337\223T\316nL\232)C!\360\245\205[L\224\\351\351\000\003"";   nodeid: ""\000\000\000\000\000\000\000\000\000\000\000\000\000\000\000\000\000\000\000\000\000\000\000\000\000\000\000\000\000\000\000\000\000""; }; "
1750587283466,1750587283466,3097,1,2,0,TMLedgerData,"ledgerHash: ""b\001;\355\\351h\305\360*\252j\2470\334[#|\313\3606\207\210\245\372\217RX\333g`K""; ledgerSeq: 0; type: liTS_CANDIDATE; nodes {;   nodedata: "" \245\366\271\024\035\303\242}O\341[\232\374\0350\307\253\205\001\301\216B\031pk\231\004\271\276\265\240\002\003"";   nodeid: ""\000\000\000\000\000\000\000\000\000\000\000\000\000\000\000\000\000\000\000\000\000\000\000\000\000\000\000\000\000\000\000\000\000""; }; ","ledgerHash: ""b\001;\355\\351h\305\360*\252j\2470\334[#|\313\3606\207\210\245\372\217RX\333g`K""; ledgerSeq: 0; type: liTS_CANDIDATE; nodes {;   nodedata: "" \245\366\271\024\035\303\242}O\341[\232\374\0350\307\253\205\001\301\216B\031pk\231\004\271\276\265\240\002\003"";   nodeid: ""\000\000\000\000\000\000\000\000\000\000\000\000\000\000\000\000\000\000\000\000\000\000\000\000\000\000\000\000\000\000\000\000\000""; }; "
1750587283488,1750587283488,1743,1,2,4,TMLedgerData,"ledgerHash: ""b\001;\355\\351h\305\360*\252j\2470\334[#|\313\3606\207\210\245\372\217RX\333g`K""; ledgerSeq: 0; type: liTS_CANDIDATE; nodes {;   nodedata: "" \245\366\271\024\035\303\242}O\341[\232\374\0350\307\253\205\001\301\216B\031pk\231\004\271\276\265\240\002\003"";   nodeid: ""\000\000\000\000\000\000\000\000\000\000\000\000\000\000\000\000\000\000\000\000\000\000\000\000\000\000\000\000\000\000\000\000\000""; }; requestCookie: 1; ","ledgerHash: ""b\001;\355\\351h\305\360*\252j\2470\334[#|\313\3606\207\210\245\372\217RX\333g`K""; ledgerSeq: 0; type: liTS_CANDIDATE; nodes {;   nodedata: "" \245\366\271\024\035\303\242}O\341[\232\374\0350\307\253\205\001\301\216B\031pk\231\004\271\276\265\240\002\003"";   nodeid: ""\000\000\000\000\000\000\000\000\000\000\000\000\000\000\000\000\000\000\000\000\000\000\000\000\000\000\000\000\000\000\000\000\000""; }; requestCookie: 1; "
1750587283508,1750587283509,628,1,3,2,TMLedgerData,"ledgerHash: ""\237\231\311\371Y@""\177>\241""\310\233r\315\210Z\003g\334\034\021\305\3353Q\035\224\200\224\347\257""; ledgerSeq: 8; type: liBASE; nodes {;   nodedata: ""\000\000\000\010\001cEx]\211\377\330\311\347s\234ae\204\263\365U\334\372D\354\345\276\201f\035\271%#\375\245\314.""\373\330&\3746\177P.\377\255K\330\362G{!s_\276B\273\031\331\234\023vy$7i\342\243\243\220\021_\222w1E\236\020?0\232H\266\366\033p\353\250\025\255\235\310\215\275\032\005\371R<p\240.\2618\277/\352\224\010/\352\224\020\n\000""; }; nodes {;   nodedata: ""h\315\350\215y\203\242]\371\235\232Pt&\325\210eZ\346\237XZ \277\2457n\221\336\253\245\317\002G)\346n?\227\005Y\336\276m\244>\014/\353)\343S\223\201\230\250\301d\027c\001\302\ris\006E\344\037@\210\363\010\336T\226\247'\204_{\261\370""1\235\2445\343\033Y!\212\201\341\272\225'\007\f\n0\233\306>\377~V|O\232@\324_\273\232o\\235\370\234IE\333\255j\001\361\204%\n\265\022\035W\277\033\265pM\027\313x\327iNP(O\216Pk&\235\336\223\217\374\212\253\322w\362\013\210`4\253""\302f\230\374\037bx\0145C\307\337\316[\244d\302\3031\347\300\025aX\357\226\221\016\003""; }; nodes {;   nodedata: ""f\225yM\014\263\225\204\377[\235\030P4BO\343Z\264\3646\307\304\177\327\n\261+$r\257\263\n\003""; }; ","ledgerHash: ""\237\231\311\371Y@""\177>\241""\310\233r\315\210Z\003g\334\034\021\305\3353Q\035\224\200\224\347\257""; ledgerSeq: 8; type: liBASE; nodes {;   nodedata: ""\000\000\000\010\001cEx]\211\377\330\311\347s\234ae\204\263\365U\334\372D\354\345\276\201f\035\271%#\375\245\314.""\373\330&\3746\177P.\377\255K\330\362G{!s_\276B\273\031\331\234\023vy$7i\342\243\243\220\021_\222w1E\236\020?0\232H\266\366\033p\353\250\025\255\235\310\215\275\032\005\371R<p\240.\2618\277/\352\224\010/\352\224\020\n\000""; }; nodes {;   nodedata: ""h\315\350\215y\203\242]\371\235\232Pt&\325\210eZ\346\237XZ \277\2457n\221\336\253\245\317\002G)\346n?\227\005Y\336\276m\244>\014/\353)\343S\223\201\230\250\301d\027c\001\302\ris\006E\344\037@\210\363\010\336T\226\247'\204_{\261\370""1\235\2445\343\033Y!\212\201\341\272\225'\007\f\n0\233\306>\377~V|O\232@\324_\273\232o\\235\370\234IE\333\255j\001\361\204%\n\265\022\035W\277\033\265pM\027\313x\327iNP(O\216Pk&\235\336\223\217\374\212\253\322w\362\013\210`4\253""\302f\230\374\037bx\0145C\307\337\316[\244d\302\3031\347\300\025aX\357\226\221\016\003""; }; nodes {;   nodedata: ""f\225yM\014\263\225\204\377[\235\030P4BO\343Z\264\3646\307\304\177\327\n\261+$r\257\263\n\003""; }; "
1750587283509,1750587283509,628,1,3,2,TMLedgerData,"ledgerHash: ""\237\231\311\371Y@""\177>\241""\310\233r\315\210Z\003g\334\034\021\305\3353Q\035\224\200\224\347\257""; ledgerSeq: 8; type: liBASE; nodes {;   nodedata: ""\000\000\000\010\001cEx]\211\377\330\311\347s\234ae\204\263\365U\334\372D\354\345\276\201f\035\271%#\375\245\314.""\373\330&\3746\177P.\377\255K\330\362G{!s_\276B\273\031\331\234\023vy$7i\342\243\243\220\021_\222w1E\236\020?0\232H\266\366\033p\353\250\025\255\235\310\215\275\032\005\371R<p\240.\2618\277/\352\224\010/\352\224\020\n\000""; }; nodes {;   nodedata: ""h\315\350\215y\203\242]\371\235\232Pt&\325\210eZ\346\237XZ \277\2457n\221\336\253\245\317\002G)\346n?\227\005Y\336\276m\244>\014/\353)\343S\223\201\230\250\301d\027c\001\302\ris\006E\344\037@\210\363\010\336T\226\247'\204_{\261\370""1\235\2445\343\033Y!\212\201\341\272\225'\007\f\n0\233\306>\377~V|O\232@\324_\273\232o\\235\370\234IE\333\255j\001\361\204%\n\265\022\035W\277\033\265pM\027\313x\327iNP(O\216Pk&\235\336\223\217\374\212\253\322w\362\013\210`4\253""\302f\230\374\037bx\0145C\307\337\316[\244d\302\3031\347\300\025aX\357\226\221\016\003""; }; nodes {;   nodedata: ""f\225yM\014\263\225\204\377[\235\030P4BO\343Z\264\3646\307\304\177\327\n\261+$r\257\263\n\003""; }; ","ledgerHash: ""\237\231\311\371Y@""\177>\241""\310\233r\315\210Z\003g\334\034\021\305\3353Q\035\224\200\224\347\257""; ledgerSeq: 8; type: liBASE; nodes {;   nodedata: ""\000\000\000\010\001cEx]\211\377\330\311\347s\234ae\204\263\365U\334\372D\354\345\276\201f\035\271%#\375\245\314.""\373\330&\3746\177P.\377\255K\330\362G{!s_\276B\273\031\331\234\023vy$7i\342\243\243\220\021_\222w1E\236\020?0\232H\266\366\033p\353\250\025\255\235\310\215\275\032\005\371R<p\240.\2618\277/\352\224\010/\352\224\020\n\000""; }; nodes {;   nodedata: ""h\315\350\215y\203\242]\371\235\232Pt&\325\210eZ\346\237XZ \277\2457n\221\336\253\245\317\002G)\346n?\227\005Y\336\276m\244>\014/\353)\343S\223\201\230\250\301d\027c\001\302\ris\006E\344\037@\210\363\010\336T\226\247'\204_{\261\370""1\235\2445\343\033Y!\212\201\341\272\225'\007\f\n0\233\306>\377~V|O\232@\324_\273\232o\\235\370\234IE\333\255j\001\361\204%\n\265\022\035W\277\033\265pM\027\313x\327iNP(O\216Pk&\235\336\223\217\374\212\253\322w\362\013\210`4\253""\302f\230\374\037bx\0145C\307\337\316[\244d\302\3031\347\300\025aX\357\226\221\016\003""; }; nodes {;   nodedata: ""f\225yM\014\263\225\204\377[\235\030P4BO\343Z\264\3646\307\304\177\327\n\261+$r\257\263\n\003""; }; "
1750587283515,1750587283515,2792,1,4,2,TMLedgerData,"ledgerHash: ""\007\347lg\346B\270\350\352\375\266\371?(\361\364\365I|\375\262>\230(\333\250\331\007\360U\024\027""; ledgerSeq: 0; type: liTS_CANDIDATE; nodes {;   nodedata: ""\003S\n\235\2624\346\340\377asq\337\223T\316nL\232)C!\360\245\205[L\224\\351\351\000\003"";   nodeid: ""\000\000\000\000\000\000\000\000\000\000\000\000\000\000\000\000\000\000\000\000\000\000\000\000\000\000\000\000\000\000\000\000\000""; }; ","ledgerHash: ""\007\347lg\346B\270\350\352\375\266\371?(\361\364\365I|\375\262>\230(\333\250\331\007\360U\024\027""; ledgerSeq: 0; type: liTS_CANDIDATE; nodes {;   nodedata: ""\003S\n\235\2624\346\340\377asq\337\223T\316nL\232)C!\360\245\205[L\224\\351\351\000\003"";   nodeid: ""\000\000\000\000\000\000\000\000\000\000\000\000\000\000\000\000\000\000\000\000\000\000\000\000\000\000\000\000\000\000\000\000\000""; }; "
1750587283518,1750587283518,557,1,4,1,TMGetLedger,"itype: liTS_CANDIDATE; ledgerHash: ""b\001;\355\\351h\305\360*\252j\2470\334[#|\313\3606\207\210\245\372\217RX\333g`K""; nodeIDs: ""\000\000\000\000\000\000\000\000\000\000\000\000\000\000\000\000\000\000\000\000\000\000\000\000\000\000\000\000\000\000\000\000\000""; requestCookie: 1; queryType: qtINDIRECT; queryDepth: 3; ","itype: liTS_CANDIDATE; ledgerHash: ""b\001;\355\\351h\305\360*\252j\2470\334[#|\313\3606\207\210\245\372\217RX\333g`K""; nodeIDs: ""\000\000\000\000\000\000\000\000\000\000\000\000\000\000\000\000\000\000\000\000\000\000\000\000\000\000\000\000\000\000\000\000\000""; requestCookie: 1; queryType: qtINDIRECT; queryDepth: 3; "
1750587283523,1750587283523,628,1,3,2,TMLedgerData,"ledgerHash: ""\r!N\267\203~\313a\272~\344A\332\034\332r\\301\240a\307\341\261(c(\021\265B\030@(""; ledgerSeq: 0; type: liTS_CANDIDATE; nodes {;   nodedata: ""\247\272\246\2214\014W1\360z\262\252=\343\207'\275\266;\016\021\306\330\030\225\023\357\272\353\200x\221\n\003"";   nodeid: ""\000\000\000\000\000\000\000\000\000\000\000\000\000\000\000\000\000\000\000\000\000\000\000\000\000\000\000\000\000\000\000\000\000""; }; requestCookie: 3; ","ledgerHash: ""\r!N\267\203~\313a\272~\344A\332\034\332r\\301\240a\307\341\261(c(\021\265B\030@(""; ledgerSeq: 0; type: liTS_CANDIDATE; nodes {;   nodedata: ""\247\272\246\2214\014W1\360z\262\252=\343\207'\275\266;\016\021\306\330\030\225\023\357\272\353\200x\221\n\003"";   nodeid: ""\000\000\000\000\000\000\000\000\000\000\000\000\000\000\000\000\000\000\000\000\000\000\000\000\000\000\000\000\000\000\000\000\000""; }; requestCookie: 3; "
1750587283530,1750587283530,3097,1,2,0,TMLedgerData,"ledgerHash: ""\007\347lg\346B\270\350\352\375\266\371?(\361\364\365I|\375\262>\230(\333\250\331\007\360U\024\027""; ledgerSeq: 0; type: liTS_CANDIDATE; nodes {;   nodedata: ""\003S\n\235\2624\346\340\377asq\337\223T\316nL\232)C!\360\245\205[L\224\\351\351\000\003"";   nodeid: ""\000\000\000\000\000\000\000\000\000\000\000\000\000\000\000\000\000\000\000\000\000\000\000\000\000\000\000\000\000\000\000\000\000""; }; ","ledgerHash: ""\007\347lg\346B\270\350\352\375\266\371?(\361\364\365I|\375\262>\230(\333\250\331\007\360U\024\027""; ledgerSeq: 0; type: liTS_CANDIDATE; nodes {;   nodedata: ""\003S\n\235\2624\346\340\377asq\337\223T\316nL\232)C!\360\245\205[L\224\\351\351\000\003"";   nodeid: ""\000\000\000\000\000\000\000\000\000\000\000\000\000\000\000\000\000\000\000\000\000\000\000\000\000\000\000\000\000\000\000\000\000""; }; "
1750587283533,1750587283533,2715,1,1,4,TMLedgerData,"ledgerHash: ""\r!N\267\203~\313a\272~\344A\332\034\332r\\301\240a\307\341\261(c(\021\265B\030@(""; ledgerSeq: 0; type: liTS_CANDIDATE; nodes {;   nodedata: ""\247\272\246\2214\014W1\360z\262\252=\343\207'\275\266;\016\021\306\330\030\225\023\357\272\353\200x\221\n\003"";   nodeid: ""\000\000\000\000\000\000\000\000\000\000\000\000\000\000\000\000\000\000\000\000\000\000\000\000\000\000\000\000\000\000\000\000\000""; }; ","ledgerHash: ""\r!N\267\203~\313a\272~\344A\332\034\332r\\301\240a\307\341\261(c(\021\265B\030@(""; ledgerSeq: 0; type: liTS_CANDIDATE; nodes {;   nodedata: ""\247\272\246\2214\014W1\360z\262\252=\343\207'\275\266;\016\021\306\330\030\225\023\357\272\353\200x\221\n\003"";   nodeid: ""\000\000\000\000\000\000\000\000\000\000\000\000\000\000\000\000\000\000\000\000\000\000\000\000\000\000\000\000\000\000\000\000\000""; }; "
1750587283566,1750587283566,1590,1,3,2,TMGetLedger,"itype: liTS_CANDIDATE; ledgerHash: ""b\001;\355\\351h\305\360*\252j\2470\334[#|\313\3606\207\210\245\372\217RX\333g`K""; nodeIDs: ""\000\000\000\000\000\000\000\000\000\000\000\000\000\000\000\000\000\000\000\000\000\000\000\000\000\000\000\000\000\000\000\000\000""; requestCookie: 2; queryType: qtINDIRECT; queryDepth: 3; ","itype: liTS_CANDIDATE; ledgerHash: ""b\001;\355\\351h\305\360*\252j\2470\334[#|\313\3606\207\210\245\372\217RX\333g`K""; nodeIDs: ""\000\000\000\000\000\000\000\000\000\000\000\000\000\000\000\000\000\000\000\000\000\000\000\000\000\000\000\000\000\000\000\000\000""; requestCookie: 2; queryType: qtINDIRECT; queryDepth: 3; "
1750587283566,1750587283566,769,1,4,0,TMGetLedger,"itype: liBASE; ledgerHash: ""\237\231\311\371Y@""\177>\241""\310\233r\315\210Z\003g\334\034\021\305\3353Q\035\224\200\224\347\257""; requestCookie: 2; queryType: qtINDIRECT; ","itype: liBASE; ledgerHash: ""\237\231\311\371Y@""\177>\241""\310\233r\315\210Z\003g\334\034\021\305\3353Q\035\224\200\224\347\257""; requestCookie: 2; queryType: qtINDIRECT; "
1750587283578,1750587283578,2715,1,1,4,TMLedgerData,"ledgerHash: ""b\001;\355\\351h\305\360*\252j\2470\334[#|\313\3606\207\210\245\372\217RX\333g`K""; ledgerSeq: 0; type: liTS_CANDIDATE; nodes {;   nodedata: "" \245\366\271\024\035\303\242}O\341[\232\374\0350\307\253\205\001\301\216B\031pk\231\004\271\276\265\240\002\003"";   nodeid: ""\000\000\000\000\000\000\000\000\000\000\000\000\000\000\000\000\000\000\000\000\000\000\000\000\000\000\000\000\000\000\000\000\000""; }; requestCookie: 1; ","ledgerHash: ""b\001;\355\\351h\305\360*\252j\2470\334[#|\313\3606\207\210\245\372\217RX\333g`K""; ledgerSeq: 0; type: liTS_CANDIDATE; nodes {;   nodedata: "" \245\366\271\024\035\303\242}O\341[\232\374\0350\307\253\205\001\301\216B\031pk\231\004\271\276\265\240\002\003"";   nodeid: ""\000\000\000\000\000\000\000\000\000\000\000\000\000\000\000\000\000\000\000\000\000\000\000\000\000\000\000\000\000\000\000\000\000""; }; requestCookie: 1; "
1750587283591,1750587283591,628,1,3,2,TMLedgerData,"ledgerHash: ""\r!N\267\203~\313a\272~\344A\332\034\332r\\301\240a\307\341\261(c(\021\265B\030@(""; ledgerSeq: 0; type: liTS_CANDIDATE; nodes {;   nodedata: ""\247\272\246\2214\014W1\360z\262\252=\343\207'\275\266;\016\021\306\330\030\225\023\357\272\353\200x\221\n\003"";   nodeid: ""\000\000\000\000\000\000\000\000\000\000\000\000\000\000\000\000\000\000\000\000\000\000\000\000\000\000\000\000\000\000\000\000\000""; }; ","ledgerHash: ""\r!N\267\203~\313a\272~\344A\332\034\332r\\301\240a\307\341\261(c(\021\265B\030@(""; ledgerSeq: 0; type: liTS_CANDIDATE; nodes {;   nodedata: ""\247\272\246\2214\014W1\360z\262\252=\343\207'\275\266;\016\021\306\330\030\225\023\357\272\353\200x\221\n\003"";   nodeid: ""\000\000\000\000\000\000\000\000\000\000\000\000\000\000\000\000\000\000\000\000\000\000\000\000\000\000\000\000\000\000\000\000\000""; }; "
1750587283610,1750587283610,486,1,4,0,TMLedgerData,"ledgerHash: ""\007\347lg\346B\270\350\352\375\266\371?(\361\364\365I|\375\262>\230(\333\250\331\007\360U\024\027""; ledgerSeq: 0; type: liTS_CANDIDATE; nodes {;   nodedata: ""\003S\n\235\2624\346\340\377asq\337\223T\316nL\232)C!\360\245\205[L\224\\351\351\000\003"";   nodeid: ""\000\000\000\000\000\000\000\000\000\000\000\000\000\000\000\000\000\000\000\000\000\000\000\000\000\000\000\000\000\000\000\000\000""; }; ","ledgerHash: ""\007\347lg\346B\270\350\352\375\266\371?(\361\364\365I|\375\262>\230(\333\250\331\007\360U\024\027""; ledgerSeq: 0; type: liTS_CANDIDATE; nodes {;   nodedata: ""\003S\n\235\2624\346\340\377asq\337\223T\316nL\232)C!\360\245\205[L\224\\351\351\000\003"";   nodeid: ""\000\000\000\000\000\000\000\000\000\000\000\000\000\000\000\000\000\000\000\000\000\000\000\000\000\000\000\000\000\000\000\000\000""; }; "
1750587283637,1750587283638,628,1,3,2,TMLedgerData,"ledgerHash: ""\007\347lg\346B\270\350\352\375\266\371?(\361\364\365I|\375\262>\230(\333\250\331\007\360U\024\027""; ledgerSeq: 0; type: liTS_CANDIDATE; nodes {;   nodedata: ""\003S\n\235\2624\346\340\377asq\337\223T\316nL\232)C!\360\245\205[L\224\\351\351\000\003"";   nodeid: ""\000\000\000\000\000\000\000\000\000\000\000\000\000\000\000\000\000\000\000\000\000\000\000\000\000\000\000\000\000\000\000\000\000""; }; ","ledgerHash: ""\007\347lg\346B\270\350\352\375\266\371?(\361\364\365I|\375\262>\230(\333\250\331\007\360U\024\027""; ledgerSeq: 0; type: liTS_CANDIDATE; nodes {;   nodedata: ""\003S\n\235\2624\346\340\377asq\337\223T\316nL\232)C!\360\245\205[L\224\\351\351\000\003"";   nodeid: ""\000\000\000\000\000\000\000\000\000\000\000\000\000\000\000\000\000\000\000\000\000\000\000\000\000\000\000\000\000\000\000\000\000""; }; "
1750587283643,1750587283643,557,1,4,1,TMGetLedger,"itype: liTS_CANDIDATE; ledgerHash: ""\007\347lg\346B\270\350\352\375\266\371?(\361\364\365I|\375\262>\230(\333\250\331\007\360U\024\027""; nodeIDs: ""\000\000\000\000\000\000\000\000\000\000\000\000\000\000\000\000\000\000\000\000\000\000\000\000\000\000\000\000\000\000\000\000\000""; requestCookie: 4; queryType: qtINDIRECT; queryDepth: 3; ","itype: liTS_CANDIDATE; ledgerHash: ""\007\347lg\346B\270\350\352\375\266\371?(\361\364\365I|\375\262>\230(\333\250\331\007\360U\024\027""; nodeIDs: ""\000\000\000\000\000\000\000\000\000\000\000\000\000\000\000\000\000\000\000\000\000\000\000\000\000\000\000\000\000\000\000\000\000""; requestCookie: 4; queryType: qtINDIRECT; queryDepth: 3; "
1750587283676,1750587283676,2565,1,3,0,TMLedgerData,"ledgerHash: ""\007\347lg\346B\270\350\352\375\266\371?(\361\364\365I|\375\262>\230(\333\250\331\007\360U\024\027""; ledgerSeq: 0; type: liTS_CANDIDATE; nodes {;   nodedata: ""\003S\n\235\2624\346\340\377asq\337\223T\316nL\232)C!\360\245\205[L\224\\351\351\000\003"";   nodeid: ""\000\000\000\000\000\000\000\000\000\000\000\000\000\000\000\000\000\000\000\000\000\000\000\000\000\000\000\000\000\000\000\000\000""; }; ","ledgerHash: ""\007\347lg\346B\270\350\352\375\266\371?(\361\364\365I|\375\262>\230(\333\250\331\007\360U\024\027""; ledgerSeq: 0; type: liTS_CANDIDATE; nodes {;   nodedata: ""\003S\n\235\2624\346\340\377asq\337\223T\316nL\232)C!\360\245\205[L\224\\351\351\000\003"";   nodeid: ""\000\000\000\000\000\000\000\000\000\000\000\000\000\000\000\000\000\000\000\000\000\000\000\000\000\000\000\000\000\000\000\000\000""; }; "
1750587283681,1750587283681,1102,1,2,3,TMLedgerData,"ledgerHash: ""\007\347lg\346B\270\350\352\375\266\371?(\361\364\365I|\375\262>\230(\333\250\331\007\360U\024\027""; ledgerSeq: 0; type: liTS_CANDIDATE; nodes {;   nodedata: ""\003S\n\235\2624\346\340\377asq\337\223T\316nL\232)C!\360\245\205[L\224\\351\351\000\003"";   nodeid: ""\000\000\000\000\000\000\000\000\000\000\000\000\000\000\000\000\000\000\000\000\000\000\000\000\000\000\000\000\000\000\000\000\000""; }; ","ledgerHash: ""\007\347lg\346B\270\350\352\375\266\371?(\361\364\365I|\375\262>\230(\333\250\331\007\360U\024\027""; ledgerSeq: 0; type: liTS_CANDIDATE; nodes {;   nodedata: ""\003S\n\235\2624\346\340\377asq\337\223T\316nL\232)C!\360\245\205[L\224\\351\351\000\003"";   nodeid: ""\000\000\000\000\000\000\000\000\000\000\000\000\000\000\000\000\000\000\000\000\000\000\000\000\000\000\000\000\000\000\000\000\000""; }; "
1750587283689,1750587283689,734,1,3,2,TMValidation,"validation: """"\200\000\000\001&\000\000\000\010)/\352\224\021:Q\231\304\227'3\313\030Q\354@[\274\202\021\202\373Vi\243\n\325\250\005e\360""m\346'\311@\343\016$L\346\334\360<wP\027\000\000\000\000\000\000\000\000\000\000\000\000\000\000\000\000\000\000\000\000\000\000\000\000\000\000\000\000\000\000\000\000P\031\311\347s\234ae\204\263\365U\334\372D\354\345\276\201f\035\271%#\375\245\314.""\373\330&\3746s!\003ql\302)\235\321\t\213\224\356\374%%\311\327\037\374\304\t\335\2359\344\233\035]\347<u\236\364\222vF0D\002 \001\177~\274HY$\014\223\203q\307\261F8LW\267\243\221v\236\256\244\031\367H\375y\231\346!\002 3\217\302\227\231\311\023\236\315\237\251\010%\230\241x\346!,\315\211g\027\370\267*bD=%@\240""; ","validation: """"\200\000\000\001&\000\000\000\010)/\352\224\021:Q\231\304\227'3\313\030Q\354@[\274\202\021\202\373Vi\243\n\325\250\005e\360""m\346'\311@\343\016$L\346\334\360<wP\027\000\000\000\000\000\000\000\000\000\000\000\000\000\000\000\000\000\000\000\000\000\000\000\000\000\000\000\000\000\000\000\000P\031\311\347s\234ae\204\263\365U\334\372D\354\345\276\201f\035\271%#\375\245\314.""\373\330&\3746s!\003ql\302)\235\321\t\213\224\356\374%%\311\327\037\374\304\t\335\2359\344\233\035]\347<u\236\364\222vF0D\002 \001\177~\274HY$\014\223\203q\307\261F8LW\267\243\221v\236\256\244\031\367H\375y\231\346!\002 3\217\302\227\231\311\023\236\315\237\251\010%\230\241x\346!,\315\211g\027\370\267*bD=%@\240""; "
1750587283690,1750587283690,3767,1,3,0,TMValidation,"validation: """"\200\000\000\001&\000\000\000\010)/\352\224\021:Q\231\304\227'3\313\030Q\354@[\274\202\021\202\373Vi\243\n\325\250\005e\360""m\346'\311@\343\016$L\346\334\360<wP\027\000\000\000\000\000\000\000\000\000\000\000\000\000\000\000\000\000\000\000\000\000\000\000\000\000\000\000\000\000\000\000\000P\031\311\347s\234ae\204\263\365U\334\372D\354\345\276\201f\035\271%#\375\245\314.""\373\330&\3746s!\003ql\302)\235\321\t\213\224\356\374%%\311\327\037\374\304\t\335\2359\344\233\035]\347<u\236\364\222vF0D\002 \001\177~\274HY$\014\223\203q\307\261F8LW\267\243\221v\236\256\244\031\367H\375y\231\346!\002 3\217\302\227\231\311\023\236\315\237\251\010%\230\241x\346!,\315\211g\027\370\267*bD=%@\240""; ","validation: """"\200\000\000\001&\000\000\000\010)/\352\224\021:Q\231\304\227'3\313\030Q\354@[\274\202\021\202\373Vi\243\n\325\250\005e\360""m\346'\311@\343\016$L\346\334\360<wP\027\000\000\000\000\000\000\000\000\000\000\000\000\000\000\000\000\000\000\000\000\000\000\000\000\000\000\000\000\000\000\000\000P\031\311\347s\234ae\204\263\365U\334\372D\354\345\276\201f\035\271%#\375\245\314.""\373\330&\3746s!\003ql\302)\235\321\t\213\224\356\374%%\311\327\037\374\304\t\335\2359\344\233\035]\347<u\236\364\222vF0D\002 \001\177~\274HY$\014\223\203q\307\261F8LW\267\243\221v\236\256\244\031\367H\375y\231\346!\002 3\217\302\227\231\311\023\236\315\237\251\010%\230\241x\346!,\315\211g\027\370\267*bD=%@\240""; "
1750587283690,1750587283690,2573,1,3,1,TMValidation,"validation: """"\200\000\000\001&\000\000\000\010)/\352\224\021:Q\231\304\227'3\313\030Q\354@[\274\202\021\202\373Vi\243\n\325\250\005e\360""m\346'\311@\343\016$L\346\334\360<wP\027\000\000\000\000\000\000\000\000\000\000\000\000\000\000\000\000\000\000\000\000\000\000\000\000\000\000\000\000\000\000\000\000P\031\311\347s\234ae\204\263\365U\334\372D\354\345\276\201f\035\271%#\375\245\314.""\373\330&\3746s!\003ql\302)\235\321\t\213\224\356\374%%\311\327\037\374\304\t\335\2359\344\233\035]\347<u\236\364\222vF0D\002 \001\177~\274HY$\014\223\203q\307\261F8LW\267\243\221v\236\256\244\031\367H\375y\231\346!\002 3\217\302\227\231\311\023\236\315\237\251\010%\230\241x\346!,\315\211g\027\370\267*bD=%@\240""; ","validation: """"\200\000\000\001&\000\000\000\010)/\352\224\021:Q\231\304\227'3\313\030Q\354@[\274\202\021\202\373Vi\243\n\325\250\005e\360""m\346'\311@\343\016$L\346\334\360<wP\027\000\000\000\000\000\000\000\000\000\000\000\000\000\000\000\000\000\000\000\000\000\000\000\000\000\000\000\000\000\000\000\000P\031\311\347s\234ae\204\263\365U\334\372D\354\345\276\201f\035\271%#\375\245\314.""\373\330&\3746s!\003ql\302)\235\321\t\213\224\356\374%%\311\327\037\374\304\t\335\2359\344\233\035]\347<u\236\364\222vF0D\002 \001\177~\274HY$\014\223\203q\307\261F8LW\267\243\221v\236\256\244\031\367H\375y\231\346!\002 3\217\302\227\231\311\023\236\315\237\251\010%\230\241x\346!,\315\211g\027\370\267*bD=%@\240""; "
1750587283705,1750587283705,674,1,1,2,TMGetLedger,"itype: liBASE; ledgerHash: ""\237\231\311\371Y@""\177>\241""\310\233r\315\210Z\003g\334\034\021\305\3353Q\035\224\200\224\347\257""; queryType: qtINDIRECT; ","itype: liBASE; ledgerHash: ""\237\231\311\371Y@""\177>\241""\310\233r\315\210Z\003g\334\034\021\305\3353Q\035\224\200\224\347\257""; queryType: qtINDIRECT; "
1750587283705,1750587283705,3553,1,1,3,TMGetLedger,"itype: liBASE; ledgerHash: ""\237\231\311\371Y@""\177>\241""\310\233r\315\210Z\003g\334\034\021\305\3353Q\035\224\200\224\347\257""; queryType: qtINDIRECT; ","itype: liBASE; ledgerHash: ""\237\231\311\371Y@""\177>\241""\310\233r\315\210Z\003g\334\034\021\305\3353Q\035\224\200\224\347\257""; queryType: qtINDIRECT; "
1750587283706,1750587283706,572,1,1,0,TMGetLedger,"itype: liBASE; ledgerHash: ""\237\231\311\371Y@""\177>\241""\310\233r\315\210Z\003g\334\034\021\305\3353Q\035\224\200\224\347\257""; queryType: qtINDIRECT; ","itype: liBASE; ledgerHash: ""\237\231\311\371Y@""\177>\241""\310\233r\315\210Z\003g\334\034\021\305\3353Q\035\224\200\224\347\257""; queryType: qtINDIRECT; "
1750587283706,1750587283706,2860,1,1,4,TMGetLedger,"itype: liBASE; ledgerHash: ""\237\231\311\371Y@""\177>\241""\310\233r\315\210Z\003g\334\034\021\305\3353Q\035\224\200\224\347\257""; queryType: qtINDIRECT; ","itype: liBASE; ledgerHash: ""\237\231\311\371Y@""\177>\241""\310\233r\315\210Z\003g\334\034\021\305\3353Q\035\224\200\224\347\257""; queryType: qtINDIRECT; "
1750587283715,1750587283715,3097,1,2,0,TMLedgerData,"ledgerHash: ""b\001;\355\\351h\305\360*\252j\2470\334[#|\313\3606\207\210\245\372\217RX\333g`K""; ledgerSeq: 0; type: liTS_CANDIDATE; nodes {;   nodedata: "" \245\366\271\024\035\303\242}O\341[\232\374\0350\307\253\205\001\301\216B\031pk\231\004\271\276\265\240\002\003"";   nodeid: ""\000\000\000\000\000\000\000\000\000\000\000\000\000\000\000\000\000\000\000\000\000\000\000\000\000\000\000\000\000\000\000\000\000""; }; ","ledgerHash: ""b\001;\355\\351h\305\360*\252j\2470\334[#|\313\3606\207\210\245\372\217RX\333g`K""; ledgerSeq: 0; type: liTS_CANDIDATE; nodes {;   nodedata: "" \245\366\271\024\035\303\242}O\341[\232\374\0350\307\253\205\001\301\216B\031pk\231\004\271\276\265\240\002\003"";   nodeid: ""\000\000\000\000\000\000\000\000\000\000\000\000\000\000\000\000\000\000\000\000\000\000\000\000\000\000\000\000\000\000\000\000\000""; }; "
1750587283725,1750587283725,628,1,3,2,TMLedgerData,"ledgerHash: ""\r!N\267\203~\313a\272~\344A\332\034\332r\\301\240a\307\341\261(c(\021\265B\030@(""; ledgerSeq: 0; type: liTS_CANDIDATE; nodes {;   nodedata: ""\247\272\246\2214\014W1\360z\262\252=\343\207'\275\266;\016\021\306\330\030\225\023\357\272\353\200x\221\n\003"";   nodeid: ""\000\000\000\000\000\000\000\000\000\000\000\000\000\000\000\000\000\000\000\000\000\000\000\000\000\000\000\000\000\000\000\000\000""; }; requestCookie: 5; ","ledgerHash: ""\r!N\267\203~\313a\272~\344A\332\034\332r\\301\240a\307\341\261(c(\021\265B\030@(""; ledgerSeq: 0; type: liTS_CANDIDATE; nodes {;   nodedata: ""\247\272\246\2214\014W1\360z\262\252=\343\207'\275\266;\016\021\306\330\030\225\023\357\272\353\200x\221\n\003"";   nodeid: ""\000\000\000\000\000\000\000\000\000\000\000\000\000\000\000\000\000\000\000\000\000\000\000\000\000\000\000\000\000\000\000\000\000""; }; requestCookie: 5; "
1750587283737,1750587283737,1743,1,2,4,TMLedgerData,"ledgerHash: ""b\001;\355\\351h\305\360*\252j\2470\334[#|\313\3606\207\210\245\372\217RX\333g`K""; ledgerSeq: 0; type: liTS_CANDIDATE; nodes {;   nodedata: "" \245\366\271\024\035\303\242}O\341[\232\374\0350\307\253\205\001\301\216B\031pk\231\004\271\276\265\240\002\003"";   nodeid: ""\000\000\000\000\000\000\000\000\000\000\000\000\000\000\000\000\000\000\000\000\000\000\000\000\000\000\000\000\000\000\000\000\000""; }; requestCookie: 1; ","ledgerHash: ""b\001;\355\\351h\305\360*\252j\2470\334[#|\313\3606\207\210\245\372\217RX\333g`K""; ledgerSeq: 0; type: liTS_CANDIDATE; nodes {;   nodedata: "" \245\366\271\024\035\303\242}O\341[\232\374\0350\307\253\205\001\301\216B\031pk\231\004\271\276\265\240\002\003"";   nodeid: ""\000\000\000\000\000\000\000\000\000\000\000\000\000\000\000\000\000\000\000\000\000\000\000\000\000\000\000\000\000\000\000\000\000""; }; requestCookie: 1; "
1750587283764,1750587283764,2792,1,4,2,TMLedgerData,"ledgerHash: ""\007\347lg\346B\270\350\352\375\266\371?(\361\364\365I|\375\262>\230(\333\250\331\007\360U\024\027""; ledgerSeq: 0; type: liTS_CANDIDATE; nodes {;   nodedata: ""\003S\n\235\2624\346\340\377asq\337\223T\316nL\232)C!\360\245\205[L\224\\351\351\000\003"";   nodeid: ""\000\000\000\000\000\000\000\000\000\000\000\000\000\000\000\000\000\000\000\000\000\000\000\000\000\000\000\000\000\000\000\000\000""; }; ","ledgerHash: ""\007\347lg\346B\270\350\352\375\266\371?(\361\364\365I|\375\262>\230(\333\250\331\007\360U\024\027""; ledgerSeq: 0; type: liTS_CANDIDATE; nodes {;   nodedata: ""\003S\n\235\2624\346\340\377asq\337\223T\316nL\232)C!\360\245\205[L\224\\351\351\000\003"";   nodeid: ""\000\000\000\000\000\000\000\000\000\000\000\000\000\000\000\000\000\000\000\000\000\000\000\000\000\000\000\000\000\000\000\000\000""; }; "
1750587283769,1750587283769,557,1,4,1,TMGetLedger,"itype: liTS_CANDIDATE; ledgerHash: ""b\001;\355\\351h\305\360*\252j\2470\334[#|\313\3606\207\210\245\372\217RX\333g`K""; nodeIDs: ""\000\000\000\000\000\000\000\000\000\000\000\000\000\000\000\000\000\000\000\000\000\000\000\000\000\000\000\000\000\000\000\000\000""; requestCookie: 1; queryType: qtINDIRECT; queryDepth: 3; ","itype: liTS_CANDIDATE; ledgerHash: ""b\001;\355\\351h\305\360*\252j\2470\334[#|\313\3606\207\210\245\372\217RX\333g`K""; nodeIDs: ""\000\000\000\000\000\000\000\000\000\000\000\000\000\000\000\000\000\000\000\000\000\000\000\000\000\000\000\000\000\000\000\000\000""; requestCookie: 1; queryType: qtINDIRECT; queryDepth: 3; "
1750587283770,1750587283770,1102,1,2,3,TMLedgerData,"ledgerHash: ""\354@[\274\202\021\202\373Vi\243\n\325\250\005e\360""m\346'\311@\343\016$L\346\334\360<w""; ledgerSeq: 8; type: liBASE; nodes {;   nodedata: ""\000\000\000\010\001cEx]\211\377\342\311\347s\234ae\204\263\365U\334\372D\354\345\276\201f\035\271%#\375\245\314.""\373\330&\3746\000\000\000\000\000\000\000\000\000\000\000\000\000\000\000\000\000\000\000\000\000\000\000\000\000\000\000\000\000\000\000\000\245lQI\023\t3o\213\325\024\3601\255\010\244\306\3215\261\204Q\r\327\317\312f\322eb\215C/\352\224\010/\352\224\020\n\000""; }; nodes {;   nodedata: ""h\315\350\215y\203\242]\371\235\232Pt&\325\210eZ\346\237XZ \277\2457n\221\336\253\245\317\002w\n\356\350\316{k\272E0\225\362\025\010\366\367\372\263\355xq\360\261\376M<\356\347\007zf\307\006E\344\037@\210\363\010\336T\226\247'\204_{\261\370""1\235\2445\343\033Y!\212\201\341\272\225'\007*$\244&\336\343'\233i\332\374\245 {^\306-N\333\gE\006\347\212\331C\211Z\177\247\031\n\265\022\035W\277\033\265pM\027\313x\327iNP(O\216Pk&\235\336\223\217\374\212\253\322w\362\013\210`4\253""\302f\230\374\037bx\0145C\307\337\316[\244d\302\3031\347\300\025aX\357\226\221\016\003""; }; ","ledgerHash: ""\354@[\274\202\021\202\373Vi\243\n\325\250\005e\360""m\346'\311@\343\016$L\346\334\360<w""; ledgerSeq: 8; type: liBASE; nodes {;   nodedata: ""\000\000\000\010\001cEx]\211\377\342\311\347s\234ae\204\263\365U\334\372D\354\345\276\201f\035\271%#\375\245\314.""\373\330&\3746\000\000\000\000\000\000\000\000\000\000\000\000\000\000\000\000\000\000\000\000\000\000\000\000\000\000\000\000\000\000\000\000\245lQI\023\t3o\213\325\024\3601\255\010\244\306\3215\261\204Q\r\327\317\312f\322eb\215C/\352\224\010/\352\224\020\n\000""; }; nodes {;   nodedata: ""h\315\350\215y\203\242]\371\235\232Pt&\325\210eZ\346\237XZ \277\2457n\221\336\253\245\317\002w\n\356\350\316{k\272E0\225\362\025\010\366\367\372\263\355xq\360\261\376M<\356\347\007zf\307\006E\344\037@\210\363\010\336T\226\247'\204_{\261\370""1\235\2445\343\033Y!\212\201\341\272\225'\007*$\244&\336\343'\233i\332\374\245 {^\306-N\333\gE\006\347\212\331C\211Z\177\247\031\n\265\022\035W\277\033\265pM\027\313x\327iNP(O\216Pk&\235\336\223\217\374\212\253\322w\362\013\210`4\253""\302f\230\374\037bx\0145C\307\337\316[\244d\302\3031\347\300\025aX\357\226\221\016\003""; }; "
1750587283770,1750587283770,1102,1,2,3,TMLedgerData,"ledgerHash: ""b\001;\355\\351h\305\360*\252j\2470\334[#|\313\3606\207\210\245\372\217RX\333g`K""; ledgerSeq: 0; type: liTS_CANDIDATE; nodes {;   nodedata: "" \245\366\271\024\035\303\242}O\341[\232\374\0350\307\253\205\001\301\216B\031pk\231\004\271\276\265\240\002\003"";   nodeid: ""\000\000\000\000\000\000\000\000\000\000\000\000\000\000\000\000\000\000\000\000\000\000\000\000\000\000\000\000\000\000\000\000\000""; }; requestCookie: 3; ","ledgerHash: ""b\001;\355\\351h\305\360*\252j\2470\334[#|\313\3606\207\210\245\372\217RX\333g`K""; ledgerSeq: 0; type: liTS_CANDIDATE; nodes {;   nodedata: "" \245\366\271\024\035\303\242}O\341[\232\374\0350\307\253\205\001\301\216B\031pk\231\004\271\276\265\240\002\003"";   nodeid: ""\000\000\000\000\000\000\000\000\000\000\000\000\000\000\000\000\000\000\000\000\000\000\000\000\000\000\000\000\000\000\000\000\000""; }; requestCookie: 3; "
1750587283774,1750587283774,628,1,3,2,TMLedgerData,"ledgerHash: ""\r!N\267\203~\313a\272~\344A\332\034\332r\\301\240a\307\341\261(c(\021\265B\030@(""; ledgerSeq: 0; type: liTS_CANDIDATE; nodes {;   nodedata: ""\247\272\246\2214\014W1\360z\262\252=\343\207'\275\266;\016\021\306\330\030\225\023\357\272\353\200x\221\n\003"";   nodeid: ""\000\000\000\000\000\000\000\000\000\000\000\000\000\000\000\000\000\000\000\000\000\000\000\000\000\000\000\000\000\000\000\000\000""; }; requestCookie: 3; ","ledgerHash: ""\r!N\267\203~\313a\272~\344A\332\034\332r\\301\240a\307\341\261(c(\021\265B\030@(""; ledgerSeq: 0; type: liTS_CANDIDATE; nodes {;   nodedata: ""\247\272\246\2214\014W1\360z\262\252=\343\207'\275\266;\016\021\306\330\030\225\023\357\272\353\200x\221\n\003"";   nodeid: ""\000\000\000\000\000\000\000\000\000\000\000\000\000\000\000\000\000\000\000\000\000\000\000\000\000\000\000\000\000\000\000\000\000""; }; requestCookie: 3; "
1750587283781,1750587283781,3097,1,2,0,TMLedgerData,"ledgerHash: ""\007\347lg\346B\270\350\352\375\266\371?(\361\364\365I|\375\262>\230(\333\250\331\007\360U\024\027""; ledgerSeq: 0; type: liTS_CANDIDATE; nodes {;   nodedata: ""\003S\n\235\2624\346\340\377asq\337\223T\316nL\232)C!\360\245\205[L\224\\351\351\000\003"";   nodeid: ""\000\000\000\000\000\000\000\000\000\000\000\000\000\000\000\000\000\000\000\000\000\000\000\000\000\000\000\000\000\000\000\000\000""; }; ","ledgerHash: ""\007\347lg\346B\270\350\352\375\266\371?(\361\364\365I|\375\262>\230(\333\250\331\007\360U\024\027""; ledgerSeq: 0; type: liTS_CANDIDATE; nodes {;   nodedata: ""\003S\n\235\2624\346\340\377asq\337\223T\316nL\232)C!\360\245\205[L\224\\351\351\000\003"";   nodeid: ""\000\000\000\000\000\000\000\000\000\000\000\000\000\000\000\000\000\000\000\000\000\000\000\000\000\000\000\000\000\000\000\000\000""; }; "
1750587283814,1750587283814,1110,1,4,0,TMProposeSet,"proposeSeq: 0; currentTxHash: ""\007\347lg\346B\270\350\352\375\266\371?(\361\364\365I|\375\262>\230(\333\250\331\007\360U\024\027""; nodePubKey: ""\003\343\005\311u\203\370\0338\3174\324\010\006\301\251\177\261\304eOX\262)FA-\022r\263wm\024""; closeTime: 803902480; signature: ""0D\002 ]\345\030n\367\025\317$\376\237\234\3735a\333\005\037@N\034\244\026\030b\3438""\346\230B\373B\002 Yq-r\251\351\345j\364Ji>\335\216\371A\021\007\364E\336\323\221$\325\343v\2139\227/5""; previousledger: ""\354@[\274\202\021\202\373Vi\243\n\325\250\005e\360""m\346'\311@\343\016$L\346\334\360<w""; ","proposeSeq: 0; currentTxHash: ""\007\347lg\346B\270\350\352\375\266\371?(\361\364\365I|\375\262>\230(\333\250\331\007\360U\024\027""; nodePubKey: ""\003\343\005\311u\203\370\0338\3174\324\010\006\301\251\177\261\304eOX\262)FA-\022r\263wm\024""; closeTime: 803902480; signature: ""0D\002 ]\345\030n\367\025\317$\376\237\234\3735a\333\005\037@N\034\244\026\030b\3438""\346\230B\373B\002 Yq-r\251\351\345j\364Ji>\335\216\371A\021\007\364E\336\323\221$\325\343v\2139\227/5""; previousledger: ""\354@[\274\202\021\202\373Vi\243\n\325\250\005e\360""m\346'\311@\343\016$L\346\334\360<w""; "
1750587283815,1750587283815,769,1,4,0,TMGetLedger,"itype: liTS_CANDIDATE; ledgerHash: ""\007\347lg\346B\270\350\352\375\266\371?(\361\364\365I|\375\262>\230(\333\250\331\007\360U\024\027""; nodeIDs: ""\000\000\000\000\000\000\000\000\000\000\000\000\000\000\000\000\000\000\000\000\000\000\000\000\000\000\000\000\000\000\000\000\000""; queryDepth: 3; ","itype: liTS_CANDIDATE; ledgerHash: ""\007\347lg\346B\270\350\352\375\266\371?(\361\364\365I|\375\262>\230(\333\250\331\007\360U\024\027""; nodeIDs: ""\000\000\000\000\000\000\000\000\000\000\000\000\000\000\000\000\000\000\000\000\000\000\000\000\000\000\000\000\000\000\000\000\000""; queryDepth: 3; "
1750587283815,1750587283815,3614,1,4,2,TMProposeSet,"proposeSeq: 0; currentTxHash: ""\007\347lg\346B\270\350\352\375\266\371?(\361\364\365I|\375\262>\230(\333\250\331\007\360U\024\027""; nodePubKey: ""\003\343\005\311u\203\370\0338\3174\324\010\006\301\251\177\261\304eOX\262)FA-\022r\263wm\024""; closeTime: 803902480; signature: ""0D\002 ]\345\030n\367\025\317$\376\237\234\3735a\333\005\037@N\034\244\026\030b\3438""\346\230B\373B\002 Yq-r\251\351\345j\364Ji>\335\216\371A\021\007\364E\336\323\221$\325\343v\2139\227/5""; previousledger: ""\354@[\274\202\021\202\373Vi\243\n\325\250\005e\360""m\346'\311@\343\016$L\346\334\360<w""; ","proposeSeq: 0; currentTxHash: ""\007\347lg\346B\270\350\352\375\266\371?(\361\364\365I|\375\262>\230(\333\250\331\007\360U\024\027""; nodePubKey: ""\003\343\005\311u\203\370\0338\3174\324\010\006\301\251\177\261\304eOX\262)FA-\022r\263wm\024""; closeTime: 803902480; signature: ""0D\002 ]\345\030n\367\025\317$\376\237\234\3735a\333\005\037@N\034\244\026\030b\3438""\346\230B\373B\002 Yq-r\251\351\345j\364Ji>\335\216\371A\021\007\364E\336\323\221$\325\343v\2139\227/5""; previousledger: ""\354@[\274\202\021\202\373Vi\243\n\325\250\005e\360""m\346'\311@\343\016$L\346\334\360<w""; "
1750587283816,1750587283816,961,1,4,3,TMProposeSet,"proposeSeq: 0; currentTxHash: ""\007\347lg\346B\270\350\352\375\266\371?(\361\364\365I|\375\262>\230(\333\250\331\007\360U\024\027""; nodePubKey: ""\003\343\005\311u\203\370\0338\3174\324\010\006\301\251\177\261\304eOX\262)FA-\022r\263wm\024""; closeTime: 803902480; signature: ""0D\002 ]\345\030n\367\025\317$\376\237\234\3735a\333\005\037@N\034\244\026\030b\3438""\346\230B\373B\002 Yq-r\251\351\345j\364Ji>\335\216\371A\021\007\364E\336\323\221$\325\343v\2139\227/5""; previousledger: ""\354@[\274\202\021\202\373Vi\243\n\325\250\005e\360""m\346'\311@\343\016$L\346\334\360<w""; ","proposeSeq: 0; currentTxHash: ""\007\347lg\346B\270\350\352\375\266\371?(\361\364\365I|\375\262>\230(\333\250\331\007\360U\024\027""; nodePubKey: ""\003\343\005\311u\203\370\0338\3174\324\010\006\301\251\177\261\304eOX\262)FA-\022r\263wm\024""; closeTime: 803902480; signature: ""0D\002 ]\345\030n\367\025\317$\376\237\234\3735a\333\005\037@N\034\244\026\030b\3438""\346\230B\373B\002 Yq-r\251\351\345j\364Ji>\335\216\371A\021\007\364E\336\323\221$\325\343v\2139\227/5""; previousledger: ""\354@[\274\202\021\202\373Vi\243\n\325\250\005e\360""m\346'\311@\343\016$L\346\334\360<w""; "
1750587283816,1750587283816,1467,1,4,2,TMGetLedger,"itype: liTS_CANDIDATE; ledgerHash: ""\007\347lg\346B\270\350\352\375\266\371?(\361\364\365I|\375\262>\230(\333\250\331\007\360U\024\027""; nodeIDs: ""\000\000\000\000\000\000\000\000\000\000\000\000\000\000\000\000\000\000\000\000\000\000\000\000\000\000\000\000\000\000\000\000\000""; queryDepth: 3; ","itype: liTS_CANDIDATE; ledgerHash: ""\007\347lg\346B\270\350\352\375\266\371?(\361\364\365I|\375\262>\230(\333\250\331\007\360U\024\027""; nodeIDs: ""\000\000\000\000\000\000\000\000\000\000\000\000\000\000\000\000\000\000\000\000\000\000\000\000\000\000\000\000\000\000\000\000\000""; queryDepth: 3; "
1750587283817,1750587283817,1590,1,3,2,TMGetLedger,"itype: liTS_CANDIDATE; ledgerHash: ""b\001;\355\\351h\305\360*\252j\2470\334[#|\313\3606\207\210\245\372\217RX\333g`K""; nodeIDs: ""\000\000\000\000\000\000\000\000\000\000\000\000\000\000\000\000\000\000\000\000\000\000\000\000\000\000\000\000\000\000\000\000\000""; requestCookie: 2; queryType: qtINDIRECT; queryDepth: 3; ","itype: liTS_CANDIDATE; ledgerHash: ""b\001;\355\\351h\305\360*\252j\2470\334[#|\313\3606\207\210\245\372\217RX\333g`K""; nodeIDs: ""\000\000\000\000\000\000\000\000\000\000\000\000\000\000\000\000\000\000\000\000\000\000\000\000\000\000\000\000\000\000\000\000\000""; requestCookie: 2; queryType: qtINDIRECT; queryDepth: 3; "
1750587283841,1750587283841,628,1,3,2,TMLedgerData,"ledgerHash: ""\r!N\267\203~\313a\272~\344A\332\034\332r\\301\240a\307\341\261(c(\021\265B\030@(""; ledgerSeq: 0; type: liTS_CANDIDATE; nodes {;   nodedata: ""\247\272\246\2214\014W1\360z\262\252=\343\207'\275\266;\016\021\306\330\030\225\023\357\272\353\200x\221\n\003"";   nodeid: ""\000\000\000\000\000\000\000\000\000\000\000\000\000\000\000\000\000\000\000\000\000\000\000\000\000\000\000\000\000\000\000\000\000""; }; ","ledgerHash: ""\r!N\267\203~\313a\272~\344A\332\034\332r\\301\240a\307\341\261(c(\021\265B\030@(""; ledgerSeq: 0; type: liTS_CANDIDATE; nodes {;   nodedata: ""\247\272\246\2214\014W1\360z\262\252=\343\207'\275\266;\016\021\306\330\030\225\023\357\272\353\200x\221\n\003"";   nodeid: ""\000\000\000\000\000\000\000\000\000\000\000\000\000\000\000\000\000\000\000\000\000\000\000\000\000\000\000\000\000\000\000\000\000""; }; "
1750587283847,1750587283847,3097,1,2,0,TMLedgerData,"ledgerHash: ""\007\347lg\346B\270\350\352\375\266\371?(\361\364\365I|\375\262>\230(\333\250\331\007\360U\024\027""; ledgerSeq: 0; type: liTS_CANDIDATE; nodes {;   nodedata: ""\003S\n\235\2624\346\340\377asq\337\223T\316nL\232)C!\360\245\205[L\224\\351\351\000\003"";   nodeid: ""\000\000\000\000\000\000\000\000\000\000\000\000\000\000\000\000\000\000\000\000\000\000\000\000\000\000\000\000\000\000\000\000\000""; }; ","ledgerHash: ""\007\347lg\346B\270\350\352\375\266\371?(\361\364\365I|\375\262>\230(\333\250\331\007\360U\024\027""; ledgerSeq: 0; type: liTS_CANDIDATE; nodes {;   nodedata: ""\003S\n\235\2624\346\340\377asq\337\223T\316nL\232)C!\360\245\205[L\224\\351\351\000\003"";   nodeid: ""\000\000\000\000\000\000\000\000\000\000\000\000\000\000\000\000\000\000\000\000\000\000\000\000\000\000\000\000\000\000\000\000\000""; }; "
1750587283854,1750587283854,1743,1,2,4,TMLedgerData,"ledgerHash: ""\r!N\267\203~\313a\272~\344A\332\034\332r\\301\240a\307\341\261(c(\021\265B\030@(""; ledgerSeq: 0; type: liTS_CANDIDATE; nodes {;   nodedata: ""\247\272\246\2214\014W1\360z\262\252=\343\207'\275\266;\016\021\306\330\030\225\023\357\272\353\200x\221\n\003"";   nodeid: ""\000\000\000\000\000\000\000\000\000\000\000\000\000\000\000\000\000\000\000\000\000\000\000\000\000\000\000\000\000\000\000\000\000""; }; ","ledgerHash: ""\r!N\267\203~\313a\272~\344A\332\034\332r\\301\240a\307\341\261(c(\021\265B\030@(""; ledgerSeq: 0; type: liTS_CANDIDATE; nodes {;   nodedata: ""\247\272\246\2214\014W1\360z\262\252=\343\207'\275\266;\016\021\306\330\030\225\023\357\272\353\200x\221\n\003"";   nodeid: ""\000\000\000\000\000\000\000\000\000\000\000\000\000\000\000\000\000\000\000\000\000\000\000\000\000\000\000\000\000\000\000\000\000""; }; "
1750587283858,1750587283858,486,1,4,0,TMLedgerData,"ledgerHash: ""\007\347lg\346B\270\350\352\375\266\371?(\361\364\365I|\375\262>\230(\333\250\331\007\360U\024\027""; ledgerSeq: 0; type: liTS_CANDIDATE; nodes {;   nodedata: ""\003S\n\235\2624\346\340\377asq\337\223T\316nL\232)C!\360\245\205[L\224\\351\351\000\003"";   nodeid: ""\000\000\000\000\000\000\000\000\000\000\000\000\000\000\000\000\000\000\000\000\000\000\000\000\000\000\000\000\000\000\000\000\000""; }; ","ledgerHash: ""\007\347lg\346B\270\350\352\375\266\371?(\361\364\365I|\375\262>\230(\333\250\331\007\360U\024\027""; ledgerSeq: 0; type: liTS_CANDIDATE; nodes {;   nodedata: ""\003S\n\235\2624\346\340\377asq\337\223T\316nL\232)C!\360\245\205[L\224\\351\351\000\003"";   nodeid: ""\000\000\000\000\000\000\000\000\000\000\000\000\000\000\000\000\000\000\000\000\000\000\000\000\000\000\000\000\000\000\000\000\000""; }; "
1750587283872,1750587283872,3656,1,3,1,TMProposeSet,"proposeSeq: 4294967295; currentTxHash: ""\000\000\000\000\000\000\000\000\000\000\000\000\000\000\000\000\000\000\000\000\000\000\000\000\000\000\000\000\000\000\000\000""; nodePubKey: ""\003\325Q\255\224\274R@\312\253\262\347\352\034\346\347\242\215,\312\376=\277\353{\350\225\301\305`^, ""; closeTime: 803902480; signature: ""0D\002  \010\247\027A;3\370\003\032\0374\006\315\021$D\3060,\3578\3331\205\276\244\356e\374)\336\002 Wm\023\264\304\357\260\310@H\334\1778\006\307\263\002\263\212R\352\334\243ht\234$\2357\222\257\234""; previousledger: ""\237\231\311\371Y@""\177>\241""\310\233r\315\210Z\003g\334\034\021\305\3353Q\035\224\200\224\347\257""; ","proposeSeq: 4294967295; currentTxHash: ""\000\000\000\000\000\000\000\000\000\000\000\000\000\000\000\000\000\000\000\000\000\000\000\000\000\000\000\000\000\000\000\000""; nodePubKey: ""\003\325Q\255\224\274R@\312\253\262\347\352\034\346\347\242\215,\312\376=\277\353{\350\225\301\305`^, ""; closeTime: 803902480; signature: ""0D\002  \010\247\027A;3\370\003\032\0374\006\315\021$D\3060,\3578\3331\205\276\244\356e\374)\336\002 Wm\023\264\304\357\260\310@H\334\1778\006\307\263\002\263\212R\352\334\243ht\234$\2357\222\257\234""; previousledger: ""\237\231\311\371Y@""\177>\241""\310\233r\315\210Z\003g\334\034\021\305\3353Q\035\224\200\224\347\257""; "
1750587283873,1750587283874,443,1,3,0,TMProposeSet,"proposeSeq: 0; currentTxHash: ""\r!N\267\203~\313a\272~\344A\332\034\332r\\301\240a\307\341\261(c(\021\265B\030@(""; nodePubKey: ""\003.\200\224\215?)t\306\315\242\313\251\255\302\204=\232.\271%}\013\024s\024\002@\216l""\241F""; closeTime: 803902478; signature: ""0D\002 z6\247q%\027\233\247\370B^H!\373\373\347\267Z\314\303\204\344!\035d\321\032\325\215\364\356\003\002 T\207?\351\220\010\254\273\370\027\207\177""\032\002\273\307\245mf5%\353_""\0263\247\004\035\222\203""; previousledger: ""\354@[\274\202\021\202\373Vi\243\n\325\250\005e\360""m\346'\311@\343\016$L\346\334\360<w""; ","proposeSeq: 0; currentTxHash: ""\r!N\267\203~\313a\272~\344A\332\034\332r\\301\240a\307\341\261(c(\021\265B\030@(""; nodePubKey: ""\003.\200\224\215?)t\306\315\242\313\251\255\302\204=\232.\271%}\013\024s\024\002@\216l""\241F""; closeTime: 803902478; signature: ""0D\002 z6\247q%\027\233\247\370B^H!\373\373\347\267Z\314\303\204\344!\035d\321\032\325\215\364\356\003\002 T\207?\351\220\010\254\273\370\027\207\177""\032\002\273\307\245mf5%\353_""\0263\247\004\035\222\203""; previousledger: ""\354@[\274\202\021\202\373Vi\243\n\325\250\005e\360""m\346'\311@\343\016$L\346\334\360<w""; "
1750587283873,1750587283873,443,1,3,0,TMProposeSet,"proposeSeq: 4294967295; currentTxHash: ""\000\000\000\000\000\000\000\000\000\000\000\000\000\000\000\000\000\000\000\000\000\000\000\000\000\000\000\000\000\000\000\000""; nodePubKey: ""\003\325Q\255\224\274R@\312\253\262\347\352\034\346\347\242\215,\312\376=\277\353{\350\225\301\305`^, ""; closeTime: 803902480; signature: ""0D\002  \010\247\027A;3\370\003\032\0374\006\315\021$D\3060,\3578\3331\205\276\244\356e\374)\336\002 Wm\023\264\304\357\260\310@H\334\1778\006\307\263\002\263\212R\352\334\243ht\234$\2357\222\257\234""; previousledger: ""\237\231\311\371Y@""\177>\241""\310\233r\315\210Z\003g\334\034\021\305\3353Q\035\224\200\224\347\257""; ","proposeSeq: 4294967295; currentTxHash: ""\000\000\000\000\000\000\000\000\000\000\000\000\000\000\000\000\000\000\000\000\000\000\000\000\000\000\000\000\000\000\000\000""; nodePubKey: ""\003\325Q\255\224\274R@\312\253\262\347\352\034\346\347\242\215,\312\376=\277\353{\350\225\301\305`^, ""; closeTime: 803902480; signature: ""0D\002  \010\247\027A;3\370\003\032\0374\006\315\021$D\3060,\3578\3331\205\276\244\356e\374)\336\002 Wm\023\264\304\357\260\310@H\334\1778\006\307\263\002\263\212R\352\334\243ht\234$\2357\222\257\234""; previousledger: ""\237\231\311\371Y@""\177>\241""\310\233r\315\210Z\003g\334\034\021\305\3353Q\035\224\200\224\347\257""; "
1750587283872,1750587283872,483,1,3,4,TMProposeSet,"proposeSeq: 4294967295; currentTxHash: ""\000\000\000\000\000\000\000\000\000\000\000\000\000\000\000\000\000\000\000\000\000\000\000\000\000\000\000\000\000\000\000\000""; nodePubKey: ""\003\325Q\255\224\274R@\312\253\262\347\352\034\346\347\242\215,\312\376=\277\353{\350\225\301\305`^, ""; closeTime: 803902480; signature: ""0D\002  \010\247\027A;3\370\003\032\0374\006\315\021$D\3060,\3578\3331\205\276\244\356e\374)\336\002 Wm\023\264\304\357\260\310@H\334\1778\006\307\263\002\263\212R\352\334\243ht\234$\2357\222\257\234""; previousledger: ""\237\231\311\371Y@""\177>\241""\310\233r\315\210Z\003g\334\034\021\305\3353Q\035\224\200\224\347\257""; ","proposeSeq: 4294967295; currentTxHash: ""\000\000\000\000\000\000\000\000\000\000\000\000\000\000\000\000\000\000\000\000\000\000\000\000\000\000\000\000\000\000\000\000""; nodePubKey: ""\003\325Q\255\224\274R@\312\253\262\347\352\034\346\347\242\215,\312\376=\277\353{\350\225\301\305`^, ""; closeTime: 803902480; signature: ""0D\002  \010\247\027A;3\370\003\032\0374\006\315\021$D\3060,\3578\3331\205\276\244\356e\374)\336\002 Wm\023\264\304\357\260\310@H\334\1778\006\307\263\002\263\212R\352\334\243ht\234$\2357\222\257\234""; previousledger: ""\237\231\311\371Y@""\177>\241""\310\233r\315\210Z\003g\334\034\021\305\3353Q\035\224\200\224\347\257""; "
1750587283874,1750587283874,972,1,3,4,TMStatusChange,"newEvent: neCLOSING_LEDGER; ledgerSeq: 8; ledgerHash: ""\354@[\274\202\021\202\373Vi\243\n\325\250\005e\360""m\346'\311@\343\016$L\346\334\360<w""; ledgerHashPrevious: ""\311\347s\234ae\204\263\365U\334\372D\354\345\276\201f\035\271%#\375\245\314.""\373\330&\3746""; networkTime: 803902483; firstSeq: 1; lastSeq: 8; ","newEvent: neCLOSING_LEDGER; ledgerSeq: 8; ledgerHash: ""\354@[\274\202\021\202\373Vi\243\n\325\250\005e\360""m\346'\311@\343\016$L\346\334\360<w""; ledgerHashPrevious: ""\311\347s\234ae\204\263\365U\334\372D\354\345\276\201f\035\271%#\375\245\314.""\373\330&\3746""; networkTime: 803902483; firstSeq: 1; lastSeq: 8; "
1750587283874,1750587283874,1393,1,3,0,TMStatusChange,"newEvent: neCLOSING_LEDGER; ledgerSeq: 8; ledgerHash: ""\354@[\274\202\021\202\373Vi\243\n\325\250\005e\360""m\346'\311@\343\016$L\346\334\360<w""; ledgerHashPrevious: ""\311\347s\234ae\204\263\365U\334\372D\354\345\276\201f\035\271%#\375\245\314.""\373\330&\3746""; networkTime: 803902483; firstSeq: 1; lastSeq: 8; ","newEvent: neCLOSING_LEDGER; ledgerSeq: 8; ledgerHash: ""\354@[\274\202\021\202\373Vi\243\n\325\250\005e\360""m\346'\311@\343\016$L\346\334\360<w""; ledgerHashPrevious: ""\311\347s\234ae\204\263\365U\334\372D\354\345\276\201f\035\271%#\375\245\314.""\373\330&\3746""; networkTime: 803902483; firstSeq: 1; lastSeq: 8; "
1750587283881,1750587283882,1317,1,3,2,TMProposeSet,"proposeSeq: 4294967295; currentTxHash: ""\000\000\000\000\000\000\000\000\000\000\000\000\000\000\000\000\000\000\000\000\000\000\000\000\000\000\000\000\000\000\000\000""; nodePubKey: ""\003\325Q\255\224\274R@\312\253\262\347\352\034\346\347\242\215,\312\376=\277\353{\350\225\301\305`^, ""; closeTime: 803902480; signature: ""0D\002  \010\247\027A;3\370\003\032\0374\006\315\021$D\3060,\3578\3331\205\276\244\356e\374)\336\002 Wm\023\264\304\357\260\310@H\334\1778\006\307\263\002\263\212R\352\334\243ht\234$\2357\222\257\234""; previousledger: ""\237\231\311\371Y@""\177>\241""\310\233r\315\210Z\003g\334\034\021\305\3353Q\035\224\200\224\347\257""; ","proposeSeq: 4294967295; currentTxHash: ""\000\000\000\000\000\000\000\000\000\000\000\000\000\000\000\000\000\000\000\000\000\000\000\000\000\000\000\000\000\000\000\000""; nodePubKey: ""\003\325Q\255\224\274R@\312\253\262\347\352\034\346\347\242\215,\312\376=\277\353{\350\225\301\305`^, ""; closeTime: 803902480; signature: ""0D\002  \010\247\027A;3\370\003\032\0374\006\315\021$D\3060,\3578\3331\205\276\244\356e\374)\336\002 Wm\023\264\304\357\260\310@H\334\1778\006\307\263\002\263\212R\352\334\243ht\234$\2357\222\257\234""; previousledger: ""\237\231\311\371Y@""\177>\241""\310\233r\315\210Z\003g\334\034\021\305\3353Q\035\224\200\224\347\257""; "
1750587283882,1750587283882,854,1,3,2,TMStatusChange,"newEvent: neCLOSING_LEDGER; ledgerSeq: 8; ledgerHash: ""\354@[\274\202\021\202\373Vi\243\n\325\250\005e\360""m\346'\311@\343\016$L\346\334\360<w""; ledgerHashPrevious: ""\311\347s\234ae\204\263\365U\334\372D\354\345\276\201f\035\271%#\375\245\314.""\373\330&\3746""; networkTime: 803902483; firstSeq: 1; lastSeq: 8; ","newEvent: neCLOSING_LEDGER; ledgerSeq: 8; ledgerHash: ""\354@[\274\202\021\202\373Vi\243\n\325\250\005e\360""m\346'\311@\343\016$L\346\334\360<w""; ledgerHashPrevious: ""\311\347s\234ae\204\263\365U\334\372D\354\345\276\201f\035\271%#\375\245\314.""\373\330&\3746""; networkTime: 803902483; firstSeq: 1; lastSeq: 8; "
1750587283883,1750587283883,1317,1,3,2,TMProposeSet,"proposeSeq: 0; currentTxHash: ""\r!N\267\203~\313a\272~\344A\332\034\332r\\301\240a\307\341\261(c(\021\265B\030@(""; nodePubKey: ""\003.\200\224\215?)t\306\315\242\313\251\255\302\204=\232.\271%}\013\024s\024\002@\216l""\241F""; closeTime: 803902478; signature: ""0D\002 z6\247q%\027\233\247\370B^H!\373\373\347\267Z\314\303\204\344!\035d\321\032\325\215\364\356\003\002 T\207?\351\220\010\254\273\370\027\207\177""\032\002\273\307\245mf5%\353_""\0263\247\004\035\222\203""; previousledger: ""\354@[\274\202\021\202\373Vi\243\n\325\250\005e\360""m\346'\311@\343\016$L\346\334\360<w""; ","proposeSeq: 0; currentTxHash: ""\r!N\267\203~\313a\272~\344A\332\034\332r\\301\240a\307\341\261(c(\021\265B\030@(""; nodePubKey: ""\003.\200\224\215?)t\306\315\242\313\251\255\302\204=\232.\271%}\013\024s\024\002@\216l""\241F""; closeTime: 803902478; signature: ""0D\002 z6\247q%\027\233\247\370B^H!\373\373\347\267Z\314\303\204\344!\035d\321\032\325\215\364\356\003\002 T\207?\351\220\010\254\273\370\027\207\177""\032\002\273\307\245mf5%\353_""\0263\247\004\035\222\203""; previousledger: ""\354@[\274\202\021\202\373Vi\243\n\325\250\005e\360""m\346'\311@\343\016$L\346\334\360<w""; "
1750587283888,1750587283888,628,1,3,2,TMLedgerData,"ledgerHash: ""\007\347lg\346B\270\350\352\375\266\371?(\361\364\365I|\375\262>\230(\333\250\331\007\360U\024\027""; ledgerSeq: 0; type: liTS_CANDIDATE; nodes {;   nodedata: ""\003S\n\235\2624\346\340\377asq\337\223T\316nL\232)C!\360\245\205[L\224\\351\351\000\003"";   nodeid: ""\000\000\000\000\000\000\000\000\000\000\000\000\000\000\000\000\000\000\000\000\000\000\000\000\000\000\000\000\000\000\000\000\000""; }; ","ledgerHash: ""\007\347lg\346B\270\350\352\375\266\371?(\361\364\365I|\375\262>\230(\333\250\331\007\360U\024\027""; ledgerSeq: 0; type: liTS_CANDIDATE; nodes {;   nodedata: ""\003S\n\235\2624\346\340\377asq\337\223T\316nL\232)C!\360\245\205[L\224\\351\351\000\003"";   nodeid: ""\000\000\000\000\000\000\000\000\000\000\000\000\000\000\000\000\000\000\000\000\000\000\000\000\000\000\000\000\000\000\000\000\000""; }; "
1750587283894,1750587283894,557,1,4,1,TMGetLedger,"itype: liTS_CANDIDATE; ledgerHash: ""\007\347lg\346B\270\350\352\375\266\371?(\361\364\365I|\375\262>\230(\333\250\331\007\360U\024\027""; nodeIDs: ""\000\000\000\000\000\000\000\000\000\000\000\000\000\000\000\000\000\000\000\000\000\000\000\000\000\000\000\000\000\000\000\000\000""; requestCookie: 4; queryType: qtINDIRECT; queryDepth: 3; ","itype: liTS_CANDIDATE; ledgerHash: ""\007\347lg\346B\270\350\352\375\266\371?(\361\364\365I|\375\262>\230(\333\250\331\007\360U\024\027""; nodeIDs: ""\000\000\000\000\000\000\000\000\000\000\000\000\000\000\000\000\000\000\000\000\000\000\000\000\000\000\000\000\000\000\000\000\000""; requestCookie: 4; queryType: qtINDIRECT; queryDepth: 3; "
1750587283903,1750587283904,520,1,2,1,TMLedgerData,"ledgerHash: ""\r!N\267\203~\313a\272~\344A\332\034\332r\\301\240a\307\341\261(c(\021\265B\030@(""; ledgerSeq: 0; type: liTS_CANDIDATE; nodes {;   nodedata: ""\247\272\246\2214\014W1\360z\262\252=\343\207'\275\266;\016\021\306\330\030\225\023\357\272\353\200x\221\n\003"";   nodeid: ""\000\000\000\000\000\000\000\000\000\000\000\000\000\000\000\000\000\000\000\000\000\000\000\000\000\000\000\000\000\000\000\000\000""; }; ","ledgerHash: ""\r!N\267\203~\313a\272~\344A\332\034\332r\\301\240a\307\341\261(c(\021\265B\030@(""; ledgerSeq: 0; type: liTS_CANDIDATE; nodes {;   nodedata: ""\247\272\246\2214\014W1\360z\262\252=\343\207'\275\266;\016\021\306\330\030\225\023\357\272\353\200x\221\n\003"";   nodeid: ""\000\000\000\000\000\000\000\000\000\000\000\000\000\000\000\000\000\000\000\000\000\000\000\000\000\000\000\000\000\000\000\000\000""; }; "
1750587283907,1750587283907,1102,1,2,3,TMLedgerData,"ledgerHash: ""b\001;\355\\351h\305\360*\252j\2470\334[#|\313\3606\207\210\245\372\217RX\333g`K""; ledgerSeq: 0; type: liTS_CANDIDATE; nodes {;   nodedata: "" \245\366\271\024\035\303\242}O\341[\232\374\0350\307\253\205\001\301\216B\031pk\231\004\271\276\265\240\002\003"";   nodeid: ""\000\000\000\000\000\000\000\000\000\000\000\000\000\000\000\000\000\000\000\000\000\000\000\000\000\000\000\000\000\000\000\000\000""; }; requestCookie: 2; ","ledgerHash: ""b\001;\355\\351h\305\360*\252j\2470\334[#|\313\3606\207\210\245\372\217RX\333g`K""; ledgerSeq: 0; type: liTS_CANDIDATE; nodes {;   nodedata: "" \245\366\271\024\035\303\242}O\341[\232\374\0350\307\253\205\001\301\216B\031pk\231\004\271\276\265\240\002\003"";   nodeid: ""\000\000\000\000\000\000\000\000\000\000\000\000\000\000\000\000\000\000\000\000\000\000\000\000\000\000\000\000\000\000\000\000\000""; }; requestCookie: 2; "
1750587283918,1750587283918,2472,1,1,2,TMLedgerData,"ledgerHash: ""\r!N\267\203~\313a\272~\344A\332\034\332r\\301\240a\307\341\261(c(\021\265B\030@(""; ledgerSeq: 0; type: liTS_CANDIDATE; nodes {;   nodedata: ""\247\272\246\2214\014W1\360z\262\252=\343\207'\275\266;\016\021\306\330\030\225\023\357\272\353\200x\221\n\003"";   nodeid: ""\000\000\000\000\000\000\000\000\000\000\000\000\000\000\000\000\000\000\000\000\000\000\000\000\000\000\000\000\000\000\000\000\000""; }; ","ledgerHash: ""\r!N\267\203~\313a\272~\344A\332\034\332r\\301\240a\307\341\261(c(\021\265B\030@(""; ledgerSeq: 0; type: liTS_CANDIDATE; nodes {;   nodedata: ""\247\272\246\2214\014W1\360z\262\252=\343\207'\275\266;\016\021\306\330\030\225\023\357\272\353\200x\221\n\003"";   nodeid: ""\000\000\000\000\000\000\000\000\000\000\000\000\000\000\000\000\000\000\000\000\000\000\000\000\000\000\000\000\000\000\000\000\000""; }; "
1750587283918,1750587283918,1591,1,3,1,TMStatusChange,"newEvent: neCLOSING_LEDGER; ledgerSeq: 8; ledgerHash: ""\354@[\274\202\021\202\373Vi\243\n\325\250\005e\360""m\346'\311@\343\016$L\346\334\360<w""; ledgerHashPrevious: ""\311\347s\234ae\204\263\365U\334\372D\354\345\276\201f\035\271%#\375\245\314.""\373\330&\3746""; networkTime: 803902483; firstSeq: 1; lastSeq: 8; ","newEvent: neCLOSING_LEDGER; ledgerSeq: 8; ledgerHash: ""\354@[\274\202\021\202\373Vi\243\n\325\250\005e\360""m\346'\311@\343\016$L\346\334\360<w""; ledgerHashPrevious: ""\311\347s\234ae\204\263\365U\334\372D\354\345\276\201f\035\271%#\375\245\314.""\373\330&\3746""; networkTime: 803902483; firstSeq: 1; lastSeq: 8; "
1750587283925,1750587283925,2565,1,3,0,TMLedgerData,"ledgerHash: ""\007\347lg\346B\270\350\352\375\266\371?(\361\364\365I|\375\262>\230(\333\250\331\007\360U\024\027""; ledgerSeq: 0; type: liTS_CANDIDATE; nodes {;   nodedata: ""\003S\n\235\2624\346\340\377asq\337\223T\316nL\232)C!\360\245\205[L\224\\351\351\000\003"";   nodeid: ""\000\000\000\000\000\000\000\000\000\000\000\000\000\000\000\000\000\000\000\000\000\000\000\000\000\000\000\000\000\000\000\000\000""; }; ","ledgerHash: ""\007\347lg\346B\270\350\352\375\266\371?(\361\364\365I|\375\262>\230(\333\250\331\007\360U\024\027""; ledgerSeq: 0; type: liTS_CANDIDATE; nodes {;   nodedata: ""\003S\n\235\2624\346\340\377asq\337\223T\316nL\232)C!\360\245\205[L\224\\351\351\000\003"";   nodeid: ""\000\000\000\000\000\000\000\000\000\000\000\000\000\000\000\000\000\000\000\000\000\000\000\000\000\000\000\000\000\000\000\000\000""; }; "
1750587283959,1750587283959,1399,1,1,3,TMLedgerData,"ledgerHash: ""b\001;\355\\351h\305\360*\252j\2470\334[#|\313\3606\207\210\245\372\217RX\333g`K""; ledgerSeq: 0; type: liTS_CANDIDATE; nodes {;   nodedata: "" \245\366\271\024\035\303\242}O\341[\232\374\0350\307\253\205\001\301\216B\031pk\231\004\271\276\265\240\002\003"";   nodeid: ""\000\000\000\000\000\000\000\000\000\000\000\000\000\000\000\000\000\000\000\000\000\000\000\000\000\000\000\000\000\000\000\000\000""; }; requestCookie: 2; ","ledgerHash: ""b\001;\355\\351h\305\360*\252j\2470\334[#|\313\3606\207\210\245\372\217RX\333g`K""; ledgerSeq: 0; type: liTS_CANDIDATE; nodes {;   nodedata: "" \245\366\271\024\035\303\242}O\341[\232\374\0350\307\253\205\001\301\216B\031pk\231\004\271\276\265\240\002\003"";   nodeid: ""\000\000\000\000\000\000\000\000\000\000\000\000\000\000\000\000\000\000\000\000\000\000\000\000\000\000\000\000\000\000\000\000\000""; }; requestCookie: 2; "
1750587283965,1750587283965,3097,1,2,0,TMLedgerData,"ledgerHash: ""b\001;\355\\351h\305\360*\252j\2470\334[#|\313\3606\207\210\245\372\217RX\333g`K""; ledgerSeq: 0; type: liTS_CANDIDATE; nodes {;   nodedata: "" \245\366\271\024\035\303\242}O\341[\232\374\0350\307\253\205\001\301\216B\031pk\231\004\271\276\265\240\002\003"";   nodeid: ""\000\000\000\000\000\000\000\000\000\000\000\000\000\000\000\000\000\000\000\000\000\000\000\000\000\000\000\000\000\000\000\000\000""; }; ","ledgerHash: ""b\001;\355\\351h\305\360*\252j\2470\334[#|\313\3606\207\210\245\372\217RX\333g`K""; ledgerSeq: 0; type: liTS_CANDIDATE; nodes {;   nodedata: "" \245\366\271\024\035\303\242}O\341[\232\374\0350\307\253\205\001\301\216B\031pk\231\004\271\276\265\240\002\003"";   nodeid: ""\000\000\000\000\000\000\000\000\000\000\000\000\000\000\000\000\000\000\000\000\000\000\000\000\000\000\000\000\000\000\000\000\000""; }; "
1750587283977,1750587283977,483,1,3,4,TMProposeSet,"proposeSeq: 0; currentTxHash: ""\007\347lg\346B\270\350\352\375\266\371?(\361\364\365I|\375\262>\230(\333\250\331\007\360U\024\027""; nodePubKey: ""\003\343\005\311u\203\370\0338\3174\324\010\006\301\251\177\261\304eOX\262)FA-\022r\263wm\024""; closeTime: 803902480; signature: ""0D\002 ]\345\030n\367\025\317$\376\237\234\3735a\333\005\037@N\034\244\026\030b\3438""\346\230B\373B\002 Yq-r\251\351\345j\364Ji>\335\216\371A\021\007\364E\336\323\221$\325\343v\2139\227/5""; previousledger: ""\354@[\274\202\021\202\373Vi\243\n\325\250\005e\360""m\346'\311@\343\016$L\346\334\360<w""; ","proposeSeq: 0; currentTxHash: ""\007\347lg\346B\270\350\352\375\266\371?(\361\364\365I|\375\262>\230(\333\250\331\007\360U\024\027""; nodePubKey: ""\003\343\005\311u\203\370\0338\3174\324\010\006\301\251\177\261\304eOX\262)FA-\022r\263wm\024""; closeTime: 803902480; signature: ""0D\002 ]\345\030n\367\025\317$\376\237\234\3735a\333\005\037@N\034\244\026\030b\3438""\346\230B\373B\002 Yq-r\251\351\345j\364Ji>\335\216\371A\021\007\364E\336\323\221$\325\343v\2139\227/5""; previousledger: ""\354@[\274\202\021\202\373Vi\243\n\325\250\005e\360""m\346'\311@\343\016$L\346\334\360<w""; "
1750587283979,1750587283979,443,1,3,0,TMProposeSet,"proposeSeq: 0; currentTxHash: ""\007\347lg\346B\270\350\352\375\266\371?(\361\364\365I|\375\262>\230(\333\250\331\007\360U\024\027""; nodePubKey: ""\003\343\005\311u\203\370\0338\3174\324\010\006\301\251\177\261\304eOX\262)FA-\022r\263wm\024""; closeTime: 803902480; signature: ""0D\002 ]\345\030n\367\025\317$\376\237\234\3735a\333\005\037@N\034\244\026\030b\3438""\346\230B\373B\002 Yq-r\251\351\345j\364Ji>\335\216\371A\021\007\364E\336\323\221$\325\343v\2139\227/5""; previousledger: ""\354@[\274\202\021\202\373Vi\243\n\325\250\005e\360""m\346'\311@\343\016$L\346\334\360<w""; ","proposeSeq: 0; currentTxHash: ""\007\347lg\346B\270\350\352\375\266\371?(\361\364\365I|\375\262>\230(\333\250\331\007\360U\024\027""; nodePubKey: ""\003\343\005\311u\203\370\0338\3174\324\010\006\301\251\177\261\304eOX\262)FA-\022r\263wm\024""; closeTime: 803902480; signature: ""0D\002 ]\345\030n\367\025\317$\376\237\234\3735a\333\005\037@N\034\244\026\030b\3438""\346\230B\373B\002 Yq-r\251\351\345j\364Ji>\335\216\371A\021\007\364E\336\323\221$\325\343v\2139\227/5""; previousledger: ""\354@[\274\202\021\202\373Vi\243\n\325\250\005e\360""m\346'\311@\343\016$L\346\334\360<w""; "
1750587283978,1750587283979,3705,1,3,1,TMTransaction,"rawTransaction: ""\022\000\000""\000\000\000\000$\000\000\000\006 \033\000\000\000\032a@\000\000\022\333\371\352\000h@\000\000\000\000\000\000\ns!\003\364\346'\245\361\313f\307\325O*\031\010 \337\241\354\3450V\376\031#\323\000\245'Q`4d\376tG0E\002!\000\373\362\224\312\317Ss\343\010EP\201A]\372\204\347\000\222\333S\212\342\t\247\360G\207\334\264\266w\002 /\350\325\216\333\010\0347\027\007\375K\306\345\313fs:\223EIfV\023""QV\367\336\256\325:\201\024B\006\222#\215\346\234\245/\205\327[/\206^\005y\253G\373\203\024\023\252#\014BS\272`\277B\346\245]\332\351o'013""; status: tsNEW; receiveTimestamp: 803902483; ","rawTransaction: ""\022\000\000""\000\000\000\000$\000\000\000\006 \033\000\000\000\032a@\000\000\022\333\371\352\000h@\000\000\000\000\000\000\ns!\003\364\346'\245\361\313f\307\325O*\031\010 \337\241\354\3450V\376\031#\323\000\245'Q`4d\376tG0E\002!\000\373\362\224\312\317Ss\343\010EP\201A]\372\204\347\000\222\333S\212\342\t\247\360G\207\334\264\266w\002 /\350\325\216\333\010\0347\027\007\375K\306\345\313fs:\223EIfV\023""QV\367\336\256\325:\201\024B\006\222#\215\346\234\245/\205\327[/\206^\005y\253G\373\203\024\023\252#\014BS\272`\277B\346\245]\332\351o'013""; status: tsNEW; receiveTimestamp: 803902483; "
1750587283979,1750587283980,1636,1,3,4,TMTransaction,"rawTransaction: ""\022\000\000""\000\000\000\000$\000\000\000\006 \033\000\000\000\032a@\000\000\022\333\371\352\000h@\000\000\000\000\000\000\ns!\003\364\346'\245\361\313f\307\325O*\031\010 \337\241\354\3450V\376\031#\323\000\245'Q`4d\376tG0E\002!\000\373\362\224\312\317Ss\343\010EP\201A]\372\204\347\000\222\333S\212\342\t\247\360G\207\334\264\266w\002 /\350\325\216\333\010\0347\027\007\375K\306\345\313fs:\223EIfV\023""QV\367\336\256\325:\201\024B\006\222#\215\346\234\245/\205\327[/\206^\005y\253G\373\203\024\023\252#\014BS\272`\277B\346\245]\332\351o'013""; status: tsNEW; receiveTimestamp: 803902483; ","rawTransaction: ""\022\000\000""\000\000\000\000$\000\000\000\006 \033\000\000\000\032a@\000\000\022\333\371\352\000h@\000\000\000\000\000\000\ns!\003\364\346'\245\361\313f\307\325O*\031\010 \337\241\354\3450V\376\031#\323\000\245'Q`4d\376tG0E\002!\000\373\362\224\312\317Ss\343\010EP\201A]\372\204\347\000\222\333S\212\342\t\247\360G\207\334\264\266w\002 /\350\325\216\333\010\0347\027\007\375K\306\345\313fs:\223EIfV\023""QV\367\336\256\325:\201\024B\006\222#\215\346\234\245/\205\327[/\206^\005y\253G\373\203\024\023\252#\014BS\272`\277B\346\245]\332\351o'013""; status: tsNEW; receiveTimestamp: 803902483; "
1750587283981,1750587283981,1317,1,3,2,TMProposeSet,"proposeSeq: 0; currentTxHash: ""\007\347lg\346B\270\350\352\375\266\371?(\361\364\365I|\375\262>\230(\333\250\331\007\360U\024\027""; nodePubKey: ""\003\343\005\311u\203\370\0338\3174\324\010\006\301\251\177\261\304eOX\262)FA-\022r\263wm\024""; closeTime: 803902480; signature: ""0D\002 ]\345\030n\367\025\317$\376\237\234\3735a\333\005\037@N\034\244\026\030b\3438""\346\230B\373B\002 Yq-r\251\351\345j\364Ji>\335\216\371A\021\007\364E\336\323\221$\325\343v\2139\227/5""; previousledger: ""\354@[\274\202\021\202\373Vi\243\n\325\250\005e\360""m\346'\311@\343\016$L\346\334\360<w""; ","proposeSeq: 0; currentTxHash: ""\007\347lg\346B\270\350\352\375\266\371?(\361\364\365I|\375\262>\230(\333\250\331\007\360U\024\027""; nodePubKey: ""\003\343\005\311u\203\370\0338\3174\324\010\006\301\251\177\261\304eOX\262)FA-\022r\263wm\024""; closeTime: 803902480; signature: ""0D\002 ]\345\030n\367\025\317$\376\237\234\3735a\333\005\037@N\034\244\026\030b\3438""\346\230B\373B\002 Yq-r\251\351\345j\364Ji>\335\216\371A\021\007\364E\336\323\221$\325\343v\2139\227/5""; previousledger: ""\354@[\274\202\021\202\373Vi\243\n\325\250\005e\360""m\346'\311@\343\016$L\346\334\360<w""; "
1750587283981,1750587283981,3512,1,3,2,TMTransaction,"rawTransaction: ""\022\000\000""\000\000\000\000$\000\000\000\006 \033\000\000\000\032a@\000\000\022\333\371\352\000h@\000\000\000\000\000\000\ns!\003\364\346'\245\361\313f\307\325O*\031\010 \337\241\354\3450V\376\031#\323\000\245'Q`4d\376tG0E\002!\000\373\362\224\312\317Ss\343\010EP\201A]\372\204\347\000\222\333S\212\342\t\247\360G\207\334\264\266w\002 /\350\325\216\333\010\0347\027\007\375K\306\345\313fs:\223EIfV\023""QV\367\336\256\325:\201\024B\006\222#\215\346\234\245/\205\327[/\206^\005y\253G\373\203\024\023\252#\014BS\272`\277B\346\245]\332\351o'013""; status: tsNEW; receiveTimestamp: 803902483; ","rawTransaction: ""\022\000\000""\000\000\000\000$\000\000\000\006 \033\000\000\000\032a@\000\000\022\333\371\352\000h@\000\000\000\000\000\000\ns!\003\364\346'\245\361\313f\307\325O*\031\010 \337\241\354\3450V\376\031#\323\000\245'Q`4d\376tG0E\002!\000\373\362\224\312\317Ss\343\010EP\201A]\372\204\347\000\222\333S\212\342\t\247\360G\207\334\264\266w\002 /\350\325\216\333\010\0347\027\007\375K\306\345\313fs:\223EIfV\023""QV\367\336\256\325:\201\024B\006\222#\215\346\234\245/\205\327[/\206^\005y\253G\373\203\024\023\252#\014BS\272`\277B\346\245]\332\351o'013""; status: tsNEW; receiveTimestamp: 803902483; "
1750587283980,1750587283982,705,1,3,0,TMTransaction,"rawTransaction: ""\022\000\000""\000\000\000\000$\000\000\000\006 \033\000\000\000\032a@\000\000\022\333\371\352\000h@\000\000\000\000\000\000\ns!\003\364\346'\245\361\313f\307\325O*\031\010 \337\241\354\3450V\376\031#\323\000\245'Q`4d\376tG0E\002!\000\373\362\224\312\317Ss\343\010EP\201A]\372\204\347\000\222\333S\212\342\t\247\360G\207\334\264\266w\002 /\350\325\216\333\010\0347\027\007\375K\306\345\313fs:\223EIfV\023""QV\367\336\256\325:\201\024B\006\222#\215\346\234\245/\205\327[/\206^\005y\253G\373\203\024\023\252#\014BS\272`\277B\346\245]\332\351o'013""; status: tsNEW; receiveTimestamp: 803902483; ","rawTransaction: ""\022\000\000""\000\000\000\000$\000\000\000\006 \033\000\000\000\032a@\000\000\022\333\371\352\000h@\000\000\000\000\000\000\ns!\003\364\346'\245\361\313f\307\325O*\031\010 \337\241\354\3450V\376\031#\323\000\245'Q`4d\376tG0E\002!\000\373\362\224\312\317Ss\343\010EP\201A]\372\204\347\000\222\333S\212\342\t\247\360G\207\334\264\266w\002 /\350\325\216\333\010\0347\027\007\375K\306\345\313fs:\223EIfV\023""QV\367\336\256\325:\201\024B\006\222#\215\346\234\245/\205\327[/\206^\005y\253G\373\203\024\023\252#\014BS\272`\277B\346\245]\332\351o'013""; status: tsNEW; receiveTimestamp: 803902483; "
1750587283987,1750587283987,1743,1,2,4,TMLedgerData,"ledgerHash: ""b\001;\355\\351h\305\360*\252j\2470\334[#|\313\3606\207\210\245\372\217RX\333g`K""; ledgerSeq: 0; type: liTS_CANDIDATE; nodes {;   nodedata: "" \245\366\271\024\035\303\242}O\341[\232\374\0350\307\253\205\001\301\216B\031pk\231\004\271\276\265\240\002\003"";   nodeid: ""\000\000\000\000\000\000\000\000\000\000\000\000\000\000\000\000\000\000\000\000\000\000\000\000\000\000\000\000\000\000\000\000\000""; }; requestCookie: 1; ","ledgerHash: ""b\001;\355\\351h\305\360*\252j\2470\334[#|\313\3606\207\210\245\372\217RX\333g`K""; ledgerSeq: 0; type: liTS_CANDIDATE; nodes {;   nodedata: "" \245\366\271\024\035\303\242}O\341[\232\374\0350\307\253\205\001\301\216B\031pk\231\004\271\276\265\240\002\003"";   nodeid: ""\000\000\000\000\000\000\000\000\000\000\000\000\000\000\000\000\000\000\000\000\000\000\000\000\000\000\000\000\000\000\000\000\000""; }; requestCookie: 1; "
1750587284014,1750587284014,2792,1,4,2,TMLedgerData,"ledgerHash: ""\007\347lg\346B\270\350\352\375\266\371?(\361\364\365I|\375\262>\230(\333\250\331\007\360U\024\027""; ledgerSeq: 0; type: liTS_CANDIDATE; nodes {;   nodedata: ""\003S\n\235\2624\346\340\377asq\337\223T\316nL\232)C!\360\245\205[L\224\\351\351\000\003"";   nodeid: ""\000\000\000\000\000\000\000\000\000\000\000\000\000\000\000\000\000\000\000\000\000\000\000\000\000\000\000\000\000\000\000\000\000""; }; ","ledgerHash: ""\007\347lg\346B\270\350\352\375\266\371?(\361\364\365I|\375\262>\230(\333\250\331\007\360U\024\027""; ledgerSeq: 0; type: liTS_CANDIDATE; nodes {;   nodedata: ""\003S\n\235\2624\346\340\377asq\337\223T\316nL\232)C!\360\245\205[L\224\\351\351\000\003"";   nodeid: ""\000\000\000\000\000\000\000\000\000\000\000\000\000\000\000\000\000\000\000\000\000\000\000\000\000\000\000\000\000\000\000\000\000""; }; "
1750587284019,1750587284019,1467,1,4,2,TMGetLedger,"itype: liTS_CANDIDATE; ledgerHash: ""b\001;\355\\351h\305\360*\252j\2470\334[#|\313\3606\207\210\245\372\217RX\333g`K""; nodeIDs: ""\000\000\000\000\000\000\000\000\000\000\000\000\000\000\000\000\000\000\000\000\000\000\000\000\000\000\000\000\000\000\000\000\000""; requestCookie: 1; queryType: qtINDIRECT; queryDepth: 3; ","itype: liTS_CANDIDATE; ledgerHash: ""b\001;\355\\351h\305\360*\252j\2470\334[#|\313\3606\207\210\245\372\217RX\333g`K""; nodeIDs: ""\000\000\000\000\000\000\000\000\000\000\000\000\000\000\000\000\000\000\000\000\000\000\000\000\000\000\000\000\000\000\000\000\000""; requestCookie: 1; queryType: qtINDIRECT; queryDepth: 3; "
1750587284026,1750587284026,1650,1,3,4,TMLedgerData,"ledgerHash: ""\237\231\311\371Y@""\177>\241""\310\233r\315\210Z\003g\334\034\021\305\3353Q\035\224\200\224\347\257""; ledgerSeq: 8; type: liBASE; nodes {;   nodedata: ""\000\000\000\010\001cEx]\211\377\330\311\347s\234ae\204\263\365U\334\372D\354\345\276\201f\035\271%#\375\245\314.""\373\330&\3746\177P.\377\255K\330\362G{!s_\276B\273\031\331\234\023vy$7i\342\243\243\220\021_\222w1E\236\020?0\232H\266\366\033p\353\250\025\255\235\310\215\275\032\005\371R<p\240.\2618\277/\352\224\010/\352\224\020\n\000""; }; nodes {;   nodedata: ""h\315\350\215y\203\242]\371\235\232Pt&\325\210eZ\346\237XZ \277\2457n\221\336\253\245\317\002G)\346n?\227\005Y\336\276m\244>\014/\353)\343S\223\201\230\250\301d\027c\001\302\ris\006E\344\037@\210\363\010\336T\226\247'\204_{\261\370""1\235\2445\343\033Y!\212\201\341\272\225'\007\f\n0\233\306>\377~V|O\232@\324_\273\232o\\235\370\234IE\333\255j\001\361\204%\n\265\022\035W\277\033\265pM\027\313x\327iNP(O\216Pk&\235\336\223\217\374\212\253\322w\362\013\210`4\253""\302f\230\374\037bx\0145C\307\337\316[\244d\302\3031\347\300\025aX\357\226\221\016\003""; }; nodes {;   nodedata: ""f\225yM\014\263\225\204\377[\235\030P4BO\343Z\264\3646\307\304\177\327\n\261+$r\257\263\n\003""; }; requestCookie: 3; ","ledgerHash: ""\237\231\311\371Y@""\177>\241""\310\233r\315\210Z\003g\334\034\021\305\3353Q\035\224\200\224\347\257""; ledgerSeq: 8; type: liBASE; nodes {;   nodedata: ""\000\000\000\010\001cEx]\211\377\330\311\347s\234ae\204\263\365U\334\372D\354\345\276\201f\035\271%#\375\245\314.""\373\330&\3746\177P.\377\255K\330\362G{!s_\276B\273\031\331\234\023vy$7i\342\243\243\220\021_\222w1E\236\020?0\232H\266\366\033p\353\250\025\255\235\310\215\275\032\005\371R<p\240.\2618\277/\352\224\010/\352\224\020\n\000""; }; nodes {;   nodedata: ""h\315\350\215y\203\242]\371\235\232Pt&\325\210eZ\346\237XZ \277\2457n\221\336\253\245\317\002G)\346n?\227\005Y\336\276m\244>\014/\353)\343S\223\201\230\250\301d\027c\001\302\ris\006E\344\037@\210\363\010\336T\226\247'\204_{\261\370""1\235\2445\343\033Y!\212\201\341\272\225'\007\f\n0\233\306>\377~V|O\232@\324_\273\232o\\235\370\234IE\333\255j\001\361\204%\n\265\022\035W\277\033\265pM\027\313x\327iNP(O\216Pk&\235\336\223\217\374\212\253\322w\362\013\210`4\253""\302f\230\374\037bx\0145C\307\337\316[\244d\302\3031\347\300\025aX\357\226\221\016\003""; }; nodes {;   nodedata: ""f\225yM\014\263\225\204\377[\235\030P4BO\343Z\264\3646\307\304\177\327\n\261+$r\257\263\n\003""; }; requestCookie: 3; "
1750587284054,1750587284054,628,1,3,2,TMLedgerData,"ledgerHash: ""\r!N\267\203~\313a\272~\344A\332\034\332r\\301\240a\307\341\261(c(\021\265B\030@(""; ledgerSeq: 0; type: liTS_CANDIDATE; nodes {;   nodedata: ""\247\272\246\2214\014W1\360z\262\252=\343\207'\275\266;\016\021\306\330\030\225\023\357\272\353\200x\221\n\003"";   nodeid: ""\000\000\000\000\000\000\000\000\000\000\000\000\000\000\000\000\000\000\000\000\000\000\000\000\000\000\000\000\000\000\000\000\000""; }; requestCookie: 3; ","ledgerHash: ""\r!N\267\203~\313a\272~\344A\332\034\332r\\301\240a\307\341\261(c(\021\265B\030@(""; ledgerSeq: 0; type: liTS_CANDIDATE; nodes {;   nodedata: ""\247\272\246\2214\014W1\360z\262\252=\343\207'\275\266;\016\021\306\330\030\225\023\357\272\353\200x\221\n\003"";   nodeid: ""\000\000\000\000\000\000\000\000\000\000\000\000\000\000\000\000\000\000\000\000\000\000\000\000\000\000\000\000\000\000\000\000\000""; }; requestCookie: 3; "
1750587284055,1750587284055,1102,1,2,3,TMLedgerData,"ledgerHash: ""\354@[\274\202\021\202\373Vi\243\n\325\250\005e\360""m\346'\311@\343\016$L\346\334\360<w""; ledgerSeq: 8; type: liBASE; nodes {;   nodedata: ""\000\000\000\010\001cEx]\211\377\342\311\347s\234ae\204\263\365U\334\372D\354\345\276\201f\035\271%#\375\245\314.""\373\330&\3746\000\000\000\000\000\000\000\000\000\000\000\000\000\000\000\000\000\000\000\000\000\000\000\000\000\000\000\000\000\000\000\000\245lQI\023\t3o\213\325\024\3601\255\010\244\306\3215\261\204Q\r\327\317\312f\322eb\215C/\352\224\010/\352\224\020\n\000""; }; nodes {;   nodedata: ""h\315\350\215y\203\242]\371\235\232Pt&\325\210eZ\346\237XZ \277\2457n\221\336\253\245\317\002w\n\356\350\316{k\272E0\225\362\025\010\366\367\372\263\355xq\360\261\376M<\356\347\007zf\307\006E\344\037@\210\363\010\336T\226\247'\204_{\261\370""1\235\2445\343\033Y!\212\201\341\272\225'\007*$\244&\336\343'\233i\332\374\245 {^\306-N\333\gE\006\347\212\331C\211Z\177\247\031\n\265\022\035W\277\033\265pM\027\313x\327iNP(O\216Pk&\235\336\223\217\374\212\253\322w\362\013\210`4\253""\302f\230\374\037bx\0145C\307\337\316[\244d\302\3031\347\300\025aX\357\226\221\016\003""; }; ","ledgerHash: ""\354@[\274\202\021\202\373Vi\243\n\325\250\005e\360""m\346'\311@\343\016$L\346\334\360<w""; ledgerSeq: 8; type: liBASE; nodes {;   nodedata: ""\000\000\000\010\001cEx]\211\377\342\311\347s\234ae\204\263\365U\334\372D\354\345\276\201f\035\271%#\375\245\314.""\373\330&\3746\000\000\000\000\000\000\000\000\000\000\000\000\000\000\000\000\000\000\000\000\000\000\000\000\000\000\000\000\000\000\000\000\245lQI\023\t3o\213\325\024\3601\255\010\244\306\3215\261\204Q\r\327\317\312f\322eb\215C/\352\224\010/\352\224\020\n\000""; }; nodes {;   nodedata: ""h\315\350\215y\203\242]\371\235\232Pt&\325\210eZ\346\237XZ \277\2457n\221\336\253\245\317\002w\n\356\350\316{k\272E0\225\362\025\010\366\367\372\263\355xq\360\261\376M<\356\347\007zf\307\006E\344\037@\210\363\010\336T\226\247'\204_{\261\370""1\235\2445\343\033Y!\212\201\341\272\225'\007*$\244&\336\343'\233i\332\374\245 {^\306-N\333\gE\006\347\212\331C\211Z\177\247\031\n\265\022\035W\277\033\265pM\027\313x\327iNP(O\216Pk&\235\336\223\217\374\212\253\322w\362\013\210`4\253""\302f\230\374\037bx\0145C\307\337\316[\244d\302\3031\347\300\025aX\357\226\221\016\003""; }; "
1750587284064,1750587284064,3914,1,4,3,TMGetLedger,"itype: liTS_CANDIDATE; ledgerHash: ""\007\347lg\346B\270\350\352\375\266\371?(\361\364\365I|\375\262>\230(\333\250\331\007\360U\024\027""; nodeIDs: ""\000\000\000\000\000\000\000\000\000\000\000\000\000\000\000\000\000\000\000\000\000\000\000\000\000\000\000\000\000\000\000\000\000""; queryType: qtINDIRECT; queryDepth: 3; ","itype: liTS_CANDIDATE; ledgerHash: ""\007\347lg\346B\270\350\352\375\266\371?(\361\364\365I|\375\262>\230(\333\250\331\007\360U\024\027""; nodeIDs: ""\000\000\000\000\000\000\000\000\000\000\000\000\000\000\000\000\000\000\000\000\000\000\000\000\000\000\000\000\000\000\000\000\000""; queryType: qtINDIRECT; queryDepth: 3; "
1750587284067,1750587284067,2142,1,3,1,TMGetLedger,"itype: liTS_CANDIDATE; ledgerHash: ""b\001;\355\\351h\305\360*\252j\2470\334[#|\313\3606\207\210\245\372\217RX\333g`K""; nodeIDs: ""\000\000\000\000\000\000\000\000\000\000\000\000\000\000\000\000\000\000\000\000\000\000\000\000\000\000\000\000\000\000\000\000\000""; requestCookie: 2; queryType: qtINDIRECT; queryDepth: 3; ","itype: liTS_CANDIDATE; ledgerHash: ""b\001;\355\\351h\305\360*\252j\2470\334[#|\313\3606\207\210\245\372\217RX\333g`K""; nodeIDs: ""\000\000\000\000\000\000\000\000\000\000\000\000\000\000\000\000\000\000\000\000\000\000\000\000\000\000\000\000\000\000\000\000\000""; requestCookie: 2; queryType: qtINDIRECT; queryDepth: 3; "
1750587284077,1750587284077,2715,1,1,4,TMLedgerData,"ledgerHash: ""b\001;\355\\351h\305\360*\252j\2470\334[#|\313\3606\207\210\245\372\217RX\333g`K""; ledgerSeq: 0; type: liTS_CANDIDATE; nodes {;   nodedata: "" \245\366\271\024\035\303\242}O\341[\232\374\0350\307\253\205\001\301\216B\031pk\231\004\271\276\265\240\002\003"";   nodeid: ""\000\000\000\000\000\000\000\000\000\000\000\000\000\000\000\000\000\000\000\000\000\000\000\000\000\000\000\000\000\000\000\000\000""; }; requestCookie: 1; ","ledgerHash: ""b\001;\355\\351h\305\360*\252j\2470\334[#|\313\3606\207\210\245\372\217RX\333g`K""; ledgerSeq: 0; type: liTS_CANDIDATE; nodes {;   nodedata: "" \245\366\271\024\035\303\242}O\341[\232\374\0350\307\253\205\001\301\216B\031pk\231\004\271\276\265\240\002\003"";   nodeid: ""\000\000\000\000\000\000\000\000\000\000\000\000\000\000\000\000\000\000\000\000\000\000\000\000\000\000\000\000\000\000\000\000\000""; }; requestCookie: 1; "
1750587284090,1750587284090,628,1,3,2,TMLedgerData,"ledgerHash: ""\r!N\267\203~\313a\272~\344A\332\034\332r\\301\240a\307\341\261(c(\021\265B\030@(""; ledgerSeq: 0; type: liTS_CANDIDATE; nodes {;   nodedata: ""\247\272\246\2214\014W1\360z\262\252=\343\207'\275\266;\016\021\306\330\030\225\023\357\272\353\200x\221\n\003"";   nodeid: ""\000\000\000\000\000\000\000\000\000\000\000\000\000\000\000\000\000\000\000\000\000\000\000\000\000\000\000\000\000\000\000\000\000""; }; ","ledgerHash: ""\r!N\267\203~\313a\272~\344A\332\034\332r\\301\240a\307\341\261(c(\021\265B\030@(""; ledgerSeq: 0; type: liTS_CANDIDATE; nodes {;   nodedata: ""\247\272\246\2214\014W1\360z\262\252=\343\207'\275\266;\016\021\306\330\030\225\023\357\272\353\200x\221\n\003"";   nodeid: ""\000\000\000\000\000\000\000\000\000\000\000\000\000\000\000\000\000\000\000\000\000\000\000\000\000\000\000\000\000\000\000\000\000""; }; "
1750587284108,1750587284108,486,1,4,0,TMLedgerData,"ledgerHash: ""\007\347lg\346B\270\350\352\375\266\371?(\361\364\365I|\375\262>\230(\333\250\331\007\360U\024\027""; ledgerSeq: 0; type: liTS_CANDIDATE; nodes {;   nodedata: ""\003S\n\235\2624\346\340\377asq\337\223T\316nL\232)C!\360\245\205[L\224\\351\351\000\003"";   nodeid: ""\000\000\000\000\000\000\000\000\000\000\000\000\000\000\000\000\000\000\000\000\000\000\000\000\000\000\000\000\000\000\000\000\000""; }; ","ledgerHash: ""\007\347lg\346B\270\350\352\375\266\371?(\361\364\365I|\375\262>\230(\333\250\331\007\360U\024\027""; ledgerSeq: 0; type: liTS_CANDIDATE; nodes {;   nodedata: ""\003S\n\235\2624\346\340\377asq\337\223T\316nL\232)C!\360\245\205[L\224\\351\351\000\003"";   nodeid: ""\000\000\000\000\000\000\000\000\000\000\000\000\000\000\000\000\000\000\000\000\000\000\000\000\000\000\000\000\000\000\000\000\000""; }; "
1750587284138,1750587284138,628,1,3,2,TMLedgerData,"ledgerHash: ""\007\347lg\346B\270\350\352\375\266\371?(\361\364\365I|\375\262>\230(\333\250\331\007\360U\024\027""; ledgerSeq: 0; type: liTS_CANDIDATE; nodes {;   nodedata: ""\003S\n\235\2624\346\340\377asq\337\223T\316nL\232)C!\360\245\205[L\224\\351\351\000\003"";   nodeid: ""\000\000\000\000\000\000\000\000\000\000\000\000\000\000\000\000\000\000\000\000\000\000\000\000\000\000\000\000\000\000\000\000\000""; }; ","ledgerHash: ""\007\347lg\346B\270\350\352\375\266\371?(\361\364\365I|\375\262>\230(\333\250\331\007\360U\024\027""; ledgerSeq: 0; type: liTS_CANDIDATE; nodes {;   nodedata: ""\003S\n\235\2624\346\340\377asq\337\223T\316nL\232)C!\360\245\205[L\224\\351\351\000\003"";   nodeid: ""\000\000\000\000\000\000\000\000\000\000\000\000\000\000\000\000\000\000\000\000\000\000\000\000\000\000\000\000\000\000\000\000\000""; }; "
1750587284145,1750587284145,557,1,4,1,TMGetLedger,"itype: liTS_CANDIDATE; ledgerHash: ""\007\347lg\346B\270\350\352\375\266\371?(\361\364\365I|\375\262>\230(\333\250\331\007\360U\024\027""; nodeIDs: ""\000\000\000\000\000\000\000\000\000\000\000\000\000\000\000\000\000\000\000\000\000\000\000\000\000\000\000\000\000\000\000\000\000""; requestCookie: 4; queryType: qtINDIRECT; queryDepth: 3; ","itype: liTS_CANDIDATE; ledgerHash: ""\007\347lg\346B\270\350\352\375\266\371?(\361\364\365I|\375\262>\230(\333\250\331\007\360U\024\027""; nodeIDs: ""\000\000\000\000\000\000\000\000\000\000\000\000\000\000\000\000\000\000\000\000\000\000\000\000\000\000\000\000\000\000\000\000\000""; requestCookie: 4; queryType: qtINDIRECT; queryDepth: 3; "
1750587284146,1750587284146,926,1,1,0,TMProposeSet,"proposeSeq: 0; currentTxHash: ""\007\347lg\346B\270\350\352\375\266\371?(\361\364\365I|\375\262>\230(\333\250\331\007\360U\024\027""; nodePubKey: ""\003ql\302)\235\321\t\213\224\356\374%%\311\327\037\374\304\t\335\2359\344\233\035]\347<u\236\364\222""; closeTime: 803902482; signature: ""0E\002!\000\225\204A\261?\224G\341C\256\266k\305lI}\255\314\r\004\371\277\276\305M\326:x*\214\301\254\002 @\277X\250\246S_?\232\337\263\225]\207\200G\212\273\002\371\312\316[\275P\317\325l\217\364\374r""; previousledger: ""\354@[\274\202\021\202\373Vi\243\n\325\250\005e\360""m\346'\311@\343\016$L\346\334\360<w""; ","proposeSeq: 0; currentTxHash: ""\007\347lg\346B\270\350\352\375\266\371?(\361\364\365I|\375\262>\230(\333\250\331\007\360U\024\027""; nodePubKey: ""\003ql\302)\235\321\t\213\224\356\374%%\311\327\037\374\304\t\335\2359\344\233\035]\347<u\236\364\222""; closeTime: 803902482; signature: ""0E\002!\000\225\204A\261?\224G\341C\256\266k\305lI}\255\314\r\004\371\277\276\305M\326:x*\214\301\254\002 @\277X\250\246S_?\232\337\263\225]\207\200G\212\273\002\371\312\316[\275P\317\325l\217\364\374r""; previousledger: ""\354@[\274\202\021\202\373Vi\243\n\325\250\005e\360""m\346'\311@\343\016$L\346\334\360<w""; "
1750587284147,1750587284147,3538,1,1,3,TMProposeSet,"proposeSeq: 0; currentTxHash: ""\007\347lg\346B\270\350\352\375\266\371?(\361\364\365I|\375\262>\230(\333\250\331\007\360U\024\027""; nodePubKey: ""\003ql\302)\235\321\t\213\224\356\374%%\311\327\037\374\304\t\335\2359\344\233\035]\347<u\236\364\222""; closeTime: 803902482; signature: ""0E\002!\000\225\204A\261?\224G\341C\256\266k\305lI}\255\314\r\004\371\277\276\305M\326:x*\214\301\254\002 @\277X\250\246S_?\232\337\263\225]\207\200G\212\273\002\371\312\316[\275P\317\325l\217\364\374r""; previousledger: ""\354@[\274\202\021\202\373Vi\243\n\325\250\005e\360""m\346'\311@\343\016$L\346\334\360<w""; ","proposeSeq: 0; currentTxHash: ""\007\347lg\346B\270\350\352\375\266\371?(\361\364\365I|\375\262>\230(\333\250\331\007\360U\024\027""; nodePubKey: ""\003ql\302)\235\321\t\213\224\356\374%%\311\327\037\374\304\t\335\2359\344\233\035]\347<u\236\364\222""; closeTime: 803902482; signature: ""0E\002!\000\225\204A\261?\224G\341C\256\266k\305lI}\255\314\r\004\371\277\276\305M\326:x*\214\301\254\002 @\277X\250\246S_?\232\337\263\225]\207\200G\212\273\002\371\312\316[\275P\317\325l\217\364\374r""; previousledger: ""\354@[\274\202\021\202\373Vi\243\n\325\250\005e\360""m\346'\311@\343\016$L\346\334\360<w""; "
1750587284146,1750587284147,3375,1,1,4,TMProposeSet,"proposeSeq: 0; currentTxHash: ""\007\347lg\346B\270\350\352\375\266\371?(\361\364\365I|\375\262>\230(\333\250\331\007\360U\024\027""; nodePubKey: ""\003ql\302)\235\321\t\213\224\356\374%%\311\327\037\374\304\t\335\2359\344\233\035]\347<u\236\364\222""; closeTime: 803902482; signature: ""0E\002!\000\225\204A\261?\224G\341C\256\266k\305lI}\255\314\r\004\371\277\276\305M\326:x*\214\301\254\002 @\277X\250\246S_?\232\337\263\225]\207\200G\212\273\002\371\312\316[\275P\317\325l\217\364\374r""; previousledger: ""\354@[\274\202\021\202\373Vi\243\n\325\250\005e\360""m\346'\311@\343\016$L\346\334\360<w""; ","proposeSeq: 0; currentTxHash: ""\007\347lg\346B\270\350\352\375\266\371?(\361\364\365I|\375\262>\230(\333\250\331\007\360U\024\027""; nodePubKey: ""\003ql\302)\235\321\t\213\224\356\374%%\311\327\037\374\304\t\335\2359\344\233\035]\347<u\236\364\222""; closeTime: 803902482; signature: ""0E\002!\000\225\204A\261?\224G\341C\256\266k\305lI}\255\314\r\004\371\277\276\305M\326:x*\214\301\254\002 @\277X\250\246S_?\232\337\263\225]\207\200G\212\273\002\371\312\316[\275P\317\325l\217\364\374r""; previousledger: ""\354@[\274\202\021\202\373Vi\243\n\325\250\005e\360""m\346'\311@\343\016$L\346\334\360<w""; "
1750587284153,1750587284154,520,1,2,1,TMLedgerData,"ledgerHash: ""\r!N\267\203~\313a\272~\344A\332\034\332r\\301\240a\307\341\261(c(\021\265B\030@(""; ledgerSeq: 0; type: liTS_CANDIDATE; nodes {;   nodedata: ""\247\272\246\2214\014W1\360z\262\252=\343\207'\275\266;\016\021\306\330\030\225\023\357\272\353\200x\221\n\003"";   nodeid: ""\000\000\000\000\000\000\000\000\000\000\000\000\000\000\000\000\000\000\000\000\000\000\000\000\000\000\000\000\000\000\000\000\000""; }; ","ledgerHash: ""\r!N\267\203~\313a\272~\344A\332\034\332r\\301\240a\307\341\261(c(\021\265B\030@(""; ledgerSeq: 0; type: liTS_CANDIDATE; nodes {;   nodedata: ""\247\272\246\2214\014W1\360z\262\252=\343\207'\275\266;\016\021\306\330\030\225\023\357\272\353\200x\221\n\003"";   nodeid: ""\000\000\000\000\000\000\000\000\000\000\000\000\000\000\000\000\000\000\000\000\000\000\000\000\000\000\000\000\000\000\000\000\000""; }; "
1750587284163,1750587284163,1103,1,0,4,TMLedgerData,"ledgerHash: ""\007\347lg\346B\270\350\352\375\266\371?(\361\364\365I|\375\262>\230(\333\250\331\007\360U\024\027""; ledgerSeq: 0; type: liTS_CANDIDATE; nodes {;   nodedata: ""\003S\n\235\2624\346\340\377asq\337\223T\316nL\232)C!\360\245\205[L\224\\351\351\000\003"";   nodeid: ""\000\000\000\000\000\000\000\000\000\000\000\000\000\000\000\000\000\000\000\000\000\000\000\000\000\000\000\000\000\000\000\000\000""; }; requestCookie: 4; ","ledgerHash: ""\007\347lg\346B\270\350\352\375\266\371?(\361\364\365I|\375\262>\230(\333\250\331\007\360U\024\027""; ledgerSeq: 0; type: liTS_CANDIDATE; nodes {;   nodedata: ""\003S\n\235\2624\346\340\377asq\337\223T\316nL\232)C!\360\245\205[L\224\\351\351\000\003"";   nodeid: ""\000\000\000\000\000\000\000\000\000\000\000\000\000\000\000\000\000\000\000\000\000\000\000\000\000\000\000\000\000\000\000\000\000""; }; requestCookie: 4; "
1750587284166,1750587284166,1772,1,4,3,TMLedgerData,"ledgerHash: ""\007\347lg\346B\270\350\352\375\266\371?(\361\364\365I|\375\262>\230(\333\250\331\007\360U\024\027""; ledgerSeq: 0; type: liTS_CANDIDATE; nodes {;   nodedata: ""\003S\n\235\2624\346\340\377asq\337\223T\316nL\232)C!\360\245\205[L\224\\351\351\000\003"";   nodeid: ""\000\000\000\000\000\000\000\000\000\000\000\000\000\000\000\000\000\000\000\000\000\000\000\000\000\000\000\000\000\000\000\000\000""; }; ","ledgerHash: ""\007\347lg\346B\270\350\352\375\266\371?(\361\364\365I|\375\262>\230(\333\250\331\007\360U\024\027""; ledgerSeq: 0; type: liTS_CANDIDATE; nodes {;   nodedata: ""\003S\n\235\2624\346\340\377asq\337\223T\316nL\232)C!\360\245\205[L\224\\351\351\000\003"";   nodeid: ""\000\000\000\000\000\000\000\000\000\000\000\000\000\000\000\000\000\000\000\000\000\000\000\000\000\000\000\000\000\000\000\000\000""; }; "
1750587284176,1750587284176,2565,1,3,0,TMLedgerData,"ledgerHash: ""\007\347lg\346B\270\350\352\375\266\371?(\361\364\365I|\375\262>\230(\333\250\331\007\360U\024\027""; ledgerSeq: 0; type: liTS_CANDIDATE; nodes {;   nodedata: ""\003S\n\235\2624\346\340\377asq\337\223T\316nL\232)C!\360\245\205[L\224\\351\351\000\003"";   nodeid: ""\000\000\000\000\000\000\000\000\000\000\000\000\000\000\000\000\000\000\000\000\000\000\000\000\000\000\000\000\000\000\000\000\000""; }; ","ledgerHash: ""\007\347lg\346B\270\350\352\375\266\371?(\361\364\365I|\375\262>\230(\333\250\331\007\360U\024\027""; ledgerSeq: 0; type: liTS_CANDIDATE; nodes {;   nodedata: ""\003S\n\235\2624\346\340\377asq\337\223T\316nL\232)C!\360\245\205[L\224\\351\351\000\003"";   nodeid: ""\000\000\000\000\000\000\000\000\000\000\000\000\000\000\000\000\000\000\000\000\000\000\000\000\000\000\000\000\000\000\000\000\000""; }; "
1750587284193,1750587284193,1753,1,0,2,TMLedgerData,"ledgerHash: ""\237\231\311\371Y@""\177>\241""\310\233r\315\210Z\003g\334\034\021\305\3353Q\035\224\200\224\347\257""; ledgerSeq: 8; type: liBASE; nodes {;   nodedata: ""\000\000\000\010\001cEx]\211\377\330\311\347s\234ae\204\263\365U\334\372D\354\345\276\201f\035\271%#\375\245\314.""\373\330&\3746\177P.\377\255K\330\362G{!s_\276B\273\031\331\234\023vy$7i\342\243\243\220\021_\222w1E\236\020?0\232H\266\366\033p\353\250\025\255\235\310\215\275\032\005\371R<p\240.\2618\277/\352\224\010/\352\224\020\n\000""; }; nodes {;   nodedata: ""h\315\350\215y\203\242]\371\235\232Pt&\325\210eZ\346\237XZ \277\2457n\221\336\253\245\317\002G)\346n?\227\005Y\336\276m\244>\014/\353)\343S\223\201\230\250\301d\027c\001\302\ris\006E\344\037@\210\363\010\336T\226\247'\204_{\261\370""1\235\2445\343\033Y!\212\201\341\272\225'\007\f\n0\233\306>\377~V|O\232@\324_\273\232o\\235\370\234IE\333\255j\001\361\204%\n\265\022\035W\277\033\265pM\027\313x\327iNP(O\216Pk&\235\336\223\217\374\212\253\322w\362\013\210`4\253""\302f\230\374\037bx\0145C\307\337\316[\244d\302\3031\347\300\025aX\357\226\221\016\003""; }; nodes {;   nodedata: ""f\225yM\014\263\225\204\377[\235\030P4BO\343Z\264\3646\307\304\177\327\n\261+$r\257\263\n\003""; }; ","ledgerHash: ""\237\231\311\371Y@""\177>\241""\310\233r\315\210Z\003g\334\034\021\305\3353Q\035\224\200\224\347\257""; ledgerSeq: 8; type: liBASE; nodes {;   nodedata: ""\000\000\000\010\001cEx]\211\377\330\311\347s\234ae\204\263\365U\334\372D\354\345\276\201f\035\271%#\375\245\314.""\373\330&\3746\177P.\377\255K\330\362G{!s_\276B\273\031\331\234\023vy$7i\342\243\243\220\021_\222w1E\236\020?0\232H\266\366\033p\353\250\025\255\235\310\215\275\032\005\371R<p\240.\2618\277/\352\224\010/\352\224\020\n\000""; }; nodes {;   nodedata: ""h\315\350\215y\203\242]\371\235\232Pt&\325\210eZ\346\237XZ \277\2457n\221\336\253\245\317\002G)\346n?\227\005Y\336\276m\244>\014/\353)\343S\223\201\230\250\301d\027c\001\302\ris\006E\344\037@\210\363\010\336T\226\247'\204_{\261\370""1\235\2445\343\033Y!\212\201\341\272\225'\007\f\n0\233\306>\377~V|O\232@\324_\273\232o\\235\370\234IE\333\255j\001\361\204%\n\265\022\035W\277\033\265pM\027\313x\327iNP(O\216Pk&\235\336\223\217\374\212\253\322w\362\013\210`4\253""\302f\230\374\037bx\0145C\307\337\316[\244d\302\3031\347\300\025aX\357\226\221\016\003""; }; nodes {;   nodedata: ""f\225yM\014\263\225\204\377[\235\030P4BO\343Z\264\3646\307\304\177\327\n\261+$r\257\263\n\003""; }; "
1750587284202,1750587284202,2715,1,1,4,TMLedgerData,"ledgerHash: ""\007\347lg\346B\270\350\352\375\266\371?(\361\364\365I|\375\262>\230(\333\250\331\007\360U\024\027""; ledgerSeq: 0; type: liTS_CANDIDATE; nodes {;   nodedata: ""\003S\n\235\2624\346\340\377asq\337\223T\316nL\232)C!\360\245\205[L\224\\351\351\000\003"";   nodeid: ""\000\000\000\000\000\000\000\000\000\000\000\000\000\000\000\000\000\000\000\000\000\000\000\000\000\000\000\000\000\000\000\000\000""; }; requestCookie: 4; ","ledgerHash: ""\007\347lg\346B\270\350\352\375\266\371?(\361\364\365I|\375\262>\230(\333\250\331\007\360U\024\027""; ledgerSeq: 0; type: liTS_CANDIDATE; nodes {;   nodedata: ""\003S\n\235\2624\346\340\377asq\337\223T\316nL\232)C!\360\245\205[L\224\\351\351\000\003"";   nodeid: ""\000\000\000\000\000\000\000\000\000\000\000\000\000\000\000\000\000\000\000\000\000\000\000\000\000\000\000\000\000\000\000\000\000""; }; requestCookie: 4; "
1750587284211,1750587284211,1399,1,1,3,TMLedgerData,"ledgerHash: ""b\001;\355\\351h\305\360*\252j\2470\334[#|\313\3606\207\210\245\372\217RX\333g`K""; ledgerSeq: 0; type: liTS_CANDIDATE; nodes {;   nodedata: "" \245\366\271\024\035\303\242}O\341[\232\374\0350\307\253\205\001\301\216B\031pk\231\004\271\276\265\240\002\003"";   nodeid: ""\000\000\000\000\000\000\000\000\000\000\000\000\000\000\000\000\000\000\000\000\000\000\000\000\000\000\000\000\000\000\000\000\000""; }; requestCookie: 2; ","ledgerHash: ""b\001;\355\\351h\305\360*\252j\2470\334[#|\313\3606\207\210\245\372\217RX\333g`K""; ledgerSeq: 0; type: liTS_CANDIDATE; nodes {;   nodedata: "" \245\366\271\024\035\303\242}O\341[\232\374\0350\307\253\205\001\301\216B\031pk\231\004\271\276\265\240\002\003"";   nodeid: ""\000\000\000\000\000\000\000\000\000\000\000\000\000\000\000\000\000\000\000\000\000\000\000\000\000\000\000\000\000\000\000\000\000""; }; requestCookie: 2; "
1750587284216,1750587284217,3097,1,2,0,TMLedgerData,"ledgerHash: ""b\001;\355\\351h\305\360*\252j\2470\334[#|\313\3606\207\210\245\372\217RX\333g`K""; ledgerSeq: 0; type: liTS_CANDIDATE; nodes {;   nodedata: "" \245\366\271\024\035\303\242}O\341[\232\374\0350\307\253\205\001\301\216B\031pk\231\004\271\276\265\240\002\003"";   nodeid: ""\000\000\000\000\000\000\000\000\000\000\000\000\000\000\000\000\000\000\000\000\000\000\000\000\000\000\000\000\000\000\000\000\000""; }; ","ledgerHash: ""b\001;\355\\351h\305\360*\252j\2470\334[#|\313\3606\207\210\245\372\217RX\333g`K""; ledgerSeq: 0; type: liTS_CANDIDATE; nodes {;   nodedata: "" \245\366\271\024\035\303\242}O\341[\232\374\0350\307\253\205\001\301\216B\031pk\231\004\271\276\265\240\002\003"";   nodeid: ""\000\000\000\000\000\000\000\000\000\000\000\000\000\000\000\000\000\000\000\000\000\000\000\000\000\000\000\000\000\000\000\000\000""; }; "
1750587284239,1750587284239,3546,1,2,0,TMProposeSet,"proposeSeq: 1; currentTxHash: ""q|\216``\027\240\206w\312\263+\241\310\271\371\2034\351_\3373\tL\007q_p\342\264_z""; nodePubKey: ""\003\343\005\311u\203\370\0338\3174\324\010\006\301\251\177\261\304eOX\262)FA-\022r\263wm\024""; closeTime: 803902480; signature: ""0D\002 \033n\326i^y/\366o\005#\333\252\032\224s\361\305\343\265\251)\223\347\017\004\350p\334\236\341\327\002 \022\335 M\204G\253\334\253p\252h5z\313w\247\210;\014B2!\033\004\022\217\377\225\322\246\370""; previousledger: ""\354@[\274\202\021\202\373Vi\243\n\325\250\005e\360""m\346'\311@\343\016$L\346\334\360<w""; ","proposeSeq: 1; currentTxHash: ""q|\216``\027\240\206w\312\263+\241\310\271\371\2034\351_\3373\tL\007q_p\342\264_z""; nodePubKey: ""\003\343\005\311u\203\370\0338\3174\324\010\006\301\251\177\261\304eOX\262)FA-\022r\263wm\024""; closeTime: 803902480; signature: ""0D\002 \033n\326i^y/\366o\005#\333\252\032\224s\361\305\343\265\251)\223\347\017\004\350p\334\236\341\327\002 \022\335 M\204G\253\334\253p\252h5z\313w\247\210;\014B2!\033\004\022\217\377\225\322\246\370""; previousledger: ""\354@[\274\202\021\202\373Vi\243\n\325\250\005e\360""m\346'\311@\343\016$L\346\334\360<w""; "
1750587284240,1750587284240,342,1,2,1,TMGetLedger,"itype: liTS_CANDIDATE; ledgerHash: ""q|\216``\027\240\206w\312\263+\241\310\271\371\2034\351_\3373\tL\007q_p\342\264_z""; nodeIDs: ""\000\000\000\000\000\000\000\000\000\000\000\000\000\000\000\000\000\000\000\000\000\000\000\000\000\000\000\000\000\000\000\000\000""; queryDepth: 3; ","itype: liTS_CANDIDATE; ledgerHash: ""q|\216``\027\240\206w\312\263+\241\310\271\371\2034\351_\3373\tL\007q_p\342\264_z""; nodeIDs: ""\000\000\000\000\000\000\000\000\000\000\000\000\000\000\000\000\000\000\000\000\000\000\000\000\000\000\000\000\000\000\000\000\000""; queryDepth: 3; "
1750587284240,1750587284240,3725,1,2,3,TMProposeSet,"proposeSeq: 1; currentTxHash: ""q|\216``\027\240\206w\312\263+\241\310\271\371\2034\351_\3373\tL\007q_p\342\264_z""; nodePubKey: ""\003\343\005\311u\203\370\0338\3174\324\010\006\301\251\177\261\304eOX\262)FA-\022r\263wm\024""; closeTime: 803902480; signature: ""0D\002 \033n\326i^y/\366o\005#\333\252\032\224s\361\305\343\265\251)\223\347\017\004\350p\334\236\341\327\002 \022\335 M\204G\253\334\253p\252h5z\313w\247\210;\014B2!\033\004\022\217\377\225\322\246\370""; previousledger: ""\354@[\274\202\021\202\373Vi\243\n\325\250\005e\360""m\346'\311@\343\016$L\346\334\360<w""; ","proposeSeq: 1; currentTxHash: ""q|\216``\027\240\206w\312\263+\241\310\271\371\2034\351_\3373\tL\007q_p\342\264_z""; nodePubKey: ""\003\343\005\311u\203\370\0338\3174\324\010\006\301\251\177\261\304eOX\262)FA-\022r\263wm\024""; closeTime: 803902480; signature: ""0D\002 \033n\326i^y/\366o\005#\333\252\032\224s\361\305\343\265\251)\223\347\017\004\350p\334\236\341\327\002 \022\335 M\204G\253\334\253p\252h5z\313w\247\210;\014B2!\033\004\022\217\377\225\322\246\370""; previousledger: ""\354@[\274\202\021\202\373Vi\243\n\325\250\005e\360""m\346'\311@\343\016$L\346\334\360<w""; "
1750587284240,1750587284240,3082,1,2,4,TMProposeSet,"proposeSeq: 1; currentTxHash: ""q|\216``\027\240\206w\312\263+\241\310\271\371\2034\351_\3373\tL\007q_p\342\264_z""; nodePubKey: ""\003\343\005\311u\203\370\0338\3174\324\010\006\301\251\177\261\304eOX\262)FA-\022r\263wm\024""; closeTime: 803902480; signature: ""0D\002 \033n\326i^y/\366o\005#\333\252\032\224s\361\305\343\265\251)\223\347\017\004\350p\334\236\341\327\002 \022\335 M\204G\253\334\253p\252h5z\313w\247\210;\014B2!\033\004\022\217\377\225\322\246\370""; previousledger: ""\354@[\274\202\021\202\373Vi\243\n\325\250\005e\360""m\346'\311@\343\016$L\346\334\360<w""; ","proposeSeq: 1; currentTxHash: ""q|\216``\027\240\206w\312\263+\241\310\271\371\2034\351_\3373\tL\007q_p\342\264_z""; nodePubKey: ""\003\343\005\311u\203\370\0338\3174\324\010\006\301\251\177\261\304eOX\262)FA-\022r\263wm\024""; closeTime: 803902480; signature: ""0D\002 \033n\326i^y/\366o\005#\333\252\032\224s\361\305\343\265\251)\223\347\017\004\350p\334\236\341\327\002 \022\335 M\204G\253\334\253p\252h5z\313w\247\210;\014B2!\033\004\022\217\377\225\322\246\370""; previousledger: ""\354@[\274\202\021\202\373Vi\243\n\325\250\005e\360""m\346'\311@\343\016$L\346\334\360<w""; "
1750587284240,1750587284240,1582,1,2,0,TMGetLedger,"itype: liTS_CANDIDATE; ledgerHash: ""q|\216``\027\240\206w\312\263+\241\310\271\371\2034\351_\3373\tL\007q_p\342\264_z""; nodeIDs: ""\000\000\000\000\000\000\000\000\000\000\000\000\000\000\000\000\000\000\000\000\000\000\000\000\000\000\000\000\000\000\000\000\000""; queryDepth: 3; ","itype: liTS_CANDIDATE; ledgerHash: ""q|\216``\027\240\206w\312\263+\241\310\271\371\2034\351_\3373\tL\007q_p\342\264_z""; nodeIDs: ""\000\000\000\000\000\000\000\000\000\000\000\000\000\000\000\000\000\000\000\000\000\000\000\000\000\000\000\000\000\000\000\000\000""; queryDepth: 3; "
1750587284261,1750587284261,3520,1,3,1,TMLedgerData,"ledgerHash: ""\237\231\311\371Y@""\177>\241""\310\233r\315\210Z\003g\334\034\021\305\3353Q\035\224\200\224\347\257""; ledgerSeq: 8; type: liBASE; nodes {;   nodedata: ""\000\000\000\010\001cEx]\211\377\330\311\347s\234ae\204\263\365U\334\372D\354\345\276\201f\035\271%#\375\245\314.""\373\330&\3746\177P.\377\255K\330\362G{!s_\276B\273\031\331\234\023vy$7i\342\243\243\220\021_\222w1E\236\020?0\232H\266\366\033p\353\250\025\255\235\310\215\275\032\005\371R<p\240.\2618\277/\352\224\010/\352\224\020\n\000""; }; nodes {;   nodedata: ""h\315\350\215y\203\242]\371\235\232Pt&\325\210eZ\346\237XZ \277\2457n\221\336\253\245\317\002G)\346n?\227\005Y\336\276m\244>\014/\353)\343S\223\201\230\250\301d\027c\001\302\ris\006E\344\037@\210\363\010\336T\226\247'\204_{\261\370""1\235\2445\343\033Y!\212\201\341\272\225'\007\f\n0\233\306>\377~V|O\232@\324_\273\232o\\235\370\234IE\333\255j\001\361\204%\n\265\022\035W\277\033\265pM\027\313x\327iNP(O\216Pk&\235\336\223\217\374\212\253\322w\362\013\210`4\253""\302f\230\374\037bx\0145C\307\337\316[\244d\302\3031\347\300\025aX\357\226\221\016\003""; }; nodes {;   nodedata: ""f\225yM\014\263\225\204\377[\235\030P4BO\343Z\264\3646\307\304\177\327\n\261+$r\257\263\n\003""; }; ","ledgerHash: ""\237\231\311\371Y@""\177>\241""\310\233r\315\210Z\003g\334\034\021\305\3353Q\035\224\200\224\347\257""; ledgerSeq: 8; type: liBASE; nodes {;   nodedata: ""\000\000\000\010\001cEx]\211\377\330\311\347s\234ae\204\263\365U\334\372D\354\345\276\201f\035\271%#\375\245\314.""\373\330&\3746\177P.\377\255K\330\362G{!s_\276B\273\031\331\234\023vy$7i\342\243\243\220\021_\222w1E\236\020?0\232H\266\366\033p\353\250\025\255\235\310\215\275\032\005\371R<p\240.\2618\277/\352\224\010/\352\224\020\n\000""; }; nodes {;   nodedata: ""h\315\350\215y\203\242]\371\235\232Pt&\325\210eZ\346\237XZ \277\2457n\221\336\253\245\317\002G)\346n?\227\005Y\336\276m\244>\014/\353)\343S\223\201\230\250\301d\027c\001\302\ris\006E\344\037@\210\363\010\336T\226\247'\204_{\261\370""1\235\2445\343\033Y!\212\201\341\272\225'\007\f\n0\233\306>\377~V|O\232@\324_\273\232o\\235\370\234IE\333\255j\001\361\204%\n\265\022\035W\277\033\265pM\027\313x\327iNP(O\216Pk&\235\336\223\217\374\212\253\322w\362\013\210`4\253""\302f\230\374\037bx\0145C\307\337\316[\244d\302\3031\347\300\025aX\357\226\221\016\003""; }; nodes {;   nodedata: ""f\225yM\014\263\225\204\377[\235\030P4BO\343Z\264\3646\307\304\177\327\n\261+$r\257\263\n\003""; }; "
1750587284261,1750587284261,3520,1,3,1,TMLedgerData,"ledgerHash: ""\237\231\311\371Y@""\177>\241""\310\233r\315\210Z\003g\334\034\021\305\3353Q\035\224\200\224\347\257""; ledgerSeq: 8; type: liBASE; nodes {;   nodedata: ""\000\000\000\010\001cEx]\211\377\330\311\347s\234ae\204\263\365U\334\372D\354\345\276\201f\035\271%#\375\245\314.""\373\330&\3746\177P.\377\255K\330\362G{!s_\276B\273\031\331\234\023vy$7i\342\243\243\220\021_\222w1E\236\020?0\232H\266\366\033p\353\250\025\255\235\310\215\275\032\005\371R<p\240.\2618\277/\352\224\010/\352\224\020\n\000""; }; nodes {;   nodedata: ""h\315\350\215y\203\242]\371\235\232Pt&\325\210eZ\346\237XZ \277\2457n\221\336\253\245\317\002G)\346n?\227\005Y\336\276m\244>\014/\353)\343S\223\201\230\250\301d\027c\001\302\ris\006E\344\037@\210\363\010\336T\226\247'\204_{\261\370""1\235\2445\343\033Y!\212\201\341\272\225'\007\f\n0\233\306>\377~V|O\232@\324_\273\232o\\235\370\234IE\333\255j\001\361\204%\n\265\022\035W\277\033\265pM\027\313x\327iNP(O\216Pk&\235\336\223\217\374\212\253\322w\362\013\210`4\253""\302f\230\374\037bx\0145C\307\337\316[\244d\302\3031\347\300\025aX\357\226\221\016\003""; }; nodes {;   nodedata: ""f\225yM\014\263\225\204\377[\235\030P4BO\343Z\264\3646\307\304\177\327\n\261+$r\257\263\n\003""; }; ","ledgerHash: ""\237\231\311\371Y@""\177>\241""\310\233r\315\210Z\003g\334\034\021\305\3353Q\035\224\200\224\347\257""; ledgerSeq: 8; type: liBASE; nodes {;   nodedata: ""\000\000\000\010\001cEx]\211\377\330\311\347s\234ae\204\263\365U\334\372D\354\345\276\201f\035\271%#\375\245\314.""\373\330&\3746\177P.\377\255K\330\362G{!s_\276B\273\031\331\234\023vy$7i\342\243\243\220\021_\222w1E\236\020?0\232H\266\366\033p\353\250\025\255\235\310\215\275\032\005\371R<p\240.\2618\277/\352\224\010/\352\224\020\n\000""; }; nodes {;   nodedata: ""h\315\350\215y\203\242]\371\235\232Pt&\325\210eZ\346\237XZ \277\2457n\221\336\253\245\317\002G)\346n?\227\005Y\336\276m\244>\014/\353)\343S\223\201\230\250\301d\027c\001\302\ris\006E\344\037@\210\363\010\336T\226\247'\204_{\261\370""1\235\2445\343\033Y!\212\201\341\272\225'\007\f\n0\233\306>\377~V|O\232@\324_\273\232o\\235\370\234IE\333\255j\001\361\204%\n\265\022\035W\277\033\265pM\027\313x\327iNP(O\216Pk&\235\336\223\217\374\212\253\322w\362\013\210`4\253""\302f\230\374\037bx\0145C\307\337\316[\244d\302\3031\347\300\025aX\357\226\221\016\003""; }; nodes {;   nodedata: ""f\225yM\014\263\225\204\377[\235\030P4BO\343Z\264\3646\307\304\177\327\n\261+$r\257\263\n\003""; }; "
1750587284264,1750587284264,2792,1,4,2,TMLedgerData,"ledgerHash: ""\007\347lg\346B\270\350\352\375\266\371?(\361\364\365I|\375\262>\230(\333\250\331\007\360U\024\027""; ledgerSeq: 0; type: liTS_CANDIDATE; nodes {;   nodedata: ""\003S\n\235\2624\346\340\377asq\337\223T\316nL\232)C!\360\245\205[L\224\\351\351\000\003"";   nodeid: ""\000\000\000\000\000\000\000\000\000\000\000\000\000\000\000\000\000\000\000\000\000\000\000\000\000\000\000\000\000\000\000\000\000""; }; ","ledgerHash: ""\007\347lg\346B\270\350\352\375\266\371?(\361\364\365I|\375\262>\230(\333\250\331\007\360U\024\027""; ledgerSeq: 0; type: liTS_CANDIDATE; nodes {;   nodedata: ""\003S\n\235\2624\346\340\377asq\337\223T\316nL\232)C!\360\245\205[L\224\\351\351\000\003"";   nodeid: ""\000\000\000\000\000\000\000\000\000\000\000\000\000\000\000\000\000\000\000\000\000\000\000\000\000\000\000\000\000\000\000\000\000""; }; "
1750587284266,1750587284266,1102,1,2,3,TMLedgerData,"ledgerHash: ""b\001;\355\\351h\305\360*\252j\2470\334[#|\313\3606\207\210\245\372\217RX\333g`K""; ledgerSeq: 0; type: liTS_CANDIDATE; nodes {;   nodedata: "" \245\366\271\024\035\303\242}O\341[\232\374\0350\307\253\205\001\301\216B\031pk\231\004\271\276\265\240\002\003"";   nodeid: ""\000\000\000\000\000\000\000\000\000\000\000\000\000\000\000\000\000\000\000\000\000\000\000\000\000\000\000\000\000\000\000\000\000""; }; requestCookie: 3; ","ledgerHash: ""b\001;\355\\351h\305\360*\252j\2470\334[#|\313\3606\207\210\245\372\217RX\333g`K""; ledgerSeq: 0; type: liTS_CANDIDATE; nodes {;   nodedata: "" \245\366\271\024\035\303\242}O\341[\232\374\0350\307\253\205\001\301\216B\031pk\231\004\271\276\265\240\002\003"";   nodeid: ""\000\000\000\000\000\000\000\000\000\000\000\000\000\000\000\000\000\000\000\000\000\000\000\000\000\000\000\000\000\000\000\000\000""; }; requestCookie: 3; "
1750587284278,1750587284278,3792,1,0,1,TMLedgerData,"ledgerHash: ""\237\231\311\371Y@""\177>\241""\310\233r\315\210Z\003g\334\034\021\305\3353Q\035\224\200\224\347\257""; ledgerSeq: 8; type: liBASE; nodes {;   nodedata: ""\000\000\000\010\001cEx]\211\377\330\311\347s\234ae\204\263\365U\334\372D\354\345\276\201f\035\271%#\375\245\314.""\373\330&\3746\177P.\377\255K\330\362G{!s_\276B\273\031\331\234\023vy$7i\342\243\243\220\021_\222w1E\236\020?0\232H\266\366\033p\353\250\025\255\235\310\215\275\032\005\371R<p\240.\2618\277/\352\224\010/\352\224\020\n\000""; }; nodes {;   nodedata: ""h\315\350\215y\203\242]\371\235\232Pt&\325\210eZ\346\237XZ \277\2457n\221\336\253\245\317\002G)\346n?\227\005Y\336\276m\244>\014/\353)\343S\223\201\230\250\301d\027c\001\302\ris\006E\344\037@\210\363\010\336T\226\247'\204_{\261\370""1\235\2445\343\033Y!\212\201\341\272\225'\007\f\n0\233\306>\377~V|O\232@\324_\273\232o\\235\370\234IE\333\255j\001\361\204%\n\265\022\035W\277\033\265pM\027\313x\327iNP(O\216Pk&\235\336\223\217\374\212\253\322w\362\013\210`4\253""\302f\230\374\037bx\0145C\307\337\316[\244d\302\3031\347\300\025aX\357\226\221\016\003""; }; nodes {;   nodedata: ""f\225yM\014\263\225\204\377[\235\030P4BO\343Z\264\3646\307\304\177\327\n\261+$r\257\263\n\003""; }; ","ledgerHash: ""\237\231\311\371Y@""\177>\241""\310\233r\315\210Z\003g\334\034\021\305\3353Q\035\224\200\224\347\257""; ledgerSeq: 8; type: liBASE; nodes {;   nodedata: ""\000\000\000\010\001cEx]\211\377\330\311\347s\234ae\204\263\365U\334\372D\354\345\276\201f\035\271%#\375\245\314.""\373\330&\3746\177P.\377\255K\330\362G{!s_\276B\273\031\331\234\023vy$7i\342\243\243\220\021_\222w1E\236\020?0\232H\266\366\033p\353\250\025\255\235\310\215\275\032\005\371R<p\240.\2618\277/\352\224\010/\352\224\020\n\000""; }; nodes {;   nodedata: ""h\315\350\215y\203\242]\371\235\232Pt&\325\210eZ\346\237XZ \277\2457n\221\336\253\245\317\002G)\346n?\227\005Y\336\276m\244>\014/\353)\343S\223\201\230\250\301d\027c\001\302\ris\006E\344\037@\210\363\010\336T\226\247'\204_{\261\370""1\235\2445\343\033Y!\212\201\341\272\225'\007\f\n0\233\306>\377~V|O\232@\324_\273\232o\\235\370\234IE\333\255j\001\361\204%\n\265\022\035W\277\033\265pM\027\313x\327iNP(O\216Pk&\235\336\223\217\374\212\253\322w\362\013\210`4\253""\302f\230\374\037bx\0145C\307\337\316[\244d\302\3031\347\300\025aX\357\226\221\016\003""; }; nodes {;   nodedata: ""f\225yM\014\263\225\204\377[\235\030P4BO\343Z\264\3646\307\304\177\327\n\261+$r\257\263\n\003""; }; "
1750587284312,1750587284312,1399,1,1,3,TMLedgerData,"ledgerHash: ""\354@[\274\202\021\202\373Vi\243\n\325\250\005e\360""m\346'\311@\343\016$L\346\334\360<w""; ledgerSeq: 8; type: liBASE; nodes {;   nodedata: ""\000\000\000\010\001cEx]\211\377\342\311\347s\234ae\204\263\365U\334\372D\354\345\276\201f\035\271%#\375\245\314.""\373\330&\3746\000\000\000\000\000\000\000\000\000\000\000\000\000\000\000\000\000\000\000\000\000\000\000\000\000\000\000\000\000\000\000\000\245lQI\023\t3o\213\325\024\3601\255\010\244\306\3215\261\204Q\r\327\317\312f\322eb\215C/\352\224\010/\352\224\020\n\000""; }; nodes {;   nodedata: ""h\315\350\215y\203\242]\371\235\232Pt&\325\210eZ\346\237XZ \277\2457n\221\336\253\245\317\002w\n\356\350\316{k\272E0\225\362\025\010\366\367\372\263\355xq\360\261\376M<\356\347\007zf\307\006E\344\037@\210\363\010\336T\226\247'\204_{\261\370""1\235\2445\343\033Y!\212\201\341\272\225'\007*$\244&\336\343'\233i\332\374\245 {^\306-N\333\gE\006\347\212\331C\211Z\177\247\031\n\265\022\035W\277\033\265pM\027\313x\327iNP(O\216Pk&\235\336\223\217\374\212\253\322w\362\013\210`4\253""\302f\230\374\037bx\0145C\307\337\316[\244d\302\3031\347\300\025aX\357\226\221\016\003""; }; ","ledgerHash: ""\354@[\274\202\021\202\373Vi\243\n\325\250\005e\360""m\346'\311@\343\016$L\346\334\360<w""; ledgerSeq: 8; type: liBASE; nodes {;   nodedata: ""\000\000\000\010\001cEx]\211\377\342\311\347s\234ae\204\263\365U\334\372D\354\345\276\201f\035\271%#\375\245\314.""\373\330&\3746\000\000\000\000\000\000\000\000\000\000\000\000\000\000\000\000\000\000\000\000\000\000\000\000\000\000\000\000\000\000\000\000\245lQI\023\t3o\213\325\024\3601\255\010\244\306\3215\261\204Q\r\327\317\312f\322eb\215C/\352\224\010/\352\224\020\n\000""; }; nodes {;   nodedata: ""h\315\350\215y\203\242]\371\235\232Pt&\325\210eZ\346\237XZ \277\2457n\221\336\253\245\317\002w\n\356\350\316{k\272E0\225\362\025\010\366\367\372\263\355xq\360\261\376M<\356\347\007zf\307\006E\344\037@\210\363\010\336T\226\247'\204_{\261\370""1\235\2445\343\033Y!\212\201\341\272\225'\007*$\244&\336\343'\233i\332\374\245 {^\306-N\333\gE\006\347\212\331C\211Z\177\247\031\n\265\022\035W\277\033\265pM\027\313x\327iNP(O\216Pk&\235\336\223\217\374\212\253\322w\362\013\210`4\253""\302f\230\374\037bx\0145C\307\337\316[\244d\302\3031\347\300\025aX\357\226\221\016\003""; }; "
1750587284314,1750587284314,557,1,4,1,TMGetLedger,"itype: liTS_CANDIDATE; ledgerHash: ""\007\347lg\346B\270\350\352\375\266\371?(\361\364\365I|\375\262>\230(\333\250\331\007\360U\024\027""; nodeIDs: ""\000\000\000\000\000\000\000\000\000\000\000\000\000\000\000\000\000\000\000\000\000\000\000\000\000\000\000\000\000\000\000\000\000""; queryType: qtINDIRECT; queryDepth: 3; ","itype: liTS_CANDIDATE; ledgerHash: ""\007\347lg\346B\270\350\352\375\266\371?(\361\364\365I|\375\262>\230(\333\250\331\007\360U\024\027""; nodeIDs: ""\000\000\000\000\000\000\000\000\000\000\000\000\000\000\000\000\000\000\000\000\000\000\000\000\000\000\000\000\000\000\000\000\000""; queryType: qtINDIRECT; queryDepth: 3; "
1750587284317,1750587284317,1590,1,3,2,TMGetLedger,"itype: liTS_CANDIDATE; ledgerHash: ""b\001;\355\\351h\305\360*\252j\2470\334[#|\313\3606\207\210\245\372\217RX\333g`K""; nodeIDs: ""\000\000\000\000\000\000\000\000\000\000\000\000\000\000\000\000\000\000\000\000\000\000\000\000\000\000\000\000\000\000\000\000\000""; requestCookie: 2; queryType: qtINDIRECT; queryDepth: 3; ","itype: liTS_CANDIDATE; ledgerHash: ""b\001;\355\\351h\305\360*\252j\2470\334[#|\313\3606\207\210\245\372\217RX\333g`K""; nodeIDs: ""\000\000\000\000\000\000\000\000\000\000\000\000\000\000\000\000\000\000\000\000\000\000\000\000\000\000\000\000\000\000\000\000\000""; requestCookie: 2; queryType: qtINDIRECT; queryDepth: 3; "
1750587284318,1750587284318,2970,1,0,4,TMProposeSet,"proposeSeq: 4294967295; currentTxHash: ""\000\000\000\000\000\000\000\000\000\000\000\000\000\000\000\000\000\000\000\000\000\000\000\000\000\000\000\000\000\000\000\000""; nodePubKey: ""\003\325Q\255\224\274R@\312\253\262\347\352\034\346\347\242\215,\312\376=\277\353{\350\225\301\305`^, ""; closeTime: 803902480; signature: ""0D\002  \010\247\027A;3\370\003\032\0374\006\315\021$D\3060,\3578\3331\205\276\244\356e\374)\336\002 Wm\023\264\304\357\260\310@H\334\1778\006\307\263\002\263\212R\352\334\243ht\234$\2357\222\257\234""; previousledger: ""\237\231\311\371Y@""\177>\241""\310\233r\315\210Z\003g\334\034\021\305\3353Q\035\224\200\224\347\257""; ","proposeSeq: 4294967295; currentTxHash: ""\000\000\000\000\000\000\000\000\000\000\000\000\000\000\000\000\000\000\000\000\000\000\000\000\000\000\000\000\000\000\000\000""; nodePubKey: ""\003\325Q\255\224\274R@\312\253\262\347\352\034\346\347\242\215,\312\376=\277\353{\350\225\301\305`^, ""; closeTime: 803902480; signature: ""0D\002  \010\247\027A;3\370\003\032\0374\006\315\021$D\3060,\3578\3331\205\276\244\356e\374)\336\002 Wm\023\264\304\357\260\310@H\334\1778\006\307\263\002\263\212R\352\334\243ht\234$\2357\222\257\234""; previousledger: ""\237\231\311\371Y@""\177>\241""\310\233r\315\210Z\003g\334\034\021\305\3353Q\035\224\200\224\347\257""; "
1750587284318,1750587284318,1290,1,0,2,TMProposeSet,"proposeSeq: 4294967295; currentTxHash: ""\000\000\000\000\000\000\000\000\000\000\000\000\000\000\000\000\000\000\000\000\000\000\000\000\000\000\000\000\000\000\000\000""; nodePubKey: ""\003\325Q\255\224\274R@\312\253\262\347\352\034\346\347\242\215,\312\376=\277\353{\350\225\301\305`^, ""; closeTime: 803902480; signature: ""0D\002  \010\247\027A;3\370\003\032\0374\006\315\021$D\3060,\3578\3331\205\276\244\356e\374)\336\002 Wm\023\264\304\357\260\310@H\334\1778\006\307\263\002\263\212R\352\334\243ht\234$\2357\222\257\234""; previousledger: ""\237\231\311\371Y@""\177>\241""\310\233r\315\210Z\003g\334\034\021\305\3353Q\035\224\200\224\347\257""; ","proposeSeq: 4294967295; currentTxHash: ""\000\000\000\000\000\000\000\000\000\000\000\000\000\000\000\000\000\000\000\000\000\000\000\000\000\000\000\000\000\000\000\000""; nodePubKey: ""\003\325Q\255\224\274R@\312\253\262\347\352\034\346\347\242\215,\312\376=\277\353{\350\225\301\305`^, ""; closeTime: 803902480; signature: ""0D\002  \010\247\027A;3\370\003\032\0374\006\315\021$D\3060,\3578\3331\205\276\244\356e\374)\336\002 Wm\023\264\304\357\260\310@H\334\1778\006\307\263\002\263\212R\352\334\243ht\234$\2357\222\257\234""; previousledger: ""\237\231\311\371Y@""\177>\241""\310\233r\315\210Z\003g\334\034\021\305\3353Q\035\224\200\224\347\257""; "
1750587284318,1750587284318,190,1,0,1,TMProposeSet,"proposeSeq: 4294967295; currentTxHash: ""\000\000\000\000\000\000\000\000\000\000\000\000\000\000\000\000\000\000\000\000\000\000\000\000\000\000\000\000\000\000\000\000""; nodePubKey: ""\003\325Q\255\224\274R@\312\253\262\347\352\034\346\347\242\215,\312\376=\277\353{\350\225\301\305`^, ""; closeTime: 803902480; signature: ""0D\002  \010\247\027A;3\370\003\032\0374\006\315\021$D\3060,\3578\3331\205\276\244\356e\374)\336\002 Wm\023\264\304\357\260\310@H\334\1778\006\307\263\002\263\212R\352\334\243ht\234$\2357\222\257\234""; previousledger: ""\237\231\311\371Y@""\177>\241""\310\233r\315\210Z\003g\334\034\021\305\3353Q\035\224\200\224\347\257""; ","proposeSeq: 4294967295; currentTxHash: ""\000\000\000\000\000\000\000\000\000\000\000\000\000\000\000\000\000\000\000\000\000\000\000\000\000\000\000\000\000\000\000\000""; nodePubKey: ""\003\325Q\255\224\274R@\312\253\262\347\352\034\346\347\242\215,\312\376=\277\353{\350\225\301\305`^, ""; closeTime: 803902480; signature: ""0D\002  \010\247\027A;3\370\003\032\0374\006\315\021$D\3060,\3578\3331\205\276\244\356e\374)\336\002 Wm\023\264\304\357\260\310@H\334\1778\006\307\263\002\263\212R\352\334\243ht\234$\2357\222\257\234""; previousledger: ""\237\231\311\371Y@""\177>\241""\310\233r\315\210Z\003g\334\034\021\305\3353Q\035\224\200\224\347\257""; "
1750587284328,1750587284328,2715,1,1,4,TMLedgerData,"ledgerHash: ""b\001;\355\\351h\305\360*\252j\2470\334[#|\313\3606\207\210\245\372\217RX\333g`K""; ledgerSeq: 0; type: liTS_CANDIDATE; nodes {;   nodedata: "" \245\366\271\024\035\303\242}O\341[\232\374\0350\307\253\205\001\301\216B\031pk\231\004\271\276\265\240\002\003"";   nodeid: ""\000\000\000\000\000\000\000\000\000\000\000\000\000\000\000\000\000\000\000\000\000\000\000\000\000\000\000\000\000\000\000\000\000""; }; requestCookie: 1; ","ledgerHash: ""b\001;\355\\351h\305\360*\252j\2470\334[#|\313\3606\207\210\245\372\217RX\333g`K""; ledgerSeq: 0; type: liTS_CANDIDATE; nodes {;   nodedata: "" \245\366\271\024\035\303\242}O\341[\232\374\0350\307\253\205\001\301\216B\031pk\231\004\271\276\265\240\002\003"";   nodeid: ""\000\000\000\000\000\000\000\000\000\000\000\000\000\000\000\000\000\000\000\000\000\000\000\000\000\000\000\000\000\000\000\000\000""; }; requestCookie: 1; "
1750587284338,1750587284338,1103,1,0,4,TMLedgerData,"ledgerHash: ""\237\231\311\371Y@""\177>\241""\310\233r\315\210Z\003g\334\034\021\305\3353Q\035\224\200\224\347\257""; ledgerSeq: 8; type: liBASE; nodes {;   nodedata: ""\000\000\000\010\001cEx]\211\377\330\311\347s\234ae\204\263\365U\334\372D\354\345\276\201f\035\271%#\375\245\314.""\373\330&\3746\177P.\377\255K\330\362G{!s_\276B\273\031\331\234\023vy$7i\342\243\243\220\021_\222w1E\236\020?0\232H\266\366\033p\353\250\025\255\235\310\215\275\032\005\371R<p\240.\2618\277/\352\224\010/\352\224\020\n\000""; }; nodes {;   nodedata: ""h\315\350\215y\203\242]\371\235\232Pt&\325\210eZ\346\237XZ \277\2457n\221\336\253\245\317\002G)\346n?\227\005Y\336\276m\244>\014/\353)\343S\223\201\230\250\301d\027c\001\302\ris\006E\344\037@\210\363\010\336T\226\247'\204_{\261\370""1\235\2445\343\033Y!\212\201\341\272\225'\007\f\n0\233\306>\377~V|O\232@\324_\273\232o\\235\370\234IE\333\255j\001\361\204%\n\265\022\035W\277\033\265pM\027\313x\327iNP(O\216Pk&\235\336\223\217\374\212\253\322w\362\013\210`4\253""\302f\230\374\037bx\0145C\307\337\316[\244d\302\3031\347\300\025aX\357\226\221\016\003""; }; nodes {;   nodedata: ""f\225yM\014\263\225\204\377[\235\030P4BO\343Z\264\3646\307\304\177\327\n\261+$r\257\263\n\003""; }; requestCookie: 2; ","ledgerHash: ""\237\231\311\371Y@""\177>\241""\310\233r\315\210Z\003g\334\034\021\305\3353Q\035\224\200\224\347\257""; ledgerSeq: 8; type: liBASE; nodes {;   nodedata: ""\000\000\000\010\001cEx]\211\377\330\311\347s\234ae\204\263\365U\334\372D\354\345\276\201f\035\271%#\375\245\314.""\373\330&\3746\177P.\377\255K\330\362G{!s_\276B\273\031\331\234\023vy$7i\342\243\243\220\021_\222w1E\236\020?0\232H\266\366\033p\353\250\025\255\235\310\215\275\032\005\371R<p\240.\2618\277/\352\224\010/\352\224\020\n\000""; }; nodes {;   nodedata: ""h\315\350\215y\203\242]\371\235\232Pt&\325\210eZ\346\237XZ \277\2457n\221\336\253\245\317\002G)\346n?\227\005Y\336\276m\244>\014/\353)\343S\223\201\230\250\301d\027c\001\302\ris\006E\344\037@\210\363\010\336T\226\247'\204_{\261\370""1\235\2445\343\033Y!\212\201\341\272\225'\007\f\n0\233\306>\377~V|O\232@\324_\273\232o\\235\370\234IE\333\255j\001\361\204%\n\265\022\035W\277\033\265pM\027\313x\327iNP(O\216Pk&\235\336\223\217\374\212\253\322w\362\013\210`4\253""\302f\230\374\037bx\0145C\307\337\316[\244d\302\3031\347\300\025aX\357\226\221\016\003""; }; nodes {;   nodedata: ""f\225yM\014\263\225\204\377[\235\030P4BO\343Z\264\3646\307\304\177\327\n\261+$r\257\263\n\003""; }; requestCookie: 2; "
1750587284342,1750587284342,628,1,3,2,TMLedgerData,"ledgerHash: ""\r!N\267\203~\313a\272~\344A\332\034\332r\\301\240a\307\341\261(c(\021\265B\030@(""; ledgerSeq: 0; type: liTS_CANDIDATE; nodes {;   nodedata: ""\247\272\246\2214\014W1\360z\262\252=\343\207'\275\266;\016\021\306\330\030\225\023\357\272\353\200x\221\n\003"";   nodeid: ""\000\000\000\000\000\000\000\000\000\000\000\000\000\000\000\000\000\000\000\000\000\000\000\000\000\000\000\000\000\000\000\000\000""; }; ","ledgerHash: ""\r!N\267\203~\313a\272~\344A\332\034\332r\\301\240a\307\341\261(c(\021\265B\030@(""; ledgerSeq: 0; type: liTS_CANDIDATE; nodes {;   nodedata: ""\247\272\246\2214\014W1\360z\262\252=\343\207'\275\266;\016\021\306\330\030\225\023\357\272\353\200x\221\n\003"";   nodeid: ""\000\000\000\000\000\000\000\000\000\000\000\000\000\000\000\000\000\000\000\000\000\000\000\000\000\000\000\000\000\000\000\000\000""; }; "
1750587284355,1750587284355,1743,1,2,4,TMLedgerData,"ledgerHash: ""\r!N\267\203~\313a\272~\344A\332\034\332r\\301\240a\307\341\261(c(\021\265B\030@(""; ledgerSeq: 0; type: liTS_CANDIDATE; nodes {;   nodedata: ""\247\272\246\2214\014W1\360z\262\252=\343\207'\275\266;\016\021\306\330\030\225\023\357\272\353\200x\221\n\003"";   nodeid: ""\000\000\000\000\000\000\000\000\000\000\000\000\000\000\000\000\000\000\000\000\000\000\000\000\000\000\000\000\000\000\000\000\000""; }; ","ledgerHash: ""\r!N\267\203~\313a\272~\344A\332\034\332r\\301\240a\307\341\261(c(\021\265B\030@(""; ledgerSeq: 0; type: liTS_CANDIDATE; nodes {;   nodedata: ""\247\272\246\2214\014W1\360z\262\252=\343\207'\275\266;\016\021\306\330\030\225\023\357\272\353\200x\221\n\003"";   nodeid: ""\000\000\000\000\000\000\000\000\000\000\000\000\000\000\000\000\000\000\000\000\000\000\000\000\000\000\000\000\000\000\000\000\000""; }; "
1750587284359,1750587284359,486,1,4,0,TMLedgerData,"ledgerHash: ""\007\347lg\346B\270\350\352\375\266\371?(\361\364\365I|\375\262>\230(\333\250\331\007\360U\024\027""; ledgerSeq: 0; type: liTS_CANDIDATE; nodes {;   nodedata: ""\003S\n\235\2624\346\340\377asq\337\223T\316nL\232)C!\360\245\205[L\224\\351\351\000\003"";   nodeid: ""\000\000\000\000\000\000\000\000\000\000\000\000\000\000\000\000\000\000\000\000\000\000\000\000\000\000\000\000\000\000\000\000\000""; }; ","ledgerHash: ""\007\347lg\346B\270\350\352\375\266\371?(\361\364\365I|\375\262>\230(\333\250\331\007\360U\024\027""; ledgerSeq: 0; type: liTS_CANDIDATE; nodes {;   nodedata: ""\003S\n\235\2624\346\340\377asq\337\223T\316nL\232)C!\360\245\205[L\224\\351\351\000\003"";   nodeid: ""\000\000\000\000\000\000\000\000\000\000\000\000\000\000\000\000\000\000\000\000\000\000\000\000\000\000\000\000\000\000\000\000\000""; }; "
1750587284381,1750587284381,3898,1,2,3,TMGetLedger,"itype: liBASE; ledgerHash: ""\237\231\311\371Y@""\177>\241""\310\233r\315\210Z\003g\334\034\021\305\3353Q\035\224\200\224\347\257""; requestCookie: 3; queryType: qtINDIRECT; ","itype: liBASE; ledgerHash: ""\237\231\311\371Y@""\177>\241""\310\233r\315\210Z\003g\334\034\021\305\3353Q\035\224\200\224\347\257""; requestCookie: 3; queryType: qtINDIRECT; "
1750587284389,1750587284389,628,1,3,2,TMLedgerData,"ledgerHash: ""\007\347lg\346B\270\350\352\375\266\371?(\361\364\365I|\375\262>\230(\333\250\331\007\360U\024\027""; ledgerSeq: 0; type: liTS_CANDIDATE; nodes {;   nodedata: ""\003S\n\235\2624\346\340\377asq\337\223T\316nL\232)C!\360\245\205[L\224\\351\351\000\003"";   nodeid: ""\000\000\000\000\000\000\000\000\000\000\000\000\000\000\000\000\000\000\000\000\000\000\000\000\000\000\000\000\000\000\000\000\000""; }; ","ledgerHash: ""\007\347lg\346B\270\350\352\375\266\371?(\361\364\365I|\375\262>\230(\333\250\331\007\360U\024\027""; ledgerSeq: 0; type: liTS_CANDIDATE; nodes {;   nodedata: ""\003S\n\235\2624\346\340\377asq\337\223T\316nL\232)C!\360\245\205[L\224\\351\351\000\003"";   nodeid: ""\000\000\000\000\000\000\000\000\000\000\000\000\000\000\000\000\000\000\000\000\000\000\000\000\000\000\000\000\000\000\000\000\000""; }; "
1750587284399,1750587284399,769,1,4,0,TMGetLedger,"itype: liTX_NODE; ledgerHash: ""\237\231\311\371Y@""\177>\241""\310\233r\315\210Z\003g\334\034\021\305\3353Q\035\224\200\224\347\257""; ledgerSeq: 8; nodeIDs: ""\240\000\000\000\000\000\000\000\000\000\000\000\000\000\000\000\000\000\000\000\000\000\000\000\000\000\000\000\000\000\000\000\001""; queryType: qtINDIRECT; queryDepth: 1; ","itype: liTX_NODE; ledgerHash: ""\237\231\311\371Y@""\177>\241""\310\233r\315\210Z\003g\334\034\021\305\3353Q\035\224\200\224\347\257""; ledgerSeq: 8; nodeIDs: ""\240\000\000\000\000\000\000\000\000\000\000\000\000\000\000\000\000\000\000\000\000\000\000\000\000\000\000\000\000\000\000\000\001""; queryType: qtINDIRECT; queryDepth: 1; "
1750587284404,1750587284404,520,1,2,1,TMLedgerData,"ledgerHash: ""\r!N\267\203~\313a\272~\344A\332\034\332r\\301\240a\307\341\261(c(\021\265B\030@(""; ledgerSeq: 0; type: liTS_CANDIDATE; nodes {;   nodedata: ""\247\272\246\2214\014W1\360z\262\252=\343\207'\275\266;\016\021\306\330\030\225\023\357\272\353\200x\221\n\003"";   nodeid: ""\000\000\000\000\000\000\000\000\000\000\000\000\000\000\000\000\000\000\000\000\000\000\000\000\000\000\000\000\000\000\000\000\000""; }; ","ledgerHash: ""\r!N\267\203~\313a\272~\344A\332\034\332r\\301\240a\307\341\261(c(\021\265B\030@(""; ledgerSeq: 0; type: liTS_CANDIDATE; nodes {;   nodedata: ""\247\272\246\2214\014W1\360z\262\252=\343\207'\275\266;\016\021\306\330\030\225\023\357\272\353\200x\221\n\003"";   nodeid: ""\000\000\000\000\000\000\000\000\000\000\000\000\000\000\000\000\000\000\000\000\000\000\000\000\000\000\000\000\000\000\000\000\000""; }; "
1750587284409,1750587284409,1102,1,2,3,TMLedgerData,"ledgerHash: ""b\001;\355\\351h\305\360*\252j\2470\334[#|\313\3606\207\210\245\372\217RX\333g`K""; ledgerSeq: 0; type: liTS_CANDIDATE; nodes {;   nodedata: "" \245\366\271\024\035\303\242}O\341[\232\374\0350\307\253\205\001\301\216B\031pk\231\004\271\276\265\240\002\003"";   nodeid: ""\000\000\000\000\000\000\000\000\000\000\000\000\000\000\000\000\000\000\000\000\000\000\000\000\000\000\000\000\000\000\000\000\000""; }; requestCookie: 2; ","ledgerHash: ""b\001;\355\\351h\305\360*\252j\2470\334[#|\313\3606\207\210\245\372\217RX\333g`K""; ledgerSeq: 0; type: liTS_CANDIDATE; nodes {;   nodedata: "" \245\366\271\024\035\303\242}O\341[\232\374\0350\307\253\205\001\301\216B\031pk\231\004\271\276\265\240\002\003"";   nodeid: ""\000\000\000\000\000\000\000\000\000\000\000\000\000\000\000\000\000\000\000\000\000\000\000\000\000\000\000\000\000\000\000\000\000""; }; requestCookie: 2; "
1750587284427,1750587284427,2565,1,3,0,TMLedgerData,"ledgerHash: ""\007\347lg\346B\270\350\352\375\266\371?(\361\364\365I|\375\262>\230(\333\250\331\007\360U\024\027""; ledgerSeq: 0; type: liTS_CANDIDATE; nodes {;   nodedata: ""\003S\n\235\2624\346\340\377asq\337\223T\316nL\232)C!\360\245\205[L\224\\351\351\000\003"";   nodeid: ""\000\000\000\000\000\000\000\000\000\000\000\000\000\000\000\000\000\000\000\000\000\000\000\000\000\000\000\000\000\000\000\000\000""; }; ","ledgerHash: ""\007\347lg\346B\270\350\352\375\266\371?(\361\364\365I|\375\262>\230(\333\250\331\007\360U\024\027""; ledgerSeq: 0; type: liTS_CANDIDATE; nodes {;   nodedata: ""\003S\n\235\2624\346\340\377asq\337\223T\316nL\232)C!\360\245\205[L\224\\351\351\000\003"";   nodeid: ""\000\000\000\000\000\000\000\000\000\000\000\000\000\000\000\000\000\000\000\000\000\000\000\000\000\000\000\000\000\000\000\000\000""; }; "
1750587284453,1750587284453,2715,1,1,4,TMLedgerData,"ledgerHash: ""\007\347lg\346B\270\350\352\375\266\371?(\361\364\365I|\375\262>\230(\333\250\331\007\360U\024\027""; ledgerSeq: 0; type: liTS_CANDIDATE; nodes {;   nodedata: ""\003S\n\235\2624\346\340\377asq\337\223T\316nL\232)C!\360\245\205[L\224\\351\351\000\003"";   nodeid: ""\000\000\000\000\000\000\000\000\000\000\000\000\000\000\000\000\000\000\000\000\000\000\000\000\000\000\000\000\000\000\000\000\000""; }; requestCookie: 4; ","ledgerHash: ""\007\347lg\346B\270\350\352\375\266\371?(\361\364\365I|\375\262>\230(\333\250\331\007\360U\024\027""; ledgerSeq: 0; type: liTS_CANDIDATE; nodes {;   nodedata: ""\003S\n\235\2624\346\340\377asq\337\223T\316nL\232)C!\360\245\205[L\224\\351\351\000\003"";   nodeid: ""\000\000\000\000\000\000\000\000\000\000\000\000\000\000\000\000\000\000\000\000\000\000\000\000\000\000\000\000\000\000\000\000\000""; }; requestCookie: 4; "
1750587284465,1750587284466,3097,1,2,0,TMLedgerData,"ledgerHash: ""b\001;\355\\351h\305\360*\252j\2470\334[#|\313\3606\207\210\245\372\217RX\333g`K""; ledgerSeq: 0; type: liTS_CANDIDATE; nodes {;   nodedata: "" \245\366\271\024\035\303\242}O\341[\232\374\0350\307\253\205\001\301\216B\031pk\231\004\271\276\265\240\002\003"";   nodeid: ""\000\000\000\000\000\000\000\000\000\000\000\000\000\000\000\000\000\000\000\000\000\000\000\000\000\000\000\000\000\000\000\000\000""; }; ","ledgerHash: ""b\001;\355\\351h\305\360*\252j\2470\334[#|\313\3606\207\210\245\372\217RX\333g`K""; ledgerSeq: 0; type: liTS_CANDIDATE; nodes {;   nodedata: "" \245\366\271\024\035\303\242}O\341[\232\374\0350\307\253\205\001\301\216B\031pk\231\004\271\276\265\240\002\003"";   nodeid: ""\000\000\000\000\000\000\000\000\000\000\000\000\000\000\000\000\000\000\000\000\000\000\000\000\000\000\000\000\000\000\000\000\000""; }; "
1750587284490,1750587284490,3898,1,2,3,TMGetLedger,"itype: liTS_CANDIDATE; ledgerHash: ""q|\216``\027\240\206w\312\263+\241\310\271\371\2034\351_\3373\tL\007q_p\342\264_z""; nodeIDs: ""\000\000\000\000\000\000\000\000\000\000\000\000\000\000\000\000\000\000\000\000\000\000\000\000\000\000\000\000\000\000\000\000\000""; queryType: qtINDIRECT; queryDepth: 3; ","itype: liTS_CANDIDATE; ledgerHash: ""q|\216``\027\240\206w\312\263+\241\310\271\371\2034\351_\3373\tL\007q_p\342\264_z""; nodeIDs: ""\000\000\000\000\000\000\000\000\000\000\000\000\000\000\000\000\000\000\000\000\000\000\000\000\000\000\000\000\000\000\000\000\000""; queryType: qtINDIRECT; queryDepth: 3; "
1750587284517,1750587284517,2792,1,4,2,TMLedgerData,"ledgerHash: ""\007\347lg\346B\270\350\352\375\266\371?(\361\364\365I|\375\262>\230(\333\250\331\007\360U\024\027""; ledgerSeq: 0; type: liTS_CANDIDATE; nodes {;   nodedata: ""\003S\n\235\2624\346\340\377asq\337\223T\316nL\232)C!\360\245\205[L\224\\351\351\000\003"";   nodeid: ""\000\000\000\000\000\000\000\000\000\000\000\000\000\000\000\000\000\000\000\000\000\000\000\000\000\000\000\000\000\000\000\000\000""; }; ","ledgerHash: ""\007\347lg\346B\270\350\352\375\266\371?(\361\364\365I|\375\262>\230(\333\250\331\007\360U\024\027""; ledgerSeq: 0; type: liTS_CANDIDATE; nodes {;   nodedata: ""\003S\n\235\2624\346\340\377asq\337\223T\316nL\232)C!\360\245\205[L\224\\351\351\000\003"";   nodeid: ""\000\000\000\000\000\000\000\000\000\000\000\000\000\000\000\000\000\000\000\000\000\000\000\000\000\000\000\000\000\000\000\000\000""; }; "
1750587284534,1750587284534,1753,1,0,2,TMLedgerData,"ledgerHash: ""\237\231\311\371Y@""\177>\241""\310\233r\315\210Z\003g\334\034\021\305\3353Q\035\224\200\224\347\257""; ledgerSeq: 8; type: liAS_NODE; nodes {;   nodedata: ""\021\000a""\000\000\000\000$\000\000\000\007%\000\000\000\010-\000\000\000\000U\247\272\246\2214\014W1\360z\262\252=\343\207'\275\266;\016\021\306\330\030\225\023\357\272\353\200x\221b@\000\000\003\365V\2546\201\024B\006\222#\215\346\234\245/\205\327[/\206^\005y\253G\373`\201|\265N\251\301Y\240\225\206\033+\t\343\352\033+\325\025OC\253O\023\305&l\256\252\351\247\001"";   nodeid: ""`\000\000\000\000\000\000\000\000\000\000\000\000\000\000\000\000\000\000\000\000\000\000\000\000\000\000\000\000\000\000\000\001""; }; nodes {;   nodedata: ""\021\000a""\000\000\000\000$\000\000\000\006%\000\000\000\010-\000\000\000\000U\247\272\246\2214\014W1\360z\262\252=\343\207'\275\266;\016\021\306\330\030\225\023\357\272\353\200x\221b@\000\000*\233\265\250@\201\024E0\246\210\344\325\345r\024T\251\006P\255\352\333\372\351\337\302\250\327\275\254\201\236\370\336\205\322\273\305\241\026\265L\374\365\316\330\225\325\203\316\303\217\337V\341\265\274\252\001"";   nodeid: ""\240\000\000\000\000\000\000\000\000\000\000\000\000\000\000\000\000\000\000\000\000\000\000\000\000\000\000\000\000\000\000\000\001""; }; ","ledgerHash: ""\237\231\311\371Y@""\177>\241""\310\233r\315\210Z\003g\334\034\021\305\3353Q\035\224\200\224\347\257""; ledgerSeq: 8; type: liAS_NODE; nodes {;   nodedata: ""\021\000a""\000\000\000\000$\000\000\000\007%\000\000\000\010-\000\000\000\000U\247\272\246\2214\014W1\360z\262\252=\343\207'\275\266;\016\021\306\330\030\225\023\357\272\353\200x\221b@\000\000\003\365V\2546\201\024B\006\222#\215\346\234\245/\205\327[/\206^\005y\253G\373`\201|\265N\251\301Y\240\225\206\033+\t\343\352\033+\325\025OC\253O\023\305&l\256\252\351\247\001"";   nodeid: ""`\000\000\000\000\000\000\000\000\000\000\000\000\000\000\000\000\000\000\000\000\000\000\000\000\000\000\000\000\000\000\000\001""; }; nodes {;   nodedata: ""\021\000a""\000\000\000\000$\000\000\000\006%\000\000\000\010-\000\000\000\000U\247\272\246\2214\014W1\360z\262\252=\343\207'\275\266;\016\021\306\330\030\225\023\357\272\353\200x\221b@\000\000*\233\265\250@\201\024E0\246\210\344\325\345r\024T\251\006P\255\352\333\372\351\337\302\250\327\275\254\201\236\370\336\205\322\273\305\241\026\265L\374\365\316\330\225\325\203\316\303\217\337V\341\265\274\252\001"";   nodeid: ""\240\000\000\000\000\000\000\000\000\000\000\000\000\000\000\000\000\000\000\000\000\000\000\000\000\000\000\000\000\000\000\000\001""; }; "
1750587284561,1750587284561,1650,1,3,4,TMLedgerData,"ledgerHash: ""\237\231\311\371Y@""\177>\241""\310\233r\315\210Z\003g\334\034\021\305\3353Q\035\224\200\224\347\257""; ledgerSeq: 8; type: liBASE; nodes {;   nodedata: ""\000\000\000\010\001cEx]\211\377\330\311\347s\234ae\204\263\365U\334\372D\354\345\276\201f\035\271%#\375\245\314.""\373\330&\3746\177P.\377\255K\330\362G{!s_\276B\273\031\331\234\023vy$7i\342\243\243\220\021_\222w1E\236\020?0\232H\266\366\033p\353\250\025\255\235\310\215\275\032\005\371R<p\240.\2618\277/\352\224\010/\352\224\020\n\000""; }; nodes {;   nodedata: ""h\315\350\215y\203\242]\371\235\232Pt&\325\210eZ\346\237XZ \277\2457n\221\336\253\245\317\002G)\346n?\227\005Y\336\276m\244>\014/\353)\343S\223\201\230\250\301d\027c\001\302\ris\006E\344\037@\210\363\010\336T\226\247'\204_{\261\370""1\235\2445\343\033Y!\212\201\341\272\225'\007\f\n0\233\306>\377~V|O\232@\324_\273\232o\\235\370\234IE\333\255j\001\361\204%\n\265\022\035W\277\033\265pM\027\313x\327iNP(O\216Pk&\235\336\223\217\374\212\253\322w\362\013\210`4\253""\302f\230\374\037bx\0145C\307\337\316[\244d\302\3031\347\300\025aX\357\226\221\016\003""; }; nodes {;   nodedata: ""f\225yM\014\263\225\204\377[\235\030P4BO\343Z\264\3646\307\304\177\327\n\261+$r\257\263\n\003""; }; ","ledgerHash: ""\237\231\311\371Y@""\177>\241""\310\233r\315\210Z\003g\334\034\021\305\3353Q\035\224\200\224\347\257""; ledgerSeq: 8; type: liBASE; nodes {;   nodedata: ""\000\000\000\010\001cEx]\211\377\330\311\347s\234ae\204\263\365U\334\372D\354\345\276\201f\035\271%#\375\245\314.""\373\330&\3746\177P.\377\255K\330\362G{!s_\276B\273\031\331\234\023vy$7i\342\243\243\220\021_\222w1E\236\020?0\232H\266\366\033p\353\250\025\255\235\310\215\275\032\005\371R<p\240.\2618\277/\352\224\010/\352\224\020\n\000""; }; nodes {;   nodedata: ""h\315\350\215y\203\242]\371\235\232Pt&\325\210eZ\346\237XZ \277\2457n\221\336\253\245\317\002G)\346n?\227\005Y\336\276m\244>\014/\353)\343S\223\201\230\250\301d\027c\001\302\ris\006E\344\037@\210\363\010\336T\226\247'\204_{\261\370""1\235\2445\343\033Y!\212\201\341\272\225'\007\f\n0\233\306>\377~V|O\232@\324_\273\232o\\235\370\234IE\333\255j\001\361\204%\n\265\022\035W\277\033\265pM\027\313x\327iNP(O\216Pk&\235\336\223\217\374\212\253\322w\362\013\210`4\253""\302f\230\374\037bx\0145C\307\337\316[\244d\302\3031\347\300\025aX\357\226\221\016\003""; }; nodes {;   nodedata: ""f\225yM\014\263\225\204\377[\235\030P4BO\343Z\264\3646\307\304\177\327\n\261+$r\257\263\n\003""; }; "
1750587284565,1750587284565,1650,1,3,4,TMLedgerData,"ledgerHash: ""\237\231\311\371Y@""\177>\241""\310\233r\315\210Z\003g\334\034\021\305\3353Q\035\224\200\224\347\257""; ledgerSeq: 8; type: liBASE; nodes {;   nodedata: ""\000\000\000\010\001cEx]\211\377\330\311\347s\234ae\204\263\365U\334\372D\354\345\276\201f\035\271%#\375\245\314.""\373\330&\3746\177P.\377\255K\330\362G{!s_\276B\273\031\331\234\023vy$7i\342\243\243\220\021_\222w1E\236\020?0\232H\266\366\033p\353\250\025\255\235\310\215\275\032\005\371R<p\240.\2618\277/\352\224\010/\352\224\020\n\000""; }; nodes {;   nodedata: ""h\315\350\215y\203\242]\371\235\232Pt&\325\210eZ\346\237XZ \277\2457n\221\336\253\245\317\002G)\346n?\227\005Y\336\276m\244>\014/\353)\343S\223\201\230\250\301d\027c\001\302\ris\006E\344\037@\210\363\010\336T\226\247'\204_{\261\370""1\235\2445\343\033Y!\212\201\341\272\225'\007\f\n0\233\306>\377~V|O\232@\324_\273\232o\\235\370\234IE\333\255j\001\361\204%\n\265\022\035W\277\033\265pM\027\313x\327iNP(O\216Pk&\235\336\223\217\374\212\253\322w\362\013\210`4\253""\302f\230\374\037bx\0145C\307\337\316[\244d\302\3031\347\300\025aX\357\226\221\016\003""; }; nodes {;   nodedata: ""f\225yM\014\263\225\204\377[\235\030P4BO\343Z\264\3646\307\304\177\327\n\261+$r\257\263\n\003""; }; ","ledgerHash: ""\237\231\311\371Y@""\177>\241""\310\233r\315\210Z\003g\334\034\021\305\3353Q\035\224\200\224\347\257""; ledgerSeq: 8; type: liBASE; nodes {;   nodedata: ""\000\000\000\010\001cEx]\211\377\330\311\347s\234ae\204\263\365U\334\372D\354\345\276\201f\035\271%#\375\245\314.""\373\330&\3746\177P.\377\255K\330\362G{!s_\276B\273\031\331\234\023vy$7i\342\243\243\220\021_\222w1E\236\020?0\232H\266\366\033p\353\250\025\255\235\310\215\275\032\005\371R<p\240.\2618\277/\352\224\010/\352\224\020\n\000""; }; nodes {;   nodedata: ""h\315\350\215y\203\242]\371\235\232Pt&\325\210eZ\346\237XZ \277\2457n\221\336\253\245\317\002G)\346n?\227\005Y\336\276m\244>\014/\353)\343S\223\201\230\250\301d\027c\001\302\ris\006E\344\037@\210\363\010\336T\226\247'\204_{\261\370""1\235\2445\343\033Y!\212\201\341\272\225'\007\f\n0\233\306>\377~V|O\232@\324_\273\232o\\235\370\234IE\333\255j\001\361\204%\n\265\022\035W\277\033\265pM\027\313x\327iNP(O\216Pk&\235\336\223\217\374\212\253\322w\362\013\210`4\253""\302f\230\374\037bx\0145C\307\337\316[\244d\302\3031\347\300\025aX\357\226\221\016\003""; }; nodes {;   nodedata: ""f\225yM\014\263\225\204\377[\235\030P4BO\343Z\264\3646\307\304\177\327\n\261+$r\257\263\n\003""; }; "
1750587284584,1750587284584,2472,1,1,2,TMLedgerData,"ledgerHash: ""q|\216``\027\240\206w\312\263+\241\310\271\371\2034\351_\3373\tL\007q_p\342\264_z""; ledgerSeq: 0; type: liTS_CANDIDATE; nodes {;   nodedata: ""\003S\n\235\2624\346\340\377asq\337\223T\316nL\232)C!\360\245\205[L\224\\351\351\000\247\272\246\2214\014W1\360z\262\252=\343\207'\275\266;\016\021\306\330\030\225\023\357\272\353\200x\221\n\003"";   nodeid: ""\000\000\000\000\000\000\000\000\000\000\000\000\000\000\000\000\000\000\000\000\000\000\000\000\000\000\000\000\000\000\000\000\000""; }; ","ledgerHash: ""q|\216``\027\240\206w\312\263+\241\310\271\371\2034\351_\3373\tL\007q_p\342\264_z""; ledgerSeq: 0; type: liTS_CANDIDATE; nodes {;   nodedata: ""\003S\n\235\2624\346\340\377asq\337\223T\316nL\232)C!\360\245\205[L\224\\351\351\000\247\272\246\2214\014W1\360z\262\252=\343\207'\275\266;\016\021\306\330\030\225\023\357\272\353\200x\221\n\003"";   nodeid: ""\000\000\000\000\000\000\000\000\000\000\000\000\000\000\000\000\000\000\000\000\000\000\000\000\000\000\000\000\000\000\000\000\000""; }; "
1750587284584,1750587284584,1103,1,0,4,TMLedgerData,"ledgerHash: ""\007\347lg\346B\270\350\352\375\266\371?(\361\364\365I|\375\262>\230(\333\250\331\007\360U\024\027""; ledgerSeq: 0; type: liTS_CANDIDATE; nodes {;   nodedata: ""\003S\n\235\2624\346\340\377asq\337\223T\316nL\232)C!\360\245\205[L\224\\351\351\000\003"";   nodeid: ""\000\000\000\000\000\000\000\000\000\000\000\000\000\000\000\000\000\000\000\000\000\000\000\000\000\000\000\000\000\000\000\000\000""; }; ","ledgerHash: ""\007\347lg\346B\270\350\352\375\266\371?(\361\364\365I|\375\262>\230(\333\250\331\007\360U\024\027""; ledgerSeq: 0; type: liTS_CANDIDATE; nodes {;   nodedata: ""\003S\n\235\2624\346\340\377asq\337\223T\316nL\232)C!\360\245\205[L\224\\351\351\000\003"";   nodeid: ""\000\000\000\000\000\000\000\000\000\000\000\000\000\000\000\000\000\000\000\000\000\000\000\000\000\000\000\000\000\000\000\000\000""; }; "
1750587284591,1750587284591,628,1,3,2,TMLedgerData,"ledgerHash: ""\r!N\267\203~\313a\272~\344A\332\034\332r\\301\240a\307\341\261(c(\021\265B\030@(""; ledgerSeq: 0; type: liTS_CANDIDATE; nodes {;   nodedata: ""\247\272\246\2214\014W1\360z\262\252=\343\207'\275\266;\016\021\306\330\030\225\023\357\272\353\200x\221\n\003"";   nodeid: ""\000\000\000\000\000\000\000\000\000\000\000\000\000\000\000\000\000\000\000\000\000\000\000\000\000\000\000\000\000\000\000\000\000""; }; ","ledgerHash: ""\r!N\267\203~\313a\272~\344A\332\034\332r\\301\240a\307\341\261(c(\021\265B\030@(""; ledgerSeq: 0; type: liTS_CANDIDATE; nodes {;   nodedata: ""\247\272\246\2214\014W1\360z\262\252=\343\207'\275\266;\016\021\306\330\030\225\023\357\272\353\200x\221\n\003"";   nodeid: ""\000\000\000\000\000\000\000\000\000\000\000\000\000\000\000\000\000\000\000\000\000\000\000\000\000\000\000\000\000\000\000\000\000""; }; "
1750587284608,1750587284608,486,1,4,0,TMLedgerData,"ledgerHash: ""\007\347lg\346B\270\350\352\375\266\371?(\361\364\365I|\375\262>\230(\333\250\331\007\360U\024\027""; ledgerSeq: 0; type: liTS_CANDIDATE; nodes {;   nodedata: ""\003S\n\235\2624\346\340\377asq\337\223T\316nL\232)C!\360\245\205[L\224\\351\351\000\003"";   nodeid: ""\000\000\000\000\000\000\000\000\000\000\000\000\000\000\000\000\000\000\000\000\000\000\000\000\000\000\000\000\000\000\000\000\000""; }; ","ledgerHash: ""\007\347lg\346B\270\350\352\375\266\371?(\361\364\365I|\375\262>\230(\333\250\331\007\360U\024\027""; ledgerSeq: 0; type: liTS_CANDIDATE; nodes {;   nodedata: ""\003S\n\235\2624\346\340\377asq\337\223T\316nL\232)C!\360\245\205[L\224\\351\351\000\003"";   nodeid: ""\000\000\000\000\000\000\000\000\000\000\000\000\000\000\000\000\000\000\000\000\000\000\000\000\000\000\000\000\000\000\000\000\000""; }; "
1750587284610,1750587284610,1743,1,2,4,TMLedgerData,"ledgerHash: ""\007\347lg\346B\270\350\352\375\266\371?(\361\364\365I|\375\262>\230(\333\250\331\007\360U\024\027""; ledgerSeq: 0; type: liTS_CANDIDATE; nodes {;   nodedata: ""\003S\n\235\2624\346\340\377asq\337\223T\316nL\232)C!\360\245\205[L\224\\351\351\000\003"";   nodeid: ""\000\000\000\000\000\000\000\000\000\000\000\000\000\000\000\000\000\000\000\000\000\000\000\000\000\000\000\000\000\000\000\000\000""; }; requestCookie: 4; ","ledgerHash: ""\007\347lg\346B\270\350\352\375\266\371?(\361\364\365I|\375\262>\230(\333\250\331\007\360U\024\027""; ledgerSeq: 0; type: liTS_CANDIDATE; nodes {;   nodedata: ""\003S\n\235\2624\346\340\377asq\337\223T\316nL\232)C!\360\245\205[L\224\\351\351\000\003"";   nodeid: ""\000\000\000\000\000\000\000\000\000\000\000\000\000\000\000\000\000\000\000\000\000\000\000\000\000\000\000\000\000\000\000\000\000""; }; requestCookie: 4; "
1750587284639,1750587284639,628,1,3,2,TMLedgerData,"ledgerHash: ""\007\347lg\346B\270\350\352\375\266\371?(\361\364\365I|\375\262>\230(\333\250\331\007\360U\024\027""; ledgerSeq: 0; type: liTS_CANDIDATE; nodes {;   nodedata: ""\003S\n\235\2624\346\340\377asq\337\223T\316nL\232)C!\360\245\205[L\224\\351\351\000\003"";   nodeid: ""\000\000\000\000\000\000\000\000\000\000\000\000\000\000\000\000\000\000\000\000\000\000\000\000\000\000\000\000\000\000\000\000\000""; }; ","ledgerHash: ""\007\347lg\346B\270\350\352\375\266\371?(\361\364\365I|\375\262>\230(\333\250\331\007\360U\024\027""; ledgerSeq: 0; type: liTS_CANDIDATE; nodes {;   nodedata: ""\003S\n\235\2624\346\340\377asq\337\223T\316nL\232)C!\360\245\205[L\224\\351\351\000\003"";   nodeid: ""\000\000\000\000\000\000\000\000\000\000\000\000\000\000\000\000\000\000\000\000\000\000\000\000\000\000\000\000\000\000\000\000\000""; }; "
1750587284684,1750587284685,520,1,2,1,TMLedgerData,"ledgerHash: ""\r!N\267\203~\313a\272~\344A\332\034\332r\\301\240a\307\341\261(c(\021\265B\030@(""; ledgerSeq: 0; type: liTS_CANDIDATE; nodes {;   nodedata: ""\247\272\246\2214\014W1\360z\262\252=\343\207'\275\266;\016\021\306\330\030\225\023\357\272\353\200x\221\n\003"";   nodeid: ""\000\000\000\000\000\000\000\000\000\000\000\000\000\000\000\000\000\000\000\000\000\000\000\000\000\000\000\000\000\000\000\000\000""; }; ","ledgerHash: ""\r!N\267\203~\313a\272~\344A\332\034\332r\\301\240a\307\341\261(c(\021\265B\030@(""; ledgerSeq: 0; type: liTS_CANDIDATE; nodes {;   nodedata: ""\247\272\246\2214\014W1\360z\262\252=\343\207'\275\266;\016\021\306\330\030\225\023\357\272\353\200x\221\n\003"";   nodeid: ""\000\000\000\000\000\000\000\000\000\000\000\000\000\000\000\000\000\000\000\000\000\000\000\000\000\000\000\000\000\000\000\000\000""; }; "
1750587284704,1750587284704,2715,1,1,4,TMLedgerData,"ledgerHash: ""\007\347lg\346B\270\350\352\375\266\371?(\361\364\365I|\375\262>\230(\333\250\331\007\360U\024\027""; ledgerSeq: 0; type: liTS_CANDIDATE; nodes {;   nodedata: ""\003S\n\235\2624\346\340\377asq\337\223T\316nL\232)C!\360\245\205[L\224\\351\351\000\003"";   nodeid: ""\000\000\000\000\000\000\000\000\000\000\000\000\000\000\000\000\000\000\000\000\000\000\000\000\000\000\000\000\000\000\000\000\000""; }; requestCookie: 4; ","ledgerHash: ""\007\347lg\346B\270\350\352\375\266\371?(\361\364\365I|\375\262>\230(\333\250\331\007\360U\024\027""; ledgerSeq: 0; type: liTS_CANDIDATE; nodes {;   nodedata: ""\003S\n\235\2624\346\340\377asq\337\223T\316nL\232)C!\360\245\205[L\224\\351\351\000\003"";   nodeid: ""\000\000\000\000\000\000\000\000\000\000\000\000\000\000\000\000\000\000\000\000\000\000\000\000\000\000\000\000\000\000\000\000\000""; }; requestCookie: 4; "
1750587284710,1750587284710,1399,1,1,3,TMLedgerData,"ledgerHash: ""b\001;\355\\351h\305\360*\252j\2470\334[#|\313\3606\207\210\245\372\217RX\333g`K""; ledgerSeq: 0; type: liTS_CANDIDATE; nodes {;   nodedata: "" \245\366\271\024\035\303\242}O\341[\232\374\0350\307\253\205\001\301\216B\031pk\231\004\271\276\265\240\002\003"";   nodeid: ""\000\000\000\000\000\000\000\000\000\000\000\000\000\000\000\000\000\000\000\000\000\000\000\000\000\000\000\000\000\000\000\000\000""; }; requestCookie: 2; ","ledgerHash: ""b\001;\355\\351h\305\360*\252j\2470\334[#|\313\3606\207\210\245\372\217RX\333g`K""; ledgerSeq: 0; type: liTS_CANDIDATE; nodes {;   nodedata: "" \245\366\271\024\035\303\242}O\341[\232\374\0350\307\253\205\001\301\216B\031pk\231\004\271\276\265\240\002\003"";   nodeid: ""\000\000\000\000\000\000\000\000\000\000\000\000\000\000\000\000\000\000\000\000\000\000\000\000\000\000\000\000\000\000\000\000\000""; }; requestCookie: 2; "
1750587284716,1750587284716,3097,1,2,0,TMLedgerData,"ledgerHash: ""b\001;\355\\351h\305\360*\252j\2470\334[#|\313\3606\207\210\245\372\217RX\333g`K""; ledgerSeq: 0; type: liTS_CANDIDATE; nodes {;   nodedata: "" \245\366\271\024\035\303\242}O\341[\232\374\0350\307\253\205\001\301\216B\031pk\231\004\271\276\265\240\002\003"";   nodeid: ""\000\000\000\000\000\000\000\000\000\000\000\000\000\000\000\000\000\000\000\000\000\000\000\000\000\000\000\000\000\000\000\000\000""; }; ","ledgerHash: ""b\001;\355\\351h\305\360*\252j\2470\334[#|\313\3606\207\210\245\372\217RX\333g`K""; ledgerSeq: 0; type: liTS_CANDIDATE; nodes {;   nodedata: "" \245\366\271\024\035\303\242}O\341[\232\374\0350\307\253\205\001\301\216B\031pk\231\004\271\276\265\240\002\003"";   nodeid: ""\000\000\000\000\000\000\000\000\000\000\000\000\000\000\000\000\000\000\000\000\000\000\000\000\000\000\000\000\000\000\000\000\000""; }; "
1750587284720,1750587284720,520,1,2,1,TMLedgerData,"ledgerHash: ""\237\231\311\371Y@""\177>\241""\310\233r\315\210Z\003g\334\034\021\305\3353Q\035\224\200\224\347\257""; ledgerSeq: 8; type: liBASE; nodes {;   nodedata: ""\000\000\000\010\001cEx]\211\377\330\311\347s\234ae\204\263\365U\334\372D\354\345\276\201f\035\271%#\375\245\314.""\373\330&\3746\177P.\377\255K\330\362G{!s_\276B\273\031\331\234\023vy$7i\342\243\243\220\021_\222w1E\236\020?0\232H\266\366\033p\353\250\025\255\235\310\215\275\032\005\371R<p\240.\2618\277/\352\224\010/\352\224\020\n\000""; }; nodes {;   nodedata: ""h\315\350\215y\203\242]\371\235\232Pt&\325\210eZ\346\237XZ \277\2457n\221\336\253\245\317\002G)\346n?\227\005Y\336\276m\244>\014/\353)\343S\223\201\230\250\301d\027c\001\302\ris\006E\344\037@\210\363\010\336T\226\247'\204_{\261\370""1\235\2445\343\033Y!\212\201\341\272\225'\007\f\n0\233\306>\377~V|O\232@\324_\273\232o\\235\370\234IE\333\255j\001\361\204%\n\265\022\035W\277\033\265pM\027\313x\327iNP(O\216Pk&\235\336\223\217\374\212\253\322w\362\013\210`4\253""\302f\230\374\037bx\0145C\307\337\316[\244d\302\3031\347\300\025aX\357\226\221\016\003""; }; nodes {;   nodedata: ""f\225yM\014\263\225\204\377[\235\030P4BO\343Z\264\3646\307\304\177\327\n\261+$r\257\263\n\003""; }; ","ledgerHash: ""\237\231\311\371Y@""\177>\241""\310\233r\315\210Z\003g\334\034\021\305\3353Q\035\224\200\224\347\257""; ledgerSeq: 8; type: liBASE; nodes {;   nodedata: ""\000\000\000\010\001cEx]\211\377\330\311\347s\234ae\204\263\365U\334\372D\354\345\276\201f\035\271%#\375\245\314.""\373\330&\3746\177P.\377\255K\330\362G{!s_\276B\273\031\331\234\023vy$7i\342\243\243\220\021_\222w1E\236\020?0\232H\266\366\033p\353\250\025\255\235\310\215\275\032\005\371R<p\240.\2618\277/\352\224\010/\352\224\020\n\000""; }; nodes {;   nodedata: ""h\315\350\215y\203\242]\371\235\232Pt&\325\210eZ\346\237XZ \277\2457n\221\336\253\245\317\002G)\346n?\227\005Y\336\276m\244>\014/\353)\343S\223\201\230\250\301d\027c\001\302\ris\006E\344\037@\210\363\010\336T\226\247'\204_{\261\370""1\235\2445\343\033Y!\212\201\341\272\225'\007\f\n0\233\306>\377~V|O\232@\324_\273\232o\\235\370\234IE\333\255j\001\361\204%\n\265\022\035W\277\033\265pM\027\313x\327iNP(O\216Pk&\235\336\223\217\374\212\253\322w\362\013\210`4\253""\302f\230\374\037bx\0145C\307\337\316[\244d\302\3031\347\300\025aX\357\226\221\016\003""; }; nodes {;   nodedata: ""f\225yM\014\263\225\204\377[\235\030P4BO\343Z\264\3646\307\304\177\327\n\261+$r\257\263\n\003""; }; "
1750587284730,1750587284731,3097,1,2,0,TMLedgerData,"ledgerHash: ""\354@[\274\202\021\202\373Vi\243\n\325\250\005e\360""m\346'\311@\343\016$L\346\334\360<w""; ledgerSeq: 8; type: liBASE; nodes {;   nodedata: ""\000\000\000\010\001cEx]\211\377\342\311\347s\234ae\204\263\365U\334\372D\354\345\276\201f\035\271%#\375\245\314.""\373\330&\3746\000\000\000\000\000\000\000\000\000\000\000\000\000\000\000\000\000\000\000\000\000\000\000\000\000\000\000\000\000\000\000\000\245lQI\023\t3o\213\325\024\3601\255\010\244\306\3215\261\204Q\r\327\317\312f\322eb\215C/\352\224\010/\352\224\020\n\000""; }; nodes {;   nodedata: ""h\315\350\215y\203\242]\371\235\232Pt&\325\210eZ\346\237XZ \277\2457n\221\336\253\245\317\002w\n\356\350\316{k\272E0\225\362\025\010\366\367\372\263\355xq\360\261\376M<\356\347\007zf\307\006E\344\037@\210\363\010\336T\226\247'\204_{\261\370""1\235\2445\343\033Y!\212\201\341\272\225'\007*$\244&\336\343'\233i\332\374\245 {^\306-N\333\gE\006\347\212\331C\211Z\177\247\031\n\265\022\035W\277\033\265pM\027\313x\327iNP(O\216Pk&\235\336\223\217\374\212\253\322w\362\013\210`4\253""\302f\230\374\037bx\0145C\307\337\316[\244d\302\3031\347\300\025aX\357\226\221\016\003""; }; ","ledgerHash: ""\354@[\274\202\021\202\373Vi\243\n\325\250\005e\360""m\346'\311@\343\016$L\346\334\360<w""; ledgerSeq: 8; type: liBASE; nodes {;   nodedata: ""\000\000\000\010\001cEx]\211\377\342\311\347s\234ae\204\263\365U\334\372D\354\345\276\201f\035\271%#\375\245\314.""\373\330&\3746\000\000\000\000\000\000\000\000\000\000\000\000\000\000\000\000\000\000\000\000\000\000\000\000\000\000\000\000\000\000\000\000\245lQI\023\t3o\213\325\024\3601\255\010\244\306\3215\261\204Q\r\327\317\312f\322eb\215C/\352\224\010/\352\224\020\n\000""; }; nodes {;   nodedata: ""h\315\350\215y\203\242]\371\235\232Pt&\325\210eZ\346\237XZ \277\2457n\221\336\253\245\317\002w\n\356\350\316{k\272E0\225\362\025\010\366\367\372\263\355xq\360\261\376M<\356\347\007zf\307\006E\344\037@\210\363\010\336T\226\247'\204_{\261\370""1\235\2445\343\033Y!\212\201\341\272\225'\007*$\244&\336\343'\233i\332\374\245 {^\306-N\333\gE\006\347\212\331C\211Z\177\247\031\n\265\022\035W\277\033\265pM\027\313x\327iNP(O\216Pk&\235\336\223\217\374\212\253\322w\362\013\210`4\253""\302f\230\374\037bx\0145C\307\337\316[\244d\302\3031\347\300\025aX\357\226\221\016\003""; }; "
1750587284731,1750587284732,3097,1,2,0,TMLedgerData,"ledgerHash: ""\354@[\274\202\021\202\373Vi\243\n\325\250\005e\360""m\346'\311@\343\016$L\346\334\360<w""; ledgerSeq: 8; type: liBASE; nodes {;   nodedata: ""\000\000\000\010\001cEx]\211\377\342\311\347s\234ae\204\263\365U\334\372D\354\345\276\201f\035\271%#\375\245\314.""\373\330&\3746\000\000\000\000\000\000\000\000\000\000\000\000\000\000\000\000\000\000\000\000\000\000\000\000\000\000\000\000\000\000\000\000\245lQI\023\t3o\213\325\024\3601\255\010\244\306\3215\261\204Q\r\327\317\312f\322eb\215C/\352\224\010/\352\224\020\n\000""; }; nodes {;   nodedata: ""h\315\350\215y\203\242]\371\235\232Pt&\325\210eZ\346\237XZ \277\2457n\221\336\253\245\317\002w\n\356\350\316{k\272E0\225\362\025\010\366\367\372\263\355xq\360\261\376M<\356\347\007zf\307\006E\344\037@\210\363\010\336T\226\247'\204_{\261\370""1\235\2445\343\033Y!\212\201\341\272\225'\007*$\244&\336\343'\233i\332\374\245 {^\306-N\333\gE\006\347\212\331C\211Z\177\247\031\n\265\022\035W\277\033\265pM\027\313x\327iNP(O\216Pk&\235\336\223\217\374\212\253\322w\362\013\210`4\253""\302f\230\374\037bx\0145C\307\337\316[\244d\302\3031\347\300\025aX\357\226\221\016\003""; }; ","ledgerHash: ""\354@[\274\202\021\202\373Vi\243\n\325\250\005e\360""m\346'\311@\343\016$L\346\334\360<w""; ledgerSeq: 8; type: liBASE; nodes {;   nodedata: ""\000\000\000\010\001cEx]\211\377\342\311\347s\234ae\204\263\365U\334\372D\354\345\276\201f\035\271%#\375\245\314.""\373\330&\3746\000\000\000\000\000\000\000\000\000\000\000\000\000\000\000\000\000\000\000\000\000\000\000\000\000\000\000\000\000\000\000\000\245lQI\023\t3o\213\325\024\3601\255\010\244\306\3215\261\204Q\r\327\317\312f\322eb\215C/\352\224\010/\352\224\020\n\000""; }; nodes {;   nodedata: ""h\315\350\215y\203\242]\371\235\232Pt&\325\210eZ\346\237XZ \277\2457n\221\336\253\245\317\002w\n\356\350\316{k\272E0\225\362\025\010\366\367\372\263\355xq\360\261\376M<\356\347\007zf\307\006E\344\037@\210\363\010\336T\226\247'\204_{\261\370""1\235\2445\343\033Y!\212\201\341\272\225'\007*$\244&\336\343'\233i\332\374\245 {^\306-N\333\gE\006\347\212\331C\211Z\177\247\031\n\265\022\035W\277\033\265pM\027\313x\327iNP(O\216Pk&\235\336\223\217\374\212\253\322w\362\013\210`4\253""\302f\230\374\037bx\0145C\307\337\316[\244d\302\3031\347\300\025aX\357\226\221\016\003""; }; "
1750587284733,1750587284733,486,1,4,0,TMLedgerData,"ledgerHash: ""b\001;\355\\351h\305\360*\252j\2470\334[#|\313\3606\207\210\245\372\217RX\333g`K""; ledgerSeq: 0; type: liTS_CANDIDATE; nodes {;   nodedata: "" \245\366\271\024\035\303\242}O\341[\232\374\0350\307\253\205\001\301\216B\031pk\231\004\271\276\265\240\002\003"";   nodeid: ""\000\000\000\000\000\000\000\000\000\000\000\000\000\000\000\000\000\000\000\000\000\000\000\000\000\000\000\000\000\000\000\000\000""; }; ","ledgerHash: ""b\001;\355\\351h\305\360*\252j\2470\334[#|\313\3606\207\210\245\372\217RX\333g`K""; ledgerSeq: 0; type: liTS_CANDIDATE; nodes {;   nodedata: "" \245\366\271\024\035\303\242}O\341[\232\374\0350\307\253\205\001\301\216B\031pk\231\004\271\276\265\240\002\003"";   nodeid: ""\000\000\000\000\000\000\000\000\000\000\000\000\000\000\000\000\000\000\000\000\000\000\000\000\000\000\000\000\000\000\000\000\000""; }; "
1750587284739,1750587284739,1743,1,2,4,TMLedgerData,"ledgerHash: ""b\001;\355\\351h\305\360*\252j\2470\334[#|\313\3606\207\210\245\372\217RX\333g`K""; ledgerSeq: 0; type: liTS_CANDIDATE; nodes {;   nodedata: "" \245\366\271\024\035\303\242}O\341[\232\374\0350\307\253\205\001\301\216B\031pk\231\004\271\276\265\240\002\003"";   nodeid: ""\000\000\000\000\000\000\000\000\000\000\000\000\000\000\000\000\000\000\000\000\000\000\000\000\000\000\000\000\000\000\000\000\000""; }; requestCookie: 1; ","ledgerHash: ""b\001;\355\\351h\305\360*\252j\2470\334[#|\313\3606\207\210\245\372\217RX\333g`K""; ledgerSeq: 0; type: liTS_CANDIDATE; nodes {;   nodedata: "" \245\366\271\024\035\303\242}O\341[\232\374\0350\307\253\205\001\301\216B\031pk\231\004\271\276\265\240\002\003"";   nodeid: ""\000\000\000\000\000\000\000\000\000\000\000\000\000\000\000\000\000\000\000\000\000\000\000\000\000\000\000\000\000\000\000\000\000""; }; requestCookie: 1; "
1750587284740,1750587284740,499,1,2,4,TMGetLedger,"itype: liTS_CANDIDATE; ledgerHash: ""q|\216``\027\240\206w\312\263+\241\310\271\371\2034\351_\3373\tL\007q_p\342\264_z""; nodeIDs: ""\000\000\000\000\000\000\000\000\000\000\000\000\000\000\000\000\000\000\000\000\000\000\000\000\000\000\000\000\000\000\000\000\000""; queryType: qtINDIRECT; queryDepth: 3; ","itype: liTS_CANDIDATE; ledgerHash: ""q|\216``\027\240\206w\312\263+\241\310\271\371\2034\351_\3373\tL\007q_p\342\264_z""; nodeIDs: ""\000\000\000\000\000\000\000\000\000\000\000\000\000\000\000\000\000\000\000\000\000\000\000\000\000\000\000\000\000\000\000\000\000""; queryType: qtINDIRECT; queryDepth: 3; "
1750587284758,1750587284758,3410,1,4,3,TMStatusChange,"newEvent: neACCEPTED_LEDGER; ledgerSeq: 9; ledgerHash: ""\343Wm\035\376\203\232\356k\245\271\021\205\203\327\233g\366^\321\002\233\004>{\003\223\177\372z\205\356""; ledgerHashPrevious: ""\354@[\274\202\021\202\373Vi\243\n\325\250\005e\360""m\346'\311@\343\016$L\346\334\360<w""; networkTime: 803902484; firstSeq: 1; lastSeq: 8; ","newEvent: neACCEPTED_LEDGER; ledgerSeq: 9; ledgerHash: ""\343Wm\035\376\203\232\356k\245\271\021\205\203\327\233g\366^\321\002\233\004>{\003\223\177\372z\205\356""; ledgerHashPrevious: ""\354@[\274\202\021\202\373Vi\243\n\325\250\005e\360""m\346'\311@\343\016$L\346\334\360<w""; networkTime: 803902484; firstSeq: 1; lastSeq: 8; "
1750587284760,1750587284760,1548,1,4,0,TMStatusChange,"newEvent: neACCEPTED_LEDGER; ledgerSeq: 9; ledgerHash: ""\343Wm\035\376\203\232\356k\245\271\021\205\203\327\233g\366^\321\002\233\004>{\003\223\177\372z\205\356""; ledgerHashPrevious: ""\354@[\274\202\021\202\373Vi\243\n\325\250\005e\360""m\346'\311@\343\016$L\346\334\360<w""; networkTime: 803902484; firstSeq: 1; lastSeq: 8; ","newEvent: neACCEPTED_LEDGER; ledgerSeq: 9; ledgerHash: ""\343Wm\035\376\203\232\356k\245\271\021\205\203\327\233g\366^\321\002\233\004>{\003\223\177\372z\205\356""; ledgerHashPrevious: ""\354@[\274\202\021\202\373Vi\243\n\325\250\005e\360""m\346'\311@\343\016$L\346\334\360<w""; networkTime: 803902484; firstSeq: 1; lastSeq: 8; "
1750587284759,1750587284760,3520,1,3,1,TMLedgerData,"ledgerHash: ""\237\231\311\371Y@""\177>\241""\310\233r\315\210Z\003g\334\034\021\305\3353Q\035\224\200\224\347\257""; ledgerSeq: 8; type: liBASE; nodes {;   nodedata: ""\000\000\000\010\001cEx]\211\377\330\311\347s\234ae\204\263\365U\334\372D\354\345\276\201f\035\271%#\375\245\314.""\373\330&\3746\177P.\377\255K\330\362G{!s_\276B\273\031\331\234\023vy$7i\342\243\243\220\021_\222w1E\236\020?0\232H\266\366\033p\353\250\025\255\235\310\215\275\032\005\371R<p\240.\2618\277/\352\224\010/\352\224\020\n\000""; }; nodes {;   nodedata: ""h\315\350\215y\203\242]\371\235\232Pt&\325\210eZ\346\237XZ \277\2457n\221\336\253\245\317\002G)\346n?\227\005Y\336\276m\244>\014/\353)\343S\223\201\230\250\301d\027c\001\302\ris\006E\344\037@\210\363\010\336T\226\247'\204_{\261\370""1\235\2445\343\033Y!\212\201\341\272\225'\007\f\n0\233\306>\377~V|O\232@\324_\273\232o\\235\370\234IE\333\255j\001\361\204%\n\265\022\035W\277\033\265pM\027\313x\327iNP(O\216Pk&\235\336\223\217\374\212\253\322w\362\013\210`4\253""\302f\230\374\037bx\0145C\307\337\316[\244d\302\3031\347\300\025aX\357\226\221\016\003""; }; nodes {;   nodedata: ""f\225yM\014\263\225\204\377[\235\030P4BO\343Z\264\3646\307\304\177\327\n\261+$r\257\263\n\003""; }; requestCookie: 5; ","ledgerHash: ""\237\231\311\371Y@""\177>\241""\310\233r\315\210Z\003g\334\034\021\305\3353Q\035\224\200\224\347\257""; ledgerSeq: 8; type: liBASE; nodes {;   nodedata: ""\000\000\000\010\001cEx]\211\377\330\311\347s\234ae\204\263\365U\334\372D\354\345\276\201f\035\271%#\375\245\314.""\373\330&\3746\177P.\377\255K\330\362G{!s_\276B\273\031\331\234\023vy$7i\342\243\243\220\021_\222w1E\236\020?0\232H\266\366\033p\353\250\025\255\235\310\215\275\032\005\371R<p\240.\2618\277/\352\224\010/\352\224\020\n\000""; }; nodes {;   nodedata: ""h\315\350\215y\203\242]\371\235\232Pt&\325\210eZ\346\237XZ \277\2457n\221\336\253\245\317\002G)\346n?\227\005Y\336\276m\244>\014/\353)\343S\223\201\230\250\301d\027c\001\302\ris\006E\344\037@\210\363\010\336T\226\247'\204_{\261\370""1\235\2445\343\033Y!\212\201\341\272\225'\007\f\n0\233\306>\377~V|O\232@\324_\273\232o\\235\370\234IE\333\255j\001\361\204%\n\265\022\035W\277\033\265pM\027\313x\327iNP(O\216Pk&\235\336\223\217\374\212\253\322w\362\013\210`4\253""\302f\230\374\037bx\0145C\307\337\316[\244d\302\3031\347\300\025aX\357\226\221\016\003""; }; nodes {;   nodedata: ""f\225yM\014\263\225\204\377[\235\030P4BO\343Z\264\3646\307\304\177\327\n\261+$r\257\263\n\003""; }; requestCookie: 5; "
1750587284759,1750587284759,1021,1,4,2,TMStatusChange,"newEvent: neACCEPTED_LEDGER; ledgerSeq: 9; ledgerHash: ""\343Wm\035\376\203\232\356k\245\271\021\205\203\327\233g\366^\321\002\233\004>{\003\223\177\372z\205\356""; ledgerHashPrevious: ""\354@[\274\202\021\202\373Vi\243\n\325\250\005e\360""m\346'\311@\343\016$L\346\334\360<w""; networkTime: 803902484; firstSeq: 1; lastSeq: 8; ","newEvent: neACCEPTED_LEDGER; ledgerSeq: 9; ledgerHash: ""\343Wm\035\376\203\232\356k\245\271\021\205\203\327\233g\366^\321\002\233\004>{\003\223\177\372z\205\356""; ledgerHashPrevious: ""\354@[\274\202\021\202\373Vi\243\n\325\250\005e\360""m\346'\311@\343\016$L\346\334\360<w""; networkTime: 803902484; firstSeq: 1; lastSeq: 8; "
1750587284760,1750587284760,1760,1,4,1,TMStatusChange,"newEvent: neACCEPTED_LEDGER; ledgerSeq: 9; ledgerHash: ""\343Wm\035\376\203\232\356k\245\271\021\205\203\327\233g\366^\321\002\233\004>{\003\223\177\372z\205\356""; ledgerHashPrevious: ""\354@[\274\202\021\202\373Vi\243\n\325\250\005e\360""m\346'\311@\343\016$L\346\334\360<w""; networkTime: 803902484; firstSeq: 1; lastSeq: 8; ","newEvent: neACCEPTED_LEDGER; ledgerSeq: 9; ledgerHash: ""\343Wm\035\376\203\232\356k\245\271\021\205\203\327\233g\366^\321\002\233\004>{\003\223\177\372z\205\356""; ledgerHashPrevious: ""\354@[\274\202\021\202\373Vi\243\n\325\250\005e\360""m\346'\311@\343\016$L\346\334\360<w""; networkTime: 803902484; firstSeq: 1; lastSeq: 8; "
1750587284766,1750587284766,2792,1,4,2,TMLedgerData,"ledgerHash: ""\007\347lg\346B\270\350\352\375\266\371?(\361\364\365I|\375\262>\230(\333\250\331\007\360U\024\027""; ledgerSeq: 0; type: liTS_CANDIDATE; nodes {;   nodedata: ""\003S\n\235\2624\346\340\377asq\337\223T\316nL\232)C!\360\245\205[L\224\\351\351\000\003"";   nodeid: ""\000\000\000\000\000\000\000\000\000\000\000\000\000\000\000\000\000\000\000\000\000\000\000\000\000\000\000\000\000\000\000\000\000""; }; ","ledgerHash: ""\007\347lg\346B\270\350\352\375\266\371?(\361\364\365I|\375\262>\230(\333\250\331\007\360U\024\027""; ledgerSeq: 0; type: liTS_CANDIDATE; nodes {;   nodedata: ""\003S\n\235\2624\346\340\377asq\337\223T\316nL\232)C!\360\245\205[L\224\\351\351\000\003"";   nodeid: ""\000\000\000\000\000\000\000\000\000\000\000\000\000\000\000\000\000\000\000\000\000\000\000\000\000\000\000\000\000\000\000\000\000""; }; "
1750587284776,1750587284776,792,1,0,4,TMValidation,"validation: """"\200\000\000\001&\000\000\000\010)/\352\224\021:Q\231\304\227'3\313\030Q\354@[\274\202\021\202\373Vi\243\n\325\250\005e\360""m\346'\311@\343\016$L\346\334\360<wP\027\000\000\000\000\000\000\000\000\000\000\000\000\000\000\000\000\000\000\000\000\000\000\000\000\000\000\000\000\000\000\000\000P\031\311\347s\234ae\204\263\365U\334\372D\354\345\276\201f\035\271%#\375\245\314.""\373\330&\3746s!\003ql\302)\235\321\t\213\224\356\374%%\311\327\037\374\304\t\335\2359\344\233\035]\347<u\236\364\222vF0D\002 \001\177~\274HY$\014\223\203q\307\261F8LW\267\243\221v\236\256\244\031\367H\375y\231\346!\002 3\217\302\227\231\311\023\236\315\237\251\010%\230\241x\346!,\315\211g\027\370\267*bD=%@\240""; ","validation: """"\200\000\000\001&\000\000\000\010)/\352\224\021:Q\231\304\227'3\313\030Q\354@[\274\202\021\202\373Vi\243\n\325\250\005e\360""m\346'\311@\343\016$L\346\334\360<wP\027\000\000\000\000\000\000\000\000\000\000\000\000\000\000\000\000\000\000\000\000\000\000\000\000\000\000\000\000\000\000\000\000P\031\311\347s\234ae\204\263\365U\334\372D\354\345\276\201f\035\271%#\375\245\314.""\373\330&\3746s!\003ql\302)\235\321\t\213\224\356\374%%\311\327\037\374\304\t\335\2359\344\233\035]\347<u\236\364\222vF0D\002 \001\177~\274HY$\014\223\203q\307\261F8LW\267\243\221v\236\256\244\031\367H\375y\231\346!\002 3\217\302\227\231\311\023\236\315\237\251\010%\230\241x\346!,\315\211g\027\370\267*bD=%@\240""; "
1750587284776,1750587284777,779,1,0,3,TMValidation,"validation: """"\200\000\000\001&\000\000\000\010)/\352\224\021:Q\231\304\227'3\313\030Q\354@[\274\202\021\202\373Vi\243\n\325\250\005e\360""m\346'\311@\343\016$L\346\334\360<wP\027\000\000\000\000\000\000\000\000\000\000\000\000\000\000\000\000\000\000\000\000\000\000\000\000\000\000\000\000\000\000\000\000P\031\311\347s\234ae\204\263\365U\334\372D\354\345\276\201f\035\271%#\375\245\314.""\373\330&\3746s!\003ql\302)\235\321\t\213\224\356\374%%\311\327\037\374\304\t\335\2359\344\233\035]\347<u\236\364\222vF0D\002 \001\177~\274HY$\014\223\203q\307\261F8LW\267\243\221v\236\256\244\031\367H\375y\231\346!\002 3\217\302\227\231\311\023\236\315\237\251\010%\230\241x\346!,\315\211g\027\370\267*bD=%@\240""; ","validation: """"\200\000\000\001&\000\000\000\010)/\352\224\021:Q\231\304\227'3\313\030Q\354@[\274\202\021\202\373Vi\243\n\325\250\005e\360""m\346'\311@\343\016$L\346\334\360<wP\027\000\000\000\000\000\000\000\000\000\000\000\000\000\000\000\000\000\000\000\000\000\000\000\000\000\000\000\000\000\000\000\000P\031\311\347s\234ae\204\263\365U\334\372D\354\345\276\201f\035\271%#\375\245\314.""\373\330&\3746s!\003ql\302)\235\321\t\213\224\356\374%%\311\327\037\374\304\t\335\2359\344\233\035]\347<u\236\364\222vF0D\002 \001\177~\274HY$\014\223\203q\307\261F8LW\267\243\221v\236\256\244\031\367H\375y\231\346!\002 3\217\302\227\231\311\023\236\315\237\251\010%\230\241x\346!,\315\211g\027\370\267*bD=%@\240""; "
1750587284777,1750587284777,2684,1,0,1,TMValidation,"validation: """"\200\000\000\001&\000\000\000\010)/\352\224\021:Q\231\304\227'3\313\030Q\354@[\274\202\021\202\373Vi\243\n\325\250\005e\360""m\346'\311@\343\016$L\346\334\360<wP\027\000\000\000\000\000\000\000\000\000\000\000\000\000\000\000\000\000\000\000\000\000\000\000\000\000\000\000\000\000\000\000\000P\031\311\347s\234ae\204\263\365U\334\372D\354\345\276\201f\035\271%#\375\245\314.""\373\330&\3746s!\003ql\302)\235\321\t\213\224\356\374%%\311\327\037\374\304\t\335\2359\344\233\035]\347<u\236\364\222vF0D\002 \001\177~\274HY$\014\223\203q\307\261F8LW\267\243\221v\236\256\244\031\367H\375y\231\346!\002 3\217\302\227\231\311\023\236\315\237\251\010%\230\241x\346!,\315\211g\027\370\267*bD=%@\240""; ","validation: """"\200\000\000\001&\000\000\000\010)/\352\224\021:Q\231\304\227'3\313\030Q\354@[\274\202\021\202\373Vi\243\n\325\250\005e\360""m\346'\311@\343\016$L\346\334\360<wP\027\000\000\000\000\000\000\000\000\000\000\000\000\000\000\000\000\000\000\000\000\000\000\000\000\000\000\000\000\000\000\000\000P\031\311\347s\234ae\204\263\365U\334\372D\354\345\276\201f\035\271%#\375\245\314.""\373\330&\3746s!\003ql\302)\235\321\t\213\224\356\374%%\311\327\037\374\304\t\335\2359\344\233\035]\347<u\236\364\222vF0D\002 \001\177~\274HY$\014\223\203q\307\261F8LW\267\243\221v\236\256\244\031\367H\375y\231\346!\002 3\217\302\227\231\311\023\236\315\237\251\010%\230\241x\346!,\315\211g\027\370\267*bD=%@\240""; "
1750587284815,1750587284815,769,1,4,0,TMGetLedger,"itype: liTS_CANDIDATE; ledgerHash: ""\007\347lg\346B\270\350\352\375\266\371?(\361\364\365I|\375\262>\230(\333\250\331\007\360U\024\027""; nodeIDs: ""\000\000\000\000\000\000\000\000\000\000\000\000\000\000\000\000\000\000\000\000\000\000\000\000\000\000\000\000\000\000\000\000\000""; queryType: qtINDIRECT; queryDepth: 3; ","itype: liTS_CANDIDATE; ledgerHash: ""\007\347lg\346B\270\350\352\375\266\371?(\361\364\365I|\375\262>\230(\333\250\331\007\360U\024\027""; nodeIDs: ""\000\000\000\000\000\000\000\000\000\000\000\000\000\000\000\000\000\000\000\000\000\000\000\000\000\000\000\000\000\000\000\000\000""; queryType: qtINDIRECT; queryDepth: 3; "
1750587284815,1750587284815,557,1,4,1,TMGetLedger,"itype: liTS_CANDIDATE; ledgerHash: ""\007\347lg\346B\270\350\352\375\266\371?(\361\364\365I|\375\262>\230(\333\250\331\007\360U\024\027""; nodeIDs: ""\000\000\000\000\000\000\000\000\000\000\000\000\000\000\000\000\000\000\000\000\000\000\000\000\000\000\000\000\000\000\000\000\000""; queryType: qtINDIRECT; queryDepth: 3; ","itype: liTS_CANDIDATE; ledgerHash: ""\007\347lg\346B\270\350\352\375\266\371?(\361\364\365I|\375\262>\230(\333\250\331\007\360U\024\027""; nodeIDs: ""\000\000\000\000\000\000\000\000\000\000\000\000\000\000\000\000\000\000\000\000\000\000\000\000\000\000\000\000\000\000\000\000\000""; queryType: qtINDIRECT; queryDepth: 3; "
1750587284816,1750587284816,1467,1,4,2,TMGetLedger,"itype: liTS_CANDIDATE; ledgerHash: ""\007\347lg\346B\270\350\352\375\266\371?(\361\364\365I|\375\262>\230(\333\250\331\007\360U\024\027""; nodeIDs: ""\000\000\000\000\000\000\000\000\000\000\000\000\000\000\000\000\000\000\000\000\000\000\000\000\000\000\000\000\000\000\000\000\000""; queryType: qtINDIRECT; queryDepth: 3; ","itype: liTS_CANDIDATE; ledgerHash: ""\007\347lg\346B\270\350\352\375\266\371?(\361\364\365I|\375\262>\230(\333\250\331\007\360U\024\027""; nodeIDs: ""\000\000\000\000\000\000\000\000\000\000\000\000\000\000\000\000\000\000\000\000\000\000\000\000\000\000\000\000\000\000\000\000\000""; queryType: qtINDIRECT; queryDepth: 3; "
1750587284816,1750587284816,3914,1,4,3,TMGetLedger,"itype: liTS_CANDIDATE; ledgerHash: ""\007\347lg\346B\270\350\352\375\266\371?(\361\364\365I|\375\262>\230(\333\250\331\007\360U\024\027""; nodeIDs: ""\000\000\000\000\000\000\000\000\000\000\000\000\000\000\000\000\000\000\000\000\000\000\000\000\000\000\000\000\000\000\000\000\000""; queryType: qtINDIRECT; queryDepth: 3; ","itype: liTS_CANDIDATE; ledgerHash: ""\007\347lg\346B\270\350\352\375\266\371?(\361\364\365I|\375\262>\230(\333\250\331\007\360U\024\027""; nodeIDs: ""\000\000\000\000\000\000\000\000\000\000\000\000\000\000\000\000\000\000\000\000\000\000\000\000\000\000\000\000\000\000\000\000\000""; queryType: qtINDIRECT; queryDepth: 3; "
1750587284842,1750587284842,628,1,3,2,TMLedgerData,"ledgerHash: ""\r!N\267\203~\313a\272~\344A\332\034\332r\\301\240a\307\341\261(c(\021\265B\030@(""; ledgerSeq: 0; type: liTS_CANDIDATE; nodes {;   nodedata: ""\247\272\246\2214\014W1\360z\262\252=\343\207'\275\266;\016\021\306\330\030\225\023\357\272\353\200x\221\n\003"";   nodeid: ""\000\000\000\000\000\000\000\000\000\000\000\000\000\000\000\000\000\000\000\000\000\000\000\000\000\000\000\000\000\000\000\000\000""; }; ","ledgerHash: ""\r!N\267\203~\313a\272~\344A\332\034\332r\\301\240a\307\341\261(c(\021\265B\030@(""; ledgerSeq: 0; type: liTS_CANDIDATE; nodes {;   nodedata: ""\247\272\246\2214\014W1\360z\262\252=\343\207'\275\266;\016\021\306\330\030\225\023\357\272\353\200x\221\n\003"";   nodeid: ""\000\000\000\000\000\000\000\000\000\000\000\000\000\000\000\000\000\000\000\000\000\000\000\000\000\000\000\000\000\000\000\000\000""; }; "
1750587284858,1750587284858,486,1,4,0,TMLedgerData,"ledgerHash: ""\007\347lg\346B\270\350\352\375\266\371?(\361\364\365I|\375\262>\230(\333\250\331\007\360U\024\027""; ledgerSeq: 0; type: liTS_CANDIDATE; nodes {;   nodedata: ""\003S\n\235\2624\346\340\377asq\337\223T\316nL\232)C!\360\245\205[L\224\\351\351\000\003"";   nodeid: ""\000\000\000\000\000\000\000\000\000\000\000\000\000\000\000\000\000\000\000\000\000\000\000\000\000\000\000\000\000\000\000\000\000""; }; ","ledgerHash: ""\007\347lg\346B\270\350\352\375\266\371?(\361\364\365I|\375\262>\230(\333\250\331\007\360U\024\027""; ledgerSeq: 0; type: liTS_CANDIDATE; nodes {;   nodedata: ""\003S\n\235\2624\346\340\377asq\337\223T\316nL\232)C!\360\245\205[L\224\\351\351\000\003"";   nodeid: ""\000\000\000\000\000\000\000\000\000\000\000\000\000\000\000\000\000\000\000\000\000\000\000\000\000\000\000\000\000\000\000\000\000""; }; "
1750587284873,1750587284873,2715,1,1,4,TMLedgerData,"ledgerHash: ""\007\347lg\346B\270\350\352\375\266\371?(\361\364\365I|\375\262>\230(\333\250\331\007\360U\024\027""; ledgerSeq: 0; type: liTS_CANDIDATE; nodes {;   nodedata: ""\003S\n\235\2624\346\340\377asq\337\223T\316nL\232)C!\360\245\205[L\224\\351\351\000\003"";   nodeid: ""\000\000\000\000\000\000\000\000\000\000\000\000\000\000\000\000\000\000\000\000\000\000\000\000\000\000\000\000\000\000\000\000\000""; }; ","ledgerHash: ""\007\347lg\346B\270\350\352\375\266\371?(\361\364\365I|\375\262>\230(\333\250\331\007\360U\024\027""; ledgerSeq: 0; type: liTS_CANDIDATE; nodes {;   nodedata: ""\003S\n\235\2624\346\340\377asq\337\223T\316nL\232)C!\360\245\205[L\224\\351\351\000\003"";   nodeid: ""\000\000\000\000\000\000\000\000\000\000\000\000\000\000\000\000\000\000\000\000\000\000\000\000\000\000\000\000\000\000\000\000\000""; }; "
1750587284874,1750587284874,3520,1,3,1,TMLedgerData,"ledgerHash: ""b\001;\355\\351h\305\360*\252j\2470\334[#|\313\3606\207\210\245\372\217RX\333g`K""; ledgerSeq: 0; type: liTS_CANDIDATE; nodes {;   nodedata: "" \245\366\271\024\035\303\242}O\341[\232\374\0350\307\253\205\001\301\216B\031pk\231\004\271\276\265\240\002\003"";   nodeid: ""\000\000\000\000\000\000\000\000\000\000\000\000\000\000\000\000\000\000\000\000\000\000\000\000\000\000\000\000\000\000\000\000\000""; }; ","ledgerHash: ""b\001;\355\\351h\305\360*\252j\2470\334[#|\313\3606\207\210\245\372\217RX\333g`K""; ledgerSeq: 0; type: liTS_CANDIDATE; nodes {;   nodedata: "" \245\366\271\024\035\303\242}O\341[\232\374\0350\307\253\205\001\301\216B\031pk\231\004\271\276\265\240\002\003"";   nodeid: ""\000\000\000\000\000\000\000\000\000\000\000\000\000\000\000\000\000\000\000\000\000\000\000\000\000\000\000\000\000\000\000\000\000""; }; "
1750587284888,1750587284888,628,1,3,2,TMLedgerData,"ledgerHash: ""\007\347lg\346B\270\350\352\375\266\371?(\361\364\365I|\375\262>\230(\333\250\331\007\360U\024\027""; ledgerSeq: 0; type: liTS_CANDIDATE; nodes {;   nodedata: ""\003S\n\235\2624\346\340\377asq\337\223T\316nL\232)C!\360\245\205[L\224\\351\351\000\003"";   nodeid: ""\000\000\000\000\000\000\000\000\000\000\000\000\000\000\000\000\000\000\000\000\000\000\000\000\000\000\000\000\000\000\000\000\000""; }; ","ledgerHash: ""\007\347lg\346B\270\350\352\375\266\371?(\361\364\365I|\375\262>\230(\333\250\331\007\360U\024\027""; ledgerSeq: 0; type: liTS_CANDIDATE; nodes {;   nodedata: ""\003S\n\235\2624\346\340\377asq\337\223T\316nL\232)C!\360\245\205[L\224\\351\351\000\003"";   nodeid: ""\000\000\000\000\000\000\000\000\000\000\000\000\000\000\000\000\000\000\000\000\000\000\000\000\000\000\000\000\000\000\000\000\000""; }; "
1750587284917,1750587284917,1772,1,4,3,TMLedgerData,"ledgerHash: ""\007\347lg\346B\270\350\352\375\266\371?(\361\364\365I|\375\262>\230(\333\250\331\007\360U\024\027""; ledgerSeq: 0; type: liTS_CANDIDATE; nodes {;   nodedata: ""\003S\n\235\2624\346\340\377asq\337\223T\316nL\232)C!\360\245\205[L\224\\351\351\000\003"";   nodeid: ""\000\000\000\000\000\000\000\000\000\000\000\000\000\000\000\000\000\000\000\000\000\000\000\000\000\000\000\000\000\000\000\000\000""; }; ","ledgerHash: ""\007\347lg\346B\270\350\352\375\266\371?(\361\364\365I|\375\262>\230(\333\250\331\007\360U\024\027""; ledgerSeq: 0; type: liTS_CANDIDATE; nodes {;   nodedata: ""\003S\n\235\2624\346\340\377asq\337\223T\316nL\232)C!\360\245\205[L\224\\351\351\000\003"";   nodeid: ""\000\000\000\000\000\000\000\000\000\000\000\000\000\000\000\000\000\000\000\000\000\000\000\000\000\000\000\000\000\000\000\000\000""; }; "
1750587284967,1750587284967,3097,1,2,0,TMLedgerData,"ledgerHash: ""b\001;\355\\351h\305\360*\252j\2470\334[#|\313\3606\207\210\245\372\217RX\333g`K""; ledgerSeq: 0; type: liTS_CANDIDATE; nodes {;   nodedata: "" \245\366\271\024\035\303\242}O\341[\232\374\0350\307\253\205\001\301\216B\031pk\231\004\271\276\265\240\002\003"";   nodeid: ""\000\000\000\000\000\000\000\000\000\000\000\000\000\000\000\000\000\000\000\000\000\000\000\000\000\000\000\000\000\000\000\000\000""; }; ","ledgerHash: ""b\001;\355\\351h\305\360*\252j\2470\334[#|\313\3606\207\210\245\372\217RX\333g`K""; ledgerSeq: 0; type: liTS_CANDIDATE; nodes {;   nodedata: "" \245\366\271\024\035\303\242}O\341[\232\374\0350\307\253\205\001\301\216B\031pk\231\004\271\276\265\240\002\003"";   nodeid: ""\000\000\000\000\000\000\000\000\000\000\000\000\000\000\000\000\000\000\000\000\000\000\000\000\000\000\000\000\000\000\000\000\000""; }; "
1750587284981,1750587284981,486,1,4,0,TMLedgerData,"ledgerHash: ""b\001;\355\\351h\305\360*\252j\2470\334[#|\313\3606\207\210\245\372\217RX\333g`K""; ledgerSeq: 0; type: liTS_CANDIDATE; nodes {;   nodedata: "" \245\366\271\024\035\303\242}O\341[\232\374\0350\307\253\205\001\301\216B\031pk\231\004\271\276\265\240\002\003"";   nodeid: ""\000\000\000\000\000\000\000\000\000\000\000\000\000\000\000\000\000\000\000\000\000\000\000\000\000\000\000\000\000\000\000\000\000""; }; ","ledgerHash: ""b\001;\355\\351h\305\360*\252j\2470\334[#|\313\3606\207\210\245\372\217RX\333g`K""; ledgerSeq: 0; type: liTS_CANDIDATE; nodes {;   nodedata: "" \245\366\271\024\035\303\242}O\341[\232\374\0350\307\253\205\001\301\216B\031pk\231\004\271\276\265\240\002\003"";   nodeid: ""\000\000\000\000\000\000\000\000\000\000\000\000\000\000\000\000\000\000\000\000\000\000\000\000\000\000\000\000\000\000\000\000\000""; }; "
1750587285008,1750587285008,190,1,0,1,TMProposeSet,"proposeSeq: 4294967295; currentTxHash: ""\000\000\000\000\000\000\000\000\000\000\000\000\000\000\000\000\000\000\000\000\000\000\000\000\000\000\000\000\000\000\000\000""; nodePubKey: ""\002\347\243J\206W\025ML\260\226\0163\217\250\337\325W\253\356*O\245Z\271\234\207C\274\375`\335\311""; closeTime: 803902483; signature: ""0E\002!\000\334\206Ni\273\204\307]\276b\234\361?\263X\365,DV!~\337\t\351\200\3638w\344\023\223\\002 m\303\330\031_\375u\\354\221\3740\236\312b<\275hA\360$l\301\241'\210.W\001`@\275""; previousledger: ""\237\231\311\371Y@""\177>\241""\310\233r\315\210Z\003g\334\034\021\305\3353Q\035\224\200\224\347\257""; ","proposeSeq: 4294967295; currentTxHash: ""\000\000\000\000\000\000\000\000\000\000\000\000\000\000\000\000\000\000\000\000\000\000\000\000\000\000\000\000\000\000\000\000""; nodePubKey: ""\002\347\243J\206W\025ML\260\226\0163\217\250\337\325W\253\356*O\245Z\271\234\207C\274\375`\335\311""; closeTime: 803902483; signature: ""0E\002!\000\334\206Ni\273\204\307]\276b\234\361?\263X\365,DV!~\337\t\351\200\3638w\344\023\223\\002 m\303\330\031_\375u\\354\221\3740\236\312b<\275hA\360$l\301\241'\210.W\001`@\275""; previousledger: ""\237\231\311\371Y@""\177>\241""\310\233r\315\210Z\003g\334\034\021\305\3353Q\035\224\200\224\347\257""; "
1750587285008,1750587285008,2970,1,0,4,TMProposeSet,"proposeSeq: 4294967295; currentTxHash: ""\000\000\000\000\000\000\000\000\000\000\000\000\000\000\000\000\000\000\000\000\000\000\000\000\000\000\000\000\000\000\000\000""; nodePubKey: ""\002\347\243J\206W\025ML\260\226\0163\217\250\337\325W\253\356*O\245Z\271\234\207C\274\375`\335\311""; closeTime: 803902483; signature: ""0E\002!\000\334\206Ni\273\204\307]\276b\234\361?\263X\365,DV!~\337\t\351\200\3638w\344\023\223\\002 m\303\330\031_\375u\\354\221\3740\236\312b<\275hA\360$l\301\241'\210.W\001`@\275""; previousledger: ""\237\231\311\371Y@""\177>\241""\310\233r\315\210Z\003g\334\034\021\305\3353Q\035\224\200\224\347\257""; ","proposeSeq: 4294967295; currentTxHash: ""\000\000\000\000\000\000\000\000\000\000\000\000\000\000\000\000\000\000\000\000\000\000\000\000\000\000\000\000\000\000\000\000""; nodePubKey: ""\002\347\243J\206W\025ML\260\226\0163\217\250\337\325W\253\356*O\245Z\271\234\207C\274\375`\335\311""; closeTime: 803902483; signature: ""0E\002!\000\334\206Ni\273\204\307]\276b\234\361?\263X\365,DV!~\337\t\351\200\3638w\344\023\223\\002 m\303\330\031_\375u\\354\221\3740\236\312b<\275hA\360$l\301\241'\210.W\001`@\275""; previousledger: ""\237\231\311\371Y@""\177>\241""\310\233r\315\210Z\003g\334\034\021\305\3353Q\035\224\200\224\347\257""; "
1750587285009,1750587285009,1290,1,0,2,TMProposeSet,"proposeSeq: 0; currentTxHash: ""\r!N\267\203~\313a\272~\344A\332\034\332r\\301\240a\307\341\261(c(\021\265B\030@(""; nodePubKey: ""\003.\200\224\215?)t\306\315\242\313\251\255\302\204=\232.\271%}\013\024s\024\002@\216l""\241F""; closeTime: 803902478; signature: ""0D\002 z6\247q%\027\233\247\370B^H!\373\373\347\267Z\314\303\204\344!\035d\321\032\325\215\364\356\003\002 T\207?\351\220\010\254\273\370\027\207\177""\032\002\273\307\245mf5%\353_""\0263\247\004\035\222\203""; previousledger: ""\354@[\274\202\021\202\373Vi\243\n\325\250\005e\360""m\346'\311@\343\016$L\346\334\360<w""; ","proposeSeq: 0; currentTxHash: ""\r!N\267\203~\313a\272~\344A\332\034\332r\\301\240a\307\341\261(c(\021\265B\030@(""; nodePubKey: ""\003.\200\224\215?)t\306\315\242\313\251\255\302\204=\232.\271%}\013\024s\024\002@\216l""\241F""; closeTime: 803902478; signature: ""0D\002 z6\247q%\027\233\247\370B^H!\373\373\347\267Z\314\303\204\344!\035d\321\032\325\215\364\356\003\002 T\207?\351\220\010\254\273\370\027\207\177""\032\002\273\307\245mf5%\353_""\0263\247\004\035\222\203""; previousledger: ""\354@[\274\202\021\202\373Vi\243\n\325\250\005e\360""m\346'\311@\343\016$L\346\334\360<w""; "
1750587285009,1750587285009,1290,1,0,2,TMProposeSet,"proposeSeq: 4294967295; currentTxHash: ""\000\000\000\000\000\000\000\000\000\000\000\000\000\000\000\000\000\000\000\000\000\000\000\000\000\000\000\000\000\000\000\000""; nodePubKey: ""\002\347\243J\206W\025ML\260\226\0163\217\250\337\325W\253\356*O\245Z\271\234\207C\274\375`\335\311""; closeTime: 803902483; signature: ""0E\002!\000\334\206Ni\273\204\307]\276b\234\361?\263X\365,DV!~\337\t\351\200\3638w\344\023\223\\002 m\303\330\031_\375u\\354\221\3740\236\312b<\275hA\360$l\301\241'\210.W\001`@\275""; previousledger: ""\237\231\311\371Y@""\177>\241""\310\233r\315\210Z\003g\334\034\021\305\3353Q\035\224\200\224\347\257""; ","proposeSeq: 4294967295; currentTxHash: ""\000\000\000\000\000\000\000\000\000\000\000\000\000\000\000\000\000\000\000\000\000\000\000\000\000\000\000\000\000\000\000\000""; nodePubKey: ""\002\347\243J\206W\025ML\260\226\0163\217\250\337\325W\253\356*O\245Z\271\234\207C\274\375`\335\311""; closeTime: 803902483; signature: ""0E\002!\000\334\206Ni\273\204\307]\276b\234\361?\263X\365,DV!~\337\t\351\200\3638w\344\023\223\\002 m\303\330\031_\375u\\354\221\3740\236\312b<\275hA\360$l\301\241'\210.W\001`@\275""; previousledger: ""\237\231\311\371Y@""\177>\241""\310\233r\315\210Z\003g\334\034\021\305\3353Q\035\224\200\224\347\257""; "
1750587285009,1750587285009,141,1,0,3,TMProposeSet,"proposeSeq: 4294967295; currentTxHash: ""\000\000\000\000\000\000\000\000\000\000\000\000\000\000\000\000\000\000\000\000\000\000\000\000\000\000\000\000\000\000\000\000""; nodePubKey: ""\002\347\243J\206W\025ML\260\226\0163\217\250\337\325W\253\356*O\245Z\271\234\207C\274\375`\335\311""; closeTime: 803902483; signature: ""0E\002!\000\334\206Ni\273\204\307]\276b\234\361?\263X\365,DV!~\337\t\351\200\3638w\344\023\223\\002 m\303\330\031_\375u\\354\221\3740\236\312b<\275hA\360$l\301\241'\210.W\001`@\275""; previousledger: ""\237\231\311\371Y@""\177>\241""\310\233r\315\210Z\003g\334\034\021\305\3353Q\035\224\200\224\347\257""; ","proposeSeq: 4294967295; currentTxHash: ""\000\000\000\000\000\000\000\000\000\000\000\000\000\000\000\000\000\000\000\000\000\000\000\000\000\000\000\000\000\000\000\000""; nodePubKey: ""\002\347\243J\206W\025ML\260\226\0163\217\250\337\325W\253\356*O\245Z\271\234\207C\274\375`\335\311""; closeTime: 803902483; signature: ""0E\002!\000\334\206Ni\273\204\307]\276b\234\361?\263X\365,DV!~\337\t\351\200\3638w\344\023\223\\002 m\303\330\031_\375u\\354\221\3740\236\312b<\275hA\360$l\301\241'\210.W\001`@\275""; previousledger: ""\237\231\311\371Y@""\177>\241""\310\233r\315\210Z\003g\334\034\021\305\3353Q\035\224\200\224\347\257""; "
1750587285011,1750587285011,2970,1,0,4,TMProposeSet,"proposeSeq: 1; currentTxHash: ""q|\216``\027\240\206w\312\263+\241\310\271\371\2034\351_\3373\tL\007q_p\342\264_z""; nodePubKey: ""\003\343\005\311u\203\370\0338\3174\324\010\006\301\251\177\261\304eOX\262)FA-\022r\263wm\024""; closeTime: 803902480; signature: ""0D\002 \033n\326i^y/\366o\005#\333\252\032\224s\361\305\343\265\251)\223\347\017\004\350p\334\236\341\327\002 \022\335 M\204G\253\334\253p\252h5z\313w\247\210;\014B2!\033\004\022\217\377\225\322\246\370""; previousledger: ""\354@[\274\202\021\202\373Vi\243\n\325\250\005e\360""m\346'\311@\343\016$L\346\334\360<w""; ","proposeSeq: 1; currentTxHash: ""q|\216``\027\240\206w\312\263+\241\310\271\371\2034\351_\3373\tL\007q_p\342\264_z""; nodePubKey: ""\003\343\005\311u\203\370\0338\3174\324\010\006\301\251\177\261\304eOX\262)FA-\022r\263wm\024""; closeTime: 803902480; signature: ""0D\002 \033n\326i^y/\366o\005#\333\252\032\224s\361\305\343\265\251)\223\347\017\004\350p\334\236\341\327\002 \022\335 M\204G\253\334\253p\252h5z\313w\247\210;\014B2!\033\004\022\217\377\225\322\246\370""; previousledger: ""\354@[\274\202\021\202\373Vi\243\n\325\250\005e\360""m\346'\311@\343\016$L\346\334\360<w""; "
1750587285011,1750587285011,1466,1,0,4,TMGetLedger,"itype: liTS_CANDIDATE; ledgerHash: ""q|\216``\027\240\206w\312\263+\241\310\271\371\2034\351_\3373\tL\007q_p\342\264_z""; nodeIDs: ""\000\000\000\000\000\000\000\000\000\000\000\000\000\000\000\000\000\000\000\000\000\000\000\000\000\000\000\000\000\000\000\000\000""; queryDepth: 3; ","itype: liTS_CANDIDATE; ledgerHash: ""q|\216``\027\240\206w\312\263+\241\310\271\371\2034\351_\3373\tL\007q_p\342\264_z""; nodeIDs: ""\000\000\000\000\000\000\000\000\000\000\000\000\000\000\000\000\000\000\000\000\000\000\000\000\000\000\000\000\000\000\000\000\000""; queryDepth: 3; "
1750587285012,1750587285012,141,1,0,3,TMProposeSet,"proposeSeq: 1; currentTxHash: ""q|\216``\027\240\206w\312\263+\241\310\271\371\2034\351_\3373\tL\007q_p\342\264_z""; nodePubKey: ""\003\343\005\311u\203\370\0338\3174\324\010\006\301\251\177\261\304eOX\262)FA-\022r\263wm\024""; closeTime: 803902480; signature: ""0D\002 \033n\326i^y/\366o\005#\333\252\032\224s\361\305\343\265\251)\223\347\017\004\350p\334\236\341\327\002 \022\335 M\204G\253\334\253p\252h5z\313w\247\210;\014B2!\033\004\022\217\377\225\322\246\370""; previousledger: ""\354@[\274\202\021\202\373Vi\243\n\325\250\005e\360""m\346'\311@\343\016$L\346\334\360<w""; ","proposeSeq: 1; currentTxHash: ""q|\216``\027\240\206w\312\263+\241\310\271\371\2034\351_\3373\tL\007q_p\342\264_z""; nodePubKey: ""\003\343\005\311u\203\370\0338\3174\324\010\006\301\251\177\261\304eOX\262)FA-\022r\263wm\024""; closeTime: 803902480; signature: ""0D\002 \033n\326i^y/\366o\005#\333\252\032\224s\361\305\343\265\251)\223\347\017\004\350p\334\236\341\327\002 \022\335 M\204G\253\334\253p\252h5z\313w\247\210;\014B2!\033\004\022\217\377\225\322\246\370""; previousledger: ""\354@[\274\202\021\202\373Vi\243\n\325\250\005e\360""m\346'\311@\343\016$L\346\334\360<w""; "
1750587285010,1750587285012,1542,1,0,4,TMTransaction,"rawTransaction: ""\022\000\000""\000\000\000\000$\000\000\000\006 \033\000\000\000\032a@\000\000\022\333\371\352\000h@\000\000\000\000\000\000\ns!\003\364\346'\245\361\313f\307\325O*\031\010 \337\241\354\3450V\376\031#\323\000\245'Q`4d\376tG0E\002!\000\373\362\224\312\317Ss\343\010EP\201A]\372\204\347\000\222\333S\212\342\t\247\360G\207\334\264\266w\002 /\350\325\216\333\010\0347\027\007\375K\306\345\313fs:\223EIfV\023""QV\367\336\256\325:\201\024B\006\222#\215\346\234\245/\205\327[/\206^\005y\253G\373\203\024\023\252#\014BS\272`\277B\346\245]\332\351o'013""; status: tsNEW; receiveTimestamp: 803902485; ","rawTransaction: ""\022\000\000""\000\000\000\000$\000\000\000\006 \033\000\000\000\032a@\000\000\022\333\371\352\000h@\000\000\000\000\000\000\ns!\003\364\346'\245\361\313f\307\325O*\031\010 \337\241\354\3450V\376\031#\323\000\245'Q`4d\376tG0E\002!\000\373\362\224\312\317Ss\343\010EP\201A]\372\204\347\000\222\333S\212\342\t\247\360G\207\334\264\266w\002 /\350\325\216\333\010\0347\027\007\375K\306\345\313fs:\223EIfV\023""QV\367\336\256\325:\201\024B\006\222#\215\346\234\245/\205\327[/\206^\005y\253G\373\203\024\023\252#\014BS\272`\277B\346\245]\332\351o'013""; status: tsNEW; receiveTimestamp: 803902485; "
1750587285013,1750587285013,1290,1,0,2,TMProposeSet,"proposeSeq: 1; currentTxHash: ""q|\216``\027\240\206w\312\263+\241\310\271\371\2034\351_\3373\tL\007q_p\342\264_z""; nodePubKey: ""\003\343\005\311u\203\370\0338\3174\324\010\006\301\251\177\261\304eOX\262)FA-\022r\263wm\024""; closeTime: 803902480; signature: ""0D\002 \033n\326i^y/\366o\005#\333\252\032\224s\361\305\343\265\251)\223\347\017\004\350p\334\236\341\327\002 \022\335 M\204G\253\334\253p\252h5z\313w\247\210;\014B2!\033\004\022\217\377\225\322\246\370""; previousledger: ""\354@[\274\202\021\202\373Vi\243\n\325\250\005e\360""m\346'\311@\343\016$L\346\334\360<w""; ","proposeSeq: 1; currentTxHash: ""q|\216``\027\240\206w\312\263+\241\310\271\371\2034\351_\3373\tL\007q_p\342\264_z""; nodePubKey: ""\003\343\005\311u\203\370\0338\3174\324\010\006\301\251\177\261\304eOX\262)FA-\022r\263wm\024""; closeTime: 803902480; signature: ""0D\002 \033n\326i^y/\366o\005#\333\252\032\224s\361\305\343\265\251)\223\347\017\004\350p\334\236\341\327\002 \022\335 M\204G\253\334\253p\252h5z\313w\247\210;\014B2!\033\004\022\217\377\225\322\246\370""; previousledger: ""\354@[\274\202\021\202\373Vi\243\n\325\250\005e\360""m\346'\311@\343\016$L\346\334\360<w""; "
1750587285013,1750587285013,883,1,0,3,TMTransaction,"rawTransaction: ""\022\000\000""\000\000\000\000$\000\000\000\006 \033\000\000\000\032a@\000\000\022\333\371\352\000h@\000\000\000\000\000\000\ns!\003\364\346'\245\361\313f\307\325O*\031\010 \337\241\354\3450V\376\031#\323\000\245'Q`4d\376tG0E\002!\000\373\362\224\312\317Ss\343\010EP\201A]\372\204\347\000\222\333S\212\342\t\247\360G\207\334\264\266w\002 /\350\325\216\333\010\0347\027\007\375K\306\345\313fs:\223EIfV\023""QV\367\336\256\325:\201\024B\006\222#\215\346\234\245/\205\327[/\206^\005y\253G\373\203\024\023\252#\014BS\272`\277B\346\245]\332\351o'013""; status: tsNEW; receiveTimestamp: 803902485; ","rawTransaction: ""\022\000\000""\000\000\000\000$\000\000\000\006 \033\000\000\000\032a@\000\000\022\333\371\352\000h@\000\000\000\000\000\000\ns!\003\364\346'\245\361\313f\307\325O*\031\010 \337\241\354\3450V\376\031#\323\000\245'Q`4d\376tG0E\002!\000\373\362\224\312\317Ss\343\010EP\201A]\372\204\347\000\222\333S\212\342\t\247\360G\207\334\264\266w\002 /\350\325\216\333\010\0347\027\007\375K\306\345\313fs:\223EIfV\023""QV\367\336\256\325:\201\024B\006\222#\215\346\234\245/\205\327[/\206^\005y\253G\373\203\024\023\252#\014BS\272`\277B\346\245]\332\351o'013""; status: tsNEW; receiveTimestamp: 803902485; "
1750587285015,1750587285015,393,1,0,1,TMGetLedger,"itype: liTS_CANDIDATE; ledgerHash: ""q|\216``\027\240\206w\312\263+\241\310\271\371\2034\351_\3373\tL\007q_p\342\264_z""; nodeIDs: ""\000\000\000\000\000\000\000\000\000\000\000\000\000\000\000\000\000\000\000\000\000\000\000\000\000\000\000\000\000\000\000\000\000""; queryDepth: 3; ","itype: liTS_CANDIDATE; ledgerHash: ""q|\216``\027\240\206w\312\263+\241\310\271\371\2034\351_\3373\tL\007q_p\342\264_z""; nodeIDs: ""\000\000\000\000\000\000\000\000\000\000\000\000\000\000\000\000\000\000\000\000\000\000\000\000\000\000\000\000\000\000\000\000\000""; queryDepth: 3; "
1750587285014,1750587285015,1100,1,0,2,TMTransaction,"rawTransaction: ""\022\000\000""\000\000\000\000$\000\000\000\006 \033\000\000\000\032a@\000\000\022\333\371\352\000h@\000\000\000\000\000\000\ns!\003\364\346'\245\361\313f\307\325O*\031\010 \337\241\354\3450V\376\031#\323\000\245'Q`4d\376tG0E\002!\000\373\362\224\312\317Ss\343\010EP\201A]\372\204\347\000\222\333S\212\342\t\247\360G\207\334\264\266w\002 /\350\325\216\333\010\0347\027\007\375K\306\345\313fs:\223EIfV\023""QV\367\336\256\325:\201\024B\006\222#\215\346\234\245/\205\327[/\206^\005y\253G\373\203\024\023\252#\014BS\272`\277B\346\245]\332\351o'013""; status: tsNEW; receiveTimestamp: 803902485; ","rawTransaction: ""\022\000\000""\000\000\000\000$\000\000\000\006 \033\000\000\000\032a@\000\000\022\333\371\352\000h@\000\000\000\000\000\000\ns!\003\364\346'\245\361\313f\307\325O*\031\010 \337\241\354\3450V\376\031#\323\000\245'Q`4d\376tG0E\002!\000\373\362\224\312\317Ss\343\010EP\201A]\372\204\347\000\222\333S\212\342\t\247\360G\207\334\264\266w\002 /\350\325\216\333\010\0347\027\007\375K\306\345\313fs:\223EIfV\023""QV\367\336\256\325:\201\024B\006\222#\215\346\234\245/\205\327[/\206^\005y\253G\373\203\024\023\252#\014BS\272`\277B\346\245]\332\351o'013""; status: tsNEW; receiveTimestamp: 803902485; "
1750587285015,1750587285015,1290,1,0,2,TMProposeSet,"proposeSeq: 0; currentTxHash: ""\007\347lg\346B\270\350\352\375\266\371?(\361\364\365I|\375\262>\230(\333\250\331\007\360U\024\027""; nodePubKey: ""\003\343\005\311u\203\370\0338\3174\324\010\006\301\251\177\261\304eOX\262)FA-\022r\263wm\024""; closeTime: 803902480; signature: ""0D\002 ]\345\030n\367\025\317$\376\237\234\3735a\333\005\037@N\034\244\026\030b\3438""\346\230B\373B\002 Yq-r\251\351\345j\364Ji>\335\216\371A\021\007\364E\336\323\221$\325\343v\2139\227/5""; previousledger: ""\354@[\274\202\021\202\373Vi\243\n\325\250\005e\360""m\346'\311@\343\016$L\346\334\360<w""; ","proposeSeq: 0; currentTxHash: ""\007\347lg\346B\270\350\352\375\266\371?(\361\364\365I|\375\262>\230(\333\250\331\007\360U\024\027""; nodePubKey: ""\003\343\005\311u\203\370\0338\3174\324\010\006\301\251\177\261\304eOX\262)FA-\022r\263wm\024""; closeTime: 803902480; signature: ""0D\002 ]\345\030n\367\025\317$\376\237\234\3735a\333\005\037@N\034\244\026\030b\3438""\346\230B\373B\002 Yq-r\251\351\345j\364Ji>\335\216\371A\021\007\364E\336\323\221$\325\343v\2139\227/5""; previousledger: ""\354@[\274\202\021\202\373Vi\243\n\325\250\005e\360""m\346'\311@\343\016$L\346\334\360<w""; "
1750587285014,1750587285016,2985,1,0,1,TMTransaction,"rawTransaction: ""\022\000\000""\000\000\000\000$\000\000\000\006 \033\000\000\000\032a@\000\000\022\333\371\352\000h@\000\000\000\000\000\000\ns!\003\364\346'\245\361\313f\307\325O*\031\010 \337\241\354\3450V\376\031#\323\000\245'Q`4d\376tG0E\002!\000\373\362\224\312\317Ss\343\010EP\201A]\372\204\347\000\222\333S\212\342\t\247\360G\207\334\264\266w\002 /\350\325\216\333\010\0347\027\007\375K\306\345\313fs:\223EIfV\023""QV\367\336\256\325:\201\024B\006\222#\215\346\234\245/\205\327[/\206^\005y\253G\373\203\024\023\252#\014BS\272`\277B\346\245]\332\351o'013""; status: tsNEW; receiveTimestamp: 803902485; ","rawTransaction: ""\022\000\000""\000\000\000\000$\000\000\000\006 \033\000\000\000\032a@\000\000\022\333\371\352\000h@\000\000\000\000\000\000\ns!\003\364\346'\245\361\313f\307\325O*\031\010 \337\241\354\3450V\376\031#\323\000\245'Q`4d\376tG0E\002!\000\373\362\224\312\317Ss\343\010EP\201A]\372\204\347\000\222\333S\212\342\t\247\360G\207\334\264\266w\002 /\350\325\216\333\010\0347\027\007\375K\306\345\313fs:\223EIfV\023""QV\367\336\256\325:\201\024B\006\222#\215\346\234\245/\205\327[/\206^\005y\253G\373\203\024\023\252#\014BS\272`\277B\346\245]\332\351o'013""; status: tsNEW; receiveTimestamp: 803902485; "
1750587285016,1750587285016,3150,1,0,3,TMStatusChange,"newEvent: neCLOSING_LEDGER; ledgerSeq: 8; ledgerHash: ""\354@[\274\202\021\202\373Vi\243\n\325\250\005e\360""m\346'\311@\343\016$L\346\334\360<w""; ledgerHashPrevious: ""\311\347s\234ae\204\263\365U\334\372D\354\345\276\201f\035\271%#\375\245\314.""\373\330&\3746""; networkTime: 803902485; firstSeq: 1; lastSeq: 8; ","newEvent: neCLOSING_LEDGER; ledgerSeq: 8; ledgerHash: ""\354@[\274\202\021\202\373Vi\243\n\325\250\005e\360""m\346'\311@\343\016$L\346\334\360<w""; ledgerHashPrevious: ""\311\347s\234ae\204\263\365U\334\372D\354\345\276\201f\035\271%#\375\245\314.""\373\330&\3746""; networkTime: 803902485; firstSeq: 1; lastSeq: 8; "
1750587285017,1750587285017,2252,1,0,4,TMStatusChange,"newEvent: neCLOSING_LEDGER; ledgerSeq: 8; ledgerHash: ""\354@[\274\202\021\202\373Vi\243\n\325\250\005e\360""m\346'\311@\343\016$L\346\334\360<w""; ledgerHashPrevious: ""\311\347s\234ae\204\263\365U\334\372D\354\345\276\201f\035\271%#\375\245\314.""\373\330&\3746""; networkTime: 803902485; firstSeq: 1; lastSeq: 8; ","newEvent: neCLOSING_LEDGER; ledgerSeq: 8; ledgerHash: ""\354@[\274\202\021\202\373Vi\243\n\325\250\005e\360""m\346'\311@\343\016$L\346\334\360<w""; ledgerHashPrevious: ""\311\347s\234ae\204\263\365U\334\372D\354\345\276\201f\035\271%#\375\245\314.""\373\330&\3746""; networkTime: 803902485; firstSeq: 1; lastSeq: 8; "
1750587285017,1750587285017,615,1,0,2,TMStatusChange,"newEvent: neCLOSING_LEDGER; ledgerSeq: 8; ledgerHash: ""\354@[\274\202\021\202\373Vi\243\n\325\250\005e\360""m\346'\311@\343\016$L\346\334\360<w""; ledgerHashPrevious: ""\311\347s\234ae\204\263\365U\334\372D\354\345\276\201f\035\271%#\375\245\314.""\373\330&\3746""; networkTime: 803902485; firstSeq: 1; lastSeq: 8; ","newEvent: neCLOSING_LEDGER; ledgerSeq: 8; ledgerHash: ""\354@[\274\202\021\202\373Vi\243\n\325\250\005e\360""m\346'\311@\343\016$L\346\334\360<w""; ledgerHashPrevious: ""\311\347s\234ae\204\263\365U\334\372D\354\345\276\201f\035\271%#\375\245\314.""\373\330&\3746""; networkTime: 803902485; firstSeq: 1; lastSeq: 8; "
1750587285018,1750587285018,468,1,0,1,TMStatusChange,"newEvent: neCLOSING_LEDGER; ledgerSeq: 8; ledgerHash: ""\354@[\274\202\021\202\373Vi\243\n\325\250\005e\360""m\346'\311@\343\016$L\346\334\360<w""; ledgerHashPrevious: ""\311\347s\234ae\204\263\365U\334\372D\354\345\276\201f\035\271%#\375\245\314.""\373\330&\3746""; networkTime: 803902485; firstSeq: 1; lastSeq: 8; ","newEvent: neCLOSING_LEDGER; ledgerSeq: 8; ledgerHash: ""\354@[\274\202\021\202\373Vi\243\n\325\250\005e\360""m\346'\311@\343\016$L\346\334\360<w""; ledgerHashPrevious: ""\311\347s\234ae\204\263\365U\334\372D\354\345\276\201f\035\271%#\375\245\314.""\373\330&\3746""; networkTime: 803902485; firstSeq: 1; lastSeq: 8; "
1750587285019,1750587285019,2565,1,3,0,TMLedgerData,"ledgerHash: ""b\001;\355\\351h\305\360*\252j\2470\334[#|\313\3606\207\210\245\372\217RX\333g`K""; ledgerSeq: 0; type: liTS_CANDIDATE; nodes {;   nodedata: "" \245\366\271\024\035\303\242}O\341[\232\374\0350\307\253\205\001\301\216B\031pk\231\004\271\276\265\240\002\003"";   nodeid: ""\000\000\000\000\000\000\000\000\000\000\000\000\000\000\000\000\000\000\000\000\000\000\000\000\000\000\000\000\000\000\000\000\000""; }; ","ledgerHash: ""b\001;\355\\351h\305\360*\252j\2470\334[#|\313\3606\207\210\245\372\217RX\333g`K""; ledgerSeq: 0; type: liTS_CANDIDATE; nodes {;   nodedata: "" \245\366\271\024\035\303\242}O\341[\232\374\0350\307\253\205\001\301\216B\031pk\231\004\271\276\265\240\002\003"";   nodeid: ""\000\000\000\000\000\000\000\000\000\000\000\000\000\000\000\000\000\000\000\000\000\000\000\000\000\000\000\000\000\000\000\000\000""; }; "
1750587285065,1750587285065,557,1,4,1,TMGetLedger,"itype: liTS_CANDIDATE; ledgerHash: ""\007\347lg\346B\270\350\352\375\266\371?(\361\364\365I|\375\262>\230(\333\250\331\007\360U\024\027""; nodeIDs: ""\000\000\000\000\000\000\000\000\000\000\000\000\000\000\000\000\000\000\000\000\000\000\000\000\000\000\000\000\000\000\000\000\000""; queryType: qtINDIRECT; queryDepth: 3; ","itype: liTS_CANDIDATE; ledgerHash: ""\007\347lg\346B\270\350\352\375\266\371?(\361\364\365I|\375\262>\230(\333\250\331\007\360U\024\027""; nodeIDs: ""\000\000\000\000\000\000\000\000\000\000\000\000\000\000\000\000\000\000\000\000\000\000\000\000\000\000\000\000\000\000\000\000\000""; queryType: qtINDIRECT; queryDepth: 3; "
1750587285066,1750587285066,769,1,4,0,TMGetLedger,"itype: liTS_CANDIDATE; ledgerHash: ""\007\347lg\346B\270\350\352\375\266\371?(\361\364\365I|\375\262>\230(\333\250\331\007\360U\024\027""; nodeIDs: ""\000\000\000\000\000\000\000\000\000\000\000\000\000\000\000\000\000\000\000\000\000\000\000\000\000\000\000\000\000\000\000\000\000""; queryType: qtINDIRECT; queryDepth: 3; ","itype: liTS_CANDIDATE; ledgerHash: ""\007\347lg\346B\270\350\352\375\266\371?(\361\364\365I|\375\262>\230(\333\250\331\007\360U\024\027""; nodeIDs: ""\000\000\000\000\000\000\000\000\000\000\000\000\000\000\000\000\000\000\000\000\000\000\000\000\000\000\000\000\000\000\000\000\000""; queryType: qtINDIRECT; queryDepth: 3; "
1750587285066,1750587285067,3914,1,4,3,TMGetLedger,"itype: liTS_CANDIDATE; ledgerHash: ""\007\347lg\346B\270\350\352\375\266\371?(\361\364\365I|\375\262>\230(\333\250\331\007\360U\024\027""; nodeIDs: ""\000\000\000\000\000\000\000\000\000\000\000\000\000\000\000\000\000\000\000\000\000\000\000\000\000\000\000\000\000\000\000\000\000""; queryType: qtINDIRECT; queryDepth: 3; ","itype: liTS_CANDIDATE; ledgerHash: ""\007\347lg\346B\270\350\352\375\266\371?(\361\364\365I|\375\262>\230(\333\250\331\007\360U\024\027""; nodeIDs: ""\000\000\000\000\000\000\000\000\000\000\000\000\000\000\000\000\000\000\000\000\000\000\000\000\000\000\000\000\000\000\000\000\000""; queryType: qtINDIRECT; queryDepth: 3; "
1750587285067,1750587285067,1467,1,4,2,TMGetLedger,"itype: liTS_CANDIDATE; ledgerHash: ""\007\347lg\346B\270\350\352\375\266\371?(\361\364\365I|\375\262>\230(\333\250\331\007\360U\024\027""; nodeIDs: ""\000\000\000\000\000\000\000\000\000\000\000\000\000\000\000\000\000\000\000\000\000\000\000\000\000\000\000\000\000\000\000\000\000""; queryType: qtINDIRECT; queryDepth: 3; ","itype: liTS_CANDIDATE; ledgerHash: ""\007\347lg\346B\270\350\352\375\266\371?(\361\364\365I|\375\262>\230(\333\250\331\007\360U\024\027""; nodeIDs: ""\000\000\000\000\000\000\000\000\000\000\000\000\000\000\000\000\000\000\000\000\000\000\000\000\000\000\000\000\000\000\000\000\000""; queryType: qtINDIRECT; queryDepth: 3; "
1750587285074,1750587285074,2970,1,0,4,TMProposeSet,"proposeSeq: 0; currentTxHash: ""\007\347lg\346B\270\350\352\375\266\371?(\361\364\365I|\375\262>\230(\333\250\331\007\360U\024\027""; nodePubKey: ""\003ql\302)\235\321\t\213\224\356\374%%\311\327\037\374\304\t\335\2359\344\233\035]\347<u\236\364\222""; closeTime: 803902482; signature: ""0E\002!\000\225\204A\261?\224G\341C\256\266k\305lI}\255\314\r\004\371\277\276\305M\326:x*\214\301\254\002 @\277X\250\246S_?\232\337\263\225]\207\200G\212\273\002\371\312\316[\275P\317\325l\217\364\374r""; previousledger: ""\354@[\274\202\021\202\373Vi\243\n\325\250\005e\360""m\346'\311@\343\016$L\346\334\360<w""; ","proposeSeq: 0; currentTxHash: ""\007\347lg\346B\270\350\352\375\266\371?(\361\364\365I|\375\262>\230(\333\250\331\007\360U\024\027""; nodePubKey: ""\003ql\302)\235\321\t\213\224\356\374%%\311\327\037\374\304\t\335\2359\344\233\035]\347<u\236\364\222""; closeTime: 803902482; signature: ""0E\002!\000\225\204A\261?\224G\341C\256\266k\305lI}\255\314\r\004\371\277\276\305M\326:x*\214\301\254\002 @\277X\250\246S_?\232\337\263\225]\207\200G\212\273\002\371\312\316[\275P\317\325l\217\364\374r""; previousledger: ""\354@[\274\202\021\202\373Vi\243\n\325\250\005e\360""m\346'\311@\343\016$L\346\334\360<w""; "
1750587285074,1750587285075,1290,1,0,2,TMProposeSet,"proposeSeq: 0; currentTxHash: ""\007\347lg\346B\270\350\352\375\266\371?(\361\364\365I|\375\262>\230(\333\250\331\007\360U\024\027""; nodePubKey: ""\003ql\302)\235\321\t\213\224\356\374%%\311\327\037\374\304\t\335\2359\344\233\035]\347<u\236\364\222""; closeTime: 803902482; signature: ""0E\002!\000\225\204A\261?\224G\341C\256\266k\305lI}\255\314\r\004\371\277\276\305M\326:x*\214\301\254\002 @\277X\250\246S_?\232\337\263\225]\207\200G\212\273\002\371\312\316[\275P\317\325l\217\364\374r""; previousledger: ""\354@[\274\202\021\202\373Vi\243\n\325\250\005e\360""m\346'\311@\343\016$L\346\334\360<w""; ","proposeSeq: 0; currentTxHash: ""\007\347lg\346B\270\350\352\375\266\371?(\361\364\365I|\375\262>\230(\333\250\331\007\360U\024\027""; nodePubKey: ""\003ql\302)\235\321\t\213\224\356\374%%\311\327\037\374\304\t\335\2359\344\233\035]\347<u\236\364\222""; closeTime: 803902482; signature: ""0E\002!\000\225\204A\261?\224G\341C\256\266k\305lI}\255\314\r\004\371\277\276\305M\326:x*\214\301\254\002 @\277X\250\246S_?\232\337\263\225]\207\200G\212\273\002\371\312\316[\275P\317\325l\217\364\374r""; previousledger: ""\354@[\274\202\021\202\373Vi\243\n\325\250\005e\360""m\346'\311@\343\016$L\346\334\360<w""; "
1750587285075,1750587285075,141,1,0,3,TMProposeSet,"proposeSeq: 0; currentTxHash: ""\007\347lg\346B\270\350\352\375\266\371?(\361\364\365I|\375\262>\230(\333\250\331\007\360U\024\027""; nodePubKey: ""\003ql\302)\235\321\t\213\224\356\374%%\311\327\037\374\304\t\335\2359\344\233\035]\347<u\236\364\222""; closeTime: 803902482; signature: ""0E\002!\000\225\204A\261?\224G\341C\256\266k\305lI}\255\314\r\004\371\277\276\305M\326:x*\214\301\254\002 @\277X\250\246S_?\232\337\263\225]\207\200G\212\273\002\371\312\316[\275P\317\325l\217\364\374r""; previousledger: ""\354@[\274\202\021\202\373Vi\243\n\325\250\005e\360""m\346'\311@\343\016$L\346\334\360<w""; ","proposeSeq: 0; currentTxHash: ""\007\347lg\346B\270\350\352\375\266\371?(\361\364\365I|\375\262>\230(\333\250\331\007\360U\024\027""; nodePubKey: ""\003ql\302)\235\321\t\213\224\356\374%%\311\327\037\374\304\t\335\2359\344\233\035]\347<u\236\364\222""; closeTime: 803902482; signature: ""0E\002!\000\225\204A\261?\224G\341C\256\266k\305lI}\255\314\r\004\371\277\276\305M\326:x*\214\301\254\002 @\277X\250\246S_?\232\337\263\225]\207\200G\212\273\002\371\312\316[\275P\317\325l\217\364\374r""; previousledger: ""\354@[\274\202\021\202\373Vi\243\n\325\250\005e\360""m\346'\311@\343\016$L\346\334\360<w""; "
1750587285082,1750587285083,572,1,1,0,TMGetLedger,"itype: liAS_NODE; ledgerHash: ""\237\231\311\371Y@""\177>\241""\310\233r\315\210Z\003g\334\034\021\305\3353Q\035\224\200\224\347\257""; ledgerSeq: 8; nodeIDs: ""`\000\000\000\000\000\000\000\000\000\000\000\000\000\000\000\000\000\000\000\000\000\000\000\000\000\000\000\000\000\000\000\001""; nodeIDs: ""\240\000\000\000\000\000\000\000\000\000\000\000\000\000\000\000\000\000\000\000\000\000\000\000\000\000\000\000\000\000\000\000\001""; queryType: qtINDIRECT; queryDepth: 1; ","itype: liAS_NODE; ledgerHash: ""\237\231\311\371Y@""\177>\241""\310\233r\315\210Z\003g\334\034\021\305\3353Q\035\224\200\224\347\257""; ledgerSeq: 8; nodeIDs: ""`\000\000\000\000\000\000\000\000\000\000\000\000\000\000\000\000\000\000\000\000\000\000\000\000\000\000\000\000\000\000\000\001""; nodeIDs: ""\240\000\000\000\000\000\000\000\000\000\000\000\000\000\000\000\000\000\000\000\000\000\000\000\000\000\000\000\000\000\000\000\001""; queryType: qtINDIRECT; queryDepth: 1; "
1750587285091,1750587285091,628,1,3,2,TMLedgerData,"ledgerHash: ""\r!N\267\203~\313a\272~\344A\332\034\332r\\301\240a\307\341\261(c(\021\265B\030@(""; ledgerSeq: 0; type: liTS_CANDIDATE; nodes {;   nodedata: ""\247\272\246\2214\014W1\360z\262\252=\343\207'\275\266;\016\021\306\330\030\225\023\357\272\353\200x\221\n\003"";   nodeid: ""\000\000\000\000\000\000\000\000\000\000\000\000\000\000\000\000\000\000\000\000\000\000\000\000\000\000\000\000\000\000\000\000\000""; }; ","ledgerHash: ""\r!N\267\203~\313a\272~\344A\332\034\332r\\301\240a\307\341\261(c(\021\265B\030@(""; ledgerSeq: 0; type: liTS_CANDIDATE; nodes {;   nodedata: ""\247\272\246\2214\014W1\360z\262\252=\343\207'\275\266;\016\021\306\330\030\225\023\357\272\353\200x\221\n\003"";   nodeid: ""\000\000\000\000\000\000\000\000\000\000\000\000\000\000\000\000\000\000\000\000\000\000\000\000\000\000\000\000\000\000\000\000\000""; }; "
1750587285100,1750587285100,628,1,3,2,TMLedgerData,"ledgerHash: ""\354@[\274\202\021\202\373Vi\243\n\325\250\005e\360""m\346'\311@\343\016$L\346\334\360<w""; ledgerSeq: 8; type: liBASE; nodes {;   nodedata: ""\000\000\000\010\001cEx]\211\377\342\311\347s\234ae\204\263\365U\334\372D\354\345\276\201f\035\271%#\375\245\314.""\373\330&\3746\000\000\000\000\000\000\000\000\000\000\000\000\000\000\000\000\000\000\000\000\000\000\000\000\000\000\000\000\000\000\000\000\245lQI\023\t3o\213\325\024\3601\255\010\244\306\3215\261\204Q\r\327\317\312f\322eb\215C/\352\224\010/\352\224\020\n\000""; }; nodes {;   nodedata: ""h\315\350\215y\203\242]\371\235\232Pt&\325\210eZ\346\237XZ \277\2457n\221\336\253\245\317\002w\n\356\350\316{k\272E0\225\362\025\010\366\367\372\263\355xq\360\261\376M<\356\347\007zf\307\006E\344\037@\210\363\010\336T\226\247'\204_{\261\370""1\235\2445\343\033Y!\212\201\341\272\225'\007*$\244&\336\343'\233i\332\374\245 {^\306-N\333\gE\006\347\212\331C\211Z\177\247\031\n\265\022\035W\277\033\265pM\027\313x\327iNP(O\216Pk&\235\336\223\217\374\212\253\322w\362\013\210`4\253""\302f\230\374\037bx\0145C\307\337\316[\244d\302\3031\347\300\025aX\357\226\221\016\003""; }; ","ledgerHash: ""\354@[\274\202\021\202\373Vi\243\n\325\250\005e\360""m\346'\311@\343\016$L\346\334\360<w""; ledgerSeq: 8; type: liBASE; nodes {;   nodedata: ""\000\000\000\010\001cEx]\211\377\342\311\347s\234ae\204\263\365U\334\372D\354\345\276\201f\035\271%#\375\245\314.""\373\330&\3746\000\000\000\000\000\000\000\000\000\000\000\000\000\000\000\000\000\000\000\000\000\000\000\000\000\000\000\000\000\000\000\000\245lQI\023\t3o\213\325\024\3601\255\010\244\306\3215\261\204Q\r\327\317\312f\322eb\215C/\352\224\010/\352\224\020\n\000""; }; nodes {;   nodedata: ""h\315\350\215y\203\242]\371\235\232Pt&\325\210eZ\346\237XZ \277\2457n\221\336\253\245\317\002w\n\356\350\316{k\272E0\225\362\025\010\366\367\372\263\355xq\360\261\376M<\356\347\007zf\307\006E\344\037@\210\363\010\336T\226\247'\204_{\261\370""1\235\2445\343\033Y!\212\201\341\272\225'\007*$\244&\336\343'\233i\332\374\245 {^\306-N\333\gE\006\347\212\331C\211Z\177\247\031\n\265\022\035W\277\033\265pM\027\313x\327iNP(O\216Pk&\235\336\223\217\374\212\253\322w\362\013\210`4\253""\302f\230\374\037bx\0145C\307\337\316[\244d\302\3031\347\300\025aX\357\226\221\016\003""; }; "
1750587285110,1750587285110,486,1,4,0,TMLedgerData,"ledgerHash: ""\007\347lg\346B\270\350\352\375\266\371?(\361\364\365I|\375\262>\230(\333\250\331\007\360U\024\027""; ledgerSeq: 0; type: liTS_CANDIDATE; nodes {;   nodedata: ""\003S\n\235\2624\346\340\377asq\337\223T\316nL\232)C!\360\245\205[L\224\\351\351\000\003"";   nodeid: ""\000\000\000\000\000\000\000\000\000\000\000\000\000\000\000\000\000\000\000\000\000\000\000\000\000\000\000\000\000\000\000\000\000""; }; ","ledgerHash: ""\007\347lg\346B\270\350\352\375\266\371?(\361\364\365I|\375\262>\230(\333\250\331\007\360U\024\027""; ledgerSeq: 0; type: liTS_CANDIDATE; nodes {;   nodedata: ""\003S\n\235\2624\346\340\377asq\337\223T\316nL\232)C!\360\245\205[L\224\\351\351\000\003"";   nodeid: ""\000\000\000\000\000\000\000\000\000\000\000\000\000\000\000\000\000\000\000\000\000\000\000\000\000\000\000\000\000\000\000\000\000""; }; "
1750587285151,1750587285152,3656,1,3,1,TMProposeSet,"proposeSeq: 1; currentTxHash: ""q|\216``\027\240\206w\312\263+\241\310\271\371\2034\351_\3373\tL\007q_p\342\264_z""; nodePubKey: ""\003\343\005\311u\203\370\0338\3174\324\010\006\301\251\177\261\304eOX\262)FA-\022r\263wm\024""; closeTime: 803902480; signature: ""0D\002 \033n\326i^y/\366o\005#\333\252\032\224s\361\305\343\265\251)\223\347\017\004\350p\334\236\341\327\002 \022\335 M\204G\253\334\253p\252h5z\313w\247\210;\014B2!\033\004\022\217\377\225\322\246\370""; previousledger: ""\354@[\274\202\021\202\373Vi\243\n\325\250\005e\360""m\346'\311@\343\016$L\346\334\360<w""; ","proposeSeq: 1; currentTxHash: ""q|\216``\027\240\206w\312\263+\241\310\271\371\2034\351_\3373\tL\007q_p\342\264_z""; nodePubKey: ""\003\343\005\311u\203\370\0338\3174\324\010\006\301\251\177\261\304eOX\262)FA-\022r\263wm\024""; closeTime: 803902480; signature: ""0D\002 \033n\326i^y/\366o\005#\333\252\032\224s\361\305\343\265\251)\223\347\017\004\350p\334\236\341\327\002 \022\335 M\204G\253\334\253p\252h5z\313w\247\210;\014B2!\033\004\022\217\377\225\322\246\370""; previousledger: ""\354@[\274\202\021\202\373Vi\243\n\325\250\005e\360""m\346'\311@\343\016$L\346\334\360<w""; "
1750587285152,1750587285152,2142,1,3,1,TMGetLedger,"itype: liTS_CANDIDATE; ledgerHash: ""q|\216``\027\240\206w\312\263+\241\310\271\371\2034\351_\3373\tL\007q_p\342\264_z""; nodeIDs: ""\000\000\000\000\000\000\000\000\000\000\000\000\000\000\000\000\000\000\000\000\000\000\000\000\000\000\000\000\000\000\000\000\000""; queryDepth: 3; ","itype: liTS_CANDIDATE; ledgerHash: ""q|\216``\027\240\206w\312\263+\241\310\271\371\2034\351_\3373\tL\007q_p\342\264_z""; nodeIDs: ""\000\000\000\000\000\000\000\000\000\000\000\000\000\000\000\000\000\000\000\000\000\000\000\000\000\000\000\000\000\000\000\000\000""; queryDepth: 3; "
1750587285152,1750587285152,1136,1,3,0,TMGetLedger,"itype: liTS_CANDIDATE; ledgerHash: ""q|\216``\027\240\206w\312\263+\241\310\271\371\2034\351_\3373\tL\007q_p\342\264_z""; nodeIDs: ""\000\000\000\000\000\000\000\000\000\000\000\000\000\000\000\000\000\000\000\000\000\000\000\000\000\000\000\000\000\000\000\000\000""; queryDepth: 3; ","itype: liTS_CANDIDATE; ledgerHash: ""q|\216``\027\240\206w\312\263+\241\310\271\371\2034\351_\3373\tL\007q_p\342\264_z""; nodeIDs: ""\000\000\000\000\000\000\000\000\000\000\000\000\000\000\000\000\000\000\000\000\000\000\000\000\000\000\000\000\000\000\000\000\000""; queryDepth: 3; "
1750587285153,1750587285153,1317,1,3,2,TMProposeSet,"proposeSeq: 1; currentTxHash: ""q|\216``\027\240\206w\312\263+\241\310\271\371\2034\351_\3373\tL\007q_p\342\264_z""; nodePubKey: ""\003\343\005\311u\203\370\0338\3174\324\010\006\301\251\177\261\304eOX\262)FA-\022r\263wm\024""; closeTime: 803902480; signature: ""0D\002 \033n\326i^y/\366o\005#\333\252\032\224s\361\305\343\265\251)\223\347\017\004\350p\334\236\341\327\002 \022\335 M\204G\253\334\253p\252h5z\313w\247\210;\014B2!\033\004\022\217\377\225\322\246\370""; previousledger: ""\354@[\274\202\021\202\373Vi\243\n\325\250\005e\360""m\346'\311@\343\016$L\346\334\360<w""; ","proposeSeq: 1; currentTxHash: ""q|\216``\027\240\206w\312\263+\241\310\271\371\2034\351_\3373\tL\007q_p\342\264_z""; nodePubKey: ""\003\343\005\311u\203\370\0338\3174\324\010\006\301\251\177\261\304eOX\262)FA-\022r\263wm\024""; closeTime: 803902480; signature: ""0D\002 \033n\326i^y/\366o\005#\333\252\032\224s\361\305\343\265\251)\223\347\017\004\350p\334\236\341\327\002 \022\335 M\204G\253\334\253p\252h5z\313w\247\210;\014B2!\033\004\022\217\377\225\322\246\370""; previousledger: ""\354@[\274\202\021\202\373Vi\243\n\325\250\005e\360""m\346'\311@\343\016$L\346\334\360<w""; "
1750587285153,1750587285153,483,1,3,4,TMProposeSet,"proposeSeq: 1; currentTxHash: ""q|\216``\027\240\206w\312\263+\241\310\271\371\2034\351_\3373\tL\007q_p\342\264_z""; nodePubKey: ""\003\343\005\311u\203\370\0338\3174\324\010\006\301\251\177\261\304eOX\262)FA-\022r\263wm\024""; closeTime: 803902480; signature: ""0D\002 \033n\326i^y/\366o\005#\333\252\032\224s\361\305\343\265\251)\223\347\017\004\350p\334\236\341\327\002 \022\335 M\204G\253\334\253p\252h5z\313w\247\210;\014B2!\033\004\022\217\377\225\322\246\370""; previousledger: ""\354@[\274\202\021\202\373Vi\243\n\325\250\005e\360""m\346'\311@\343\016$L\346\334\360<w""; ","proposeSeq: 1; currentTxHash: ""q|\216``\027\240\206w\312\263+\241\310\271\371\2034\351_\3373\tL\007q_p\342\264_z""; nodePubKey: ""\003\343\005\311u\203\370\0338\3174\324\010\006\301\251\177\261\304eOX\262)FA-\022r\263wm\024""; closeTime: 803902480; signature: ""0D\002 \033n\326i^y/\366o\005#\333\252\032\224s\361\305\343\265\251)\223\347\017\004\350p\334\236\341\327\002 \022\335 M\204G\253\334\253p\252h5z\313w\247\210;\014B2!\033\004\022\217\377\225\322\246\370""; previousledger: ""\354@[\274\202\021\202\373Vi\243\n\325\250\005e\360""m\346'\311@\343\016$L\346\334\360<w""; "
1750587285158,1750587285158,1102,1,2,3,TMLedgerData,"ledgerHash: ""b\001;\355\\351h\305\360*\252j\2470\334[#|\313\3606\207\210\245\372\217RX\333g`K""; ledgerSeq: 0; type: liTS_CANDIDATE; nodes {;   nodedata: "" \245\366\271\024\035\303\242}O\341[\232\374\0350\307\253\205\001\301\216B\031pk\231\004\271\276\265\240\002\003"";   nodeid: ""\000\000\000\000\000\000\000\000\000\000\000\000\000\000\000\000\000\000\000\000\000\000\000\000\000\000\000\000\000\000\000\000\000""; }; requestCookie: 2; ","ledgerHash: ""b\001;\355\\351h\305\360*\252j\2470\334[#|\313\3606\207\210\245\372\217RX\333g`K""; ledgerSeq: 0; type: liTS_CANDIDATE; nodes {;   nodedata: "" \245\366\271\024\035\303\242}O\341[\232\374\0350\307\253\205\001\301\216B\031pk\231\004\271\276\265\240\002\003"";   nodeid: ""\000\000\000\000\000\000\000\000\000\000\000\000\000\000\000\000\000\000\000\000\000\000\000\000\000\000\000\000\000\000\000\000\000""; }; requestCookie: 2; "
1750587285166,1750587285166,1772,1,4,3,TMLedgerData,"ledgerHash: ""\007\347lg\346B\270\350\352\375\266\371?(\361\364\365I|\375\262>\230(\333\250\331\007\360U\024\027""; ledgerSeq: 0; type: liTS_CANDIDATE; nodes {;   nodedata: ""\003S\n\235\2624\346\340\377asq\337\223T\316nL\232)C!\360\245\205[L\224\\351\351\000\003"";   nodeid: ""\000\000\000\000\000\000\000\000\000\000\000\000\000\000\000\000\000\000\000\000\000\000\000\000\000\000\000\000\000\000\000\000\000""; }; ","ledgerHash: ""\007\347lg\346B\270\350\352\375\266\371?(\361\364\365I|\375\262>\230(\333\250\331\007\360U\024\027""; ledgerSeq: 0; type: liTS_CANDIDATE; nodes {;   nodedata: ""\003S\n\235\2624\346\340\377asq\337\223T\316nL\232)C!\360\245\205[L\224\\351\351\000\003"";   nodeid: ""\000\000\000\000\000\000\000\000\000\000\000\000\000\000\000\000\000\000\000\000\000\000\000\000\000\000\000\000\000\000\000\000\000""; }; "
1750587285170,1750587285170,1103,1,0,4,TMLedgerData,"ledgerHash: ""\237\231\311\371Y@""\177>\241""\310\233r\315\210Z\003g\334\034\021\305\3353Q\035\224\200\224\347\257""; ledgerSeq: 8; type: liTX_NODE; nodes {;   nodedata: ""\274\022\000\000""\000\000\000\000$\000\000\000\006 \033\000\000\000\032a@\000\000\023S/~\000h@\000\000\000\000\000\000\ns!\003\364\346'\245\361\313f\307\325O*\031\010 \337\241\354\3450V\376\031#\323\000\245'Q`4d\376tF0D\002 ,\010\365p6\304C\242\365\005bf\023\023\2535\373c\246@\nC\214\257Kj\3519\353\257)r\002 [n\210\266}:;pPVw\327i\342,4\316\274A\315\001|\214\302?\r\222\354\240\0308\221\201\024B\006\222#\215\346\234\245/\205\327[/\206^\005y\253G\373\203\024E0\246\210\344\325\345r\024T\251\006P\255\352\333\372\351\337\302\301] \034\000\000\000\000\370\345\021\000a%\000\000\000\006U\222c\273c4\225\334\221\227u?\025\314=\305/\262\367\217\375\027j\323\304\372\312Fv\2716\001\355V`\201|\265N\251\301Y\240\225\206\033+\t\343\352\033+\325\025OC\253O\023\305&l\256\252\351\247\346$\000\000\000\006b@\000\000\027H\206*@\341\347""\000\000\000\000$\000\000\000\007-\000\000\000\000b@\000\000\003\365V\2546\201\024B\006\222#\215\346\234\245/\205\327[/\206^\005y\253G\373\341\341\345\021\000a%\000\000\000\006U\246C\232\272\013^\241\340~\030'\005/\234\037\355\231\230\017\266\365\303w\360\273\374\234\362S:\270\023V\250\327\275\254\201\236\370\336\205\322\273\305\241\026\265L\374\365\316\330\225\325\203\316\303\217\337V\341\265\274\252\346b@\000\000\027H\206*@\341\347""\000\000\000\000$\000\000\000\006-\000\000\000\000b@\000\000*\233\265\250@\201\024E0\246\210\344\325\345r\024T\251\006P\255\352\333\372\351\337\302\341\341\361\003\020\000\247\272\246\2214\014W1\360z\262\252=\343\207'\275\266;\016\021\306\330\030\225\023\357\272\353\200x\221\004"";   nodeid: ""\240\000\000\000\000\000\000\000\000\000\000\000\000\000\000\000\000\000\000\000\000\000\000\000\000\000\000\000\000\000\000\000\001""; }; ","ledgerHash: ""\237\231\311\371Y@""\177>\241""\310\233r\315\210Z\003g\334\034\021\305\3353Q\035\224\200\224\347\257""; ledgerSeq: 8; type: liTX_NODE; nodes {;   nodedata: ""\274\022\000\000""\000\000\000\000$\000\000\000\006 \033\000\000\000\032a@\000\000\023S/~\000h@\000\000\000\000\000\000\ns!\003\364\346'\245\361\313f\307\325O*\031\010 \337\241\354\3450V\376\031#\323\000\245'Q`4d\376tF0D\002 ,\010\365p6\304C\242\365\005bf\023\023\2535\373c\246@\nC\214\257Kj\3519\353\257)r\002 [n\210\266}:;pPVw\327i\342,4\316\274A\315\001|\214\302?\r\222\354\240\0308\221\201\024B\006\222#\215\346\234\245/\205\327[/\206^\005y\253G\373\203\024E0\246\210\344\325\345r\024T\251\006P\255\352\333\372\351\337\302\301] \034\000\000\000\000\370\345\021\000a%\000\000\000\006U\222c\273c4\225\334\221\227u?\025\314=\305/\262\367\217\375\027j\323\304\372\312Fv\2716\001\355V`\201|\265N\251\301Y\240\225\206\033+\t\343\352\033+\325\025OC\253O\023\305&l\256\252\351\247\346$\000\000\000\006b@\000\000\027H\206*@\341\347""\000\000\000\000$\000\000\000\007-\000\000\000\000b@\000\000\003\365V\2546\201\024B\006\222#\215\346\234\245/\205\327[/\206^\005y\253G\373\341\341\345\021\000a%\000\000\000\006U\246C\232\272\013^\241\340~\030'\005/\234\037\355\231\230\017\266\365\303w\360\273\374\234\362S:\270\023V\250\327\275\254\201\236\370\336\205\322\273\305\241\026\265L\374\365\316\330\225\325\203\316\303\217\337V\341\265\274\252\346b@\000\000\027H\206*@\341\347""\000\000\000\000$\000\000\000\006-\000\000\000\000b@\000\000*\233\265\250@\201\024E0\246\210\344\325\345r\024T\251\006P\255\352\333\372\351\337\302\341\341\361\003\020\000\247\272\246\2214\014W1\360z\262\252=\343\207'\275\266;\016\021\306\330\030\225\023\357\272\353\200x\221\004"";   nodeid: ""\240\000\000\000\000\000\000\000\000\000\000\000\000\000\000\000\000\000\000\000\000\000\000\000\000\000\000\000\000\000\000\000\001""; }; "
1750587285196,1750587285196,1435,1,4,1,TMLedgerData,"ledgerHash: ""b\001;\355\\351h\305\360*\252j\2470\334[#|\313\3606\207\210\245\372\217RX\333g`K""; ledgerSeq: 0; type: liTS_CANDIDATE; nodes {;   nodedata: "" \245\366\271\024\035\303\242}O\341[\232\374\0350\307\253\205\001\301\216B\031pk\231\004\271\276\265\240\002\003"";   nodeid: ""\000\000\000\000\000\000\000\000\000\000\000\000\000\000\000\000\000\000\000\000\000\000\000\000\000\000\000\000\000\000\000\000\000""; }; ","ledgerHash: ""b\001;\355\\351h\305\360*\252j\2470\334[#|\313\3606\207\210\245\372\217RX\333g`K""; ledgerSeq: 0; type: liTS_CANDIDATE; nodes {;   nodedata: "" \245\366\271\024\035\303\242}O\341[\232\374\0350\307\253\205\001\301\216B\031pk\231\004\271\276\265\240\002\003"";   nodeid: ""\000\000\000\000\000\000\000\000\000\000\000\000\000\000\000\000\000\000\000\000\000\000\000\000\000\000\000\000\000\000\000\000\000""; }; "
1750587285210,1750587285210,1399,1,1,3,TMLedgerData,"ledgerHash: ""b\001;\355\\351h\305\360*\252j\2470\334[#|\313\3606\207\210\245\372\217RX\333g`K""; ledgerSeq: 0; type: liTS_CANDIDATE; nodes {;   nodedata: "" \245\366\271\024\035\303\242}O\341[\232\374\0350\307\253\205\001\301\216B\031pk\231\004\271\276\265\240\002\003"";   nodeid: ""\000\000\000\000\000\000\000\000\000\000\000\000\000\000\000\000\000\000\000\000\000\000\000\000\000\000\000\000\000\000\000\000\000""; }; requestCookie: 2; ","ledgerHash: ""b\001;\355\\351h\305\360*\252j\2470\334[#|\313\3606\207\210\245\372\217RX\333g`K""; ledgerSeq: 0; type: liTS_CANDIDATE; nodes {;   nodedata: "" \245\366\271\024\035\303\242}O\341[\232\374\0350\307\253\205\001\301\216B\031pk\231\004\271\276\265\240\002\003"";   nodeid: ""\000\000\000\000\000\000\000\000\000\000\000\000\000\000\000\000\000\000\000\000\000\000\000\000\000\000\000\000\000\000\000\000\000""; }; requestCookie: 2; "
1750587285217,1750587285217,3097,1,2,0,TMLedgerData,"ledgerHash: ""b\001;\355\\351h\305\360*\252j\2470\334[#|\313\3606\207\210\245\372\217RX\333g`K""; ledgerSeq: 0; type: liTS_CANDIDATE; nodes {;   nodedata: "" \245\366\271\024\035\303\242}O\341[\232\374\0350\307\253\205\001\301\216B\031pk\231\004\271\276\265\240\002\003"";   nodeid: ""\000\000\000\000\000\000\000\000\000\000\000\000\000\000\000\000\000\000\000\000\000\000\000\000\000\000\000\000\000\000\000\000\000""; }; ","ledgerHash: ""b\001;\355\\351h\305\360*\252j\2470\334[#|\313\3606\207\210\245\372\217RX\333g`K""; ledgerSeq: 0; type: liTS_CANDIDATE; nodes {;   nodedata: "" \245\366\271\024\035\303\242}O\341[\232\374\0350\307\253\205\001\301\216B\031pk\231\004\271\276\265\240\002\003"";   nodeid: ""\000\000\000\000\000\000\000\000\000\000\000\000\000\000\000\000\000\000\000\000\000\000\000\000\000\000\000\000\000\000\000\000\000""; }; "
1750587285217,1750587285218,483,1,3,4,TMProposeSet,"proposeSeq: 0; currentTxHash: ""\007\347lg\346B\270\350\352\375\266\371?(\361\364\365I|\375\262>\230(\333\250\331\007\360U\024\027""; nodePubKey: ""\003ql\302)\235\321\t\213\224\356\374%%\311\327\037\374\304\t\335\2359\344\233\035]\347<u\236\364\222""; closeTime: 803902482; signature: ""0E\002!\000\225\204A\261?\224G\341C\256\266k\305lI}\255\314\r\004\371\277\276\305M\326:x*\214\301\254\002 @\277X\250\246S_?\232\337\263\225]\207\200G\212\273\002\371\312\316[\275P\317\325l\217\364\374r""; previousledger: ""\354@[\274\202\021\202\373Vi\243\n\325\250\005e\360""m\346'\311@\343\016$L\346\334\360<w""; ","proposeSeq: 0; currentTxHash: ""\007\347lg\346B\270\350\352\375\266\371?(\361\364\365I|\375\262>\230(\333\250\331\007\360U\024\027""; nodePubKey: ""\003ql\302)\235\321\t\213\224\356\374%%\311\327\037\374\304\t\335\2359\344\233\035]\347<u\236\364\222""; closeTime: 803902482; signature: ""0E\002!\000\225\204A\261?\224G\341C\256\266k\305lI}\255\314\r\004\371\277\276\305M\326:x*\214\301\254\002 @\277X\250\246S_?\232\337\263\225]\207\200G\212\273\002\371\312\316[\275P\317\325l\217\364\374r""; previousledger: ""\354@[\274\202\021\202\373Vi\243\n\325\250\005e\360""m\346'\311@\343\016$L\346\334\360<w""; "
1750587285217,1750587285217,1317,1,3,2,TMProposeSet,"proposeSeq: 0; currentTxHash: ""\007\347lg\346B\270\350\352\375\266\371?(\361\364\365I|\375\262>\230(\333\250\331\007\360U\024\027""; nodePubKey: ""\003ql\302)\235\321\t\213\224\356\374%%\311\327\037\374\304\t\335\2359\344\233\035]\347<u\236\364\222""; closeTime: 803902482; signature: ""0E\002!\000\225\204A\261?\224G\341C\256\266k\305lI}\255\314\r\004\371\277\276\305M\326:x*\214\301\254\002 @\277X\250\246S_?\232\337\263\225]\207\200G\212\273\002\371\312\316[\275P\317\325l\217\364\374r""; previousledger: ""\354@[\274\202\021\202\373Vi\243\n\325\250\005e\360""m\346'\311@\343\016$L\346\334\360<w""; ","proposeSeq: 0; currentTxHash: ""\007\347lg\346B\270\350\352\375\266\371?(\361\364\365I|\375\262>\230(\333\250\331\007\360U\024\027""; nodePubKey: ""\003ql\302)\235\321\t\213\224\356\374%%\311\327\037\374\304\t\335\2359\344\233\035]\347<u\236\364\222""; closeTime: 803902482; signature: ""0E\002!\000\225\204A\261?\224G\341C\256\266k\305lI}\255\314\r\004\371\277\276\305M\326:x*\214\301\254\002 @\277X\250\246S_?\232\337\263\225]\207\200G\212\273\002\371\312\316[\275P\317\325l\217\364\374r""; previousledger: ""\354@[\274\202\021\202\373Vi\243\n\325\250\005e\360""m\346'\311@\343\016$L\346\334\360<w""; "
1750587285218,1750587285218,3656,1,3,1,TMProposeSet,"proposeSeq: 0; currentTxHash: ""\007\347lg\346B\270\350\352\375\266\371?(\361\364\365I|\375\262>\230(\333\250\331\007\360U\024\027""; nodePubKey: ""\003ql\302)\235\321\t\213\224\356\374%%\311\327\037\374\304\t\335\2359\344\233\035]\347<u\236\364\222""; closeTime: 803902482; signature: ""0E\002!\000\225\204A\261?\224G\341C\256\266k\305lI}\255\314\r\004\371\277\276\305M\326:x*\214\301\254\002 @\277X\250\246S_?\232\337\263\225]\207\200G\212\273\002\371\312\316[\275P\317\325l\217\364\374r""; previousledger: ""\354@[\274\202\021\202\373Vi\243\n\325\250\005e\360""m\346'\311@\343\016$L\346\334\360<w""; ","proposeSeq: 0; currentTxHash: ""\007\347lg\346B\270\350\352\375\266\371?(\361\364\365I|\375\262>\230(\333\250\331\007\360U\024\027""; nodePubKey: ""\003ql\302)\235\321\t\213\224\356\374%%\311\327\037\374\304\t\335\2359\344\233\035]\347<u\236\364\222""; closeTime: 803902482; signature: ""0E\002!\000\225\204A\261?\224G\341C\256\266k\305lI}\255\314\r\004\371\277\276\305M\326:x*\214\301\254\002 @\277X\250\246S_?\232\337\263\225]\207\200G\212\273\002\371\312\316[\275P\317\325l\217\364\374r""; previousledger: ""\354@[\274\202\021\202\373Vi\243\n\325\250\005e\360""m\346'\311@\343\016$L\346\334\360<w""; "
1750587285220,1750587285220,1772,1,4,3,TMLedgerData,"ledgerHash: ""\354@[\274\202\021\202\373Vi\243\n\325\250\005e\360""m\346'\311@\343\016$L\346\334\360<w""; ledgerSeq: 8; type: liBASE; nodes {;   nodedata: ""\000\000\000\010\001cEx]\211\377\342\311\347s\234ae\204\263\365U\334\372D\354\345\276\201f\035\271%#\375\245\314.""\373\330&\3746\000\000\000\000\000\000\000\000\000\000\000\000\000\000\000\000\000\000\000\000\000\000\000\000\000\000\000\000\000\000\000\000\245lQI\023\t3o\213\325\024\3601\255\010\244\306\3215\261\204Q\r\327\317\312f\322eb\215C/\352\224\010/\352\224\020\n\000""; }; nodes {;   nodedata: ""h\315\350\215y\203\242]\371\235\232Pt&\325\210eZ\346\237XZ \277\2457n\221\336\253\245\317\002w\n\356\350\316{k\272E0\225\362\025\010\366\367\372\263\355xq\360\261\376M<\356\347\007zf\307\006E\344\037@\210\363\010\336T\226\247'\204_{\261\370""1\235\2445\343\033Y!\212\201\341\272\225'\007*$\244&\336\343'\233i\332\374\245 {^\306-N\333\gE\006\347\212\331C\211Z\177\247\031\n\265\022\035W\277\033\265pM\027\313x\327iNP(O\216Pk&\235\336\223\217\374\212\253\322w\362\013\210`4\253""\302f\230\374\037bx\0145C\307\337\316[\244d\302\3031\347\300\025aX\357\226\221\016\003""; }; requestCookie: 4; ","ledgerHash: ""\354@[\274\202\021\202\373Vi\243\n\325\250\005e\360""m\346'\311@\343\016$L\346\334\360<w""; ledgerSeq: 8; type: liBASE; nodes {;   nodedata: ""\000\000\000\010\001cEx]\211\377\342\311\347s\234ae\204\263\365U\334\372D\354\345\276\201f\035\271%#\375\245\314.""\373\330&\3746\000\000\000\000\000\000\000\000\000\000\000\000\000\000\000\000\000\000\000\000\000\000\000\000\000\000\000\000\000\000\000\000\245lQI\023\t3o\213\325\024\3601\255\010\244\306\3215\261\204Q\r\327\317\312f\322eb\215C/\352\224\010/\352\224\020\n\000""; }; nodes {;   nodedata: ""h\315\350\215y\203\242]\371\235\232Pt&\325\210eZ\346\237XZ \277\2457n\221\336\253\245\317\002w\n\356\350\316{k\272E0\225\362\025\010\366\367\372\263\355xq\360\261\376M<\356\347\007zf\307\006E\344\037@\210\363\010\336T\226\247'\204_{\261\370""1\235\2445\343\033Y!\212\201\341\272\225'\007*$\244&\336\343'\233i\332\374\245 {^\306-N\333\gE\006\347\212\331C\211Z\177\247\031\n\265\022\035W\277\033\265pM\027\313x\327iNP(O\216Pk&\235\336\223\217\374\212\253\322w\362\013\210`4\253""\302f\230\374\037bx\0145C\307\337\316[\244d\302\3031\347\300\025aX\357\226\221\016\003""; }; requestCookie: 4; "
1750587285232,1750587285232,486,1,4,0,TMLedgerData,"ledgerHash: ""b\001;\355\\351h\305\360*\252j\2470\334[#|\313\3606\207\210\245\372\217RX\333g`K""; ledgerSeq: 0; type: liTS_CANDIDATE; nodes {;   nodedata: "" \245\366\271\024\035\303\242}O\341[\232\374\0350\307\253\205\001\301\216B\031pk\231\004\271\276\265\240\002\003"";   nodeid: ""\000\000\000\000\000\000\000\000\000\000\000\000\000\000\000\000\000\000\000\000\000\000\000\000\000\000\000\000\000\000\000\000\000""; }; ","ledgerHash: ""b\001;\355\\351h\305\360*\252j\2470\334[#|\313\3606\207\210\245\372\217RX\333g`K""; ledgerSeq: 0; type: liTS_CANDIDATE; nodes {;   nodedata: "" \245\366\271\024\035\303\242}O\341[\232\374\0350\307\253\205\001\301\216B\031pk\231\004\271\276\265\240\002\003"";   nodeid: ""\000\000\000\000\000\000\000\000\000\000\000\000\000\000\000\000\000\000\000\000\000\000\000\000\000\000\000\000\000\000\000\000\000""; }; "
1750587285240,1750587285240,1582,1,2,0,TMGetLedger,"itype: liTS_CANDIDATE; ledgerHash: ""q|\216``\027\240\206w\312\263+\241\310\271\371\2034\351_\3373\tL\007q_p\342\264_z""; nodeIDs: ""\000\000\000\000\000\000\000\000\000\000\000\000\000\000\000\000\000\000\000\000\000\000\000\000\000\000\000\000\000\000\000\000\000""; queryType: qtINDIRECT; queryDepth: 3; ","itype: liTS_CANDIDATE; ledgerHash: ""q|\216``\027\240\206w\312\263+\241\310\271\371\2034\351_\3373\tL\007q_p\342\264_z""; nodeIDs: ""\000\000\000\000\000\000\000\000\000\000\000\000\000\000\000\000\000\000\000\000\000\000\000\000\000\000\000\000\000\000\000\000\000""; queryType: qtINDIRECT; queryDepth: 3; "
1750587285240,1750587285240,342,1,2,1,TMGetLedger,"itype: liTS_CANDIDATE; ledgerHash: ""q|\216``\027\240\206w\312\263+\241\310\271\371\2034\351_\3373\tL\007q_p\342\264_z""; nodeIDs: ""\000\000\000\000\000\000\000\000\000\000\000\000\000\000\000\000\000\000\000\000\000\000\000\000\000\000\000\000\000\000\000\000\000""; queryType: qtINDIRECT; queryDepth: 3; ","itype: liTS_CANDIDATE; ledgerHash: ""q|\216``\027\240\206w\312\263+\241\310\271\371\2034\351_\3373\tL\007q_p\342\264_z""; nodeIDs: ""\000\000\000\000\000\000\000\000\000\000\000\000\000\000\000\000\000\000\000\000\000\000\000\000\000\000\000\000\000\000\000\000\000""; queryType: qtINDIRECT; queryDepth: 3; "
1750587285240,1750587285241,499,1,2,4,TMGetLedger,"itype: liTS_CANDIDATE; ledgerHash: ""q|\216``\027\240\206w\312\263+\241\310\271\371\2034\351_\3373\tL\007q_p\342\264_z""; nodeIDs: ""\000\000\000\000\000\000\000\000\000\000\000\000\000\000\000\000\000\000\000\000\000\000\000\000\000\000\000\000\000\000\000\000\000""; queryType: qtINDIRECT; queryDepth: 3; ","itype: liTS_CANDIDATE; ledgerHash: ""q|\216``\027\240\206w\312\263+\241\310\271\371\2034\351_\3373\tL\007q_p\342\264_z""; nodeIDs: ""\000\000\000\000\000\000\000\000\000\000\000\000\000\000\000\000\000\000\000\000\000\000\000\000\000\000\000\000\000\000\000\000\000""; queryType: qtINDIRECT; queryDepth: 3; "
1750587285241,1750587285241,3898,1,2,3,TMGetLedger,"itype: liTS_CANDIDATE; ledgerHash: ""q|\216``\027\240\206w\312\263+\241\310\271\371\2034\351_\3373\tL\007q_p\342\264_z""; nodeIDs: ""\000\000\000\000\000\000\000\000\000\000\000\000\000\000\000\000\000\000\000\000\000\000\000\000\000\000\000\000\000\000\000\000\000""; queryType: qtINDIRECT; queryDepth: 3; ","itype: liTS_CANDIDATE; ledgerHash: ""q|\216``\027\240\206w\312\263+\241\310\271\371\2034\351_\3373\tL\007q_p\342\264_z""; nodeIDs: ""\000\000\000\000\000\000\000\000\000\000\000\000\000\000\000\000\000\000\000\000\000\000\000\000\000\000\000\000\000\000\000\000\000""; queryType: qtINDIRECT; queryDepth: 3; "
1750587285257,1750587285257,3414,1,0,2,TMGetLedger,"itype: liTS_CANDIDATE; ledgerHash: ""q|\216``\027\240\206w\312\263+\241\310\271\371\2034\351_\3373\tL\007q_p\342\264_z""; nodeIDs: ""\000\000\000\000\000\000\000\000\000\000\000\000\000\000\000\000\000\000\000\000\000\000\000\000\000\000\000\000\000\000\000\000\000""; queryType: qtINDIRECT; queryDepth: 3; ","itype: liTS_CANDIDATE; ledgerHash: ""q|\216``\027\240\206w\312\263+\241\310\271\371\2034\351_\3373\tL\007q_p\342\264_z""; nodeIDs: ""\000\000\000\000\000\000\000\000\000\000\000\000\000\000\000\000\000\000\000\000\000\000\000\000\000\000\000\000\000\000\000\000\000""; queryType: qtINDIRECT; queryDepth: 3; "
1750587285267,1750587285267,1772,1,4,3,TMLedgerData,"ledgerHash: ""\007\347lg\346B\270\350\352\375\266\371?(\361\364\365I|\375\262>\230(\333\250\331\007\360U\024\027""; ledgerSeq: 0; type: liTS_CANDIDATE; nodes {;   nodedata: ""\003S\n\235\2624\346\340\377asq\337\223T\316nL\232)C!\360\245\205[L\224\\351\351\000\003"";   nodeid: ""\000\000\000\000\000\000\000\000\000\000\000\000\000\000\000\000\000\000\000\000\000\000\000\000\000\000\000\000\000\000\000\000\000""; }; ","ledgerHash: ""\007\347lg\346B\270\350\352\375\266\371?(\361\364\365I|\375\262>\230(\333\250\331\007\360U\024\027""; ledgerSeq: 0; type: liTS_CANDIDATE; nodes {;   nodedata: ""\003S\n\235\2624\346\340\377asq\337\223T\316nL\232)C!\360\245\205[L\224\\351\351\000\003"";   nodeid: ""\000\000\000\000\000\000\000\000\000\000\000\000\000\000\000\000\000\000\000\000\000\000\000\000\000\000\000\000\000\000\000\000\000""; }; "
1750587285283,1750587285283,1743,1,2,4,TMLedgerData,"ledgerHash: ""\007\347lg\346B\270\350\352\375\266\371?(\361\364\365I|\375\262>\230(\333\250\331\007\360U\024\027""; ledgerSeq: 0; type: liTS_CANDIDATE; nodes {;   nodedata: ""\003S\n\235\2624\346\340\377asq\337\223T\316nL\232)C!\360\245\205[L\224\\351\351\000\003"";   nodeid: ""\000\000\000\000\000\000\000\000\000\000\000\000\000\000\000\000\000\000\000\000\000\000\000\000\000\000\000\000\000\000\000\000\000""; }; ","ledgerHash: ""\007\347lg\346B\270\350\352\375\266\371?(\361\364\365I|\375\262>\230(\333\250\331\007\360U\024\027""; ledgerSeq: 0; type: liTS_CANDIDATE; nodes {;   nodedata: ""\003S\n\235\2624\346\340\377asq\337\223T\316nL\232)C!\360\245\205[L\224\\351\351\000\003"";   nodeid: ""\000\000\000\000\000\000\000\000\000\000\000\000\000\000\000\000\000\000\000\000\000\000\000\000\000\000\000\000\000\000\000\000\000""; }; "
1750587285288,1750587285288,1772,1,4,3,TMLedgerData,"ledgerHash: ""\354@[\274\202\021\202\373Vi\243\n\325\250\005e\360""m\346'\311@\343\016$L\346\334\360<w""; ledgerSeq: 8; type: liBASE; nodes {;   nodedata: ""\000\000\000\010\001cEx]\211\377\342\311\347s\234ae\204\263\365U\334\372D\354\345\276\201f\035\271%#\375\245\314.""\373\330&\3746\000\000\000\000\000\000\000\000\000\000\000\000\000\000\000\000\000\000\000\000\000\000\000\000\000\000\000\000\000\000\000\000\245lQI\023\t3o\213\325\024\3601\255\010\244\306\3215\261\204Q\r\327\317\312f\322eb\215C/\352\224\010/\352\224\020\n\000""; }; nodes {;   nodedata: ""h\315\350\215y\203\242]\371\235\232Pt&\325\210eZ\346\237XZ \277\2457n\221\336\253\245\317\002w\n\356\350\316{k\272E0\225\362\025\010\366\367\372\263\355xq\360\261\376M<\356\347\007zf\307\006E\344\037@\210\363\010\336T\226\247'\204_{\261\370""1\235\2445\343\033Y!\212\201\341\272\225'\007*$\244&\336\343'\233i\332\374\245 {^\306-N\333\gE\006\347\212\331C\211Z\177\247\031\n\265\022\035W\277\033\265pM\027\313x\327iNP(O\216Pk&\235\336\223\217\374\212\253\322w\362\013\210`4\253""\302f\230\374\037bx\0145C\307\337\316[\244d\302\3031\347\300\025aX\357\226\221\016\003""; }; ","ledgerHash: ""\354@[\274\202\021\202\373Vi\243\n\325\250\005e\360""m\346'\311@\343\016$L\346\334\360<w""; ledgerSeq: 8; type: liBASE; nodes {;   nodedata: ""\000\000\000\010\001cEx]\211\377\342\311\347s\234ae\204\263\365U\334\372D\354\345\276\201f\035\271%#\375\245\314.""\373\330&\3746\000\000\000\000\000\000\000\000\000\000\000\000\000\000\000\000\000\000\000\000\000\000\000\000\000\000\000\000\000\000\000\000\245lQI\023\t3o\213\325\024\3601\255\010\244\306\3215\261\204Q\r\327\317\312f\322eb\215C/\352\224\010/\352\224\020\n\000""; }; nodes {;   nodedata: ""h\315\350\215y\203\242]\371\235\232Pt&\325\210eZ\346\237XZ \277\2457n\221\336\253\245\317\002w\n\356\350\316{k\272E0\225\362\025\010\366\367\372\263\355xq\360\261\376M<\356\347\007zf\307\006E\344\037@\210\363\010\336T\226\247'\204_{\261\370""1\235\2445\343\033Y!\212\201\341\272\225'\007*$\244&\336\343'\233i\332\374\245 {^\306-N\333\gE\006\347\212\331C\211Z\177\247\031\n\265\022\035W\277\033\265pM\027\313x\327iNP(O\216Pk&\235\336\223\217\374\212\253\322w\362\013\210`4\253""\302f\230\374\037bx\0145C\307\337\316[\244d\302\3031\347\300\025aX\357\226\221\016\003""; }; "
1750587285315,1750587285315,769,1,4,0,TMGetLedger,"itype: liTS_CANDIDATE; ledgerHash: ""\007\347lg\346B\270\350\352\375\266\371?(\361\364\365I|\375\262>\230(\333\250\331\007\360U\024\027""; nodeIDs: ""\000\000\000\000\000\000\000\000\000\000\000\000\000\000\000\000\000\000\000\000\000\000\000\000\000\000\000\000\000\000\000\000\000""; queryType: qtINDIRECT; queryDepth: 3; ","itype: liTS_CANDIDATE; ledgerHash: ""\007\347lg\346B\270\350\352\375\266\371?(\361\364\365I|\375\262>\230(\333\250\331\007\360U\024\027""; nodeIDs: ""\000\000\000\000\000\000\000\000\000\000\000\000\000\000\000\000\000\000\000\000\000\000\000\000\000\000\000\000\000\000\000\000\000""; queryType: qtINDIRECT; queryDepth: 3; "
1750587285315,1750587285315,1467,1,4,2,TMGetLedger,"itype: liTS_CANDIDATE; ledgerHash: ""\007\347lg\346B\270\350\352\375\266\371?(\361\364\365I|\375\262>\230(\333\250\331\007\360U\024\027""; nodeIDs: ""\000\000\000\000\000\000\000\000\000\000\000\000\000\000\000\000\000\000\000\000\000\000\000\000\000\000\000\000\000\000\000\000\000""; queryType: qtINDIRECT; queryDepth: 3; ","itype: liTS_CANDIDATE; ledgerHash: ""\007\347lg\346B\270\350\352\375\266\371?(\361\364\365I|\375\262>\230(\333\250\331\007\360U\024\027""; nodeIDs: ""\000\000\000\000\000\000\000\000\000\000\000\000\000\000\000\000\000\000\000\000\000\000\000\000\000\000\000\000\000\000\000\000\000""; queryType: qtINDIRECT; queryDepth: 3; "
1750587285316,1750587285316,557,1,4,1,TMGetLedger,"itype: liTS_CANDIDATE; ledgerHash: ""\007\347lg\346B\270\350\352\375\266\371?(\361\364\365I|\375\262>\230(\333\250\331\007\360U\024\027""; nodeIDs: ""\000\000\000\000\000\000\000\000\000\000\000\000\000\000\000\000\000\000\000\000\000\000\000\000\000\000\000\000\000\000\000\000\000""; queryType: qtINDIRECT; queryDepth: 3; ","itype: liTS_CANDIDATE; ledgerHash: ""\007\347lg\346B\270\350\352\375\266\371?(\361\364\365I|\375\262>\230(\333\250\331\007\360U\024\027""; nodeIDs: ""\000\000\000\000\000\000\000\000\000\000\000\000\000\000\000\000\000\000\000\000\000\000\000\000\000\000\000\000\000\000\000\000\000""; queryType: qtINDIRECT; queryDepth: 3; "
1750587285330,1750587285330,3914,1,4,3,TMGetLedger,"itype: liTS_CANDIDATE; ledgerHash: ""\007\347lg\346B\270\350\352\375\266\371?(\361\364\365I|\375\262>\230(\333\250\331\007\360U\024\027""; nodeIDs: ""\000\000\000\000\000\000\000\000\000\000\000\000\000\000\000\000\000\000\000\000\000\000\000\000\000\000\000\000\000\000\000\000\000""; queryType: qtINDIRECT; queryDepth: 3; ","itype: liTS_CANDIDATE; ledgerHash: ""\007\347lg\346B\270\350\352\375\266\371?(\361\364\365I|\375\262>\230(\333\250\331\007\360U\024\027""; nodeIDs: ""\000\000\000\000\000\000\000\000\000\000\000\000\000\000\000\000\000\000\000\000\000\000\000\000\000\000\000\000\000\000\000\000\000""; queryType: qtINDIRECT; queryDepth: 3; "
1750587285341,1750587285341,628,1,3,2,TMLedgerData,"ledgerHash: ""\r!N\267\203~\313a\272~\344A\332\034\332r\\301\240a\307\341\261(c(\021\265B\030@(""; ledgerSeq: 0; type: liTS_CANDIDATE; nodes {;   nodedata: ""\247\272\246\2214\014W1\360z\262\252=\343\207'\275\266;\016\021\306\330\030\225\023\357\272\353\200x\221\n\003"";   nodeid: ""\000\000\000\000\000\000\000\000\000\000\000\000\000\000\000\000\000\000\000\000\000\000\000\000\000\000\000\000\000\000\000\000\000""; }; ","ledgerHash: ""\r!N\267\203~\313a\272~\344A\332\034\332r\\301\240a\307\341\261(c(\021\265B\030@(""; ledgerSeq: 0; type: liTS_CANDIDATE; nodes {;   nodedata: ""\247\272\246\2214\014W1\360z\262\252=\343\207'\275\266;\016\021\306\330\030\225\023\357\272\353\200x\221\n\003"";   nodeid: ""\000\000\000\000\000\000\000\000\000\000\000\000\000\000\000\000\000\000\000\000\000\000\000\000\000\000\000\000\000\000\000\000\000""; }; "
1750587285360,1750587285360,2565,1,3,0,TMLedgerData,"ledgerHash: ""b\001;\355\\351h\305\360*\252j\2470\334[#|\313\3606\207\210\245\372\217RX\333g`K""; ledgerSeq: 0; type: liTS_CANDIDATE; nodes {;   nodedata: "" \245\366\271\024\035\303\242}O\341[\232\374\0350\307\253\205\001\301\216B\031pk\231\004\271\276\265\240\002\003"";   nodeid: ""\000\000\000\000\000\000\000\000\000\000\000\000\000\000\000\000\000\000\000\000\000\000\000\000\000\000\000\000\000\000\000\000\000""; }; ","ledgerHash: ""b\001;\355\\351h\305\360*\252j\2470\334[#|\313\3606\207\210\245\372\217RX\333g`K""; ledgerSeq: 0; type: liTS_CANDIDATE; nodes {;   nodedata: "" \245\366\271\024\035\303\242}O\341[\232\374\0350\307\253\205\001\301\216B\031pk\231\004\271\276\265\240\002\003"";   nodeid: ""\000\000\000\000\000\000\000\000\000\000\000\000\000\000\000\000\000\000\000\000\000\000\000\000\000\000\000\000\000\000\000\000\000""; }; "
1750587285370,1750587285370,3520,1,3,1,TMLedgerData,"ledgerHash: ""b\001;\355\\351h\305\360*\252j\2470\334[#|\313\3606\207\210\245\372\217RX\333g`K""; ledgerSeq: 0; type: liTS_CANDIDATE; nodes {;   nodedata: "" \245\366\271\024\035\303\242}O\341[\232\374\0350\307\253\205\001\301\216B\031pk\231\004\271\276\265\240\002\003"";   nodeid: ""\000\000\000\000\000\000\000\000\000\000\000\000\000\000\000\000\000\000\000\000\000\000\000\000\000\000\000\000\000\000\000\000\000""; }; ","ledgerHash: ""b\001;\355\\351h\305\360*\252j\2470\334[#|\313\3606\207\210\245\372\217RX\333g`K""; ledgerSeq: 0; type: liTS_CANDIDATE; nodes {;   nodedata: "" \245\366\271\024\035\303\242}O\341[\232\374\0350\307\253\205\001\301\216B\031pk\231\004\271\276\265\240\002\003"";   nodeid: ""\000\000\000\000\000\000\000\000\000\000\000\000\000\000\000\000\000\000\000\000\000\000\000\000\000\000\000\000\000\000\000\000\000""; }; "
1750587285373,1750587285373,2715,1,1,4,TMLedgerData,"ledgerHash: ""\007\347lg\346B\270\350\352\375\266\371?(\361\364\365I|\375\262>\230(\333\250\331\007\360U\024\027""; ledgerSeq: 0; type: liTS_CANDIDATE; nodes {;   nodedata: ""\003S\n\235\2624\346\340\377asq\337\223T\316nL\232)C!\360\245\205[L\224\\351\351\000\003"";   nodeid: ""\000\000\000\000\000\000\000\000\000\000\000\000\000\000\000\000\000\000\000\000\000\000\000\000\000\000\000\000\000\000\000\000\000""; }; ","ledgerHash: ""\007\347lg\346B\270\350\352\375\266\371?(\361\364\365I|\375\262>\230(\333\250\331\007\360U\024\027""; ledgerSeq: 0; type: liTS_CANDIDATE; nodes {;   nodedata: ""\003S\n\235\2624\346\340\377asq\337\223T\316nL\232)C!\360\245\205[L\224\\351\351\000\003"";   nodeid: ""\000\000\000\000\000\000\000\000\000\000\000\000\000\000\000\000\000\000\000\000\000\000\000\000\000\000\000\000\000\000\000\000\000""; }; "
1750587285401,1750587285401,3118,1,3,4,TMGetLedger,"itype: liTS_CANDIDATE; ledgerHash: ""q|\216``\027\240\206w\312\263+\241\310\271\371\2034\351_\3373\tL\007q_p\342\264_z""; nodeIDs: ""\000\000\000\000\000\000\000\000\000\000\000\000\000\000\000\000\000\000\000\000\000\000\000\000\000\000\000\000\000\000\000\000\000""; queryType: qtINDIRECT; queryDepth: 3; ","itype: liTS_CANDIDATE; ledgerHash: ""q|\216``\027\240\206w\312\263+\241\310\271\371\2034\351_\3373\tL\007q_p\342\264_z""; nodeIDs: ""\000\000\000\000\000\000\000\000\000\000\000\000\000\000\000\000\000\000\000\000\000\000\000\000\000\000\000\000\000\000\000\000\000""; queryType: qtINDIRECT; queryDepth: 3; "
1750587285401,1750587285402,2655,1,1,0,TMLedgerData,"ledgerHash: ""q|\216``\027\240\206w\312\263+\241\310\271\371\2034\351_\3373\tL\007q_p\342\264_z""; ledgerSeq: 0; type: liTS_CANDIDATE; nodes {;   nodedata: ""\003S\n\235\2624\346\340\377asq\337\223T\316nL\232)C!\360\245\205[L\224\\351\351\000\247\272\246\2214\014W1\360z\262\252=\343\207'\275\266;\016\021\306\330\030\225\023\357\272\353\200x\221\n\003"";   nodeid: ""\000\000\000\000\000\000\000\000\000\000\000\000\000\000\000\000\000\000\000\000\000\000\000\000\000\000\000\000\000\000\000\000\000""; }; ","ledgerHash: ""q|\216``\027\240\206w\312\263+\241\310\271\371\2034\351_\3373\tL\007q_p\342\264_z""; ledgerSeq: 0; type: liTS_CANDIDATE; nodes {;   nodedata: ""\003S\n\235\2624\346\340\377asq\337\223T\316nL\232)C!\360\245\205[L\224\\351\351\000\247\272\246\2214\014W1\360z\262\252=\343\207'\275\266;\016\021\306\330\030\225\023\357\272\353\200x\221\n\003"";   nodeid: ""\000\000\000\000\000\000\000\000\000\000\000\000\000\000\000\000\000\000\000\000\000\000\000\000\000\000\000\000\000\000\000\000\000""; }; "
1750587285410,1750587285410,1102,1,2,3,TMLedgerData,"ledgerHash: ""b\001;\355\\351h\305\360*\252j\2470\334[#|\313\3606\207\210\245\372\217RX\333g`K""; ledgerSeq: 0; type: liTS_CANDIDATE; nodes {;   nodedata: "" \245\366\271\024\035\303\242}O\341[\232\374\0350\307\253\205\001\301\216B\031pk\231\004\271\276\265\240\002\003"";   nodeid: ""\000\000\000\000\000\000\000\000\000\000\000\000\000\000\000\000\000\000\000\000\000\000\000\000\000\000\000\000\000\000\000\000\000""; }; requestCookie: 2; ","ledgerHash: ""b\001;\355\\351h\305\360*\252j\2470\334[#|\313\3606\207\210\245\372\217RX\333g`K""; ledgerSeq: 0; type: liTS_CANDIDATE; nodes {;   nodedata: "" \245\366\271\024\035\303\242}O\341[\232\374\0350\307\253\205\001\301\216B\031pk\231\004\271\276\265\240\002\003"";   nodeid: ""\000\000\000\000\000\000\000\000\000\000\000\000\000\000\000\000\000\000\000\000\000\000\000\000\000\000\000\000\000\000\000\000\000""; }; requestCookie: 2; "
1750587285418,1750587285418,1772,1,4,3,TMLedgerData,"ledgerHash: ""\007\347lg\346B\270\350\352\375\266\371?(\361\364\365I|\375\262>\230(\333\250\331\007\360U\024\027""; ledgerSeq: 0; type: liTS_CANDIDATE; nodes {;   nodedata: ""\003S\n\235\2624\346\340\377asq\337\223T\316nL\232)C!\360\245\205[L\224\\351\351\000\003"";   nodeid: ""\000\000\000\000\000\000\000\000\000\000\000\000\000\000\000\000\000\000\000\000\000\000\000\000\000\000\000\000\000\000\000\000\000""; }; ","ledgerHash: ""\007\347lg\346B\270\350\352\375\266\371?(\361\364\365I|\375\262>\230(\333\250\331\007\360U\024\027""; ledgerSeq: 0; type: liTS_CANDIDATE; nodes {;   nodedata: ""\003S\n\235\2624\346\340\377asq\337\223T\316nL\232)C!\360\245\205[L\224\\351\351\000\003"";   nodeid: ""\000\000\000\000\000\000\000\000\000\000\000\000\000\000\000\000\000\000\000\000\000\000\000\000\000\000\000\000\000\000\000\000\000""; }; "
1750587285443,1750587285443,1435,1,4,1,TMLedgerData,"ledgerHash: ""\237\231\311\371Y@""\177>\241""\310\233r\315\210Z\003g\334\034\021\305\3353Q\035\224\200\224\347\257""; ledgerSeq: 8; type: liBASE; nodes {;   nodedata: ""\000\000\000\010\001cEx]\211\377\330\311\347s\234ae\204\263\365U\334\372D\354\345\276\201f\035\271%#\375\245\314.""\373\330&\3746\177P.\377\255K\330\362G{!s_\276B\273\031\331\234\023vy$7i\342\243\243\220\021_\222w1E\236\020?0\232H\266\366\033p\353\250\025\255\235\310\215\275\032\005\371R<p\240.\2618\277/\352\224\010/\352\224\020\n\000""; }; nodes {;   nodedata: ""h\315\350\215y\203\242]\371\235\232Pt&\325\210eZ\346\237XZ \277\2457n\221\336\253\245\317\002G)\346n?\227\005Y\336\276m\244>\014/\353)\343S\223\201\230\250\301d\027c\001\302\ris\006E\344\037@\210\363\010\336T\226\247'\204_{\261\370""1\235\2445\343\033Y!\212\201\341\272\225'\007\f\n0\233\306>\377~V|O\232@\324_\273\232o\\235\370\234IE\333\255j\001\361\204%\n\265\022\035W\277\033\265pM\027\313x\327iNP(O\216Pk&\235\336\223\217\374\212\253\322w\362\013\210`4\253""\302f\230\374\037bx\0145C\307\337\316[\244d\302\3031\347\300\025aX\357\226\221\016\003""; }; nodes {;   nodedata: ""f\225yM\014\263\225\204\377[\235\030P4BO\343Z\264\3646\307\304\177\327\n\261+$r\257\263\n\003""; }; ","ledgerHash: ""\237\231\311\371Y@""\177>\241""\310\233r\315\210Z\003g\334\034\021\305\3353Q\035\224\200\224\347\257""; ledgerSeq: 8; type: liBASE; nodes {;   nodedata: ""\000\000\000\010\001cEx]\211\377\330\311\347s\234ae\204\263\365U\334\372D\354\345\276\201f\035\271%#\375\245\314.""\373\330&\3746\177P.\377\255K\330\362G{!s_\276B\273\031\331\234\023vy$7i\342\243\243\220\021_\222w1E\236\020?0\232H\266\366\033p\353\250\025\255\235\310\215\275\032\005\371R<p\240.\2618\277/\352\224\010/\352\224\020\n\000""; }; nodes {;   nodedata: ""h\315\350\215y\203\242]\371\235\232Pt&\325\210eZ\346\237XZ \277\2457n\221\336\253\245\317\002G)\346n?\227\005Y\336\276m\244>\014/\353)\343S\223\201\230\250\301d\027c\001\302\ris\006E\344\037@\210\363\010\336T\226\247'\204_{\261\370""1\235\2445\343\033Y!\212\201\341\272\225'\007\f\n0\233\306>\377~V|O\232@\324_\273\232o\\235\370\234IE\333\255j\001\361\204%\n\265\022\035W\277\033\265pM\027\313x\327iNP(O\216Pk&\235\336\223\217\374\212\253\322w\362\013\210`4\253""\302f\230\374\037bx\0145C\307\337\316[\244d\302\3031\347\300\025aX\357\226\221\016\003""; }; nodes {;   nodedata: ""f\225yM\014\263\225\204\377[\235\030P4BO\343Z\264\3646\307\304\177\327\n\261+$r\257\263\n\003""; }; "
1750587285461,1750587285461,1399,1,1,3,TMLedgerData,"ledgerHash: ""b\001;\355\\351h\305\360*\252j\2470\334[#|\313\3606\207\210\245\372\217RX\333g`K""; ledgerSeq: 0; type: liTS_CANDIDATE; nodes {;   nodedata: "" \245\366\271\024\035\303\242}O\341[\232\374\0350\307\253\205\001\301\216B\031pk\231\004\271\276\265\240\002\003"";   nodeid: ""\000\000\000\000\000\000\000\000\000\000\000\000\000\000\000\000\000\000\000\000\000\000\000\000\000\000\000\000\000\000\000\000\000""; }; requestCookie: 2; ","ledgerHash: ""b\001;\355\\351h\305\360*\252j\2470\334[#|\313\3606\207\210\245\372\217RX\333g`K""; ledgerSeq: 0; type: liTS_CANDIDATE; nodes {;   nodedata: "" \245\366\271\024\035\303\242}O\341[\232\374\0350\307\253\205\001\301\216B\031pk\231\004\271\276\265\240\002\003"";   nodeid: ""\000\000\000\000\000\000\000\000\000\000\000\000\000\000\000\000\000\000\000\000\000\000\000\000\000\000\000\000\000\000\000\000\000""; }; requestCookie: 2; "
1750587285467,1750587285467,3097,1,2,0,TMLedgerData,"ledgerHash: ""b\001;\355\\351h\305\360*\252j\2470\334[#|\313\3606\207\210\245\372\217RX\333g`K""; ledgerSeq: 0; type: liTS_CANDIDATE; nodes {;   nodedata: "" \245\366\271\024\035\303\242}O\341[\232\374\0350\307\253\205\001\301\216B\031pk\231\004\271\276\265\240\002\003"";   nodeid: ""\000\000\000\000\000\000\000\000\000\000\000\000\000\000\000\000\000\000\000\000\000\000\000\000\000\000\000\000\000\000\000\000\000""; }; ","ledgerHash: ""b\001;\355\\351h\305\360*\252j\2470\334[#|\313\3606\207\210\245\372\217RX\333g`K""; ledgerSeq: 0; type: liTS_CANDIDATE; nodes {;   nodedata: "" \245\366\271\024\035\303\242}O\341[\232\374\0350\307\253\205\001\301\216B\031pk\231\004\271\276\265\240\002\003"";   nodeid: ""\000\000\000\000\000\000\000\000\000\000\000\000\000\000\000\000\000\000\000\000\000\000\000\000\000\000\000\000\000\000\000\000\000""; }; "
1750587285482,1750587285482,486,1,4,0,TMLedgerData,"ledgerHash: ""b\001;\355\\351h\305\360*\252j\2470\334[#|\313\3606\207\210\245\372\217RX\333g`K""; ledgerSeq: 0; type: liTS_CANDIDATE; nodes {;   nodedata: "" \245\366\271\024\035\303\242}O\341[\232\374\0350\307\253\205\001\301\216B\031pk\231\004\271\276\265\240\002\003"";   nodeid: ""\000\000\000\000\000\000\000\000\000\000\000\000\000\000\000\000\000\000\000\000\000\000\000\000\000\000\000\000\000\000\000\000\000""; }; ","ledgerHash: ""b\001;\355\\351h\305\360*\252j\2470\334[#|\313\3606\207\210\245\372\217RX\333g`K""; ledgerSeq: 0; type: liTS_CANDIDATE; nodes {;   nodedata: "" \245\366\271\024\035\303\242}O\341[\232\374\0350\307\253\205\001\301\216B\031pk\231\004\271\276\265\240\002\003"";   nodeid: ""\000\000\000\000\000\000\000\000\000\000\000\000\000\000\000\000\000\000\000\000\000\000\000\000\000\000\000\000\000\000\000\000\000""; }; "
1750587285488,1750587285488,1743,1,2,4,TMLedgerData,"ledgerHash: ""b\001;\355\\351h\305\360*\252j\2470\334[#|\313\3606\207\210\245\372\217RX\333g`K""; ledgerSeq: 0; type: liTS_CANDIDATE; nodes {;   nodedata: "" \245\366\271\024\035\303\242}O\341[\232\374\0350\307\253\205\001\301\216B\031pk\231\004\271\276\265\240\002\003"";   nodeid: ""\000\000\000\000\000\000\000\000\000\000\000\000\000\000\000\000\000\000\000\000\000\000\000\000\000\000\000\000\000\000\000\000\000""; }; requestCookie: 1; ","ledgerHash: ""b\001;\355\\351h\305\360*\252j\2470\334[#|\313\3606\207\210\245\372\217RX\333g`K""; ledgerSeq: 0; type: liTS_CANDIDATE; nodes {;   nodedata: "" \245\366\271\024\035\303\242}O\341[\232\374\0350\307\253\205\001\301\216B\031pk\231\004\271\276\265\240\002\003"";   nodeid: ""\000\000\000\000\000\000\000\000\000\000\000\000\000\000\000\000\000\000\000\000\000\000\000\000\000\000\000\000\000\000\000\000\000""; }; requestCookie: 1; "
1750587285490,1750587285490,342,1,2,1,TMGetLedger,"itype: liTS_CANDIDATE; ledgerHash: ""q|\216``\027\240\206w\312\263+\241\310\271\371\2034\351_\3373\tL\007q_p\342\264_z""; nodeIDs: ""\000\000\000\000\000\000\000\000\000\000\000\000\000\000\000\000\000\000\000\000\000\000\000\000\000\000\000\000\000\000\000\000\000""; queryType: qtINDIRECT; queryDepth: 3; ","itype: liTS_CANDIDATE; ledgerHash: ""q|\216``\027\240\206w\312\263+\241\310\271\371\2034\351_\3373\tL\007q_p\342\264_z""; nodeIDs: ""\000\000\000\000\000\000\000\000\000\000\000\000\000\000\000\000\000\000\000\000\000\000\000\000\000\000\000\000\000\000\000\000\000""; queryType: qtINDIRECT; queryDepth: 3; "
1750587285491,1750587285491,1582,1,2,0,TMGetLedger,"itype: liTS_CANDIDATE; ledgerHash: ""q|\216``\027\240\206w\312\263+\241\310\271\371\2034\351_\3373\tL\007q_p\342\264_z""; nodeIDs: ""\000\000\000\000\000\000\000\000\000\000\000\000\000\000\000\000\000\000\000\000\000\000\000\000\000\000\000\000\000\000\000\000\000""; queryType: qtINDIRECT; queryDepth: 3; ","itype: liTS_CANDIDATE; ledgerHash: ""q|\216``\027\240\206w\312\263+\241\310\271\371\2034\351_\3373\tL\007q_p\342\264_z""; nodeIDs: ""\000\000\000\000\000\000\000\000\000\000\000\000\000\000\000\000\000\000\000\000\000\000\000\000\000\000\000\000\000\000\000\000\000""; queryType: qtINDIRECT; queryDepth: 3; "
1750587285490,1750587285491,3898,1,2,3,TMGetLedger,"itype: liTS_CANDIDATE; ledgerHash: ""q|\216``\027\240\206w\312\263+\241\310\271\371\2034\351_\3373\tL\007q_p\342\264_z""; nodeIDs: ""\000\000\000\000\000\000\000\000\000\000\000\000\000\000\000\000\000\000\000\000\000\000\000\000\000\000\000\000\000\000\000\000\000""; queryType: qtINDIRECT; queryDepth: 3; ","itype: liTS_CANDIDATE; ledgerHash: ""q|\216``\027\240\206w\312\263+\241\310\271\371\2034\351_\3373\tL\007q_p\342\264_z""; nodeIDs: ""\000\000\000\000\000\000\000\000\000\000\000\000\000\000\000\000\000\000\000\000\000\000\000\000\000\000\000\000\000\000\000\000\000""; queryType: qtINDIRECT; queryDepth: 3; "
1750587285491,1750587285491,499,1,2,4,TMGetLedger,"itype: liTS_CANDIDATE; ledgerHash: ""q|\216``\027\240\206w\312\263+\241\310\271\371\2034\351_\3373\tL\007q_p\342\264_z""; nodeIDs: ""\000\000\000\000\000\000\000\000\000\000\000\000\000\000\000\000\000\000\000\000\000\000\000\000\000\000\000\000\000\000\000\000\000""; queryType: qtINDIRECT; queryDepth: 3; ","itype: liTS_CANDIDATE; ledgerHash: ""q|\216``\027\240\206w\312\263+\241\310\271\371\2034\351_\3373\tL\007q_p\342\264_z""; nodeIDs: ""\000\000\000\000\000\000\000\000\000\000\000\000\000\000\000\000\000\000\000\000\000\000\000\000\000\000\000\000\000\000\000\000\000""; queryType: qtINDIRECT; queryDepth: 3; "
1750587285508,1750587285508,1764,1,0,3,TMGetLedger,"itype: liTS_CANDIDATE; ledgerHash: ""q|\216``\027\240\206w\312\263+\241\310\271\371\2034\351_\3373\tL\007q_p\342\264_z""; nodeIDs: ""\000\000\000\000\000\000\000\000\000\000\000\000\000\000\000\000\000\000\000\000\000\000\000\000\000\000\000\000\000\000\000\000\000""; queryType: qtINDIRECT; queryDepth: 3; ","itype: liTS_CANDIDATE; ledgerHash: ""q|\216``\027\240\206w\312\263+\241\310\271\371\2034\351_\3373\tL\007q_p\342\264_z""; nodeIDs: ""\000\000\000\000\000\000\000\000\000\000\000\000\000\000\000\000\000\000\000\000\000\000\000\000\000\000\000\000\000\000\000\000\000""; queryType: qtINDIRECT; queryDepth: 3; "
1750587285514,1750587285514,2565,1,3,0,TMLedgerData,"ledgerHash: ""b\001;\355\\351h\305\360*\252j\2470\334[#|\313\3606\207\210\245\372\217RX\333g`K""; ledgerSeq: 0; type: liTS_CANDIDATE; nodes {;   nodedata: "" \245\366\271\024\035\303\242}O\341[\232\374\0350\307\253\205\001\301\216B\031pk\231\004\271\276\265\240\002\003"";   nodeid: ""\000\000\000\000\000\000\000\000\000\000\000\000\000\000\000\000\000\000\000\000\000\000\000\000\000\000\000\000\000\000\000\000\000""; }; ","ledgerHash: ""b\001;\355\\351h\305\360*\252j\2470\334[#|\313\3606\207\210\245\372\217RX\333g`K""; ledgerSeq: 0; type: liTS_CANDIDATE; nodes {;   nodedata: "" \245\366\271\024\035\303\242}O\341[\232\374\0350\307\253\205\001\301\216B\031pk\231\004\271\276\265\240\002\003"";   nodeid: ""\000\000\000\000\000\000\000\000\000\000\000\000\000\000\000\000\000\000\000\000\000\000\000\000\000\000\000\000\000\000\000\000\000""; }; "
1750587285566,1750587285566,769,1,4,0,TMGetLedger,"itype: liTS_CANDIDATE; ledgerHash: ""\007\347lg\346B\270\350\352\375\266\371?(\361\364\365I|\375\262>\230(\333\250\331\007\360U\024\027""; nodeIDs: ""\000\000\000\000\000\000\000\000\000\000\000\000\000\000\000\000\000\000\000\000\000\000\000\000\000\000\000\000\000\000\000\000\000""; queryType: qtINDIRECT; queryDepth: 3; ","itype: liTS_CANDIDATE; ledgerHash: ""\007\347lg\346B\270\350\352\375\266\371?(\361\364\365I|\375\262>\230(\333\250\331\007\360U\024\027""; nodeIDs: ""\000\000\000\000\000\000\000\000\000\000\000\000\000\000\000\000\000\000\000\000\000\000\000\000\000\000\000\000\000\000\000\000\000""; queryType: qtINDIRECT; queryDepth: 3; "
1750587285566,1750587285566,557,1,4,1,TMGetLedger,"itype: liTS_CANDIDATE; ledgerHash: ""\007\347lg\346B\270\350\352\375\266\371?(\361\364\365I|\375\262>\230(\333\250\331\007\360U\024\027""; nodeIDs: ""\000\000\000\000\000\000\000\000\000\000\000\000\000\000\000\000\000\000\000\000\000\000\000\000\000\000\000\000\000\000\000\000\000""; queryType: qtINDIRECT; queryDepth: 3; ","itype: liTS_CANDIDATE; ledgerHash: ""\007\347lg\346B\270\350\352\375\266\371?(\361\364\365I|\375\262>\230(\333\250\331\007\360U\024\027""; nodeIDs: ""\000\000\000\000\000\000\000\000\000\000\000\000\000\000\000\000\000\000\000\000\000\000\000\000\000\000\000\000\000\000\000\000\000""; queryType: qtINDIRECT; queryDepth: 3; "
1750587285566,1750587285566,3914,1,4,3,TMGetLedger,"itype: liTS_CANDIDATE; ledgerHash: ""\007\347lg\346B\270\350\352\375\266\371?(\361\364\365I|\375\262>\230(\333\250\331\007\360U\024\027""; nodeIDs: ""\000\000\000\000\000\000\000\000\000\000\000\000\000\000\000\000\000\000\000\000\000\000\000\000\000\000\000\000\000\000\000\000\000""; queryType: qtINDIRECT; queryDepth: 3; ","itype: liTS_CANDIDATE; ledgerHash: ""\007\347lg\346B\270\350\352\375\266\371?(\361\364\365I|\375\262>\230(\333\250\331\007\360U\024\027""; nodeIDs: ""\000\000\000\000\000\000\000\000\000\000\000\000\000\000\000\000\000\000\000\000\000\000\000\000\000\000\000\000\000\000\000\000\000""; queryType: qtINDIRECT; queryDepth: 3; "
1750587285566,1750587285567,1467,1,4,2,TMGetLedger,"itype: liTS_CANDIDATE; ledgerHash: ""\007\347lg\346B\270\350\352\375\266\371?(\361\364\365I|\375\262>\230(\333\250\331\007\360U\024\027""; nodeIDs: ""\000\000\000\000\000\000\000\000\000\000\000\000\000\000\000\000\000\000\000\000\000\000\000\000\000\000\000\000\000\000\000\000\000""; queryType: qtINDIRECT; queryDepth: 3; ","itype: liTS_CANDIDATE; ledgerHash: ""\007\347lg\346B\270\350\352\375\266\371?(\361\364\365I|\375\262>\230(\333\250\331\007\360U\024\027""; nodeIDs: ""\000\000\000\000\000\000\000\000\000\000\000\000\000\000\000\000\000\000\000\000\000\000\000\000\000\000\000\000\000\000\000\000\000""; queryType: qtINDIRECT; queryDepth: 3; "
1750587285584,1750587285584,2472,1,1,2,TMLedgerData,"ledgerHash: ""q|\216``\027\240\206w\312\263+\241\310\271\371\2034\351_\3373\tL\007q_p\342\264_z""; ledgerSeq: 0; type: liTS_CANDIDATE; nodes {;   nodedata: ""\003S\n\235\2624\346\340\377asq\337\223T\316nL\232)C!\360\245\205[L\224\\351\351\000\247\272\246\2214\014W1\360z\262\252=\343\207'\275\266;\016\021\306\330\030\225\023\357\272\353\200x\221\n\003"";   nodeid: ""\000\000\000\000\000\000\000\000\000\000\000\000\000\000\000\000\000\000\000\000\000\000\000\000\000\000\000\000\000\000\000\000\000""; }; ","ledgerHash: ""q|\216``\027\240\206w\312\263+\241\310\271\371\2034\351_\3373\tL\007q_p\342\264_z""; ledgerSeq: 0; type: liTS_CANDIDATE; nodes {;   nodedata: ""\003S\n\235\2624\346\340\377asq\337\223T\316nL\232)C!\360\245\205[L\224\\351\351\000\247\272\246\2214\014W1\360z\262\252=\343\207'\275\266;\016\021\306\330\030\225\023\357\272\353\200x\221\n\003"";   nodeid: ""\000\000\000\000\000\000\000\000\000\000\000\000\000\000\000\000\000\000\000\000\000\000\000\000\000\000\000\000\000\000\000\000\000""; }; "
1750587285586,1750587285586,1103,1,0,4,TMLedgerData,"ledgerHash: ""\007\347lg\346B\270\350\352\375\266\371?(\361\364\365I|\375\262>\230(\333\250\331\007\360U\024\027""; ledgerSeq: 0; type: liTS_CANDIDATE; nodes {;   nodedata: ""\003S\n\235\2624\346\340\377asq\337\223T\316nL\232)C!\360\245\205[L\224\\351\351\000\003"";   nodeid: ""\000\000\000\000\000\000\000\000\000\000\000\000\000\000\000\000\000\000\000\000\000\000\000\000\000\000\000\000\000\000\000\000\000""; }; ","ledgerHash: ""\007\347lg\346B\270\350\352\375\266\371?(\361\364\365I|\375\262>\230(\333\250\331\007\360U\024\027""; ledgerSeq: 0; type: liTS_CANDIDATE; nodes {;   nodedata: ""\003S\n\235\2624\346\340\377asq\337\223T\316nL\232)C!\360\245\205[L\224\\351\351\000\003"";   nodeid: ""\000\000\000\000\000\000\000\000\000\000\000\000\000\000\000\000\000\000\000\000\000\000\000\000\000\000\000\000\000\000\000\000\000""; }; "
1750587285612,1750587285612,2565,1,3,0,TMLedgerData,"ledgerHash: ""b\001;\355\\351h\305\360*\252j\2470\334[#|\313\3606\207\210\245\372\217RX\333g`K""; ledgerSeq: 0; type: liTS_CANDIDATE; nodes {;   nodedata: "" \245\366\271\024\035\303\242}O\341[\232\374\0350\307\253\205\001\301\216B\031pk\231\004\271\276\265\240\002\003"";   nodeid: ""\000\000\000\000\000\000\000\000\000\000\000\000\000\000\000\000\000\000\000\000\000\000\000\000\000\000\000\000\000\000\000\000\000""; }; ","ledgerHash: ""b\001;\355\\351h\305\360*\252j\2470\334[#|\313\3606\207\210\245\372\217RX\333g`K""; ledgerSeq: 0; type: liTS_CANDIDATE; nodes {;   nodedata: "" \245\366\271\024\035\303\242}O\341[\232\374\0350\307\253\205\001\301\216B\031pk\231\004\271\276\265\240\002\003"";   nodeid: ""\000\000\000\000\000\000\000\000\000\000\000\000\000\000\000\000\000\000\000\000\000\000\000\000\000\000\000\000\000\000\000\000\000""; }; "
1750587285625,1750587285625,2715,1,1,4,TMLedgerData,"ledgerHash: ""\007\347lg\346B\270\350\352\375\266\371?(\361\364\365I|\375\262>\230(\333\250\331\007\360U\024\027""; ledgerSeq: 0; type: liTS_CANDIDATE; nodes {;   nodedata: ""\003S\n\235\2624\346\340\377asq\337\223T\316nL\232)C!\360\245\205[L\224\\351\351\000\003"";   nodeid: ""\000\000\000\000\000\000\000\000\000\000\000\000\000\000\000\000\000\000\000\000\000\000\000\000\000\000\000\000\000\000\000\000\000""; }; ","ledgerHash: ""\007\347lg\346B\270\350\352\375\266\371?(\361\364\365I|\375\262>\230(\333\250\331\007\360U\024\027""; ledgerSeq: 0; type: liTS_CANDIDATE; nodes {;   nodedata: ""\003S\n\235\2624\346\340\377asq\337\223T\316nL\232)C!\360\245\205[L\224\\351\351\000\003"";   nodeid: ""\000\000\000\000\000\000\000\000\000\000\000\000\000\000\000\000\000\000\000\000\000\000\000\000\000\000\000\000\000\000\000\000\000""; }; "
1750587285651,1750587285651,1590,1,3,2,TMGetLedger,"itype: liTS_CANDIDATE; ledgerHash: ""q|\216``\027\240\206w\312\263+\241\310\271\371\2034\351_\3373\tL\007q_p\342\264_z""; nodeIDs: ""\000\000\000\000\000\000\000\000\000\000\000\000\000\000\000\000\000\000\000\000\000\000\000\000\000\000\000\000\000\000\000\000\000""; queryType: qtINDIRECT; queryDepth: 3; ","itype: liTS_CANDIDATE; ledgerHash: ""q|\216``\027\240\206w\312\263+\241\310\271\371\2034\351_\3373\tL\007q_p\342\264_z""; nodeIDs: ""\000\000\000\000\000\000\000\000\000\000\000\000\000\000\000\000\000\000\000\000\000\000\000\000\000\000\000\000\000\000\000\000\000""; queryType: qtINDIRECT; queryDepth: 3; "
1750587285657,1750587285657,3792,1,0,1,TMLedgerData,"ledgerHash: ""\237\231\311\371Y@""\177>\241""\310\233r\315\210Z\003g\334\034\021\305\3353Q\035\224\200\224\347\257""; ledgerSeq: 8; type: liAS_NODE; nodes {;   nodedata: ""\021\000a""\000\000\000\000$\000\000\000\007%\000\000\000\010-\000\000\000\000U\247\272\246\2214\014W1\360z\262\252=\343\207'\275\266;\016\021\306\330\030\225\023\357\272\353\200x\221b@\000\000\003\365V\2546\201\024B\006\222#\215\346\234\245/\205\327[/\206^\005y\253G\373`\201|\265N\251\301Y\240\225\206\033+\t\343\352\033+\325\025OC\253O\023\305&l\256\252\351\247\001"";   nodeid: ""`\000\000\000\000\000\000\000\000\000\000\000\000\000\000\000\000\000\000\000\000\000\000\000\000\000\000\000\000\000\000\000\001""; }; nodes {;   nodedata: ""\021\000a""\000\000\000\000$\000\000\000\006%\000\000\000\010-\000\000\000\000U\247\272\246\2214\014W1\360z\262\252=\343\207'\275\266;\016\021\306\330\030\225\023\357\272\353\200x\221b@\000\000*\233\265\250@\201\024E0\246\210\344\325\345r\024T\251\006P\255\352\333\372\351\337\302\250\327\275\254\201\236\370\336\205\322\273\305\241\026\265L\374\365\316\330\225\325\203\316\303\217\337V\341\265\274\252\001"";   nodeid: ""\240\000\000\000\000\000\000\000\000\000\000\000\000\000\000\000\000\000\000\000\000\000\000\000\000\000\000\000\000\000\000\000\001""; }; ","ledgerHash: ""\237\231\311\371Y@""\177>\241""\310\233r\315\210Z\003g\334\034\021\305\3353Q\035\224\200\224\347\257""; ledgerSeq: 8; type: liAS_NODE; nodes {;   nodedata: ""\021\000a""\000\000\000\000$\000\000\000\007%\000\000\000\010-\000\000\000\000U\247\272\246\2214\014W1\360z\262\252=\343\207'\275\266;\016\021\306\330\030\225\023\357\272\353\200x\221b@\000\000\003\365V\2546\201\024B\006\222#\215\346\234\245/\205\327[/\206^\005y\253G\373`\201|\265N\251\301Y\240\225\206\033+\t\343\352\033+\325\025OC\253O\023\305&l\256\252\351\247\001"";   nodeid: ""`\000\000\000\000\000\000\000\000\000\000\000\000\000\000\000\000\000\000\000\000\000\000\000\000\000\000\000\000\000\000\000\001""; }; nodes {;   nodedata: ""\021\000a""\000\000\000\000$\000\000\000\006%\000\000\000\010-\000\000\000\000U\247\272\246\2214\014W1\360z\262\252=\343\207'\275\266;\016\021\306\330\030\225\023\357\272\353\200x\221b@\000\000*\233\265\250@\201\024E0\246\210\344\325\345r\024T\251\006P\255\352\333\372\351\337\302\250\327\275\254\201\236\370\336\205\322\273\305\241\026\265L\374\365\316\330\225\325\203\316\303\217\337V\341\265\274\252\001"";   nodeid: ""\240\000\000\000\000\000\000\000\000\000\000\000\000\000\000\000\000\000\000\000\000\000\000\000\000\000\000\000\000\000\000\000\001""; }; "
1750587285669,1750587285669,1772,1,4,3,TMLedgerData,"ledgerHash: ""\007\347lg\346B\270\350\352\375\266\371?(\361\364\365I|\375\262>\230(\333\250\331\007\360U\024\027""; ledgerSeq: 0; type: liTS_CANDIDATE; nodes {;   nodedata: ""\003S\n\235\2624\346\340\377asq\337\223T\316nL\232)C!\360\245\205[L\224\\351\351\000\003"";   nodeid: ""\000\000\000\000\000\000\000\000\000\000\000\000\000\000\000\000\000\000\000\000\000\000\000\000\000\000\000\000\000\000\000\000\000""; }; ","ledgerHash: ""\007\347lg\346B\270\350\352\375\266\371?(\361\364\365I|\375\262>\230(\333\250\331\007\360U\024\027""; ledgerSeq: 0; type: liTS_CANDIDATE; nodes {;   nodedata: ""\003S\n\235\2624\346\340\377asq\337\223T\316nL\232)C!\360\245\205[L\224\\351\351\000\003"";   nodeid: ""\000\000\000\000\000\000\000\000\000\000\000\000\000\000\000\000\000\000\000\000\000\000\000\000\000\000\000\000\000\000\000\000\000""; }; "
1750587285679,1750587285679,2792,1,4,2,TMLedgerData,"ledgerHash: ""\237\231\311\371Y@""\177>\241""\310\233r\315\210Z\003g\334\034\021\305\3353Q\035\224\200\224\347\257""; ledgerSeq: 8; type: liBASE; nodes {;   nodedata: ""\000\000\000\010\001cEx]\211\377\330\311\347s\234ae\204\263\365U\334\372D\354\345\276\201f\035\271%#\375\245\314.""\373\330&\3746\177P.\377\255K\330\362G{!s_\276B\273\031\331\234\023vy$7i\342\243\243\220\021_\222w1E\236\020?0\232H\266\366\033p\353\250\025\255\235\310\215\275\032\005\371R<p\240.\2618\277/\352\224\010/\352\224\020\n\000""; }; nodes {;   nodedata: ""h\315\350\215y\203\242]\371\235\232Pt&\325\210eZ\346\237XZ \277\2457n\221\336\253\245\317\002G)\346n?\227\005Y\336\276m\244>\014/\353)\343S\223\201\230\250\301d\027c\001\302\ris\006E\344\037@\210\363\010\336T\226\247'\204_{\261\370""1\235\2445\343\033Y!\212\201\341\272\225'\007\f\n0\233\306>\377~V|O\232@\324_\273\232o\\235\370\234IE\333\255j\001\361\204%\n\265\022\035W\277\033\265pM\027\313x\327iNP(O\216Pk&\235\336\223\217\374\212\253\322w\362\013\210`4\253""\302f\230\374\037bx\0145C\307\337\316[\244d\302\3031\347\300\025aX\357\226\221\016\003""; }; nodes {;   nodedata: ""f\225yM\014\263\225\204\377[\235\030P4BO\343Z\264\3646\307\304\177\327\n\261+$r\257\263\n\003""; }; ","ledgerHash: ""\237\231\311\371Y@""\177>\241""\310\233r\315\210Z\003g\334\034\021\305\3353Q\035\224\200\224\347\257""; ledgerSeq: 8; type: liBASE; nodes {;   nodedata: ""\000\000\000\010\001cEx]\211\377\330\311\347s\234ae\204\263\365U\334\372D\354\345\276\201f\035\271%#\375\245\314.""\373\330&\3746\177P.\377\255K\330\362G{!s_\276B\273\031\331\234\023vy$7i\342\243\243\220\021_\222w1E\236\020?0\232H\266\366\033p\353\250\025\255\235\310\215\275\032\005\371R<p\240.\2618\277/\352\224\010/\352\224\020\n\000""; }; nodes {;   nodedata: ""h\315\350\215y\203\242]\371\235\232Pt&\325\210eZ\346\237XZ \277\2457n\221\336\253\245\317\002G)\346n?\227\005Y\336\276m\244>\014/\353)\343S\223\201\230\250\301d\027c\001\302\ris\006E\344\037@\210\363\010\336T\226\247'\204_{\261\370""1\235\2445\343\033Y!\212\201\341\272\225'\007\f\n0\233\306>\377~V|O\232@\324_\273\232o\\235\370\234IE\333\255j\001\361\204%\n\265\022\035W\277\033\265pM\027\313x\327iNP(O\216Pk&\235\336\223\217\374\212\253\322w\362\013\210`4\253""\302f\230\374\037bx\0145C\307\337\316[\244d\302\3031\347\300\025aX\357\226\221\016\003""; }; nodes {;   nodedata: ""f\225yM\014\263\225\204\377[\235\030P4BO\343Z\264\3646\307\304\177\327\n\261+$r\257\263\n\003""; }; "
1750587285690,1750587285690,2714,1,4,3,TMHaveTransactionSet,"status: tsHAVE; hash: ""\007\347lg\346B\270\350\352\375\266\371?(\361\364\365I|\375\262>\230(\333\250\331\007\360U\024\027""; ","status: tsHAVE; hash: ""\007\347lg\346B\270\350\352\375\266\371?(\361\364\365I|\375\262>\230(\333\250\331\007\360U\024\027""; "
1750587285690,1750587285690,3682,1,4,0,TMHaveTransactionSet,"status: tsHAVE; hash: ""\007\347lg\346B\270\350\352\375\266\371?(\361\364\365I|\375\262>\230(\333\250\331\007\360U\024\027""; ","status: tsHAVE; hash: ""\007\347lg\346B\270\350\352\375\266\371?(\361\364\365I|\375\262>\230(\333\250\331\007\360U\024\027""; "
1750587285690,1750587285691,3823,1,4,1,TMHaveTransactionSet,"status: tsHAVE; hash: ""\007\347lg\346B\270\350\352\375\266\371?(\361\364\365I|\375\262>\230(\333\250\331\007\360U\024\027""; ","status: tsHAVE; hash: ""\007\347lg\346B\270\350\352\375\266\371?(\361\364\365I|\375\262>\230(\333\250\331\007\360U\024\027""; "
1750587285717,1750587285717,3097,1,2,0,TMLedgerData,"ledgerHash: ""b\001;\355\\351h\305\360*\252j\2470\334[#|\313\3606\207\210\245\372\217RX\333g`K""; ledgerSeq: 0; type: liTS_CANDIDATE; nodes {;   nodedata: "" \245\366\271\024\035\303\242}O\341[\232\374\0350\307\253\205\001\301\216B\031pk\231\004\271\276\265\240\002\003"";   nodeid: ""\000\000\000\000\000\000\000\000\000\000\000\000\000\000\000\000\000\000\000\000\000\000\000\000\000\000\000\000\000\000\000\000\000""; }; ","ledgerHash: ""b\001;\355\\351h\305\360*\252j\2470\334[#|\313\3606\207\210\245\372\217RX\333g`K""; ledgerSeq: 0; type: liTS_CANDIDATE; nodes {;   nodedata: "" \245\366\271\024\035\303\242}O\341[\232\374\0350\307\253\205\001\301\216B\031pk\231\004\271\276\265\240\002\003"";   nodeid: ""\000\000\000\000\000\000\000\000\000\000\000\000\000\000\000\000\000\000\000\000\000\000\000\000\000\000\000\000\000\000\000\000\000""; }; "
1750587285721,1750587285721,3486,1,4,2,TMHaveTransactionSet,"status: tsHAVE; hash: ""\007\347lg\346B\270\350\352\375\266\371?(\361\364\365I|\375\262>\230(\333\250\331\007\360U\024\027""; ","status: tsHAVE; hash: ""\007\347lg\346B\270\350\352\375\266\371?(\361\364\365I|\375\262>\230(\333\250\331\007\360U\024\027""; "
1750587285734,1750587285734,486,1,4,0,TMLedgerData,"ledgerHash: ""b\001;\355\\351h\305\360*\252j\2470\334[#|\313\3606\207\210\245\372\217RX\333g`K""; ledgerSeq: 0; type: liTS_CANDIDATE; nodes {;   nodedata: "" \245\366\271\024\035\303\242}O\341[\232\374\0350\307\253\205\001\301\216B\031pk\231\004\271\276\265\240\002\003"";   nodeid: ""\000\000\000\000\000\000\000\000\000\000\000\000\000\000\000\000\000\000\000\000\000\000\000\000\000\000\000\000\000\000\000\000\000""; }; ","ledgerHash: ""b\001;\355\\351h\305\360*\252j\2470\334[#|\313\3606\207\210\245\372\217RX\333g`K""; ledgerSeq: 0; type: liTS_CANDIDATE; nodes {;   nodedata: "" \245\366\271\024\035\303\242}O\341[\232\374\0350\307\253\205\001\301\216B\031pk\231\004\271\276\265\240\002\003"";   nodeid: ""\000\000\000\000\000\000\000\000\000\000\000\000\000\000\000\000\000\000\000\000\000\000\000\000\000\000\000\000\000\000\000\000\000""; }; "
1750587285740,1750587285740,1582,1,2,0,TMGetLedger,"itype: liTS_CANDIDATE; ledgerHash: ""q|\216``\027\240\206w\312\263+\241\310\271\371\2034\351_\3373\tL\007q_p\342\264_z""; nodeIDs: ""\000\000\000\000\000\000\000\000\000\000\000\000\000\000\000\000\000\000\000\000\000\000\000\000\000\000\000\000\000\000\000\000\000""; queryType: qtINDIRECT; queryDepth: 3; ","itype: liTS_CANDIDATE; ledgerHash: ""q|\216``\027\240\206w\312\263+\241\310\271\371\2034\351_\3373\tL\007q_p\342\264_z""; nodeIDs: ""\000\000\000\000\000\000\000\000\000\000\000\000\000\000\000\000\000\000\000\000\000\000\000\000\000\000\000\000\000\000\000\000\000""; queryType: qtINDIRECT; queryDepth: 3; "
1750587285741,1750587285741,499,1,2,4,TMGetLedger,"itype: liTS_CANDIDATE; ledgerHash: ""q|\216``\027\240\206w\312\263+\241\310\271\371\2034\351_\3373\tL\007q_p\342\264_z""; nodeIDs: ""\000\000\000\000\000\000\000\000\000\000\000\000\000\000\000\000\000\000\000\000\000\000\000\000\000\000\000\000\000\000\000\000\000""; queryType: qtINDIRECT; queryDepth: 3; ","itype: liTS_CANDIDATE; ledgerHash: ""q|\216``\027\240\206w\312\263+\241\310\271\371\2034\351_\3373\tL\007q_p\342\264_z""; nodeIDs: ""\000\000\000\000\000\000\000\000\000\000\000\000\000\000\000\000\000\000\000\000\000\000\000\000\000\000\000\000\000\000\000\000\000""; queryType: qtINDIRECT; queryDepth: 3; "
1750587285741,1750587285741,342,1,2,1,TMGetLedger,"itype: liTS_CANDIDATE; ledgerHash: ""q|\216``\027\240\206w\312\263+\241\310\271\371\2034\351_\3373\tL\007q_p\342\264_z""; nodeIDs: ""\000\000\000\000\000\000\000\000\000\000\000\000\000\000\000\000\000\000\000\000\000\000\000\000\000\000\000\000\000\000\000\000\000""; queryType: qtINDIRECT; queryDepth: 3; ","itype: liTS_CANDIDATE; ledgerHash: ""q|\216``\027\240\206w\312\263+\241\310\271\371\2034\351_\3373\tL\007q_p\342\264_z""; nodeIDs: ""\000\000\000\000\000\000\000\000\000\000\000\000\000\000\000\000\000\000\000\000\000\000\000\000\000\000\000\000\000\000\000\000\000""; queryType: qtINDIRECT; queryDepth: 3; "
1750587285741,1750587285742,3898,1,2,3,TMGetLedger,"itype: liTS_CANDIDATE; ledgerHash: ""q|\216``\027\240\206w\312\263+\241\310\271\371\2034\351_\3373\tL\007q_p\342\264_z""; nodeIDs: ""\000\000\000\000\000\000\000\000\000\000\000\000\000\000\000\000\000\000\000\000\000\000\000\000\000\000\000\000\000\000\000\000\000""; queryType: qtINDIRECT; queryDepth: 3; ","itype: liTS_CANDIDATE; ledgerHash: ""q|\216``\027\240\206w\312\263+\241\310\271\371\2034\351_\3373\tL\007q_p\342\264_z""; nodeIDs: ""\000\000\000\000\000\000\000\000\000\000\000\000\000\000\000\000\000\000\000\000\000\000\000\000\000\000\000\000\000\000\000\000\000""; queryType: qtINDIRECT; queryDepth: 3; "
1750587285834,1750587285835,2472,1,1,2,TMLedgerData,"ledgerHash: ""q|\216``\027\240\206w\312\263+\241\310\271\371\2034\351_\3373\tL\007q_p\342\264_z""; ledgerSeq: 0; type: liTS_CANDIDATE; nodes {;   nodedata: ""\003S\n\235\2624\346\340\377asq\337\223T\316nL\232)C!\360\245\205[L\224\\351\351\000\247\272\246\2214\014W1\360z\262\252=\343\207'\275\266;\016\021\306\330\030\225\023\357\272\353\200x\221\n\003"";   nodeid: ""\000\000\000\000\000\000\000\000\000\000\000\000\000\000\000\000\000\000\000\000\000\000\000\000\000\000\000\000\000\000\000\000\000""; }; ","ledgerHash: ""q|\216``\027\240\206w\312\263+\241\310\271\371\2034\351_\3373\tL\007q_p\342\264_z""; ledgerSeq: 0; type: liTS_CANDIDATE; nodes {;   nodedata: ""\003S\n\235\2624\346\340\377asq\337\223T\316nL\232)C!\360\245\205[L\224\\351\351\000\247\272\246\2214\014W1\360z\262\252=\343\207'\275\266;\016\021\306\330\030\225\023\357\272\353\200x\221\n\003"";   nodeid: ""\000\000\000\000\000\000\000\000\000\000\000\000\000\000\000\000\000\000\000\000\000\000\000\000\000\000\000\000\000\000\000\000\000""; }; "
1750587285836,1750587285836,1753,1,0,2,TMLedgerData,"ledgerHash: ""\354@[\274\202\021\202\373Vi\243\n\325\250\005e\360""m\346'\311@\343\016$L\346\334\360<w""; ledgerSeq: 8; type: liBASE; nodes {;   nodedata: ""\000\000\000\010\001cEx]\211\377\342\311\347s\234ae\204\263\365U\334\372D\354\345\276\201f\035\271%#\375\245\314.""\373\330&\3746\000\000\000\000\000\000\000\000\000\000\000\000\000\000\000\000\000\000\000\000\000\000\000\000\000\000\000\000\000\000\000\000\245lQI\023\t3o\213\325\024\3601\255\010\244\306\3215\261\204Q\r\327\317\312f\322eb\215C/\352\224\010/\352\224\020\n\000""; }; nodes {;   nodedata: ""h\315\350\215y\203\242]\371\235\232Pt&\325\210eZ\346\237XZ \277\2457n\221\336\253\245\317\002w\n\356\350\316{k\272E0\225\362\025\010\366\367\372\263\355xq\360\261\376M<\356\347\007zf\307\006E\344\037@\210\363\010\336T\226\247'\204_{\261\370""1\235\2445\343\033Y!\212\201\341\272\225'\007*$\244&\336\343'\233i\332\374\245 {^\306-N\333\gE\006\347\212\331C\211Z\177\247\031\n\265\022\035W\277\033\265pM\027\313x\327iNP(O\216Pk&\235\336\223\217\374\212\253\322w\362\013\210`4\253""\302f\230\374\037bx\0145C\307\337\316[\244d\302\3031\347\300\025aX\357\226\221\016\003""; }; ","ledgerHash: ""\354@[\274\202\021\202\373Vi\243\n\325\250\005e\360""m\346'\311@\343\016$L\346\334\360<w""; ledgerSeq: 8; type: liBASE; nodes {;   nodedata: ""\000\000\000\010\001cEx]\211\377\342\311\347s\234ae\204\263\365U\334\372D\354\345\276\201f\035\271%#\375\245\314.""\373\330&\3746\000\000\000\000\000\000\000\000\000\000\000\000\000\000\000\000\000\000\000\000\000\000\000\000\000\000\000\000\000\000\000\000\245lQI\023\t3o\213\325\024\3601\255\010\244\306\3215\261\204Q\r\327\317\312f\322eb\215C/\352\224\010/\352\224\020\n\000""; }; nodes {;   nodedata: ""h\315\350\215y\203\242]\371\235\232Pt&\325\210eZ\346\237XZ \277\2457n\221\336\253\245\317\002w\n\356\350\316{k\272E0\225\362\025\010\366\367\372\263\355xq\360\261\376M<\356\347\007zf\307\006E\344\037@\210\363\010\336T\226\247'\204_{\261\370""1\235\2445\343\033Y!\212\201\341\272\225'\007*$\244&\336\343'\233i\332\374\245 {^\306-N\333\gE\006\347\212\331C\211Z\177\247\031\n\265\022\035W\277\033\265pM\027\313x\327iNP(O\216Pk&\235\336\223\217\374\212\253\322w\362\013\210`4\253""\302f\230\374\037bx\0145C\307\337\316[\244d\302\3031\347\300\025aX\357\226\221\016\003""; }; "
1750587285837,1750587285837,1103,1,0,4,TMLedgerData,"ledgerHash: ""\007\347lg\346B\270\350\352\375\266\371?(\361\364\365I|\375\262>\230(\333\250\331\007\360U\024\027""; ledgerSeq: 0; type: liTS_CANDIDATE; nodes {;   nodedata: ""\003S\n\235\2624\346\340\377asq\337\223T\316nL\232)C!\360\245\205[L\224\\351\351\000\003"";   nodeid: ""\000\000\000\000\000\000\000\000\000\000\000\000\000\000\000\000\000\000\000\000\000\000\000\000\000\000\000\000\000\000\000\000\000""; }; ","ledgerHash: ""\007\347lg\346B\270\350\352\375\266\371?(\361\364\365I|\375\262>\230(\333\250\331\007\360U\024\027""; ledgerSeq: 0; type: liTS_CANDIDATE; nodes {;   nodedata: ""\003S\n\235\2624\346\340\377asq\337\223T\316nL\232)C!\360\245\205[L\224\\351\351\000\003"";   nodeid: ""\000\000\000\000\000\000\000\000\000\000\000\000\000\000\000\000\000\000\000\000\000\000\000\000\000\000\000\000\000\000\000\000\000""; }; "
1750587285874,1750587285874,2715,1,1,4,TMLedgerData,"ledgerHash: ""\007\347lg\346B\270\350\352\375\266\371?(\361\364\365I|\375\262>\230(\333\250\331\007\360U\024\027""; ledgerSeq: 0; type: liTS_CANDIDATE; nodes {;   nodedata: ""\003S\n\235\2624\346\340\377asq\337\223T\316nL\232)C!\360\245\205[L\224\\351\351\000\003"";   nodeid: ""\000\000\000\000\000\000\000\000\000\000\000\000\000\000\000\000\000\000\000\000\000\000\000\000\000\000\000\000\000\000\000\000\000""; }; ","ledgerHash: ""\007\347lg\346B\270\350\352\375\266\371?(\361\364\365I|\375\262>\230(\333\250\331\007\360U\024\027""; ledgerSeq: 0; type: liTS_CANDIDATE; nodes {;   nodedata: ""\003S\n\235\2624\346\340\377asq\337\223T\316nL\232)C!\360\245\205[L\224\\351\351\000\003"";   nodeid: ""\000\000\000\000\000\000\000\000\000\000\000\000\000\000\000\000\000\000\000\000\000\000\000\000\000\000\000\000\000\000\000\000\000""; }; "
1750587285909,1750587285909,1102,1,2,3,TMLedgerData,"ledgerHash: ""b\001;\355\\351h\305\360*\252j\2470\334[#|\313\3606\207\210\245\372\217RX\333g`K""; ledgerSeq: 0; type: liTS_CANDIDATE; nodes {;   nodedata: "" \245\366\271\024\035\303\242}O\341[\232\374\0350\307\253\205\001\301\216B\031pk\231\004\271\276\265\240\002\003"";   nodeid: ""\000\000\000\000\000\000\000\000\000\000\000\000\000\000\000\000\000\000\000\000\000\000\000\000\000\000\000\000\000\000\000\000\000""; }; requestCookie: 2; ","ledgerHash: ""b\001;\355\\351h\305\360*\252j\2470\334[#|\313\3606\207\210\245\372\217RX\333g`K""; ledgerSeq: 0; type: liTS_CANDIDATE; nodes {;   nodedata: "" \245\366\271\024\035\303\242}O\341[\232\374\0350\307\253\205\001\301\216B\031pk\231\004\271\276\265\240\002\003"";   nodeid: ""\000\000\000\000\000\000\000\000\000\000\000\000\000\000\000\000\000\000\000\000\000\000\000\000\000\000\000\000\000\000\000\000\000""; }; requestCookie: 2; "
1750587285920,1750587285920,1772,1,4,3,TMLedgerData,"ledgerHash: ""\007\347lg\346B\270\350\352\375\266\371?(\361\364\365I|\375\262>\230(\333\250\331\007\360U\024\027""; ledgerSeq: 0; type: liTS_CANDIDATE; nodes {;   nodedata: ""\003S\n\235\2624\346\340\377asq\337\223T\316nL\232)C!\360\245\205[L\224\\351\351\000\003"";   nodeid: ""\000\000\000\000\000\000\000\000\000\000\000\000\000\000\000\000\000\000\000\000\000\000\000\000\000\000\000\000\000\000\000\000\000""; }; ","ledgerHash: ""\007\347lg\346B\270\350\352\375\266\371?(\361\364\365I|\375\262>\230(\333\250\331\007\360U\024\027""; ledgerSeq: 0; type: liTS_CANDIDATE; nodes {;   nodedata: ""\003S\n\235\2624\346\340\377asq\337\223T\316nL\232)C!\360\245\205[L\224\\351\351\000\003"";   nodeid: ""\000\000\000\000\000\000\000\000\000\000\000\000\000\000\000\000\000\000\000\000\000\000\000\000\000\000\000\000\000\000\000\000\000""; }; "
1750587285966,1750587285966,3097,1,2,0,TMLedgerData,"ledgerHash: ""b\001;\355\\351h\305\360*\252j\2470\334[#|\313\3606\207\210\245\372\217RX\333g`K""; ledgerSeq: 0; type: liTS_CANDIDATE; nodes {;   nodedata: "" \245\366\271\024\035\303\242}O\341[\232\374\0350\307\253\205\001\301\216B\031pk\231\004\271\276\265\240\002\003"";   nodeid: ""\000\000\000\000\000\000\000\000\000\000\000\000\000\000\000\000\000\000\000\000\000\000\000\000\000\000\000\000\000\000\000\000\000""; }; ","ledgerHash: ""b\001;\355\\351h\305\360*\252j\2470\334[#|\313\3606\207\210\245\372\217RX\333g`K""; ledgerSeq: 0; type: liTS_CANDIDATE; nodes {;   nodedata: "" \245\366\271\024\035\303\242}O\341[\232\374\0350\307\253\205\001\301\216B\031pk\231\004\271\276\265\240\002\003"";   nodeid: ""\000\000\000\000\000\000\000\000\000\000\000\000\000\000\000\000\000\000\000\000\000\000\000\000\000\000\000\000\000\000\000\000\000""; }; "
1750587285990,1750587285991,3898,1,2,3,TMGetLedger,"itype: liTS_CANDIDATE; ledgerHash: ""q|\216``\027\240\206w\312\263+\241\310\271\371\2034\351_\3373\tL\007q_p\342\264_z""; nodeIDs: ""\000\000\000\000\000\000\000\000\000\000\000\000\000\000\000\000\000\000\000\000\000\000\000\000\000\000\000\000\000\000\000\000\000""; queryType: qtINDIRECT; queryDepth: 3; ","itype: liTS_CANDIDATE; ledgerHash: ""q|\216``\027\240\206w\312\263+\241\310\271\371\2034\351_\3373\tL\007q_p\342\264_z""; nodeIDs: ""\000\000\000\000\000\000\000\000\000\000\000\000\000\000\000\000\000\000\000\000\000\000\000\000\000\000\000\000\000\000\000\000\000""; queryType: qtINDIRECT; queryDepth: 3; "
1750587285991,1750587285991,557,1,4,1,TMGetLedger,"itype: liTS_CANDIDATE; ledgerHash: ""q|\216``\027\240\206w\312\263+\241\310\271\371\2034\351_\3373\tL\007q_p\342\264_z""; nodeIDs: ""\000\000\000\000\000\000\000\000\000\000\000\000\000\000\000\000\000\000\000\000\000\000\000\000\000\000\000\000\000\000\000\000\000""; requestCookie: 3; queryType: qtINDIRECT; queryDepth: 3; ","itype: liTS_CANDIDATE; ledgerHash: ""q|\216``\027\240\206w\312\263+\241\310\271\371\2034\351_\3373\tL\007q_p\342\264_z""; nodeIDs: ""\000\000\000\000\000\000\000\000\000\000\000\000\000\000\000\000\000\000\000\000\000\000\000\000\000\000\000\000\000\000\000\000\000""; requestCookie: 3; queryType: qtINDIRECT; queryDepth: 3; "
1750587285991,1750587285991,499,1,2,4,TMGetLedger,"itype: liTS_CANDIDATE; ledgerHash: ""q|\216``\027\240\206w\312\263+\241\310\271\371\2034\351_\3373\tL\007q_p\342\264_z""; nodeIDs: ""\000\000\000\000\000\000\000\000\000\000\000\000\000\000\000\000\000\000\000\000\000\000\000\000\000\000\000\000\000\000\000\000\000""; queryType: qtINDIRECT; queryDepth: 3; ","itype: liTS_CANDIDATE; ledgerHash: ""q|\216``\027\240\206w\312\263+\241\310\271\371\2034\351_\3373\tL\007q_p\342\264_z""; nodeIDs: ""\000\000\000\000\000\000\000\000\000\000\000\000\000\000\000\000\000\000\000\000\000\000\000\000\000\000\000\000\000\000\000\000\000""; queryType: qtINDIRECT; queryDepth: 3; "
1750587285991,1750587285991,342,1,2,1,TMGetLedger,"itype: liTS_CANDIDATE; ledgerHash: ""q|\216``\027\240\206w\312\263+\241\310\271\371\2034\351_\3373\tL\007q_p\342\264_z""; nodeIDs: ""\000\000\000\000\000\000\000\000\000\000\000\000\000\000\000\000\000\000\000\000\000\000\000\000\000\000\000\000\000\000\000\000\000""; queryType: qtINDIRECT; queryDepth: 3; ","itype: liTS_CANDIDATE; ledgerHash: ""q|\216``\027\240\206w\312\263+\241\310\271\371\2034\351_\3373\tL\007q_p\342\264_z""; nodeIDs: ""\000\000\000\000\000\000\000\000\000\000\000\000\000\000\000\000\000\000\000\000\000\000\000\000\000\000\000\000\000\000\000\000\000""; queryType: qtINDIRECT; queryDepth: 3; "
1750587285991,1750587285991,1582,1,2,0,TMGetLedger,"itype: liTS_CANDIDATE; ledgerHash: ""q|\216``\027\240\206w\312\263+\241\310\271\371\2034\351_\3373\tL\007q_p\342\264_z""; nodeIDs: ""\000\000\000\000\000\000\000\000\000\000\000\000\000\000\000\000\000\000\000\000\000\000\000\000\000\000\000\000\000\000\000\000\000""; queryType: qtINDIRECT; queryDepth: 3; ","itype: liTS_CANDIDATE; ledgerHash: ""q|\216``\027\240\206w\312\263+\241\310\271\371\2034\351_\3373\tL\007q_p\342\264_z""; nodeIDs: ""\000\000\000\000\000\000\000\000\000\000\000\000\000\000\000\000\000\000\000\000\000\000\000\000\000\000\000\000\000\000\000\000\000""; queryType: qtINDIRECT; queryDepth: 3; "
1750587286008,1750587286008,393,1,0,1,TMGetLedger,"itype: liTS_CANDIDATE; ledgerHash: ""q|\216``\027\240\206w\312\263+\241\310\271\371\2034\351_\3373\tL\007q_p\342\264_z""; nodeIDs: ""\000\000\000\000\000\000\000\000\000\000\000\000\000\000\000\000\000\000\000\000\000\000\000\000\000\000\000\000\000\000\000\000\000""; queryType: qtINDIRECT; queryDepth: 3; ","itype: liTS_CANDIDATE; ledgerHash: ""q|\216``\027\240\206w\312\263+\241\310\271\371\2034\351_\3373\tL\007q_p\342\264_z""; nodeIDs: ""\000\000\000\000\000\000\000\000\000\000\000\000\000\000\000\000\000\000\000\000\000\000\000\000\000\000\000\000\000\000\000\000\000""; queryType: qtINDIRECT; queryDepth: 3; "
1750587286008,1750587286008,3414,1,0,2,TMGetLedger,"itype: liTS_CANDIDATE; ledgerHash: ""q|\216``\027\240\206w\312\263+\241\310\271\371\2034\351_\3373\tL\007q_p\342\264_z""; nodeIDs: ""\000\000\000\000\000\000\000\000\000\000\000\000\000\000\000\000\000\000\000\000\000\000\000\000\000\000\000\000\000\000\000\000\000""; queryType: qtINDIRECT; queryDepth: 3; ","itype: liTS_CANDIDATE; ledgerHash: ""q|\216``\027\240\206w\312\263+\241\310\271\371\2034\351_\3373\tL\007q_p\342\264_z""; nodeIDs: ""\000\000\000\000\000\000\000\000\000\000\000\000\000\000\000\000\000\000\000\000\000\000\000\000\000\000\000\000\000\000\000\000\000""; queryType: qtINDIRECT; queryDepth: 3; "
1750587286009,1750587286009,1466,1,0,4,TMGetLedger,"itype: liTS_CANDIDATE; ledgerHash: ""q|\216``\027\240\206w\312\263+\241\310\271\371\2034\351_\3373\tL\007q_p\342\264_z""; nodeIDs: ""\000\000\000\000\000\000\000\000\000\000\000\000\000\000\000\000\000\000\000\000\000\000\000\000\000\000\000\000\000\000\000\000\000""; queryType: qtINDIRECT; queryDepth: 3; ","itype: liTS_CANDIDATE; ledgerHash: ""q|\216``\027\240\206w\312\263+\241\310\271\371\2034\351_\3373\tL\007q_p\342\264_z""; nodeIDs: ""\000\000\000\000\000\000\000\000\000\000\000\000\000\000\000\000\000\000\000\000\000\000\000\000\000\000\000\000\000\000\000\000\000""; queryType: qtINDIRECT; queryDepth: 3; "
1750587286009,1750587286009,1764,1,0,3,TMGetLedger,"itype: liTS_CANDIDATE; ledgerHash: ""q|\216``\027\240\206w\312\263+\241\310\271\371\2034\351_\3373\tL\007q_p\342\264_z""; nodeIDs: ""\000\000\000\000\000\000\000\000\000\000\000\000\000\000\000\000\000\000\000\000\000\000\000\000\000\000\000\000\000\000\000\000\000""; queryType: qtINDIRECT; queryDepth: 3; ","itype: liTS_CANDIDATE; ledgerHash: ""q|\216``\027\240\206w\312\263+\241\310\271\371\2034\351_\3373\tL\007q_p\342\264_z""; nodeIDs: ""\000\000\000\000\000\000\000\000\000\000\000\000\000\000\000\000\000\000\000\000\000\000\000\000\000\000\000\000\000\000\000\000\000""; queryType: qtINDIRECT; queryDepth: 3; "
1750587286013,1750587286014,628,1,3,2,TMLedgerData,"ledgerHash: ""\237\231\311\371Y@""\177>\241""\310\233r\315\210Z\003g\334\034\021\305\3353Q\035\224\200\224\347\257""; ledgerSeq: 8; type: liBASE; nodes {;   nodedata: ""\000\000\000\010\001cEx]\211\377\330\311\347s\234ae\204\263\365U\334\372D\354\345\276\201f\035\271%#\375\245\314.""\373\330&\3746\177P.\377\255K\330\362G{!s_\276B\273\031\331\234\023vy$7i\342\243\243\220\021_\222w1E\236\020?0\232H\266\366\033p\353\250\025\255\235\310\215\275\032\005\371R<p\240.\2618\277/\352\224\010/\352\224\020\n\000""; }; nodes {;   nodedata: ""h\315\350\215y\203\242]\371\235\232Pt&\325\210eZ\346\237XZ \277\2457n\221\336\253\245\317\002G)\346n?\227\005Y\336\276m\244>\014/\353)\343S\223\201\230\250\301d\027c\001\302\ris\006E\344\037@\210\363\010\336T\226\247'\204_{\261\370""1\235\2445\343\033Y!\212\201\341\272\225'\007\f\n0\233\306>\377~V|O\232@\324_\273\232o\\235\370\234IE\333\255j\001\361\204%\n\265\022\035W\277\033\265pM\027\313x\327iNP(O\216Pk&\235\336\223\217\374\212\253\322w\362\013\210`4\253""\302f\230\374\037bx\0145C\307\337\316[\244d\302\3031\347\300\025aX\357\226\221\016\003""; }; nodes {;   nodedata: ""f\225yM\014\263\225\204\377[\235\030P4BO\343Z\264\3646\307\304\177\327\n\261+$r\257\263\n\003""; }; requestCookie: 5; ","ledgerHash: ""\237\231\311\371Y@""\177>\241""\310\233r\315\210Z\003g\334\034\021\305\3353Q\035\224\200\224\347\257""; ledgerSeq: 8; type: liBASE; nodes {;   nodedata: ""\000\000\000\010\001cEx]\211\377\330\311\347s\234ae\204\263\365U\334\372D\354\345\276\201f\035\271%#\375\245\314.""\373\330&\3746\177P.\377\255K\330\362G{!s_\276B\273\031\331\234\023vy$7i\342\243\243\220\021_\222w1E\236\020?0\232H\266\366\033p\353\250\025\255\235\310\215\275\032\005\371R<p\240.\2618\277/\352\224\010/\352\224\020\n\000""; }; nodes {;   nodedata: ""h\315\350\215y\203\242]\371\235\232Pt&\325\210eZ\346\237XZ \277\2457n\221\336\253\245\317\002G)\346n?\227\005Y\336\276m\244>\014/\353)\343S\223\201\230\250\301d\027c\001\302\ris\006E\344\037@\210\363\010\336T\226\247'\204_{\261\370""1\235\2445\343\033Y!\212\201\341\272\225'\007\f\n0\233\306>\377~V|O\232@\324_\273\232o\\235\370\234IE\333\255j\001\361\204%\n\265\022\035W\277\033\265pM\027\313x\327iNP(O\216Pk&\235\336\223\217\374\212\253\322w\362\013\210`4\253""\302f\230\374\037bx\0145C\307\337\316[\244d\302\3031\347\300\025aX\357\226\221\016\003""; }; nodes {;   nodedata: ""f\225yM\014\263\225\204\377[\235\030P4BO\343Z\264\3646\307\304\177\327\n\261+$r\257\263\n\003""; }; requestCookie: 5; "
1750587286045,1750587286045,486,1,4,0,TMLedgerData,"ledgerHash: ""b\001;\355\\351h\305\360*\252j\2470\334[#|\313\3606\207\210\245\372\217RX\333g`K""; ledgerSeq: 0; type: liTS_CANDIDATE; nodes {;   nodedata: "" \245\366\271\024\035\303\242}O\341[\232\374\0350\307\253\205\001\301\216B\031pk\231\004\271\276\265\240\002\003"";   nodeid: ""\000\000\000\000\000\000\000\000\000\000\000\000\000\000\000\000\000\000\000\000\000\000\000\000\000\000\000\000\000\000\000\000\000""; }; ","ledgerHash: ""b\001;\355\\351h\305\360*\252j\2470\334[#|\313\3606\207\210\245\372\217RX\333g`K""; ledgerSeq: 0; type: liTS_CANDIDATE; nodes {;   nodedata: "" \245\366\271\024\035\303\242}O\341[\232\374\0350\307\253\205\001\301\216B\031pk\231\004\271\276\265\240\002\003"";   nodeid: ""\000\000\000\000\000\000\000\000\000\000\000\000\000\000\000\000\000\000\000\000\000\000\000\000\000\000\000\000\000\000\000\000\000""; }; "
1750587286085,1750587286085,2472,1,1,2,TMLedgerData,"ledgerHash: ""q|\216``\027\240\206w\312\263+\241\310\271\371\2034\351_\3373\tL\007q_p\342\264_z""; ledgerSeq: 0; type: liTS_CANDIDATE; nodes {;   nodedata: ""\003S\n\235\2624\346\340\377asq\337\223T\316nL\232)C!\360\245\205[L\224\\351\351\000\247\272\246\2214\014W1\360z\262\252=\343\207'\275\266;\016\021\306\330\030\225\023\357\272\353\200x\221\n\003"";   nodeid: ""\000\000\000\000\000\000\000\000\000\000\000\000\000\000\000\000\000\000\000\000\000\000\000\000\000\000\000\000\000\000\000\000\000""; }; ","ledgerHash: ""q|\216``\027\240\206w\312\263+\241\310\271\371\2034\351_\3373\tL\007q_p\342\264_z""; ledgerSeq: 0; type: liTS_CANDIDATE; nodes {;   nodedata: ""\003S\n\235\2624\346\340\377asq\337\223T\316nL\232)C!\360\245\205[L\224\\351\351\000\247\272\246\2214\014W1\360z\262\252=\343\207'\275\266;\016\021\306\330\030\225\023\357\272\353\200x\221\n\003"";   nodeid: ""\000\000\000\000\000\000\000\000\000\000\000\000\000\000\000\000\000\000\000\000\000\000\000\000\000\000\000\000\000\000\000\000\000""; }; "
1750587286086,1750587286086,1103,1,0,4,TMLedgerData,"ledgerHash: ""\007\347lg\346B\270\350\352\375\266\371?(\361\364\365I|\375\262>\230(\333\250\331\007\360U\024\027""; ledgerSeq: 0; type: liTS_CANDIDATE; nodes {;   nodedata: ""\003S\n\235\2624\346\340\377asq\337\223T\316nL\232)C!\360\245\205[L\224\\351\351\000\003"";   nodeid: ""\000\000\000\000\000\000\000\000\000\000\000\000\000\000\000\000\000\000\000\000\000\000\000\000\000\000\000\000\000\000\000\000\000""; }; ","ledgerHash: ""\007\347lg\346B\270\350\352\375\266\371?(\361\364\365I|\375\262>\230(\333\250\331\007\360U\024\027""; ledgerSeq: 0; type: liTS_CANDIDATE; nodes {;   nodedata: ""\003S\n\235\2624\346\340\377asq\337\223T\316nL\232)C!\360\245\205[L\224\\351\351\000\003"";   nodeid: ""\000\000\000\000\000\000\000\000\000\000\000\000\000\000\000\000\000\000\000\000\000\000\000\000\000\000\000\000\000\000\000\000\000""; }; "
1750587286111,1750587286111,2565,1,3,0,TMLedgerData,"ledgerHash: ""b\001;\355\\351h\305\360*\252j\2470\334[#|\313\3606\207\210\245\372\217RX\333g`K""; ledgerSeq: 0; type: liTS_CANDIDATE; nodes {;   nodedata: "" \245\366\271\024\035\303\242}O\341[\232\374\0350\307\253\205\001\301\216B\031pk\231\004\271\276\265\240\002\003"";   nodeid: ""\000\000\000\000\000\000\000\000\000\000\000\000\000\000\000\000\000\000\000\000\000\000\000\000\000\000\000\000\000\000\000\000\000""; }; ","ledgerHash: ""b\001;\355\\351h\305\360*\252j\2470\334[#|\313\3606\207\210\245\372\217RX\333g`K""; ledgerSeq: 0; type: liTS_CANDIDATE; nodes {;   nodedata: "" \245\366\271\024\035\303\242}O\341[\232\374\0350\307\253\205\001\301\216B\031pk\231\004\271\276\265\240\002\003"";   nodeid: ""\000\000\000\000\000\000\000\000\000\000\000\000\000\000\000\000\000\000\000\000\000\000\000\000\000\000\000\000\000\000\000\000\000""; }; "
1750587286124,1750587286124,2715,1,1,4,TMLedgerData,"ledgerHash: ""\007\347lg\346B\270\350\352\375\266\371?(\361\364\365I|\375\262>\230(\333\250\331\007\360U\024\027""; ledgerSeq: 0; type: liTS_CANDIDATE; nodes {;   nodedata: ""\003S\n\235\2624\346\340\377asq\337\223T\316nL\232)C!\360\245\205[L\224\\351\351\000\003"";   nodeid: ""\000\000\000\000\000\000\000\000\000\000\000\000\000\000\000\000\000\000\000\000\000\000\000\000\000\000\000\000\000\000\000\000\000""; }; ","ledgerHash: ""\007\347lg\346B\270\350\352\375\266\371?(\361\364\365I|\375\262>\230(\333\250\331\007\360U\024\027""; ledgerSeq: 0; type: liTS_CANDIDATE; nodes {;   nodedata: ""\003S\n\235\2624\346\340\377asq\337\223T\316nL\232)C!\360\245\205[L\224\\351\351\000\003"";   nodeid: ""\000\000\000\000\000\000\000\000\000\000\000\000\000\000\000\000\000\000\000\000\000\000\000\000\000\000\000\000\000\000\000\000\000""; }; "
1750587286152,1750587286152,1136,1,3,0,TMGetLedger,"itype: liTS_CANDIDATE; ledgerHash: ""q|\216``\027\240\206w\312\263+\241\310\271\371\2034\351_\3373\tL\007q_p\342\264_z""; nodeIDs: ""\000\000\000\000\000\000\000\000\000\000\000\000\000\000\000\000\000\000\000\000\000\000\000\000\000\000\000\000\000\000\000\000\000""; queryType: qtINDIRECT; queryDepth: 3; ","itype: liTS_CANDIDATE; ledgerHash: ""q|\216``\027\240\206w\312\263+\241\310\271\371\2034\351_\3373\tL\007q_p\342\264_z""; nodeIDs: ""\000\000\000\000\000\000\000\000\000\000\000\000\000\000\000\000\000\000\000\000\000\000\000\000\000\000\000\000\000\000\000\000\000""; queryType: qtINDIRECT; queryDepth: 3; "
1750587286153,1750587286153,3118,1,3,4,TMGetLedger,"itype: liTS_CANDIDATE; ledgerHash: ""q|\216``\027\240\206w\312\263+\241\310\271\371\2034\351_\3373\tL\007q_p\342\264_z""; nodeIDs: ""\000\000\000\000\000\000\000\000\000\000\000\000\000\000\000\000\000\000\000\000\000\000\000\000\000\000\000\000\000\000\000\000\000""; queryType: qtINDIRECT; queryDepth: 3; ","itype: liTS_CANDIDATE; ledgerHash: ""q|\216``\027\240\206w\312\263+\241\310\271\371\2034\351_\3373\tL\007q_p\342\264_z""; nodeIDs: ""\000\000\000\000\000\000\000\000\000\000\000\000\000\000\000\000\000\000\000\000\000\000\000\000\000\000\000\000\000\000\000\000\000""; queryType: qtINDIRECT; queryDepth: 3; "
1750587286152,1750587286152,2142,1,3,1,TMGetLedger,"itype: liTS_CANDIDATE; ledgerHash: ""q|\216``\027\240\206w\312\263+\241\310\271\371\2034\351_\3373\tL\007q_p\342\264_z""; nodeIDs: ""\000\000\000\000\000\000\000\000\000\000\000\000\000\000\000\000\000\000\000\000\000\000\000\000\000\000\000\000\000\000\000\000\000""; queryType: qtINDIRECT; queryDepth: 3; ","itype: liTS_CANDIDATE; ledgerHash: ""q|\216``\027\240\206w\312\263+\241\310\271\371\2034\351_\3373\tL\007q_p\342\264_z""; nodeIDs: ""\000\000\000\000\000\000\000\000\000\000\000\000\000\000\000\000\000\000\000\000\000\000\000\000\000\000\000\000\000\000\000\000\000""; queryType: qtINDIRECT; queryDepth: 3; "
1750587286153,1750587286153,1590,1,3,2,TMGetLedger,"itype: liTS_CANDIDATE; ledgerHash: ""q|\216``\027\240\206w\312\263+\241\310\271\371\2034\351_\3373\tL\007q_p\342\264_z""; nodeIDs: ""\000\000\000\000\000\000\000\000\000\000\000\000\000\000\000\000\000\000\000\000\000\000\000\000\000\000\000\000\000\000\000\000\000""; queryType: qtINDIRECT; queryDepth: 3; ","itype: liTS_CANDIDATE; ledgerHash: ""q|\216``\027\240\206w\312\263+\241\310\271\371\2034\351_\3373\tL\007q_p\342\264_z""; nodeIDs: ""\000\000\000\000\000\000\000\000\000\000\000\000\000\000\000\000\000\000\000\000\000\000\000\000\000\000\000\000\000\000\000\000\000""; queryType: qtINDIRECT; queryDepth: 3; "
1750587286167,1750587286168,1772,1,4,3,TMLedgerData,"ledgerHash: ""\007\347lg\346B\270\350\352\375\266\371?(\361\364\365I|\375\262>\230(\333\250\331\007\360U\024\027""; ledgerSeq: 0; type: liTS_CANDIDATE; nodes {;   nodedata: ""\003S\n\235\2624\346\340\377asq\337\223T\316nL\232)C!\360\245\205[L\224\\351\351\000\003"";   nodeid: ""\000\000\000\000\000\000\000\000\000\000\000\000\000\000\000\000\000\000\000\000\000\000\000\000\000\000\000\000\000\000\000\000\000""; }; ","ledgerHash: ""\007\347lg\346B\270\350\352\375\266\371?(\361\364\365I|\375\262>\230(\333\250\331\007\360U\024\027""; ledgerSeq: 0; type: liTS_CANDIDATE; nodes {;   nodedata: ""\003S\n\235\2624\346\340\377asq\337\223T\316nL\232)C!\360\245\205[L\224\\351\351\000\003"";   nodeid: ""\000\000\000\000\000\000\000\000\000\000\000\000\000\000\000\000\000\000\000\000\000\000\000\000\000\000\000\000\000\000\000\000\000""; }; "
1750587286210,1750587286210,1399,1,1,3,TMLedgerData,"ledgerHash: ""b\001;\355\\351h\305\360*\252j\2470\334[#|\313\3606\207\210\245\372\217RX\333g`K""; ledgerSeq: 0; type: liTS_CANDIDATE; nodes {;   nodedata: "" \245\366\271\024\035\303\242}O\341[\232\374\0350\307\253\205\001\301\216B\031pk\231\004\271\276\265\240\002\003"";   nodeid: ""\000\000\000\000\000\000\000\000\000\000\000\000\000\000\000\000\000\000\000\000\000\000\000\000\000\000\000\000\000\000\000\000\000""; }; requestCookie: 2; ","ledgerHash: ""b\001;\355\\351h\305\360*\252j\2470\334[#|\313\3606\207\210\245\372\217RX\333g`K""; ledgerSeq: 0; type: liTS_CANDIDATE; nodes {;   nodedata: "" \245\366\271\024\035\303\242}O\341[\232\374\0350\307\253\205\001\301\216B\031pk\231\004\271\276\265\240\002\003"";   nodeid: ""\000\000\000\000\000\000\000\000\000\000\000\000\000\000\000\000\000\000\000\000\000\000\000\000\000\000\000\000\000\000\000\000\000""; }; requestCookie: 2; "
1750587286241,1750587286241,1582,1,2,0,TMGetLedger,"itype: liTS_CANDIDATE; ledgerHash: ""q|\216``\027\240\206w\312\263+\241\310\271\371\2034\351_\3373\tL\007q_p\342\264_z""; nodeIDs: ""\000\000\000\000\000\000\000\000\000\000\000\000\000\000\000\000\000\000\000\000\000\000\000\000\000\000\000\000\000\000\000\000\000""; queryType: qtINDIRECT; queryDepth: 3; ","itype: liTS_CANDIDATE; ledgerHash: ""q|\216``\027\240\206w\312\263+\241\310\271\371\2034\351_\3373\tL\007q_p\342\264_z""; nodeIDs: ""\000\000\000\000\000\000\000\000\000\000\000\000\000\000\000\000\000\000\000\000\000\000\000\000\000\000\000\000\000\000\000\000\000""; queryType: qtINDIRECT; queryDepth: 3; "
1750587286242,1750587286242,3898,1,2,3,TMGetLedger,"itype: liTS_CANDIDATE; ledgerHash: ""q|\216``\027\240\206w\312\263+\241\310\271\371\2034\351_\3373\tL\007q_p\342\264_z""; nodeIDs: ""\000\000\000\000\000\000\000\000\000\000\000\000\000\000\000\000\000\000\000\000\000\000\000\000\000\000\000\000\000\000\000\000\000""; queryType: qtINDIRECT; queryDepth: 3; ","itype: liTS_CANDIDATE; ledgerHash: ""q|\216``\027\240\206w\312\263+\241\310\271\371\2034\351_\3373\tL\007q_p\342\264_z""; nodeIDs: ""\000\000\000\000\000\000\000\000\000\000\000\000\000\000\000\000\000\000\000\000\000\000\000\000\000\000\000\000\000\000\000\000\000""; queryType: qtINDIRECT; queryDepth: 3; "
1750587286242,1750587286242,499,1,2,4,TMGetLedger,"itype: liTS_CANDIDATE; ledgerHash: ""q|\216``\027\240\206w\312\263+\241\310\271\371\2034\351_\3373\tL\007q_p\342\264_z""; nodeIDs: ""\000\000\000\000\000\000\000\000\000\000\000\000\000\000\000\000\000\000\000\000\000\000\000\000\000\000\000\000\000\000\000\000\000""; queryType: qtINDIRECT; queryDepth: 3; ","itype: liTS_CANDIDATE; ledgerHash: ""q|\216``\027\240\206w\312\263+\241\310\271\371\2034\351_\3373\tL\007q_p\342\264_z""; nodeIDs: ""\000\000\000\000\000\000\000\000\000\000\000\000\000\000\000\000\000\000\000\000\000\000\000\000\000\000\000\000\000\000\000\000\000""; queryType: qtINDIRECT; queryDepth: 3; "
1750587286242,1750587286243,342,1,2,1,TMGetLedger,"itype: liTS_CANDIDATE; ledgerHash: ""q|\216``\027\240\206w\312\263+\241\310\271\371\2034\351_\3373\tL\007q_p\342\264_z""; nodeIDs: ""\000\000\000\000\000\000\000\000\000\000\000\000\000\000\000\000\000\000\000\000\000\000\000\000\000\000\000\000\000\000\000\000\000""; queryType: qtINDIRECT; queryDepth: 3; ","itype: liTS_CANDIDATE; ledgerHash: ""q|\216``\027\240\206w\312\263+\241\310\271\371\2034\351_\3373\tL\007q_p\342\264_z""; nodeIDs: ""\000\000\000\000\000\000\000\000\000\000\000\000\000\000\000\000\000\000\000\000\000\000\000\000\000\000\000\000\000\000\000\000\000""; queryType: qtINDIRECT; queryDepth: 3; "
1750587286243,1750587286243,557,1,4,1,TMGetLedger,"itype: liTS_CANDIDATE; ledgerHash: ""q|\216``\027\240\206w\312\263+\241\310\271\371\2034\351_\3373\tL\007q_p\342\264_z""; nodeIDs: ""\000\000\000\000\000\000\000\000\000\000\000\000\000\000\000\000\000\000\000\000\000\000\000\000\000\000\000\000\000\000\000\000\000""; requestCookie: 3; queryType: qtINDIRECT; queryDepth: 3; ","itype: liTS_CANDIDATE; ledgerHash: ""q|\216``\027\240\206w\312\263+\241\310\271\371\2034\351_\3373\tL\007q_p\342\264_z""; nodeIDs: ""\000\000\000\000\000\000\000\000\000\000\000\000\000\000\000\000\000\000\000\000\000\000\000\000\000\000\000\000\000\000\000\000\000""; requestCookie: 3; queryType: qtINDIRECT; queryDepth: 3; "
1750587286258,1750587286258,393,1,0,1,TMGetLedger,"itype: liTS_CANDIDATE; ledgerHash: ""q|\216``\027\240\206w\312\263+\241\310\271\371\2034\351_\3373\tL\007q_p\342\264_z""; nodeIDs: ""\000\000\000\000\000\000\000\000\000\000\000\000\000\000\000\000\000\000\000\000\000\000\000\000\000\000\000\000\000\000\000\000\000""; queryType: qtINDIRECT; queryDepth: 3; ","itype: liTS_CANDIDATE; ledgerHash: ""q|\216``\027\240\206w\312\263+\241\310\271\371\2034\351_\3373\tL\007q_p\342\264_z""; nodeIDs: ""\000\000\000\000\000\000\000\000\000\000\000\000\000\000\000\000\000\000\000\000\000\000\000\000\000\000\000\000\000\000\000\000\000""; queryType: qtINDIRECT; queryDepth: 3; "
1750587286258,1750587286258,1764,1,0,3,TMGetLedger,"itype: liTS_CANDIDATE; ledgerHash: ""q|\216``\027\240\206w\312\263+\241\310\271\371\2034\351_\3373\tL\007q_p\342\264_z""; nodeIDs: ""\000\000\000\000\000\000\000\000\000\000\000\000\000\000\000\000\000\000\000\000\000\000\000\000\000\000\000\000\000\000\000\000\000""; queryType: qtINDIRECT; queryDepth: 3; ","itype: liTS_CANDIDATE; ledgerHash: ""q|\216``\027\240\206w\312\263+\241\310\271\371\2034\351_\3373\tL\007q_p\342\264_z""; nodeIDs: ""\000\000\000\000\000\000\000\000\000\000\000\000\000\000\000\000\000\000\000\000\000\000\000\000\000\000\000\000\000\000\000\000\000""; queryType: qtINDIRECT; queryDepth: 3; "
1750587286259,1750587286259,3414,1,0,2,TMGetLedger,"itype: liTS_CANDIDATE; ledgerHash: ""q|\216``\027\240\206w\312\263+\241\310\271\371\2034\351_\3373\tL\007q_p\342\264_z""; nodeIDs: ""\000\000\000\000\000\000\000\000\000\000\000\000\000\000\000\000\000\000\000\000\000\000\000\000\000\000\000\000\000\000\000\000\000""; queryType: qtINDIRECT; queryDepth: 3; ","itype: liTS_CANDIDATE; ledgerHash: ""q|\216``\027\240\206w\312\263+\241\310\271\371\2034\351_\3373\tL\007q_p\342\264_z""; nodeIDs: ""\000\000\000\000\000\000\000\000\000\000\000\000\000\000\000\000\000\000\000\000\000\000\000\000\000\000\000\000\000\000\000\000\000""; queryType: qtINDIRECT; queryDepth: 3; "
1750587286259,1750587286259,1466,1,0,4,TMGetLedger,"itype: liTS_CANDIDATE; ledgerHash: ""q|\216``\027\240\206w\312\263+\241\310\271\371\2034\351_\3373\tL\007q_p\342\264_z""; nodeIDs: ""\000\000\000\000\000\000\000\000\000\000\000\000\000\000\000\000\000\000\000\000\000\000\000\000\000\000\000\000\000\000\000\000\000""; queryType: qtINDIRECT; queryDepth: 3; ","itype: liTS_CANDIDATE; ledgerHash: ""q|\216``\027\240\206w\312\263+\241\310\271\371\2034\351_\3373\tL\007q_p\342\264_z""; nodeIDs: ""\000\000\000\000\000\000\000\000\000\000\000\000\000\000\000\000\000\000\000\000\000\000\000\000\000\000\000\000\000\000\000\000\000""; queryType: qtINDIRECT; queryDepth: 3; "
1750587286263,1750587286263,2565,1,3,0,TMLedgerData,"ledgerHash: ""b\001;\355\\351h\305\360*\252j\2470\334[#|\313\3606\207\210\245\372\217RX\333g`K""; ledgerSeq: 0; type: liTS_CANDIDATE; nodes {;   nodedata: "" \245\366\271\024\035\303\242}O\341[\232\374\0350\307\253\205\001\301\216B\031pk\231\004\271\276\265\240\002\003"";   nodeid: ""\000\000\000\000\000\000\000\000\000\000\000\000\000\000\000\000\000\000\000\000\000\000\000\000\000\000\000\000\000\000\000\000\000""; }; ","ledgerHash: ""b\001;\355\\351h\305\360*\252j\2470\334[#|\313\3606\207\210\245\372\217RX\333g`K""; ledgerSeq: 0; type: liTS_CANDIDATE; nodes {;   nodedata: "" \245\366\271\024\035\303\242}O\341[\232\374\0350\307\253\205\001\301\216B\031pk\231\004\271\276\265\240\002\003"";   nodeid: ""\000\000\000\000\000\000\000\000\000\000\000\000\000\000\000\000\000\000\000\000\000\000\000\000\000\000\000\000\000\000\000\000\000""; }; "
1750587286284,1750587286284,1743,1,2,4,TMLedgerData,"ledgerHash: ""\007\347lg\346B\270\350\352\375\266\371?(\361\364\365I|\375\262>\230(\333\250\331\007\360U\024\027""; ledgerSeq: 0; type: liTS_CANDIDATE; nodes {;   nodedata: ""\003S\n\235\2624\346\340\377asq\337\223T\316nL\232)C!\360\245\205[L\224\\351\351\000\003"";   nodeid: ""\000\000\000\000\000\000\000\000\000\000\000\000\000\000\000\000\000\000\000\000\000\000\000\000\000\000\000\000\000\000\000\000\000""; }; ","ledgerHash: ""\007\347lg\346B\270\350\352\375\266\371?(\361\364\365I|\375\262>\230(\333\250\331\007\360U\024\027""; ledgerSeq: 0; type: liTS_CANDIDATE; nodes {;   nodedata: ""\003S\n\235\2624\346\340\377asq\337\223T\316nL\232)C!\360\245\205[L\224\\351\351\000\003"";   nodeid: ""\000\000\000\000\000\000\000\000\000\000\000\000\000\000\000\000\000\000\000\000\000\000\000\000\000\000\000\000\000\000\000\000\000""; }; "
1750587286290,1750587286290,1582,1,2,0,TMGetLedger,"itype: liTX_NODE; ledgerHash: ""\237\231\311\371Y@""\177>\241""\310\233r\315\210Z\003g\334\034\021\305\3353Q\035\224\200\224\347\257""; ledgerSeq: 8; nodeIDs: ""\240\000\000\000\000\000\000\000\000\000\000\000\000\000\000\000\000\000\000\000\000\000\000\000\000\000\000\000\000\000\000\000\001""; queryType: qtINDIRECT; queryDepth: 1; ","itype: liTX_NODE; ledgerHash: ""\237\231\311\371Y@""\177>\241""\310\233r\315\210Z\003g\334\034\021\305\3353Q\035\224\200\224\347\257""; ledgerSeq: 8; nodeIDs: ""\240\000\000\000\000\000\000\000\000\000\000\000\000\000\000\000\000\000\000\000\000\000\000\000\000\000\000\000\000\000\000\000\001""; queryType: qtINDIRECT; queryDepth: 1; "
1750587286294,1750587286295,486,1,4,0,TMLedgerData,"ledgerHash: ""b\001;\355\\351h\305\360*\252j\2470\334[#|\313\3606\207\210\245\372\217RX\333g`K""; ledgerSeq: 0; type: liTS_CANDIDATE; nodes {;   nodedata: "" \245\366\271\024\035\303\242}O\341[\232\374\0350\307\253\205\001\301\216B\031pk\231\004\271\276\265\240\002\003"";   nodeid: ""\000\000\000\000\000\000\000\000\000\000\000\000\000\000\000\000\000\000\000\000\000\000\000\000\000\000\000\000\000\000\000\000\000""; }; ","ledgerHash: ""b\001;\355\\351h\305\360*\252j\2470\334[#|\313\3606\207\210\245\372\217RX\333g`K""; ledgerSeq: 0; type: liTS_CANDIDATE; nodes {;   nodedata: "" \245\366\271\024\035\303\242}O\341[\232\374\0350\307\253\205\001\301\216B\031pk\231\004\271\276\265\240\002\003"";   nodeid: ""\000\000\000\000\000\000\000\000\000\000\000\000\000\000\000\000\000\000\000\000\000\000\000\000\000\000\000\000\000\000\000\000\000""; }; "
1750587286335,1750587286335,2472,1,1,2,TMLedgerData,"ledgerHash: ""q|\216``\027\240\206w\312\263+\241\310\271\371\2034\351_\3373\tL\007q_p\342\264_z""; ledgerSeq: 0; type: liTS_CANDIDATE; nodes {;   nodedata: ""\003S\n\235\2624\346\340\377asq\337\223T\316nL\232)C!\360\245\205[L\224\\351\351\000\247\272\246\2214\014W1\360z\262\252=\343\207'\275\266;\016\021\306\330\030\225\023\357\272\353\200x\221\n\003"";   nodeid: ""\000\000\000\000\000\000\000\000\000\000\000\000\000\000\000\000\000\000\000\000\000\000\000\000\000\000\000\000\000\000\000\000\000""; }; ","ledgerHash: ""q|\216``\027\240\206w\312\263+\241\310\271\371\2034\351_\3373\tL\007q_p\342\264_z""; ledgerSeq: 0; type: liTS_CANDIDATE; nodes {;   nodedata: ""\003S\n\235\2624\346\340\377asq\337\223T\316nL\232)C!\360\245\205[L\224\\351\351\000\247\272\246\2214\014W1\360z\262\252=\343\207'\275\266;\016\021\306\330\030\225\023\357\272\353\200x\221\n\003"";   nodeid: ""\000\000\000\000\000\000\000\000\000\000\000\000\000\000\000\000\000\000\000\000\000\000\000\000\000\000\000\000\000\000\000\000\000""; }; "
1750587286337,1750587286337,1103,1,0,4,TMLedgerData,"ledgerHash: ""\007\347lg\346B\270\350\352\375\266\371?(\361\364\365I|\375\262>\230(\333\250\331\007\360U\024\027""; ledgerSeq: 0; type: liTS_CANDIDATE; nodes {;   nodedata: ""\003S\n\235\2624\346\340\377asq\337\223T\316nL\232)C!\360\245\205[L\224\\351\351\000\003"";   nodeid: ""\000\000\000\000\000\000\000\000\000\000\000\000\000\000\000\000\000\000\000\000\000\000\000\000\000\000\000\000\000\000\000\000\000""; }; ","ledgerHash: ""\007\347lg\346B\270\350\352\375\266\371?(\361\364\365I|\375\262>\230(\333\250\331\007\360U\024\027""; ledgerSeq: 0; type: liTS_CANDIDATE; nodes {;   nodedata: ""\003S\n\235\2624\346\340\377asq\337\223T\316nL\232)C!\360\245\205[L\224\\351\351\000\003"";   nodeid: ""\000\000\000\000\000\000\000\000\000\000\000\000\000\000\000\000\000\000\000\000\000\000\000\000\000\000\000\000\000\000\000\000\000""; }; "
1750587286355,1750587286356,1772,1,4,3,TMLedgerData,"ledgerHash: ""\007\347lg\346B\270\350\352\375\266\371?(\361\364\365I|\375\262>\230(\333\250\331\007\360U\024\027""; ledgerSeq: 0; type: liTS_CANDIDATE; nodes {;   nodedata: ""\003S\n\235\2624\346\340\377asq\337\223T\316nL\232)C!\360\245\205[L\224\\351\351\000\003"";   nodeid: ""\000\000\000\000\000\000\000\000\000\000\000\000\000\000\000\000\000\000\000\000\000\000\000\000\000\000\000\000\000\000\000\000\000""; }; ","ledgerHash: ""\007\347lg\346B\270\350\352\375\266\371?(\361\364\365I|\375\262>\230(\333\250\331\007\360U\024\027""; ledgerSeq: 0; type: liTS_CANDIDATE; nodes {;   nodedata: ""\003S\n\235\2624\346\340\377asq\337\223T\316nL\232)C!\360\245\205[L\224\\351\351\000\003"";   nodeid: ""\000\000\000\000\000\000\000\000\000\000\000\000\000\000\000\000\000\000\000\000\000\000\000\000\000\000\000\000\000\000\000\000\000""; }; "
1750587286403,1750587286403,1590,1,3,2,TMGetLedger,"itype: liTS_CANDIDATE; ledgerHash: ""q|\216``\027\240\206w\312\263+\241\310\271\371\2034\351_\3373\tL\007q_p\342\264_z""; nodeIDs: ""\000\000\000\000\000\000\000\000\000\000\000\000\000\000\000\000\000\000\000\000\000\000\000\000\000\000\000\000\000\000\000\000\000""; queryType: qtINDIRECT; queryDepth: 3; ","itype: liTS_CANDIDATE; ledgerHash: ""q|\216``\027\240\206w\312\263+\241\310\271\371\2034\351_\3373\tL\007q_p\342\264_z""; nodeIDs: ""\000\000\000\000\000\000\000\000\000\000\000\000\000\000\000\000\000\000\000\000\000\000\000\000\000\000\000\000\000\000\000\000\000""; queryType: qtINDIRECT; queryDepth: 3; "
1750587286404,1750587286404,3118,1,3,4,TMGetLedger,"itype: liTS_CANDIDATE; ledgerHash: ""q|\216``\027\240\206w\312\263+\241\310\271\371\2034\351_\3373\tL\007q_p\342\264_z""; nodeIDs: ""\000\000\000\000\000\000\000\000\000\000\000\000\000\000\000\000\000\000\000\000\000\000\000\000\000\000\000\000\000\000\000\000\000""; queryType: qtINDIRECT; queryDepth: 3; ","itype: liTS_CANDIDATE; ledgerHash: ""q|\216``\027\240\206w\312\263+\241\310\271\371\2034\351_\3373\tL\007q_p\342\264_z""; nodeIDs: ""\000\000\000\000\000\000\000\000\000\000\000\000\000\000\000\000\000\000\000\000\000\000\000\000\000\000\000\000\000\000\000\000\000""; queryType: qtINDIRECT; queryDepth: 3; "
1750587286404,1750587286404,1136,1,3,0,TMGetLedger,"itype: liTS_CANDIDATE; ledgerHash: ""q|\216``\027\240\206w\312\263+\241\310\271\371\2034\351_\3373\tL\007q_p\342\264_z""; nodeIDs: ""\000\000\000\000\000\000\000\000\000\000\000\000\000\000\000\000\000\000\000\000\000\000\000\000\000\000\000\000\000\000\000\000\000""; queryType: qtINDIRECT; queryDepth: 3; ","itype: liTS_CANDIDATE; ledgerHash: ""q|\216``\027\240\206w\312\263+\241\310\271\371\2034\351_\3373\tL\007q_p\342\264_z""; nodeIDs: ""\000\000\000\000\000\000\000\000\000\000\000\000\000\000\000\000\000\000\000\000\000\000\000\000\000\000\000\000\000\000\000\000\000""; queryType: qtINDIRECT; queryDepth: 3; "
1750587286404,1750587286405,2655,1,1,0,TMLedgerData,"ledgerHash: ""q|\216``\027\240\206w\312\263+\241\310\271\371\2034\351_\3373\tL\007q_p\342\264_z""; ledgerSeq: 0; type: liTS_CANDIDATE; nodes {;   nodedata: ""\003S\n\235\2624\346\340\377asq\337\223T\316nL\232)C!\360\245\205[L\224\\351\351\000\247\272\246\2214\014W1\360z\262\252=\343\207'\275\266;\016\021\306\330\030\225\023\357\272\353\200x\221\n\003"";   nodeid: ""\000\000\000\000\000\000\000\000\000\000\000\000\000\000\000\000\000\000\000\000\000\000\000\000\000\000\000\000\000\000\000\000\000""; }; ","ledgerHash: ""q|\216``\027\240\206w\312\263+\241\310\271\371\2034\351_\3373\tL\007q_p\342\264_z""; ledgerSeq: 0; type: liTS_CANDIDATE; nodes {;   nodedata: ""\003S\n\235\2624\346\340\377asq\337\223T\316nL\232)C!\360\245\205[L\224\\351\351\000\247\272\246\2214\014W1\360z\262\252=\343\207'\275\266;\016\021\306\330\030\225\023\357\272\353\200x\221\n\003"";   nodeid: ""\000\000\000\000\000\000\000\000\000\000\000\000\000\000\000\000\000\000\000\000\000\000\000\000\000\000\000\000\000\000\000\000\000""; }; "
1750587286403,1750587286403,2142,1,3,1,TMGetLedger,"itype: liTS_CANDIDATE; ledgerHash: ""q|\216``\027\240\206w\312\263+\241\310\271\371\2034\351_\3373\tL\007q_p\342\264_z""; nodeIDs: ""\000\000\000\000\000\000\000\000\000\000\000\000\000\000\000\000\000\000\000\000\000\000\000\000\000\000\000\000\000\000\000\000\000""; queryType: qtINDIRECT; queryDepth: 3; ","itype: liTS_CANDIDATE; ledgerHash: ""q|\216``\027\240\206w\312\263+\241\310\271\371\2034\351_\3373\tL\007q_p\342\264_z""; nodeIDs: ""\000\000\000\000\000\000\000\000\000\000\000\000\000\000\000\000\000\000\000\000\000\000\000\000\000\000\000\000\000\000\000\000\000""; queryType: qtINDIRECT; queryDepth: 3; "
1750587286484,1750587286485,486,1,4,0,TMLedgerData,"ledgerHash: ""b\001;\355\\351h\305\360*\252j\2470\334[#|\313\3606\207\210\245\372\217RX\333g`K""; ledgerSeq: 0; type: liTS_CANDIDATE; nodes {;   nodedata: "" \245\366\271\024\035\303\242}O\341[\232\374\0350\307\253\205\001\301\216B\031pk\231\004\271\276\265\240\002\003"";   nodeid: ""\000\000\000\000\000\000\000\000\000\000\000\000\000\000\000\000\000\000\000\000\000\000\000\000\000\000\000\000\000\000\000\000\000""; }; ","ledgerHash: ""b\001;\355\\351h\305\360*\252j\2470\334[#|\313\3606\207\210\245\372\217RX\333g`K""; ledgerSeq: 0; type: liTS_CANDIDATE; nodes {;   nodedata: "" \245\366\271\024\035\303\242}O\341[\232\374\0350\307\253\205\001\301\216B\031pk\231\004\271\276\265\240\002\003"";   nodeid: ""\000\000\000\000\000\000\000\000\000\000\000\000\000\000\000\000\000\000\000\000\000\000\000\000\000\000\000\000\000\000\000\000\000""; }; "
1750587286491,1750587286491,342,1,2,1,TMGetLedger,"itype: liTS_CANDIDATE; ledgerHash: ""q|\216``\027\240\206w\312\263+\241\310\271\371\2034\351_\3373\tL\007q_p\342\264_z""; nodeIDs: ""\000\000\000\000\000\000\000\000\000\000\000\000\000\000\000\000\000\000\000\000\000\000\000\000\000\000\000\000\000\000\000\000\000""; queryType: qtINDIRECT; queryDepth: 3; ","itype: liTS_CANDIDATE; ledgerHash: ""q|\216``\027\240\206w\312\263+\241\310\271\371\2034\351_\3373\tL\007q_p\342\264_z""; nodeIDs: ""\000\000\000\000\000\000\000\000\000\000\000\000\000\000\000\000\000\000\000\000\000\000\000\000\000\000\000\000\000\000\000\000\000""; queryType: qtINDIRECT; queryDepth: 3; "
1750587286492,1750587286492,3898,1,2,3,TMGetLedger,"itype: liTS_CANDIDATE; ledgerHash: ""q|\216``\027\240\206w\312\263+\241\310\271\371\2034\351_\3373\tL\007q_p\342\264_z""; nodeIDs: ""\000\000\000\000\000\000\000\000\000\000\000\000\000\000\000\000\000\000\000\000\000\000\000\000\000\000\000\000\000\000\000\000\000""; queryType: qtINDIRECT; queryDepth: 3; ","itype: liTS_CANDIDATE; ledgerHash: ""q|\216``\027\240\206w\312\263+\241\310\271\371\2034\351_\3373\tL\007q_p\342\264_z""; nodeIDs: ""\000\000\000\000\000\000\000\000\000\000\000\000\000\000\000\000\000\000\000\000\000\000\000\000\000\000\000\000\000\000\000\000\000""; queryType: qtINDIRECT; queryDepth: 3; "
1750587286492,1750587286492,499,1,2,4,TMGetLedger,"itype: liTS_CANDIDATE; ledgerHash: ""q|\216``\027\240\206w\312\263+\241\310\271\371\2034\351_\3373\tL\007q_p\342\264_z""; nodeIDs: ""\000\000\000\000\000\000\000\000\000\000\000\000\000\000\000\000\000\000\000\000\000\000\000\000\000\000\000\000\000\000\000\000\000""; queryType: qtINDIRECT; queryDepth: 3; ","itype: liTS_CANDIDATE; ledgerHash: ""q|\216``\027\240\206w\312\263+\241\310\271\371\2034\351_\3373\tL\007q_p\342\264_z""; nodeIDs: ""\000\000\000\000\000\000\000\000\000\000\000\000\000\000\000\000\000\000\000\000\000\000\000\000\000\000\000\000\000\000\000\000\000""; queryType: qtINDIRECT; queryDepth: 3; "
1750587286492,1750587286492,1582,1,2,0,TMGetLedger,"itype: liTS_CANDIDATE; ledgerHash: ""q|\216``\027\240\206w\312\263+\241\310\271\371\2034\351_\3373\tL\007q_p\342\264_z""; nodeIDs: ""\000\000\000\000\000\000\000\000\000\000\000\000\000\000\000\000\000\000\000\000\000\000\000\000\000\000\000\000\000\000\000\000\000""; queryType: qtINDIRECT; queryDepth: 3; ","itype: liTS_CANDIDATE; ledgerHash: ""q|\216``\027\240\206w\312\263+\241\310\271\371\2034\351_\3373\tL\007q_p\342\264_z""; nodeIDs: ""\000\000\000\000\000\000\000\000\000\000\000\000\000\000\000\000\000\000\000\000\000\000\000\000\000\000\000\000\000\000\000\000\000""; queryType: qtINDIRECT; queryDepth: 3; "
1750587286492,1750587286492,557,1,4,1,TMGetLedger,"itype: liTS_CANDIDATE; ledgerHash: ""q|\216``\027\240\206w\312\263+\241\310\271\371\2034\351_\3373\tL\007q_p\342\264_z""; nodeIDs: ""\000\000\000\000\000\000\000\000\000\000\000\000\000\000\000\000\000\000\000\000\000\000\000\000\000\000\000\000\000\000\000\000\000""; requestCookie: 3; queryType: qtINDIRECT; queryDepth: 3; ","itype: liTS_CANDIDATE; ledgerHash: ""q|\216``\027\240\206w\312\263+\241\310\271\371\2034\351_\3373\tL\007q_p\342\264_z""; nodeIDs: ""\000\000\000\000\000\000\000\000\000\000\000\000\000\000\000\000\000\000\000\000\000\000\000\000\000\000\000\000\000\000\000\000\000""; requestCookie: 3; queryType: qtINDIRECT; queryDepth: 3; "
1750587286508,1750587286509,393,1,0,1,TMGetLedger,"itype: liTS_CANDIDATE; ledgerHash: ""q|\216``\027\240\206w\312\263+\241\310\271\371\2034\351_\3373\tL\007q_p\342\264_z""; nodeIDs: ""\000\000\000\000\000\000\000\000\000\000\000\000\000\000\000\000\000\000\000\000\000\000\000\000\000\000\000\000\000\000\000\000\000""; queryType: qtINDIRECT; queryDepth: 3; ","itype: liTS_CANDIDATE; ledgerHash: ""q|\216``\027\240\206w\312\263+\241\310\271\371\2034\351_\3373\tL\007q_p\342\264_z""; nodeIDs: ""\000\000\000\000\000\000\000\000\000\000\000\000\000\000\000\000\000\000\000\000\000\000\000\000\000\000\000\000\000\000\000\000\000""; queryType: qtINDIRECT; queryDepth: 3; "
1750587286509,1750587286510,3414,1,0,2,TMGetLedger,"itype: liTS_CANDIDATE; ledgerHash: ""q|\216``\027\240\206w\312\263+\241\310\271\371\2034\351_\3373\tL\007q_p\342\264_z""; nodeIDs: ""\000\000\000\000\000\000\000\000\000\000\000\000\000\000\000\000\000\000\000\000\000\000\000\000\000\000\000\000\000\000\000\000\000""; queryType: qtINDIRECT; queryDepth: 3; ","itype: liTS_CANDIDATE; ledgerHash: ""q|\216``\027\240\206w\312\263+\241\310\271\371\2034\351_\3373\tL\007q_p\342\264_z""; nodeIDs: ""\000\000\000\000\000\000\000\000\000\000\000\000\000\000\000\000\000\000\000\000\000\000\000\000\000\000\000\000\000\000\000\000\000""; queryType: qtINDIRECT; queryDepth: 3; "
1750587286510,1750587286510,628,1,3,2,TMLedgerData,"ledgerHash: ""\237\231\311\371Y@""\177>\241""\310\233r\315\210Z\003g\334\034\021\305\3353Q\035\224\200\224\347\257""; ledgerSeq: 8; type: liBASE; nodes {;   nodedata: ""\000\000\000\010\001cEx]\211\377\330\311\347s\234ae\204\263\365U\334\372D\354\345\276\201f\035\271%#\375\245\314.""\373\330&\3746\177P.\377\255K\330\362G{!s_\276B\273\031\331\234\023vy$7i\342\243\243\220\021_\222w1E\236\020?0\232H\266\366\033p\353\250\025\255\235\310\215\275\032\005\371R<p\240.\2618\277/\352\224\010/\352\224\020\n\000""; }; nodes {;   nodedata: ""h\315\350\215y\203\242]\371\235\232Pt&\325\210eZ\346\237XZ \277\2457n\221\336\253\245\317\002G)\346n?\227\005Y\336\276m\244>\014/\353)\343S\223\201\230\250\301d\027c\001\302\ris\006E\344\037@\210\363\010\336T\226\247'\204_{\261\370""1\235\2445\343\033Y!\212\201\341\272\225'\007\f\n0\233\306>\377~V|O\232@\324_\273\232o\\235\370\234IE\333\255j\001\361\204%\n\265\022\035W\277\033\265pM\027\313x\327iNP(O\216Pk&\235\336\223\217\374\212\253\322w\362\013\210`4\253""\302f\230\374\037bx\0145C\307\337\316[\244d\302\3031\347\300\025aX\357\226\221\016\003""; }; nodes {;   nodedata: ""f\225yM\014\263\225\204\377[\235\030P4BO\343Z\264\3646\307\304\177\327\n\261+$r\257\263\n\003""; }; ","ledgerHash: ""\237\231\311\371Y@""\177>\241""\310\233r\315\210Z\003g\334\034\021\305\3353Q\035\224\200\224\347\257""; ledgerSeq: 8; type: liBASE; nodes {;   nodedata: ""\000\000\000\010\001cEx]\211\377\330\311\347s\234ae\204\263\365U\334\372D\354\345\276\201f\035\271%#\375\245\314.""\373\330&\3746\177P.\377\255K\330\362G{!s_\276B\273\031\331\234\023vy$7i\342\243\243\220\021_\222w1E\236\020?0\232H\266\366\033p\353\250\025\255\235\310\215\275\032\005\371R<p\240.\2618\277/\352\224\010/\352\224\020\n\000""; }; nodes {;   nodedata: ""h\315\350\215y\203\242]\371\235\232Pt&\325\210eZ\346\237XZ \277\2457n\221\336\253\245\317\002G)\346n?\227\005Y\336\276m\244>\014/\353)\343S\223\201\230\250\301d\027c\001\302\ris\006E\344\037@\210\363\010\336T\226\247'\204_{\261\370""1\235\2445\343\033Y!\212\201\341\272\225'\007\f\n0\233\306>\377~V|O\232@\324_\273\232o\\235\370\234IE\333\255j\001\361\204%\n\265\022\035W\277\033\265pM\027\313x\327iNP(O\216Pk&\235\336\223\217\374\212\253\322w\362\013\210`4\253""\302f\230\374\037bx\0145C\307\337\316[\244d\302\3031\347\300\025aX\357\226\221\016\003""; }; nodes {;   nodedata: ""f\225yM\014\263\225\204\377[\235\030P4BO\343Z\264\3646\307\304\177\327\n\261+$r\257\263\n\003""; }; "
1750587286510,1750587286510,1466,1,0,4,TMGetLedger,"itype: liTS_CANDIDATE; ledgerHash: ""q|\216``\027\240\206w\312\263+\241\310\271\371\2034\351_\3373\tL\007q_p\342\264_z""; nodeIDs: ""\000\000\000\000\000\000\000\000\000\000\000\000\000\000\000\000\000\000\000\000\000\000\000\000\000\000\000\000\000\000\000\000\000""; queryType: qtINDIRECT; queryDepth: 3; ","itype: liTS_CANDIDATE; ledgerHash: ""q|\216``\027\240\206w\312\263+\241\310\271\371\2034\351_\3373\tL\007q_p\342\264_z""; nodeIDs: ""\000\000\000\000\000\000\000\000\000\000\000\000\000\000\000\000\000\000\000\000\000\000\000\000\000\000\000\000\000\000\000\000\000""; queryType: qtINDIRECT; queryDepth: 3; "
1750587286510,1750587286510,1764,1,0,3,TMGetLedger,"itype: liTS_CANDIDATE; ledgerHash: ""q|\216``\027\240\206w\312\263+\241\310\271\371\2034\351_\3373\tL\007q_p\342\264_z""; nodeIDs: ""\000\000\000\000\000\000\000\000\000\000\000\000\000\000\000\000\000\000\000\000\000\000\000\000\000\000\000\000\000\000\000\000\000""; queryType: qtINDIRECT; queryDepth: 3; ","itype: liTS_CANDIDATE; ledgerHash: ""q|\216``\027\240\206w\312\263+\241\310\271\371\2034\351_\3373\tL\007q_p\342\264_z""; nodeIDs: ""\000\000\000\000\000\000\000\000\000\000\000\000\000\000\000\000\000\000\000\000\000\000\000\000\000\000\000\000\000\000\000\000\000""; queryType: qtINDIRECT; queryDepth: 3; "
1750587286514,1750587286514,2565,1,3,0,TMLedgerData,"ledgerHash: ""b\001;\355\\351h\305\360*\252j\2470\334[#|\313\3606\207\210\245\372\217RX\333g`K""; ledgerSeq: 0; type: liTS_CANDIDATE; nodes {;   nodedata: "" \245\366\271\024\035\303\242}O\341[\232\374\0350\307\253\205\001\301\216B\031pk\231\004\271\276\265\240\002\003"";   nodeid: ""\000\000\000\000\000\000\000\000\000\000\000\000\000\000\000\000\000\000\000\000\000\000\000\000\000\000\000\000\000\000\000\000\000""; }; ","ledgerHash: ""b\001;\355\\351h\305\360*\252j\2470\334[#|\313\3606\207\210\245\372\217RX\333g`K""; ledgerSeq: 0; type: liTS_CANDIDATE; nodes {;   nodedata: "" \245\366\271\024\035\303\242}O\341[\232\374\0350\307\253\205\001\301\216B\031pk\231\004\271\276\265\240\002\003"";   nodeid: ""\000\000\000\000\000\000\000\000\000\000\000\000\000\000\000\000\000\000\000\000\000\000\000\000\000\000\000\000\000\000\000\000\000""; }; "
1750587286535,1750587286535,1743,1,2,4,TMLedgerData,"ledgerHash: ""\007\347lg\346B\270\350\352\375\266\371?(\361\364\365I|\375\262>\230(\333\250\331\007\360U\024\027""; ledgerSeq: 0; type: liTS_CANDIDATE; nodes {;   nodedata: ""\003S\n\235\2624\346\340\377asq\337\223T\316nL\232)C!\360\245\205[L\224\\351\351\000\003"";   nodeid: ""\000\000\000\000\000\000\000\000\000\000\000\000\000\000\000\000\000\000\000\000\000\000\000\000\000\000\000\000\000\000\000\000\000""; }; ","ledgerHash: ""\007\347lg\346B\270\350\352\375\266\371?(\361\364\365I|\375\262>\230(\333\250\331\007\360U\024\027""; ledgerSeq: 0; type: liTS_CANDIDATE; nodes {;   nodedata: ""\003S\n\235\2624\346\340\377asq\337\223T\316nL\232)C!\360\245\205[L\224\\351\351\000\003"";   nodeid: ""\000\000\000\000\000\000\000\000\000\000\000\000\000\000\000\000\000\000\000\000\000\000\000\000\000\000\000\000\000\000\000\000\000""; }; "
1750587286537,1750587286537,3520,1,3,1,TMLedgerData,"ledgerHash: ""\237\231\311\371Y@""\177>\241""\310\233r\315\210Z\003g\334\034\021\305\3353Q\035\224\200\224\347\257""; ledgerSeq: 8; type: liBASE; nodes {;   nodedata: ""\000\000\000\010\001cEx]\211\377\330\311\347s\234ae\204\263\365U\334\372D\354\345\276\201f\035\271%#\375\245\314.""\373\330&\3746\177P.\377\255K\330\362G{!s_\276B\273\031\331\234\023vy$7i\342\243\243\220\021_\222w1E\236\020?0\232H\266\366\033p\353\250\025\255\235\310\215\275\032\005\371R<p\240.\2618\277/\352\224\010/\352\224\020\n\000""; }; nodes {;   nodedata: ""h\315\350\215y\203\242]\371\235\232Pt&\325\210eZ\346\237XZ \277\2457n\221\336\253\245\317\002G)\346n?\227\005Y\336\276m\244>\014/\353)\343S\223\201\230\250\301d\027c\001\302\ris\006E\344\037@\210\363\010\336T\226\247'\204_{\261\370""1\235\2445\343\033Y!\212\201\341\272\225'\007\f\n0\233\306>\377~V|O\232@\324_\273\232o\\235\370\234IE\333\255j\001\361\204%\n\265\022\035W\277\033\265pM\027\313x\327iNP(O\216Pk&\235\336\223\217\374\212\253\322w\362\013\210`4\253""\302f\230\374\037bx\0145C\307\337\316[\244d\302\3031\347\300\025aX\357\226\221\016\003""; }; nodes {;   nodedata: ""f\225yM\014\263\225\204\377[\235\030P4BO\343Z\264\3646\307\304\177\327\n\261+$r\257\263\n\003""; }; requestCookie: 3; ","ledgerHash: ""\237\231\311\371Y@""\177>\241""\310\233r\315\210Z\003g\334\034\021\305\3353Q\035\224\200\224\347\257""; ledgerSeq: 8; type: liBASE; nodes {;   nodedata: ""\000\000\000\010\001cEx]\211\377\330\311\347s\234ae\204\263\365U\334\372D\354\345\276\201f\035\271%#\375\245\314.""\373\330&\3746\177P.\377\255K\330\362G{!s_\276B\273\031\331\234\023vy$7i\342\243\243\220\021_\222w1E\236\020?0\232H\266\366\033p\353\250\025\255\235\310\215\275\032\005\371R<p\240.\2618\277/\352\224\010/\352\224\020\n\000""; }; nodes {;   nodedata: ""h\315\350\215y\203\242]\371\235\232Pt&\325\210eZ\346\237XZ \277\2457n\221\336\253\245\317\002G)\346n?\227\005Y\336\276m\244>\014/\353)\343S\223\201\230\250\301d\027c\001\302\ris\006E\344\037@\210\363\010\336T\226\247'\204_{\261\370""1\235\2445\343\033Y!\212\201\341\272\225'\007\f\n0\233\306>\377~V|O\232@\324_\273\232o\\235\370\234IE\333\255j\001\361\204%\n\265\022\035W\277\033\265pM\027\313x\327iNP(O\216Pk&\235\336\223\217\374\212\253\322w\362\013\210`4\253""\302f\230\374\037bx\0145C\307\337\316[\244d\302\3031\347\300\025aX\357\226\221\016\003""; }; nodes {;   nodedata: ""f\225yM\014\263\225\204\377[\235\030P4BO\343Z\264\3646\307\304\177\327\n\261+$r\257\263\n\003""; }; requestCookie: 3; "
1750587286550,1750587286550,2715,1,1,4,TMLedgerData,"ledgerHash: ""q|\216``\027\240\206w\312\263+\241\310\271\371\2034\351_\3373\tL\007q_p\342\264_z""; ledgerSeq: 0; type: liTS_CANDIDATE; nodes {;   nodedata: ""\003S\n\235\2624\346\340\377asq\337\223T\316nL\232)C!\360\245\205[L\224\\351\351\000\247\272\246\2214\014W1\360z\262\252=\343\207'\275\266;\016\021\306\330\030\225\023\357\272\353\200x\221\n\003"";   nodeid: ""\000\000\000\000\000\000\000\000\000\000\000\000\000\000\000\000\000\000\000\000\000\000\000\000\000\000\000\000\000\000\000\000\000""; }; requestCookie: 3; ","ledgerHash: ""q|\216``\027\240\206w\312\263+\241\310\271\371\2034\351_\3373\tL\007q_p\342\264_z""; ledgerSeq: 0; type: liTS_CANDIDATE; nodes {;   nodedata: ""\003S\n\235\2624\346\340\377asq\337\223T\316nL\232)C!\360\245\205[L\224\\351\351\000\247\272\246\2214\014W1\360z\262\252=\343\207'\275\266;\016\021\306\330\030\225\023\357\272\353\200x\221\n\003"";   nodeid: ""\000\000\000\000\000\000\000\000\000\000\000\000\000\000\000\000\000\000\000\000\000\000\000\000\000\000\000\000\000\000\000\000\000""; }; requestCookie: 3; "
1750587286567,1750587286567,769,1,4,0,TMGetLedger,"itype: liBASE; ledgerHash: ""\237\231\311\371Y@""\177>\241""\310\233r\315\210Z\003g\334\034\021\305\3353Q\035\224\200\224\347\257""; requestCookie: 2; queryType: qtINDIRECT; ","itype: liBASE; ledgerHash: ""\237\231\311\371Y@""\177>\241""\310\233r\315\210Z\003g\334\034\021\305\3353Q\035\224\200\224\347\257""; requestCookie: 2; queryType: qtINDIRECT; "
1750587286585,1750587286585,2472,1,1,2,TMLedgerData,"ledgerHash: ""q|\216``\027\240\206w\312\263+\241\310\271\371\2034\351_\3373\tL\007q_p\342\264_z""; ledgerSeq: 0; type: liTS_CANDIDATE; nodes {;   nodedata: ""\003S\n\235\2624\346\340\377asq\337\223T\316nL\232)C!\360\245\205[L\224\\351\351\000\247\272\246\2214\014W1\360z\262\252=\343\207'\275\266;\016\021\306\330\030\225\023\357\272\353\200x\221\n\003"";   nodeid: ""\000\000\000\000\000\000\000\000\000\000\000\000\000\000\000\000\000\000\000\000\000\000\000\000\000\000\000\000\000\000\000\000\000""; }; ","ledgerHash: ""q|\216``\027\240\206w\312\263+\241\310\271\371\2034\351_\3373\tL\007q_p\342\264_z""; ledgerSeq: 0; type: liTS_CANDIDATE; nodes {;   nodedata: ""\003S\n\235\2624\346\340\377asq\337\223T\316nL\232)C!\360\245\205[L\224\\351\351\000\247\272\246\2214\014W1\360z\262\252=\343\207'\275\266;\016\021\306\330\030\225\023\357\272\353\200x\221\n\003"";   nodeid: ""\000\000\000\000\000\000\000\000\000\000\000\000\000\000\000\000\000\000\000\000\000\000\000\000\000\000\000\000\000\000\000\000\000""; }; "
1750587286612,1750587286612,2565,1,3,0,TMLedgerData,"ledgerHash: ""b\001;\355\\351h\305\360*\252j\2470\334[#|\313\3606\207\210\245\372\217RX\333g`K""; ledgerSeq: 0; type: liTS_CANDIDATE; nodes {;   nodedata: "" \245\366\271\024\035\303\242}O\341[\232\374\0350\307\253\205\001\301\216B\031pk\231\004\271\276\265\240\002\003"";   nodeid: ""\000\000\000\000\000\000\000\000\000\000\000\000\000\000\000\000\000\000\000\000\000\000\000\000\000\000\000\000\000\000\000\000\000""; }; ","ledgerHash: ""b\001;\355\\351h\305\360*\252j\2470\334[#|\313\3606\207\210\245\372\217RX\333g`K""; ledgerSeq: 0; type: liTS_CANDIDATE; nodes {;   nodedata: "" \245\366\271\024\035\303\242}O\341[\232\374\0350\307\253\205\001\301\216B\031pk\231\004\271\276\265\240\002\003"";   nodeid: ""\000\000\000\000\000\000\000\000\000\000\000\000\000\000\000\000\000\000\000\000\000\000\000\000\000\000\000\000\000\000\000\000\000""; }; "
1750587286645,1750587286645,1743,1,2,4,TMLedgerData,"ledgerHash: ""\237\231\311\371Y@""\177>\241""\310\233r\315\210Z\003g\334\034\021\305\3353Q\035\224\200\224\347\257""; ledgerSeq: 8; type: liBASE; nodes {;   nodedata: ""\000\000\000\010\001cEx]\211\377\330\311\347s\234ae\204\263\365U\334\372D\354\345\276\201f\035\271%#\375\245\314.""\373\330&\3746\177P.\377\255K\330\362G{!s_\276B\273\031\331\234\023vy$7i\342\243\243\220\021_\222w1E\236\020?0\232H\266\366\033p\353\250\025\255\235\310\215\275\032\005\371R<p\240.\2618\277/\352\224\010/\352\224\020\n\000""; }; nodes {;   nodedata: ""h\315\350\215y\203\242]\371\235\232Pt&\325\210eZ\346\237XZ \277\2457n\221\336\253\245\317\002G)\346n?\227\005Y\336\276m\244>\014/\353)\343S\223\201\230\250\301d\027c\001\302\ris\006E\344\037@\210\363\010\336T\226\247'\204_{\261\370""1\235\2445\343\033Y!\212\201\341\272\225'\007\f\n0\233\306>\377~V|O\232@\324_\273\232o\\235\370\234IE\333\255j\001\361\204%\n\265\022\035W\277\033\265pM\027\313x\327iNP(O\216Pk&\235\336\223\217\374\212\253\322w\362\013\210`4\253""\302f\230\374\037bx\0145C\307\337\316[\244d\302\3031\347\300\025aX\357\226\221\016\003""; }; nodes {;   nodedata: ""f\225yM\014\263\225\204\377[\235\030P4BO\343Z\264\3646\307\304\177\327\n\261+$r\257\263\n\003""; }; ","ledgerHash: ""\237\231\311\371Y@""\177>\241""\310\233r\315\210Z\003g\334\034\021\305\3353Q\035\224\200\224\347\257""; ledgerSeq: 8; type: liBASE; nodes {;   nodedata: ""\000\000\000\010\001cEx]\211\377\330\311\347s\234ae\204\263\365U\334\372D\354\345\276\201f\035\271%#\375\245\314.""\373\330&\3746\177P.\377\255K\330\362G{!s_\276B\273\031\331\234\023vy$7i\342\243\243\220\021_\222w1E\236\020?0\232H\266\366\033p\353\250\025\255\235\310\215\275\032\005\371R<p\240.\2618\277/\352\224\010/\352\224\020\n\000""; }; nodes {;   nodedata: ""h\315\350\215y\203\242]\371\235\232Pt&\325\210eZ\346\237XZ \277\2457n\221\336\253\245\317\002G)\346n?\227\005Y\336\276m\244>\014/\353)\343S\223\201\230\250\301d\027c\001\302\ris\006E\344\037@\210\363\010\336T\226\247'\204_{\261\370""1\235\2445\343\033Y!\212\201\341\272\225'\007\f\n0\233\306>\377~V|O\232@\324_\273\232o\\235\370\234IE\333\255j\001\361\204%\n\265\022\035W\277\033\265pM\027\313x\327iNP(O\216Pk&\235\336\223\217\374\212\253\322w\362\013\210`4\253""\302f\230\374\037bx\0145C\307\337\316[\244d\302\3031\347\300\025aX\357\226\221\016\003""; }; nodes {;   nodedata: ""f\225yM\014\263\225\204\377[\235\030P4BO\343Z\264\3646\307\304\177\327\n\261+$r\257\263\n\003""; }; "
1750587286653,1750587286653,2142,1,3,1,TMGetLedger,"itype: liTS_CANDIDATE; ledgerHash: ""q|\216``\027\240\206w\312\263+\241\310\271\371\2034\351_\3373\tL\007q_p\342\264_z""; nodeIDs: ""\000\000\000\000\000\000\000\000\000\000\000\000\000\000\000\000\000\000\000\000\000\000\000\000\000\000\000\000\000\000\000\000\000""; queryType: qtINDIRECT; queryDepth: 3; ","itype: liTS_CANDIDATE; ledgerHash: ""q|\216``\027\240\206w\312\263+\241\310\271\371\2034\351_\3373\tL\007q_p\342\264_z""; nodeIDs: ""\000\000\000\000\000\000\000\000\000\000\000\000\000\000\000\000\000\000\000\000\000\000\000\000\000\000\000\000\000\000\000\000\000""; queryType: qtINDIRECT; queryDepth: 3; "
1750587286655,1750587286655,3118,1,3,4,TMGetLedger,"itype: liTS_CANDIDATE; ledgerHash: ""q|\216``\027\240\206w\312\263+\241\310\271\371\2034\351_\3373\tL\007q_p\342\264_z""; nodeIDs: ""\000\000\000\000\000\000\000\000\000\000\000\000\000\000\000\000\000\000\000\000\000\000\000\000\000\000\000\000\000\000\000\000\000""; queryType: qtINDIRECT; queryDepth: 3; ","itype: liTS_CANDIDATE; ledgerHash: ""q|\216``\027\240\206w\312\263+\241\310\271\371\2034\351_\3373\tL\007q_p\342\264_z""; nodeIDs: ""\000\000\000\000\000\000\000\000\000\000\000\000\000\000\000\000\000\000\000\000\000\000\000\000\000\000\000\000\000\000\000\000\000""; queryType: qtINDIRECT; queryDepth: 3; "
1750587286654,1750587286654,1136,1,3,0,TMGetLedger,"itype: liTS_CANDIDATE; ledgerHash: ""q|\216``\027\240\206w\312\263+\241\310\271\371\2034\351_\3373\tL\007q_p\342\264_z""; nodeIDs: ""\000\000\000\000\000\000\000\000\000\000\000\000\000\000\000\000\000\000\000\000\000\000\000\000\000\000\000\000\000\000\000\000\000""; queryType: qtINDIRECT; queryDepth: 3; ","itype: liTS_CANDIDATE; ledgerHash: ""q|\216``\027\240\206w\312\263+\241\310\271\371\2034\351_\3373\tL\007q_p\342\264_z""; nodeIDs: ""\000\000\000\000\000\000\000\000\000\000\000\000\000\000\000\000\000\000\000\000\000\000\000\000\000\000\000\000\000\000\000\000\000""; queryType: qtINDIRECT; queryDepth: 3; "
1750587286655,1750587286656,1590,1,3,2,TMGetLedger,"itype: liTS_CANDIDATE; ledgerHash: ""q|\216``\027\240\206w\312\263+\241\310\271\371\2034\351_\3373\tL\007q_p\342\264_z""; nodeIDs: ""\000\000\000\000\000\000\000\000\000\000\000\000\000\000\000\000\000\000\000\000\000\000\000\000\000\000\000\000\000\000\000\000\000""; queryType: qtINDIRECT; queryDepth: 3; ","itype: liTS_CANDIDATE; ledgerHash: ""q|\216``\027\240\206w\312\263+\241\310\271\371\2034\351_\3373\tL\007q_p\342\264_z""; nodeIDs: ""\000\000\000\000\000\000\000\000\000\000\000\000\000\000\000\000\000\000\000\000\000\000\000\000\000\000\000\000\000\000\000\000\000""; queryType: qtINDIRECT; queryDepth: 3; "
1750587286656,1750587286656,2655,1,1,0,TMLedgerData,"ledgerHash: ""q|\216``\027\240\206w\312\263+\241\310\271\371\2034\351_\3373\tL\007q_p\342\264_z""; ledgerSeq: 0; type: liTS_CANDIDATE; nodes {;   nodedata: ""\003S\n\235\2624\346\340\377asq\337\223T\316nL\232)C!\360\245\205[L\224\\351\351\000\247\272\246\2214\014W1\360z\262\252=\343\207'\275\266;\016\021\306\330\030\225\023\357\272\353\200x\221\n\003"";   nodeid: ""\000\000\000\000\000\000\000\000\000\000\000\000\000\000\000\000\000\000\000\000\000\000\000\000\000\000\000\000\000\000\000\000\000""; }; ","ledgerHash: ""q|\216``\027\240\206w\312\263+\241\310\271\371\2034\351_\3373\tL\007q_p\342\264_z""; ledgerSeq: 0; type: liTS_CANDIDATE; nodes {;   nodedata: ""\003S\n\235\2624\346\340\377asq\337\223T\316nL\232)C!\360\245\205[L\224\\351\351\000\247\272\246\2214\014W1\360z\262\252=\343\207'\275\266;\016\021\306\330\030\225\023\357\272\353\200x\221\n\003"";   nodeid: ""\000\000\000\000\000\000\000\000\000\000\000\000\000\000\000\000\000\000\000\000\000\000\000\000\000\000\000\000\000\000\000\000\000""; }; "
1750587286742,1750587286743,342,1,2,1,TMGetLedger,"itype: liTS_CANDIDATE; ledgerHash: ""q|\216``\027\240\206w\312\263+\241\310\271\371\2034\351_\3373\tL\007q_p\342\264_z""; nodeIDs: ""\000\000\000\000\000\000\000\000\000\000\000\000\000\000\000\000\000\000\000\000\000\000\000\000\000\000\000\000\000\000\000\000\000""; queryType: qtINDIRECT; queryDepth: 3; ","itype: liTS_CANDIDATE; ledgerHash: ""q|\216``\027\240\206w\312\263+\241\310\271\371\2034\351_\3373\tL\007q_p\342\264_z""; nodeIDs: ""\000\000\000\000\000\000\000\000\000\000\000\000\000\000\000\000\000\000\000\000\000\000\000\000\000\000\000\000\000\000\000\000\000""; queryType: qtINDIRECT; queryDepth: 3; "
1750587286744,1750587286744,3898,1,2,3,TMGetLedger,"itype: liTS_CANDIDATE; ledgerHash: ""q|\216``\027\240\206w\312\263+\241\310\271\371\2034\351_\3373\tL\007q_p\342\264_z""; nodeIDs: ""\000\000\000\000\000\000\000\000\000\000\000\000\000\000\000\000\000\000\000\000\000\000\000\000\000\000\000\000\000\000\000\000\000""; queryType: qtINDIRECT; queryDepth: 3; ","itype: liTS_CANDIDATE; ledgerHash: ""q|\216``\027\240\206w\312\263+\241\310\271\371\2034\351_\3373\tL\007q_p\342\264_z""; nodeIDs: ""\000\000\000\000\000\000\000\000\000\000\000\000\000\000\000\000\000\000\000\000\000\000\000\000\000\000\000\000\000\000\000\000\000""; queryType: qtINDIRECT; queryDepth: 3; "
1750587286743,1750587286743,557,1,4,1,TMGetLedger,"itype: liTS_CANDIDATE; ledgerHash: ""q|\216``\027\240\206w\312\263+\241\310\271\371\2034\351_\3373\tL\007q_p\342\264_z""; nodeIDs: ""\000\000\000\000\000\000\000\000\000\000\000\000\000\000\000\000\000\000\000\000\000\000\000\000\000\000\000\000\000\000\000\000\000""; requestCookie: 3; queryType: qtINDIRECT; queryDepth: 3; ","itype: liTS_CANDIDATE; ledgerHash: ""q|\216``\027\240\206w\312\263+\241\310\271\371\2034\351_\3373\tL\007q_p\342\264_z""; nodeIDs: ""\000\000\000\000\000\000\000\000\000\000\000\000\000\000\000\000\000\000\000\000\000\000\000\000\000\000\000\000\000\000\000\000\000""; requestCookie: 3; queryType: qtINDIRECT; queryDepth: 3; "
1750587286743,1750587286743,499,1,2,4,TMGetLedger,"itype: liTS_CANDIDATE; ledgerHash: ""q|\216``\027\240\206w\312\263+\241\310\271\371\2034\351_\3373\tL\007q_p\342\264_z""; nodeIDs: ""\000\000\000\000\000\000\000\000\000\000\000\000\000\000\000\000\000\000\000\000\000\000\000\000\000\000\000\000\000\000\000\000\000""; queryType: qtINDIRECT; queryDepth: 3; ","itype: liTS_CANDIDATE; ledgerHash: ""q|\216``\027\240\206w\312\263+\241\310\271\371\2034\351_\3373\tL\007q_p\342\264_z""; nodeIDs: ""\000\000\000\000\000\000\000\000\000\000\000\000\000\000\000\000\000\000\000\000\000\000\000\000\000\000\000\000\000\000\000\000\000""; queryType: qtINDIRECT; queryDepth: 3; "
1750587286743,1750587286743,1582,1,2,0,TMGetLedger,"itype: liTS_CANDIDATE; ledgerHash: ""q|\216``\027\240\206w\312\263+\241\310\271\371\2034\351_\3373\tL\007q_p\342\264_z""; nodeIDs: ""\000\000\000\000\000\000\000\000\000\000\000\000\000\000\000\000\000\000\000\000\000\000\000\000\000\000\000\000\000\000\000\000\000""; queryType: qtINDIRECT; queryDepth: 3; ","itype: liTS_CANDIDATE; ledgerHash: ""q|\216``\027\240\206w\312\263+\241\310\271\371\2034\351_\3373\tL\007q_p\342\264_z""; nodeIDs: ""\000\000\000\000\000\000\000\000\000\000\000\000\000\000\000\000\000\000\000\000\000\000\000\000\000\000\000\000\000\000\000\000\000""; queryType: qtINDIRECT; queryDepth: 3; "
1750587286759,1750587286759,3414,1,0,2,TMGetLedger,"itype: liTS_CANDIDATE; ledgerHash: ""q|\216``\027\240\206w\312\263+\241\310\271\371\2034\351_\3373\tL\007q_p\342\264_z""; nodeIDs: ""\000\000\000\000\000\000\000\000\000\000\000\000\000\000\000\000\000\000\000\000\000\000\000\000\000\000\000\000\000\000\000\000\000""; queryType: qtINDIRECT; queryDepth: 3; ","itype: liTS_CANDIDATE; ledgerHash: ""q|\216``\027\240\206w\312\263+\241\310\271\371\2034\351_\3373\tL\007q_p\342\264_z""; nodeIDs: ""\000\000\000\000\000\000\000\000\000\000\000\000\000\000\000\000\000\000\000\000\000\000\000\000\000\000\000\000\000\000\000\000\000""; queryType: qtINDIRECT; queryDepth: 3; "
1750587286760,1750587286760,1764,1,0,3,TMGetLedger,"itype: liTS_CANDIDATE; ledgerHash: ""q|\216``\027\240\206w\312\263+\241\310\271\371\2034\351_\3373\tL\007q_p\342\264_z""; nodeIDs: ""\000\000\000\000\000\000\000\000\000\000\000\000\000\000\000\000\000\000\000\000\000\000\000\000\000\000\000\000\000\000\000\000\000""; queryType: qtINDIRECT; queryDepth: 3; ","itype: liTS_CANDIDATE; ledgerHash: ""q|\216``\027\240\206w\312\263+\241\310\271\371\2034\351_\3373\tL\007q_p\342\264_z""; nodeIDs: ""\000\000\000\000\000\000\000\000\000\000\000\000\000\000\000\000\000\000\000\000\000\000\000\000\000\000\000\000\000\000\000\000\000""; queryType: qtINDIRECT; queryDepth: 3; "
1750587286760,1750587286760,1466,1,0,4,TMGetLedger,"itype: liTS_CANDIDATE; ledgerHash: ""q|\216``\027\240\206w\312\263+\241\310\271\371\2034\351_\3373\tL\007q_p\342\264_z""; nodeIDs: ""\000\000\000\000\000\000\000\000\000\000\000\000\000\000\000\000\000\000\000\000\000\000\000\000\000\000\000\000\000\000\000\000\000""; queryType: qtINDIRECT; queryDepth: 3; ","itype: liTS_CANDIDATE; ledgerHash: ""q|\216``\027\240\206w\312\263+\241\310\271\371\2034\351_\3373\tL\007q_p\342\264_z""; nodeIDs: ""\000\000\000\000\000\000\000\000\000\000\000\000\000\000\000\000\000\000\000\000\000\000\000\000\000\000\000\000\000\000\000\000\000""; queryType: qtINDIRECT; queryDepth: 3; "
1750587286760,1750587286760,393,1,0,1,TMGetLedger,"itype: liTS_CANDIDATE; ledgerHash: ""q|\216``\027\240\206w\312\263+\241\310\271\371\2034\351_\3373\tL\007q_p\342\264_z""; nodeIDs: ""\000\000\000\000\000\000\000\000\000\000\000\000\000\000\000\000\000\000\000\000\000\000\000\000\000\000\000\000\000\000\000\000\000""; queryType: qtINDIRECT; queryDepth: 3; ","itype: liTS_CANDIDATE; ledgerHash: ""q|\216``\027\240\206w\312\263+\241\310\271\371\2034\351_\3373\tL\007q_p\342\264_z""; nodeIDs: ""\000\000\000\000\000\000\000\000\000\000\000\000\000\000\000\000\000\000\000\000\000\000\000\000\000\000\000\000\000\000\000\000\000""; queryType: qtINDIRECT; queryDepth: 3; "
1750587286784,1750587286784,1743,1,2,4,TMLedgerData,"ledgerHash: ""\007\347lg\346B\270\350\352\375\266\371?(\361\364\365I|\375\262>\230(\333\250\331\007\360U\024\027""; ledgerSeq: 0; type: liTS_CANDIDATE; nodes {;   nodedata: ""\003S\n\235\2624\346\340\377asq\337\223T\316nL\232)C!\360\245\205[L\224\\351\351\000\003"";   nodeid: ""\000\000\000\000\000\000\000\000\000\000\000\000\000\000\000\000\000\000\000\000\000\000\000\000\000\000\000\000\000\000\000\000\000""; }; ","ledgerHash: ""\007\347lg\346B\270\350\352\375\266\371?(\361\364\365I|\375\262>\230(\333\250\331\007\360U\024\027""; ledgerSeq: 0; type: liTS_CANDIDATE; nodes {;   nodedata: ""\003S\n\235\2624\346\340\377asq\337\223T\316nL\232)C!\360\245\205[L\224\\351\351\000\003"";   nodeid: ""\000\000\000\000\000\000\000\000\000\000\000\000\000\000\000\000\000\000\000\000\000\000\000\000\000\000\000\000\000\000\000\000\000""; }; "
1750587286794,1750587286794,486,1,4,0,TMLedgerData,"ledgerHash: ""b\001;\355\\351h\305\360*\252j\2470\334[#|\313\3606\207\210\245\372\217RX\333g`K""; ledgerSeq: 0; type: liTS_CANDIDATE; nodes {;   nodedata: "" \245\366\271\024\035\303\242}O\341[\232\374\0350\307\253\205\001\301\216B\031pk\231\004\271\276\265\240\002\003"";   nodeid: ""\000\000\000\000\000\000\000\000\000\000\000\000\000\000\000\000\000\000\000\000\000\000\000\000\000\000\000\000\000\000\000\000\000""; }; ","ledgerHash: ""b\001;\355\\351h\305\360*\252j\2470\334[#|\313\3606\207\210\245\372\217RX\333g`K""; ledgerSeq: 0; type: liTS_CANDIDATE; nodes {;   nodedata: "" \245\366\271\024\035\303\242}O\341[\232\374\0350\307\253\205\001\301\216B\031pk\231\004\271\276\265\240\002\003"";   nodeid: ""\000\000\000\000\000\000\000\000\000\000\000\000\000\000\000\000\000\000\000\000\000\000\000\000\000\000\000\000\000\000\000\000\000""; }; "
1750587286801,1750587286801,2715,1,1,4,TMLedgerData,"ledgerHash: ""q|\216``\027\240\206w\312\263+\241\310\271\371\2034\351_\3373\tL\007q_p\342\264_z""; ledgerSeq: 0; type: liTS_CANDIDATE; nodes {;   nodedata: ""\003S\n\235\2624\346\340\377asq\337\223T\316nL\232)C!\360\245\205[L\224\\351\351\000\247\272\246\2214\014W1\360z\262\252=\343\207'\275\266;\016\021\306\330\030\225\023\357\272\353\200x\221\n\003"";   nodeid: ""\000\000\000\000\000\000\000\000\000\000\000\000\000\000\000\000\000\000\000\000\000\000\000\000\000\000\000\000\000\000\000\000\000""; }; requestCookie: 3; ","ledgerHash: ""q|\216``\027\240\206w\312\263+\241\310\271\371\2034\351_\3373\tL\007q_p\342\264_z""; ledgerSeq: 0; type: liTS_CANDIDATE; nodes {;   nodedata: ""\003S\n\235\2624\346\340\377asq\337\223T\316nL\232)C!\360\245\205[L\224\\351\351\000\247\272\246\2214\014W1\360z\262\252=\343\207'\275\266;\016\021\306\330\030\225\023\357\272\353\200x\221\n\003"";   nodeid: ""\000\000\000\000\000\000\000\000\000\000\000\000\000\000\000\000\000\000\000\000\000\000\000\000\000\000\000\000\000\000\000\000\000""; }; requestCookie: 3; "
1750587286824,1750587286824,393,1,0,1,TMGetLedger,"itype: liTS_CANDIDATE; ledgerHash: ""q|\216``\027\240\206w\312\263+\241\310\271\371\2034\351_\3373\tL\007q_p\342\264_z""; nodeIDs: ""\000\000\000\000\000\000\000\000\000\000\000\000\000\000\000\000\000\000\000\000\000\000\000\000\000\000\000\000\000\000\000\000\000""; requestCookie: 3; queryType: qtINDIRECT; queryDepth: 3; ","itype: liTS_CANDIDATE; ledgerHash: ""q|\216``\027\240\206w\312\263+\241\310\271\371\2034\351_\3373\tL\007q_p\342\264_z""; nodeIDs: ""\000\000\000\000\000\000\000\000\000\000\000\000\000\000\000\000\000\000\000\000\000\000\000\000\000\000\000\000\000\000\000\000\000""; requestCookie: 3; queryType: qtINDIRECT; queryDepth: 3; "
1750587286835,1750587286835,2472,1,1,2,TMLedgerData,"ledgerHash: ""q|\216``\027\240\206w\312\263+\241\310\271\371\2034\351_\3373\tL\007q_p\342\264_z""; ledgerSeq: 0; type: liTS_CANDIDATE; nodes {;   nodedata: ""\003S\n\235\2624\346\340\377asq\337\223T\316nL\232)C!\360\245\205[L\224\\351\351\000\247\272\246\2214\014W1\360z\262\252=\343\207'\275\266;\016\021\306\330\030\225\023\357\272\353\200x\221\n\003"";   nodeid: ""\000\000\000\000\000\000\000\000\000\000\000\000\000\000\000\000\000\000\000\000\000\000\000\000\000\000\000\000\000\000\000\000\000""; }; ","ledgerHash: ""q|\216``\027\240\206w\312\263+\241\310\271\371\2034\351_\3373\tL\007q_p\342\264_z""; ledgerSeq: 0; type: liTS_CANDIDATE; nodes {;   nodedata: ""\003S\n\235\2624\346\340\377asq\337\223T\316nL\232)C!\360\245\205[L\224\\351\351\000\247\272\246\2214\014W1\360z\262\252=\343\207'\275\266;\016\021\306\330\030\225\023\357\272\353\200x\221\n\003"";   nodeid: ""\000\000\000\000\000\000\000\000\000\000\000\000\000\000\000\000\000\000\000\000\000\000\000\000\000\000\000\000\000\000\000\000\000""; }; "
1750587286861,1750587286862,2565,1,3,0,TMLedgerData,"ledgerHash: ""b\001;\355\\351h\305\360*\252j\2470\334[#|\313\3606\207\210\245\372\217RX\333g`K""; ledgerSeq: 0; type: liTS_CANDIDATE; nodes {;   nodedata: "" \245\366\271\024\035\303\242}O\341[\232\374\0350\307\253\205\001\301\216B\031pk\231\004\271\276\265\240\002\003"";   nodeid: ""\000\000\000\000\000\000\000\000\000\000\000\000\000\000\000\000\000\000\000\000\000\000\000\000\000\000\000\000\000\000\000\000\000""; }; ","ledgerHash: ""b\001;\355\\351h\305\360*\252j\2470\334[#|\313\3606\207\210\245\372\217RX\333g`K""; ledgerSeq: 0; type: liTS_CANDIDATE; nodes {;   nodedata: "" \245\366\271\024\035\303\242}O\341[\232\374\0350\307\253\205\001\301\216B\031pk\231\004\271\276\265\240\002\003"";   nodeid: ""\000\000\000\000\000\000\000\000\000\000\000\000\000\000\000\000\000\000\000\000\000\000\000\000\000\000\000\000\000\000\000\000\000""; }; "
1750587286905,1750587286905,2142,1,3,1,TMGetLedger,"itype: liTS_CANDIDATE; ledgerHash: ""q|\216``\027\240\206w\312\263+\241\310\271\371\2034\351_\3373\tL\007q_p\342\264_z""; nodeIDs: ""\000\000\000\000\000\000\000\000\000\000\000\000\000\000\000\000\000\000\000\000\000\000\000\000\000\000\000\000\000\000\000\000\000""; queryType: qtINDIRECT; queryDepth: 3; ","itype: liTS_CANDIDATE; ledgerHash: ""q|\216``\027\240\206w\312\263+\241\310\271\371\2034\351_\3373\tL\007q_p\342\264_z""; nodeIDs: ""\000\000\000\000\000\000\000\000\000\000\000\000\000\000\000\000\000\000\000\000\000\000\000\000\000\000\000\000\000\000\000\000\000""; queryType: qtINDIRECT; queryDepth: 3; "
1750587286905,1750587286905,1136,1,3,0,TMGetLedger,"itype: liTS_CANDIDATE; ledgerHash: ""q|\216``\027\240\206w\312\263+\241\310\271\371\2034\351_\3373\tL\007q_p\342\264_z""; nodeIDs: ""\000\000\000\000\000\000\000\000\000\000\000\000\000\000\000\000\000\000\000\000\000\000\000\000\000\000\000\000\000\000\000\000\000""; queryType: qtINDIRECT; queryDepth: 3; ","itype: liTS_CANDIDATE; ledgerHash: ""q|\216``\027\240\206w\312\263+\241\310\271\371\2034\351_\3373\tL\007q_p\342\264_z""; nodeIDs: ""\000\000\000\000\000\000\000\000\000\000\000\000\000\000\000\000\000\000\000\000\000\000\000\000\000\000\000\000\000\000\000\000\000""; queryType: qtINDIRECT; queryDepth: 3; "
1750587286906,1750587286906,3118,1,3,4,TMGetLedger,"itype: liTS_CANDIDATE; ledgerHash: ""q|\216``\027\240\206w\312\263+\241\310\271\371\2034\351_\3373\tL\007q_p\342\264_z""; nodeIDs: ""\000\000\000\000\000\000\000\000\000\000\000\000\000\000\000\000\000\000\000\000\000\000\000\000\000\000\000\000\000\000\000\000\000""; queryType: qtINDIRECT; queryDepth: 3; ","itype: liTS_CANDIDATE; ledgerHash: ""q|\216``\027\240\206w\312\263+\241\310\271\371\2034\351_\3373\tL\007q_p\342\264_z""; nodeIDs: ""\000\000\000\000\000\000\000\000\000\000\000\000\000\000\000\000\000\000\000\000\000\000\000\000\000\000\000\000\000\000\000\000\000""; queryType: qtINDIRECT; queryDepth: 3; "
1750587286907,1750587286908,2655,1,1,0,TMLedgerData,"ledgerHash: ""q|\216``\027\240\206w\312\263+\241\310\271\371\2034\351_\3373\tL\007q_p\342\264_z""; ledgerSeq: 0; type: liTS_CANDIDATE; nodes {;   nodedata: ""\003S\n\235\2624\346\340\377asq\337\223T\316nL\232)C!\360\245\205[L\224\\351\351\000\247\272\246\2214\014W1\360z\262\252=\343\207'\275\266;\016\021\306\330\030\225\023\357\272\353\200x\221\n\003"";   nodeid: ""\000\000\000\000\000\000\000\000\000\000\000\000\000\000\000\000\000\000\000\000\000\000\000\000\000\000\000\000\000\000\000\000\000""; }; ","ledgerHash: ""q|\216``\027\240\206w\312\263+\241\310\271\371\2034\351_\3373\tL\007q_p\342\264_z""; ledgerSeq: 0; type: liTS_CANDIDATE; nodes {;   nodedata: ""\003S\n\235\2624\346\340\377asq\337\223T\316nL\232)C!\360\245\205[L\224\\351\351\000\247\272\246\2214\014W1\360z\262\252=\343\207'\275\266;\016\021\306\330\030\225\023\357\272\353\200x\221\n\003"";   nodeid: ""\000\000\000\000\000\000\000\000\000\000\000\000\000\000\000\000\000\000\000\000\000\000\000\000\000\000\000\000\000\000\000\000\000""; }; "
1750587286908,1750587286908,1590,1,3,2,TMGetLedger,"itype: liTS_CANDIDATE; ledgerHash: ""q|\216``\027\240\206w\312\263+\241\310\271\371\2034\351_\3373\tL\007q_p\342\264_z""; nodeIDs: ""\000\000\000\000\000\000\000\000\000\000\000\000\000\000\000\000\000\000\000\000\000\000\000\000\000\000\000\000\000\000\000\000\000""; queryType: qtINDIRECT; queryDepth: 3; ","itype: liTS_CANDIDATE; ledgerHash: ""q|\216``\027\240\206w\312\263+\241\310\271\371\2034\351_\3373\tL\007q_p\342\264_z""; nodeIDs: ""\000\000\000\000\000\000\000\000\000\000\000\000\000\000\000\000\000\000\000\000\000\000\000\000\000\000\000\000\000\000\000\000\000""; queryType: qtINDIRECT; queryDepth: 3; "
1750587286919,1750587286920,1772,1,4,3,TMLedgerData,"ledgerHash: ""\007\347lg\346B\270\350\352\375\266\371?(\361\364\365I|\375\262>\230(\333\250\331\007\360U\024\027""; ledgerSeq: 0; type: liTS_CANDIDATE; nodes {;   nodedata: ""\003S\n\235\2624\346\340\377asq\337\223T\316nL\232)C!\360\245\205[L\224\\351\351\000\003"";   nodeid: ""\000\000\000\000\000\000\000\000\000\000\000\000\000\000\000\000\000\000\000\000\000\000\000\000\000\000\000\000\000\000\000\000\000""; }; ","ledgerHash: ""\007\347lg\346B\270\350\352\375\266\371?(\361\364\365I|\375\262>\230(\333\250\331\007\360U\024\027""; ledgerSeq: 0; type: liTS_CANDIDATE; nodes {;   nodedata: ""\003S\n\235\2624\346\340\377asq\337\223T\316nL\232)C!\360\245\205[L\224\\351\351\000\003"";   nodeid: ""\000\000\000\000\000\000\000\000\000\000\000\000\000\000\000\000\000\000\000\000\000\000\000\000\000\000\000\000\000\000\000\000\000""; }; "
1750587286992,1750587286992,1582,1,2,0,TMGetLedger,"itype: liTS_CANDIDATE; ledgerHash: ""q|\216``\027\240\206w\312\263+\241\310\271\371\2034\351_\3373\tL\007q_p\342\264_z""; nodeIDs: ""\000\000\000\000\000\000\000\000\000\000\000\000\000\000\000\000\000\000\000\000\000\000\000\000\000\000\000\000\000\000\000\000\000""; queryType: qtINDIRECT; queryDepth: 3; ","itype: liTS_CANDIDATE; ledgerHash: ""q|\216``\027\240\206w\312\263+\241\310\271\371\2034\351_\3373\tL\007q_p\342\264_z""; nodeIDs: ""\000\000\000\000\000\000\000\000\000\000\000\000\000\000\000\000\000\000\000\000\000\000\000\000\000\000\000\000\000\000\000\000\000""; queryType: qtINDIRECT; queryDepth: 3; "
1750587286993,1750587286993,499,1,2,4,TMGetLedger,"itype: liTS_CANDIDATE; ledgerHash: ""q|\216``\027\240\206w\312\263+\241\310\271\371\2034\351_\3373\tL\007q_p\342\264_z""; nodeIDs: ""\000\000\000\000\000\000\000\000\000\000\000\000\000\000\000\000\000\000\000\000\000\000\000\000\000\000\000\000\000\000\000\000\000""; queryType: qtINDIRECT; queryDepth: 3; ","itype: liTS_CANDIDATE; ledgerHash: ""q|\216``\027\240\206w\312\263+\241\310\271\371\2034\351_\3373\tL\007q_p\342\264_z""; nodeIDs: ""\000\000\000\000\000\000\000\000\000\000\000\000\000\000\000\000\000\000\000\000\000\000\000\000\000\000\000\000\000\000\000\000\000""; queryType: qtINDIRECT; queryDepth: 3; "
1750587286993,1750587286993,342,1,2,1,TMGetLedger,"itype: liTS_CANDIDATE; ledgerHash: ""q|\216``\027\240\206w\312\263+\241\310\271\371\2034\351_\3373\tL\007q_p\342\264_z""; nodeIDs: ""\000\000\000\000\000\000\000\000\000\000\000\000\000\000\000\000\000\000\000\000\000\000\000\000\000\000\000\000\000\000\000\000\000""; queryType: qtINDIRECT; queryDepth: 3; ","itype: liTS_CANDIDATE; ledgerHash: ""q|\216``\027\240\206w\312\263+\241\310\271\371\2034\351_\3373\tL\007q_p\342\264_z""; nodeIDs: ""\000\000\000\000\000\000\000\000\000\000\000\000\000\000\000\000\000\000\000\000\000\000\000\000\000\000\000\000\000\000\000\000\000""; queryType: qtINDIRECT; queryDepth: 3; "
1750587286992,1750587286992,3898,1,2,3,TMGetLedger,"itype: liTS_CANDIDATE; ledgerHash: ""q|\216``\027\240\206w\312\263+\241\310\271\371\2034\351_\3373\tL\007q_p\342\264_z""; nodeIDs: ""\000\000\000\000\000\000\000\000\000\000\000\000\000\000\000\000\000\000\000\000\000\000\000\000\000\000\000\000\000\000\000\000\000""; queryType: qtINDIRECT; queryDepth: 3; ","itype: liTS_CANDIDATE; ledgerHash: ""q|\216``\027\240\206w\312\263+\241\310\271\371\2034\351_\3373\tL\007q_p\342\264_z""; nodeIDs: ""\000\000\000\000\000\000\000\000\000\000\000\000\000\000\000\000\000\000\000\000\000\000\000\000\000\000\000\000\000\000\000\000\000""; queryType: qtINDIRECT; queryDepth: 3; "
1750587286993,1750587286993,557,1,4,1,TMGetLedger,"itype: liTS_CANDIDATE; ledgerHash: ""q|\216``\027\240\206w\312\263+\241\310\271\371\2034\351_\3373\tL\007q_p\342\264_z""; nodeIDs: ""\000\000\000\000\000\000\000\000\000\000\000\000\000\000\000\000\000\000\000\000\000\000\000\000\000\000\000\000\000\000\000\000\000""; requestCookie: 3; queryType: qtINDIRECT; queryDepth: 3; ","itype: liTS_CANDIDATE; ledgerHash: ""q|\216``\027\240\206w\312\263+\241\310\271\371\2034\351_\3373\tL\007q_p\342\264_z""; nodeIDs: ""\000\000\000\000\000\000\000\000\000\000\000\000\000\000\000\000\000\000\000\000\000\000\000\000\000\000\000\000\000\000\000\000\000""; requestCookie: 3; queryType: qtINDIRECT; queryDepth: 3; "
1750587286994,1750587286994,628,1,3,2,TMLedgerData,"ledgerHash: ""\354@[\274\202\021\202\373Vi\243\n\325\250\005e\360""m\346'\311@\343\016$L\346\334\360<w""; ledgerSeq: 8; type: liBASE; nodes {;   nodedata: ""\000\000\000\010\001cEx]\211\377\342\311\347s\234ae\204\263\365U\334\372D\354\345\276\201f\035\271%#\375\245\314.""\373\330&\3746\000\000\000\000\000\000\000\000\000\000\000\000\000\000\000\000\000\000\000\000\000\000\000\000\000\000\000\000\000\000\000\000\245lQI\023\t3o\213\325\024\3601\255\010\244\306\3215\261\204Q\r\327\317\312f\322eb\215C/\352\224\010/\352\224\020\n\000""; }; nodes {;   nodedata: ""h\315\350\215y\203\242]\371\235\232Pt&\325\210eZ\346\237XZ \277\2457n\221\336\253\245\317\002w\n\356\350\316{k\272E0\225\362\025\010\366\367\372\263\355xq\360\261\376M<\356\347\007zf\307\006E\344\037@\210\363\010\336T\226\247'\204_{\261\370""1\235\2445\343\033Y!\212\201\341\272\225'\007*$\244&\336\343'\233i\332\374\245 {^\306-N\333\gE\006\347\212\331C\211Z\177\247\031\n\265\022\035W\277\033\265pM\027\313x\327iNP(O\216Pk&\235\336\223\217\374\212\253\322w\362\013\210`4\253""\302f\230\374\037bx\0145C\307\337\316[\244d\302\3031\347\300\025aX\357\226\221\016\003""; }; ","ledgerHash: ""\354@[\274\202\021\202\373Vi\243\n\325\250\005e\360""m\346'\311@\343\016$L\346\334\360<w""; ledgerSeq: 8; type: liBASE; nodes {;   nodedata: ""\000\000\000\010\001cEx]\211\377\342\311\347s\234ae\204\263\365U\334\372D\354\345\276\201f\035\271%#\375\245\314.""\373\330&\3746\000\000\000\000\000\000\000\000\000\000\000\000\000\000\000\000\000\000\000\000\000\000\000\000\000\000\000\000\000\000\000\000\245lQI\023\t3o\213\325\024\3601\255\010\244\306\3215\261\204Q\r\327\317\312f\322eb\215C/\352\224\010/\352\224\020\n\000""; }; nodes {;   nodedata: ""h\315\350\215y\203\242]\371\235\232Pt&\325\210eZ\346\237XZ \277\2457n\221\336\253\245\317\002w\n\356\350\316{k\272E0\225\362\025\010\366\367\372\263\355xq\360\261\376M<\356\347\007zf\307\006E\344\037@\210\363\010\336T\226\247'\204_{\261\370""1\235\2445\343\033Y!\212\201\341\272\225'\007*$\244&\336\343'\233i\332\374\245 {^\306-N\333\gE\006\347\212\331C\211Z\177\247\031\n\265\022\035W\277\033\265pM\027\313x\327iNP(O\216Pk&\235\336\223\217\374\212\253\322w\362\013\210`4\253""\302f\230\374\037bx\0145C\307\337\316[\244d\302\3031\347\300\025aX\357\226\221\016\003""; }; "
1750587287009,1750587287009,393,1,0,1,TMGetLedger,"itype: liTS_CANDIDATE; ledgerHash: ""q|\216``\027\240\206w\312\263+\241\310\271\371\2034\351_\3373\tL\007q_p\342\264_z""; nodeIDs: ""\000\000\000\000\000\000\000\000\000\000\000\000\000\000\000\000\000\000\000\000\000\000\000\000\000\000\000\000\000\000\000\000\000""; queryType: qtINDIRECT; queryDepth: 3; ","itype: liTS_CANDIDATE; ledgerHash: ""q|\216``\027\240\206w\312\263+\241\310\271\371\2034\351_\3373\tL\007q_p\342\264_z""; nodeIDs: ""\000\000\000\000\000\000\000\000\000\000\000\000\000\000\000\000\000\000\000\000\000\000\000\000\000\000\000\000\000\000\000\000\000""; queryType: qtINDIRECT; queryDepth: 3; "
1750587287010,1750587287010,1466,1,0,4,TMGetLedger,"itype: liTS_CANDIDATE; ledgerHash: ""q|\216``\027\240\206w\312\263+\241\310\271\371\2034\351_\3373\tL\007q_p\342\264_z""; nodeIDs: ""\000\000\000\000\000\000\000\000\000\000\000\000\000\000\000\000\000\000\000\000\000\000\000\000\000\000\000\000\000\000\000\000\000""; queryType: qtINDIRECT; queryDepth: 3; ","itype: liTS_CANDIDATE; ledgerHash: ""q|\216``\027\240\206w\312\263+\241\310\271\371\2034\351_\3373\tL\007q_p\342\264_z""; nodeIDs: ""\000\000\000\000\000\000\000\000\000\000\000\000\000\000\000\000\000\000\000\000\000\000\000\000\000\000\000\000\000\000\000\000\000""; queryType: qtINDIRECT; queryDepth: 3; "
1750587287010,1750587287010,3414,1,0,2,TMGetLedger,"itype: liTS_CANDIDATE; ledgerHash: ""q|\216``\027\240\206w\312\263+\241\310\271\371\2034\351_\3373\tL\007q_p\342\264_z""; nodeIDs: ""\000\000\000\000\000\000\000\000\000\000\000\000\000\000\000\000\000\000\000\000\000\000\000\000\000\000\000\000\000\000\000\000\000""; queryType: qtINDIRECT; queryDepth: 3; ","itype: liTS_CANDIDATE; ledgerHash: ""q|\216``\027\240\206w\312\263+\241\310\271\371\2034\351_\3373\tL\007q_p\342\264_z""; nodeIDs: ""\000\000\000\000\000\000\000\000\000\000\000\000\000\000\000\000\000\000\000\000\000\000\000\000\000\000\000\000\000\000\000\000\000""; queryType: qtINDIRECT; queryDepth: 3; "
1750587287010,1750587287010,1764,1,0,3,TMGetLedger,"itype: liTS_CANDIDATE; ledgerHash: ""q|\216``\027\240\206w\312\263+\241\310\271\371\2034\351_\3373\tL\007q_p\342\264_z""; nodeIDs: ""\000\000\000\000\000\000\000\000\000\000\000\000\000\000\000\000\000\000\000\000\000\000\000\000\000\000\000\000\000\000\000\000\000""; queryType: qtINDIRECT; queryDepth: 3; ","itype: liTS_CANDIDATE; ledgerHash: ""q|\216``\027\240\206w\312\263+\241\310\271\371\2034\351_\3373\tL\007q_p\342\264_z""; nodeIDs: ""\000\000\000\000\000\000\000\000\000\000\000\000\000\000\000\000\000\000\000\000\000\000\000\000\000\000\000\000\000\000\000\000\000""; queryType: qtINDIRECT; queryDepth: 3; "
1750587287011,1750587287011,2565,1,3,0,TMLedgerData,"ledgerHash: ""b\001;\355\\351h\305\360*\252j\2470\334[#|\313\3606\207\210\245\372\217RX\333g`K""; ledgerSeq: 0; type: liTS_CANDIDATE; nodes {;   nodedata: "" \245\366\271\024\035\303\242}O\341[\232\374\0350\307\253\205\001\301\216B\031pk\231\004\271\276\265\240\002\003"";   nodeid: ""\000\000\000\000\000\000\000\000\000\000\000\000\000\000\000\000\000\000\000\000\000\000\000\000\000\000\000\000\000\000\000\000\000""; }; ","ledgerHash: ""b\001;\355\\351h\305\360*\252j\2470\334[#|\313\3606\207\210\245\372\217RX\333g`K""; ledgerSeq: 0; type: liTS_CANDIDATE; nodes {;   nodedata: "" \245\366\271\024\035\303\242}O\341[\232\374\0350\307\253\205\001\301\216B\031pk\231\004\271\276\265\240\002\003"";   nodeid: ""\000\000\000\000\000\000\000\000\000\000\000\000\000\000\000\000\000\000\000\000\000\000\000\000\000\000\000\000\000\000\000\000\000""; }; "
1750587287025,1750587287025,1650,1,3,4,TMLedgerData,"ledgerHash: ""\237\231\311\371Y@""\177>\241""\310\233r\315\210Z\003g\334\034\021\305\3353Q\035\224\200\224\347\257""; ledgerSeq: 8; type: liBASE; nodes {;   nodedata: ""\000\000\000\010\001cEx]\211\377\330\311\347s\234ae\204\263\365U\334\372D\354\345\276\201f\035\271%#\375\245\314.""\373\330&\3746\177P.\377\255K\330\362G{!s_\276B\273\031\331\234\023vy$7i\342\243\243\220\021_\222w1E\236\020?0\232H\266\366\033p\353\250\025\255\235\310\215\275\032\005\371R<p\240.\2618\277/\352\224\010/\352\224\020\n\000""; }; nodes {;   nodedata: ""h\315\350\215y\203\242]\371\235\232Pt&\325\210eZ\346\237XZ \277\2457n\221\336\253\245\317\002G)\346n?\227\005Y\336\276m\244>\014/\353)\343S\223\201\230\250\301d\027c\001\302\ris\006E\344\037@\210\363\010\336T\226\247'\204_{\261\370""1\235\2445\343\033Y!\212\201\341\272\225'\007\f\n0\233\306>\377~V|O\232@\324_\273\232o\\235\370\234IE\333\255j\001\361\204%\n\265\022\035W\277\033\265pM\027\313x\327iNP(O\216Pk&\235\336\223\217\374\212\253\322w\362\013\210`4\253""\302f\230\374\037bx\0145C\307\337\316[\244d\302\3031\347\300\025aX\357\226\221\016\003""; }; nodes {;   nodedata: ""f\225yM\014\263\225\204\377[\235\030P4BO\343Z\264\3646\307\304\177\327\n\261+$r\257\263\n\003""; }; requestCookie: 3; ","ledgerHash: ""\237\231\311\371Y@""\177>\241""\310\233r\315\210Z\003g\334\034\021\305\3353Q\035\224\200\224\347\257""; ledgerSeq: 8; type: liBASE; nodes {;   nodedata: ""\000\000\000\010\001cEx]\211\377\330\311\347s\234ae\204\263\365U\334\372D\354\345\276\201f\035\271%#\375\245\314.""\373\330&\3746\177P.\377\255K\330\362G{!s_\276B\273\031\331\234\023vy$7i\342\243\243\220\021_\222w1E\236\020?0\232H\266\366\033p\353\250\025\255\235\310\215\275\032\005\371R<p\240.\2618\277/\352\224\010/\352\224\020\n\000""; }; nodes {;   nodedata: ""h\315\350\215y\203\242]\371\235\232Pt&\325\210eZ\346\237XZ \277\2457n\221\336\253\245\317\002G)\346n?\227\005Y\336\276m\244>\014/\353)\343S\223\201\230\250\301d\027c\001\302\ris\006E\344\037@\210\363\010\336T\226\247'\204_{\261\370""1\235\2445\343\033Y!\212\201\341\272\225'\007\f\n0\233\306>\377~V|O\232@\324_\273\232o\\235\370\234IE\333\255j\001\361\204%\n\265\022\035W\277\033\265pM\027\313x\327iNP(O\216Pk&\235\336\223\217\374\212\253\322w\362\013\210`4\253""\302f\230\374\037bx\0145C\307\337\316[\244d\302\3031\347\300\025aX\357\226\221\016\003""; }; nodes {;   nodedata: ""f\225yM\014\263\225\204\377[\235\030P4BO\343Z\264\3646\307\304\177\327\n\261+$r\257\263\n\003""; }; requestCookie: 3; "
1750587287034,1750587287034,1743,1,2,4,TMLedgerData,"ledgerHash: ""\007\347lg\346B\270\350\352\375\266\371?(\361\364\365I|\375\262>\230(\333\250\331\007\360U\024\027""; ledgerSeq: 0; type: liTS_CANDIDATE; nodes {;   nodedata: ""\003S\n\235\2624\346\340\377asq\337\223T\316nL\232)C!\360\245\205[L\224\\351\351\000\003"";   nodeid: ""\000\000\000\000\000\000\000\000\000\000\000\000\000\000\000\000\000\000\000\000\000\000\000\000\000\000\000\000\000\000\000\000\000""; }; ","ledgerHash: ""\007\347lg\346B\270\350\352\375\266\371?(\361\364\365I|\375\262>\230(\333\250\331\007\360U\024\027""; ledgerSeq: 0; type: liTS_CANDIDATE; nodes {;   nodedata: ""\003S\n\235\2624\346\340\377asq\337\223T\316nL\232)C!\360\245\205[L\224\\351\351\000\003"";   nodeid: ""\000\000\000\000\000\000\000\000\000\000\000\000\000\000\000\000\000\000\000\000\000\000\000\000\000\000\000\000\000\000\000\000\000""; }; "
1750587287045,1750587287045,486,1,4,0,TMLedgerData,"ledgerHash: ""b\001;\355\\351h\305\360*\252j\2470\334[#|\313\3606\207\210\245\372\217RX\333g`K""; ledgerSeq: 0; type: liTS_CANDIDATE; nodes {;   nodedata: "" \245\366\271\024\035\303\242}O\341[\232\374\0350\307\253\205\001\301\216B\031pk\231\004\271\276\265\240\002\003"";   nodeid: ""\000\000\000\000\000\000\000\000\000\000\000\000\000\000\000\000\000\000\000\000\000\000\000\000\000\000\000\000\000\000\000\000\000""; }; ","ledgerHash: ""b\001;\355\\351h\305\360*\252j\2470\334[#|\313\3606\207\210\245\372\217RX\333g`K""; ledgerSeq: 0; type: liTS_CANDIDATE; nodes {;   nodedata: "" \245\366\271\024\035\303\242}O\341[\232\374\0350\307\253\205\001\301\216B\031pk\231\004\271\276\265\240\002\003"";   nodeid: ""\000\000\000\000\000\000\000\000\000\000\000\000\000\000\000\000\000\000\000\000\000\000\000\000\000\000\000\000\000\000\000\000\000""; }; "
1750587287051,1750587287051,2715,1,1,4,TMLedgerData,"ledgerHash: ""q|\216``\027\240\206w\312\263+\241\310\271\371\2034\351_\3373\tL\007q_p\342\264_z""; ledgerSeq: 0; type: liTS_CANDIDATE; nodes {;   nodedata: ""\003S\n\235\2624\346\340\377asq\337\223T\316nL\232)C!\360\245\205[L\224\\351\351\000\247\272\246\2214\014W1\360z\262\252=\343\207'\275\266;\016\021\306\330\030\225\023\357\272\353\200x\221\n\003"";   nodeid: ""\000\000\000\000\000\000\000\000\000\000\000\000\000\000\000\000\000\000\000\000\000\000\000\000\000\000\000\000\000\000\000\000\000""; }; requestCookie: 3; ","ledgerHash: ""q|\216``\027\240\206w\312\263+\241\310\271\371\2034\351_\3373\tL\007q_p\342\264_z""; ledgerSeq: 0; type: liTS_CANDIDATE; nodes {;   nodedata: ""\003S\n\235\2624\346\340\377asq\337\223T\316nL\232)C!\360\245\205[L\224\\351\351\000\247\272\246\2214\014W1\360z\262\252=\343\207'\275\266;\016\021\306\330\030\225\023\357\272\353\200x\221\n\003"";   nodeid: ""\000\000\000\000\000\000\000\000\000\000\000\000\000\000\000\000\000\000\000\000\000\000\000\000\000\000\000\000\000\000\000\000\000""; }; requestCookie: 3; "
1750587287058,1750587287058,1493,1,2,4,TMHaveTransactionSet,"status: tsHAVE; hash: ""q|\216``\027\240\206w\312\263+\241\310\271\371\2034\351_\3373\tL\007q_p\342\264_z""; ","status: tsHAVE; hash: ""q|\216``\027\240\206w\312\263+\241\310\271\371\2034\351_\3373\tL\007q_p\342\264_z""; "
1750587287058,1750587287058,3907,1,2,0,TMHaveTransactionSet,"status: tsHAVE; hash: ""q|\216``\027\240\206w\312\263+\241\310\271\371\2034\351_\3373\tL\007q_p\342\264_z""; ","status: tsHAVE; hash: ""q|\216``\027\240\206w\312\263+\241\310\271\371\2034\351_\3373\tL\007q_p\342\264_z""; "
1750587287058,1750587287058,173,1,2,3,TMHaveTransactionSet,"status: tsHAVE; hash: ""q|\216``\027\240\206w\312\263+\241\310\271\371\2034\351_\3373\tL\007q_p\342\264_z""; ","status: tsHAVE; hash: ""q|\216``\027\240\206w\312\263+\241\310\271\371\2034\351_\3373\tL\007q_p\342\264_z""; "
1750587287059,1750587287059,3669,1,2,1,TMHaveTransactionSet,"status: tsHAVE; hash: ""q|\216``\027\240\206w\312\263+\241\310\271\371\2034\351_\3373\tL\007q_p\342\264_z""; ","status: tsHAVE; hash: ""q|\216``\027\240\206w\312\263+\241\310\271\371\2034\351_\3373\tL\007q_p\342\264_z""; "
1750587287074,1750587287074,393,1,0,1,TMGetLedger,"itype: liTS_CANDIDATE; ledgerHash: ""q|\216``\027\240\206w\312\263+\241\310\271\371\2034\351_\3373\tL\007q_p\342\264_z""; nodeIDs: ""\000\000\000\000\000\000\000\000\000\000\000\000\000\000\000\000\000\000\000\000\000\000\000\000\000\000\000\000\000\000\000\000\000""; requestCookie: 3; queryType: qtINDIRECT; queryDepth: 3; ","itype: liTS_CANDIDATE; ledgerHash: ""q|\216``\027\240\206w\312\263+\241\310\271\371\2034\351_\3373\tL\007q_p\342\264_z""; nodeIDs: ""\000\000\000\000\000\000\000\000\000\000\000\000\000\000\000\000\000\000\000\000\000\000\000\000\000\000\000\000\000\000\000\000\000""; requestCookie: 3; queryType: qtINDIRECT; queryDepth: 3; "
1750587287086,1750587287086,2472,1,1,2,TMLedgerData,"ledgerHash: ""q|\216``\027\240\206w\312\263+\241\310\271\371\2034\351_\3373\tL\007q_p\342\264_z""; ledgerSeq: 0; type: liTS_CANDIDATE; nodes {;   nodedata: ""\003S\n\235\2624\346\340\377asq\337\223T\316nL\232)C!\360\245\205[L\224\\351\351\000\247\272\246\2214\014W1\360z\262\252=\343\207'\275\266;\016\021\306\330\030\225\023\357\272\353\200x\221\n\003"";   nodeid: ""\000\000\000\000\000\000\000\000\000\000\000\000\000\000\000\000\000\000\000\000\000\000\000\000\000\000\000\000\000\000\000\000\000""; }; ","ledgerHash: ""q|\216``\027\240\206w\312\263+\241\310\271\371\2034\351_\3373\tL\007q_p\342\264_z""; ledgerSeq: 0; type: liTS_CANDIDATE; nodes {;   nodedata: ""\003S\n\235\2624\346\340\377asq\337\223T\316nL\232)C!\360\245\205[L\224\\351\351\000\247\272\246\2214\014W1\360z\262\252=\343\207'\275\266;\016\021\306\330\030\225\023\357\272\353\200x\221\n\003"";   nodeid: ""\000\000\000\000\000\000\000\000\000\000\000\000\000\000\000\000\000\000\000\000\000\000\000\000\000\000\000\000\000\000\000\000\000""; }; "
1750587287154,1750587287154,1136,1,3,0,TMGetLedger,"itype: liTS_CANDIDATE; ledgerHash: ""q|\216``\027\240\206w\312\263+\241\310\271\371\2034\351_\3373\tL\007q_p\342\264_z""; nodeIDs: ""\000\000\000\000\000\000\000\000\000\000\000\000\000\000\000\000\000\000\000\000\000\000\000\000\000\000\000\000\000\000\000\000\000""; queryType: qtINDIRECT; queryDepth: 3; ","itype: liTS_CANDIDATE; ledgerHash: ""q|\216``\027\240\206w\312\263+\241\310\271\371\2034\351_\3373\tL\007q_p\342\264_z""; nodeIDs: ""\000\000\000\000\000\000\000\000\000\000\000\000\000\000\000\000\000\000\000\000\000\000\000\000\000\000\000\000\000\000\000\000\000""; queryType: qtINDIRECT; queryDepth: 3; "
1750587287154,1750587287154,1590,1,3,2,TMGetLedger,"itype: liTS_CANDIDATE; ledgerHash: ""q|\216``\027\240\206w\312\263+\241\310\271\371\2034\351_\3373\tL\007q_p\342\264_z""; nodeIDs: ""\000\000\000\000\000\000\000\000\000\000\000\000\000\000\000\000\000\000\000\000\000\000\000\000\000\000\000\000\000\000\000\000\000""; queryType: qtINDIRECT; queryDepth: 3; ","itype: liTS_CANDIDATE; ledgerHash: ""q|\216``\027\240\206w\312\263+\241\310\271\371\2034\351_\3373\tL\007q_p\342\264_z""; nodeIDs: ""\000\000\000\000\000\000\000\000\000\000\000\000\000\000\000\000\000\000\000\000\000\000\000\000\000\000\000\000\000\000\000\000\000""; queryType: qtINDIRECT; queryDepth: 3; "
1750587287155,1750587287155,3118,1,3,4,TMGetLedger,"itype: liTS_CANDIDATE; ledgerHash: ""q|\216``\027\240\206w\312\263+\241\310\271\371\2034\351_\3373\tL\007q_p\342\264_z""; nodeIDs: ""\000\000\000\000\000\000\000\000\000\000\000\000\000\000\000\000\000\000\000\000\000\000\000\000\000\000\000\000\000\000\000\000\000""; queryType: qtINDIRECT; queryDepth: 3; ","itype: liTS_CANDIDATE; ledgerHash: ""q|\216``\027\240\206w\312\263+\241\310\271\371\2034\351_\3373\tL\007q_p\342\264_z""; nodeIDs: ""\000\000\000\000\000\000\000\000\000\000\000\000\000\000\000\000\000\000\000\000\000\000\000\000\000\000\000\000\000\000\000\000\000""; queryType: qtINDIRECT; queryDepth: 3; "
1750587287155,1750587287155,2142,1,3,1,TMGetLedger,"itype: liTS_CANDIDATE; ledgerHash: ""q|\216``\027\240\206w\312\263+\241\310\271\371\2034\351_\3373\tL\007q_p\342\264_z""; nodeIDs: ""\000\000\000\000\000\000\000\000\000\000\000\000\000\000\000\000\000\000\000\000\000\000\000\000\000\000\000\000\000\000\000\000\000""; queryType: qtINDIRECT; queryDepth: 3; ","itype: liTS_CANDIDATE; ledgerHash: ""q|\216``\027\240\206w\312\263+\241\310\271\371\2034\351_\3373\tL\007q_p\342\264_z""; nodeIDs: ""\000\000\000\000\000\000\000\000\000\000\000\000\000\000\000\000\000\000\000\000\000\000\000\000\000\000\000\000\000\000\000\000\000""; queryType: qtINDIRECT; queryDepth: 3; "
1750587287155,1750587287155,2655,1,1,0,TMLedgerData,"ledgerHash: ""q|\216``\027\240\206w\312\263+\241\310\271\371\2034\351_\3373\tL\007q_p\342\264_z""; ledgerSeq: 0; type: liTS_CANDIDATE; nodes {;   nodedata: ""\003S\n\235\2624\346\340\377asq\337\223T\316nL\232)C!\360\245\205[L\224\\351\351\000\247\272\246\2214\014W1\360z\262\252=\343\207'\275\266;\016\021\306\330\030\225\023\357\272\353\200x\221\n\003"";   nodeid: ""\000\000\000\000\000\000\000\000\000\000\000\000\000\000\000\000\000\000\000\000\000\000\000\000\000\000\000\000\000\000\000\000\000""; }; ","ledgerHash: ""q|\216``\027\240\206w\312\263+\241\310\271\371\2034\351_\3373\tL\007q_p\342\264_z""; ledgerSeq: 0; type: liTS_CANDIDATE; nodes {;   nodedata: ""\003S\n\235\2624\346\340\377asq\337\223T\316nL\232)C!\360\245\205[L\224\\351\351\000\247\272\246\2214\014W1\360z\262\252=\343\207'\275\266;\016\021\306\330\030\225\023\357\272\353\200x\221\n\003"";   nodeid: ""\000\000\000\000\000\000\000\000\000\000\000\000\000\000\000\000\000\000\000\000\000\000\000\000\000\000\000\000\000\000\000\000\000""; }; "
1750587287170,1750587287170,1772,1,4,3,TMLedgerData,"ledgerHash: ""\007\347lg\346B\270\350\352\375\266\371?(\361\364\365I|\375\262>\230(\333\250\331\007\360U\024\027""; ledgerSeq: 0; type: liTS_CANDIDATE; nodes {;   nodedata: ""\003S\n\235\2624\346\340\377asq\337\223T\316nL\232)C!\360\245\205[L\224\\351\351\000\003"";   nodeid: ""\000\000\000\000\000\000\000\000\000\000\000\000\000\000\000\000\000\000\000\000\000\000\000\000\000\000\000\000\000\000\000\000\000""; }; ","ledgerHash: ""\007\347lg\346B\270\350\352\375\266\371?(\361\364\365I|\375\262>\230(\333\250\331\007\360U\024\027""; ledgerSeq: 0; type: liTS_CANDIDATE; nodes {;   nodedata: ""\003S\n\235\2624\346\340\377asq\337\223T\316nL\232)C!\360\245\205[L\224\\351\351\000\003"";   nodeid: ""\000\000\000\000\000\000\000\000\000\000\000\000\000\000\000\000\000\000\000\000\000\000\000\000\000\000\000\000\000\000\000\000\000""; }; "
1750587287220,1750587287220,2655,1,1,0,TMLedgerData,"ledgerHash: ""q|\216``\027\240\206w\312\263+\241\310\271\371\2034\351_\3373\tL\007q_p\342\264_z""; ledgerSeq: 0; type: liTS_CANDIDATE; nodes {;   nodedata: ""\003S\n\235\2624\346\340\377asq\337\223T\316nL\232)C!\360\245\205[L\224\\351\351\000\247\272\246\2214\014W1\360z\262\252=\343\207'\275\266;\016\021\306\330\030\225\023\357\272\353\200x\221\n\003"";   nodeid: ""\000\000\000\000\000\000\000\000\000\000\000\000\000\000\000\000\000\000\000\000\000\000\000\000\000\000\000\000\000\000\000\000\000""; }; requestCookie: 3; ","ledgerHash: ""q|\216``\027\240\206w\312\263+\241\310\271\371\2034\351_\3373\tL\007q_p\342\264_z""; ledgerSeq: 0; type: liTS_CANDIDATE; nodes {;   nodedata: ""\003S\n\235\2624\346\340\377asq\337\223T\316nL\232)C!\360\245\205[L\224\\351\351\000\247\272\246\2214\014W1\360z\262\252=\343\207'\275\266;\016\021\306\330\030\225\023\357\272\353\200x\221\n\003"";   nodeid: ""\000\000\000\000\000\000\000\000\000\000\000\000\000\000\000\000\000\000\000\000\000\000\000\000\000\000\000\000\000\000\000\000\000""; }; requestCookie: 3; "
1750587287234,1750587287234,486,1,4,0,TMLedgerData,"ledgerHash: ""b\001;\355\\351h\305\360*\252j\2470\334[#|\313\3606\207\210\245\372\217RX\333g`K""; ledgerSeq: 0; type: liTS_CANDIDATE; nodes {;   nodedata: "" \245\366\271\024\035\303\242}O\341[\232\374\0350\307\253\205\001\301\216B\031pk\231\004\271\276\265\240\002\003"";   nodeid: ""\000\000\000\000\000\000\000\000\000\000\000\000\000\000\000\000\000\000\000\000\000\000\000\000\000\000\000\000\000\000\000\000\000""; }; ","ledgerHash: ""b\001;\355\\351h\305\360*\252j\2470\334[#|\313\3606\207\210\245\372\217RX\333g`K""; ledgerSeq: 0; type: liTS_CANDIDATE; nodes {;   nodedata: "" \245\366\271\024\035\303\242}O\341[\232\374\0350\307\253\205\001\301\216B\031pk\231\004\271\276\265\240\002\003"";   nodeid: ""\000\000\000\000\000\000\000\000\000\000\000\000\000\000\000\000\000\000\000\000\000\000\000\000\000\000\000\000\000\000\000\000\000""; }; "
1750587287243,1750587287243,557,1,4,1,TMGetLedger,"itype: liTS_CANDIDATE; ledgerHash: ""q|\216``\027\240\206w\312\263+\241\310\271\371\2034\351_\3373\tL\007q_p\342\264_z""; nodeIDs: ""\000\000\000\000\000\000\000\000\000\000\000\000\000\000\000\000\000\000\000\000\000\000\000\000\000\000\000\000\000\000\000\000\000""; requestCookie: 3; queryType: qtINDIRECT; queryDepth: 3; ","itype: liTS_CANDIDATE; ledgerHash: ""q|\216``\027\240\206w\312\263+\241\310\271\371\2034\351_\3373\tL\007q_p\342\264_z""; nodeIDs: ""\000\000\000\000\000\000\000\000\000\000\000\000\000\000\000\000\000\000\000\000\000\000\000\000\000\000\000\000\000\000\000\000\000""; requestCookie: 3; queryType: qtINDIRECT; queryDepth: 3; "
1750587287244,1750587287244,1102,1,2,3,TMLedgerData,"ledgerHash: ""q|\216``\027\240\206w\312\263+\241\310\271\371\2034\351_\3373\tL\007q_p\342\264_z""; ledgerSeq: 0; type: liTS_CANDIDATE; nodes {;   nodedata: ""\003S\n\235\2624\346\340\377asq\337\223T\316nL\232)C!\360\245\205[L\224\\351\351\000\247\272\246\2214\014W1\360z\262\252=\343\207'\275\266;\016\021\306\330\030\225\023\357\272\353\200x\221\n\003"";   nodeid: ""\000\000\000\000\000\000\000\000\000\000\000\000\000\000\000\000\000\000\000\000\000\000\000\000\000\000\000\000\000\000\000\000\000""; }; ","ledgerHash: ""q|\216``\027\240\206w\312\263+\241\310\271\371\2034\351_\3373\tL\007q_p\342\264_z""; ledgerSeq: 0; type: liTS_CANDIDATE; nodes {;   nodedata: ""\003S\n\235\2624\346\340\377asq\337\223T\316nL\232)C!\360\245\205[L\224\\351\351\000\247\272\246\2214\014W1\360z\262\252=\343\207'\275\266;\016\021\306\330\030\225\023\357\272\353\200x\221\n\003"";   nodeid: ""\000\000\000\000\000\000\000\000\000\000\000\000\000\000\000\000\000\000\000\000\000\000\000\000\000\000\000\000\000\000\000\000\000""; }; "
1750587287259,1750587287259,393,1,0,1,TMGetLedger,"itype: liTS_CANDIDATE; ledgerHash: ""q|\216``\027\240\206w\312\263+\241\310\271\371\2034\351_\3373\tL\007q_p\342\264_z""; nodeIDs: ""\000\000\000\000\000\000\000\000\000\000\000\000\000\000\000\000\000\000\000\000\000\000\000\000\000\000\000\000\000\000\000\000\000""; queryType: qtINDIRECT; queryDepth: 3; ","itype: liTS_CANDIDATE; ledgerHash: ""q|\216``\027\240\206w\312\263+\241\310\271\371\2034\351_\3373\tL\007q_p\342\264_z""; nodeIDs: ""\000\000\000\000\000\000\000\000\000\000\000\000\000\000\000\000\000\000\000\000\000\000\000\000\000\000\000\000\000\000\000\000\000""; queryType: qtINDIRECT; queryDepth: 3; "
1750587287260,1750587287260,1466,1,0,4,TMGetLedger,"itype: liTS_CANDIDATE; ledgerHash: ""q|\216``\027\240\206w\312\263+\241\310\271\371\2034\351_\3373\tL\007q_p\342\264_z""; nodeIDs: ""\000\000\000\000\000\000\000\000\000\000\000\000\000\000\000\000\000\000\000\000\000\000\000\000\000\000\000\000\000\000\000\000\000""; queryType: qtINDIRECT; queryDepth: 3; ","itype: liTS_CANDIDATE; ledgerHash: ""q|\216``\027\240\206w\312\263+\241\310\271\371\2034\351_\3373\tL\007q_p\342\264_z""; nodeIDs: ""\000\000\000\000\000\000\000\000\000\000\000\000\000\000\000\000\000\000\000\000\000\000\000\000\000\000\000\000\000\000\000\000\000""; queryType: qtINDIRECT; queryDepth: 3; "
1750587287260,1750587287260,3414,1,0,2,TMGetLedger,"itype: liTS_CANDIDATE; ledgerHash: ""q|\216``\027\240\206w\312\263+\241\310\271\371\2034\351_\3373\tL\007q_p\342\264_z""; nodeIDs: ""\000\000\000\000\000\000\000\000\000\000\000\000\000\000\000\000\000\000\000\000\000\000\000\000\000\000\000\000\000\000\000\000\000""; queryType: qtINDIRECT; queryDepth: 3; ","itype: liTS_CANDIDATE; ledgerHash: ""q|\216``\027\240\206w\312\263+\241\310\271\371\2034\351_\3373\tL\007q_p\342\264_z""; nodeIDs: ""\000\000\000\000\000\000\000\000\000\000\000\000\000\000\000\000\000\000\000\000\000\000\000\000\000\000\000\000\000\000\000\000\000""; queryType: qtINDIRECT; queryDepth: 3; "
1750587287260,1750587287260,1764,1,0,3,TMGetLedger,"itype: liTS_CANDIDATE; ledgerHash: ""q|\216``\027\240\206w\312\263+\241\310\271\371\2034\351_\3373\tL\007q_p\342\264_z""; nodeIDs: ""\000\000\000\000\000\000\000\000\000\000\000\000\000\000\000\000\000\000\000\000\000\000\000\000\000\000\000\000\000\000\000\000\000""; queryType: qtINDIRECT; queryDepth: 3; ","itype: liTS_CANDIDATE; ledgerHash: ""q|\216``\027\240\206w\312\263+\241\310\271\371\2034\351_\3373\tL\007q_p\342\264_z""; nodeIDs: ""\000\000\000\000\000\000\000\000\000\000\000\000\000\000\000\000\000\000\000\000\000\000\000\000\000\000\000\000\000\000\000\000\000""; queryType: qtINDIRECT; queryDepth: 3; "
1750587287260,1750587287261,3520,1,3,1,TMLedgerData,"ledgerHash: ""\237\231\311\371Y@""\177>\241""\310\233r\315\210Z\003g\334\034\021\305\3353Q\035\224\200\224\347\257""; ledgerSeq: 8; type: liBASE; nodes {;   nodedata: ""\000\000\000\010\001cEx]\211\377\330\311\347s\234ae\204\263\365U\334\372D\354\345\276\201f\035\271%#\375\245\314.""\373\330&\3746\177P.\377\255K\330\362G{!s_\276B\273\031\331\234\023vy$7i\342\243\243\220\021_\222w1E\236\020?0\232H\266\366\033p\353\250\025\255\235\310\215\275\032\005\371R<p\240.\2618\277/\352\224\010/\352\224\020\n\000""; }; nodes {;   nodedata: ""h\315\350\215y\203\242]\371\235\232Pt&\325\210eZ\346\237XZ \277\2457n\221\336\253\245\317\002G)\346n?\227\005Y\336\276m\244>\014/\353)\343S\223\201\230\250\301d\027c\001\302\ris\006E\344\037@\210\363\010\336T\226\247'\204_{\261\370""1\235\2445\343\033Y!\212\201\341\272\225'\007\f\n0\233\306>\377~V|O\232@\324_\273\232o\\235\370\234IE\333\255j\001\361\204%\n\265\022\035W\277\033\265pM\027\313x\327iNP(O\216Pk&\235\336\223\217\374\212\253\322w\362\013\210`4\253""\302f\230\374\037bx\0145C\307\337\316[\244d\302\3031\347\300\025aX\357\226\221\016\003""; }; nodes {;   nodedata: ""f\225yM\014\263\225\204\377[\235\030P4BO\343Z\264\3646\307\304\177\327\n\261+$r\257\263\n\003""; }; ","ledgerHash: ""\237\231\311\371Y@""\177>\241""\310\233r\315\210Z\003g\334\034\021\305\3353Q\035\224\200\224\347\257""; ledgerSeq: 8; type: liBASE; nodes {;   nodedata: ""\000\000\000\010\001cEx]\211\377\330\311\347s\234ae\204\263\365U\334\372D\354\345\276\201f\035\271%#\375\245\314.""\373\330&\3746\177P.\377\255K\330\362G{!s_\276B\273\031\331\234\023vy$7i\342\243\243\220\021_\222w1E\236\020?0\232H\266\366\033p\353\250\025\255\235\310\215\275\032\005\371R<p\240.\2618\277/\352\224\010/\352\224\020\n\000""; }; nodes {;   nodedata: ""h\315\350\215y\203\242]\371\235\232Pt&\325\210eZ\346\237XZ \277\2457n\221\336\253\245\317\002G)\346n?\227\005Y\336\276m\244>\014/\353)\343S\223\201\230\250\301d\027c\001\302\ris\006E\344\037@\210\363\010\336T\226\247'\204_{\261\370""1\235\2445\343\033Y!\212\201\341\272\225'\007\f\n0\233\306>\377~V|O\232@\324_\273\232o\\235\370\234IE\333\255j\001\361\204%\n\265\022\035W\277\033\265pM\027\313x\327iNP(O\216Pk&\235\336\223\217\374\212\253\322w\362\013\210`4\253""\302f\230\374\037bx\0145C\307\337\316[\244d\302\3031\347\300\025aX\357\226\221\016\003""; }; nodes {;   nodedata: ""f\225yM\014\263\225\204\377[\235\030P4BO\343Z\264\3646\307\304\177\327\n\261+$r\257\263\n\003""; }; "
1750587287272,1750587287272,2142,1,3,1,TMGetLedger,"itype: liTS_CANDIDATE; ledgerHash: ""q|\216``\027\240\206w\312\263+\241\310\271\371\2034\351_\3373\tL\007q_p\342\264_z""; nodeIDs: ""\000\000\000\000\000\000\000\000\000\000\000\000\000\000\000\000\000\000\000\000\000\000\000\000\000\000\000\000\000\000\000\000\000""; requestCookie: 2; queryType: qtINDIRECT; queryDepth: 3; ","itype: liTS_CANDIDATE; ledgerHash: ""q|\216``\027\240\206w\312\263+\241\310\271\371\2034\351_\3373\tL\007q_p\342\264_z""; nodeIDs: ""\000\000\000\000\000\000\000\000\000\000\000\000\000\000\000\000\000\000\000\000\000\000\000\000\000\000\000\000\000\000\000\000\000""; requestCookie: 2; queryType: qtINDIRECT; queryDepth: 3; "
1750587287287,1750587287287,3546,1,2,0,TMProposeSet,"proposeSeq: 1; currentTxHash: ""q|\216``\027\240\206w\312\263+\241\310\271\371\2034\351_\3373\tL\007q_p\342\264_z""; nodePubKey: ""\003ql\302)\235\321\t\213\224\356\374%%\311\327\037\374\304\t\335\2359\344\233\035]\347<u\236\364\222""; closeTime: 803902480; signature: ""0E\002!\000\343K\014\341&\346jAp8\330\364n\263v\236\351l\325\235\004.-\316![\254n\256]\373/\002 \037b\222Q\204j\032G0\222\252y\355\270\373Q\217\356S\334\031\023,\225t\216\307\363^P84""; previousledger: ""\354@[\274\202\021\202\373Vi\243\n\325\250\005e\360""m\346'\311@\343\016$L\346\334\360<w""; ","proposeSeq: 1; currentTxHash: ""q|\216``\027\240\206w\312\263+\241\310\271\371\2034\351_\3373\tL\007q_p\342\264_z""; nodePubKey: ""\003ql\302)\235\321\t\213\224\356\374%%\311\327\037\374\304\t\335\2359\344\233\035]\347<u\236\364\222""; closeTime: 803902480; signature: ""0E\002!\000\343K\014\341&\346jAp8\330\364n\263v\236\351l\325\235\004.-\316![\254n\256]\373/\002 \037b\222Q\204j\032G0\222\252y\355\270\373Q\217\356S\334\031\023,\225t\216\307\363^P84""; previousledger: ""\354@[\274\202\021\202\373Vi\243\n\325\250\005e\360""m\346'\311@\343\016$L\346\334\360<w""; "
1750587287287,1750587287287,1838,1,2,1,TMProposeSet,"proposeSeq: 1; currentTxHash: ""q|\216``\027\240\206w\312\263+\241\310\271\371\2034\351_\3373\tL\007q_p\342\264_z""; nodePubKey: ""\003ql\302)\235\321\t\213\224\356\374%%\311\327\037\374\304\t\335\2359\344\233\035]\347<u\236\364\222""; closeTime: 803902480; signature: ""0E\002!\000\343K\014\341&\346jAp8\330\364n\263v\236\351l\325\235\004.-\316![\254n\256]\373/\002 \037b\222Q\204j\032G0\222\252y\355\270\373Q\217\356S\334\031\023,\225t\216\307\363^P84""; previousledger: ""\354@[\274\202\021\202\373Vi\243\n\325\250\005e\360""m\346'\311@\343\016$L\346\334\360<w""; ","proposeSeq: 1; currentTxHash: ""q|\216``\027\240\206w\312\263+\241\310\271\371\2034\351_\3373\tL\007q_p\342\264_z""; nodePubKey: ""\003ql\302)\235\321\t\213\224\356\374%%\311\327\037\374\304\t\335\2359\344\233\035]\347<u\236\364\222""; closeTime: 803902480; signature: ""0E\002!\000\343K\014\341&\346jAp8\330\364n\263v\236\351l\325\235\004.-\316![\254n\256]\373/\002 \037b\222Q\204j\032G0\222\252y\355\270\373Q\217\356S\334\031\023,\225t\216\307\363^P84""; previousledger: ""\354@[\274\202\021\202\373Vi\243\n\325\250\005e\360""m\346'\311@\343\016$L\346\334\360<w""; "
1750587287287,1750587287288,3082,1,2,4,TMProposeSet,"proposeSeq: 1; currentTxHash: ""q|\216``\027\240\206w\312\263+\241\310\271\371\2034\351_\3373\tL\007q_p\342\264_z""; nodePubKey: ""\003ql\302)\235\321\t\213\224\356\374%%\311\327\037\374\304\t\335\2359\344\233\035]\347<u\236\364\222""; closeTime: 803902480; signature: ""0E\002!\000\343K\014\341&\346jAp8\330\364n\263v\236\351l\325\235\004.-\316![\254n\256]\373/\002 \037b\222Q\204j\032G0\222\252y\355\270\373Q\217\356S\334\031\023,\225t\216\307\363^P84""; previousledger: ""\354@[\274\202\021\202\373Vi\243\n\325\250\005e\360""m\346'\311@\343\016$L\346\334\360<w""; ","proposeSeq: 1; currentTxHash: ""q|\216``\027\240\206w\312\263+\241\310\271\371\2034\351_\3373\tL\007q_p\342\264_z""; nodePubKey: ""\003ql\302)\235\321\t\213\224\356\374%%\311\327\037\374\304\t\335\2359\344\233\035]\347<u\236\364\222""; closeTime: 803902480; signature: ""0E\002!\000\343K\014\341&\346jAp8\330\364n\263v\236\351l\325\235\004.-\316![\254n\256]\373/\002 \037b\222Q\204j\032G0\222\252y\355\270\373Q\217\356S\334\031\023,\225t\216\307\363^P84""; previousledger: ""\354@[\274\202\021\202\373Vi\243\n\325\250\005e\360""m\346'\311@\343\016$L\346\334\360<w""; "
1750587287288,1750587287288,3725,1,2,3,TMProposeSet,"proposeSeq: 1; currentTxHash: ""q|\216``\027\240\206w\312\263+\241\310\271\371\2034\351_\3373\tL\007q_p\342\264_z""; nodePubKey: ""\003ql\302)\235\321\t\213\224\356\374%%\311\327\037\374\304\t\335\2359\344\233\035]\347<u\236\364\222""; closeTime: 803902480; signature: ""0E\002!\000\343K\014\341&\346jAp8\330\364n\263v\236\351l\325\235\004.-\316![\254n\256]\373/\002 \037b\222Q\204j\032G0\222\252y\355\270\373Q\217\356S\334\031\023,\225t\216\307\363^P84""; previousledger: ""\354@[\274\202\021\202\373Vi\243\n\325\250\005e\360""m\346'\311@\343\016$L\346\334\360<w""; ","proposeSeq: 1; currentTxHash: ""q|\216``\027\240\206w\312\263+\241\310\271\371\2034\351_\3373\tL\007q_p\342\264_z""; nodePubKey: ""\003ql\302)\235\321\t\213\224\356\374%%\311\327\037\374\304\t\335\2359\344\233\035]\347<u\236\364\222""; closeTime: 803902480; signature: ""0E\002!\000\343K\014\341&\346jAp8\330\364n\263v\236\351l\325\235\004.-\316![\254n\256]\373/\002 \037b\222Q\204j\032G0\222\252y\355\270\373Q\217\356S\334\031\023,\225t\216\307\363^P84""; previousledger: ""\354@[\274\202\021\202\373Vi\243\n\325\250\005e\360""m\346'\311@\343\016$L\346\334\360<w""; "
1750587287289,1750587287289,393,1,0,1,TMGetLedger,"itype: liTS_CANDIDATE; ledgerHash: ""q|\216``\027\240\206w\312\263+\241\310\271\371\2034\351_\3373\tL\007q_p\342\264_z""; nodeIDs: ""\000\000\000\000\000\000\000\000\000\000\000\000\000\000\000\000\000\000\000\000\000\000\000\000\000\000\000\000\000\000\000\000\000""; requestCookie: 4; queryType: qtINDIRECT; queryDepth: 3; ","itype: liTS_CANDIDATE; ledgerHash: ""q|\216``\027\240\206w\312\263+\241\310\271\371\2034\351_\3373\tL\007q_p\342\264_z""; nodeIDs: ""\000\000\000\000\000\000\000\000\000\000\000\000\000\000\000\000\000\000\000\000\000\000\000\000\000\000\000\000\000\000\000\000\000""; requestCookie: 4; queryType: qtINDIRECT; queryDepth: 3; "
1750587287294,1750587287294,1399,1,1,3,TMLedgerData,"ledgerHash: ""q|\216``\027\240\206w\312\263+\241\310\271\371\2034\351_\3373\tL\007q_p\342\264_z""; ledgerSeq: 0; type: liTS_CANDIDATE; nodes {;   nodedata: ""\003S\n\235\2624\346\340\377asq\337\223T\316nL\232)C!\360\245\205[L\224\\351\351\000\247\272\246\2214\014W1\360z\262\252=\343\207'\275\266;\016\021\306\330\030\225\023\357\272\353\200x\221\n\003"";   nodeid: ""\000\000\000\000\000\000\000\000\000\000\000\000\000\000\000\000\000\000\000\000\000\000\000\000\000\000\000\000\000\000\000\000\000""; }; ","ledgerHash: ""q|\216``\027\240\206w\312\263+\241\310\271\371\2034\351_\3373\tL\007q_p\342\264_z""; ledgerSeq: 0; type: liTS_CANDIDATE; nodes {;   nodedata: ""\003S\n\235\2624\346\340\377asq\337\223T\316nL\232)C!\360\245\205[L\224\\351\351\000\247\272\246\2214\014W1\360z\262\252=\343\207'\275\266;\016\021\306\330\030\225\023\357\272\353\200x\221\n\003"";   nodeid: ""\000\000\000\000\000\000\000\000\000\000\000\000\000\000\000\000\000\000\000\000\000\000\000\000\000\000\000\000\000\000\000\000\000""; }; "
1750587287300,1750587287300,2715,1,1,4,TMLedgerData,"ledgerHash: ""q|\216``\027\240\206w\312\263+\241\310\271\371\2034\351_\3373\tL\007q_p\342\264_z""; ledgerSeq: 0; type: liTS_CANDIDATE; nodes {;   nodedata: ""\003S\n\235\2624\346\340\377asq\337\223T\316nL\232)C!\360\245\205[L\224\\351\351\000\247\272\246\2214\014W1\360z\262\252=\343\207'\275\266;\016\021\306\330\030\225\023\357\272\353\200x\221\n\003"";   nodeid: ""\000\000\000\000\000\000\000\000\000\000\000\000\000\000\000\000\000\000\000\000\000\000\000\000\000\000\000\000\000\000\000\000\000""; }; requestCookie: 3; ","ledgerHash: ""q|\216``\027\240\206w\312\263+\241\310\271\371\2034\351_\3373\tL\007q_p\342\264_z""; ledgerSeq: 0; type: liTS_CANDIDATE; nodes {;   nodedata: ""\003S\n\235\2624\346\340\377asq\337\223T\316nL\232)C!\360\245\205[L\224\\351\351\000\247\272\246\2214\014W1\360z\262\252=\343\207'\275\266;\016\021\306\330\030\225\023\357\272\353\200x\221\n\003"";   nodeid: ""\000\000\000\000\000\000\000\000\000\000\000\000\000\000\000\000\000\000\000\000\000\000\000\000\000\000\000\000\000\000\000\000\000""; }; requestCookie: 3; "
1750587287325,1750587287325,393,1,0,1,TMGetLedger,"itype: liTS_CANDIDATE; ledgerHash: ""q|\216``\027\240\206w\312\263+\241\310\271\371\2034\351_\3373\tL\007q_p\342\264_z""; nodeIDs: ""\000\000\000\000\000\000\000\000\000\000\000\000\000\000\000\000\000\000\000\000\000\000\000\000\000\000\000\000\000\000\000\000\000""; requestCookie: 3; queryType: qtINDIRECT; queryDepth: 3; ","itype: liTS_CANDIDATE; ledgerHash: ""q|\216``\027\240\206w\312\263+\241\310\271\371\2034\351_\3373\tL\007q_p\342\264_z""; nodeIDs: ""\000\000\000\000\000\000\000\000\000\000\000\000\000\000\000\000\000\000\000\000\000\000\000\000\000\000\000\000\000\000\000\000\000""; requestCookie: 3; queryType: qtINDIRECT; queryDepth: 3; "
1750587287336,1750587287336,2472,1,1,2,TMLedgerData,"ledgerHash: ""q|\216``\027\240\206w\312\263+\241\310\271\371\2034\351_\3373\tL\007q_p\342\264_z""; ledgerSeq: 0; type: liTS_CANDIDATE; nodes {;   nodedata: ""\003S\n\235\2624\346\340\377asq\337\223T\316nL\232)C!\360\245\205[L\224\\351\351\000\247\272\246\2214\014W1\360z\262\252=\343\207'\275\266;\016\021\306\330\030\225\023\357\272\353\200x\221\n\003"";   nodeid: ""\000\000\000\000\000\000\000\000\000\000\000\000\000\000\000\000\000\000\000\000\000\000\000\000\000\000\000\000\000\000\000\000\000""; }; ","ledgerHash: ""q|\216``\027\240\206w\312\263+\241\310\271\371\2034\351_\3373\tL\007q_p\342\264_z""; ledgerSeq: 0; type: liTS_CANDIDATE; nodes {;   nodedata: ""\003S\n\235\2624\346\340\377asq\337\223T\316nL\232)C!\360\245\205[L\224\\351\351\000\247\272\246\2214\014W1\360z\262\252=\343\207'\275\266;\016\021\306\330\030\225\023\357\272\353\200x\221\n\003"";   nodeid: ""\000\000\000\000\000\000\000\000\000\000\000\000\000\000\000\000\000\000\000\000\000\000\000\000\000\000\000\000\000\000\000\000\000""; }; "
1750587287337,1750587287338,1103,1,0,4,TMLedgerData,"ledgerHash: ""\237\231\311\371Y@""\177>\241""\310\233r\315\210Z\003g\334\034\021\305\3353Q\035\224\200\224\347\257""; ledgerSeq: 8; type: liBASE; nodes {;   nodedata: ""\000\000\000\010\001cEx]\211\377\330\311\347s\234ae\204\263\365U\334\372D\354\345\276\201f\035\271%#\375\245\314.""\373\330&\3746\177P.\377\255K\330\362G{!s_\276B\273\031\331\234\023vy$7i\342\243\243\220\021_\222w1E\236\020?0\232H\266\366\033p\353\250\025\255\235\310\215\275\032\005\371R<p\240.\2618\277/\352\224\010/\352\224\020\n\000""; }; nodes {;   nodedata: ""h\315\350\215y\203\242]\371\235\232Pt&\325\210eZ\346\237XZ \277\2457n\221\336\253\245\317\002G)\346n?\227\005Y\336\276m\244>\014/\353)\343S\223\201\230\250\301d\027c\001\302\ris\006E\344\037@\210\363\010\336T\226\247'\204_{\261\370""1\235\2445\343\033Y!\212\201\341\272\225'\007\f\n0\233\306>\377~V|O\232@\324_\273\232o\\235\370\234IE\333\255j\001\361\204%\n\265\022\035W\277\033\265pM\027\313x\327iNP(O\216Pk&\235\336\223\217\374\212\253\322w\362\013\210`4\253""\302f\230\374\037bx\0145C\307\337\316[\244d\302\3031\347\300\025aX\357\226\221\016\003""; }; nodes {;   nodedata: ""f\225yM\014\263\225\204\377[\235\030P4BO\343Z\264\3646\307\304\177\327\n\261+$r\257\263\n\003""; }; requestCookie: 2; ","ledgerHash: ""\237\231\311\371Y@""\177>\241""\310\233r\315\210Z\003g\334\034\021\305\3353Q\035\224\200\224\347\257""; ledgerSeq: 8; type: liBASE; nodes {;   nodedata: ""\000\000\000\010\001cEx]\211\377\330\311\347s\234ae\204\263\365U\334\372D\354\345\276\201f\035\271%#\375\245\314.""\373\330&\3746\177P.\377\255K\330\362G{!s_\276B\273\031\331\234\023vy$7i\342\243\243\220\021_\222w1E\236\020?0\232H\266\366\033p\353\250\025\255\235\310\215\275\032\005\371R<p\240.\2618\277/\352\224\010/\352\224\020\n\000""; }; nodes {;   nodedata: ""h\315\350\215y\203\242]\371\235\232Pt&\325\210eZ\346\237XZ \277\2457n\221\336\253\245\317\002G)\346n?\227\005Y\336\276m\244>\014/\353)\343S\223\201\230\250\301d\027c\001\302\ris\006E\344\037@\210\363\010\336T\226\247'\204_{\261\370""1\235\2445\343\033Y!\212\201\341\272\225'\007\f\n0\233\306>\377~V|O\232@\324_\273\232o\\235\370\234IE\333\255j\001\361\204%\n\265\022\035W\277\033\265pM\027\313x\327iNP(O\216Pk&\235\336\223\217\374\212\253\322w\362\013\210`4\253""\302f\230\374\037bx\0145C\307\337\316[\244d\302\3031\347\300\025aX\357\226\221\016\003""; }; nodes {;   nodedata: ""f\225yM\014\263\225\204\377[\235\030P4BO\343Z\264\3646\307\304\177\327\n\261+$r\257\263\n\003""; }; requestCookie: 2; "
1750587287404,1750587287404,3118,1,3,4,TMGetLedger,"itype: liTS_CANDIDATE; ledgerHash: ""q|\216``\027\240\206w\312\263+\241\310\271\371\2034\351_\3373\tL\007q_p\342\264_z""; nodeIDs: ""\000\000\000\000\000\000\000\000\000\000\000\000\000\000\000\000\000\000\000\000\000\000\000\000\000\000\000\000\000\000\000\000\000""; queryType: qtINDIRECT; queryDepth: 3; ","itype: liTS_CANDIDATE; ledgerHash: ""q|\216``\027\240\206w\312\263+\241\310\271\371\2034\351_\3373\tL\007q_p\342\264_z""; nodeIDs: ""\000\000\000\000\000\000\000\000\000\000\000\000\000\000\000\000\000\000\000\000\000\000\000\000\000\000\000\000\000\000\000\000\000""; queryType: qtINDIRECT; queryDepth: 3; "
1750587287405,1750587287405,1136,1,3,0,TMGetLedger,"itype: liTS_CANDIDATE; ledgerHash: ""q|\216``\027\240\206w\312\263+\241\310\271\371\2034\351_\3373\tL\007q_p\342\264_z""; nodeIDs: ""\000\000\000\000\000\000\000\000\000\000\000\000\000\000\000\000\000\000\000\000\000\000\000\000\000\000\000\000\000\000\000\000\000""; queryType: qtINDIRECT; queryDepth: 3; ","itype: liTS_CANDIDATE; ledgerHash: ""q|\216``\027\240\206w\312\263+\241\310\271\371\2034\351_\3373\tL\007q_p\342\264_z""; nodeIDs: ""\000\000\000\000\000\000\000\000\000\000\000\000\000\000\000\000\000\000\000\000\000\000\000\000\000\000\000\000\000\000\000\000\000""; queryType: qtINDIRECT; queryDepth: 3; "
1750587287407,1750587287407,1590,1,3,2,TMGetLedger,"itype: liTS_CANDIDATE; ledgerHash: ""q|\216``\027\240\206w\312\263+\241\310\271\371\2034\351_\3373\tL\007q_p\342\264_z""; nodeIDs: ""\000\000\000\000\000\000\000\000\000\000\000\000\000\000\000\000\000\000\000\000\000\000\000\000\000\000\000\000\000\000\000\000\000""; queryType: qtINDIRECT; queryDepth: 3; ","itype: liTS_CANDIDATE; ledgerHash: ""q|\216``\027\240\206w\312\263+\241\310\271\371\2034\351_\3373\tL\007q_p\342\264_z""; nodeIDs: ""\000\000\000\000\000\000\000\000\000\000\000\000\000\000\000\000\000\000\000\000\000\000\000\000\000\000\000\000\000\000\000\000\000""; queryType: qtINDIRECT; queryDepth: 3; "
1750587287407,1750587287407,2142,1,3,1,TMGetLedger,"itype: liTS_CANDIDATE; ledgerHash: ""q|\216``\027\240\206w\312\263+\241\310\271\371\2034\351_\3373\tL\007q_p\342\264_z""; nodeIDs: ""\000\000\000\000\000\000\000\000\000\000\000\000\000\000\000\000\000\000\000\000\000\000\000\000\000\000\000\000\000\000\000\000\000""; queryType: qtINDIRECT; queryDepth: 3; ","itype: liTS_CANDIDATE; ledgerHash: ""q|\216``\027\240\206w\312\263+\241\310\271\371\2034\351_\3373\tL\007q_p\342\264_z""; nodeIDs: ""\000\000\000\000\000\000\000\000\000\000\000\000\000\000\000\000\000\000\000\000\000\000\000\000\000\000\000\000\000\000\000\000\000""; queryType: qtINDIRECT; queryDepth: 3; "
1750587287407,1750587287407,2655,1,1,0,TMLedgerData,"ledgerHash: ""q|\216``\027\240\206w\312\263+\241\310\271\371\2034\351_\3373\tL\007q_p\342\264_z""; ledgerSeq: 0; type: liTS_CANDIDATE; nodes {;   nodedata: ""\003S\n\235\2624\346\340\377asq\337\223T\316nL\232)C!\360\245\205[L\224\\351\351\000\247\272\246\2214\014W1\360z\262\252=\343\207'\275\266;\016\021\306\330\030\225\023\357\272\353\200x\221\n\003"";   nodeid: ""\000\000\000\000\000\000\000\000\000\000\000\000\000\000\000\000\000\000\000\000\000\000\000\000\000\000\000\000\000\000\000\000\000""; }; ","ledgerHash: ""q|\216``\027\240\206w\312\263+\241\310\271\371\2034\351_\3373\tL\007q_p\342\264_z""; ledgerSeq: 0; type: liTS_CANDIDATE; nodes {;   nodedata: ""\003S\n\235\2624\346\340\377asq\337\223T\316nL\232)C!\360\245\205[L\224\\351\351\000\247\272\246\2214\014W1\360z\262\252=\343\207'\275\266;\016\021\306\330\030\225\023\357\272\353\200x\221\n\003"";   nodeid: ""\000\000\000\000\000\000\000\000\000\000\000\000\000\000\000\000\000\000\000\000\000\000\000\000\000\000\000\000\000\000\000\000\000""; }; "
1750587287421,1750587287421,1772,1,4,3,TMLedgerData,"ledgerHash: ""\007\347lg\346B\270\350\352\375\266\371?(\361\364\365I|\375\262>\230(\333\250\331\007\360U\024\027""; ledgerSeq: 0; type: liTS_CANDIDATE; nodes {;   nodedata: ""\003S\n\235\2624\346\340\377asq\337\223T\316nL\232)C!\360\245\205[L\224\\351\351\000\003"";   nodeid: ""\000\000\000\000\000\000\000\000\000\000\000\000\000\000\000\000\000\000\000\000\000\000\000\000\000\000\000\000\000\000\000\000\000""; }; ","ledgerHash: ""\007\347lg\346B\270\350\352\375\266\371?(\361\364\365I|\375\262>\230(\333\250\331\007\360U\024\027""; ledgerSeq: 0; type: liTS_CANDIDATE; nodes {;   nodedata: ""\003S\n\235\2624\346\340\377asq\337\223T\316nL\232)C!\360\245\205[L\224\\351\351\000\003"";   nodeid: ""\000\000\000\000\000\000\000\000\000\000\000\000\000\000\000\000\000\000\000\000\000\000\000\000\000\000\000\000\000\000\000\000\000""; }; "
1750587287470,1750587287470,2655,1,1,0,TMLedgerData,"ledgerHash: ""q|\216``\027\240\206w\312\263+\241\310\271\371\2034\351_\3373\tL\007q_p\342\264_z""; ledgerSeq: 0; type: liTS_CANDIDATE; nodes {;   nodedata: ""\003S\n\235\2624\346\340\377asq\337\223T\316nL\232)C!\360\245\205[L\224\\351\351\000\247\272\246\2214\014W1\360z\262\252=\343\207'\275\266;\016\021\306\330\030\225\023\357\272\353\200x\221\n\003"";   nodeid: ""\000\000\000\000\000\000\000\000\000\000\000\000\000\000\000\000\000\000\000\000\000\000\000\000\000\000\000\000\000\000\000\000\000""; }; requestCookie: 3; ","ledgerHash: ""q|\216``\027\240\206w\312\263+\241\310\271\371\2034\351_\3373\tL\007q_p\342\264_z""; ledgerSeq: 0; type: liTS_CANDIDATE; nodes {;   nodedata: ""\003S\n\235\2624\346\340\377asq\337\223T\316nL\232)C!\360\245\205[L\224\\351\351\000\247\272\246\2214\014W1\360z\262\252=\343\207'\275\266;\016\021\306\330\030\225\023\357\272\353\200x\221\n\003"";   nodeid: ""\000\000\000\000\000\000\000\000\000\000\000\000\000\000\000\000\000\000\000\000\000\000\000\000\000\000\000\000\000\000\000\000\000""; }; requestCookie: 3; "
1750587287476,1750587287476,557,1,4,1,TMGetLedger,"itype: liTS_CANDIDATE; ledgerHash: ""q|\216``\027\240\206w\312\263+\241\310\271\371\2034\351_\3373\tL\007q_p\342\264_z""; nodeIDs: ""\000\000\000\000\000\000\000\000\000\000\000\000\000\000\000\000\000\000\000\000\000\000\000\000\000\000\000\000\000\000\000\000\000""; requestCookie: 1; queryType: qtINDIRECT; queryDepth: 3; ","itype: liTS_CANDIDATE; ledgerHash: ""q|\216``\027\240\206w\312\263+\241\310\271\371\2034\351_\3373\tL\007q_p\342\264_z""; nodeIDs: ""\000\000\000\000\000\000\000\000\000\000\000\000\000\000\000\000\000\000\000\000\000\000\000\000\000\000\000\000\000\000\000\000\000""; requestCookie: 1; queryType: qtINDIRECT; queryDepth: 3; "
1750587287492,1750587287492,557,1,4,1,TMGetLedger,"itype: liTS_CANDIDATE; ledgerHash: ""q|\216``\027\240\206w\312\263+\241\310\271\371\2034\351_\3373\tL\007q_p\342\264_z""; nodeIDs: ""\000\000\000\000\000\000\000\000\000\000\000\000\000\000\000\000\000\000\000\000\000\000\000\000\000\000\000\000\000\000\000\000\000""; requestCookie: 3; queryType: qtINDIRECT; queryDepth: 3; ","itype: liTS_CANDIDATE; ledgerHash: ""q|\216``\027\240\206w\312\263+\241\310\271\371\2034\351_\3373\tL\007q_p\342\264_z""; nodeIDs: ""\000\000\000\000\000\000\000\000\000\000\000\000\000\000\000\000\000\000\000\000\000\000\000\000\000\000\000\000\000\000\000\000\000""; requestCookie: 3; queryType: qtINDIRECT; queryDepth: 3; "
1750587287509,1750587287509,393,1,0,1,TMGetLedger,"itype: liTS_CANDIDATE; ledgerHash: ""q|\216``\027\240\206w\312\263+\241\310\271\371\2034\351_\3373\tL\007q_p\342\264_z""; nodeIDs: ""\000\000\000\000\000\000\000\000\000\000\000\000\000\000\000\000\000\000\000\000\000\000\000\000\000\000\000\000\000\000\000\000\000""; queryType: qtINDIRECT; queryDepth: 3; ","itype: liTS_CANDIDATE; ledgerHash: ""q|\216``\027\240\206w\312\263+\241\310\271\371\2034\351_\3373\tL\007q_p\342\264_z""; nodeIDs: ""\000\000\000\000\000\000\000\000\000\000\000\000\000\000\000\000\000\000\000\000\000\000\000\000\000\000\000\000\000\000\000\000\000""; queryType: qtINDIRECT; queryDepth: 3; "
1750587287510,1750587287510,3414,1,0,2,TMGetLedger,"itype: liTS_CANDIDATE; ledgerHash: ""q|\216``\027\240\206w\312\263+\241\310\271\371\2034\351_\3373\tL\007q_p\342\264_z""; nodeIDs: ""\000\000\000\000\000\000\000\000\000\000\000\000\000\000\000\000\000\000\000\000\000\000\000\000\000\000\000\000\000\000\000\000\000""; queryType: qtINDIRECT; queryDepth: 3; ","itype: liTS_CANDIDATE; ledgerHash: ""q|\216``\027\240\206w\312\263+\241\310\271\371\2034\351_\3373\tL\007q_p\342\264_z""; nodeIDs: ""\000\000\000\000\000\000\000\000\000\000\000\000\000\000\000\000\000\000\000\000\000\000\000\000\000\000\000\000\000\000\000\000\000""; queryType: qtINDIRECT; queryDepth: 3; "
1750587287510,1750587287510,1764,1,0,3,TMGetLedger,"itype: liTS_CANDIDATE; ledgerHash: ""q|\216``\027\240\206w\312\263+\241\310\271\371\2034\351_\3373\tL\007q_p\342\264_z""; nodeIDs: ""\000\000\000\000\000\000\000\000\000\000\000\000\000\000\000\000\000\000\000\000\000\000\000\000\000\000\000\000\000\000\000\000\000""; queryType: qtINDIRECT; queryDepth: 3; ","itype: liTS_CANDIDATE; ledgerHash: ""q|\216``\027\240\206w\312\263+\241\310\271\371\2034\351_\3373\tL\007q_p\342\264_z""; nodeIDs: ""\000\000\000\000\000\000\000\000\000\000\000\000\000\000\000\000\000\000\000\000\000\000\000\000\000\000\000\000\000\000\000\000\000""; queryType: qtINDIRECT; queryDepth: 3; "
1750587287510,1750587287510,1466,1,0,4,TMGetLedger,"itype: liTS_CANDIDATE; ledgerHash: ""q|\216``\027\240\206w\312\263+\241\310\271\371\2034\351_\3373\tL\007q_p\342\264_z""; nodeIDs: ""\000\000\000\000\000\000\000\000\000\000\000\000\000\000\000\000\000\000\000\000\000\000\000\000\000\000\000\000\000\000\000\000\000""; queryType: qtINDIRECT; queryDepth: 3; ","itype: liTS_CANDIDATE; ledgerHash: ""q|\216``\027\240\206w\312\263+\241\310\271\371\2034\351_\3373\tL\007q_p\342\264_z""; nodeIDs: ""\000\000\000\000\000\000\000\000\000\000\000\000\000\000\000\000\000\000\000\000\000\000\000\000\000\000\000\000\000\000\000\000\000""; queryType: qtINDIRECT; queryDepth: 3; "
1750587287540,1750587287540,393,1,0,1,TMGetLedger,"itype: liTS_CANDIDATE; ledgerHash: ""q|\216``\027\240\206w\312\263+\241\310\271\371\2034\351_\3373\tL\007q_p\342\264_z""; nodeIDs: ""\000\000\000\000\000\000\000\000\000\000\000\000\000\000\000\000\000\000\000\000\000\000\000\000\000\000\000\000\000\000\000\000\000""; requestCookie: 4; queryType: qtINDIRECT; queryDepth: 3; ","itype: liTS_CANDIDATE; ledgerHash: ""q|\216``\027\240\206w\312\263+\241\310\271\371\2034\351_\3373\tL\007q_p\342\264_z""; nodeIDs: ""\000\000\000\000\000\000\000\000\000\000\000\000\000\000\000\000\000\000\000\000\000\000\000\000\000\000\000\000\000\000\000\000\000""; requestCookie: 4; queryType: qtINDIRECT; queryDepth: 3; "
1750587287551,1750587287551,2715,1,1,4,TMLedgerData,"ledgerHash: ""q|\216``\027\240\206w\312\263+\241\310\271\371\2034\351_\3373\tL\007q_p\342\264_z""; ledgerSeq: 0; type: liTS_CANDIDATE; nodes {;   nodedata: ""\003S\n\235\2624\346\340\377asq\337\223T\316nL\232)C!\360\245\205[L\224\\351\351\000\247\272\246\2214\014W1\360z\262\252=\343\207'\275\266;\016\021\306\330\030\225\023\357\272\353\200x\221\n\003"";   nodeid: ""\000\000\000\000\000\000\000\000\000\000\000\000\000\000\000\000\000\000\000\000\000\000\000\000\000\000\000\000\000\000\000\000\000""; }; requestCookie: 3; ","ledgerHash: ""q|\216``\027\240\206w\312\263+\241\310\271\371\2034\351_\3373\tL\007q_p\342\264_z""; ledgerSeq: 0; type: liTS_CANDIDATE; nodes {;   nodedata: ""\003S\n\235\2624\346\340\377asq\337\223T\316nL\232)C!\360\245\205[L\224\\351\351\000\247\272\246\2214\014W1\360z\262\252=\343\207'\275\266;\016\021\306\330\030\225\023\357\272\353\200x\221\n\003"";   nodeid: ""\000\000\000\000\000\000\000\000\000\000\000\000\000\000\000\000\000\000\000\000\000\000\000\000\000\000\000\000\000\000\000\000\000""; }; requestCookie: 3; "
1750587287573,1750587287573,393,1,0,1,TMGetLedger,"itype: liTS_CANDIDATE; ledgerHash: ""q|\216``\027\240\206w\312\263+\241\310\271\371\2034\351_\3373\tL\007q_p\342\264_z""; nodeIDs: ""\000\000\000\000\000\000\000\000\000\000\000\000\000\000\000\000\000\000\000\000\000\000\000\000\000\000\000\000\000\000\000\000\000""; requestCookie: 3; queryType: qtINDIRECT; queryDepth: 3; ","itype: liTS_CANDIDATE; ledgerHash: ""q|\216``\027\240\206w\312\263+\241\310\271\371\2034\351_\3373\tL\007q_p\342\264_z""; nodeIDs: ""\000\000\000\000\000\000\000\000\000\000\000\000\000\000\000\000\000\000\000\000\000\000\000\000\000\000\000\000\000\000\000\000\000""; requestCookie: 3; queryType: qtINDIRECT; queryDepth: 3; "
1750587287612,1750587287612,2565,1,3,0,TMLedgerData,"ledgerHash: ""b\001;\355\\351h\305\360*\252j\2470\334[#|\313\3606\207\210\245\372\217RX\333g`K""; ledgerSeq: 0; type: liTS_CANDIDATE; nodes {;   nodedata: "" \245\366\271\024\035\303\242}O\341[\232\374\0350\307\253\205\001\301\216B\031pk\231\004\271\276\265\240\002\003"";   nodeid: ""\000\000\000\000\000\000\000\000\000\000\000\000\000\000\000\000\000\000\000\000\000\000\000\000\000\000\000\000\000\000\000\000\000""; }; ","ledgerHash: ""b\001;\355\\351h\305\360*\252j\2470\334[#|\313\3606\207\210\245\372\217RX\333g`K""; ledgerSeq: 0; type: liTS_CANDIDATE; nodes {;   nodedata: "" \245\366\271\024\035\303\242}O\341[\232\374\0350\307\253\205\001\301\216B\031pk\231\004\271\276\265\240\002\003"";   nodeid: ""\000\000\000\000\000\000\000\000\000\000\000\000\000\000\000\000\000\000\000\000\000\000\000\000\000\000\000\000\000\000\000\000\000""; }; "
1750587287654,1750587287654,1136,1,3,0,TMGetLedger,"itype: liTS_CANDIDATE; ledgerHash: ""q|\216``\027\240\206w\312\263+\241\310\271\371\2034\351_\3373\tL\007q_p\342\264_z""; nodeIDs: ""\000\000\000\000\000\000\000\000\000\000\000\000\000\000\000\000\000\000\000\000\000\000\000\000\000\000\000\000\000\000\000\000\000""; queryType: qtINDIRECT; queryDepth: 3; ","itype: liTS_CANDIDATE; ledgerHash: ""q|\216``\027\240\206w\312\263+\241\310\271\371\2034\351_\3373\tL\007q_p\342\264_z""; nodeIDs: ""\000\000\000\000\000\000\000\000\000\000\000\000\000\000\000\000\000\000\000\000\000\000\000\000\000\000\000\000\000\000\000\000\000""; queryType: qtINDIRECT; queryDepth: 3; "
1750587287655,1750587287655,2142,1,3,1,TMGetLedger,"itype: liTS_CANDIDATE; ledgerHash: ""q|\216``\027\240\206w\312\263+\241\310\271\371\2034\351_\3373\tL\007q_p\342\264_z""; nodeIDs: ""\000\000\000\000\000\000\000\000\000\000\000\000\000\000\000\000\000\000\000\000\000\000\000\000\000\000\000\000\000\000\000\000\000""; queryType: qtINDIRECT; queryDepth: 3; ","itype: liTS_CANDIDATE; ledgerHash: ""q|\216``\027\240\206w\312\263+\241\310\271\371\2034\351_\3373\tL\007q_p\342\264_z""; nodeIDs: ""\000\000\000\000\000\000\000\000\000\000\000\000\000\000\000\000\000\000\000\000\000\000\000\000\000\000\000\000\000\000\000\000\000""; queryType: qtINDIRECT; queryDepth: 3; "
1750587287656,1750587287656,1590,1,3,2,TMGetLedger,"itype: liTS_CANDIDATE; ledgerHash: ""q|\216``\027\240\206w\312\263+\241\310\271\371\2034\351_\3373\tL\007q_p\342\264_z""; nodeIDs: ""\000\000\000\000\000\000\000\000\000\000\000\000\000\000\000\000\000\000\000\000\000\000\000\000\000\000\000\000\000\000\000\000\000""; queryType: qtINDIRECT; queryDepth: 3; ","itype: liTS_CANDIDATE; ledgerHash: ""q|\216``\027\240\206w\312\263+\241\310\271\371\2034\351_\3373\tL\007q_p\342\264_z""; nodeIDs: ""\000\000\000\000\000\000\000\000\000\000\000\000\000\000\000\000\000\000\000\000\000\000\000\000\000\000\000\000\000\000\000\000\000""; queryType: qtINDIRECT; queryDepth: 3; "
1750587287656,1750587287656,2655,1,1,0,TMLedgerData,"ledgerHash: ""q|\216``\027\240\206w\312\263+\241\310\271\371\2034\351_\3373\tL\007q_p\342\264_z""; ledgerSeq: 0; type: liTS_CANDIDATE; nodes {;   nodedata: ""\003S\n\235\2624\346\340\377asq\337\223T\316nL\232)C!\360\245\205[L\224\\351\351\000\247\272\246\2214\014W1\360z\262\252=\343\207'\275\266;\016\021\306\330\030\225\023\357\272\353\200x\221\n\003"";   nodeid: ""\000\000\000\000\000\000\000\000\000\000\000\000\000\000\000\000\000\000\000\000\000\000\000\000\000\000\000\000\000\000\000\000\000""; }; ","ledgerHash: ""q|\216``\027\240\206w\312\263+\241\310\271\371\2034\351_\3373\tL\007q_p\342\264_z""; ledgerSeq: 0; type: liTS_CANDIDATE; nodes {;   nodedata: ""\003S\n\235\2624\346\340\377asq\337\223T\316nL\232)C!\360\245\205[L\224\\351\351\000\247\272\246\2214\014W1\360z\262\252=\343\207'\275\266;\016\021\306\330\030\225\023\357\272\353\200x\221\n\003"";   nodeid: ""\000\000\000\000\000\000\000\000\000\000\000\000\000\000\000\000\000\000\000\000\000\000\000\000\000\000\000\000\000\000\000\000\000""; }; "
1750587287656,1750587287656,3118,1,3,4,TMGetLedger,"itype: liTS_CANDIDATE; ledgerHash: ""q|\216``\027\240\206w\312\263+\241\310\271\371\2034\351_\3373\tL\007q_p\342\264_z""; nodeIDs: ""\000\000\000\000\000\000\000\000\000\000\000\000\000\000\000\000\000\000\000\000\000\000\000\000\000\000\000\000\000\000\000\000\000""; queryType: qtINDIRECT; queryDepth: 3; ","itype: liTS_CANDIDATE; ledgerHash: ""q|\216``\027\240\206w\312\263+\241\310\271\371\2034\351_\3373\tL\007q_p\342\264_z""; nodeIDs: ""\000\000\000\000\000\000\000\000\000\000\000\000\000\000\000\000\000\000\000\000\000\000\000\000\000\000\000\000\000\000\000\000\000""; queryType: qtINDIRECT; queryDepth: 3; "
1750587287685,1750587287685,2655,1,1,0,TMLedgerData,"ledgerHash: ""q|\216``\027\240\206w\312\263+\241\310\271\371\2034\351_\3373\tL\007q_p\342\264_z""; ledgerSeq: 0; type: liTS_CANDIDATE; nodes {;   nodedata: ""\003S\n\235\2624\346\340\377asq\337\223T\316nL\232)C!\360\245\205[L\224\\351\351\000\247\272\246\2214\014W1\360z\262\252=\343\207'\275\266;\016\021\306\330\030\225\023\357\272\353\200x\221\n\003"";   nodeid: ""\000\000\000\000\000\000\000\000\000\000\000\000\000\000\000\000\000\000\000\000\000\000\000\000\000\000\000\000\000\000\000\000\000""; }; requestCookie: 4; ","ledgerHash: ""q|\216``\027\240\206w\312\263+\241\310\271\371\2034\351_\3373\tL\007q_p\342\264_z""; ledgerSeq: 0; type: liTS_CANDIDATE; nodes {;   nodedata: ""\003S\n\235\2624\346\340\377asq\337\223T\316nL\232)C!\360\245\205[L\224\\351\351\000\247\272\246\2214\014W1\360z\262\252=\343\207'\275\266;\016\021\306\330\030\225\023\357\272\353\200x\221\n\003"";   nodeid: ""\000\000\000\000\000\000\000\000\000\000\000\000\000\000\000\000\000\000\000\000\000\000\000\000\000\000\000\000\000\000\000\000\000""; }; requestCookie: 4; "
1750587287719,1750587287719,2655,1,1,0,TMLedgerData,"ledgerHash: ""q|\216``\027\240\206w\312\263+\241\310\271\371\2034\351_\3373\tL\007q_p\342\264_z""; ledgerSeq: 0; type: liTS_CANDIDATE; nodes {;   nodedata: ""\003S\n\235\2624\346\340\377asq\337\223T\316nL\232)C!\360\245\205[L\224\\351\351\000\247\272\246\2214\014W1\360z\262\252=\343\207'\275\266;\016\021\306\330\030\225\023\357\272\353\200x\221\n\003"";   nodeid: ""\000\000\000\000\000\000\000\000\000\000\000\000\000\000\000\000\000\000\000\000\000\000\000\000\000\000\000\000\000\000\000\000\000""; }; requestCookie: 3; ","ledgerHash: ""q|\216``\027\240\206w\312\263+\241\310\271\371\2034\351_\3373\tL\007q_p\342\264_z""; ledgerSeq: 0; type: liTS_CANDIDATE; nodes {;   nodedata: ""\003S\n\235\2624\346\340\377asq\337\223T\316nL\232)C!\360\245\205[L\224\\351\351\000\247\272\246\2214\014W1\360z\262\252=\343\207'\275\266;\016\021\306\330\030\225\023\357\272\353\200x\221\n\003"";   nodeid: ""\000\000\000\000\000\000\000\000\000\000\000\000\000\000\000\000\000\000\000\000\000\000\000\000\000\000\000\000\000\000\000\000\000""; }; requestCookie: 3; "
1750587287726,1750587287726,557,1,4,1,TMGetLedger,"itype: liTS_CANDIDATE; ledgerHash: ""q|\216``\027\240\206w\312\263+\241\310\271\371\2034\351_\3373\tL\007q_p\342\264_z""; nodeIDs: ""\000\000\000\000\000\000\000\000\000\000\000\000\000\000\000\000\000\000\000\000\000\000\000\000\000\000\000\000\000\000\000\000\000""; requestCookie: 1; queryType: qtINDIRECT; queryDepth: 3; ","itype: liTS_CANDIDATE; ledgerHash: ""q|\216``\027\240\206w\312\263+\241\310\271\371\2034\351_\3373\tL\007q_p\342\264_z""; nodeIDs: ""\000\000\000\000\000\000\000\000\000\000\000\000\000\000\000\000\000\000\000\000\000\000\000\000\000\000\000\000\000\000\000\000\000""; requestCookie: 1; queryType: qtINDIRECT; queryDepth: 3; "
1750587287744,1750587287744,1102,1,2,3,TMLedgerData,"ledgerHash: ""q|\216``\027\240\206w\312\263+\241\310\271\371\2034\351_\3373\tL\007q_p\342\264_z""; ledgerSeq: 0; type: liTS_CANDIDATE; nodes {;   nodedata: ""\003S\n\235\2624\346\340\377asq\337\223T\316nL\232)C!\360\245\205[L\224\\351\351\000\247\272\246\2214\014W1\360z\262\252=\343\207'\275\266;\016\021\306\330\030\225\023\357\272\353\200x\221\n\003"";   nodeid: ""\000\000\000\000\000\000\000\000\000\000\000\000\000\000\000\000\000\000\000\000\000\000\000\000\000\000\000\000\000\000\000\000\000""; }; ","ledgerHash: ""q|\216``\027\240\206w\312\263+\241\310\271\371\2034\351_\3373\tL\007q_p\342\264_z""; ledgerSeq: 0; type: liTS_CANDIDATE; nodes {;   nodedata: ""\003S\n\235\2624\346\340\377asq\337\223T\316nL\232)C!\360\245\205[L\224\\351\351\000\247\272\246\2214\014W1\360z\262\252=\343\207'\275\266;\016\021\306\330\030\225\023\357\272\353\200x\221\n\003"";   nodeid: ""\000\000\000\000\000\000\000\000\000\000\000\000\000\000\000\000\000\000\000\000\000\000\000\000\000\000\000\000\000\000\000\000\000""; }; "
1750587287760,1750587287760,3414,1,0,2,TMGetLedger,"itype: liTS_CANDIDATE; ledgerHash: ""q|\216``\027\240\206w\312\263+\241\310\271\371\2034\351_\3373\tL\007q_p\342\264_z""; nodeIDs: ""\000\000\000\000\000\000\000\000\000\000\000\000\000\000\000\000\000\000\000\000\000\000\000\000\000\000\000\000\000\000\000\000\000""; queryType: qtINDIRECT; queryDepth: 3; ","itype: liTS_CANDIDATE; ledgerHash: ""q|\216``\027\240\206w\312\263+\241\310\271\371\2034\351_\3373\tL\007q_p\342\264_z""; nodeIDs: ""\000\000\000\000\000\000\000\000\000\000\000\000\000\000\000\000\000\000\000\000\000\000\000\000\000\000\000\000\000\000\000\000\000""; queryType: qtINDIRECT; queryDepth: 3; "
1750587287760,1750587287760,1764,1,0,3,TMGetLedger,"itype: liTS_CANDIDATE; ledgerHash: ""q|\216``\027\240\206w\312\263+\241\310\271\371\2034\351_\3373\tL\007q_p\342\264_z""; nodeIDs: ""\000\000\000\000\000\000\000\000\000\000\000\000\000\000\000\000\000\000\000\000\000\000\000\000\000\000\000\000\000\000\000\000\000""; queryType: qtINDIRECT; queryDepth: 3; ","itype: liTS_CANDIDATE; ledgerHash: ""q|\216``\027\240\206w\312\263+\241\310\271\371\2034\351_\3373\tL\007q_p\342\264_z""; nodeIDs: ""\000\000\000\000\000\000\000\000\000\000\000\000\000\000\000\000\000\000\000\000\000\000\000\000\000\000\000\000\000\000\000\000\000""; queryType: qtINDIRECT; queryDepth: 3; "
1750587287760,1750587287760,393,1,0,1,TMGetLedger,"itype: liTS_CANDIDATE; ledgerHash: ""q|\216``\027\240\206w\312\263+\241\310\271\371\2034\351_\3373\tL\007q_p\342\264_z""; nodeIDs: ""\000\000\000\000\000\000\000\000\000\000\000\000\000\000\000\000\000\000\000\000\000\000\000\000\000\000\000\000\000\000\000\000\000""; queryType: qtINDIRECT; queryDepth: 3; ","itype: liTS_CANDIDATE; ledgerHash: ""q|\216``\027\240\206w\312\263+\241\310\271\371\2034\351_\3373\tL\007q_p\342\264_z""; nodeIDs: ""\000\000\000\000\000\000\000\000\000\000\000\000\000\000\000\000\000\000\000\000\000\000\000\000\000\000\000\000\000\000\000\000\000""; queryType: qtINDIRECT; queryDepth: 3; "
1750587287761,1750587287761,1466,1,0,4,TMGetLedger,"itype: liTS_CANDIDATE; ledgerHash: ""q|\216``\027\240\206w\312\263+\241\310\271\371\2034\351_\3373\tL\007q_p\342\264_z""; nodeIDs: ""\000\000\000\000\000\000\000\000\000\000\000\000\000\000\000\000\000\000\000\000\000\000\000\000\000\000\000\000\000\000\000\000\000""; queryType: qtINDIRECT; queryDepth: 3; ","itype: liTS_CANDIDATE; ledgerHash: ""q|\216``\027\240\206w\312\263+\241\310\271\371\2034\351_\3373\tL\007q_p\342\264_z""; nodeIDs: ""\000\000\000\000\000\000\000\000\000\000\000\000\000\000\000\000\000\000\000\000\000\000\000\000\000\000\000\000\000\000\000\000\000""; queryType: qtINDIRECT; queryDepth: 3; "
1750587287774,1750587287774,1590,1,3,2,TMGetLedger,"itype: liTS_CANDIDATE; ledgerHash: ""q|\216``\027\240\206w\312\263+\241\310\271\371\2034\351_\3373\tL\007q_p\342\264_z""; nodeIDs: ""\000\000\000\000\000\000\000\000\000\000\000\000\000\000\000\000\000\000\000\000\000\000\000\000\000\000\000\000\000\000\000\000\000""; requestCookie: 2; queryType: qtINDIRECT; queryDepth: 3; ","itype: liTS_CANDIDATE; ledgerHash: ""q|\216``\027\240\206w\312\263+\241\310\271\371\2034\351_\3373\tL\007q_p\342\264_z""; nodeIDs: ""\000\000\000\000\000\000\000\000\000\000\000\000\000\000\000\000\000\000\000\000\000\000\000\000\000\000\000\000\000\000\000\000\000""; requestCookie: 2; queryType: qtINDIRECT; queryDepth: 3; "
1750587287790,1750587287790,393,1,0,1,TMGetLedger,"itype: liTS_CANDIDATE; ledgerHash: ""q|\216``\027\240\206w\312\263+\241\310\271\371\2034\351_\3373\tL\007q_p\342\264_z""; nodeIDs: ""\000\000\000\000\000\000\000\000\000\000\000\000\000\000\000\000\000\000\000\000\000\000\000\000\000\000\000\000\000\000\000\000\000""; requestCookie: 4; queryType: qtINDIRECT; queryDepth: 3; ","itype: liTS_CANDIDATE; ledgerHash: ""q|\216``\027\240\206w\312\263+\241\310\271\371\2034\351_\3373\tL\007q_p\342\264_z""; nodeIDs: ""\000\000\000\000\000\000\000\000\000\000\000\000\000\000\000\000\000\000\000\000\000\000\000\000\000\000\000\000\000\000\000\000\000""; requestCookie: 4; queryType: qtINDIRECT; queryDepth: 3; "
1750587287802,1750587287802,2715,1,1,4,TMLedgerData,"ledgerHash: ""q|\216``\027\240\206w\312\263+\241\310\271\371\2034\351_\3373\tL\007q_p\342\264_z""; ledgerSeq: 0; type: liTS_CANDIDATE; nodes {;   nodedata: ""\003S\n\235\2624\346\340\377asq\337\223T\316nL\232)C!\360\245\205[L\224\\351\351\000\247\272\246\2214\014W1\360z\262\252=\343\207'\275\266;\016\021\306\330\030\225\023\357\272\353\200x\221\n\003"";   nodeid: ""\000\000\000\000\000\000\000\000\000\000\000\000\000\000\000\000\000\000\000\000\000\000\000\000\000\000\000\000\000\000\000\000\000""; }; requestCookie: 3; ","ledgerHash: ""q|\216``\027\240\206w\312\263+\241\310\271\371\2034\351_\3373\tL\007q_p\342\264_z""; ledgerSeq: 0; type: liTS_CANDIDATE; nodes {;   nodedata: ""\003S\n\235\2624\346\340\377asq\337\223T\316nL\232)C!\360\245\205[L\224\\351\351\000\247\272\246\2214\014W1\360z\262\252=\343\207'\275\266;\016\021\306\330\030\225\023\357\272\353\200x\221\n\003"";   nodeid: ""\000\000\000\000\000\000\000\000\000\000\000\000\000\000\000\000\000\000\000\000\000\000\000\000\000\000\000\000\000\000\000\000\000""; }; requestCookie: 3; "
1750587287825,1750587287825,393,1,0,1,TMGetLedger,"itype: liTS_CANDIDATE; ledgerHash: ""q|\216``\027\240\206w\312\263+\241\310\271\371\2034\351_\3373\tL\007q_p\342\264_z""; nodeIDs: ""\000\000\000\000\000\000\000\000\000\000\000\000\000\000\000\000\000\000\000\000\000\000\000\000\000\000\000\000\000\000\000\000\000""; requestCookie: 3; queryType: qtINDIRECT; queryDepth: 3; ","itype: liTS_CANDIDATE; ledgerHash: ""q|\216``\027\240\206w\312\263+\241\310\271\371\2034\351_\3373\tL\007q_p\342\264_z""; nodeIDs: ""\000\000\000\000\000\000\000\000\000\000\000\000\000\000\000\000\000\000\000\000\000\000\000\000\000\000\000\000\000\000\000\000\000""; requestCookie: 3; queryType: qtINDIRECT; queryDepth: 3; "
1750587287874,1750587287874,1753,1,0,2,TMLedgerData,"ledgerHash: ""\237\231\311\371Y@""\177>\241""\310\233r\315\210Z\003g\334\034\021\305\3353Q\035\224\200\224\347\257""; ledgerSeq: 8; type: liTX_NODE; nodes {;   nodedata: ""\274\022\000\000""\000\000\000\000$\000\000\000\006 \033\000\000\000\032a@\000\000\023S/~\000h@\000\000\000\000\000\000\ns!\003\364\346'\245\361\313f\307\325O*\031\010 \337\241\354\3450V\376\031#\323\000\245'Q`4d\376tF0D\002 ,\010\365p6\304C\242\365\005bf\023\023\2535\373c\246@\nC\214\257Kj\3519\353\257)r\002 [n\210\266}:;pPVw\327i\342,4\316\274A\315\001|\214\302?\r\222\354\240\0308\221\201\024B\006\222#\215\346\234\245/\205\327[/\206^\005y\253G\373\203\024E0\246\210\344\325\345r\024T\251\006P\255\352\333\372\351\337\302\301] \034\000\000\000\000\370\345\021\000a%\000\000\000\006U\222c\273c4\225\334\221\227u?\025\314=\305/\262\367\217\375\027j\323\304\372\312Fv\2716\001\355V`\201|\265N\251\301Y\240\225\206\033+\t\343\352\033+\325\025OC\253O\023\305&l\256\252\351\247\346$\000\000\000\006b@\000\000\027H\206*@\341\347""\000\000\000\000$\000\000\000\007-\000\000\000\000b@\000\000\003\365V\2546\201\024B\006\222#\215\346\234\245/\205\327[/\206^\005y\253G\373\341\341\345\021\000a%\000\000\000\006U\246C\232\272\013^\241\340~\030'\005/\234\037\355\231\230\017\266\365\303w\360\273\374\234\362S:\270\023V\250\327\275\254\201\236\370\336\205\322\273\305\241\026\265L\374\365\316\330\225\325\203\316\303\217\337V\341\265\274\252\346b@\000\000\027H\206*@\341\347""\000\000\000\000$\000\000\000\006-\000\000\000\000b@\000\000*\233\265\250@\201\024E0\246\210\344\325\345r\024T\251\006P\255\352\333\372\351\337\302\341\341\361\003\020\000\247\272\246\2214\014W1\360z\262\252=\343\207'\275\266;\016\021\306\330\030\225\023\357\272\353\200x\221\004"";   nodeid: ""\240\000\000\000\000\000\000\000\000\000\000\000\000\000\000\000\000\000\000\000\000\000\000\000\000\000\000\000\000\000\000\000\001""; }; ","ledgerHash: ""\237\231\311\371Y@""\177>\241""\310\233r\315\210Z\003g\334\034\021\305\3353Q\035\224\200\224\347\257""; ledgerSeq: 8; type: liTX_NODE; nodes {;   nodedata: ""\274\022\000\000""\000\000\000\000$\000\000\000\006 \033\000\000\000\032a@\000\000\023S/~\000h@\000\000\000\000\000\000\ns!\003\364\346'\245\361\313f\307\325O*\031\010 \337\241\354\3450V\376\031#\323\000\245'Q`4d\376tF0D\002 ,\010\365p6\304C\242\365\005bf\023\023\2535\373c\246@\nC\214\257Kj\3519\353\257)r\002 [n\210\266}:;pPVw\327i\342,4\316\274A\315\001|\214\302?\r\222\354\240\0308\221\201\024B\006\222#\215\346\234\245/\205\327[/\206^\005y\253G\373\203\024E0\246\210\344\325\345r\024T\251\006P\255\352\333\372\351\337\302\301] \034\000\000\000\000\370\345\021\000a%\000\000\000\006U\222c\273c4\225\334\221\227u?\025\314=\305/\262\367\217\375\027j\323\304\372\312Fv\2716\001\355V`\201|\265N\251\301Y\240\225\206\033+\t\343\352\033+\325\025OC\253O\023\305&l\256\252\351\247\346$\000\000\000\006b@\000\000\027H\206*@\341\347""\000\000\000\000$\000\000\000\007-\000\000\000\000b@\000\000\003\365V\2546\201\024B\006\222#\215\346\234\245/\205\327[/\206^\005y\253G\373\341\341\345\021\000a%\000\000\000\006U\246C\232\272\013^\241\340~\030'\005/\234\037\355\231\230\017\266\365\303w\360\273\374\234\362S:\270\023V\250\327\275\254\201\236\370\336\205\322\273\305\241\026\265L\374\365\316\330\225\325\203\316\303\217\337V\341\265\274\252\346b@\000\000\027H\206*@\341\347""\000\000\000\000$\000\000\000\006-\000\000\000\000b@\000\000*\233\265\250@\201\024E0\246\210\344\325\345r\024T\251\006P\255\352\333\372\351\337\302\341\341\361\003\020\000\247\272\246\2214\014W1\360z\262\252=\343\207'\275\266;\016\021\306\330\030\225\023\357\272\353\200x\221\004"";   nodeid: ""\240\000\000\000\000\000\000\000\000\000\000\000\000\000\000\000\000\000\000\000\000\000\000\000\000\000\000\000\000\000\000\000\001""; }; "
1750587287904,1750587287904,1136,1,3,0,TMGetLedger,"itype: liTS_CANDIDATE; ledgerHash: ""q|\216``\027\240\206w\312\263+\241\310\271\371\2034\351_\3373\tL\007q_p\342\264_z""; nodeIDs: ""\000\000\000\000\000\000\000\000\000\000\000\000\000\000\000\000\000\000\000\000\000\000\000\000\000\000\000\000\000\000\000\000\000""; queryType: qtINDIRECT; queryDepth: 3; ","itype: liTS_CANDIDATE; ledgerHash: ""q|\216``\027\240\206w\312\263+\241\310\271\371\2034\351_\3373\tL\007q_p\342\264_z""; nodeIDs: ""\000\000\000\000\000\000\000\000\000\000\000\000\000\000\000\000\000\000\000\000\000\000\000\000\000\000\000\000\000\000\000\000\000""; queryType: qtINDIRECT; queryDepth: 3; "
1750587287905,1750587287905,2142,1,3,1,TMGetLedger,"itype: liTS_CANDIDATE; ledgerHash: ""q|\216``\027\240\206w\312\263+\241\310\271\371\2034\351_\3373\tL\007q_p\342\264_z""; nodeIDs: ""\000\000\000\000\000\000\000\000\000\000\000\000\000\000\000\000\000\000\000\000\000\000\000\000\000\000\000\000\000\000\000\000\000""; queryType: qtINDIRECT; queryDepth: 3; ","itype: liTS_CANDIDATE; ledgerHash: ""q|\216``\027\240\206w\312\263+\241\310\271\371\2034\351_\3373\tL\007q_p\342\264_z""; nodeIDs: ""\000\000\000\000\000\000\000\000\000\000\000\000\000\000\000\000\000\000\000\000\000\000\000\000\000\000\000\000\000\000\000\000\000""; queryType: qtINDIRECT; queryDepth: 3; "
1750587287904,1750587287904,3118,1,3,4,TMGetLedger,"itype: liTS_CANDIDATE; ledgerHash: ""q|\216``\027\240\206w\312\263+\241\310\271\371\2034\351_\3373\tL\007q_p\342\264_z""; nodeIDs: ""\000\000\000\000\000\000\000\000\000\000\000\000\000\000\000\000\000\000\000\000\000\000\000\000\000\000\000\000\000\000\000\000\000""; queryType: qtINDIRECT; queryDepth: 3; ","itype: liTS_CANDIDATE; ledgerHash: ""q|\216``\027\240\206w\312\263+\241\310\271\371\2034\351_\3373\tL\007q_p\342\264_z""; nodeIDs: ""\000\000\000\000\000\000\000\000\000\000\000\000\000\000\000\000\000\000\000\000\000\000\000\000\000\000\000\000\000\000\000\000\000""; queryType: qtINDIRECT; queryDepth: 3; "
1750587287905,1750587287905,2655,1,1,0,TMLedgerData,"ledgerHash: ""q|\216``\027\240\206w\312\263+\241\310\271\371\2034\351_\3373\tL\007q_p\342\264_z""; ledgerSeq: 0; type: liTS_CANDIDATE; nodes {;   nodedata: ""\003S\n\235\2624\346\340\377asq\337\223T\316nL\232)C!\360\245\205[L\224\\351\351\000\247\272\246\2214\014W1\360z\262\252=\343\207'\275\266;\016\021\306\330\030\225\023\357\272\353\200x\221\n\003"";   nodeid: ""\000\000\000\000\000\000\000\000\000\000\000\000\000\000\000\000\000\000\000\000\000\000\000\000\000\000\000\000\000\000\000\000\000""; }; ","ledgerHash: ""q|\216``\027\240\206w\312\263+\241\310\271\371\2034\351_\3373\tL\007q_p\342\264_z""; ledgerSeq: 0; type: liTS_CANDIDATE; nodes {;   nodedata: ""\003S\n\235\2624\346\340\377asq\337\223T\316nL\232)C!\360\245\205[L\224\\351\351\000\247\272\246\2214\014W1\360z\262\252=\343\207'\275\266;\016\021\306\330\030\225\023\357\272\353\200x\221\n\003"";   nodeid: ""\000\000\000\000\000\000\000\000\000\000\000\000\000\000\000\000\000\000\000\000\000\000\000\000\000\000\000\000\000\000\000\000\000""; }; "
1750587287905,1750587287905,1590,1,3,2,TMGetLedger,"itype: liTS_CANDIDATE; ledgerHash: ""q|\216``\027\240\206w\312\263+\241\310\271\371\2034\351_\3373\tL\007q_p\342\264_z""; nodeIDs: ""\000\000\000\000\000\000\000\000\000\000\000\000\000\000\000\000\000\000\000\000\000\000\000\000\000\000\000\000\000\000\000\000\000""; queryType: qtINDIRECT; queryDepth: 3; ","itype: liTS_CANDIDATE; ledgerHash: ""q|\216``\027\240\206w\312\263+\241\310\271\371\2034\351_\3373\tL\007q_p\342\264_z""; nodeIDs: ""\000\000\000\000\000\000\000\000\000\000\000\000\000\000\000\000\000\000\000\000\000\000\000\000\000\000\000\000\000\000\000\000\000""; queryType: qtINDIRECT; queryDepth: 3; "
1750587287934,1750587287934,2655,1,1,0,TMLedgerData,"ledgerHash: ""q|\216``\027\240\206w\312\263+\241\310\271\371\2034\351_\3373\tL\007q_p\342\264_z""; ledgerSeq: 0; type: liTS_CANDIDATE; nodes {;   nodedata: ""\003S\n\235\2624\346\340\377asq\337\223T\316nL\232)C!\360\245\205[L\224\\351\351\000\247\272\246\2214\014W1\360z\262\252=\343\207'\275\266;\016\021\306\330\030\225\023\357\272\353\200x\221\n\003"";   nodeid: ""\000\000\000\000\000\000\000\000\000\000\000\000\000\000\000\000\000\000\000\000\000\000\000\000\000\000\000\000\000\000\000\000\000""; }; requestCookie: 4; ","ledgerHash: ""q|\216``\027\240\206w\312\263+\241\310\271\371\2034\351_\3373\tL\007q_p\342\264_z""; ledgerSeq: 0; type: liTS_CANDIDATE; nodes {;   nodedata: ""\003S\n\235\2624\346\340\377asq\337\223T\316nL\232)C!\360\245\205[L\224\\351\351\000\247\272\246\2214\014W1\360z\262\252=\343\207'\275\266;\016\021\306\330\030\225\023\357\272\353\200x\221\n\003"";   nodeid: ""\000\000\000\000\000\000\000\000\000\000\000\000\000\000\000\000\000\000\000\000\000\000\000\000\000\000\000\000\000\000\000\000\000""; }; requestCookie: 4; "
1750587287969,1750587287969,2655,1,1,0,TMLedgerData,"ledgerHash: ""q|\216``\027\240\206w\312\263+\241\310\271\371\2034\351_\3373\tL\007q_p\342\264_z""; ledgerSeq: 0; type: liTS_CANDIDATE; nodes {;   nodedata: ""\003S\n\235\2624\346\340\377asq\337\223T\316nL\232)C!\360\245\205[L\224\\351\351\000\247\272\246\2214\014W1\360z\262\252=\343\207'\275\266;\016\021\306\330\030\225\023\357\272\353\200x\221\n\003"";   nodeid: ""\000\000\000\000\000\000\000\000\000\000\000\000\000\000\000\000\000\000\000\000\000\000\000\000\000\000\000\000\000\000\000\000\000""; }; requestCookie: 3; ","ledgerHash: ""q|\216``\027\240\206w\312\263+\241\310\271\371\2034\351_\3373\tL\007q_p\342\264_z""; ledgerSeq: 0; type: liTS_CANDIDATE; nodes {;   nodedata: ""\003S\n\235\2624\346\340\377asq\337\223T\316nL\232)C!\360\245\205[L\224\\351\351\000\247\272\246\2214\014W1\360z\262\252=\343\207'\275\266;\016\021\306\330\030\225\023\357\272\353\200x\221\n\003"";   nodeid: ""\000\000\000\000\000\000\000\000\000\000\000\000\000\000\000\000\000\000\000\000\000\000\000\000\000\000\000\000\000\000\000\000\000""; }; requestCookie: 3; "
1750587287977,1750587287977,557,1,4,1,TMGetLedger,"itype: liTS_CANDIDATE; ledgerHash: ""q|\216``\027\240\206w\312\263+\241\310\271\371\2034\351_\3373\tL\007q_p\342\264_z""; nodeIDs: ""\000\000\000\000\000\000\000\000\000\000\000\000\000\000\000\000\000\000\000\000\000\000\000\000\000\000\000\000\000\000\000\000\000""; requestCookie: 1; queryType: qtINDIRECT; queryDepth: 3; ","itype: liTS_CANDIDATE; ledgerHash: ""q|\216``\027\240\206w\312\263+\241\310\271\371\2034\351_\3373\tL\007q_p\342\264_z""; nodeIDs: ""\000\000\000\000\000\000\000\000\000\000\000\000\000\000\000\000\000\000\000\000\000\000\000\000\000\000\000\000\000\000\000\000\000""; requestCookie: 1; queryType: qtINDIRECT; queryDepth: 3; "
1750587287980,1750587287981,1650,1,3,4,TMLedgerData,"ledgerHash: ""\007\347lg\346B\270\350\352\375\266\371?(\361\364\365I|\375\262>\230(\333\250\331\007\360U\024\027""; ledgerSeq: 0; type: liTS_CANDIDATE; nodes {;   nodedata: ""\003S\n\235\2624\346\340\377asq\337\223T\316nL\232)C!\360\245\205[L\224\\351\351\000\003"";   nodeid: ""\000\000\000\000\000\000\000\000\000\000\000\000\000\000\000\000\000\000\000\000\000\000\000\000\000\000\000\000\000\000\000\000\000""; }; ","ledgerHash: ""\007\347lg\346B\270\350\352\375\266\371?(\361\364\365I|\375\262>\230(\333\250\331\007\360U\024\027""; ledgerSeq: 0; type: liTS_CANDIDATE; nodes {;   nodedata: ""\003S\n\235\2624\346\340\377asq\337\223T\316nL\232)C!\360\245\205[L\224\\351\351\000\003"";   nodeid: ""\000\000\000\000\000\000\000\000\000\000\000\000\000\000\000\000\000\000\000\000\000\000\000\000\000\000\000\000\000\000\000\000\000""; }; "
1750587287994,1750587287994,1102,1,2,3,TMLedgerData,"ledgerHash: ""q|\216``\027\240\206w\312\263+\241\310\271\371\2034\351_\3373\tL\007q_p\342\264_z""; ledgerSeq: 0; type: liTS_CANDIDATE; nodes {;   nodedata: ""\003S\n\235\2624\346\340\377asq\337\223T\316nL\232)C!\360\245\205[L\224\\351\351\000\247\272\246\2214\014W1\360z\262\252=\343\207'\275\266;\016\021\306\330\030\225\023\357\272\353\200x\221\n\003"";   nodeid: ""\000\000\000\000\000\000\000\000\000\000\000\000\000\000\000\000\000\000\000\000\000\000\000\000\000\000\000\000\000\000\000\000\000""; }; ","ledgerHash: ""q|\216``\027\240\206w\312\263+\241\310\271\371\2034\351_\3373\tL\007q_p\342\264_z""; ledgerSeq: 0; type: liTS_CANDIDATE; nodes {;   nodedata: ""\003S\n\235\2624\346\340\377asq\337\223T\316nL\232)C!\360\245\205[L\224\\351\351\000\247\272\246\2214\014W1\360z\262\252=\343\207'\275\266;\016\021\306\330\030\225\023\357\272\353\200x\221\n\003"";   nodeid: ""\000\000\000\000\000\000\000\000\000\000\000\000\000\000\000\000\000\000\000\000\000\000\000\000\000\000\000\000\000\000\000\000\000""; }; "
1750587288010,1750587288010,3414,1,0,2,TMGetLedger,"itype: liTS_CANDIDATE; ledgerHash: ""q|\216``\027\240\206w\312\263+\241\310\271\371\2034\351_\3373\tL\007q_p\342\264_z""; nodeIDs: ""\000\000\000\000\000\000\000\000\000\000\000\000\000\000\000\000\000\000\000\000\000\000\000\000\000\000\000\000\000\000\000\000\000""; queryType: qtINDIRECT; queryDepth: 3; ","itype: liTS_CANDIDATE; ledgerHash: ""q|\216``\027\240\206w\312\263+\241\310\271\371\2034\351_\3373\tL\007q_p\342\264_z""; nodeIDs: ""\000\000\000\000\000\000\000\000\000\000\000\000\000\000\000\000\000\000\000\000\000\000\000\000\000\000\000\000\000\000\000\000\000""; queryType: qtINDIRECT; queryDepth: 3; "
1750587288011,1750587288011,1764,1,0,3,TMGetLedger,"itype: liTS_CANDIDATE; ledgerHash: ""q|\216``\027\240\206w\312\263+\241\310\271\371\2034\351_\3373\tL\007q_p\342\264_z""; nodeIDs: ""\000\000\000\000\000\000\000\000\000\000\000\000\000\000\000\000\000\000\000\000\000\000\000\000\000\000\000\000\000\000\000\000\000""; queryType: qtINDIRECT; queryDepth: 3; ","itype: liTS_CANDIDATE; ledgerHash: ""q|\216``\027\240\206w\312\263+\241\310\271\371\2034\351_\3373\tL\007q_p\342\264_z""; nodeIDs: ""\000\000\000\000\000\000\000\000\000\000\000\000\000\000\000\000\000\000\000\000\000\000\000\000\000\000\000\000\000\000\000\000\000""; queryType: qtINDIRECT; queryDepth: 3; "
1750587288010,1750587288010,393,1,0,1,TMGetLedger,"itype: liTS_CANDIDATE; ledgerHash: ""q|\216``\027\240\206w\312\263+\241\310\271\371\2034\351_\3373\tL\007q_p\342\264_z""; nodeIDs: ""\000\000\000\000\000\000\000\000\000\000\000\000\000\000\000\000\000\000\000\000\000\000\000\000\000\000\000\000\000\000\000\000\000""; queryType: qtINDIRECT; queryDepth: 3; ","itype: liTS_CANDIDATE; ledgerHash: ""q|\216``\027\240\206w\312\263+\241\310\271\371\2034\351_\3373\tL\007q_p\342\264_z""; nodeIDs: ""\000\000\000\000\000\000\000\000\000\000\000\000\000\000\000\000\000\000\000\000\000\000\000\000\000\000\000\000\000\000\000\000\000""; queryType: qtINDIRECT; queryDepth: 3; "
1750587288011,1750587288011,1466,1,0,4,TMGetLedger,"itype: liTS_CANDIDATE; ledgerHash: ""q|\216``\027\240\206w\312\263+\241\310\271\371\2034\351_\3373\tL\007q_p\342\264_z""; nodeIDs: ""\000\000\000\000\000\000\000\000\000\000\000\000\000\000\000\000\000\000\000\000\000\000\000\000\000\000\000\000\000\000\000\000\000""; queryType: qtINDIRECT; queryDepth: 3; ","itype: liTS_CANDIDATE; ledgerHash: ""q|\216``\027\240\206w\312\263+\241\310\271\371\2034\351_\3373\tL\007q_p\342\264_z""; nodeIDs: ""\000\000\000\000\000\000\000\000\000\000\000\000\000\000\000\000\000\000\000\000\000\000\000\000\000\000\000\000\000\000\000\000\000""; queryType: qtINDIRECT; queryDepth: 3; "
1750587288023,1750587288024,1590,1,3,2,TMGetLedger,"itype: liTS_CANDIDATE; ledgerHash: ""q|\216``\027\240\206w\312\263+\241\310\271\371\2034\351_\3373\tL\007q_p\342\264_z""; nodeIDs: ""\000\000\000\000\000\000\000\000\000\000\000\000\000\000\000\000\000\000\000\000\000\000\000\000\000\000\000\000\000\000\000\000\000""; requestCookie: 2; queryType: qtINDIRECT; queryDepth: 3; ","itype: liTS_CANDIDATE; ledgerHash: ""q|\216``\027\240\206w\312\263+\241\310\271\371\2034\351_\3373\tL\007q_p\342\264_z""; nodeIDs: ""\000\000\000\000\000\000\000\000\000\000\000\000\000\000\000\000\000\000\000\000\000\000\000\000\000\000\000\000\000\000\000\000\000""; requestCookie: 2; queryType: qtINDIRECT; queryDepth: 3; "
1750587288035,1750587288035,2715,1,1,4,TMLedgerData,"ledgerHash: ""q|\216``\027\240\206w\312\263+\241\310\271\371\2034\351_\3373\tL\007q_p\342\264_z""; ledgerSeq: 0; type: liTS_CANDIDATE; nodes {;   nodedata: ""\003S\n\235\2624\346\340\377asq\337\223T\316nL\232)C!\360\245\205[L\224\\351\351\000\247\272\246\2214\014W1\360z\262\252=\343\207'\275\266;\016\021\306\330\030\225\023\357\272\353\200x\221\n\003"";   nodeid: ""\000\000\000\000\000\000\000\000\000\000\000\000\000\000\000\000\000\000\000\000\000\000\000\000\000\000\000\000\000\000\000\000\000""; }; requestCookie: 1; ","ledgerHash: ""q|\216``\027\240\206w\312\263+\241\310\271\371\2034\351_\3373\tL\007q_p\342\264_z""; ledgerSeq: 0; type: liTS_CANDIDATE; nodes {;   nodedata: ""\003S\n\235\2624\346\340\377asq\337\223T\316nL\232)C!\360\245\205[L\224\\351\351\000\247\272\246\2214\014W1\360z\262\252=\343\207'\275\266;\016\021\306\330\030\225\023\357\272\353\200x\221\n\003"";   nodeid: ""\000\000\000\000\000\000\000\000\000\000\000\000\000\000\000\000\000\000\000\000\000\000\000\000\000\000\000\000\000\000\000\000\000""; }; requestCookie: 1; "
1750587288041,1750587288041,393,1,0,1,TMGetLedger,"itype: liTS_CANDIDATE; ledgerHash: ""q|\216``\027\240\206w\312\263+\241\310\271\371\2034\351_\3373\tL\007q_p\342\264_z""; nodeIDs: ""\000\000\000\000\000\000\000\000\000\000\000\000\000\000\000\000\000\000\000\000\000\000\000\000\000\000\000\000\000\000\000\000\000""; requestCookie: 4; queryType: qtINDIRECT; queryDepth: 3; ","itype: liTS_CANDIDATE; ledgerHash: ""q|\216``\027\240\206w\312\263+\241\310\271\371\2034\351_\3373\tL\007q_p\342\264_z""; nodeIDs: ""\000\000\000\000\000\000\000\000\000\000\000\000\000\000\000\000\000\000\000\000\000\000\000\000\000\000\000\000\000\000\000\000\000""; requestCookie: 4; queryType: qtINDIRECT; queryDepth: 3; "
1750587288051,1750587288051,2715,1,1,4,TMLedgerData,"ledgerHash: ""q|\216``\027\240\206w\312\263+\241\310\271\371\2034\351_\3373\tL\007q_p\342\264_z""; ledgerSeq: 0; type: liTS_CANDIDATE; nodes {;   nodedata: ""\003S\n\235\2624\346\340\377asq\337\223T\316nL\232)C!\360\245\205[L\224\\351\351\000\247\272\246\2214\014W1\360z\262\252=\343\207'\275\266;\016\021\306\330\030\225\023\357\272\353\200x\221\n\003"";   nodeid: ""\000\000\000\000\000\000\000\000\000\000\000\000\000\000\000\000\000\000\000\000\000\000\000\000\000\000\000\000\000\000\000\000\000""; }; requestCookie: 3; ","ledgerHash: ""q|\216``\027\240\206w\312\263+\241\310\271\371\2034\351_\3373\tL\007q_p\342\264_z""; ledgerSeq: 0; type: liTS_CANDIDATE; nodes {;   nodedata: ""\003S\n\235\2624\346\340\377asq\337\223T\316nL\232)C!\360\245\205[L\224\\351\351\000\247\272\246\2214\014W1\360z\262\252=\343\207'\275\266;\016\021\306\330\030\225\023\357\272\353\200x\221\n\003"";   nodeid: ""\000\000\000\000\000\000\000\000\000\000\000\000\000\000\000\000\000\000\000\000\000\000\000\000\000\000\000\000\000\000\000\000\000""; }; requestCookie: 3; "
1750587288059,1750587288059,1652,1,0,3,TMHaveTransactionSet,"status: tsHAVE; hash: ""q|\216``\027\240\206w\312\263+\241\310\271\371\2034\351_\3373\tL\007q_p\342\264_z""; ","status: tsHAVE; hash: ""q|\216``\027\240\206w\312\263+\241\310\271\371\2034\351_\3373\tL\007q_p\342\264_z""; "
1750587288060,1750587288060,2787,1,0,2,TMHaveTransactionSet,"status: tsHAVE; hash: ""q|\216``\027\240\206w\312\263+\241\310\271\371\2034\351_\3373\tL\007q_p\342\264_z""; ","status: tsHAVE; hash: ""q|\216``\027\240\206w\312\263+\241\310\271\371\2034\351_\3373\tL\007q_p\342\264_z""; "
1750587288060,1750587288060,1702,1,0,1,TMHaveTransactionSet,"status: tsHAVE; hash: ""q|\216``\027\240\206w\312\263+\241\310\271\371\2034\351_\3373\tL\007q_p\342\264_z""; ","status: tsHAVE; hash: ""q|\216``\027\240\206w\312\263+\241\310\271\371\2034\351_\3373\tL\007q_p\342\264_z""; "
1750587288060,1750587288061,1786,1,0,4,TMHaveTransactionSet,"status: tsHAVE; hash: ""q|\216``\027\240\206w\312\263+\241\310\271\371\2034\351_\3373\tL\007q_p\342\264_z""; ","status: tsHAVE; hash: ""q|\216``\027\240\206w\312\263+\241\310\271\371\2034\351_\3373\tL\007q_p\342\264_z""; "
1750587288075,1750587288075,1753,1,0,2,TMLedgerData,"ledgerHash: ""q|\216``\027\240\206w\312\263+\241\310\271\371\2034\351_\3373\tL\007q_p\342\264_z""; ledgerSeq: 0; type: liTS_CANDIDATE; nodes {;   nodedata: ""\003S\n\235\2624\346\340\377asq\337\223T\316nL\232)C!\360\245\205[L\224\\351\351\000\247\272\246\2214\014W1\360z\262\252=\343\207'\275\266;\016\021\306\330\030\225\023\357\272\353\200x\221\n\003"";   nodeid: ""\000\000\000\000\000\000\000\000\000\000\000\000\000\000\000\000\000\000\000\000\000\000\000\000\000\000\000\000\000\000\000\000\000""; }; ","ledgerHash: ""q|\216``\027\240\206w\312\263+\241\310\271\371\2034\351_\3373\tL\007q_p\342\264_z""; ledgerSeq: 0; type: liTS_CANDIDATE; nodes {;   nodedata: ""\003S\n\235\2624\346\340\377asq\337\223T\316nL\232)C!\360\245\205[L\224\\351\351\000\247\272\246\2214\014W1\360z\262\252=\343\207'\275\266;\016\021\306\330\030\225\023\357\272\353\200x\221\n\003"";   nodeid: ""\000\000\000\000\000\000\000\000\000\000\000\000\000\000\000\000\000\000\000\000\000\000\000\000\000\000\000\000\000\000\000\000\000""; }; "
1750587288154,1750587288154,2142,1,3,1,TMGetLedger,"itype: liTS_CANDIDATE; ledgerHash: ""q|\216``\027\240\206w\312\263+\241\310\271\371\2034\351_\3373\tL\007q_p\342\264_z""; nodeIDs: ""\000\000\000\000\000\000\000\000\000\000\000\000\000\000\000\000\000\000\000\000\000\000\000\000\000\000\000\000\000\000\000\000\000""; queryType: qtINDIRECT; queryDepth: 3; ","itype: liTS_CANDIDATE; ledgerHash: ""q|\216``\027\240\206w\312\263+\241\310\271\371\2034\351_\3373\tL\007q_p\342\264_z""; nodeIDs: ""\000\000\000\000\000\000\000\000\000\000\000\000\000\000\000\000\000\000\000\000\000\000\000\000\000\000\000\000\000\000\000\000\000""; queryType: qtINDIRECT; queryDepth: 3; "
1750587288156,1750587288156,2655,1,1,0,TMLedgerData,"ledgerHash: ""q|\216``\027\240\206w\312\263+\241\310\271\371\2034\351_\3373\tL\007q_p\342\264_z""; ledgerSeq: 0; type: liTS_CANDIDATE; nodes {;   nodedata: ""\003S\n\235\2624\346\340\377asq\337\223T\316nL\232)C!\360\245\205[L\224\\351\351\000\247\272\246\2214\014W1\360z\262\252=\343\207'\275\266;\016\021\306\330\030\225\023\357\272\353\200x\221\n\003"";   nodeid: ""\000\000\000\000\000\000\000\000\000\000\000\000\000\000\000\000\000\000\000\000\000\000\000\000\000\000\000\000\000\000\000\000\000""; }; ","ledgerHash: ""q|\216``\027\240\206w\312\263+\241\310\271\371\2034\351_\3373\tL\007q_p\342\264_z""; ledgerSeq: 0; type: liTS_CANDIDATE; nodes {;   nodedata: ""\003S\n\235\2624\346\340\377asq\337\223T\316nL\232)C!\360\245\205[L\224\\351\351\000\247\272\246\2214\014W1\360z\262\252=\343\207'\275\266;\016\021\306\330\030\225\023\357\272\353\200x\221\n\003"";   nodeid: ""\000\000\000\000\000\000\000\000\000\000\000\000\000\000\000\000\000\000\000\000\000\000\000\000\000\000\000\000\000\000\000\000\000""; }; "
1750587288155,1750587288155,1590,1,3,2,TMGetLedger,"itype: liTS_CANDIDATE; ledgerHash: ""q|\216``\027\240\206w\312\263+\241\310\271\371\2034\351_\3373\tL\007q_p\342\264_z""; nodeIDs: ""\000\000\000\000\000\000\000\000\000\000\000\000\000\000\000\000\000\000\000\000\000\000\000\000\000\000\000\000\000\000\000\000\000""; queryType: qtINDIRECT; queryDepth: 3; ","itype: liTS_CANDIDATE; ledgerHash: ""q|\216``\027\240\206w\312\263+\241\310\271\371\2034\351_\3373\tL\007q_p\342\264_z""; nodeIDs: ""\000\000\000\000\000\000\000\000\000\000\000\000\000\000\000\000\000\000\000\000\000\000\000\000\000\000\000\000\000\000\000\000\000""; queryType: qtINDIRECT; queryDepth: 3; "
1750587288155,1750587288155,1136,1,3,0,TMGetLedger,"itype: liTS_CANDIDATE; ledgerHash: ""q|\216``\027\240\206w\312\263+\241\310\271\371\2034\351_\3373\tL\007q_p\342\264_z""; nodeIDs: ""\000\000\000\000\000\000\000\000\000\000\000\000\000\000\000\000\000\000\000\000\000\000\000\000\000\000\000\000\000\000\000\000\000""; queryType: qtINDIRECT; queryDepth: 3; ","itype: liTS_CANDIDATE; ledgerHash: ""q|\216``\027\240\206w\312\263+\241\310\271\371\2034\351_\3373\tL\007q_p\342\264_z""; nodeIDs: ""\000\000\000\000\000\000\000\000\000\000\000\000\000\000\000\000\000\000\000\000\000\000\000\000\000\000\000\000\000\000\000\000\000""; queryType: qtINDIRECT; queryDepth: 3; "
1750587288155,1750587288155,3118,1,3,4,TMGetLedger,"itype: liTS_CANDIDATE; ledgerHash: ""q|\216``\027\240\206w\312\263+\241\310\271\371\2034\351_\3373\tL\007q_p\342\264_z""; nodeIDs: ""\000\000\000\000\000\000\000\000\000\000\000\000\000\000\000\000\000\000\000\000\000\000\000\000\000\000\000\000\000\000\000\000\000""; queryType: qtINDIRECT; queryDepth: 3; ","itype: liTS_CANDIDATE; ledgerHash: ""q|\216``\027\240\206w\312\263+\241\310\271\371\2034\351_\3373\tL\007q_p\342\264_z""; nodeIDs: ""\000\000\000\000\000\000\000\000\000\000\000\000\000\000\000\000\000\000\000\000\000\000\000\000\000\000\000\000\000\000\000\000\000""; queryType: qtINDIRECT; queryDepth: 3; "
1750587288184,1750587288185,2655,1,1,0,TMLedgerData,"ledgerHash: ""q|\216``\027\240\206w\312\263+\241\310\271\371\2034\351_\3373\tL\007q_p\342\264_z""; ledgerSeq: 0; type: liTS_CANDIDATE; nodes {;   nodedata: ""\003S\n\235\2624\346\340\377asq\337\223T\316nL\232)C!\360\245\205[L\224\\351\351\000\247\272\246\2214\014W1\360z\262\252=\343\207'\275\266;\016\021\306\330\030\225\023\357\272\353\200x\221\n\003"";   nodeid: ""\000\000\000\000\000\000\000\000\000\000\000\000\000\000\000\000\000\000\000\000\000\000\000\000\000\000\000\000\000\000\000\000\000""; }; requestCookie: 4; ","ledgerHash: ""q|\216``\027\240\206w\312\263+\241\310\271\371\2034\351_\3373\tL\007q_p\342\264_z""; ledgerSeq: 0; type: liTS_CANDIDATE; nodes {;   nodedata: ""\003S\n\235\2624\346\340\377asq\337\223T\316nL\232)C!\360\245\205[L\224\\351\351\000\247\272\246\2214\014W1\360z\262\252=\343\207'\275\266;\016\021\306\330\030\225\023\357\272\353\200x\221\n\003"";   nodeid: ""\000\000\000\000\000\000\000\000\000\000\000\000\000\000\000\000\000\000\000\000\000\000\000\000\000\000\000\000\000\000\000\000\000""; }; requestCookie: 4; "
1750587288220,1750587288220,2655,1,1,0,TMLedgerData,"ledgerHash: ""q|\216``\027\240\206w\312\263+\241\310\271\371\2034\351_\3373\tL\007q_p\342\264_z""; ledgerSeq: 0; type: liTS_CANDIDATE; nodes {;   nodedata: ""\003S\n\235\2624\346\340\377asq\337\223T\316nL\232)C!\360\245\205[L\224\\351\351\000\247\272\246\2214\014W1\360z\262\252=\343\207'\275\266;\016\021\306\330\030\225\023\357\272\353\200x\221\n\003"";   nodeid: ""\000\000\000\000\000\000\000\000\000\000\000\000\000\000\000\000\000\000\000\000\000\000\000\000\000\000\000\000\000\000\000\000\000""; }; requestCookie: 3; ","ledgerHash: ""q|\216``\027\240\206w\312\263+\241\310\271\371\2034\351_\3373\tL\007q_p\342\264_z""; ledgerSeq: 0; type: liTS_CANDIDATE; nodes {;   nodedata: ""\003S\n\235\2624\346\340\377asq\337\223T\316nL\232)C!\360\245\205[L\224\\351\351\000\247\272\246\2214\014W1\360z\262\252=\343\207'\275\266;\016\021\306\330\030\225\023\357\272\353\200x\221\n\003"";   nodeid: ""\000\000\000\000\000\000\000\000\000\000\000\000\000\000\000\000\000\000\000\000\000\000\000\000\000\000\000\000\000\000\000\000\000""; }; requestCookie: 3; "
1750587288227,1750587288227,557,1,4,1,TMGetLedger,"itype: liTS_CANDIDATE; ledgerHash: ""q|\216``\027\240\206w\312\263+\241\310\271\371\2034\351_\3373\tL\007q_p\342\264_z""; nodeIDs: ""\000\000\000\000\000\000\000\000\000\000\000\000\000\000\000\000\000\000\000\000\000\000\000\000\000\000\000\000\000\000\000\000\000""; requestCookie: 1; queryType: qtINDIRECT; queryDepth: 3; ","itype: liTS_CANDIDATE; ledgerHash: ""q|\216``\027\240\206w\312\263+\241\310\271\371\2034\351_\3373\tL\007q_p\342\264_z""; nodeIDs: ""\000\000\000\000\000\000\000\000\000\000\000\000\000\000\000\000\000\000\000\000\000\000\000\000\000\000\000\000\000\000\000\000\000""; requestCookie: 1; queryType: qtINDIRECT; queryDepth: 3; "
1750587288244,1750587288245,1102,1,2,3,TMLedgerData,"ledgerHash: ""q|\216``\027\240\206w\312\263+\241\310\271\371\2034\351_\3373\tL\007q_p\342\264_z""; ledgerSeq: 0; type: liTS_CANDIDATE; nodes {;   nodedata: ""\003S\n\235\2624\346\340\377asq\337\223T\316nL\232)C!\360\245\205[L\224\\351\351\000\247\272\246\2214\014W1\360z\262\252=\343\207'\275\266;\016\021\306\330\030\225\023\357\272\353\200x\221\n\003"";   nodeid: ""\000\000\000\000\000\000\000\000\000\000\000\000\000\000\000\000\000\000\000\000\000\000\000\000\000\000\000\000\000\000\000\000\000""; }; ","ledgerHash: ""q|\216``\027\240\206w\312\263+\241\310\271\371\2034\351_\3373\tL\007q_p\342\264_z""; ledgerSeq: 0; type: liTS_CANDIDATE; nodes {;   nodedata: ""\003S\n\235\2624\346\340\377asq\337\223T\316nL\232)C!\360\245\205[L\224\\351\351\000\247\272\246\2214\014W1\360z\262\252=\343\207'\275\266;\016\021\306\330\030\225\023\357\272\353\200x\221\n\003"";   nodeid: ""\000\000\000\000\000\000\000\000\000\000\000\000\000\000\000\000\000\000\000\000\000\000\000\000\000\000\000\000\000\000\000\000\000""; }; "
1750587288274,1750587288274,2142,1,3,1,TMGetLedger,"itype: liTS_CANDIDATE; ledgerHash: ""q|\216``\027\240\206w\312\263+\241\310\271\371\2034\351_\3373\tL\007q_p\342\264_z""; nodeIDs: ""\000\000\000\000\000\000\000\000\000\000\000\000\000\000\000\000\000\000\000\000\000\000\000\000\000\000\000\000\000\000\000\000\000""; requestCookie: 2; queryType: qtINDIRECT; queryDepth: 3; ","itype: liTS_CANDIDATE; ledgerHash: ""q|\216``\027\240\206w\312\263+\241\310\271\371\2034\351_\3373\tL\007q_p\342\264_z""; nodeIDs: ""\000\000\000\000\000\000\000\000\000\000\000\000\000\000\000\000\000\000\000\000\000\000\000\000\000\000\000\000\000\000\000\000\000""; requestCookie: 2; queryType: qtINDIRECT; queryDepth: 3; "
1750587288280,1750587288280,2715,1,1,4,TMLedgerData,"ledgerHash: ""\237\231\311\371Y@""\177>\241""\310\233r\315\210Z\003g\334\034\021\305\3353Q\035\224\200\224\347\257""; ledgerSeq: 8; type: liBASE; nodes {;   nodedata: ""\000\000\000\010\001cEx]\211\377\330\311\347s\234ae\204\263\365U\334\372D\354\345\276\201f\035\271%#\375\245\314.""\373\330&\3746\177P.\377\255K\330\362G{!s_\276B\273\031\331\234\023vy$7i\342\243\243\220\021_\222w1E\236\020?0\232H\266\366\033p\353\250\025\255\235\310\215\275\032\005\371R<p\240.\2618\277/\352\224\010/\352\224\020\n\000""; }; nodes {;   nodedata: ""h\315\350\215y\203\242]\371\235\232Pt&\325\210eZ\346\237XZ \277\2457n\221\336\253\245\317\002G)\346n?\227\005Y\336\276m\244>\014/\353)\343S\223\201\230\250\301d\027c\001\302\ris\006E\344\037@\210\363\010\336T\226\247'\204_{\261\370""1\235\2445\343\033Y!\212\201\341\272\225'\007\f\n0\233\306>\377~V|O\232@\324_\273\232o\\235\370\234IE\333\255j\001\361\204%\n\265\022\035W\277\033\265pM\027\313x\327iNP(O\216Pk&\235\336\223\217\374\212\253\322w\362\013\210`4\253""\302f\230\374\037bx\0145C\307\337\316[\244d\302\3031\347\300\025aX\357\226\221\016\003""; }; nodes {;   nodedata: ""f\225yM\014\263\225\204\377[\235\030P4BO\343Z\264\3646\307\304\177\327\n\261+$r\257\263\n\003""; }; ","ledgerHash: ""\237\231\311\371Y@""\177>\241""\310\233r\315\210Z\003g\334\034\021\305\3353Q\035\224\200\224\347\257""; ledgerSeq: 8; type: liBASE; nodes {;   nodedata: ""\000\000\000\010\001cEx]\211\377\330\311\347s\234ae\204\263\365U\334\372D\354\345\276\201f\035\271%#\375\245\314.""\373\330&\3746\177P.\377\255K\330\362G{!s_\276B\273\031\331\234\023vy$7i\342\243\243\220\021_\222w1E\236\020?0\232H\266\366\033p\353\250\025\255\235\310\215\275\032\005\371R<p\240.\2618\277/\352\224\010/\352\224\020\n\000""; }; nodes {;   nodedata: ""h\315\350\215y\203\242]\371\235\232Pt&\325\210eZ\346\237XZ \277\2457n\221\336\253\245\317\002G)\346n?\227\005Y\336\276m\244>\014/\353)\343S\223\201\230\250\301d\027c\001\302\ris\006E\344\037@\210\363\010\336T\226\247'\204_{\261\370""1\235\2445\343\033Y!\212\201\341\272\225'\007\f\n0\233\306>\377~V|O\232@\324_\273\232o\\235\370\234IE\333\255j\001\361\204%\n\265\022\035W\277\033\265pM\027\313x\327iNP(O\216Pk&\235\336\223\217\374\212\253\322w\362\013\210`4\253""\302f\230\374\037bx\0145C\307\337\316[\244d\302\3031\347\300\025aX\357\226\221\016\003""; }; nodes {;   nodedata: ""f\225yM\014\263\225\204\377[\235\030P4BO\343Z\264\3646\307\304\177\327\n\261+$r\257\263\n\003""; }; "
1750587288280,1750587288280,628,1,3,2,TMLedgerData,"ledgerHash: ""\237\231\311\371Y@""\177>\241""\310\233r\315\210Z\003g\334\034\021\305\3353Q\035\224\200\224\347\257""; ledgerSeq: 8; type: liBASE; nodes {;   nodedata: ""\000\000\000\010\001cEx]\211\377\330\311\347s\234ae\204\263\365U\334\372D\354\345\276\201f\035\271%#\375\245\314.""\373\330&\3746\177P.\377\255K\330\362G{!s_\276B\273\031\331\234\023vy$7i\342\243\243\220\021_\222w1E\236\020?0\232H\266\366\033p\353\250\025\255\235\310\215\275\032\005\371R<p\240.\2618\277/\352\224\010/\352\224\020\n\000""; }; nodes {;   nodedata: ""h\315\350\215y\203\242]\371\235\232Pt&\325\210eZ\346\237XZ \277\2457n\221\336\253\245\317\002G)\346n?\227\005Y\336\276m\244>\014/\353)\343S\223\201\230\250\301d\027c\001\302\ris\006E\344\037@\210\363\010\336T\226\247'\204_{\261\370""1\235\2445\343\033Y!\212\201\341\272\225'\007\f\n0\233\306>\377~V|O\232@\324_\273\232o\\235\370\234IE\333\255j\001\361\204%\n\265\022\035W\277\033\265pM\027\313x\327iNP(O\216Pk&\235\336\223\217\374\212\253\322w\362\013\210`4\253""\302f\230\374\037bx\0145C\307\337\316[\244d\302\3031\347\300\025aX\357\226\221\016\003""; }; nodes {;   nodedata: ""f\225yM\014\263\225\204\377[\235\030P4BO\343Z\264\3646\307\304\177\327\n\261+$r\257\263\n\003""; }; requestCookie: 3; ","ledgerHash: ""\237\231\311\371Y@""\177>\241""\310\233r\315\210Z\003g\334\034\021\305\3353Q\035\224\200\224\347\257""; ledgerSeq: 8; type: liBASE; nodes {;   nodedata: ""\000\000\000\010\001cEx]\211\377\330\311\347s\234ae\204\263\365U\334\372D\354\345\276\201f\035\271%#\375\245\314.""\373\330&\3746\177P.\377\255K\330\362G{!s_\276B\273\031\331\234\023vy$7i\342\243\243\220\021_\222w1E\236\020?0\232H\266\366\033p\353\250\025\255\235\310\215\275\032\005\371R<p\240.\2618\277/\352\224\010/\352\224\020\n\000""; }; nodes {;   nodedata: ""h\315\350\215y\203\242]\371\235\232Pt&\325\210eZ\346\237XZ \277\2457n\221\336\253\245\317\002G)\346n?\227\005Y\336\276m\244>\014/\353)\343S\223\201\230\250\301d\027c\001\302\ris\006E\344\037@\210\363\010\336T\226\247'\204_{\261\370""1\235\2445\343\033Y!\212\201\341\272\225'\007\f\n0\233\306>\377~V|O\232@\324_\273\232o\\235\370\234IE\333\255j\001\361\204%\n\265\022\035W\277\033\265pM\027\313x\327iNP(O\216Pk&\235\336\223\217\374\212\253\322w\362\013\210`4\253""\302f\230\374\037bx\0145C\307\337\316[\244d\302\3031\347\300\025aX\357\226\221\016\003""; }; nodes {;   nodedata: ""f\225yM\014\263\225\204\377[\235\030P4BO\343Z\264\3646\307\304\177\327\n\261+$r\257\263\n\003""; }; requestCookie: 3; "
1750587288285,1750587288285,2715,1,1,4,TMLedgerData,"ledgerHash: ""q|\216``\027\240\206w\312\263+\241\310\271\371\2034\351_\3373\tL\007q_p\342\264_z""; ledgerSeq: 0; type: liTS_CANDIDATE; nodes {;   nodedata: ""\003S\n\235\2624\346\340\377asq\337\223T\316nL\232)C!\360\245\205[L\224\\351\351\000\247\272\246\2214\014W1\360z\262\252=\343\207'\275\266;\016\021\306\330\030\225\023\357\272\353\200x\221\n\003"";   nodeid: ""\000\000\000\000\000\000\000\000\000\000\000\000\000\000\000\000\000\000\000\000\000\000\000\000\000\000\000\000\000\000\000\000\000""; }; requestCookie: 1; ","ledgerHash: ""q|\216``\027\240\206w\312\263+\241\310\271\371\2034\351_\3373\tL\007q_p\342\264_z""; ledgerSeq: 0; type: liTS_CANDIDATE; nodes {;   nodedata: ""\003S\n\235\2624\346\340\377asq\337\223T\316nL\232)C!\360\245\205[L\224\\351\351\000\247\272\246\2214\014W1\360z\262\252=\343\207'\275\266;\016\021\306\330\030\225\023\357\272\353\200x\221\n\003"";   nodeid: ""\000\000\000\000\000\000\000\000\000\000\000\000\000\000\000\000\000\000\000\000\000\000\000\000\000\000\000\000\000\000\000\000\000""; }; requestCookie: 1; "
1750587288291,1750587288291,3487,1,0,3,TMLedgerData,"ledgerHash: ""q|\216``\027\240\206w\312\263+\241\310\271\371\2034\351_\3373\tL\007q_p\342\264_z""; ledgerSeq: 0; type: liTS_CANDIDATE; nodes {;   nodedata: ""\003S\n\235\2624\346\340\377asq\337\223T\316nL\232)C!\360\245\205[L\224\\351\351\000\247\272\246\2214\014W1\360z\262\252=\343\207'\275\266;\016\021\306\330\030\225\023\357\272\353\200x\221\n\003"";   nodeid: ""\000\000\000\000\000\000\000\000\000\000\000\000\000\000\000\000\000\000\000\000\000\000\000\000\000\000\000\000\000\000\000\000\000""; }; ","ledgerHash: ""q|\216``\027\240\206w\312\263+\241\310\271\371\2034\351_\3373\tL\007q_p\342\264_z""; ledgerSeq: 0; type: liTS_CANDIDATE; nodes {;   nodedata: ""\003S\n\235\2624\346\340\377asq\337\223T\316nL\232)C!\360\245\205[L\224\\351\351\000\247\272\246\2214\014W1\360z\262\252=\343\207'\275\266;\016\021\306\330\030\225\023\357\272\353\200x\221\n\003"";   nodeid: ""\000\000\000\000\000\000\000\000\000\000\000\000\000\000\000\000\000\000\000\000\000\000\000\000\000\000\000\000\000\000\000\000\000""; }; "
1750587288295,1750587288295,1399,1,1,3,TMLedgerData,"ledgerHash: ""q|\216``\027\240\206w\312\263+\241\310\271\371\2034\351_\3373\tL\007q_p\342\264_z""; ledgerSeq: 0; type: liTS_CANDIDATE; nodes {;   nodedata: ""\003S\n\235\2624\346\340\377asq\337\223T\316nL\232)C!\360\245\205[L\224\\351\351\000\247\272\246\2214\014W1\360z\262\252=\343\207'\275\266;\016\021\306\330\030\225\023\357\272\353\200x\221\n\003"";   nodeid: ""\000\000\000\000\000\000\000\000\000\000\000\000\000\000\000\000\000\000\000\000\000\000\000\000\000\000\000\000\000\000\000\000\000""; }; ","ledgerHash: ""q|\216``\027\240\206w\312\263+\241\310\271\371\2034\351_\3373\tL\007q_p\342\264_z""; ledgerSeq: 0; type: liTS_CANDIDATE; nodes {;   nodedata: ""\003S\n\235\2624\346\340\377asq\337\223T\316nL\232)C!\360\245\205[L\224\\351\351\000\247\272\246\2214\014W1\360z\262\252=\343\207'\275\266;\016\021\306\330\030\225\023\357\272\353\200x\221\n\003"";   nodeid: ""\000\000\000\000\000\000\000\000\000\000\000\000\000\000\000\000\000\000\000\000\000\000\000\000\000\000\000\000\000\000\000\000\000""; }; "
1750587288325,1750587288325,1753,1,0,2,TMLedgerData,"ledgerHash: ""q|\216``\027\240\206w\312\263+\241\310\271\371\2034\351_\3373\tL\007q_p\342\264_z""; ledgerSeq: 0; type: liTS_CANDIDATE; nodes {;   nodedata: ""\003S\n\235\2624\346\340\377asq\337\223T\316nL\232)C!\360\245\205[L\224\\351\351\000\247\272\246\2214\014W1\360z\262\252=\343\207'\275\266;\016\021\306\330\030\225\023\357\272\353\200x\221\n\003"";   nodeid: ""\000\000\000\000\000\000\000\000\000\000\000\000\000\000\000\000\000\000\000\000\000\000\000\000\000\000\000\000\000\000\000\000\000""; }; ","ledgerHash: ""q|\216``\027\240\206w\312\263+\241\310\271\371\2034\351_\3373\tL\007q_p\342\264_z""; ledgerSeq: 0; type: liTS_CANDIDATE; nodes {;   nodedata: ""\003S\n\235\2624\346\340\377asq\337\223T\316nL\232)C!\360\245\205[L\224\\351\351\000\247\272\246\2214\014W1\360z\262\252=\343\207'\275\266;\016\021\306\330\030\225\023\357\272\353\200x\221\n\003"";   nodeid: ""\000\000\000\000\000\000\000\000\000\000\000\000\000\000\000\000\000\000\000\000\000\000\000\000\000\000\000\000\000\000\000\000\000""; }; "
1750587288348,1750587288348,2609,1,3,4,TMHaveTransactionSet,"status: tsHAVE; hash: ""q|\216``\027\240\206w\312\263+\241\310\271\371\2034\351_\3373\tL\007q_p\342\264_z""; ","status: tsHAVE; hash: ""q|\216``\027\240\206w\312\263+\241\310\271\371\2034\351_\3373\tL\007q_p\342\264_z""; "
1750587288349,1750587288349,506,1,3,0,TMHaveTransactionSet,"status: tsHAVE; hash: ""q|\216``\027\240\206w\312\263+\241\310\271\371\2034\351_\3373\tL\007q_p\342\264_z""; ","status: tsHAVE; hash: ""q|\216``\027\240\206w\312\263+\241\310\271\371\2034\351_\3373\tL\007q_p\342\264_z""; "
1750587288349,1750587288349,2173,1,3,2,TMHaveTransactionSet,"status: tsHAVE; hash: ""q|\216``\027\240\206w\312\263+\241\310\271\371\2034\351_\3373\tL\007q_p\342\264_z""; ","status: tsHAVE; hash: ""q|\216``\027\240\206w\312\263+\241\310\271\371\2034\351_\3373\tL\007q_p\342\264_z""; "
1750587288349,1750587288349,3807,1,3,1,TMHaveTransactionSet,"status: tsHAVE; hash: ""q|\216``\027\240\206w\312\263+\241\310\271\371\2034\351_\3373\tL\007q_p\342\264_z""; ","status: tsHAVE; hash: ""q|\216``\027\240\206w\312\263+\241\310\271\371\2034\351_\3373\tL\007q_p\342\264_z""; "
1750587288390,1750587288390,628,1,3,2,TMLedgerData,"ledgerHash: ""q|\216``\027\240\206w\312\263+\241\310\271\371\2034\351_\3373\tL\007q_p\342\264_z""; ledgerSeq: 0; type: liTS_CANDIDATE; nodes {;   nodedata: ""\003S\n\235\2624\346\340\377asq\337\223T\316nL\232)C!\360\245\205[L\224\\351\351\000\247\272\246\2214\014W1\360z\262\252=\343\207'\275\266;\016\021\306\330\030\225\023\357\272\353\200x\221\n\003"";   nodeid: ""\000\000\000\000\000\000\000\000\000\000\000\000\000\000\000\000\000\000\000\000\000\000\000\000\000\000\000\000\000\000\000\000\000""; }; ","ledgerHash: ""q|\216``\027\240\206w\312\263+\241\310\271\371\2034\351_\3373\tL\007q_p\342\264_z""; ledgerSeq: 0; type: liTS_CANDIDATE; nodes {;   nodedata: ""\003S\n\235\2624\346\340\377asq\337\223T\316nL\232)C!\360\245\205[L\224\\351\351\000\247\272\246\2214\014W1\360z\262\252=\343\207'\275\266;\016\021\306\330\030\225\023\357\272\353\200x\221\n\003"";   nodeid: ""\000\000\000\000\000\000\000\000\000\000\000\000\000\000\000\000\000\000\000\000\000\000\000\000\000\000\000\000\000\000\000\000\000""; }; "
1750587288404,1750587288404,2655,1,1,0,TMLedgerData,"ledgerHash: ""q|\216``\027\240\206w\312\263+\241\310\271\371\2034\351_\3373\tL\007q_p\342\264_z""; ledgerSeq: 0; type: liTS_CANDIDATE; nodes {;   nodedata: ""\003S\n\235\2624\346\340\377asq\337\223T\316nL\232)C!\360\245\205[L\224\\351\351\000\247\272\246\2214\014W1\360z\262\252=\343\207'\275\266;\016\021\306\330\030\225\023\357\272\353\200x\221\n\003"";   nodeid: ""\000\000\000\000\000\000\000\000\000\000\000\000\000\000\000\000\000\000\000\000\000\000\000\000\000\000\000\000\000\000\000\000\000""; }; ","ledgerHash: ""q|\216``\027\240\206w\312\263+\241\310\271\371\2034\351_\3373\tL\007q_p\342\264_z""; ledgerSeq: 0; type: liTS_CANDIDATE; nodes {;   nodedata: ""\003S\n\235\2624\346\340\377asq\337\223T\316nL\232)C!\360\245\205[L\224\\351\351\000\247\272\246\2214\014W1\360z\262\252=\343\207'\275\266;\016\021\306\330\030\225\023\357\272\353\200x\221\n\003"";   nodeid: ""\000\000\000\000\000\000\000\000\000\000\000\000\000\000\000\000\000\000\000\000\000\000\000\000\000\000\000\000\000\000\000\000\000""; }; "
1750587288437,1750587288437,2655,1,1,0,TMLedgerData,"ledgerHash: ""q|\216``\027\240\206w\312\263+\241\310\271\371\2034\351_\3373\tL\007q_p\342\264_z""; ledgerSeq: 0; type: liTS_CANDIDATE; nodes {;   nodedata: ""\003S\n\235\2624\346\340\377asq\337\223T\316nL\232)C!\360\245\205[L\224\\351\351\000\247\272\246\2214\014W1\360z\262\252=\343\207'\275\266;\016\021\306\330\030\225\023\357\272\353\200x\221\n\003"";   nodeid: ""\000\000\000\000\000\000\000\000\000\000\000\000\000\000\000\000\000\000\000\000\000\000\000\000\000\000\000\000\000\000\000\000\000""; }; requestCookie: 4; ","ledgerHash: ""q|\216``\027\240\206w\312\263+\241\310\271\371\2034\351_\3373\tL\007q_p\342\264_z""; ledgerSeq: 0; type: liTS_CANDIDATE; nodes {;   nodedata: ""\003S\n\235\2624\346\340\377asq\337\223T\316nL\232)C!\360\245\205[L\224\\351\351\000\247\272\246\2214\014W1\360z\262\252=\343\207'\275\266;\016\021\306\330\030\225\023\357\272\353\200x\221\n\003"";   nodeid: ""\000\000\000\000\000\000\000\000\000\000\000\000\000\000\000\000\000\000\000\000\000\000\000\000\000\000\000\000\000\000\000\000\000""; }; requestCookie: 4; "
1750587288443,1750587288443,1435,1,4,1,TMLedgerData,"ledgerHash: ""\237\231\311\371Y@""\177>\241""\310\233r\315\210Z\003g\334\034\021\305\3353Q\035\224\200\224\347\257""; ledgerSeq: 8; type: liBASE; nodes {;   nodedata: ""\000\000\000\010\001cEx]\211\377\330\311\347s\234ae\204\263\365U\334\372D\354\345\276\201f\035\271%#\375\245\314.""\373\330&\3746\177P.\377\255K\330\362G{!s_\276B\273\031\331\234\023vy$7i\342\243\243\220\021_\222w1E\236\020?0\232H\266\366\033p\353\250\025\255\235\310\215\275\032\005\371R<p\240.\2618\277/\352\224\010/\352\224\020\n\000""; }; nodes {;   nodedata: ""h\315\350\215y\203\242]\371\235\232Pt&\325\210eZ\346\237XZ \277\2457n\221\336\253\245\317\002G)\346n?\227\005Y\336\276m\244>\014/\353)\343S\223\201\230\250\301d\027c\001\302\ris\006E\344\037@\210\363\010\336T\226\247'\204_{\261\370""1\235\2445\343\033Y!\212\201\341\272\225'\007\f\n0\233\306>\377~V|O\232@\324_\273\232o\\235\370\234IE\333\255j\001\361\204%\n\265\022\035W\277\033\265pM\027\313x\327iNP(O\216Pk&\235\336\223\217\374\212\253\322w\362\013\210`4\253""\302f\230\374\037bx\0145C\307\337\316[\244d\302\3031\347\300\025aX\357\226\221\016\003""; }; nodes {;   nodedata: ""f\225yM\014\263\225\204\377[\235\030P4BO\343Z\264\3646\307\304\177\327\n\261+$r\257\263\n\003""; }; ","ledgerHash: ""\237\231\311\371Y@""\177>\241""\310\233r\315\210Z\003g\334\034\021\305\3353Q\035\224\200\224\347\257""; ledgerSeq: 8; type: liBASE; nodes {;   nodedata: ""\000\000\000\010\001cEx]\211\377\330\311\347s\234ae\204\263\365U\334\372D\354\345\276\201f\035\271%#\375\245\314.""\373\330&\3746\177P.\377\255K\330\362G{!s_\276B\273\031\331\234\023vy$7i\342\243\243\220\021_\222w1E\236\020?0\232H\266\366\033p\353\250\025\255\235\310\215\275\032\005\371R<p\240.\2618\277/\352\224\010/\352\224\020\n\000""; }; nodes {;   nodedata: ""h\315\350\215y\203\242]\371\235\232Pt&\325\210eZ\346\237XZ \277\2457n\221\336\253\245\317\002G)\346n?\227\005Y\336\276m\244>\014/\353)\343S\223\201\230\250\301d\027c\001\302\ris\006E\344\037@\210\363\010\336T\226\247'\204_{\261\370""1\235\2445\343\033Y!\212\201\341\272\225'\007\f\n0\233\306>\377~V|O\232@\324_\273\232o\\235\370\234IE\333\255j\001\361\204%\n\265\022\035W\277\033\265pM\027\313x\327iNP(O\216Pk&\235\336\223\217\374\212\253\322w\362\013\210`4\253""\302f\230\374\037bx\0145C\307\337\316[\244d\302\3031\347\300\025aX\357\226\221\016\003""; }; nodes {;   nodedata: ""f\225yM\014\263\225\204\377[\235\030P4BO\343Z\264\3646\307\304\177\327\n\261+$r\257\263\n\003""; }; "
1750587288476,1750587288476,557,1,4,1,TMGetLedger,"itype: liTS_CANDIDATE; ledgerHash: ""q|\216``\027\240\206w\312\263+\241\310\271\371\2034\351_\3373\tL\007q_p\342\264_z""; nodeIDs: ""\000\000\000\000\000\000\000\000\000\000\000\000\000\000\000\000\000\000\000\000\000\000\000\000\000\000\000\000\000\000\000\000\000""; requestCookie: 1; queryType: qtINDIRECT; queryDepth: 3; ","itype: liTS_CANDIDATE; ledgerHash: ""q|\216``\027\240\206w\312\263+\241\310\271\371\2034\351_\3373\tL\007q_p\342\264_z""; nodeIDs: ""\000\000\000\000\000\000\000\000\000\000\000\000\000\000\000\000\000\000\000\000\000\000\000\000\000\000\000\000\000\000\000\000\000""; requestCookie: 1; queryType: qtINDIRECT; queryDepth: 3; "
1750587288495,1750587288495,1102,1,2,3,TMLedgerData,"ledgerHash: ""q|\216``\027\240\206w\312\263+\241\310\271\371\2034\351_\3373\tL\007q_p\342\264_z""; ledgerSeq: 0; type: liTS_CANDIDATE; nodes {;   nodedata: ""\003S\n\235\2624\346\340\377asq\337\223T\316nL\232)C!\360\245\205[L\224\\351\351\000\247\272\246\2214\014W1\360z\262\252=\343\207'\275\266;\016\021\306\330\030\225\023\357\272\353\200x\221\n\003"";   nodeid: ""\000\000\000\000\000\000\000\000\000\000\000\000\000\000\000\000\000\000\000\000\000\000\000\000\000\000\000\000\000\000\000\000\000""; }; ","ledgerHash: ""q|\216``\027\240\206w\312\263+\241\310\271\371\2034\351_\3373\tL\007q_p\342\264_z""; ledgerSeq: 0; type: liTS_CANDIDATE; nodes {;   nodedata: ""\003S\n\235\2624\346\340\377asq\337\223T\316nL\232)C!\360\245\205[L\224\\351\351\000\247\272\246\2214\014W1\360z\262\252=\343\207'\275\266;\016\021\306\330\030\225\023\357\272\353\200x\221\n\003"";   nodeid: ""\000\000\000\000\000\000\000\000\000\000\000\000\000\000\000\000\000\000\000\000\000\000\000\000\000\000\000\000\000\000\000\000\000""; }; "
1750587288521,1750587288521,557,1,4,1,TMGetLedger,"itype: liTS_CANDIDATE; ledgerHash: ""q|\216``\027\240\206w\312\263+\241\310\271\371\2034\351_\3373\tL\007q_p\342\264_z""; nodeIDs: ""\000\000\000\000\000\000\000\000\000\000\000\000\000\000\000\000\000\000\000\000\000\000\000\000\000\000\000\000\000\000\000\000\000""; requestCookie: 4; queryType: qtINDIRECT; queryDepth: 3; ","itype: liTS_CANDIDATE; ledgerHash: ""q|\216``\027\240\206w\312\263+\241\310\271\371\2034\351_\3373\tL\007q_p\342\264_z""; nodeIDs: ""\000\000\000\000\000\000\000\000\000\000\000\000\000\000\000\000\000\000\000\000\000\000\000\000\000\000\000\000\000\000\000\000\000""; requestCookie: 4; queryType: qtINDIRECT; queryDepth: 3; "
1750587288525,1750587288525,2565,1,3,0,TMLedgerData,"ledgerHash: ""q|\216``\027\240\206w\312\263+\241\310\271\371\2034\351_\3373\tL\007q_p\342\264_z""; ledgerSeq: 0; type: liTS_CANDIDATE; nodes {;   nodedata: ""\003S\n\235\2624\346\340\377asq\337\223T\316nL\232)C!\360\245\205[L\224\\351\351\000\247\272\246\2214\014W1\360z\262\252=\343\207'\275\266;\016\021\306\330\030\225\023\357\272\353\200x\221\n\003"";   nodeid: ""\000\000\000\000\000\000\000\000\000\000\000\000\000\000\000\000\000\000\000\000\000\000\000\000\000\000\000\000\000\000\000\000\000""; }; ","ledgerHash: ""q|\216``\027\240\206w\312\263+\241\310\271\371\2034\351_\3373\tL\007q_p\342\264_z""; ledgerSeq: 0; type: liTS_CANDIDATE; nodes {;   nodedata: ""\003S\n\235\2624\346\340\377asq\337\223T\316nL\232)C!\360\245\205[L\224\\351\351\000\247\272\246\2214\014W1\360z\262\252=\343\207'\275\266;\016\021\306\330\030\225\023\357\272\353\200x\221\n\003"";   nodeid: ""\000\000\000\000\000\000\000\000\000\000\000\000\000\000\000\000\000\000\000\000\000\000\000\000\000\000\000\000\000\000\000\000\000""; }; "
1750587288536,1750587288536,2715,1,1,4,TMLedgerData,"ledgerHash: ""q|\216``\027\240\206w\312\263+\241\310\271\371\2034\351_\3373\tL\007q_p\342\264_z""; ledgerSeq: 0; type: liTS_CANDIDATE; nodes {;   nodedata: ""\003S\n\235\2624\346\340\377asq\337\223T\316nL\232)C!\360\245\205[L\224\\351\351\000\247\272\246\2214\014W1\360z\262\252=\343\207'\275\266;\016\021\306\330\030\225\023\357\272\353\200x\221\n\003"";   nodeid: ""\000\000\000\000\000\000\000\000\000\000\000\000\000\000\000\000\000\000\000\000\000\000\000\000\000\000\000\000\000\000\000\000\000""; }; requestCookie: 1; ","ledgerHash: ""q|\216``\027\240\206w\312\263+\241\310\271\371\2034\351_\3373\tL\007q_p\342\264_z""; ledgerSeq: 0; type: liTS_CANDIDATE; nodes {;   nodedata: ""\003S\n\235\2624\346\340\377asq\337\223T\316nL\232)C!\360\245\205[L\224\\351\351\000\247\272\246\2214\014W1\360z\262\252=\343\207'\275\266;\016\021\306\330\030\225\023\357\272\353\200x\221\n\003"";   nodeid: ""\000\000\000\000\000\000\000\000\000\000\000\000\000\000\000\000\000\000\000\000\000\000\000\000\000\000\000\000\000\000\000\000\000""; }; requestCookie: 1; "
1750587288542,1750587288543,3487,1,0,3,TMLedgerData,"ledgerHash: ""q|\216``\027\240\206w\312\263+\241\310\271\371\2034\351_\3373\tL\007q_p\342\264_z""; ledgerSeq: 0; type: liTS_CANDIDATE; nodes {;   nodedata: ""\003S\n\235\2624\346\340\377asq\337\223T\316nL\232)C!\360\245\205[L\224\\351\351\000\247\272\246\2214\014W1\360z\262\252=\343\207'\275\266;\016\021\306\330\030\225\023\357\272\353\200x\221\n\003"";   nodeid: ""\000\000\000\000\000\000\000\000\000\000\000\000\000\000\000\000\000\000\000\000\000\000\000\000\000\000\000\000\000\000\000\000\000""; }; ","ledgerHash: ""q|\216``\027\240\206w\312\263+\241\310\271\371\2034\351_\3373\tL\007q_p\342\264_z""; ledgerSeq: 0; type: liTS_CANDIDATE; nodes {;   nodedata: ""\003S\n\235\2624\346\340\377asq\337\223T\316nL\232)C!\360\245\205[L\224\\351\351\000\247\272\246\2214\014W1\360z\262\252=\343\207'\275\266;\016\021\306\330\030\225\023\357\272\353\200x\221\n\003"";   nodeid: ""\000\000\000\000\000\000\000\000\000\000\000\000\000\000\000\000\000\000\000\000\000\000\000\000\000\000\000\000\000\000\000\000\000""; }; "
1750587288546,1750587288546,1399,1,1,3,TMLedgerData,"ledgerHash: ""q|\216``\027\240\206w\312\263+\241\310\271\371\2034\351_\3373\tL\007q_p\342\264_z""; ledgerSeq: 0; type: liTS_CANDIDATE; nodes {;   nodedata: ""\003S\n\235\2624\346\340\377asq\337\223T\316nL\232)C!\360\245\205[L\224\\351\351\000\247\272\246\2214\014W1\360z\262\252=\343\207'\275\266;\016\021\306\330\030\225\023\357\272\353\200x\221\n\003"";   nodeid: ""\000\000\000\000\000\000\000\000\000\000\000\000\000\000\000\000\000\000\000\000\000\000\000\000\000\000\000\000\000\000\000\000\000""; }; ","ledgerHash: ""q|\216``\027\240\206w\312\263+\241\310\271\371\2034\351_\3373\tL\007q_p\342\264_z""; ledgerSeq: 0; type: liTS_CANDIDATE; nodes {;   nodedata: ""\003S\n\235\2624\346\340\377asq\337\223T\316nL\232)C!\360\245\205[L\224\\351\351\000\247\272\246\2214\014W1\360z\262\252=\343\207'\275\266;\016\021\306\330\030\225\023\357\272\353\200x\221\n\003"";   nodeid: ""\000\000\000\000\000\000\000\000\000\000\000\000\000\000\000\000\000\000\000\000\000\000\000\000\000\000\000\000\000\000\000\000\000""; }; "
1750587288577,1750587288577,1753,1,0,2,TMLedgerData,"ledgerHash: ""q|\216``\027\240\206w\312\263+\241\310\271\371\2034\351_\3373\tL\007q_p\342\264_z""; ledgerSeq: 0; type: liTS_CANDIDATE; nodes {;   nodedata: ""\003S\n\235\2624\346\340\377asq\337\223T\316nL\232)C!\360\245\205[L\224\\351\351\000\247\272\246\2214\014W1\360z\262\252=\343\207'\275\266;\016\021\306\330\030\225\023\357\272\353\200x\221\n\003"";   nodeid: ""\000\000\000\000\000\000\000\000\000\000\000\000\000\000\000\000\000\000\000\000\000\000\000\000\000\000\000\000\000\000\000\000\000""; }; ","ledgerHash: ""q|\216``\027\240\206w\312\263+\241\310\271\371\2034\351_\3373\tL\007q_p\342\264_z""; ledgerSeq: 0; type: liTS_CANDIDATE; nodes {;   nodedata: ""\003S\n\235\2624\346\340\377asq\337\223T\316nL\232)C!\360\245\205[L\224\\351\351\000\247\272\246\2214\014W1\360z\262\252=\343\207'\275\266;\016\021\306\330\030\225\023\357\272\353\200x\221\n\003"";   nodeid: ""\000\000\000\000\000\000\000\000\000\000\000\000\000\000\000\000\000\000\000\000\000\000\000\000\000\000\000\000\000\000\000\000\000""; }; "
1750587288674,1750587288674,3097,1,2,0,TMLedgerData,"ledgerHash: ""q|\216``\027\240\206w\312\263+\241\310\271\371\2034\351_\3373\tL\007q_p\342\264_z""; ledgerSeq: 0; type: liTS_CANDIDATE; nodes {;   nodedata: ""\003S\n\235\2624\346\340\377asq\337\223T\316nL\232)C!\360\245\205[L\224\\351\351\000\247\272\246\2214\014W1\360z\262\252=\343\207'\275\266;\016\021\306\330\030\225\023\357\272\353\200x\221\n\003"";   nodeid: ""\000\000\000\000\000\000\000\000\000\000\000\000\000\000\000\000\000\000\000\000\000\000\000\000\000\000\000\000\000\000\000\000\000""; }; ","ledgerHash: ""q|\216``\027\240\206w\312\263+\241\310\271\371\2034\351_\3373\tL\007q_p\342\264_z""; ledgerSeq: 0; type: liTS_CANDIDATE; nodes {;   nodedata: ""\003S\n\235\2624\346\340\377asq\337\223T\316nL\232)C!\360\245\205[L\224\\351\351\000\247\272\246\2214\014W1\360z\262\252=\343\207'\275\266;\016\021\306\330\030\225\023\357\272\353\200x\221\n\003"";   nodeid: ""\000\000\000\000\000\000\000\000\000\000\000\000\000\000\000\000\000\000\000\000\000\000\000\000\000\000\000\000\000\000\000\000\000""; }; "
1750587288677,1750587288677,2792,1,4,2,TMLedgerData,"ledgerHash: ""\237\231\311\371Y@""\177>\241""\310\233r\315\210Z\003g\334\034\021\305\3353Q\035\224\200\224\347\257""; ledgerSeq: 8; type: liBASE; nodes {;   nodedata: ""\000\000\000\010\001cEx]\211\377\330\311\347s\234ae\204\263\365U\334\372D\354\345\276\201f\035\271%#\375\245\314.""\373\330&\3746\177P.\377\255K\330\362G{!s_\276B\273\031\331\234\023vy$7i\342\243\243\220\021_\222w1E\236\020?0\232H\266\366\033p\353\250\025\255\235\310\215\275\032\005\371R<p\240.\2618\277/\352\224\010/\352\224\020\n\000""; }; nodes {;   nodedata: ""h\315\350\215y\203\242]\371\235\232Pt&\325\210eZ\346\237XZ \277\2457n\221\336\253\245\317\002G)\346n?\227\005Y\336\276m\244>\014/\353)\343S\223\201\230\250\301d\027c\001\302\ris\006E\344\037@\210\363\010\336T\226\247'\204_{\261\370""1\235\2445\343\033Y!\212\201\341\272\225'\007\f\n0\233\306>\377~V|O\232@\324_\273\232o\\235\370\234IE\333\255j\001\361\204%\n\265\022\035W\277\033\265pM\027\313x\327iNP(O\216Pk&\235\336\223\217\374\212\253\322w\362\013\210`4\253""\302f\230\374\037bx\0145C\307\337\316[\244d\302\3031\347\300\025aX\357\226\221\016\003""; }; nodes {;   nodedata: ""f\225yM\014\263\225\204\377[\235\030P4BO\343Z\264\3646\307\304\177\327\n\261+$r\257\263\n\003""; }; ","ledgerHash: ""\237\231\311\371Y@""\177>\241""\310\233r\315\210Z\003g\334\034\021\305\3353Q\035\224\200\224\347\257""; ledgerSeq: 8; type: liBASE; nodes {;   nodedata: ""\000\000\000\010\001cEx]\211\377\330\311\347s\234ae\204\263\365U\334\372D\354\345\276\201f\035\271%#\375\245\314.""\373\330&\3746\177P.\377\255K\330\362G{!s_\276B\273\031\331\234\023vy$7i\342\243\243\220\021_\222w1E\236\020?0\232H\266\366\033p\353\250\025\255\235\310\215\275\032\005\371R<p\240.\2618\277/\352\224\010/\352\224\020\n\000""; }; nodes {;   nodedata: ""h\315\350\215y\203\242]\371\235\232Pt&\325\210eZ\346\237XZ \277\2457n\221\336\253\245\317\002G)\346n?\227\005Y\336\276m\244>\014/\353)\343S\223\201\230\250\301d\027c\001\302\ris\006E\344\037@\210\363\010\336T\226\247'\204_{\261\370""1\235\2445\343\033Y!\212\201\341\272\225'\007\f\n0\233\306>\377~V|O\232@\324_\273\232o\\235\370\234IE\333\255j\001\361\204%\n\265\022\035W\277\033\265pM\027\313x\327iNP(O\216Pk&\235\336\223\217\374\212\253\322w\362\013\210`4\253""\302f\230\374\037bx\0145C\307\337\316[\244d\302\3031\347\300\025aX\357\226\221\016\003""; }; nodes {;   nodedata: ""f\225yM\014\263\225\204\377[\235\030P4BO\343Z\264\3646\307\304\177\327\n\261+$r\257\263\n\003""; }; "
1750587288727,1750587288727,1467,1,4,2,TMGetLedger,"itype: liTS_CANDIDATE; ledgerHash: ""q|\216``\027\240\206w\312\263+\241\310\271\371\2034\351_\3373\tL\007q_p\342\264_z""; nodeIDs: ""\000\000\000\000\000\000\000\000\000\000\000\000\000\000\000\000\000\000\000\000\000\000\000\000\000\000\000\000\000\000\000\000\000""; requestCookie: 1; queryType: qtINDIRECT; queryDepth: 3; ","itype: liTS_CANDIDATE; ledgerHash: ""q|\216``\027\240\206w\312\263+\241\310\271\371\2034\351_\3373\tL\007q_p\342\264_z""; nodeIDs: ""\000\000\000\000\000\000\000\000\000\000\000\000\000\000\000\000\000\000\000\000\000\000\000\000\000\000\000\000\000\000\000\000\000""; requestCookie: 1; queryType: qtINDIRECT; queryDepth: 3; "
1750587288731,1750587288731,1650,1,3,4,TMLedgerData,"ledgerHash: ""\007\347lg\346B\270\350\352\375\266\371?(\361\364\365I|\375\262>\230(\333\250\331\007\360U\024\027""; ledgerSeq: 0; type: liTS_CANDIDATE; nodes {;   nodedata: ""\003S\n\235\2624\346\340\377asq\337\223T\316nL\232)C!\360\245\205[L\224\\351\351\000\003"";   nodeid: ""\000\000\000\000\000\000\000\000\000\000\000\000\000\000\000\000\000\000\000\000\000\000\000\000\000\000\000\000\000\000\000\000\000""; }; ","ledgerHash: ""\007\347lg\346B\270\350\352\375\266\371?(\361\364\365I|\375\262>\230(\333\250\331\007\360U\024\027""; ledgerSeq: 0; type: liTS_CANDIDATE; nodes {;   nodedata: ""\003S\n\235\2624\346\340\377asq\337\223T\316nL\232)C!\360\245\205[L\224\\351\351\000\003"";   nodeid: ""\000\000\000\000\000\000\000\000\000\000\000\000\000\000\000\000\000\000\000\000\000\000\000\000\000\000\000\000\000\000\000\000\000""; }; "
1750587288746,1750587288746,1102,1,2,3,TMLedgerData,"ledgerHash: ""q|\216``\027\240\206w\312\263+\241\310\271\371\2034\351_\3373\tL\007q_p\342\264_z""; ledgerSeq: 0; type: liTS_CANDIDATE; nodes {;   nodedata: ""\003S\n\235\2624\346\340\377asq\337\223T\316nL\232)C!\360\245\205[L\224\\351\351\000\247\272\246\2214\014W1\360z\262\252=\343\207'\275\266;\016\021\306\330\030\225\023\357\272\353\200x\221\n\003"";   nodeid: ""\000\000\000\000\000\000\000\000\000\000\000\000\000\000\000\000\000\000\000\000\000\000\000\000\000\000\000\000\000\000\000\000\000""; }; ","ledgerHash: ""q|\216``\027\240\206w\312\263+\241\310\271\371\2034\351_\3373\tL\007q_p\342\264_z""; ledgerSeq: 0; type: liTS_CANDIDATE; nodes {;   nodedata: ""\003S\n\235\2624\346\340\377asq\337\223T\316nL\232)C!\360\245\205[L\224\\351\351\000\247\272\246\2214\014W1\360z\262\252=\343\207'\275\266;\016\021\306\330\030\225\023\357\272\353\200x\221\n\003"";   nodeid: ""\000\000\000\000\000\000\000\000\000\000\000\000\000\000\000\000\000\000\000\000\000\000\000\000\000\000\000\000\000\000\000\000\000""; }; "
1750587288774,1750587288774,2565,1,3,0,TMLedgerData,"ledgerHash: ""q|\216``\027\240\206w\312\263+\241\310\271\371\2034\351_\3373\tL\007q_p\342\264_z""; ledgerSeq: 0; type: liTS_CANDIDATE; nodes {;   nodedata: ""\003S\n\235\2624\346\340\377asq\337\223T\316nL\232)C!\360\245\205[L\224\\351\351\000\247\272\246\2214\014W1\360z\262\252=\343\207'\275\266;\016\021\306\330\030\225\023\357\272\353\200x\221\n\003"";   nodeid: ""\000\000\000\000\000\000\000\000\000\000\000\000\000\000\000\000\000\000\000\000\000\000\000\000\000\000\000\000\000\000\000\000\000""; }; ","ledgerHash: ""q|\216``\027\240\206w\312\263+\241\310\271\371\2034\351_\3373\tL\007q_p\342\264_z""; ledgerSeq: 0; type: liTS_CANDIDATE; nodes {;   nodedata: ""\003S\n\235\2624\346\340\377asq\337\223T\316nL\232)C!\360\245\205[L\224\\351\351\000\247\272\246\2214\014W1\360z\262\252=\343\207'\275\266;\016\021\306\330\030\225\023\357\272\353\200x\221\n\003"";   nodeid: ""\000\000\000\000\000\000\000\000\000\000\000\000\000\000\000\000\000\000\000\000\000\000\000\000\000\000\000\000\000\000\000\000\000""; }; "
1750587288786,1750587288786,2715,1,1,4,TMLedgerData,"ledgerHash: ""q|\216``\027\240\206w\312\263+\241\310\271\371\2034\351_\3373\tL\007q_p\342\264_z""; ledgerSeq: 0; type: liTS_CANDIDATE; nodes {;   nodedata: ""\003S\n\235\2624\346\340\377asq\337\223T\316nL\232)C!\360\245\205[L\224\\351\351\000\247\272\246\2214\014W1\360z\262\252=\343\207'\275\266;\016\021\306\330\030\225\023\357\272\353\200x\221\n\003"";   nodeid: ""\000\000\000\000\000\000\000\000\000\000\000\000\000\000\000\000\000\000\000\000\000\000\000\000\000\000\000\000\000\000\000\000\000""; }; requestCookie: 1; ","ledgerHash: ""q|\216``\027\240\206w\312\263+\241\310\271\371\2034\351_\3373\tL\007q_p\342\264_z""; ledgerSeq: 0; type: liTS_CANDIDATE; nodes {;   nodedata: ""\003S\n\235\2624\346\340\377asq\337\223T\316nL\232)C!\360\245\205[L\224\\351\351\000\247\272\246\2214\014W1\360z\262\252=\343\207'\275\266;\016\021\306\330\030\225\023\357\272\353\200x\221\n\003"";   nodeid: ""\000\000\000\000\000\000\000\000\000\000\000\000\000\000\000\000\000\000\000\000\000\000\000\000\000\000\000\000\000\000\000\000\000""; }; requestCookie: 1; "
1750587288791,1750587288791,3487,1,0,3,TMLedgerData,"ledgerHash: ""q|\216``\027\240\206w\312\263+\241\310\271\371\2034\351_\3373\tL\007q_p\342\264_z""; ledgerSeq: 0; type: liTS_CANDIDATE; nodes {;   nodedata: ""\003S\n\235\2624\346\340\377asq\337\223T\316nL\232)C!\360\245\205[L\224\\351\351\000\247\272\246\2214\014W1\360z\262\252=\343\207'\275\266;\016\021\306\330\030\225\023\357\272\353\200x\221\n\003"";   nodeid: ""\000\000\000\000\000\000\000\000\000\000\000\000\000\000\000\000\000\000\000\000\000\000\000\000\000\000\000\000\000\000\000\000\000""; }; ","ledgerHash: ""q|\216``\027\240\206w\312\263+\241\310\271\371\2034\351_\3373\tL\007q_p\342\264_z""; ledgerSeq: 0; type: liTS_CANDIDATE; nodes {;   nodedata: ""\003S\n\235\2624\346\340\377asq\337\223T\316nL\232)C!\360\245\205[L\224\\351\351\000\247\272\246\2214\014W1\360z\262\252=\343\207'\275\266;\016\021\306\330\030\225\023\357\272\353\200x\221\n\003"";   nodeid: ""\000\000\000\000\000\000\000\000\000\000\000\000\000\000\000\000\000\000\000\000\000\000\000\000\000\000\000\000\000\000\000\000\000""; }; "
1750587288796,1750587288796,1399,1,1,3,TMLedgerData,"ledgerHash: ""q|\216``\027\240\206w\312\263+\241\310\271\371\2034\351_\3373\tL\007q_p\342\264_z""; ledgerSeq: 0; type: liTS_CANDIDATE; nodes {;   nodedata: ""\003S\n\235\2624\346\340\377asq\337\223T\316nL\232)C!\360\245\205[L\224\\351\351\000\247\272\246\2214\014W1\360z\262\252=\343\207'\275\266;\016\021\306\330\030\225\023\357\272\353\200x\221\n\003"";   nodeid: ""\000\000\000\000\000\000\000\000\000\000\000\000\000\000\000\000\000\000\000\000\000\000\000\000\000\000\000\000\000\000\000\000\000""; }; ","ledgerHash: ""q|\216``\027\240\206w\312\263+\241\310\271\371\2034\351_\3373\tL\007q_p\342\264_z""; ledgerSeq: 0; type: liTS_CANDIDATE; nodes {;   nodedata: ""\003S\n\235\2624\346\340\377asq\337\223T\316nL\232)C!\360\245\205[L\224\\351\351\000\247\272\246\2214\014W1\360z\262\252=\343\207'\275\266;\016\021\306\330\030\225\023\357\272\353\200x\221\n\003"";   nodeid: ""\000\000\000\000\000\000\000\000\000\000\000\000\000\000\000\000\000\000\000\000\000\000\000\000\000\000\000\000\000\000\000\000\000""; }; "
1750587288911,1750587288911,520,1,2,1,TMLedgerData,"ledgerHash: ""\237\231\311\371Y@""\177>\241""\310\233r\315\210Z\003g\334\034\021\305\3353Q\035\224\200\224\347\257""; ledgerSeq: 8; type: liBASE; nodes {;   nodedata: ""\000\000\000\010\001cEx]\211\377\330\311\347s\234ae\204\263\365U\334\372D\354\345\276\201f\035\271%#\375\245\314.""\373\330&\3746\177P.\377\255K\330\362G{!s_\276B\273\031\331\234\023vy$7i\342\243\243\220\021_\222w1E\236\020?0\232H\266\366\033p\353\250\025\255\235\310\215\275\032\005\371R<p\240.\2618\277/\352\224\010/\352\224\020\n\000""; }; nodes {;   nodedata: ""h\315\350\215y\203\242]\371\235\232Pt&\325\210eZ\346\237XZ \277\2457n\221\336\253\245\317\002G)\346n?\227\005Y\336\276m\244>\014/\353)\343S\223\201\230\250\301d\027c\001\302\ris\006E\344\037@\210\363\010\336T\226\247'\204_{\261\370""1\235\2445\343\033Y!\212\201\341\272\225'\007\f\n0\233\306>\377~V|O\232@\324_\273\232o\\235\370\234IE\333\255j\001\361\204%\n\265\022\035W\277\033\265pM\027\313x\327iNP(O\216Pk&\235\336\223\217\374\212\253\322w\362\013\210`4\253""\302f\230\374\037bx\0145C\307\337\316[\244d\302\3031\347\300\025aX\357\226\221\016\003""; }; nodes {;   nodedata: ""f\225yM\014\263\225\204\377[\235\030P4BO\343Z\264\3646\307\304\177\327\n\261+$r\257\263\n\003""; }; ","ledgerHash: ""\237\231\311\371Y@""\177>\241""\310\233r\315\210Z\003g\334\034\021\305\3353Q\035\224\200\224\347\257""; ledgerSeq: 8; type: liBASE; nodes {;   nodedata: ""\000\000\000\010\001cEx]\211\377\330\311\347s\234ae\204\263\365U\334\372D\354\345\276\201f\035\271%#\375\245\314.""\373\330&\3746\177P.\377\255K\330\362G{!s_\276B\273\031\331\234\023vy$7i\342\243\243\220\021_\222w1E\236\020?0\232H\266\366\033p\353\250\025\255\235\310\215\275\032\005\371R<p\240.\2618\277/\352\224\010/\352\224\020\n\000""; }; nodes {;   nodedata: ""h\315\350\215y\203\242]\371\235\232Pt&\325\210eZ\346\237XZ \277\2457n\221\336\253\245\317\002G)\346n?\227\005Y\336\276m\244>\014/\353)\343S\223\201\230\250\301d\027c\001\302\ris\006E\344\037@\210\363\010\336T\226\247'\204_{\261\370""1\235\2445\343\033Y!\212\201\341\272\225'\007\f\n0\233\306>\377~V|O\232@\324_\273\232o\\235\370\234IE\333\255j\001\361\204%\n\265\022\035W\277\033\265pM\027\313x\327iNP(O\216Pk&\235\336\223\217\374\212\253\322w\362\013\210`4\253""\302f\230\374\037bx\0145C\307\337\316[\244d\302\3031\347\300\025aX\357\226\221\016\003""; }; nodes {;   nodedata: ""f\225yM\014\263\225\204\377[\235\030P4BO\343Z\264\3646\307\304\177\327\n\261+$r\257\263\n\003""; }; "
1750587288977,1750587288977,1467,1,4,2,TMGetLedger,"itype: liTS_CANDIDATE; ledgerHash: ""q|\216``\027\240\206w\312\263+\241\310\271\371\2034\351_\3373\tL\007q_p\342\264_z""; nodeIDs: ""\000\000\000\000\000\000\000\000\000\000\000\000\000\000\000\000\000\000\000\000\000\000\000\000\000\000\000\000\000\000\000\000\000""; requestCookie: 1; queryType: qtINDIRECT; queryDepth: 3; ","itype: liTS_CANDIDATE; ledgerHash: ""q|\216``\027\240\206w\312\263+\241\310\271\371\2034\351_\3373\tL\007q_p\342\264_z""; nodeIDs: ""\000\000\000\000\000\000\000\000\000\000\000\000\000\000\000\000\000\000\000\000\000\000\000\000\000\000\000\000\000\000\000\000\000""; requestCookie: 1; queryType: qtINDIRECT; queryDepth: 3; "
1750587288981,1750587288981,1650,1,3,4,TMLedgerData,"ledgerHash: ""\007\347lg\346B\270\350\352\375\266\371?(\361\364\365I|\375\262>\230(\333\250\331\007\360U\024\027""; ledgerSeq: 0; type: liTS_CANDIDATE; nodes {;   nodedata: ""\003S\n\235\2624\346\340\377asq\337\223T\316nL\232)C!\360\245\205[L\224\\351\351\000\003"";   nodeid: ""\000\000\000\000\000\000\000\000\000\000\000\000\000\000\000\000\000\000\000\000\000\000\000\000\000\000\000\000\000\000\000\000\000""; }; ","ledgerHash: ""\007\347lg\346B\270\350\352\375\266\371?(\361\364\365I|\375\262>\230(\333\250\331\007\360U\024\027""; ledgerSeq: 0; type: liTS_CANDIDATE; nodes {;   nodedata: ""\003S\n\235\2624\346\340\377asq\337\223T\316nL\232)C!\360\245\205[L\224\\351\351\000\003"";   nodeid: ""\000\000\000\000\000\000\000\000\000\000\000\000\000\000\000\000\000\000\000\000\000\000\000\000\000\000\000\000\000\000\000\000\000""; }; "
1750587288996,1750587288996,1102,1,2,3,TMLedgerData,"ledgerHash: ""q|\216``\027\240\206w\312\263+\241\310\271\371\2034\351_\3373\tL\007q_p\342\264_z""; ledgerSeq: 0; type: liTS_CANDIDATE; nodes {;   nodedata: ""\003S\n\235\2624\346\340\377asq\337\223T\316nL\232)C!\360\245\205[L\224\\351\351\000\247\272\246\2214\014W1\360z\262\252=\343\207'\275\266;\016\021\306\330\030\225\023\357\272\353\200x\221\n\003"";   nodeid: ""\000\000\000\000\000\000\000\000\000\000\000\000\000\000\000\000\000\000\000\000\000\000\000\000\000\000\000\000\000\000\000\000\000""; }; ","ledgerHash: ""q|\216``\027\240\206w\312\263+\241\310\271\371\2034\351_\3373\tL\007q_p\342\264_z""; ledgerSeq: 0; type: liTS_CANDIDATE; nodes {;   nodedata: ""\003S\n\235\2624\346\340\377asq\337\223T\316nL\232)C!\360\245\205[L\224\\351\351\000\247\272\246\2214\014W1\360z\262\252=\343\207'\275\266;\016\021\306\330\030\225\023\357\272\353\200x\221\n\003"";   nodeid: ""\000\000\000\000\000\000\000\000\000\000\000\000\000\000\000\000\000\000\000\000\000\000\000\000\000\000\000\000\000\000\000\000\000""; }; "
1750587289033,1750587289033,2565,1,3,0,TMLedgerData,"ledgerHash: ""q|\216``\027\240\206w\312\263+\241\310\271\371\2034\351_\3373\tL\007q_p\342\264_z""; ledgerSeq: 0; type: liTS_CANDIDATE; nodes {;   nodedata: ""\003S\n\235\2624\346\340\377asq\337\223T\316nL\232)C!\360\245\205[L\224\\351\351\000\247\272\246\2214\014W1\360z\262\252=\343\207'\275\266;\016\021\306\330\030\225\023\357\272\353\200x\221\n\003"";   nodeid: ""\000\000\000\000\000\000\000\000\000\000\000\000\000\000\000\000\000\000\000\000\000\000\000\000\000\000\000\000\000\000\000\000\000""; }; ","ledgerHash: ""q|\216``\027\240\206w\312\263+\241\310\271\371\2034\351_\3373\tL\007q_p\342\264_z""; ledgerSeq: 0; type: liTS_CANDIDATE; nodes {;   nodedata: ""\003S\n\235\2624\346\340\377asq\337\223T\316nL\232)C!\360\245\205[L\224\\351\351\000\247\272\246\2214\014W1\360z\262\252=\343\207'\275\266;\016\021\306\330\030\225\023\357\272\353\200x\221\n\003"";   nodeid: ""\000\000\000\000\000\000\000\000\000\000\000\000\000\000\000\000\000\000\000\000\000\000\000\000\000\000\000\000\000\000\000\000\000""; }; "
1750587289035,1750587289035,2715,1,1,4,TMLedgerData,"ledgerHash: ""q|\216``\027\240\206w\312\263+\241\310\271\371\2034\351_\3373\tL\007q_p\342\264_z""; ledgerSeq: 0; type: liTS_CANDIDATE; nodes {;   nodedata: ""\003S\n\235\2624\346\340\377asq\337\223T\316nL\232)C!\360\245\205[L\224\\351\351\000\247\272\246\2214\014W1\360z\262\252=\343\207'\275\266;\016\021\306\330\030\225\023\357\272\353\200x\221\n\003"";   nodeid: ""\000\000\000\000\000\000\000\000\000\000\000\000\000\000\000\000\000\000\000\000\000\000\000\000\000\000\000\000\000\000\000\000\000""; }; requestCookie: 1; ","ledgerHash: ""q|\216``\027\240\206w\312\263+\241\310\271\371\2034\351_\3373\tL\007q_p\342\264_z""; ledgerSeq: 0; type: liTS_CANDIDATE; nodes {;   nodedata: ""\003S\n\235\2624\346\340\377asq\337\223T\316nL\232)C!\360\245\205[L\224\\351\351\000\247\272\246\2214\014W1\360z\262\252=\343\207'\275\266;\016\021\306\330\030\225\023\357\272\353\200x\221\n\003"";   nodeid: ""\000\000\000\000\000\000\000\000\000\000\000\000\000\000\000\000\000\000\000\000\000\000\000\000\000\000\000\000\000\000\000\000\000""; }; requestCookie: 1; "
1750587289042,1750587289042,3487,1,0,3,TMLedgerData,"ledgerHash: ""q|\216``\027\240\206w\312\263+\241\310\271\371\2034\351_\3373\tL\007q_p\342\264_z""; ledgerSeq: 0; type: liTS_CANDIDATE; nodes {;   nodedata: ""\003S\n\235\2624\346\340\377asq\337\223T\316nL\232)C!\360\245\205[L\224\\351\351\000\247\272\246\2214\014W1\360z\262\252=\343\207'\275\266;\016\021\306\330\030\225\023\357\272\353\200x\221\n\003"";   nodeid: ""\000\000\000\000\000\000\000\000\000\000\000\000\000\000\000\000\000\000\000\000\000\000\000\000\000\000\000\000\000\000\000\000\000""; }; ","ledgerHash: ""q|\216``\027\240\206w\312\263+\241\310\271\371\2034\351_\3373\tL\007q_p\342\264_z""; ledgerSeq: 0; type: liTS_CANDIDATE; nodes {;   nodedata: ""\003S\n\235\2624\346\340\377asq\337\223T\316nL\232)C!\360\245\205[L\224\\351\351\000\247\272\246\2214\014W1\360z\262\252=\343\207'\275\266;\016\021\306\330\030\225\023\357\272\353\200x\221\n\003"";   nodeid: ""\000\000\000\000\000\000\000\000\000\000\000\000\000\000\000\000\000\000\000\000\000\000\000\000\000\000\000\000\000\000\000\000\000""; }; "
1750587289046,1750587289046,1399,1,1,3,TMLedgerData,"ledgerHash: ""q|\216``\027\240\206w\312\263+\241\310\271\371\2034\351_\3373\tL\007q_p\342\264_z""; ledgerSeq: 0; type: liTS_CANDIDATE; nodes {;   nodedata: ""\003S\n\235\2624\346\340\377asq\337\223T\316nL\232)C!\360\245\205[L\224\\351\351\000\247\272\246\2214\014W1\360z\262\252=\343\207'\275\266;\016\021\306\330\030\225\023\357\272\353\200x\221\n\003"";   nodeid: ""\000\000\000\000\000\000\000\000\000\000\000\000\000\000\000\000\000\000\000\000\000\000\000\000\000\000\000\000\000\000\000\000\000""; }; ","ledgerHash: ""q|\216``\027\240\206w\312\263+\241\310\271\371\2034\351_\3373\tL\007q_p\342\264_z""; ledgerSeq: 0; type: liTS_CANDIDATE; nodes {;   nodedata: ""\003S\n\235\2624\346\340\377asq\337\223T\316nL\232)C!\360\245\205[L\224\\351\351\000\247\272\246\2214\014W1\360z\262\252=\343\207'\275\266;\016\021\306\330\030\225\023\357\272\353\200x\221\n\003"";   nodeid: ""\000\000\000\000\000\000\000\000\000\000\000\000\000\000\000\000\000\000\000\000\000\000\000\000\000\000\000\000\000\000\000\000\000""; }; "
1750587289080,1750587289080,2715,1,1,4,TMLedgerData,"ledgerHash: ""q|\216``\027\240\206w\312\263+\241\310\271\371\2034\351_\3373\tL\007q_p\342\264_z""; ledgerSeq: 0; type: liTS_CANDIDATE; nodes {;   nodedata: ""\003S\n\235\2624\346\340\377asq\337\223T\316nL\232)C!\360\245\205[L\224\\351\351\000\247\272\246\2214\014W1\360z\262\252=\343\207'\275\266;\016\021\306\330\030\225\023\357\272\353\200x\221\n\003"";   nodeid: ""\000\000\000\000\000\000\000\000\000\000\000\000\000\000\000\000\000\000\000\000\000\000\000\000\000\000\000\000\000\000\000\000\000""; }; requestCookie: 4; ","ledgerHash: ""q|\216``\027\240\206w\312\263+\241\310\271\371\2034\351_\3373\tL\007q_p\342\264_z""; ledgerSeq: 0; type: liTS_CANDIDATE; nodes {;   nodedata: ""\003S\n\235\2624\346\340\377asq\337\223T\316nL\232)C!\360\245\205[L\224\\351\351\000\247\272\246\2214\014W1\360z\262\252=\343\207'\275\266;\016\021\306\330\030\225\023\357\272\353\200x\221\n\003"";   nodeid: ""\000\000\000\000\000\000\000\000\000\000\000\000\000\000\000\000\000\000\000\000\000\000\000\000\000\000\000\000\000\000\000\000\000""; }; requestCookie: 4; "
1750587289127,1750587289127,3375,1,1,4,TMProposeSet,"proposeSeq: 1; currentTxHash: ""q|\216``\027\240\206w\312\263+\241\310\271\371\2034\351_\3373\tL\007q_p\342\264_z""; nodePubKey: ""\003ql\302)\235\321\t\213\224\356\374%%\311\327\037\374\304\t\335\2359\344\233\035]\347<u\236\364\222""; closeTime: 803902480; signature: ""0E\002!\000\343K\014\341&\346jAp8\330\364n\263v\236\351l\325\235\004.-\316![\254n\256]\373/\002 \037b\222Q\204j\032G0\222\252y\355\270\373Q\217\356S\334\031\023,\225t\216\307\363^P84""; previousledger: ""\354@[\274\202\021\202\373Vi\243\n\325\250\005e\360""m\346'\311@\343\016$L\346\334\360<w""; ","proposeSeq: 1; currentTxHash: ""q|\216``\027\240\206w\312\263+\241\310\271\371\2034\351_\3373\tL\007q_p\342\264_z""; nodePubKey: ""\003ql\302)\235\321\t\213\224\356\374%%\311\327\037\374\304\t\335\2359\344\233\035]\347<u\236\364\222""; closeTime: 803902480; signature: ""0E\002!\000\343K\014\341&\346jAp8\330\364n\263v\236\351l\325\235\004.-\316![\254n\256]\373/\002 \037b\222Q\204j\032G0\222\252y\355\270\373Q\217\356S\334\031\023,\225t\216\307\363^P84""; previousledger: ""\354@[\274\202\021\202\373Vi\243\n\325\250\005e\360""m\346'\311@\343\016$L\346\334\360<w""; "
1750587289127,1750587289128,926,1,1,0,TMProposeSet,"proposeSeq: 1; currentTxHash: ""q|\216``\027\240\206w\312\263+\241\310\271\371\2034\351_\3373\tL\007q_p\342\264_z""; nodePubKey: ""\003ql\302)\235\321\t\213\224\356\374%%\311\327\037\374\304\t\335\2359\344\233\035]\347<u\236\364\222""; closeTime: 803902480; signature: ""0E\002!\000\343K\014\341&\346jAp8\330\364n\263v\236\351l\325\235\004.-\316![\254n\256]\373/\002 \037b\222Q\204j\032G0\222\252y\355\270\373Q\217\356S\334\031\023,\225t\216\307\363^P84""; previousledger: ""\354@[\274\202\021\202\373Vi\243\n\325\250\005e\360""m\346'\311@\343\016$L\346\334\360<w""; ","proposeSeq: 1; currentTxHash: ""q|\216``\027\240\206w\312\263+\241\310\271\371\2034\351_\3373\tL\007q_p\342\264_z""; nodePubKey: ""\003ql\302)\235\321\t\213\224\356\374%%\311\327\037\374\304\t\335\2359\344\233\035]\347<u\236\364\222""; closeTime: 803902480; signature: ""0E\002!\000\343K\014\341&\346jAp8\330\364n\263v\236\351l\325\235\004.-\316![\254n\256]\373/\002 \037b\222Q\204j\032G0\222\252y\355\270\373Q\217\356S\334\031\023,\225t\216\307\363^P84""; previousledger: ""\354@[\274\202\021\202\373Vi\243\n\325\250\005e\360""m\346'\311@\343\016$L\346\334\360<w""; "
1750587289128,1750587289128,3538,1,1,3,TMProposeSet,"proposeSeq: 1; currentTxHash: ""q|\216``\027\240\206w\312\263+\241\310\271\371\2034\351_\3373\tL\007q_p\342\264_z""; nodePubKey: ""\003ql\302)\235\321\t\213\224\356\374%%\311\327\037\374\304\t\335\2359\344\233\035]\347<u\236\364\222""; closeTime: 803902480; signature: ""0E\002!\000\343K\014\341&\346jAp8\330\364n\263v\236\351l\325\235\004.-\316![\254n\256]\373/\002 \037b\222Q\204j\032G0\222\252y\355\270\373Q\217\356S\334\031\023,\225t\216\307\363^P84""; previousledger: ""\354@[\274\202\021\202\373Vi\243\n\325\250\005e\360""m\346'\311@\343\016$L\346\334\360<w""; ","proposeSeq: 1; currentTxHash: ""q|\216``\027\240\206w\312\263+\241\310\271\371\2034\351_\3373\tL\007q_p\342\264_z""; nodePubKey: ""\003ql\302)\235\321\t\213\224\356\374%%\311\327\037\374\304\t\335\2359\344\233\035]\347<u\236\364\222""; closeTime: 803902480; signature: ""0E\002!\000\343K\014\341&\346jAp8\330\364n\263v\236\351l\325\235\004.-\316![\254n\256]\373/\002 \037b\222Q\204j\032G0\222\252y\355\270\373Q\217\356S\334\031\023,\225t\216\307\363^P84""; previousledger: ""\354@[\274\202\021\202\373Vi\243\n\325\250\005e\360""m\346'\311@\343\016$L\346\334\360<w""; "
1750587289141,1750587289141,628,1,3,2,TMLedgerData,"ledgerHash: ""q|\216``\027\240\206w\312\263+\241\310\271\371\2034\351_\3373\tL\007q_p\342\264_z""; ledgerSeq: 0; type: liTS_CANDIDATE; nodes {;   nodedata: ""\003S\n\235\2624\346\340\377asq\337\223T\316nL\232)C!\360\245\205[L\224\\351\351\000\247\272\246\2214\014W1\360z\262\252=\343\207'\275\266;\016\021\306\330\030\225\023\357\272\353\200x\221\n\003"";   nodeid: ""\000\000\000\000\000\000\000\000\000\000\000\000\000\000\000\000\000\000\000\000\000\000\000\000\000\000\000\000\000\000\000\000\000""; }; ","ledgerHash: ""q|\216``\027\240\206w\312\263+\241\310\271\371\2034\351_\3373\tL\007q_p\342\264_z""; ledgerSeq: 0; type: liTS_CANDIDATE; nodes {;   nodedata: ""\003S\n\235\2624\346\340\377asq\337\223T\316nL\232)C!\360\245\205[L\224\\351\351\000\247\272\246\2214\014W1\360z\262\252=\343\207'\275\266;\016\021\306\330\030\225\023\357\272\353\200x\221\n\003"";   nodeid: ""\000\000\000\000\000\000\000\000\000\000\000\000\000\000\000\000\000\000\000\000\000\000\000\000\000\000\000\000\000\000\000\000\000""; }; "
1750587289227,1750587289227,1467,1,4,2,TMGetLedger,"itype: liTS_CANDIDATE; ledgerHash: ""q|\216``\027\240\206w\312\263+\241\310\271\371\2034\351_\3373\tL\007q_p\342\264_z""; nodeIDs: ""\000\000\000\000\000\000\000\000\000\000\000\000\000\000\000\000\000\000\000\000\000\000\000\000\000\000\000\000\000\000\000\000\000""; requestCookie: 1; queryType: qtINDIRECT; queryDepth: 3; ","itype: liTS_CANDIDATE; ledgerHash: ""q|\216``\027\240\206w\312\263+\241\310\271\371\2034\351_\3373\tL\007q_p\342\264_z""; nodeIDs: ""\000\000\000\000\000\000\000\000\000\000\000\000\000\000\000\000\000\000\000\000\000\000\000\000\000\000\000\000\000\000\000\000\000""; requestCookie: 1; queryType: qtINDIRECT; queryDepth: 3; "
1750587289246,1750587289247,1102,1,2,3,TMLedgerData,"ledgerHash: ""q|\216``\027\240\206w\312\263+\241\310\271\371\2034\351_\3373\tL\007q_p\342\264_z""; ledgerSeq: 0; type: liTS_CANDIDATE; nodes {;   nodedata: ""\003S\n\235\2624\346\340\377asq\337\223T\316nL\232)C!\360\245\205[L\224\\351\351\000\247\272\246\2214\014W1\360z\262\252=\343\207'\275\266;\016\021\306\330\030\225\023\357\272\353\200x\221\n\003"";   nodeid: ""\000\000\000\000\000\000\000\000\000\000\000\000\000\000\000\000\000\000\000\000\000\000\000\000\000\000\000\000\000\000\000\000\000""; }; ","ledgerHash: ""q|\216``\027\240\206w\312\263+\241\310\271\371\2034\351_\3373\tL\007q_p\342\264_z""; ledgerSeq: 0; type: liTS_CANDIDATE; nodes {;   nodedata: ""\003S\n\235\2624\346\340\377asq\337\223T\316nL\232)C!\360\245\205[L\224\\351\351\000\247\272\246\2214\014W1\360z\262\252=\343\207'\275\266;\016\021\306\330\030\225\023\357\272\353\200x\221\n\003"";   nodeid: ""\000\000\000\000\000\000\000\000\000\000\000\000\000\000\000\000\000\000\000\000\000\000\000\000\000\000\000\000\000\000\000\000\000""; }; "
1750587289247,1750587289247,1650,1,3,4,TMLedgerData,"ledgerHash: ""\007\347lg\346B\270\350\352\375\266\371?(\361\364\365I|\375\262>\230(\333\250\331\007\360U\024\027""; ledgerSeq: 0; type: liTS_CANDIDATE; nodes {;   nodedata: ""\003S\n\235\2624\346\340\377asq\337\223T\316nL\232)C!\360\245\205[L\224\\351\351\000\003"";   nodeid: ""\000\000\000\000\000\000\000\000\000\000\000\000\000\000\000\000\000\000\000\000\000\000\000\000\000\000\000\000\000\000\000\000\000""; }; ","ledgerHash: ""\007\347lg\346B\270\350\352\375\266\371?(\361\364\365I|\375\262>\230(\333\250\331\007\360U\024\027""; ledgerSeq: 0; type: liTS_CANDIDATE; nodes {;   nodedata: ""\003S\n\235\2624\346\340\377asq\337\223T\316nL\232)C!\360\245\205[L\224\\351\351\000\003"";   nodeid: ""\000\000\000\000\000\000\000\000\000\000\000\000\000\000\000\000\000\000\000\000\000\000\000\000\000\000\000\000\000\000\000\000\000""; }; "
1750587289268,1750587289268,2792,1,4,2,TMLedgerData,"ledgerHash: ""q|\216``\027\240\206w\312\263+\241\310\271\371\2034\351_\3373\tL\007q_p\342\264_z""; ledgerSeq: 0; type: liTS_CANDIDATE; nodes {;   nodedata: ""\003S\n\235\2624\346\340\377asq\337\223T\316nL\232)C!\360\245\205[L\224\\351\351\000\247\272\246\2214\014W1\360z\262\252=\343\207'\275\266;\016\021\306\330\030\225\023\357\272\353\200x\221\n\003"";   nodeid: ""\000\000\000\000\000\000\000\000\000\000\000\000\000\000\000\000\000\000\000\000\000\000\000\000\000\000\000\000\000\000\000\000\000""; }; ","ledgerHash: ""q|\216``\027\240\206w\312\263+\241\310\271\371\2034\351_\3373\tL\007q_p\342\264_z""; ledgerSeq: 0; type: liTS_CANDIDATE; nodes {;   nodedata: ""\003S\n\235\2624\346\340\377asq\337\223T\316nL\232)C!\360\245\205[L\224\\351\351\000\247\272\246\2214\014W1\360z\262\252=\343\207'\275\266;\016\021\306\330\030\225\023\357\272\353\200x\221\n\003"";   nodeid: ""\000\000\000\000\000\000\000\000\000\000\000\000\000\000\000\000\000\000\000\000\000\000\000\000\000\000\000\000\000\000\000\000\000""; }; "
1750587289272,1750587289272,557,1,4,1,TMGetLedger,"itype: liTS_CANDIDATE; ledgerHash: ""q|\216``\027\240\206w\312\263+\241\310\271\371\2034\351_\3373\tL\007q_p\342\264_z""; nodeIDs: ""\000\000\000\000\000\000\000\000\000\000\000\000\000\000\000\000\000\000\000\000\000\000\000\000\000\000\000\000\000\000\000\000\000""; requestCookie: 4; queryType: qtINDIRECT; queryDepth: 3; ","itype: liTS_CANDIDATE; ledgerHash: ""q|\216``\027\240\206w\312\263+\241\310\271\371\2034\351_\3373\tL\007q_p\342\264_z""; nodeIDs: ""\000\000\000\000\000\000\000\000\000\000\000\000\000\000\000\000\000\000\000\000\000\000\000\000\000\000\000\000\000\000\000\000\000""; requestCookie: 4; queryType: qtINDIRECT; queryDepth: 3; "
1750587289274,1750587289274,2565,1,3,0,TMLedgerData,"ledgerHash: ""q|\216``\027\240\206w\312\263+\241\310\271\371\2034\351_\3373\tL\007q_p\342\264_z""; ledgerSeq: 0; type: liTS_CANDIDATE; nodes {;   nodedata: ""\003S\n\235\2624\346\340\377asq\337\223T\316nL\232)C!\360\245\205[L\224\\351\351\000\247\272\246\2214\014W1\360z\262\252=\343\207'\275\266;\016\021\306\330\030\225\023\357\272\353\200x\221\n\003"";   nodeid: ""\000\000\000\000\000\000\000\000\000\000\000\000\000\000\000\000\000\000\000\000\000\000\000\000\000\000\000\000\000\000\000\000\000""; }; ","ledgerHash: ""q|\216``\027\240\206w\312\263+\241\310\271\371\2034\351_\3373\tL\007q_p\342\264_z""; ledgerSeq: 0; type: liTS_CANDIDATE; nodes {;   nodedata: ""\003S\n\235\2624\346\340\377asq\337\223T\316nL\232)C!\360\245\205[L\224\\351\351\000\247\272\246\2214\014W1\360z\262\252=\343\207'\275\266;\016\021\306\330\030\225\023\357\272\353\200x\221\n\003"";   nodeid: ""\000\000\000\000\000\000\000\000\000\000\000\000\000\000\000\000\000\000\000\000\000\000\000\000\000\000\000\000\000\000\000\000\000""; }; "
1750587289289,1750587289289,3116,1,2,4,TMStatusChange,"newEvent: neACCEPTED_LEDGER; ledgerSeq: 9; ledgerHash: ""\317\351\2337\023\262\336W\254\222\315\335\317oP\221\031g\037\220\357Ft\030n\306\370\n\354\226\365\346""; ledgerHashPrevious: ""\354@[\274\202\021\202\373Vi\243\n\325\250\005e\360""m\346'\311@\343\016$L\346\334\360<w""; networkTime: 803902489; firstSeq: 1; lastSeq: 8; ","newEvent: neACCEPTED_LEDGER; ledgerSeq: 9; ledgerHash: ""\317\351\2337\023\262\336W\254\222\315\335\317oP\221\031g\037\220\357Ft\030n\306\370\n\354\226\365\346""; ledgerHashPrevious: ""\354@[\274\202\021\202\373Vi\243\n\325\250\005e\360""m\346'\311@\343\016$L\346\334\360<w""; networkTime: 803902489; firstSeq: 1; lastSeq: 8; "
1750587289290,1750587289290,3744,1,2,0,TMStatusChange,"newEvent: neACCEPTED_LEDGER; ledgerSeq: 9; ledgerHash: ""\317\351\2337\023\262\336W\254\222\315\335\317oP\221\031g\037\220\357Ft\030n\306\370\n\354\226\365\346""; ledgerHashPrevious: ""\354@[\274\202\021\202\373Vi\243\n\325\250\005e\360""m\346'\311@\343\016$L\346\334\360<w""; networkTime: 803902489; firstSeq: 1; lastSeq: 8; ","newEvent: neACCEPTED_LEDGER; ledgerSeq: 9; ledgerHash: ""\317\351\2337\023\262\336W\254\222\315\335\317oP\221\031g\037\220\357Ft\030n\306\370\n\354\226\365\346""; ledgerHashPrevious: ""\354@[\274\202\021\202\373Vi\243\n\325\250\005e\360""m\346'\311@\343\016$L\346\334\360<w""; networkTime: 803902489; firstSeq: 1; lastSeq: 8; "
1750587289290,1750587289290,1094,1,2,1,TMValidation,"validation: """"\200\000\000\001&\000\000\000\t)/\352\224\031:Q\231\304\227'3\313\030Q\317\351\2337\023\262\336W\254\222\315\335\317oP\221\031g\037\220\357Ft\030n\306\370\n\354\226\365\346P\027q|\216``\027\240\206w\312\263+\241\310\271\371\2034\351_\3373\tL\007q_p\342\264_zP\031\354@[\274\202\021\202\373Vi\243\n\325\250\005e\360""m\346'\311@\343\016$L\346\334\360<ws!\003ql\302)\235\321\t\213\224\356\374%%\311\327\037\374\304\t\335\2359\344\233\035]\347<u\236\364\222vF0D\002 R\257}&\016\007\214k0\363d(Bj\371p\314\327}\262\202\315!\3722\215\303\243\313\375w\206\002 ^\265\377\314\320\026\306F\255+t\347\302\004T\310\222\341\241\274\031\323\337Z\262o\247v1\023?\327""; ","validation: """"\200\000\000\001&\000\000\000\t)/\352\224\031:Q\231\304\227'3\313\030Q\317\351\2337\023\262\336W\254\222\315\335\317oP\221\031g\037\220\357Ft\030n\306\370\n\354\226\365\346P\027q|\216``\027\240\206w\312\263+\241\310\271\371\2034\351_\3373\tL\007q_p\342\264_zP\031\354@[\274\202\021\202\373Vi\243\n\325\250\005e\360""m\346'\311@\343\016$L\346\334\360<ws!\003ql\302)\235\321\t\213\224\356\374%%\311\327\037\374\304\t\335\2359\344\233\035]\347<u\236\364\222vF0D\002 R\257}&\016\007\214k0\363d(Bj\371p\314\327}\262\202\315!\3722\215\303\243\313\375w\206\002 ^\265\377\314\320\026\306F\255+t\347\302\004T\310\222\341\241\274\031\323\337Z\262o\247v1\023?\327""; "
1750587289290,1750587289290,3488,1,2,0,TMValidation,"validation: """"\200\000\000\001&\000\000\000\t)/\352\224\031:Q\231\304\227'3\313\030Q\317\351\2337\023\262\336W\254\222\315\335\317oP\221\031g\037\220\357Ft\030n\306\370\n\354\226\365\346P\027q|\216``\027\240\206w\312\263+\241\310\271\371\2034\351_\3373\tL\007q_p\342\264_zP\031\354@[\274\202\021\202\373Vi\243\n\325\250\005e\360""m\346'\311@\343\016$L\346\334\360<ws!\003ql\302)\235\321\t\213\224\356\374%%\311\327\037\374\304\t\335\2359\344\233\035]\347<u\236\364\222vF0D\002 R\257}&\016\007\214k0\363d(Bj\371p\314\327}\262\202\315!\3722\215\303\243\313\375w\206\002 ^\265\377\314\320\026\306F\255+t\347\302\004T\310\222\341\241\274\031\323\337Z\262o\247v1\023?\327""; ","validation: """"\200\000\000\001&\000\000\000\t)/\352\224\031:Q\231\304\227'3\313\030Q\317\351\2337\023\262\336W\254\222\315\335\317oP\221\031g\037\220\357Ft\030n\306\370\n\354\226\365\346P\027q|\216``\027\240\206w\312\263+\241\310\271\371\2034\351_\3373\tL\007q_p\342\264_zP\031\354@[\274\202\021\202\373Vi\243\n\325\250\005e\360""m\346'\311@\343\016$L\346\334\360<ws!\003ql\302)\235\321\t\213\224\356\374%%\311\327\037\374\304\t\335\2359\344\233\035]\347<u\236\364\222vF0D\002 R\257}&\016\007\214k0\363d(Bj\371p\314\327}\262\202\315!\3722\215\303\243\313\375w\206\002 ^\265\377\314\320\026\306F\255+t\347\302\004T\310\222\341\241\274\031\323\337Z\262o\247v1\023?\327""; "
1750587289291,1750587289291,3126,1,2,1,TMStatusChange,"newEvent: neACCEPTED_LEDGER; ledgerSeq: 9; ledgerHash: ""\317\351\2337\023\262\336W\254\222\315\335\317oP\221\031g\037\220\357Ft\030n\306\370\n\354\226\365\346""; ledgerHashPrevious: ""\354@[\274\202\021\202\373Vi\243\n\325\250\005e\360""m\346'\311@\343\016$L\346\334\360<w""; networkTime: 803902489; firstSeq: 1; lastSeq: 8; ","newEvent: neACCEPTED_LEDGER; ledgerSeq: 9; ledgerHash: ""\317\351\2337\023\262\336W\254\222\315\335\317oP\221\031g\037\220\357Ft\030n\306\370\n\354\226\365\346""; ledgerHashPrevious: ""\354@[\274\202\021\202\373Vi\243\n\325\250\005e\360""m\346'\311@\343\016$L\346\334\360<w""; networkTime: 803902489; firstSeq: 1; lastSeq: 8; "
1750587289292,1750587289292,3487,1,0,3,TMLedgerData,"ledgerHash: ""q|\216``\027\240\206w\312\263+\241\310\271\371\2034\351_\3373\tL\007q_p\342\264_z""; ledgerSeq: 0; type: liTS_CANDIDATE; nodes {;   nodedata: ""\003S\n\235\2624\346\340\377asq\337\223T\316nL\232)C!\360\245\205[L\224\\351\351\000\247\272\246\2214\014W1\360z\262\252=\343\207'\275\266;\016\021\306\330\030\225\023\357\272\353\200x\221\n\003"";   nodeid: ""\000\000\000\000\000\000\000\000\000\000\000\000\000\000\000\000\000\000\000\000\000\000\000\000\000\000\000\000\000\000\000\000\000""; }; ","ledgerHash: ""q|\216``\027\240\206w\312\263+\241\310\271\371\2034\351_\3373\tL\007q_p\342\264_z""; ledgerSeq: 0; type: liTS_CANDIDATE; nodes {;   nodedata: ""\003S\n\235\2624\346\340\377asq\337\223T\316nL\232)C!\360\245\205[L\224\\351\351\000\247\272\246\2214\014W1\360z\262\252=\343\207'\275\266;\016\021\306\330\030\225\023\357\272\353\200x\221\n\003"";   nodeid: ""\000\000\000\000\000\000\000\000\000\000\000\000\000\000\000\000\000\000\000\000\000\000\000\000\000\000\000\000\000\000\000\000\000""; }; "
1750587289294,1750587289294,3058,1,2,3,TMStatusChange,"newEvent: neACCEPTED_LEDGER; ledgerSeq: 9; ledgerHash: ""\317\351\2337\023\262\336W\254\222\315\335\317oP\221\031g\037\220\357Ft\030n\306\370\n\354\226\365\346""; ledgerHashPrevious: ""\354@[\274\202\021\202\373Vi\243\n\325\250\005e\360""m\346'\311@\343\016$L\346\334\360<w""; networkTime: 803902489; firstSeq: 1; lastSeq: 8; ","newEvent: neACCEPTED_LEDGER; ledgerSeq: 9; ledgerHash: ""\317\351\2337\023\262\336W\254\222\315\335\317oP\221\031g\037\220\357Ft\030n\306\370\n\354\226\365\346""; ledgerHashPrevious: ""\354@[\274\202\021\202\373Vi\243\n\325\250\005e\360""m\346'\311@\343\016$L\346\334\360<w""; networkTime: 803902489; firstSeq: 1; lastSeq: 8; "
1750587289294,1750587289294,3989,1,2,3,TMValidation,"validation: """"\200\000\000\001&\000\000\000\t)/\352\224\031:Q\231\304\227'3\313\030Q\317\351\2337\023\262\336W\254\222\315\335\317oP\221\031g\037\220\357Ft\030n\306\370\n\354\226\365\346P\027q|\216``\027\240\206w\312\263+\241\310\271\371\2034\351_\3373\tL\007q_p\342\264_zP\031\354@[\274\202\021\202\373Vi\243\n\325\250\005e\360""m\346'\311@\343\016$L\346\334\360<ws!\003ql\302)\235\321\t\213\224\356\374%%\311\327\037\374\304\t\335\2359\344\233\035]\347<u\236\364\222vF0D\002 R\257}&\016\007\214k0\363d(Bj\371p\314\327}\262\202\315!\3722\215\303\243\313\375w\206\002 ^\265\377\314\320\026\306F\255+t\347\302\004T\310\222\341\241\274\031\323\337Z\262o\247v1\023?\327""; ","validation: """"\200\000\000\001&\000\000\000\t)/\352\224\031:Q\231\304\227'3\313\030Q\317\351\2337\023\262\336W\254\222\315\335\317oP\221\031g\037\220\357Ft\030n\306\370\n\354\226\365\346P\027q|\216``\027\240\206w\312\263+\241\310\271\371\2034\351_\3373\tL\007q_p\342\264_zP\031\354@[\274\202\021\202\373Vi\243\n\325\250\005e\360""m\346'\311@\343\016$L\346\334\360<ws!\003ql\302)\235\321\t\213\224\356\374%%\311\327\037\374\304\t\335\2359\344\233\035]\347<u\236\364\222vF0D\002 R\257}&\016\007\214k0\363d(Bj\371p\314\327}\262\202\315!\3722\215\303\243\313\375w\206\002 ^\265\377\314\320\026\306F\255+t\347\302\004T\310\222\341\241\274\031\323\337Z\262o\247v1\023?\327""; "
1750587289296,1750587289296,1399,1,1,3,TMLedgerData,"ledgerHash: ""q|\216``\027\240\206w\312\263+\241\310\271\371\2034\351_\3373\tL\007q_p\342\264_z""; ledgerSeq: 0; type: liTS_CANDIDATE; nodes {;   nodedata: ""\003S\n\235\2624\346\340\377asq\337\223T\316nL\232)C!\360\245\205[L\224\\351\351\000\247\272\246\2214\014W1\360z\262\252=\343\207'\275\266;\016\021\306\330\030\225\023\357\272\353\200x\221\n\003"";   nodeid: ""\000\000\000\000\000\000\000\000\000\000\000\000\000\000\000\000\000\000\000\000\000\000\000\000\000\000\000\000\000\000\000\000\000""; }; ","ledgerHash: ""q|\216``\027\240\206w\312\263+\241\310\271\371\2034\351_\3373\tL\007q_p\342\264_z""; ledgerSeq: 0; type: liTS_CANDIDATE; nodes {;   nodedata: ""\003S\n\235\2624\346\340\377asq\337\223T\316nL\232)C!\360\245\205[L\224\\351\351\000\247\272\246\2214\014W1\360z\262\252=\343\207'\275\266;\016\021\306\330\030\225\023\357\272\353\200x\221\n\003"";   nodeid: ""\000\000\000\000\000\000\000\000\000\000\000\000\000\000\000\000\000\000\000\000\000\000\000\000\000\000\000\000\000\000\000\000\000""; }; "
1750587289329,1750587289330,1036,1,2,4,TMValidation,"validation: """"\200\000\000\001&\000\000\000\t)/\352\224\031:Q\231\304\227'3\313\030Q\317\351\2337\023\262\336W\254\222\315\335\317oP\221\031g\037\220\357Ft\030n\306\370\n\354\226\365\346P\027q|\216``\027\240\206w\312\263+\241\310\271\371\2034\351_\3373\tL\007q_p\342\264_zP\031\354@[\274\202\021\202\373Vi\243\n\325\250\005e\360""m\346'\311@\343\016$L\346\334\360<ws!\003ql\302)\235\321\t\213\224\356\374%%\311\327\037\374\304\t\335\2359\344\233\035]\347<u\236\364\222vF0D\002 R\257}&\016\007\214k0\363d(Bj\371p\314\327}\262\202\315!\3722\215\303\243\313\375w\206\002 ^\265\377\314\320\026\306F\255+t\347\302\004T\310\222\341\241\274\031\323\337Z\262o\247v1\023?\327""; ","validation: """"\200\000\000\001&\000\000\000\t)/\352\224\031:Q\231\304\227'3\313\030Q\317\351\2337\023\262\336W\254\222\315\335\317oP\221\031g\037\220\357Ft\030n\306\370\n\354\226\365\346P\027q|\216``\027\240\206w\312\263+\241\310\271\371\2034\351_\3373\tL\007q_p\342\264_zP\031\354@[\274\202\021\202\373Vi\243\n\325\250\005e\360""m\346'\311@\343\016$L\346\334\360<ws!\003ql\302)\235\321\t\213\224\356\374%%\311\327\037\374\304\t\335\2359\344\233\035]\347<u\236\364\222vF0D\002 R\257}&\016\007\214k0\363d(Bj\371p\314\327}\262\202\315!\3722\215\303\243\313\375w\206\002 ^\265\377\314\320\026\306F\255+t\347\302\004T\310\222\341\241\274\031\323\337Z\262o\247v1\023?\327""; "
1750587289366,1750587289367,1102,1,2,3,TMLedgerData,"ledgerHash: ""q|\216``\027\240\206w\312\263+\241\310\271\371\2034\351_\3373\tL\007q_p\342\264_z""; ledgerSeq: 0; type: liTS_CANDIDATE; nodes {;   nodedata: ""\003S\n\235\2624\346\340\377asq\337\223T\316nL\232)C!\360\245\205[L\224\\351\351\000\247\272\246\2214\014W1\360z\262\252=\343\207'\275\266;\016\021\306\330\030\225\023\357\272\353\200x\221\n\003"";   nodeid: ""\000\000\000\000\000\000\000\000\000\000\000\000\000\000\000\000\000\000\000\000\000\000\000\000\000\000\000\000\000\000\000\000\000""; }; requestCookie: 2; ","ledgerHash: ""q|\216``\027\240\206w\312\263+\241\310\271\371\2034\351_\3373\tL\007q_p\342\264_z""; ledgerSeq: 0; type: liTS_CANDIDATE; nodes {;   nodedata: ""\003S\n\235\2624\346\340\377asq\337\223T\316nL\232)C!\360\245\205[L\224\\351\351\000\247\272\246\2214\014W1\360z\262\252=\343\207'\275\266;\016\021\306\330\030\225\023\357\272\353\200x\221\n\003"";   nodeid: ""\000\000\000\000\000\000\000\000\000\000\000\000\000\000\000\000\000\000\000\000\000\000\000\000\000\000\000\000\000\000\000\000\000""; }; requestCookie: 2; "
1750587289391,1750587289391,628,1,3,2,TMLedgerData,"ledgerHash: ""q|\216``\027\240\206w\312\263+\241\310\271\371\2034\351_\3373\tL\007q_p\342\264_z""; ledgerSeq: 0; type: liTS_CANDIDATE; nodes {;   nodedata: ""\003S\n\235\2624\346\340\377asq\337\223T\316nL\232)C!\360\245\205[L\224\\351\351\000\247\272\246\2214\014W1\360z\262\252=\343\207'\275\266;\016\021\306\330\030\225\023\357\272\353\200x\221\n\003"";   nodeid: ""\000\000\000\000\000\000\000\000\000\000\000\000\000\000\000\000\000\000\000\000\000\000\000\000\000\000\000\000\000\000\000\000\000""; }; ","ledgerHash: ""q|\216``\027\240\206w\312\263+\241\310\271\371\2034\351_\3373\tL\007q_p\342\264_z""; ledgerSeq: 0; type: liTS_CANDIDATE; nodes {;   nodedata: ""\003S\n\235\2624\346\340\377asq\337\223T\316nL\232)C!\360\245\205[L\224\\351\351\000\247\272\246\2214\014W1\360z\262\252=\343\207'\275\266;\016\021\306\330\030\225\023\357\272\353\200x\221\n\003"";   nodeid: ""\000\000\000\000\000\000\000\000\000\000\000\000\000\000\000\000\000\000\000\000\000\000\000\000\000\000\000\000\000\000\000\000\000""; }; "
1750587289418,1750587289418,1399,1,1,3,TMLedgerData,"ledgerHash: ""q|\216``\027\240\206w\312\263+\241\310\271\371\2034\351_\3373\tL\007q_p\342\264_z""; ledgerSeq: 0; type: liTS_CANDIDATE; nodes {;   nodedata: ""\003S\n\235\2624\346\340\377asq\337\223T\316nL\232)C!\360\245\205[L\224\\351\351\000\247\272\246\2214\014W1\360z\262\252=\343\207'\275\266;\016\021\306\330\030\225\023\357\272\353\200x\221\n\003"";   nodeid: ""\000\000\000\000\000\000\000\000\000\000\000\000\000\000\000\000\000\000\000\000\000\000\000\000\000\000\000\000\000\000\000\000\000""; }; requestCookie: 2; ","ledgerHash: ""q|\216``\027\240\206w\312\263+\241\310\271\371\2034\351_\3373\tL\007q_p\342\264_z""; ledgerSeq: 0; type: liTS_CANDIDATE; nodes {;   nodedata: ""\003S\n\235\2624\346\340\377asq\337\223T\316nL\232)C!\360\245\205[L\224\\351\351\000\247\272\246\2214\014W1\360z\262\252=\343\207'\275\266;\016\021\306\330\030\225\023\357\272\353\200x\221\n\003"";   nodeid: ""\000\000\000\000\000\000\000\000\000\000\000\000\000\000\000\000\000\000\000\000\000\000\000\000\000\000\000\000\000\000\000\000\000""; }; requestCookie: 2; "
1750587289424,1750587289424,3097,1,2,0,TMLedgerData,"ledgerHash: ""q|\216``\027\240\206w\312\263+\241\310\271\371\2034\351_\3373\tL\007q_p\342\264_z""; ledgerSeq: 0; type: liTS_CANDIDATE; nodes {;   nodedata: ""\003S\n\235\2624\346\340\377asq\337\223T\316nL\232)C!\360\245\205[L\224\\351\351\000\247\272\246\2214\014W1\360z\262\252=\343\207'\275\266;\016\021\306\330\030\225\023\357\272\353\200x\221\n\003"";   nodeid: ""\000\000\000\000\000\000\000\000\000\000\000\000\000\000\000\000\000\000\000\000\000\000\000\000\000\000\000\000\000\000\000\000\000""; }; ","ledgerHash: ""q|\216``\027\240\206w\312\263+\241\310\271\371\2034\351_\3373\tL\007q_p\342\264_z""; ledgerSeq: 0; type: liTS_CANDIDATE; nodes {;   nodedata: ""\003S\n\235\2624\346\340\377asq\337\223T\316nL\232)C!\360\245\205[L\224\\351\351\000\247\272\246\2214\014W1\360z\262\252=\343\207'\275\266;\016\021\306\330\030\225\023\357\272\353\200x\221\n\003"";   nodeid: ""\000\000\000\000\000\000\000\000\000\000\000\000\000\000\000\000\000\000\000\000\000\000\000\000\000\000\000\000\000\000\000\000\000""; }; "
1750587289445,1750587289445,1862,1,1,0,TMStatusChange,"newEvent: neACCEPTED_LEDGER; ledgerSeq: 9; ledgerHash: ""\317\351\2337\023\262\336W\254\222\315\335\317oP\221\031g\037\220\357Ft\030n\306\370\n\354\226\365\346""; ledgerHashPrevious: ""\354@[\274\202\021\202\373Vi\243\n\325\250\005e\360""m\346'\311@\343\016$L\346\334\360<w""; networkTime: 803902489; firstSeq: 1; lastSeq: 8; ","newEvent: neACCEPTED_LEDGER; ledgerSeq: 9; ledgerHash: ""\317\351\2337\023\262\336W\254\222\315\335\317oP\221\031g\037\220\357Ft\030n\306\370\n\354\226\365\346""; ledgerHashPrevious: ""\354@[\274\202\021\202\373Vi\243\n\325\250\005e\360""m\346'\311@\343\016$L\346\334\360<w""; networkTime: 803902489; firstSeq: 1; lastSeq: 8; "
1750587289446,1750587289446,3522,1,1,4,TMStatusChange,"newEvent: neACCEPTED_LEDGER; ledgerSeq: 9; ledgerHash: ""\317\351\2337\023\262\336W\254\222\315\335\317oP\221\031g\037\220\357Ft\030n\306\370\n\354\226\365\346""; ledgerHashPrevious: ""\354@[\274\202\021\202\373Vi\243\n\325\250\005e\360""m\346'\311@\343\016$L\346\334\360<w""; networkTime: 803902489; firstSeq: 1; lastSeq: 8; ","newEvent: neACCEPTED_LEDGER; ledgerSeq: 9; ledgerHash: ""\317\351\2337\023\262\336W\254\222\315\335\317oP\221\031g\037\220\357Ft\030n\306\370\n\354\226\365\346""; ledgerHashPrevious: ""\354@[\274\202\021\202\373Vi\243\n\325\250\005e\360""m\346'\311@\343\016$L\346\334\360<w""; networkTime: 803902489; firstSeq: 1; lastSeq: 8; "
1750587289446,1750587289446,1020,1,1,3,TMStatusChange,"newEvent: neACCEPTED_LEDGER; ledgerSeq: 9; ledgerHash: ""\317\351\2337\023\262\336W\254\222\315\335\317oP\221\031g\037\220\357Ft\030n\306\370\n\354\226\365\346""; ledgerHashPrevious: ""\354@[\274\202\021\202\373Vi\243\n\325\250\005e\360""m\346'\311@\343\016$L\346\334\360<w""; networkTime: 803902489; firstSeq: 1; lastSeq: 8; ","newEvent: neACCEPTED_LEDGER; ledgerSeq: 9; ledgerHash: ""\317\351\2337\023\262\336W\254\222\315\335\317oP\221\031g\037\220\357Ft\030n\306\370\n\354\226\365\346""; ledgerHashPrevious: ""\354@[\274\202\021\202\373Vi\243\n\325\250\005e\360""m\346'\311@\343\016$L\346\334\360<w""; networkTime: 803902489; firstSeq: 1; lastSeq: 8; "
1750587289447,1750587289447,1939,1,1,4,TMValidation,"validation: """"\200\000\000\001&\000\000\000\t)/\352\224\031:?HT\314/\177\320^Q\317\351\2337\023\262\336W\254\222\315\335\317oP\221\031g\037\220\357Ft\030n\306\370\n\354\226\365\346P\027q|\216``\027\240\206w\312\263+\241\310\271\371\2034\351_\3373\tL\007q_p\342\264_zP\031\354@[\274\202\021\202\373Vi\243\n\325\250\005e\360""m\346'\311@\343\016$L\346\334\360<ws!\003\343\005\311u\203\370\0338\3174\324\010\006\301\251\177\261\304eOX\262)FA-\022r\263wm\024vF0D\002 \014\366\304\243\267\374g\3669j_\030\273/!\037\2105\212\035*G\3770\221\375M\363\342O.\236\002 K\233\377w[\370f&\307.\004\001\002s\311\246\2037\031\274\222r\216\267\210~1ro\321\231o""; ","validation: """"\200\000\000\001&\000\000\000\t)/\352\224\031:?HT\314/\177\320^Q\317\351\2337\023\262\336W\254\222\315\335\317oP\221\031g\037\220\357Ft\030n\306\370\n\354\226\365\346P\027q|\216``\027\240\206w\312\263+\241\310\271\371\2034\351_\3373\tL\007q_p\342\264_zP\031\354@[\274\202\021\202\373Vi\243\n\325\250\005e\360""m\346'\311@\343\016$L\346\334\360<ws!\003\343\005\311u\203\370\0338\3174\324\010\006\301\251\177\261\304eOX\262)FA-\022r\263wm\024vF0D\002 \014\366\304\243\267\374g\3669j_\030\273/!\037\2105\212\035*G\3770\221\375M\363\342O.\236\002 K\233\377w[\370f&\307.\004\001\002s\311\246\2037\031\274\222r\216\267\210~1ro\321\231o""; "
1750587289447,1750587289447,3090,1,1,0,TMValidation,"validation: """"\200\000\000\001&\000\000\000\t)/\352\224\031:?HT\314/\177\320^Q\317\351\2337\023\262\336W\254\222\315\335\317oP\221\031g\037\220\357Ft\030n\306\370\n\354\226\365\346P\027q|\216``\027\240\206w\312\263+\241\310\271\371\2034\351_\3373\tL\007q_p\342\264_zP\031\354@[\274\202\021\202\373Vi\243\n\325\250\005e\360""m\346'\311@\343\016$L\346\334\360<ws!\003\343\005\311u\203\370\0338\3174\324\010\006\301\251\177\261\304eOX\262)FA-\022r\263wm\024vF0D\002 \014\366\304\243\267\374g\3669j_\030\273/!\037\2105\212\035*G\3770\221\375M\363\342O.\236\002 K\233\377w[\370f&\307.\004\001\002s\311\246\2037\031\274\222r\216\267\210~1ro\321\231o""; ","validation: """"\200\000\000\001&\000\000\000\t)/\352\224\031:?HT\314/\177\320^Q\317\351\2337\023\262\336W\254\222\315\335\317oP\221\031g\037\220\357Ft\030n\306\370\n\354\226\365\346P\027q|\216``\027\240\206w\312\263+\241\310\271\371\2034\351_\3373\tL\007q_p\342\264_zP\031\354@[\274\202\021\202\373Vi\243\n\325\250\005e\360""m\346'\311@\343\016$L\346\334\360<ws!\003\343\005\311u\203\370\0338\3174\324\010\006\301\251\177\261\304eOX\262)FA-\022r\263wm\024vF0D\002 \014\366\304\243\267\374g\3669j_\030\273/!\037\2105\212\035*G\3770\221\375M\363\342O.\236\002 K\233\377w[\370f&\307.\004\001\002s\311\246\2037\031\274\222r\216\267\210~1ro\321\231o""; "
1750587289447,1750587289447,1289,1,1,3,TMValidation,"validation: """"\200\000\000\001&\000\000\000\t)/\352\224\031:?HT\314/\177\320^Q\317\351\2337\023\262\336W\254\222\315\335\317oP\221\031g\037\220\357Ft\030n\306\370\n\354\226\365\346P\027q|\216``\027\240\206w\312\263+\241\310\271\371\2034\351_\3373\tL\007q_p\342\264_zP\031\354@[\274\202\021\202\373Vi\243\n\325\250\005e\360""m\346'\311@\343\016$L\346\334\360<ws!\003\343\005\311u\203\370\0338\3174\324\010\006\301\251\177\261\304eOX\262)FA-\022r\263wm\024vF0D\002 \014\366\304\243\267\374g\3669j_\030\273/!\037\2105\212\035*G\3770\221\375M\363\342O.\236\002 K\233\377w[\370f&\307.\004\001\002s\311\246\2037\031\274\222r\216\267\210~1ro\321\231o""; ","validation: """"\200\000\000\001&\000\000\000\t)/\352\224\031:?HT\314/\177\320^Q\317\351\2337\023\262\336W\254\222\315\335\317oP\221\031g\037\220\357Ft\030n\306\370\n\354\226\365\346P\027q|\216``\027\240\206w\312\263+\241\310\271\371\2034\351_\3373\tL\007q_p\342\264_zP\031\354@[\274\202\021\202\373Vi\243\n\325\250\005e\360""m\346'\311@\343\016$L\346\334\360<ws!\003\343\005\311u\203\370\0338\3174\324\010\006\301\251\177\261\304eOX\262)FA-\022r\263wm\024vF0D\002 \014\366\304\243\267\374g\3669j_\030\273/!\037\2105\212\035*G\3770\221\375M\363\342O.\236\002 K\233\377w[\370f&\307.\004\001\002s\311\246\2037\031\274\222r\216\267\210~1ro\321\231o""; "
1750587289447,1750587289447,961,1,1,2,TMStatusChange,"newEvent: neACCEPTED_LEDGER; ledgerSeq: 9; ledgerHash: ""\317\351\2337\023\262\336W\254\222\315\335\317oP\221\031g\037\220\357Ft\030n\306\370\n\354\226\365\346""; ledgerHashPrevious: ""\354@[\274\202\021\202\373Vi\243\n\325\250\005e\360""m\346'\311@\343\016$L\346\334\360<w""; networkTime: 803902489; firstSeq: 1; lastSeq: 8; ","newEvent: neACCEPTED_LEDGER; ledgerSeq: 9; ledgerHash: ""\317\351\2337\023\262\336W\254\222\315\335\317oP\221\031g\037\220\357Ft\030n\306\370\n\354\226\365\346""; ledgerHashPrevious: ""\354@[\274\202\021\202\373Vi\243\n\325\250\005e\360""m\346'\311@\343\016$L\346\334\360<w""; networkTime: 803902489; firstSeq: 1; lastSeq: 8; "
1750587289447,1750587289448,1652,1,1,2,TMValidation,"validation: """"\200\000\000\001&\000\000\000\t)/\352\224\031:?HT\314/\177\320^Q\317\351\2337\023\262\336W\254\222\315\335\317oP\221\031g\037\220\357Ft\030n\306\370\n\354\226\365\346P\027q|\216``\027\240\206w\312\263+\241\310\271\371\2034\351_\3373\tL\007q_p\342\264_zP\031\354@[\274\202\021\202\373Vi\243\n\325\250\005e\360""m\346'\311@\343\016$L\346\334\360<ws!\003\343\005\311u\203\370\0338\3174\324\010\006\301\251\177\261\304eOX\262)FA-\022r\263wm\024vF0D\002 \014\366\304\243\267\374g\3669j_\030\273/!\037\2105\212\035*G\3770\221\375M\363\342O.\236\002 K\233\377w[\370f&\307.\004\001\002s\311\246\2037\031\274\222r\216\267\210~1ro\321\231o""; ","validation: """"\200\000\000\001&\000\000\000\t)/\352\224\031:?HT\314/\177\320^Q\317\351\2337\023\262\336W\254\222\315\335\317oP\221\031g\037\220\357Ft\030n\306\370\n\354\226\365\346P\027q|\216``\027\240\206w\312\263+\241\310\271\371\2034\351_\3373\tL\007q_p\342\264_zP\031\354@[\274\202\021\202\373Vi\243\n\325\250\005e\360""m\346'\311@\343\016$L\346\334\360<ws!\003\343\005\311u\203\370\0338\3174\324\010\006\301\251\177\261\304eOX\262)FA-\022r\263wm\024vF0D\002 \014\366\304\243\267\374g\3669j_\030\273/!\037\2105\212\035*G\3770\221\375M\363\342O.\236\002 K\233\377w[\370f&\307.\004\001\002s\311\246\2037\031\274\222r\216\267\210~1ro\321\231o""; "
1750587289451,1750587289451,572,1,1,0,TMGetLedger,"itype: liTX_NODE; ledgerHash: ""\237\231\311\371Y@""\177>\241""\310\233r\315\210Z\003g\334\034\021\305\3353Q\035\224\200\224\347\257""; ledgerSeq: 8; nodeIDs: ""\240\000\000\000\000\000\000\000\000\000\000\000\000\000\000\000\000\000\000\000\000\000\000\000\000\000\000\000\000\000\000\000\001""; queryType: qtINDIRECT; queryDepth: 1; ","itype: liTX_NODE; ledgerHash: ""\237\231\311\371Y@""\177>\241""\310\233r\315\210Z\003g\334\034\021\305\3353Q\035\224\200\224\347\257""; ledgerSeq: 8; nodeIDs: ""\240\000\000\000\000\000\000\000\000\000\000\000\000\000\000\000\000\000\000\000\000\000\000\000\000\000\000\000\000\000\000\000\001""; queryType: qtINDIRECT; queryDepth: 1; "
1750587289478,1750587289479,557,1,4,1,TMGetLedger,"itype: liTS_CANDIDATE; ledgerHash: ""q|\216``\027\240\206w\312\263+\241\310\271\371\2034\351_\3373\tL\007q_p\342\264_z""; nodeIDs: ""\000\000\000\000\000\000\000\000\000\000\000\000\000\000\000\000\000\000\000\000\000\000\000\000\000\000\000\000\000\000\000\000\000""; requestCookie: 1; queryType: qtINDIRECT; queryDepth: 3; ","itype: liTS_CANDIDATE; ledgerHash: ""q|\216``\027\240\206w\312\263+\241\310\271\371\2034\351_\3373\tL\007q_p\342\264_z""; nodeIDs: ""\000\000\000\000\000\000\000\000\000\000\000\000\000\000\000\000\000\000\000\000\000\000\000\000\000\000\000\000\000\000\000\000\000""; requestCookie: 1; queryType: qtINDIRECT; queryDepth: 3; "
1750587289481,1750587289481,1650,1,3,4,TMLedgerData,"ledgerHash: ""\007\347lg\346B\270\350\352\375\266\371?(\361\364\365I|\375\262>\230(\333\250\331\007\360U\024\027""; ledgerSeq: 0; type: liTS_CANDIDATE; nodes {;   nodedata: ""\003S\n\235\2624\346\340\377asq\337\223T\316nL\232)C!\360\245\205[L\224\\351\351\000\003"";   nodeid: ""\000\000\000\000\000\000\000\000\000\000\000\000\000\000\000\000\000\000\000\000\000\000\000\000\000\000\000\000\000\000\000\000\000""; }; ","ledgerHash: ""\007\347lg\346B\270\350\352\375\266\371?(\361\364\365I|\375\262>\230(\333\250\331\007\360U\024\027""; ledgerSeq: 0; type: liTS_CANDIDATE; nodes {;   nodedata: ""\003S\n\235\2624\346\340\377asq\337\223T\316nL\232)C!\360\245\205[L\224\\351\351\000\003"";   nodeid: ""\000\000\000\000\000\000\000\000\000\000\000\000\000\000\000\000\000\000\000\000\000\000\000\000\000\000\000\000\000\000\000\000\000""; }; "
1750587289496,1750587289496,1102,1,2,3,TMLedgerData,"ledgerHash: ""q|\216``\027\240\206w\312\263+\241\310\271\371\2034\351_\3373\tL\007q_p\342\264_z""; ledgerSeq: 0; type: liTS_CANDIDATE; nodes {;   nodedata: ""\003S\n\235\2624\346\340\377asq\337\223T\316nL\232)C!\360\245\205[L\224\\351\351\000\247\272\246\2214\014W1\360z\262\252=\343\207'\275\266;\016\021\306\330\030\225\023\357\272\353\200x\221\n\003"";   nodeid: ""\000\000\000\000\000\000\000\000\000\000\000\000\000\000\000\000\000\000\000\000\000\000\000\000\000\000\000\000\000\000\000\000\000""; }; ","ledgerHash: ""q|\216``\027\240\206w\312\263+\241\310\271\371\2034\351_\3373\tL\007q_p\342\264_z""; ledgerSeq: 0; type: liTS_CANDIDATE; nodes {;   nodedata: ""\003S\n\235\2624\346\340\377asq\337\223T\316nL\232)C!\360\245\205[L\224\\351\351\000\247\272\246\2214\014W1\360z\262\252=\343\207'\275\266;\016\021\306\330\030\225\023\357\272\353\200x\221\n\003"";   nodeid: ""\000\000\000\000\000\000\000\000\000\000\000\000\000\000\000\000\000\000\000\000\000\000\000\000\000\000\000\000\000\000\000\000\000""; }; "
1750587289517,1750587289517,2792,1,4,2,TMLedgerData,"ledgerHash: ""q|\216``\027\240\206w\312\263+\241\310\271\371\2034\351_\3373\tL\007q_p\342\264_z""; ledgerSeq: 0; type: liTS_CANDIDATE; nodes {;   nodedata: ""\003S\n\235\2624\346\340\377asq\337\223T\316nL\232)C!\360\245\205[L\224\\351\351\000\247\272\246\2214\014W1\360z\262\252=\343\207'\275\266;\016\021\306\330\030\225\023\357\272\353\200x\221\n\003"";   nodeid: ""\000\000\000\000\000\000\000\000\000\000\000\000\000\000\000\000\000\000\000\000\000\000\000\000\000\000\000\000\000\000\000\000\000""; }; ","ledgerHash: ""q|\216``\027\240\206w\312\263+\241\310\271\371\2034\351_\3373\tL\007q_p\342\264_z""; ledgerSeq: 0; type: liTS_CANDIDATE; nodes {;   nodedata: ""\003S\n\235\2624\346\340\377asq\337\223T\316nL\232)C!\360\245\205[L\224\\351\351\000\247\272\246\2214\014W1\360z\262\252=\343\207'\275\266;\016\021\306\330\030\225\023\357\272\353\200x\221\n\003"";   nodeid: ""\000\000\000\000\000\000\000\000\000\000\000\000\000\000\000\000\000\000\000\000\000\000\000\000\000\000\000\000\000\000\000\000\000""; }; "
1750587289523,1750587289523,1467,1,4,2,TMGetLedger,"itype: liTS_CANDIDATE; ledgerHash: ""q|\216``\027\240\206w\312\263+\241\310\271\371\2034\351_\3373\tL\007q_p\342\264_z""; nodeIDs: ""\000\000\000\000\000\000\000\000\000\000\000\000\000\000\000\000\000\000\000\000\000\000\000\000\000\000\000\000\000\000\000\000\000""; requestCookie: 4; queryType: qtINDIRECT; queryDepth: 3; ","itype: liTS_CANDIDATE; ledgerHash: ""q|\216``\027\240\206w\312\263+\241\310\271\371\2034\351_\3373\tL\007q_p\342\264_z""; nodeIDs: ""\000\000\000\000\000\000\000\000\000\000\000\000\000\000\000\000\000\000\000\000\000\000\000\000\000\000\000\000\000\000\000\000\000""; requestCookie: 4; queryType: qtINDIRECT; queryDepth: 3; "
1750587289526,1750587289526,2565,1,3,0,TMLedgerData,"ledgerHash: ""q|\216``\027\240\206w\312\263+\241\310\271\371\2034\351_\3373\tL\007q_p\342\264_z""; ledgerSeq: 0; type: liTS_CANDIDATE; nodes {;   nodedata: ""\003S\n\235\2624\346\340\377asq\337\223T\316nL\232)C!\360\245\205[L\224\\351\351\000\247\272\246\2214\014W1\360z\262\252=\343\207'\275\266;\016\021\306\330\030\225\023\357\272\353\200x\221\n\003"";   nodeid: ""\000\000\000\000\000\000\000\000\000\000\000\000\000\000\000\000\000\000\000\000\000\000\000\000\000\000\000\000\000\000\000\000\000""; }; ","ledgerHash: ""q|\216``\027\240\206w\312\263+\241\310\271\371\2034\351_\3373\tL\007q_p\342\264_z""; ledgerSeq: 0; type: liTS_CANDIDATE; nodes {;   nodedata: ""\003S\n\235\2624\346\340\377asq\337\223T\316nL\232)C!\360\245\205[L\224\\351\351\000\247\272\246\2214\014W1\360z\262\252=\343\207'\275\266;\016\021\306\330\030\225\023\357\272\353\200x\221\n\003"";   nodeid: ""\000\000\000\000\000\000\000\000\000\000\000\000\000\000\000\000\000\000\000\000\000\000\000\000\000\000\000\000\000\000\000\000\000""; }; "
1750587289547,1750587289547,1399,1,1,3,TMLedgerData,"ledgerHash: ""q|\216``\027\240\206w\312\263+\241\310\271\371\2034\351_\3373\tL\007q_p\342\264_z""; ledgerSeq: 0; type: liTS_CANDIDATE; nodes {;   nodedata: ""\003S\n\235\2624\346\340\377asq\337\223T\316nL\232)C!\360\245\205[L\224\\351\351\000\247\272\246\2214\014W1\360z\262\252=\343\207'\275\266;\016\021\306\330\030\225\023\357\272\353\200x\221\n\003"";   nodeid: ""\000\000\000\000\000\000\000\000\000\000\000\000\000\000\000\000\000\000\000\000\000\000\000\000\000\000\000\000\000\000\000\000\000""; }; ","ledgerHash: ""q|\216``\027\240\206w\312\263+\241\310\271\371\2034\351_\3373\tL\007q_p\342\264_z""; ledgerSeq: 0; type: liTS_CANDIDATE; nodes {;   nodedata: ""\003S\n\235\2624\346\340\377asq\337\223T\316nL\232)C!\360\245\205[L\224\\351\351\000\247\272\246\2214\014W1\360z\262\252=\343\207'\275\266;\016\021\306\330\030\225\023\357\272\353\200x\221\n\003"";   nodeid: ""\000\000\000\000\000\000\000\000\000\000\000\000\000\000\000\000\000\000\000\000\000\000\000\000\000\000\000\000\000\000\000\000\000""; }; "
1750587289616,1750587289616,1102,1,2,3,TMLedgerData,"ledgerHash: ""q|\216``\027\240\206w\312\263+\241\310\271\371\2034\351_\3373\tL\007q_p\342\264_z""; ledgerSeq: 0; type: liTS_CANDIDATE; nodes {;   nodedata: ""\003S\n\235\2624\346\340\377asq\337\223T\316nL\232)C!\360\245\205[L\224\\351\351\000\247\272\246\2214\014W1\360z\262\252=\343\207'\275\266;\016\021\306\330\030\225\023\357\272\353\200x\221\n\003"";   nodeid: ""\000\000\000\000\000\000\000\000\000\000\000\000\000\000\000\000\000\000\000\000\000\000\000\000\000\000\000\000\000\000\000\000\000""; }; requestCookie: 2; ","ledgerHash: ""q|\216``\027\240\206w\312\263+\241\310\271\371\2034\351_\3373\tL\007q_p\342\264_z""; ledgerSeq: 0; type: liTS_CANDIDATE; nodes {;   nodedata: ""\003S\n\235\2624\346\340\377asq\337\223T\316nL\232)C!\360\245\205[L\224\\351\351\000\247\272\246\2214\014W1\360z\262\252=\343\207'\275\266;\016\021\306\330\030\225\023\357\272\353\200x\221\n\003"";   nodeid: ""\000\000\000\000\000\000\000\000\000\000\000\000\000\000\000\000\000\000\000\000\000\000\000\000\000\000\000\000\000\000\000\000\000""; }; requestCookie: 2; "
1750587289641,1750587289641,628,1,3,2,TMLedgerData,"ledgerHash: ""q|\216``\027\240\206w\312\263+\241\310\271\371\2034\351_\3373\tL\007q_p\342\264_z""; ledgerSeq: 0; type: liTS_CANDIDATE; nodes {;   nodedata: ""\003S\n\235\2624\346\340\377asq\337\223T\316nL\232)C!\360\245\205[L\224\\351\351\000\247\272\246\2214\014W1\360z\262\252=\343\207'\275\266;\016\021\306\330\030\225\023\357\272\353\200x\221\n\003"";   nodeid: ""\000\000\000\000\000\000\000\000\000\000\000\000\000\000\000\000\000\000\000\000\000\000\000\000\000\000\000\000\000\000\000\000\000""; }; ","ledgerHash: ""q|\216``\027\240\206w\312\263+\241\310\271\371\2034\351_\3373\tL\007q_p\342\264_z""; ledgerSeq: 0; type: liTS_CANDIDATE; nodes {;   nodedata: ""\003S\n\235\2624\346\340\377asq\337\223T\316nL\232)C!\360\245\205[L\224\\351\351\000\247\272\246\2214\014W1\360z\262\252=\343\207'\275\266;\016\021\306\330\030\225\023\357\272\353\200x\221\n\003"";   nodeid: ""\000\000\000\000\000\000\000\000\000\000\000\000\000\000\000\000\000\000\000\000\000\000\000\000\000\000\000\000\000\000\000\000\000""; }; "
1750587289675,1750587289675,3097,1,2,0,TMLedgerData,"ledgerHash: ""q|\216``\027\240\206w\312\263+\241\310\271\371\2034\351_\3373\tL\007q_p\342\264_z""; ledgerSeq: 0; type: liTS_CANDIDATE; nodes {;   nodedata: ""\003S\n\235\2624\346\340\377asq\337\223T\316nL\232)C!\360\245\205[L\224\\351\351\000\247\272\246\2214\014W1\360z\262\252=\343\207'\275\266;\016\021\306\330\030\225\023\357\272\353\200x\221\n\003"";   nodeid: ""\000\000\000\000\000\000\000\000\000\000\000\000\000\000\000\000\000\000\000\000\000\000\000\000\000\000\000\000\000\000\000\000\000""; }; ","ledgerHash: ""q|\216``\027\240\206w\312\263+\241\310\271\371\2034\351_\3373\tL\007q_p\342\264_z""; ledgerSeq: 0; type: liTS_CANDIDATE; nodes {;   nodedata: ""\003S\n\235\2624\346\340\377asq\337\223T\316nL\232)C!\360\245\205[L\224\\351\351\000\247\272\246\2214\014W1\360z\262\252=\343\207'\275\266;\016\021\306\330\030\225\023\357\272\353\200x\221\n\003"";   nodeid: ""\000\000\000\000\000\000\000\000\000\000\000\000\000\000\000\000\000\000\000\000\000\000\000\000\000\000\000\000\000\000\000\000\000""; }; "
1750587289746,1750587289746,1102,1,2,3,TMLedgerData,"ledgerHash: ""q|\216``\027\240\206w\312\263+\241\310\271\371\2034\351_\3373\tL\007q_p\342\264_z""; ledgerSeq: 0; type: liTS_CANDIDATE; nodes {;   nodedata: ""\003S\n\235\2624\346\340\377asq\337\223T\316nL\232)C!\360\245\205[L\224\\351\351\000\247\272\246\2214\014W1\360z\262\252=\343\207'\275\266;\016\021\306\330\030\225\023\357\272\353\200x\221\n\003"";   nodeid: ""\000\000\000\000\000\000\000\000\000\000\000\000\000\000\000\000\000\000\000\000\000\000\000\000\000\000\000\000\000\000\000\000\000""; }; ","ledgerHash: ""q|\216``\027\240\206w\312\263+\241\310\271\371\2034\351_\3373\tL\007q_p\342\264_z""; ledgerSeq: 0; type: liTS_CANDIDATE; nodes {;   nodedata: ""\003S\n\235\2624\346\340\377asq\337\223T\316nL\232)C!\360\245\205[L\224\\351\351\000\247\272\246\2214\014W1\360z\262\252=\343\207'\275\266;\016\021\306\330\030\225\023\357\272\353\200x\221\n\003"";   nodeid: ""\000\000\000\000\000\000\000\000\000\000\000\000\000\000\000\000\000\000\000\000\000\000\000\000\000\000\000\000\000\000\000\000\000""; }; "
1750587289768,1750587289768,2792,1,4,2,TMLedgerData,"ledgerHash: ""q|\216``\027\240\206w\312\263+\241\310\271\371\2034\351_\3373\tL\007q_p\342\264_z""; ledgerSeq: 0; type: liTS_CANDIDATE; nodes {;   nodedata: ""\003S\n\235\2624\346\340\377asq\337\223T\316nL\232)C!\360\245\205[L\224\\351\351\000\247\272\246\2214\014W1\360z\262\252=\343\207'\275\266;\016\021\306\330\030\225\023\357\272\353\200x\221\n\003"";   nodeid: ""\000\000\000\000\000\000\000\000\000\000\000\000\000\000\000\000\000\000\000\000\000\000\000\000\000\000\000\000\000\000\000\000\000""; }; ","ledgerHash: ""q|\216``\027\240\206w\312\263+\241\310\271\371\2034\351_\3373\tL\007q_p\342\264_z""; ledgerSeq: 0; type: liTS_CANDIDATE; nodes {;   nodedata: ""\003S\n\235\2624\346\340\377asq\337\223T\316nL\232)C!\360\245\205[L\224\\351\351\000\247\272\246\2214\014W1\360z\262\252=\343\207'\275\266;\016\021\306\330\030\225\023\357\272\353\200x\221\n\003"";   nodeid: ""\000\000\000\000\000\000\000\000\000\000\000\000\000\000\000\000\000\000\000\000\000\000\000\000\000\000\000\000\000\000\000\000\000""; }; "
1750587289772,1750587289773,1467,1,4,2,TMGetLedger,"itype: liTS_CANDIDATE; ledgerHash: ""q|\216``\027\240\206w\312\263+\241\310\271\371\2034\351_\3373\tL\007q_p\342\264_z""; nodeIDs: ""\000\000\000\000\000\000\000\000\000\000\000\000\000\000\000\000\000\000\000\000\000\000\000\000\000\000\000\000\000\000\000\000\000""; requestCookie: 4; queryType: qtINDIRECT; queryDepth: 3; ","itype: liTS_CANDIDATE; ledgerHash: ""q|\216``\027\240\206w\312\263+\241\310\271\371\2034\351_\3373\tL\007q_p\342\264_z""; nodeIDs: ""\000\000\000\000\000\000\000\000\000\000\000\000\000\000\000\000\000\000\000\000\000\000\000\000\000\000\000\000\000\000\000\000\000""; requestCookie: 4; queryType: qtINDIRECT; queryDepth: 3; "
1750587289776,1750587289776,2565,1,3,0,TMLedgerData,"ledgerHash: ""q|\216``\027\240\206w\312\263+\241\310\271\371\2034\351_\3373\tL\007q_p\342\264_z""; ledgerSeq: 0; type: liTS_CANDIDATE; nodes {;   nodedata: ""\003S\n\235\2624\346\340\377asq\337\223T\316nL\232)C!\360\245\205[L\224\\351\351\000\247\272\246\2214\014W1\360z\262\252=\343\207'\275\266;\016\021\306\330\030\225\023\357\272\353\200x\221\n\003"";   nodeid: ""\000\000\000\000\000\000\000\000\000\000\000\000\000\000\000\000\000\000\000\000\000\000\000\000\000\000\000\000\000\000\000\000\000""; }; ","ledgerHash: ""q|\216``\027\240\206w\312\263+\241\310\271\371\2034\351_\3373\tL\007q_p\342\264_z""; ledgerSeq: 0; type: liTS_CANDIDATE; nodes {;   nodedata: ""\003S\n\235\2624\346\340\377asq\337\223T\316nL\232)C!\360\245\205[L\224\\351\351\000\247\272\246\2214\014W1\360z\262\252=\343\207'\275\266;\016\021\306\330\030\225\023\357\272\353\200x\221\n\003"";   nodeid: ""\000\000\000\000\000\000\000\000\000\000\000\000\000\000\000\000\000\000\000\000\000\000\000\000\000\000\000\000\000\000\000\000\000""; }; "
1750587289796,1750587289797,1399,1,1,3,TMLedgerData,"ledgerHash: ""q|\216``\027\240\206w\312\263+\241\310\271\371\2034\351_\3373\tL\007q_p\342\264_z""; ledgerSeq: 0; type: liTS_CANDIDATE; nodes {;   nodedata: ""\003S\n\235\2624\346\340\377asq\337\223T\316nL\232)C!\360\245\205[L\224\\351\351\000\247\272\246\2214\014W1\360z\262\252=\343\207'\275\266;\016\021\306\330\030\225\023\357\272\353\200x\221\n\003"";   nodeid: ""\000\000\000\000\000\000\000\000\000\000\000\000\000\000\000\000\000\000\000\000\000\000\000\000\000\000\000\000\000\000\000\000\000""; }; ","ledgerHash: ""q|\216``\027\240\206w\312\263+\241\310\271\371\2034\351_\3373\tL\007q_p\342\264_z""; ledgerSeq: 0; type: liTS_CANDIDATE; nodes {;   nodedata: ""\003S\n\235\2624\346\340\377asq\337\223T\316nL\232)C!\360\245\205[L\224\\351\351\000\247\272\246\2214\014W1\360z\262\252=\343\207'\275\266;\016\021\306\330\030\225\023\357\272\353\200x\221\n\003"";   nodeid: ""\000\000\000\000\000\000\000\000\000\000\000\000\000\000\000\000\000\000\000\000\000\000\000\000\000\000\000\000\000\000\000\000\000""; }; "
1750587289831,1750587289831,2715,1,1,4,TMLedgerData,"ledgerHash: ""q|\216``\027\240\206w\312\263+\241\310\271\371\2034\351_\3373\tL\007q_p\342\264_z""; ledgerSeq: 0; type: liTS_CANDIDATE; nodes {;   nodedata: ""\003S\n\235\2624\346\340\377asq\337\223T\316nL\232)C!\360\245\205[L\224\\351\351\000\247\272\246\2214\014W1\360z\262\252=\343\207'\275\266;\016\021\306\330\030\225\023\357\272\353\200x\221\n\003"";   nodeid: ""\000\000\000\000\000\000\000\000\000\000\000\000\000\000\000\000\000\000\000\000\000\000\000\000\000\000\000\000\000\000\000\000\000""; }; requestCookie: 4; ","ledgerHash: ""q|\216``\027\240\206w\312\263+\241\310\271\371\2034\351_\3373\tL\007q_p\342\264_z""; ledgerSeq: 0; type: liTS_CANDIDATE; nodes {;   nodedata: ""\003S\n\235\2624\346\340\377asq\337\223T\316nL\232)C!\360\245\205[L\224\\351\351\000\247\272\246\2214\014W1\360z\262\252=\343\207'\275\266;\016\021\306\330\030\225\023\357\272\353\200x\221\n\003"";   nodeid: ""\000\000\000\000\000\000\000\000\000\000\000\000\000\000\000\000\000\000\000\000\000\000\000\000\000\000\000\000\000\000\000\000\000""; }; requestCookie: 4; "
1750587289877,1750587289877,1753,1,0,2,TMLedgerData,"ledgerHash: ""q|\216``\027\240\206w\312\263+\241\310\271\371\2034\351_\3373\tL\007q_p\342\264_z""; ledgerSeq: 0; type: liTS_CANDIDATE; nodes {;   nodedata: ""\003S\n\235\2624\346\340\377asq\337\223T\316nL\232)C!\360\245\205[L\224\\351\351\000\247\272\246\2214\014W1\360z\262\252=\343\207'\275\266;\016\021\306\330\030\225\023\357\272\353\200x\221\n\003"";   nodeid: ""\000\000\000\000\000\000\000\000\000\000\000\000\000\000\000\000\000\000\000\000\000\000\000\000\000\000\000\000\000\000\000\000\000""; }; ","ledgerHash: ""q|\216``\027\240\206w\312\263+\241\310\271\371\2034\351_\3373\tL\007q_p\342\264_z""; ledgerSeq: 0; type: liTS_CANDIDATE; nodes {;   nodedata: ""\003S\n\235\2624\346\340\377asq\337\223T\316nL\232)C!\360\245\205[L\224\\351\351\000\247\272\246\2214\014W1\360z\262\252=\343\207'\275\266;\016\021\306\330\030\225\023\357\272\353\200x\221\n\003"";   nodeid: ""\000\000\000\000\000\000\000\000\000\000\000\000\000\000\000\000\000\000\000\000\000\000\000\000\000\000\000\000\000\000\000\000\000""; }; "
1750587289890,1750587289890,628,1,3,2,TMLedgerData,"ledgerHash: ""q|\216``\027\240\206w\312\263+\241\310\271\371\2034\351_\3373\tL\007q_p\342\264_z""; ledgerSeq: 0; type: liTS_CANDIDATE; nodes {;   nodedata: ""\003S\n\235\2624\346\340\377asq\337\223T\316nL\232)C!\360\245\205[L\224\\351\351\000\247\272\246\2214\014W1\360z\262\252=\343\207'\275\266;\016\021\306\330\030\225\023\357\272\353\200x\221\n\003"";   nodeid: ""\000\000\000\000\000\000\000\000\000\000\000\000\000\000\000\000\000\000\000\000\000\000\000\000\000\000\000\000\000\000\000\000\000""; }; ","ledgerHash: ""q|\216``\027\240\206w\312\263+\241\310\271\371\2034\351_\3373\tL\007q_p\342\264_z""; ledgerSeq: 0; type: liTS_CANDIDATE; nodes {;   nodedata: ""\003S\n\235\2624\346\340\377asq\337\223T\316nL\232)C!\360\245\205[L\224\\351\351\000\247\272\246\2214\014W1\360z\262\252=\343\207'\275\266;\016\021\306\330\030\225\023\357\272\353\200x\221\n\003"";   nodeid: ""\000\000\000\000\000\000\000\000\000\000\000\000\000\000\000\000\000\000\000\000\000\000\000\000\000\000\000\000\000\000\000\000\000""; }; "
1750587289924,1750587289924,3097,1,2,0,TMLedgerData,"ledgerHash: ""q|\216``\027\240\206w\312\263+\241\310\271\371\2034\351_\3373\tL\007q_p\342\264_z""; ledgerSeq: 0; type: liTS_CANDIDATE; nodes {;   nodedata: ""\003S\n\235\2624\346\340\377asq\337\223T\316nL\232)C!\360\245\205[L\224\\351\351\000\247\272\246\2214\014W1\360z\262\252=\343\207'\275\266;\016\021\306\330\030\225\023\357\272\353\200x\221\n\003"";   nodeid: ""\000\000\000\000\000\000\000\000\000\000\000\000\000\000\000\000\000\000\000\000\000\000\000\000\000\000\000\000\000\000\000\000\000""; }; ","ledgerHash: ""q|\216``\027\240\206w\312\263+\241\310\271\371\2034\351_\3373\tL\007q_p\342\264_z""; ledgerSeq: 0; type: liTS_CANDIDATE; nodes {;   nodedata: ""\003S\n\235\2624\346\340\377asq\337\223T\316nL\232)C!\360\245\205[L\224\\351\351\000\247\272\246\2214\014W1\360z\262\252=\343\207'\275\266;\016\021\306\330\030\225\023\357\272\353\200x\221\n\003"";   nodeid: ""\000\000\000\000\000\000\000\000\000\000\000\000\000\000\000\000\000\000\000\000\000\000\000\000\000\000\000\000\000\000\000\000\000""; }; "
1750587290017,1750587290017,2792,1,4,2,TMLedgerData,"ledgerHash: ""q|\216``\027\240\206w\312\263+\241\310\271\371\2034\351_\3373\tL\007q_p\342\264_z""; ledgerSeq: 0; type: liTS_CANDIDATE; nodes {;   nodedata: ""\003S\n\235\2624\346\340\377asq\337\223T\316nL\232)C!\360\245\205[L\224\\351\351\000\247\272\246\2214\014W1\360z\262\252=\343\207'\275\266;\016\021\306\330\030\225\023\357\272\353\200x\221\n\003"";   nodeid: ""\000\000\000\000\000\000\000\000\000\000\000\000\000\000\000\000\000\000\000\000\000\000\000\000\000\000\000\000\000\000\000\000\000""; }; ","ledgerHash: ""q|\216``\027\240\206w\312\263+\241\310\271\371\2034\351_\3373\tL\007q_p\342\264_z""; ledgerSeq: 0; type: liTS_CANDIDATE; nodes {;   nodedata: ""\003S\n\235\2624\346\340\377asq\337\223T\316nL\232)C!\360\245\205[L\224\\351\351\000\247\272\246\2214\014W1\360z\262\252=\343\207'\275\266;\016\021\306\330\030\225\023\357\272\353\200x\221\n\003"";   nodeid: ""\000\000\000\000\000\000\000\000\000\000\000\000\000\000\000\000\000\000\000\000\000\000\000\000\000\000\000\000\000\000\000\000\000""; }; "
1750587290023,1750587290023,769,1,4,0,TMGetLedger,"itype: liTS_CANDIDATE; ledgerHash: ""q|\216``\027\240\206w\312\263+\241\310\271\371\2034\351_\3373\tL\007q_p\342\264_z""; nodeIDs: ""\000\000\000\000\000\000\000\000\000\000\000\000\000\000\000\000\000\000\000\000\000\000\000\000\000\000\000\000\000\000\000\000\000""; requestCookie: 4; queryType: qtINDIRECT; queryDepth: 3; ","itype: liTS_CANDIDATE; ledgerHash: ""q|\216``\027\240\206w\312\263+\241\310\271\371\2034\351_\3373\tL\007q_p\342\264_z""; nodeIDs: ""\000\000\000\000\000\000\000\000\000\000\000\000\000\000\000\000\000\000\000\000\000\000\000\000\000\000\000\000\000\000\000\000\000""; requestCookie: 4; queryType: qtINDIRECT; queryDepth: 3; "
1750587290024,1750587290024,3792,1,0,1,TMLedgerData,"ledgerHash: ""\237\231\311\371Y@""\177>\241""\310\233r\315\210Z\003g\334\034\021\305\3353Q\035\224\200\224\347\257""; ledgerSeq: 8; type: liTX_NODE; nodes {;   nodedata: ""\274\022\000\000""\000\000\000\000$\000\000\000\006 \033\000\000\000\032a@\000\000\023S/~\000h@\000\000\000\000\000\000\ns!\003\364\346'\245\361\313f\307\325O*\031\010 \337\241\354\3450V\376\031#\323\000\245'Q`4d\376tF0D\002 ,\010\365p6\304C\242\365\005bf\023\023\2535\373c\246@\nC\214\257Kj\3519\353\257)r\002 [n\210\266}:;pPVw\327i\342,4\316\274A\315\001|\214\302?\r\222\354\240\0308\221\201\024B\006\222#\215\346\234\245/\205\327[/\206^\005y\253G\373\203\024E0\246\210\344\325\345r\024T\251\006P\255\352\333\372\351\337\302\301] \034\000\000\000\000\370\345\021\000a%\000\000\000\006U\222c\273c4\225\334\221\227u?\025\314=\305/\262\367\217\375\027j\323\304\372\312Fv\2716\001\355V`\201|\265N\251\301Y\240\225\206\033+\t\343\352\033+\325\025OC\253O\023\305&l\256\252\351\247\346$\000\000\000\006b@\000\000\027H\206*@\341\347""\000\000\000\000$\000\000\000\007-\000\000\000\000b@\000\000\003\365V\2546\201\024B\006\222#\215\346\234\245/\205\327[/\206^\005y\253G\373\341\341\345\021\000a%\000\000\000\006U\246C\232\272\013^\241\340~\030'\005/\234\037\355\231\230\017\266\365\303w\360\273\374\234\362S:\270\023V\250\327\275\254\201\236\370\336\205\322\273\305\241\026\265L\374\365\316\330\225\325\203\316\303\217\337V\341\265\274\252\346b@\000\000\027H\206*@\341\347""\000\000\000\000$\000\000\000\006-\000\000\000\000b@\000\000*\233\265\250@\201\024E0\246\210\344\325\345r\024T\251\006P\255\352\333\372\351\337\302\341\341\361\003\020\000\247\272\246\2214\014W1\360z\262\252=\343\207'\275\266;\016\021\306\330\030\225\023\357\272\353\200x\221\004"";   nodeid: ""\240\000\000\000\000\000\000\000\000\000\000\000\000\000\000\000\000\000\000\000\000\000\000\000\000\000\000\000\000\000\000\000\001""; }; ","ledgerHash: ""\237\231\311\371Y@""\177>\241""\310\233r\315\210Z\003g\334\034\021\305\3353Q\035\224\200\224\347\257""; ledgerSeq: 8; type: liTX_NODE; nodes {;   nodedata: ""\274\022\000\000""\000\000\000\000$\000\000\000\006 \033\000\000\000\032a@\000\000\023S/~\000h@\000\000\000\000\000\000\ns!\003\364\346'\245\361\313f\307\325O*\031\010 \337\241\354\3450V\376\031#\323\000\245'Q`4d\376tF0D\002 ,\010\365p6\304C\242\365\005bf\023\023\2535\373c\246@\nC\214\257Kj\3519\353\257)r\002 [n\210\266}:;pPVw\327i\342,4\316\274A\315\001|\214\302?\r\222\354\240\0308\221\201\024B\006\222#\215\346\234\245/\205\327[/\206^\005y\253G\373\203\024E0\246\210\344\325\345r\024T\251\006P\255\352\333\372\351\337\302\301] \034\000\000\000\000\370\345\021\000a%\000\000\000\006U\222c\273c4\225\334\221\227u?\025\314=\305/\262\367\217\375\027j\323\304\372\312Fv\2716\001\355V`\201|\265N\251\301Y\240\225\206\033+\t\343\352\033+\325\025OC\253O\023\305&l\256\252\351\247\346$\000\000\000\006b@\000\000\027H\206*@\341\347""\000\000\000\000$\000\000\000\007-\000\000\000\000b@\000\000\003\365V\2546\201\024B\006\222#\215\346\234\245/\205\327[/\206^\005y\253G\373\341\341\345\021\000a%\000\000\000\006U\246C\232\272\013^\241\340~\030'\005/\234\037\355\231\230\017\266\365\303w\360\273\374\234\362S:\270\023V\250\327\275\254\201\236\370\336\205\322\273\305\241\026\265L\374\365\316\330\225\325\203\316\303\217\337V\341\265\274\252\346b@\000\000\027H\206*@\341\347""\000\000\000\000$\000\000\000\006-\000\000\000\000b@\000\000*\233\265\250@\201\024E0\246\210\344\325\345r\024T\251\006P\255\352\333\372\351\337\302\341\341\361\003\020\000\247\272\246\2214\014W1\360z\262\252=\343\207'\275\266;\016\021\306\330\030\225\023\357\272\353\200x\221\004"";   nodeid: ""\240\000\000\000\000\000\000\000\000\000\000\000\000\000\000\000\000\000\000\000\000\000\000\000\000\000\000\000\000\000\000\000\001""; }; "
1750587290038,1750587290038,2715,1,1,4,TMLedgerData,"ledgerHash: ""q|\216``\027\240\206w\312\263+\241\310\271\371\2034\351_\3373\tL\007q_p\342\264_z""; ledgerSeq: 0; type: liTS_CANDIDATE; nodes {;   nodedata: ""\003S\n\235\2624\346\340\377asq\337\223T\316nL\232)C!\360\245\205[L\224\\351\351\000\247\272\246\2214\014W1\360z\262\252=\343\207'\275\266;\016\021\306\330\030\225\023\357\272\353\200x\221\n\003"";   nodeid: ""\000\000\000\000\000\000\000\000\000\000\000\000\000\000\000\000\000\000\000\000\000\000\000\000\000\000\000\000\000\000\000\000\000""; }; requestCookie: 1; ","ledgerHash: ""q|\216``\027\240\206w\312\263+\241\310\271\371\2034\351_\3373\tL\007q_p\342\264_z""; ledgerSeq: 0; type: liTS_CANDIDATE; nodes {;   nodedata: ""\003S\n\235\2624\346\340\377asq\337\223T\316nL\232)C!\360\245\205[L\224\\351\351\000\247\272\246\2214\014W1\360z\262\252=\343\207'\275\266;\016\021\306\330\030\225\023\357\272\353\200x\221\n\003"";   nodeid: ""\000\000\000\000\000\000\000\000\000\000\000\000\000\000\000\000\000\000\000\000\000\000\000\000\000\000\000\000\000\000\000\000\000""; }; requestCookie: 1; "
1750587290049,1750587290049,1399,1,1,3,TMLedgerData,"ledgerHash: ""q|\216``\027\240\206w\312\263+\241\310\271\371\2034\351_\3373\tL\007q_p\342\264_z""; ledgerSeq: 0; type: liTS_CANDIDATE; nodes {;   nodedata: ""\003S\n\235\2624\346\340\377asq\337\223T\316nL\232)C!\360\245\205[L\224\\351\351\000\247\272\246\2214\014W1\360z\262\252=\343\207'\275\266;\016\021\306\330\030\225\023\357\272\353\200x\221\n\003"";   nodeid: ""\000\000\000\000\000\000\000\000\000\000\000\000\000\000\000\000\000\000\000\000\000\000\000\000\000\000\000\000\000\000\000\000\000""; }; ","ledgerHash: ""q|\216``\027\240\206w\312\263+\241\310\271\371\2034\351_\3373\tL\007q_p\342\264_z""; ledgerSeq: 0; type: liTS_CANDIDATE; nodes {;   nodedata: ""\003S\n\235\2624\346\340\377asq\337\223T\316nL\232)C!\360\245\205[L\224\\351\351\000\247\272\246\2214\014W1\360z\262\252=\343\207'\275\266;\016\021\306\330\030\225\023\357\272\353\200x\221\n\003"";   nodeid: ""\000\000\000\000\000\000\000\000\000\000\000\000\000\000\000\000\000\000\000\000\000\000\000\000\000\000\000\000\000\000\000\000\000""; }; "
1750587290054,1750587290054,141,1,0,3,TMProposeSet,"proposeSeq: 1; currentTxHash: ""q|\216``\027\240\206w\312\263+\241\310\271\371\2034\351_\3373\tL\007q_p\342\264_z""; nodePubKey: ""\003ql\302)\235\321\t\213\224\356\374%%\311\327\037\374\304\t\335\2359\344\233\035]\347<u\236\364\222""; closeTime: 803902480; signature: ""0E\002!\000\343K\014\341&\346jAp8\330\364n\263v\236\351l\325\235\004.-\316![\254n\256]\373/\002 \037b\222Q\204j\032G0\222\252y\355\270\373Q\217\356S\334\031\023,\225t\216\307\363^P84""; previousledger: ""\354@[\274\202\021\202\373Vi\243\n\325\250\005e\360""m\346'\311@\343\016$L\346\334\360<w""; ","proposeSeq: 1; currentTxHash: ""q|\216``\027\240\206w\312\263+\241\310\271\371\2034\351_\3373\tL\007q_p\342\264_z""; nodePubKey: ""\003ql\302)\235\321\t\213\224\356\374%%\311\327\037\374\304\t\335\2359\344\233\035]\347<u\236\364\222""; closeTime: 803902480; signature: ""0E\002!\000\343K\014\341&\346jAp8\330\364n\263v\236\351l\325\235\004.-\316![\254n\256]\373/\002 \037b\222Q\204j\032G0\222\252y\355\270\373Q\217\356S\334\031\023,\225t\216\307\363^P84""; previousledger: ""\354@[\274\202\021\202\373Vi\243\n\325\250\005e\360""m\346'\311@\343\016$L\346\334\360<w""; "
1750587290054,1750587290054,1290,1,0,2,TMProposeSet,"proposeSeq: 1; currentTxHash: ""q|\216``\027\240\206w\312\263+\241\310\271\371\2034\351_\3373\tL\007q_p\342\264_z""; nodePubKey: ""\003ql\302)\235\321\t\213\224\356\374%%\311\327\037\374\304\t\335\2359\344\233\035]\347<u\236\364\222""; closeTime: 803902480; signature: ""0E\002!\000\343K\014\341&\346jAp8\330\364n\263v\236\351l\325\235\004.-\316![\254n\256]\373/\002 \037b\222Q\204j\032G0\222\252y\355\270\373Q\217\356S\334\031\023,\225t\216\307\363^P84""; previousledger: ""\354@[\274\202\021\202\373Vi\243\n\325\250\005e\360""m\346'\311@\343\016$L\346\334\360<w""; ","proposeSeq: 1; currentTxHash: ""q|\216``\027\240\206w\312\263+\241\310\271\371\2034\351_\3373\tL\007q_p\342\264_z""; nodePubKey: ""\003ql\302)\235\321\t\213\224\356\374%%\311\327\037\374\304\t\335\2359\344\233\035]\347<u\236\364\222""; closeTime: 803902480; signature: ""0E\002!\000\343K\014\341&\346jAp8\330\364n\263v\236\351l\325\235\004.-\316![\254n\256]\373/\002 \037b\222Q\204j\032G0\222\252y\355\270\373Q\217\356S\334\031\023,\225t\216\307\363^P84""; previousledger: ""\354@[\274\202\021\202\373Vi\243\n\325\250\005e\360""m\346'\311@\343\016$L\346\334\360<w""; "
1750587290054,1750587290054,2970,1,0,4,TMProposeSet,"proposeSeq: 1; currentTxHash: ""q|\216``\027\240\206w\312\263+\241\310\271\371\2034\351_\3373\tL\007q_p\342\264_z""; nodePubKey: ""\003ql\302)\235\321\t\213\224\356\374%%\311\327\037\374\304\t\335\2359\344\233\035]\347<u\236\364\222""; closeTime: 803902480; signature: ""0E\002!\000\343K\014\341&\346jAp8\330\364n\263v\236\351l\325\235\004.-\316![\254n\256]\373/\002 \037b\222Q\204j\032G0\222\252y\355\270\373Q\217\356S\334\031\023,\225t\216\307\363^P84""; previousledger: ""\354@[\274\202\021\202\373Vi\243\n\325\250\005e\360""m\346'\311@\343\016$L\346\334\360<w""; ","proposeSeq: 1; currentTxHash: ""q|\216``\027\240\206w\312\263+\241\310\271\371\2034\351_\3373\tL\007q_p\342\264_z""; nodePubKey: ""\003ql\302)\235\321\t\213\224\356\374%%\311\327\037\374\304\t\335\2359\344\233\035]\347<u\236\364\222""; closeTime: 803902480; signature: ""0E\002!\000\343K\014\341&\346jAp8\330\364n\263v\236\351l\325\235\004.-\316![\254n\256]\373/\002 \037b\222Q\204j\032G0\222\252y\355\270\373Q\217\356S\334\031\023,\225t\216\307\363^P84""; previousledger: ""\354@[\274\202\021\202\373Vi\243\n\325\250\005e\360""m\346'\311@\343\016$L\346\334\360<w""; "
1750587290058,1750587290058,2472,1,1,2,TMLedgerData,"ledgerHash: ""\237\231\311\371Y@""\177>\241""\310\233r\315\210Z\003g\334\034\021\305\3353Q\035\224\200\224\347\257""; ledgerSeq: 8; type: liBASE; nodes {;   nodedata: ""\000\000\000\010\001cEx]\211\377\330\311\347s\234ae\204\263\365U\334\372D\354\345\276\201f\035\271%#\375\245\314.""\373\330&\3746\177P.\377\255K\330\362G{!s_\276B\273\031\331\234\023vy$7i\342\243\243\220\021_\222w1E\236\020?0\232H\266\366\033p\353\250\025\255\235\310\215\275\032\005\371R<p\240.\2618\277/\352\224\010/\352\224\020\n\000""; }; nodes {;   nodedata: ""h\315\350\215y\203\242]\371\235\232Pt&\325\210eZ\346\237XZ \277\2457n\221\336\253\245\317\002G)\346n?\227\005Y\336\276m\244>\014/\353)\343S\223\201\230\250\301d\027c\001\302\ris\006E\344\037@\210\363\010\336T\226\247'\204_{\261\370""1\235\2445\343\033Y!\212\201\341\272\225'\007\f\n0\233\306>\377~V|O\232@\324_\273\232o\\235\370\234IE\333\255j\001\361\204%\n\265\022\035W\277\033\265pM\027\313x\327iNP(O\216Pk&\235\336\223\217\374\212\253\322w\362\013\210`4\253""\302f\230\374\037bx\0145C\307\337\316[\244d\302\3031\347\300\025aX\357\226\221\016\003""; }; nodes {;   nodedata: ""f\225yM\014\263\225\204\377[\235\030P4BO\343Z\264\3646\307\304\177\327\n\261+$r\257\263\n\003""; }; ","ledgerHash: ""\237\231\311\371Y@""\177>\241""\310\233r\315\210Z\003g\334\034\021\305\3353Q\035\224\200\224\347\257""; ledgerSeq: 8; type: liBASE; nodes {;   nodedata: ""\000\000\000\010\001cEx]\211\377\330\311\347s\234ae\204\263\365U\334\372D\354\345\276\201f\035\271%#\375\245\314.""\373\330&\3746\177P.\377\255K\330\362G{!s_\276B\273\031\331\234\023vy$7i\342\243\243\220\021_\222w1E\236\020?0\232H\266\366\033p\353\250\025\255\235\310\215\275\032\005\371R<p\240.\2618\277/\352\224\010/\352\224\020\n\000""; }; nodes {;   nodedata: ""h\315\350\215y\203\242]\371\235\232Pt&\325\210eZ\346\237XZ \277\2457n\221\336\253\245\317\002G)\346n?\227\005Y\336\276m\244>\014/\353)\343S\223\201\230\250\301d\027c\001\302\ris\006E\344\037@\210\363\010\336T\226\247'\204_{\261\370""1\235\2445\343\033Y!\212\201\341\272\225'\007\f\n0\233\306>\377~V|O\232@\324_\273\232o\\235\370\234IE\333\255j\001\361\204%\n\265\022\035W\277\033\265pM\027\313x\327iNP(O\216Pk&\235\336\223\217\374\212\253\322w\362\013\210`4\253""\302f\230\374\037bx\0145C\307\337\316[\244d\302\3031\347\300\025aX\357\226\221\016\003""; }; nodes {;   nodedata: ""f\225yM\014\263\225\204\377[\235\030P4BO\343Z\264\3646\307\304\177\327\n\261+$r\257\263\n\003""; }; "
1750587290126,1750587290126,1753,1,0,2,TMLedgerData,"ledgerHash: ""q|\216``\027\240\206w\312\263+\241\310\271\371\2034\351_\3373\tL\007q_p\342\264_z""; ledgerSeq: 0; type: liTS_CANDIDATE; nodes {;   nodedata: ""\003S\n\235\2624\346\340\377asq\337\223T\316nL\232)C!\360\245\205[L\224\\351\351\000\247\272\246\2214\014W1\360z\262\252=\343\207'\275\266;\016\021\306\330\030\225\023\357\272\353\200x\221\n\003"";   nodeid: ""\000\000\000\000\000\000\000\000\000\000\000\000\000\000\000\000\000\000\000\000\000\000\000\000\000\000\000\000\000\000\000\000\000""; }; ","ledgerHash: ""q|\216``\027\240\206w\312\263+\241\310\271\371\2034\351_\3373\tL\007q_p\342\264_z""; ledgerSeq: 0; type: liTS_CANDIDATE; nodes {;   nodedata: ""\003S\n\235\2624\346\340\377asq\337\223T\316nL\232)C!\360\245\205[L\224\\351\351\000\247\272\246\2214\014W1\360z\262\252=\343\207'\275\266;\016\021\306\330\030\225\023\357\272\353\200x\221\n\003"";   nodeid: ""\000\000\000\000\000\000\000\000\000\000\000\000\000\000\000\000\000\000\000\000\000\000\000\000\000\000\000\000\000\000\000\000\000""; }; "
1750587290142,1750587290142,628,1,3,2,TMLedgerData,"ledgerHash: ""q|\216``\027\240\206w\312\263+\241\310\271\371\2034\351_\3373\tL\007q_p\342\264_z""; ledgerSeq: 0; type: liTS_CANDIDATE; nodes {;   nodedata: ""\003S\n\235\2624\346\340\377asq\337\223T\316nL\232)C!\360\245\205[L\224\\351\351\000\247\272\246\2214\014W1\360z\262\252=\343\207'\275\266;\016\021\306\330\030\225\023\357\272\353\200x\221\n\003"";   nodeid: ""\000\000\000\000\000\000\000\000\000\000\000\000\000\000\000\000\000\000\000\000\000\000\000\000\000\000\000\000\000\000\000\000\000""; }; ","ledgerHash: ""q|\216``\027\240\206w\312\263+\241\310\271\371\2034\351_\3373\tL\007q_p\342\264_z""; ledgerSeq: 0; type: liTS_CANDIDATE; nodes {;   nodedata: ""\003S\n\235\2624\346\340\377asq\337\223T\316nL\232)C!\360\245\205[L\224\\351\351\000\247\272\246\2214\014W1\360z\262\252=\343\207'\275\266;\016\021\306\330\030\225\023\357\272\353\200x\221\n\003"";   nodeid: ""\000\000\000\000\000\000\000\000\000\000\000\000\000\000\000\000\000\000\000\000\000\000\000\000\000\000\000\000\000\000\000\000\000""; }; "
1750587290175,1750587290175,3097,1,2,0,TMLedgerData,"ledgerHash: ""q|\216``\027\240\206w\312\263+\241\310\271\371\2034\351_\3373\tL\007q_p\342\264_z""; ledgerSeq: 0; type: liTS_CANDIDATE; nodes {;   nodedata: ""\003S\n\235\2624\346\340\377asq\337\223T\316nL\232)C!\360\245\205[L\224\\351\351\000\247\272\246\2214\014W1\360z\262\252=\343\207'\275\266;\016\021\306\330\030\225\023\357\272\353\200x\221\n\003"";   nodeid: ""\000\000\000\000\000\000\000\000\000\000\000\000\000\000\000\000\000\000\000\000\000\000\000\000\000\000\000\000\000\000\000\000\000""; }; ","ledgerHash: ""q|\216``\027\240\206w\312\263+\241\310\271\371\2034\351_\3373\tL\007q_p\342\264_z""; ledgerSeq: 0; type: liTS_CANDIDATE; nodes {;   nodedata: ""\003S\n\235\2624\346\340\377asq\337\223T\316nL\232)C!\360\245\205[L\224\\351\351\000\247\272\246\2214\014W1\360z\262\252=\343\207'\275\266;\016\021\306\330\030\225\023\357\272\353\200x\221\n\003"";   nodeid: ""\000\000\000\000\000\000\000\000\000\000\000\000\000\000\000\000\000\000\000\000\000\000\000\000\000\000\000\000\000\000\000\000\000""; }; "
1750587290197,1750587290197,1743,1,2,4,TMLedgerData,"ledgerHash: ""q|\216``\027\240\206w\312\263+\241\310\271\371\2034\351_\3373\tL\007q_p\342\264_z""; ledgerSeq: 0; type: liTS_CANDIDATE; nodes {;   nodedata: ""\003S\n\235\2624\346\340\377asq\337\223T\316nL\232)C!\360\245\205[L\224\\351\351\000\247\272\246\2214\014W1\360z\262\252=\343\207'\275\266;\016\021\306\330\030\225\023\357\272\353\200x\221\n\003"";   nodeid: ""\000\000\000\000\000\000\000\000\000\000\000\000\000\000\000\000\000\000\000\000\000\000\000\000\000\000\000\000\000\000\000\000\000""; }; requestCookie: 1; ","ledgerHash: ""q|\216``\027\240\206w\312\263+\241\310\271\371\2034\351_\3373\tL\007q_p\342\264_z""; ledgerSeq: 0; type: liTS_CANDIDATE; nodes {;   nodedata: ""\003S\n\235\2624\346\340\377asq\337\223T\316nL\232)C!\360\245\205[L\224\\351\351\000\247\272\246\2214\014W1\360z\262\252=\343\207'\275\266;\016\021\306\330\030\225\023\357\272\353\200x\221\n\003"";   nodeid: ""\000\000\000\000\000\000\000\000\000\000\000\000\000\000\000\000\000\000\000\000\000\000\000\000\000\000\000\000\000\000\000\000\000""; }; requestCookie: 1; "
1750587290198,1750587290198,3656,1,3,1,TMProposeSet,"proposeSeq: 1; currentTxHash: ""q|\216``\027\240\206w\312\263+\241\310\271\371\2034\351_\3373\tL\007q_p\342\264_z""; nodePubKey: ""\003ql\302)\235\321\t\213\224\356\374%%\311\327\037\374\304\t\335\2359\344\233\035]\347<u\236\364\222""; closeTime: 803902480; signature: ""0E\002!\000\343K\014\341&\346jAp8\330\364n\263v\236\351l\325\235\004.-\316![\254n\256]\373/\002 \037b\222Q\204j\032G0\222\252y\355\270\373Q\217\356S\334\031\023,\225t\216\307\363^P84""; previousledger: ""\354@[\274\202\021\202\373Vi\243\n\325\250\005e\360""m\346'\311@\343\016$L\346\334\360<w""; ","proposeSeq: 1; currentTxHash: ""q|\216``\027\240\206w\312\263+\241\310\271\371\2034\351_\3373\tL\007q_p\342\264_z""; nodePubKey: ""\003ql\302)\235\321\t\213\224\356\374%%\311\327\037\374\304\t\335\2359\344\233\035]\347<u\236\364\222""; closeTime: 803902480; signature: ""0E\002!\000\343K\014\341&\346jAp8\330\364n\263v\236\351l\325\235\004.-\316![\254n\256]\373/\002 \037b\222Q\204j\032G0\222\252y\355\270\373Q\217\356S\334\031\023,\225t\216\307\363^P84""; previousledger: ""\354@[\274\202\021\202\373Vi\243\n\325\250\005e\360""m\346'\311@\343\016$L\346\334\360<w""; "
1750587290199,1750587290199,1317,1,3,2,TMProposeSet,"proposeSeq: 1; currentTxHash: ""q|\216``\027\240\206w\312\263+\241\310\271\371\2034\351_\3373\tL\007q_p\342\264_z""; nodePubKey: ""\003ql\302)\235\321\t\213\224\356\374%%\311\327\037\374\304\t\335\2359\344\233\035]\347<u\236\364\222""; closeTime: 803902480; signature: ""0E\002!\000\343K\014\341&\346jAp8\330\364n\263v\236\351l\325\235\004.-\316![\254n\256]\373/\002 \037b\222Q\204j\032G0\222\252y\355\270\373Q\217\356S\334\031\023,\225t\216\307\363^P84""; previousledger: ""\354@[\274\202\021\202\373Vi\243\n\325\250\005e\360""m\346'\311@\343\016$L\346\334\360<w""; ","proposeSeq: 1; currentTxHash: ""q|\216``\027\240\206w\312\263+\241\310\271\371\2034\351_\3373\tL\007q_p\342\264_z""; nodePubKey: ""\003ql\302)\235\321\t\213\224\356\374%%\311\327\037\374\304\t\335\2359\344\233\035]\347<u\236\364\222""; closeTime: 803902480; signature: ""0E\002!\000\343K\014\341&\346jAp8\330\364n\263v\236\351l\325\235\004.-\316![\254n\256]\373/\002 \037b\222Q\204j\032G0\222\252y\355\270\373Q\217\356S\334\031\023,\225t\216\307\363^P84""; previousledger: ""\354@[\274\202\021\202\373Vi\243\n\325\250\005e\360""m\346'\311@\343\016$L\346\334\360<w""; "
1750587290199,1750587290199,483,1,3,4,TMProposeSet,"proposeSeq: 1; currentTxHash: ""q|\216``\027\240\206w\312\263+\241\310\271\371\2034\351_\3373\tL\007q_p\342\264_z""; nodePubKey: ""\003ql\302)\235\321\t\213\224\356\374%%\311\327\037\374\304\t\335\2359\344\233\035]\347<u\236\364\222""; closeTime: 803902480; signature: ""0E\002!\000\343K\014\341&\346jAp8\330\364n\263v\236\351l\325\235\004.-\316![\254n\256]\373/\002 \037b\222Q\204j\032G0\222\252y\355\270\373Q\217\356S\334\031\023,\225t\216\307\363^P84""; previousledger: ""\354@[\274\202\021\202\373Vi\243\n\325\250\005e\360""m\346'\311@\343\016$L\346\334\360<w""; ","proposeSeq: 1; currentTxHash: ""q|\216``\027\240\206w\312\263+\241\310\271\371\2034\351_\3373\tL\007q_p\342\264_z""; nodePubKey: ""\003ql\302)\235\321\t\213\224\356\374%%\311\327\037\374\304\t\335\2359\344\233\035]\347<u\236\364\222""; closeTime: 803902480; signature: ""0E\002!\000\343K\014\341&\346jAp8\330\364n\263v\236\351l\325\235\004.-\316![\254n\256]\373/\002 \037b\222Q\204j\032G0\222\252y\355\270\373Q\217\356S\334\031\023,\225t\216\307\363^P84""; previousledger: ""\354@[\274\202\021\202\373Vi\243\n\325\250\005e\360""m\346'\311@\343\016$L\346\334\360<w""; "
1750587290269,1750587290269,2792,1,4,2,TMLedgerData,"ledgerHash: ""q|\216``\027\240\206w\312\263+\241\310\271\371\2034\351_\3373\tL\007q_p\342\264_z""; ledgerSeq: 0; type: liTS_CANDIDATE; nodes {;   nodedata: ""\003S\n\235\2624\346\340\377asq\337\223T\316nL\232)C!\360\245\205[L\224\\351\351\000\247\272\246\2214\014W1\360z\262\252=\343\207'\275\266;\016\021\306\330\030\225\023\357\272\353\200x\221\n\003"";   nodeid: ""\000\000\000\000\000\000\000\000\000\000\000\000\000\000\000\000\000\000\000\000\000\000\000\000\000\000\000\000\000\000\000\000\000""; }; ","ledgerHash: ""q|\216``\027\240\206w\312\263+\241\310\271\371\2034\351_\3373\tL\007q_p\342\264_z""; ledgerSeq: 0; type: liTS_CANDIDATE; nodes {;   nodedata: ""\003S\n\235\2624\346\340\377asq\337\223T\316nL\232)C!\360\245\205[L\224\\351\351\000\247\272\246\2214\014W1\360z\262\252=\343\207'\275\266;\016\021\306\330\030\225\023\357\272\353\200x\221\n\003"";   nodeid: ""\000\000\000\000\000\000\000\000\000\000\000\000\000\000\000\000\000\000\000\000\000\000\000\000\000\000\000\000\000\000\000\000\000""; }; "
1750587290274,1750587290274,557,1,4,1,TMGetLedger,"itype: liTS_CANDIDATE; ledgerHash: ""q|\216``\027\240\206w\312\263+\241\310\271\371\2034\351_\3373\tL\007q_p\342\264_z""; nodeIDs: ""\000\000\000\000\000\000\000\000\000\000\000\000\000\000\000\000\000\000\000\000\000\000\000\000\000\000\000\000\000\000\000\000\000""; requestCookie: 4; queryType: qtINDIRECT; queryDepth: 3; ","itype: liTS_CANDIDATE; ledgerHash: ""q|\216``\027\240\206w\312\263+\241\310\271\371\2034\351_\3373\tL\007q_p\342\264_z""; nodeIDs: ""\000\000\000\000\000\000\000\000\000\000\000\000\000\000\000\000\000\000\000\000\000\000\000\000\000\000\000\000\000\000\000\000\000""; requestCookie: 4; queryType: qtINDIRECT; queryDepth: 3; "
1750587290298,1750587290298,1399,1,1,3,TMLedgerData,"ledgerHash: ""q|\216``\027\240\206w\312\263+\241\310\271\371\2034\351_\3373\tL\007q_p\342\264_z""; ledgerSeq: 0; type: liTS_CANDIDATE; nodes {;   nodedata: ""\003S\n\235\2624\346\340\377asq\337\223T\316nL\232)C!\360\245\205[L\224\\351\351\000\247\272\246\2214\014W1\360z\262\252=\343\207'\275\266;\016\021\306\330\030\225\023\357\272\353\200x\221\n\003"";   nodeid: ""\000\000\000\000\000\000\000\000\000\000\000\000\000\000\000\000\000\000\000\000\000\000\000\000\000\000\000\000\000\000\000\000\000""; }; ","ledgerHash: ""q|\216``\027\240\206w\312\263+\241\310\271\371\2034\351_\3373\tL\007q_p\342\264_z""; ledgerSeq: 0; type: liTS_CANDIDATE; nodes {;   nodedata: ""\003S\n\235\2624\346\340\377asq\337\223T\316nL\232)C!\360\245\205[L\224\\351\351\000\247\272\246\2214\014W1\360z\262\252=\343\207'\275\266;\016\021\306\330\030\225\023\357\272\353\200x\221\n\003"";   nodeid: ""\000\000\000\000\000\000\000\000\000\000\000\000\000\000\000\000\000\000\000\000\000\000\000\000\000\000\000\000\000\000\000\000\000""; }; "
1750587290342,1750587290342,3487,1,0,3,TMLedgerData,"ledgerHash: ""q|\216``\027\240\206w\312\263+\241\310\271\371\2034\351_\3373\tL\007q_p\342\264_z""; ledgerSeq: 0; type: liTS_CANDIDATE; nodes {;   nodedata: ""\003S\n\235\2624\346\340\377asq\337\223T\316nL\232)C!\360\245\205[L\224\\351\351\000\247\272\246\2214\014W1\360z\262\252=\343\207'\275\266;\016\021\306\330\030\225\023\357\272\353\200x\221\n\003"";   nodeid: ""\000\000\000\000\000\000\000\000\000\000\000\000\000\000\000\000\000\000\000\000\000\000\000\000\000\000\000\000\000\000\000\000\000""; }; ","ledgerHash: ""q|\216``\027\240\206w\312\263+\241\310\271\371\2034\351_\3373\tL\007q_p\342\264_z""; ledgerSeq: 0; type: liTS_CANDIDATE; nodes {;   nodedata: ""\003S\n\235\2624\346\340\377asq\337\223T\316nL\232)C!\360\245\205[L\224\\351\351\000\247\272\246\2214\014W1\360z\262\252=\343\207'\275\266;\016\021\306\330\030\225\023\357\272\353\200x\221\n\003"";   nodeid: ""\000\000\000\000\000\000\000\000\000\000\000\000\000\000\000\000\000\000\000\000\000\000\000\000\000\000\000\000\000\000\000\000\000""; }; "
1750587290372,1750587290372,557,1,4,1,TMGetLedger,"itype: liBASE; ledgerHash: ""\317\351\2337\023\262\336W\254\222\315\335\317oP\221\031g\037\220\357Ft\030n\306\370\n\354\226\365\346""; ledgerSeq: 9; queryType: qtINDIRECT; ","itype: liBASE; ledgerHash: ""\317\351\2337\023\262\336W\254\222\315\335\317oP\221\031g\037\220\357Ft\030n\306\370\n\354\226\365\346""; ledgerSeq: 9; queryType: qtINDIRECT; "
1750587290373,1750587290373,3559,1,4,0,TMValidation,"validation: """"\200\000\000\001&\000\000\000\t)/\352\224\031:Q\231\304\227'3\313\030Q\317\351\2337\023\262\336W\254\222\315\335\317oP\221\031g\037\220\357Ft\030n\306\370\n\354\226\365\346P\027q|\216``\027\240\206w\312\263+\241\310\271\371\2034\351_\3373\tL\007q_p\342\264_zP\031\354@[\274\202\021\202\373Vi\243\n\325\250\005e\360""m\346'\311@\343\016$L\346\334\360<ws!\003ql\302)\235\321\t\213\224\356\374%%\311\327\037\374\304\t\335\2359\344\233\035]\347<u\236\364\222vF0D\002 R\257}&\016\007\214k0\363d(Bj\371p\314\327}\262\202\315!\3722\215\303\243\313\375w\206\002 ^\265\377\314\320\026\306F\255+t\347\302\004T\310\222\341\241\274\031\323\337Z\262o\247v1\023?\327""; ","validation: """"\200\000\000\001&\000\000\000\t)/\352\224\031:Q\231\304\227'3\313\030Q\317\351\2337\023\262\336W\254\222\315\335\317oP\221\031g\037\220\357Ft\030n\306\370\n\354\226\365\346P\027q|\216``\027\240\206w\312\263+\241\310\271\371\2034\351_\3373\tL\007q_p\342\264_zP\031\354@[\274\202\021\202\373Vi\243\n\325\250\005e\360""m\346'\311@\343\016$L\346\334\360<ws!\003ql\302)\235\321\t\213\224\356\374%%\311\327\037\374\304\t\335\2359\344\233\035]\347<u\236\364\222vF0D\002 R\257}&\016\007\214k0\363d(Bj\371p\314\327}\262\202\315!\3722\215\303\243\313\375w\206\002 ^\265\377\314\320\026\306F\255+t\347\302\004T\310\222\341\241\274\031\323\337Z\262o\247v1\023?\327""; "
1750587290374,1750587290374,769,1,4,0,TMGetLedger,"itype: liBASE; ledgerHash: ""\317\351\2337\023\262\336W\254\222\315\335\317oP\221\031g\037\220\357Ft\030n\306\370\n\354\226\365\346""; ledgerSeq: 9; queryType: qtINDIRECT; ","itype: liBASE; ledgerHash: ""\317\351\2337\023\262\336W\254\222\315\335\317oP\221\031g\037\220\357Ft\030n\306\370\n\354\226\365\346""; ledgerSeq: 9; queryType: qtINDIRECT; "
1750587290375,1750587290375,2819,1,4,1,TMValidation,"validation: """"\200\000\000\001&\000\000\000\t)/\352\224\031:Q\231\304\227'3\313\030Q\317\351\2337\023\262\336W\254\222\315\335\317oP\221\031g\037\220\357Ft\030n\306\370\n\354\226\365\346P\027q|\216``\027\240\206w\312\263+\241\310\271\371\2034\351_\3373\tL\007q_p\342\264_zP\031\354@[\274\202\021\202\373Vi\243\n\325\250\005e\360""m\346'\311@\343\016$L\346\334\360<ws!\003ql\302)\235\321\t\213\224\356\374%%\311\327\037\374\304\t\335\2359\344\233\035]\347<u\236\364\222vF0D\002 R\257}&\016\007\214k0\363d(Bj\371p\314\327}\262\202\315!\3722\215\303\243\313\375w\206\002 ^\265\377\314\320\026\306F\255+t\347\302\004T\310\222\341\241\274\031\323\337Z\262o\247v1\023?\327""; ","validation: """"\200\000\000\001&\000\000\000\t)/\352\224\031:Q\231\304\227'3\313\030Q\317\351\2337\023\262\336W\254\222\315\335\317oP\221\031g\037\220\357Ft\030n\306\370\n\354\226\365\346P\027q|\216``\027\240\206w\312\263+\241\310\271\371\2034\351_\3373\tL\007q_p\342\264_zP\031\354@[\274\202\021\202\373Vi\243\n\325\250\005e\360""m\346'\311@\343\016$L\346\334\360<ws!\003ql\302)\235\321\t\213\224\356\374%%\311\327\037\374\304\t\335\2359\344\233\035]\347<u\236\364\222vF0D\002 R\257}&\016\007\214k0\363d(Bj\371p\314\327}\262\202\315!\3722\215\303\243\313\375w\206\002 ^\265\377\314\320\026\306F\255+t\347\302\004T\310\222\341\241\274\031\323\337Z\262o\247v1\023?\327""; "
1750587290375,1750587290375,557,1,4,1,TMGetLedger,"itype: liBASE; ledgerHash: ""\317\351\2337\023\262\336W\254\222\315\335\317oP\221\031g\037\220\357Ft\030n\306\370\n\354\226\365\346""; ledgerSeq: 9; ","itype: liBASE; ledgerHash: ""\317\351\2337\023\262\336W\254\222\315\335\317oP\221\031g\037\220\357Ft\030n\306\370\n\354\226\365\346""; ledgerSeq: 9; "
1750587290375,1750587290376,3914,1,4,3,TMGetLedger,"itype: liBASE; ledgerHash: ""\317\351\2337\023\262\336W\254\222\315\335\317oP\221\031g\037\220\357Ft\030n\306\370\n\354\226\365\346""; ledgerSeq: 9; ","itype: liBASE; ledgerHash: ""\317\351\2337\023\262\336W\254\222\315\335\317oP\221\031g\037\220\357Ft\030n\306\370\n\354\226\365\346""; ledgerSeq: 9; "
1750587290376,1750587290376,1357,1,4,3,TMValidation,"validation: """"\200\000\000\001&\000\000\000\t)/\352\224\031:Q\231\304\227'3\313\030Q\317\351\2337\023\262\336W\254\222\315\335\317oP\221\031g\037\220\357Ft\030n\306\370\n\354\226\365\346P\027q|\216``\027\240\206w\312\263+\241\310\271\371\2034\351_\3373\tL\007q_p\342\264_zP\031\354@[\274\202\021\202\373Vi\243\n\325\250\005e\360""m\346'\311@\343\016$L\346\334\360<ws!\003ql\302)\235\321\t\213\224\356\374%%\311\327\037\374\304\t\335\2359\344\233\035]\347<u\236\364\222vF0D\002 R\257}&\016\007\214k0\363d(Bj\371p\314\327}\262\202\315!\3722\215\303\243\313\375w\206\002 ^\265\377\314\320\026\306F\255+t\347\302\004T\310\222\341\241\274\031\323\337Z\262o\247v1\023?\327""; ","validation: """"\200\000\000\001&\000\000\000\t)/\352\224\031:Q\231\304\227'3\313\030Q\317\351\2337\023\262\336W\254\222\315\335\317oP\221\031g\037\220\357Ft\030n\306\370\n\354\226\365\346P\027q|\216``\027\240\206w\312\263+\241\310\271\371\2034\351_\3373\tL\007q_p\342\264_zP\031\354@[\274\202\021\202\373Vi\243\n\325\250\005e\360""m\346'\311@\343\016$L\346\334\360<ws!\003ql\302)\235\321\t\213\224\356\374%%\311\327\037\374\304\t\335\2359\344\233\035]\347<u\236\364\222vF0D\002 R\257}&\016\007\214k0\363d(Bj\371p\314\327}\262\202\315!\3722\215\303\243\313\375w\206\002 ^\265\377\314\320\026\306F\255+t\347\302\004T\310\222\341\241\274\031\323\337Z\262o\247v1\023?\327""; "
1750587290377,1750587290378,3914,1,4,3,TMGetLedger,"itype: liBASE; ledgerHash: ""\317\351\2337\023\262\336W\254\222\315\335\317oP\221\031g\037\220\357Ft\030n\306\370\n\354\226\365\346""; ledgerSeq: 9; queryType: qtINDIRECT; ","itype: liBASE; ledgerHash: ""\317\351\2337\023\262\336W\254\222\315\335\317oP\221\031g\037\220\357Ft\030n\306\370\n\354\226\365\346""; ledgerSeq: 9; queryType: qtINDIRECT; "
1750587290378,1750587290378,1467,1,4,2,TMGetLedger,"itype: liBASE; ledgerHash: ""\317\351\2337\023\262\336W\254\222\315\335\317oP\221\031g\037\220\357Ft\030n\306\370\n\354\226\365\346""; ledgerSeq: 9; queryType: qtINDIRECT; ","itype: liBASE; ledgerHash: ""\317\351\2337\023\262\336W\254\222\315\335\317oP\221\031g\037\220\357Ft\030n\306\370\n\354\226\365\346""; ledgerSeq: 9; queryType: qtINDIRECT; "
1750587290379,1750587290379,769,1,4,0,TMGetLedger,"itype: liBASE; ledgerHash: ""\317\351\2337\023\262\336W\254\222\315\335\317oP\221\031g\037\220\357Ft\030n\306\370\n\354\226\365\346""; ledgerSeq: 9; ","itype: liBASE; ledgerHash: ""\317\351\2337\023\262\336W\254\222\315\335\317oP\221\031g\037\220\357Ft\030n\306\370\n\354\226\365\346""; ledgerSeq: 9; "
1750587290379,1750587290380,1467,1,4,2,TMGetLedger,"itype: liBASE; ledgerHash: ""\317\351\2337\023\262\336W\254\222\315\335\317oP\221\031g\037\220\357Ft\030n\306\370\n\354\226\365\346""; ledgerSeq: 9; ","itype: liBASE; ledgerHash: ""\317\351\2337\023\262\336W\254\222\315\335\317oP\221\031g\037\220\357Ft\030n\306\370\n\354\226\365\346""; ledgerSeq: 9; "
1750587290380,1750587290380,1753,1,0,2,TMLedgerData,"ledgerHash: ""q|\216``\027\240\206w\312\263+\241\310\271\371\2034\351_\3373\tL\007q_p\342\264_z""; ledgerSeq: 0; type: liTS_CANDIDATE; nodes {;   nodedata: ""\003S\n\235\2624\346\340\377asq\337\223T\316nL\232)C!\360\245\205[L\224\\351\351\000\247\272\246\2214\014W1\360z\262\252=\343\207'\275\266;\016\021\306\330\030\225\023\357\272\353\200x\221\n\003"";   nodeid: ""\000\000\000\000\000\000\000\000\000\000\000\000\000\000\000\000\000\000\000\000\000\000\000\000\000\000\000\000\000\000\000\000\000""; }; ","ledgerHash: ""q|\216``\027\240\206w\312\263+\241\310\271\371\2034\351_\3373\tL\007q_p\342\264_z""; ledgerSeq: 0; type: liTS_CANDIDATE; nodes {;   nodedata: ""\003S\n\235\2624\346\340\377asq\337\223T\316nL\232)C!\360\245\205[L\224\\351\351\000\247\272\246\2214\014W1\360z\262\252=\343\207'\275\266;\016\021\306\330\030\225\023\357\272\353\200x\221\n\003"";   nodeid: ""\000\000\000\000\000\000\000\000\000\000\000\000\000\000\000\000\000\000\000\000\000\000\000\000\000\000\000\000\000\000\000\000\000""; }; "
1750587290386,1750587290386,1289,1,1,3,TMValidation,"validation: """"\200\000\000\001&\000\000\000\t)/\352\224\031:Q\231\304\227'3\313\030Q\317\351\2337\023\262\336W\254\222\315\335\317oP\221\031g\037\220\357Ft\030n\306\370\n\354\226\365\346P\027q|\216``\027\240\206w\312\263+\241\310\271\371\2034\351_\3373\tL\007q_p\342\264_zP\031\354@[\274\202\021\202\373Vi\243\n\325\250\005e\360""m\346'\311@\343\016$L\346\334\360<ws!\003ql\302)\235\321\t\213\224\356\374%%\311\327\037\374\304\t\335\2359\344\233\035]\347<u\236\364\222vF0D\002 R\257}&\016\007\214k0\363d(Bj\371p\314\327}\262\202\315!\3722\215\303\243\313\375w\206\002 ^\265\377\314\320\026\306F\255+t\347\302\004T\310\222\341\241\274\031\323\337Z\262o\247v1\023?\327""; ","validation: """"\200\000\000\001&\000\000\000\t)/\352\224\031:Q\231\304\227'3\313\030Q\317\351\2337\023\262\336W\254\222\315\335\317oP\221\031g\037\220\357Ft\030n\306\370\n\354\226\365\346P\027q|\216``\027\240\206w\312\263+\241\310\271\371\2034\351_\3373\tL\007q_p\342\264_zP\031\354@[\274\202\021\202\373Vi\243\n\325\250\005e\360""m\346'\311@\343\016$L\346\334\360<ws!\003ql\302)\235\321\t\213\224\356\374%%\311\327\037\374\304\t\335\2359\344\233\035]\347<u\236\364\222vF0D\002 R\257}&\016\007\214k0\363d(Bj\371p\314\327}\262\202\315!\3722\215\303\243\313\375w\206\002 ^\265\377\314\320\026\306F\255+t\347\302\004T\310\222\341\241\274\031\323\337Z\262o\247v1\023?\327""; "
1750587290388,1750587290388,3090,1,1,0,TMValidation,"validation: """"\200\000\000\001&\000\000\000\t)/\352\224\031:Q\231\304\227'3\313\030Q\317\351\2337\023\262\336W\254\222\315\335\317oP\221\031g\037\220\357Ft\030n\306\370\n\354\226\365\346P\027q|\216``\027\240\206w\312\263+\241\310\271\371\2034\351_\3373\tL\007q_p\342\264_zP\031\354@[\274\202\021\202\373Vi\243\n\325\250\005e\360""m\346'\311@\343\016$L\346\334\360<ws!\003ql\302)\235\321\t\213\224\356\374%%\311\327\037\374\304\t\335\2359\344\233\035]\347<u\236\364\222vF0D\002 R\257}&\016\007\214k0\363d(Bj\371p\314\327}\262\202\315!\3722\215\303\243\313\375w\206\002 ^\265\377\314\320\026\306F\255+t\347\302\004T\310\222\341\241\274\031\323\337Z\262o\247v1\023?\327""; ","validation: """"\200\000\000\001&\000\000\000\t)/\352\224\031:Q\231\304\227'3\313\030Q\317\351\2337\023\262\336W\254\222\315\335\317oP\221\031g\037\220\357Ft\030n\306\370\n\354\226\365\346P\027q|\216``\027\240\206w\312\263+\241\310\271\371\2034\351_\3373\tL\007q_p\342\264_zP\031\354@[\274\202\021\202\373Vi\243\n\325\250\005e\360""m\346'\311@\343\016$L\346\334\360<ws!\003ql\302)\235\321\t\213\224\356\374%%\311\327\037\374\304\t\335\2359\344\233\035]\347<u\236\364\222vF0D\002 R\257}&\016\007\214k0\363d(Bj\371p\314\327}\262\202\315!\3722\215\303\243\313\375w\206\002 ^\265\377\314\320\026\306F\255+t\347\302\004T\310\222\341\241\274\031\323\337Z\262o\247v1\023?\327""; "
1750587290387,1750587290387,1939,1,1,4,TMValidation,"validation: """"\200\000\000\001&\000\000\000\t)/\352\224\031:Q\231\304\227'3\313\030Q\317\351\2337\023\262\336W\254\222\315\335\317oP\221\031g\037\220\357Ft\030n\306\370\n\354\226\365\346P\027q|\216``\027\240\206w\312\263+\241\310\271\371\2034\351_\3373\tL\007q_p\342\264_zP\031\354@[\274\202\021\202\373Vi\243\n\325\250\005e\360""m\346'\311@\343\016$L\346\334\360<ws!\003ql\302)\235\321\t\213\224\356\374%%\311\327\037\374\304\t\335\2359\344\233\035]\347<u\236\364\222vF0D\002 R\257}&\016\007\214k0\363d(Bj\371p\314\327}\262\202\315!\3722\215\303\243\313\375w\206\002 ^\265\377\314\320\026\306F\255+t\347\302\004T\310\222\341\241\274\031\323\337Z\262o\247v1\023?\327""; ","validation: """"\200\000\000\001&\000\000\000\t)/\352\224\031:Q\231\304\227'3\313\030Q\317\351\2337\023\262\336W\254\222\315\335\317oP\221\031g\037\220\357Ft\030n\306\370\n\354\226\365\346P\027q|\216``\027\240\206w\312\263+\241\310\271\371\2034\351_\3373\tL\007q_p\342\264_zP\031\354@[\274\202\021\202\373Vi\243\n\325\250\005e\360""m\346'\311@\343\016$L\346\334\360<ws!\003ql\302)\235\321\t\213\224\356\374%%\311\327\037\374\304\t\335\2359\344\233\035]\347<u\236\364\222vF0D\002 R\257}&\016\007\214k0\363d(Bj\371p\314\327}\262\202\315!\3722\215\303\243\313\375w\206\002 ^\265\377\314\320\026\306F\255+t\347\302\004T\310\222\341\241\274\031\323\337Z\262o\247v1\023?\327""; "
1750587290391,1750587290391,628,1,3,2,TMLedgerData,"ledgerHash: ""q|\216``\027\240\206w\312\263+\241\310\271\371\2034\351_\3373\tL\007q_p\342\264_z""; ledgerSeq: 0; type: liTS_CANDIDATE; nodes {;   nodedata: ""\003S\n\235\2624\346\340\377asq\337\223T\316nL\232)C!\360\245\205[L\224\\351\351\000\247\272\246\2214\014W1\360z\262\252=\343\207'\275\266;\016\021\306\330\030\225\023\357\272\353\200x\221\n\003"";   nodeid: ""\000\000\000\000\000\000\000\000\000\000\000\000\000\000\000\000\000\000\000\000\000\000\000\000\000\000\000\000\000\000\000\000\000""; }; ","ledgerHash: ""q|\216``\027\240\206w\312\263+\241\310\271\371\2034\351_\3373\tL\007q_p\342\264_z""; ledgerSeq: 0; type: liTS_CANDIDATE; nodes {;   nodedata: ""\003S\n\235\2624\346\340\377asq\337\223T\316nL\232)C!\360\245\205[L\224\\351\351\000\247\272\246\2214\014W1\360z\262\252=\343\207'\275\266;\016\021\306\330\030\225\023\357\272\353\200x\221\n\003"";   nodeid: ""\000\000\000\000\000\000\000\000\000\000\000\000\000\000\000\000\000\000\000\000\000\000\000\000\000\000\000\000\000\000\000\000\000""; }; "
1750587290418,1750587290418,1399,1,1,3,TMLedgerData,"ledgerHash: ""q|\216``\027\240\206w\312\263+\241\310\271\371\2034\351_\3373\tL\007q_p\342\264_z""; ledgerSeq: 0; type: liTS_CANDIDATE; nodes {;   nodedata: ""\003S\n\235\2624\346\340\377asq\337\223T\316nL\232)C!\360\245\205[L\224\\351\351\000\247\272\246\2214\014W1\360z\262\252=\343\207'\275\266;\016\021\306\330\030\225\023\357\272\353\200x\221\n\003"";   nodeid: ""\000\000\000\000\000\000\000\000\000\000\000\000\000\000\000\000\000\000\000\000\000\000\000\000\000\000\000\000\000\000\000\000\000""; }; requestCookie: 2; ","ledgerHash: ""q|\216``\027\240\206w\312\263+\241\310\271\371\2034\351_\3373\tL\007q_p\342\264_z""; ledgerSeq: 0; type: liTS_CANDIDATE; nodes {;   nodedata: ""\003S\n\235\2624\346\340\377asq\337\223T\316nL\232)C!\360\245\205[L\224\\351\351\000\247\272\246\2214\014W1\360z\262\252=\343\207'\275\266;\016\021\306\330\030\225\023\357\272\353\200x\221\n\003"";   nodeid: ""\000\000\000\000\000\000\000\000\000\000\000\000\000\000\000\000\000\000\000\000\000\000\000\000\000\000\000\000\000\000\000\000\000""; }; requestCookie: 2; "
1750587290425,1750587290425,3097,1,2,0,TMLedgerData,"ledgerHash: ""q|\216``\027\240\206w\312\263+\241\310\271\371\2034\351_\3373\tL\007q_p\342\264_z""; ledgerSeq: 0; type: liTS_CANDIDATE; nodes {;   nodedata: ""\003S\n\235\2624\346\340\377asq\337\223T\316nL\232)C!\360\245\205[L\224\\351\351\000\247\272\246\2214\014W1\360z\262\252=\343\207'\275\266;\016\021\306\330\030\225\023\357\272\353\200x\221\n\003"";   nodeid: ""\000\000\000\000\000\000\000\000\000\000\000\000\000\000\000\000\000\000\000\000\000\000\000\000\000\000\000\000\000\000\000\000\000""; }; ","ledgerHash: ""q|\216``\027\240\206w\312\263+\241\310\271\371\2034\351_\3373\tL\007q_p\342\264_z""; ledgerSeq: 0; type: liTS_CANDIDATE; nodes {;   nodedata: ""\003S\n\235\2624\346\340\377asq\337\223T\316nL\232)C!\360\245\205[L\224\\351\351\000\247\272\246\2214\014W1\360z\262\252=\343\207'\275\266;\016\021\306\330\030\225\023\357\272\353\200x\221\n\003"";   nodeid: ""\000\000\000\000\000\000\000\000\000\000\000\000\000\000\000\000\000\000\000\000\000\000\000\000\000\000\000\000\000\000\000\000\000""; }; "
1750587290445,1750587290445,3375,1,1,4,TMProposeSet,"proposeSeq: 0; currentTxHash: ""\000\000\000\000\000\000\000\000\000\000\000\000\000\000\000\000\000\000\000\000\000\000\000\000\000\000\000\000\000\000\000\000""; nodePubKey: ""\003\343\005\311u\203\370\0338\3174\324\010\006\301\251\177\261\304eOX\262)FA-\022r\263wm\024""; closeTime: 803902490; signature: ""0D\002 i\374\264Z`+\272p\365Q\246F\302\275O\017\260#/-m\030\3358U\2706\016j\231\254\351\002 *\250\205:H\000\001\230\330\207\314&\023P\000Oa\3144\335\3665\007\000\263J\200\276\331\tL(""; previousledger: ""\317\351\2337\023\262\336W\254\222\315\335\317oP\221\031g\037\220\357Ft\030n\306\370\n\354\226\365\346""; ","proposeSeq: 0; currentTxHash: ""\000\000\000\000\000\000\000\000\000\000\000\000\000\000\000\000\000\000\000\000\000\000\000\000\000\000\000\000\000\000\000\000""; nodePubKey: ""\003\343\005\311u\203\370\0338\3174\324\010\006\301\251\177\261\304eOX\262)FA-\022r\263wm\024""; closeTime: 803902490; signature: ""0D\002 i\374\264Z`+\272p\365Q\246F\302\275O\017\260#/-m\030\3358U\2706\016j\231\254\351\002 *\250\205:H\000\001\230\330\207\314&\023P\000Oa\3144\335\3665\007\000\263J\200\276\331\tL(""; previousledger: ""\317\351\2337\023\262\336W\254\222\315\335\317oP\221\031g\037\220\357Ft\030n\306\370\n\354\226\365\346""; "
1750587290449,1750587290449,926,1,1,0,TMProposeSet,"proposeSeq: 0; currentTxHash: ""\000\000\000\000\000\000\000\000\000\000\000\000\000\000\000\000\000\000\000\000\000\000\000\000\000\000\000\000\000\000\000\000""; nodePubKey: ""\003\343\005\311u\203\370\0338\3174\324\010\006\301\251\177\261\304eOX\262)FA-\022r\263wm\024""; closeTime: 803902490; signature: ""0D\002 i\374\264Z`+\272p\365Q\246F\302\275O\017\260#/-m\030\3358U\2706\016j\231\254\351\002 *\250\205:H\000\001\230\330\207\314&\023P\000Oa\3144\335\3665\007\000\263J\200\276\331\tL(""; previousledger: ""\317\351\2337\023\262\336W\254\222\315\335\317oP\221\031g\037\220\357Ft\030n\306\370\n\354\226\365\346""; ","proposeSeq: 0; currentTxHash: ""\000\000\000\000\000\000\000\000\000\000\000\000\000\000\000\000\000\000\000\000\000\000\000\000\000\000\000\000\000\000\000\000""; nodePubKey: ""\003\343\005\311u\203\370\0338\3174\324\010\006\301\251\177\261\304eOX\262)FA-\022r\263wm\024""; closeTime: 803902490; signature: ""0D\002 i\374\264Z`+\272p\365Q\246F\302\275O\017\260#/-m\030\3358U\2706\016j\231\254\351\002 *\250\205:H\000\001\230\330\207\314&\023P\000Oa\3144\335\3665\007\000\263J\200\276\331\tL(""; previousledger: ""\317\351\2337\023\262\336W\254\222\315\335\317oP\221\031g\037\220\357Ft\030n\306\370\n\354\226\365\346""; "
1750587290450,1750587290450,1799,1,1,2,TMProposeSet,"proposeSeq: 0; currentTxHash: ""\000\000\000\000\000\000\000\000\000\000\000\000\000\000\000\000\000\000\000\000\000\000\000\000\000\000\000\000\000\000\000\000""; nodePubKey: ""\003\343\005\311u\203\370\0338\3174\324\010\006\301\251\177\261\304eOX\262)FA-\022r\263wm\024""; closeTime: 803902490; signature: ""0D\002 i\374\264Z`+\272p\365Q\246F\302\275O\017\260#/-m\030\3358U\2706\016j\231\254\351\002 *\250\205:H\000\001\230\330\207\314&\023P\000Oa\3144\335\3665\007\000\263J\200\276\331\tL(""; previousledger: ""\317\351\2337\023\262\336W\254\222\315\335\317oP\221\031g\037\220\357Ft\030n\306\370\n\354\226\365\346""; ","proposeSeq: 0; currentTxHash: ""\000\000\000\000\000\000\000\000\000\000\000\000\000\000\000\000\000\000\000\000\000\000\000\000\000\000\000\000\000\000\000\000""; nodePubKey: ""\003\343\005\311u\203\370\0338\3174\324\010\006\301\251\177\261\304eOX\262)FA-\022r\263wm\024""; closeTime: 803902490; signature: ""0D\002 i\374\264Z`+\272p\365Q\246F\302\275O\017\260#/-m\030\3358U\2706\016j\231\254\351\002 *\250\205:H\000\001\230\330\207\314&\023P\000Oa\3144\335\3665\007\000\263J\200\276\331\tL(""; previousledger: ""\317\351\2337\023\262\336W\254\222\315\335\317oP\221\031g\037\220\357Ft\030n\306\370\n\354\226\365\346""; "
1750587290450,1750587290450,1743,1,2,4,TMLedgerData,"ledgerHash: ""q|\216``\027\240\206w\312\263+\241\310\271\371\2034\351_\3373\tL\007q_p\342\264_z""; ledgerSeq: 0; type: liTS_CANDIDATE; nodes {;   nodedata: ""\003S\n\235\2624\346\340\377asq\337\223T\316nL\232)C!\360\245\205[L\224\\351\351\000\247\272\246\2214\014W1\360z\262\252=\343\207'\275\266;\016\021\306\330\030\225\023\357\272\353\200x\221\n\003"";   nodeid: ""\000\000\000\000\000\000\000\000\000\000\000\000\000\000\000\000\000\000\000\000\000\000\000\000\000\000\000\000\000\000\000\000\000""; }; requestCookie: 1; ","ledgerHash: ""q|\216``\027\240\206w\312\263+\241\310\271\371\2034\351_\3373\tL\007q_p\342\264_z""; ledgerSeq: 0; type: liTS_CANDIDATE; nodes {;   nodedata: ""\003S\n\235\2624\346\340\377asq\337\223T\316nL\232)C!\360\245\205[L\224\\351\351\000\247\272\246\2214\014W1\360z\262\252=\343\207'\275\266;\016\021\306\330\030\225\023\357\272\353\200x\221\n\003"";   nodeid: ""\000\000\000\000\000\000\000\000\000\000\000\000\000\000\000\000\000\000\000\000\000\000\000\000\000\000\000\000\000\000\000\000\000""; }; requestCookie: 1; "
1750587290462,1750587290462,3538,1,1,3,TMProposeSet,"proposeSeq: 0; currentTxHash: ""\000\000\000\000\000\000\000\000\000\000\000\000\000\000\000\000\000\000\000\000\000\000\000\000\000\000\000\000\000\000\000\000""; nodePubKey: ""\003\343\005\311u\203\370\0338\3174\324\010\006\301\251\177\261\304eOX\262)FA-\022r\263wm\024""; closeTime: 803902490; signature: ""0D\002 i\374\264Z`+\272p\365Q\246F\302\275O\017\260#/-m\030\3358U\2706\016j\231\254\351\002 *\250\205:H\000\001\230\330\207\314&\023P\000Oa\3144\335\3665\007\000\263J\200\276\331\tL(""; previousledger: ""\317\351\2337\023\262\336W\254\222\315\335\317oP\221\031g\037\220\357Ft\030n\306\370\n\354\226\365\346""; ","proposeSeq: 0; currentTxHash: ""\000\000\000\000\000\000\000\000\000\000\000\000\000\000\000\000\000\000\000\000\000\000\000\000\000\000\000\000\000\000\000\000""; nodePubKey: ""\003\343\005\311u\203\370\0338\3174\324\010\006\301\251\177\261\304eOX\262)FA-\022r\263wm\024""; closeTime: 803902490; signature: ""0D\002 i\374\264Z`+\272p\365Q\246F\302\275O\017\260#/-m\030\3358U\2706\016j\231\254\351\002 *\250\205:H\000\001\230\330\207\314&\023P\000Oa\3144\335\3665\007\000\263J\200\276\331\tL(""; previousledger: ""\317\351\2337\023\262\336W\254\222\315\335\317oP\221\031g\037\220\357Ft\030n\306\370\n\354\226\365\346""; "
1750587290471,1750587290471,2565,1,3,0,TMLedgerData,"ledgerHash: ""q|\216``\027\240\206w\312\263+\241\310\271\371\2034\351_\3373\tL\007q_p\342\264_z""; ledgerSeq: 0; type: liTS_CANDIDATE; nodes {;   nodedata: ""\003S\n\235\2624\346\340\377asq\337\223T\316nL\232)C!\360\245\205[L\224\\351\351\000\247\272\246\2214\014W1\360z\262\252=\343\207'\275\266;\016\021\306\330\030\225\023\357\272\353\200x\221\n\003"";   nodeid: ""\000\000\000\000\000\000\000\000\000\000\000\000\000\000\000\000\000\000\000\000\000\000\000\000\000\000\000\000\000\000\000\000\000""; }; ","ledgerHash: ""q|\216``\027\240\206w\312\263+\241\310\271\371\2034\351_\3373\tL\007q_p\342\264_z""; ledgerSeq: 0; type: liTS_CANDIDATE; nodes {;   nodedata: ""\003S\n\235\2624\346\340\377asq\337\223T\316nL\232)C!\360\245\205[L\224\\351\351\000\247\272\246\2214\014W1\360z\262\252=\343\207'\275\266;\016\021\306\330\030\225\023\357\272\353\200x\221\n\003"";   nodeid: ""\000\000\000\000\000\000\000\000\000\000\000\000\000\000\000\000\000\000\000\000\000\000\000\000\000\000\000\000\000\000\000\000\000""; }; "
1750587290447,1750587290490,3522,1,1,4,TMStatusChange,"newEvent: neCLOSING_LEDGER; ledgerSeq: 9; ledgerHash: ""\317\351\2337\023\262\336W\254\222\315\335\317oP\221\031g\037\220\357Ft\030n\306\370\n\354\226\365\346""; ledgerHashPrevious: ""\354@[\274\202\021\202\373Vi\243\n\325\250\005e\360""m\346'\311@\343\016$L\346\334\360<w""; networkTime: 803902490; firstSeq: 1; lastSeq: 9; ","newEvent: neCLOSING_LEDGER; ledgerSeq: 9; ledgerHash: ""\317\351\2337\023\262\336W\254\222\315\335\317oP\221\031g\037\220\357Ft\030n\306\370\n\354\226\365\346""; ledgerHashPrevious: ""\354@[\274\202\021\202\373Vi\243\n\325\250\005e\360""m\346'\311@\343\016$L\346\334\360<w""; networkTime: 803902490; firstSeq: 1; lastSeq: 9; "
1750587290463,1750587290491,1020,1,1,3,TMStatusChange,"newEvent: neCLOSING_LEDGER; ledgerSeq: 9; ledgerHash: ""\317\351\2337\023\262\336W\254\222\315\335\317oP\221\031g\037\220\357Ft\030n\306\370\n\354\226\365\346""; ledgerHashPrevious: ""\354@[\274\202\021\202\373Vi\243\n\325\250\005e\360""m\346'\311@\343\016$L\346\334\360<w""; networkTime: 803902490; firstSeq: 1; lastSeq: 9; ","newEvent: neCLOSING_LEDGER; ledgerSeq: 9; ledgerHash: ""\317\351\2337\023\262\336W\254\222\315\335\317oP\221\031g\037\220\357Ft\030n\306\370\n\354\226\365\346""; ledgerHashPrevious: ""\354@[\274\202\021\202\373Vi\243\n\325\250\005e\360""m\346'\311@\343\016$L\346\334\360<w""; networkTime: 803902490; firstSeq: 1; lastSeq: 9; "
1750587290450,1750587290491,961,1,1,2,TMStatusChange,"newEvent: neCLOSING_LEDGER; ledgerSeq: 9; ledgerHash: ""\317\351\2337\023\262\336W\254\222\315\335\317oP\221\031g\037\220\357Ft\030n\306\370\n\354\226\365\346""; ledgerHashPrevious: ""\354@[\274\202\021\202\373Vi\243\n\325\250\005e\360""m\346'\311@\343\016$L\346\334\360<w""; networkTime: 803902490; firstSeq: 1; lastSeq: 9; ","newEvent: neCLOSING_LEDGER; ledgerSeq: 9; ledgerHash: ""\317\351\2337\023\262\336W\254\222\315\335\317oP\221\031g\037\220\357Ft\030n\306\370\n\354\226\365\346""; ledgerHashPrevious: ""\354@[\274\202\021\202\373Vi\243\n\325\250\005e\360""m\346'\311@\343\016$L\346\334\360<w""; networkTime: 803902490; firstSeq: 1; lastSeq: 9; "
1750587290448,1750587290491,1862,1,1,0,TMStatusChange,"newEvent: neCLOSING_LEDGER; ledgerSeq: 9; ledgerHash: ""\317\351\2337\023\262\336W\254\222\315\335\317oP\221\031g\037\220\357Ft\030n\306\370\n\354\226\365\346""; ledgerHashPrevious: ""\354@[\274\202\021\202\373Vi\243\n\325\250\005e\360""m\346'\311@\343\016$L\346\334\360<w""; networkTime: 803902490; firstSeq: 1; lastSeq: 9; ","newEvent: neCLOSING_LEDGER; ledgerSeq: 9; ledgerHash: ""\317\351\2337\023\262\336W\254\222\315\335\317oP\221\031g\037\220\357Ft\030n\306\370\n\354\226\365\346""; ledgerHashPrevious: ""\354@[\274\202\021\202\373Vi\243\n\325\250\005e\360""m\346'\311@\343\016$L\346\334\360<w""; networkTime: 803902490; firstSeq: 1; lastSeq: 9; "
1750587290519,1750587290519,2792,1,4,2,TMLedgerData,"ledgerHash: ""q|\216``\027\240\206w\312\263+\241\310\271\371\2034\351_\3373\tL\007q_p\342\264_z""; ledgerSeq: 0; type: liTS_CANDIDATE; nodes {;   nodedata: ""\003S\n\235\2624\346\340\377asq\337\223T\316nL\232)C!\360\245\205[L\224\\351\351\000\247\272\246\2214\014W1\360z\262\252=\343\207'\275\266;\016\021\306\330\030\225\023\357\272\353\200x\221\n\003"";   nodeid: ""\000\000\000\000\000\000\000\000\000\000\000\000\000\000\000\000\000\000\000\000\000\000\000\000\000\000\000\000\000\000\000\000\000""; }; ","ledgerHash: ""q|\216``\027\240\206w\312\263+\241\310\271\371\2034\351_\3373\tL\007q_p\342\264_z""; ledgerSeq: 0; type: liTS_CANDIDATE; nodes {;   nodedata: ""\003S\n\235\2624\346\340\377asq\337\223T\316nL\232)C!\360\245\205[L\224\\351\351\000\247\272\246\2214\014W1\360z\262\252=\343\207'\275\266;\016\021\306\330\030\225\023\357\272\353\200x\221\n\003"";   nodeid: ""\000\000\000\000\000\000\000\000\000\000\000\000\000\000\000\000\000\000\000\000\000\000\000\000\000\000\000\000\000\000\000\000\000""; }; "
1750587290524,1750587290524,557,1,4,1,TMGetLedger,"itype: liTS_CANDIDATE; ledgerHash: ""q|\216``\027\240\206w\312\263+\241\310\271\371\2034\351_\3373\tL\007q_p\342\264_z""; nodeIDs: ""\000\000\000\000\000\000\000\000\000\000\000\000\000\000\000\000\000\000\000\000\000\000\000\000\000\000\000\000\000\000\000\000\000""; requestCookie: 4; queryType: qtINDIRECT; queryDepth: 3; ","itype: liTS_CANDIDATE; ledgerHash: ""q|\216``\027\240\206w\312\263+\241\310\271\371\2034\351_\3373\tL\007q_p\342\264_z""; nodeIDs: ""\000\000\000\000\000\000\000\000\000\000\000\000\000\000\000\000\000\000\000\000\000\000\000\000\000\000\000\000\000\000\000\000\000""; requestCookie: 4; queryType: qtINDIRECT; queryDepth: 3; "
1750587290592,1750587290592,3487,1,0,3,TMLedgerData,"ledgerHash: ""q|\216``\027\240\206w\312\263+\241\310\271\371\2034\351_\3373\tL\007q_p\342\264_z""; ledgerSeq: 0; type: liTS_CANDIDATE; nodes {;   nodedata: ""\003S\n\235\2624\346\340\377asq\337\223T\316nL\232)C!\360\245\205[L\224\\351\351\000\247\272\246\2214\014W1\360z\262\252=\343\207'\275\266;\016\021\306\330\030\225\023\357\272\353\200x\221\n\003"";   nodeid: ""\000\000\000\000\000\000\000\000\000\000\000\000\000\000\000\000\000\000\000\000\000\000\000\000\000\000\000\000\000\000\000\000\000""; }; ","ledgerHash: ""q|\216``\027\240\206w\312\263+\241\310\271\371\2034\351_\3373\tL\007q_p\342\264_z""; ledgerSeq: 0; type: liTS_CANDIDATE; nodes {;   nodedata: ""\003S\n\235\2624\346\340\377asq\337\223T\316nL\232)C!\360\245\205[L\224\\351\351\000\247\272\246\2214\014W1\360z\262\252=\343\207'\275\266;\016\021\306\330\030\225\023\357\272\353\200x\221\n\003"";   nodeid: ""\000\000\000\000\000\000\000\000\000\000\000\000\000\000\000\000\000\000\000\000\000\000\000\000\000\000\000\000\000\000\000\000\000""; }; "
1750587290625,1750587290626,1753,1,0,2,TMLedgerData,"ledgerHash: ""q|\216``\027\240\206w\312\263+\241\310\271\371\2034\351_\3373\tL\007q_p\342\264_z""; ledgerSeq: 0; type: liTS_CANDIDATE; nodes {;   nodedata: ""\003S\n\235\2624\346\340\377asq\337\223T\316nL\232)C!\360\245\205[L\224\\351\351\000\247\272\246\2214\014W1\360z\262\252=\343\207'\275\266;\016\021\306\330\030\225\023\357\272\353\200x\221\n\003"";   nodeid: ""\000\000\000\000\000\000\000\000\000\000\000\000\000\000\000\000\000\000\000\000\000\000\000\000\000\000\000\000\000\000\000\000\000""; }; ","ledgerHash: ""q|\216``\027\240\206w\312\263+\241\310\271\371\2034\351_\3373\tL\007q_p\342\264_z""; ledgerSeq: 0; type: liTS_CANDIDATE; nodes {;   nodedata: ""\003S\n\235\2624\346\340\377asq\337\223T\316nL\232)C!\360\245\205[L\224\\351\351\000\247\272\246\2214\014W1\360z\262\252=\343\207'\275\266;\016\021\306\330\030\225\023\357\272\353\200x\221\n\003"";   nodeid: ""\000\000\000\000\000\000\000\000\000\000\000\000\000\000\000\000\000\000\000\000\000\000\000\000\000\000\000\000\000\000\000\000\000""; }; "
1750587290642,1750587290642,628,1,3,2,TMLedgerData,"ledgerHash: ""q|\216``\027\240\206w\312\263+\241\310\271\371\2034\351_\3373\tL\007q_p\342\264_z""; ledgerSeq: 0; type: liTS_CANDIDATE; nodes {;   nodedata: ""\003S\n\235\2624\346\340\377asq\337\223T\316nL\232)C!\360\245\205[L\224\\351\351\000\247\272\246\2214\014W1\360z\262\252=\343\207'\275\266;\016\021\306\330\030\225\023\357\272\353\200x\221\n\003"";   nodeid: ""\000\000\000\000\000\000\000\000\000\000\000\000\000\000\000\000\000\000\000\000\000\000\000\000\000\000\000\000\000\000\000\000\000""; }; ","ledgerHash: ""q|\216``\027\240\206w\312\263+\241\310\271\371\2034\351_\3373\tL\007q_p\342\264_z""; ledgerSeq: 0; type: liTS_CANDIDATE; nodes {;   nodedata: ""\003S\n\235\2624\346\340\377asq\337\223T\316nL\232)C!\360\245\205[L\224\\351\351\000\247\272\246\2214\014W1\360z\262\252=\343\207'\275\266;\016\021\306\330\030\225\023\357\272\353\200x\221\n\003"";   nodeid: ""\000\000\000\000\000\000\000\000\000\000\000\000\000\000\000\000\000\000\000\000\000\000\000\000\000\000\000\000\000\000\000\000\000""; }; "
1750587290676,1750587290676,3097,1,2,0,TMLedgerData,"ledgerHash: ""q|\216``\027\240\206w\312\263+\241\310\271\371\2034\351_\3373\tL\007q_p\342\264_z""; ledgerSeq: 0; type: liTS_CANDIDATE; nodes {;   nodedata: ""\003S\n\235\2624\346\340\377asq\337\223T\316nL\232)C!\360\245\205[L\224\\351\351\000\247\272\246\2214\014W1\360z\262\252=\343\207'\275\266;\016\021\306\330\030\225\023\357\272\353\200x\221\n\003"";   nodeid: ""\000\000\000\000\000\000\000\000\000\000\000\000\000\000\000\000\000\000\000\000\000\000\000\000\000\000\000\000\000\000\000\000\000""; }; ","ledgerHash: ""q|\216``\027\240\206w\312\263+\241\310\271\371\2034\351_\3373\tL\007q_p\342\264_z""; ledgerSeq: 0; type: liTS_CANDIDATE; nodes {;   nodedata: ""\003S\n\235\2624\346\340\377asq\337\223T\316nL\232)C!\360\245\205[L\224\\351\351\000\247\272\246\2214\014W1\360z\262\252=\343\207'\275\266;\016\021\306\330\030\225\023\357\272\353\200x\221\n\003"";   nodeid: ""\000\000\000\000\000\000\000\000\000\000\000\000\000\000\000\000\000\000\000\000\000\000\000\000\000\000\000\000\000\000\000\000\000""; }; "
1750587290696,1750587290696,1743,1,2,4,TMLedgerData,"ledgerHash: ""q|\216``\027\240\206w\312\263+\241\310\271\371\2034\351_\3373\tL\007q_p\342\264_z""; ledgerSeq: 0; type: liTS_CANDIDATE; nodes {;   nodedata: ""\003S\n\235\2624\346\340\377asq\337\223T\316nL\232)C!\360\245\205[L\224\\351\351\000\247\272\246\2214\014W1\360z\262\252=\343\207'\275\266;\016\021\306\330\030\225\023\357\272\353\200x\221\n\003"";   nodeid: ""\000\000\000\000\000\000\000\000\000\000\000\000\000\000\000\000\000\000\000\000\000\000\000\000\000\000\000\000\000\000\000\000\000""; }; requestCookie: 1; ","ledgerHash: ""q|\216``\027\240\206w\312\263+\241\310\271\371\2034\351_\3373\tL\007q_p\342\264_z""; ledgerSeq: 0; type: liTS_CANDIDATE; nodes {;   nodedata: ""\003S\n\235\2624\346\340\377asq\337\223T\316nL\232)C!\360\245\205[L\224\\351\351\000\247\272\246\2214\014W1\360z\262\252=\343\207'\275\266;\016\021\306\330\030\225\023\357\272\353\200x\221\n\003"";   nodeid: ""\000\000\000\000\000\000\000\000\000\000\000\000\000\000\000\000\000\000\000\000\000\000\000\000\000\000\000\000\000\000\000\000\000""; }; requestCookie: 1; "
1750587290721,1750587290721,2565,1,3,0,TMLedgerData,"ledgerHash: ""q|\216``\027\240\206w\312\263+\241\310\271\371\2034\351_\3373\tL\007q_p\342\264_z""; ledgerSeq: 0; type: liTS_CANDIDATE; nodes {;   nodedata: ""\003S\n\235\2624\346\340\377asq\337\223T\316nL\232)C!\360\245\205[L\224\\351\351\000\247\272\246\2214\014W1\360z\262\252=\343\207'\275\266;\016\021\306\330\030\225\023\357\272\353\200x\221\n\003"";   nodeid: ""\000\000\000\000\000\000\000\000\000\000\000\000\000\000\000\000\000\000\000\000\000\000\000\000\000\000\000\000\000\000\000\000\000""; }; ","ledgerHash: ""q|\216``\027\240\206w\312\263+\241\310\271\371\2034\351_\3373\tL\007q_p\342\264_z""; ledgerSeq: 0; type: liTS_CANDIDATE; nodes {;   nodedata: ""\003S\n\235\2624\346\340\377asq\337\223T\316nL\232)C!\360\245\205[L\224\\351\351\000\247\272\246\2214\014W1\360z\262\252=\343\207'\275\266;\016\021\306\330\030\225\023\357\272\353\200x\221\n\003"";   nodeid: ""\000\000\000\000\000\000\000\000\000\000\000\000\000\000\000\000\000\000\000\000\000\000\000\000\000\000\000\000\000\000\000\000\000""; }; "
1750587290737,1750587290737,3118,1,3,4,TMGetLedger,"itype: liBASE; ledgerHash: ""\317\351\2337\023\262\336W\254\222\315\335\317oP\221\031g\037\220\357Ft\030n\306\370\n\354\226\365\346""; ","itype: liBASE; ledgerHash: ""\317\351\2337\023\262\336W\254\222\315\335\317oP\221\031g\037\220\357Ft\030n\306\370\n\354\226\365\346""; "
1750587290738,1750587290738,2142,1,3,1,TMGetLedger,"itype: liBASE; ledgerHash: ""\317\351\2337\023\262\336W\254\222\315\335\317oP\221\031g\037\220\357Ft\030n\306\370\n\354\226\365\346""; queryType: qtINDIRECT; ","itype: liBASE; ledgerHash: ""\317\351\2337\023\262\336W\254\222\315\335\317oP\221\031g\037\220\357Ft\030n\306\370\n\354\226\365\346""; queryType: qtINDIRECT; "
1750587290738,1750587290738,734,1,3,2,TMValidation,"validation: """"\200\000\000\001&\000\000\000\t)/\352\224\031:?HT\314/\177\320^Q\317\351\2337\023\262\336W\254\222\315\335\317oP\221\031g\037\220\357Ft\030n\306\370\n\354\226\365\346P\027q|\216``\027\240\206w\312\263+\241\310\271\371\2034\351_\3373\tL\007q_p\342\264_zP\031\354@[\274\202\021\202\373Vi\243\n\325\250\005e\360""m\346'\311@\343\016$L\346\334\360<ws!\003\343\005\311u\203\370\0338\3174\324\010\006\301\251\177\261\304eOX\262)FA-\022r\263wm\024vF0D\002 \014\366\304\243\267\374g\3669j_\030\273/!\037\2105\212\035*G\3770\221\375M\363\342O.\236\002 K\233\377w[\370f&\307.\004\001\002s\311\246\2037\031\274\222r\216\267\210~1ro\321\231o""; ","validation: """"\200\000\000\001&\000\000\000\t)/\352\224\031:?HT\314/\177\320^Q\317\351\2337\023\262\336W\254\222\315\335\317oP\221\031g\037\220\357Ft\030n\306\370\n\354\226\365\346P\027q|\216``\027\240\206w\312\263+\241\310\271\371\2034\351_\3373\tL\007q_p\342\264_zP\031\354@[\274\202\021\202\373Vi\243\n\325\250\005e\360""m\346'\311@\343\016$L\346\334\360<ws!\003\343\005\311u\203\370\0338\3174\324\010\006\301\251\177\261\304eOX\262)FA-\022r\263wm\024vF0D\002 \014\366\304\243\267\374g\3669j_\030\273/!\037\2105\212\035*G\3770\221\375M\363\342O.\236\002 K\233\377w[\370f&\307.\004\001\002s\311\246\2037\031\274\222r\216\267\210~1ro\321\231o""; "
1750587290738,1750587290739,1590,1,3,2,TMGetLedger,"itype: liBASE; ledgerHash: ""\317\351\2337\023\262\336W\254\222\315\335\317oP\221\031g\037\220\357Ft\030n\306\370\n\354\226\365\346""; ","itype: liBASE; ledgerHash: ""\317\351\2337\023\262\336W\254\222\315\335\317oP\221\031g\037\220\357Ft\030n\306\370\n\354\226\365\346""; "
1750587290738,1750587290738,3501,1,3,4,TMValidation,"validation: """"\200\000\000\001&\000\000\000\t)/\352\224\031:?HT\314/\177\320^Q\317\351\2337\023\262\336W\254\222\315\335\317oP\221\031g\037\220\357Ft\030n\306\370\n\354\226\365\346P\027q|\216``\027\240\206w\312\263+\241\310\271\371\2034\351_\3373\tL\007q_p\342\264_zP\031\354@[\274\202\021\202\373Vi\243\n\325\250\005e\360""m\346'\311@\343\016$L\346\334\360<ws!\003\343\005\311u\203\370\0338\3174\324\010\006\301\251\177\261\304eOX\262)FA-\022r\263wm\024vF0D\002 \014\366\304\243\267\374g\3669j_\030\273/!\037\2105\212\035*G\3770\221\375M\363\342O.\236\002 K\233\377w[\370f&\307.\004\001\002s\311\246\2037\031\274\222r\216\267\210~1ro\321\231o""; ","validation: """"\200\000\000\001&\000\000\000\t)/\352\224\031:?HT\314/\177\320^Q\317\351\2337\023\262\336W\254\222\315\335\317oP\221\031g\037\220\357Ft\030n\306\370\n\354\226\365\346P\027q|\216``\027\240\206w\312\263+\241\310\271\371\2034\351_\3373\tL\007q_p\342\264_zP\031\354@[\274\202\021\202\373Vi\243\n\325\250\005e\360""m\346'\311@\343\016$L\346\334\360<ws!\003\343\005\311u\203\370\0338\3174\324\010\006\301\251\177\261\304eOX\262)FA-\022r\263wm\024vF0D\002 \014\366\304\243\267\374g\3669j_\030\273/!\037\2105\212\035*G\3770\221\375M\363\342O.\236\002 K\233\377w[\370f&\307.\004\001\002s\311\246\2037\031\274\222r\216\267\210~1ro\321\231o""; "
1750587290739,1750587290739,1136,1,3,0,TMGetLedger,"itype: liBASE; ledgerHash: ""\317\351\2337\023\262\336W\254\222\315\335\317oP\221\031g\037\220\357Ft\030n\306\370\n\354\226\365\346""; queryType: qtINDIRECT; ","itype: liBASE; ledgerHash: ""\317\351\2337\023\262\336W\254\222\315\335\317oP\221\031g\037\220\357Ft\030n\306\370\n\354\226\365\346""; queryType: qtINDIRECT; "
1750587290740,1750587290740,1136,1,3,0,TMGetLedger,"itype: liBASE; ledgerHash: ""\317\351\2337\023\262\336W\254\222\315\335\317oP\221\031g\037\220\357Ft\030n\306\370\n\354\226\365\346""; ","itype: liBASE; ledgerHash: ""\317\351\2337\023\262\336W\254\222\315\335\317oP\221\031g\037\220\357Ft\030n\306\370\n\354\226\365\346""; "
1750587290740,1750587290741,1590,1,3,2,TMGetLedger,"itype: liBASE; ledgerHash: ""\317\351\2337\023\262\336W\254\222\315\335\317oP\221\031g\037\220\357Ft\030n\306\370\n\354\226\365\346""; queryType: qtINDIRECT; ","itype: liBASE; ledgerHash: ""\317\351\2337\023\262\336W\254\222\315\335\317oP\221\031g\037\220\357Ft\030n\306\370\n\354\226\365\346""; queryType: qtINDIRECT; "
1750587290741,1750587290741,3767,1,3,0,TMValidation,"validation: """"\200\000\000\001&\000\000\000\t)/\352\224\031:?HT\314/\177\320^Q\317\351\2337\023\262\336W\254\222\315\335\317oP\221\031g\037\220\357Ft\030n\306\370\n\354\226\365\346P\027q|\216``\027\240\206w\312\263+\241\310\271\371\2034\351_\3373\tL\007q_p\342\264_zP\031\354@[\274\202\021\202\373Vi\243\n\325\250\005e\360""m\346'\311@\343\016$L\346\334\360<ws!\003\343\005\311u\203\370\0338\3174\324\010\006\301\251\177\261\304eOX\262)FA-\022r\263wm\024vF0D\002 \014\366\304\243\267\374g\3669j_\030\273/!\037\2105\212\035*G\3770\221\375M\363\342O.\236\002 K\233\377w[\370f&\307.\004\001\002s\311\246\2037\031\274\222r\216\267\210~1ro\321\231o""; ","validation: """"\200\000\000\001&\000\000\000\t)/\352\224\031:?HT\314/\177\320^Q\317\351\2337\023\262\336W\254\222\315\335\317oP\221\031g\037\220\357Ft\030n\306\370\n\354\226\365\346P\027q|\216``\027\240\206w\312\263+\241\310\271\371\2034\351_\3373\tL\007q_p\342\264_zP\031\354@[\274\202\021\202\373Vi\243\n\325\250\005e\360""m\346'\311@\343\016$L\346\334\360<ws!\003\343\005\311u\203\370\0338\3174\324\010\006\301\251\177\261\304eOX\262)FA-\022r\263wm\024vF0D\002 \014\366\304\243\267\374g\3669j_\030\273/!\037\2105\212\035*G\3770\221\375M\363\342O.\236\002 K\233\377w[\370f&\307.\004\001\002s\311\246\2037\031\274\222r\216\267\210~1ro\321\231o""; "
1750587290741,1750587290741,2142,1,3,1,TMGetLedger,"itype: liBASE; ledgerHash: ""\317\351\2337\023\262\336W\254\222\315\335\317oP\221\031g\037\220\357Ft\030n\306\370\n\354\226\365\346""; ","itype: liBASE; ledgerHash: ""\317\351\2337\023\262\336W\254\222\315\335\317oP\221\031g\037\220\357Ft\030n\306\370\n\354\226\365\346""; "
1750587290741,1750587290741,3118,1,3,4,TMGetLedger,"itype: liBASE; ledgerHash: ""\317\351\2337\023\262\336W\254\222\315\335\317oP\221\031g\037\220\357Ft\030n\306\370\n\354\226\365\346""; queryType: qtINDIRECT; ","itype: liBASE; ledgerHash: ""\317\351\2337\023\262\336W\254\222\315\335\317oP\221\031g\037\220\357Ft\030n\306\370\n\354\226\365\346""; queryType: qtINDIRECT; "
1750587290753,1750587290753,486,1,4,0,TMLedgerData,"ledgerHash: ""q|\216``\027\240\206w\312\263+\241\310\271\371\2034\351_\3373\tL\007q_p\342\264_z""; ledgerSeq: 0; type: liTS_CANDIDATE; nodes {;   nodedata: ""\003S\n\235\2624\346\340\377asq\337\223T\316nL\232)C!\360\245\205[L\224\\351\351\000\247\272\246\2214\014W1\360z\262\252=\343\207'\275\266;\016\021\306\330\030\225\023\357\272\353\200x\221\n\003"";   nodeid: ""\000\000\000\000\000\000\000\000\000\000\000\000\000\000\000\000\000\000\000\000\000\000\000\000\000\000\000\000\000\000\000\000\000""; }; ","ledgerHash: ""q|\216``\027\240\206w\312\263+\241\310\271\371\2034\351_\3373\tL\007q_p\342\264_z""; ledgerSeq: 0; type: liTS_CANDIDATE; nodes {;   nodedata: ""\003S\n\235\2624\346\340\377asq\337\223T\316nL\232)C!\360\245\205[L\224\\351\351\000\247\272\246\2214\014W1\360z\262\252=\343\207'\275\266;\016\021\306\330\030\225\023\357\272\353\200x\221\n\003"";   nodeid: ""\000\000\000\000\000\000\000\000\000\000\000\000\000\000\000\000\000\000\000\000\000\000\000\000\000\000\000\000\000\000\000\000\000""; }; "
1750587290768,1750587290768,2792,1,4,2,TMLedgerData,"ledgerHash: ""q|\216``\027\240\206w\312\263+\241\310\271\371\2034\351_\3373\tL\007q_p\342\264_z""; ledgerSeq: 0; type: liTS_CANDIDATE; nodes {;   nodedata: ""\003S\n\235\2624\346\340\377asq\337\223T\316nL\232)C!\360\245\205[L\224\\351\351\000\247\272\246\2214\014W1\360z\262\252=\343\207'\275\266;\016\021\306\330\030\225\023\357\272\353\200x\221\n\003"";   nodeid: ""\000\000\000\000\000\000\000\000\000\000\000\000\000\000\000\000\000\000\000\000\000\000\000\000\000\000\000\000\000\000\000\000\000""; }; ","ledgerHash: ""q|\216``\027\240\206w\312\263+\241\310\271\371\2034\351_\3373\tL\007q_p\342\264_z""; ledgerSeq: 0; type: liTS_CANDIDATE; nodes {;   nodedata: ""\003S\n\235\2624\346\340\377asq\337\223T\316nL\232)C!\360\245\205[L\224\\351\351\000\247\272\246\2214\014W1\360z\262\252=\343\207'\275\266;\016\021\306\330\030\225\023\357\272\353\200x\221\n\003"";   nodeid: ""\000\000\000\000\000\000\000\000\000\000\000\000\000\000\000\000\000\000\000\000\000\000\000\000\000\000\000\000\000\000\000\000\000""; }; "
1750587290773,1750587290773,1467,1,4,2,TMGetLedger,"itype: liTS_CANDIDATE; ledgerHash: ""q|\216``\027\240\206w\312\263+\241\310\271\371\2034\351_\3373\tL\007q_p\342\264_z""; nodeIDs: ""\000\000\000\000\000\000\000\000\000\000\000\000\000\000\000\000\000\000\000\000\000\000\000\000\000\000\000\000\000\000\000\000\000""; requestCookie: 4; queryType: qtINDIRECT; queryDepth: 3; ","itype: liTS_CANDIDATE; ledgerHash: ""q|\216``\027\240\206w\312\263+\241\310\271\371\2034\351_\3373\tL\007q_p\342\264_z""; nodeIDs: ""\000\000\000\000\000\000\000\000\000\000\000\000\000\000\000\000\000\000\000\000\000\000\000\000\000\000\000\000\000\000\000\000\000""; requestCookie: 4; queryType: qtINDIRECT; queryDepth: 3; "
1750587290795,1750587290795,1103,1,0,4,TMLedgerData,"ledgerHash: ""q|\216``\027\240\206w\312\263+\241\310\271\371\2034\351_\3373\tL\007q_p\342\264_z""; ledgerSeq: 0; type: liTS_CANDIDATE; nodes {;   nodedata: ""\003S\n\235\2624\346\340\377asq\337\223T\316nL\232)C!\360\245\205[L\224\\351\351\000\247\272\246\2214\014W1\360z\262\252=\343\207'\275\266;\016\021\306\330\030\225\023\357\272\353\200x\221\n\003"";   nodeid: ""\000\000\000\000\000\000\000\000\000\000\000\000\000\000\000\000\000\000\000\000\000\000\000\000\000\000\000\000\000\000\000\000\000""; }; requestCookie: 4; ","ledgerHash: ""q|\216``\027\240\206w\312\263+\241\310\271\371\2034\351_\3373\tL\007q_p\342\264_z""; ledgerSeq: 0; type: liTS_CANDIDATE; nodes {;   nodedata: ""\003S\n\235\2624\346\340\377asq\337\223T\316nL\232)C!\360\245\205[L\224\\351\351\000\247\272\246\2214\014W1\360z\262\252=\343\207'\275\266;\016\021\306\330\030\225\023\357\272\353\200x\221\n\003"";   nodeid: ""\000\000\000\000\000\000\000\000\000\000\000\000\000\000\000\000\000\000\000\000\000\000\000\000\000\000\000\000\000\000\000\000\000""; }; requestCookie: 4; "
1750587290819,1750587290819,2565,1,3,0,TMLedgerData,"ledgerHash: ""q|\216``\027\240\206w\312\263+\241\310\271\371\2034\351_\3373\tL\007q_p\342\264_z""; ledgerSeq: 0; type: liTS_CANDIDATE; nodes {;   nodedata: ""\003S\n\235\2624\346\340\377asq\337\223T\316nL\232)C!\360\245\205[L\224\\351\351\000\247\272\246\2214\014W1\360z\262\252=\343\207'\275\266;\016\021\306\330\030\225\023\357\272\353\200x\221\n\003"";   nodeid: ""\000\000\000\000\000\000\000\000\000\000\000\000\000\000\000\000\000\000\000\000\000\000\000\000\000\000\000\000\000\000\000\000\000""; }; ","ledgerHash: ""q|\216``\027\240\206w\312\263+\241\310\271\371\2034\351_\3373\tL\007q_p\342\264_z""; ledgerSeq: 0; type: liTS_CANDIDATE; nodes {;   nodedata: ""\003S\n\235\2624\346\340\377asq\337\223T\316nL\232)C!\360\245\205[L\224\\351\351\000\247\272\246\2214\014W1\360z\262\252=\343\207'\275\266;\016\021\306\330\030\225\023\357\272\353\200x\221\n\003"";   nodeid: ""\000\000\000\000\000\000\000\000\000\000\000\000\000\000\000\000\000\000\000\000\000\000\000\000\000\000\000\000\000\000\000\000\000""; }; "
1750587290833,1750587290833,2715,1,1,4,TMLedgerData,"ledgerHash: ""q|\216``\027\240\206w\312\263+\241\310\271\371\2034\351_\3373\tL\007q_p\342\264_z""; ledgerSeq: 0; type: liTS_CANDIDATE; nodes {;   nodedata: ""\003S\n\235\2624\346\340\377asq\337\223T\316nL\232)C!\360\245\205[L\224\\351\351\000\247\272\246\2214\014W1\360z\262\252=\343\207'\275\266;\016\021\306\330\030\225\023\357\272\353\200x\221\n\003"";   nodeid: ""\000\000\000\000\000\000\000\000\000\000\000\000\000\000\000\000\000\000\000\000\000\000\000\000\000\000\000\000\000\000\000\000\000""; }; requestCookie: 4; ","ledgerHash: ""q|\216``\027\240\206w\312\263+\241\310\271\371\2034\351_\3373\tL\007q_p\342\264_z""; ledgerSeq: 0; type: liTS_CANDIDATE; nodes {;   nodedata: ""\003S\n\235\2624\346\340\377asq\337\223T\316nL\232)C!\360\245\205[L\224\\351\351\000\247\272\246\2214\014W1\360z\262\252=\343\207'\275\266;\016\021\306\330\030\225\023\357\272\353\200x\221\n\003"";   nodeid: ""\000\000\000\000\000\000\000\000\000\000\000\000\000\000\000\000\000\000\000\000\000\000\000\000\000\000\000\000\000\000\000\000\000""; }; requestCookie: 4; "
1750587290842,1750587290842,3487,1,0,3,TMLedgerData,"ledgerHash: ""q|\216``\027\240\206w\312\263+\241\310\271\371\2034\351_\3373\tL\007q_p\342\264_z""; ledgerSeq: 0; type: liTS_CANDIDATE; nodes {;   nodedata: ""\003S\n\235\2624\346\340\377asq\337\223T\316nL\232)C!\360\245\205[L\224\\351\351\000\247\272\246\2214\014W1\360z\262\252=\343\207'\275\266;\016\021\306\330\030\225\023\357\272\353\200x\221\n\003"";   nodeid: ""\000\000\000\000\000\000\000\000\000\000\000\000\000\000\000\000\000\000\000\000\000\000\000\000\000\000\000\000\000\000\000\000\000""; }; ","ledgerHash: ""q|\216``\027\240\206w\312\263+\241\310\271\371\2034\351_\3373\tL\007q_p\342\264_z""; ledgerSeq: 0; type: liTS_CANDIDATE; nodes {;   nodedata: ""\003S\n\235\2624\346\340\377asq\337\223T\316nL\232)C!\360\245\205[L\224\\351\351\000\247\272\246\2214\014W1\360z\262\252=\343\207'\275\266;\016\021\306\330\030\225\023\357\272\353\200x\221\n\003"";   nodeid: ""\000\000\000\000\000\000\000\000\000\000\000\000\000\000\000\000\000\000\000\000\000\000\000\000\000\000\000\000\000\000\000\000\000""; }; "
1750587290876,1750587290876,854,1,3,2,TMStatusChange,"newEvent: neACCEPTED_LEDGER; ledgerSeq: 9; ledgerHash: ""\317\351\2337\023\262\336W\254\222\315\335\317oP\221\031g\037\220\357Ft\030n\306\370\n\354\226\365\346""; ledgerHashPrevious: ""\354@[\274\202\021\202\373Vi\243\n\325\250\005e\360""m\346'\311@\343\016$L\346\334\360<w""; networkTime: 803902490; firstSeq: 1; lastSeq: 8; ","newEvent: neACCEPTED_LEDGER; ledgerSeq: 9; ledgerHash: ""\317\351\2337\023\262\336W\254\222\315\335\317oP\221\031g\037\220\357Ft\030n\306\370\n\354\226\365\346""; ledgerHashPrevious: ""\354@[\274\202\021\202\373Vi\243\n\325\250\005e\360""m\346'\311@\343\016$L\346\334\360<w""; networkTime: 803902490; firstSeq: 1; lastSeq: 8; "
1750587290877,1750587290877,972,1,3,4,TMStatusChange,"newEvent: neACCEPTED_LEDGER; ledgerSeq: 9; ledgerHash: ""\317\351\2337\023\262\336W\254\222\315\335\317oP\221\031g\037\220\357Ft\030n\306\370\n\354\226\365\346""; ledgerHashPrevious: ""\354@[\274\202\021\202\373Vi\243\n\325\250\005e\360""m\346'\311@\343\016$L\346\334\360<w""; networkTime: 803902490; firstSeq: 1; lastSeq: 8; ","newEvent: neACCEPTED_LEDGER; ledgerSeq: 9; ledgerHash: ""\317\351\2337\023\262\336W\254\222\315\335\317oP\221\031g\037\220\357Ft\030n\306\370\n\354\226\365\346""; ledgerHashPrevious: ""\354@[\274\202\021\202\373Vi\243\n\325\250\005e\360""m\346'\311@\343\016$L\346\334\360<w""; networkTime: 803902490; firstSeq: 1; lastSeq: 8; "
1750587290877,1750587290877,1591,1,3,1,TMStatusChange,"newEvent: neACCEPTED_LEDGER; ledgerSeq: 9; ledgerHash: ""\317\351\2337\023\262\336W\254\222\315\335\317oP\221\031g\037\220\357Ft\030n\306\370\n\354\226\365\346""; ledgerHashPrevious: ""\354@[\274\202\021\202\373Vi\243\n\325\250\005e\360""m\346'\311@\343\016$L\346\334\360<w""; networkTime: 803902490; firstSeq: 1; lastSeq: 8; ","newEvent: neACCEPTED_LEDGER; ledgerSeq: 9; ledgerHash: ""\317\351\2337\023\262\336W\254\222\315\335\317oP\221\031g\037\220\357Ft\030n\306\370\n\354\226\365\346""; ledgerHashPrevious: ""\354@[\274\202\021\202\373Vi\243\n\325\250\005e\360""m\346'\311@\343\016$L\346\334\360<w""; networkTime: 803902490; firstSeq: 1; lastSeq: 8; "
1750587290878,1750587290878,1753,1,0,2,TMLedgerData,"ledgerHash: ""q|\216``\027\240\206w\312\263+\241\310\271\371\2034\351_\3373\tL\007q_p\342\264_z""; ledgerSeq: 0; type: liTS_CANDIDATE; nodes {;   nodedata: ""\003S\n\235\2624\346\340\377asq\337\223T\316nL\232)C!\360\245\205[L\224\\351\351\000\247\272\246\2214\014W1\360z\262\252=\343\207'\275\266;\016\021\306\330\030\225\023\357\272\353\200x\221\n\003"";   nodeid: ""\000\000\000\000\000\000\000\000\000\000\000\000\000\000\000\000\000\000\000\000\000\000\000\000\000\000\000\000\000\000\000\000\000""; }; ","ledgerHash: ""q|\216``\027\240\206w\312\263+\241\310\271\371\2034\351_\3373\tL\007q_p\342\264_z""; ledgerSeq: 0; type: liTS_CANDIDATE; nodes {;   nodedata: ""\003S\n\235\2624\346\340\377asq\337\223T\316nL\232)C!\360\245\205[L\224\\351\351\000\247\272\246\2214\014W1\360z\262\252=\343\207'\275\266;\016\021\306\330\030\225\023\357\272\353\200x\221\n\003"";   nodeid: ""\000\000\000\000\000\000\000\000\000\000\000\000\000\000\000\000\000\000\000\000\000\000\000\000\000\000\000\000\000\000\000\000\000""; }; "
1750587290877,1750587290877,1393,1,3,0,TMStatusChange,"newEvent: neACCEPTED_LEDGER; ledgerSeq: 9; ledgerHash: ""\317\351\2337\023\262\336W\254\222\315\335\317oP\221\031g\037\220\357Ft\030n\306\370\n\354\226\365\346""; ledgerHashPrevious: ""\354@[\274\202\021\202\373Vi\243\n\325\250\005e\360""m\346'\311@\343\016$L\346\334\360<w""; networkTime: 803902490; firstSeq: 1; lastSeq: 8; ","newEvent: neACCEPTED_LEDGER; ledgerSeq: 9; ledgerHash: ""\317\351\2337\023\262\336W\254\222\315\335\317oP\221\031g\037\220\357Ft\030n\306\370\n\354\226\365\346""; ledgerHashPrevious: ""\354@[\274\202\021\202\373Vi\243\n\325\250\005e\360""m\346'\311@\343\016$L\346\334\360<w""; networkTime: 803902490; firstSeq: 1; lastSeq: 8; "
1750587290892,1750587290892,628,1,3,2,TMLedgerData,"ledgerHash: ""q|\216``\027\240\206w\312\263+\241\310\271\371\2034\351_\3373\tL\007q_p\342\264_z""; ledgerSeq: 0; type: liTS_CANDIDATE; nodes {;   nodedata: ""\003S\n\235\2624\346\340\377asq\337\223T\316nL\232)C!\360\245\205[L\224\\351\351\000\247\272\246\2214\014W1\360z\262\252=\343\207'\275\266;\016\021\306\330\030\225\023\357\272\353\200x\221\n\003"";   nodeid: ""\000\000\000\000\000\000\000\000\000\000\000\000\000\000\000\000\000\000\000\000\000\000\000\000\000\000\000\000\000\000\000\000\000""; }; ","ledgerHash: ""q|\216``\027\240\206w\312\263+\241\310\271\371\2034\351_\3373\tL\007q_p\342\264_z""; ledgerSeq: 0; type: liTS_CANDIDATE; nodes {;   nodedata: ""\003S\n\235\2624\346\340\377asq\337\223T\316nL\232)C!\360\245\205[L\224\\351\351\000\247\272\246\2214\014W1\360z\262\252=\343\207'\275\266;\016\021\306\330\030\225\023\357\272\353\200x\221\n\003"";   nodeid: ""\000\000\000\000\000\000\000\000\000\000\000\000\000\000\000\000\000\000\000\000\000\000\000\000\000\000\000\000\000\000\000\000\000""; }; "
1750587290925,1750587290925,3097,1,2,0,TMLedgerData,"ledgerHash: ""q|\216``\027\240\206w\312\263+\241\310\271\371\2034\351_\3373\tL\007q_p\342\264_z""; ledgerSeq: 0; type: liTS_CANDIDATE; nodes {;   nodedata: ""\003S\n\235\2624\346\340\377asq\337\223T\316nL\232)C!\360\245\205[L\224\\351\351\000\247\272\246\2214\014W1\360z\262\252=\343\207'\275\266;\016\021\306\330\030\225\023\357\272\353\200x\221\n\003"";   nodeid: ""\000\000\000\000\000\000\000\000\000\000\000\000\000\000\000\000\000\000\000\000\000\000\000\000\000\000\000\000\000\000\000\000\000""; }; ","ledgerHash: ""q|\216``\027\240\206w\312\263+\241\310\271\371\2034\351_\3373\tL\007q_p\342\264_z""; ledgerSeq: 0; type: liTS_CANDIDATE; nodes {;   nodedata: ""\003S\n\235\2624\346\340\377asq\337\223T\316nL\232)C!\360\245\205[L\224\\351\351\000\247\272\246\2214\014W1\360z\262\252=\343\207'\275\266;\016\021\306\330\030\225\023\357\272\353\200x\221\n\003"";   nodeid: ""\000\000\000\000\000\000\000\000\000\000\000\000\000\000\000\000\000\000\000\000\000\000\000\000\000\000\000\000\000\000\000\000\000""; }; "
1750587290929,1750587290929,2715,1,1,4,TMLedgerData,"ledgerHash: ""\317\351\2337\023\262\336W\254\222\315\335\317oP\221\031g\037\220\357Ft\030n\306\370\n\354\226\365\346""; ledgerSeq: 9; type: liBASE; nodes {;   nodedata: ""\000\000\000\t\001cEx]\211\377\330\354@[\274\202\021\202\373Vi\243\n\325\250\005e\360""m\346'\311@\343\016$L\346\334\360<w\342\231\026\240\014\324\271\220rC\024\362\265\336\002\002\360\266o!'\361\275\341\216\372S\213k\022\315#\326\366m9\177\342L\022\227\3375l\022\347\266\203]ct\263p\226$F\nq!H%\277c\276/\352\224\020/\352\224\021\n\000""; }; nodes {;   nodedata: ""h\315\350\215y\203\242]\371\235\232Pt&\325\210eZ\346\237XZ \277\2457n\221\336\253\245\317\002\304\206+8\t]\351\316\373|\311\263V\300\023\035\211\237\260\300\r\033u3a1\203\303\365\307k\347\006E\344\037@\210\363\010\336T\226\247'\204_{\261\370""1\235\2445\343\033Y!\212\201\341\272\225'\007*$\244&\336\343'\233i\332\374\245 {^\306-N\333\gE\006\347\212\331C\211Z\177\247\031\n(B\t\273\260\334\t_E\266#\243\240\230\251@\241\315\244\373\216 \t\3074I8[\215\005%\215\013\202_n)6q\357\2538_-\302\252B\204v\277\254\373\3322Ca\020\243\0105\263\257\367\032\254\016\003""; }; nodes {;   nodedata: ""\221hvL@\313IuYZ\030O\247\200\005\367\245\307u\202\277\rN\200Xk*\301o{""G\000\003""; }; ","ledgerHash: ""\317\351\2337\023\262\336W\254\222\315\335\317oP\221\031g\037\220\357Ft\030n\306\370\n\354\226\365\346""; ledgerSeq: 9; type: liBASE; nodes {;   nodedata: ""\000\000\000\t\001cEx]\211\377\330\354@[\274\202\021\202\373Vi\243\n\325\250\005e\360""m\346'\311@\343\016$L\346\334\360<w\342\231\026\240\014\324\271\220rC\024\362\265\336\002\002\360\266o!'\361\275\341\216\372S\213k\022\315#\326\366m9\177\342L\022\227\3375l\022\347\266\203]ct\263p\226$F\nq!H%\277c\276/\352\224\020/\352\224\021\n\000""; }; nodes {;   nodedata: ""h\315\350\215y\203\242]\371\235\232Pt&\325\210eZ\346\237XZ \277\2457n\221\336\253\245\317\002\304\206+8\t]\351\316\373|\311\263V\300\023\035\211\237\260\300\r\033u3a1\203\303\365\307k\347\006E\344\037@\210\363\010\336T\226\247'\204_{\261\370""1\235\2445\343\033Y!\212\201\341\272\225'\007*$\244&\336\343'\233i\332\374\245 {^\306-N\333\gE\006\347\212\331C\211Z\177\247\031\n(B\t\273\260\334\t_E\266#\243\240\230\251@\241\315\244\373\216 \t\3074I8[\215\005%\215\013\202_n)6q\357\2538_-\302\252B\204v\277\254\373\3322Ca\020\243\0105\263\257\367\032\254\016\003""; }; nodes {;   nodedata: ""\221hvL@\313IuYZ\030O\247\200\005\367\245\307u\202\277\rN\200Xk*\301o{""G\000\003""; }; "
1750587290929,1750587290929,2715,1,1,4,TMLedgerData,"ledgerHash: ""\317\351\2337\023\262\336W\254\222\315\335\317oP\221\031g\037\220\357Ft\030n\306\370\n\354\226\365\346""; ledgerSeq: 9; type: liBASE; nodes {;   nodedata: ""\000\000\000\t\001cEx]\211\377\330\354@[\274\202\021\202\373Vi\243\n\325\250\005e\360""m\346'\311@\343\016$L\346\334\360<w\342\231\026\240\014\324\271\220rC\024\362\265\336\002\002\360\266o!'\361\275\341\216\372S\213k\022\315#\326\366m9\177\342L\022\227\3375l\022\347\266\203]ct\263p\226$F\nq!H%\277c\276/\352\224\020/\352\224\021\n\000""; }; nodes {;   nodedata: ""h\315\350\215y\203\242]\371\235\232Pt&\325\210eZ\346\237XZ \277\2457n\221\336\253\245\317\002\304\206+8\t]\351\316\373|\311\263V\300\023\035\211\237\260\300\r\033u3a1\203\303\365\307k\347\006E\344\037@\210\363\010\336T\226\247'\204_{\261\370""1\235\2445\343\033Y!\212\201\341\272\225'\007*$\244&\336\343'\233i\332\374\245 {^\306-N\333\gE\006\347\212\331C\211Z\177\247\031\n(B\t\273\260\334\t_E\266#\243\240\230\251@\241\315\244\373\216 \t\3074I8[\215\005%\215\013\202_n)6q\357\2538_-\302\252B\204v\277\254\373\3322Ca\020\243\0105\263\257\367\032\254\016\003""; }; nodes {;   nodedata: ""\221hvL@\313IuYZ\030O\247\200\005\367\245\307u\202\277\rN\200Xk*\301o{""G\000\003""; }; ","ledgerHash: ""\317\351\2337\023\262\336W\254\222\315\335\317oP\221\031g\037\220\357Ft\030n\306\370\n\354\226\365\346""; ledgerSeq: 9; type: liBASE; nodes {;   nodedata: ""\000\000\000\t\001cEx]\211\377\330\354@[\274\202\021\202\373Vi\243\n\325\250\005e\360""m\346'\311@\343\016$L\346\334\360<w\342\231\026\240\014\324\271\220rC\024\362\265\336\002\002\360\266o!'\361\275\341\216\372S\213k\022\315#\326\366m9\177\342L\022\227\3375l\022\347\266\203]ct\263p\226$F\nq!H%\277c\276/\352\224\020/\352\224\021\n\000""; }; nodes {;   nodedata: ""h\315\350\215y\203\242]\371\235\232Pt&\325\210eZ\346\237XZ \277\2457n\221\336\253\245\317\002\304\206+8\t]\351\316\373|\311\263V\300\023\035\211\237\260\300\r\033u3a1\203\303\365\307k\347\006E\344\037@\210\363\010\336T\226\247'\204_{\261\370""1\235\2445\343\033Y!\212\201\341\272\225'\007*$\244&\336\343'\233i\332\374\245 {^\306-N\333\gE\006\347\212\331C\211Z\177\247\031\n(B\t\273\260\334\t_E\266#\243\240\230\251@\241\315\244\373\216 \t\3074I8[\215\005%\215\013\202_n)6q\357\2538_-\302\252B\204v\277\254\373\3322Ca\020\243\0105\263\257\367\032\254\016\003""; }; nodes {;   nodedata: ""\221hvL@\313IuYZ\030O\247\200\005\367\245\307u\202\277\rN\200Xk*\301o{""G\000\003""; }; "
1750587290992,1750587290992,1743,1,2,4,TMLedgerData,"ledgerHash: ""q|\216``\027\240\206w\312\263+\241\310\271\371\2034\351_\3373\tL\007q_p\342\264_z""; ledgerSeq: 0; type: liTS_CANDIDATE; nodes {;   nodedata: ""\003S\n\235\2624\346\340\377asq\337\223T\316nL\232)C!\360\245\205[L\224\\351\351\000\247\272\246\2214\014W1\360z\262\252=\343\207'\275\266;\016\021\306\330\030\225\023\357\272\353\200x\221\n\003"";   nodeid: ""\000\000\000\000\000\000\000\000\000\000\000\000\000\000\000\000\000\000\000\000\000\000\000\000\000\000\000\000\000\000\000\000\000""; }; requestCookie: 4; ","ledgerHash: ""q|\216``\027\240\206w\312\263+\241\310\271\371\2034\351_\3373\tL\007q_p\342\264_z""; ledgerSeq: 0; type: liTS_CANDIDATE; nodes {;   nodedata: ""\003S\n\235\2624\346\340\377asq\337\223T\316nL\232)C!\360\245\205[L\224\\351\351\000\247\272\246\2214\014W1\360z\262\252=\343\207'\275\266;\016\021\306\330\030\225\023\357\272\353\200x\221\n\003"";   nodeid: ""\000\000\000\000\000\000\000\000\000\000\000\000\000\000\000\000\000\000\000\000\000\000\000\000\000\000\000\000\000\000\000\000\000""; }; requestCookie: 4; "
1750587291001,1750587291001,486,1,4,0,TMLedgerData,"ledgerHash: ""q|\216``\027\240\206w\312\263+\241\310\271\371\2034\351_\3373\tL\007q_p\342\264_z""; ledgerSeq: 0; type: liTS_CANDIDATE; nodes {;   nodedata: ""\003S\n\235\2624\346\340\377asq\337\223T\316nL\232)C!\360\245\205[L\224\\351\351\000\247\272\246\2214\014W1\360z\262\252=\343\207'\275\266;\016\021\306\330\030\225\023\357\272\353\200x\221\n\003"";   nodeid: ""\000\000\000\000\000\000\000\000\000\000\000\000\000\000\000\000\000\000\000\000\000\000\000\000\000\000\000\000\000\000\000\000\000""; }; ","ledgerHash: ""q|\216``\027\240\206w\312\263+\241\310\271\371\2034\351_\3373\tL\007q_p\342\264_z""; ledgerSeq: 0; type: liTS_CANDIDATE; nodes {;   nodedata: ""\003S\n\235\2624\346\340\377asq\337\223T\316nL\232)C!\360\245\205[L\224\\351\351\000\247\272\246\2214\014W1\360z\262\252=\343\207'\275\266;\016\021\306\330\030\225\023\357\272\353\200x\221\n\003"";   nodeid: ""\000\000\000\000\000\000\000\000\000\000\000\000\000\000\000\000\000\000\000\000\000\000\000\000\000\000\000\000\000\000\000\000\000""; }; "
1750587291011,1750587291011,2252,1,0,4,TMStatusChange,"newEvent: neACCEPTED_LEDGER; ledgerSeq: 9; ledgerHash: ""\317\351\2337\023\262\336W\254\222\315\335\317oP\221\031g\037\220\357Ft\030n\306\370\n\354\226\365\346""; ledgerHashPrevious: ""\354@[\274\202\021\202\373Vi\243\n\325\250\005e\360""m\346'\311@\343\016$L\346\334\360<w""; networkTime: 803902491; firstSeq: 1; lastSeq: 8; ","newEvent: neACCEPTED_LEDGER; ledgerSeq: 9; ledgerHash: ""\317\351\2337\023\262\336W\254\222\315\335\317oP\221\031g\037\220\357Ft\030n\306\370\n\354\226\365\346""; ledgerHashPrevious: ""\354@[\274\202\021\202\373Vi\243\n\325\250\005e\360""m\346'\311@\343\016$L\346\334\360<w""; networkTime: 803902491; firstSeq: 1; lastSeq: 8; "
1750587291012,1750587291012,468,1,0,1,TMStatusChange,"newEvent: neACCEPTED_LEDGER; ledgerSeq: 9; ledgerHash: ""\317\351\2337\023\262\336W\254\222\315\335\317oP\221\031g\037\220\357Ft\030n\306\370\n\354\226\365\346""; ledgerHashPrevious: ""\354@[\274\202\021\202\373Vi\243\n\325\250\005e\360""m\346'\311@\343\016$L\346\334\360<w""; networkTime: 803902491; firstSeq: 1; lastSeq: 8; ","newEvent: neACCEPTED_LEDGER; ledgerSeq: 9; ledgerHash: ""\317\351\2337\023\262\336W\254\222\315\335\317oP\221\031g\037\220\357Ft\030n\306\370\n\354\226\365\346""; ledgerHashPrevious: ""\354@[\274\202\021\202\373Vi\243\n\325\250\005e\360""m\346'\311@\343\016$L\346\334\360<w""; networkTime: 803902491; firstSeq: 1; lastSeq: 8; "
1750587291012,1750587291012,615,1,0,2,TMStatusChange,"newEvent: neACCEPTED_LEDGER; ledgerSeq: 9; ledgerHash: ""\317\351\2337\023\262\336W\254\222\315\335\317oP\221\031g\037\220\357Ft\030n\306\370\n\354\226\365\346""; ledgerHashPrevious: ""\354@[\274\202\021\202\373Vi\243\n\325\250\005e\360""m\346'\311@\343\016$L\346\334\360<w""; networkTime: 803902491; firstSeq: 1; lastSeq: 8; ","newEvent: neACCEPTED_LEDGER; ledgerSeq: 9; ledgerHash: ""\317\351\2337\023\262\336W\254\222\315\335\317oP\221\031g\037\220\357Ft\030n\306\370\n\354\226\365\346""; ledgerHashPrevious: ""\354@[\274\202\021\202\373Vi\243\n\325\250\005e\360""m\346'\311@\343\016$L\346\334\360<w""; networkTime: 803902491; firstSeq: 1; lastSeq: 8; "
1750587291012,1750587291012,3150,1,0,3,TMStatusChange,"newEvent: neACCEPTED_LEDGER; ledgerSeq: 9; ledgerHash: ""\317\351\2337\023\262\336W\254\222\315\335\317oP\221\031g\037\220\357Ft\030n\306\370\n\354\226\365\346""; ledgerHashPrevious: ""\354@[\274\202\021\202\373Vi\243\n\325\250\005e\360""m\346'\311@\343\016$L\346\334\360<w""; networkTime: 803902491; firstSeq: 1; lastSeq: 8; ","newEvent: neACCEPTED_LEDGER; ledgerSeq: 9; ledgerHash: ""\317\351\2337\023\262\336W\254\222\315\335\317oP\221\031g\037\220\357Ft\030n\306\370\n\354\226\365\346""; ledgerHashPrevious: ""\354@[\274\202\021\202\373Vi\243\n\325\250\005e\360""m\346'\311@\343\016$L\346\334\360<w""; networkTime: 803902491; firstSeq: 1; lastSeq: 8; "
1750587291024,1750587291024,769,1,4,0,TMGetLedger,"itype: liTS_CANDIDATE; ledgerHash: ""q|\216``\027\240\206w\312\263+\241\310\271\371\2034\351_\3373\tL\007q_p\342\264_z""; nodeIDs: ""\000\000\000\000\000\000\000\000\000\000\000\000\000\000\000\000\000\000\000\000\000\000\000\000\000\000\000\000\000\000\000\000\000""; requestCookie: 4; queryType: qtINDIRECT; queryDepth: 3; ","itype: liTS_CANDIDATE; ledgerHash: ""q|\216``\027\240\206w\312\263+\241\310\271\371\2034\351_\3373\tL\007q_p\342\264_z""; nodeIDs: ""\000\000\000\000\000\000\000\000\000\000\000\000\000\000\000\000\000\000\000\000\000\000\000\000\000\000\000\000\000\000\000\000\000""; requestCookie: 4; queryType: qtINDIRECT; queryDepth: 3; "
1750587291082,1750587291082,2715,1,1,4,TMLedgerData,"ledgerHash: ""q|\216``\027\240\206w\312\263+\241\310\271\371\2034\351_\3373\tL\007q_p\342\264_z""; ledgerSeq: 0; type: liTS_CANDIDATE; nodes {;   nodedata: ""\003S\n\235\2624\346\340\377asq\337\223T\316nL\232)C!\360\245\205[L\224\\351\351\000\247\272\246\2214\014W1\360z\262\252=\343\207'\275\266;\016\021\306\330\030\225\023\357\272\353\200x\221\n\003"";   nodeid: ""\000\000\000\000\000\000\000\000\000\000\000\000\000\000\000\000\000\000\000\000\000\000\000\000\000\000\000\000\000\000\000\000\000""; }; requestCookie: 4; ","ledgerHash: ""q|\216``\027\240\206w\312\263+\241\310\271\371\2034\351_\3373\tL\007q_p\342\264_z""; ledgerSeq: 0; type: liTS_CANDIDATE; nodes {;   nodedata: ""\003S\n\235\2624\346\340\377asq\337\223T\316nL\232)C!\360\245\205[L\224\\351\351\000\247\272\246\2214\014W1\360z\262\252=\343\207'\275\266;\016\021\306\330\030\225\023\357\272\353\200x\221\n\003"";   nodeid: ""\000\000\000\000\000\000\000\000\000\000\000\000\000\000\000\000\000\000\000\000\000\000\000\000\000\000\000\000\000\000\000\000\000""; }; requestCookie: 4; "
1750587291092,1750587291093,3487,1,0,3,TMLedgerData,"ledgerHash: ""q|\216``\027\240\206w\312\263+\241\310\271\371\2034\351_\3373\tL\007q_p\342\264_z""; ledgerSeq: 0; type: liTS_CANDIDATE; nodes {;   nodedata: ""\003S\n\235\2624\346\340\377asq\337\223T\316nL\232)C!\360\245\205[L\224\\351\351\000\247\272\246\2214\014W1\360z\262\252=\343\207'\275\266;\016\021\306\330\030\225\023\357\272\353\200x\221\n\003"";   nodeid: ""\000\000\000\000\000\000\000\000\000\000\000\000\000\000\000\000\000\000\000\000\000\000\000\000\000\000\000\000\000\000\000\000\000""; }; ","ledgerHash: ""q|\216``\027\240\206w\312\263+\241\310\271\371\2034\351_\3373\tL\007q_p\342\264_z""; ledgerSeq: 0; type: liTS_CANDIDATE; nodes {;   nodedata: ""\003S\n\235\2624\346\340\377asq\337\223T\316nL\232)C!\360\245\205[L\224\\351\351\000\247\272\246\2214\014W1\360z\262\252=\343\207'\275\266;\016\021\306\330\030\225\023\357\272\353\200x\221\n\003"";   nodeid: ""\000\000\000\000\000\000\000\000\000\000\000\000\000\000\000\000\000\000\000\000\000\000\000\000\000\000\000\000\000\000\000\000\000""; }; "
1750587291100,1750587291100,3989,1,2,3,TMValidation,"validation: """"\200\000\000\001&\000\000\000\t)/\352\224\031:?HT\314/\177\320^Q\317\351\2337\023\262\336W\254\222\315\335\317oP\221\031g\037\220\357Ft\030n\306\370\n\354\226\365\346P\027q|\216``\027\240\206w\312\263+\241\310\271\371\2034\351_\3373\tL\007q_p\342\264_zP\031\354@[\274\202\021\202\373Vi\243\n\325\250\005e\360""m\346'\311@\343\016$L\346\334\360<ws!\003\343\005\311u\203\370\0338\3174\324\010\006\301\251\177\261\304eOX\262)FA-\022r\263wm\024vF0D\002 \014\366\304\243\267\374g\3669j_\030\273/!\037\2105\212\035*G\3770\221\375M\363\342O.\236\002 K\233\377w[\370f&\307.\004\001\002s\311\246\2037\031\274\222r\216\267\210~1ro\321\231o""; ","validation: """"\200\000\000\001&\000\000\000\t)/\352\224\031:?HT\314/\177\320^Q\317\351\2337\023\262\336W\254\222\315\335\317oP\221\031g\037\220\357Ft\030n\306\370\n\354\226\365\346P\027q|\216``\027\240\206w\312\263+\241\310\271\371\2034\351_\3373\tL\007q_p\342\264_zP\031\354@[\274\202\021\202\373Vi\243\n\325\250\005e\360""m\346'\311@\343\016$L\346\334\360<ws!\003\343\005\311u\203\370\0338\3174\324\010\006\301\251\177\261\304eOX\262)FA-\022r\263wm\024vF0D\002 \014\366\304\243\267\374g\3669j_\030\273/!\037\2105\212\035*G\3770\221\375M\363\342O.\236\002 K\233\377w[\370f&\307.\004\001\002s\311\246\2037\031\274\222r\216\267\210~1ro\321\231o""; "
1750587291101,1750587291101,1036,1,2,4,TMValidation,"validation: """"\200\000\000\001&\000\000\000\t)/\352\224\031:?HT\314/\177\320^Q\317\351\2337\023\262\336W\254\222\315\335\317oP\221\031g\037\220\357Ft\030n\306\370\n\354\226\365\346P\027q|\216``\027\240\206w\312\263+\241\310\271\371\2034\351_\3373\tL\007q_p\342\264_zP\031\354@[\274\202\021\202\373Vi\243\n\325\250\005e\360""m\346'\311@\343\016$L\346\334\360<ws!\003\343\005\311u\203\370\0338\3174\324\010\006\301\251\177\261\304eOX\262)FA-\022r\263wm\024vF0D\002 \014\366\304\243\267\374g\3669j_\030\273/!\037\2105\212\035*G\3770\221\375M\363\342O.\236\002 K\233\377w[\370f&\307.\004\001\002s\311\246\2037\031\274\222r\216\267\210~1ro\321\231o""; ","validation: """"\200\000\000\001&\000\000\000\t)/\352\224\031:?HT\314/\177\320^Q\317\351\2337\023\262\336W\254\222\315\335\317oP\221\031g\037\220\357Ft\030n\306\370\n\354\226\365\346P\027q|\216``\027\240\206w\312\263+\241\310\271\371\2034\351_\3373\tL\007q_p\342\264_zP\031\354@[\274\202\021\202\373Vi\243\n\325\250\005e\360""m\346'\311@\343\016$L\346\334\360<ws!\003\343\005\311u\203\370\0338\3174\324\010\006\301\251\177\261\304eOX\262)FA-\022r\263wm\024vF0D\002 \014\366\304\243\267\374g\3669j_\030\273/!\037\2105\212\035*G\3770\221\375M\363\342O.\236\002 K\233\377w[\370f&\307.\004\001\002s\311\246\2037\031\274\222r\216\267\210~1ro\321\231o""; "
1750587291101,1750587291101,3488,1,2,0,TMValidation,"validation: """"\200\000\000\001&\000\000\000\t)/\352\224\031:?HT\314/\177\320^Q\317\351\2337\023\262\336W\254\222\315\335\317oP\221\031g\037\220\357Ft\030n\306\370\n\354\226\365\346P\027q|\216``\027\240\206w\312\263+\241\310\271\371\2034\351_\3373\tL\007q_p\342\264_zP\031\354@[\274\202\021\202\373Vi\243\n\325\250\005e\360""m\346'\311@\343\016$L\346\334\360<ws!\003\343\005\311u\203\370\0338\3174\324\010\006\301\251\177\261\304eOX\262)FA-\022r\263wm\024vF0D\002 \014\366\304\243\267\374g\3669j_\030\273/!\037\2105\212\035*G\3770\221\375M\363\342O.\236\002 K\233\377w[\370f&\307.\004\001\002s\311\246\2037\031\274\222r\216\267\210~1ro\321\231o""; ","validation: """"\200\000\000\001&\000\000\000\t)/\352\224\031:?HT\314/\177\320^Q\317\351\2337\023\262\336W\254\222\315\335\317oP\221\031g\037\220\357Ft\030n\306\370\n\354\226\365\346P\027q|\216``\027\240\206w\312\263+\241\310\271\371\2034\351_\3373\tL\007q_p\342\264_zP\031\354@[\274\202\021\202\373Vi\243\n\325\250\005e\360""m\346'\311@\343\016$L\346\334\360<ws!\003\343\005\311u\203\370\0338\3174\324\010\006\301\251\177\261\304eOX\262)FA-\022r\263wm\024vF0D\002 \014\366\304\243\267\374g\3669j_\030\273/!\037\2105\212\035*G\3770\221\375M\363\342O.\236\002 K\233\377w[\370f&\307.\004\001\002s\311\246\2037\031\274\222r\216\267\210~1ro\321\231o""; "
1750587291142,1750587291142,1103,1,0,4,TMLedgerData,"ledgerHash: ""\317\351\2337\023\262\336W\254\222\315\335\317oP\221\031g\037\220\357Ft\030n\306\370\n\354\226\365\346""; ledgerSeq: 9; type: liBASE; nodes {;   nodedata: ""\000\000\000\t\001cEx]\211\377\330\354@[\274\202\021\202\373Vi\243\n\325\250\005e\360""m\346'\311@\343\016$L\346\334\360<w\342\231\026\240\014\324\271\220rC\024\362\265\336\002\002\360\266o!'\361\275\341\216\372S\213k\022\315#\326\366m9\177\342L\022\227\3375l\022\347\266\203]ct\263p\226$F\nq!H%\277c\276/\352\224\020/\352\224\021\n\000""; }; nodes {;   nodedata: ""h\315\350\215y\203\242]\371\235\232Pt&\325\210eZ\346\237XZ \277\2457n\221\336\253\245\317\002\304\206+8\t]\351\316\373|\311\263V\300\023\035\211\237\260\300\r\033u3a1\203\303\365\307k\347\006E\344\037@\210\363\010\336T\226\247'\204_{\261\370""1\235\2445\343\033Y!\212\201\341\272\225'\007*$\244&\336\343'\233i\332\374\245 {^\306-N\333\gE\006\347\212\331C\211Z\177\247\031\n(B\t\273\260\334\t_E\266#\243\240\230\251@\241\315\244\373\216 \t\3074I8[\215\005%\215\013\202_n)6q\357\2538_-\302\252B\204v\277\254\373\3322Ca\020\243\0105\263\257\367\032\254\016\003""; }; nodes {;   nodedata: ""\221hvL@\313IuYZ\030O\247\200\005\367\245\307u\202\277\rN\200Xk*\301o{""G\000\003""; }; ","ledgerHash: ""\317\351\2337\023\262\336W\254\222\315\335\317oP\221\031g\037\220\357Ft\030n\306\370\n\354\226\365\346""; ledgerSeq: 9; type: liBASE; nodes {;   nodedata: ""\000\000\000\t\001cEx]\211\377\330\354@[\274\202\021\202\373Vi\243\n\325\250\005e\360""m\346'\311@\343\016$L\346\334\360<w\342\231\026\240\014\324\271\220rC\024\362\265\336\002\002\360\266o!'\361\275\341\216\372S\213k\022\315#\326\366m9\177\342L\022\227\3375l\022\347\266\203]ct\263p\226$F\nq!H%\277c\276/\352\224\020/\352\224\021\n\000""; }; nodes {;   nodedata: ""h\315\350\215y\203\242]\371\235\232Pt&\325\210eZ\346\237XZ \277\2457n\221\336\253\245\317\002\304\206+8\t]\351\316\373|\311\263V\300\023\035\211\237\260\300\r\033u3a1\203\303\365\307k\347\006E\344\037@\210\363\010\336T\226\247'\204_{\261\370""1\235\2445\343\033Y!\212\201\341\272\225'\007*$\244&\336\343'\233i\332\374\245 {^\306-N\333\gE\006\347\212\331C\211Z\177\247\031\n(B\t\273\260\334\t_E\266#\243\240\230\251@\241\315\244\373\216 \t\3074I8[\215\005%\215\013\202_n)6q\357\2538_-\302\252B\204v\277\254\373\3322Ca\020\243\0105\263\257\367\032\254\016\003""; }; nodes {;   nodedata: ""\221hvL@\313IuYZ\030O\247\200\005\367\245\307u\202\277\rN\200Xk*\301o{""G\000\003""; }; "
1750587291142,1750587291143,1103,1,0,4,TMLedgerData,"ledgerHash: ""\317\351\2337\023\262\336W\254\222\315\335\317oP\221\031g\037\220\357Ft\030n\306\370\n\354\226\365\346""; ledgerSeq: 9; type: liBASE; nodes {;   nodedata: ""\000\000\000\t\001cEx]\211\377\330\354@[\274\202\021\202\373Vi\243\n\325\250\005e\360""m\346'\311@\343\016$L\346\334\360<w\342\231\026\240\014\324\271\220rC\024\362\265\336\002\002\360\266o!'\361\275\341\216\372S\213k\022\315#\326\366m9\177\342L\022\227\3375l\022\347\266\203]ct\263p\226$F\nq!H%\277c\276/\352\224\020/\352\224\021\n\000""; }; nodes {;   nodedata: ""h\315\350\215y\203\242]\371\235\232Pt&\325\210eZ\346\237XZ \277\2457n\221\336\253\245\317\002\304\206+8\t]\351\316\373|\311\263V\300\023\035\211\237\260\300\r\033u3a1\203\303\365\307k\347\006E\344\037@\210\363\010\336T\226\247'\204_{\261\370""1\235\2445\343\033Y!\212\201\341\272\225'\007*$\244&\336\343'\233i\332\374\245 {^\306-N\333\gE\006\347\212\331C\211Z\177\247\031\n(B\t\273\260\334\t_E\266#\243\240\230\251@\241\315\244\373\216 \t\3074I8[\215\005%\215\013\202_n)6q\357\2538_-\302\252B\204v\277\254\373\3322Ca\020\243\0105\263\257\367\032\254\016\003""; }; nodes {;   nodedata: ""\221hvL@\313IuYZ\030O\247\200\005\367\245\307u\202\277\rN\200Xk*\301o{""G\000\003""; }; ","ledgerHash: ""\317\351\2337\023\262\336W\254\222\315\335\317oP\221\031g\037\220\357Ft\030n\306\370\n\354\226\365\346""; ledgerSeq: 9; type: liBASE; nodes {;   nodedata: ""\000\000\000\t\001cEx]\211\377\330\354@[\274\202\021\202\373Vi\243\n\325\250\005e\360""m\346'\311@\343\016$L\346\334\360<w\342\231\026\240\014\324\271\220rC\024\362\265\336\002\002\360\266o!'\361\275\341\216\372S\213k\022\315#\326\366m9\177\342L\022\227\3375l\022\347\266\203]ct\263p\226$F\nq!H%\277c\276/\352\224\020/\352\224\021\n\000""; }; nodes {;   nodedata: ""h\315\350\215y\203\242]\371\235\232Pt&\325\210eZ\346\237XZ \277\2457n\221\336\253\245\317\002\304\206+8\t]\351\316\373|\311\263V\300\023\035\211\237\260\300\r\033u3a1\203\303\365\307k\347\006E\344\037@\210\363\010\336T\226\247'\204_{\261\370""1\235\2445\343\033Y!\212\201\341\272\225'\007*$\244&\336\343'\233i\332\374\245 {^\306-N\333\gE\006\347\212\331C\211Z\177\247\031\n(B\t\273\260\334\t_E\266#\243\240\230\251@\241\315\244\373\216 \t\3074I8[\215\005%\215\013\202_n)6q\357\2538_-\302\252B\204v\277\254\373\3322Ca\020\243\0105\263\257\367\032\254\016\003""; }; nodes {;   nodedata: ""\221hvL@\313IuYZ\030O\247\200\005\367\245\307u\202\277\rN\200Xk*\301o{""G\000\003""; }; "
1750587291177,1750587291177,3097,1,2,0,TMLedgerData,"ledgerHash: ""q|\216``\027\240\206w\312\263+\241\310\271\371\2034\351_\3373\tL\007q_p\342\264_z""; ledgerSeq: 0; type: liTS_CANDIDATE; nodes {;   nodedata: ""\003S\n\235\2624\346\340\377asq\337\223T\316nL\232)C!\360\245\205[L\224\\351\351\000\247\272\246\2214\014W1\360z\262\252=\343\207'\275\266;\016\021\306\330\030\225\023\357\272\353\200x\221\n\003"";   nodeid: ""\000\000\000\000\000\000\000\000\000\000\000\000\000\000\000\000\000\000\000\000\000\000\000\000\000\000\000\000\000\000\000\000\000""; }; ","ledgerHash: ""q|\216``\027\240\206w\312\263+\241\310\271\371\2034\351_\3373\tL\007q_p\342\264_z""; ledgerSeq: 0; type: liTS_CANDIDATE; nodes {;   nodedata: ""\003S\n\235\2624\346\340\377asq\337\223T\316nL\232)C!\360\245\205[L\224\\351\351\000\247\272\246\2214\014W1\360z\262\252=\343\207'\275\266;\016\021\306\330\030\225\023\357\272\353\200x\221\n\003"";   nodeid: ""\000\000\000\000\000\000\000\000\000\000\000\000\000\000\000\000\000\000\000\000\000\000\000\000\000\000\000\000\000\000\000\000\000""; }; "
1750587291242,1750587291242,1743,1,2,4,TMLedgerData,"ledgerHash: ""q|\216``\027\240\206w\312\263+\241\310\271\371\2034\351_\3373\tL\007q_p\342\264_z""; ledgerSeq: 0; type: liTS_CANDIDATE; nodes {;   nodedata: ""\003S\n\235\2624\346\340\377asq\337\223T\316nL\232)C!\360\245\205[L\224\\351\351\000\247\272\246\2214\014W1\360z\262\252=\343\207'\275\266;\016\021\306\330\030\225\023\357\272\353\200x\221\n\003"";   nodeid: ""\000\000\000\000\000\000\000\000\000\000\000\000\000\000\000\000\000\000\000\000\000\000\000\000\000\000\000\000\000\000\000\000\000""; }; requestCookie: 4; ","ledgerHash: ""q|\216``\027\240\206w\312\263+\241\310\271\371\2034\351_\3373\tL\007q_p\342\264_z""; ledgerSeq: 0; type: liTS_CANDIDATE; nodes {;   nodedata: ""\003S\n\235\2624\346\340\377asq\337\223T\316nL\232)C!\360\245\205[L\224\\351\351\000\247\272\246\2214\014W1\360z\262\252=\343\207'\275\266;\016\021\306\330\030\225\023\357\272\353\200x\221\n\003"";   nodeid: ""\000\000\000\000\000\000\000\000\000\000\000\000\000\000\000\000\000\000\000\000\000\000\000\000\000\000\000\000\000\000\000\000\000""; }; requestCookie: 4; "
1750587291253,1750587291253,486,1,4,0,TMLedgerData,"ledgerHash: ""q|\216``\027\240\206w\312\263+\241\310\271\371\2034\351_\3373\tL\007q_p\342\264_z""; ledgerSeq: 0; type: liTS_CANDIDATE; nodes {;   nodedata: ""\003S\n\235\2624\346\340\377asq\337\223T\316nL\232)C!\360\245\205[L\224\\351\351\000\247\272\246\2214\014W1\360z\262\252=\343\207'\275\266;\016\021\306\330\030\225\023\357\272\353\200x\221\n\003"";   nodeid: ""\000\000\000\000\000\000\000\000\000\000\000\000\000\000\000\000\000\000\000\000\000\000\000\000\000\000\000\000\000\000\000\000\000""; }; ","ledgerHash: ""q|\216``\027\240\206w\312\263+\241\310\271\371\2034\351_\3373\tL\007q_p\342\264_z""; ledgerSeq: 0; type: liTS_CANDIDATE; nodes {;   nodedata: ""\003S\n\235\2624\346\340\377asq\337\223T\316nL\232)C!\360\245\205[L\224\\351\351\000\247\272\246\2214\014W1\360z\262\252=\343\207'\275\266;\016\021\306\330\030\225\023\357\272\353\200x\221\n\003"";   nodeid: ""\000\000\000\000\000\000\000\000\000\000\000\000\000\000\000\000\000\000\000\000\000\000\000\000\000\000\000\000\000\000\000\000\000""; }; "
1750587291274,1750587291274,557,1,4,1,TMGetLedger,"itype: liTS_CANDIDATE; ledgerHash: ""q|\216``\027\240\206w\312\263+\241\310\271\371\2034\351_\3373\tL\007q_p\342\264_z""; nodeIDs: ""\000\000\000\000\000\000\000\000\000\000\000\000\000\000\000\000\000\000\000\000\000\000\000\000\000\000\000\000\000\000\000\000\000""; requestCookie: 4; queryType: qtINDIRECT; queryDepth: 3; ","itype: liTS_CANDIDATE; ledgerHash: ""q|\216``\027\240\206w\312\263+\241\310\271\371\2034\351_\3373\tL\007q_p\342\264_z""; nodeIDs: ""\000\000\000\000\000\000\000\000\000\000\000\000\000\000\000\000\000\000\000\000\000\000\000\000\000\000\000\000\000\000\000\000\000""; requestCookie: 4; queryType: qtINDIRECT; queryDepth: 3; "
1750587291289,1750587291289,3082,1,2,4,TMProposeSet,"proposeSeq: 0; currentTxHash: ""\000\000\000\000\000\000\000\000\000\000\000\000\000\000\000\000\000\000\000\000\000\000\000\000\000\000\000\000\000\000\000\000""; nodePubKey: ""\003ql\302)\235\321\t\213\224\356\374%%\311\327\037\374\304\t\335\2359\344\233\035]\347<u\236\364\222""; closeTime: 803902490; signature: ""0D\002 \006\247\301*\032Zn\260\301\n\324\275EX\231\032\0105\224\335\207\374\221_,WH\223{\204-\255\002 \035/\233j5\262IA\236\343\031\211\222j\204\204\251Z\304u1\302ZL\\3362\337\273\200\352\022""; previousledger: ""\317\351\2337\023\262\336W\254\222\315\335\317oP\221\031g\037\220\357Ft\030n\306\370\n\354\226\365\346""; ","proposeSeq: 0; currentTxHash: ""\000\000\000\000\000\000\000\000\000\000\000\000\000\000\000\000\000\000\000\000\000\000\000\000\000\000\000\000\000\000\000\000""; nodePubKey: ""\003ql\302)\235\321\t\213\224\356\374%%\311\327\037\374\304\t\335\2359\344\233\035]\347<u\236\364\222""; closeTime: 803902490; signature: ""0D\002 \006\247\301*\032Zn\260\301\n\324\275EX\231\032\0105\224\335\207\374\221_,WH\223{\204-\255\002 \035/\233j5\262IA\236\343\031\211\222j\204\204\251Z\304u1\302ZL\\3362\337\273\200\352\022""; previousledger: ""\317\351\2337\023\262\336W\254\222\315\335\317oP\221\031g\037\220\357Ft\030n\306\370\n\354\226\365\346""; "
1750587291290,1750587291290,3725,1,2,3,TMProposeSet,"proposeSeq: 0; currentTxHash: ""\000\000\000\000\000\000\000\000\000\000\000\000\000\000\000\000\000\000\000\000\000\000\000\000\000\000\000\000\000\000\000\000""; nodePubKey: ""\003ql\302)\235\321\t\213\224\356\374%%\311\327\037\374\304\t\335\2359\344\233\035]\347<u\236\364\222""; closeTime: 803902490; signature: ""0D\002 \006\247\301*\032Zn\260\301\n\324\275EX\231\032\0105\224\335\207\374\221_,WH\223{\204-\255\002 \035/\233j5\262IA\236\343\031\211\222j\204\204\251Z\304u1\302ZL\\3362\337\273\200\352\022""; previousledger: ""\317\351\2337\023\262\336W\254\222\315\335\317oP\221\031g\037\220\357Ft\030n\306\370\n\354\226\365\346""; ","proposeSeq: 0; currentTxHash: ""\000\000\000\000\000\000\000\000\000\000\000\000\000\000\000\000\000\000\000\000\000\000\000\000\000\000\000\000\000\000\000\000""; nodePubKey: ""\003ql\302)\235\321\t\213\224\356\374%%\311\327\037\374\304\t\335\2359\344\233\035]\347<u\236\364\222""; closeTime: 803902490; signature: ""0D\002 \006\247\301*\032Zn\260\301\n\324\275EX\231\032\0105\224\335\207\374\221_,WH\223{\204-\255\002 \035/\233j5\262IA\236\343\031\211\222j\204\204\251Z\304u1\302ZL\\3362\337\273\200\352\022""; previousledger: ""\317\351\2337\023\262\336W\254\222\315\335\317oP\221\031g\037\220\357Ft\030n\306\370\n\354\226\365\346""; "
1750587291291,1750587291291,3546,1,2,0,TMProposeSet,"proposeSeq: 0; currentTxHash: ""\000\000\000\000\000\000\000\000\000\000\000\000\000\000\000\000\000\000\000\000\000\000\000\000\000\000\000\000\000\000\000\000""; nodePubKey: ""\003ql\302)\235\321\t\213\224\356\374%%\311\327\037\374\304\t\335\2359\344\233\035]\347<u\236\364\222""; closeTime: 803902490; signature: ""0D\002 \006\247\301*\032Zn\260\301\n\324\275EX\231\032\0105\224\335\207\374\221_,WH\223{\204-\255\002 \035/\233j5\262IA\236\343\031\211\222j\204\204\251Z\304u1\302ZL\\3362\337\273\200\352\022""; previousledger: ""\317\351\2337\023\262\336W\254\222\315\335\317oP\221\031g\037\220\357Ft\030n\306\370\n\354\226\365\346""; ","proposeSeq: 0; currentTxHash: ""\000\000\000\000\000\000\000\000\000\000\000\000\000\000\000\000\000\000\000\000\000\000\000\000\000\000\000\000\000\000\000\000""; nodePubKey: ""\003ql\302)\235\321\t\213\224\356\374%%\311\327\037\374\304\t\335\2359\344\233\035]\347<u\236\364\222""; closeTime: 803902490; signature: ""0D\002 \006\247\301*\032Zn\260\301\n\324\275EX\231\032\0105\224\335\207\374\221_,WH\223{\204-\255\002 \035/\233j5\262IA\236\343\031\211\222j\204\204\251Z\304u1\302ZL\\3362\337\273\200\352\022""; previousledger: ""\317\351\2337\023\262\336W\254\222\315\335\317oP\221\031g\037\220\357Ft\030n\306\370\n\354\226\365\346""; "
1750587291330,1750587291330,1838,1,2,1,TMProposeSet,"proposeSeq: 0; currentTxHash: ""\000\000\000\000\000\000\000\000\000\000\000\000\000\000\000\000\000\000\000\000\000\000\000\000\000\000\000\000\000\000\000\000""; nodePubKey: ""\003ql\302)\235\321\t\213\224\356\374%%\311\327\037\374\304\t\335\2359\344\233\035]\347<u\236\364\222""; closeTime: 803902490; signature: ""0D\002 \006\247\301*\032Zn\260\301\n\324\275EX\231\032\0105\224\335\207\374\221_,WH\223{\204-\255\002 \035/\233j5\262IA\236\343\031\211\222j\204\204\251Z\304u1\302ZL\\3362\337\273\200\352\022""; previousledger: ""\317\351\2337\023\262\336W\254\222\315\335\317oP\221\031g\037\220\357Ft\030n\306\370\n\354\226\365\346""; ","proposeSeq: 0; currentTxHash: ""\000\000\000\000\000\000\000\000\000\000\000\000\000\000\000\000\000\000\000\000\000\000\000\000\000\000\000\000\000\000\000\000""; nodePubKey: ""\003ql\302)\235\321\t\213\224\356\374%%\311\327\037\374\304\t\335\2359\344\233\035]\347<u\236\364\222""; closeTime: 803902490; signature: ""0D\002 \006\247\301*\032Zn\260\301\n\324\275EX\231\032\0105\224\335\207\374\221_,WH\223{\204-\255\002 \035/\233j5\262IA\236\343\031\211\222j\204\204\251Z\304u1\302ZL\\3362\337\273\200\352\022""; previousledger: ""\317\351\2337\023\262\336W\254\222\315\335\317oP\221\031g\037\220\357Ft\030n\306\370\n\354\226\365\346""; "
1750587291290,1750587291334,3116,1,2,4,TMStatusChange,"newEvent: neCLOSING_LEDGER; ledgerSeq: 9; ledgerHash: ""\317\351\2337\023\262\336W\254\222\315\335\317oP\221\031g\037\220\357Ft\030n\306\370\n\354\226\365\346""; ledgerHashPrevious: ""\354@[\274\202\021\202\373Vi\243\n\325\250\005e\360""m\346'\311@\343\016$L\346\334\360<w""; networkTime: 803902491; firstSeq: 1; lastSeq: 9; ","newEvent: neCLOSING_LEDGER; ledgerSeq: 9; ledgerHash: ""\317\351\2337\023\262\336W\254\222\315\335\317oP\221\031g\037\220\357Ft\030n\306\370\n\354\226\365\346""; ledgerHashPrevious: ""\354@[\274\202\021\202\373Vi\243\n\325\250\005e\360""m\346'\311@\343\016$L\346\334\360<w""; networkTime: 803902491; firstSeq: 1; lastSeq: 9; "
1750587291291,1750587291335,3058,1,2,3,TMStatusChange,"newEvent: neCLOSING_LEDGER; ledgerSeq: 9; ledgerHash: ""\317\351\2337\023\262\336W\254\222\315\335\317oP\221\031g\037\220\357Ft\030n\306\370\n\354\226\365\346""; ledgerHashPrevious: ""\354@[\274\202\021\202\373Vi\243\n\325\250\005e\360""m\346'\311@\343\016$L\346\334\360<w""; networkTime: 803902491; firstSeq: 1; lastSeq: 9; ","newEvent: neCLOSING_LEDGER; ledgerSeq: 9; ledgerHash: ""\317\351\2337\023\262\336W\254\222\315\335\317oP\221\031g\037\220\357Ft\030n\306\370\n\354\226\365\346""; ledgerHashPrevious: ""\354@[\274\202\021\202\373Vi\243\n\325\250\005e\360""m\346'\311@\343\016$L\346\334\360<w""; networkTime: 803902491; firstSeq: 1; lastSeq: 9; "
1750587291292,1750587291335,3744,1,2,0,TMStatusChange,"newEvent: neCLOSING_LEDGER; ledgerSeq: 9; ledgerHash: ""\317\351\2337\023\262\336W\254\222\315\335\317oP\221\031g\037\220\357Ft\030n\306\370\n\354\226\365\346""; ledgerHashPrevious: ""\354@[\274\202\021\202\373Vi\243\n\325\250\005e\360""m\346'\311@\343\016$L\346\334\360<w""; networkTime: 803902491; firstSeq: 1; lastSeq: 9; ","newEvent: neCLOSING_LEDGER; ledgerSeq: 9; ledgerHash: ""\317\351\2337\023\262\336W\254\222\315\335\317oP\221\031g\037\220\357Ft\030n\306\370\n\354\226\365\346""; ledgerHashPrevious: ""\354@[\274\202\021\202\373Vi\243\n\325\250\005e\360""m\346'\311@\343\016$L\346\334\360<w""; networkTime: 803902491; firstSeq: 1; lastSeq: 9; "
1750587291292,1750587291336,3126,1,2,1,TMStatusChange,"newEvent: neCLOSING_LEDGER; ledgerSeq: 9; ledgerHash: ""\317\351\2337\023\262\336W\254\222\315\335\317oP\221\031g\037\220\357Ft\030n\306\370\n\354\226\365\346""; ledgerHashPrevious: ""\354@[\274\202\021\202\373Vi\243\n\325\250\005e\360""m\346'\311@\343\016$L\346\334\360<w""; networkTime: 803902491; firstSeq: 1; lastSeq: 9; ","newEvent: neCLOSING_LEDGER; ledgerSeq: 9; ledgerHash: ""\317\351\2337\023\262\336W\254\222\315\335\317oP\221\031g\037\220\357Ft\030n\306\370\n\354\226\365\346""; ledgerHashPrevious: ""\354@[\274\202\021\202\373Vi\243\n\325\250\005e\360""m\346'\311@\343\016$L\346\334\360<w""; networkTime: 803902491; firstSeq: 1; lastSeq: 9; "
1750587291374,1750587291374,2970,1,0,4,TMProposeSet,"proposeSeq: 0; currentTxHash: ""\000\000\000\000\000\000\000\000\000\000\000\000\000\000\000\000\000\000\000\000\000\000\000\000\000\000\000\000\000\000\000\000""; nodePubKey: ""\003\343\005\311u\203\370\0338\3174\324\010\006\301\251\177\261\304eOX\262)FA-\022r\263wm\024""; closeTime: 803902490; signature: ""0D\002 i\374\264Z`+\272p\365Q\246F\302\275O\017\260#/-m\030\3358U\2706\016j\231\254\351\002 *\250\205:H\000\001\230\330\207\314&\023P\000Oa\3144\335\3665\007\000\263J\200\276\331\tL(""; previousledger: ""\317\351\2337\023\262\336W\254\222\315\335\317oP\221\031g\037\220\357Ft\030n\306\370\n\354\226\365\346""; ","proposeSeq: 0; currentTxHash: ""\000\000\000\000\000\000\000\000\000\000\000\000\000\000\000\000\000\000\000\000\000\000\000\000\000\000\000\000\000\000\000\000""; nodePubKey: ""\003\343\005\311u\203\370\0338\3174\324\010\006\301\251\177\261\304eOX\262)FA-\022r\263wm\024""; closeTime: 803902490; signature: ""0D\002 i\374\264Z`+\272p\365Q\246F\302\275O\017\260#/-m\030\3358U\2706\016j\231\254\351\002 *\250\205:H\000\001\230\330\207\314&\023P\000Oa\3144\335\3665\007\000\263J\200\276\331\tL(""; previousledger: ""\317\351\2337\023\262\336W\254\222\315\335\317oP\221\031g\037\220\357Ft\030n\306\370\n\354\226\365\346""; "
1750587291374,1750587291374,1290,1,0,2,TMProposeSet,"proposeSeq: 0; currentTxHash: ""\000\000\000\000\000\000\000\000\000\000\000\000\000\000\000\000\000\000\000\000\000\000\000\000\000\000\000\000\000\000\000\000""; nodePubKey: ""\003\343\005\311u\203\370\0338\3174\324\010\006\301\251\177\261\304eOX\262)FA-\022r\263wm\024""; closeTime: 803902490; signature: ""0D\002 i\374\264Z`+\272p\365Q\246F\302\275O\017\260#/-m\030\3358U\2706\016j\231\254\351\002 *\250\205:H\000\001\230\330\207\314&\023P\000Oa\3144\335\3665\007\000\263J\200\276\331\tL(""; previousledger: ""\317\351\2337\023\262\336W\254\222\315\335\317oP\221\031g\037\220\357Ft\030n\306\370\n\354\226\365\346""; ","proposeSeq: 0; currentTxHash: ""\000\000\000\000\000\000\000\000\000\000\000\000\000\000\000\000\000\000\000\000\000\000\000\000\000\000\000\000\000\000\000\000""; nodePubKey: ""\003\343\005\311u\203\370\0338\3174\324\010\006\301\251\177\261\304eOX\262)FA-\022r\263wm\024""; closeTime: 803902490; signature: ""0D\002 i\374\264Z`+\272p\365Q\246F\302\275O\017\260#/-m\030\3358U\2706\016j\231\254\351\002 *\250\205:H\000\001\230\330\207\314&\023P\000Oa\3144\335\3665\007\000\263J\200\276\331\tL(""; previousledger: ""\317\351\2337\023\262\336W\254\222\315\335\317oP\221\031g\037\220\357Ft\030n\306\370\n\354\226\365\346""; "
1750587291374,1750587291374,141,1,0,3,TMProposeSet,"proposeSeq: 0; currentTxHash: ""\000\000\000\000\000\000\000\000\000\000\000\000\000\000\000\000\000\000\000\000\000\000\000\000\000\000\000\000\000\000\000\000""; nodePubKey: ""\003\343\005\311u\203\370\0338\3174\324\010\006\301\251\177\261\304eOX\262)FA-\022r\263wm\024""; closeTime: 803902490; signature: ""0D\002 i\374\264Z`+\272p\365Q\246F\302\275O\017\260#/-m\030\3358U\2706\016j\231\254\351\002 *\250\205:H\000\001\230\330\207\314&\023P\000Oa\3144\335\3665\007\000\263J\200\276\331\tL(""; previousledger: ""\317\351\2337\023\262\336W\254\222\315\335\317oP\221\031g\037\220\357Ft\030n\306\370\n\354\226\365\346""; ","proposeSeq: 0; currentTxHash: ""\000\000\000\000\000\000\000\000\000\000\000\000\000\000\000\000\000\000\000\000\000\000\000\000\000\000\000\000\000\000\000\000""; nodePubKey: ""\003\343\005\311u\203\370\0338\3174\324\010\006\301\251\177\261\304eOX\262)FA-\022r\263wm\024""; closeTime: 803902490; signature: ""0D\002 i\374\264Z`+\272p\365Q\246F\302\275O\017\260#/-m\030\3358U\2706\016j\231\254\351\002 *\250\205:H\000\001\230\330\207\314&\023P\000Oa\3144\335\3665\007\000\263J\200\276\331\tL(""; previousledger: ""\317\351\2337\023\262\336W\254\222\315\335\317oP\221\031g\037\220\357Ft\030n\306\370\n\354\226\365\346""; "
1750587291388,1750587291388,1357,1,4,3,TMValidation,"validation: """"\200\000\000\001&\000\000\000\t)/\352\224\031:?HT\314/\177\320^Q\317\351\2337\023\262\336W\254\222\315\335\317oP\221\031g\037\220\357Ft\030n\306\370\n\354\226\365\346P\027q|\216``\027\240\206w\312\263+\241\310\271\371\2034\351_\3373\tL\007q_p\342\264_zP\031\354@[\274\202\021\202\373Vi\243\n\325\250\005e\360""m\346'\311@\343\016$L\346\334\360<ws!\003\343\005\311u\203\370\0338\3174\324\010\006\301\251\177\261\304eOX\262)FA-\022r\263wm\024vF0D\002 \014\366\304\243\267\374g\3669j_\030\273/!\037\2105\212\035*G\3770\221\375M\363\342O.\236\002 K\233\377w[\370f&\307.\004\001\002s\311\246\2037\031\274\222r\216\267\210~1ro\321\231o""; ","validation: """"\200\000\000\001&\000\000\000\t)/\352\224\031:?HT\314/\177\320^Q\317\351\2337\023\262\336W\254\222\315\335\317oP\221\031g\037\220\357Ft\030n\306\370\n\354\226\365\346P\027q|\216``\027\240\206w\312\263+\241\310\271\371\2034\351_\3373\tL\007q_p\342\264_zP\031\354@[\274\202\021\202\373Vi\243\n\325\250\005e\360""m\346'\311@\343\016$L\346\334\360<ws!\003\343\005\311u\203\370\0338\3174\324\010\006\301\251\177\261\304eOX\262)FA-\022r\263wm\024vF0D\002 \014\366\304\243\267\374g\3669j_\030\273/!\037\2105\212\035*G\3770\221\375M\363\342O.\236\002 K\233\377w[\370f&\307.\004\001\002s\311\246\2037\031\274\222r\216\267\210~1ro\321\231o""; "
1750587291388,1750587291388,3559,1,4,0,TMValidation,"validation: """"\200\000\000\001&\000\000\000\t)/\352\224\031:?HT\314/\177\320^Q\317\351\2337\023\262\336W\254\222\315\335\317oP\221\031g\037\220\357Ft\030n\306\370\n\354\226\365\346P\027q|\216``\027\240\206w\312\263+\241\310\271\371\2034\351_\3373\tL\007q_p\342\264_zP\031\354@[\274\202\021\202\373Vi\243\n\325\250\005e\360""m\346'\311@\343\016$L\346\334\360<ws!\003\343\005\311u\203\370\0338\3174\324\010\006\301\251\177\261\304eOX\262)FA-\022r\263wm\024vF0D\002 \014\366\304\243\267\374g\3669j_\030\273/!\037\2105\212\035*G\3770\221\375M\363\342O.\236\002 K\233\377w[\370f&\307.\004\001\002s\311\246\2037\031\274\222r\216\267\210~1ro\321\231o""; ","validation: """"\200\000\000\001&\000\000\000\t)/\352\224\031:?HT\314/\177\320^Q\317\351\2337\023\262\336W\254\222\315\335\317oP\221\031g\037\220\357Ft\030n\306\370\n\354\226\365\346P\027q|\216``\027\240\206w\312\263+\241\310\271\371\2034\351_\3373\tL\007q_p\342\264_zP\031\354@[\274\202\021\202\373Vi\243\n\325\250\005e\360""m\346'\311@\343\016$L\346\334\360<ws!\003\343\005\311u\203\370\0338\3174\324\010\006\301\251\177\261\304eOX\262)FA-\022r\263wm\024vF0D\002 \014\366\304\243\267\374g\3669j_\030\273/!\037\2105\212\035*G\3770\221\375M\363\342O.\236\002 K\233\377w[\370f&\307.\004\001\002s\311\246\2037\031\274\222r\216\267\210~1ro\321\231o""; "
1750587291388,1750587291389,443,1,4,2,TMValidation,"validation: """"\200\000\000\001&\000\000\000\t)/\352\224\031:?HT\314/\177\320^Q\317\351\2337\023\262\336W\254\222\315\335\317oP\221\031g\037\220\357Ft\030n\306\370\n\354\226\365\346P\027q|\216``\027\240\206w\312\263+\241\310\271\371\2034\351_\3373\tL\007q_p\342\264_zP\031\354@[\274\202\021\202\373Vi\243\n\325\250\005e\360""m\346'\311@\343\016$L\346\334\360<ws!\003\343\005\311u\203\370\0338\3174\324\010\006\301\251\177\261\304eOX\262)FA-\022r\263wm\024vF0D\002 \014\366\304\243\267\374g\3669j_\030\273/!\037\2105\212\035*G\3770\221\375M\363\342O.\236\002 K\233\377w[\370f&\307.\004\001\002s\311\246\2037\031\274\222r\216\267\210~1ro\321\231o""; ","validation: """"\200\000\000\001&\000\000\000\t)/\352\224\031:?HT\314/\177\320^Q\317\351\2337\023\262\336W\254\222\315\335\317oP\221\031g\037\220\357Ft\030n\306\370\n\354\226\365\346P\027q|\216``\027\240\206w\312\263+\241\310\271\371\2034\351_\3373\tL\007q_p\342\264_zP\031\354@[\274\202\021\202\373Vi\243\n\325\250\005e\360""m\346'\311@\343\016$L\346\334\360<ws!\003\343\005\311u\203\370\0338\3174\324\010\006\301\251\177\261\304eOX\262)FA-\022r\263wm\024vF0D\002 \014\366\304\243\267\374g\3669j_\030\273/!\037\2105\212\035*G\3770\221\375M\363\342O.\236\002 K\233\377w[\370f&\307.\004\001\002s\311\246\2037\031\274\222r\216\267\210~1ro\321\231o""; "
1750587291426,1750587291427,3097,1,2,0,TMLedgerData,"ledgerHash: ""q|\216``\027\240\206w\312\263+\241\310\271\371\2034\351_\3373\tL\007q_p\342\264_z""; ledgerSeq: 0; type: liTS_CANDIDATE; nodes {;   nodedata: ""\003S\n\235\2624\346\340\377asq\337\223T\316nL\232)C!\360\245\205[L\224\\351\351\000\247\272\246\2214\014W1\360z\262\252=\343\207'\275\266;\016\021\306\330\030\225\023\357\272\353\200x\221\n\003"";   nodeid: ""\000\000\000\000\000\000\000\000\000\000\000\000\000\000\000\000\000\000\000\000\000\000\000\000\000\000\000\000\000\000\000\000\000""; }; ","ledgerHash: ""q|\216``\027\240\206w\312\263+\241\310\271\371\2034\351_\3373\tL\007q_p\342\264_z""; ledgerSeq: 0; type: liTS_CANDIDATE; nodes {;   nodedata: ""\003S\n\235\2624\346\340\377asq\337\223T\316nL\232)C!\360\245\205[L\224\\351\351\000\247\272\246\2214\014W1\360z\262\252=\343\207'\275\266;\016\021\306\330\030\225\023\357\272\353\200x\221\n\003"";   nodeid: ""\000\000\000\000\000\000\000\000\000\000\000\000\000\000\000\000\000\000\000\000\000\000\000\000\000\000\000\000\000\000\000\000\000""; }; "
1750587291503,1750587291503,486,1,4,0,TMLedgerData,"ledgerHash: ""q|\216``\027\240\206w\312\263+\241\310\271\371\2034\351_\3373\tL\007q_p\342\264_z""; ledgerSeq: 0; type: liTS_CANDIDATE; nodes {;   nodedata: ""\003S\n\235\2624\346\340\377asq\337\223T\316nL\232)C!\360\245\205[L\224\\351\351\000\247\272\246\2214\014W1\360z\262\252=\343\207'\275\266;\016\021\306\330\030\225\023\357\272\353\200x\221\n\003"";   nodeid: ""\000\000\000\000\000\000\000\000\000\000\000\000\000\000\000\000\000\000\000\000\000\000\000\000\000\000\000\000\000\000\000\000\000""; }; ","ledgerHash: ""q|\216``\027\240\206w\312\263+\241\310\271\371\2034\351_\3373\tL\007q_p\342\264_z""; ledgerSeq: 0; type: liTS_CANDIDATE; nodes {;   nodedata: ""\003S\n\235\2624\346\340\377asq\337\223T\316nL\232)C!\360\245\205[L\224\\351\351\000\247\272\246\2214\014W1\360z\262\252=\343\207'\275\266;\016\021\306\330\030\225\023\357\272\353\200x\221\n\003"";   nodeid: ""\000\000\000\000\000\000\000\000\000\000\000\000\000\000\000\000\000\000\000\000\000\000\000\000\000\000\000\000\000\000\000\000\000""; }; "
1750587291517,1750587291517,3656,1,3,1,TMProposeSet,"proposeSeq: 0; currentTxHash: ""\000\000\000\000\000\000\000\000\000\000\000\000\000\000\000\000\000\000\000\000\000\000\000\000\000\000\000\000\000\000\000\000""; nodePubKey: ""\003\343\005\311u\203\370\0338\3174\324\010\006\301\251\177\261\304eOX\262)FA-\022r\263wm\024""; closeTime: 803902490; signature: ""0D\002 i\374\264Z`+\272p\365Q\246F\302\275O\017\260#/-m\030\3358U\2706\016j\231\254\351\002 *\250\205:H\000\001\230\330\207\314&\023P\000Oa\3144\335\3665\007\000\263J\200\276\331\tL(""; previousledger: ""\317\351\2337\023\262\336W\254\222\315\335\317oP\221\031g\037\220\357Ft\030n\306\370\n\354\226\365\346""; ","proposeSeq: 0; currentTxHash: ""\000\000\000\000\000\000\000\000\000\000\000\000\000\000\000\000\000\000\000\000\000\000\000\000\000\000\000\000\000\000\000\000""; nodePubKey: ""\003\343\005\311u\203\370\0338\3174\324\010\006\301\251\177\261\304eOX\262)FA-\022r\263wm\024""; closeTime: 803902490; signature: ""0D\002 i\374\264Z`+\272p\365Q\246F\302\275O\017\260#/-m\030\3358U\2706\016j\231\254\351\002 *\250\205:H\000\001\230\330\207\314&\023P\000Oa\3144\335\3665\007\000\263J\200\276\331\tL(""; previousledger: ""\317\351\2337\023\262\336W\254\222\315\335\317oP\221\031g\037\220\357Ft\030n\306\370\n\354\226\365\346""; "
1750587291518,1750587291518,483,1,3,4,TMProposeSet,"proposeSeq: 0; currentTxHash: ""\000\000\000\000\000\000\000\000\000\000\000\000\000\000\000\000\000\000\000\000\000\000\000\000\000\000\000\000\000\000\000\000""; nodePubKey: ""\003\343\005\311u\203\370\0338\3174\324\010\006\301\251\177\261\304eOX\262)FA-\022r\263wm\024""; closeTime: 803902490; signature: ""0D\002 i\374\264Z`+\272p\365Q\246F\302\275O\017\260#/-m\030\3358U\2706\016j\231\254\351\002 *\250\205:H\000\001\230\330\207\314&\023P\000Oa\3144\335\3665\007\000\263J\200\276\331\tL(""; previousledger: ""\317\351\2337\023\262\336W\254\222\315\335\317oP\221\031g\037\220\357Ft\030n\306\370\n\354\226\365\346""; ","proposeSeq: 0; currentTxHash: ""\000\000\000\000\000\000\000\000\000\000\000\000\000\000\000\000\000\000\000\000\000\000\000\000\000\000\000\000\000\000\000\000""; nodePubKey: ""\003\343\005\311u\203\370\0338\3174\324\010\006\301\251\177\261\304eOX\262)FA-\022r\263wm\024""; closeTime: 803902490; signature: ""0D\002 i\374\264Z`+\272p\365Q\246F\302\275O\017\260#/-m\030\3358U\2706\016j\231\254\351\002 *\250\205:H\000\001\230\330\207\314&\023P\000Oa\3144\335\3665\007\000\263J\200\276\331\tL(""; previousledger: ""\317\351\2337\023\262\336W\254\222\315\335\317oP\221\031g\037\220\357Ft\030n\306\370\n\354\226\365\346""; "
1750587291518,1750587291518,1317,1,3,2,TMProposeSet,"proposeSeq: 0; currentTxHash: ""\000\000\000\000\000\000\000\000\000\000\000\000\000\000\000\000\000\000\000\000\000\000\000\000\000\000\000\000\000\000\000\000""; nodePubKey: ""\003\343\005\311u\203\370\0338\3174\324\010\006\301\251\177\261\304eOX\262)FA-\022r\263wm\024""; closeTime: 803902490; signature: ""0D\002 i\374\264Z`+\272p\365Q\246F\302\275O\017\260#/-m\030\3358U\2706\016j\231\254\351\002 *\250\205:H\000\001\230\330\207\314&\023P\000Oa\3144\335\3665\007\000\263J\200\276\331\tL(""; previousledger: ""\317\351\2337\023\262\336W\254\222\315\335\317oP\221\031g\037\220\357Ft\030n\306\370\n\354\226\365\346""; ","proposeSeq: 0; currentTxHash: ""\000\000\000\000\000\000\000\000\000\000\000\000\000\000\000\000\000\000\000\000\000\000\000\000\000\000\000\000\000\000\000\000""; nodePubKey: ""\003\343\005\311u\203\370\0338\3174\324\010\006\301\251\177\261\304eOX\262)FA-\022r\263wm\024""; closeTime: 803902490; signature: ""0D\002 i\374\264Z`+\272p\365Q\246F\302\275O\017\260#/-m\030\3358U\2706\016j\231\254\351\002 *\250\205:H\000\001\230\330\207\314&\023P\000Oa\3144\335\3665\007\000\263J\200\276\331\tL(""; previousledger: ""\317\351\2337\023\262\336W\254\222\315\335\317oP\221\031g\037\220\357Ft\030n\306\370\n\354\226\365\346""; "
1750587291679,1750587291679,734,1,3,2,TMValidation,"validation: """"\200\000\000\001&\000\000\000\t)/\352\224\031:Q\231\304\227'3\313\030Q\317\351\2337\023\262\336W\254\222\315\335\317oP\221\031g\037\220\357Ft\030n\306\370\n\354\226\365\346P\027q|\216``\027\240\206w\312\263+\241\310\271\371\2034\351_\3373\tL\007q_p\342\264_zP\031\354@[\274\202\021\202\373Vi\243\n\325\250\005e\360""m\346'\311@\343\016$L\346\334\360<ws!\003ql\302)\235\321\t\213\224\356\374%%\311\327\037\374\304\t\335\2359\344\233\035]\347<u\236\364\222vF0D\002 R\257}&\016\007\214k0\363d(Bj\371p\314\327}\262\202\315!\3722\215\303\243\313\375w\206\002 ^\265\377\314\320\026\306F\255+t\347\302\004T\310\222\341\241\274\031\323\337Z\262o\247v1\023?\327""; ","validation: """"\200\000\000\001&\000\000\000\t)/\352\224\031:Q\231\304\227'3\313\030Q\317\351\2337\023\262\336W\254\222\315\335\317oP\221\031g\037\220\357Ft\030n\306\370\n\354\226\365\346P\027q|\216``\027\240\206w\312\263+\241\310\271\371\2034\351_\3373\tL\007q_p\342\264_zP\031\354@[\274\202\021\202\373Vi\243\n\325\250\005e\360""m\346'\311@\343\016$L\346\334\360<ws!\003ql\302)\235\321\t\213\224\356\374%%\311\327\037\374\304\t\335\2359\344\233\035]\347<u\236\364\222vF0D\002 R\257}&\016\007\214k0\363d(Bj\371p\314\327}\262\202\315!\3722\215\303\243\313\375w\206\002 ^\265\377\314\320\026\306F\255+t\347\302\004T\310\222\341\241\274\031\323\337Z\262o\247v1\023?\327""; "
1750587291679,1750587291679,3501,1,3,4,TMValidation,"validation: """"\200\000\000\001&\000\000\000\t)/\352\224\031:Q\231\304\227'3\313\030Q\317\351\2337\023\262\336W\254\222\315\335\317oP\221\031g\037\220\357Ft\030n\306\370\n\354\226\365\346P\027q|\216``\027\240\206w\312\263+\241\310\271\371\2034\351_\3373\tL\007q_p\342\264_zP\031\354@[\274\202\021\202\373Vi\243\n\325\250\005e\360""m\346'\311@\343\016$L\346\334\360<ws!\003ql\302)\235\321\t\213\224\356\374%%\311\327\037\374\304\t\335\2359\344\233\035]\347<u\236\364\222vF0D\002 R\257}&\016\007\214k0\363d(Bj\371p\314\327}\262\202\315!\3722\215\303\243\313\375w\206\002 ^\265\377\314\320\026\306F\255+t\347\302\004T\310\222\341\241\274\031\323\337Z\262o\247v1\023?\327""; ","validation: """"\200\000\000\001&\000\000\000\t)/\352\224\031:Q\231\304\227'3\313\030Q\317\351\2337\023\262\336W\254\222\315\335\317oP\221\031g\037\220\357Ft\030n\306\370\n\354\226\365\346P\027q|\216``\027\240\206w\312\263+\241\310\271\371\2034\351_\3373\tL\007q_p\342\264_zP\031\354@[\274\202\021\202\373Vi\243\n\325\250\005e\360""m\346'\311@\343\016$L\346\334\360<ws!\003ql\302)\235\321\t\213\224\356\374%%\311\327\037\374\304\t\335\2359\344\233\035]\347<u\236\364\222vF0D\002 R\257}&\016\007\214k0\363d(Bj\371p\314\327}\262\202\315!\3722\215\303\243\313\375w\206\002 ^\265\377\314\320\026\306F\255+t\347\302\004T\310\222\341\241\274\031\323\337Z\262o\247v1\023?\327""; "
1750587291679,1750587291679,3767,1,3,0,TMValidation,"validation: """"\200\000\000\001&\000\000\000\t)/\352\224\031:Q\231\304\227'3\313\030Q\317\351\2337\023\262\336W\254\222\315\335\317oP\221\031g\037\220\357Ft\030n\306\370\n\354\226\365\346P\027q|\216``\027\240\206w\312\263+\241\310\271\371\2034\351_\3373\tL\007q_p\342\264_zP\031\354@[\274\202\021\202\373Vi\243\n\325\250\005e\360""m\346'\311@\343\016$L\346\334\360<ws!\003ql\302)\235\321\t\213\224\356\374%%\311\327\037\374\304\t\335\2359\344\233\035]\347<u\236\364\222vF0D\002 R\257}&\016\007\214k0\363d(Bj\371p\314\327}\262\202\315!\3722\215\303\243\313\375w\206\002 ^\265\377\314\320\026\306F\255+t\347\302\004T\310\222\341\241\274\031\323\337Z\262o\247v1\023?\327""; ","validation: """"\200\000\000\001&\000\000\000\t)/\352\224\031:Q\231\304\227'3\313\030Q\317\351\2337\023\262\336W\254\222\315\335\317oP\221\031g\037\220\357Ft\030n\306\370\n\354\226\365\346P\027q|\216``\027\240\206w\312\263+\241\310\271\371\2034\351_\3373\tL\007q_p\342\264_zP\031\354@[\274\202\021\202\373Vi\243\n\325\250\005e\360""m\346'\311@\343\016$L\346\334\360<ws!\003ql\302)\235\321\t\213\224\356\374%%\311\327\037\374\304\t\335\2359\344\233\035]\347<u\236\364\222vF0D\002 R\257}&\016\007\214k0\363d(Bj\371p\314\327}\262\202\315!\3722\215\303\243\313\375w\206\002 ^\265\377\314\320\026\306F\255+t\347\302\004T\310\222\341\241\274\031\323\337Z\262o\247v1\023?\327""; "
1750587291751,1750587291751,486,1,4,0,TMLedgerData,"ledgerHash: ""q|\216``\027\240\206w\312\263+\241\310\271\371\2034\351_\3373\tL\007q_p\342\264_z""; ledgerSeq: 0; type: liTS_CANDIDATE; nodes {;   nodedata: ""\003S\n\235\2624\346\340\377asq\337\223T\316nL\232)C!\360\245\205[L\224\\351\351\000\247\272\246\2214\014W1\360z\262\252=\343\207'\275\266;\016\021\306\330\030\225\023\357\272\353\200x\221\n\003"";   nodeid: ""\000\000\000\000\000\000\000\000\000\000\000\000\000\000\000\000\000\000\000\000\000\000\000\000\000\000\000\000\000\000\000\000\000""; }; ","ledgerHash: ""q|\216``\027\240\206w\312\263+\241\310\271\371\2034\351_\3373\tL\007q_p\342\264_z""; ledgerSeq: 0; type: liTS_CANDIDATE; nodes {;   nodedata: ""\003S\n\235\2624\346\340\377asq\337\223T\316nL\232)C!\360\245\205[L\224\\351\351\000\247\272\246\2214\014W1\360z\262\252=\343\207'\275\266;\016\021\306\330\030\225\023\357\272\353\200x\221\n\003"";   nodeid: ""\000\000\000\000\000\000\000\000\000\000\000\000\000\000\000\000\000\000\000\000\000\000\000\000\000\000\000\000\000\000\000\000\000""; }; "
1750587291794,1750587291795,1103,1,0,4,TMLedgerData,"ledgerHash: ""q|\216``\027\240\206w\312\263+\241\310\271\371\2034\351_\3373\tL\007q_p\342\264_z""; ledgerSeq: 0; type: liTS_CANDIDATE; nodes {;   nodedata: ""\003S\n\235\2624\346\340\377asq\337\223T\316nL\232)C!\360\245\205[L\224\\351\351\000\247\272\246\2214\014W1\360z\262\252=\343\207'\275\266;\016\021\306\330\030\225\023\357\272\353\200x\221\n\003"";   nodeid: ""\000\000\000\000\000\000\000\000\000\000\000\000\000\000\000\000\000\000\000\000\000\000\000\000\000\000\000\000\000\000\000\000\000""; }; requestCookie: 4; ","ledgerHash: ""q|\216``\027\240\206w\312\263+\241\310\271\371\2034\351_\3373\tL\007q_p\342\264_z""; ledgerSeq: 0; type: liTS_CANDIDATE; nodes {;   nodedata: ""\003S\n\235\2624\346\340\377asq\337\223T\316nL\232)C!\360\245\205[L\224\\351\351\000\247\272\246\2214\014W1\360z\262\252=\343\207'\275\266;\016\021\306\330\030\225\023\357\272\353\200x\221\n\003"";   nodeid: ""\000\000\000\000\000\000\000\000\000\000\000\000\000\000\000\000\000\000\000\000\000\000\000\000\000\000\000\000\000\000\000\000\000""; }; requestCookie: 4; "
1750587291797,1750587291797,1772,1,4,3,TMLedgerData,"ledgerHash: ""q|\216``\027\240\206w\312\263+\241\310\271\371\2034\351_\3373\tL\007q_p\342\264_z""; ledgerSeq: 0; type: liTS_CANDIDATE; nodes {;   nodedata: ""\003S\n\235\2624\346\340\377asq\337\223T\316nL\232)C!\360\245\205[L\224\\351\351\000\247\272\246\2214\014W1\360z\262\252=\343\207'\275\266;\016\021\306\330\030\225\023\357\272\353\200x\221\n\003"";   nodeid: ""\000\000\000\000\000\000\000\000\000\000\000\000\000\000\000\000\000\000\000\000\000\000\000\000\000\000\000\000\000\000\000\000\000""; }; ","ledgerHash: ""q|\216``\027\240\206w\312\263+\241\310\271\371\2034\351_\3373\tL\007q_p\342\264_z""; ledgerSeq: 0; type: liTS_CANDIDATE; nodes {;   nodedata: ""\003S\n\235\2624\346\340\377asq\337\223T\316nL\232)C!\360\245\205[L\224\\351\351\000\247\272\246\2214\014W1\360z\262\252=\343\207'\275\266;\016\021\306\330\030\225\023\357\272\353\200x\221\n\003"";   nodeid: ""\000\000\000\000\000\000\000\000\000\000\000\000\000\000\000\000\000\000\000\000\000\000\000\000\000\000\000\000\000\000\000\000\000""; }; "
1750587291820,1750587291820,2565,1,3,0,TMLedgerData,"ledgerHash: ""q|\216``\027\240\206w\312\263+\241\310\271\371\2034\351_\3373\tL\007q_p\342\264_z""; ledgerSeq: 0; type: liTS_CANDIDATE; nodes {;   nodedata: ""\003S\n\235\2624\346\340\377asq\337\223T\316nL\232)C!\360\245\205[L\224\\351\351\000\247\272\246\2214\014W1\360z\262\252=\343\207'\275\266;\016\021\306\330\030\225\023\357\272\353\200x\221\n\003"";   nodeid: ""\000\000\000\000\000\000\000\000\000\000\000\000\000\000\000\000\000\000\000\000\000\000\000\000\000\000\000\000\000\000\000\000\000""; }; ","ledgerHash: ""q|\216``\027\240\206w\312\263+\241\310\271\371\2034\351_\3373\tL\007q_p\342\264_z""; ledgerSeq: 0; type: liTS_CANDIDATE; nodes {;   nodedata: ""\003S\n\235\2624\346\340\377asq\337\223T\316nL\232)C!\360\245\205[L\224\\351\351\000\247\272\246\2214\014W1\360z\262\252=\343\207'\275\266;\016\021\306\330\030\225\023\357\272\353\200x\221\n\003"";   nodeid: ""\000\000\000\000\000\000\000\000\000\000\000\000\000\000\000\000\000\000\000\000\000\000\000\000\000\000\000\000\000\000\000\000\000""; }; "
1750587291833,1750587291833,2715,1,1,4,TMLedgerData,"ledgerHash: ""q|\216``\027\240\206w\312\263+\241\310\271\371\2034\351_\3373\tL\007q_p\342\264_z""; ledgerSeq: 0; type: liTS_CANDIDATE; nodes {;   nodedata: ""\003S\n\235\2624\346\340\377asq\337\223T\316nL\232)C!\360\245\205[L\224\\351\351\000\247\272\246\2214\014W1\360z\262\252=\343\207'\275\266;\016\021\306\330\030\225\023\357\272\353\200x\221\n\003"";   nodeid: ""\000\000\000\000\000\000\000\000\000\000\000\000\000\000\000\000\000\000\000\000\000\000\000\000\000\000\000\000\000\000\000\000\000""; }; requestCookie: 4; ","ledgerHash: ""q|\216``\027\240\206w\312\263+\241\310\271\371\2034\351_\3373\tL\007q_p\342\264_z""; ledgerSeq: 0; type: liTS_CANDIDATE; nodes {;   nodedata: ""\003S\n\235\2624\346\340\377asq\337\223T\316nL\232)C!\360\245\205[L\224\\351\351\000\247\272\246\2214\014W1\360z\262\252=\343\207'\275\266;\016\021\306\330\030\225\023\357\272\353\200x\221\n\003"";   nodeid: ""\000\000\000\000\000\000\000\000\000\000\000\000\000\000\000\000\000\000\000\000\000\000\000\000\000\000\000\000\000\000\000\000\000""; }; requestCookie: 4; "
1750587291840,1750587291840,1743,1,2,4,TMLedgerData,"ledgerHash: ""\317\351\2337\023\262\336W\254\222\315\335\317oP\221\031g\037\220\357Ft\030n\306\370\n\354\226\365\346""; ledgerSeq: 9; type: liBASE; nodes {;   nodedata: ""\000\000\000\t\001cEx]\211\377\330\354@[\274\202\021\202\373Vi\243\n\325\250\005e\360""m\346'\311@\343\016$L\346\334\360<w\342\231\026\240\014\324\271\220rC\024\362\265\336\002\002\360\266o!'\361\275\341\216\372S\213k\022\315#\326\366m9\177\342L\022\227\3375l\022\347\266\203]ct\263p\226$F\nq!H%\277c\276/\352\224\020/\352\224\021\n\000""; }; nodes {;   nodedata: ""h\315\350\215y\203\242]\371\235\232Pt&\325\210eZ\346\237XZ \277\2457n\221\336\253\245\317\002\304\206+8\t]\351\316\373|\311\263V\300\023\035\211\237\260\300\r\033u3a1\203\303\365\307k\347\006E\344\037@\210\363\010\336T\226\247'\204_{\261\370""1\235\2445\343\033Y!\212\201\341\272\225'\007*$\244&\336\343'\233i\332\374\245 {^\306-N\333\gE\006\347\212\331C\211Z\177\247\031\n(B\t\273\260\334\t_E\266#\243\240\230\251@\241\315\244\373\216 \t\3074I8[\215\005%\215\013\202_n)6q\357\2538_-\302\252B\204v\277\254\373\3322Ca\020\243\0105\263\257\367\032\254\016\003""; }; nodes {;   nodedata: ""\221hvL@\313IuYZ\030O\247\200\005\367\245\307u\202\277\rN\200Xk*\301o{""G\000\003""; }; ","ledgerHash: ""\317\351\2337\023\262\336W\254\222\315\335\317oP\221\031g\037\220\357Ft\030n\306\370\n\354\226\365\346""; ledgerSeq: 9; type: liBASE; nodes {;   nodedata: ""\000\000\000\t\001cEx]\211\377\330\354@[\274\202\021\202\373Vi\243\n\325\250\005e\360""m\346'\311@\343\016$L\346\334\360<w\342\231\026\240\014\324\271\220rC\024\362\265\336\002\002\360\266o!'\361\275\341\216\372S\213k\022\315#\326\366m9\177\342L\022\227\3375l\022\347\266\203]ct\263p\226$F\nq!H%\277c\276/\352\224\020/\352\224\021\n\000""; }; nodes {;   nodedata: ""h\315\350\215y\203\242]\371\235\232Pt&\325\210eZ\346\237XZ \277\2457n\221\336\253\245\317\002\304\206+8\t]\351\316\373|\311\263V\300\023\035\211\237\260\300\r\033u3a1\203\303\365\307k\347\006E\344\037@\210\363\010\336T\226\247'\204_{\261\370""1\235\2445\343\033Y!\212\201\341\272\225'\007*$\244&\336\343'\233i\332\374\245 {^\306-N\333\gE\006\347\212\331C\211Z\177\247\031\n(B\t\273\260\334\t_E\266#\243\240\230\251@\241\315\244\373\216 \t\3074I8[\215\005%\215\013\202_n)6q\357\2538_-\302\252B\204v\277\254\373\3322Ca\020\243\0105\263\257\367\032\254\016\003""; }; nodes {;   nodedata: ""\221hvL@\313IuYZ\030O\247\200\005\367\245\307u\202\277\rN\200Xk*\301o{""G\000\003""; }; "
1750587291840,1750587291840,1743,1,2,4,TMLedgerData,"ledgerHash: ""\317\351\2337\023\262\336W\254\222\315\335\317oP\221\031g\037\220\357Ft\030n\306\370\n\354\226\365\346""; ledgerSeq: 9; type: liBASE; nodes {;   nodedata: ""\000\000\000\t\001cEx]\211\377\330\354@[\274\202\021\202\373Vi\243\n\325\250\005e\360""m\346'\311@\343\016$L\346\334\360<w\342\231\026\240\014\324\271\220rC\024\362\265\336\002\002\360\266o!'\361\275\341\216\372S\213k\022\315#\326\366m9\177\342L\022\227\3375l\022\347\266\203]ct\263p\226$F\nq!H%\277c\276/\352\224\020/\352\224\021\n\000""; }; nodes {;   nodedata: ""h\315\350\215y\203\242]\371\235\232Pt&\325\210eZ\346\237XZ \277\2457n\221\336\253\245\317\002\304\206+8\t]\351\316\373|\311\263V\300\023\035\211\237\260\300\r\033u3a1\203\303\365\307k\347\006E\344\037@\210\363\010\336T\226\247'\204_{\261\370""1\235\2445\343\033Y!\212\201\341\272\225'\007*$\244&\336\343'\233i\332\374\245 {^\306-N\333\gE\006\347\212\331C\211Z\177\247\031\n(B\t\273\260\334\t_E\266#\243\240\230\251@\241\315\244\373\216 \t\3074I8[\215\005%\215\013\202_n)6q\357\2538_-\302\252B\204v\277\254\373\3322Ca\020\243\0105\263\257\367\032\254\016\003""; }; nodes {;   nodedata: ""\221hvL@\313IuYZ\030O\247\200\005\367\245\307u\202\277\rN\200Xk*\301o{""G\000\003""; }; ","ledgerHash: ""\317\351\2337\023\262\336W\254\222\315\335\317oP\221\031g\037\220\357Ft\030n\306\370\n\354\226\365\346""; ledgerSeq: 9; type: liBASE; nodes {;   nodedata: ""\000\000\000\t\001cEx]\211\377\330\354@[\274\202\021\202\373Vi\243\n\325\250\005e\360""m\346'\311@\343\016$L\346\334\360<w\342\231\026\240\014\324\271\220rC\024\362\265\336\002\002\360\266o!'\361\275\341\216\372S\213k\022\315#\326\366m9\177\342L\022\227\3375l\022\347\266\203]ct\263p\226$F\nq!H%\277c\276/\352\224\020/\352\224\021\n\000""; }; nodes {;   nodedata: ""h\315\350\215y\203\242]\371\235\232Pt&\325\210eZ\346\237XZ \277\2457n\221\336\253\245\317\002\304\206+8\t]\351\316\373|\311\263V\300\023\035\211\237\260\300\r\033u3a1\203\303\365\307k\347\006E\344\037@\210\363\010\336T\226\247'\204_{\261\370""1\235\2445\343\033Y!\212\201\341\272\225'\007*$\244&\336\343'\233i\332\374\245 {^\306-N\333\gE\006\347\212\331C\211Z\177\247\031\n(B\t\273\260\334\t_E\266#\243\240\230\251@\241\315\244\373\216 \t\3074I8[\215\005%\215\013\202_n)6q\357\2538_-\302\252B\204v\277\254\373\3322Ca\020\243\0105\263\257\367\032\254\016\003""; }; nodes {;   nodedata: ""\221hvL@\313IuYZ\030O\247\200\005\367\245\307u\202\277\rN\200Xk*\301o{""G\000\003""; }; "
1750587291875,1750587291875,3487,1,0,3,TMLedgerData,"ledgerHash: ""\317\351\2337\023\262\336W\254\222\315\335\317oP\221\031g\037\220\357Ft\030n\306\370\n\354\226\365\346""; ledgerSeq: 9; type: liBASE; nodes {;   nodedata: ""\000\000\000\t\001cEx]\211\377\330\354@[\274\202\021\202\373Vi\243\n\325\250\005e\360""m\346'\311@\343\016$L\346\334\360<w\342\231\026\240\014\324\271\220rC\024\362\265\336\002\002\360\266o!'\361\275\341\216\372S\213k\022\315#\326\366m9\177\342L\022\227\3375l\022\347\266\203]ct\263p\226$F\nq!H%\277c\276/\352\224\020/\352\224\021\n\000""; }; nodes {;   nodedata: ""h\315\350\215y\203\242]\371\235\232Pt&\325\210eZ\346\237XZ \277\2457n\221\336\253\245\317\002\304\206+8\t]\351\316\373|\311\263V\300\023\035\211\237\260\300\r\033u3a1\203\303\365\307k\347\006E\344\037@\210\363\010\336T\226\247'\204_{\261\370""1\235\2445\343\033Y!\212\201\341\272\225'\007*$\244&\336\343'\233i\332\374\245 {^\306-N\333\gE\006\347\212\331C\211Z\177\247\031\n(B\t\273\260\334\t_E\266#\243\240\230\251@\241\315\244\373\216 \t\3074I8[\215\005%\215\013\202_n)6q\357\2538_-\302\252B\204v\277\254\373\3322Ca\020\243\0105\263\257\367\032\254\016\003""; }; nodes {;   nodedata: ""\221hvL@\313IuYZ\030O\247\200\005\367\245\307u\202\277\rN\200Xk*\301o{""G\000\003""; }; ","ledgerHash: ""\317\351\2337\023\262\336W\254\222\315\335\317oP\221\031g\037\220\357Ft\030n\306\370\n\354\226\365\346""; ledgerSeq: 9; type: liBASE; nodes {;   nodedata: ""\000\000\000\t\001cEx]\211\377\330\354@[\274\202\021\202\373Vi\243\n\325\250\005e\360""m\346'\311@\343\016$L\346\334\360<w\342\231\026\240\014\324\271\220rC\024\362\265\336\002\002\360\266o!'\361\275\341\216\372S\213k\022\315#\326\366m9\177\342L\022\227\3375l\022\347\266\203]ct\263p\226$F\nq!H%\277c\276/\352\224\020/\352\224\021\n\000""; }; nodes {;   nodedata: ""h\315\350\215y\203\242]\371\235\232Pt&\325\210eZ\346\237XZ \277\2457n\221\336\253\245\317\002\304\206+8\t]\351\316\373|\311\263V\300\023\035\211\237\260\300\r\033u3a1\203\303\365\307k\347\006E\344\037@\210\363\010\336T\226\247'\204_{\261\370""1\235\2445\343\033Y!\212\201\341\272\225'\007*$\244&\336\343'\233i\332\374\245 {^\306-N\333\gE\006\347\212\331C\211Z\177\247\031\n(B\t\273\260\334\t_E\266#\243\240\230\251@\241\315\244\373\216 \t\3074I8[\215\005%\215\013\202_n)6q\357\2538_-\302\252B\204v\277\254\373\3322Ca\020\243\0105\263\257\367\032\254\016\003""; }; nodes {;   nodedata: ""\221hvL@\313IuYZ\030O\247\200\005\367\245\307u\202\277\rN\200Xk*\301o{""G\000\003""; }; "
1750587291877,1750587291877,483,1,3,4,TMProposeSet,"proposeSeq: 0; currentTxHash: ""\000\000\000\000\000\000\000\000\000\000\000\000\000\000\000\000\000\000\000\000\000\000\000\000\000\000\000\000\000\000\000\000""; nodePubKey: ""\003\325Q\255\224\274R@\312\253\262\347\352\034\346\347\242\215,\312\376=\277\353{\350\225\301\305`^, ""; closeTime: 803902491; signature: ""0E\002!\000\205\367\366\331\277)\373\217$c\223\354T\000\360frW/""""\032\303c\026*K\234\207\357\324\260\002 Q>\022\214\361\006\374V\265}\326\324\245\255:\202\210\016>\303\223N\236\016\231M\255'o\235A\300""; previousledger: ""\317\351\2337\023\262\336W\254\222\315\335\317oP\221\031g\037\220\357Ft\030n\306\370\n\354\226\365\346""; ","proposeSeq: 0; currentTxHash: ""\000\000\000\000\000\000\000\000\000\000\000\000\000\000\000\000\000\000\000\000\000\000\000\000\000\000\000\000\000\000\000\000""; nodePubKey: ""\003\325Q\255\224\274R@\312\253\262\347\352\034\346\347\242\215,\312\376=\277\353{\350\225\301\305`^, ""; closeTime: 803902491; signature: ""0E\002!\000\205\367\366\331\277)\373\217$c\223\354T\000\360frW/""""\032\303c\026*K\234\207\357\324\260\002 Q>\022\214\361\006\374V\265}\326\324\245\255:\202\210\016>\303\223N\236\016\231M\255'o\235A\300""; previousledger: ""\317\351\2337\023\262\336W\254\222\315\335\317oP\221\031g\037\220\357Ft\030n\306\370\n\354\226\365\346""; "
1750587291877,1750587291877,3656,1,3,1,TMProposeSet,"proposeSeq: 0; currentTxHash: ""\000\000\000\000\000\000\000\000\000\000\000\000\000\000\000\000\000\000\000\000\000\000\000\000\000\000\000\000\000\000\000\000""; nodePubKey: ""\003\325Q\255\224\274R@\312\253\262\347\352\034\346\347\242\215,\312\376=\277\353{\350\225\301\305`^, ""; closeTime: 803902491; signature: ""0E\002!\000\205\367\366\331\277)\373\217$c\223\354T\000\360frW/""""\032\303c\026*K\234\207\357\324\260\002 Q>\022\214\361\006\374V\265}\326\324\245\255:\202\210\016>\303\223N\236\016\231M\255'o\235A\300""; previousledger: ""\317\351\2337\023\262\336W\254\222\315\335\317oP\221\031g\037\220\357Ft\030n\306\370\n\354\226\365\346""; ","proposeSeq: 0; currentTxHash: ""\000\000\000\000\000\000\000\000\000\000\000\000\000\000\000\000\000\000\000\000\000\000\000\000\000\000\000\000\000\000\000\000""; nodePubKey: ""\003\325Q\255\224\274R@\312\253\262\347\352\034\346\347\242\215,\312\376=\277\353{\350\225\301\305`^, ""; closeTime: 803902491; signature: ""0E\002!\000\205\367\366\331\277)\373\217$c\223\354T\000\360frW/""""\032\303c\026*K\234\207\357\324\260\002 Q>\022\214\361\006\374V\265}\326\324\245\255:\202\210\016>\303\223N\236\016\231M\255'o\235A\300""; previousledger: ""\317\351\2337\023\262\336W\254\222\315\335\317oP\221\031g\037\220\357Ft\030n\306\370\n\354\226\365\346""; "
1750587291875,1750587291876,3487,1,0,3,TMLedgerData,"ledgerHash: ""\317\351\2337\023\262\336W\254\222\315\335\317oP\221\031g\037\220\357Ft\030n\306\370\n\354\226\365\346""; ledgerSeq: 9; type: liBASE; nodes {;   nodedata: ""\000\000\000\t\001cEx]\211\377\330\354@[\274\202\021\202\373Vi\243\n\325\250\005e\360""m\346'\311@\343\016$L\346\334\360<w\342\231\026\240\014\324\271\220rC\024\362\265\336\002\002\360\266o!'\361\275\341\216\372S\213k\022\315#\326\366m9\177\342L\022\227\3375l\022\347\266\203]ct\263p\226$F\nq!H%\277c\276/\352\224\020/\352\224\021\n\000""; }; nodes {;   nodedata: ""h\315\350\215y\203\242]\371\235\232Pt&\325\210eZ\346\237XZ \277\2457n\221\336\253\245\317\002\304\206+8\t]\351\316\373|\311\263V\300\023\035\211\237\260\300\r\033u3a1\203\303\365\307k\347\006E\344\037@\210\363\010\336T\226\247'\204_{\261\370""1\235\2445\343\033Y!\212\201\341\272\225'\007*$\244&\336\343'\233i\332\374\245 {^\306-N\333\gE\006\347\212\331C\211Z\177\247\031\n(B\t\273\260\334\t_E\266#\243\240\230\251@\241\315\244\373\216 \t\3074I8[\215\005%\215\013\202_n)6q\357\2538_-\302\252B\204v\277\254\373\3322Ca\020\243\0105\263\257\367\032\254\016\003""; }; nodes {;   nodedata: ""\221hvL@\313IuYZ\030O\247\200\005\367\245\307u\202\277\rN\200Xk*\301o{""G\000\003""; }; ","ledgerHash: ""\317\351\2337\023\262\336W\254\222\315\335\317oP\221\031g\037\220\357Ft\030n\306\370\n\354\226\365\346""; ledgerSeq: 9; type: liBASE; nodes {;   nodedata: ""\000\000\000\t\001cEx]\211\377\330\354@[\274\202\021\202\373Vi\243\n\325\250\005e\360""m\346'\311@\343\016$L\346\334\360<w\342\231\026\240\014\324\271\220rC\024\362\265\336\002\002\360\266o!'\361\275\341\216\372S\213k\022\315#\326\366m9\177\342L\022\227\3375l\022\347\266\203]ct\263p\226$F\nq!H%\277c\276/\352\224\020/\352\224\021\n\000""; }; nodes {;   nodedata: ""h\315\350\215y\203\242]\371\235\232Pt&\325\210eZ\346\237XZ \277\2457n\221\336\253\245\317\002\304\206+8\t]\351\316\373|\311\263V\300\023\035\211\237\260\300\r\033u3a1\203\303\365\307k\347\006E\344\037@\210\363\010\336T\226\247'\204_{\261\370""1\235\2445\343\033Y!\212\201\341\272\225'\007*$\244&\336\343'\233i\332\374\245 {^\306-N\333\gE\006\347\212\331C\211Z\177\247\031\n(B\t\273\260\334\t_E\266#\243\240\230\251@\241\315\244\373\216 \t\3074I8[\215\005%\215\013\202_n)6q\357\2538_-\302\252B\204v\277\254\373\3322Ca\020\243\0105\263\257\367\032\254\016\003""; }; nodes {;   nodedata: ""\221hvL@\313IuYZ\030O\247\200\005\367\245\307u\202\277\rN\200Xk*\301o{""G\000\003""; }; "
1750587291879,1750587291879,1317,1,3,2,TMProposeSet,"proposeSeq: 0; currentTxHash: ""\000\000\000\000\000\000\000\000\000\000\000\000\000\000\000\000\000\000\000\000\000\000\000\000\000\000\000\000\000\000\000\000""; nodePubKey: ""\003\325Q\255\224\274R@\312\253\262\347\352\034\346\347\242\215,\312\376=\277\353{\350\225\301\305`^, ""; closeTime: 803902491; signature: ""0E\002!\000\205\367\366\331\277)\373\217$c\223\354T\000\360frW/""""\032\303c\026*K\234\207\357\324\260\002 Q>\022\214\361\006\374V\265}\326\324\245\255:\202\210\016>\303\223N\236\016\231M\255'o\235A\300""; previousledger: ""\317\351\2337\023\262\336W\254\222\315\335\317oP\221\031g\037\220\357Ft\030n\306\370\n\354\226\365\346""; ","proposeSeq: 0; currentTxHash: ""\000\000\000\000\000\000\000\000\000\000\000\000\000\000\000\000\000\000\000\000\000\000\000\000\000\000\000\000\000\000\000\000""; nodePubKey: ""\003\325Q\255\224\274R@\312\253\262\347\352\034\346\347\242\215,\312\376=\277\353{\350\225\301\305`^, ""; closeTime: 803902491; signature: ""0E\002!\000\205\367\366\331\277)\373\217$c\223\354T\000\360frW/""""\032\303c\026*K\234\207\357\324\260\002 Q>\022\214\361\006\374V\265}\326\324\245\255:\202\210\016>\303\223N\236\016\231M\255'o\235A\300""; previousledger: ""\317\351\2337\023\262\336W\254\222\315\335\317oP\221\031g\037\220\357Ft\030n\306\370\n\354\226\365\346""; "
1750587291880,1750587291880,443,1,3,0,TMProposeSet,"proposeSeq: 0; currentTxHash: ""\000\000\000\000\000\000\000\000\000\000\000\000\000\000\000\000\000\000\000\000\000\000\000\000\000\000\000\000\000\000\000\000""; nodePubKey: ""\003\325Q\255\224\274R@\312\253\262\347\352\034\346\347\242\215,\312\376=\277\353{\350\225\301\305`^, ""; closeTime: 803902491; signature: ""0E\002!\000\205\367\366\331\277)\373\217$c\223\354T\000\360frW/""""\032\303c\026*K\234\207\357\324\260\002 Q>\022\214\361\006\374V\265}\326\324\245\255:\202\210\016>\303\223N\236\016\231M\255'o\235A\300""; previousledger: ""\317\351\2337\023\262\336W\254\222\315\335\317oP\221\031g\037\220\357Ft\030n\306\370\n\354\226\365\346""; ","proposeSeq: 0; currentTxHash: ""\000\000\000\000\000\000\000\000\000\000\000\000\000\000\000\000\000\000\000\000\000\000\000\000\000\000\000\000\000\000\000\000""; nodePubKey: ""\003\325Q\255\224\274R@\312\253\262\347\352\034\346\347\242\215,\312\376=\277\353{\350\225\301\305`^, ""; closeTime: 803902491; signature: ""0E\002!\000\205\367\366\331\277)\373\217$c\223\354T\000\360frW/""""\032\303c\026*K\234\207\357\324\260\002 Q>\022\214\361\006\374V\265}\326\324\245\255:\202\210\016>\303\223N\236\016\231M\255'o\235A\300""; previousledger: ""\317\351\2337\023\262\336W\254\222\315\335\317oP\221\031g\037\220\357Ft\030n\306\370\n\354\226\365\346""; "
1750587291899,1750587291899,1772,1,4,3,TMLedgerData,"ledgerHash: ""q|\216``\027\240\206w\312\263+\241\310\271\371\2034\351_\3373\tL\007q_p\342\264_z""; ledgerSeq: 0; type: liTS_CANDIDATE; nodes {;   nodedata: ""\003S\n\235\2624\346\340\377asq\337\223T\316nL\232)C!\360\245\205[L\224\\351\351\000\247\272\246\2214\014W1\360z\262\252=\343\207'\275\266;\016\021\306\330\030\225\023\357\272\353\200x\221\n\003"";   nodeid: ""\000\000\000\000\000\000\000\000\000\000\000\000\000\000\000\000\000\000\000\000\000\000\000\000\000\000\000\000\000\000\000\000\000""; }; ","ledgerHash: ""q|\216``\027\240\206w\312\263+\241\310\271\371\2034\351_\3373\tL\007q_p\342\264_z""; ledgerSeq: 0; type: liTS_CANDIDATE; nodes {;   nodedata: ""\003S\n\235\2624\346\340\377asq\337\223T\316nL\232)C!\360\245\205[L\224\\351\351\000\247\272\246\2214\014W1\360z\262\252=\343\207'\275\266;\016\021\306\330\030\225\023\357\272\353\200x\221\n\003"";   nodeid: ""\000\000\000\000\000\000\000\000\000\000\000\000\000\000\000\000\000\000\000\000\000\000\000\000\000\000\000\000\000\000\000\000\000""; }; "
1750587291877,1750587291917,972,1,3,4,TMStatusChange,"newEvent: neCLOSING_LEDGER; ledgerSeq: 9; ledgerHash: ""\317\351\2337\023\262\336W\254\222\315\335\317oP\221\031g\037\220\357Ft\030n\306\370\n\354\226\365\346""; ledgerHashPrevious: ""\354@[\274\202\021\202\373Vi\243\n\325\250\005e\360""m\346'\311@\343\016$L\346\334\360<w""; networkTime: 803902491; firstSeq: 9; lastSeq: 9; ","newEvent: neCLOSING_LEDGER; ledgerSeq: 9; ledgerHash: ""\317\351\2337\023\262\336W\254\222\315\335\317oP\221\031g\037\220\357Ft\030n\306\370\n\354\226\365\346""; ledgerHashPrevious: ""\354@[\274\202\021\202\373Vi\243\n\325\250\005e\360""m\346'\311@\343\016$L\346\334\360<w""; networkTime: 803902491; firstSeq: 9; lastSeq: 9; "
1750587291879,1750587291917,854,1,3,2,TMStatusChange,"newEvent: neCLOSING_LEDGER; ledgerSeq: 9; ledgerHash: ""\317\351\2337\023\262\336W\254\222\315\335\317oP\221\031g\037\220\357Ft\030n\306\370\n\354\226\365\346""; ledgerHashPrevious: ""\354@[\274\202\021\202\373Vi\243\n\325\250\005e\360""m\346'\311@\343\016$L\346\334\360<w""; networkTime: 803902491; firstSeq: 9; lastSeq: 9; ","newEvent: neCLOSING_LEDGER; ledgerSeq: 9; ledgerHash: ""\317\351\2337\023\262\336W\254\222\315\335\317oP\221\031g\037\220\357Ft\030n\306\370\n\354\226\365\346""; ledgerHashPrevious: ""\354@[\274\202\021\202\373Vi\243\n\325\250\005e\360""m\346'\311@\343\016$L\346\334\360<w""; networkTime: 803902491; firstSeq: 9; lastSeq: 9; "
1750587291880,1750587291917,1393,1,3,0,TMStatusChange,"newEvent: neCLOSING_LEDGER; ledgerSeq: 9; ledgerHash: ""\317\351\2337\023\262\336W\254\222\315\335\317oP\221\031g\037\220\357Ft\030n\306\370\n\354\226\365\346""; ledgerHashPrevious: ""\354@[\274\202\021\202\373Vi\243\n\325\250\005e\360""m\346'\311@\343\016$L\346\334\360<w""; networkTime: 803902491; firstSeq: 9; lastSeq: 9; ","newEvent: neCLOSING_LEDGER; ledgerSeq: 9; ledgerHash: ""\317\351\2337\023\262\336W\254\222\315\335\317oP\221\031g\037\220\357Ft\030n\306\370\n\354\226\365\346""; ledgerHashPrevious: ""\354@[\274\202\021\202\373Vi\243\n\325\250\005e\360""m\346'\311@\343\016$L\346\334\360<w""; networkTime: 803902491; firstSeq: 9; lastSeq: 9; "
1750587291879,1750587291917,1591,1,3,1,TMStatusChange,"newEvent: neCLOSING_LEDGER; ledgerSeq: 9; ledgerHash: ""\317\351\2337\023\262\336W\254\222\315\335\317oP\221\031g\037\220\357Ft\030n\306\370\n\354\226\365\346""; ledgerHashPrevious: ""\354@[\274\202\021\202\373Vi\243\n\325\250\005e\360""m\346'\311@\343\016$L\346\334\360<w""; networkTime: 803902491; firstSeq: 9; lastSeq: 9; ","newEvent: neCLOSING_LEDGER; ledgerSeq: 9; ledgerHash: ""\317\351\2337\023\262\336W\254\222\315\335\317oP\221\031g\037\220\357Ft\030n\306\370\n\354\226\365\346""; ledgerHashPrevious: ""\354@[\274\202\021\202\373Vi\243\n\325\250\005e\360""m\346'\311@\343\016$L\346\334\360<w""; networkTime: 803902491; firstSeq: 9; lastSeq: 9; "
1750587291941,1750587291942,486,1,4,0,TMLedgerData,"ledgerHash: ""q|\216``\027\240\206w\312\263+\241\310\271\371\2034\351_\3373\tL\007q_p\342\264_z""; ledgerSeq: 0; type: liTS_CANDIDATE; nodes {;   nodedata: ""\003S\n\235\2624\346\340\377asq\337\223T\316nL\232)C!\360\245\205[L\224\\351\351\000\247\272\246\2214\014W1\360z\262\252=\343\207'\275\266;\016\021\306\330\030\225\023\357\272\353\200x\221\n\003"";   nodeid: ""\000\000\000\000\000\000\000\000\000\000\000\000\000\000\000\000\000\000\000\000\000\000\000\000\000\000\000\000\000\000\000\000\000""; }; ","ledgerHash: ""q|\216``\027\240\206w\312\263+\241\310\271\371\2034\351_\3373\tL\007q_p\342\264_z""; ledgerSeq: 0; type: liTS_CANDIDATE; nodes {;   nodedata: ""\003S\n\235\2624\346\340\377asq\337\223T\316nL\232)C!\360\245\205[L\224\\351\351\000\247\272\246\2214\014W1\360z\262\252=\343\207'\275\266;\016\021\306\330\030\225\023\357\272\353\200x\221\n\003"";   nodeid: ""\000\000\000\000\000\000\000\000\000\000\000\000\000\000\000\000\000\000\000\000\000\000\000\000\000\000\000\000\000\000\000\000\000""; }; "
1750587292190,1750587292190,486,1,4,0,TMLedgerData,"ledgerHash: ""q|\216``\027\240\206w\312\263+\241\310\271\371\2034\351_\3373\tL\007q_p\342\264_z""; ledgerSeq: 0; type: liTS_CANDIDATE; nodes {;   nodedata: ""\003S\n\235\2624\346\340\377asq\337\223T\316nL\232)C!\360\245\205[L\224\\351\351\000\247\272\246\2214\014W1\360z\262\252=\343\207'\275\266;\016\021\306\330\030\225\023\357\272\353\200x\221\n\003"";   nodeid: ""\000\000\000\000\000\000\000\000\000\000\000\000\000\000\000\000\000\000\000\000\000\000\000\000\000\000\000\000\000\000\000\000\000""; }; ","ledgerHash: ""q|\216``\027\240\206w\312\263+\241\310\271\371\2034\351_\3373\tL\007q_p\342\264_z""; ledgerSeq: 0; type: liTS_CANDIDATE; nodes {;   nodedata: ""\003S\n\235\2624\346\340\377asq\337\223T\316nL\232)C!\360\245\205[L\224\\351\351\000\247\272\246\2214\014W1\360z\262\252=\343\207'\275\266;\016\021\306\330\030\225\023\357\272\353\200x\221\n\003"";   nodeid: ""\000\000\000\000\000\000\000\000\000\000\000\000\000\000\000\000\000\000\000\000\000\000\000\000\000\000\000\000\000\000\000\000\000""; }; "
1750587292243,1750587292243,1743,1,2,4,TMLedgerData,"ledgerHash: ""q|\216``\027\240\206w\312\263+\241\310\271\371\2034\351_\3373\tL\007q_p\342\264_z""; ledgerSeq: 0; type: liTS_CANDIDATE; nodes {;   nodedata: ""\003S\n\235\2624\346\340\377asq\337\223T\316nL\232)C!\360\245\205[L\224\\351\351\000\247\272\246\2214\014W1\360z\262\252=\343\207'\275\266;\016\021\306\330\030\225\023\357\272\353\200x\221\n\003"";   nodeid: ""\000\000\000\000\000\000\000\000\000\000\000\000\000\000\000\000\000\000\000\000\000\000\000\000\000\000\000\000\000\000\000\000\000""; }; requestCookie: 4; ","ledgerHash: ""q|\216``\027\240\206w\312\263+\241\310\271\371\2034\351_\3373\tL\007q_p\342\264_z""; ledgerSeq: 0; type: liTS_CANDIDATE; nodes {;   nodedata: ""\003S\n\235\2624\346\340\377asq\337\223T\316nL\232)C!\360\245\205[L\224\\351\351\000\247\272\246\2214\014W1\360z\262\252=\343\207'\275\266;\016\021\306\330\030\225\023\357\272\353\200x\221\n\003"";   nodeid: ""\000\000\000\000\000\000\000\000\000\000\000\000\000\000\000\000\000\000\000\000\000\000\000\000\000\000\000\000\000\000\000\000\000""; }; requestCookie: 4; "
1750587292247,1750587292247,769,1,4,0,TMGetLedger,"itype: liAS_NODE; ledgerHash: ""\317\351\2337\023\262\336W\254\222\315\335\317oP\221\031g\037\220\357Ft\030n\306\370\n\354\226\365\346""; ledgerSeq: 9; nodeIDs: ""\340\000\000\000\000\000\000\000\000\000\000\000\000\000\000\000\000\000\000\000\000\000\000\000\000\000\000\000\000\000\000\000\001""; nodeIDs: ""`\000\000\000\000\000\000\000\000\000\000\000\000\000\000\000\000\000\000\000\000\000\000\000\000\000\000\000\000\000\000\000\001""; queryType: qtINDIRECT; queryDepth: 1; ","itype: liAS_NODE; ledgerHash: ""\317\351\2337\023\262\336W\254\222\315\335\317oP\221\031g\037\220\357Ft\030n\306\370\n\354\226\365\346""; ledgerSeq: 9; nodeIDs: ""\340\000\000\000\000\000\000\000\000\000\000\000\000\000\000\000\000\000\000\000\000\000\000\000\000\000\000\000\000\000\000\000\001""; nodeIDs: ""`\000\000\000\000\000\000\000\000\000\000\000\000\000\000\000\000\000\000\000\000\000\000\000\000\000\000\000\000\000\000\000\001""; queryType: qtINDIRECT; queryDepth: 1; "
1750587292248,1750587292248,3546,1,2,0,TMProposeSet,"proposeSeq: 0; currentTxHash: ""\000\000\000\000\000\000\000\000\000\000\000\000\000\000\000\000\000\000\000\000\000\000\000\000\000\000\000\000\000\000\000\000""; nodePubKey: ""\003\343\005\311u\203\370\0338\3174\324\010\006\301\251\177\261\304eOX\262)FA-\022r\263wm\024""; closeTime: 803902490; signature: ""0D\002 i\374\264Z`+\272p\365Q\246F\302\275O\017\260#/-m\030\3358U\2706\016j\231\254\351\002 *\250\205:H\000\001\230\330\207\314&\023P\000Oa\3144\335\3665\007\000\263J\200\276\331\tL(""; previousledger: ""\317\351\2337\023\262\336W\254\222\315\335\317oP\221\031g\037\220\357Ft\030n\306\370\n\354\226\365\346""; ","proposeSeq: 0; currentTxHash: ""\000\000\000\000\000\000\000\000\000\000\000\000\000\000\000\000\000\000\000\000\000\000\000\000\000\000\000\000\000\000\000\000""; nodePubKey: ""\003\343\005\311u\203\370\0338\3174\324\010\006\301\251\177\261\304eOX\262)FA-\022r\263wm\024""; closeTime: 803902490; signature: ""0D\002 i\374\264Z`+\272p\365Q\246F\302\275O\017\260#/-m\030\3358U\2706\016j\231\254\351\002 *\250\205:H\000\001\230\330\207\314&\023P\000Oa\3144\335\3665\007\000\263J\200\276\331\tL(""; previousledger: ""\317\351\2337\023\262\336W\254\222\315\335\317oP\221\031g\037\220\357Ft\030n\306\370\n\354\226\365\346""; "
1750587292248,1750587292248,3082,1,2,4,TMProposeSet,"proposeSeq: 0; currentTxHash: ""\000\000\000\000\000\000\000\000\000\000\000\000\000\000\000\000\000\000\000\000\000\000\000\000\000\000\000\000\000\000\000\000""; nodePubKey: ""\003\343\005\311u\203\370\0338\3174\324\010\006\301\251\177\261\304eOX\262)FA-\022r\263wm\024""; closeTime: 803902490; signature: ""0D\002 i\374\264Z`+\272p\365Q\246F\302\275O\017\260#/-m\030\3358U\2706\016j\231\254\351\002 *\250\205:H\000\001\230\330\207\314&\023P\000Oa\3144\335\3665\007\000\263J\200\276\331\tL(""; previousledger: ""\317\351\2337\023\262\336W\254\222\315\335\317oP\221\031g\037\220\357Ft\030n\306\370\n\354\226\365\346""; ","proposeSeq: 0; currentTxHash: ""\000\000\000\000\000\000\000\000\000\000\000\000\000\000\000\000\000\000\000\000\000\000\000\000\000\000\000\000\000\000\000\000""; nodePubKey: ""\003\343\005\311u\203\370\0338\3174\324\010\006\301\251\177\261\304eOX\262)FA-\022r\263wm\024""; closeTime: 803902490; signature: ""0D\002 i\374\264Z`+\272p\365Q\246F\302\275O\017\260#/-m\030\3358U\2706\016j\231\254\351\002 *\250\205:H\000\001\230\330\207\314&\023P\000Oa\3144\335\3665\007\000\263J\200\276\331\tL(""; previousledger: ""\317\351\2337\023\262\336W\254\222\315\335\317oP\221\031g\037\220\357Ft\030n\306\370\n\354\226\365\346""; "
1750587292248,1750587292248,3725,1,2,3,TMProposeSet,"proposeSeq: 0; currentTxHash: ""\000\000\000\000\000\000\000\000\000\000\000\000\000\000\000\000\000\000\000\000\000\000\000\000\000\000\000\000\000\000\000\000""; nodePubKey: ""\003\343\005\311u\203\370\0338\3174\324\010\006\301\251\177\261\304eOX\262)FA-\022r\263wm\024""; closeTime: 803902490; signature: ""0D\002 i\374\264Z`+\272p\365Q\246F\302\275O\017\260#/-m\030\3358U\2706\016j\231\254\351\002 *\250\205:H\000\001\230\330\207\314&\023P\000Oa\3144\335\3665\007\000\263J\200\276\331\tL(""; previousledger: ""\317\351\2337\023\262\336W\254\222\315\335\317oP\221\031g\037\220\357Ft\030n\306\370\n\354\226\365\346""; ","proposeSeq: 0; currentTxHash: ""\000\000\000\000\000\000\000\000\000\000\000\000\000\000\000\000\000\000\000\000\000\000\000\000\000\000\000\000\000\000\000\000""; nodePubKey: ""\003\343\005\311u\203\370\0338\3174\324\010\006\301\251\177\261\304eOX\262)FA-\022r\263wm\024""; closeTime: 803902490; signature: ""0D\002 i\374\264Z`+\272p\365Q\246F\302\275O\017\260#/-m\030\3358U\2706\016j\231\254\351\002 *\250\205:H\000\001\230\330\207\314&\023P\000Oa\3144\335\3665\007\000\263J\200\276\331\tL(""; previousledger: ""\317\351\2337\023\262\336W\254\222\315\335\317oP\221\031g\037\220\357Ft\030n\306\370\n\354\226\365\346""; "
1750587292321,1750587292321,2970,1,0,4,TMProposeSet,"proposeSeq: 0; currentTxHash: ""\000\000\000\000\000\000\000\000\000\000\000\000\000\000\000\000\000\000\000\000\000\000\000\000\000\000\000\000\000\000\000\000""; nodePubKey: ""\003\325Q\255\224\274R@\312\253\262\347\352\034\346\347\242\215,\312\376=\277\353{\350\225\301\305`^, ""; closeTime: 803902491; signature: ""0E\002!\000\205\367\366\331\277)\373\217$c\223\354T\000\360frW/""""\032\303c\026*K\234\207\357\324\260\002 Q>\022\214\361\006\374V\265}\326\324\245\255:\202\210\016>\303\223N\236\016\231M\255'o\235A\300""; previousledger: ""\317\351\2337\023\262\336W\254\222\315\335\317oP\221\031g\037\220\357Ft\030n\306\370\n\354\226\365\346""; ","proposeSeq: 0; currentTxHash: ""\000\000\000\000\000\000\000\000\000\000\000\000\000\000\000\000\000\000\000\000\000\000\000\000\000\000\000\000\000\000\000\000""; nodePubKey: ""\003\325Q\255\224\274R@\312\253\262\347\352\034\346\347\242\215,\312\376=\277\353{\350\225\301\305`^, ""; closeTime: 803902491; signature: ""0E\002!\000\205\367\366\331\277)\373\217$c\223\354T\000\360frW/""""\032\303c\026*K\234\207\357\324\260\002 Q>\022\214\361\006\374V\265}\326\324\245\255:\202\210\016>\303\223N\236\016\231M\255'o\235A\300""; previousledger: ""\317\351\2337\023\262\336W\254\222\315\335\317oP\221\031g\037\220\357Ft\030n\306\370\n\354\226\365\346""; "
1750587292321,1750587292321,190,1,0,1,TMProposeSet,"proposeSeq: 0; currentTxHash: ""\000\000\000\000\000\000\000\000\000\000\000\000\000\000\000\000\000\000\000\000\000\000\000\000\000\000\000\000\000\000\000\000""; nodePubKey: ""\003\325Q\255\224\274R@\312\253\262\347\352\034\346\347\242\215,\312\376=\277\353{\350\225\301\305`^, ""; closeTime: 803902491; signature: ""0E\002!\000\205\367\366\331\277)\373\217$c\223\354T\000\360frW/""""\032\303c\026*K\234\207\357\324\260\002 Q>\022\214\361\006\374V\265}\326\324\245\255:\202\210\016>\303\223N\236\016\231M\255'o\235A\300""; previousledger: ""\317\351\2337\023\262\336W\254\222\315\335\317oP\221\031g\037\220\357Ft\030n\306\370\n\354\226\365\346""; ","proposeSeq: 0; currentTxHash: ""\000\000\000\000\000\000\000\000\000\000\000\000\000\000\000\000\000\000\000\000\000\000\000\000\000\000\000\000\000\000\000\000""; nodePubKey: ""\003\325Q\255\224\274R@\312\253\262\347\352\034\346\347\242\215,\312\376=\277\353{\350\225\301\305`^, ""; closeTime: 803902491; signature: ""0E\002!\000\205\367\366\331\277)\373\217$c\223\354T\000\360frW/""""\032\303c\026*K\234\207\357\324\260\002 Q>\022\214\361\006\374V\265}\326\324\245\255:\202\210\016>\303\223N\236\016\231M\255'o\235A\300""; previousledger: ""\317\351\2337\023\262\336W\254\222\315\335\317oP\221\031g\037\220\357Ft\030n\306\370\n\354\226\365\346""; "
1750587292321,1750587292321,1290,1,0,2,TMProposeSet,"proposeSeq: 0; currentTxHash: ""\000\000\000\000\000\000\000\000\000\000\000\000\000\000\000\000\000\000\000\000\000\000\000\000\000\000\000\000\000\000\000\000""; nodePubKey: ""\003\325Q\255\224\274R@\312\253\262\347\352\034\346\347\242\215,\312\376=\277\353{\350\225\301\305`^, ""; closeTime: 803902491; signature: ""0E\002!\000\205\367\366\331\277)\373\217$c\223\354T\000\360frW/""""\032\303c\026*K\234\207\357\324\260\002 Q>\022\214\361\006\374V\265}\326\324\245\255:\202\210\016>\303\223N\236\016\231M\255'o\235A\300""; previousledger: ""\317\351\2337\023\262\336W\254\222\315\335\317oP\221\031g\037\220\357Ft\030n\306\370\n\354\226\365\346""; ","proposeSeq: 0; currentTxHash: ""\000\000\000\000\000\000\000\000\000\000\000\000\000\000\000\000\000\000\000\000\000\000\000\000\000\000\000\000\000\000\000\000""; nodePubKey: ""\003\325Q\255\224\274R@\312\253\262\347\352\034\346\347\242\215,\312\376=\277\353{\350\225\301\305`^, ""; closeTime: 803902491; signature: ""0E\002!\000\205\367\366\331\277)\373\217$c\223\354T\000\360frW/""""\032\303c\026*K\234\207\357\324\260\002 Q>\022\214\361\006\374V\265}\326\324\245\255:\202\210\016>\303\223N\236\016\231M\255'o\235A\300""; previousledger: ""\317\351\2337\023\262\336W\254\222\315\335\317oP\221\031g\037\220\357Ft\030n\306\370\n\354\226\365\346""; "
1750587292329,1750587292329,1102,1,2,3,TMLedgerData,"ledgerHash: ""\317\351\2337\023\262\336W\254\222\315\335\317oP\221\031g\037\220\357Ft\030n\306\370\n\354\226\365\346""; ledgerSeq: 9; type: liBASE; nodes {;   nodedata: ""\000\000\000\t\001cEx]\211\377\330\354@[\274\202\021\202\373Vi\243\n\325\250\005e\360""m\346'\311@\343\016$L\346\334\360<w\342\231\026\240\014\324\271\220rC\024\362\265\336\002\002\360\266o!'\361\275\341\216\372S\213k\022\315#\326\366m9\177\342L\022\227\3375l\022\347\266\203]ct\263p\226$F\nq!H%\277c\276/\352\224\020/\352\224\021\n\000""; }; nodes {;   nodedata: ""h\315\350\215y\203\242]\371\235\232Pt&\325\210eZ\346\237XZ \277\2457n\221\336\253\245\317\002\304\206+8\t]\351\316\373|\311\263V\300\023\035\211\237\260\300\r\033u3a1\203\303\365\307k\347\006E\344\037@\210\363\010\336T\226\247'\204_{\261\370""1\235\2445\343\033Y!\212\201\341\272\225'\007*$\244&\336\343'\233i\332\374\245 {^\306-N\333\gE\006\347\212\331C\211Z\177\247\031\n(B\t\273\260\334\t_E\266#\243\240\230\251@\241\315\244\373\216 \t\3074I8[\215\005%\215\013\202_n)6q\357\2538_-\302\252B\204v\277\254\373\3322Ca\020\243\0105\263\257\367\032\254\016\003""; }; nodes {;   nodedata: ""\221hvL@\313IuYZ\030O\247\200\005\367\245\307u\202\277\rN\200Xk*\301o{""G\000\003""; }; ","ledgerHash: ""\317\351\2337\023\262\336W\254\222\315\335\317oP\221\031g\037\220\357Ft\030n\306\370\n\354\226\365\346""; ledgerSeq: 9; type: liBASE; nodes {;   nodedata: ""\000\000\000\t\001cEx]\211\377\330\354@[\274\202\021\202\373Vi\243\n\325\250\005e\360""m\346'\311@\343\016$L\346\334\360<w\342\231\026\240\014\324\271\220rC\024\362\265\336\002\002\360\266o!'\361\275\341\216\372S\213k\022\315#\326\366m9\177\342L\022\227\3375l\022\347\266\203]ct\263p\226$F\nq!H%\277c\276/\352\224\020/\352\224\021\n\000""; }; nodes {;   nodedata: ""h\315\350\215y\203\242]\371\235\232Pt&\325\210eZ\346\237XZ \277\2457n\221\336\253\245\317\002\304\206+8\t]\351\316\373|\311\263V\300\023\035\211\237\260\300\r\033u3a1\203\303\365\307k\347\006E\344\037@\210\363\010\336T\226\247'\204_{\261\370""1\235\2445\343\033Y!\212\201\341\272\225'\007*$\244&\336\343'\233i\332\374\245 {^\306-N\333\gE\006\347\212\331C\211Z\177\247\031\n(B\t\273\260\334\t_E\266#\243\240\230\251@\241\315\244\373\216 \t\3074I8[\215\005%\215\013\202_n)6q\357\2538_-\302\252B\204v\277\254\373\3322Ca\020\243\0105\263\257\367\032\254\016\003""; }; nodes {;   nodedata: ""\221hvL@\313IuYZ\030O\247\200\005\367\245\307u\202\277\rN\200Xk*\301o{""G\000\003""; }; "
1750587292330,1750587292330,1102,1,2,3,TMLedgerData,"ledgerHash: ""\317\351\2337\023\262\336W\254\222\315\335\317oP\221\031g\037\220\357Ft\030n\306\370\n\354\226\365\346""; ledgerSeq: 9; type: liBASE; nodes {;   nodedata: ""\000\000\000\t\001cEx]\211\377\330\354@[\274\202\021\202\373Vi\243\n\325\250\005e\360""m\346'\311@\343\016$L\346\334\360<w\342\231\026\240\014\324\271\220rC\024\362\265\336\002\002\360\266o!'\361\275\341\216\372S\213k\022\315#\326\366m9\177\342L\022\227\3375l\022\347\266\203]ct\263p\226$F\nq!H%\277c\276/\352\224\020/\352\224\021\n\000""; }; nodes {;   nodedata: ""h\315\350\215y\203\242]\371\235\232Pt&\325\210eZ\346\237XZ \277\2457n\221\336\253\245\317\002\304\206+8\t]\351\316\373|\311\263V\300\023\035\211\237\260\300\r\033u3a1\203\303\365\307k\347\006E\344\037@\210\363\010\336T\226\247'\204_{\261\370""1\235\2445\343\033Y!\212\201\341\272\225'\007*$\244&\336\343'\233i\332\374\245 {^\306-N\333\gE\006\347\212\331C\211Z\177\247\031\n(B\t\273\260\334\t_E\266#\243\240\230\251@\241\315\244\373\216 \t\3074I8[\215\005%\215\013\202_n)6q\357\2538_-\302\252B\204v\277\254\373\3322Ca\020\243\0105\263\257\367\032\254\016\003""; }; nodes {;   nodedata: ""\221hvL@\313IuYZ\030O\247\200\005\367\245\307u\202\277\rN\200Xk*\301o{""G\000\003""; }; ","ledgerHash: ""\317\351\2337\023\262\336W\254\222\315\335\317oP\221\031g\037\220\357Ft\030n\306\370\n\354\226\365\346""; ledgerSeq: 9; type: liBASE; nodes {;   nodedata: ""\000\000\000\t\001cEx]\211\377\330\354@[\274\202\021\202\373Vi\243\n\325\250\005e\360""m\346'\311@\343\016$L\346\334\360<w\342\231\026\240\014\324\271\220rC\024\362\265\336\002\002\360\266o!'\361\275\341\216\372S\213k\022\315#\326\366m9\177\342L\022\227\3375l\022\347\266\203]ct\263p\226$F\nq!H%\277c\276/\352\224\020/\352\224\021\n\000""; }; nodes {;   nodedata: ""h\315\350\215y\203\242]\371\235\232Pt&\325\210eZ\346\237XZ \277\2457n\221\336\253\245\317\002\304\206+8\t]\351\316\373|\311\263V\300\023\035\211\237\260\300\r\033u3a1\203\303\365\307k\347\006E\344\037@\210\363\010\336T\226\247'\204_{\261\370""1\235\2445\343\033Y!\212\201\341\272\225'\007*$\244&\336\343'\233i\332\374\245 {^\306-N\333\gE\006\347\212\331C\211Z\177\247\031\n(B\t\273\260\334\t_E\266#\243\240\230\251@\241\315\244\373\216 \t\3074I8[\215\005%\215\013\202_n)6q\357\2538_-\302\252B\204v\277\254\373\3322Ca\020\243\0105\263\257\367\032\254\016\003""; }; nodes {;   nodedata: ""\221hvL@\313IuYZ\030O\247\200\005\367\245\307u\202\277\rN\200Xk*\301o{""G\000\003""; }; "
1750587292440,1750587292440,486,1,4,0,TMLedgerData,"ledgerHash: ""q|\216``\027\240\206w\312\263+\241\310\271\371\2034\351_\3373\tL\007q_p\342\264_z""; ledgerSeq: 0; type: liTS_CANDIDATE; nodes {;   nodedata: ""\003S\n\235\2624\346\340\377asq\337\223T\316nL\232)C!\360\245\205[L\224\\351\351\000\247\272\246\2214\014W1\360z\262\252=\343\207'\275\266;\016\021\306\330\030\225\023\357\272\353\200x\221\n\003"";   nodeid: ""\000\000\000\000\000\000\000\000\000\000\000\000\000\000\000\000\000\000\000\000\000\000\000\000\000\000\000\000\000\000\000\000\000""; }; ","ledgerHash: ""q|\216``\027\240\206w\312\263+\241\310\271\371\2034\351_\3373\tL\007q_p\342\264_z""; ledgerSeq: 0; type: liTS_CANDIDATE; nodes {;   nodedata: ""\003S\n\235\2624\346\340\377asq\337\223T\316nL\232)C!\360\245\205[L\224\\351\351\000\247\272\246\2214\014W1\360z\262\252=\343\207'\275\266;\016\021\306\330\030\225\023\357\272\353\200x\221\n\003"";   nodeid: ""\000\000\000\000\000\000\000\000\000\000\000\000\000\000\000\000\000\000\000\000\000\000\000\000\000\000\000\000\000\000\000\000\000""; }; "
1750587292513,1750587292513,3375,1,1,4,TMProposeSet,"proposeSeq: 0; currentTxHash: ""\000\000\000\000\000\000\000\000\000\000\000\000\000\000\000\000\000\000\000\000\000\000\000\000\000\000\000\000\000\000\000\000""; nodePubKey: ""\003\325Q\255\224\274R@\312\253\262\347\352\034\346\347\242\215,\312\376=\277\353{\350\225\301\305`^, ""; closeTime: 803902491; signature: ""0E\002!\000\205\367\366\331\277)\373\217$c\223\354T\000\360frW/""""\032\303c\026*K\234\207\357\324\260\002 Q>\022\214\361\006\374V\265}\326\324\245\255:\202\210\016>\303\223N\236\016\231M\255'o\235A\300""; previousledger: ""\317\351\2337\023\262\336W\254\222\315\335\317oP\221\031g\037\220\357Ft\030n\306\370\n\354\226\365\346""; ","proposeSeq: 0; currentTxHash: ""\000\000\000\000\000\000\000\000\000\000\000\000\000\000\000\000\000\000\000\000\000\000\000\000\000\000\000\000\000\000\000\000""; nodePubKey: ""\003\325Q\255\224\274R@\312\253\262\347\352\034\346\347\242\215,\312\376=\277\353{\350\225\301\305`^, ""; closeTime: 803902491; signature: ""0E\002!\000\205\367\366\331\277)\373\217$c\223\354T\000\360frW/""""\032\303c\026*K\234\207\357\324\260\002 Q>\022\214\361\006\374V\265}\326\324\245\255:\202\210\016>\303\223N\236\016\231M\255'o\235A\300""; previousledger: ""\317\351\2337\023\262\336W\254\222\315\335\317oP\221\031g\037\220\357Ft\030n\306\370\n\354\226\365\346""; "
1750587292513,1750587292514,3538,1,1,3,TMProposeSet,"proposeSeq: 0; currentTxHash: ""\000\000\000\000\000\000\000\000\000\000\000\000\000\000\000\000\000\000\000\000\000\000\000\000\000\000\000\000\000\000\000\000""; nodePubKey: ""\003\325Q\255\224\274R@\312\253\262\347\352\034\346\347\242\215,\312\376=\277\353{\350\225\301\305`^, ""; closeTime: 803902491; signature: ""0E\002!\000\205\367\366\331\277)\373\217$c\223\354T\000\360frW/""""\032\303c\026*K\234\207\357\324\260\002 Q>\022\214\361\006\374V\265}\326\324\245\255:\202\210\016>\303\223N\236\016\231M\255'o\235A\300""; previousledger: ""\317\351\2337\023\262\336W\254\222\315\335\317oP\221\031g\037\220\357Ft\030n\306\370\n\354\226\365\346""; ","proposeSeq: 0; currentTxHash: ""\000\000\000\000\000\000\000\000\000\000\000\000\000\000\000\000\000\000\000\000\000\000\000\000\000\000\000\000\000\000\000\000""; nodePubKey: ""\003\325Q\255\224\274R@\312\253\262\347\352\034\346\347\242\215,\312\376=\277\353{\350\225\301\305`^, ""; closeTime: 803902491; signature: ""0E\002!\000\205\367\366\331\277)\373\217$c\223\354T\000\360frW/""""\032\303c\026*K\234\207\357\324\260\002 Q>\022\214\361\006\374V\265}\326\324\245\255:\202\210\016>\303\223N\236\016\231M\255'o\235A\300""; previousledger: ""\317\351\2337\023\262\336W\254\222\315\335\317oP\221\031g\037\220\357Ft\030n\306\370\n\354\226\365\346""; "
1750587292514,1750587292514,1799,1,1,2,TMProposeSet,"proposeSeq: 0; currentTxHash: ""\000\000\000\000\000\000\000\000\000\000\000\000\000\000\000\000\000\000\000\000\000\000\000\000\000\000\000\000\000\000\000\000""; nodePubKey: ""\003\325Q\255\224\274R@\312\253\262\347\352\034\346\347\242\215,\312\376=\277\353{\350\225\301\305`^, ""; closeTime: 803902491; signature: ""0E\002!\000\205\367\366\331\277)\373\217$c\223\354T\000\360frW/""""\032\303c\026*K\234\207\357\324\260\002 Q>\022\214\361\006\374V\265}\326\324\245\255:\202\210\016>\303\223N\236\016\231M\255'o\235A\300""; previousledger: ""\317\351\2337\023\262\336W\254\222\315\335\317oP\221\031g\037\220\357Ft\030n\306\370\n\354\226\365\346""; ","proposeSeq: 0; currentTxHash: ""\000\000\000\000\000\000\000\000\000\000\000\000\000\000\000\000\000\000\000\000\000\000\000\000\000\000\000\000\000\000\000\000""; nodePubKey: ""\003\325Q\255\224\274R@\312\253\262\347\352\034\346\347\242\215,\312\376=\277\353{\350\225\301\305`^, ""; closeTime: 803902491; signature: ""0E\002!\000\205\367\366\331\277)\373\217$c\223\354T\000\360frW/""""\032\303c\026*K\234\207\357\324\260\002 Q>\022\214\361\006\374V\265}\326\324\245\255:\202\210\016>\303\223N\236\016\231M\255'o\235A\300""; previousledger: ""\317\351\2337\023\262\336W\254\222\315\335\317oP\221\031g\037\220\357Ft\030n\306\370\n\354\226\365\346""; "
1750587292539,1750587292539,779,1,0,3,TMValidation,"validation: """"\200\000\000\001&\000\000\000\t)/\352\224\031:?HT\314/\177\320^Q\317\351\2337\023\262\336W\254\222\315\335\317oP\221\031g\037\220\357Ft\030n\306\370\n\354\226\365\346P\027q|\216``\027\240\206w\312\263+\241\310\271\371\2034\351_\3373\tL\007q_p\342\264_zP\031\354@[\274\202\021\202\373Vi\243\n\325\250\005e\360""m\346'\311@\343\016$L\346\334\360<ws!\003\343\005\311u\203\370\0338\3174\324\010\006\301\251\177\261\304eOX\262)FA-\022r\263wm\024vF0D\002 \014\366\304\243\267\374g\3669j_\030\273/!\037\2105\212\035*G\3770\221\375M\363\342O.\236\002 K\233\377w[\370f&\307.\004\001\002s\311\246\2037\031\274\222r\216\267\210~1ro\321\231o""; ","validation: """"\200\000\000\001&\000\000\000\t)/\352\224\031:?HT\314/\177\320^Q\317\351\2337\023\262\336W\254\222\315\335\317oP\221\031g\037\220\357Ft\030n\306\370\n\354\226\365\346P\027q|\216``\027\240\206w\312\263+\241\310\271\371\2034\351_\3373\tL\007q_p\342\264_zP\031\354@[\274\202\021\202\373Vi\243\n\325\250\005e\360""m\346'\311@\343\016$L\346\334\360<ws!\003\343\005\311u\203\370\0338\3174\324\010\006\301\251\177\261\304eOX\262)FA-\022r\263wm\024vF0D\002 \014\366\304\243\267\374g\3669j_\030\273/!\037\2105\212\035*G\3770\221\375M\363\342O.\236\002 K\233\377w[\370f&\307.\004\001\002s\311\246\2037\031\274\222r\216\267\210~1ro\321\231o""; "
1750587292539,1750587292539,792,1,0,4,TMValidation,"validation: """"\200\000\000\001&\000\000\000\t)/\352\224\031:?HT\314/\177\320^Q\317\351\2337\023\262\336W\254\222\315\335\317oP\221\031g\037\220\357Ft\030n\306\370\n\354\226\365\346P\027q|\216``\027\240\206w\312\263+\241\310\271\371\2034\351_\3373\tL\007q_p\342\264_zP\031\354@[\274\202\021\202\373Vi\243\n\325\250\005e\360""m\346'\311@\343\016$L\346\334\360<ws!\003\343\005\311u\203\370\0338\3174\324\010\006\301\251\177\261\304eOX\262)FA-\022r\263wm\024vF0D\002 \014\366\304\243\267\374g\3669j_\030\273/!\037\2105\212\035*G\3770\221\375M\363\342O.\236\002 K\233\377w[\370f&\307.\004\001\002s\311\246\2037\031\274\222r\216\267\210~1ro\321\231o""; ","validation: """"\200\000\000\001&\000\000\000\t)/\352\224\031:?HT\314/\177\320^Q\317\351\2337\023\262\336W\254\222\315\335\317oP\221\031g\037\220\357Ft\030n\306\370\n\354\226\365\346P\027q|\216``\027\240\206w\312\263+\241\310\271\371\2034\351_\3373\tL\007q_p\342\264_zP\031\354@[\274\202\021\202\373Vi\243\n\325\250\005e\360""m\346'\311@\343\016$L\346\334\360<ws!\003\343\005\311u\203\370\0338\3174\324\010\006\301\251\177\261\304eOX\262)FA-\022r\263wm\024vF0D\002 \014\366\304\243\267\374g\3669j_\030\273/!\037\2105\212\035*G\3770\221\375M\363\342O.\236\002 K\233\377w[\370f&\307.\004\001\002s\311\246\2037\031\274\222r\216\267\210~1ro\321\231o""; "
1750587292540,1750587292540,3563,1,0,2,TMValidation,"validation: """"\200\000\000\001&\000\000\000\t)/\352\224\031:?HT\314/\177\320^Q\317\351\2337\023\262\336W\254\222\315\335\317oP\221\031g\037\220\357Ft\030n\306\370\n\354\226\365\346P\027q|\216``\027\240\206w\312\263+\241\310\271\371\2034\351_\3373\tL\007q_p\342\264_zP\031\354@[\274\202\021\202\373Vi\243\n\325\250\005e\360""m\346'\311@\343\016$L\346\334\360<ws!\003\343\005\311u\203\370\0338\3174\324\010\006\301\251\177\261\304eOX\262)FA-\022r\263wm\024vF0D\002 \014\366\304\243\267\374g\3669j_\030\273/!\037\2105\212\035*G\3770\221\375M\363\342O.\236\002 K\233\377w[\370f&\307.\004\001\002s\311\246\2037\031\274\222r\216\267\210~1ro\321\231o""; ","validation: """"\200\000\000\001&\000\000\000\t)/\352\224\031:?HT\314/\177\320^Q\317\351\2337\023\262\336W\254\222\315\335\317oP\221\031g\037\220\357Ft\030n\306\370\n\354\226\365\346P\027q|\216``\027\240\206w\312\263+\241\310\271\371\2034\351_\3373\tL\007q_p\342\264_zP\031\354@[\274\202\021\202\373Vi\243\n\325\250\005e\360""m\346'\311@\343\016$L\346\334\360<ws!\003\343\005\311u\203\370\0338\3174\324\010\006\301\251\177\261\304eOX\262)FA-\022r\263wm\024vF0D\002 \014\366\304\243\267\374g\3669j_\030\273/!\037\2105\212\035*G\3770\221\375M\363\342O.\236\002 K\233\377w[\370f&\307.\004\001\002s\311\246\2037\031\274\222r\216\267\210~1ro\321\231o""; "
1750587292549,1750587292549,1772,1,4,3,TMLedgerData,"ledgerHash: ""q|\216``\027\240\206w\312\263+\241\310\271\371\2034\351_\3373\tL\007q_p\342\264_z""; ledgerSeq: 0; type: liTS_CANDIDATE; nodes {;   nodedata: ""\003S\n\235\2624\346\340\377asq\337\223T\316nL\232)C!\360\245\205[L\224\\351\351\000\247\272\246\2214\014W1\360z\262\252=\343\207'\275\266;\016\021\306\330\030\225\023\357\272\353\200x\221\n\003"";   nodeid: ""\000\000\000\000\000\000\000\000\000\000\000\000\000\000\000\000\000\000\000\000\000\000\000\000\000\000\000\000\000\000\000\000\000""; }; ","ledgerHash: ""q|\216``\027\240\206w\312\263+\241\310\271\371\2034\351_\3373\tL\007q_p\342\264_z""; ledgerSeq: 0; type: liTS_CANDIDATE; nodes {;   nodedata: ""\003S\n\235\2624\346\340\377asq\337\223T\316nL\232)C!\360\245\205[L\224\\351\351\000\247\272\246\2214\014W1\360z\262\252=\343\207'\275\266;\016\021\306\330\030\225\023\357\272\353\200x\221\n\003"";   nodeid: ""\000\000\000\000\000\000\000\000\000\000\000\000\000\000\000\000\000\000\000\000\000\000\000\000\000\000\000\000\000\000\000\000\000""; }; "
1750587292706,1750587292707,674,1,1,2,TMGetLedger,"itype: liTX_NODE; ledgerHash: ""\237\231\311\371Y@""\177>\241""\310\233r\315\210Z\003g\334\034\021\305\3353Q\035\224\200\224\347\257""; ledgerSeq: 8; nodeIDs: ""\240\000\000\000\000\000\000\000\000\000\000\000\000\000\000\000\000\000\000\000\000\000\000\000\000\000\000\000\000\000\000\000\001""; queryType: qtINDIRECT; queryDepth: 0; ","itype: liTX_NODE; ledgerHash: ""\237\231\311\371Y@""\177>\241""\310\233r\315\210Z\003g\334\034\021\305\3353Q\035\224\200\224\347\257""; ledgerSeq: 8; nodeIDs: ""\240\000\000\000\000\000\000\000\000\000\000\000\000\000\000\000\000\000\000\000\000\000\000\000\000\000\000\000\000\000\000\000\001""; queryType: qtINDIRECT; queryDepth: 0; "
1750587292707,1750587292707,3553,1,1,3,TMGetLedger,"itype: liTX_NODE; ledgerHash: ""\237\231\311\371Y@""\177>\241""\310\233r\315\210Z\003g\334\034\021\305\3353Q\035\224\200\224\347\257""; ledgerSeq: 8; nodeIDs: ""\240\000\000\000\000\000\000\000\000\000\000\000\000\000\000\000\000\000\000\000\000\000\000\000\000\000\000\000\000\000\000\000\001""; queryType: qtINDIRECT; queryDepth: 0; ","itype: liTX_NODE; ledgerHash: ""\237\231\311\371Y@""\177>\241""\310\233r\315\210Z\003g\334\034\021\305\3353Q\035\224\200\224\347\257""; ledgerSeq: 8; nodeIDs: ""\240\000\000\000\000\000\000\000\000\000\000\000\000\000\000\000\000\000\000\000\000\000\000\000\000\000\000\000\000\000\000\000\001""; queryType: qtINDIRECT; queryDepth: 0; "
1750587292708,1750587292708,2860,1,1,4,TMGetLedger,"itype: liTX_NODE; ledgerHash: ""\237\231\311\371Y@""\177>\241""\310\233r\315\210Z\003g\334\034\021\305\3353Q\035\224\200\224\347\257""; ledgerSeq: 8; nodeIDs: ""\240\000\000\000\000\000\000\000\000\000\000\000\000\000\000\000\000\000\000\000\000\000\000\000\000\000\000\000\000\000\000\000\001""; queryType: qtINDIRECT; queryDepth: 0; ","itype: liTX_NODE; ledgerHash: ""\237\231\311\371Y@""\177>\241""\310\233r\315\210Z\003g\334\034\021\305\3353Q\035\224\200\224\347\257""; ledgerSeq: 8; nodeIDs: ""\240\000\000\000\000\000\000\000\000\000\000\000\000\000\000\000\000\000\000\000\000\000\000\000\000\000\000\000\000\000\000\000\001""; queryType: qtINDIRECT; queryDepth: 0; "
1750587292708,1750587292708,572,1,1,0,TMGetLedger,"itype: liTX_NODE; ledgerHash: ""\237\231\311\371Y@""\177>\241""\310\233r\315\210Z\003g\334\034\021\305\3353Q\035\224\200\224\347\257""; ledgerSeq: 8; nodeIDs: ""\240\000\000\000\000\000\000\000\000\000\000\000\000\000\000\000\000\000\000\000\000\000\000\000\000\000\000\000\000\000\000\000\001""; queryType: qtINDIRECT; queryDepth: 0; ","itype: liTX_NODE; ledgerHash: ""\237\231\311\371Y@""\177>\241""\310\233r\315\210Z\003g\334\034\021\305\3353Q\035\224\200\224\347\257""; ledgerSeq: 8; nodeIDs: ""\240\000\000\000\000\000\000\000\000\000\000\000\000\000\000\000\000\000\000\000\000\000\000\000\000\000\000\000\000\000\000\000\001""; queryType: qtINDIRECT; queryDepth: 0; "
1750587292738,1750587292738,1772,1,4,3,TMLedgerData,"ledgerHash: ""q|\216``\027\240\206w\312\263+\241\310\271\371\2034\351_\3373\tL\007q_p\342\264_z""; ledgerSeq: 0; type: liTS_CANDIDATE; nodes {;   nodedata: ""\003S\n\235\2624\346\340\377asq\337\223T\316nL\232)C!\360\245\205[L\224\\351\351\000\247\272\246\2214\014W1\360z\262\252=\343\207'\275\266;\016\021\306\330\030\225\023\357\272\353\200x\221\n\003"";   nodeid: ""\000\000\000\000\000\000\000\000\000\000\000\000\000\000\000\000\000\000\000\000\000\000\000\000\000\000\000\000\000\000\000\000\000""; }; ","ledgerHash: ""q|\216``\027\240\206w\312\263+\241\310\271\371\2034\351_\3373\tL\007q_p\342\264_z""; ledgerSeq: 0; type: liTS_CANDIDATE; nodes {;   nodedata: ""\003S\n\235\2624\346\340\377asq\337\223T\316nL\232)C!\360\245\205[L\224\\351\351\000\247\272\246\2214\014W1\360z\262\252=\343\207'\275\266;\016\021\306\330\030\225\023\357\272\353\200x\221\n\003"";   nodeid: ""\000\000\000\000\000\000\000\000\000\000\000\000\000\000\000\000\000\000\000\000\000\000\000\000\000\000\000\000\000\000\000\000\000""; }; "
1750587292754,1750587292754,486,1,4,0,TMLedgerData,"ledgerHash: ""q|\216``\027\240\206w\312\263+\241\310\271\371\2034\351_\3373\tL\007q_p\342\264_z""; ledgerSeq: 0; type: liTS_CANDIDATE; nodes {;   nodedata: ""\003S\n\235\2624\346\340\377asq\337\223T\316nL\232)C!\360\245\205[L\224\\351\351\000\247\272\246\2214\014W1\360z\262\252=\343\207'\275\266;\016\021\306\330\030\225\023\357\272\353\200x\221\n\003"";   nodeid: ""\000\000\000\000\000\000\000\000\000\000\000\000\000\000\000\000\000\000\000\000\000\000\000\000\000\000\000\000\000\000\000\000\000""; }; ","ledgerHash: ""q|\216``\027\240\206w\312\263+\241\310\271\371\2034\351_\3373\tL\007q_p\342\264_z""; ledgerSeq: 0; type: liTS_CANDIDATE; nodes {;   nodedata: ""\003S\n\235\2624\346\340\377asq\337\223T\316nL\232)C!\360\245\205[L\224\\351\351\000\247\272\246\2214\014W1\360z\262\252=\343\207'\275\266;\016\021\306\330\030\225\023\357\272\353\200x\221\n\003"";   nodeid: ""\000\000\000\000\000\000\000\000\000\000\000\000\000\000\000\000\000\000\000\000\000\000\000\000\000\000\000\000\000\000\000\000\000""; }; "
1750587292780,1750587292780,779,1,0,3,TMValidation,"validation: """"\200\000\000\001&\000\000\000\t)/\352\224\031:Q\231\304\227'3\313\030Q\317\351\2337\023\262\336W\254\222\315\335\317oP\221\031g\037\220\357Ft\030n\306\370\n\354\226\365\346P\027q|\216``\027\240\206w\312\263+\241\310\271\371\2034\351_\3373\tL\007q_p\342\264_zP\031\354@[\274\202\021\202\373Vi\243\n\325\250\005e\360""m\346'\311@\343\016$L\346\334\360<ws!\003ql\302)\235\321\t\213\224\356\374%%\311\327\037\374\304\t\335\2359\344\233\035]\347<u\236\364\222vF0D\002 R\257}&\016\007\214k0\363d(Bj\371p\314\327}\262\202\315!\3722\215\303\243\313\375w\206\002 ^\265\377\314\320\026\306F\255+t\347\302\004T\310\222\341\241\274\031\323\337Z\262o\247v1\023?\327""; ","validation: """"\200\000\000\001&\000\000\000\t)/\352\224\031:Q\231\304\227'3\313\030Q\317\351\2337\023\262\336W\254\222\315\335\317oP\221\031g\037\220\357Ft\030n\306\370\n\354\226\365\346P\027q|\216``\027\240\206w\312\263+\241\310\271\371\2034\351_\3373\tL\007q_p\342\264_zP\031\354@[\274\202\021\202\373Vi\243\n\325\250\005e\360""m\346'\311@\343\016$L\346\334\360<ws!\003ql\302)\235\321\t\213\224\356\374%%\311\327\037\374\304\t\335\2359\344\233\035]\347<u\236\364\222vF0D\002 R\257}&\016\007\214k0\363d(Bj\371p\314\327}\262\202\315!\3722\215\303\243\313\375w\206\002 ^\265\377\314\320\026\306F\255+t\347\302\004T\310\222\341\241\274\031\323\337Z\262o\247v1\023?\327""; "
1750587292781,1750587292781,792,1,0,4,TMValidation,"validation: """"\200\000\000\001&\000\000\000\t)/\352\224\031:Q\231\304\227'3\313\030Q\317\351\2337\023\262\336W\254\222\315\335\317oP\221\031g\037\220\357Ft\030n\306\370\n\354\226\365\346P\027q|\216``\027\240\206w\312\263+\241\310\271\371\2034\351_\3373\tL\007q_p\342\264_zP\031\354@[\274\202\021\202\373Vi\243\n\325\250\005e\360""m\346'\311@\343\016$L\346\334\360<ws!\003ql\302)\235\321\t\213\224\356\374%%\311\327\037\374\304\t\335\2359\344\233\035]\347<u\236\364\222vF0D\002 R\257}&\016\007\214k0\363d(Bj\371p\314\327}\262\202\315!\3722\215\303\243\313\375w\206\002 ^\265\377\314\320\026\306F\255+t\347\302\004T\310\222\341\241\274\031\323\337Z\262o\247v1\023?\327""; ","validation: """"\200\000\000\001&\000\000\000\t)/\352\224\031:Q\231\304\227'3\313\030Q\317\351\2337\023\262\336W\254\222\315\335\317oP\221\031g\037\220\357Ft\030n\306\370\n\354\226\365\346P\027q|\216``\027\240\206w\312\263+\241\310\271\371\2034\351_\3373\tL\007q_p\342\264_zP\031\354@[\274\202\021\202\373Vi\243\n\325\250\005e\360""m\346'\311@\343\016$L\346\334\360<ws!\003ql\302)\235\321\t\213\224\356\374%%\311\327\037\374\304\t\335\2359\344\233\035]\347<u\236\364\222vF0D\002 R\257}&\016\007\214k0\363d(Bj\371p\314\327}\262\202\315!\3722\215\303\243\313\375w\206\002 ^\265\377\314\320\026\306F\255+t\347\302\004T\310\222\341\241\274\031\323\337Z\262o\247v1\023?\327""; "
1750587292781,1750587292781,2684,1,0,1,TMValidation,"validation: """"\200\000\000\001&\000\000\000\t)/\352\224\031:Q\231\304\227'3\313\030Q\317\351\2337\023\262\336W\254\222\315\335\317oP\221\031g\037\220\357Ft\030n\306\370\n\354\226\365\346P\027q|\216``\027\240\206w\312\263+\241\310\271\371\2034\351_\3373\tL\007q_p\342\264_zP\031\354@[\274\202\021\202\373Vi\243\n\325\250\005e\360""m\346'\311@\343\016$L\346\334\360<ws!\003ql\302)\235\321\t\213\224\356\374%%\311\327\037\374\304\t\335\2359\344\233\035]\347<u\236\364\222vF0D\002 R\257}&\016\007\214k0\363d(Bj\371p\314\327}\262\202\315!\3722\215\303\243\313\375w\206\002 ^\265\377\314\320\026\306F\255+t\347\302\004T\310\222\341\241\274\031\323\337Z\262o\247v1\023?\327""; ","validation: """"\200\000\000\001&\000\000\000\t)/\352\224\031:Q\231\304\227'3\313\030Q\317\351\2337\023\262\336W\254\222\315\335\317oP\221\031g\037\220\357Ft\030n\306\370\n\354\226\365\346P\027q|\216``\027\240\206w\312\263+\241\310\271\371\2034\351_\3373\tL\007q_p\342\264_zP\031\354@[\274\202\021\202\373Vi\243\n\325\250\005e\360""m\346'\311@\343\016$L\346\334\360<ws!\003ql\302)\235\321\t\213\224\356\374%%\311\327\037\374\304\t\335\2359\344\233\035]\347<u\236\364\222vF0D\002 R\257}&\016\007\214k0\363d(Bj\371p\314\327}\262\202\315!\3722\215\303\243\313\375w\206\002 ^\265\377\314\320\026\306F\255+t\347\302\004T\310\222\341\241\274\031\323\337Z\262o\247v1\023?\327""; "
1750587292882,1750587292882,1399,1,1,3,TMLedgerData,"ledgerHash: ""\317\351\2337\023\262\336W\254\222\315\335\317oP\221\031g\037\220\357Ft\030n\306\370\n\354\226\365\346""; ledgerSeq: 9; type: liBASE; nodes {;   nodedata: ""\000\000\000\t\001cEx]\211\377\330\354@[\274\202\021\202\373Vi\243\n\325\250\005e\360""m\346'\311@\343\016$L\346\334\360<w\342\231\026\240\014\324\271\220rC\024\362\265\336\002\002\360\266o!'\361\275\341\216\372S\213k\022\315#\326\366m9\177\342L\022\227\3375l\022\347\266\203]ct\263p\226$F\nq!H%\277c\276/\352\224\020/\352\224\021\n\000""; }; nodes {;   nodedata: ""h\315\350\215y\203\242]\371\235\232Pt&\325\210eZ\346\237XZ \277\2457n\221\336\253\245\317\002\304\206+8\t]\351\316\373|\311\263V\300\023\035\211\237\260\300\r\033u3a1\203\303\365\307k\347\006E\344\037@\210\363\010\336T\226\247'\204_{\261\370""1\235\2445\343\033Y!\212\201\341\272\225'\007*$\244&\336\343'\233i\332\374\245 {^\306-N\333\gE\006\347\212\331C\211Z\177\247\031\n(B\t\273\260\334\t_E\266#\243\240\230\251@\241\315\244\373\216 \t\3074I8[\215\005%\215\013\202_n)6q\357\2538_-\302\252B\204v\277\254\373\3322Ca\020\243\0105\263\257\367\032\254\016\003""; }; nodes {;   nodedata: ""\221hvL@\313IuYZ\030O\247\200\005\367\245\307u\202\277\rN\200Xk*\301o{""G\000\003""; }; ","ledgerHash: ""\317\351\2337\023\262\336W\254\222\315\335\317oP\221\031g\037\220\357Ft\030n\306\370\n\354\226\365\346""; ledgerSeq: 9; type: liBASE; nodes {;   nodedata: ""\000\000\000\t\001cEx]\211\377\330\354@[\274\202\021\202\373Vi\243\n\325\250\005e\360""m\346'\311@\343\016$L\346\334\360<w\342\231\026\240\014\324\271\220rC\024\362\265\336\002\002\360\266o!'\361\275\341\216\372S\213k\022\315#\326\366m9\177\342L\022\227\3375l\022\347\266\203]ct\263p\226$F\nq!H%\277c\276/\352\224\020/\352\224\021\n\000""; }; nodes {;   nodedata: ""h\315\350\215y\203\242]\371\235\232Pt&\325\210eZ\346\237XZ \277\2457n\221\336\253\245\317\002\304\206+8\t]\351\316\373|\311\263V\300\023\035\211\237\260\300\r\033u3a1\203\303\365\307k\347\006E\344\037@\210\363\010\336T\226\247'\204_{\261\370""1\235\2445\343\033Y!\212\201\341\272\225'\007*$\244&\336\343'\233i\332\374\245 {^\306-N\333\gE\006\347\212\331C\211Z\177\247\031\n(B\t\273\260\334\t_E\266#\243\240\230\251@\241\315\244\373\216 \t\3074I8[\215\005%\215\013\202_n)6q\357\2538_-\302\252B\204v\277\254\373\3322Ca\020\243\0105\263\257\367\032\254\016\003""; }; nodes {;   nodedata: ""\221hvL@\313IuYZ\030O\247\200\005\367\245\307u\202\277\rN\200Xk*\301o{""G\000\003""; }; "
1750587292882,1750587292882,1399,1,1,3,TMLedgerData,"ledgerHash: ""\317\351\2337\023\262\336W\254\222\315\335\317oP\221\031g\037\220\357Ft\030n\306\370\n\354\226\365\346""; ledgerSeq: 9; type: liBASE; nodes {;   nodedata: ""\000\000\000\t\001cEx]\211\377\330\354@[\274\202\021\202\373Vi\243\n\325\250\005e\360""m\346'\311@\343\016$L\346\334\360<w\342\231\026\240\014\324\271\220rC\024\362\265\336\002\002\360\266o!'\361\275\341\216\372S\213k\022\315#\326\366m9\177\342L\022\227\3375l\022\347\266\203]ct\263p\226$F\nq!H%\277c\276/\352\224\020/\352\224\021\n\000""; }; nodes {;   nodedata: ""h\315\350\215y\203\242]\371\235\232Pt&\325\210eZ\346\237XZ \277\2457n\221\336\253\245\317\002\304\206+8\t]\351\316\373|\311\263V\300\023\035\211\237\260\300\r\033u3a1\203\303\365\307k\347\006E\344\037@\210\363\010\336T\226\247'\204_{\261\370""1\235\2445\343\033Y!\212\201\341\272\225'\007*$\244&\336\343'\233i\332\374\245 {^\306-N\333\gE\006\347\212\331C\211Z\177\247\031\n(B\t\273\260\334\t_E\266#\243\240\230\251@\241\315\244\373\216 \t\3074I8[\215\005%\215\013\202_n)6q\357\2538_-\302\252B\204v\277\254\373\3322Ca\020\243\0105\263\257\367\032\254\016\003""; }; nodes {;   nodedata: ""\221hvL@\313IuYZ\030O\247\200\005\367\245\307u\202\277\rN\200Xk*\301o{""G\000\003""; }; ","ledgerHash: ""\317\351\2337\023\262\336W\254\222\315\335\317oP\221\031g\037\220\357Ft\030n\306\370\n\354\226\365\346""; ledgerSeq: 9; type: liBASE; nodes {;   nodedata: ""\000\000\000\t\001cEx]\211\377\330\354@[\274\202\021\202\373Vi\243\n\325\250\005e\360""m\346'\311@\343\016$L\346\334\360<w\342\231\026\240\014\324\271\220rC\024\362\265\336\002\002\360\266o!'\361\275\341\216\372S\213k\022\315#\326\366m9\177\342L\022\227\3375l\022\347\266\203]ct\263p\226$F\nq!H%\277c\276/\352\224\020/\352\224\021\n\000""; }; nodes {;   nodedata: ""h\315\350\215y\203\242]\371\235\232Pt&\325\210eZ\346\237XZ \277\2457n\221\336\253\245\317\002\304\206+8\t]\351\316\373|\311\263V\300\023\035\211\237\260\300\r\033u3a1\203\303\365\307k\347\006E\344\037@\210\363\010\336T\226\247'\204_{\261\370""1\235\2445\343\033Y!\212\201\341\272\225'\007*$\244&\336\343'\233i\332\374\245 {^\306-N\333\gE\006\347\212\331C\211Z\177\247\031\n(B\t\273\260\334\t_E\266#\243\240\230\251@\241\315\244\373\216 \t\3074I8[\215\005%\215\013\202_n)6q\357\2538_-\302\252B\204v\277\254\373\3322Ca\020\243\0105\263\257\367\032\254\016\003""; }; nodes {;   nodedata: ""\221hvL@\313IuYZ\030O\247\200\005\367\245\307u\202\277\rN\200Xk*\301o{""G\000\003""; }; "
1750587292899,1750587292899,1772,1,4,3,TMLedgerData,"ledgerHash: ""q|\216``\027\240\206w\312\263+\241\310\271\371\2034\351_\3373\tL\007q_p\342\264_z""; ledgerSeq: 0; type: liTS_CANDIDATE; nodes {;   nodedata: ""\003S\n\235\2624\346\340\377asq\337\223T\316nL\232)C!\360\245\205[L\224\\351\351\000\247\272\246\2214\014W1\360z\262\252=\343\207'\275\266;\016\021\306\330\030\225\023\357\272\353\200x\221\n\003"";   nodeid: ""\000\000\000\000\000\000\000\000\000\000\000\000\000\000\000\000\000\000\000\000\000\000\000\000\000\000\000\000\000\000\000\000\000""; }; ","ledgerHash: ""q|\216``\027\240\206w\312\263+\241\310\271\371\2034\351_\3373\tL\007q_p\342\264_z""; ledgerSeq: 0; type: liTS_CANDIDATE; nodes {;   nodedata: ""\003S\n\235\2624\346\340\377asq\337\223T\316nL\232)C!\360\245\205[L\224\\351\351\000\247\272\246\2214\014W1\360z\262\252=\343\207'\275\266;\016\021\306\330\030\225\023\357\272\353\200x\221\n\003"";   nodeid: ""\000\000\000\000\000\000\000\000\000\000\000\000\000\000\000\000\000\000\000\000\000\000\000\000\000\000\000\000\000\000\000\000\000""; }; "
1750587292987,1750587292987,1772,1,4,3,TMLedgerData,"ledgerHash: ""q|\216``\027\240\206w\312\263+\241\310\271\371\2034\351_\3373\tL\007q_p\342\264_z""; ledgerSeq: 0; type: liTS_CANDIDATE; nodes {;   nodedata: ""\003S\n\235\2624\346\340\377asq\337\223T\316nL\232)C!\360\245\205[L\224\\351\351\000\247\272\246\2214\014W1\360z\262\252=\343\207'\275\266;\016\021\306\330\030\225\023\357\272\353\200x\221\n\003"";   nodeid: ""\000\000\000\000\000\000\000\000\000\000\000\000\000\000\000\000\000\000\000\000\000\000\000\000\000\000\000\000\000\000\000\000\000""; }; ","ledgerHash: ""q|\216``\027\240\206w\312\263+\241\310\271\371\2034\351_\3373\tL\007q_p\342\264_z""; ledgerSeq: 0; type: liTS_CANDIDATE; nodes {;   nodedata: ""\003S\n\235\2624\346\340\377asq\337\223T\316nL\232)C!\360\245\205[L\224\\351\351\000\247\272\246\2214\014W1\360z\262\252=\343\207'\275\266;\016\021\306\330\030\225\023\357\272\353\200x\221\n\003"";   nodeid: ""\000\000\000\000\000\000\000\000\000\000\000\000\000\000\000\000\000\000\000\000\000\000\000\000\000\000\000\000\000\000\000\000\000""; }; "
1750587293011,1750587293011,141,1,0,3,TMProposeSet,"proposeSeq: 0; currentTxHash: ""\000\000\000\000\000\000\000\000\000\000\000\000\000\000\000\000\000\000\000\000\000\000\000\000\000\000\000\000\000\000\000\000""; nodePubKey: ""\002\347\243J\206W\025ML\260\226\0163\217\250\337\325W\253\356*O\245Z\271\234\207C\274\375`\335\311""; closeTime: 803902493; signature: ""0E\002!\000\363:o\313\000\366\335\027\331T\004\361\035&\226\215\277\335\304\351\236.\327h\312e\206\305T\223\336\271\002 \032\377\243\361\211\206A%Hj\311@\205\335Q\362Z\302\036+f*\264\370y0\023N\th>\302""; previousledger: ""\317\351\2337\023\262\336W\254\222\315\335\317oP\221\031g\037\220\357Ft\030n\306\370\n\354\226\365\346""; ","proposeSeq: 0; currentTxHash: ""\000\000\000\000\000\000\000\000\000\000\000\000\000\000\000\000\000\000\000\000\000\000\000\000\000\000\000\000\000\000\000\000""; nodePubKey: ""\002\347\243J\206W\025ML\260\226\0163\217\250\337\325W\253\356*O\245Z\271\234\207C\274\375`\335\311""; closeTime: 803902493; signature: ""0E\002!\000\363:o\313\000\366\335\027\331T\004\361\035&\226\215\277\335\304\351\236.\327h\312e\206\305T\223\336\271\002 \032\377\243\361\211\206A%Hj\311@\205\335Q\362Z\302\036+f*\264\370y0\023N\th>\302""; previousledger: ""\317\351\2337\023\262\336W\254\222\315\335\317oP\221\031g\037\220\357Ft\030n\306\370\n\354\226\365\346""; "
1750587293013,1750587293013,190,1,0,1,TMProposeSet,"proposeSeq: 0; currentTxHash: ""\000\000\000\000\000\000\000\000\000\000\000\000\000\000\000\000\000\000\000\000\000\000\000\000\000\000\000\000\000\000\000\000""; nodePubKey: ""\002\347\243J\206W\025ML\260\226\0163\217\250\337\325W\253\356*O\245Z\271\234\207C\274\375`\335\311""; closeTime: 803902493; signature: ""0E\002!\000\363:o\313\000\366\335\027\331T\004\361\035&\226\215\277\335\304\351\236.\327h\312e\206\305T\223\336\271\002 \032\377\243\361\211\206A%Hj\311@\205\335Q\362Z\302\036+f*\264\370y0\023N\th>\302""; previousledger: ""\317\351\2337\023\262\336W\254\222\315\335\317oP\221\031g\037\220\357Ft\030n\306\370\n\354\226\365\346""; ","proposeSeq: 0; currentTxHash: ""\000\000\000\000\000\000\000\000\000\000\000\000\000\000\000\000\000\000\000\000\000\000\000\000\000\000\000\000\000\000\000\000""; nodePubKey: ""\002\347\243J\206W\025ML\260\226\0163\217\250\337\325W\253\356*O\245Z\271\234\207C\274\375`\335\311""; closeTime: 803902493; signature: ""0E\002!\000\363:o\313\000\366\335\027\331T\004\361\035&\226\215\277\335\304\351\236.\327h\312e\206\305T\223\336\271\002 \032\377\243\361\211\206A%Hj\311@\205\335Q\362Z\302\036+f*\264\370y0\023N\th>\302""; previousledger: ""\317\351\2337\023\262\336W\254\222\315\335\317oP\221\031g\037\220\357Ft\030n\306\370\n\354\226\365\346""; "
1750587293014,1750587293014,2970,1,0,4,TMProposeSet,"proposeSeq: 0; currentTxHash: ""\000\000\000\000\000\000\000\000\000\000\000\000\000\000\000\000\000\000\000\000\000\000\000\000\000\000\000\000\000\000\000\000""; nodePubKey: ""\002\347\243J\206W\025ML\260\226\0163\217\250\337\325W\253\356*O\245Z\271\234\207C\274\375`\335\311""; closeTime: 803902493; signature: ""0E\002!\000\363:o\313\000\366\335\027\331T\004\361\035&\226\215\277\335\304\351\236.\327h\312e\206\305T\223\336\271\002 \032\377\243\361\211\206A%Hj\311@\205\335Q\362Z\302\036+f*\264\370y0\023N\th>\302""; previousledger: ""\317\351\2337\023\262\336W\254\222\315\335\317oP\221\031g\037\220\357Ft\030n\306\370\n\354\226\365\346""; ","proposeSeq: 0; currentTxHash: ""\000\000\000\000\000\000\000\000\000\000\000\000\000\000\000\000\000\000\000\000\000\000\000\000\000\000\000\000\000\000\000\000""; nodePubKey: ""\002\347\243J\206W\025ML\260\226\0163\217\250\337\325W\253\356*O\245Z\271\234\207C\274\375`\335\311""; closeTime: 803902493; signature: ""0E\002!\000\363:o\313\000\366\335\027\331T\004\361\035&\226\215\277\335\304\351\236.\327h\312e\206\305T\223\336\271\002 \032\377\243\361\211\206A%Hj\311@\205\335Q\362Z\302\036+f*\264\370y0\023N\th>\302""; previousledger: ""\317\351\2337\023\262\336W\254\222\315\335\317oP\221\031g\037\220\357Ft\030n\306\370\n\354\226\365\346""; "
1750587293016,1750587293016,1290,1,0,2,TMProposeSet,"proposeSeq: 0; currentTxHash: ""\000\000\000\000\000\000\000\000\000\000\000\000\000\000\000\000\000\000\000\000\000\000\000\000\000\000\000\000\000\000\000\000""; nodePubKey: ""\002\347\243J\206W\025ML\260\226\0163\217\250\337\325W\253\356*O\245Z\271\234\207C\274\375`\335\311""; closeTime: 803902493; signature: ""0E\002!\000\363:o\313\000\366\335\027\331T\004\361\035&\226\215\277\335\304\351\236.\327h\312e\206\305T\223\336\271\002 \032\377\243\361\211\206A%Hj\311@\205\335Q\362Z\302\036+f*\264\370y0\023N\th>\302""; previousledger: ""\317\351\2337\023\262\336W\254\222\315\335\317oP\221\031g\037\220\357Ft\030n\306\370\n\354\226\365\346""; ","proposeSeq: 0; currentTxHash: ""\000\000\000\000\000\000\000\000\000\000\000\000\000\000\000\000\000\000\000\000\000\000\000\000\000\000\000\000\000\000\000\000""; nodePubKey: ""\002\347\243J\206W\025ML\260\226\0163\217\250\337\325W\253\356*O\245Z\271\234\207C\274\375`\335\311""; closeTime: 803902493; signature: ""0E\002!\000\363:o\313\000\366\335\027\331T\004\361\035&\226\215\277\335\304\351\236.\327h\312e\206\305T\223\336\271\002 \032\377\243\361\211\206A%Hj\311@\205\335Q\362Z\302\036+f*\264\370y0\023N\th>\302""; previousledger: ""\317\351\2337\023\262\336W\254\222\315\335\317oP\221\031g\037\220\357Ft\030n\306\370\n\354\226\365\346""; "
1750587293017,1750587293018,1103,1,0,4,TMLedgerData,"ledgerHash: ""\317\351\2337\023\262\336W\254\222\315\335\317oP\221\031g\037\220\357Ft\030n\306\370\n\354\226\365\346""; ledgerSeq: 9; type: liAS_NODE; nodes {;   nodedata: ""\021\000a""\000\000\000\000$\000\000\000\006%\000\000\000\t-\000\000\000\000U\003S\n\235\2624\346\340\377asq\337\223T\316nL\232)C!\360\245\205[L\224\\351\351b@\000\000*$\200\024@\201\024\023\252#\014BS\272`\277B\346\245]\332\351o'013\357\314\324\302\36576qQ\310h`\232R\231\022\211\343\322@`\233\201\200v\255\267\277c\220e\266\001"";   nodeid: ""\340\000\000\000\000\000\000\000\000\000\000\000\000\000\000\000\000\000\000\000\000\000\000\000\000\000\000\000\000\000\000\000\001""; }; nodes {;   nodedata: ""\021\000a""\000\000\000\000$\000\000\000\007%\000\000\000\t-\000\000\000\000U\003S\n\235\2624\346\340\377asq\337\223T\316nL\232)C!\360\245\205[L\224\\351\351b@\000\000\004l\214@6\201\024B\006\222#\215\346\234\245/\205\327[/\206^\005y\253G\373`\201|\265N\251\301Y\240\225\206\033+\t\343\352\033+\325\025OC\253O\023\305&l\256\252\351\247\001"";   nodeid: ""`\000\000\000\000\000\000\000\000\000\000\000\000\000\000\000\000\000\000\000\000\000\000\000\000\000\000\000\000\000\000\000\001""; }; ","ledgerHash: ""\317\351\2337\023\262\336W\254\222\315\335\317oP\221\031g\037\220\357Ft\030n\306\370\n\354\226\365\346""; ledgerSeq: 9; type: liAS_NODE; nodes {;   nodedata: ""\021\000a""\000\000\000\000$\000\000\000\006%\000\000\000\t-\000\000\000\000U\003S\n\235\2624\346\340\377asq\337\223T\316nL\232)C!\360\245\205[L\224\\351\351b@\000\000*$\200\024@\201\024\023\252#\014BS\272`\277B\346\245]\332\351o'013\357\314\324\302\36576qQ\310h`\232R\231\022\211\343\322@`\233\201\200v\255\267\277c\220e\266\001"";   nodeid: ""\340\000\000\000\000\000\000\000\000\000\000\000\000\000\000\000\000\000\000\000\000\000\000\000\000\000\000\000\000\000\000\000\001""; }; nodes {;   nodedata: ""\021\000a""\000\000\000\000$\000\000\000\007%\000\000\000\t-\000\000\000\000U\003S\n\235\2624\346\340\377asq\337\223T\316nL\232)C!\360\245\205[L\224\\351\351b@\000\000\004l\214@6\201\024B\006\222#\215\346\234\245/\205\327[/\206^\005y\253G\373`\201|\265N\251\301Y\240\225\206\033+\t\343\352\033+\325\025OC\253O\023\305&l\256\252\351\247\001"";   nodeid: ""`\000\000\000\000\000\000\000\000\000\000\000\000\000\000\000\000\000\000\000\000\000\000\000\000\000\000\000\000\000\000\000\001""; }; "
1750587293013,1750587293053,3150,1,0,3,TMStatusChange,"newEvent: neCLOSING_LEDGER; ledgerSeq: 9; ledgerHash: ""\317\351\2337\023\262\336W\254\222\315\335\317oP\221\031g\037\220\357Ft\030n\306\370\n\354\226\365\346""; ledgerHashPrevious: ""\354@[\274\202\021\202\373Vi\243\n\325\250\005e\360""m\346'\311@\343\016$L\346\334\360<w""; networkTime: 803902493; firstSeq: 9; lastSeq: 9; ","newEvent: neCLOSING_LEDGER; ledgerSeq: 9; ledgerHash: ""\317\351\2337\023\262\336W\254\222\315\335\317oP\221\031g\037\220\357Ft\030n\306\370\n\354\226\365\346""; ledgerHashPrevious: ""\354@[\274\202\021\202\373Vi\243\n\325\250\005e\360""m\346'\311@\343\016$L\346\334\360<w""; networkTime: 803902493; firstSeq: 9; lastSeq: 9; "
1750587293014,1750587293053,2252,1,0,4,TMStatusChange,"newEvent: neCLOSING_LEDGER; ledgerSeq: 9; ledgerHash: ""\317\351\2337\023\262\336W\254\222\315\335\317oP\221\031g\037\220\357Ft\030n\306\370\n\354\226\365\346""; ledgerHashPrevious: ""\354@[\274\202\021\202\373Vi\243\n\325\250\005e\360""m\346'\311@\343\016$L\346\334\360<w""; networkTime: 803902493; firstSeq: 9; lastSeq: 9; ","newEvent: neCLOSING_LEDGER; ledgerSeq: 9; ledgerHash: ""\317\351\2337\023\262\336W\254\222\315\335\317oP\221\031g\037\220\357Ft\030n\306\370\n\354\226\365\346""; ledgerHashPrevious: ""\354@[\274\202\021\202\373Vi\243\n\325\250\005e\360""m\346'\311@\343\016$L\346\334\360<w""; networkTime: 803902493; firstSeq: 9; lastSeq: 9; "
1750587293015,1750587293053,468,1,0,1,TMStatusChange,"newEvent: neCLOSING_LEDGER; ledgerSeq: 9; ledgerHash: ""\317\351\2337\023\262\336W\254\222\315\335\317oP\221\031g\037\220\357Ft\030n\306\370\n\354\226\365\346""; ledgerHashPrevious: ""\354@[\274\202\021\202\373Vi\243\n\325\250\005e\360""m\346'\311@\343\016$L\346\334\360<w""; networkTime: 803902493; firstSeq: 9; lastSeq: 9; ","newEvent: neCLOSING_LEDGER; ledgerSeq: 9; ledgerHash: ""\317\351\2337\023\262\336W\254\222\315\335\317oP\221\031g\037\220\357Ft\030n\306\370\n\354\226\365\346""; ledgerHashPrevious: ""\354@[\274\202\021\202\373Vi\243\n\325\250\005e\360""m\346'\311@\343\016$L\346\334\360<w""; networkTime: 803902493; firstSeq: 9; lastSeq: 9; "
1750587293016,1750587293053,615,1,0,2,TMStatusChange,"newEvent: neCLOSING_LEDGER; ledgerSeq: 9; ledgerHash: ""\317\351\2337\023\262\336W\254\222\315\335\317oP\221\031g\037\220\357Ft\030n\306\370\n\354\226\365\346""; ledgerHashPrevious: ""\354@[\274\202\021\202\373Vi\243\n\325\250\005e\360""m\346'\311@\343\016$L\346\334\360<w""; networkTime: 803902493; firstSeq: 9; lastSeq: 9; ","newEvent: neCLOSING_LEDGER; ledgerSeq: 9; ledgerHash: ""\317\351\2337\023\262\336W\254\222\315\335\317oP\221\031g\037\220\357Ft\030n\306\370\n\354\226\365\346""; ledgerHashPrevious: ""\354@[\274\202\021\202\373Vi\243\n\325\250\005e\360""m\346'\311@\343\016$L\346\334\360<w""; networkTime: 803902493; firstSeq: 9; lastSeq: 9; "
1750587293154,1750587293154,1317,1,3,2,TMProposeSet,"proposeSeq: 0; currentTxHash: ""\000\000\000\000\000\000\000\000\000\000\000\000\000\000\000\000\000\000\000\000\000\000\000\000\000\000\000\000\000\000\000\000""; nodePubKey: ""\002\347\243J\206W\025ML\260\226\0163\217\250\337\325W\253\356*O\245Z\271\234\207C\274\375`\335\311""; closeTime: 803902493; signature: ""0E\002!\000\363:o\313\000\366\335\027\331T\004\361\035&\226\215\277\335\304\351\236.\327h\312e\206\305T\223\336\271\002 \032\377\243\361\211\206A%Hj\311@\205\335Q\362Z\302\036+f*\264\370y0\023N\th>\302""; previousledger: ""\317\351\2337\023\262\336W\254\222\315\335\317oP\221\031g\037\220\357Ft\030n\306\370\n\354\226\365\346""; ","proposeSeq: 0; currentTxHash: ""\000\000\000\000\000\000\000\000\000\000\000\000\000\000\000\000\000\000\000\000\000\000\000\000\000\000\000\000\000\000\000\000""; nodePubKey: ""\002\347\243J\206W\025ML\260\226\0163\217\250\337\325W\253\356*O\245Z\271\234\207C\274\375`\335\311""; closeTime: 803902493; signature: ""0E\002!\000\363:o\313\000\366\335\027\331T\004\361\035&\226\215\277\335\304\351\236.\327h\312e\206\305T\223\336\271\002 \032\377\243\361\211\206A%Hj\311@\205\335Q\362Z\302\036+f*\264\370y0\023N\th>\302""; previousledger: ""\317\351\2337\023\262\336W\254\222\315\335\317oP\221\031g\037\220\357Ft\030n\306\370\n\354\226\365\346""; "
1750587293155,1750587293155,3656,1,3,1,TMProposeSet,"proposeSeq: 0; currentTxHash: ""\000\000\000\000\000\000\000\000\000\000\000\000\000\000\000\000\000\000\000\000\000\000\000\000\000\000\000\000\000\000\000\000""; nodePubKey: ""\002\347\243J\206W\025ML\260\226\0163\217\250\337\325W\253\356*O\245Z\271\234\207C\274\375`\335\311""; closeTime: 803902493; signature: ""0E\002!\000\363:o\313\000\366\335\027\331T\004\361\035&\226\215\277\335\304\351\236.\327h\312e\206\305T\223\336\271\002 \032\377\243\361\211\206A%Hj\311@\205\335Q\362Z\302\036+f*\264\370y0\023N\th>\302""; previousledger: ""\317\351\2337\023\262\336W\254\222\315\335\317oP\221\031g\037\220\357Ft\030n\306\370\n\354\226\365\346""; ","proposeSeq: 0; currentTxHash: ""\000\000\000\000\000\000\000\000\000\000\000\000\000\000\000\000\000\000\000\000\000\000\000\000\000\000\000\000\000\000\000\000""; nodePubKey: ""\002\347\243J\206W\025ML\260\226\0163\217\250\337\325W\253\356*O\245Z\271\234\207C\274\375`\335\311""; closeTime: 803902493; signature: ""0E\002!\000\363:o\313\000\366\335\027\331T\004\361\035&\226\215\277\335\304\351\236.\327h\312e\206\305T\223\336\271\002 \032\377\243\361\211\206A%Hj\311@\205\335Q\362Z\302\036+f*\264\370y0\023N\th>\302""; previousledger: ""\317\351\2337\023\262\336W\254\222\315\335\317oP\221\031g\037\220\357Ft\030n\306\370\n\354\226\365\346""; "
1750587293155,1750587293155,483,1,3,4,TMProposeSet,"proposeSeq: 0; currentTxHash: ""\000\000\000\000\000\000\000\000\000\000\000\000\000\000\000\000\000\000\000\000\000\000\000\000\000\000\000\000\000\000\000\000""; nodePubKey: ""\002\347\243J\206W\025ML\260\226\0163\217\250\337\325W\253\356*O\245Z\271\234\207C\274\375`\335\311""; closeTime: 803902493; signature: ""0E\002!\000\363:o\313\000\366\335\027\331T\004\361\035&\226\215\277\335\304\351\236.\327h\312e\206\305T\223\336\271\002 \032\377\243\361\211\206A%Hj\311@\205\335Q\362Z\302\036+f*\264\370y0\023N\th>\302""; previousledger: ""\317\351\2337\023\262\336W\254\222\315\335\317oP\221\031g\037\220\357Ft\030n\306\370\n\354\226\365\346""; ","proposeSeq: 0; currentTxHash: ""\000\000\000\000\000\000\000\000\000\000\000\000\000\000\000\000\000\000\000\000\000\000\000\000\000\000\000\000\000\000\000\000""; nodePubKey: ""\002\347\243J\206W\025ML\260\226\0163\217\250\337\325W\253\356*O\245Z\271\234\207C\274\375`\335\311""; closeTime: 803902493; signature: ""0E\002!\000\363:o\313\000\366\335\027\331T\004\361\035&\226\215\277\335\304\351\236.\327h\312e\206\305T\223\336\271\002 \032\377\243\361\211\206A%Hj\311@\205\335Q\362Z\302\036+f*\264\370y0\023N\th>\302""; previousledger: ""\317\351\2337\023\262\336W\254\222\315\335\317oP\221\031g\037\220\357Ft\030n\306\370\n\354\226\365\346""; "
1750587293171,1750587293171,3538,1,1,3,TMProposeSet,"proposeSeq: 0; currentTxHash: ""\000\000\000\000\000\000\000\000\000\000\000\000\000\000\000\000\000\000\000\000\000\000\000\000\000\000\000\000\000\000\000\000""; nodePubKey: ""\003ql\302)\235\321\t\213\224\356\374%%\311\327\037\374\304\t\335\2359\344\233\035]\347<u\236\364\222""; closeTime: 803902490; signature: ""0D\002 \006\247\301*\032Zn\260\301\n\324\275EX\231\032\0105\224\335\207\374\221_,WH\223{\204-\255\002 \035/\233j5\262IA\236\343\031\211\222j\204\204\251Z\304u1\302ZL\\3362\337\273\200\352\022""; previousledger: ""\317\351\2337\023\262\336W\254\222\315\335\317oP\221\031g\037\220\357Ft\030n\306\370\n\354\226\365\346""; ","proposeSeq: 0; currentTxHash: ""\000\000\000\000\000\000\000\000\000\000\000\000\000\000\000\000\000\000\000\000\000\000\000\000\000\000\000\000\000\000\000\000""; nodePubKey: ""\003ql\302)\235\321\t\213\224\356\374%%\311\327\037\374\304\t\335\2359\344\233\035]\347<u\236\364\222""; closeTime: 803902490; signature: ""0D\002 \006\247\301*\032Zn\260\301\n\324\275EX\231\032\0105\224\335\207\374\221_,WH\223{\204-\255\002 \035/\233j5\262IA\236\343\031\211\222j\204\204\251Z\304u1\302ZL\\3362\337\273\200\352\022""; previousledger: ""\317\351\2337\023\262\336W\254\222\315\335\317oP\221\031g\037\220\357Ft\030n\306\370\n\354\226\365\346""; "
1750587293171,1750587293171,3375,1,1,4,TMProposeSet,"proposeSeq: 0; currentTxHash: ""\000\000\000\000\000\000\000\000\000\000\000\000\000\000\000\000\000\000\000\000\000\000\000\000\000\000\000\000\000\000\000\000""; nodePubKey: ""\003ql\302)\235\321\t\213\224\356\374%%\311\327\037\374\304\t\335\2359\344\233\035]\347<u\236\364\222""; closeTime: 803902490; signature: ""0D\002 \006\247\301*\032Zn\260\301\n\324\275EX\231\032\0105\224\335\207\374\221_,WH\223{\204-\255\002 \035/\233j5\262IA\236\343\031\211\222j\204\204\251Z\304u1\302ZL\\3362\337\273\200\352\022""; previousledger: ""\317\351\2337\023\262\336W\254\222\315\335\317oP\221\031g\037\220\357Ft\030n\306\370\n\354\226\365\346""; ","proposeSeq: 0; currentTxHash: ""\000\000\000\000\000\000\000\000\000\000\000\000\000\000\000\000\000\000\000\000\000\000\000\000\000\000\000\000\000\000\000\000""; nodePubKey: ""\003ql\302)\235\321\t\213\224\356\374%%\311\327\037\374\304\t\335\2359\344\233\035]\347<u\236\364\222""; closeTime: 803902490; signature: ""0D\002 \006\247\301*\032Zn\260\301\n\324\275EX\231\032\0105\224\335\207\374\221_,WH\223{\204-\255\002 \035/\233j5\262IA\236\343\031\211\222j\204\204\251Z\304u1\302ZL\\3362\337\273\200\352\022""; previousledger: ""\317\351\2337\023\262\336W\254\222\315\335\317oP\221\031g\037\220\357Ft\030n\306\370\n\354\226\365\346""; "
1750587293171,1750587293171,926,1,1,0,TMProposeSet,"proposeSeq: 0; currentTxHash: ""\000\000\000\000\000\000\000\000\000\000\000\000\000\000\000\000\000\000\000\000\000\000\000\000\000\000\000\000\000\000\000\000""; nodePubKey: ""\003ql\302)\235\321\t\213\224\356\374%%\311\327\037\374\304\t\335\2359\344\233\035]\347<u\236\364\222""; closeTime: 803902490; signature: ""0D\002 \006\247\301*\032Zn\260\301\n\324\275EX\231\032\0105\224\335\207\374\221_,WH\223{\204-\255\002 \035/\233j5\262IA\236\343\031\211\222j\204\204\251Z\304u1\302ZL\\3362\337\273\200\352\022""; previousledger: ""\317\351\2337\023\262\336W\254\222\315\335\317oP\221\031g\037\220\357Ft\030n\306\370\n\354\226\365\346""; ","proposeSeq: 0; currentTxHash: ""\000\000\000\000\000\000\000\000\000\000\000\000\000\000\000\000\000\000\000\000\000\000\000\000\000\000\000\000\000\000\000\000""; nodePubKey: ""\003ql\302)\235\321\t\213\224\356\374%%\311\327\037\374\304\t\335\2359\344\233\035]\347<u\236\364\222""; closeTime: 803902490; signature: ""0D\002 \006\247\301*\032Zn\260\301\n\324\275EX\231\032\0105\224\335\207\374\221_,WH\223{\204-\255\002 \035/\233j5\262IA\236\343\031\211\222j\204\204\251Z\304u1\302ZL\\3362\337\273\200\352\022""; previousledger: ""\317\351\2337\023\262\336W\254\222\315\335\317oP\221\031g\037\220\357Ft\030n\306\370\n\354\226\365\346""; "
1750587293196,1750587293196,3082,1,2,4,TMProposeSet,"proposeSeq: 0; currentTxHash: ""\000\000\000\000\000\000\000\000\000\000\000\000\000\000\000\000\000\000\000\000\000\000\000\000\000\000\000\000\000\000\000\000""; nodePubKey: ""\003\325Q\255\224\274R@\312\253\262\347\352\034\346\347\242\215,\312\376=\277\353{\350\225\301\305`^, ""; closeTime: 803902491; signature: ""0E\002!\000\205\367\366\331\277)\373\217$c\223\354T\000\360frW/""""\032\303c\026*K\234\207\357\324\260\002 Q>\022\214\361\006\374V\265}\326\324\245\255:\202\210\016>\303\223N\236\016\231M\255'o\235A\300""; previousledger: ""\317\351\2337\023\262\336W\254\222\315\335\317oP\221\031g\037\220\357Ft\030n\306\370\n\354\226\365\346""; ","proposeSeq: 0; currentTxHash: ""\000\000\000\000\000\000\000\000\000\000\000\000\000\000\000\000\000\000\000\000\000\000\000\000\000\000\000\000\000\000\000\000""; nodePubKey: ""\003\325Q\255\224\274R@\312\253\262\347\352\034\346\347\242\215,\312\376=\277\353{\350\225\301\305`^, ""; closeTime: 803902491; signature: ""0E\002!\000\205\367\366\331\277)\373\217$c\223\354T\000\360frW/""""\032\303c\026*K\234\207\357\324\260\002 Q>\022\214\361\006\374V\265}\326\324\245\255:\202\210\016>\303\223N\236\016\231M\255'o\235A\300""; previousledger: ""\317\351\2337\023\262\336W\254\222\315\335\317oP\221\031g\037\220\357Ft\030n\306\370\n\354\226\365\346""; "
1750587293197,1750587293197,1838,1,2,1,TMProposeSet,"proposeSeq: 0; currentTxHash: ""\000\000\000\000\000\000\000\000\000\000\000\000\000\000\000\000\000\000\000\000\000\000\000\000\000\000\000\000\000\000\000\000""; nodePubKey: ""\003\325Q\255\224\274R@\312\253\262\347\352\034\346\347\242\215,\312\376=\277\353{\350\225\301\305`^, ""; closeTime: 803902491; signature: ""0E\002!\000\205\367\366\331\277)\373\217$c\223\354T\000\360frW/""""\032\303c\026*K\234\207\357\324\260\002 Q>\022\214\361\006\374V\265}\326\324\245\255:\202\210\016>\303\223N\236\016\231M\255'o\235A\300""; previousledger: ""\317\351\2337\023\262\336W\254\222\315\335\317oP\221\031g\037\220\357Ft\030n\306\370\n\354\226\365\346""; ","proposeSeq: 0; currentTxHash: ""\000\000\000\000\000\000\000\000\000\000\000\000\000\000\000\000\000\000\000\000\000\000\000\000\000\000\000\000\000\000\000\000""; nodePubKey: ""\003\325Q\255\224\274R@\312\253\262\347\352\034\346\347\242\215,\312\376=\277\353{\350\225\301\305`^, ""; closeTime: 803902491; signature: ""0E\002!\000\205\367\366\331\277)\373\217$c\223\354T\000\360frW/""""\032\303c\026*K\234\207\357\324\260\002 Q>\022\214\361\006\374V\265}\326\324\245\255:\202\210\016>\303\223N\236\016\231M\255'o\235A\300""; previousledger: ""\317\351\2337\023\262\336W\254\222\315\335\317oP\221\031g\037\220\357Ft\030n\306\370\n\354\226\365\346""; "
1750587293197,1750587293197,3546,1,2,0,TMProposeSet,"proposeSeq: 0; currentTxHash: ""\000\000\000\000\000\000\000\000\000\000\000\000\000\000\000\000\000\000\000\000\000\000\000\000\000\000\000\000\000\000\000\000""; nodePubKey: ""\003\325Q\255\224\274R@\312\253\262\347\352\034\346\347\242\215,\312\376=\277\353{\350\225\301\305`^, ""; closeTime: 803902491; signature: ""0E\002!\000\205\367\366\331\277)\373\217$c\223\354T\000\360frW/""""\032\303c\026*K\234\207\357\324\260\002 Q>\022\214\361\006\374V\265}\326\324\245\255:\202\210\016>\303\223N\236\016\231M\255'o\235A\300""; previousledger: ""\317\351\2337\023\262\336W\254\222\315\335\317oP\221\031g\037\220\357Ft\030n\306\370\n\354\226\365\346""; ","proposeSeq: 0; currentTxHash: ""\000\000\000\000\000\000\000\000\000\000\000\000\000\000\000\000\000\000\000\000\000\000\000\000\000\000\000\000\000\000\000\000""; nodePubKey: ""\003\325Q\255\224\274R@\312\253\262\347\352\034\346\347\242\215,\312\376=\277\353{\350\225\301\305`^, ""; closeTime: 803902491; signature: ""0E\002!\000\205\367\366\331\277)\373\217$c\223\354T\000\360frW/""""\032\303c\026*K\234\207\357\324\260\002 Q>\022\214\361\006\374V\265}\326\324\245\255:\202\210\016>\303\223N\236\016\231M\255'o\235A\300""; previousledger: ""\317\351\2337\023\262\336W\254\222\315\335\317oP\221\031g\037\220\357Ft\030n\306\370\n\354\226\365\346""; "
1750587293202,1750587293202,3538,1,1,3,TMProposeSet,"proposeSeq: 0; currentTxHash: ""\000\000\000\000\000\000\000\000\000\000\000\000\000\000\000\000\000\000\000\000\000\000\000\000\000\000\000\000\000\000\000\000""; nodePubKey: ""\002\347\243J\206W\025ML\260\226\0163\217\250\337\325W\253\356*O\245Z\271\234\207C\274\375`\335\311""; closeTime: 803902493; signature: ""0E\002!\000\363:o\313\000\366\335\027\331T\004\361\035&\226\215\277\335\304\351\236.\327h\312e\206\305T\223\336\271\002 \032\377\243\361\211\206A%Hj\311@\205\335Q\362Z\302\036+f*\264\370y0\023N\th>\302""; previousledger: ""\317\351\2337\023\262\336W\254\222\315\335\317oP\221\031g\037\220\357Ft\030n\306\370\n\354\226\365\346""; ","proposeSeq: 0; currentTxHash: ""\000\000\000\000\000\000\000\000\000\000\000\000\000\000\000\000\000\000\000\000\000\000\000\000\000\000\000\000\000\000\000\000""; nodePubKey: ""\002\347\243J\206W\025ML\260\226\0163\217\250\337\325W\253\356*O\245Z\271\234\207C\274\375`\335\311""; closeTime: 803902493; signature: ""0E\002!\000\363:o\313\000\366\335\027\331T\004\361\035&\226\215\277\335\304\351\236.\327h\312e\206\305T\223\336\271\002 \032\377\243\361\211\206A%Hj\311@\205\335Q\362Z\302\036+f*\264\370y0\023N\th>\302""; previousledger: ""\317\351\2337\023\262\336W\254\222\315\335\317oP\221\031g\037\220\357Ft\030n\306\370\n\354\226\365\346""; "
1750587293203,1750587293203,3375,1,1,4,TMProposeSet,"proposeSeq: 0; currentTxHash: ""\000\000\000\000\000\000\000\000\000\000\000\000\000\000\000\000\000\000\000\000\000\000\000\000\000\000\000\000\000\000\000\000""; nodePubKey: ""\002\347\243J\206W\025ML\260\226\0163\217\250\337\325W\253\356*O\245Z\271\234\207C\274\375`\335\311""; closeTime: 803902493; signature: ""0E\002!\000\363:o\313\000\366\335\027\331T\004\361\035&\226\215\277\335\304\351\236.\327h\312e\206\305T\223\336\271\002 \032\377\243\361\211\206A%Hj\311@\205\335Q\362Z\302\036+f*\264\370y0\023N\th>\302""; previousledger: ""\317\351\2337\023\262\336W\254\222\315\335\317oP\221\031g\037\220\357Ft\030n\306\370\n\354\226\365\346""; ","proposeSeq: 0; currentTxHash: ""\000\000\000\000\000\000\000\000\000\000\000\000\000\000\000\000\000\000\000\000\000\000\000\000\000\000\000\000\000\000\000\000""; nodePubKey: ""\002\347\243J\206W\025ML\260\226\0163\217\250\337\325W\253\356*O\245Z\271\234\207C\274\375`\335\311""; closeTime: 803902493; signature: ""0E\002!\000\363:o\313\000\366\335\027\331T\004\361\035&\226\215\277\335\304\351\236.\327h\312e\206\305T\223\336\271\002 \032\377\243\361\211\206A%Hj\311@\205\335Q\362Z\302\036+f*\264\370y0\023N\th>\302""; previousledger: ""\317\351\2337\023\262\336W\254\222\315\335\317oP\221\031g\037\220\357Ft\030n\306\370\n\354\226\365\346""; "
1750587293203,1750587293204,1799,1,1,2,TMProposeSet,"proposeSeq: 0; currentTxHash: ""\000\000\000\000\000\000\000\000\000\000\000\000\000\000\000\000\000\000\000\000\000\000\000\000\000\000\000\000\000\000\000\000""; nodePubKey: ""\002\347\243J\206W\025ML\260\226\0163\217\250\337\325W\253\356*O\245Z\271\234\207C\274\375`\335\311""; closeTime: 803902493; signature: ""0E\002!\000\363:o\313\000\366\335\027\331T\004\361\035&\226\215\277\335\304\351\236.\327h\312e\206\305T\223\336\271\002 \032\377\243\361\211\206A%Hj\311@\205\335Q\362Z\302\036+f*\264\370y0\023N\th>\302""; previousledger: ""\317\351\2337\023\262\336W\254\222\315\335\317oP\221\031g\037\220\357Ft\030n\306\370\n\354\226\365\346""; ","proposeSeq: 0; currentTxHash: ""\000\000\000\000\000\000\000\000\000\000\000\000\000\000\000\000\000\000\000\000\000\000\000\000\000\000\000\000\000\000\000\000""; nodePubKey: ""\002\347\243J\206W\025ML\260\226\0163\217\250\337\325W\253\356*O\245Z\271\234\207C\274\375`\335\311""; closeTime: 803902493; signature: ""0E\002!\000\363:o\313\000\366\335\027\331T\004\361\035&\226\215\277\335\304\351\236.\327h\312e\206\305T\223\336\271\002 \032\377\243\361\211\206A%Hj\311@\205\335Q\362Z\302\036+f*\264\370y0\023N\th>\302""; previousledger: ""\317\351\2337\023\262\336W\254\222\315\335\317oP\221\031g\037\220\357Ft\030n\306\370\n\354\226\365\346""; "
1750587293280,1750587293280,3792,1,0,1,TMLedgerData,"ledgerHash: ""\237\231\311\371Y@""\177>\241""\310\233r\315\210Z\003g\334\034\021\305\3353Q\035\224\200\224\347\257""; ledgerSeq: 8; type: liTX_NODE; nodes {;   nodedata: ""\274\022\000\000""\000\000\000\000$\000\000\000\006 \033\000\000\000\032a@\000\000\023S/~\000h@\000\000\000\000\000\000\ns!\003\364\346'\245\361\313f\307\325O*\031\010 \337\241\354\3450V\376\031#\323\000\245'Q`4d\376tF0D\002 ,\010\365p6\304C\242\365\005bf\023\023\2535\373c\246@\nC\214\257Kj\3519\353\257)r\002 [n\210\266}:;pPVw\327i\342,4\316\274A\315\001|\214\302?\r\222\354\240\0308\221\201\024B\006\222#\215\346\234\245/\205\327[/\206^\005y\253G\373\203\024E0\246\210\344\325\345r\024T\251\006P\255\352\333\372\351\337\302\301] \034\000\000\000\000\370\345\021\000a%\000\000\000\006U\222c\273c4\225\334\221\227u?\025\314=\305/\262\367\217\375\027j\323\304\372\312Fv\2716\001\355V`\201|\265N\251\301Y\240\225\206\033+\t\343\352\033+\325\025OC\253O\023\305&l\256\252\351\247\346$\000\000\000\006b@\000\000\027H\206*@\341\347""\000\000\000\000$\000\000\000\007-\000\000\000\000b@\000\000\003\365V\2546\201\024B\006\222#\215\346\234\245/\205\327[/\206^\005y\253G\373\341\341\345\021\000a%\000\000\000\006U\246C\232\272\013^\241\340~\030'\005/\234\037\355\231\230\017\266\365\303w\360\273\374\234\362S:\270\023V\250\327\275\254\201\236\370\336\205\322\273\305\241\026\265L\374\365\316\330\225\325\203\316\303\217\337V\341\265\274\252\346b@\000\000\027H\206*@\341\347""\000\000\000\000$\000\000\000\006-\000\000\000\000b@\000\000*\233\265\250@\201\024E0\246\210\344\325\345r\024T\251\006P\255\352\333\372\351\337\302\341\341\361\003\020\000\247\272\246\2214\014W1\360z\262\252=\343\207'\275\266;\016\021\306\330\030\225\023\357\272\353\200x\221\004"";   nodeid: ""\240\000\000\000\000\000\000\000\000\000\000\000\000\000\000\000\000\000\000\000\000\000\000\000\000\000\000\000\000\000\000\000\001""; }; ","ledgerHash: ""\237\231\311\371Y@""\177>\241""\310\233r\315\210Z\003g\334\034\021\305\3353Q\035\224\200\224\347\257""; ledgerSeq: 8; type: liTX_NODE; nodes {;   nodedata: ""\274\022\000\000""\000\000\000\000$\000\000\000\006 \033\000\000\000\032a@\000\000\023S/~\000h@\000\000\000\000\000\000\ns!\003\364\346'\245\361\313f\307\325O*\031\010 \337\241\354\3450V\376\031#\323\000\245'Q`4d\376tF0D\002 ,\010\365p6\304C\242\365\005bf\023\023\2535\373c\246@\nC\214\257Kj\3519\353\257)r\002 [n\210\266}:;pPVw\327i\342,4\316\274A\315\001|\214\302?\r\222\354\240\0308\221\201\024B\006\222#\215\346\234\245/\205\327[/\206^\005y\253G\373\203\024E0\246\210\344\325\345r\024T\251\006P\255\352\333\372\351\337\302\301] \034\000\000\000\000\370\345\021\000a%\000\000\000\006U\222c\273c4\225\334\221\227u?\025\314=\305/\262\367\217\375\027j\323\304\372\312Fv\2716\001\355V`\201|\265N\251\301Y\240\225\206\033+\t\343\352\033+\325\025OC\253O\023\305&l\256\252\351\247\346$\000\000\000\006b@\000\000\027H\206*@\341\347""\000\000\000\000$\000\000\000\007-\000\000\000\000b@\000\000\003\365V\2546\201\024B\006\222#\215\346\234\245/\205\327[/\206^\005y\253G\373\341\341\345\021\000a%\000\000\000\006U\246C\232\272\013^\241\340~\030'\005/\234\037\355\231\230\017\266\365\303w\360\273\374\234\362S:\270\023V\250\327\275\254\201\236\370\336\205\322\273\305\241\026\265L\374\365\316\330\225\325\203\316\303\217\337V\341\265\274\252\346b@\000\000\027H\206*@\341\347""\000\000\000\000$\000\000\000\006-\000\000\000\000b@\000\000*\233\265\250@\201\024E0\246\210\344\325\345r\024T\251\006P\255\352\333\372\351\337\302\341\341\361\003\020\000\247\272\246\2214\014W1\360z\262\252=\343\207'\275\266;\016\021\306\330\030\225\023\357\272\353\200x\221\004"";   nodeid: ""\240\000\000\000\000\000\000\000\000\000\000\000\000\000\000\000\000\000\000\000\000\000\000\000\000\000\000\000\000\000\000\000\001""; }; "
1750587293291,1750587293291,3989,1,2,3,TMValidation,"validation: """"\200\000\000\001&\000\000\000\n)/\352\224\034:Q\231\304\227'3\313\030Q\276\322i\233\014\037\027Z\351\022\216@=S\205\334\033\374\234n\r\270\210]\013\203\356\024\366\354\260\007P\027\000\000\000\000\000\000\000\000\000\000\000\000\000\000\000\000\000\000\000\000\000\000\000\000\000\000\000\000\000\000\000\000P\031\317\351\2337\023\262\336W\254\222\315\335\317oP\221\031g\037\220\357Ft\030n\306\370\n\354\226\365\346s!\003ql\302)\235\321\t\213\224\356\374%%\311\327\037\374\304\t\335\2359\344\233\035]\347<u\236\364\222vG0E\002!\000\270u\276VX\030\n/<\007\350l$\253E\205\354]\243\t\306\274_\301\370\371%#5g\354\363\002 ~\351R\233\323 \366\200^\305t\255 \021R\3003\327\3170\334$i\311\021]\223\037|\2122\300""; ","validation: """"\200\000\000\001&\000\000\000\n)/\352\224\034:Q\231\304\227'3\313\030Q\276\322i\233\014\037\027Z\351\022\216@=S\205\334\033\374\234n\r\270\210]\013\203\356\024\366\354\260\007P\027\000\000\000\000\000\000\000\000\000\000\000\000\000\000\000\000\000\000\000\000\000\000\000\000\000\000\000\000\000\000\000\000P\031\317\351\2337\023\262\336W\254\222\315\335\317oP\221\031g\037\220\357Ft\030n\306\370\n\354\226\365\346s!\003ql\302)\235\321\t\213\224\356\374%%\311\327\037\374\304\t\335\2359\344\233\035]\347<u\236\364\222vG0E\002!\000\270u\276VX\030\n/<\007\350l$\253E\205\354]\243\t\306\274_\301\370\371%#5g\354\363\002 ~\351R\233\323 \366\200^\305t\255 \021R\3003\327\3170\334$i\311\021]\223\037|\2122\300""; "
1750587293292,1750587293292,3058,1,2,3,TMStatusChange,"newEvent: neACCEPTED_LEDGER; ledgerSeq: 10; ledgerHash: ""\276\322i\233\014\037\027Z\351\022\216@=S\205\334\033\374\234n\r\270\210]\013\203\356\024\366\354\260\007""; ledgerHashPrevious: ""\317\351\2337\023\262\336W\254\222\315\335\317oP\221\031g\037\220\357Ft\030n\306\370\n\354\226\365\346""; networkTime: 803902493; firstSeq: 1; lastSeq: 9; ","newEvent: neACCEPTED_LEDGER; ledgerSeq: 10; ledgerHash: ""\276\322i\233\014\037\027Z\351\022\216@=S\205\334\033\374\234n\r\270\210]\013\203\356\024\366\354\260\007""; ledgerHashPrevious: ""\317\351\2337\023\262\336W\254\222\315\335\317oP\221\031g\037\220\357Ft\030n\306\370\n\354\226\365\346""; networkTime: 803902493; firstSeq: 1; lastSeq: 9; "
1750587293293,1750587293293,3744,1,2,0,TMStatusChange,"newEvent: neACCEPTED_LEDGER; ledgerSeq: 10; ledgerHash: ""\276\322i\233\014\037\027Z\351\022\216@=S\205\334\033\374\234n\r\270\210]\013\203\356\024\366\354\260\007""; ledgerHashPrevious: ""\317\351\2337\023\262\336W\254\222\315\335\317oP\221\031g\037\220\357Ft\030n\306\370\n\354\226\365\346""; networkTime: 803902493; firstSeq: 1; lastSeq: 9; ","newEvent: neACCEPTED_LEDGER; ledgerSeq: 10; ledgerHash: ""\276\322i\233\014\037\027Z\351\022\216@=S\205\334\033\374\234n\r\270\210]\013\203\356\024\366\354\260\007""; ledgerHashPrevious: ""\317\351\2337\023\262\336W\254\222\315\335\317oP\221\031g\037\220\357Ft\030n\306\370\n\354\226\365\346""; networkTime: 803902493; firstSeq: 1; lastSeq: 9; "
1750587293293,1750587293293,3116,1,2,4,TMStatusChange,"newEvent: neACCEPTED_LEDGER; ledgerSeq: 10; ledgerHash: ""\276\322i\233\014\037\027Z\351\022\216@=S\205\334\033\374\234n\r\270\210]\013\203\356\024\366\354\260\007""; ledgerHashPrevious: ""\317\351\2337\023\262\336W\254\222\315\335\317oP\221\031g\037\220\357Ft\030n\306\370\n\354\226\365\346""; networkTime: 803902493; firstSeq: 1; lastSeq: 9; ","newEvent: neACCEPTED_LEDGER; ledgerSeq: 10; ledgerHash: ""\276\322i\233\014\037\027Z\351\022\216@=S\205\334\033\374\234n\r\270\210]\013\203\356\024\366\354\260\007""; ledgerHashPrevious: ""\317\351\2337\023\262\336W\254\222\315\335\317oP\221\031g\037\220\357Ft\030n\306\370\n\354\226\365\346""; networkTime: 803902493; firstSeq: 1; lastSeq: 9; "
1750587293293,1750587293293,3488,1,2,0,TMValidation,"validation: """"\200\000\000\001&\000\000\000\n)/\352\224\034:Q\231\304\227'3\313\030Q\276\322i\233\014\037\027Z\351\022\216@=S\205\334\033\374\234n\r\270\210]\013\203\356\024\366\354\260\007P\027\000\000\000\000\000\000\000\000\000\000\000\000\000\000\000\000\000\000\000\000\000\000\000\000\000\000\000\000\000\000\000\000P\031\317\351\2337\023\262\336W\254\222\315\335\317oP\221\031g\037\220\357Ft\030n\306\370\n\354\226\365\346s!\003ql\302)\235\321\t\213\224\356\374%%\311\327\037\374\304\t\335\2359\344\233\035]\347<u\236\364\222vG0E\002!\000\270u\276VX\030\n/<\007\350l$\253E\205\354]\243\t\306\274_\301\370\371%#5g\354\363\002 ~\351R\233\323 \366\200^\305t\255 \021R\3003\327\3170\334$i\311\021]\223\037|\2122\300""; ","validation: """"\200\000\000\001&\000\000\000\n)/\352\224\034:Q\231\304\227'3\313\030Q\276\322i\233\014\037\027Z\351\022\216@=S\205\334\033\374\234n\r\270\210]\013\203\356\024\366\354\260\007P\027\000\000\000\000\000\000\000\000\000\000\000\000\000\000\000\000\000\000\000\000\000\000\000\000\000\000\000\000\000\000\000\000P\031\317\351\2337\023\262\336W\254\222\315\335\317oP\221\031g\037\220\357Ft\030n\306\370\n\354\226\365\346s!\003ql\302)\235\321\t\213\224\356\374%%\311\327\037\374\304\t\335\2359\344\233\035]\347<u\236\364\222vG0E\002!\000\270u\276VX\030\n/<\007\350l$\253E\205\354]\243\t\306\274_\301\370\371%#5g\354\363\002 ~\351R\233\323 \366\200^\305t\255 \021R\3003\327\3170\334$i\311\021]\223\037|\2122\300""; "
1750587293293,1750587293293,1094,1,2,1,TMValidation,"validation: """"\200\000\000\001&\000\000\000\n)/\352\224\034:Q\231\304\227'3\313\030Q\276\322i\233\014\037\027Z\351\022\216@=S\205\334\033\374\234n\r\270\210]\013\203\356\024\366\354\260\007P\027\000\000\000\000\000\000\000\000\000\000\000\000\000\000\000\000\000\000\000\000\000\000\000\000\000\000\000\000\000\000\000\000P\031\317\351\2337\023\262\336W\254\222\315\335\317oP\221\031g\037\220\357Ft\030n\306\370\n\354\226\365\346s!\003ql\302)\235\321\t\213\224\356\374%%\311\327\037\374\304\t\335\2359\344\233\035]\347<u\236\364\222vG0E\002!\000\270u\276VX\030\n/<\007\350l$\253E\205\354]\243\t\306\274_\301\370\371%#5g\354\363\002 ~\351R\233\323 \366\200^\305t\255 \021R\3003\327\3170\334$i\311\021]\223\037|\2122\300""; ","validation: """"\200\000\000\001&\000\000\000\n)/\352\224\034:Q\231\304\227'3\313\030Q\276\322i\233\014\037\027Z\351\022\216@=S\205\334\033\374\234n\r\270\210]\013\203\356\024\366\354\260\007P\027\000\000\000\000\000\000\000\000\000\000\000\000\000\000\000\000\000\000\000\000\000\000\000\000\000\000\000\000\000\000\000\000P\031\317\351\2337\023\262\336W\254\222\315\335\317oP\221\031g\037\220\357Ft\030n\306\370\n\354\226\365\346s!\003ql\302)\235\321\t\213\224\356\374%%\311\327\037\374\304\t\335\2359\344\233\035]\347<u\236\364\222vG0E\002!\000\270u\276VX\030\n/<\007\350l$\253E\205\354]\243\t\306\274_\301\370\371%#5g\354\363\002 ~\351R\233\323 \366\200^\305t\255 \021R\3003\327\3170\334$i\311\021]\223\037|\2122\300""; "
1750587293294,1750587293294,3126,1,2,1,TMStatusChange,"newEvent: neACCEPTED_LEDGER; ledgerSeq: 10; ledgerHash: ""\276\322i\233\014\037\027Z\351\022\216@=S\205\334\033\374\234n\r\270\210]\013\203\356\024\366\354\260\007""; ledgerHashPrevious: ""\317\351\2337\023\262\336W\254\222\315\335\317oP\221\031g\037\220\357Ft\030n\306\370\n\354\226\365\346""; networkTime: 803902493; firstSeq: 1; lastSeq: 9; ","newEvent: neACCEPTED_LEDGER; ledgerSeq: 10; ledgerHash: ""\276\322i\233\014\037\027Z\351\022\216@=S\205\334\033\374\234n\r\270\210]\013\203\356\024\366\354\260\007""; ledgerHashPrevious: ""\317\351\2337\023\262\336W\254\222\315\335\317oP\221\031g\037\220\357Ft\030n\306\370\n\354\226\365\346""; networkTime: 803902493; firstSeq: 1; lastSeq: 9; "
1750587293294,1750587293294,1036,1,2,4,TMValidation,"validation: """"\200\000\000\001&\000\000\000\n)/\352\224\034:Q\231\304\227'3\313\030Q\276\322i\233\014\037\027Z\351\022\216@=S\205\334\033\374\234n\r\270\210]\013\203\356\024\366\354\260\007P\027\000\000\000\000\000\000\000\000\000\000\000\000\000\000\000\000\000\000\000\000\000\000\000\000\000\000\000\000\000\000\000\000P\031\317\351\2337\023\262\336W\254\222\315\335\317oP\221\031g\037\220\357Ft\030n\306\370\n\354\226\365\346s!\003ql\302)\235\321\t\213\224\356\374%%\311\327\037\374\304\t\335\2359\344\233\035]\347<u\236\364\222vG0E\002!\000\270u\276VX\030\n/<\007\350l$\253E\205\354]\243\t\306\274_\301\370\371%#5g\354\363\002 ~\351R\233\323 \366\200^\305t\255 \021R\3003\327\3170\334$i\311\021]\223\037|\2122\300""; ","validation: """"\200\000\000\001&\000\000\000\n)/\352\224\034:Q\231\304\227'3\313\030Q\276\322i\233\014\037\027Z\351\022\216@=S\205\334\033\374\234n\r\270\210]\013\203\356\024\366\354\260\007P\027\000\000\000\000\000\000\000\000\000\000\000\000\000\000\000\000\000\000\000\000\000\000\000\000\000\000\000\000\000\000\000\000P\031\317\351\2337\023\262\336W\254\222\315\335\317oP\221\031g\037\220\357Ft\030n\306\370\n\354\226\365\346s!\003ql\302)\235\321\t\213\224\356\374%%\311\327\037\374\304\t\335\2359\344\233\035]\347<u\236\364\222vG0E\002!\000\270u\276VX\030\n/<\007\350l$\253E\205\354]\243\t\306\274_\301\370\371%#5g\354\363\002 ~\351R\233\323 \366\200^\305t\255 \021R\3003\327\3170\334$i\311\021]\223\037|\2122\300""; "
1750587293382,1750587293382,520,1,2,1,TMLedgerData,"ledgerHash: ""\237\231\311\371Y@""\177>\241""\310\233r\315\210Z\003g\334\034\021\305\3353Q\035\224\200\224\347\257""; ledgerSeq: 8; type: liTX_NODE; nodes {;   nodedata: ""\274\022\000\000""\000\000\000\000$\000\000\000\006 \033\000\000\000\032a@\000\000\023S/~\000h@\000\000\000\000\000\000\ns!\003\364\346'\245\361\313f\307\325O*\031\010 \337\241\354\3450V\376\031#\323\000\245'Q`4d\376tF0D\002 ,\010\365p6\304C\242\365\005bf\023\023\2535\373c\246@\nC\214\257Kj\3519\353\257)r\002 [n\210\266}:;pPVw\327i\342,4\316\274A\315\001|\214\302?\r\222\354\240\0308\221\201\024B\006\222#\215\346\234\245/\205\327[/\206^\005y\253G\373\203\024E0\246\210\344\325\345r\024T\251\006P\255\352\333\372\351\337\302\301] \034\000\000\000\000\370\345\021\000a%\000\000\000\006U\222c\273c4\225\334\221\227u?\025\314=\305/\262\367\217\375\027j\323\304\372\312Fv\2716\001\355V`\201|\265N\251\301Y\240\225\206\033+\t\343\352\033+\325\025OC\253O\023\305&l\256\252\351\247\346$\000\000\000\006b@\000\000\027H\206*@\341\347""\000\000\000\000$\000\000\000\007-\000\000\000\000b@\000\000\003\365V\2546\201\024B\006\222#\215\346\234\245/\205\327[/\206^\005y\253G\373\341\341\345\021\000a%\000\000\000\006U\246C\232\272\013^\241\340~\030'\005/\234\037\355\231\230\017\266\365\303w\360\273\374\234\362S:\270\023V\250\327\275\254\201\236\370\336\205\322\273\305\241\026\265L\374\365\316\330\225\325\203\316\303\217\337V\341\265\274\252\346b@\000\000\027H\206*@\341\347""\000\000\000\000$\000\000\000\006-\000\000\000\000b@\000\000*\233\265\250@\201\024E0\246\210\344\325\345r\024T\251\006P\255\352\333\372\351\337\302\341\341\361\003\020\000\247\272\246\2214\014W1\360z\262\252=\343\207'\275\266;\016\021\306\330\030\225\023\357\272\353\200x\221\004"";   nodeid: ""\240\000\000\000\000\000\000\000\000\000\000\000\000\000\000\000\000\000\000\000\000\000\000\000\000\000\000\000\000\000\000\000\001""; }; ","ledgerHash: ""\237\231\311\371Y@""\177>\241""\310\233r\315\210Z\003g\334\034\021\305\3353Q\035\224\200\224\347\257""; ledgerSeq: 8; type: liTX_NODE; nodes {;   nodedata: ""\274\022\000\000""\000\000\000\000$\000\000\000\006 \033\000\000\000\032a@\000\000\023S/~\000h@\000\000\000\000\000\000\ns!\003\364\346'\245\361\313f\307\325O*\031\010 \337\241\354\3450V\376\031#\323\000\245'Q`4d\376tF0D\002 ,\010\365p6\304C\242\365\005bf\023\023\2535\373c\246@\nC\214\257Kj\3519\353\257)r\002 [n\210\266}:;pPVw\327i\342,4\316\274A\315\001|\214\302?\r\222\354\240\0308\221\201\024B\006\222#\215\346\234\245/\205\327[/\206^\005y\253G\373\203\024E0\246\210\344\325\345r\024T\251\006P\255\352\333\372\351\337\302\301] \034\000\000\000\000\370\345\021\000a%\000\000\000\006U\222c\273c4\225\334\221\227u?\025\314=\305/\262\367\217\375\027j\323\304\372\312Fv\2716\001\355V`\201|\265N\251\301Y\240\225\206\033+\t\343\352\033+\325\025OC\253O\023\305&l\256\252\351\247\346$\000\000\000\006b@\000\000\027H\206*@\341\347""\000\000\000\000$\000\000\000\007-\000\000\000\000b@\000\000\003\365V\2546\201\024B\006\222#\215\346\234\245/\205\327[/\206^\005y\253G\373\341\341\345\021\000a%\000\000\000\006U\246C\232\272\013^\241\340~\030'\005/\234\037\355\231\230\017\266\365\303w\360\273\374\234\362S:\270\023V\250\327\275\254\201\236\370\336\205\322\273\305\241\026\265L\374\365\316\330\225\325\203\316\303\217\337V\341\265\274\252\346b@\000\000\027H\206*@\341\347""\000\000\000\000$\000\000\000\006-\000\000\000\000b@\000\000*\233\265\250@\201\024E0\246\210\344\325\345r\024T\251\006P\255\352\333\372\351\337\302\341\341\361\003\020\000\247\272\246\2214\014W1\360z\262\252=\343\207'\275\266;\016\021\306\330\030\225\023\357\272\353\200x\221\004"";   nodeid: ""\240\000\000\000\000\000\000\000\000\000\000\000\000\000\000\000\000\000\000\000\000\000\000\000\000\000\000\000\000\000\000\000\001""; }; "
1750587293448,1750587293448,1939,1,1,4,TMValidation,"validation: """"\200\000\000\001&\000\000\000\n)/\352\224\035:?HT\314/\177\320^Q\276\322i\233\014\037\027Z\351\022\216@=S\205\334\033\374\234n\r\270\210]\013\203\356\024\366\354\260\007P\027\000\000\000\000\000\000\000\000\000\000\000\000\000\000\000\000\000\000\000\000\000\000\000\000\000\000\000\000\000\000\000\000P\031\317\351\2337\023\262\336W\254\222\315\335\317oP\221\031g\037\220\357Ft\030n\306\370\n\354\226\365\346s!\003\343\005\311u\203\370\0338\3174\324\010\006\301\251\177\261\304eOX\262)FA-\022r\263wm\024vG0E\002!\000\340\023\302\327\225\234~\251/\3453\241\375B\315\036\236\377\341c\267\377\037\226Uc\204\034\226\301\207\354\002 4\S!\356\360s\255a,\361&\036Z\240\305\000\310\370\256wz\323\223\017\306^<\375\275\342\366""; ","validation: """"\200\000\000\001&\000\000\000\n)/\352\224\035:?HT\314/\177\320^Q\276\322i\233\014\037\027Z\351\022\216@=S\205\334\033\374\234n\r\270\210]\013\203\356\024\366\354\260\007P\027\000\000\000\000\000\000\000\000\000\000\000\000\000\000\000\000\000\000\000\000\000\000\000\000\000\000\000\000\000\000\000\000P\031\317\351\2337\023\262\336W\254\222\315\335\317oP\221\031g\037\220\357Ft\030n\306\370\n\354\226\365\346s!\003\343\005\311u\203\370\0338\3174\324\010\006\301\251\177\261\304eOX\262)FA-\022r\263wm\024vG0E\002!\000\340\023\302\327\225\234~\251/\3453\241\375B\315\036\236\377\341c\267\377\037\226Uc\204\034\226\301\207\354\002 4\S!\356\360s\255a,\361&\036Z\240\305\000\310\370\256wz\323\223\017\306^<\375\275\342\366""; "
1750587293449,1750587293449,3522,1,1,4,TMStatusChange,"newEvent: neACCEPTED_LEDGER; ledgerSeq: 10; ledgerHash: ""\276\322i\233\014\037\027Z\351\022\216@=S\205\334\033\374\234n\r\270\210]\013\203\356\024\366\354\260\007""; ledgerHashPrevious: ""\317\351\2337\023\262\336W\254\222\315\335\317oP\221\031g\037\220\357Ft\030n\306\370\n\354\226\365\346""; networkTime: 803902493; firstSeq: 1; lastSeq: 9; ","newEvent: neACCEPTED_LEDGER; ledgerSeq: 10; ledgerHash: ""\276\322i\233\014\037\027Z\351\022\216@=S\205\334\033\374\234n\r\270\210]\013\203\356\024\366\354\260\007""; ledgerHashPrevious: ""\317\351\2337\023\262\336W\254\222\315\335\317oP\221\031g\037\220\357Ft\030n\306\370\n\354\226\365\346""; networkTime: 803902493; firstSeq: 1; lastSeq: 9; "
1750587293449,1750587293449,1289,1,1,3,TMValidation,"validation: """"\200\000\000\001&\000\000\000\n)/\352\224\035:?HT\314/\177\320^Q\276\322i\233\014\037\027Z\351\022\216@=S\205\334\033\374\234n\r\270\210]\013\203\356\024\366\354\260\007P\027\000\000\000\000\000\000\000\000\000\000\000\000\000\000\000\000\000\000\000\000\000\000\000\000\000\000\000\000\000\000\000\000P\031\317\351\2337\023\262\336W\254\222\315\335\317oP\221\031g\037\220\357Ft\030n\306\370\n\354\226\365\346s!\003\343\005\311u\203\370\0338\3174\324\010\006\301\251\177\261\304eOX\262)FA-\022r\263wm\024vG0E\002!\000\340\023\302\327\225\234~\251/\3453\241\375B\315\036\236\377\341c\267\377\037\226Uc\204\034\226\301\207\354\002 4\S!\356\360s\255a,\361&\036Z\240\305\000\310\370\256wz\323\223\017\306^<\375\275\342\366""; ","validation: """"\200\000\000\001&\000\000\000\n)/\352\224\035:?HT\314/\177\320^Q\276\322i\233\014\037\027Z\351\022\216@=S\205\334\033\374\234n\r\270\210]\013\203\356\024\366\354\260\007P\027\000\000\000\000\000\000\000\000\000\000\000\000\000\000\000\000\000\000\000\000\000\000\000\000\000\000\000\000\000\000\000\000P\031\317\351\2337\023\262\336W\254\222\315\335\317oP\221\031g\037\220\357Ft\030n\306\370\n\354\226\365\346s!\003\343\005\311u\203\370\0338\3174\324\010\006\301\251\177\261\304eOX\262)FA-\022r\263wm\024vG0E\002!\000\340\023\302\327\225\234~\251/\3453\241\375B\315\036\236\377\341c\267\377\037\226Uc\204\034\226\301\207\354\002 4\S!\356\360s\255a,\361&\036Z\240\305\000\310\370\256wz\323\223\017\306^<\375\275\342\366""; "
1750587293448,1750587293448,961,1,1,2,TMStatusChange,"newEvent: neACCEPTED_LEDGER; ledgerSeq: 10; ledgerHash: ""\276\322i\233\014\037\027Z\351\022\216@=S\205\334\033\374\234n\r\270\210]\013\203\356\024\366\354\260\007""; ledgerHashPrevious: ""\317\351\2337\023\262\336W\254\222\315\335\317oP\221\031g\037\220\357Ft\030n\306\370\n\354\226\365\346""; networkTime: 803902493; firstSeq: 1; lastSeq: 9; ","newEvent: neACCEPTED_LEDGER; ledgerSeq: 10; ledgerHash: ""\276\322i\233\014\037\027Z\351\022\216@=S\205\334\033\374\234n\r\270\210]\013\203\356\024\366\354\260\007""; ledgerHashPrevious: ""\317\351\2337\023\262\336W\254\222\315\335\317oP\221\031g\037\220\357Ft\030n\306\370\n\354\226\365\346""; networkTime: 803902493; firstSeq: 1; lastSeq: 9; "
1750587293450,1750587293450,1862,1,1,0,TMStatusChange,"newEvent: neACCEPTED_LEDGER; ledgerSeq: 10; ledgerHash: ""\276\322i\233\014\037\027Z\351\022\216@=S\205\334\033\374\234n\r\270\210]\013\203\356\024\366\354\260\007""; ledgerHashPrevious: ""\317\351\2337\023\262\336W\254\222\315\335\317oP\221\031g\037\220\357Ft\030n\306\370\n\354\226\365\346""; networkTime: 803902493; firstSeq: 1; lastSeq: 9; ","newEvent: neACCEPTED_LEDGER; ledgerSeq: 10; ledgerHash: ""\276\322i\233\014\037\027Z\351\022\216@=S\205\334\033\374\234n\r\270\210]\013\203\356\024\366\354\260\007""; ledgerHashPrevious: ""\317\351\2337\023\262\336W\254\222\315\335\317oP\221\031g\037\220\357Ft\030n\306\370\n\354\226\365\346""; networkTime: 803902493; firstSeq: 1; lastSeq: 9; "
1750587293451,1750587293451,1020,1,1,3,TMStatusChange,"newEvent: neACCEPTED_LEDGER; ledgerSeq: 10; ledgerHash: ""\276\322i\233\014\037\027Z\351\022\216@=S\205\334\033\374\234n\r\270\210]\013\203\356\024\366\354\260\007""; ledgerHashPrevious: ""\317\351\2337\023\262\336W\254\222\315\335\317oP\221\031g\037\220\357Ft\030n\306\370\n\354\226\365\346""; networkTime: 803902493; firstSeq: 1; lastSeq: 9; ","newEvent: neACCEPTED_LEDGER; ledgerSeq: 10; ledgerHash: ""\276\322i\233\014\037\027Z\351\022\216@=S\205\334\033\374\234n\r\270\210]\013\203\356\024\366\354\260\007""; ledgerHashPrevious: ""\317\351\2337\023\262\336W\254\222\315\335\317oP\221\031g\037\220\357Ft\030n\306\370\n\354\226\365\346""; networkTime: 803902493; firstSeq: 1; lastSeq: 9; "
1750587293451,1750587293451,1652,1,1,2,TMValidation,"validation: """"\200\000\000\001&\000\000\000\n)/\352\224\035:?HT\314/\177\320^Q\276\322i\233\014\037\027Z\351\022\216@=S\205\334\033\374\234n\r\270\210]\013\203\356\024\366\354\260\007P\027\000\000\000\000\000\000\000\000\000\000\000\000\000\000\000\000\000\000\000\000\000\000\000\000\000\000\000\000\000\000\000\000P\031\317\351\2337\023\262\336W\254\222\315\335\317oP\221\031g\037\220\357Ft\030n\306\370\n\354\226\365\346s!\003\343\005\311u\203\370\0338\3174\324\010\006\301\251\177\261\304eOX\262)FA-\022r\263wm\024vG0E\002!\000\340\023\302\327\225\234~\251/\3453\241\375B\315\036\236\377\341c\267\377\037\226Uc\204\034\226\301\207\354\002 4\S!\356\360s\255a,\361&\036Z\240\305\000\310\370\256wz\323\223\017\306^<\375\275\342\366""; ","validation: """"\200\000\000\001&\000\000\000\n)/\352\224\035:?HT\314/\177\320^Q\276\322i\233\014\037\027Z\351\022\216@=S\205\334\033\374\234n\r\270\210]\013\203\356\024\366\354\260\007P\027\000\000\000\000\000\000\000\000\000\000\000\000\000\000\000\000\000\000\000\000\000\000\000\000\000\000\000\000\000\000\000\000P\031\317\351\2337\023\262\336W\254\222\315\335\317oP\221\031g\037\220\357Ft\030n\306\370\n\354\226\365\346s!\003\343\005\311u\203\370\0338\3174\324\010\006\301\251\177\261\304eOX\262)FA-\022r\263wm\024vG0E\002!\000\340\023\302\327\225\234~\251/\3453\241\375B\315\036\236\377\341c\267\377\037\226Uc\204\034\226\301\207\354\002 4\S!\356\360s\255a,\361&\036Z\240\305\000\310\370\256wz\323\223\017\306^<\375\275\342\366""; "
1750587293480,1750587293481,3090,1,1,0,TMValidation,"validation: """"\200\000\000\001&\000\000\000\n)/\352\224\035:?HT\314/\177\320^Q\276\322i\233\014\037\027Z\351\022\216@=S\205\334\033\374\234n\r\270\210]\013\203\356\024\366\354\260\007P\027\000\000\000\000\000\000\000\000\000\000\000\000\000\000\000\000\000\000\000\000\000\000\000\000\000\000\000\000\000\000\000\000P\031\317\351\2337\023\262\336W\254\222\315\335\317oP\221\031g\037\220\357Ft\030n\306\370\n\354\226\365\346s!\003\343\005\311u\203\370\0338\3174\324\010\006\301\251\177\261\304eOX\262)FA-\022r\263wm\024vG0E\002!\000\340\023\302\327\225\234~\251/\3453\241\375B\315\036\236\377\341c\267\377\037\226Uc\204\034\226\301\207\354\002 4\S!\356\360s\255a,\361&\036Z\240\305\000\310\370\256wz\323\223\017\306^<\375\275\342\366""; ","validation: """"\200\000\000\001&\000\000\000\n)/\352\224\035:?HT\314/\177\320^Q\276\322i\233\014\037\027Z\351\022\216@=S\205\334\033\374\234n\r\270\210]\013\203\356\024\366\354\260\007P\027\000\000\000\000\000\000\000\000\000\000\000\000\000\000\000\000\000\000\000\000\000\000\000\000\000\000\000\000\000\000\000\000P\031\317\351\2337\023\262\336W\254\222\315\335\317oP\221\031g\037\220\357Ft\030n\306\370\n\354\226\365\346s!\003\343\005\311u\203\370\0338\3174\324\010\006\301\251\177\261\304eOX\262)FA-\022r\263wm\024vG0E\002!\000\340\023\302\327\225\234~\251/\3453\241\375B\315\036\236\377\341c\267\377\037\226Uc\204\034\226\301\207\354\002 4\S!\356\360s\255a,\361&\036Z\240\305\000\310\370\256wz\323\223\017\306^<\375\275\342\366""; "
1750587293550,1750587293550,1772,1,4,3,TMLedgerData,"ledgerHash: ""q|\216``\027\240\206w\312\263+\241\310\271\371\2034\351_\3373\tL\007q_p\342\264_z""; ledgerSeq: 0; type: liTS_CANDIDATE; nodes {;   nodedata: ""\003S\n\235\2624\346\340\377asq\337\223T\316nL\232)C!\360\245\205[L\224\\351\351\000\247\272\246\2214\014W1\360z\262\252=\343\207'\275\266;\016\021\306\330\030\225\023\357\272\353\200x\221\n\003"";   nodeid: ""\000\000\000\000\000\000\000\000\000\000\000\000\000\000\000\000\000\000\000\000\000\000\000\000\000\000\000\000\000\000\000\000\000""; }; ","ledgerHash: ""q|\216``\027\240\206w\312\263+\241\310\271\371\2034\351_\3373\tL\007q_p\342\264_z""; ledgerSeq: 0; type: liTS_CANDIDATE; nodes {;   nodedata: ""\003S\n\235\2624\346\340\377asq\337\223T\316nL\232)C!\360\245\205[L\224\\351\351\000\247\272\246\2214\014W1\360z\262\252=\343\207'\275\266;\016\021\306\330\030\225\023\357\272\353\200x\221\n\003"";   nodeid: ""\000\000\000\000\000\000\000\000\000\000\000\000\000\000\000\000\000\000\000\000\000\000\000\000\000\000\000\000\000\000\000\000\000""; }; "
1750587293800,1750587293800,1772,1,4,3,TMLedgerData,"ledgerHash: ""q|\216``\027\240\206w\312\263+\241\310\271\371\2034\351_\3373\tL\007q_p\342\264_z""; ledgerSeq: 0; type: liTS_CANDIDATE; nodes {;   nodedata: ""\003S\n\235\2624\346\340\377asq\337\223T\316nL\232)C!\360\245\205[L\224\\351\351\000\247\272\246\2214\014W1\360z\262\252=\343\207'\275\266;\016\021\306\330\030\225\023\357\272\353\200x\221\n\003"";   nodeid: ""\000\000\000\000\000\000\000\000\000\000\000\000\000\000\000\000\000\000\000\000\000\000\000\000\000\000\000\000\000\000\000\000\000""; }; ","ledgerHash: ""q|\216``\027\240\206w\312\263+\241\310\271\371\2034\351_\3373\tL\007q_p\342\264_z""; ledgerSeq: 0; type: liTS_CANDIDATE; nodes {;   nodedata: ""\003S\n\235\2624\346\340\377asq\337\223T\316nL\232)C!\360\245\205[L\224\\351\351\000\247\272\246\2214\014W1\360z\262\252=\343\207'\275\266;\016\021\306\330\030\225\023\357\272\353\200x\221\n\003"";   nodeid: ""\000\000\000\000\000\000\000\000\000\000\000\000\000\000\000\000\000\000\000\000\000\000\000\000\000\000\000\000\000\000\000\000\000""; }; "
1750587293858,1750587293858,557,1,4,1,TMGetLedger,"itype: liBASE; ledgerHash: ""\317\351\2337\023\262\336W\254\222\315\335\317oP\221\031g\037\220\357Ft\030n\306\370\n\354\226\365\346""; requestCookie: 4; queryType: qtINDIRECT; ","itype: liBASE; ledgerHash: ""\317\351\2337\023\262\336W\254\222\315\335\317oP\221\031g\037\220\357Ft\030n\306\370\n\354\226\365\346""; requestCookie: 4; queryType: qtINDIRECT; "
1750587293878,1750587293878,734,1,3,2,TMValidation,"validation: """"\200\000\000\001&\000\000\000\n)/\352\224\035:\211l\014`\252m\212dQ\276\322i\233\014\037\027Z\351\022\216@=S\205\334\033\374\234n\r\270\210]\013\203\356\024\366\354\260\007P\027\000\000\000\000\000\000\000\000\000\000\000\000\000\000\000\000\000\000\000\000\000\000\000\000\000\000\000\000\000\000\000\000P\031\317\351\2337\023\262\336W\254\222\315\335\317oP\221\031g\037\220\357Ft\030n\306\370\n\354\226\365\346s!\003\325Q\255\224\274R@\312\253\262\347\352\034\346\347\242\215,\312\376=\277\353{\350\225\301\305`^, vG0E\002!\000\201\207\361\324\006\336\202\261\034\344\244\014R\377H\006\276\334o\343\370\271\003\371\365\231k\361\001\346r\346\002 m5\020)U\344\224\270\244\375\004\250\354{Z\352\333\342\307;?t\t\177b\2053\200*k\212\322""; ","validation: """"\200\000\000\001&\000\000\000\n)/\352\224\035:\211l\014`\252m\212dQ\276\322i\233\014\037\027Z\351\022\216@=S\205\334\033\374\234n\r\270\210]\013\203\356\024\366\354\260\007P\027\000\000\000\000\000\000\000\000\000\000\000\000\000\000\000\000\000\000\000\000\000\000\000\000\000\000\000\000\000\000\000\000P\031\317\351\2337\023\262\336W\254\222\315\335\317oP\221\031g\037\220\357Ft\030n\306\370\n\354\226\365\346s!\003\325Q\255\224\274R@\312\253\262\347\352\034\346\347\242\215,\312\376=\277\353{\350\225\301\305`^, vG0E\002!\000\201\207\361\324\006\336\202\261\034\344\244\014R\377H\006\276\334o\343\370\271\003\371\365\231k\361\001\346r\346\002 m5\020)U\344\224\270\244\375\004\250\354{Z\352\333\342\307;?t\t\177b\2053\200*k\212\322""; "
1750587293878,1750587293879,3501,1,3,4,TMValidation,"validation: """"\200\000\000\001&\000\000\000\n)/\352\224\035:\211l\014`\252m\212dQ\276\322i\233\014\037\027Z\351\022\216@=S\205\334\033\374\234n\r\270\210]\013\203\356\024\366\354\260\007P\027\000\000\000\000\000\000\000\000\000\000\000\000\000\000\000\000\000\000\000\000\000\000\000\000\000\000\000\000\000\000\000\000P\031\317\351\2337\023\262\336W\254\222\315\335\317oP\221\031g\037\220\357Ft\030n\306\370\n\354\226\365\346s!\003\325Q\255\224\274R@\312\253\262\347\352\034\346\347\242\215,\312\376=\277\353{\350\225\301\305`^, vG0E\002!\000\201\207\361\324\006\336\202\261\034\344\244\014R\377H\006\276\334o\343\370\271\003\371\365\231k\361\001\346r\346\002 m5\020)U\344\224\270\244\375\004\250\354{Z\352\333\342\307;?t\t\177b\2053\200*k\212\322""; ","validation: """"\200\000\000\001&\000\000\000\n)/\352\224\035:\211l\014`\252m\212dQ\276\322i\233\014\037\027Z\351\022\216@=S\205\334\033\374\234n\r\270\210]\013\203\356\024\366\354\260\007P\027\000\000\000\000\000\000\000\000\000\000\000\000\000\000\000\000\000\000\000\000\000\000\000\000\000\000\000\000\000\000\000\000P\031\317\351\2337\023\262\336W\254\222\315\335\317oP\221\031g\037\220\357Ft\030n\306\370\n\354\226\365\346s!\003\325Q\255\224\274R@\312\253\262\347\352\034\346\347\242\215,\312\376=\277\353{\350\225\301\305`^, vG0E\002!\000\201\207\361\324\006\336\202\261\034\344\244\014R\377H\006\276\334o\343\370\271\003\371\365\231k\361\001\346r\346\002 m5\020)U\344\224\270\244\375\004\250\354{Z\352\333\342\307;?t\t\177b\2053\200*k\212\322""; "
1750587293879,1750587293879,972,1,3,4,TMStatusChange,"newEvent: neACCEPTED_LEDGER; ledgerSeq: 10; ledgerHash: ""\276\322i\233\014\037\027Z\351\022\216@=S\205\334\033\374\234n\r\270\210]\013\203\356\024\366\354\260\007""; ledgerHashPrevious: ""\317\351\2337\023\262\336W\254\222\315\335\317oP\221\031g\037\220\357Ft\030n\306\370\n\354\226\365\346""; networkTime: 803902493; firstSeq: 9; lastSeq: 9; ","newEvent: neACCEPTED_LEDGER; ledgerSeq: 10; ledgerHash: ""\276\322i\233\014\037\027Z\351\022\216@=S\205\334\033\374\234n\r\270\210]\013\203\356\024\366\354\260\007""; ledgerHashPrevious: ""\317\351\2337\023\262\336W\254\222\315\335\317oP\221\031g\037\220\357Ft\030n\306\370\n\354\226\365\346""; networkTime: 803902493; firstSeq: 9; lastSeq: 9; "
1750587293880,1750587293880,2573,1,3,1,TMValidation,"validation: """"\200\000\000\001&\000\000\000\n)/\352\224\035:\211l\014`\252m\212dQ\276\322i\233\014\037\027Z\351\022\216@=S\205\334\033\374\234n\r\270\210]\013\203\356\024\366\354\260\007P\027\000\000\000\000\000\000\000\000\000\000\000\000\000\000\000\000\000\000\000\000\000\000\000\000\000\000\000\000\000\000\000\000P\031\317\351\2337\023\262\336W\254\222\315\335\317oP\221\031g\037\220\357Ft\030n\306\370\n\354\226\365\346s!\003\325Q\255\224\274R@\312\253\262\347\352\034\346\347\242\215,\312\376=\277\353{\350\225\301\305`^, vG0E\002!\000\201\207\361\324\006\336\202\261\034\344\244\014R\377H\006\276\334o\343\370\271\003\371\365\231k\361\001\346r\346\002 m5\020)U\344\224\270\244\375\004\250\354{Z\352\333\342\307;?t\t\177b\2053\200*k\212\322""; ","validation: """"\200\000\000\001&\000\000\000\n)/\352\224\035:\211l\014`\252m\212dQ\276\322i\233\014\037\027Z\351\022\216@=S\205\334\033\374\234n\r\270\210]\013\203\356\024\366\354\260\007P\027\000\000\000\000\000\000\000\000\000\000\000\000\000\000\000\000\000\000\000\000\000\000\000\000\000\000\000\000\000\000\000\000P\031\317\351\2337\023\262\336W\254\222\315\335\317oP\221\031g\037\220\357Ft\030n\306\370\n\354\226\365\346s!\003\325Q\255\224\274R@\312\253\262\347\352\034\346\347\242\215,\312\376=\277\353{\350\225\301\305`^, vG0E\002!\000\201\207\361\324\006\336\202\261\034\344\244\014R\377H\006\276\334o\343\370\271\003\371\365\231k\361\001\346r\346\002 m5\020)U\344\224\270\244\375\004\250\354{Z\352\333\342\307;?t\t\177b\2053\200*k\212\322""; "
1750587293880,1750587293880,1591,1,3,1,TMStatusChange,"newEvent: neACCEPTED_LEDGER; ledgerSeq: 10; ledgerHash: ""\276\322i\233\014\037\027Z\351\022\216@=S\205\334\033\374\234n\r\270\210]\013\203\356\024\366\354\260\007""; ledgerHashPrevious: ""\317\351\2337\023\262\336W\254\222\315\335\317oP\221\031g\037\220\357Ft\030n\306\370\n\354\226\365\346""; networkTime: 803902493; firstSeq: 9; lastSeq: 9; ","newEvent: neACCEPTED_LEDGER; ledgerSeq: 10; ledgerHash: ""\276\322i\233\014\037\027Z\351\022\216@=S\205\334\033\374\234n\r\270\210]\013\203\356\024\366\354\260\007""; ledgerHashPrevious: ""\317\351\2337\023\262\336W\254\222\315\335\317oP\221\031g\037\220\357Ft\030n\306\370\n\354\226\365\346""; networkTime: 803902493; firstSeq: 9; lastSeq: 9; "
1750587293880,1750587293880,854,1,3,2,TMStatusChange,"newEvent: neACCEPTED_LEDGER; ledgerSeq: 10; ledgerHash: ""\276\322i\233\014\037\027Z\351\022\216@=S\205\334\033\374\234n\r\270\210]\013\203\356\024\366\354\260\007""; ledgerHashPrevious: ""\317\351\2337\023\262\336W\254\222\315\335\317oP\221\031g\037\220\357Ft\030n\306\370\n\354\226\365\346""; networkTime: 803902493; firstSeq: 9; lastSeq: 9; ","newEvent: neACCEPTED_LEDGER; ledgerSeq: 10; ledgerHash: ""\276\322i\233\014\037\027Z\351\022\216@=S\205\334\033\374\234n\r\270\210]\013\203\356\024\366\354\260\007""; ledgerHashPrevious: ""\317\351\2337\023\262\336W\254\222\315\335\317oP\221\031g\037\220\357Ft\030n\306\370\n\354\226\365\346""; networkTime: 803902493; firstSeq: 9; lastSeq: 9; "
1750587293881,1750587293881,3767,1,3,0,TMValidation,"validation: """"\200\000\000\001&\000\000\000\n)/\352\224\035:\211l\014`\252m\212dQ\276\322i\233\014\037\027Z\351\022\216@=S\205\334\033\374\234n\r\270\210]\013\203\356\024\366\354\260\007P\027\000\000\000\000\000\000\000\000\000\000\000\000\000\000\000\000\000\000\000\000\000\000\000\000\000\000\000\000\000\000\000\000P\031\317\351\2337\023\262\336W\254\222\315\335\317oP\221\031g\037\220\357Ft\030n\306\370\n\354\226\365\346s!\003\325Q\255\224\274R@\312\253\262\347\352\034\346\347\242\215,\312\376=\277\353{\350\225\301\305`^, vG0E\002!\000\201\207\361\324\006\336\202\261\034\344\244\014R\377H\006\276\334o\343\370\271\003\371\365\231k\361\001\346r\346\002 m5\020)U\344\224\270\244\375\004\250\354{Z\352\333\342\307;?t\t\177b\2053\200*k\212\322""; ","validation: """"\200\000\000\001&\000\000\000\n)/\352\224\035:\211l\014`\252m\212dQ\276\322i\233\014\037\027Z\351\022\216@=S\205\334\033\374\234n\r\270\210]\013\203\356\024\366\354\260\007P\027\000\000\000\000\000\000\000\000\000\000\000\000\000\000\000\000\000\000\000\000\000\000\000\000\000\000\000\000\000\000\000\000P\031\317\351\2337\023\262\336W\254\222\315\335\317oP\221\031g\037\220\357Ft\030n\306\370\n\354\226\365\346s!\003\325Q\255\224\274R@\312\253\262\347\352\034\346\347\242\215,\312\376=\277\353{\350\225\301\305`^, vG0E\002!\000\201\207\361\324\006\336\202\261\034\344\244\014R\377H\006\276\334o\343\370\271\003\371\365\231k\361\001\346r\346\002 m5\020)U\344\224\270\244\375\004\250\354{Z\352\333\342\307;?t\t\177b\2053\200*k\212\322""; "
1750587293881,1750587293881,1393,1,3,0,TMStatusChange,"newEvent: neACCEPTED_LEDGER; ledgerSeq: 10; ledgerHash: ""\276\322i\233\014\037\027Z\351\022\216@=S\205\334\033\374\234n\r\270\210]\013\203\356\024\366\354\260\007""; ledgerHashPrevious: ""\317\351\2337\023\262\336W\254\222\315\335\317oP\221\031g\037\220\357Ft\030n\306\370\n\354\226\365\346""; networkTime: 803902493; firstSeq: 9; lastSeq: 9; ","newEvent: neACCEPTED_LEDGER; ledgerSeq: 10; ledgerHash: ""\276\322i\233\014\037\027Z\351\022\216@=S\205\334\033\374\234n\r\270\210]\013\203\356\024\366\354\260\007""; ledgerHashPrevious: ""\317\351\2337\023\262\336W\254\222\315\335\317oP\221\031g\037\220\357Ft\030n\306\370\n\354\226\365\346""; networkTime: 803902493; firstSeq: 9; lastSeq: 9; "
1750587293987,1750587293987,1772,1,4,3,TMLedgerData,"ledgerHash: ""q|\216``\027\240\206w\312\263+\241\310\271\371\2034\351_\3373\tL\007q_p\342\264_z""; ledgerSeq: 0; type: liTS_CANDIDATE; nodes {;   nodedata: ""\003S\n\235\2624\346\340\377asq\337\223T\316nL\232)C!\360\245\205[L\224\\351\351\000\247\272\246\2214\014W1\360z\262\252=\343\207'\275\266;\016\021\306\330\030\225\023\357\272\353\200x\221\n\003"";   nodeid: ""\000\000\000\000\000\000\000\000\000\000\000\000\000\000\000\000\000\000\000\000\000\000\000\000\000\000\000\000\000\000\000\000\000""; }; ","ledgerHash: ""q|\216``\027\240\206w\312\263+\241\310\271\371\2034\351_\3373\tL\007q_p\342\264_z""; ledgerSeq: 0; type: liTS_CANDIDATE; nodes {;   nodedata: ""\003S\n\235\2624\346\340\377asq\337\223T\316nL\232)C!\360\245\205[L\224\\351\351\000\247\272\246\2214\014W1\360z\262\252=\343\207'\275\266;\016\021\306\330\030\225\023\357\272\353\200x\221\n\003"";   nodeid: ""\000\000\000\000\000\000\000\000\000\000\000\000\000\000\000\000\000\000\000\000\000\000\000\000\000\000\000\000\000\000\000\000\000""; }; "
1750587294100,1750587294100,2970,1,0,4,TMProposeSet,"proposeSeq: 0; currentTxHash: ""\000\000\000\000\000\000\000\000\000\000\000\000\000\000\000\000\000\000\000\000\000\000\000\000\000\000\000\000\000\000\000\000""; nodePubKey: ""\003ql\302)\235\321\t\213\224\356\374%%\311\327\037\374\304\t\335\2359\344\233\035]\347<u\236\364\222""; closeTime: 803902490; signature: ""0D\002 \006\247\301*\032Zn\260\301\n\324\275EX\231\032\0105\224\335\207\374\221_,WH\223{\204-\255\002 \035/\233j5\262IA\236\343\031\211\222j\204\204\251Z\304u1\302ZL\\3362\337\273\200\352\022""; previousledger: ""\317\351\2337\023\262\336W\254\222\315\335\317oP\221\031g\037\220\357Ft\030n\306\370\n\354\226\365\346""; ","proposeSeq: 0; currentTxHash: ""\000\000\000\000\000\000\000\000\000\000\000\000\000\000\000\000\000\000\000\000\000\000\000\000\000\000\000\000\000\000\000\000""; nodePubKey: ""\003ql\302)\235\321\t\213\224\356\374%%\311\327\037\374\304\t\335\2359\344\233\035]\347<u\236\364\222""; closeTime: 803902490; signature: ""0D\002 \006\247\301*\032Zn\260\301\n\324\275EX\231\032\0105\224\335\207\374\221_,WH\223{\204-\255\002 \035/\233j5\262IA\236\343\031\211\222j\204\204\251Z\304u1\302ZL\\3362\337\273\200\352\022""; previousledger: ""\317\351\2337\023\262\336W\254\222\315\335\317oP\221\031g\037\220\357Ft\030n\306\370\n\354\226\365\346""; "
1750587294100,1750587294100,141,1,0,3,TMProposeSet,"proposeSeq: 0; currentTxHash: ""\000\000\000\000\000\000\000\000\000\000\000\000\000\000\000\000\000\000\000\000\000\000\000\000\000\000\000\000\000\000\000\000""; nodePubKey: ""\003ql\302)\235\321\t\213\224\356\374%%\311\327\037\374\304\t\335\2359\344\233\035]\347<u\236\364\222""; closeTime: 803902490; signature: ""0D\002 \006\247\301*\032Zn\260\301\n\324\275EX\231\032\0105\224\335\207\374\221_,WH\223{\204-\255\002 \035/\233j5\262IA\236\343\031\211\222j\204\204\251Z\304u1\302ZL\\3362\337\273\200\352\022""; previousledger: ""\317\351\2337\023\262\336W\254\222\315\335\317oP\221\031g\037\220\357Ft\030n\306\370\n\354\226\365\346""; ","proposeSeq: 0; currentTxHash: ""\000\000\000\000\000\000\000\000\000\000\000\000\000\000\000\000\000\000\000\000\000\000\000\000\000\000\000\000\000\000\000\000""; nodePubKey: ""\003ql\302)\235\321\t\213\224\356\374%%\311\327\037\374\304\t\335\2359\344\233\035]\347<u\236\364\222""; closeTime: 803902490; signature: ""0D\002 \006\247\301*\032Zn\260\301\n\324\275EX\231\032\0105\224\335\207\374\221_,WH\223{\204-\255\002 \035/\233j5\262IA\236\343\031\211\222j\204\204\251Z\304u1\302ZL\\3362\337\273\200\352\022""; previousledger: ""\317\351\2337\023\262\336W\254\222\315\335\317oP\221\031g\037\220\357Ft\030n\306\370\n\354\226\365\346""; "
1750587294101,1750587294101,1290,1,0,2,TMProposeSet,"proposeSeq: 0; currentTxHash: ""\000\000\000\000\000\000\000\000\000\000\000\000\000\000\000\000\000\000\000\000\000\000\000\000\000\000\000\000\000\000\000\000""; nodePubKey: ""\003ql\302)\235\321\t\213\224\356\374%%\311\327\037\374\304\t\335\2359\344\233\035]\347<u\236\364\222""; closeTime: 803902490; signature: ""0D\002 \006\247\301*\032Zn\260\301\n\324\275EX\231\032\0105\224\335\207\374\221_,WH\223{\204-\255\002 \035/\233j5\262IA\236\343\031\211\222j\204\204\251Z\304u1\302ZL\\3362\337\273\200\352\022""; previousledger: ""\317\351\2337\023\262\336W\254\222\315\335\317oP\221\031g\037\220\357Ft\030n\306\370\n\354\226\365\346""; ","proposeSeq: 0; currentTxHash: ""\000\000\000\000\000\000\000\000\000\000\000\000\000\000\000\000\000\000\000\000\000\000\000\000\000\000\000\000\000\000\000\000""; nodePubKey: ""\003ql\302)\235\321\t\213\224\356\374%%\311\327\037\374\304\t\335\2359\344\233\035]\347<u\236\364\222""; closeTime: 803902490; signature: ""0D\002 \006\247\301*\032Zn\260\301\n\324\275EX\231\032\0105\224\335\207\374\221_,WH\223{\204-\255\002 \035/\233j5\262IA\236\343\031\211\222j\204\204\251Z\304u1\302ZL\\3362\337\273\200\352\022""; previousledger: ""\317\351\2337\023\262\336W\254\222\315\335\317oP\221\031g\037\220\357Ft\030n\306\370\n\354\226\365\346""; "
1750587294122,1750587294122,769,1,4,0,TMGetLedger,"itype: liTX_NODE; ledgerHash: ""\317\351\2337\023\262\336W\254\222\315\335\317oP\221\031g\037\220\357Ft\030n\306\370\n\354\226\365\346""; ledgerSeq: 9; nodeIDs: ""\000\000\000\000\000\000\000\000\000\000\000\000\000\000\000\000\000\000\000\000\000\000\000\000\000\000\000\000\000\000\000\000\001""; queryType: qtINDIRECT; queryDepth: 1; ","itype: liTX_NODE; ledgerHash: ""\317\351\2337\023\262\336W\254\222\315\335\317oP\221\031g\037\220\357Ft\030n\306\370\n\354\226\365\346""; ledgerSeq: 9; nodeIDs: ""\000\000\000\000\000\000\000\000\000\000\000\000\000\000\000\000\000\000\000\000\000\000\000\000\000\000\000\000\000\000\000\000\001""; queryType: qtINDIRECT; queryDepth: 1; "
1750587294288,1750587294288,1650,1,3,4,TMLedgerData,"ledgerHash: ""\317\351\2337\023\262\336W\254\222\315\335\317oP\221\031g\037\220\357Ft\030n\306\370\n\354\226\365\346""; ledgerSeq: 9; type: liBASE; nodes {;   nodedata: ""\000\000\000\t\001cEx]\211\377\330\354@[\274\202\021\202\373Vi\243\n\325\250\005e\360""m\346'\311@\343\016$L\346\334\360<w\342\231\026\240\014\324\271\220rC\024\362\265\336\002\002\360\266o!'\361\275\341\216\372S\213k\022\315#\326\366m9\177\342L\022\227\3375l\022\347\266\203]ct\263p\226$F\nq!H%\277c\276/\352\224\020/\352\224\021\n\000""; }; nodes {;   nodedata: ""h\315\350\215y\203\242]\371\235\232Pt&\325\210eZ\346\237XZ \277\2457n\221\336\253\245\317\002\304\206+8\t]\351\316\373|\311\263V\300\023\035\211\237\260\300\r\033u3a1\203\303\365\307k\347\006E\344\037@\210\363\010\336T\226\247'\204_{\261\370""1\235\2445\343\033Y!\212\201\341\272\225'\007*$\244&\336\343'\233i\332\374\245 {^\306-N\333\gE\006\347\212\331C\211Z\177\247\031\n(B\t\273\260\334\t_E\266#\243\240\230\251@\241\315\244\373\216 \t\3074I8[\215\005%\215\013\202_n)6q\357\2538_-\302\252B\204v\277\254\373\3322Ca\020\243\0105\263\257\367\032\254\016\003""; }; nodes {;   nodedata: ""\221hvL@\313IuYZ\030O\247\200\005\367\245\307u\202\277\rN\200Xk*\301o{""G\000\003""; }; ","ledgerHash: ""\317\351\2337\023\262\336W\254\222\315\335\317oP\221\031g\037\220\357Ft\030n\306\370\n\354\226\365\346""; ledgerSeq: 9; type: liBASE; nodes {;   nodedata: ""\000\000\000\t\001cEx]\211\377\330\354@[\274\202\021\202\373Vi\243\n\325\250\005e\360""m\346'\311@\343\016$L\346\334\360<w\342\231\026\240\014\324\271\220rC\024\362\265\336\002\002\360\266o!'\361\275\341\216\372S\213k\022\315#\326\366m9\177\342L\022\227\3375l\022\347\266\203]ct\263p\226$F\nq!H%\277c\276/\352\224\020/\352\224\021\n\000""; }; nodes {;   nodedata: ""h\315\350\215y\203\242]\371\235\232Pt&\325\210eZ\346\237XZ \277\2457n\221\336\253\245\317\002\304\206+8\t]\351\316\373|\311\263V\300\023\035\211\237\260\300\r\033u3a1\203\303\365\307k\347\006E\344\037@\210\363\010\336T\226\247'\204_{\261\370""1\235\2445\343\033Y!\212\201\341\272\225'\007*$\244&\336\343'\233i\332\374\245 {^\306-N\333\gE\006\347\212\331C\211Z\177\247\031\n(B\t\273\260\334\t_E\266#\243\240\230\251@\241\315\244\373\216 \t\3074I8[\215\005%\215\013\202_n)6q\357\2538_-\302\252B\204v\277\254\373\3322Ca\020\243\0105\263\257\367\032\254\016\003""; }; nodes {;   nodedata: ""\221hvL@\313IuYZ\030O\247\200\005\367\245\307u\202\277\rN\200Xk*\301o{""G\000\003""; }; "
1750587294289,1750587294289,1650,1,3,4,TMLedgerData,"ledgerHash: ""\317\351\2337\023\262\336W\254\222\315\335\317oP\221\031g\037\220\357Ft\030n\306\370\n\354\226\365\346""; ledgerSeq: 9; type: liBASE; nodes {;   nodedata: ""\000\000\000\t\001cEx]\211\377\330\354@[\274\202\021\202\373Vi\243\n\325\250\005e\360""m\346'\311@\343\016$L\346\334\360<w\342\231\026\240\014\324\271\220rC\024\362\265\336\002\002\360\266o!'\361\275\341\216\372S\213k\022\315#\326\366m9\177\342L\022\227\3375l\022\347\266\203]ct\263p\226$F\nq!H%\277c\276/\352\224\020/\352\224\021\n\000""; }; nodes {;   nodedata: ""h\315\350\215y\203\242]\371\235\232Pt&\325\210eZ\346\237XZ \277\2457n\221\336\253\245\317\002\304\206+8\t]\351\316\373|\311\263V\300\023\035\211\237\260\300\r\033u3a1\203\303\365\307k\347\006E\344\037@\210\363\010\336T\226\247'\204_{\261\370""1\235\2445\343\033Y!\212\201\341\272\225'\007*$\244&\336\343'\233i\332\374\245 {^\306-N\333\gE\006\347\212\331C\211Z\177\247\031\n(B\t\273\260\334\t_E\266#\243\240\230\251@\241\315\244\373\216 \t\3074I8[\215\005%\215\013\202_n)6q\357\2538_-\302\252B\204v\277\254\373\3322Ca\020\243\0105\263\257\367\032\254\016\003""; }; nodes {;   nodedata: ""\221hvL@\313IuYZ\030O\247\200\005\367\245\307u\202\277\rN\200Xk*\301o{""G\000\003""; }; ","ledgerHash: ""\317\351\2337\023\262\336W\254\222\315\335\317oP\221\031g\037\220\357Ft\030n\306\370\n\354\226\365\346""; ledgerSeq: 9; type: liBASE; nodes {;   nodedata: ""\000\000\000\t\001cEx]\211\377\330\354@[\274\202\021\202\373Vi\243\n\325\250\005e\360""m\346'\311@\343\016$L\346\334\360<w\342\231\026\240\014\324\271\220rC\024\362\265\336\002\002\360\266o!'\361\275\341\216\372S\213k\022\315#\326\366m9\177\342L\022\227\3375l\022\347\266\203]ct\263p\226$F\nq!H%\277c\276/\352\224\020/\352\224\021\n\000""; }; nodes {;   nodedata: ""h\315\350\215y\203\242]\371\235\232Pt&\325\210eZ\346\237XZ \277\2457n\221\336\253\245\317\002\304\206+8\t]\351\316\373|\311\263V\300\023\035\211\237\260\300\r\033u3a1\203\303\365\307k\347\006E\344\037@\210\363\010\336T\226\247'\204_{\261\370""1\235\2445\343\033Y!\212\201\341\272\225'\007*$\244&\336\343'\233i\332\374\245 {^\306-N\333\gE\006\347\212\331C\211Z\177\247\031\n(B\t\273\260\334\t_E\266#\243\240\230\251@\241\315\244\373\216 \t\3074I8[\215\005%\215\013\202_n)6q\357\2538_-\302\252B\204v\277\254\373\3322Ca\020\243\0105\263\257\367\032\254\016\003""; }; nodes {;   nodedata: ""\221hvL@\313IuYZ\030O\247\200\005\367\245\307u\202\277\rN\200Xk*\301o{""G\000\003""; }; "
1750587294329,1750587294329,3914,1,4,3,TMGetLedger,"itype: liBASE; ledgerHash: ""\276\322i\233\014\037\027Z\351\022\216@=S\205\334\033\374\234n\r\270\210]\013\203\356\024\366\354\260\007""; ledgerSeq: 10; ","itype: liBASE; ledgerHash: ""\276\322i\233\014\037\027Z\351\022\216@=S\205\334\033\374\234n\r\270\210]\013\203\356\024\366\354\260\007""; ledgerSeq: 10; "
1750587294331,1750587294331,1467,1,4,2,TMGetLedger,"itype: liBASE; ledgerHash: ""\276\322i\233\014\037\027Z\351\022\216@=S\205\334\033\374\234n\r\270\210]\013\203\356\024\366\354\260\007""; ledgerSeq: 10; ","itype: liBASE; ledgerHash: ""\276\322i\233\014\037\027Z\351\022\216@=S\205\334\033\374\234n\r\270\210]\013\203\356\024\366\354\260\007""; ledgerSeq: 10; "
1750587294330,1750587294330,1467,1,4,2,TMGetLedger,"itype: liBASE; ledgerHash: ""\276\322i\233\014\037\027Z\351\022\216@=S\205\334\033\374\234n\r\270\210]\013\203\356\024\366\354\260\007""; ledgerSeq: 10; queryType: qtINDIRECT; ","itype: liBASE; ledgerHash: ""\276\322i\233\014\037\027Z\351\022\216@=S\205\334\033\374\234n\r\270\210]\013\203\356\024\366\354\260\007""; ledgerSeq: 10; queryType: qtINDIRECT; "
1750587294330,1750587294330,557,1,4,1,TMGetLedger,"itype: liBASE; ledgerHash: ""\276\322i\233\014\037\027Z\351\022\216@=S\205\334\033\374\234n\r\270\210]\013\203\356\024\366\354\260\007""; ledgerSeq: 10; queryType: qtINDIRECT; ","itype: liBASE; ledgerHash: ""\276\322i\233\014\037\027Z\351\022\216@=S\205\334\033\374\234n\r\270\210]\013\203\356\024\366\354\260\007""; ledgerSeq: 10; queryType: qtINDIRECT; "
1750587294331,1750587294331,2819,1,4,1,TMValidation,"validation: """"\200\000\000\001&\000\000\000\n)/\352\224\034:Q\231\304\227'3\313\030Q\276\322i\233\014\037\027Z\351\022\216@=S\205\334\033\374\234n\r\270\210]\013\203\356\024\366\354\260\007P\027\000\000\000\000\000\000\000\000\000\000\000\000\000\000\000\000\000\000\000\000\000\000\000\000\000\000\000\000\000\000\000\000P\031\317\351\2337\023\262\336W\254\222\315\335\317oP\221\031g\037\220\357Ft\030n\306\370\n\354\226\365\346s!\003ql\302)\235\321\t\213\224\356\374%%\311\327\037\374\304\t\335\2359\344\233\035]\347<u\236\364\222vG0E\002!\000\270u\276VX\030\n/<\007\350l$\253E\205\354]\243\t\306\274_\301\370\371%#5g\354\363\002 ~\351R\233\323 \366\200^\305t\255 \021R\3003\327\3170\334$i\311\021]\223\037|\2122\300""; ","validation: """"\200\000\000\001&\000\000\000\n)/\352\224\034:Q\231\304\227'3\313\030Q\276\322i\233\014\037\027Z\351\022\216@=S\205\334\033\374\234n\r\270\210]\013\203\356\024\366\354\260\007P\027\000\000\000\000\000\000\000\000\000\000\000\000\000\000\000\000\000\000\000\000\000\000\000\000\000\000\000\000\000\000\000\000P\031\317\351\2337\023\262\336W\254\222\315\335\317oP\221\031g\037\220\357Ft\030n\306\370\n\354\226\365\346s!\003ql\302)\235\321\t\213\224\356\374%%\311\327\037\374\304\t\335\2359\344\233\035]\347<u\236\364\222vG0E\002!\000\270u\276VX\030\n/<\007\350l$\253E\205\354]\243\t\306\274_\301\370\371%#5g\354\363\002 ~\351R\233\323 \366\200^\305t\255 \021R\3003\327\3170\334$i\311\021]\223\037|\2122\300""; "
1750587294330,1750587294330,557,1,4,1,TMGetLedger,"itype: liBASE; ledgerHash: ""\276\322i\233\014\037\027Z\351\022\216@=S\205\334\033\374\234n\r\270\210]\013\203\356\024\366\354\260\007""; ledgerSeq: 10; ","itype: liBASE; ledgerHash: ""\276\322i\233\014\037\027Z\351\022\216@=S\205\334\033\374\234n\r\270\210]\013\203\356\024\366\354\260\007""; ledgerSeq: 10; "
1750587294332,1750587294332,3559,1,4,0,TMValidation,"validation: """"\200\000\000\001&\000\000\000\n)/\352\224\034:Q\231\304\227'3\313\030Q\276\322i\233\014\037\027Z\351\022\216@=S\205\334\033\374\234n\r\270\210]\013\203\356\024\366\354\260\007P\027\000\000\000\000\000\000\000\000\000\000\000\000\000\000\000\000\000\000\000\000\000\000\000\000\000\000\000\000\000\000\000\000P\031\317\351\2337\023\262\336W\254\222\315\335\317oP\221\031g\037\220\357Ft\030n\306\370\n\354\226\365\346s!\003ql\302)\235\321\t\213\224\356\374%%\311\327\037\374\304\t\335\2359\344\233\035]\347<u\236\364\222vG0E\002!\000\270u\276VX\030\n/<\007\350l$\253E\205\354]\243\t\306\274_\301\370\371%#5g\354\363\002 ~\351R\233\323 \366\200^\305t\255 \021R\3003\327\3170\334$i\311\021]\223\037|\2122\300""; ","validation: """"\200\000\000\001&\000\000\000\n)/\352\224\034:Q\231\304\227'3\313\030Q\276\322i\233\014\037\027Z\351\022\216@=S\205\334\033\374\234n\r\270\210]\013\203\356\024\366\354\260\007P\027\000\000\000\000\000\000\000\000\000\000\000\000\000\000\000\000\000\000\000\000\000\000\000\000\000\000\000\000\000\000\000\000P\031\317\351\2337\023\262\336W\254\222\315\335\317oP\221\031g\037\220\357Ft\030n\306\370\n\354\226\365\346s!\003ql\302)\235\321\t\213\224\356\374%%\311\327\037\374\304\t\335\2359\344\233\035]\347<u\236\364\222vG0E\002!\000\270u\276VX\030\n/<\007\350l$\253E\205\354]\243\t\306\274_\301\370\371%#5g\354\363\002 ~\351R\233\323 \366\200^\305t\255 \021R\3003\327\3170\334$i\311\021]\223\037|\2122\300""; "
1750587294332,1750587294333,1357,1,4,3,TMValidation,"validation: """"\200\000\000\001&\000\000\000\n)/\352\224\034:Q\231\304\227'3\313\030Q\276\322i\233\014\037\027Z\351\022\216@=S\205\334\033\374\234n\r\270\210]\013\203\356\024\366\354\260\007P\027\000\000\000\000\000\000\000\000\000\000\000\000\000\000\000\000\000\000\000\000\000\000\000\000\000\000\000\000\000\000\000\000P\031\317\351\2337\023\262\336W\254\222\315\335\317oP\221\031g\037\220\357Ft\030n\306\370\n\354\226\365\346s!\003ql\302)\235\321\t\213\224\356\374%%\311\327\037\374\304\t\335\2359\344\233\035]\347<u\236\364\222vG0E\002!\000\270u\276VX\030\n/<\007\350l$\253E\205\354]\243\t\306\274_\301\370\371%#5g\354\363\002 ~\351R\233\323 \366\200^\305t\255 \021R\3003\327\3170\334$i\311\021]\223\037|\2122\300""; ","validation: """"\200\000\000\001&\000\000\000\n)/\352\224\034:Q\231\304\227'3\313\030Q\276\322i\233\014\037\027Z\351\022\216@=S\205\334\033\374\234n\r\270\210]\013\203\356\024\366\354\260\007P\027\000\000\000\000\000\000\000\000\000\000\000\000\000\000\000\000\000\000\000\000\000\000\000\000\000\000\000\000\000\000\000\000P\031\317\351\2337\023\262\336W\254\222\315\335\317oP\221\031g\037\220\357Ft\030n\306\370\n\354\226\365\346s!\003ql\302)\235\321\t\213\224\356\374%%\311\327\037\374\304\t\335\2359\344\233\035]\347<u\236\364\222vG0E\002!\000\270u\276VX\030\n/<\007\350l$\253E\205\354]\243\t\306\274_\301\370\371%#5g\354\363\002 ~\351R\233\323 \366\200^\305t\255 \021R\3003\327\3170\334$i\311\021]\223\037|\2122\300""; "
1750587294333,1750587294333,769,1,4,0,TMGetLedger,"itype: liBASE; ledgerHash: ""\276\322i\233\014\037\027Z\351\022\216@=S\205\334\033\374\234n\r\270\210]\013\203\356\024\366\354\260\007""; ledgerSeq: 10; queryType: qtINDIRECT; ","itype: liBASE; ledgerHash: ""\276\322i\233\014\037\027Z\351\022\216@=S\205\334\033\374\234n\r\270\210]\013\203\356\024\366\354\260\007""; ledgerSeq: 10; queryType: qtINDIRECT; "
1750587294333,1750587294333,769,1,4,0,TMGetLedger,"itype: liBASE; ledgerHash: ""\276\322i\233\014\037\027Z\351\022\216@=S\205\334\033\374\234n\r\270\210]\013\203\356\024\366\354\260\007""; ledgerSeq: 10; ","itype: liBASE; ledgerHash: ""\276\322i\233\014\037\027Z\351\022\216@=S\205\334\033\374\234n\r\270\210]\013\203\356\024\366\354\260\007""; ledgerSeq: 10; "
1750587294333,1750587294333,3914,1,4,3,TMGetLedger,"itype: liBASE; ledgerHash: ""\276\322i\233\014\037\027Z\351\022\216@=S\205\334\033\374\234n\r\270\210]\013\203\356\024\366\354\260\007""; ledgerSeq: 10; queryType: qtINDIRECT; ","itype: liBASE; ledgerHash: ""\276\322i\233\014\037\027Z\351\022\216@=S\205\334\033\374\234n\r\270\210]\013\203\356\024\366\354\260\007""; ledgerSeq: 10; queryType: qtINDIRECT; "
1750587294386,1750587294386,1939,1,1,4,TMValidation,"validation: """"\200\000\000\001&\000\000\000\n)/\352\224\034:Q\231\304\227'3\313\030Q\276\322i\233\014\037\027Z\351\022\216@=S\205\334\033\374\234n\r\270\210]\013\203\356\024\366\354\260\007P\027\000\000\000\000\000\000\000\000\000\000\000\000\000\000\000\000\000\000\000\000\000\000\000\000\000\000\000\000\000\000\000\000P\031\317\351\2337\023\262\336W\254\222\315\335\317oP\221\031g\037\220\357Ft\030n\306\370\n\354\226\365\346s!\003ql\302)\235\321\t\213\224\356\374%%\311\327\037\374\304\t\335\2359\344\233\035]\347<u\236\364\222vG0E\002!\000\270u\276VX\030\n/<\007\350l$\253E\205\354]\243\t\306\274_\301\370\371%#5g\354\363\002 ~\351R\233\323 \366\200^\305t\255 \021R\3003\327\3170\334$i\311\021]\223\037|\2122\300""; ","validation: """"\200\000\000\001&\000\000\000\n)/\352\224\034:Q\231\304\227'3\313\030Q\276\322i\233\014\037\027Z\351\022\216@=S\205\334\033\374\234n\r\270\210]\013\203\356\024\366\354\260\007P\027\000\000\000\000\000\000\000\000\000\000\000\000\000\000\000\000\000\000\000\000\000\000\000\000\000\000\000\000\000\000\000\000P\031\317\351\2337\023\262\336W\254\222\315\335\317oP\221\031g\037\220\357Ft\030n\306\370\n\354\226\365\346s!\003ql\302)\235\321\t\213\224\356\374%%\311\327\037\374\304\t\335\2359\344\233\035]\347<u\236\364\222vG0E\002!\000\270u\276VX\030\n/<\007\350l$\253E\205\354]\243\t\306\274_\301\370\371%#5g\354\363\002 ~\351R\233\323 \366\200^\305t\255 \021R\3003\327\3170\334$i\311\021]\223\037|\2122\300""; "
1750587294387,1750587294387,3090,1,1,0,TMValidation,"validation: """"\200\000\000\001&\000\000\000\n)/\352\224\034:Q\231\304\227'3\313\030Q\276\322i\233\014\037\027Z\351\022\216@=S\205\334\033\374\234n\r\270\210]\013\203\356\024\366\354\260\007P\027\000\000\000\000\000\000\000\000\000\000\000\000\000\000\000\000\000\000\000\000\000\000\000\000\000\000\000\000\000\000\000\000P\031\317\351\2337\023\262\336W\254\222\315\335\317oP\221\031g\037\220\357Ft\030n\306\370\n\354\226\365\346s!\003ql\302)\235\321\t\213\224\356\374%%\311\327\037\374\304\t\335\2359\344\233\035]\347<u\236\364\222vG0E\002!\000\270u\276VX\030\n/<\007\350l$\253E\205\354]\243\t\306\274_\301\370\371%#5g\354\363\002 ~\351R\233\323 \366\200^\305t\255 \021R\3003\327\3170\334$i\311\021]\223\037|\2122\300""; ","validation: """"\200\000\000\001&\000\000\000\n)/\352\224\034:Q\231\304\227'3\313\030Q\276\322i\233\014\037\027Z\351\022\216@=S\205\334\033\374\234n\r\270\210]\013\203\356\024\366\354\260\007P\027\000\000\000\000\000\000\000\000\000\000\000\000\000\000\000\000\000\000\000\000\000\000\000\000\000\000\000\000\000\000\000\000P\031\317\351\2337\023\262\336W\254\222\315\335\317oP\221\031g\037\220\357Ft\030n\306\370\n\354\226\365\346s!\003ql\302)\235\321\t\213\224\356\374%%\311\327\037\374\304\t\335\2359\344\233\035]\347<u\236\364\222vG0E\002!\000\270u\276VX\030\n/<\007\350l$\253E\205\354]\243\t\306\274_\301\370\371%#5g\354\363\002 ~\351R\233\323 \366\200^\305t\255 \021R\3003\327\3170\334$i\311\021]\223\037|\2122\300""; "
1750587294387,1750587294387,1289,1,1,3,TMValidation,"validation: """"\200\000\000\001&\000\000\000\n)/\352\224\034:Q\231\304\227'3\313\030Q\276\322i\233\014\037\027Z\351\022\216@=S\205\334\033\374\234n\r\270\210]\013\203\356\024\366\354\260\007P\027\000\000\000\000\000\000\000\000\000\000\000\000\000\000\000\000\000\000\000\000\000\000\000\000\000\000\000\000\000\000\000\000P\031\317\351\2337\023\262\336W\254\222\315\335\317oP\221\031g\037\220\357Ft\030n\306\370\n\354\226\365\346s!\003ql\302)\235\321\t\213\224\356\374%%\311\327\037\374\304\t\335\2359\344\233\035]\347<u\236\364\222vG0E\002!\000\270u\276VX\030\n/<\007\350l$\253E\205\354]\243\t\306\274_\301\370\371%#5g\354\363\002 ~\351R\233\323 \366\200^\305t\255 \021R\3003\327\3170\334$i\311\021]\223\037|\2122\300""; ","validation: """"\200\000\000\001&\000\000\000\n)/\352\224\034:Q\231\304\227'3\313\030Q\276\322i\233\014\037\027Z\351\022\216@=S\205\334\033\374\234n\r\270\210]\013\203\356\024\366\354\260\007P\027\000\000\000\000\000\000\000\000\000\000\000\000\000\000\000\000\000\000\000\000\000\000\000\000\000\000\000\000\000\000\000\000P\031\317\351\2337\023\262\336W\254\222\315\335\317oP\221\031g\037\220\357Ft\030n\306\370\n\354\226\365\346s!\003ql\302)\235\321\t\213\224\356\374%%\311\327\037\374\304\t\335\2359\344\233\035]\347<u\236\364\222vG0E\002!\000\270u\276VX\030\n/<\007\350l$\253E\205\354]\243\t\306\274_\301\370\371%#5g\354\363\002 ~\351R\233\323 \366\200^\305t\255 \021R\3003\327\3170\334$i\311\021]\223\037|\2122\300""; "
1750587294416,1750587294416,2715,1,1,4,TMLedgerData,"ledgerHash: ""\317\351\2337\023\262\336W\254\222\315\335\317oP\221\031g\037\220\357Ft\030n\306\370\n\354\226\365\346""; ledgerSeq: 9; type: liBASE; nodes {;   nodedata: ""\000\000\000\t\001cEx]\211\377\330\354@[\274\202\021\202\373Vi\243\n\325\250\005e\360""m\346'\311@\343\016$L\346\334\360<w\342\231\026\240\014\324\271\220rC\024\362\265\336\002\002\360\266o!'\361\275\341\216\372S\213k\022\315#\326\366m9\177\342L\022\227\3375l\022\347\266\203]ct\263p\226$F\nq!H%\277c\276/\352\224\020/\352\224\021\n\000""; }; nodes {;   nodedata: ""h\315\350\215y\203\242]\371\235\232Pt&\325\210eZ\346\237XZ \277\2457n\221\336\253\245\317\002\304\206+8\t]\351\316\373|\311\263V\300\023\035\211\237\260\300\r\033u3a1\203\303\365\307k\347\006E\344\037@\210\363\010\336T\226\247'\204_{\261\370""1\235\2445\343\033Y!\212\201\341\272\225'\007*$\244&\336\343'\233i\332\374\245 {^\306-N\333\gE\006\347\212\331C\211Z\177\247\031\n(B\t\273\260\334\t_E\266#\243\240\230\251@\241\315\244\373\216 \t\3074I8[\215\005%\215\013\202_n)6q\357\2538_-\302\252B\204v\277\254\373\3322Ca\020\243\0105\263\257\367\032\254\016\003""; }; nodes {;   nodedata: ""\221hvL@\313IuYZ\030O\247\200\005\367\245\307u\202\277\rN\200Xk*\301o{""G\000\003""; }; requestCookie: 4; ","ledgerHash: ""\317\351\2337\023\262\336W\254\222\315\335\317oP\221\031g\037\220\357Ft\030n\306\370\n\354\226\365\346""; ledgerSeq: 9; type: liBASE; nodes {;   nodedata: ""\000\000\000\t\001cEx]\211\377\330\354@[\274\202\021\202\373Vi\243\n\325\250\005e\360""m\346'\311@\343\016$L\346\334\360<w\342\231\026\240\014\324\271\220rC\024\362\265\336\002\002\360\266o!'\361\275\341\216\372S\213k\022\315#\326\366m9\177\342L\022\227\3375l\022\347\266\203]ct\263p\226$F\nq!H%\277c\276/\352\224\020/\352\224\021\n\000""; }; nodes {;   nodedata: ""h\315\350\215y\203\242]\371\235\232Pt&\325\210eZ\346\237XZ \277\2457n\221\336\253\245\317\002\304\206+8\t]\351\316\373|\311\263V\300\023\035\211\237\260\300\r\033u3a1\203\303\365\307k\347\006E\344\037@\210\363\010\336T\226\247'\204_{\261\370""1\235\2445\343\033Y!\212\201\341\272\225'\007*$\244&\336\343'\233i\332\374\245 {^\306-N\333\gE\006\347\212\331C\211Z\177\247\031\n(B\t\273\260\334\t_E\266#\243\240\230\251@\241\315\244\373\216 \t\3074I8[\215\005%\215\013\202_n)6q\357\2538_-\302\252B\204v\277\254\373\3322Ca\020\243\0105\263\257\367\032\254\016\003""; }; nodes {;   nodedata: ""\221hvL@\313IuYZ\030O\247\200\005\367\245\307u\202\277\rN\200Xk*\301o{""G\000\003""; }; requestCookie: 4; "
1750587294448,1750587294448,3538,1,1,3,TMProposeSet,"proposeSeq: 0; currentTxHash: ""\000\000\000\000\000\000\000\000\000\000\000\000\000\000\000\000\000\000\000\000\000\000\000\000\000\000\000\000\000\000\000\000""; nodePubKey: ""\003\343\005\311u\203\370\0338\3174\324\010\006\301\251\177\261\304eOX\262)FA-\022r\263wm\024""; closeTime: 803902494; signature: ""0D\002 G\237\263\033o\204o\265\325\311!z\247l\334\212\022\333\333giG/t\334\223\001\276\007\376\306\366\002 zL\211\3664L\005\344\220ru~r\332\010C\311\201_4\246\352\330\8\215<T\257\355\234i""; previousledger: ""\276\322i\233\014\037\027Z\351\022\216@=S\205\334\033\374\234n\r\270\210]\013\203\356\024\366\354\260\007""; ","proposeSeq: 0; currentTxHash: ""\000\000\000\000\000\000\000\000\000\000\000\000\000\000\000\000\000\000\000\000\000\000\000\000\000\000\000\000\000\000\000\000""; nodePubKey: ""\003\343\005\311u\203\370\0338\3174\324\010\006\301\251\177\261\304eOX\262)FA-\022r\263wm\024""; closeTime: 803902494; signature: ""0D\002 G\237\263\033o\204o\265\325\311!z\247l\334\212\022\333\333giG/t\334\223\001\276\007\376\306\366\002 zL\211\3664L\005\344\220ru~r\332\010C\311\201_4\246\352\330\8\215<T\257\355\234i""; previousledger: ""\276\322i\233\014\037\027Z\351\022\216@=S\205\334\033\374\234n\r\270\210]\013\203\356\024\366\354\260\007""; "
1750587294448,1750587294448,1799,1,1,2,TMProposeSet,"proposeSeq: 0; currentTxHash: ""\000\000\000\000\000\000\000\000\000\000\000\000\000\000\000\000\000\000\000\000\000\000\000\000\000\000\000\000\000\000\000\000""; nodePubKey: ""\003\343\005\311u\203\370\0338\3174\324\010\006\301\251\177\261\304eOX\262)FA-\022r\263wm\024""; closeTime: 803902494; signature: ""0D\002 G\237\263\033o\204o\265\325\311!z\247l\334\212\022\333\333giG/t\334\223\001\276\007\376\306\366\002 zL\211\3664L\005\344\220ru~r\332\010C\311\201_4\246\352\330\8\215<T\257\355\234i""; previousledger: ""\276\322i\233\014\037\027Z\351\022\216@=S\205\334\033\374\234n\r\270\210]\013\203\356\024\366\354\260\007""; ","proposeSeq: 0; currentTxHash: ""\000\000\000\000\000\000\000\000\000\000\000\000\000\000\000\000\000\000\000\000\000\000\000\000\000\000\000\000\000\000\000\000""; nodePubKey: ""\003\343\005\311u\203\370\0338\3174\324\010\006\301\251\177\261\304eOX\262)FA-\022r\263wm\024""; closeTime: 803902494; signature: ""0D\002 G\237\263\033o\204o\265\325\311!z\247l\334\212\022\333\333giG/t\334\223\001\276\007\376\306\366\002 zL\211\3664L\005\344\220ru~r\332\010C\311\201_4\246\352\330\8\215<T\257\355\234i""; previousledger: ""\276\322i\233\014\037\027Z\351\022\216@=S\205\334\033\374\234n\r\270\210]\013\203\356\024\366\354\260\007""; "
1750587294449,1750587294449,926,1,1,0,TMProposeSet,"proposeSeq: 0; currentTxHash: ""\000\000\000\000\000\000\000\000\000\000\000\000\000\000\000\000\000\000\000\000\000\000\000\000\000\000\000\000\000\000\000\000""; nodePubKey: ""\003\343\005\311u\203\370\0338\3174\324\010\006\301\251\177\261\304eOX\262)FA-\022r\263wm\024""; closeTime: 803902494; signature: ""0D\002 G\237\263\033o\204o\265\325\311!z\247l\334\212\022\333\333giG/t\334\223\001\276\007\376\306\366\002 zL\211\3664L\005\344\220ru~r\332\010C\311\201_4\246\352\330\8\215<T\257\355\234i""; previousledger: ""\276\322i\233\014\037\027Z\351\022\216@=S\205\334\033\374\234n\r\270\210]\013\203\356\024\366\354\260\007""; ","proposeSeq: 0; currentTxHash: ""\000\000\000\000\000\000\000\000\000\000\000\000\000\000\000\000\000\000\000\000\000\000\000\000\000\000\000\000\000\000\000\000""; nodePubKey: ""\003\343\005\311u\203\370\0338\3174\324\010\006\301\251\177\261\304eOX\262)FA-\022r\263wm\024""; closeTime: 803902494; signature: ""0D\002 G\237\263\033o\204o\265\325\311!z\247l\334\212\022\333\333giG/t\334\223\001\276\007\376\306\366\002 zL\211\3664L\005\344\220ru~r\332\010C\311\201_4\246\352\330\8\215<T\257\355\234i""; previousledger: ""\276\322i\233\014\037\027Z\351\022\216@=S\205\334\033\374\234n\r\270\210]\013\203\356\024\366\354\260\007""; "
1750587294458,1750587294458,0,1,1,4,TMProposeSet,"proposeSeq: 0; currentTxHash: ""\000\000\000\000\000\000\000\000\000\000\000\000\000\000\000\000\000\000\000\000\000\000\000\000\000\000\000\000\000\000\000\000""; nodePubKey: ""\003\343\005\311u\203\370\0338\3174\324\010\006\301\251\177\261\304eOX\262)FA-\022r\263wm\024""; closeTime: 803902494; signature: ""0D\002 G\237\263\033o\204o\265\325\311!z\247l\334\212\022\333\333giG/t\334\223\001\276\007\376\306\366\002 zL\211\3664L\005\344\220ru~r\332\010C\311\201_4\246\352\330\8\215<T\257\355\234i""; previousledger: ""\276\322i\233\014\037\027Z\351\022\216@=S\205\334\033\374\234n\r\270\210]\013\203\356\024\366\354\260\007""; ","proposeSeq: 0; currentTxHash: ""\000\000\000\000\000\000\000\000\000\000\000\000\000\000\000\000\000\000\000\000\000\000\000\000\000\000\000\000\000\000\000\000""; nodePubKey: ""\003\343\005\311u\203\370\0338\3174\324\010\006\301\251\177\261\304eOX\262)FA-\022r\263wm\024""; closeTime: 803902494; signature: ""0D\002 G\237\263\033o\204o\265\325\311!z\247l\334\212\022\333\333giG/t\334\223\001\276\007\376\306\366\002 zL\211\3664L\005\344\220ru~r\332\010C\311\201_4\246\352\330\8\215<T\257\355\234i""; previousledger: ""\276\322i\233\014\037\027Z\351\022\216@=S\205\334\033\374\234n\r\270\210]\013\203\356\024\366\354\260\007""; "
1750587294449,1750587294495,961,1,1,2,TMStatusChange,"newEvent: neCLOSING_LEDGER; ledgerSeq: 10; ledgerHash: ""\276\322i\233\014\037\027Z\351\022\216@=S\205\334\033\374\234n\r\270\210]\013\203\356\024\366\354\260\007""; ledgerHashPrevious: ""\317\351\2337\023\262\336W\254\222\315\335\317oP\221\031g\037\220\357Ft\030n\306\370\n\354\226\365\346""; networkTime: 803902494; firstSeq: 1; lastSeq: 10; ","newEvent: neCLOSING_LEDGER; ledgerSeq: 10; ledgerHash: ""\276\322i\233\014\037\027Z\351\022\216@=S\205\334\033\374\234n\r\270\210]\013\203\356\024\366\354\260\007""; ledgerHashPrevious: ""\317\351\2337\023\262\336W\254\222\315\335\317oP\221\031g\037\220\357Ft\030n\306\370\n\354\226\365\346""; networkTime: 803902494; firstSeq: 1; lastSeq: 10; "
1750587294449,1750587294495,0,1,1,3,TMStatusChange,"newEvent: neCLOSING_LEDGER; ledgerSeq: 10; ledgerHash: ""\276\322i\233\014\037\027Z\351\022\216@=S\205\334\033\374\234n\r\270\210]\013\203\356\024\366\354\260\007""; ledgerHashPrevious: ""\317\351\2337\023\262\336W\254\222\315\335\317oP\221\031g\037\220\357Ft\030n\306\370\n\354\226\365\346""; networkTime: 803902494; firstSeq: 1; lastSeq: 10; ","newEvent: neCLOSING_LEDGER; ledgerSeq: 10; ledgerHash: ""\276\322i\233\014\037\027Z\351\022\216@=S\205\334\033\374\234n\r\270\210]\013\203\356\024\366\354\260\007""; ledgerHashPrevious: ""\317\351\2337\023\262\336W\254\222\315\335\317oP\221\031g\037\220\357Ft\030n\306\370\n\354\226\365\346""; networkTime: 803902494; firstSeq: 1; lastSeq: 10; "
1750587294450,1750587294495,0,1,1,0,TMStatusChange,"newEvent: neCLOSING_LEDGER; ledgerSeq: 10; ledgerHash: ""\276\322i\233\014\037\027Z\351\022\216@=S\205\334\033\374\234n\r\270\210]\013\203\356\024\366\354\260\007""; ledgerHashPrevious: ""\317\351\2337\023\262\336W\254\222\315\335\317oP\221\031g\037\220\357Ft\030n\306\370\n\354\226\365\346""; networkTime: 803902494; firstSeq: 1; lastSeq: 10; ","newEvent: neCLOSING_LEDGER; ledgerSeq: 10; ledgerHash: ""\276\322i\233\014\037\027Z\351\022\216@=S\205\334\033\374\234n\r\270\210]\013\203\356\024\366\354\260\007""; ledgerHashPrevious: ""\317\351\2337\023\262\336W\254\222\315\335\317oP\221\031g\037\220\357Ft\030n\306\370\n\354\226\365\346""; networkTime: 803902494; firstSeq: 1; lastSeq: 10; "
1750587294458,1750587294495,0,1,1,4,TMStatusChange,"newEvent: neCLOSING_LEDGER; ledgerSeq: 10; ledgerHash: ""\276\322i\233\014\037\027Z\351\022\216@=S\205\334\033\374\234n\r\270\210]\013\203\356\024\366\354\260\007""; ledgerHashPrevious: ""\317\351\2337\023\262\336W\254\222\315\335\317oP\221\031g\037\220\357Ft\030n\306\370\n\354\226\365\346""; networkTime: 803902494; firstSeq: 1; lastSeq: 10; ","newEvent: neCLOSING_LEDGER; ledgerSeq: 10; ledgerHash: ""\276\322i\233\014\037\027Z\351\022\216@=S\205\334\033\374\234n\r\270\210]\013\203\356\024\366\354\260\007""; ledgerHashPrevious: ""\317\351\2337\023\262\336W\254\222\315\335\317oP\221\031g\037\220\357Ft\030n\306\370\n\354\226\365\346""; networkTime: 803902494; firstSeq: 1; lastSeq: 10; "
1750587294550,1750587294550,1772,1,4,3,TMLedgerData,"ledgerHash: ""q|\216``\027\240\206w\312\263+\241\310\271\371\2034\351_\3373\tL\007q_p\342\264_z""; ledgerSeq: 0; type: liTS_CANDIDATE; nodes {;   nodedata: ""\003S\n\235\2624\346\340\377asq\337\223T\316nL\232)C!\360\245\205[L\224\\351\351\000\247\272\246\2214\014W1\360z\262\252=\343\207'\275\266;\016\021\306\330\030\225\023\357\272\353\200x\221\n\003"";   nodeid: ""\000\000\000\000\000\000\000\000\000\000\000\000\000\000\000\000\000\000\000\000\000\000\000\000\000\000\000\000\000\000\000\000\000""; }; ","ledgerHash: ""q|\216``\027\240\206w\312\263+\241\310\271\371\2034\351_\3373\tL\007q_p\342\264_z""; ledgerSeq: 0; type: liTS_CANDIDATE; nodes {;   nodedata: ""\003S\n\235\2624\346\340\377asq\337\223T\316nL\232)C!\360\245\205[L\224\\351\351\000\247\272\246\2214\014W1\360z\262\252=\343\207'\275\266;\016\021\306\330\030\225\023\357\272\353\200x\221\n\003"";   nodeid: ""\000\000\000\000\000\000\000\000\000\000\000\000\000\000\000\000\000\000\000\000\000\000\000\000\000\000\000\000\000\000\000\000\000""; }; "
1750587294615,1750587294615,1036,1,2,4,TMValidation,"validation: """"\200\000\000\001&\000\000\000\n)/\352\224\035:\211l\014`\252m\212dQ\276\322i\233\014\037\027Z\351\022\216@=S\205\334\033\374\234n\r\270\210]\013\203\356\024\366\354\260\007P\027\000\000\000\000\000\000\000\000\000\000\000\000\000\000\000\000\000\000\000\000\000\000\000\000\000\000\000\000\000\000\000\000P\031\317\351\2337\023\262\336W\254\222\315\335\317oP\221\031g\037\220\357Ft\030n\306\370\n\354\226\365\346s!\003\325Q\255\224\274R@\312\253\262\347\352\034\346\347\242\215,\312\376=\277\353{\350\225\301\305`^, vG0E\002!\000\201\207\361\324\006\336\202\261\034\344\244\014R\377H\006\276\334o\343\370\271\003\371\365\231k\361\001\346r\346\002 m5\020)U\344\224\270\244\375\004\250\354{Z\352\333\342\307;?t\t\177b\2053\200*k\212\322""; ","validation: """"\200\000\000\001&\000\000\000\n)/\352\224\035:\211l\014`\252m\212dQ\276\322i\233\014\037\027Z\351\022\216@=S\205\334\033\374\234n\r\270\210]\013\203\356\024\366\354\260\007P\027\000\000\000\000\000\000\000\000\000\000\000\000\000\000\000\000\000\000\000\000\000\000\000\000\000\000\000\000\000\000\000\000P\031\317\351\2337\023\262\336W\254\222\315\335\317oP\221\031g\037\220\357Ft\030n\306\370\n\354\226\365\346s!\003\325Q\255\224\274R@\312\253\262\347\352\034\346\347\242\215,\312\376=\277\353{\350\225\301\305`^, vG0E\002!\000\201\207\361\324\006\336\202\261\034\344\244\014R\377H\006\276\334o\343\370\271\003\371\365\231k\361\001\346r\346\002 m5\020)U\344\224\270\244\375\004\250\354{Z\352\333\342\307;?t\t\177b\2053\200*k\212\322""; "
1750587294615,1750587294615,1094,1,2,1,TMValidation,"validation: """"\200\000\000\001&\000\000\000\n)/\352\224\035:\211l\014`\252m\212dQ\276\322i\233\014\037\027Z\351\022\216@=S\205\334\033\374\234n\r\270\210]\013\203\356\024\366\354\260\007P\027\000\000\000\000\000\000\000\000\000\000\000\000\000\000\000\000\000\000\000\000\000\000\000\000\000\000\000\000\000\000\000\000P\031\317\351\2337\023\262\336W\254\222\315\335\317oP\221\031g\037\220\357Ft\030n\306\370\n\354\226\365\346s!\003\325Q\255\224\274R@\312\253\262\347\352\034\346\347\242\215,\312\376=\277\353{\350\225\301\305`^, vG0E\002!\000\201\207\361\324\006\336\202\261\034\344\244\014R\377H\006\276\334o\343\370\271\003\371\365\231k\361\001\346r\346\002 m5\020)U\344\224\270\244\375\004\250\354{Z\352\333\342\307;?t\t\177b\2053\200*k\212\322""; ","validation: """"\200\000\000\001&\000\000\000\n)/\352\224\035:\211l\014`\252m\212dQ\276\322i\233\014\037\027Z\351\022\216@=S\205\334\033\374\234n\r\270\210]\013\203\356\024\366\354\260\007P\027\000\000\000\000\000\000\000\000\000\000\000\000\000\000\000\000\000\000\000\000\000\000\000\000\000\000\000\000\000\000\000\000P\031\317\351\2337\023\262\336W\254\222\315\335\317oP\221\031g\037\220\357Ft\030n\306\370\n\354\226\365\346s!\003\325Q\255\224\274R@\312\253\262\347\352\034\346\347\242\215,\312\376=\277\353{\350\225\301\305`^, vG0E\002!\000\201\207\361\324\006\336\202\261\034\344\244\014R\377H\006\276\334o\343\370\271\003\371\365\231k\361\001\346r\346\002 m5\020)U\344\224\270\244\375\004\250\354{Z\352\333\342\307;?t\t\177b\2053\200*k\212\322""; "
1750587294615,1750587294616,3488,1,2,0,TMValidation,"validation: """"\200\000\000\001&\000\000\000\n)/\352\224\035:\211l\014`\252m\212dQ\276\322i\233\014\037\027Z\351\022\216@=S\205\334\033\374\234n\r\270\210]\013\203\356\024\366\354\260\007P\027\000\000\000\000\000\000\000\000\000\000\000\000\000\000\000\000\000\000\000\000\000\000\000\000\000\000\000\000\000\000\000\000P\031\317\351\2337\023\262\336W\254\222\315\335\317oP\221\031g\037\220\357Ft\030n\306\370\n\354\226\365\346s!\003\325Q\255\224\274R@\312\253\262\347\352\034\346\347\242\215,\312\376=\277\353{\350\225\301\305`^, vG0E\002!\000\201\207\361\324\006\336\202\261\034\344\244\014R\377H\006\276\334o\343\370\271\003\371\365\231k\361\001\346r\346\002 m5\020)U\344\224\270\244\375\004\250\354{Z\352\333\342\307;?t\t\177b\2053\200*k\212\322""; ","validation: """"\200\000\000\001&\000\000\000\n)/\352\224\035:\211l\014`\252m\212dQ\276\322i\233\014\037\027Z\351\022\216@=S\205\334\033\374\234n\r\270\210]\013\203\356\024\366\354\260\007P\027\000\000\000\000\000\000\000\000\000\000\000\000\000\000\000\000\000\000\000\000\000\000\000\000\000\000\000\000\000\000\000\000P\031\317\351\2337\023\262\336W\254\222\315\335\317oP\221\031g\037\220\357Ft\030n\306\370\n\354\226\365\346s!\003\325Q\255\224\274R@\312\253\262\347\352\034\346\347\242\215,\312\376=\277\353{\350\225\301\305`^, vG0E\002!\000\201\207\361\324\006\336\202\261\034\344\244\014R\377H\006\276\334o\343\370\271\003\371\365\231k\361\001\346r\346\002 m5\020)U\344\224\270\244\375\004\250\354{Z\352\333\342\307;?t\t\177b\2053\200*k\212\322""; "
1750587294740,1750587294740,3767,1,3,0,TMValidation,"validation: """"\200\000\000\001&\000\000\000\n)/\352\224\035:?HT\314/\177\320^Q\276\322i\233\014\037\027Z\351\022\216@=S\205\334\033\374\234n\r\270\210]\013\203\356\024\366\354\260\007P\027\000\000\000\000\000\000\000\000\000\000\000\000\000\000\000\000\000\000\000\000\000\000\000\000\000\000\000\000\000\000\000\000P\031\317\351\2337\023\262\336W\254\222\315\335\317oP\221\031g\037\220\357Ft\030n\306\370\n\354\226\365\346s!\003\343\005\311u\203\370\0338\3174\324\010\006\301\251\177\261\304eOX\262)FA-\022r\263wm\024vG0E\002!\000\340\023\302\327\225\234~\251/\3453\241\375B\315\036\236\377\341c\267\377\037\226Uc\204\034\226\301\207\354\002 4\S!\356\360s\255a,\361&\036Z\240\305\000\310\370\256wz\323\223\017\306^<\375\275\342\366""; ","validation: """"\200\000\000\001&\000\000\000\n)/\352\224\035:?HT\314/\177\320^Q\276\322i\233\014\037\027Z\351\022\216@=S\205\334\033\374\234n\r\270\210]\013\203\356\024\366\354\260\007P\027\000\000\000\000\000\000\000\000\000\000\000\000\000\000\000\000\000\000\000\000\000\000\000\000\000\000\000\000\000\000\000\000P\031\317\351\2337\023\262\336W\254\222\315\335\317oP\221\031g\037\220\357Ft\030n\306\370\n\354\226\365\346s!\003\343\005\311u\203\370\0338\3174\324\010\006\301\251\177\261\304eOX\262)FA-\022r\263wm\024vG0E\002!\000\340\023\302\327\225\234~\251/\3453\241\375B\315\036\236\377\341c\267\377\037\226Uc\204\034\226\301\207\354\002 4\S!\356\360s\255a,\361&\036Z\240\305\000\310\370\256wz\323\223\017\306^<\375\275\342\366""; "
1750587294741,1750587294741,3501,1,3,4,TMValidation,"validation: """"\200\000\000\001&\000\000\000\n)/\352\224\035:?HT\314/\177\320^Q\276\322i\233\014\037\027Z\351\022\216@=S\205\334\033\374\234n\r\270\210]\013\203\356\024\366\354\260\007P\027\000\000\000\000\000\000\000\000\000\000\000\000\000\000\000\000\000\000\000\000\000\000\000\000\000\000\000\000\000\000\000\000P\031\317\351\2337\023\262\336W\254\222\315\335\317oP\221\031g\037\220\357Ft\030n\306\370\n\354\226\365\346s!\003\343\005\311u\203\370\0338\3174\324\010\006\301\251\177\261\304eOX\262)FA-\022r\263wm\024vG0E\002!\000\340\023\302\327\225\234~\251/\3453\241\375B\315\036\236\377\341c\267\377\037\226Uc\204\034\226\301\207\354\002 4\S!\356\360s\255a,\361&\036Z\240\305\000\310\370\256wz\323\223\017\306^<\375\275\342\366""; ","validation: """"\200\000\000\001&\000\000\000\n)/\352\224\035:?HT\314/\177\320^Q\276\322i\233\014\037\027Z\351\022\216@=S\205\334\033\374\234n\r\270\210]\013\203\356\024\366\354\260\007P\027\000\000\000\000\000\000\000\000\000\000\000\000\000\000\000\000\000\000\000\000\000\000\000\000\000\000\000\000\000\000\000\000P\031\317\351\2337\023\262\336W\254\222\315\335\317oP\221\031g\037\220\357Ft\030n\306\370\n\354\226\365\346s!\003\343\005\311u\203\370\0338\3174\324\010\006\301\251\177\261\304eOX\262)FA-\022r\263wm\024vG0E\002!\000\340\023\302\327\225\234~\251/\3453\241\375B\315\036\236\377\341c\267\377\037\226Uc\204\034\226\301\207\354\002 4\S!\356\360s\255a,\361&\036Z\240\305\000\310\370\256wz\323\223\017\306^<\375\275\342\366""; "
1750587294742,1750587294742,734,1,3,2,TMValidation,"validation: """"\200\000\000\001&\000\000\000\n)/\352\224\035:?HT\314/\177\320^Q\276\322i\233\014\037\027Z\351\022\216@=S\205\334\033\374\234n\r\270\210]\013\203\356\024\366\354\260\007P\027\000\000\000\000\000\000\000\000\000\000\000\000\000\000\000\000\000\000\000\000\000\000\000\000\000\000\000\000\000\000\000\000P\031\317\351\2337\023\262\336W\254\222\315\335\317oP\221\031g\037\220\357Ft\030n\306\370\n\354\226\365\346s!\003\343\005\311u\203\370\0338\3174\324\010\006\301\251\177\261\304eOX\262)FA-\022r\263wm\024vG0E\002!\000\340\023\302\327\225\234~\251/\3453\241\375B\315\036\236\377\341c\267\377\037\226Uc\204\034\226\301\207\354\002 4\S!\356\360s\255a,\361&\036Z\240\305\000\310\370\256wz\323\223\017\306^<\375\275\342\366""; ","validation: """"\200\000\000\001&\000\000\000\n)/\352\224\035:?HT\314/\177\320^Q\276\322i\233\014\037\027Z\351\022\216@=S\205\334\033\374\234n\r\270\210]\013\203\356\024\366\354\260\007P\027\000\000\000\000\000\000\000\000\000\000\000\000\000\000\000\000\000\000\000\000\000\000\000\000\000\000\000\000\000\000\000\000P\031\317\351\2337\023\262\336W\254\222\315\335\317oP\221\031g\037\220\357Ft\030n\306\370\n\354\226\365\346s!\003\343\005\311u\203\370\0338\3174\324\010\006\301\251\177\261\304eOX\262)FA-\022r\263wm\024vG0E\002!\000\340\023\302\327\225\234~\251/\3453\241\375B\315\036\236\377\341c\267\377\037\226Uc\204\034\226\301\207\354\002 4\S!\356\360s\255a,\361&\036Z\240\305\000\310\370\256wz\323\223\017\306^<\375\275\342\366""; "
1750587294878,1750587294878,1317,1,3,2,TMProposeSet,"proposeSeq: 0; currentTxHash: ""\000\000\000\000\000\000\000\000\000\000\000\000\000\000\000\000\000\000\000\000\000\000\000\000\000\000\000\000\000\000\000\000""; nodePubKey: ""\003\325Q\255\224\274R@\312\253\262\347\352\034\346\347\242\215,\312\376=\277\353{\350\225\301\305`^, ""; closeTime: 803902494; signature: ""0E\002!\000\304\371#\360IuG'D\336T\260\220\235\001=\031\344|\231L\nO\256L\221\311t`\036\377\323\002 \004\245\231\323\2254\241\355\203\315o\017\216\027by\305+@\315#\230\335\357\245)q4\311q\223G""; previousledger: ""\276\322i\233\014\037\027Z\351\022\216@=S\205\334\033\374\234n\r\270\210]\013\203\356\024\366\354\260\007""; ","proposeSeq: 0; currentTxHash: ""\000\000\000\000\000\000\000\000\000\000\000\000\000\000\000\000\000\000\000\000\000\000\000\000\000\000\000\000\000\000\000\000""; nodePubKey: ""\003\325Q\255\224\274R@\312\253\262\347\352\034\346\347\242\215,\312\376=\277\353{\350\225\301\305`^, ""; closeTime: 803902494; signature: ""0E\002!\000\304\371#\360IuG'D\336T\260\220\235\001=\031\344|\231L\nO\256L\221\311t`\036\377\323\002 \004\245\231\323\2254\241\355\203\315o\017\216\027by\305+@\315#\230\335\357\245)q4\311q\223G""; previousledger: ""\276\322i\233\014\037\027Z\351\022\216@=S\205\334\033\374\234n\r\270\210]\013\203\356\024\366\354\260\007""; "
1750587294879,1750587294879,0,1,3,1,TMProposeSet,"proposeSeq: 0; currentTxHash: ""\000\000\000\000\000\000\000\000\000\000\000\000\000\000\000\000\000\000\000\000\000\000\000\000\000\000\000\000\000\000\000\000""; nodePubKey: ""\003\325Q\255\224\274R@\312\253\262\347\352\034\346\347\242\215,\312\376=\277\353{\350\225\301\305`^, ""; closeTime: 803902494; signature: ""0E\002!\000\304\371#\360IuG'D\336T\260\220\235\001=\031\344|\231L\nO\256L\221\311t`\036\377\323\002 \004\245\231\323\2254\241\355\203\315o\017\216\027by\305+@\315#\230\335\357\245)q4\311q\223G""; previousledger: ""\276\322i\233\014\037\027Z\351\022\216@=S\205\334\033\374\234n\r\270\210]\013\203\356\024\366\354\260\007""; ","proposeSeq: 0; currentTxHash: ""\000\000\000\000\000\000\000\000\000\000\000\000\000\000\000\000\000\000\000\000\000\000\000\000\000\000\000\000\000\000\000\000""; nodePubKey: ""\003\325Q\255\224\274R@\312\253\262\347\352\034\346\347\242\215,\312\376=\277\353{\350\225\301\305`^, ""; closeTime: 803902494; signature: ""0E\002!\000\304\371#\360IuG'D\336T\260\220\235\001=\031\344|\231L\nO\256L\221\311t`\036\377\323\002 \004\245\231\323\2254\241\355\203\315o\017\216\027by\305+@\315#\230\335\357\245)q4\311q\223G""; previousledger: ""\276\322i\233\014\037\027Z\351\022\216@=S\205\334\033\374\234n\r\270\210]\013\203\356\024\366\354\260\007""; "
1750587294894,1750587294894,0,1,3,0,TMProposeSet,"proposeSeq: 0; currentTxHash: ""\000\000\000\000\000\000\000\000\000\000\000\000\000\000\000\000\000\000\000\000\000\000\000\000\000\000\000\000\000\000\000\000""; nodePubKey: ""\003\325Q\255\224\274R@\312\253\262\347\352\034\346\347\242\215,\312\376=\277\353{\350\225\301\305`^, ""; closeTime: 803902494; signature: ""0E\002!\000\304\371#\360IuG'D\336T\260\220\235\001=\031\344|\231L\nO\256L\221\311t`\036\377\323\002 \004\245\231\323\2254\241\355\203\315o\017\216\027by\305+@\315#\230\335\357\245)q4\311q\223G""; previousledger: ""\276\322i\233\014\037\027Z\351\022\216@=S\205\334\033\374\234n\r\270\210]\013\203\356\024\366\354\260\007""; ","proposeSeq: 0; currentTxHash: ""\000\000\000\000\000\000\000\000\000\000\000\000\000\000\000\000\000\000\000\000\000\000\000\000\000\000\000\000\000\000\000\000""; nodePubKey: ""\003\325Q\255\224\274R@\312\253\262\347\352\034\346\347\242\215,\312\376=\277\353{\350\225\301\305`^, ""; closeTime: 803902494; signature: ""0E\002!\000\304\371#\360IuG'D\336T\260\220\235\001=\031\344|\231L\nO\256L\221\311t`\036\377\323\002 \004\245\231\323\2254\241\355\203\315o\017\216\027by\305+@\315#\230\335\357\245)q4\311q\223G""; previousledger: ""\276\322i\233\014\037\027Z\351\022\216@=S\205\334\033\374\234n\r\270\210]\013\203\356\024\366\354\260\007""; "
1750587294895,1750587294895,0,1,1,4,TMLedgerData,"ledgerHash: ""\276\322i\233\014\037\027Z\351\022\216@=S\205\334\033\374\234n\r\270\210]\013\203\356\024\366\354\260\007""; ledgerSeq: 10; type: liBASE; nodes {;   nodedata: ""\000\000\000\n\001cEx]\211\377\330\317\351\2337\023\262\336W\254\222\315\335\317oP\221\031g\037\220\357Ft\030n\306\370\n\354\226\365\346\000\000\000\000\000\000\000\000\000\000\000\000\000\000\000\000\000\000\000\000\000\000\000\000\000\000\000\000\000\000\000\000!\263[x\245\t\221c\221\020\227#\020\267\312L\'\261]\221\317PDI\326\3068dV7\004/\352\224\021/\352\224\032\n\000""; }; nodes {;   nodedata: ""h\315\350\215y\203\242]\371\235\232Pt&\325\210eZ\346\237XZ \277\2457n\221\336\253\245\317\002\304\206+8\t]\351\316\373|\311\263V\300\023\035\211\237\260\300\r\033u3a1\203\303\365\307k\347\006E\344\037@\210\363\010\336T\226\247'\204_{\261\370""1\235\2445\343\033Y!\212\201\341\272\225'\007*$\244&\336\343'\233i\332\374\245 {^\306-N\333\gE\006\347\212\331C\211Z\177\247\031\n<%V\3512\022\257K4-\030\212\246\013\255\260y\354\034\035sR\340\000#.\322r\367Z_I\013\202_n)6q\357\2538_-\302\252B\204v\277\254\373\3322Ca\020\243\0105\263\257\367\032\254\016\003""; }; ","ledgerHash: ""\276\322i\233\014\037\027Z\351\022\216@=S\205\334\033\374\234n\r\270\210]\013\203\356\024\366\354\260\007""; ledgerSeq: 10; type: liBASE; nodes {;   nodedata: ""\000\000\000\n\001cEx]\211\377\330\317\351\2337\023\262\336W\254\222\315\335\317oP\221\031g\037\220\357Ft\030n\306\370\n\354\226\365\346\000\000\000\000\000\000\000\000\000\000\000\000\000\000\000\000\000\000\000\000\000\000\000\000\000\000\000\000\000\000\000\000!\263[x\245\t\221c\221\020\227#\020\267\312L\'\261]\221\317PDI\326\3068dV7\004/\352\224\021/\352\224\032\n\000""; }; nodes {;   nodedata: ""h\315\350\215y\203\242]\371\235\232Pt&\325\210eZ\346\237XZ \277\2457n\221\336\253\245\317\002\304\206+8\t]\351\316\373|\311\263V\300\023\035\211\237\260\300\r\033u3a1\203\303\365\307k\347\006E\344\037@\210\363\010\336T\226\247'\204_{\261\370""1\235\2445\343\033Y!\212\201\341\272\225'\007*$\244&\336\343'\233i\332\374\245 {^\306-N\333\gE\006\347\212\331C\211Z\177\247\031\n<%V\3512\022\257K4-\030\212\246\013\255\260y\354\034\035sR\340\000#.\322r\367Z_I\013\202_n)6q\357\2538_-\302\252B\204v\277\254\373\3322Ca\020\243\0105\263\257\367\032\254\016\003""; }; "
1750587294896,1750587294896,0,1,1,2,TMProposeSet,"proposeSeq: 0; currentTxHash: ""\000\000\000\000\000\000\000\000\000\000\000\000\000\000\000\000\000\000\000\000\000\000\000\000\000\000\000\000\000\000\000\000""; nodePubKey: ""\003\325Q\255\224\274R@\312\253\262\347\352\034\346\347\242\215,\312\376=\277\353{\350\225\301\305`^, ""; closeTime: 803902494; signature: ""0E\002!\000\304\371#\360IuG'D\336T\260\220\235\001=\031\344|\231L\nO\256L\221\311t`\036\377\323\002 \004\245\231\323\2254\241\355\203\315o\017\216\027by\305+@\315#\230\335\357\245)q4\311q\223G""; previousledger: ""\276\322i\233\014\037\027Z\351\022\216@=S\205\334\033\374\234n\r\270\210]\013\203\356\024\366\354\260\007""; ","proposeSeq: 0; currentTxHash: ""\000\000\000\000\000\000\000\000\000\000\000\000\000\000\000\000\000\000\000\000\000\000\000\000\000\000\000\000\000\000\000\000""; nodePubKey: ""\003\325Q\255\224\274R@\312\253\262\347\352\034\346\347\242\215,\312\376=\277\353{\350\225\301\305`^, ""; closeTime: 803902494; signature: ""0E\002!\000\304\371#\360IuG'D\336T\260\220\235\001=\031\344|\231L\nO\256L\221\311t`\036\377\323\002 \004\245\231\323\2254\241\355\203\315o\017\216\027by\305+@\315#\230\335\357\245)q4\311q\223G""; previousledger: ""\276\322i\233\014\037\027Z\351\022\216@=S\205\334\033\374\234n\r\270\210]\013\203\356\024\366\354\260\007""; "
1750587294895,1750587294896,0,1,1,4,TMLedgerData,"ledgerHash: ""\276\322i\233\014\037\027Z\351\022\216@=S\205\334\033\374\234n\r\270\210]\013\203\356\024\366\354\260\007""; ledgerSeq: 10; type: liBASE; nodes {;   nodedata: ""\000\000\000\n\001cEx]\211\377\330\317\351\2337\023\262\336W\254\222\315\335\317oP\221\031g\037\220\357Ft\030n\306\370\n\354\226\365\346\000\000\000\000\000\000\000\000\000\000\000\000\000\000\000\000\000\000\000\000\000\000\000\000\000\000\000\000\000\000\000\000!\263[x\245\t\221c\221\020\227#\020\267\312L\'\261]\221\317PDI\326\3068dV7\004/\352\224\021/\352\224\032\n\000""; }; nodes {;   nodedata: ""h\315\350\215y\203\242]\371\235\232Pt&\325\210eZ\346\237XZ \277\2457n\221\336\253\245\317\002\304\206+8\t]\351\316\373|\311\263V\300\023\035\211\237\260\300\r\033u3a1\203\303\365\307k\347\006E\344\037@\210\363\010\336T\226\247'\204_{\261\370""1\235\2445\343\033Y!\212\201\341\272\225'\007*$\244&\336\343'\233i\332\374\245 {^\306-N\333\gE\006\347\212\331C\211Z\177\247\031\n<%V\3512\022\257K4-\030\212\246\013\255\260y\354\034\035sR\340\000#.\322r\367Z_I\013\202_n)6q\357\2538_-\302\252B\204v\277\254\373\3322Ca\020\243\0105\263\257\367\032\254\016\003""; }; ","ledgerHash: ""\276\322i\233\014\037\027Z\351\022\216@=S\205\334\033\374\234n\r\270\210]\013\203\356\024\366\354\260\007""; ledgerSeq: 10; type: liBASE; nodes {;   nodedata: ""\000\000\000\n\001cEx]\211\377\330\317\351\2337\023\262\336W\254\222\315\335\317oP\221\031g\037\220\357Ft\030n\306\370\n\354\226\365\346\000\000\000\000\000\000\000\000\000\000\000\000\000\000\000\000\000\000\000\000\000\000\000\000\000\000\000\000\000\000\000\000!\263[x\245\t\221c\221\020\227#\020\267\312L\'\261]\221\317PDI\326\3068dV7\004/\352\224\021/\352\224\032\n\000""; }; nodes {;   nodedata: ""h\315\350\215y\203\242]\371\235\232Pt&\325\210eZ\346\237XZ \277\2457n\221\336\253\245\317\002\304\206+8\t]\351\316\373|\311\263V\300\023\035\211\237\260\300\r\033u3a1\203\303\365\307k\347\006E\344\037@\210\363\010\336T\226\247'\204_{\261\370""1\235\2445\343\033Y!\212\201\341\272\225'\007*$\244&\336\343'\233i\332\374\245 {^\306-N\333\gE\006\347\212\331C\211Z\177\247\031\n<%V\3512\022\257K4-\030\212\246\013\255\260y\354\034\035sR\340\000#.\322r\367Z_I\013\202_n)6q\357\2538_-\302\252B\204v\277\254\373\3322Ca\020\243\0105\263\257\367\032\254\016\003""; }; "
1750587294896,1750587294899,1103,1,0,4,TMLedgerData,"ledgerHash: ""\317\351\2337\023\262\336W\254\222\315\335\317oP\221\031g\037\220\357Ft\030n\306\370\n\354\226\365\346""; ledgerSeq: 9; type: liTX_NODE; nodes {;   nodedata: ""\275\022\000\000""\000\000\000\000$\000\000\000\006 \033\000\000\000\032a@\000\000\022\333\371\352\000h@\000\000\000\000\000\000\ns!\003\364\346'\245\361\313f\307\325O*\031\010 \337\241\354\3450V\376\031#\323\000\245'Q`4d\376tG0E\002!\000\373\362\224\312\317Ss\343\010EP\201A]\372\204\347\000\222\333S\212\342\t\247\360G\207\334\264\266w\002 /\350\325\216\333\010\0347\027\007\375K\306\345\313fs:\223EIfV\023""QV\367\336\256\325:\201\024B\006\222#\215\346\234\245/\205\327[/\206^\005y\253G\373\203\024\023\252#\014BS\272`\277B\346\245]\332\351o'013\301] \034\000\000\000\000\370\345\021\000a%\000\000\000\006U\222c\273c4\225\334\221\227u?\025\314=\305/\262\367\217\375\027j\323\304\372\312Fv\2716\001\355V`\201|\265N\251\301Y\240\225\206\033+\t\343\352\033+\325\025OC\253O\023\305&l\256\252\351\247\346$\000\000\000\006b@\000\000\027H\206*@\341\347""\000\000\000\000$\000\000\000\007-\000\000\000\000b@\000\000\004l\214@6\201\024B\006\222#\215\346\234\245/\205\327[/\206^\005y\253G\373\341\341\345\021\000a%\000\000\000\006U\270\212\275\306\204\271\274\361K|t\323\346\2174\324\362\014S]\301\325\344rY\277\343\351\364\374\023\263V\357\314\324\302\36576qQ\310h`\232R\231\022\211\343\322@`\233\201\200v\255\267\277c\220e\266\346b@\000\000\027H\206*@\341\347""\000\000\000\000$\000\000\000\006-\000\000\000\000b@\000\000*$\200\024@\201\024\023\252#\014BS\272`\277B\346\245]\332\351o'013\341\341\361\003\020\000\003S\n\235\2624\346\340\377asq\337\223T\316nL\232)C!\360\245\205[L\224\\351\351\004"";   nodeid: ""\000\000\000\000\000\000\000\000\000\000\000\000\000\000\000\000\000\000\000\000\000\000\000\000\000\000\000\000\000\000\000\000\001""; }; ","ledgerHash: ""\317\351\2337\023\262\336W\254\222\315\335\317oP\221\031g\037\220\357Ft\030n\306\370\n\354\226\365\346""; ledgerSeq: 9; type: liTX_NODE; nodes {;   nodedata: ""\275\022\000\000""\000\000\000\000$\000\000\000\006 \033\000\000\000\032a@\000\000\022\333\371\352\000h@\000\000\000\000\000\000\ns!\003\364\346'\245\361\313f\307\325O*\031\010 \337\241\354\3450V\376\031#\323\000\245'Q`4d\376tG0E\002!\000\373\362\224\312\317Ss\343\010EP\201A]\372\204\347\000\222\333S\212\342\t\247\360G\207\334\264\266w\002 /\350\325\216\333\010\0347\027\007\375K\306\345\313fs:\223EIfV\023""QV\367\336\256\325:\201\024B\006\222#\215\346\234\245/\205\327[/\206^\005y\253G\373\203\024\023\252#\014BS\272`\277B\346\245]\332\351o'013\301] \034\000\000\000\000\370\345\021\000a%\000\000\000\006U\222c\273c4\225\334\221\227u?\025\314=\305/\262\367\217\375\027j\323\304\372\312Fv\2716\001\355V`\201|\265N\251\301Y\240\225\206\033+\t\343\352\033+\325\025OC\253O\023\305&l\256\252\351\247\346$\000\000\000\006b@\000\000\027H\206*@\341\347""\000\000\000\000$\000\000\000\007-\000\000\000\000b@\000\000\004l\214@6\201\024B\006\222#\215\346\234\245/\205\327[/\206^\005y\253G\373\341\341\345\021\000a%\000\000\000\006U\270\212\275\306\204\271\274\361K|t\323\346\2174\324\362\014S]\301\325\344rY\277\343\351\364\374\023\263V\357\314\324\302\36576qQ\310h`\232R\231\022\211\343\322@`\233\201\200v\255\267\277c\220e\266\346b@\000\000\027H\206*@\341\347""\000\000\000\000$\000\000\000\006-\000\000\000\000b@\000\000*$\200\024@\201\024\023\252#\014BS\272`\277B\346\245]\332\351o'013\341\341\361\003\020\000\003S\n\235\2624\346\340\377asq\337\223T\316nL\232)C!\360\245\205[L\224\\351\351\004"";   nodeid: ""\000\000\000\000\000\000\000\000\000\000\000\000\000\000\000\000\000\000\000\000\000\000\000\000\000\000\000\000\000\000\000\000\001""; }; "
1750587294900,1750587294900,0,1,1,4,TMProposeSet,"proposeSeq: 0; currentTxHash: ""\000\000\000\000\000\000\000\000\000\000\000\000\000\000\000\000\000\000\000\000\000\000\000\000\000\000\000\000\000\000\000\000""; nodePubKey: ""\003\325Q\255\224\274R@\312\253\262\347\352\034\346\347\242\215,\312\376=\277\353{\350\225\301\305`^, ""; closeTime: 803902494; signature: ""0E\002!\000\304\371#\360IuG'D\336T\260\220\235\001=\031\344|\231L\nO\256L\221\311t`\036\377\323\002 \004\245\231\323\2254\241\355\203\315o\017\216\027by\305+@\315#\230\335\357\245)q4\311q\223G""; previousledger: ""\276\322i\233\014\037\027Z\351\022\216@=S\205\334\033\374\234n\r\270\210]\013\203\356\024\366\354\260\007""; ","proposeSeq: 0; currentTxHash: ""\000\000\000\000\000\000\000\000\000\000\000\000\000\000\000\000\000\000\000\000\000\000\000\000\000\000\000\000\000\000\000\000""; nodePubKey: ""\003\325Q\255\224\274R@\312\253\262\347\352\034\346\347\242\215,\312\376=\277\353{\350\225\301\305`^, ""; closeTime: 803902494; signature: ""0E\002!\000\304\371#\360IuG'D\336T\260\220\235\001=\031\344|\231L\nO\256L\221\311t`\036\377\323\002 \004\245\231\323\2254\241\355\203\315o\017\216\027by\305+@\315#\230\335\357\245)q4\311q\223G""; previousledger: ""\276\322i\233\014\037\027Z\351\022\216@=S\205\334\033\374\234n\r\270\210]\013\203\356\024\366\354\260\007""; "
1750587294900,1750587294900,0,1,1,0,TMProposeSet,"proposeSeq: 0; currentTxHash: ""\000\000\000\000\000\000\000\000\000\000\000\000\000\000\000\000\000\000\000\000\000\000\000\000\000\000\000\000\000\000\000\000""; nodePubKey: ""\003\325Q\255\224\274R@\312\253\262\347\352\034\346\347\242\215,\312\376=\277\353{\350\225\301\305`^, ""; closeTime: 803902494; signature: ""0E\002!\000\304\371#\360IuG'D\336T\260\220\235\001=\031\344|\231L\nO\256L\221\311t`\036\377\323\002 \004\245\231\323\2254\241\355\203\315o\017\216\027by\305+@\315#\230\335\357\245)q4\311q\223G""; previousledger: ""\276\322i\233\014\037\027Z\351\022\216@=S\205\334\033\374\234n\r\270\210]\013\203\356\024\366\354\260\007""; ","proposeSeq: 0; currentTxHash: ""\000\000\000\000\000\000\000\000\000\000\000\000\000\000\000\000\000\000\000\000\000\000\000\000\000\000\000\000\000\000\000\000""; nodePubKey: ""\003\325Q\255\224\274R@\312\253\262\347\352\034\346\347\242\215,\312\376=\277\353{\350\225\301\305`^, ""; closeTime: 803902494; signature: ""0E\002!\000\304\371#\360IuG'D\336T\260\220\235\001=\031\344|\231L\nO\256L\221\311t`\036\377\323\002 \004\245\231\323\2254\241\355\203\315o\017\216\027by\305+@\315#\230\335\357\245)q4\311q\223G""; previousledger: ""\276\322i\233\014\037\027Z\351\022\216@=S\205\334\033\374\234n\r\270\210]\013\203\356\024\366\354\260\007""; "
1750587294900,1750587294900,557,1,4,1,TMGetLedger,"itype: liAS_NODE; ledgerHash: ""\276\322i\233\014\037\027Z\351\022\216@=S\205\334\033\374\234n\r\270\210]\013\203\356\024\366\354\260\007""; ledgerSeq: 10; nodeIDs: ""\260\000\000\000\000\000\000\000\000\000\000\000\000\000\000\000\000\000\000\000\000\000\000\000\000\000\000\000\000\000\000\000\001""; queryType: qtINDIRECT; queryDepth: 1; ","itype: liAS_NODE; ledgerHash: ""\276\322i\233\014\037\027Z\351\022\216@=S\205\334\033\374\234n\r\270\210]\013\203\356\024\366\354\260\007""; ledgerSeq: 10; nodeIDs: ""\260\000\000\000\000\000\000\000\000\000\000\000\000\000\000\000\000\000\000\000\000\000\000\000\000\000\000\000\000\000\000\000\001""; queryType: qtINDIRECT; queryDepth: 1; "
1750587294901,1750587294901,3082,1,2,4,TMProposeSet,"proposeSeq: 0; currentTxHash: ""\000\000\000\000\000\000\000\000\000\000\000\000\000\000\000\000\000\000\000\000\000\000\000\000\000\000\000\000\000\000\000\000""; nodePubKey: ""\003\325Q\255\224\274R@\312\253\262\347\352\034\346\347\242\215,\312\376=\277\353{\350\225\301\305`^, ""; closeTime: 803902494; signature: ""0E\002!\000\304\371#\360IuG'D\336T\260\220\235\001=\031\344|\231L\nO\256L\221\311t`\036\377\323\002 \004\245\231\323\2254\241\355\203\315o\017\216\027by\305+@\315#\230\335\357\245)q4\311q\223G""; previousledger: ""\276\322i\233\014\037\027Z\351\022\216@=S\205\334\033\374\234n\r\270\210]\013\203\356\024\366\354\260\007""; ","proposeSeq: 0; currentTxHash: ""\000\000\000\000\000\000\000\000\000\000\000\000\000\000\000\000\000\000\000\000\000\000\000\000\000\000\000\000\000\000\000\000""; nodePubKey: ""\003\325Q\255\224\274R@\312\253\262\347\352\034\346\347\242\215,\312\376=\277\353{\350\225\301\305`^, ""; closeTime: 803902494; signature: ""0E\002!\000\304\371#\360IuG'D\336T\260\220\235\001=\031\344|\231L\nO\256L\221\311t`\036\377\323\002 \004\245\231\323\2254\241\355\203\315o\017\216\027by\305+@\315#\230\335\357\245)q4\311q\223G""; previousledger: ""\276\322i\233\014\037\027Z\351\022\216@=S\205\334\033\374\234n\r\270\210]\013\203\356\024\366\354\260\007""; "
1750587294901,1750587294901,3546,1,2,0,TMProposeSet,"proposeSeq: 0; currentTxHash: ""\000\000\000\000\000\000\000\000\000\000\000\000\000\000\000\000\000\000\000\000\000\000\000\000\000\000\000\000\000\000\000\000""; nodePubKey: ""\003\325Q\255\224\274R@\312\253\262\347\352\034\346\347\242\215,\312\376=\277\353{\350\225\301\305`^, ""; closeTime: 803902494; signature: ""0E\002!\000\304\371#\360IuG'D\336T\260\220\235\001=\031\344|\231L\nO\256L\221\311t`\036\377\323\002 \004\245\231\323\2254\241\355\203\315o\017\216\027by\305+@\315#\230\335\357\245)q4\311q\223G""; previousledger: ""\276\322i\233\014\037\027Z\351\022\216@=S\205\334\033\374\234n\r\270\210]\013\203\356\024\366\354\260\007""; ","proposeSeq: 0; currentTxHash: ""\000\000\000\000\000\000\000\000\000\000\000\000\000\000\000\000\000\000\000\000\000\000\000\000\000\000\000\000\000\000\000\000""; nodePubKey: ""\003\325Q\255\224\274R@\312\253\262\347\352\034\346\347\242\215,\312\376=\277\353{\350\225\301\305`^, ""; closeTime: 803902494; signature: ""0E\002!\000\304\371#\360IuG'D\336T\260\220\235\001=\031\344|\231L\nO\256L\221\311t`\036\377\323\002 \004\245\231\323\2254\241\355\203\315o\017\216\027by\305+@\315#\230\335\357\245)q4\311q\223G""; previousledger: ""\276\322i\233\014\037\027Z\351\022\216@=S\205\334\033\374\234n\r\270\210]\013\203\356\024\366\354\260\007""; "
1750587294902,1750587294902,3725,1,2,3,TMProposeSet,"proposeSeq: 0; currentTxHash: ""\000\000\000\000\000\000\000\000\000\000\000\000\000\000\000\000\000\000\000\000\000\000\000\000\000\000\000\000\000\000\000\000""; nodePubKey: ""\003\325Q\255\224\274R@\312\253\262\347\352\034\346\347\242\215,\312\376=\277\353{\350\225\301\305`^, ""; closeTime: 803902494; signature: ""0E\002!\000\304\371#\360IuG'D\336T\260\220\235\001=\031\344|\231L\nO\256L\221\311t`\036\377\323\002 \004\245\231\323\2254\241\355\203\315o\017\216\027by\305+@\315#\230\335\357\245)q4\311q\223G""; previousledger: ""\276\322i\233\014\037\027Z\351\022\216@=S\205\334\033\374\234n\r\270\210]\013\203\356\024\366\354\260\007""; ","proposeSeq: 0; currentTxHash: ""\000\000\000\000\000\000\000\000\000\000\000\000\000\000\000\000\000\000\000\000\000\000\000\000\000\000\000\000\000\000\000\000""; nodePubKey: ""\003\325Q\255\224\274R@\312\253\262\347\352\034\346\347\242\215,\312\376=\277\353{\350\225\301\305`^, ""; closeTime: 803902494; signature: ""0E\002!\000\304\371#\360IuG'D\336T\260\220\235\001=\031\344|\231L\nO\256L\221\311t`\036\377\323\002 \004\245\231\323\2254\241\355\203\315o\017\216\027by\305+@\315#\230\335\357\245)q4\311q\223G""; previousledger: ""\276\322i\233\014\037\027Z\351\022\216@=S\205\334\033\374\234n\r\270\210]\013\203\356\024\366\354\260\007""; "
1750587294878,1750587294917,972,1,3,4,TMStatusChange,"newEvent: neCLOSING_LEDGER; ledgerSeq: 10; ledgerHash: ""\276\322i\233\014\037\027Z\351\022\216@=S\205\334\033\374\234n\r\270\210]\013\203\356\024\366\354\260\007""; ledgerHashPrevious: ""\317\351\2337\023\262\336W\254\222\315\335\317oP\221\031g\037\220\357Ft\030n\306\370\n\354\226\365\346""; networkTime: 803902494; firstSeq: 9; lastSeq: 10; ","newEvent: neCLOSING_LEDGER; ledgerSeq: 10; ledgerHash: ""\276\322i\233\014\037\027Z\351\022\216@=S\205\334\033\374\234n\r\270\210]\013\203\356\024\366\354\260\007""; ledgerHashPrevious: ""\317\351\2337\023\262\336W\254\222\315\335\317oP\221\031g\037\220\357Ft\030n\306\370\n\354\226\365\346""; networkTime: 803902494; firstSeq: 9; lastSeq: 10; "
1750587294879,1750587294917,0,1,3,1,TMStatusChange,"newEvent: neCLOSING_LEDGER; ledgerSeq: 10; ledgerHash: ""\276\322i\233\014\037\027Z\351\022\216@=S\205\334\033\374\234n\r\270\210]\013\203\356\024\366\354\260\007""; ledgerHashPrevious: ""\317\351\2337\023\262\336W\254\222\315\335\317oP\221\031g\037\220\357Ft\030n\306\370\n\354\226\365\346""; networkTime: 803902494; firstSeq: 9; lastSeq: 10; ","newEvent: neCLOSING_LEDGER; ledgerSeq: 10; ledgerHash: ""\276\322i\233\014\037\027Z\351\022\216@=S\205\334\033\374\234n\r\270\210]\013\203\356\024\366\354\260\007""; ledgerHashPrevious: ""\317\351\2337\023\262\336W\254\222\315\335\317oP\221\031g\037\220\357Ft\030n\306\370\n\354\226\365\346""; networkTime: 803902494; firstSeq: 9; lastSeq: 10; "
1750587294894,1750587294917,0,1,3,2,TMStatusChange,"newEvent: neCLOSING_LEDGER; ledgerSeq: 10; ledgerHash: ""\276\322i\233\014\037\027Z\351\022\216@=S\205\334\033\374\234n\r\270\210]\013\203\356\024\366\354\260\007""; ledgerHashPrevious: ""\317\351\2337\023\262\336W\254\222\315\335\317oP\221\031g\037\220\357Ft\030n\306\370\n\354\226\365\346""; networkTime: 803902494; firstSeq: 9; lastSeq: 10; ","newEvent: neCLOSING_LEDGER; ledgerSeq: 10; ledgerHash: ""\276\322i\233\014\037\027Z\351\022\216@=S\205\334\033\374\234n\r\270\210]\013\203\356\024\366\354\260\007""; ledgerHashPrevious: ""\317\351\2337\023\262\336W\254\222\315\335\317oP\221\031g\037\220\357Ft\030n\306\370\n\354\226\365\346""; networkTime: 803902494; firstSeq: 9; lastSeq: 10; "
1750587294894,1750587294917,0,1,3,0,TMStatusChange,"newEvent: neCLOSING_LEDGER; ledgerSeq: 10; ledgerHash: ""\276\322i\233\014\037\027Z\351\022\216@=S\205\334\033\374\234n\r\270\210]\013\203\356\024\366\354\260\007""; ledgerHashPrevious: ""\317\351\2337\023\262\336W\254\222\315\335\317oP\221\031g\037\220\357Ft\030n\306\370\n\354\226\365\346""; networkTime: 803902494; firstSeq: 9; lastSeq: 10; ","newEvent: neCLOSING_LEDGER; ledgerSeq: 10; ledgerHash: ""\276\322i\233\014\037\027Z\351\022\216@=S\205\334\033\374\234n\r\270\210]\013\203\356\024\366\354\260\007""; ledgerHashPrevious: ""\317\351\2337\023\262\336W\254\222\315\335\317oP\221\031g\037\220\357Ft\030n\306\370\n\354\226\365\346""; networkTime: 803902494; firstSeq: 9; lastSeq: 10; "
1750587294919,1750587294919,0,1,3,4,TMProposeSet,"proposeSeq: 0; currentTxHash: ""\000\000\000\000\000\000\000\000\000\000\000\000\000\000\000\000\000\000\000\000\000\000\000\000\000\000\000\000\000\000\000\000""; nodePubKey: ""\003\325Q\255\224\274R@\312\253\262\347\352\034\346\347\242\215,\312\376=\277\353{\350\225\301\305`^, ""; closeTime: 803902494; signature: ""0E\002!\000\304\371#\360IuG'D\336T\260\220\235\001=\031\344|\231L\nO\256L\221\311t`\036\377\323\002 \004\245\231\323\2254\241\355\203\315o\017\216\027by\305+@\315#\230\335\357\245)q4\311q\223G""; previousledger: ""\276\322i\233\014\037\027Z\351\022\216@=S\205\334\033\374\234n\r\270\210]\013\203\356\024\366\354\260\007""; ","proposeSeq: 0; currentTxHash: ""\000\000\000\000\000\000\000\000\000\000\000\000\000\000\000\000\000\000\000\000\000\000\000\000\000\000\000\000\000\000\000\000""; nodePubKey: ""\003\325Q\255\224\274R@\312\253\262\347\352\034\346\347\242\215,\312\376=\277\353{\350\225\301\305`^, ""; closeTime: 803902494; signature: ""0E\002!\000\304\371#\360IuG'D\336T\260\220\235\001=\031\344|\231L\nO\256L\221\311t`\036\377\323\002 \004\245\231\323\2254\241\355\203\315o\017\216\027by\305+@\315#\230\335\357\245)q4\311q\223G""; previousledger: ""\276\322i\233\014\037\027Z\351\022\216@=S\205\334\033\374\234n\r\270\210]\013\203\356\024\366\354\260\007""; "
1750587295012,1750587295012,2252,1,0,4,TMStatusChange,"newEvent: neACCEPTED_LEDGER; ledgerSeq: 10; ledgerHash: ""\276\322i\233\014\037\027Z\351\022\216@=S\205\334\033\374\234n\r\270\210]\013\203\356\024\366\354\260\007""; ledgerHashPrevious: ""\317\351\2337\023\262\336W\254\222\315\335\317oP\221\031g\037\220\357Ft\030n\306\370\n\354\226\365\346""; networkTime: 803902495; firstSeq: 9; lastSeq: 9; ","newEvent: neACCEPTED_LEDGER; ledgerSeq: 10; ledgerHash: ""\276\322i\233\014\037\027Z\351\022\216@=S\205\334\033\374\234n\r\270\210]\013\203\356\024\366\354\260\007""; ledgerHashPrevious: ""\317\351\2337\023\262\336W\254\222\315\335\317oP\221\031g\037\220\357Ft\030n\306\370\n\354\226\365\346""; networkTime: 803902495; firstSeq: 9; lastSeq: 9; "
1750587295012,1750587295012,792,1,0,4,TMValidation,"validation: """"\200\000\000\001&\000\000\000\n)/\352\224\037:I\203w\200\211\SGQ\276\322i\233\014\037\027Z\351\022\216@=S\205\334\033\374\234n\r\270\210]\013\203\356\024\366\354\260\007P\027\000\000\000\000\000\000\000\000\000\000\000\000\000\000\000\000\000\000\000\000\000\000\000\000\000\000\000\000\000\000\000\000P\031\317\351\2337\023\262\336W\254\222\315\335\317oP\221\031g\037\220\357Ft\030n\306\370\n\354\226\365\346s!\002\347\243J\206W\025ML\260\226\0163\217\250\337\325W\253\356*O\245Z\271\234\207C\274\375`\335\311vG0E\002!\000\274\243\261J\027\256\203\316\007p\337\004A\373Y\340d\233\324\022\223\3019kQ\357\023\025y\247\360\361\002 G\342n\346\\232\3631VT\314\234\036\345\331\377\027P\225T\211\251\335\356\270k1\362\014\237\231\022""; ","validation: """"\200\000\000\001&\000\000\000\n)/\352\224\037:I\203w\200\211\SGQ\276\322i\233\014\037\027Z\351\022\216@=S\205\334\033\374\234n\r\270\210]\013\203\356\024\366\354\260\007P\027\000\000\000\000\000\000\000\000\000\000\000\000\000\000\000\000\000\000\000\000\000\000\000\000\000\000\000\000\000\000\000\000P\031\317\351\2337\023\262\336W\254\222\315\335\317oP\221\031g\037\220\357Ft\030n\306\370\n\354\226\365\346s!\002\347\243J\206W\025ML\260\226\0163\217\250\337\325W\253\356*O\245Z\271\234\207C\274\375`\335\311vG0E\002!\000\274\243\261J\027\256\203\316\007p\337\004A\373Y\340d\233\324\022\223\3019kQ\357\023\025y\247\360\361\002 G\342n\346\\232\3631VT\314\234\036\345\331\377\027P\225T\211\251\335\356\270k1\362\014\237\231\022""; "
1750587295012,1750587295013,779,1,0,3,TMValidation,"validation: """"\200\000\000\001&\000\000\000\n)/\352\224\037:I\203w\200\211\SGQ\276\322i\233\014\037\027Z\351\022\216@=S\205\334\033\374\234n\r\270\210]\013\203\356\024\366\354\260\007P\027\000\000\000\000\000\000\000\000\000\000\000\000\000\000\000\000\000\000\000\000\000\000\000\000\000\000\000\000\000\000\000\000P\031\317\351\2337\023\262\336W\254\222\315\335\317oP\221\031g\037\220\357Ft\030n\306\370\n\354\226\365\346s!\002\347\243J\206W\025ML\260\226\0163\217\250\337\325W\253\356*O\245Z\271\234\207C\274\375`\335\311vG0E\002!\000\274\243\261J\027\256\203\316\007p\337\004A\373Y\340d\233\324\022\223\3019kQ\357\023\025y\247\360\361\002 G\342n\346\\232\3631VT\314\234\036\345\331\377\027P\225T\211\251\335\356\270k1\362\014\237\231\022""; ","validation: """"\200\000\000\001&\000\000\000\n)/\352\224\037:I\203w\200\211\SGQ\276\322i\233\014\037\027Z\351\022\216@=S\205\334\033\374\234n\r\270\210]\013\203\356\024\366\354\260\007P\027\000\000\000\000\000\000\000\000\000\000\000\000\000\000\000\000\000\000\000\000\000\000\000\000\000\000\000\000\000\000\000\000P\031\317\351\2337\023\262\336W\254\222\315\335\317oP\221\031g\037\220\357Ft\030n\306\370\n\354\226\365\346s!\002\347\243J\206W\025ML\260\226\0163\217\250\337\325W\253\356*O\245Z\271\234\207C\274\375`\335\311vG0E\002!\000\274\243\261J\027\256\203\316\007p\337\004A\373Y\340d\233\324\022\223\3019kQ\357\023\025y\247\360\361\002 G\342n\346\\232\3631VT\314\234\036\345\331\377\027P\225T\211\251\335\356\270k1\362\014\237\231\022""; "
1750587295013,1750587295013,468,1,0,1,TMStatusChange,"newEvent: neACCEPTED_LEDGER; ledgerSeq: 10; ledgerHash: ""\276\322i\233\014\037\027Z\351\022\216@=S\205\334\033\374\234n\r\270\210]\013\203\356\024\366\354\260\007""; ledgerHashPrevious: ""\317\351\2337\023\262\336W\254\222\315\335\317oP\221\031g\037\220\357Ft\030n\306\370\n\354\226\365\346""; networkTime: 803902495; firstSeq: 9; lastSeq: 9; ","newEvent: neACCEPTED_LEDGER; ledgerSeq: 10; ledgerHash: ""\276\322i\233\014\037\027Z\351\022\216@=S\205\334\033\374\234n\r\270\210]\013\203\356\024\366\354\260\007""; ledgerHashPrevious: ""\317\351\2337\023\262\336W\254\222\315\335\317oP\221\031g\037\220\357Ft\030n\306\370\n\354\226\365\346""; networkTime: 803902495; firstSeq: 9; lastSeq: 9; "
1750587295014,1750587295014,2684,1,0,1,TMValidation,"validation: """"\200\000\000\001&\000\000\000\n)/\352\224\037:I\203w\200\211\SGQ\276\322i\233\014\037\027Z\351\022\216@=S\205\334\033\374\234n\r\270\210]\013\203\356\024\366\354\260\007P\027\000\000\000\000\000\000\000\000\000\000\000\000\000\000\000\000\000\000\000\000\000\000\000\000\000\000\000\000\000\000\000\000P\031\317\351\2337\023\262\336W\254\222\315\335\317oP\221\031g\037\220\357Ft\030n\306\370\n\354\226\365\346s!\002\347\243J\206W\025ML\260\226\0163\217\250\337\325W\253\356*O\245Z\271\234\207C\274\375`\335\311vG0E\002!\000\274\243\261J\027\256\203\316\007p\337\004A\373Y\340d\233\324\022\223\3019kQ\357\023\025y\247\360\361\002 G\342n\346\\232\3631VT\314\234\036\345\331\377\027P\225T\211\251\335\356\270k1\362\014\237\231\022""; ","validation: """"\200\000\000\001&\000\000\000\n)/\352\224\037:I\203w\200\211\SGQ\276\322i\233\014\037\027Z\351\022\216@=S\205\334\033\374\234n\r\270\210]\013\203\356\024\366\354\260\007P\027\000\000\000\000\000\000\000\000\000\000\000\000\000\000\000\000\000\000\000\000\000\000\000\000\000\000\000\000\000\000\000\000P\031\317\351\2337\023\262\336W\254\222\315\335\317oP\221\031g\037\220\357Ft\030n\306\370\n\354\226\365\346s!\002\347\243J\206W\025ML\260\226\0163\217\250\337\325W\253\356*O\245Z\271\234\207C\274\375`\335\311vG0E\002!\000\274\243\261J\027\256\203\316\007p\337\004A\373Y\340d\233\324\022\223\3019kQ\357\023\025y\247\360\361\002 G\342n\346\\232\3631VT\314\234\036\345\331\377\027P\225T\211\251\335\356\270k1\362\014\237\231\022""; "
1750587295014,1750587295014,3150,1,0,3,TMStatusChange,"newEvent: neACCEPTED_LEDGER; ledgerSeq: 10; ledgerHash: ""\276\322i\233\014\037\027Z\351\022\216@=S\205\334\033\374\234n\r\270\210]\013\203\356\024\366\354\260\007""; ledgerHashPrevious: ""\317\351\2337\023\262\336W\254\222\315\335\317oP\221\031g\037\220\357Ft\030n\306\370\n\354\226\365\346""; networkTime: 803902495; firstSeq: 9; lastSeq: 9; ","newEvent: neACCEPTED_LEDGER; ledgerSeq: 10; ledgerHash: ""\276\322i\233\014\037\027Z\351\022\216@=S\205\334\033\374\234n\r\270\210]\013\203\356\024\366\354\260\007""; ledgerHashPrevious: ""\317\351\2337\023\262\336W\254\222\315\335\317oP\221\031g\037\220\357Ft\030n\306\370\n\354\226\365\346""; networkTime: 803902495; firstSeq: 9; lastSeq: 9; "
1750587295014,1750587295014,615,1,0,2,TMStatusChange,"newEvent: neACCEPTED_LEDGER; ledgerSeq: 10; ledgerHash: ""\276\322i\233\014\037\027Z\351\022\216@=S\205\334\033\374\234n\r\270\210]\013\203\356\024\366\354\260\007""; ledgerHashPrevious: ""\317\351\2337\023\262\336W\254\222\315\335\317oP\221\031g\037\220\357Ft\030n\306\370\n\354\226\365\346""; networkTime: 803902495; firstSeq: 9; lastSeq: 9; ","newEvent: neACCEPTED_LEDGER; ledgerSeq: 10; ledgerHash: ""\276\322i\233\014\037\027Z\351\022\216@=S\205\334\033\374\234n\r\270\210]\013\203\356\024\366\354\260\007""; ledgerHashPrevious: ""\317\351\2337\023\262\336W\254\222\315\335\317oP\221\031g\037\220\357Ft\030n\306\370\n\354\226\365\346""; networkTime: 803902495; firstSeq: 9; lastSeq: 9; "
1750587295015,1750587295015,3563,1,0,2,TMValidation,"validation: """"\200\000\000\001&\000\000\000\n)/\352\224\037:I\203w\200\211\SGQ\276\322i\233\014\037\027Z\351\022\216@=S\205\334\033\374\234n\r\270\210]\013\203\356\024\366\354\260\007P\027\000\000\000\000\000\000\000\000\000\000\000\000\000\000\000\000\000\000\000\000\000\000\000\000\000\000\000\000\000\000\000\000P\031\317\351\2337\023\262\336W\254\222\315\335\317oP\221\031g\037\220\357Ft\030n\306\370\n\354\226\365\346s!\002\347\243J\206W\025ML\260\226\0163\217\250\337\325W\253\356*O\245Z\271\234\207C\274\375`\335\311vG0E\002!\000\274\243\261J\027\256\203\316\007p\337\004A\373Y\340d\233\324\022\223\3019kQ\357\023\025y\247\360\361\002 G\342n\346\\232\3631VT\314\234\036\345\331\377\027P\225T\211\251\335\356\270k1\362\014\237\231\022""; ","validation: """"\200\000\000\001&\000\000\000\n)/\352\224\037:I\203w\200\211\SGQ\276\322i\233\014\037\027Z\351\022\216@=S\205\334\033\374\234n\r\270\210]\013\203\356\024\366\354\260\007P\027\000\000\000\000\000\000\000\000\000\000\000\000\000\000\000\000\000\000\000\000\000\000\000\000\000\000\000\000\000\000\000\000P\031\317\351\2337\023\262\336W\254\222\315\335\317oP\221\031g\037\220\357Ft\030n\306\370\n\354\226\365\346s!\002\347\243J\206W\025ML\260\226\0163\217\250\337\325W\253\356*O\245Z\271\234\207C\274\375`\335\311vG0E\002!\000\274\243\261J\027\256\203\316\007p\337\004A\373Y\340d\233\324\022\223\3019kQ\357\023\025y\247\360\361\002 G\342n\346\\232\3631VT\314\234\036\345\331\377\027P\225T\211\251\335\356\270k1\362\014\237\231\022""; "
1750587295015,1750587295015,2970,1,0,4,TMProposeSet,"proposeSeq: 0; currentTxHash: ""\000\000\000\000\000\000\000\000\000\000\000\000\000\000\000\000\000\000\000\000\000\000\000\000\000\000\000\000\000\000\000\000""; nodePubKey: ""\003\325Q\255\224\274R@\312\253\262\347\352\034\346\347\242\215,\312\376=\277\353{\350\225\301\305`^, ""; closeTime: 803902494; signature: ""0E\002!\000\304\371#\360IuG'D\336T\260\220\235\001=\031\344|\231L\nO\256L\221\311t`\036\377\323\002 \004\245\231\323\2254\241\355\203\315o\017\216\027by\305+@\315#\230\335\357\245)q4\311q\223G""; previousledger: ""\276\322i\233\014\037\027Z\351\022\216@=S\205\334\033\374\234n\r\270\210]\013\203\356\024\366\354\260\007""; ","proposeSeq: 0; currentTxHash: ""\000\000\000\000\000\000\000\000\000\000\000\000\000\000\000\000\000\000\000\000\000\000\000\000\000\000\000\000\000\000\000\000""; nodePubKey: ""\003\325Q\255\224\274R@\312\253\262\347\352\034\346\347\242\215,\312\376=\277\353{\350\225\301\305`^, ""; closeTime: 803902494; signature: ""0E\002!\000\304\371#\360IuG'D\336T\260\220\235\001=\031\344|\231L\nO\256L\221\311t`\036\377\323\002 \004\245\231\323\2254\241\355\203\315o\017\216\027by\305+@\315#\230\335\357\245)q4\311q\223G""; previousledger: ""\276\322i\233\014\037\027Z\351\022\216@=S\205\334\033\374\234n\r\270\210]\013\203\356\024\366\354\260\007""; "
1750587295015,1750587295015,1290,1,0,2,TMProposeSet,"proposeSeq: 0; currentTxHash: ""\000\000\000\000\000\000\000\000\000\000\000\000\000\000\000\000\000\000\000\000\000\000\000\000\000\000\000\000\000\000\000\000""; nodePubKey: ""\003\325Q\255\224\274R@\312\253\262\347\352\034\346\347\242\215,\312\376=\277\353{\350\225\301\305`^, ""; closeTime: 803902494; signature: ""0E\002!\000\304\371#\360IuG'D\336T\260\220\235\001=\031\344|\231L\nO\256L\221\311t`\036\377\323\002 \004\245\231\323\2254\241\355\203\315o\017\216\027by\305+@\315#\230\335\357\245)q4\311q\223G""; previousledger: ""\276\322i\233\014\037\027Z\351\022\216@=S\205\334\033\374\234n\r\270\210]\013\203\356\024\366\354\260\007""; ","proposeSeq: 0; currentTxHash: ""\000\000\000\000\000\000\000\000\000\000\000\000\000\000\000\000\000\000\000\000\000\000\000\000\000\000\000\000\000\000\000\000""; nodePubKey: ""\003\325Q\255\224\274R@\312\253\262\347\352\034\346\347\242\215,\312\376=\277\353{\350\225\301\305`^, ""; closeTime: 803902494; signature: ""0E\002!\000\304\371#\360IuG'D\336T\260\220\235\001=\031\344|\231L\nO\256L\221\311t`\036\377\323\002 \004\245\231\323\2254\241\355\203\315o\017\216\027by\305+@\315#\230\335\357\245)q4\311q\223G""; previousledger: ""\276\322i\233\014\037\027Z\351\022\216@=S\205\334\033\374\234n\r\270\210]\013\203\356\024\366\354\260\007""; "
1750587295100,1750587295100,1103,1,0,4,TMLedgerData,"ledgerHash: ""\276\322i\233\014\037\027Z\351\022\216@=S\205\334\033\374\234n\r\270\210]\013\203\356\024\366\354\260\007""; ledgerSeq: 10; type: liBASE; nodes {;   nodedata: ""\000\000\000\n\001cEx]\211\377\330\317\351\2337\023\262\336W\254\222\315\335\317oP\221\031g\037\220\357Ft\030n\306\370\n\354\226\365\346\000\000\000\000\000\000\000\000\000\000\000\000\000\000\000\000\000\000\000\000\000\000\000\000\000\000\000\000\000\000\000\000!\263[x\245\t\221c\221\020\227#\020\267\312L\'\261]\221\317PDI\326\3068dV7\004/\352\224\021/\352\224\032\n\000""; }; nodes {;   nodedata: ""h\315\350\215y\203\242]\371\235\232Pt&\325\210eZ\346\237XZ \277\2457n\221\336\253\245\317\002\304\206+8\t]\351\316\373|\311\263V\300\023\035\211\237\260\300\r\033u3a1\203\303\365\307k\347\006E\344\037@\210\363\010\336T\226\247'\204_{\261\370""1\235\2445\343\033Y!\212\201\341\272\225'\007*$\244&\336\343'\233i\332\374\245 {^\306-N\333\gE\006\347\212\331C\211Z\177\247\031\n<%V\3512\022\257K4-\030\212\246\013\255\260y\354\034\035sR\340\000#.\322r\367Z_I\013\202_n)6q\357\2538_-\302\252B\204v\277\254\373\3322Ca\020\243\0105\263\257\367\032\254\016\003""; }; ","ledgerHash: ""\276\322i\233\014\037\027Z\351\022\216@=S\205\334\033\374\234n\r\270\210]\013\203\356\024\366\354\260\007""; ledgerSeq: 10; type: liBASE; nodes {;   nodedata: ""\000\000\000\n\001cEx]\211\377\330\317\351\2337\023\262\336W\254\222\315\335\317oP\221\031g\037\220\357Ft\030n\306\370\n\354\226\365\346\000\000\000\000\000\000\000\000\000\000\000\000\000\000\000\000\000\000\000\000\000\000\000\000\000\000\000\000\000\000\000\000!\263[x\245\t\221c\221\020\227#\020\267\312L\'\261]\221\317PDI\326\3068dV7\004/\352\224\021/\352\224\032\n\000""; }; nodes {;   nodedata: ""h\315\350\215y\203\242]\371\235\232Pt&\325\210eZ\346\237XZ \277\2457n\221\336\253\245\317\002\304\206+8\t]\351\316\373|\311\263V\300\023\035\211\237\260\300\r\033u3a1\203\303\365\307k\347\006E\344\037@\210\363\010\336T\226\247'\204_{\261\370""1\235\2445\343\033Y!\212\201\341\272\225'\007*$\244&\336\343'\233i\332\374\245 {^\306-N\333\gE\006\347\212\331C\211Z\177\247\031\n<%V\3512\022\257K4-\030\212\246\013\255\260y\354\034\035sR\340\000#.\322r\367Z_I\013\202_n)6q\357\2538_-\302\252B\204v\277\254\373\3322Ca\020\243\0105\263\257\367\032\254\016\003""; }; "
1750587295102,1750587295102,1036,1,2,4,TMValidation,"validation: """"\200\000\000\001&\000\000\000\n)/\352\224\035:?HT\314/\177\320^Q\276\322i\233\014\037\027Z\351\022\216@=S\205\334\033\374\234n\r\270\210]\013\203\356\024\366\354\260\007P\027\000\000\000\000\000\000\000\000\000\000\000\000\000\000\000\000\000\000\000\000\000\000\000\000\000\000\000\000\000\000\000\000P\031\317\351\2337\023\262\336W\254\222\315\335\317oP\221\031g\037\220\357Ft\030n\306\370\n\354\226\365\346s!\003\343\005\311u\203\370\0338\3174\324\010\006\301\251\177\261\304eOX\262)FA-\022r\263wm\024vG0E\002!\000\340\023\302\327\225\234~\251/\3453\241\375B\315\036\236\377\341c\267\377\037\226Uc\204\034\226\301\207\354\002 4\S!\356\360s\255a,\361&\036Z\240\305\000\310\370\256wz\323\223\017\306^<\375\275\342\366""; ","validation: """"\200\000\000\001&\000\000\000\n)/\352\224\035:?HT\314/\177\320^Q\276\322i\233\014\037\027Z\351\022\216@=S\205\334\033\374\234n\r\270\210]\013\203\356\024\366\354\260\007P\027\000\000\000\000\000\000\000\000\000\000\000\000\000\000\000\000\000\000\000\000\000\000\000\000\000\000\000\000\000\000\000\000P\031\317\351\2337\023\262\336W\254\222\315\335\317oP\221\031g\037\220\357Ft\030n\306\370\n\354\226\365\346s!\003\343\005\311u\203\370\0338\3174\324\010\006\301\251\177\261\304eOX\262)FA-\022r\263wm\024vG0E\002!\000\340\023\302\327\225\234~\251/\3453\241\375B\315\036\236\377\341c\267\377\037\226Uc\204\034\226\301\207\354\002 4\S!\356\360s\255a,\361&\036Z\240\305\000\310\370\256wz\323\223\017\306^<\375\275\342\366""; "
1750587295101,1750587295102,3488,1,2,0,TMValidation,"validation: """"\200\000\000\001&\000\000\000\n)/\352\224\035:?HT\314/\177\320^Q\276\322i\233\014\037\027Z\351\022\216@=S\205\334\033\374\234n\r\270\210]\013\203\356\024\366\354\260\007P\027\000\000\000\000\000\000\000\000\000\000\000\000\000\000\000\000\000\000\000\000\000\000\000\000\000\000\000\000\000\000\000\000P\031\317\351\2337\023\262\336W\254\222\315\335\317oP\221\031g\037\220\357Ft\030n\306\370\n\354\226\365\346s!\003\343\005\311u\203\370\0338\3174\324\010\006\301\251\177\261\304eOX\262)FA-\022r\263wm\024vG0E\002!\000\340\023\302\327\225\234~\251/\3453\241\375B\315\036\236\377\341c\267\377\037\226Uc\204\034\226\301\207\354\002 4\S!\356\360s\255a,\361&\036Z\240\305\000\310\370\256wz\323\223\017\306^<\375\275\342\366""; ","validation: """"\200\000\000\001&\000\000\000\n)/\352\224\035:?HT\314/\177\320^Q\276\322i\233\014\037\027Z\351\022\216@=S\205\334\033\374\234n\r\270\210]\013\203\356\024\366\354\260\007P\027\000\000\000\000\000\000\000\000\000\000\000\000\000\000\000\000\000\000\000\000\000\000\000\000\000\000\000\000\000\000\000\000P\031\317\351\2337\023\262\336W\254\222\315\335\317oP\221\031g\037\220\357Ft\030n\306\370\n\354\226\365\346s!\003\343\005\311u\203\370\0338\3174\324\010\006\301\251\177\261\304eOX\262)FA-\022r\263wm\024vG0E\002!\000\340\023\302\327\225\234~\251/\3453\241\375B\315\036\236\377\341c\267\377\037\226Uc\204\034\226\301\207\354\002 4\S!\356\360s\255a,\361&\036Z\240\305\000\310\370\256wz\323\223\017\306^<\375\275\342\366""; "
1750587295102,1750587295102,3989,1,2,3,TMValidation,"validation: """"\200\000\000\001&\000\000\000\n)/\352\224\035:?HT\314/\177\320^Q\276\322i\233\014\037\027Z\351\022\216@=S\205\334\033\374\234n\r\270\210]\013\203\356\024\366\354\260\007P\027\000\000\000\000\000\000\000\000\000\000\000\000\000\000\000\000\000\000\000\000\000\000\000\000\000\000\000\000\000\000\000\000P\031\317\351\2337\023\262\336W\254\222\315\335\317oP\221\031g\037\220\357Ft\030n\306\370\n\354\226\365\346s!\003\343\005\311u\203\370\0338\3174\324\010\006\301\251\177\261\304eOX\262)FA-\022r\263wm\024vG0E\002!\000\340\023\302\327\225\234~\251/\3453\241\375B\315\036\236\377\341c\267\377\037\226Uc\204\034\226\301\207\354\002 4\S!\356\360s\255a,\361&\036Z\240\305\000\310\370\256wz\323\223\017\306^<\375\275\342\366""; ","validation: """"\200\000\000\001&\000\000\000\n)/\352\224\035:?HT\314/\177\320^Q\276\322i\233\014\037\027Z\351\022\216@=S\205\334\033\374\234n\r\270\210]\013\203\356\024\366\354\260\007P\027\000\000\000\000\000\000\000\000\000\000\000\000\000\000\000\000\000\000\000\000\000\000\000\000\000\000\000\000\000\000\000\000P\031\317\351\2337\023\262\336W\254\222\315\335\317oP\221\031g\037\220\357Ft\030n\306\370\n\354\226\365\346s!\003\343\005\311u\203\370\0338\3174\324\010\006\301\251\177\261\304eOX\262)FA-\022r\263wm\024vG0E\002!\000\340\023\302\327\225\234~\251/\3453\241\375B\315\036\236\377\341c\267\377\037\226Uc\204\034\226\301\207\354\002 4\S!\356\360s\255a,\361&\036Z\240\305\000\310\370\256wz\323\223\017\306^<\375\275\342\366""; "
1750587295101,1750587295101,1103,1,0,4,TMLedgerData,"ledgerHash: ""\276\322i\233\014\037\027Z\351\022\216@=S\205\334\033\374\234n\r\270\210]\013\203\356\024\366\354\260\007""; ledgerSeq: 10; type: liBASE; nodes {;   nodedata: ""\000\000\000\n\001cEx]\211\377\330\317\351\2337\023\262\336W\254\222\315\335\317oP\221\031g\037\220\357Ft\030n\306\370\n\354\226\365\346\000\000\000\000\000\000\000\000\000\000\000\000\000\000\000\000\000\000\000\000\000\000\000\000\000\000\000\000\000\000\000\000!\263[x\245\t\221c\221\020\227#\020\267\312L\'\261]\221\317PDI\326\3068dV7\004/\352\224\021/\352\224\032\n\000""; }; nodes {;   nodedata: ""h\315\350\215y\203\242]\371\235\232Pt&\325\210eZ\346\237XZ \277\2457n\221\336\253\245\317\002\304\206+8\t]\351\316\373|\311\263V\300\023\035\211\237\260\300\r\033u3a1\203\303\365\307k\347\006E\344\037@\210\363\010\336T\226\247'\204_{\261\370""1\235\2445\343\033Y!\212\201\341\272\225'\007*$\244&\336\343'\233i\332\374\245 {^\306-N\333\gE\006\347\212\331C\211Z\177\247\031\n<%V\3512\022\257K4-\030\212\246\013\255\260y\354\034\035sR\340\000#.\322r\367Z_I\013\202_n)6q\357\2538_-\302\252B\204v\277\254\373\3322Ca\020\243\0105\263\257\367\032\254\016\003""; }; ","ledgerHash: ""\276\322i\233\014\037\027Z\351\022\216@=S\205\334\033\374\234n\r\270\210]\013\203\356\024\366\354\260\007""; ledgerSeq: 10; type: liBASE; nodes {;   nodedata: ""\000\000\000\n\001cEx]\211\377\330\317\351\2337\023\262\336W\254\222\315\335\317oP\221\031g\037\220\357Ft\030n\306\370\n\354\226\365\346\000\000\000\000\000\000\000\000\000\000\000\000\000\000\000\000\000\000\000\000\000\000\000\000\000\000\000\000\000\000\000\000!\263[x\245\t\221c\221\020\227#\020\267\312L\'\261]\221\317PDI\326\3068dV7\004/\352\224\021/\352\224\032\n\000""; }; nodes {;   nodedata: ""h\315\350\215y\203\242]\371\235\232Pt&\325\210eZ\346\237XZ \277\2457n\221\336\253\245\317\002\304\206+8\t]\351\316\373|\311\263V\300\023\035\211\237\260\300\r\033u3a1\203\303\365\307k\347\006E\344\037@\210\363\010\336T\226\247'\204_{\261\370""1\235\2445\343\033Y!\212\201\341\272\225'\007*$\244&\336\343'\233i\332\374\245 {^\306-N\333\gE\006\347\212\331C\211Z\177\247\031\n<%V\3512\022\257K4-\030\212\246\013\255\260y\354\034\035sR\340\000#.\322r\367Z_I\013\202_n)6q\357\2538_-\302\252B\204v\277\254\373\3322Ca\020\243\0105\263\257\367\032\254\016\003""; }; "
1750587295291,1750587295292,3725,1,2,3,TMProposeSet,"proposeSeq: 0; currentTxHash: ""\000\000\000\000\000\000\000\000\000\000\000\000\000\000\000\000\000\000\000\000\000\000\000\000\000\000\000\000\000\000\000\000""; nodePubKey: ""\003ql\302)\235\321\t\213\224\356\374%%\311\327\037\374\304\t\335\2359\344\233\035]\347<u\236\364\222""; closeTime: 803902495; signature: ""0D\002 .H\261\351\261S\243q|\215\023\306\250\237A| \200u/\034-\350\331\377O\002\347\310RER\002 \007;B_Mc#\275\203\275\251\001\232\245x$\377y\005\270\021\221\314\213\200a\220""\354\260\3649""; previousledger: ""\276\322i\233\014\037\027Z\351\022\216@=S\205\334\033\374\234n\r\270\210]\013\203\356\024\366\354\260\007""; ","proposeSeq: 0; currentTxHash: ""\000\000\000\000\000\000\000\000\000\000\000\000\000\000\000\000\000\000\000\000\000\000\000\000\000\000\000\000\000\000\000\000""; nodePubKey: ""\003ql\302)\235\321\t\213\224\356\374%%\311\327\037\374\304\t\335\2359\344\233\035]\347<u\236\364\222""; closeTime: 803902495; signature: ""0D\002 .H\261\351\261S\243q|\215\023\306\250\237A| \200u/\034-\350\331\377O\002\347\310RER\002 \007;B_Mc#\275\203\275\251\001\232\245x$\377y\005\270\021\221\314\213\200a\220""\354\260\3649""; previousledger: ""\276\322i\233\014\037\027Z\351\022\216@=S\205\334\033\374\234n\r\270\210]\013\203\356\024\366\354\260\007""; "
1750587295296,1750587295296,0,1,2,4,TMProposeSet,"proposeSeq: 0; currentTxHash: ""\000\000\000\000\000\000\000\000\000\000\000\000\000\000\000\000\000\000\000\000\000\000\000\000\000\000\000\000\000\000\000\000""; nodePubKey: ""\003ql\302)\235\321\t\213\224\356\374%%\311\327\037\374\304\t\335\2359\344\233\035]\347<u\236\364\222""; closeTime: 803902495; signature: ""0D\002 .H\261\351\261S\243q|\215\023\306\250\237A| \200u/\034-\350\331\377O\002\347\310RER\002 \007;B_Mc#\275\203\275\251\001\232\245x$\377y\005\270\021\221\314\213\200a\220""\354\260\3649""; previousledger: ""\276\322i\233\014\037\027Z\351\022\216@=S\205\334\033\374\234n\r\270\210]\013\203\356\024\366\354\260\007""; ","proposeSeq: 0; currentTxHash: ""\000\000\000\000\000\000\000\000\000\000\000\000\000\000\000\000\000\000\000\000\000\000\000\000\000\000\000\000\000\000\000\000""; nodePubKey: ""\003ql\302)\235\321\t\213\224\356\374%%\311\327\037\374\304\t\335\2359\344\233\035]\347<u\236\364\222""; closeTime: 803902495; signature: ""0D\002 .H\261\351\261S\243q|\215\023\306\250\237A| \200u/\034-\350\331\377O\002\347\310RER\002 \007;B_Mc#\275\203\275\251\001\232\245x$\377y\005\270\021\221\314\213\200a\220""\354\260\3649""; previousledger: ""\276\322i\233\014\037\027Z\351\022\216@=S\205\334\033\374\234n\r\270\210]\013\203\356\024\366\354\260\007""; "
1750587295300,1750587295300,0,1,2,0,TMProposeSet,"proposeSeq: 0; currentTxHash: ""\000\000\000\000\000\000\000\000\000\000\000\000\000\000\000\000\000\000\000\000\000\000\000\000\000\000\000\000\000\000\000\000""; nodePubKey: ""\003ql\302)\235\321\t\213\224\356\374%%\311\327\037\374\304\t\335\2359\344\233\035]\347<u\236\364\222""; closeTime: 803902495; signature: ""0D\002 .H\261\351\261S\243q|\215\023\306\250\237A| \200u/\034-\350\331\377O\002\347\310RER\002 \007;B_Mc#\275\203\275\251\001\232\245x$\377y\005\270\021\221\314\213\200a\220""\354\260\3649""; previousledger: ""\276\322i\233\014\037\027Z\351\022\216@=S\205\334\033\374\234n\r\270\210]\013\203\356\024\366\354\260\007""; ","proposeSeq: 0; currentTxHash: ""\000\000\000\000\000\000\000\000\000\000\000\000\000\000\000\000\000\000\000\000\000\000\000\000\000\000\000\000\000\000\000\000""; nodePubKey: ""\003ql\302)\235\321\t\213\224\356\374%%\311\327\037\374\304\t\335\2359\344\233\035]\347<u\236\364\222""; closeTime: 803902495; signature: ""0D\002 .H\261\351\261S\243q|\215\023\306\250\237A| \200u/\034-\350\331\377O\002\347\310RER\002 \007;B_Mc#\275\203\275\251\001\232\245x$\377y\005\270\021\221\314\213\200a\220""\354\260\3649""; previousledger: ""\276\322i\233\014\037\027Z\351\022\216@=S\205\334\033\374\234n\r\270\210]\013\203\356\024\366\354\260\007""; "
1750587295301,1750587295301,0,1,2,1,TMProposeSet,"proposeSeq: 0; currentTxHash: ""\000\000\000\000\000\000\000\000\000\000\000\000\000\000\000\000\000\000\000\000\000\000\000\000\000\000\000\000\000\000\000\000""; nodePubKey: ""\003ql\302)\235\321\t\213\224\356\374%%\311\327\037\374\304\t\335\2359\344\233\035]\347<u\236\364\222""; closeTime: 803902495; signature: ""0D\002 .H\261\351\261S\243q|\215\023\306\250\237A| \200u/\034-\350\331\377O\002\347\310RER\002 \007;B_Mc#\275\203\275\251\001\232\245x$\377y\005\270\021\221\314\213\200a\220""\354\260\3649""; previousledger: ""\276\322i\233\014\037\027Z\351\022\216@=S\205\334\033\374\234n\r\270\210]\013\203\356\024\366\354\260\007""; ","proposeSeq: 0; currentTxHash: ""\000\000\000\000\000\000\000\000\000\000\000\000\000\000\000\000\000\000\000\000\000\000\000\000\000\000\000\000\000\000\000\000""; nodePubKey: ""\003ql\302)\235\321\t\213\224\356\374%%\311\327\037\374\304\t\335\2359\344\233\035]\347<u\236\364\222""; closeTime: 803902495; signature: ""0D\002 .H\261\351\261S\243q|\215\023\306\250\237A| \200u/\034-\350\331\377O\002\347\310RER\002 \007;B_Mc#\275\203\275\251\001\232\245x$\377y\005\270\021\221\314\213\200a\220""\354\260\3649""; previousledger: ""\276\322i\233\014\037\027Z\351\022\216@=S\205\334\033\374\234n\r\270\210]\013\203\356\024\366\354\260\007""; "
1750587295302,1750587295303,2970,1,0,4,TMProposeSet,"proposeSeq: 0; currentTxHash: ""\000\000\000\000\000\000\000\000\000\000\000\000\000\000\000\000\000\000\000\000\000\000\000\000\000\000\000\000\000\000\000\000""; nodePubKey: ""\003ql\302)\235\321\t\213\224\356\374%%\311\327\037\374\304\t\335\2359\344\233\035]\347<u\236\364\222""; closeTime: 803902495; signature: ""0D\002 .H\261\351\261S\243q|\215\023\306\250\237A| \200u/\034-\350\331\377O\002\347\310RER\002 \007;B_Mc#\275\203\275\251\001\232\245x$\377y\005\270\021\221\314\213\200a\220""\354\260\3649""; previousledger: ""\276\322i\233\014\037\027Z\351\022\216@=S\205\334\033\374\234n\r\270\210]\013\203\356\024\366\354\260\007""; ","proposeSeq: 0; currentTxHash: ""\000\000\000\000\000\000\000\000\000\000\000\000\000\000\000\000\000\000\000\000\000\000\000\000\000\000\000\000\000\000\000\000""; nodePubKey: ""\003ql\302)\235\321\t\213\224\356\374%%\311\327\037\374\304\t\335\2359\344\233\035]\347<u\236\364\222""; closeTime: 803902495; signature: ""0D\002 .H\261\351\261S\243q|\215\023\306\250\237A| \200u/\034-\350\331\377O\002\347\310RER\002 \007;B_Mc#\275\203\275\251\001\232\245x$\377y\005\270\021\221\314\213\200a\220""\354\260\3649""; previousledger: ""\276\322i\233\014\037\027Z\351\022\216@=S\205\334\033\374\234n\r\270\210]\013\203\356\024\366\354\260\007""; "
1750587295304,1750587295304,141,1,0,3,TMProposeSet,"proposeSeq: 0; currentTxHash: ""\000\000\000\000\000\000\000\000\000\000\000\000\000\000\000\000\000\000\000\000\000\000\000\000\000\000\000\000\000\000\000\000""; nodePubKey: ""\003ql\302)\235\321\t\213\224\356\374%%\311\327\037\374\304\t\335\2359\344\233\035]\347<u\236\364\222""; closeTime: 803902495; signature: ""0D\002 .H\261\351\261S\243q|\215\023\306\250\237A| \200u/\034-\350\331\377O\002\347\310RER\002 \007;B_Mc#\275\203\275\251\001\232\245x$\377y\005\270\021\221\314\213\200a\220""\354\260\3649""; previousledger: ""\276\322i\233\014\037\027Z\351\022\216@=S\205\334\033\374\234n\r\270\210]\013\203\356\024\366\354\260\007""; ","proposeSeq: 0; currentTxHash: ""\000\000\000\000\000\000\000\000\000\000\000\000\000\000\000\000\000\000\000\000\000\000\000\000\000\000\000\000\000\000\000\000""; nodePubKey: ""\003ql\302)\235\321\t\213\224\356\374%%\311\327\037\374\304\t\335\2359\344\233\035]\347<u\236\364\222""; closeTime: 803902495; signature: ""0D\002 .H\261\351\261S\243q|\215\023\306\250\237A| \200u/\034-\350\331\377O\002\347\310RER\002 \007;B_Mc#\275\203\275\251\001\232\245x$\377y\005\270\021\221\314\213\200a\220""\354\260\3649""; previousledger: ""\276\322i\233\014\037\027Z\351\022\216@=S\205\334\033\374\234n\r\270\210]\013\203\356\024\366\354\260\007""; "
1750587295304,1750587295304,0,1,1,3,TMProposeSet,"proposeSeq: 0; currentTxHash: ""\000\000\000\000\000\000\000\000\000\000\000\000\000\000\000\000\000\000\000\000\000\000\000\000\000\000\000\000\000\000\000\000""; nodePubKey: ""\003ql\302)\235\321\t\213\224\356\374%%\311\327\037\374\304\t\335\2359\344\233\035]\347<u\236\364\222""; closeTime: 803902495; signature: ""0D\002 .H\261\351\261S\243q|\215\023\306\250\237A| \200u/\034-\350\331\377O\002\347\310RER\002 \007;B_Mc#\275\203\275\251\001\232\245x$\377y\005\270\021\221\314\213\200a\220""\354\260\3649""; previousledger: ""\276\322i\233\014\037\027Z\351\022\216@=S\205\334\033\374\234n\r\270\210]\013\203\356\024\366\354\260\007""; ","proposeSeq: 0; currentTxHash: ""\000\000\000\000\000\000\000\000\000\000\000\000\000\000\000\000\000\000\000\000\000\000\000\000\000\000\000\000\000\000\000\000""; nodePubKey: ""\003ql\302)\235\321\t\213\224\356\374%%\311\327\037\374\304\t\335\2359\344\233\035]\347<u\236\364\222""; closeTime: 803902495; signature: ""0D\002 .H\261\351\261S\243q|\215\023\306\250\237A| \200u/\034-\350\331\377O\002\347\310RER\002 \007;B_Mc#\275\203\275\251\001\232\245x$\377y\005\270\021\221\314\213\200a\220""\354\260\3649""; previousledger: ""\276\322i\233\014\037\027Z\351\022\216@=S\205\334\033\374\234n\r\270\210]\013\203\356\024\366\354\260\007""; "
1750587295303,1750587295303,190,1,0,1,TMProposeSet,"proposeSeq: 0; currentTxHash: ""\000\000\000\000\000\000\000\000\000\000\000\000\000\000\000\000\000\000\000\000\000\000\000\000\000\000\000\000\000\000\000\000""; nodePubKey: ""\003ql\302)\235\321\t\213\224\356\374%%\311\327\037\374\304\t\335\2359\344\233\035]\347<u\236\364\222""; closeTime: 803902495; signature: ""0D\002 .H\261\351\261S\243q|\215\023\306\250\237A| \200u/\034-\350\331\377O\002\347\310RER\002 \007;B_Mc#\275\203\275\251\001\232\245x$\377y\005\270\021\221\314\213\200a\220""\354\260\3649""; previousledger: ""\276\322i\233\014\037\027Z\351\022\216@=S\205\334\033\374\234n\r\270\210]\013\203\356\024\366\354\260\007""; ","proposeSeq: 0; currentTxHash: ""\000\000\000\000\000\000\000\000\000\000\000\000\000\000\000\000\000\000\000\000\000\000\000\000\000\000\000\000\000\000\000\000""; nodePubKey: ""\003ql\302)\235\321\t\213\224\356\374%%\311\327\037\374\304\t\335\2359\344\233\035]\347<u\236\364\222""; closeTime: 803902495; signature: ""0D\002 .H\261\351\261S\243q|\215\023\306\250\237A| \200u/\034-\350\331\377O\002\347\310RER\002 \007;B_Mc#\275\203\275\251\001\232\245x$\377y\005\270\021\221\314\213\200a\220""\354\260\3649""; previousledger: ""\276\322i\233\014\037\027Z\351\022\216@=S\205\334\033\374\234n\r\270\210]\013\203\356\024\366\354\260\007""; "
1750587295305,1750587295305,0,1,1,0,TMProposeSet,"proposeSeq: 0; currentTxHash: ""\000\000\000\000\000\000\000\000\000\000\000\000\000\000\000\000\000\000\000\000\000\000\000\000\000\000\000\000\000\000\000\000""; nodePubKey: ""\003ql\302)\235\321\t\213\224\356\374%%\311\327\037\374\304\t\335\2359\344\233\035]\347<u\236\364\222""; closeTime: 803902495; signature: ""0D\002 .H\261\351\261S\243q|\215\023\306\250\237A| \200u/\034-\350\331\377O\002\347\310RER\002 \007;B_Mc#\275\203\275\251\001\232\245x$\377y\005\270\021\221\314\213\200a\220""\354\260\3649""; previousledger: ""\276\322i\233\014\037\027Z\351\022\216@=S\205\334\033\374\234n\r\270\210]\013\203\356\024\366\354\260\007""; ","proposeSeq: 0; currentTxHash: ""\000\000\000\000\000\000\000\000\000\000\000\000\000\000\000\000\000\000\000\000\000\000\000\000\000\000\000\000\000\000\000\000""; nodePubKey: ""\003ql\302)\235\321\t\213\224\356\374%%\311\327\037\374\304\t\335\2359\344\233\035]\347<u\236\364\222""; closeTime: 803902495; signature: ""0D\002 .H\261\351\261S\243q|\215\023\306\250\237A| \200u/\034-\350\331\377O\002\347\310RER\002 \007;B_Mc#\275\203\275\251\001\232\245x$\377y\005\270\021\221\314\213\200a\220""\354\260\3649""; previousledger: ""\276\322i\233\014\037\027Z\351\022\216@=S\205\334\033\374\234n\r\270\210]\013\203\356\024\366\354\260\007""; "
1750587295305,1750587295306,0,1,1,4,TMProposeSet,"proposeSeq: 0; currentTxHash: ""\000\000\000\000\000\000\000\000\000\000\000\000\000\000\000\000\000\000\000\000\000\000\000\000\000\000\000\000\000\000\000\000""; nodePubKey: ""\003ql\302)\235\321\t\213\224\356\374%%\311\327\037\374\304\t\335\2359\344\233\035]\347<u\236\364\222""; closeTime: 803902495; signature: ""0D\002 .H\261\351\261S\243q|\215\023\306\250\237A| \200u/\034-\350\331\377O\002\347\310RER\002 \007;B_Mc#\275\203\275\251\001\232\245x$\377y\005\270\021\221\314\213\200a\220""\354\260\3649""; previousledger: ""\276\322i\233\014\037\027Z\351\022\216@=S\205\334\033\374\234n\r\270\210]\013\203\356\024\366\354\260\007""; ","proposeSeq: 0; currentTxHash: ""\000\000\000\000\000\000\000\000\000\000\000\000\000\000\000\000\000\000\000\000\000\000\000\000\000\000\000\000\000\000\000\000""; nodePubKey: ""\003ql\302)\235\321\t\213\224\356\374%%\311\327\037\374\304\t\335\2359\344\233\035]\347<u\236\364\222""; closeTime: 803902495; signature: ""0D\002 .H\261\351\261S\243q|\215\023\306\250\237A| \200u/\034-\350\331\377O\002\347\310RER\002 \007;B_Mc#\275\203\275\251\001\232\245x$\377y\005\270\021\221\314\213\200a\220""\354\260\3649""; previousledger: ""\276\322i\233\014\037\027Z\351\022\216@=S\205\334\033\374\234n\r\270\210]\013\203\356\024\366\354\260\007""; "
1750587295308,1750587295308,0,1,3,4,TMProposeSet,"proposeSeq: 0; currentTxHash: ""\000\000\000\000\000\000\000\000\000\000\000\000\000\000\000\000\000\000\000\000\000\000\000\000\000\000\000\000\000\000\000\000""; nodePubKey: ""\003ql\302)\235\321\t\213\224\356\374%%\311\327\037\374\304\t\335\2359\344\233\035]\347<u\236\364\222""; closeTime: 803902495; signature: ""0D\002 .H\261\351\261S\243q|\215\023\306\250\237A| \200u/\034-\350\331\377O\002\347\310RER\002 \007;B_Mc#\275\203\275\251\001\232\245x$\377y\005\270\021\221\314\213\200a\220""\354\260\3649""; previousledger: ""\276\322i\233\014\037\027Z\351\022\216@=S\205\334\033\374\234n\r\270\210]\013\203\356\024\366\354\260\007""; ","proposeSeq: 0; currentTxHash: ""\000\000\000\000\000\000\000\000\000\000\000\000\000\000\000\000\000\000\000\000\000\000\000\000\000\000\000\000\000\000\000\000""; nodePubKey: ""\003ql\302)\235\321\t\213\224\356\374%%\311\327\037\374\304\t\335\2359\344\233\035]\347<u\236\364\222""; closeTime: 803902495; signature: ""0D\002 .H\261\351\261S\243q|\215\023\306\250\237A| \200u/\034-\350\331\377O\002\347\310RER\002 \007;B_Mc#\275\203\275\251\001\232\245x$\377y\005\270\021\221\314\213\200a\220""\354\260\3649""; previousledger: ""\276\322i\233\014\037\027Z\351\022\216@=S\205\334\033\374\234n\r\270\210]\013\203\356\024\366\354\260\007""; "
1750587295308,1750587295308,0,1,3,2,TMProposeSet,"proposeSeq: 0; currentTxHash: ""\000\000\000\000\000\000\000\000\000\000\000\000\000\000\000\000\000\000\000\000\000\000\000\000\000\000\000\000\000\000\000\000""; nodePubKey: ""\003ql\302)\235\321\t\213\224\356\374%%\311\327\037\374\304\t\335\2359\344\233\035]\347<u\236\364\222""; closeTime: 803902495; signature: ""0D\002 .H\261\351\261S\243q|\215\023\306\250\237A| \200u/\034-\350\331\377O\002\347\310RER\002 \007;B_Mc#\275\203\275\251\001\232\245x$\377y\005\270\021\221\314\213\200a\220""\354\260\3649""; previousledger: ""\276\322i\233\014\037\027Z\351\022\216@=S\205\334\033\374\234n\r\270\210]\013\203\356\024\366\354\260\007""; ","proposeSeq: 0; currentTxHash: ""\000\000\000\000\000\000\000\000\000\000\000\000\000\000\000\000\000\000\000\000\000\000\000\000\000\000\000\000\000\000\000\000""; nodePubKey: ""\003ql\302)\235\321\t\213\224\356\374%%\311\327\037\374\304\t\335\2359\344\233\035]\347<u\236\364\222""; closeTime: 803902495; signature: ""0D\002 .H\261\351\261S\243q|\215\023\306\250\237A| \200u/\034-\350\331\377O\002\347\310RER\002 \007;B_Mc#\275\203\275\251\001\232\245x$\377y\005\270\021\221\314\213\200a\220""\354\260\3649""; previousledger: ""\276\322i\233\014\037\027Z\351\022\216@=S\205\334\033\374\234n\r\270\210]\013\203\356\024\366\354\260\007""; "
1750587295308,1750587295309,0,1,3,0,TMProposeSet,"proposeSeq: 0; currentTxHash: ""\000\000\000\000\000\000\000\000\000\000\000\000\000\000\000\000\000\000\000\000\000\000\000\000\000\000\000\000\000\000\000\000""; nodePubKey: ""\003ql\302)\235\321\t\213\224\356\374%%\311\327\037\374\304\t\335\2359\344\233\035]\347<u\236\364\222""; closeTime: 803902495; signature: ""0D\002 .H\261\351\261S\243q|\215\023\306\250\237A| \200u/\034-\350\331\377O\002\347\310RER\002 \007;B_Mc#\275\203\275\251\001\232\245x$\377y\005\270\021\221\314\213\200a\220""\354\260\3649""; previousledger: ""\276\322i\233\014\037\027Z\351\022\216@=S\205\334\033\374\234n\r\270\210]\013\203\356\024\366\354\260\007""; ","proposeSeq: 0; currentTxHash: ""\000\000\000\000\000\000\000\000\000\000\000\000\000\000\000\000\000\000\000\000\000\000\000\000\000\000\000\000\000\000\000\000""; nodePubKey: ""\003ql\302)\235\321\t\213\224\356\374%%\311\327\037\374\304\t\335\2359\344\233\035]\347<u\236\364\222""; closeTime: 803902495; signature: ""0D\002 .H\261\351\261S\243q|\215\023\306\250\237A| \200u/\034-\350\331\377O\002\347\310RER\002 \007;B_Mc#\275\203\275\251\001\232\245x$\377y\005\270\021\221\314\213\200a\220""\354\260\3649""; previousledger: ""\276\322i\233\014\037\027Z\351\022\216@=S\205\334\033\374\234n\r\270\210]\013\203\356\024\366\354\260\007""; "
1750587295293,1750587295365,3116,1,2,4,TMStatusChange,"newEvent: neCLOSING_LEDGER; ledgerSeq: 10; ledgerHash: ""\276\322i\233\014\037\027Z\351\022\216@=S\205\334\033\374\234n\r\270\210]\013\203\356\024\366\354\260\007""; ledgerHashPrevious: ""\317\351\2337\023\262\336W\254\222\315\335\317oP\221\031g\037\220\357Ft\030n\306\370\n\354\226\365\346""; networkTime: 803902495; firstSeq: 1; lastSeq: 10; ","newEvent: neCLOSING_LEDGER; ledgerSeq: 10; ledgerHash: ""\276\322i\233\014\037\027Z\351\022\216@=S\205\334\033\374\234n\r\270\210]\013\203\356\024\366\354\260\007""; ledgerHashPrevious: ""\317\351\2337\023\262\336W\254\222\315\335\317oP\221\031g\037\220\357Ft\030n\306\370\n\354\226\365\346""; networkTime: 803902495; firstSeq: 1; lastSeq: 10; "
1750587295301,1750587295366,0,1,2,0,TMStatusChange,"newEvent: neCLOSING_LEDGER; ledgerSeq: 10; ledgerHash: ""\276\322i\233\014\037\027Z\351\022\216@=S\205\334\033\374\234n\r\270\210]\013\203\356\024\366\354\260\007""; ledgerHashPrevious: ""\317\351\2337\023\262\336W\254\222\315\335\317oP\221\031g\037\220\357Ft\030n\306\370\n\354\226\365\346""; networkTime: 803902495; firstSeq: 1; lastSeq: 10; ","newEvent: neCLOSING_LEDGER; ledgerSeq: 10; ledgerHash: ""\276\322i\233\014\037\027Z\351\022\216@=S\205\334\033\374\234n\r\270\210]\013\203\356\024\366\354\260\007""; ledgerHashPrevious: ""\317\351\2337\023\262\336W\254\222\315\335\317oP\221\031g\037\220\357Ft\030n\306\370\n\354\226\365\346""; networkTime: 803902495; firstSeq: 1; lastSeq: 10; "
1750587295300,1750587295366,0,1,2,1,TMStatusChange,"newEvent: neCLOSING_LEDGER; ledgerSeq: 10; ledgerHash: ""\276\322i\233\014\037\027Z\351\022\216@=S\205\334\033\374\234n\r\270\210]\013\203\356\024\366\354\260\007""; ledgerHashPrevious: ""\317\351\2337\023\262\336W\254\222\315\335\317oP\221\031g\037\220\357Ft\030n\306\370\n\354\226\365\346""; networkTime: 803902495; firstSeq: 1; lastSeq: 10; ","newEvent: neCLOSING_LEDGER; ledgerSeq: 10; ledgerHash: ""\276\322i\233\014\037\027Z\351\022\216@=S\205\334\033\374\234n\r\270\210]\013\203\356\024\366\354\260\007""; ledgerHashPrevious: ""\317\351\2337\023\262\336W\254\222\315\335\317oP\221\031g\037\220\357Ft\030n\306\370\n\354\226\365\346""; networkTime: 803902495; firstSeq: 1; lastSeq: 10; "
1750587295295,1750587295366,0,1,2,3,TMStatusChange,"newEvent: neCLOSING_LEDGER; ledgerSeq: 10; ledgerHash: ""\276\322i\233\014\037\027Z\351\022\216@=S\205\334\033\374\234n\r\270\210]\013\203\356\024\366\354\260\007""; ledgerHashPrevious: ""\317\351\2337\023\262\336W\254\222\315\335\317oP\221\031g\037\220\357Ft\030n\306\370\n\354\226\365\346""; networkTime: 803902495; firstSeq: 1; lastSeq: 10; ","newEvent: neCLOSING_LEDGER; ledgerSeq: 10; ledgerHash: ""\276\322i\233\014\037\027Z\351\022\216@=S\205\334\033\374\234n\r\270\210]\013\203\356\024\366\354\260\007""; ledgerHashPrevious: ""\317\351\2337\023\262\336W\254\222\315\335\317oP\221\031g\037\220\357Ft\030n\306\370\n\354\226\365\346""; networkTime: 803902495; firstSeq: 1; lastSeq: 10; "
1750587295376,1750587295376,2970,1,0,4,TMProposeSet,"proposeSeq: 0; currentTxHash: ""\000\000\000\000\000\000\000\000\000\000\000\000\000\000\000\000\000\000\000\000\000\000\000\000\000\000\000\000\000\000\000\000""; nodePubKey: ""\003\343\005\311u\203\370\0338\3174\324\010\006\301\251\177\261\304eOX\262)FA-\022r\263wm\024""; closeTime: 803902494; signature: ""0D\002 G\237\263\033o\204o\265\325\311!z\247l\334\212\022\333\333giG/t\334\223\001\276\007\376\306\366\002 zL\211\3664L\005\344\220ru~r\332\010C\311\201_4\246\352\330\8\215<T\257\355\234i""; previousledger: ""\276\322i\233\014\037\027Z\351\022\216@=S\205\334\033\374\234n\r\270\210]\013\203\356\024\366\354\260\007""; ","proposeSeq: 0; currentTxHash: ""\000\000\000\000\000\000\000\000\000\000\000\000\000\000\000\000\000\000\000\000\000\000\000\000\000\000\000\000\000\000\000\000""; nodePubKey: ""\003\343\005\311u\203\370\0338\3174\324\010\006\301\251\177\261\304eOX\262)FA-\022r\263wm\024""; closeTime: 803902494; signature: ""0D\002 G\237\263\033o\204o\265\325\311!z\247l\334\212\022\333\333giG/t\334\223\001\276\007\376\306\366\002 zL\211\3664L\005\344\220ru~r\332\010C\311\201_4\246\352\330\8\215<T\257\355\234i""; previousledger: ""\276\322i\233\014\037\027Z\351\022\216@=S\205\334\033\374\234n\r\270\210]\013\203\356\024\366\354\260\007""; "
1750587295376,1750587295376,1290,1,0,2,TMProposeSet,"proposeSeq: 0; currentTxHash: ""\000\000\000\000\000\000\000\000\000\000\000\000\000\000\000\000\000\000\000\000\000\000\000\000\000\000\000\000\000\000\000\000""; nodePubKey: ""\003\343\005\311u\203\370\0338\3174\324\010\006\301\251\177\261\304eOX\262)FA-\022r\263wm\024""; closeTime: 803902494; signature: ""0D\002 G\237\263\033o\204o\265\325\311!z\247l\334\212\022\333\333giG/t\334\223\001\276\007\376\306\366\002 zL\211\3664L\005\344\220ru~r\332\010C\311\201_4\246\352\330\8\215<T\257\355\234i""; previousledger: ""\276\322i\233\014\037\027Z\351\022\216@=S\205\334\033\374\234n\r\270\210]\013\203\356\024\366\354\260\007""; ","proposeSeq: 0; currentTxHash: ""\000\000\000\000\000\000\000\000\000\000\000\000\000\000\000\000\000\000\000\000\000\000\000\000\000\000\000\000\000\000\000\000""; nodePubKey: ""\003\343\005\311u\203\370\0338\3174\324\010\006\301\251\177\261\304eOX\262)FA-\022r\263wm\024""; closeTime: 803902494; signature: ""0D\002 G\237\263\033o\204o\265\325\311!z\247l\334\212\022\333\333giG/t\334\223\001\276\007\376\306\366\002 zL\211\3664L\005\344\220ru~r\332\010C\311\201_4\246\352\330\8\215<T\257\355\234i""; previousledger: ""\276\322i\233\014\037\027Z\351\022\216@=S\205\334\033\374\234n\r\270\210]\013\203\356\024\366\354\260\007""; "
1750587295376,1750587295377,141,1,0,3,TMProposeSet,"proposeSeq: 0; currentTxHash: ""\000\000\000\000\000\000\000\000\000\000\000\000\000\000\000\000\000\000\000\000\000\000\000\000\000\000\000\000\000\000\000\000""; nodePubKey: ""\003\343\005\311u\203\370\0338\3174\324\010\006\301\251\177\261\304eOX\262)FA-\022r\263wm\024""; closeTime: 803902494; signature: ""0D\002 G\237\263\033o\204o\265\325\311!z\247l\334\212\022\333\333giG/t\334\223\001\276\007\376\306\366\002 zL\211\3664L\005\344\220ru~r\332\010C\311\201_4\246\352\330\8\215<T\257\355\234i""; previousledger: ""\276\322i\233\014\037\027Z\351\022\216@=S\205\334\033\374\234n\r\270\210]\013\203\356\024\366\354\260\007""; ","proposeSeq: 0; currentTxHash: ""\000\000\000\000\000\000\000\000\000\000\000\000\000\000\000\000\000\000\000\000\000\000\000\000\000\000\000\000\000\000\000\000""; nodePubKey: ""\003\343\005\311u\203\370\0338\3174\324\010\006\301\251\177\261\304eOX\262)FA-\022r\263wm\024""; closeTime: 803902494; signature: ""0D\002 G\237\263\033o\204o\265\325\311!z\247l\334\212\022\333\333giG/t\334\223\001\276\007\376\306\366\002 zL\211\3664L\005\344\220ru~r\332\010C\311\201_4\246\352\330\8\215<T\257\355\234i""; previousledger: ""\276\322i\233\014\037\027Z\351\022\216@=S\205\334\033\374\234n\r\270\210]\013\203\356\024\366\354\260\007""; "
1750587295388,1750587295388,3559,1,4,0,TMValidation,"validation: """"\200\000\000\001&\000\000\000\n)/\352\224\035:?HT\314/\177\320^Q\276\322i\233\014\037\027Z\351\022\216@=S\205\334\033\374\234n\r\270\210]\013\203\356\024\366\354\260\007P\027\000\000\000\000\000\000\000\000\000\000\000\000\000\000\000\000\000\000\000\000\000\000\000\000\000\000\000\000\000\000\000\000P\031\317\351\2337\023\262\336W\254\222\315\335\317oP\221\031g\037\220\357Ft\030n\306\370\n\354\226\365\346s!\003\343\005\311u\203\370\0338\3174\324\010\006\301\251\177\261\304eOX\262)FA-\022r\263wm\024vG0E\002!\000\340\023\302\327\225\234~\251/\3453\241\375B\315\036\236\377\341c\267\377\037\226Uc\204\034\226\301\207\354\002 4\S!\356\360s\255a,\361&\036Z\240\305\000\310\370\256wz\323\223\017\306^<\375\275\342\366""; ","validation: """"\200\000\000\001&\000\000\000\n)/\352\224\035:?HT\314/\177\320^Q\276\322i\233\014\037\027Z\351\022\216@=S\205\334\033\374\234n\r\270\210]\013\203\356\024\366\354\260\007P\027\000\000\000\000\000\000\000\000\000\000\000\000\000\000\000\000\000\000\000\000\000\000\000\000\000\000\000\000\000\000\000\000P\031\317\351\2337\023\262\336W\254\222\315\335\317oP\221\031g\037\220\357Ft\030n\306\370\n\354\226\365\346s!\003\343\005\311u\203\370\0338\3174\324\010\006\301\251\177\261\304eOX\262)FA-\022r\263wm\024vG0E\002!\000\340\023\302\327\225\234~\251/\3453\241\375B\315\036\236\377\341c\267\377\037\226Uc\204\034\226\301\207\354\002 4\S!\356\360s\255a,\361&\036Z\240\305\000\310\370\256wz\323\223\017\306^<\375\275\342\366""; "
1750587295388,1750587295388,443,1,4,2,TMValidation,"validation: """"\200\000\000\001&\000\000\000\n)/\352\224\035:?HT\314/\177\320^Q\276\322i\233\014\037\027Z\351\022\216@=S\205\334\033\374\234n\r\270\210]\013\203\356\024\366\354\260\007P\027\000\000\000\000\000\000\000\000\000\000\000\000\000\000\000\000\000\000\000\000\000\000\000\000\000\000\000\000\000\000\000\000P\031\317\351\2337\023\262\336W\254\222\315\335\317oP\221\031g\037\220\357Ft\030n\306\370\n\354\226\365\346s!\003\343\005\311u\203\370\0338\3174\324\010\006\301\251\177\261\304eOX\262)FA-\022r\263wm\024vG0E\002!\000\340\023\302\327\225\234~\251/\3453\241\375B\315\036\236\377\341c\267\377\037\226Uc\204\034\226\301\207\354\002 4\S!\356\360s\255a,\361&\036Z\240\305\000\310\370\256wz\323\223\017\306^<\375\275\342\366""; ","validation: """"\200\000\000\001&\000\000\000\n)/\352\224\035:?HT\314/\177\320^Q\276\322i\233\014\037\027Z\351\022\216@=S\205\334\033\374\234n\r\270\210]\013\203\356\024\366\354\260\007P\027\000\000\000\000\000\000\000\000\000\000\000\000\000\000\000\000\000\000\000\000\000\000\000\000\000\000\000\000\000\000\000\000P\031\317\351\2337\023\262\336W\254\222\315\335\317oP\221\031g\037\220\357Ft\030n\306\370\n\354\226\365\346s!\003\343\005\311u\203\370\0338\3174\324\010\006\301\251\177\261\304eOX\262)FA-\022r\263wm\024vG0E\002!\000\340\023\302\327\225\234~\251/\3453\241\375B\315\036\236\377\341c\267\377\037\226Uc\204\034\226\301\207\354\002 4\S!\356\360s\255a,\361&\036Z\240\305\000\310\370\256wz\323\223\017\306^<\375\275\342\366""; "
1750587295388,1750587295388,1357,1,4,3,TMValidation,"validation: """"\200\000\000\001&\000\000\000\n)/\352\224\035:?HT\314/\177\320^Q\276\322i\233\014\037\027Z\351\022\216@=S\205\334\033\374\234n\r\270\210]\013\203\356\024\366\354\260\007P\027\000\000\000\000\000\000\000\000\000\000\000\000\000\000\000\000\000\000\000\000\000\000\000\000\000\000\000\000\000\000\000\000P\031\317\351\2337\023\262\336W\254\222\315\335\317oP\221\031g\037\220\357Ft\030n\306\370\n\354\226\365\346s!\003\343\005\311u\203\370\0338\3174\324\010\006\301\251\177\261\304eOX\262)FA-\022r\263wm\024vG0E\002!\000\340\023\302\327\225\234~\251/\3453\241\375B\315\036\236\377\341c\267\377\037\226Uc\204\034\226\301\207\354\002 4\S!\356\360s\255a,\361&\036Z\240\305\000\310\370\256wz\323\223\017\306^<\375\275\342\366""; ","validation: """"\200\000\000\001&\000\000\000\n)/\352\224\035:?HT\314/\177\320^Q\276\322i\233\014\037\027Z\351\022\216@=S\205\334\033\374\234n\r\270\210]\013\203\356\024\366\354\260\007P\027\000\000\000\000\000\000\000\000\000\000\000\000\000\000\000\000\000\000\000\000\000\000\000\000\000\000\000\000\000\000\000\000P\031\317\351\2337\023\262\336W\254\222\315\335\317oP\221\031g\037\220\357Ft\030n\306\370\n\354\226\365\346s!\003\343\005\311u\203\370\0338\3174\324\010\006\301\251\177\261\304eOX\262)FA-\022r\263wm\024vG0E\002!\000\340\023\302\327\225\234~\251/\3453\241\375B\315\036\236\377\341c\267\377\037\226Uc\204\034\226\301\207\354\002 4\S!\356\360s\255a,\361&\036Z\240\305\000\310\370\256wz\323\223\017\306^<\375\275\342\366""; "
1750587295456,1750587295457,0,1,1,4,TMLedgerData,"ledgerHash: ""\276\322i\233\014\037\027Z\351\022\216@=S\205\334\033\374\234n\r\270\210]\013\203\356\024\366\354\260\007""; ledgerSeq: 10; type: liAS_NODE; nodes {;   nodedata: ""\021\000h""\000\000\000\000 \033\000\000\000\t\002\023\301\177\330\356GuH\375\327!\255\371\r\231\262R\256J\034\222\241\355X\265E\241^W\225\304\014\361CX-}\351f\032\255\274\334m\326c\017\014ao[\342\230\003\245\245\3341Hm\326^\017jy\335\261\214.\207\210%\003 \010ML\347\200R\304&\320_\215\226\344\334\033\354\2002\255\216\332\317\255\034\017T\270\242(,&\233\326\374o\306[\235\317>\021e\005s\261\371l\216\017\003\032\017J\217\244W<\241'\332/+\360Bx\036+\210j\237K%\340]\246E\2434\264K\036\030qP\317\315\336\325\007\372\373$P*|\321\342\002\026\n\3215\340\3203\200x\327D\301]5\237\247Yz\3711!L\214\221=\252\002\267\225zg\264\253\271T\346ji\003\235\236Pis\264\375\222|H\344\261g?[g\311\347s\234ae\204\263\365U\334\372D\354\345\276\201f\035\271%#\375\245\314.""\373\330&\3746\354@[\274\202\021\202\373Vi\243\n\325\250\005e\360""m\346'\311@\343\016$L\346\334\360<w\317\351\2337\023\262\336W\254\222\315\335\317oP\221\031g\037\220\357Ft\030n\306\370\n\354\226\365\346\264\227\2326\315\307\363\323\325\303\032N\256*\307\327 \235\332\207u\210\271\257\306g\231i*\260\326k\001"";   nodeid: ""\260\000\000\000\000\000\000\000\000\000\000\000\000\000\000\000\000\000\000\000\000\000\000\000\000\000\000\000\000\000\000\000\001""; }; ","ledgerHash: ""\276\322i\233\014\037\027Z\351\022\216@=S\205\334\033\374\234n\r\270\210]\013\203\356\024\366\354\260\007""; ledgerSeq: 10; type: liAS_NODE; nodes {;   nodedata: ""\021\000h""\000\000\000\000 \033\000\000\000\t\002\023\301\177\330\356GuH\375\327!\255\371\r\231\262R\256J\034\222\241\355X\265E\241^W\225\304\014\361CX-}\351f\032\255\274\334m\326c\017\014ao[\342\230\003\245\245\3341Hm\326^\017jy\335\261\214.\207\210%\003 \010ML\347\200R\304&\320_\215\226\344\334\033\354\2002\255\216\332\317\255\034\017T\270\242(,&\233\326\374o\306[\235\317>\021e\005s\261\371l\216\017\003\032\017J\217\244W<\241'\332/+\360Bx\036+\210j\237K%\340]\246E\2434\264K\036\030qP\317\315\336\325\007\372\373$P*|\321\342\002\026\n\3215\340\3203\200x\327D\301]5\237\247Yz\3711!L\214\221=\252\002\267\225zg\264\253\271T\346ji\003\235\236Pis\264\375\222|H\344\261g?[g\311\347s\234ae\204\263\365U\334\372D\354\345\276\201f\035\271%#\375\245\314.""\373\330&\3746\354@[\274\202\021\202\373Vi\243\n\325\250\005e\360""m\346'\311@\343\016$L\346\334\360<w\317\351\2337\023\262\336W\254\222\315\335\317oP\221\031g\037\220\357Ft\030n\306\370\n\354\226\365\346\264\227\2326\315\307\363\323\325\303\032N\256*\307\327 \235\332\207u\210\271\257\306g\231i*\260\326k\001"";   nodeid: ""\260\000\000\000\000\000\000\000\000\000\000\000\000\000\000\000\000\000\000\000\000\000\000\000\000\000\000\000\000\000\000\000\001""; }; "
1750587295519,1750587295519,0,1,3,2,TMProposeSet,"proposeSeq: 0; currentTxHash: ""\000\000\000\000\000\000\000\000\000\000\000\000\000\000\000\000\000\000\000\000\000\000\000\000\000\000\000\000\000\000\000\000""; nodePubKey: ""\003\343\005\311u\203\370\0338\3174\324\010\006\301\251\177\261\304eOX\262)FA-\022r\263wm\024""; closeTime: 803902494; signature: ""0D\002 G\237\263\033o\204o\265\325\311!z\247l\334\212\022\333\333giG/t\334\223\001\276\007\376\306\366\002 zL\211\3664L\005\344\220ru~r\332\010C\311\201_4\246\352\330\8\215<T\257\355\234i""; previousledger: ""\276\322i\233\014\037\027Z\351\022\216@=S\205\334\033\374\234n\r\270\210]\013\203\356\024\366\354\260\007""; ","proposeSeq: 0; currentTxHash: ""\000\000\000\000\000\000\000\000\000\000\000\000\000\000\000\000\000\000\000\000\000\000\000\000\000\000\000\000\000\000\000\000""; nodePubKey: ""\003\343\005\311u\203\370\0338\3174\324\010\006\301\251\177\261\304eOX\262)FA-\022r\263wm\024""; closeTime: 803902494; signature: ""0D\002 G\237\263\033o\204o\265\325\311!z\247l\334\212\022\333\333giG/t\334\223\001\276\007\376\306\366\002 zL\211\3664L\005\344\220ru~r\332\010C\311\201_4\246\352\330\8\215<T\257\355\234i""; previousledger: ""\276\322i\233\014\037\027Z\351\022\216@=S\205\334\033\374\234n\r\270\210]\013\203\356\024\366\354\260\007""; "
1750587295519,1750587295519,0,1,3,4,TMProposeSet,"proposeSeq: 0; currentTxHash: ""\000\000\000\000\000\000\000\000\000\000\000\000\000\000\000\000\000\000\000\000\000\000\000\000\000\000\000\000\000\000\000\000""; nodePubKey: ""\003\343\005\311u\203\370\0338\3174\324\010\006\301\251\177\261\304eOX\262)FA-\022r\263wm\024""; closeTime: 803902494; signature: ""0D\002 G\237\263\033o\204o\265\325\311!z\247l\334\212\022\333\333giG/t\334\223\001\276\007\376\306\366\002 zL\211\3664L\005\344\220ru~r\332\010C\311\201_4\246\352\330\8\215<T\257\355\234i""; previousledger: ""\276\322i\233\014\037\027Z\351\022\216@=S\205\334\033\374\234n\r\270\210]\013\203\356\024\366\354\260\007""; ","proposeSeq: 0; currentTxHash: ""\000\000\000\000\000\000\000\000\000\000\000\000\000\000\000\000\000\000\000\000\000\000\000\000\000\000\000\000\000\000\000\000""; nodePubKey: ""\003\343\005\311u\203\370\0338\3174\324\010\006\301\251\177\261\304eOX\262)FA-\022r\263wm\024""; closeTime: 803902494; signature: ""0D\002 G\237\263\033o\204o\265\325\311!z\247l\334\212\022\333\333giG/t\334\223\001\276\007\376\306\366\002 zL\211\3664L\005\344\220ru~r\332\010C\311\201_4\246\352\330\8\215<T\257\355\234i""; previousledger: ""\276\322i\233\014\037\027Z\351\022\216@=S\205\334\033\374\234n\r\270\210]\013\203\356\024\366\354\260\007""; "
1750587295519,1750587295519,0,1,3,1,TMProposeSet,"proposeSeq: 0; currentTxHash: ""\000\000\000\000\000\000\000\000\000\000\000\000\000\000\000\000\000\000\000\000\000\000\000\000\000\000\000\000\000\000\000\000""; nodePubKey: ""\003\343\005\311u\203\370\0338\3174\324\010\006\301\251\177\261\304eOX\262)FA-\022r\263wm\024""; closeTime: 803902494; signature: ""0D\002 G\237\263\033o\204o\265\325\311!z\247l\334\212\022\333\333giG/t\334\223\001\276\007\376\306\366\002 zL\211\3664L\005\344\220ru~r\332\010C\311\201_4\246\352\330\8\215<T\257\355\234i""; previousledger: ""\276\322i\233\014\037\027Z\351\022\216@=S\205\334\033\374\234n\r\270\210]\013\203\356\024\366\354\260\007""; ","proposeSeq: 0; currentTxHash: ""\000\000\000\000\000\000\000\000\000\000\000\000\000\000\000\000\000\000\000\000\000\000\000\000\000\000\000\000\000\000\000\000""; nodePubKey: ""\003\343\005\311u\203\370\0338\3174\324\010\006\301\251\177\261\304eOX\262)FA-\022r\263wm\024""; closeTime: 803902494; signature: ""0D\002 G\237\263\033o\204o\265\325\311!z\247l\334\212\022\333\333giG/t\334\223\001\276\007\376\306\366\002 zL\211\3664L\005\344\220ru~r\332\010C\311\201_4\246\352\330\8\215<T\257\355\234i""; previousledger: ""\276\322i\233\014\037\027Z\351\022\216@=S\205\334\033\374\234n\r\270\210]\013\203\356\024\366\354\260\007""; "
1750587295521,1750587295521,0,1,2,0,TMProposeSet,"proposeSeq: 0; currentTxHash: ""\000\000\000\000\000\000\000\000\000\000\000\000\000\000\000\000\000\000\000\000\000\000\000\000\000\000\000\000\000\000\000\000""; nodePubKey: ""\003\343\005\311u\203\370\0338\3174\324\010\006\301\251\177\261\304eOX\262)FA-\022r\263wm\024""; closeTime: 803902494; signature: ""0D\002 G\237\263\033o\204o\265\325\311!z\247l\334\212\022\333\333giG/t\334\223\001\276\007\376\306\366\002 zL\211\3664L\005\344\220ru~r\332\010C\311\201_4\246\352\330\8\215<T\257\355\234i""; previousledger: ""\276\322i\233\014\037\027Z\351\022\216@=S\205\334\033\374\234n\r\270\210]\013\203\356\024\366\354\260\007""; ","proposeSeq: 0; currentTxHash: ""\000\000\000\000\000\000\000\000\000\000\000\000\000\000\000\000\000\000\000\000\000\000\000\000\000\000\000\000\000\000\000\000""; nodePubKey: ""\003\343\005\311u\203\370\0338\3174\324\010\006\301\251\177\261\304eOX\262)FA-\022r\263wm\024""; closeTime: 803902494; signature: ""0D\002 G\237\263\033o\204o\265\325\311!z\247l\334\212\022\333\333giG/t\334\223\001\276\007\376\306\366\002 zL\211\3664L\005\344\220ru~r\332\010C\311\201_4\246\352\330\8\215<T\257\355\234i""; previousledger: ""\276\322i\233\014\037\027Z\351\022\216@=S\205\334\033\374\234n\r\270\210]\013\203\356\024\366\354\260\007""; "
1750587295521,1750587295521,0,1,2,4,TMProposeSet,"proposeSeq: 0; currentTxHash: ""\000\000\000\000\000\000\000\000\000\000\000\000\000\000\000\000\000\000\000\000\000\000\000\000\000\000\000\000\000\000\000\000""; nodePubKey: ""\003\343\005\311u\203\370\0338\3174\324\010\006\301\251\177\261\304eOX\262)FA-\022r\263wm\024""; closeTime: 803902494; signature: ""0D\002 G\237\263\033o\204o\265\325\311!z\247l\334\212\022\333\333giG/t\334\223\001\276\007\376\306\366\002 zL\211\3664L\005\344\220ru~r\332\010C\311\201_4\246\352\330\8\215<T\257\355\234i""; previousledger: ""\276\322i\233\014\037\027Z\351\022\216@=S\205\334\033\374\234n\r\270\210]\013\203\356\024\366\354\260\007""; ","proposeSeq: 0; currentTxHash: ""\000\000\000\000\000\000\000\000\000\000\000\000\000\000\000\000\000\000\000\000\000\000\000\000\000\000\000\000\000\000\000\000""; nodePubKey: ""\003\343\005\311u\203\370\0338\3174\324\010\006\301\251\177\261\304eOX\262)FA-\022r\263wm\024""; closeTime: 803902494; signature: ""0D\002 G\237\263\033o\204o\265\325\311!z\247l\334\212\022\333\333giG/t\334\223\001\276\007\376\306\366\002 zL\211\3664L\005\344\220ru~r\332\010C\311\201_4\246\352\330\8\215<T\257\355\234i""; previousledger: ""\276\322i\233\014\037\027Z\351\022\216@=S\205\334\033\374\234n\r\270\210]\013\203\356\024\366\354\260\007""; "
1750587295522,1750587295522,0,1,2,1,TMProposeSet,"proposeSeq: 0; currentTxHash: ""\000\000\000\000\000\000\000\000\000\000\000\000\000\000\000\000\000\000\000\000\000\000\000\000\000\000\000\000\000\000\000\000""; nodePubKey: ""\003\343\005\311u\203\370\0338\3174\324\010\006\301\251\177\261\304eOX\262)FA-\022r\263wm\024""; closeTime: 803902494; signature: ""0D\002 G\237\263\033o\204o\265\325\311!z\247l\334\212\022\333\333giG/t\334\223\001\276\007\376\306\366\002 zL\211\3664L\005\344\220ru~r\332\010C\311\201_4\246\352\330\8\215<T\257\355\234i""; previousledger: ""\276\322i\233\014\037\027Z\351\022\216@=S\205\334\033\374\234n\r\270\210]\013\203\356\024\366\354\260\007""; ","proposeSeq: 0; currentTxHash: ""\000\000\000\000\000\000\000\000\000\000\000\000\000\000\000\000\000\000\000\000\000\000\000\000\000\000\000\000\000\000\000\000""; nodePubKey: ""\003\343\005\311u\203\370\0338\3174\324\010\006\301\251\177\261\304eOX\262)FA-\022r\263wm\024""; closeTime: 803902494; signature: ""0D\002 G\237\263\033o\204o\265\325\311!z\247l\334\212\022\333\333giG/t\334\223\001\276\007\376\306\366\002 zL\211\3664L\005\344\220ru~r\332\010C\311\201_4\246\352\330\8\215<T\257\355\234i""; previousledger: ""\276\322i\233\014\037\027Z\351\022\216@=S\205\334\033\374\234n\r\270\210]\013\203\356\024\366\354\260\007""; "
1750587295568,1750587295568,1435,1,4,1,TMLedgerData,"ledgerHash: ""\237\231\311\371Y@""\177>\241""\310\233r\315\210Z\003g\334\034\021\305\3353Q\035\224\200\224\347\257""; ledgerSeq: 8; type: liTX_NODE; nodes {;   nodedata: ""\274\022\000\000""\000\000\000\000$\000\000\000\006 \033\000\000\000\032a@\000\000\023S/~\000h@\000\000\000\000\000\000\ns!\003\364\346'\245\361\313f\307\325O*\031\010 \337\241\354\3450V\376\031#\323\000\245'Q`4d\376tF0D\002 ,\010\365p6\304C\242\365\005bf\023\023\2535\373c\246@\nC\214\257Kj\3519\353\257)r\002 [n\210\266}:;pPVw\327i\342,4\316\274A\315\001|\214\302?\r\222\354\240\0308\221\201\024B\006\222#\215\346\234\245/\205\327[/\206^\005y\253G\373\203\024E0\246\210\344\325\345r\024T\251\006P\255\352\333\372\351\337\302\301] \034\000\000\000\000\370\345\021\000a%\000\000\000\006U\222c\273c4\225\334\221\227u?\025\314=\305/\262\367\217\375\027j\323\304\372\312Fv\2716\001\355V`\201|\265N\251\301Y\240\225\206\033+\t\343\352\033+\325\025OC\253O\023\305&l\256\252\351\247\346$\000\000\000\006b@\000\000\027H\206*@\341\347""\000\000\000\000$\000\000\000\007-\000\000\000\000b@\000\000\003\365V\2546\201\024B\006\222#\215\346\234\245/\205\327[/\206^\005y\253G\373\341\341\345\021\000a%\000\000\000\006U\246C\232\272\013^\241\340~\030'\005/\234\037\355\231\230\017\266\365\303w\360\273\374\234\362S:\270\023V\250\327\275\254\201\236\370\336\205\322\273\305\241\026\265L\374\365\316\330\225\325\203\316\303\217\337V\341\265\274\252\346b@\000\000\027H\206*@\341\347""\000\000\000\000$\000\000\000\006-\000\000\000\000b@\000\000*\233\265\250@\201\024E0\246\210\344\325\345r\024T\251\006P\255\352\333\372\351\337\302\341\341\361\003\020\000\247\272\246\2214\014W1\360z\262\252=\343\207'\275\266;\016\021\306\330\030\225\023\357\272\353\200x\221\004"";   nodeid: ""\240\000\000\000\000\000\000\000\000\000\000\000\000\000\000\000\000\000\000\000\000\000\000\000\000\000\000\000\000\000\000\000\001""; }; ","ledgerHash: ""\237\231\311\371Y@""\177>\241""\310\233r\315\210Z\003g\334\034\021\305\3353Q\035\224\200\224\347\257""; ledgerSeq: 8; type: liTX_NODE; nodes {;   nodedata: ""\274\022\000\000""\000\000\000\000$\000\000\000\006 \033\000\000\000\032a@\000\000\023S/~\000h@\000\000\000\000\000\000\ns!\003\364\346'\245\361\313f\307\325O*\031\010 \337\241\354\3450V\376\031#\323\000\245'Q`4d\376tF0D\002 ,\010\365p6\304C\242\365\005bf\023\023\2535\373c\246@\nC\214\257Kj\3519\353\257)r\002 [n\210\266}:;pPVw\327i\342,4\316\274A\315\001|\214\302?\r\222\354\240\0308\221\201\024B\006\222#\215\346\234\245/\205\327[/\206^\005y\253G\373\203\024E0\246\210\344\325\345r\024T\251\006P\255\352\333\372\351\337\302\301] \034\000\000\000\000\370\345\021\000a%\000\000\000\006U\222c\273c4\225\334\221\227u?\025\314=\305/\262\367\217\375\027j\323\304\372\312Fv\2716\001\355V`\201|\265N\251\301Y\240\225\206\033+\t\343\352\033+\325\025OC\253O\023\305&l\256\252\351\247\346$\000\000\000\006b@\000\000\027H\206*@\341\347""\000\000\000\000$\000\000\000\007-\000\000\000\000b@\000\000\003\365V\2546\201\024B\006\222#\215\346\234\245/\205\327[/\206^\005y\253G\373\341\341\345\021\000a%\000\000\000\006U\246C\232\272\013^\241\340~\030'\005/\234\037\355\231\230\017\266\365\303w\360\273\374\234\362S:\270\023V\250\327\275\254\201\236\370\336\205\322\273\305\241\026\265L\374\365\316\330\225\325\203\316\303\217\337V\341\265\274\252\346b@\000\000\027H\206*@\341\347""\000\000\000\000$\000\000\000\006-\000\000\000\000b@\000\000*\233\265\250@\201\024E0\246\210\344\325\345r\024T\251\006P\255\352\333\372\351\337\302\341\341\361\003\020\000\247\272\246\2214\014W1\360z\262\252=\343\207'\275\266;\016\021\306\330\030\225\023\357\272\353\200x\221\004"";   nodeid: ""\240\000\000\000\000\000\000\000\000\000\000\000\000\000\000\000\000\000\000\000\000\000\000\000\000\000\000\000\000\000\000\000\001""; }; "
1750587295653,1750587295653,1357,1,4,3,TMValidation,"validation: """"\200\000\000\001&\000\000\000\n)/\352\224\035:\211l\014`\252m\212dQ\276\322i\233\014\037\027Z\351\022\216@=S\205\334\033\374\234n\r\270\210]\013\203\356\024\366\354\260\007P\027\000\000\000\000\000\000\000\000\000\000\000\000\000\000\000\000\000\000\000\000\000\000\000\000\000\000\000\000\000\000\000\000P\031\317\351\2337\023\262\336W\254\222\315\335\317oP\221\031g\037\220\357Ft\030n\306\370\n\354\226\365\346s!\003\325Q\255\224\274R@\312\253\262\347\352\034\346\347\242\215,\312\376=\277\353{\350\225\301\305`^, vG0E\002!\000\201\207\361\324\006\336\202\261\034\344\244\014R\377H\006\276\334o\343\370\271\003\371\365\231k\361\001\346r\346\002 m5\020)U\344\224\270\244\375\004\250\354{Z\352\333\342\307;?t\t\177b\2053\200*k\212\322""; ","validation: """"\200\000\000\001&\000\000\000\n)/\352\224\035:\211l\014`\252m\212dQ\276\322i\233\014\037\027Z\351\022\216@=S\205\334\033\374\234n\r\270\210]\013\203\356\024\366\354\260\007P\027\000\000\000\000\000\000\000\000\000\000\000\000\000\000\000\000\000\000\000\000\000\000\000\000\000\000\000\000\000\000\000\000P\031\317\351\2337\023\262\336W\254\222\315\335\317oP\221\031g\037\220\357Ft\030n\306\370\n\354\226\365\346s!\003\325Q\255\224\274R@\312\253\262\347\352\034\346\347\242\215,\312\376=\277\353{\350\225\301\305`^, vG0E\002!\000\201\207\361\324\006\336\202\261\034\344\244\014R\377H\006\276\334o\343\370\271\003\371\365\231k\361\001\346r\346\002 m5\020)U\344\224\270\244\375\004\250\354{Z\352\333\342\307;?t\t\177b\2053\200*k\212\322""; "
1750587295654,1750587295654,2819,1,4,1,TMValidation,"validation: """"\200\000\000\001&\000\000\000\n)/\352\224\035:\211l\014`\252m\212dQ\276\322i\233\014\037\027Z\351\022\216@=S\205\334\033\374\234n\r\270\210]\013\203\356\024\366\354\260\007P\027\000\000\000\000\000\000\000\000\000\000\000\000\000\000\000\000\000\000\000\000\000\000\000\000\000\000\000\000\000\000\000\000P\031\317\351\2337\023\262\336W\254\222\315\335\317oP\221\031g\037\220\357Ft\030n\306\370\n\354\226\365\346s!\003\325Q\255\224\274R@\312\253\262\347\352\034\346\347\242\215,\312\376=\277\353{\350\225\301\305`^, vG0E\002!\000\201\207\361\324\006\336\202\261\034\344\244\014R\377H\006\276\334o\343\370\271\003\371\365\231k\361\001\346r\346\002 m5\020)U\344\224\270\244\375\004\250\354{Z\352\333\342\307;?t\t\177b\2053\200*k\212\322""; ","validation: """"\200\000\000\001&\000\000\000\n)/\352\224\035:\211l\014`\252m\212dQ\276\322i\233\014\037\027Z\351\022\216@=S\205\334\033\374\234n\r\270\210]\013\203\356\024\366\354\260\007P\027\000\000\000\000\000\000\000\000\000\000\000\000\000\000\000\000\000\000\000\000\000\000\000\000\000\000\000\000\000\000\000\000P\031\317\351\2337\023\262\336W\254\222\315\335\317oP\221\031g\037\220\357Ft\030n\306\370\n\354\226\365\346s!\003\325Q\255\224\274R@\312\253\262\347\352\034\346\347\242\215,\312\376=\277\353{\350\225\301\305`^, vG0E\002!\000\201\207\361\324\006\336\202\261\034\344\244\014R\377H\006\276\334o\343\370\271\003\371\365\231k\361\001\346r\346\002 m5\020)U\344\224\270\244\375\004\250\354{Z\352\333\342\307;?t\t\177b\2053\200*k\212\322""; "
1750587295654,1750587295654,3559,1,4,0,TMValidation,"validation: """"\200\000\000\001&\000\000\000\n)/\352\224\035:\211l\014`\252m\212dQ\276\322i\233\014\037\027Z\351\022\216@=S\205\334\033\374\234n\r\270\210]\013\203\356\024\366\354\260\007P\027\000\000\000\000\000\000\000\000\000\000\000\000\000\000\000\000\000\000\000\000\000\000\000\000\000\000\000\000\000\000\000\000P\031\317\351\2337\023\262\336W\254\222\315\335\317oP\221\031g\037\220\357Ft\030n\306\370\n\354\226\365\346s!\003\325Q\255\224\274R@\312\253\262\347\352\034\346\347\242\215,\312\376=\277\353{\350\225\301\305`^, vG0E\002!\000\201\207\361\324\006\336\202\261\034\344\244\014R\377H\006\276\334o\343\370\271\003\371\365\231k\361\001\346r\346\002 m5\020)U\344\224\270\244\375\004\250\354{Z\352\333\342\307;?t\t\177b\2053\200*k\212\322""; ","validation: """"\200\000\000\001&\000\000\000\n)/\352\224\035:\211l\014`\252m\212dQ\276\322i\233\014\037\027Z\351\022\216@=S\205\334\033\374\234n\r\270\210]\013\203\356\024\366\354\260\007P\027\000\000\000\000\000\000\000\000\000\000\000\000\000\000\000\000\000\000\000\000\000\000\000\000\000\000\000\000\000\000\000\000P\031\317\351\2337\023\262\336W\254\222\315\335\317oP\221\031g\037\220\357Ft\030n\306\370\n\354\226\365\346s!\003\325Q\255\224\274R@\312\253\262\347\352\034\346\347\242\215,\312\376=\277\353{\350\225\301\305`^, vG0E\002!\000\201\207\361\324\006\336\202\261\034\344\244\014R\377H\006\276\334o\343\370\271\003\371\365\231k\361\001\346r\346\002 m5\020)U\344\224\270\244\375\004\250\354{Z\352\333\342\307;?t\t\177b\2053\200*k\212\322""; "
1750587295677,1750587295677,0,1,3,4,TMValidation,"validation: """"\200\000\000\001&\000\000\000\n)/\352\224\034:Q\231\304\227'3\313\030Q\276\322i\233\014\037\027Z\351\022\216@=S\205\334\033\374\234n\r\270\210]\013\203\356\024\366\354\260\007P\027\000\000\000\000\000\000\000\000\000\000\000\000\000\000\000\000\000\000\000\000\000\000\000\000\000\000\000\000\000\000\000\000P\031\317\351\2337\023\262\336W\254\222\315\335\317oP\221\031g\037\220\357Ft\030n\306\370\n\354\226\365\346s!\003ql\302)\235\321\t\213\224\356\374%%\311\327\037\374\304\t\335\2359\344\233\035]\347<u\236\364\222vG0E\002!\000\270u\276VX\030\n/<\007\350l$\253E\205\354]\243\t\306\274_\301\370\371%#5g\354\363\002 ~\351R\233\323 \366\200^\305t\255 \021R\3003\327\3170\334$i\311\021]\223\037|\2122\300""; ","validation: """"\200\000\000\001&\000\000\000\n)/\352\224\034:Q\231\304\227'3\313\030Q\276\322i\233\014\037\027Z\351\022\216@=S\205\334\033\374\234n\r\270\210]\013\203\356\024\366\354\260\007P\027\000\000\000\000\000\000\000\000\000\000\000\000\000\000\000\000\000\000\000\000\000\000\000\000\000\000\000\000\000\000\000\000P\031\317\351\2337\023\262\336W\254\222\315\335\317oP\221\031g\037\220\357Ft\030n\306\370\n\354\226\365\346s!\003ql\302)\235\321\t\213\224\356\374%%\311\327\037\374\304\t\335\2359\344\233\035]\347<u\236\364\222vG0E\002!\000\270u\276VX\030\n/<\007\350l$\253E\205\354]\243\t\306\274_\301\370\371%#5g\354\363\002 ~\351R\233\323 \366\200^\305t\255 \021R\3003\327\3170\334$i\311\021]\223\037|\2122\300""; "
1750587295678,1750587295678,0,1,3,0,TMValidation,"validation: """"\200\000\000\001&\000\000\000\n)/\352\224\034:Q\231\304\227'3\313\030Q\276\322i\233\014\037\027Z\351\022\216@=S\205\334\033\374\234n\r\270\210]\013\203\356\024\366\354\260\007P\027\000\000\000\000\000\000\000\000\000\000\000\000\000\000\000\000\000\000\000\000\000\000\000\000\000\000\000\000\000\000\000\000P\031\317\351\2337\023\262\336W\254\222\315\335\317oP\221\031g\037\220\357Ft\030n\306\370\n\354\226\365\346s!\003ql\302)\235\321\t\213\224\356\374%%\311\327\037\374\304\t\335\2359\344\233\035]\347<u\236\364\222vG0E\002!\000\270u\276VX\030\n/<\007\350l$\253E\205\354]\243\t\306\274_\301\370\371%#5g\354\363\002 ~\351R\233\323 \366\200^\305t\255 \021R\3003\327\3170\334$i\311\021]\223\037|\2122\300""; ","validation: """"\200\000\000\001&\000\000\000\n)/\352\224\034:Q\231\304\227'3\313\030Q\276\322i\233\014\037\027Z\351\022\216@=S\205\334\033\374\234n\r\270\210]\013\203\356\024\366\354\260\007P\027\000\000\000\000\000\000\000\000\000\000\000\000\000\000\000\000\000\000\000\000\000\000\000\000\000\000\000\000\000\000\000\000P\031\317\351\2337\023\262\336W\254\222\315\335\317oP\221\031g\037\220\357Ft\030n\306\370\n\354\226\365\346s!\003ql\302)\235\321\t\213\224\356\374%%\311\327\037\374\304\t\335\2359\344\233\035]\347<u\236\364\222vG0E\002!\000\270u\276VX\030\n/<\007\350l$\253E\205\354]\243\t\306\274_\301\370\371%#5g\354\363\002 ~\351R\233\323 \366\200^\305t\255 \021R\3003\327\3170\334$i\311\021]\223\037|\2122\300""; "
1750587295678,1750587295678,0,1,3,2,TMValidation,"validation: """"\200\000\000\001&\000\000\000\n)/\352\224\034:Q\231\304\227'3\313\030Q\276\322i\233\014\037\027Z\351\022\216@=S\205\334\033\374\234n\r\270\210]\013\203\356\024\366\354\260\007P\027\000\000\000\000\000\000\000\000\000\000\000\000\000\000\000\000\000\000\000\000\000\000\000\000\000\000\000\000\000\000\000\000P\031\317\351\2337\023\262\336W\254\222\315\335\317oP\221\031g\037\220\357Ft\030n\306\370\n\354\226\365\346s!\003ql\302)\235\321\t\213\224\356\374%%\311\327\037\374\304\t\335\2359\344\233\035]\347<u\236\364\222vG0E\002!\000\270u\276VX\030\n/<\007\350l$\253E\205\354]\243\t\306\274_\301\370\371%#5g\354\363\002 ~\351R\233\323 \366\200^\305t\255 \021R\3003\327\3170\334$i\311\021]\223\037|\2122\300""; ","validation: """"\200\000\000\001&\000\000\000\n)/\352\224\034:Q\231\304\227'3\313\030Q\276\322i\233\014\037\027Z\351\022\216@=S\205\334\033\374\234n\r\270\210]\013\203\356\024\366\354\260\007P\027\000\000\000\000\000\000\000\000\000\000\000\000\000\000\000\000\000\000\000\000\000\000\000\000\000\000\000\000\000\000\000\000P\031\317\351\2337\023\262\336W\254\222\315\335\317oP\221\031g\037\220\357Ft\030n\306\370\n\354\226\365\346s!\003ql\302)\235\321\t\213\224\356\374%%\311\327\037\374\304\t\335\2359\344\233\035]\347<u\236\364\222vG0E\002!\000\270u\276VX\030\n/<\007\350l$\253E\205\354]\243\t\306\274_\301\370\371%#5g\354\363\002 ~\351R\233\323 \366\200^\305t\255 \021R\3003\327\3170\334$i\311\021]\223\037|\2122\300""; "
1750587295680,1750587295680,3563,1,0,2,TMValidation,"validation: """"\200\000\000\001&\000\000\000\n)/\352\224\034:Q\231\304\227'3\313\030Q\276\322i\233\014\037\027Z\351\022\216@=S\205\334\033\374\234n\r\270\210]\013\203\356\024\366\354\260\007P\027\000\000\000\000\000\000\000\000\000\000\000\000\000\000\000\000\000\000\000\000\000\000\000\000\000\000\000\000\000\000\000\000P\031\317\351\2337\023\262\336W\254\222\315\335\317oP\221\031g\037\220\357Ft\030n\306\370\n\354\226\365\346s!\003ql\302)\235\321\t\213\224\356\374%%\311\327\037\374\304\t\335\2359\344\233\035]\347<u\236\364\222vG0E\002!\000\270u\276VX\030\n/<\007\350l$\253E\205\354]\243\t\306\274_\301\370\371%#5g\354\363\002 ~\351R\233\323 \366\200^\305t\255 \021R\3003\327\3170\334$i\311\021]\223\037|\2122\300""; ","validation: """"\200\000\000\001&\000\000\000\n)/\352\224\034:Q\231\304\227'3\313\030Q\276\322i\233\014\037\027Z\351\022\216@=S\205\334\033\374\234n\r\270\210]\013\203\356\024\366\354\260\007P\027\000\000\000\000\000\000\000\000\000\000\000\000\000\000\000\000\000\000\000\000\000\000\000\000\000\000\000\000\000\000\000\000P\031\317\351\2337\023\262\336W\254\222\315\335\317oP\221\031g\037\220\357Ft\030n\306\370\n\354\226\365\346s!\003ql\302)\235\321\t\213\224\356\374%%\311\327\037\374\304\t\335\2359\344\233\035]\347<u\236\364\222vG0E\002!\000\270u\276VX\030\n/<\007\350l$\253E\205\354]\243\t\306\274_\301\370\371%#5g\354\363\002 ~\351R\233\323 \366\200^\305t\255 \021R\3003\327\3170\334$i\311\021]\223\037|\2122\300""; "
1750587295681,1750587295681,2684,1,0,1,TMValidation,"validation: """"\200\000\000\001&\000\000\000\n)/\352\224\034:Q\231\304\227'3\313\030Q\276\322i\233\014\037\027Z\351\022\216@=S\205\334\033\374\234n\r\270\210]\013\203\356\024\366\354\260\007P\027\000\000\000\000\000\000\000\000\000\000\000\000\000\000\000\000\000\000\000\000\000\000\000\000\000\000\000\000\000\000\000\000P\031\317\351\2337\023\262\336W\254\222\315\335\317oP\221\031g\037\220\357Ft\030n\306\370\n\354\226\365\346s!\003ql\302)\235\321\t\213\224\356\374%%\311\327\037\374\304\t\335\2359\344\233\035]\347<u\236\364\222vG0E\002!\000\270u\276VX\030\n/<\007\350l$\253E\205\354]\243\t\306\274_\301\370\371%#5g\354\363\002 ~\351R\233\323 \366\200^\305t\255 \021R\3003\327\3170\334$i\311\021]\223\037|\2122\300""; ","validation: """"\200\000\000\001&\000\000\000\n)/\352\224\034:Q\231\304\227'3\313\030Q\276\322i\233\014\037\027Z\351\022\216@=S\205\334\033\374\234n\r\270\210]\013\203\356\024\366\354\260\007P\027\000\000\000\000\000\000\000\000\000\000\000\000\000\000\000\000\000\000\000\000\000\000\000\000\000\000\000\000\000\000\000\000P\031\317\351\2337\023\262\336W\254\222\315\335\317oP\221\031g\037\220\357Ft\030n\306\370\n\354\226\365\346s!\003ql\302)\235\321\t\213\224\356\374%%\311\327\037\374\304\t\335\2359\344\233\035]\347<u\236\364\222vG0E\002!\000\270u\276VX\030\n/<\007\350l$\253E\205\354]\243\t\306\274_\301\370\371%#5g\354\363\002 ~\351R\233\323 \366\200^\305t\255 \021R\3003\327\3170\334$i\311\021]\223\037|\2122\300""; "
1750587295681,1750587295681,792,1,0,4,TMValidation,"validation: """"\200\000\000\001&\000\000\000\n)/\352\224\034:Q\231\304\227'3\313\030Q\276\322i\233\014\037\027Z\351\022\216@=S\205\334\033\374\234n\r\270\210]\013\203\356\024\366\354\260\007P\027\000\000\000\000\000\000\000\000\000\000\000\000\000\000\000\000\000\000\000\000\000\000\000\000\000\000\000\000\000\000\000\000P\031\317\351\2337\023\262\336W\254\222\315\335\317oP\221\031g\037\220\357Ft\030n\306\370\n\354\226\365\346s!\003ql\302)\235\321\t\213\224\356\374%%\311\327\037\374\304\t\335\2359\344\233\035]\347<u\236\364\222vG0E\002!\000\270u\276VX\030\n/<\007\350l$\253E\205\354]\243\t\306\274_\301\370\371%#5g\354\363\002 ~\351R\233\323 \366\200^\305t\255 \021R\3003\327\3170\334$i\311\021]\223\037|\2122\300""; ","validation: """"\200\000\000\001&\000\000\000\n)/\352\224\034:Q\231\304\227'3\313\030Q\276\322i\233\014\037\027Z\351\022\216@=S\205\334\033\374\234n\r\270\210]\013\203\356\024\366\354\260\007P\027\000\000\000\000\000\000\000\000\000\000\000\000\000\000\000\000\000\000\000\000\000\000\000\000\000\000\000\000\000\000\000\000P\031\317\351\2337\023\262\336W\254\222\315\335\317oP\221\031g\037\220\357Ft\030n\306\370\n\354\226\365\346s!\003ql\302)\235\321\t\213\224\356\374%%\311\327\037\374\304\t\335\2359\344\233\035]\347<u\236\364\222vG0E\002!\000\270u\276VX\030\n/<\007\350l$\253E\205\354]\243\t\306\274_\301\370\371%#5g\354\363\002 ~\351R\233\323 \366\200^\305t\255 \021R\3003\327\3170\334$i\311\021]\223\037|\2122\300""; "
1750587295713,1750587295713,0,1,1,4,TMValidation,"validation: """"\200\000\000\001&\000\000\000\n)/\352\224\035:\211l\014`\252m\212dQ\276\322i\233\014\037\027Z\351\022\216@=S\205\334\033\374\234n\r\270\210]\013\203\356\024\366\354\260\007P\027\000\000\000\000\000\000\000\000\000\000\000\000\000\000\000\000\000\000\000\000\000\000\000\000\000\000\000\000\000\000\000\000P\031\317\351\2337\023\262\336W\254\222\315\335\317oP\221\031g\037\220\357Ft\030n\306\370\n\354\226\365\346s!\003\325Q\255\224\274R@\312\253\262\347\352\034\346\347\242\215,\312\376=\277\353{\350\225\301\305`^, vG0E\002!\000\201\207\361\324\006\336\202\261\034\344\244\014R\377H\006\276\334o\343\370\271\003\371\365\231k\361\001\346r\346\002 m5\020)U\344\224\270\244\375\004\250\354{Z\352\333\342\307;?t\t\177b\2053\200*k\212\322""; ","validation: """"\200\000\000\001&\000\000\000\n)/\352\224\035:\211l\014`\252m\212dQ\276\322i\233\014\037\027Z\351\022\216@=S\205\334\033\374\234n\r\270\210]\013\203\356\024\366\354\260\007P\027\000\000\000\000\000\000\000\000\000\000\000\000\000\000\000\000\000\000\000\000\000\000\000\000\000\000\000\000\000\000\000\000P\031\317\351\2337\023\262\336W\254\222\315\335\317oP\221\031g\037\220\357Ft\030n\306\370\n\354\226\365\346s!\003\325Q\255\224\274R@\312\253\262\347\352\034\346\347\242\215,\312\376=\277\353{\350\225\301\305`^, vG0E\002!\000\201\207\361\324\006\336\202\261\034\344\244\014R\377H\006\276\334o\343\370\271\003\371\365\231k\361\001\346r\346\002 m5\020)U\344\224\270\244\375\004\250\354{Z\352\333\342\307;?t\t\177b\2053\200*k\212\322""; "
1750587295714,1750587295714,0,1,1,3,TMValidation,"validation: """"\200\000\000\001&\000\000\000\n)/\352\224\035:\211l\014`\252m\212dQ\276\322i\233\014\037\027Z\351\022\216@=S\205\334\033\374\234n\r\270\210]\013\203\356\024\366\354\260\007P\027\000\000\000\000\000\000\000\000\000\000\000\000\000\000\000\000\000\000\000\000\000\000\000\000\000\000\000\000\000\000\000\000P\031\317\351\2337\023\262\336W\254\222\315\335\317oP\221\031g\037\220\357Ft\030n\306\370\n\354\226\365\346s!\003\325Q\255\224\274R@\312\253\262\347\352\034\346\347\242\215,\312\376=\277\353{\350\225\301\305`^, vG0E\002!\000\201\207\361\324\006\336\202\261\034\344\244\014R\377H\006\276\334o\343\370\271\003\371\365\231k\361\001\346r\346\002 m5\020)U\344\224\270\244\375\004\250\354{Z\352\333\342\307;?t\t\177b\2053\200*k\212\322""; ","validation: """"\200\000\000\001&\000\000\000\n)/\352\224\035:\211l\014`\252m\212dQ\276\322i\233\014\037\027Z\351\022\216@=S\205\334\033\374\234n\r\270\210]\013\203\356\024\366\354\260\007P\027\000\000\000\000\000\000\000\000\000\000\000\000\000\000\000\000\000\000\000\000\000\000\000\000\000\000\000\000\000\000\000\000P\031\317\351\2337\023\262\336W\254\222\315\335\317oP\221\031g\037\220\357Ft\030n\306\370\n\354\226\365\346s!\003\325Q\255\224\274R@\312\253\262\347\352\034\346\347\242\215,\312\376=\277\353{\350\225\301\305`^, vG0E\002!\000\201\207\361\324\006\336\202\261\034\344\244\014R\377H\006\276\334o\343\370\271\003\371\365\231k\361\001\346r\346\002 m5\020)U\344\224\270\244\375\004\250\354{Z\352\333\342\307;?t\t\177b\2053\200*k\212\322""; "
1750587295715,1750587295715,0,1,1,0,TMValidation,"validation: """"\200\000\000\001&\000\000\000\n)/\352\224\035:\211l\014`\252m\212dQ\276\322i\233\014\037\027Z\351\022\216@=S\205\334\033\374\234n\r\270\210]\013\203\356\024\366\354\260\007P\027\000\000\000\000\000\000\000\000\000\000\000\000\000\000\000\000\000\000\000\000\000\000\000\000\000\000\000\000\000\000\000\000P\031\317\351\2337\023\262\336W\254\222\315\335\317oP\221\031g\037\220\357Ft\030n\306\370\n\354\226\365\346s!\003\325Q\255\224\274R@\312\253\262\347\352\034\346\347\242\215,\312\376=\277\353{\350\225\301\305`^, vG0E\002!\000\201\207\361\324\006\336\202\261\034\344\244\014R\377H\006\276\334o\343\370\271\003\371\365\231k\361\001\346r\346\002 m5\020)U\344\224\270\244\375\004\250\354{Z\352\333\342\307;?t\t\177b\2053\200*k\212\322""; ","validation: """"\200\000\000\001&\000\000\000\n)/\352\224\035:\211l\014`\252m\212dQ\276\322i\233\014\037\027Z\351\022\216@=S\205\334\033\374\234n\r\270\210]\013\203\356\024\366\354\260\007P\027\000\000\000\000\000\000\000\000\000\000\000\000\000\000\000\000\000\000\000\000\000\000\000\000\000\000\000\000\000\000\000\000P\031\317\351\2337\023\262\336W\254\222\315\335\317oP\221\031g\037\220\357Ft\030n\306\370\n\354\226\365\346s!\003\325Q\255\224\274R@\312\253\262\347\352\034\346\347\242\215,\312\376=\277\353{\350\225\301\305`^, vG0E\002!\000\201\207\361\324\006\336\202\261\034\344\244\014R\377H\006\276\334o\343\370\271\003\371\365\231k\361\001\346r\346\002 m5\020)U\344\224\270\244\375\004\250\354{Z\352\333\342\307;?t\t\177b\2053\200*k\212\322""; "
1750587295718,1750587295719,792,1,0,4,TMValidation,"validation: """"\200\000\000\001&\000\000\000\n)/\352\224\035:\211l\014`\252m\212dQ\276\322i\233\014\037\027Z\351\022\216@=S\205\334\033\374\234n\r\270\210]\013\203\356\024\366\354\260\007P\027\000\000\000\000\000\000\000\000\000\000\000\000\000\000\000\000\000\000\000\000\000\000\000\000\000\000\000\000\000\000\000\000P\031\317\351\2337\023\262\336W\254\222\315\335\317oP\221\031g\037\220\357Ft\030n\306\370\n\354\226\365\346s!\003\325Q\255\224\274R@\312\253\262\347\352\034\346\347\242\215,\312\376=\277\353{\350\225\301\305`^, vG0E\002!\000\201\207\361\324\006\336\202\261\034\344\244\014R\377H\006\276\334o\343\370\271\003\371\365\231k\361\001\346r\346\002 m5\020)U\344\224\270\244\375\004\250\354{Z\352\333\342\307;?t\t\177b\2053\200*k\212\322""; ","validation: """"\200\000\000\001&\000\000\000\n)/\352\224\035:\211l\014`\252m\212dQ\276\322i\233\014\037\027Z\351\022\216@=S\205\334\033\374\234n\r\270\210]\013\203\356\024\366\354\260\007P\027\000\000\000\000\000\000\000\000\000\000\000\000\000\000\000\000\000\000\000\000\000\000\000\000\000\000\000\000\000\000\000\000P\031\317\351\2337\023\262\336W\254\222\315\335\317oP\221\031g\037\220\357Ft\030n\306\370\n\354\226\365\346s!\003\325Q\255\224\274R@\312\253\262\347\352\034\346\347\242\215,\312\376=\277\353{\350\225\301\305`^, vG0E\002!\000\201\207\361\324\006\336\202\261\034\344\244\014R\377H\006\276\334o\343\370\271\003\371\365\231k\361\001\346r\346\002 m5\020)U\344\224\270\244\375\004\250\354{Z\352\333\342\307;?t\t\177b\2053\200*k\212\322""; "
1750587295719,1750587295719,3563,1,0,2,TMValidation,"validation: """"\200\000\000\001&\000\000\000\n)/\352\224\035:\211l\014`\252m\212dQ\276\322i\233\014\037\027Z\351\022\216@=S\205\334\033\374\234n\r\270\210]\013\203\356\024\366\354\260\007P\027\000\000\000\000\000\000\000\000\000\000\000\000\000\000\000\000\000\000\000\000\000\000\000\000\000\000\000\000\000\000\000\000P\031\317\351\2337\023\262\336W\254\222\315\335\317oP\221\031g\037\220\357Ft\030n\306\370\n\354\226\365\346s!\003\325Q\255\224\274R@\312\253\262\347\352\034\346\347\242\215,\312\376=\277\353{\350\225\301\305`^, vG0E\002!\000\201\207\361\324\006\336\202\261\034\344\244\014R\377H\006\276\334o\343\370\271\003\371\365\231k\361\001\346r\346\002 m5\020)U\344\224\270\244\375\004\250\354{Z\352\333\342\307;?t\t\177b\2053\200*k\212\322""; ","validation: """"\200\000\000\001&\000\000\000\n)/\352\224\035:\211l\014`\252m\212dQ\276\322i\233\014\037\027Z\351\022\216@=S\205\334\033\374\234n\r\270\210]\013\203\356\024\366\354\260\007P\027\000\000\000\000\000\000\000\000\000\000\000\000\000\000\000\000\000\000\000\000\000\000\000\000\000\000\000\000\000\000\000\000P\031\317\351\2337\023\262\336W\254\222\315\335\317oP\221\031g\037\220\357Ft\030n\306\370\n\354\226\365\346s!\003\325Q\255\224\274R@\312\253\262\347\352\034\346\347\242\215,\312\376=\277\353{\350\225\301\305`^, vG0E\002!\000\201\207\361\324\006\336\202\261\034\344\244\014R\377H\006\276\334o\343\370\271\003\371\365\231k\361\001\346r\346\002 m5\020)U\344\224\270\244\375\004\250\354{Z\352\333\342\307;?t\t\177b\2053\200*k\212\322""; "
1750587295719,1750587295719,779,1,0,3,TMValidation,"validation: """"\200\000\000\001&\000\000\000\n)/\352\224\035:\211l\014`\252m\212dQ\276\322i\233\014\037\027Z\351\022\216@=S\205\334\033\374\234n\r\270\210]\013\203\356\024\366\354\260\007P\027\000\000\000\000\000\000\000\000\000\000\000\000\000\000\000\000\000\000\000\000\000\000\000\000\000\000\000\000\000\000\000\000P\031\317\351\2337\023\262\336W\254\222\315\335\317oP\221\031g\037\220\357Ft\030n\306\370\n\354\226\365\346s!\003\325Q\255\224\274R@\312\253\262\347\352\034\346\347\242\215,\312\376=\277\353{\350\225\301\305`^, vG0E\002!\000\201\207\361\324\006\336\202\261\034\344\244\014R\377H\006\276\334o\343\370\271\003\371\365\231k\361\001\346r\346\002 m5\020)U\344\224\270\244\375\004\250\354{Z\352\333\342\307;?t\t\177b\2053\200*k\212\322""; ","validation: """"\200\000\000\001&\000\000\000\n)/\352\224\035:\211l\014`\252m\212dQ\276\322i\233\014\037\027Z\351\022\216@=S\205\334\033\374\234n\r\270\210]\013\203\356\024\366\354\260\007P\027\000\000\000\000\000\000\000\000\000\000\000\000\000\000\000\000\000\000\000\000\000\000\000\000\000\000\000\000\000\000\000\000P\031\317\351\2337\023\262\336W\254\222\315\335\317oP\221\031g\037\220\357Ft\030n\306\370\n\354\226\365\346s!\003\325Q\255\224\274R@\312\253\262\347\352\034\346\347\242\215,\312\376=\277\353{\350\225\301\305`^, vG0E\002!\000\201\207\361\324\006\336\202\261\034\344\244\014R\377H\006\276\334o\343\370\271\003\371\365\231k\361\001\346r\346\002 m5\020)U\344\224\270\244\375\004\250\354{Z\352\333\342\307;?t\t\177b\2053\200*k\212\322""; "
1750587295763,1750587295763,0,1,4,0,TMProposeSet,"proposeSeq: 0; currentTxHash: ""\000\000\000\000\000\000\000\000\000\000\000\000\000\000\000\000\000\000\000\000\000\000\000\000\000\000\000\000\000\000\000\000""; nodePubKey: ""\003ql\302)\235\321\t\213\224\356\374%%\311\327\037\374\304\t\335\2359\344\233\035]\347<u\236\364\222""; closeTime: 803902495; signature: ""0D\002 .H\261\351\261S\243q|\215\023\306\250\237A| \200u/\034-\350\331\377O\002\347\310RER\002 \007;B_Mc#\275\203\275\251\001\232\245x$\377y\005\270\021\221\314\213\200a\220""\354\260\3649""; previousledger: ""\276\322i\233\014\037\027Z\351\022\216@=S\205\334\033\374\234n\r\270\210]\013\203\356\024\366\354\260\007""; ","proposeSeq: 0; currentTxHash: ""\000\000\000\000\000\000\000\000\000\000\000\000\000\000\000\000\000\000\000\000\000\000\000\000\000\000\000\000\000\000\000\000""; nodePubKey: ""\003ql\302)\235\321\t\213\224\356\374%%\311\327\037\374\304\t\335\2359\344\233\035]\347<u\236\364\222""; closeTime: 803902495; signature: ""0D\002 .H\261\351\261S\243q|\215\023\306\250\237A| \200u/\034-\350\331\377O\002\347\310RER\002 \007;B_Mc#\275\203\275\251\001\232\245x$\377y\005\270\021\221\314\213\200a\220""\354\260\3649""; previousledger: ""\276\322i\233\014\037\027Z\351\022\216@=S\205\334\033\374\234n\r\270\210]\013\203\356\024\366\354\260\007""; "
1750587295764,1750587295764,0,1,4,2,TMProposeSet,"proposeSeq: 0; currentTxHash: ""\000\000\000\000\000\000\000\000\000\000\000\000\000\000\000\000\000\000\000\000\000\000\000\000\000\000\000\000\000\000\000\000""; nodePubKey: ""\003\325Q\255\224\274R@\312\253\262\347\352\034\346\347\242\215,\312\376=\277\353{\350\225\301\305`^, ""; closeTime: 803902494; signature: ""0E\002!\000\304\371#\360IuG'D\336T\260\220\235\001=\031\344|\231L\nO\256L\221\311t`\036\377\323\002 \004\245\231\323\2254\241\355\203\315o\017\216\027by\305+@\315#\230\335\357\245)q4\311q\223G""; previousledger: ""\276\322i\233\014\037\027Z\351\022\216@=S\205\334\033\374\234n\r\270\210]\013\203\356\024\366\354\260\007""; ","proposeSeq: 0; currentTxHash: ""\000\000\000\000\000\000\000\000\000\000\000\000\000\000\000\000\000\000\000\000\000\000\000\000\000\000\000\000\000\000\000\000""; nodePubKey: ""\003\325Q\255\224\274R@\312\253\262\347\352\034\346\347\242\215,\312\376=\277\353{\350\225\301\305`^, ""; closeTime: 803902494; signature: ""0E\002!\000\304\371#\360IuG'D\336T\260\220\235\001=\031\344|\231L\nO\256L\221\311t`\036\377\323\002 \004\245\231\323\2254\241\355\203\315o\017\216\027by\305+@\315#\230\335\357\245)q4\311q\223G""; previousledger: ""\276\322i\233\014\037\027Z\351\022\216@=S\205\334\033\374\234n\r\270\210]\013\203\356\024\366\354\260\007""; "
1750587295764,1750587295764,0,1,4,0,TMProposeSet,"proposeSeq: 0; currentTxHash: ""\000\000\000\000\000\000\000\000\000\000\000\000\000\000\000\000\000\000\000\000\000\000\000\000\000\000\000\000\000\000\000\000""; nodePubKey: ""\003\343\005\311u\203\370\0338\3174\324\010\006\301\251\177\261\304eOX\262)FA-\022r\263wm\024""; closeTime: 803902494; signature: ""0D\002 G\237\263\033o\204o\265\325\311!z\247l\334\212\022\333\333giG/t\334\223\001\276\007\376\306\366\002 zL\211\3664L\005\344\220ru~r\332\010C\311\201_4\246\352\330\8\215<T\257\355\234i""; previousledger: ""\276\322i\233\014\037\027Z\351\022\216@=S\205\334\033\374\234n\r\270\210]\013\203\356\024\366\354\260\007""; ","proposeSeq: 0; currentTxHash: ""\000\000\000\000\000\000\000\000\000\000\000\000\000\000\000\000\000\000\000\000\000\000\000\000\000\000\000\000\000\000\000\000""; nodePubKey: ""\003\343\005\311u\203\370\0338\3174\324\010\006\301\251\177\261\304eOX\262)FA-\022r\263wm\024""; closeTime: 803902494; signature: ""0D\002 G\237\263\033o\204o\265\325\311!z\247l\334\212\022\333\333giG/t\334\223\001\276\007\376\306\366\002 zL\211\3664L\005\344\220ru~r\332\010C\311\201_4\246\352\330\8\215<T\257\355\234i""; previousledger: ""\276\322i\233\014\037\027Z\351\022\216@=S\205\334\033\374\234n\r\270\210]\013\203\356\024\366\354\260\007""; "
1750587295764,1750587295764,0,1,4,0,TMProposeSet,"proposeSeq: 0; currentTxHash: ""\000\000\000\000\000\000\000\000\000\000\000\000\000\000\000\000\000\000\000\000\000\000\000\000\000\000\000\000\000\000\000\000""; nodePubKey: ""\003\325Q\255\224\274R@\312\253\262\347\352\034\346\347\242\215,\312\376=\277\353{\350\225\301\305`^, ""; closeTime: 803902494; signature: ""0E\002!\000\304\371#\360IuG'D\336T\260\220\235\001=\031\344|\231L\nO\256L\221\311t`\036\377\323\002 \004\245\231\323\2254\241\355\203\315o\017\216\027by\305+@\315#\230\335\357\245)q4\311q\223G""; previousledger: ""\276\322i\233\014\037\027Z\351\022\216@=S\205\334\033\374\234n\r\270\210]\013\203\356\024\366\354\260\007""; ","proposeSeq: 0; currentTxHash: ""\000\000\000\000\000\000\000\000\000\000\000\000\000\000\000\000\000\000\000\000\000\000\000\000\000\000\000\000\000\000\000\000""; nodePubKey: ""\003\325Q\255\224\274R@\312\253\262\347\352\034\346\347\242\215,\312\376=\277\353{\350\225\301\305`^, ""; closeTime: 803902494; signature: ""0E\002!\000\304\371#\360IuG'D\336T\260\220\235\001=\031\344|\231L\nO\256L\221\311t`\036\377\323\002 \004\245\231\323\2254\241\355\203\315o\017\216\027by\305+@\315#\230\335\357\245)q4\311q\223G""; previousledger: ""\276\322i\233\014\037\027Z\351\022\216@=S\205\334\033\374\234n\r\270\210]\013\203\356\024\366\354\260\007""; "
1750587295794,1750587295794,0,1,3,2,TMValidation,"validation: """"\200\000\000\001&\000\000\000\n)/\352\224\037:I\203w\200\211\SGQ\276\322i\233\014\037\027Z\351\022\216@=S\205\334\033\374\234n\r\270\210]\013\203\356\024\366\354\260\007P\027\000\000\000\000\000\000\000\000\000\000\000\000\000\000\000\000\000\000\000\000\000\000\000\000\000\000\000\000\000\000\000\000P\031\317\351\2337\023\262\336W\254\222\315\335\317oP\221\031g\037\220\357Ft\030n\306\370\n\354\226\365\346s!\002\347\243J\206W\025ML\260\226\0163\217\250\337\325W\253\356*O\245Z\271\234\207C\274\375`\335\311vG0E\002!\000\274\243\261J\027\256\203\316\007p\337\004A\373Y\340d\233\324\022\223\3019kQ\357\023\025y\247\360\361\002 G\342n\346\\232\3631VT\314\234\036\345\331\377\027P\225T\211\251\335\356\270k1\362\014\237\231\022""; ","validation: """"\200\000\000\001&\000\000\000\n)/\352\224\037:I\203w\200\211\SGQ\276\322i\233\014\037\027Z\351\022\216@=S\205\334\033\374\234n\r\270\210]\013\203\356\024\366\354\260\007P\027\000\000\000\000\000\000\000\000\000\000\000\000\000\000\000\000\000\000\000\000\000\000\000\000\000\000\000\000\000\000\000\000P\031\317\351\2337\023\262\336W\254\222\315\335\317oP\221\031g\037\220\357Ft\030n\306\370\n\354\226\365\346s!\002\347\243J\206W\025ML\260\226\0163\217\250\337\325W\253\356*O\245Z\271\234\207C\274\375`\335\311vG0E\002!\000\274\243\261J\027\256\203\316\007p\337\004A\373Y\340d\233\324\022\223\3019kQ\357\023\025y\247\360\361\002 G\342n\346\\232\3631VT\314\234\036\345\331\377\027P\225T\211\251\335\356\270k1\362\014\237\231\022""; "
1750587295794,1750587295794,0,1,3,4,TMValidation,"validation: """"\200\000\000\001&\000\000\000\n)/\352\224\037:I\203w\200\211\SGQ\276\322i\233\014\037\027Z\351\022\216@=S\205\334\033\374\234n\r\270\210]\013\203\356\024\366\354\260\007P\027\000\000\000\000\000\000\000\000\000\000\000\000\000\000\000\000\000\000\000\000\000\000\000\000\000\000\000\000\000\000\000\000P\031\317\351\2337\023\262\336W\254\222\315\335\317oP\221\031g\037\220\357Ft\030n\306\370\n\354\226\365\346s!\002\347\243J\206W\025ML\260\226\0163\217\250\337\325W\253\356*O\245Z\271\234\207C\274\375`\335\311vG0E\002!\000\274\243\261J\027\256\203\316\007p\337\004A\373Y\340d\233\324\022\223\3019kQ\357\023\025y\247\360\361\002 G\342n\346\\232\3631VT\314\234\036\345\331\377\027P\225T\211\251\335\356\270k1\362\014\237\231\022""; ","validation: """"\200\000\000\001&\000\000\000\n)/\352\224\037:I\203w\200\211\SGQ\276\322i\233\014\037\027Z\351\022\216@=S\205\334\033\374\234n\r\270\210]\013\203\356\024\366\354\260\007P\027\000\000\000\000\000\000\000\000\000\000\000\000\000\000\000\000\000\000\000\000\000\000\000\000\000\000\000\000\000\000\000\000P\031\317\351\2337\023\262\336W\254\222\315\335\317oP\221\031g\037\220\357Ft\030n\306\370\n\354\226\365\346s!\002\347\243J\206W\025ML\260\226\0163\217\250\337\325W\253\356*O\245Z\271\234\207C\274\375`\335\311vG0E\002!\000\274\243\261J\027\256\203\316\007p\337\004A\373Y\340d\233\324\022\223\3019kQ\357\023\025y\247\360\361\002 G\342n\346\\232\3631VT\314\234\036\345\331\377\027P\225T\211\251\335\356\270k1\362\014\237\231\022""; "
1750587295794,1750587295795,0,1,3,1,TMValidation,"validation: """"\200\000\000\001&\000\000\000\n)/\352\224\037:I\203w\200\211\SGQ\276\322i\233\014\037\027Z\351\022\216@=S\205\334\033\374\234n\r\270\210]\013\203\356\024\366\354\260\007P\027\000\000\000\000\000\000\000\000\000\000\000\000\000\000\000\000\000\000\000\000\000\000\000\000\000\000\000\000\000\000\000\000P\031\317\351\2337\023\262\336W\254\222\315\335\317oP\221\031g\037\220\357Ft\030n\306\370\n\354\226\365\346s!\002\347\243J\206W\025ML\260\226\0163\217\250\337\325W\253\356*O\245Z\271\234\207C\274\375`\335\311vG0E\002!\000\274\243\261J\027\256\203\316\007p\337\004A\373Y\340d\233\324\022\223\3019kQ\357\023\025y\247\360\361\002 G\342n\346\\232\3631VT\314\234\036\345\331\377\027P\225T\211\251\335\356\270k1\362\014\237\231\022""; ","validation: """"\200\000\000\001&\000\000\000\n)/\352\224\037:I\203w\200\211\SGQ\276\322i\233\014\037\027Z\351\022\216@=S\205\334\033\374\234n\r\270\210]\013\203\356\024\366\354\260\007P\027\000\000\000\000\000\000\000\000\000\000\000\000\000\000\000\000\000\000\000\000\000\000\000\000\000\000\000\000\000\000\000\000P\031\317\351\2337\023\262\336W\254\222\315\335\317oP\221\031g\037\220\357Ft\030n\306\370\n\354\226\365\346s!\002\347\243J\206W\025ML\260\226\0163\217\250\337\325W\253\356*O\245Z\271\234\207C\274\375`\335\311vG0E\002!\000\274\243\261J\027\256\203\316\007p\337\004A\373Y\340d\233\324\022\223\3019kQ\357\023\025y\247\360\361\002 G\342n\346\\232\3631VT\314\234\036\345\331\377\027P\225T\211\251\335\356\270k1\362\014\237\231\022""; "
1750587295796,1750587295796,0,1,2,1,TMValidation,"validation: """"\200\000\000\001&\000\000\000\n)/\352\224\037:I\203w\200\211\SGQ\276\322i\233\014\037\027Z\351\022\216@=S\205\334\033\374\234n\r\270\210]\013\203\356\024\366\354\260\007P\027\000\000\000\000\000\000\000\000\000\000\000\000\000\000\000\000\000\000\000\000\000\000\000\000\000\000\000\000\000\000\000\000P\031\317\351\2337\023\262\336W\254\222\315\335\317oP\221\031g\037\220\357Ft\030n\306\370\n\354\226\365\346s!\002\347\243J\206W\025ML\260\226\0163\217\250\337\325W\253\356*O\245Z\271\234\207C\274\375`\335\311vG0E\002!\000\274\243\261J\027\256\203\316\007p\337\004A\373Y\340d\233\324\022\223\3019kQ\357\023\025y\247\360\361\002 G\342n\346\\232\3631VT\314\234\036\345\331\377\027P\225T\211\251\335\356\270k1\362\014\237\231\022""; ","validation: """"\200\000\000\001&\000\000\000\n)/\352\224\037:I\203w\200\211\SGQ\276\322i\233\014\037\027Z\351\022\216@=S\205\334\033\374\234n\r\270\210]\013\203\356\024\366\354\260\007P\027\000\000\000\000\000\000\000\000\000\000\000\000\000\000\000\000\000\000\000\000\000\000\000\000\000\000\000\000\000\000\000\000P\031\317\351\2337\023\262\336W\254\222\315\335\317oP\221\031g\037\220\357Ft\030n\306\370\n\354\226\365\346s!\002\347\243J\206W\025ML\260\226\0163\217\250\337\325W\253\356*O\245Z\271\234\207C\274\375`\335\311vG0E\002!\000\274\243\261J\027\256\203\316\007p\337\004A\373Y\340d\233\324\022\223\3019kQ\357\023\025y\247\360\361\002 G\342n\346\\232\3631VT\314\234\036\345\331\377\027P\225T\211\251\335\356\270k1\362\014\237\231\022""; "
1750587295796,1750587295796,0,1,2,4,TMValidation,"validation: """"\200\000\000\001&\000\000\000\n)/\352\224\037:I\203w\200\211\SGQ\276\322i\233\014\037\027Z\351\022\216@=S\205\334\033\374\234n\r\270\210]\013\203\356\024\366\354\260\007P\027\000\000\000\000\000\000\000\000\000\000\000\000\000\000\000\000\000\000\000\000\000\000\000\000\000\000\000\000\000\000\000\000P\031\317\351\2337\023\262\336W\254\222\315\335\317oP\221\031g\037\220\357Ft\030n\306\370\n\354\226\365\346s!\002\347\243J\206W\025ML\260\226\0163\217\250\337\325W\253\356*O\245Z\271\234\207C\274\375`\335\311vG0E\002!\000\274\243\261J\027\256\203\316\007p\337\004A\373Y\340d\233\324\022\223\3019kQ\357\023\025y\247\360\361\002 G\342n\346\\232\3631VT\314\234\036\345\331\377\027P\225T\211\251\335\356\270k1\362\014\237\231\022""; ","validation: """"\200\000\000\001&\000\000\000\n)/\352\224\037:I\203w\200\211\SGQ\276\322i\233\014\037\027Z\351\022\216@=S\205\334\033\374\234n\r\270\210]\013\203\356\024\366\354\260\007P\027\000\000\000\000\000\000\000\000\000\000\000\000\000\000\000\000\000\000\000\000\000\000\000\000\000\000\000\000\000\000\000\000P\031\317\351\2337\023\262\336W\254\222\315\335\317oP\221\031g\037\220\357Ft\030n\306\370\n\354\226\365\346s!\002\347\243J\206W\025ML\260\226\0163\217\250\337\325W\253\356*O\245Z\271\234\207C\274\375`\335\311vG0E\002!\000\274\243\261J\027\256\203\316\007p\337\004A\373Y\340d\233\324\022\223\3019kQ\357\023\025y\247\360\361\002 G\342n\346\\232\3631VT\314\234\036\345\331\377\027P\225T\211\251\335\356\270k1\362\014\237\231\022""; "
1750587295797,1750587295797,0,1,2,0,TMValidation,"validation: """"\200\000\000\001&\000\000\000\n)/\352\224\037:I\203w\200\211\SGQ\276\322i\233\014\037\027Z\351\022\216@=S\205\334\033\374\234n\r\270\210]\013\203\356\024\366\354\260\007P\027\000\000\000\000\000\000\000\000\000\000\000\000\000\000\000\000\000\000\000\000\000\000\000\000\000\000\000\000\000\000\000\000P\031\317\351\2337\023\262\336W\254\222\315\335\317oP\221\031g\037\220\357Ft\030n\306\370\n\354\226\365\346s!\002\347\243J\206W\025ML\260\226\0163\217\250\337\325W\253\356*O\245Z\271\234\207C\274\375`\335\311vG0E\002!\000\274\243\261J\027\256\203\316\007p\337\004A\373Y\340d\233\324\022\223\3019kQ\357\023\025y\247\360\361\002 G\342n\346\\232\3631VT\314\234\036\345\331\377\027P\225T\211\251\335\356\270k1\362\014\237\231\022""; ","validation: """"\200\000\000\001&\000\000\000\n)/\352\224\037:I\203w\200\211\SGQ\276\322i\233\014\037\027Z\351\022\216@=S\205\334\033\374\234n\r\270\210]\013\203\356\024\366\354\260\007P\027\000\000\000\000\000\000\000\000\000\000\000\000\000\000\000\000\000\000\000\000\000\000\000\000\000\000\000\000\000\000\000\000P\031\317\351\2337\023\262\336W\254\222\315\335\317oP\221\031g\037\220\357Ft\030n\306\370\n\354\226\365\346s!\002\347\243J\206W\025ML\260\226\0163\217\250\337\325W\253\356*O\245Z\271\234\207C\274\375`\335\311vG0E\002!\000\274\243\261J\027\256\203\316\007p\337\004A\373Y\340d\233\324\022\223\3019kQ\357\023\025y\247\360\361\002 G\342n\346\\232\3631VT\314\234\036\345\331\377\027P\225T\211\251\335\356\270k1\362\014\237\231\022""; "
1750587295797,1750587295797,0,1,4,2,TMValidation,"validation: """"\200\000\000\001&\000\000\000\n)/\352\224\037:I\203w\200\211\SGQ\276\322i\233\014\037\027Z\351\022\216@=S\205\334\033\374\234n\r\270\210]\013\203\356\024\366\354\260\007P\027\000\000\000\000\000\000\000\000\000\000\000\000\000\000\000\000\000\000\000\000\000\000\000\000\000\000\000\000\000\000\000\000P\031\317\351\2337\023\262\336W\254\222\315\335\317oP\221\031g\037\220\357Ft\030n\306\370\n\354\226\365\346s!\002\347\243J\206W\025ML\260\226\0163\217\250\337\325W\253\356*O\245Z\271\234\207C\274\375`\335\311vG0E\002!\000\274\243\261J\027\256\203\316\007p\337\004A\373Y\340d\233\324\022\223\3019kQ\357\023\025y\247\360\361\002 G\342n\346\\232\3631VT\314\234\036\345\331\377\027P\225T\211\251\335\356\270k1\362\014\237\231\022""; ","validation: """"\200\000\000\001&\000\000\000\n)/\352\224\037:I\203w\200\211\SGQ\276\322i\233\014\037\027Z\351\022\216@=S\205\334\033\374\234n\r\270\210]\013\203\356\024\366\354\260\007P\027\000\000\000\000\000\000\000\000\000\000\000\000\000\000\000\000\000\000\000\000\000\000\000\000\000\000\000\000\000\000\000\000P\031\317\351\2337\023\262\336W\254\222\315\335\317oP\221\031g\037\220\357Ft\030n\306\370\n\354\226\365\346s!\002\347\243J\206W\025ML\260\226\0163\217\250\337\325W\253\356*O\245Z\271\234\207C\274\375`\335\311vG0E\002!\000\274\243\261J\027\256\203\316\007p\337\004A\373Y\340d\233\324\022\223\3019kQ\357\023\025y\247\360\361\002 G\342n\346\\232\3631VT\314\234\036\345\331\377\027P\225T\211\251\335\356\270k1\362\014\237\231\022""; "
1750587295797,1750587295798,0,1,4,1,TMValidation,"validation: """"\200\000\000\001&\000\000\000\n)/\352\224\037:I\203w\200\211\SGQ\276\322i\233\014\037\027Z\351\022\216@=S\205\334\033\374\234n\r\270\210]\013\203\356\024\366\354\260\007P\027\000\000\000\000\000\000\000\000\000\000\000\000\000\000\000\000\000\000\000\000\000\000\000\000\000\000\000\000\000\000\000\000P\031\317\351\2337\023\262\336W\254\222\315\335\317oP\221\031g\037\220\357Ft\030n\306\370\n\354\226\365\346s!\002\347\243J\206W\025ML\260\226\0163\217\250\337\325W\253\356*O\245Z\271\234\207C\274\375`\335\311vG0E\002!\000\274\243\261J\027\256\203\316\007p\337\004A\373Y\340d\233\324\022\223\3019kQ\357\023\025y\247\360\361\002 G\342n\346\\232\3631VT\314\234\036\345\331\377\027P\225T\211\251\335\356\270k1\362\014\237\231\022""; ","validation: """"\200\000\000\001&\000\000\000\n)/\352\224\037:I\203w\200\211\SGQ\276\322i\233\014\037\027Z\351\022\216@=S\205\334\033\374\234n\r\270\210]\013\203\356\024\366\354\260\007P\027\000\000\000\000\000\000\000\000\000\000\000\000\000\000\000\000\000\000\000\000\000\000\000\000\000\000\000\000\000\000\000\000P\031\317\351\2337\023\262\336W\254\222\315\335\317oP\221\031g\037\220\357Ft\030n\306\370\n\354\226\365\346s!\002\347\243J\206W\025ML\260\226\0163\217\250\337\325W\253\356*O\245Z\271\234\207C\274\375`\335\311vG0E\002!\000\274\243\261J\027\256\203\316\007p\337\004A\373Y\340d\233\324\022\223\3019kQ\357\023\025y\247\360\361\002 G\342n\346\\232\3631VT\314\234\036\345\331\377\027P\225T\211\251\335\356\270k1\362\014\237\231\022""; "
1750587295798,1750587295798,0,1,4,0,TMValidation,"validation: """"\200\000\000\001&\000\000\000\n)/\352\224\037:I\203w\200\211\SGQ\276\322i\233\014\037\027Z\351\022\216@=S\205\334\033\374\234n\r\270\210]\013\203\356\024\366\354\260\007P\027\000\000\000\000\000\000\000\000\000\000\000\000\000\000\000\000\000\000\000\000\000\000\000\000\000\000\000\000\000\000\000\000P\031\317\351\2337\023\262\336W\254\222\315\335\317oP\221\031g\037\220\357Ft\030n\306\370\n\354\226\365\346s!\002\347\243J\206W\025ML\260\226\0163\217\250\337\325W\253\356*O\245Z\271\234\207C\274\375`\335\311vG0E\002!\000\274\243\261J\027\256\203\316\007p\337\004A\373Y\340d\233\324\022\223\3019kQ\357\023\025y\247\360\361\002 G\342n\346\\232\3631VT\314\234\036\345\331\377\027P\225T\211\251\335\356\270k1\362\014\237\231\022""; ","validation: """"\200\000\000\001&\000\000\000\n)/\352\224\037:I\203w\200\211\SGQ\276\322i\233\014\037\027Z\351\022\216@=S\205\334\033\374\234n\r\270\210]\013\203\356\024\366\354\260\007P\027\000\000\000\000\000\000\000\000\000\000\000\000\000\000\000\000\000\000\000\000\000\000\000\000\000\000\000\000\000\000\000\000P\031\317\351\2337\023\262\336W\254\222\315\335\317oP\221\031g\037\220\357Ft\030n\306\370\n\354\226\365\346s!\002\347\243J\206W\025ML\260\226\0163\217\250\337\325W\253\356*O\245Z\271\234\207C\274\375`\335\311vG0E\002!\000\274\243\261J\027\256\203\316\007p\337\004A\373Y\340d\233\324\022\223\3019kQ\357\023\025y\247\360\361\002 G\342n\346\\232\3631VT\314\234\036\345\331\377\027P\225T\211\251\335\356\270k1\362\014\237\231\022""; "
1750587295799,1750587295800,0,1,2,4,TMLedgerData,"ledgerHash: ""\276\322i\233\014\037\027Z\351\022\216@=S\205\334\033\374\234n\r\270\210]\013\203\356\024\366\354\260\007""; ledgerSeq: 10; type: liBASE; nodes {;   nodedata: ""\000\000\000\n\001cEx]\211\377\330\317\351\2337\023\262\336W\254\222\315\335\317oP\221\031g\037\220\357Ft\030n\306\370\n\354\226\365\346\000\000\000\000\000\000\000\000\000\000\000\000\000\000\000\000\000\000\000\000\000\000\000\000\000\000\000\000\000\000\000\000!\263[x\245\t\221c\221\020\227#\020\267\312L\'\261]\221\317PDI\326\3068dV7\004/\352\224\021/\352\224\032\n\000""; }; nodes {;   nodedata: ""h\315\350\215y\203\242]\371\235\232Pt&\325\210eZ\346\237XZ \277\2457n\221\336\253\245\317\002\304\206+8\t]\351\316\373|\311\263V\300\023\035\211\237\260\300\r\033u3a1\203\303\365\307k\347\006E\344\037@\210\363\010\336T\226\247'\204_{\261\370""1\235\2445\343\033Y!\212\201\341\272\225'\007*$\244&\336\343'\233i\332\374\245 {^\306-N\333\gE\006\347\212\331C\211Z\177\247\031\n<%V\3512\022\257K4-\030\212\246\013\255\260y\354\034\035sR\340\000#.\322r\367Z_I\013\202_n)6q\357\2538_-\302\252B\204v\277\254\373\3322Ca\020\243\0105\263\257\367\032\254\016\003""; }; ","ledgerHash: ""\276\322i\233\014\037\027Z\351\022\216@=S\205\334\033\374\234n\r\270\210]\013\203\356\024\366\354\260\007""; ledgerSeq: 10; type: liBASE; nodes {;   nodedata: ""\000\000\000\n\001cEx]\211\377\330\317\351\2337\023\262\336W\254\222\315\335\317oP\221\031g\037\220\357Ft\030n\306\370\n\354\226\365\346\000\000\000\000\000\000\000\000\000\000\000\000\000\000\000\000\000\000\000\000\000\000\000\000\000\000\000\000\000\000\000\000!\263[x\245\t\221c\221\020\227#\020\267\312L\'\261]\221\317PDI\326\3068dV7\004/\352\224\021/\352\224\032\n\000""; }; nodes {;   nodedata: ""h\315\350\215y\203\242]\371\235\232Pt&\325\210eZ\346\237XZ \277\2457n\221\336\253\245\317\002\304\206+8\t]\351\316\373|\311\263V\300\023\035\211\237\260\300\r\033u3a1\203\303\365\307k\347\006E\344\037@\210\363\010\336T\226\247'\204_{\261\370""1\235\2445\343\033Y!\212\201\341\272\225'\007*$\244&\336\343'\233i\332\374\245 {^\306-N\333\gE\006\347\212\331C\211Z\177\247\031\n<%V\3512\022\257K4-\030\212\246\013\255\260y\354\034\035sR\340\000#.\322r\367Z_I\013\202_n)6q\357\2538_-\302\252B\204v\277\254\373\3322Ca\020\243\0105\263\257\367\032\254\016\003""; }; "
1750587295800,1750587295800,0,1,2,4,TMLedgerData,"ledgerHash: ""\276\322i\233\014\037\027Z\351\022\216@=S\205\334\033\374\234n\r\270\210]\013\203\356\024\366\354\260\007""; ledgerSeq: 10; type: liBASE; nodes {;   nodedata: ""\000\000\000\n\001cEx]\211\377\330\317\351\2337\023\262\336W\254\222\315\335\317oP\221\031g\037\220\357Ft\030n\306\370\n\354\226\365\346\000\000\000\000\000\000\000\000\000\000\000\000\000\000\000\000\000\000\000\000\000\000\000\000\000\000\000\000\000\000\000\000!\263[x\245\t\221c\221\020\227#\020\267\312L\'\261]\221\317PDI\326\3068dV7\004/\352\224\021/\352\224\032\n\000""; }; nodes {;   nodedata: ""h\315\350\215y\203\242]\371\235\232Pt&\325\210eZ\346\237XZ \277\2457n\221\336\253\245\317\002\304\206+8\t]\351\316\373|\311\263V\300\023\035\211\237\260\300\r\033u3a1\203\303\365\307k\347\006E\344\037@\210\363\010\336T\226\247'\204_{\261\370""1\235\2445\343\033Y!\212\201\341\272\225'\007*$\244&\336\343'\233i\332\374\245 {^\306-N\333\gE\006\347\212\331C\211Z\177\247\031\n<%V\3512\022\257K4-\030\212\246\013\255\260y\354\034\035sR\340\000#.\322r\367Z_I\013\202_n)6q\357\2538_-\302\252B\204v\277\254\373\3322Ca\020\243\0105\263\257\367\032\254\016\003""; }; ","ledgerHash: ""\276\322i\233\014\037\027Z\351\022\216@=S\205\334\033\374\234n\r\270\210]\013\203\356\024\366\354\260\007""; ledgerSeq: 10; type: liBASE; nodes {;   nodedata: ""\000\000\000\n\001cEx]\211\377\330\317\351\2337\023\262\336W\254\222\315\335\317oP\221\031g\037\220\357Ft\030n\306\370\n\354\226\365\346\000\000\000\000\000\000\000\000\000\000\000\000\000\000\000\000\000\000\000\000\000\000\000\000\000\000\000\000\000\000\000\000!\263[x\245\t\221c\221\020\227#\020\267\312L\'\261]\221\317PDI\326\3068dV7\004/\352\224\021/\352\224\032\n\000""; }; nodes {;   nodedata: ""h\315\350\215y\203\242]\371\235\232Pt&\325\210eZ\346\237XZ \277\2457n\221\336\253\245\317\002\304\206+8\t]\351\316\373|\311\263V\300\023\035\211\237\260\300\r\033u3a1\203\303\365\307k\347\006E\344\037@\210\363\010\336T\226\247'\204_{\261\370""1\235\2445\343\033Y!\212\201\341\272\225'\007*$\244&\336\343'\233i\332\374\245 {^\306-N\333\gE\006\347\212\331C\211Z\177\247\031\n<%V\3512\022\257K4-\030\212\246\013\255\260y\354\034\035sR\340\000#.\322r\367Z_I\013\202_n)6q\357\2538_-\302\252B\204v\277\254\373\3322Ca\020\243\0105\263\257\367\032\254\016\003""; }; "
1750587295762,1750587295807,1021,1,4,2,TMStatusChange,"newEvent: neCLOSING_LEDGER; ledgerSeq: 10; ledgerHash: ""\276\322i\233\014\037\027Z\351\022\216@=S\205\334\033\374\234n\r\270\210]\013\203\356\024\366\354\260\007""; ledgerHashPrevious: ""\317\351\2337\023\262\336W\254\222\315\335\317oP\221\031g\037\220\357Ft\030n\306\370\n\354\226\365\346""; networkTime: 803902495; firstSeq: 1; lastSeq: 8; ","newEvent: neCLOSING_LEDGER; ledgerSeq: 10; ledgerHash: ""\276\322i\233\014\037\027Z\351\022\216@=S\205\334\033\374\234n\r\270\210]\013\203\356\024\366\354\260\007""; ledgerHashPrevious: ""\317\351\2337\023\262\336W\254\222\315\335\317oP\221\031g\037\220\357Ft\030n\306\370\n\354\226\365\346""; networkTime: 803902495; firstSeq: 1; lastSeq: 8; "
1750587295763,1750587295807,0,1,4,1,TMStatusChange,"newEvent: neCLOSING_LEDGER; ledgerSeq: 10; ledgerHash: ""\276\322i\233\014\037\027Z\351\022\216@=S\205\334\033\374\234n\r\270\210]\013\203\356\024\366\354\260\007""; ledgerHashPrevious: ""\317\351\2337\023\262\336W\254\222\315\335\317oP\221\031g\037\220\357Ft\030n\306\370\n\354\226\365\346""; networkTime: 803902495; firstSeq: 1; lastSeq: 8; ","newEvent: neCLOSING_LEDGER; ledgerSeq: 10; ledgerHash: ""\276\322i\233\014\037\027Z\351\022\216@=S\205\334\033\374\234n\r\270\210]\013\203\356\024\366\354\260\007""; ledgerHashPrevious: ""\317\351\2337\023\262\336W\254\222\315\335\317oP\221\031g\037\220\357Ft\030n\306\370\n\354\226\365\346""; networkTime: 803902495; firstSeq: 1; lastSeq: 8; "
1750587295764,1750587295807,0,1,4,3,TMStatusChange,"newEvent: neCLOSING_LEDGER; ledgerSeq: 10; ledgerHash: ""\276\322i\233\014\037\027Z\351\022\216@=S\205\334\033\374\234n\r\270\210]\013\203\356\024\366\354\260\007""; ledgerHashPrevious: ""\317\351\2337\023\262\336W\254\222\315\335\317oP\221\031g\037\220\357Ft\030n\306\370\n\354\226\365\346""; networkTime: 803902495; firstSeq: 1; lastSeq: 8; ","newEvent: neCLOSING_LEDGER; ledgerSeq: 10; ledgerHash: ""\276\322i\233\014\037\027Z\351\022\216@=S\205\334\033\374\234n\r\270\210]\013\203\356\024\366\354\260\007""; ledgerHashPrevious: ""\317\351\2337\023\262\336W\254\222\315\335\317oP\221\031g\037\220\357Ft\030n\306\370\n\354\226\365\346""; networkTime: 803902495; firstSeq: 1; lastSeq: 8; "
1750587295765,1750587295807,0,1,4,0,TMStatusChange,"newEvent: neCLOSING_LEDGER; ledgerSeq: 10; ledgerHash: ""\276\322i\233\014\037\027Z\351\022\216@=S\205\334\033\374\234n\r\270\210]\013\203\356\024\366\354\260\007""; ledgerHashPrevious: ""\317\351\2337\023\262\336W\254\222\315\335\317oP\221\031g\037\220\357Ft\030n\306\370\n\354\226\365\346""; networkTime: 803902495; firstSeq: 1; lastSeq: 8; ","newEvent: neCLOSING_LEDGER; ledgerSeq: 10; ledgerHash: ""\276\322i\233\014\037\027Z\351\022\216@=S\205\334\033\374\234n\r\270\210]\013\203\356\024\366\354\260\007""; ledgerHashPrevious: ""\317\351\2337\023\262\336W\254\222\315\335\317oP\221\031g\037\220\357Ft\030n\306\370\n\354\226\365\346""; networkTime: 803902495; firstSeq: 1; lastSeq: 8; "
1750587295817,1750587295817,0,1,1,0,TMValidation,"validation: """"\200\000\000\001&\000\000\000\n)/\352\224\037:I\203w\200\211\SGQ\276\322i\233\014\037\027Z\351\022\216@=S\205\334\033\374\234n\r\270\210]\013\203\356\024\366\354\260\007P\027\000\000\000\000\000\000\000\000\000\000\000\000\000\000\000\000\000\000\000\000\000\000\000\000\000\000\000\000\000\000\000\000P\031\317\351\2337\023\262\336W\254\222\315\335\317oP\221\031g\037\220\357Ft\030n\306\370\n\354\226\365\346s!\002\347\243J\206W\025ML\260\226\0163\217\250\337\325W\253\356*O\245Z\271\234\207C\274\375`\335\311vG0E\002!\000\274\243\261J\027\256\203\316\007p\337\004A\373Y\340d\233\324\022\223\3019kQ\357\023\025y\247\360\361\002 G\342n\346\\232\3631VT\314\234\036\345\331\377\027P\225T\211\251\335\356\270k1\362\014\237\231\022""; ","validation: """"\200\000\000\001&\000\000\000\n)/\352\224\037:I\203w\200\211\SGQ\276\322i\233\014\037\027Z\351\022\216@=S\205\334\033\374\234n\r\270\210]\013\203\356\024\366\354\260\007P\027\000\000\000\000\000\000\000\000\000\000\000\000\000\000\000\000\000\000\000\000\000\000\000\000\000\000\000\000\000\000\000\000P\031\317\351\2337\023\262\336W\254\222\315\335\317oP\221\031g\037\220\357Ft\030n\306\370\n\354\226\365\346s!\002\347\243J\206W\025ML\260\226\0163\217\250\337\325W\253\356*O\245Z\271\234\207C\274\375`\335\311vG0E\002!\000\274\243\261J\027\256\203\316\007p\337\004A\373Y\340d\233\324\022\223\3019kQ\357\023\025y\247\360\361\002 G\342n\346\\232\3631VT\314\234\036\345\331\377\027P\225T\211\251\335\356\270k1\362\014\237\231\022""; "
1750587296014,1750587296014,0,1,0,2,TMProposeSet,"proposeSeq: 0; currentTxHash: ""\000\000\000\000\000\000\000\000\000\000\000\000\000\000\000\000\000\000\000\000\000\000\000\000\000\000\000\000\000\000\000\000""; nodePubKey: ""\002\347\243J\206W\025ML\260\226\0163\217\250\337\325W\253\356*O\245Z\271\234\207C\274\375`\335\311""; closeTime: 803902495; signature: ""0D\002 ~\036v\026\241{oK\275s\245I#(\344\223G\317\227\304\334\257D\274_x\352V\n3eQ\002 _\026\335y\233\2702\013\360\223\264\362i\036\354\374Q$\n\266_\232B\353\355q\t\004}\013 h""; previousledger: ""\276\322i\233\014\037\027Z\351\022\216@=S\205\334\033\374\234n\r\270\210]\013\203\356\024\366\354\260\007""; ","proposeSeq: 0; currentTxHash: ""\000\000\000\000\000\000\000\000\000\000\000\000\000\000\000\000\000\000\000\000\000\000\000\000\000\000\000\000\000\000\000\000""; nodePubKey: ""\002\347\243J\206W\025ML\260\226\0163\217\250\337\325W\253\356*O\245Z\271\234\207C\274\375`\335\311""; closeTime: 803902495; signature: ""0D\002 ~\036v\026\241{oK\275s\245I#(\344\223G\317\227\304\334\257D\274_x\352V\n3eQ\002 _\026\335y\233\2702\013\360\223\264\362i\036\354\374Q$\n\266_\232B\353\355q\t\004}\013 h""; previousledger: ""\276\322i\233\014\037\027Z\351\022\216@=S\205\334\033\374\234n\r\270\210]\013\203\356\024\366\354\260\007""; "
1750587296014,1750587296014,0,1,0,3,TMProposeSet,"proposeSeq: 0; currentTxHash: ""\000\000\000\000\000\000\000\000\000\000\000\000\000\000\000\000\000\000\000\000\000\000\000\000\000\000\000\000\000\000\000\000""; nodePubKey: ""\002\347\243J\206W\025ML\260\226\0163\217\250\337\325W\253\356*O\245Z\271\234\207C\274\375`\335\311""; closeTime: 803902495; signature: ""0D\002 ~\036v\026\241{oK\275s\245I#(\344\223G\317\227\304\334\257D\274_x\352V\n3eQ\002 _\026\335y\233\2702\013\360\223\264\362i\036\354\374Q$\n\266_\232B\353\355q\t\004}\013 h""; previousledger: ""\276\322i\233\014\037\027Z\351\022\216@=S\205\334\033\374\234n\r\270\210]\013\203\356\024\366\354\260\007""; ","proposeSeq: 0; currentTxHash: ""\000\000\000\000\000\000\000\000\000\000\000\000\000\000\000\000\000\000\000\000\000\000\000\000\000\000\000\000\000\000\000\000""; nodePubKey: ""\002\347\243J\206W\025ML\260\226\0163\217\250\337\325W\253\356*O\245Z\271\234\207C\274\375`\335\311""; closeTime: 803902495; signature: ""0D\002 ~\036v\026\241{oK\275s\245I#(\344\223G\317\227\304\334\257D\274_x\352V\n3eQ\002 _\026\335y\233\2702\013\360\223\264\362i\036\354\374Q$\n\266_\232B\353\355q\t\004}\013 h""; previousledger: ""\276\322i\233\014\037\027Z\351\022\216@=S\205\334\033\374\234n\r\270\210]\013\203\356\024\366\354\260\007""; "
1750587296016,1750587296017,0,1,2,4,TMProposeSet,"proposeSeq: 0; currentTxHash: ""\000\000\000\000\000\000\000\000\000\000\000\000\000\000\000\000\000\000\000\000\000\000\000\000\000\000\000\000\000\000\000\000""; nodePubKey: ""\002\347\243J\206W\025ML\260\226\0163\217\250\337\325W\253\356*O\245Z\271\234\207C\274\375`\335\311""; closeTime: 803902495; signature: ""0D\002 ~\036v\026\241{oK\275s\245I#(\344\223G\317\227\304\334\257D\274_x\352V\n3eQ\002 _\026\335y\233\2702\013\360\223\264\362i\036\354\374Q$\n\266_\232B\353\355q\t\004}\013 h""; previousledger: ""\276\322i\233\014\037\027Z\351\022\216@=S\205\334\033\374\234n\r\270\210]\013\203\356\024\366\354\260\007""; ","proposeSeq: 0; currentTxHash: ""\000\000\000\000\000\000\000\000\000\000\000\000\000\000\000\000\000\000\000\000\000\000\000\000\000\000\000\000\000\000\000\000""; nodePubKey: ""\002\347\243J\206W\025ML\260\226\0163\217\250\337\325W\253\356*O\245Z\271\234\207C\274\375`\335\311""; closeTime: 803902495; signature: ""0D\002 ~\036v\026\241{oK\275s\245I#(\344\223G\317\227\304\334\257D\274_x\352V\n3eQ\002 _\026\335y\233\2702\013\360\223\264\362i\036\354\374Q$\n\266_\232B\353\355q\t\004}\013 h""; previousledger: ""\276\322i\233\014\037\027Z\351\022\216@=S\205\334\033\374\234n\r\270\210]\013\203\356\024\366\354\260\007""; "
1750587296017,1750587296017,0,1,2,1,TMProposeSet,"proposeSeq: 0; currentTxHash: ""\000\000\000\000\000\000\000\000\000\000\000\000\000\000\000\000\000\000\000\000\000\000\000\000\000\000\000\000\000\000\000\000""; nodePubKey: ""\002\347\243J\206W\025ML\260\226\0163\217\250\337\325W\253\356*O\245Z\271\234\207C\274\375`\335\311""; closeTime: 803902495; signature: ""0D\002 ~\036v\026\241{oK\275s\245I#(\344\223G\317\227\304\334\257D\274_x\352V\n3eQ\002 _\026\335y\233\2702\013\360\223\264\362i\036\354\374Q$\n\266_\232B\353\355q\t\004}\013 h""; previousledger: ""\276\322i\233\014\037\027Z\351\022\216@=S\205\334\033\374\234n\r\270\210]\013\203\356\024\366\354\260\007""; ","proposeSeq: 0; currentTxHash: ""\000\000\000\000\000\000\000\000\000\000\000\000\000\000\000\000\000\000\000\000\000\000\000\000\000\000\000\000\000\000\000\000""; nodePubKey: ""\002\347\243J\206W\025ML\260\226\0163\217\250\337\325W\253\356*O\245Z\271\234\207C\274\375`\335\311""; closeTime: 803902495; signature: ""0D\002 ~\036v\026\241{oK\275s\245I#(\344\223G\317\227\304\334\257D\274_x\352V\n3eQ\002 _\026\335y\233\2702\013\360\223\264\362i\036\354\374Q$\n\266_\232B\353\355q\t\004}\013 h""; previousledger: ""\276\322i\233\014\037\027Z\351\022\216@=S\205\334\033\374\234n\r\270\210]\013\203\356\024\366\354\260\007""; "
1750587296017,1750587296017,0,1,2,3,TMProposeSet,"proposeSeq: 0; currentTxHash: ""\000\000\000\000\000\000\000\000\000\000\000\000\000\000\000\000\000\000\000\000\000\000\000\000\000\000\000\000\000\000\000\000""; nodePubKey: ""\002\347\243J\206W\025ML\260\226\0163\217\250\337\325W\253\356*O\245Z\271\234\207C\274\375`\335\311""; closeTime: 803902495; signature: ""0D\002 ~\036v\026\241{oK\275s\245I#(\344\223G\317\227\304\334\257D\274_x\352V\n3eQ\002 _\026\335y\233\2702\013\360\223\264\362i\036\354\374Q$\n\266_\232B\353\355q\t\004}\013 h""; previousledger: ""\276\322i\233\014\037\027Z\351\022\216@=S\205\334\033\374\234n\r\270\210]\013\203\356\024\366\354\260\007""; ","proposeSeq: 0; currentTxHash: ""\000\000\000\000\000\000\000\000\000\000\000\000\000\000\000\000\000\000\000\000\000\000\000\000\000\000\000\000\000\000\000\000""; nodePubKey: ""\002\347\243J\206W\025ML\260\226\0163\217\250\337\325W\253\356*O\245Z\271\234\207C\274\375`\335\311""; closeTime: 803902495; signature: ""0D\002 ~\036v\026\241{oK\275s\245I#(\344\223G\317\227\304\334\257D\274_x\352V\n3eQ\002 _\026\335y\233\2702\013\360\223\264\362i\036\354\374Q$\n\266_\232B\353\355q\t\004}\013 h""; previousledger: ""\276\322i\233\014\037\027Z\351\022\216@=S\205\334\033\374\234n\r\270\210]\013\203\356\024\366\354\260\007""; "
1750587296017,1750587296017,0,1,3,4,TMProposeSet,"proposeSeq: 0; currentTxHash: ""\000\000\000\000\000\000\000\000\000\000\000\000\000\000\000\000\000\000\000\000\000\000\000\000\000\000\000\000\000\000\000\000""; nodePubKey: ""\002\347\243J\206W\025ML\260\226\0163\217\250\337\325W\253\356*O\245Z\271\234\207C\274\375`\335\311""; closeTime: 803902495; signature: ""0D\002 ~\036v\026\241{oK\275s\245I#(\344\223G\317\227\304\334\257D\274_x\352V\n3eQ\002 _\026\335y\233\2702\013\360\223\264\362i\036\354\374Q$\n\266_\232B\353\355q\t\004}\013 h""; previousledger: ""\276\322i\233\014\037\027Z\351\022\216@=S\205\334\033\374\234n\r\270\210]\013\203\356\024\366\354\260\007""; ","proposeSeq: 0; currentTxHash: ""\000\000\000\000\000\000\000\000\000\000\000\000\000\000\000\000\000\000\000\000\000\000\000\000\000\000\000\000\000\000\000\000""; nodePubKey: ""\002\347\243J\206W\025ML\260\226\0163\217\250\337\325W\253\356*O\245Z\271\234\207C\274\375`\335\311""; closeTime: 803902495; signature: ""0D\002 ~\036v\026\241{oK\275s\245I#(\344\223G\317\227\304\334\257D\274_x\352V\n3eQ\002 _\026\335y\233\2702\013\360\223\264\362i\036\354\374Q$\n\266_\232B\353\355q\t\004}\013 h""; previousledger: ""\276\322i\233\014\037\027Z\351\022\216@=S\205\334\033\374\234n\r\270\210]\013\203\356\024\366\354\260\007""; "
1750587296018,1750587296018,0,1,3,1,TMProposeSet,"proposeSeq: 0; currentTxHash: ""\000\000\000\000\000\000\000\000\000\000\000\000\000\000\000\000\000\000\000\000\000\000\000\000\000\000\000\000\000\000\000\000""; nodePubKey: ""\002\347\243J\206W\025ML\260\226\0163\217\250\337\325W\253\356*O\245Z\271\234\207C\274\375`\335\311""; closeTime: 803902495; signature: ""0D\002 ~\036v\026\241{oK\275s\245I#(\344\223G\317\227\304\334\257D\274_x\352V\n3eQ\002 _\026\335y\233\2702\013\360\223\264\362i\036\354\374Q$\n\266_\232B\353\355q\t\004}\013 h""; previousledger: ""\276\322i\233\014\037\027Z\351\022\216@=S\205\334\033\374\234n\r\270\210]\013\203\356\024\366\354\260\007""; ","proposeSeq: 0; currentTxHash: ""\000\000\000\000\000\000\000\000\000\000\000\000\000\000\000\000\000\000\000\000\000\000\000\000\000\000\000\000\000\000\000\000""; nodePubKey: ""\002\347\243J\206W\025ML\260\226\0163\217\250\337\325W\253\356*O\245Z\271\234\207C\274\375`\335\311""; closeTime: 803902495; signature: ""0D\002 ~\036v\026\241{oK\275s\245I#(\344\223G\317\227\304\334\257D\274_x\352V\n3eQ\002 _\026\335y\233\2702\013\360\223\264\362i\036\354\374Q$\n\266_\232B\353\355q\t\004}\013 h""; previousledger: ""\276\322i\233\014\037\027Z\351\022\216@=S\205\334\033\374\234n\r\270\210]\013\203\356\024\366\354\260\007""; "
1750587296018,1750587296018,0,1,3,2,TMProposeSet,"proposeSeq: 0; currentTxHash: ""\000\000\000\000\000\000\000\000\000\000\000\000\000\000\000\000\000\000\000\000\000\000\000\000\000\000\000\000\000\000\000\000""; nodePubKey: ""\002\347\243J\206W\025ML\260\226\0163\217\250\337\325W\253\356*O\245Z\271\234\207C\274\375`\335\311""; closeTime: 803902495; signature: ""0D\002 ~\036v\026\241{oK\275s\245I#(\344\223G\317\227\304\334\257D\274_x\352V\n3eQ\002 _\026\335y\233\2702\013\360\223\264\362i\036\354\374Q$\n\266_\232B\353\355q\t\004}\013 h""; previousledger: ""\276\322i\233\014\037\027Z\351\022\216@=S\205\334\033\374\234n\r\270\210]\013\203\356\024\366\354\260\007""; ","proposeSeq: 0; currentTxHash: ""\000\000\000\000\000\000\000\000\000\000\000\000\000\000\000\000\000\000\000\000\000\000\000\000\000\000\000\000\000\000\000\000""; nodePubKey: ""\002\347\243J\206W\025ML\260\226\0163\217\250\337\325W\253\356*O\245Z\271\234\207C\274\375`\335\311""; closeTime: 803902495; signature: ""0D\002 ~\036v\026\241{oK\275s\245I#(\344\223G\317\227\304\334\257D\274_x\352V\n3eQ\002 _\026\335y\233\2702\013\360\223\264\362i\036\354\374Q$\n\266_\232B\353\355q\t\004}\013 h""; previousledger: ""\276\322i\233\014\037\027Z\351\022\216@=S\205\334\033\374\234n\r\270\210]\013\203\356\024\366\354\260\007""; "
1750587296020,1750587296020,0,1,4,1,TMProposeSet,"proposeSeq: 0; currentTxHash: ""\000\000\000\000\000\000\000\000\000\000\000\000\000\000\000\000\000\000\000\000\000\000\000\000\000\000\000\000\000\000\000\000""; nodePubKey: ""\002\347\243J\206W\025ML\260\226\0163\217\250\337\325W\253\356*O\245Z\271\234\207C\274\375`\335\311""; closeTime: 803902495; signature: ""0D\002 ~\036v\026\241{oK\275s\245I#(\344\223G\317\227\304\334\257D\274_x\352V\n3eQ\002 _\026\335y\233\2702\013\360\223\264\362i\036\354\374Q$\n\266_\232B\353\355q\t\004}\013 h""; previousledger: ""\276\322i\233\014\037\027Z\351\022\216@=S\205\334\033\374\234n\r\270\210]\013\203\356\024\366\354\260\007""; ","proposeSeq: 0; currentTxHash: ""\000\000\000\000\000\000\000\000\000\000\000\000\000\000\000\000\000\000\000\000\000\000\000\000\000\000\000\000\000\000\000\000""; nodePubKey: ""\002\347\243J\206W\025ML\260\226\0163\217\250\337\325W\253\356*O\245Z\271\234\207C\274\375`\335\311""; closeTime: 803902495; signature: ""0D\002 ~\036v\026\241{oK\275s\245I#(\344\223G\317\227\304\334\257D\274_x\352V\n3eQ\002 _\026\335y\233\2702\013\360\223\264\362i\036\354\374Q$\n\266_\232B\353\355q\t\004}\013 h""; previousledger: ""\276\322i\233\014\037\027Z\351\022\216@=S\205\334\033\374\234n\r\270\210]\013\203\356\024\366\354\260\007""; "
1750587296020,1750587296020,0,1,4,3,TMProposeSet,"proposeSeq: 0; currentTxHash: ""\000\000\000\000\000\000\000\000\000\000\000\000\000\000\000\000\000\000\000\000\000\000\000\000\000\000\000\000\000\000\000\000""; nodePubKey: ""\002\347\243J\206W\025ML\260\226\0163\217\250\337\325W\253\356*O\245Z\271\234\207C\274\375`\335\311""; closeTime: 803902495; signature: ""0D\002 ~\036v\026\241{oK\275s\245I#(\344\223G\317\227\304\334\257D\274_x\352V\n3eQ\002 _\026\335y\233\2702\013\360\223\264\362i\036\354\374Q$\n\266_\232B\353\355q\t\004}\013 h""; previousledger: ""\276\322i\233\014\037\027Z\351\022\216@=S\205\334\033\374\234n\r\270\210]\013\203\356\024\366\354\260\007""; ","proposeSeq: 0; currentTxHash: ""\000\000\000\000\000\000\000\000\000\000\000\000\000\000\000\000\000\000\000\000\000\000\000\000\000\000\000\000\000\000\000\000""; nodePubKey: ""\002\347\243J\206W\025ML\260\226\0163\217\250\337\325W\253\356*O\245Z\271\234\207C\274\375`\335\311""; closeTime: 803902495; signature: ""0D\002 ~\036v\026\241{oK\275s\245I#(\344\223G\317\227\304\334\257D\274_x\352V\n3eQ\002 _\026\335y\233\2702\013\360\223\264\362i\036\354\374Q$\n\266_\232B\353\355q\t\004}\013 h""; previousledger: ""\276\322i\233\014\037\027Z\351\022\216@=S\205\334\033\374\234n\r\270\210]\013\203\356\024\366\354\260\007""; "
1750587296021,1750587296021,0,1,4,0,TMProposeSet,"proposeSeq: 0; currentTxHash: ""\000\000\000\000\000\000\000\000\000\000\000\000\000\000\000\000\000\000\000\000\000\000\000\000\000\000\000\000\000\000\000\000""; nodePubKey: ""\002\347\243J\206W\025ML\260\226\0163\217\250\337\325W\253\356*O\245Z\271\234\207C\274\375`\335\311""; closeTime: 803902495; signature: ""0D\002 ~\036v\026\241{oK\275s\245I#(\344\223G\317\227\304\334\257D\274_x\352V\n3eQ\002 _\026\335y\233\2702\013\360\223\264\362i\036\354\374Q$\n\266_\232B\353\355q\t\004}\013 h""; previousledger: ""\276\322i\233\014\037\027Z\351\022\216@=S\205\334\033\374\234n\r\270\210]\013\203\356\024\366\354\260\007""; ","proposeSeq: 0; currentTxHash: ""\000\000\000\000\000\000\000\000\000\000\000\000\000\000\000\000\000\000\000\000\000\000\000\000\000\000\000\000\000\000\000\000""; nodePubKey: ""\002\347\243J\206W\025ML\260\226\0163\217\250\337\325W\253\356*O\245Z\271\234\207C\274\375`\335\311""; closeTime: 803902495; signature: ""0D\002 ~\036v\026\241{oK\275s\245I#(\344\223G\317\227\304\334\257D\274_x\352V\n3eQ\002 _\026\335y\233\2702\013\360\223\264\362i\036\354\374Q$\n\266_\232B\353\355q\t\004}\013 h""; previousledger: ""\276\322i\233\014\037\027Z\351\022\216@=S\205\334\033\374\234n\r\270\210]\013\203\356\024\366\354\260\007""; "
1750587296022,1750587296022,0,1,1,0,TMProposeSet,"proposeSeq: 0; currentTxHash: ""\000\000\000\000\000\000\000\000\000\000\000\000\000\000\000\000\000\000\000\000\000\000\000\000\000\000\000\000\000\000\000\000""; nodePubKey: ""\002\347\243J\206W\025ML\260\226\0163\217\250\337\325W\253\356*O\245Z\271\234\207C\274\375`\335\311""; closeTime: 803902495; signature: ""0D\002 ~\036v\026\241{oK\275s\245I#(\344\223G\317\227\304\334\257D\274_x\352V\n3eQ\002 _\026\335y\233\2702\013\360\223\264\362i\036\354\374Q$\n\266_\232B\353\355q\t\004}\013 h""; previousledger: ""\276\322i\233\014\037\027Z\351\022\216@=S\205\334\033\374\234n\r\270\210]\013\203\356\024\366\354\260\007""; ","proposeSeq: 0; currentTxHash: ""\000\000\000\000\000\000\000\000\000\000\000\000\000\000\000\000\000\000\000\000\000\000\000\000\000\000\000\000\000\000\000\000""; nodePubKey: ""\002\347\243J\206W\025ML\260\226\0163\217\250\337\325W\253\356*O\245Z\271\234\207C\274\375`\335\311""; closeTime: 803902495; signature: ""0D\002 ~\036v\026\241{oK\275s\245I#(\344\223G\317\227\304\334\257D\274_x\352V\n3eQ\002 _\026\335y\233\2702\013\360\223\264\362i\036\354\374Q$\n\266_\232B\353\355q\t\004}\013 h""; previousledger: ""\276\322i\233\014\037\027Z\351\022\216@=S\205\334\033\374\234n\r\270\210]\013\203\356\024\366\354\260\007""; "
1750587296022,1750587296022,0,1,1,4,TMProposeSet,"proposeSeq: 0; currentTxHash: ""\000\000\000\000\000\000\000\000\000\000\000\000\000\000\000\000\000\000\000\000\000\000\000\000\000\000\000\000\000\000\000\000""; nodePubKey: ""\002\347\243J\206W\025ML\260\226\0163\217\250\337\325W\253\356*O\245Z\271\234\207C\274\375`\335\311""; closeTime: 803902495; signature: ""0D\002 ~\036v\026\241{oK\275s\245I#(\344\223G\317\227\304\334\257D\274_x\352V\n3eQ\002 _\026\335y\233\2702\013\360\223\264\362i\036\354\374Q$\n\266_\232B\353\355q\t\004}\013 h""; previousledger: ""\276\322i\233\014\037\027Z\351\022\216@=S\205\334\033\374\234n\r\270\210]\013\203\356\024\366\354\260\007""; ","proposeSeq: 0; currentTxHash: ""\000\000\000\000\000\000\000\000\000\000\000\000\000\000\000\000\000\000\000\000\000\000\000\000\000\000\000\000\000\000\000\000""; nodePubKey: ""\002\347\243J\206W\025ML\260\226\0163\217\250\337\325W\253\356*O\245Z\271\234\207C\274\375`\335\311""; closeTime: 803902495; signature: ""0D\002 ~\036v\026\241{oK\275s\245I#(\344\223G\317\227\304\334\257D\274_x\352V\n3eQ\002 _\026\335y\233\2702\013\360\223\264\362i\036\354\374Q$\n\266_\232B\353\355q\t\004}\013 h""; previousledger: ""\276\322i\233\014\037\027Z\351\022\216@=S\205\334\033\374\234n\r\270\210]\013\203\356\024\366\354\260\007""; "
1750587296022,1750587296023,0,1,1,3,TMProposeSet,"proposeSeq: 0; currentTxHash: ""\000\000\000\000\000\000\000\000\000\000\000\000\000\000\000\000\000\000\000\000\000\000\000\000\000\000\000\000\000\000\000\000""; nodePubKey: ""\002\347\243J\206W\025ML\260\226\0163\217\250\337\325W\253\356*O\245Z\271\234\207C\274\375`\335\311""; closeTime: 803902495; signature: ""0D\002 ~\036v\026\241{oK\275s\245I#(\344\223G\317\227\304\334\257D\274_x\352V\n3eQ\002 _\026\335y\233\2702\013\360\223\264\362i\036\354\374Q$\n\266_\232B\353\355q\t\004}\013 h""; previousledger: ""\276\322i\233\014\037\027Z\351\022\216@=S\205\334\033\374\234n\r\270\210]\013\203\356\024\366\354\260\007""; ","proposeSeq: 0; currentTxHash: ""\000\000\000\000\000\000\000\000\000\000\000\000\000\000\000\000\000\000\000\000\000\000\000\000\000\000\000\000\000\000\000\000""; nodePubKey: ""\002\347\243J\206W\025ML\260\226\0163\217\250\337\325W\253\356*O\245Z\271\234\207C\274\375`\335\311""; closeTime: 803902495; signature: ""0D\002 ~\036v\026\241{oK\275s\245I#(\344\223G\317\227\304\334\257D\274_x\352V\n3eQ\002 _\026\335y\233\2702\013\360\223\264\362i\036\354\374Q$\n\266_\232B\353\355q\t\004}\013 h""; previousledger: ""\276\322i\233\014\037\027Z\351\022\216@=S\205\334\033\374\234n\r\270\210]\013\203\356\024\366\354\260\007""; "
1750587296023,1750587296024,0,1,0,4,TMProposeSet,"proposeSeq: 0; currentTxHash: ""\000\000\000\000\000\000\000\000\000\000\000\000\000\000\000\000\000\000\000\000\000\000\000\000\000\000\000\000\000\000\000\000""; nodePubKey: ""\002\347\243J\206W\025ML\260\226\0163\217\250\337\325W\253\356*O\245Z\271\234\207C\274\375`\335\311""; closeTime: 803902495; signature: ""0D\002 ~\036v\026\241{oK\275s\245I#(\344\223G\317\227\304\334\257D\274_x\352V\n3eQ\002 _\026\335y\233\2702\013\360\223\264\362i\036\354\374Q$\n\266_\232B\353\355q\t\004}\013 h""; previousledger: ""\276\322i\233\014\037\027Z\351\022\216@=S\205\334\033\374\234n\r\270\210]\013\203\356\024\366\354\260\007""; ","proposeSeq: 0; currentTxHash: ""\000\000\000\000\000\000\000\000\000\000\000\000\000\000\000\000\000\000\000\000\000\000\000\000\000\000\000\000\000\000\000\000""; nodePubKey: ""\002\347\243J\206W\025ML\260\226\0163\217\250\337\325W\253\356*O\245Z\271\234\207C\274\375`\335\311""; closeTime: 803902495; signature: ""0D\002 ~\036v\026\241{oK\275s\245I#(\344\223G\317\227\304\334\257D\274_x\352V\n3eQ\002 _\026\335y\233\2702\013\360\223\264\362i\036\354\374Q$\n\266_\232B\353\355q\t\004}\013 h""; previousledger: ""\276\322i\233\014\037\027Z\351\022\216@=S\205\334\033\374\234n\r\270\210]\013\203\356\024\366\354\260\007""; "
1750587296024,1750587296024,0,1,0,1,TMProposeSet,"proposeSeq: 0; currentTxHash: ""\000\000\000\000\000\000\000\000\000\000\000\000\000\000\000\000\000\000\000\000\000\000\000\000\000\000\000\000\000\000\000\000""; nodePubKey: ""\002\347\243J\206W\025ML\260\226\0163\217\250\337\325W\253\356*O\245Z\271\234\207C\274\375`\335\311""; closeTime: 803902495; signature: ""0D\002 ~\036v\026\241{oK\275s\245I#(\344\223G\317\227\304\334\257D\274_x\352V\n3eQ\002 _\026\335y\233\2702\013\360\223\264\362i\036\354\374Q$\n\266_\232B\353\355q\t\004}\013 h""; previousledger: ""\276\322i\233\014\037\027Z\351\022\216@=S\205\334\033\374\234n\r\270\210]\013\203\356\024\366\354\260\007""; ","proposeSeq: 0; currentTxHash: ""\000\000\000\000\000\000\000\000\000\000\000\000\000\000\000\000\000\000\000\000\000\000\000\000\000\000\000\000\000\000\000\000""; nodePubKey: ""\002\347\243J\206W\025ML\260\226\0163\217\250\337\325W\253\356*O\245Z\271\234\207C\274\375`\335\311""; closeTime: 803902495; signature: ""0D\002 ~\036v\026\241{oK\275s\245I#(\344\223G\317\227\304\334\257D\274_x\352V\n3eQ\002 _\026\335y\233\2702\013\360\223\264\362i\036\354\374Q$\n\266_\232B\353\355q\t\004}\013 h""; previousledger: ""\276\322i\233\014\037\027Z\351\022\216@=S\205\334\033\374\234n\r\270\210]\013\203\356\024\366\354\260\007""; "
1750587296012,1750587296053,2252,1,0,4,TMStatusChange,"newEvent: neCLOSING_LEDGER; ledgerSeq: 10; ledgerHash: ""\276\322i\233\014\037\027Z\351\022\216@=S\205\334\033\374\234n\r\270\210]\013\203\356\024\366\354\260\007""; ledgerHashPrevious: ""\317\351\2337\023\262\336W\254\222\315\335\317oP\221\031g\037\220\357Ft\030n\306\370\n\354\226\365\346""; networkTime: 803902496; firstSeq: 9; lastSeq: 10; ","newEvent: neCLOSING_LEDGER; ledgerSeq: 10; ledgerHash: ""\276\322i\233\014\037\027Z\351\022\216@=S\205\334\033\374\234n\r\270\210]\013\203\356\024\366\354\260\007""; ledgerHashPrevious: ""\317\351\2337\023\262\336W\254\222\315\335\317oP\221\031g\037\220\357Ft\030n\306\370\n\354\226\365\346""; networkTime: 803902496; firstSeq: 9; lastSeq: 10; "
1750587296015,1750587296054,0,1,0,3,TMStatusChange,"newEvent: neCLOSING_LEDGER; ledgerSeq: 10; ledgerHash: ""\276\322i\233\014\037\027Z\351\022\216@=S\205\334\033\374\234n\r\270\210]\013\203\356\024\366\354\260\007""; ledgerHashPrevious: ""\317\351\2337\023\262\336W\254\222\315\335\317oP\221\031g\037\220\357Ft\030n\306\370\n\354\226\365\346""; networkTime: 803902496; firstSeq: 9; lastSeq: 10; ","newEvent: neCLOSING_LEDGER; ledgerSeq: 10; ledgerHash: ""\276\322i\233\014\037\027Z\351\022\216@=S\205\334\033\374\234n\r\270\210]\013\203\356\024\366\354\260\007""; ledgerHashPrevious: ""\317\351\2337\023\262\336W\254\222\315\335\317oP\221\031g\037\220\357Ft\030n\306\370\n\354\226\365\346""; networkTime: 803902496; firstSeq: 9; lastSeq: 10; "
1750587296013,1750587296054,0,1,0,1,TMStatusChange,"newEvent: neCLOSING_LEDGER; ledgerSeq: 10; ledgerHash: ""\276\322i\233\014\037\027Z\351\022\216@=S\205\334\033\374\234n\r\270\210]\013\203\356\024\366\354\260\007""; ledgerHashPrevious: ""\317\351\2337\023\262\336W\254\222\315\335\317oP\221\031g\037\220\357Ft\030n\306\370\n\354\226\365\346""; networkTime: 803902496; firstSeq: 9; lastSeq: 10; ","newEvent: neCLOSING_LEDGER; ledgerSeq: 10; ledgerHash: ""\276\322i\233\014\037\027Z\351\022\216@=S\205\334\033\374\234n\r\270\210]\013\203\356\024\366\354\260\007""; ledgerHashPrevious: ""\317\351\2337\023\262\336W\254\222\315\335\317oP\221\031g\037\220\357Ft\030n\306\370\n\354\226\365\346""; networkTime: 803902496; firstSeq: 9; lastSeq: 10; "
1750587296015,1750587296055,0,1,0,2,TMStatusChange,"newEvent: neCLOSING_LEDGER; ledgerSeq: 10; ledgerHash: ""\276\322i\233\014\037\027Z\351\022\216@=S\205\334\033\374\234n\r\270\210]\013\203\356\024\366\354\260\007""; ledgerHashPrevious: ""\317\351\2337\023\262\336W\254\222\315\335\317oP\221\031g\037\220\357Ft\030n\306\370\n\354\226\365\346""; networkTime: 803902496; firstSeq: 9; lastSeq: 10; ","newEvent: neCLOSING_LEDGER; ledgerSeq: 10; ledgerHash: ""\276\322i\233\014\037\027Z\351\022\216@=S\205\334\033\374\234n\r\270\210]\013\203\356\024\366\354\260\007""; ledgerHashPrevious: ""\317\351\2337\023\262\336W\254\222\315\335\317oP\221\031g\037\220\357Ft\030n\306\370\n\354\226\365\346""; networkTime: 803902496; firstSeq: 9; lastSeq: 10; "
1750587296261,1750587296262,0,1,3,1,TMLedgerData,"ledgerHash: ""\237\231\311\371Y@""\177>\241""\310\233r\315\210Z\003g\334\034\021\305\3353Q\035\224\200\224\347\257""; ledgerSeq: 8; type: liTX_NODE; nodes {;   nodedata: ""\274\022\000\000""\000\000\000\000$\000\000\000\006 \033\000\000\000\032a@\000\000\023S/~\000h@\000\000\000\000\000\000\ns!\003\364\346'\245\361\313f\307\325O*\031\010 \337\241\354\3450V\376\031#\323\000\245'Q`4d\376tF0D\002 ,\010\365p6\304C\242\365\005bf\023\023\2535\373c\246@\nC\214\257Kj\3519\353\257)r\002 [n\210\266}:;pPVw\327i\342,4\316\274A\315\001|\214\302?\r\222\354\240\0308\221\201\024B\006\222#\215\346\234\245/\205\327[/\206^\005y\253G\373\203\024E0\246\210\344\325\345r\024T\251\006P\255\352\333\372\351\337\302\301] \034\000\000\000\000\370\345\021\000a%\000\000\000\006U\222c\273c4\225\334\221\227u?\025\314=\305/\262\367\217\375\027j\323\304\372\312Fv\2716\001\355V`\201|\265N\251\301Y\240\225\206\033+\t\343\352\033+\325\025OC\253O\023\305&l\256\252\351\247\346$\000\000\000\006b@\000\000\027H\206*@\341\347""\000\000\000\000$\000\000\000\007-\000\000\000\000b@\000\000\003\365V\2546\201\024B\006\222#\215\346\234\245/\205\327[/\206^\005y\253G\373\341\341\345\021\000a%\000\000\000\006U\246C\232\272\013^\241\340~\030'\005/\234\037\355\231\230\017\266\365\303w\360\273\374\234\362S:\270\023V\250\327\275\254\201\236\370\336\205\322\273\305\241\026\265L\374\365\316\330\225\325\203\316\303\217\337V\341\265\274\252\346b@\000\000\027H\206*@\341\347""\000\000\000\000$\000\000\000\006-\000\000\000\000b@\000\000*\233\265\250@\201\024E0\246\210\344\325\345r\024T\251\006P\255\352\333\372\351\337\302\341\341\361\003\020\000\247\272\246\2214\014W1\360z\262\252=\343\207'\275\266;\016\021\306\330\030\225\023\357\272\353\200x\221\004"";   nodeid: ""\240\000\000\000\000\000\000\000\000\000\000\000\000\000\000\000\000\000\000\000\000\000\000\000\000\000\000\000\000\000\000\000\001""; }; ","ledgerHash: ""\237\231\311\371Y@""\177>\241""\310\233r\315\210Z\003g\334\034\021\305\3353Q\035\224\200\224\347\257""; ledgerSeq: 8; type: liTX_NODE; nodes {;   nodedata: ""\274\022\000\000""\000\000\000\000$\000\000\000\006 \033\000\000\000\032a@\000\000\023S/~\000h@\000\000\000\000\000\000\ns!\003\364\346'\245\361\313f\307\325O*\031\010 \337\241\354\3450V\376\031#\323\000\245'Q`4d\376tF0D\002 ,\010\365p6\304C\242\365\005bf\023\023\2535\373c\246@\nC\214\257Kj\3519\353\257)r\002 [n\210\266}:;pPVw\327i\342,4\316\274A\315\001|\214\302?\r\222\354\240\0308\221\201\024B\006\222#\215\346\234\245/\205\327[/\206^\005y\253G\373\203\024E0\246\210\344\325\345r\024T\251\006P\255\352\333\372\351\337\302\301] \034\000\000\000\000\370\345\021\000a%\000\000\000\006U\222c\273c4\225\334\221\227u?\025\314=\305/\262\367\217\375\027j\323\304\372\312Fv\2716\001\355V`\201|\265N\251\301Y\240\225\206\033+\t\343\352\033+\325\025OC\253O\023\305&l\256\252\351\247\346$\000\000\000\006b@\000\000\027H\206*@\341\347""\000\000\000\000$\000\000\000\007-\000\000\000\000b@\000\000\003\365V\2546\201\024B\006\222#\215\346\234\245/\205\327[/\206^\005y\253G\373\341\341\345\021\000a%\000\000\000\006U\246C\232\272\013^\241\340~\030'\005/\234\037\355\231\230\017\266\365\303w\360\273\374\234\362S:\270\023V\250\327\275\254\201\236\370\336\205\322\273\305\241\026\265L\374\365\316\330\225\325\203\316\303\217\337V\341\265\274\252\346b@\000\000\027H\206*@\341\347""\000\000\000\000$\000\000\000\006-\000\000\000\000b@\000\000*\233\265\250@\201\024E0\246\210\344\325\345r\024T\251\006P\255\352\333\372\351\337\302\341\341\361\003\020\000\247\272\246\2214\014W1\360z\262\252=\343\207'\275\266;\016\021\306\330\030\225\023\357\272\353\200x\221\004"";   nodeid: ""\240\000\000\000\000\000\000\000\000\000\000\000\000\000\000\000\000\000\000\000\000\000\000\000\000\000\000\000\000\000\000\000\001""; }; "
1750587296449,1750587296449,0,1,1,4,TMProposeSet,"proposeSeq: 1; currentTxHash: ""\000\000\000\000\000\000\000\000\000\000\000\000\000\000\000\000\000\000\000\000\000\000\000\000\000\000\000\000\000\000\000\000""; nodePubKey: ""\003\343\005\311u\203\370\0338\3174\324\010\006\301\251\177\261\304eOX\262)FA-\022r\263wm\024""; closeTime: 803902500; signature: ""0E\002!\000\250*\235\253`e\331g&\r\222\212\231\027\253g!X\021\034\324\370\037e\027)&\243\274\264\337\370\002 1\354\331\202*\312\037\026\306\\342\034\016\315@\221]v<91\262\224\225\342\214\3328KYU\225""; previousledger: ""\276\322i\233\014\037\027Z\351\022\216@=S\205\334\033\374\234n\r\270\210]\013\203\356\024\366\354\260\007""; ","proposeSeq: 1; currentTxHash: ""\000\000\000\000\000\000\000\000\000\000\000\000\000\000\000\000\000\000\000\000\000\000\000\000\000\000\000\000\000\000\000\000""; nodePubKey: ""\003\343\005\311u\203\370\0338\3174\324\010\006\301\251\177\261\304eOX\262)FA-\022r\263wm\024""; closeTime: 803902500; signature: ""0E\002!\000\250*\235\253`e\331g&\r\222\212\231\027\253g!X\021\034\324\370\037e\027)&\243\274\264\337\370\002 1\354\331\202*\312\037\026\306\\342\034\016\315@\221]v<91\262\224\225\342\214\3328KYU\225""; previousledger: ""\276\322i\233\014\037\027Z\351\022\216@=S\205\334\033\374\234n\r\270\210]\013\203\356\024\366\354\260\007""; "
1750587296450,1750587296450,0,1,1,3,TMProposeSet,"proposeSeq: 1; currentTxHash: ""\000\000\000\000\000\000\000\000\000\000\000\000\000\000\000\000\000\000\000\000\000\000\000\000\000\000\000\000\000\000\000\000""; nodePubKey: ""\003\343\005\311u\203\370\0338\3174\324\010\006\301\251\177\261\304eOX\262)FA-\022r\263wm\024""; closeTime: 803902500; signature: ""0E\002!\000\250*\235\253`e\331g&\r\222\212\231\027\253g!X\021\034\324\370\037e\027)&\243\274\264\337\370\002 1\354\331\202*\312\037\026\306\\342\034\016\315@\221]v<91\262\224\225\342\214\3328KYU\225""; previousledger: ""\276\322i\233\014\037\027Z\351\022\216@=S\205\334\033\374\234n\r\270\210]\013\203\356\024\366\354\260\007""; ","proposeSeq: 1; currentTxHash: ""\000\000\000\000\000\000\000\000\000\000\000\000\000\000\000\000\000\000\000\000\000\000\000\000\000\000\000\000\000\000\000\000""; nodePubKey: ""\003\343\005\311u\203\370\0338\3174\324\010\006\301\251\177\261\304eOX\262)FA-\022r\263wm\024""; closeTime: 803902500; signature: ""0E\002!\000\250*\235\253`e\331g&\r\222\212\231\027\253g!X\021\034\324\370\037e\027)&\243\274\264\337\370\002 1\354\331\202*\312\037\026\306\\342\034\016\315@\221]v<91\262\224\225\342\214\3328KYU\225""; previousledger: ""\276\322i\233\014\037\027Z\351\022\216@=S\205\334\033\374\234n\r\270\210]\013\203\356\024\366\354\260\007""; "
1750587296452,1750587296452,0,1,1,2,TMValidation,"validation: """"\200\000\000\001&\000\000\000\013)/\352\224 :?HT\314/\177\320^QL\324\236aQ\361\020X\372\353 3\347\310*\253\021gT!>\003\325\254,\003\367\204\031\331\255\240P\027\000\000\000\000\000\000\000\000\000\000\000\000\000\000\000\000\000\000\000\000\000\000\000\000\000\000\000\000\000\000\000\000P\031\276\322i\233\014\037\027Z\351\022\216@=S\205\334\033\374\234n\r\270\210]\013\203\356\024\366\354\260\007s!\003\343\005\311u\203\370\0338\3174\324\010\006\301\251\177\261\304eOX\262)FA-\022r\263wm\024vG0E\002!\000\231\tk""\231 \377\231$k\344)\3146n\356Xk\307\350\264\227\226\365\347\226v\375\364z""\212\002 \036\272qLt\037\020x\232)\230%\341\210\313\315}\222f\245\035\210\004\3165M\3546D\350\025\211""; ","validation: """"\200\000\000\001&\000\000\000\013)/\352\224 :?HT\314/\177\320^QL\324\236aQ\361\020X\372\353 3\347\310*\253\021gT!>\003\325\254,\003\367\204\031\331\255\240P\027\000\000\000\000\000\000\000\000\000\000\000\000\000\000\000\000\000\000\000\000\000\000\000\000\000\000\000\000\000\000\000\000P\031\276\322i\233\014\037\027Z\351\022\216@=S\205\334\033\374\234n\r\270\210]\013\203\356\024\366\354\260\007s!\003\343\005\311u\203\370\0338\3174\324\010\006\301\251\177\261\304eOX\262)FA-\022r\263wm\024vG0E\002!\000\231\tk""\231 \377\231$k\344)\3146n\356Xk\307\350\264\227\226\365\347\226v\375\364z""\212\002 \036\272qLt\037\020x\232)\230%\341\210\313\315}\222f\245\035\210\004\3165M\3546D\350\025\211""; "
1750587296451,1750587296451,0,1,1,0,TMProposeSet,"proposeSeq: 1; currentTxHash: ""\000\000\000\000\000\000\000\000\000\000\000\000\000\000\000\000\000\000\000\000\000\000\000\000\000\000\000\000\000\000\000\000""; nodePubKey: ""\003\343\005\311u\203\370\0338\3174\324\010\006\301\251\177\261\304eOX\262)FA-\022r\263wm\024""; closeTime: 803902500; signature: ""0E\002!\000\250*\235\253`e\331g&\r\222\212\231\027\253g!X\021\034\324\370\037e\027)&\243\274\264\337\370\002 1\354\331\202*\312\037\026\306\\342\034\016\315@\221]v<91\262\224\225\342\214\3328KYU\225""; previousledger: ""\276\322i\233\014\037\027Z\351\022\216@=S\205\334\033\374\234n\r\270\210]\013\203\356\024\366\354\260\007""; ","proposeSeq: 1; currentTxHash: ""\000\000\000\000\000\000\000\000\000\000\000\000\000\000\000\000\000\000\000\000\000\000\000\000\000\000\000\000\000\000\000\000""; nodePubKey: ""\003\343\005\311u\203\370\0338\3174\324\010\006\301\251\177\261\304eOX\262)FA-\022r\263wm\024""; closeTime: 803902500; signature: ""0E\002!\000\250*\235\253`e\331g&\r\222\212\231\027\253g!X\021\034\324\370\037e\027)&\243\274\264\337\370\002 1\354\331\202*\312\037\026\306\\342\034\016\315@\221]v<91\262\224\225\342\214\3328KYU\225""; previousledger: ""\276\322i\233\014\037\027Z\351\022\216@=S\205\334\033\374\234n\r\270\210]\013\203\356\024\366\354\260\007""; "
1750587296450,1750587296450,0,1,1,2,TMProposeSet,"proposeSeq: 1; currentTxHash: ""\000\000\000\000\000\000\000\000\000\000\000\000\000\000\000\000\000\000\000\000\000\000\000\000\000\000\000\000\000\000\000\000""; nodePubKey: ""\003\343\005\311u\203\370\0338\3174\324\010\006\301\251\177\261\304eOX\262)FA-\022r\263wm\024""; closeTime: 803902500; signature: ""0E\002!\000\250*\235\253`e\331g&\r\222\212\231\027\253g!X\021\034\324\370\037e\027)&\243\274\264\337\370\002 1\354\331\202*\312\037\026\306\\342\034\016\315@\221]v<91\262\224\225\342\214\3328KYU\225""; previousledger: ""\276\322i\233\014\037\027Z\351\022\216@=S\205\334\033\374\234n\r\270\210]\013\203\356\024\366\354\260\007""; ","proposeSeq: 1; currentTxHash: ""\000\000\000\000\000\000\000\000\000\000\000\000\000\000\000\000\000\000\000\000\000\000\000\000\000\000\000\000\000\000\000\000""; nodePubKey: ""\003\343\005\311u\203\370\0338\3174\324\010\006\301\251\177\261\304eOX\262)FA-\022r\263wm\024""; closeTime: 803902500; signature: ""0E\002!\000\250*\235\253`e\331g&\r\222\212\231\027\253g!X\021\034\324\370\037e\027)&\243\274\264\337\370\002 1\354\331\202*\312\037\026\306\\342\034\016\315@\221]v<91\262\224\225\342\214\3328KYU\225""; previousledger: ""\276\322i\233\014\037\027Z\351\022\216@=S\205\334\033\374\234n\r\270\210]\013\203\356\024\366\354\260\007""; "
1750587296453,1750587296453,0,1,4,3,TMProposeSet,"proposeSeq: 1; currentTxHash: ""\000\000\000\000\000\000\000\000\000\000\000\000\000\000\000\000\000\000\000\000\000\000\000\000\000\000\000\000\000\000\000\000""; nodePubKey: ""\003\343\005\311u\203\370\0338\3174\324\010\006\301\251\177\261\304eOX\262)FA-\022r\263wm\024""; closeTime: 803902500; signature: ""0E\002!\000\250*\235\253`e\331g&\r\222\212\231\027\253g!X\021\034\324\370\037e\027)&\243\274\264\337\370\002 1\354\331\202*\312\037\026\306\\342\034\016\315@\221]v<91\262\224\225\342\214\3328KYU\225""; previousledger: ""\276\322i\233\014\037\027Z\351\022\216@=S\205\334\033\374\234n\r\270\210]\013\203\356\024\366\354\260\007""; ","proposeSeq: 1; currentTxHash: ""\000\000\000\000\000\000\000\000\000\000\000\000\000\000\000\000\000\000\000\000\000\000\000\000\000\000\000\000\000\000\000\000""; nodePubKey: ""\003\343\005\311u\203\370\0338\3174\324\010\006\301\251\177\261\304eOX\262)FA-\022r\263wm\024""; closeTime: 803902500; signature: ""0E\002!\000\250*\235\253`e\331g&\r\222\212\231\027\253g!X\021\034\324\370\037e\027)&\243\274\264\337\370\002 1\354\331\202*\312\037\026\306\\342\034\016\315@\221]v<91\262\224\225\342\214\3328KYU\225""; previousledger: ""\276\322i\233\014\037\027Z\351\022\216@=S\205\334\033\374\234n\r\270\210]\013\203\356\024\366\354\260\007""; "
1750587296453,1750587296454,0,1,4,0,TMProposeSet,"proposeSeq: 1; currentTxHash: ""\000\000\000\000\000\000\000\000\000\000\000\000\000\000\000\000\000\000\000\000\000\000\000\000\000\000\000\000\000\000\000\000""; nodePubKey: ""\003\343\005\311u\203\370\0338\3174\324\010\006\301\251\177\261\304eOX\262)FA-\022r\263wm\024""; closeTime: 803902500; signature: ""0E\002!\000\250*\235\253`e\331g&\r\222\212\231\027\253g!X\021\034\324\370\037e\027)&\243\274\264\337\370\002 1\354\331\202*\312\037\026\306\\342\034\016\315@\221]v<91\262\224\225\342\214\3328KYU\225""; previousledger: ""\276\322i\233\014\037\027Z\351\022\216@=S\205\334\033\374\234n\r\270\210]\013\203\356\024\366\354\260\007""; ","proposeSeq: 1; currentTxHash: ""\000\000\000\000\000\000\000\000\000\000\000\000\000\000\000\000\000\000\000\000\000\000\000\000\000\000\000\000\000\000\000\000""; nodePubKey: ""\003\343\005\311u\203\370\0338\3174\324\010\006\301\251\177\261\304eOX\262)FA-\022r\263wm\024""; closeTime: 803902500; signature: ""0E\002!\000\250*\235\253`e\331g&\r\222\212\231\027\253g!X\021\034\324\370\037e\027)&\243\274\264\337\370\002 1\354\331\202*\312\037\026\306\\342\034\016\315@\221]v<91\262\224\225\342\214\3328KYU\225""; previousledger: ""\276\322i\233\014\037\027Z\351\022\216@=S\205\334\033\374\234n\r\270\210]\013\203\356\024\366\354\260\007""; "
1750587296454,1750587296454,0,1,1,2,TMStatusChange,"newEvent: neACCEPTED_LEDGER; ledgerSeq: 11; ledgerHash: ""L\324\236aQ\361\020X\372\353 3\347\310*\253\021gT!>\003\325\254,\003\367\204\031\331\255\240""; ledgerHashPrevious: ""\276\322i\233\014\037\027Z\351\022\216@=S\205\334\033\374\234n\r\270\210]\013\203\356\024\366\354\260\007""; networkTime: 803902496; firstSeq: 1; lastSeq: 10; ","newEvent: neACCEPTED_LEDGER; ledgerSeq: 11; ledgerHash: ""L\324\236aQ\361\020X\372\353 3\347\310*\253\021gT!>\003\325\254,\003\367\204\031\331\255\240""; ledgerHashPrevious: ""\276\322i\233\014\037\027Z\351\022\216@=S\205\334\033\374\234n\r\270\210]\013\203\356\024\366\354\260\007""; networkTime: 803902496; firstSeq: 1; lastSeq: 10; "
1750587296454,1750587296454,0,1,1,3,TMValidation,"validation: """"\200\000\000\001&\000\000\000\013)/\352\224 :?HT\314/\177\320^QL\324\236aQ\361\020X\372\353 3\347\310*\253\021gT!>\003\325\254,\003\367\204\031\331\255\240P\027\000\000\000\000\000\000\000\000\000\000\000\000\000\000\000\000\000\000\000\000\000\000\000\000\000\000\000\000\000\000\000\000P\031\276\322i\233\014\037\027Z\351\022\216@=S\205\334\033\374\234n\r\270\210]\013\203\356\024\366\354\260\007s!\003\343\005\311u\203\370\0338\3174\324\010\006\301\251\177\261\304eOX\262)FA-\022r\263wm\024vG0E\002!\000\231\tk""\231 \377\231$k\344)\3146n\356Xk\307\350\264\227\226\365\347\226v\375\364z""\212\002 \036\272qLt\037\020x\232)\230%\341\210\313\315}\222f\245\035\210\004\3165M\3546D\350\025\211""; ","validation: """"\200\000\000\001&\000\000\000\013)/\352\224 :?HT\314/\177\320^QL\324\236aQ\361\020X\372\353 3\347\310*\253\021gT!>\003\325\254,\003\367\204\031\331\255\240P\027\000\000\000\000\000\000\000\000\000\000\000\000\000\000\000\000\000\000\000\000\000\000\000\000\000\000\000\000\000\000\000\000P\031\276\322i\233\014\037\027Z\351\022\216@=S\205\334\033\374\234n\r\270\210]\013\203\356\024\366\354\260\007s!\003\343\005\311u\203\370\0338\3174\324\010\006\301\251\177\261\304eOX\262)FA-\022r\263wm\024vG0E\002!\000\231\tk""\231 \377\231$k\344)\3146n\356Xk\307\350\264\227\226\365\347\226v\375\364z""\212\002 \036\272qLt\037\020x\232)\230%\341\210\313\315}\222f\245\035\210\004\3165M\3546D\350\025\211""; "
1750587296455,1750587296455,0,1,4,2,TMProposeSet,"proposeSeq: 1; currentTxHash: ""\000\000\000\000\000\000\000\000\000\000\000\000\000\000\000\000\000\000\000\000\000\000\000\000\000\000\000\000\000\000\000\000""; nodePubKey: ""\003\343\005\311u\203\370\0338\3174\324\010\006\301\251\177\261\304eOX\262)FA-\022r\263wm\024""; closeTime: 803902500; signature: ""0E\002!\000\250*\235\253`e\331g&\r\222\212\231\027\253g!X\021\034\324\370\037e\027)&\243\274\264\337\370\002 1\354\331\202*\312\037\026\306\\342\034\016\315@\221]v<91\262\224\225\342\214\3328KYU\225""; previousledger: ""\276\322i\233\014\037\027Z\351\022\216@=S\205\334\033\374\234n\r\270\210]\013\203\356\024\366\354\260\007""; ","proposeSeq: 1; currentTxHash: ""\000\000\000\000\000\000\000\000\000\000\000\000\000\000\000\000\000\000\000\000\000\000\000\000\000\000\000\000\000\000\000\000""; nodePubKey: ""\003\343\005\311u\203\370\0338\3174\324\010\006\301\251\177\261\304eOX\262)FA-\022r\263wm\024""; closeTime: 803902500; signature: ""0E\002!\000\250*\235\253`e\331g&\r\222\212\231\027\253g!X\021\034\324\370\037e\027)&\243\274\264\337\370\002 1\354\331\202*\312\037\026\306\\342\034\016\315@\221]v<91\262\224\225\342\214\3328KYU\225""; previousledger: ""\276\322i\233\014\037\027Z\351\022\216@=S\205\334\033\374\234n\r\270\210]\013\203\356\024\366\354\260\007""; "
1750587296455,1750587296455,0,1,1,3,TMStatusChange,"newEvent: neACCEPTED_LEDGER; ledgerSeq: 11; ledgerHash: ""L\324\236aQ\361\020X\372\353 3\347\310*\253\021gT!>\003\325\254,\003\367\204\031\331\255\240""; ledgerHashPrevious: ""\276\322i\233\014\037\027Z\351\022\216@=S\205\334\033\374\234n\r\270\210]\013\203\356\024\366\354\260\007""; networkTime: 803902496; firstSeq: 1; lastSeq: 10; ","newEvent: neACCEPTED_LEDGER; ledgerSeq: 11; ledgerHash: ""L\324\236aQ\361\020X\372\353 3\347\310*\253\021gT!>\003\325\254,\003\367\204\031\331\255\240""; ledgerHashPrevious: ""\276\322i\233\014\037\027Z\351\022\216@=S\205\334\033\374\234n\r\270\210]\013\203\356\024\366\354\260\007""; networkTime: 803902496; firstSeq: 1; lastSeq: 10; "
1750587296456,1750587296456,0,1,3,0,TMProposeSet,"proposeSeq: 1; currentTxHash: ""\000\000\000\000\000\000\000\000\000\000\000\000\000\000\000\000\000\000\000\000\000\000\000\000\000\000\000\000\000\000\000\000""; nodePubKey: ""\003\343\005\311u\203\370\0338\3174\324\010\006\301\251\177\261\304eOX\262)FA-\022r\263wm\024""; closeTime: 803902500; signature: ""0E\002!\000\250*\235\253`e\331g&\r\222\212\231\027\253g!X\021\034\324\370\037e\027)&\243\274\264\337\370\002 1\354\331\202*\312\037\026\306\\342\034\016\315@\221]v<91\262\224\225\342\214\3328KYU\225""; previousledger: ""\276\322i\233\014\037\027Z\351\022\216@=S\205\334\033\374\234n\r\270\210]\013\203\356\024\366\354\260\007""; ","proposeSeq: 1; currentTxHash: ""\000\000\000\000\000\000\000\000\000\000\000\000\000\000\000\000\000\000\000\000\000\000\000\000\000\000\000\000\000\000\000\000""; nodePubKey: ""\003\343\005\311u\203\370\0338\3174\324\010\006\301\251\177\261\304eOX\262)FA-\022r\263wm\024""; closeTime: 803902500; signature: ""0E\002!\000\250*\235\253`e\331g&\r\222\212\231\027\253g!X\021\034\324\370\037e\027)&\243\274\264\337\370\002 1\354\331\202*\312\037\026\306\\342\034\016\315@\221]v<91\262\224\225\342\214\3328KYU\225""; previousledger: ""\276\322i\233\014\037\027Z\351\022\216@=S\205\334\033\374\234n\r\270\210]\013\203\356\024\366\354\260\007""; "
1750587296457,1750587296457,0,1,3,4,TMProposeSet,"proposeSeq: 1; currentTxHash: ""\000\000\000\000\000\000\000\000\000\000\000\000\000\000\000\000\000\000\000\000\000\000\000\000\000\000\000\000\000\000\000\000""; nodePubKey: ""\003\343\005\311u\203\370\0338\3174\324\010\006\301\251\177\261\304eOX\262)FA-\022r\263wm\024""; closeTime: 803902500; signature: ""0E\002!\000\250*\235\253`e\331g&\r\222\212\231\027\253g!X\021\034\324\370\037e\027)&\243\274\264\337\370\002 1\354\331\202*\312\037\026\306\\342\034\016\315@\221]v<91\262\224\225\342\214\3328KYU\225""; previousledger: ""\276\322i\233\014\037\027Z\351\022\216@=S\205\334\033\374\234n\r\270\210]\013\203\356\024\366\354\260\007""; ","proposeSeq: 1; currentTxHash: ""\000\000\000\000\000\000\000\000\000\000\000\000\000\000\000\000\000\000\000\000\000\000\000\000\000\000\000\000\000\000\000\000""; nodePubKey: ""\003\343\005\311u\203\370\0338\3174\324\010\006\301\251\177\261\304eOX\262)FA-\022r\263wm\024""; closeTime: 803902500; signature: ""0E\002!\000\250*\235\253`e\331g&\r\222\212\231\027\253g!X\021\034\324\370\037e\027)&\243\274\264\337\370\002 1\354\331\202*\312\037\026\306\\342\034\016\315@\221]v<91\262\224\225\342\214\3328KYU\225""; previousledger: ""\276\322i\233\014\037\027Z\351\022\216@=S\205\334\033\374\234n\r\270\210]\013\203\356\024\366\354\260\007""; "
1750587296457,1750587296457,0,1,3,2,TMProposeSet,"proposeSeq: 1; currentTxHash: ""\000\000\000\000\000\000\000\000\000\000\000\000\000\000\000\000\000\000\000\000\000\000\000\000\000\000\000\000\000\000\000\000""; nodePubKey: ""\003\343\005\311u\203\370\0338\3174\324\010\006\301\251\177\261\304eOX\262)FA-\022r\263wm\024""; closeTime: 803902500; signature: ""0E\002!\000\250*\235\253`e\331g&\r\222\212\231\027\253g!X\021\034\324\370\037e\027)&\243\274\264\337\370\002 1\354\331\202*\312\037\026\306\\342\034\016\315@\221]v<91\262\224\225\342\214\3328KYU\225""; previousledger: ""\276\322i\233\014\037\027Z\351\022\216@=S\205\334\033\374\234n\r\270\210]\013\203\356\024\366\354\260\007""; ","proposeSeq: 1; currentTxHash: ""\000\000\000\000\000\000\000\000\000\000\000\000\000\000\000\000\000\000\000\000\000\000\000\000\000\000\000\000\000\000\000\000""; nodePubKey: ""\003\343\005\311u\203\370\0338\3174\324\010\006\301\251\177\261\304eOX\262)FA-\022r\263wm\024""; closeTime: 803902500; signature: ""0E\002!\000\250*\235\253`e\331g&\r\222\212\231\027\253g!X\021\034\324\370\037e\027)&\243\274\264\337\370\002 1\354\331\202*\312\037\026\306\\342\034\016\315@\221]v<91\262\224\225\342\214\3328KYU\225""; previousledger: ""\276\322i\233\014\037\027Z\351\022\216@=S\205\334\033\374\234n\r\270\210]\013\203\356\024\366\354\260\007""; "
1750587296458,1750587296458,0,1,2,3,TMValidation,"validation: """"\200\000\000\001&\000\000\000\013)/\352\224 :?HT\314/\177\320^QL\324\236aQ\361\020X\372\353 3\347\310*\253\021gT!>\003\325\254,\003\367\204\031\331\255\240P\027\000\000\000\000\000\000\000\000\000\000\000\000\000\000\000\000\000\000\000\000\000\000\000\000\000\000\000\000\000\000\000\000P\031\276\322i\233\014\037\027Z\351\022\216@=S\205\334\033\374\234n\r\270\210]\013\203\356\024\366\354\260\007s!\003\343\005\311u\203\370\0338\3174\324\010\006\301\251\177\261\304eOX\262)FA-\022r\263wm\024vG0E\002!\000\231\tk""\231 \377\231$k\344)\3146n\356Xk\307\350\264\227\226\365\347\226v\375\364z""\212\002 \036\272qLt\037\020x\232)\230%\341\210\313\315}\222f\245\035\210\004\3165M\3546D\350\025\211""; ","validation: """"\200\000\000\001&\000\000\000\013)/\352\224 :?HT\314/\177\320^QL\324\236aQ\361\020X\372\353 3\347\310*\253\021gT!>\003\325\254,\003\367\204\031\331\255\240P\027\000\000\000\000\000\000\000\000\000\000\000\000\000\000\000\000\000\000\000\000\000\000\000\000\000\000\000\000\000\000\000\000P\031\276\322i\233\014\037\027Z\351\022\216@=S\205\334\033\374\234n\r\270\210]\013\203\356\024\366\354\260\007s!\003\343\005\311u\203\370\0338\3174\324\010\006\301\251\177\261\304eOX\262)FA-\022r\263wm\024vG0E\002!\000\231\tk""\231 \377\231$k\344)\3146n\356Xk\307\350\264\227\226\365\347\226v\375\364z""\212\002 \036\272qLt\037\020x\232)\230%\341\210\313\315}\222f\245\035\210\004\3165M\3546D\350\025\211""; "
1750587296459,1750587296459,0,1,2,4,TMValidation,"validation: """"\200\000\000\001&\000\000\000\013)/\352\224 :?HT\314/\177\320^QL\324\236aQ\361\020X\372\353 3\347\310*\253\021gT!>\003\325\254,\003\367\204\031\331\255\240P\027\000\000\000\000\000\000\000\000\000\000\000\000\000\000\000\000\000\000\000\000\000\000\000\000\000\000\000\000\000\000\000\000P\031\276\322i\233\014\037\027Z\351\022\216@=S\205\334\033\374\234n\r\270\210]\013\203\356\024\366\354\260\007s!\003\343\005\311u\203\370\0338\3174\324\010\006\301\251\177\261\304eOX\262)FA-\022r\263wm\024vG0E\002!\000\231\tk""\231 \377\231$k\344)\3146n\356Xk\307\350\264\227\226\365\347\226v\375\364z""\212\002 \036\272qLt\037\020x\232)\230%\341\210\313\315}\222f\245\035\210\004\3165M\3546D\350\025\211""; ","validation: """"\200\000\000\001&\000\000\000\013)/\352\224 :?HT\314/\177\320^QL\324\236aQ\361\020X\372\353 3\347\310*\253\021gT!>\003\325\254,\003\367\204\031\331\255\240P\027\000\000\000\000\000\000\000\000\000\000\000\000\000\000\000\000\000\000\000\000\000\000\000\000\000\000\000\000\000\000\000\000P\031\276\322i\233\014\037\027Z\351\022\216@=S\205\334\033\374\234n\r\270\210]\013\203\356\024\366\354\260\007s!\003\343\005\311u\203\370\0338\3174\324\010\006\301\251\177\261\304eOX\262)FA-\022r\263wm\024vG0E\002!\000\231\tk""\231 \377\231$k\344)\3146n\356Xk\307\350\264\227\226\365\347\226v\375\364z""\212\002 \036\272qLt\037\020x\232)\230%\341\210\313\315}\222f\245\035\210\004\3165M\3546D\350\025\211""; "
1750587296460,1750587296460,0,1,2,1,TMGetLedger,"itype: liBASE; ledgerHash: ""L\324\236aQ\361\020X\372\353 3\347\310*\253\021gT!>\003\325\254,\003\367\204\031\331\255\240""; ","itype: liBASE; ledgerHash: ""L\324\236aQ\361\020X\372\353 3\347\310*\253\021gT!>\003\325\254,\003\367\204\031\331\255\240""; "
1750587296460,1750587296461,0,1,2,0,TMValidation,"validation: """"\200\000\000\001&\000\000\000\013)/\352\224 :?HT\314/\177\320^QL\324\236aQ\361\020X\372\353 3\347\310*\253\021gT!>\003\325\254,\003\367\204\031\331\255\240P\027\000\000\000\000\000\000\000\000\000\000\000\000\000\000\000\000\000\000\000\000\000\000\000\000\000\000\000\000\000\000\000\000P\031\276\322i\233\014\037\027Z\351\022\216@=S\205\334\033\374\234n\r\270\210]\013\203\356\024\366\354\260\007s!\003\343\005\311u\203\370\0338\3174\324\010\006\301\251\177\261\304eOX\262)FA-\022r\263wm\024vG0E\002!\000\231\tk""\231 \377\231$k\344)\3146n\356Xk\307\350\264\227\226\365\347\226v\375\364z""\212\002 \036\272qLt\037\020x\232)\230%\341\210\313\315}\222f\245\035\210\004\3165M\3546D\350\025\211""; ","validation: """"\200\000\000\001&\000\000\000\013)/\352\224 :?HT\314/\177\320^QL\324\236aQ\361\020X\372\353 3\347\310*\253\021gT!>\003\325\254,\003\367\204\031\331\255\240P\027\000\000\000\000\000\000\000\000\000\000\000\000\000\000\000\000\000\000\000\000\000\000\000\000\000\000\000\000\000\000\000\000P\031\276\322i\233\014\037\027Z\351\022\216@=S\205\334\033\374\234n\r\270\210]\013\203\356\024\366\354\260\007s!\003\343\005\311u\203\370\0338\3174\324\010\006\301\251\177\261\304eOX\262)FA-\022r\263wm\024vG0E\002!\000\231\tk""\231 \377\231$k\344)\3146n\356Xk\307\350\264\227\226\365\347\226v\375\364z""\212\002 \036\272qLt\037\020x\232)\230%\341\210\313\315}\222f\245\035\210\004\3165M\3546D\350\025\211""; "
1750587296461,1750587296461,0,1,2,0,TMGetLedger,"itype: liBASE; ledgerHash: ""L\324\236aQ\361\020X\372\353 3\347\310*\253\021gT!>\003\325\254,\003\367\204\031\331\255\240""; ","itype: liBASE; ledgerHash: ""L\324\236aQ\361\020X\372\353 3\347\310*\253\021gT!>\003\325\254,\003\367\204\031\331\255\240""; "
1750587296461,1750587296462,0,1,2,4,TMGetLedger,"itype: liBASE; ledgerHash: ""L\324\236aQ\361\020X\372\353 3\347\310*\253\021gT!>\003\325\254,\003\367\204\031\331\255\240""; ","itype: liBASE; ledgerHash: ""L\324\236aQ\361\020X\372\353 3\347\310*\253\021gT!>\003\325\254,\003\367\204\031\331\255\240""; "
1750587296462,1750587296462,0,1,2,1,TMGetLedger,"itype: liBASE; ledgerHash: ""L\324\236aQ\361\020X\372\353 3\347\310*\253\021gT!>\003\325\254,\003\367\204\031\331\255\240""; queryType: qtINDIRECT; ","itype: liBASE; ledgerHash: ""L\324\236aQ\361\020X\372\353 3\347\310*\253\021gT!>\003\325\254,\003\367\204\031\331\255\240""; queryType: qtINDIRECT; "
1750587296463,1750587296463,0,1,2,4,TMGetLedger,"itype: liBASE; ledgerHash: ""L\324\236aQ\361\020X\372\353 3\347\310*\253\021gT!>\003\325\254,\003\367\204\031\331\255\240""; queryType: qtINDIRECT; ","itype: liBASE; ledgerHash: ""L\324\236aQ\361\020X\372\353 3\347\310*\253\021gT!>\003\325\254,\003\367\204\031\331\255\240""; queryType: qtINDIRECT; "
1750587296463,1750587296463,0,1,2,0,TMGetLedger,"itype: liBASE; ledgerHash: ""L\324\236aQ\361\020X\372\353 3\347\310*\253\021gT!>\003\325\254,\003\367\204\031\331\255\240""; queryType: qtINDIRECT; ","itype: liBASE; ledgerHash: ""L\324\236aQ\361\020X\372\353 3\347\310*\253\021gT!>\003\325\254,\003\367\204\031\331\255\240""; queryType: qtINDIRECT; "
1750587296465,1750587296465,0,1,0,4,TMProposeSet,"proposeSeq: 1; currentTxHash: ""\000\000\000\000\000\000\000\000\000\000\000\000\000\000\000\000\000\000\000\000\000\000\000\000\000\000\000\000\000\000\000\000""; nodePubKey: ""\003\343\005\311u\203\370\0338\3174\324\010\006\301\251\177\261\304eOX\262)FA-\022r\263wm\024""; closeTime: 803902500; signature: ""0E\002!\000\250*\235\253`e\331g&\r\222\212\231\027\253g!X\021\034\324\370\037e\027)&\243\274\264\337\370\002 1\354\331\202*\312\037\026\306\\342\034\016\315@\221]v<91\262\224\225\342\214\3328KYU\225""; previousledger: ""\276\322i\233\014\037\027Z\351\022\216@=S\205\334\033\374\234n\r\270\210]\013\203\356\024\366\354\260\007""; ","proposeSeq: 1; currentTxHash: ""\000\000\000\000\000\000\000\000\000\000\000\000\000\000\000\000\000\000\000\000\000\000\000\000\000\000\000\000\000\000\000\000""; nodePubKey: ""\003\343\005\311u\203\370\0338\3174\324\010\006\301\251\177\261\304eOX\262)FA-\022r\263wm\024""; closeTime: 803902500; signature: ""0E\002!\000\250*\235\253`e\331g&\r\222\212\231\027\253g!X\021\034\324\370\037e\027)&\243\274\264\337\370\002 1\354\331\202*\312\037\026\306\\342\034\016\315@\221]v<91\262\224\225\342\214\3328KYU\225""; previousledger: ""\276\322i\233\014\037\027Z\351\022\216@=S\205\334\033\374\234n\r\270\210]\013\203\356\024\366\354\260\007""; "
1750587296465,1750587296465,0,1,0,2,TMProposeSet,"proposeSeq: 1; currentTxHash: ""\000\000\000\000\000\000\000\000\000\000\000\000\000\000\000\000\000\000\000\000\000\000\000\000\000\000\000\000\000\000\000\000""; nodePubKey: ""\003\343\005\311u\203\370\0338\3174\324\010\006\301\251\177\261\304eOX\262)FA-\022r\263wm\024""; closeTime: 803902500; signature: ""0E\002!\000\250*\235\253`e\331g&\r\222\212\231\027\253g!X\021\034\324\370\037e\027)&\243\274\264\337\370\002 1\354\331\202*\312\037\026\306\\342\034\016\315@\221]v<91\262\224\225\342\214\3328KYU\225""; previousledger: ""\276\322i\233\014\037\027Z\351\022\216@=S\205\334\033\374\234n\r\270\210]\013\203\356\024\366\354\260\007""; ","proposeSeq: 1; currentTxHash: ""\000\000\000\000\000\000\000\000\000\000\000\000\000\000\000\000\000\000\000\000\000\000\000\000\000\000\000\000\000\000\000\000""; nodePubKey: ""\003\343\005\311u\203\370\0338\3174\324\010\006\301\251\177\261\304eOX\262)FA-\022r\263wm\024""; closeTime: 803902500; signature: ""0E\002!\000\250*\235\253`e\331g&\r\222\212\231\027\253g!X\021\034\324\370\037e\027)&\243\274\264\337\370\002 1\354\331\202*\312\037\026\306\\342\034\016\315@\221]v<91\262\224\225\342\214\3328KYU\225""; previousledger: ""\276\322i\233\014\037\027Z\351\022\216@=S\205\334\033\374\234n\r\270\210]\013\203\356\024\366\354\260\007""; "
1750587296466,1750587296466,0,1,0,3,TMProposeSet,"proposeSeq: 1; currentTxHash: ""\000\000\000\000\000\000\000\000\000\000\000\000\000\000\000\000\000\000\000\000\000\000\000\000\000\000\000\000\000\000\000\000""; nodePubKey: ""\003\343\005\311u\203\370\0338\3174\324\010\006\301\251\177\261\304eOX\262)FA-\022r\263wm\024""; closeTime: 803902500; signature: ""0E\002!\000\250*\235\253`e\331g&\r\222\212\231\027\253g!X\021\034\324\370\037e\027)&\243\274\264\337\370\002 1\354\331\202*\312\037\026\306\\342\034\016\315@\221]v<91\262\224\225\342\214\3328KYU\225""; previousledger: ""\276\322i\233\014\037\027Z\351\022\216@=S\205\334\033\374\234n\r\270\210]\013\203\356\024\366\354\260\007""; ","proposeSeq: 1; currentTxHash: ""\000\000\000\000\000\000\000\000\000\000\000\000\000\000\000\000\000\000\000\000\000\000\000\000\000\000\000\000\000\000\000\000""; nodePubKey: ""\003\343\005\311u\203\370\0338\3174\324\010\006\301\251\177\261\304eOX\262)FA-\022r\263wm\024""; closeTime: 803902500; signature: ""0E\002!\000\250*\235\253`e\331g&\r\222\212\231\027\253g!X\021\034\324\370\037e\027)&\243\274\264\337\370\002 1\354\331\202*\312\037\026\306\\342\034\016\315@\221]v<91\262\224\225\342\214\3328KYU\225""; previousledger: ""\276\322i\233\014\037\027Z\351\022\216@=S\205\334\033\374\234n\r\270\210]\013\203\356\024\366\354\260\007""; "
1750587296467,1750587296467,0,1,2,4,TMProposeSet,"proposeSeq: 1; currentTxHash: ""\000\000\000\000\000\000\000\000\000\000\000\000\000\000\000\000\000\000\000\000\000\000\000\000\000\000\000\000\000\000\000\000""; nodePubKey: ""\003\343\005\311u\203\370\0338\3174\324\010\006\301\251\177\261\304eOX\262)FA-\022r\263wm\024""; closeTime: 803902500; signature: ""0E\002!\000\250*\235\253`e\331g&\r\222\212\231\027\253g!X\021\034\324\370\037e\027)&\243\274\264\337\370\002 1\354\331\202*\312\037\026\306\\342\034\016\315@\221]v<91\262\224\225\342\214\3328KYU\225""; previousledger: ""\276\322i\233\014\037\027Z\351\022\216@=S\205\334\033\374\234n\r\270\210]\013\203\356\024\366\354\260\007""; ","proposeSeq: 1; currentTxHash: ""\000\000\000\000\000\000\000\000\000\000\000\000\000\000\000\000\000\000\000\000\000\000\000\000\000\000\000\000\000\000\000\000""; nodePubKey: ""\003\343\005\311u\203\370\0338\3174\324\010\006\301\251\177\261\304eOX\262)FA-\022r\263wm\024""; closeTime: 803902500; signature: ""0E\002!\000\250*\235\253`e\331g&\r\222\212\231\027\253g!X\021\034\324\370\037e\027)&\243\274\264\337\370\002 1\354\331\202*\312\037\026\306\\342\034\016\315@\221]v<91\262\224\225\342\214\3328KYU\225""; previousledger: ""\276\322i\233\014\037\027Z\351\022\216@=S\205\334\033\374\234n\r\270\210]\013\203\356\024\366\354\260\007""; "
1750587296468,1750587296468,0,1,2,0,TMProposeSet,"proposeSeq: 1; currentTxHash: ""\000\000\000\000\000\000\000\000\000\000\000\000\000\000\000\000\000\000\000\000\000\000\000\000\000\000\000\000\000\000\000\000""; nodePubKey: ""\003\343\005\311u\203\370\0338\3174\324\010\006\301\251\177\261\304eOX\262)FA-\022r\263wm\024""; closeTime: 803902500; signature: ""0E\002!\000\250*\235\253`e\331g&\r\222\212\231\027\253g!X\021\034\324\370\037e\027)&\243\274\264\337\370\002 1\354\331\202*\312\037\026\306\\342\034\016\315@\221]v<91\262\224\225\342\214\3328KYU\225""; previousledger: ""\276\322i\233\014\037\027Z\351\022\216@=S\205\334\033\374\234n\r\270\210]\013\203\356\024\366\354\260\007""; ","proposeSeq: 1; currentTxHash: ""\000\000\000\000\000\000\000\000\000\000\000\000\000\000\000\000\000\000\000\000\000\000\000\000\000\000\000\000\000\000\000\000""; nodePubKey: ""\003\343\005\311u\203\370\0338\3174\324\010\006\301\251\177\261\304eOX\262)FA-\022r\263wm\024""; closeTime: 803902500; signature: ""0E\002!\000\250*\235\253`e\331g&\r\222\212\231\027\253g!X\021\034\324\370\037e\027)&\243\274\264\337\370\002 1\354\331\202*\312\037\026\306\\342\034\016\315@\221]v<91\262\224\225\342\214\3328KYU\225""; previousledger: ""\276\322i\233\014\037\027Z\351\022\216@=S\205\334\033\374\234n\r\270\210]\013\203\356\024\366\354\260\007""; "
1750587296468,1750587296469,0,1,3,4,TMValidation,"validation: """"\200\000\000\001&\000\000\000\013)/\352\224 :?HT\314/\177\320^QL\324\236aQ\361\020X\372\353 3\347\310*\253\021gT!>\003\325\254,\003\367\204\031\331\255\240P\027\000\000\000\000\000\000\000\000\000\000\000\000\000\000\000\000\000\000\000\000\000\000\000\000\000\000\000\000\000\000\000\000P\031\276\322i\233\014\037\027Z\351\022\216@=S\205\334\033\374\234n\r\270\210]\013\203\356\024\366\354\260\007s!\003\343\005\311u\203\370\0338\3174\324\010\006\301\251\177\261\304eOX\262)FA-\022r\263wm\024vG0E\002!\000\231\tk""\231 \377\231$k\344)\3146n\356Xk\307\350\264\227\226\365\347\226v\375\364z""\212\002 \036\272qLt\037\020x\232)\230%\341\210\313\315}\222f\245\035\210\004\3165M\3546D\350\025\211""; ","validation: """"\200\000\000\001&\000\000\000\013)/\352\224 :?HT\314/\177\320^QL\324\236aQ\361\020X\372\353 3\347\310*\253\021gT!>\003\325\254,\003\367\204\031\331\255\240P\027\000\000\000\000\000\000\000\000\000\000\000\000\000\000\000\000\000\000\000\000\000\000\000\000\000\000\000\000\000\000\000\000P\031\276\322i\233\014\037\027Z\351\022\216@=S\205\334\033\374\234n\r\270\210]\013\203\356\024\366\354\260\007s!\003\343\005\311u\203\370\0338\3174\324\010\006\301\251\177\261\304eOX\262)FA-\022r\263wm\024vG0E\002!\000\231\tk""\231 \377\231$k\344)\3146n\356Xk\307\350\264\227\226\365\347\226v\375\364z""\212\002 \036\272qLt\037\020x\232)\230%\341\210\313\315}\222f\245\035\210\004\3165M\3546D\350\025\211""; "
1750587296469,1750587296469,0,1,3,1,TMGetLedger,"itype: liBASE; ledgerHash: ""L\324\236aQ\361\020X\372\353 3\347\310*\253\021gT!>\003\325\254,\003\367\204\031\331\255\240""; queryType: qtINDIRECT; ","itype: liBASE; ledgerHash: ""L\324\236aQ\361\020X\372\353 3\347\310*\253\021gT!>\003\325\254,\003\367\204\031\331\255\240""; queryType: qtINDIRECT; "
1750587296470,1750587296470,0,1,3,1,TMGetLedger,"itype: liBASE; ledgerHash: ""L\324\236aQ\361\020X\372\353 3\347\310*\253\021gT!>\003\325\254,\003\367\204\031\331\255\240""; ","itype: liBASE; ledgerHash: ""L\324\236aQ\361\020X\372\353 3\347\310*\253\021gT!>\003\325\254,\003\367\204\031\331\255\240""; "
1750587296471,1750587296471,0,1,3,0,TMValidation,"validation: """"\200\000\000\001&\000\000\000\013)/\352\224 :?HT\314/\177\320^QL\324\236aQ\361\020X\372\353 3\347\310*\253\021gT!>\003\325\254,\003\367\204\031\331\255\240P\027\000\000\000\000\000\000\000\000\000\000\000\000\000\000\000\000\000\000\000\000\000\000\000\000\000\000\000\000\000\000\000\000P\031\276\322i\233\014\037\027Z\351\022\216@=S\205\334\033\374\234n\r\270\210]\013\203\356\024\366\354\260\007s!\003\343\005\311u\203\370\0338\3174\324\010\006\301\251\177\261\304eOX\262)FA-\022r\263wm\024vG0E\002!\000\231\tk""\231 \377\231$k\344)\3146n\356Xk\307\350\264\227\226\365\347\226v\375\364z""\212\002 \036\272qLt\037\020x\232)\230%\341\210\313\315}\222f\245\035\210\004\3165M\3546D\350\025\211""; ","validation: """"\200\000\000\001&\000\000\000\013)/\352\224 :?HT\314/\177\320^QL\324\236aQ\361\020X\372\353 3\347\310*\253\021gT!>\003\325\254,\003\367\204\031\331\255\240P\027\000\000\000\000\000\000\000\000\000\000\000\000\000\000\000\000\000\000\000\000\000\000\000\000\000\000\000\000\000\000\000\000P\031\276\322i\233\014\037\027Z\351\022\216@=S\205\334\033\374\234n\r\270\210]\013\203\356\024\366\354\260\007s!\003\343\005\311u\203\370\0338\3174\324\010\006\301\251\177\261\304eOX\262)FA-\022r\263wm\024vG0E\002!\000\231\tk""\231 \377\231$k\344)\3146n\356Xk\307\350\264\227\226\365\347\226v\375\364z""\212\002 \036\272qLt\037\020x\232)\230%\341\210\313\315}\222f\245\035\210\004\3165M\3546D\350\025\211""; "
1750587296471,1750587296471,0,1,3,0,TMGetLedger,"itype: liBASE; ledgerHash: ""L\324\236aQ\361\020X\372\353 3\347\310*\253\021gT!>\003\325\254,\003\367\204\031\331\255\240""; ","itype: liBASE; ledgerHash: ""L\324\236aQ\361\020X\372\353 3\347\310*\253\021gT!>\003\325\254,\003\367\204\031\331\255\240""; "
1750587296472,1750587296472,0,1,2,3,TMGetLedger,"itype: liBASE; ledgerHash: ""L\324\236aQ\361\020X\372\353 3\347\310*\253\021gT!>\003\325\254,\003\367\204\031\331\255\240""; ","itype: liBASE; ledgerHash: ""L\324\236aQ\361\020X\372\353 3\347\310*\253\021gT!>\003\325\254,\003\367\204\031\331\255\240""; "
1750587296473,1750587296473,0,1,3,0,TMGetLedger,"itype: liBASE; ledgerHash: ""L\324\236aQ\361\020X\372\353 3\347\310*\253\021gT!>\003\325\254,\003\367\204\031\331\255\240""; queryType: qtINDIRECT; ","itype: liBASE; ledgerHash: ""L\324\236aQ\361\020X\372\353 3\347\310*\253\021gT!>\003\325\254,\003\367\204\031\331\255\240""; queryType: qtINDIRECT; "
1750587296473,1750587296473,0,1,2,3,TMGetLedger,"itype: liBASE; ledgerHash: ""L\324\236aQ\361\020X\372\353 3\347\310*\253\021gT!>\003\325\254,\003\367\204\031\331\255\240""; queryType: qtINDIRECT; ","itype: liBASE; ledgerHash: ""L\324\236aQ\361\020X\372\353 3\347\310*\253\021gT!>\003\325\254,\003\367\204\031\331\255\240""; queryType: qtINDIRECT; "
1750587296474,1750587296475,0,1,3,2,TMValidation,"validation: """"\200\000\000\001&\000\000\000\013)/\352\224 :?HT\314/\177\320^QL\324\236aQ\361\020X\372\353 3\347\310*\253\021gT!>\003\325\254,\003\367\204\031\331\255\240P\027\000\000\000\000\000\000\000\000\000\000\000\000\000\000\000\000\000\000\000\000\000\000\000\000\000\000\000\000\000\000\000\000P\031\276\322i\233\014\037\027Z\351\022\216@=S\205\334\033\374\234n\r\270\210]\013\203\356\024\366\354\260\007s!\003\343\005\311u\203\370\0338\3174\324\010\006\301\251\177\261\304eOX\262)FA-\022r\263wm\024vG0E\002!\000\231\tk""\231 \377\231$k\344)\3146n\356Xk\307\350\264\227\226\365\347\226v\375\364z""\212\002 \036\272qLt\037\020x\232)\230%\341\210\313\315}\222f\245\035\210\004\3165M\3546D\350\025\211""; ","validation: """"\200\000\000\001&\000\000\000\013)/\352\224 :?HT\314/\177\320^QL\324\236aQ\361\020X\372\353 3\347\310*\253\021gT!>\003\325\254,\003\367\204\031\331\255\240P\027\000\000\000\000\000\000\000\000\000\000\000\000\000\000\000\000\000\000\000\000\000\000\000\000\000\000\000\000\000\000\000\000P\031\276\322i\233\014\037\027Z\351\022\216@=S\205\334\033\374\234n\r\270\210]\013\203\356\024\366\354\260\007s!\003\343\005\311u\203\370\0338\3174\324\010\006\301\251\177\261\304eOX\262)FA-\022r\263wm\024vG0E\002!\000\231\tk""\231 \377\231$k\344)\3146n\356Xk\307\350\264\227\226\365\347\226v\375\364z""\212\002 \036\272qLt\037\020x\232)\230%\341\210\313\315}\222f\245\035\210\004\3165M\3546D\350\025\211""; "
1750587296475,1750587296475,0,1,2,3,TMProposeSet,"proposeSeq: 1; currentTxHash: ""\000\000\000\000\000\000\000\000\000\000\000\000\000\000\000\000\000\000\000\000\000\000\000\000\000\000\000\000\000\000\000\000""; nodePubKey: ""\003\343\005\311u\203\370\0338\3174\324\010\006\301\251\177\261\304eOX\262)FA-\022r\263wm\024""; closeTime: 803902500; signature: ""0E\002!\000\250*\235\253`e\331g&\r\222\212\231\027\253g!X\021\034\324\370\037e\027)&\243\274\264\337\370\002 1\354\331\202*\312\037\026\306\\342\034\016\315@\221]v<91\262\224\225\342\214\3328KYU\225""; previousledger: ""\276\322i\233\014\037\027Z\351\022\216@=S\205\334\033\374\234n\r\270\210]\013\203\356\024\366\354\260\007""; ","proposeSeq: 1; currentTxHash: ""\000\000\000\000\000\000\000\000\000\000\000\000\000\000\000\000\000\000\000\000\000\000\000\000\000\000\000\000\000\000\000\000""; nodePubKey: ""\003\343\005\311u\203\370\0338\3174\324\010\006\301\251\177\261\304eOX\262)FA-\022r\263wm\024""; closeTime: 803902500; signature: ""0E\002!\000\250*\235\253`e\331g&\r\222\212\231\027\253g!X\021\034\324\370\037e\027)&\243\274\264\337\370\002 1\354\331\202*\312\037\026\306\\342\034\016\315@\221]v<91\262\224\225\342\214\3328KYU\225""; previousledger: ""\276\322i\233\014\037\027Z\351\022\216@=S\205\334\033\374\234n\r\270\210]\013\203\356\024\366\354\260\007""; "
1750587296475,1750587296475,0,1,3,2,TMGetLedger,"itype: liBASE; ledgerHash: ""L\324\236aQ\361\020X\372\353 3\347\310*\253\021gT!>\003\325\254,\003\367\204\031\331\255\240""; ","itype: liBASE; ledgerHash: ""L\324\236aQ\361\020X\372\353 3\347\310*\253\021gT!>\003\325\254,\003\367\204\031\331\255\240""; "
1750587296476,1750587296476,0,1,3,2,TMGetLedger,"itype: liBASE; ledgerHash: ""L\324\236aQ\361\020X\372\353 3\347\310*\253\021gT!>\003\325\254,\003\367\204\031\331\255\240""; queryType: qtINDIRECT; ","itype: liBASE; ledgerHash: ""L\324\236aQ\361\020X\372\353 3\347\310*\253\021gT!>\003\325\254,\003\367\204\031\331\255\240""; queryType: qtINDIRECT; "
1750587296477,1750587296477,0,1,4,1,TMValidation,"validation: """"\200\000\000\001&\000\000\000\013)/\352\224 :?HT\314/\177\320^QL\324\236aQ\361\020X\372\353 3\347\310*\253\021gT!>\003\325\254,\003\367\204\031\331\255\240P\027\000\000\000\000\000\000\000\000\000\000\000\000\000\000\000\000\000\000\000\000\000\000\000\000\000\000\000\000\000\000\000\000P\031\276\322i\233\014\037\027Z\351\022\216@=S\205\334\033\374\234n\r\270\210]\013\203\356\024\366\354\260\007s!\003\343\005\311u\203\370\0338\3174\324\010\006\301\251\177\261\304eOX\262)FA-\022r\263wm\024vG0E\002!\000\231\tk""\231 \377\231$k\344)\3146n\356Xk\307\350\264\227\226\365\347\226v\375\364z""\212\002 \036\272qLt\037\020x\232)\230%\341\210\313\315}\222f\245\035\210\004\3165M\3546D\350\025\211""; ","validation: """"\200\000\000\001&\000\000\000\013)/\352\224 :?HT\314/\177\320^QL\324\236aQ\361\020X\372\353 3\347\310*\253\021gT!>\003\325\254,\003\367\204\031\331\255\240P\027\000\000\000\000\000\000\000\000\000\000\000\000\000\000\000\000\000\000\000\000\000\000\000\000\000\000\000\000\000\000\000\000P\031\276\322i\233\014\037\027Z\351\022\216@=S\205\334\033\374\234n\r\270\210]\013\203\356\024\366\354\260\007s!\003\343\005\311u\203\370\0338\3174\324\010\006\301\251\177\261\304eOX\262)FA-\022r\263wm\024vG0E\002!\000\231\tk""\231 \377\231$k\344)\3146n\356Xk\307\350\264\227\226\365\347\226v\375\364z""\212\002 \036\272qLt\037\020x\232)\230%\341\210\313\315}\222f\245\035\210\004\3165M\3546D\350\025\211""; "
1750587296477,1750587296477,0,1,4,3,TMValidation,"validation: """"\200\000\000\001&\000\000\000\013)/\352\224 :?HT\314/\177\320^QL\324\236aQ\361\020X\372\353 3\347\310*\253\021gT!>\003\325\254,\003\367\204\031\331\255\240P\027\000\000\000\000\000\000\000\000\000\000\000\000\000\000\000\000\000\000\000\000\000\000\000\000\000\000\000\000\000\000\000\000P\031\276\322i\233\014\037\027Z\351\022\216@=S\205\334\033\374\234n\r\270\210]\013\203\356\024\366\354\260\007s!\003\343\005\311u\203\370\0338\3174\324\010\006\301\251\177\261\304eOX\262)FA-\022r\263wm\024vG0E\002!\000\231\tk""\231 \377\231$k\344)\3146n\356Xk\307\350\264\227\226\365\347\226v\375\364z""\212\002 \036\272qLt\037\020x\232)\230%\341\210\313\315}\222f\245\035\210\004\3165M\3546D\350\025\211""; ","validation: """"\200\000\000\001&\000\000\000\013)/\352\224 :?HT\314/\177\320^QL\324\236aQ\361\020X\372\353 3\347\310*\253\021gT!>\003\325\254,\003\367\204\031\331\255\240P\027\000\000\000\000\000\000\000\000\000\000\000\000\000\000\000\000\000\000\000\000\000\000\000\000\000\000\000\000\000\000\000\000P\031\276\322i\233\014\037\027Z\351\022\216@=S\205\334\033\374\234n\r\270\210]\013\203\356\024\366\354\260\007s!\003\343\005\311u\203\370\0338\3174\324\010\006\301\251\177\261\304eOX\262)FA-\022r\263wm\024vG0E\002!\000\231\tk""\231 \377\231$k\344)\3146n\356Xk\307\350\264\227\226\365\347\226v\375\364z""\212\002 \036\272qLt\037\020x\232)\230%\341\210\313\315}\222f\245\035\210\004\3165M\3546D\350\025\211""; "
1750587296478,1750587296478,0,1,4,2,TMGetLedger,"itype: liBASE; ledgerHash: ""L\324\236aQ\361\020X\372\353 3\347\310*\253\021gT!>\003\325\254,\003\367\204\031\331\255\240""; ","itype: liBASE; ledgerHash: ""L\324\236aQ\361\020X\372\353 3\347\310*\253\021gT!>\003\325\254,\003\367\204\031\331\255\240""; "
1750587296479,1750587296479,0,1,1,2,TMLedgerData,"ledgerHash: ""L\324\236aQ\361\020X\372\353 3\347\310*\253\021gT!>\003\325\254,\003\367\204\031\331\255\240""; ledgerSeq: 11; type: liBASE; nodes {;   nodedata: ""\000\000\000\013\001cEx]\211\377\330\276\322i\233\014\037\027Z\351\022\216@=S\205\334\033\374\234n\r\270\210]\013\203\356\024\366\354\260\007\000\000\000\000\000\000\000\000\000\000\000\000\000\000\000\000\000\000\000\000\000\000\000\000\000\000\000\000\000\000\000\000\240\025\355\310\022\266\235\233\370\314\304j\353\236\2226\000X\301\340@\337S\231\216\014J\216\013\244\024\350/\352\224\032/\352\224$\n\000""; }; nodes {;   nodedata: ""h\315\350\215y\203\242]\371\235\232Pt&\325\210eZ\346\237XZ \277\2457n\221\336\253\245\317\002\304\206+8\t]\351\316\373|\311\263V\300\023\035\211\237\260\300\r\033u3a1\203\303\365\307k\347\006E\344\037@\210\363\010\336T\226\247'\204_{\261\370""1\235\2445\343\033Y!\212\201\341\272\225'\007*$\244&\336\343'\233i\332\374\245 {^\306-N\333\gE\006\347\212\331C\211Z\177\247\031\n\237\257\n\260\220\310\355T\233\004V\376\375\211H\211\014\034\266\326\230\357c)\336\307m\253\253T,\240\013\202_n)6q\357\2538_-\302\252B\204v\277\254\373\3322Ca\020\243\0105\263\257\367\032\254\016\003""; }; ","ledgerHash: ""L\324\236aQ\361\020X\372\353 3\347\310*\253\021gT!>\003\325\254,\003\367\204\031\331\255\240""; ledgerSeq: 11; type: liBASE; nodes {;   nodedata: ""\000\000\000\013\001cEx]\211\377\330\276\322i\233\014\037\027Z\351\022\216@=S\205\334\033\374\234n\r\270\210]\013\203\356\024\366\354\260\007\000\000\000\000\000\000\000\000\000\000\000\000\000\000\000\000\000\000\000\000\000\000\000\000\000\000\000\000\000\000\000\000\240\025\355\310\022\266\235\233\370\314\304j\353\236\2226\000X\301\340@\337S\231\216\014J\216\013\244\024\350/\352\224\032/\352\224$\n\000""; }; nodes {;   nodedata: ""h\315\350\215y\203\242]\371\235\232Pt&\325\210eZ\346\237XZ \277\2457n\221\336\253\245\317\002\304\206+8\t]\351\316\373|\311\263V\300\023\035\211\237\260\300\r\033u3a1\203\303\365\307k\347\006E\344\037@\210\363\010\336T\226\247'\204_{\261\370""1\235\2445\343\033Y!\212\201\341\272\225'\007*$\244&\336\343'\233i\332\374\245 {^\306-N\333\gE\006\347\212\331C\211Z\177\247\031\n\237\257\n\260\220\310\355T\233\004V\376\375\211H\211\014\034\266\326\230\357c)\336\307m\253\253T,\240\013\202_n)6q\357\2538_-\302\252B\204v\277\254\373\3322Ca\020\243\0105\263\257\367\032\254\016\003""; }; "
1750587296479,1750587296479,0,1,4,2,TMGetLedger,"itype: liBASE; ledgerHash: ""L\324\236aQ\361\020X\372\353 3\347\310*\253\021gT!>\003\325\254,\003\367\204\031\331\255\240""; queryType: qtINDIRECT; ","itype: liBASE; ledgerHash: ""L\324\236aQ\361\020X\372\353 3\347\310*\253\021gT!>\003\325\254,\003\367\204\031\331\255\240""; queryType: qtINDIRECT; "
1750587296480,1750587296480,0,1,0,3,TMValidation,"validation: """"\200\000\000\001&\000\000\000\013)/\352\224 :?HT\314/\177\320^QL\324\236aQ\361\020X\372\353 3\347\310*\253\021gT!>\003\325\254,\003\367\204\031\331\255\240P\027\000\000\000\000\000\000\000\000\000\000\000\000\000\000\000\000\000\000\000\000\000\000\000\000\000\000\000\000\000\000\000\000P\031\276\322i\233\014\037\027Z\351\022\216@=S\205\334\033\374\234n\r\270\210]\013\203\356\024\366\354\260\007s!\003\343\005\311u\203\370\0338\3174\324\010\006\301\251\177\261\304eOX\262)FA-\022r\263wm\024vG0E\002!\000\231\tk""\231 \377\231$k\344)\3146n\356Xk\307\350\264\227\226\365\347\226v\375\364z""\212\002 \036\272qLt\037\020x\232)\230%\341\210\313\315}\222f\245\035\210\004\3165M\3546D\350\025\211""; ","validation: """"\200\000\000\001&\000\000\000\013)/\352\224 :?HT\314/\177\320^QL\324\236aQ\361\020X\372\353 3\347\310*\253\021gT!>\003\325\254,\003\367\204\031\331\255\240P\027\000\000\000\000\000\000\000\000\000\000\000\000\000\000\000\000\000\000\000\000\000\000\000\000\000\000\000\000\000\000\000\000P\031\276\322i\233\014\037\027Z\351\022\216@=S\205\334\033\374\234n\r\270\210]\013\203\356\024\366\354\260\007s!\003\343\005\311u\203\370\0338\3174\324\010\006\301\251\177\261\304eOX\262)FA-\022r\263wm\024vG0E\002!\000\231\tk""\231 \377\231$k\344)\3146n\356Xk\307\350\264\227\226\365\347\226v\375\364z""\212\002 \036\272qLt\037\020x\232)\230%\341\210\313\315}\222f\245\035\210\004\3165M\3546D\350\025\211""; "
1750587296481,1750587296481,0,1,0,4,TMValidation,"validation: """"\200\000\000\001&\000\000\000\013)/\352\224 :?HT\314/\177\320^QL\324\236aQ\361\020X\372\353 3\347\310*\253\021gT!>\003\325\254,\003\367\204\031\331\255\240P\027\000\000\000\000\000\000\000\000\000\000\000\000\000\000\000\000\000\000\000\000\000\000\000\000\000\000\000\000\000\000\000\000P\031\276\322i\233\014\037\027Z\351\022\216@=S\205\334\033\374\234n\r\270\210]\013\203\356\024\366\354\260\007s!\003\343\005\311u\203\370\0338\3174\324\010\006\301\251\177\261\304eOX\262)FA-\022r\263wm\024vG0E\002!\000\231\tk""\231 \377\231$k\344)\3146n\356Xk\307\350\264\227\226\365\347\226v\375\364z""\212\002 \036\272qLt\037\020x\232)\230%\341\210\313\315}\222f\245\035\210\004\3165M\3546D\350\025\211""; ","validation: """"\200\000\000\001&\000\000\000\013)/\352\224 :?HT\314/\177\320^QL\324\236aQ\361\020X\372\353 3\347\310*\253\021gT!>\003\325\254,\003\367\204\031\331\255\240P\027\000\000\000\000\000\000\000\000\000\000\000\000\000\000\000\000\000\000\000\000\000\000\000\000\000\000\000\000\000\000\000\000P\031\276\322i\233\014\037\027Z\351\022\216@=S\205\334\033\374\234n\r\270\210]\013\203\356\024\366\354\260\007s!\003\343\005\311u\203\370\0338\3174\324\010\006\301\251\177\261\304eOX\262)FA-\022r\263wm\024vG0E\002!\000\231\tk""\231 \377\231$k\344)\3146n\356Xk\307\350\264\227\226\365\347\226v\375\364z""\212\002 \036\272qLt\037\020x\232)\230%\341\210\313\315}\222f\245\035\210\004\3165M\3546D\350\025\211""; "
1750587296482,1750587296482,0,1,0,2,TMGetLedger,"itype: liBASE; ledgerHash: ""L\324\236aQ\361\020X\372\353 3\347\310*\253\021gT!>\003\325\254,\003\367\204\031\331\255\240""; ","itype: liBASE; ledgerHash: ""L\324\236aQ\361\020X\372\353 3\347\310*\253\021gT!>\003\325\254,\003\367\204\031\331\255\240""; "
1750587296482,1750587296482,0,1,0,1,TMValidation,"validation: """"\200\000\000\001&\000\000\000\013)/\352\224 :?HT\314/\177\320^QL\324\236aQ\361\020X\372\353 3\347\310*\253\021gT!>\003\325\254,\003\367\204\031\331\255\240P\027\000\000\000\000\000\000\000\000\000\000\000\000\000\000\000\000\000\000\000\000\000\000\000\000\000\000\000\000\000\000\000\000P\031\276\322i\233\014\037\027Z\351\022\216@=S\205\334\033\374\234n\r\270\210]\013\203\356\024\366\354\260\007s!\003\343\005\311u\203\370\0338\3174\324\010\006\301\251\177\261\304eOX\262)FA-\022r\263wm\024vG0E\002!\000\231\tk""\231 \377\231$k\344)\3146n\356Xk\307\350\264\227\226\365\347\226v\375\364z""\212\002 \036\272qLt\037\020x\232)\230%\341\210\313\315}\222f\245\035\210\004\3165M\3546D\350\025\211""; ","validation: """"\200\000\000\001&\000\000\000\013)/\352\224 :?HT\314/\177\320^QL\324\236aQ\361\020X\372\353 3\347\310*\253\021gT!>\003\325\254,\003\367\204\031\331\255\240P\027\000\000\000\000\000\000\000\000\000\000\000\000\000\000\000\000\000\000\000\000\000\000\000\000\000\000\000\000\000\000\000\000P\031\276\322i\233\014\037\027Z\351\022\216@=S\205\334\033\374\234n\r\270\210]\013\203\356\024\366\354\260\007s!\003\343\005\311u\203\370\0338\3174\324\010\006\301\251\177\261\304eOX\262)FA-\022r\263wm\024vG0E\002!\000\231\tk""\231 \377\231$k\344)\3146n\356Xk\307\350\264\227\226\365\347\226v\375\364z""\212\002 \036\272qLt\037\020x\232)\230%\341\210\313\315}\222f\245\035\210\004\3165M\3546D\350\025\211""; "
1750587296483,1750587296483,0,1,0,1,TMGetLedger,"itype: liBASE; ledgerHash: ""L\324\236aQ\361\020X\372\353 3\347\310*\253\021gT!>\003\325\254,\003\367\204\031\331\255\240""; ","itype: liBASE; ledgerHash: ""L\324\236aQ\361\020X\372\353 3\347\310*\253\021gT!>\003\325\254,\003\367\204\031\331\255\240""; "
1750587296483,1750587296483,0,1,0,1,TMGetLedger,"itype: liBASE; ledgerHash: ""L\324\236aQ\361\020X\372\353 3\347\310*\253\021gT!>\003\325\254,\003\367\204\031\331\255\240""; queryType: qtINDIRECT; ","itype: liBASE; ledgerHash: ""L\324\236aQ\361\020X\372\353 3\347\310*\253\021gT!>\003\325\254,\003\367\204\031\331\255\240""; queryType: qtINDIRECT; "
1750587296484,1750587296484,0,1,1,2,TMLedgerData,"ledgerHash: ""L\324\236aQ\361\020X\372\353 3\347\310*\253\021gT!>\003\325\254,\003\367\204\031\331\255\240""; ledgerSeq: 11; type: liBASE; nodes {;   nodedata: ""\000\000\000\013\001cEx]\211\377\330\276\322i\233\014\037\027Z\351\022\216@=S\205\334\033\374\234n\r\270\210]\013\203\356\024\366\354\260\007\000\000\000\000\000\000\000\000\000\000\000\000\000\000\000\000\000\000\000\000\000\000\000\000\000\000\000\000\000\000\000\000\240\025\355\310\022\266\235\233\370\314\304j\353\236\2226\000X\301\340@\337S\231\216\014J\216\013\244\024\350/\352\224\032/\352\224$\n\000""; }; nodes {;   nodedata: ""h\315\350\215y\203\242]\371\235\232Pt&\325\210eZ\346\237XZ \277\2457n\221\336\253\245\317\002\304\206+8\t]\351\316\373|\311\263V\300\023\035\211\237\260\300\r\033u3a1\203\303\365\307k\347\006E\344\037@\210\363\010\336T\226\247'\204_{\261\370""1\235\2445\343\033Y!\212\201\341\272\225'\007*$\244&\336\343'\233i\332\374\245 {^\306-N\333\gE\006\347\212\331C\211Z\177\247\031\n\237\257\n\260\220\310\355T\233\004V\376\375\211H\211\014\034\266\326\230\357c)\336\307m\253\253T,\240\013\202_n)6q\357\2538_-\302\252B\204v\277\254\373\3322Ca\020\243\0105\263\257\367\032\254\016\003""; }; ","ledgerHash: ""L\324\236aQ\361\020X\372\353 3\347\310*\253\021gT!>\003\325\254,\003\367\204\031\331\255\240""; ledgerSeq: 11; type: liBASE; nodes {;   nodedata: ""\000\000\000\013\001cEx]\211\377\330\276\322i\233\014\037\027Z\351\022\216@=S\205\334\033\374\234n\r\270\210]\013\203\356\024\366\354\260\007\000\000\000\000\000\000\000\000\000\000\000\000\000\000\000\000\000\000\000\000\000\000\000\000\000\000\000\000\000\000\000\000\240\025\355\310\022\266\235\233\370\314\304j\353\236\2226\000X\301\340@\337S\231\216\014J\216\013\244\024\350/\352\224\032/\352\224$\n\000""; }; nodes {;   nodedata: ""h\315\350\215y\203\242]\371\235\232Pt&\325\210eZ\346\237XZ \277\2457n\221\336\253\245\317\002\304\206+8\t]\351\316\373|\311\263V\300\023\035\211\237\260\300\r\033u3a1\203\303\365\307k\347\006E\344\037@\210\363\010\336T\226\247'\204_{\261\370""1\235\2445\343\033Y!\212\201\341\272\225'\007*$\244&\336\343'\233i\332\374\245 {^\306-N\333\gE\006\347\212\331C\211Z\177\247\031\n\237\257\n\260\220\310\355T\233\004V\376\375\211H\211\014\034\266\326\230\357c)\336\307m\253\253T,\240\013\202_n)6q\357\2538_-\302\252B\204v\277\254\373\3322Ca\020\243\0105\263\257\367\032\254\016\003""; }; "
1750587296485,1750587296485,0,1,0,2,TMGetLedger,"itype: liBASE; ledgerHash: ""L\324\236aQ\361\020X\372\353 3\347\310*\253\021gT!>\003\325\254,\003\367\204\031\331\255\240""; queryType: qtINDIRECT; ","itype: liBASE; ledgerHash: ""L\324\236aQ\361\020X\372\353 3\347\310*\253\021gT!>\003\325\254,\003\367\204\031\331\255\240""; queryType: qtINDIRECT; "
1750587296486,1750587296486,0,1,4,0,TMValidation,"validation: """"\200\000\000\001&\000\000\000\013)/\352\224 :?HT\314/\177\320^QL\324\236aQ\361\020X\372\353 3\347\310*\253\021gT!>\003\325\254,\003\367\204\031\331\255\240P\027\000\000\000\000\000\000\000\000\000\000\000\000\000\000\000\000\000\000\000\000\000\000\000\000\000\000\000\000\000\000\000\000P\031\276\322i\233\014\037\027Z\351\022\216@=S\205\334\033\374\234n\r\270\210]\013\203\356\024\366\354\260\007s!\003\343\005\311u\203\370\0338\3174\324\010\006\301\251\177\261\304eOX\262)FA-\022r\263wm\024vG0E\002!\000\231\tk""\231 \377\231$k\344)\3146n\356Xk\307\350\264\227\226\365\347\226v\375\364z""\212\002 \036\272qLt\037\020x\232)\230%\341\210\313\315}\222f\245\035\210\004\3165M\3546D\350\025\211""; ","validation: """"\200\000\000\001&\000\000\000\013)/\352\224 :?HT\314/\177\320^QL\324\236aQ\361\020X\372\353 3\347\310*\253\021gT!>\003\325\254,\003\367\204\031\331\255\240P\027\000\000\000\000\000\000\000\000\000\000\000\000\000\000\000\000\000\000\000\000\000\000\000\000\000\000\000\000\000\000\000\000P\031\276\322i\233\014\037\027Z\351\022\216@=S\205\334\033\374\234n\r\270\210]\013\203\356\024\366\354\260\007s!\003\343\005\311u\203\370\0338\3174\324\010\006\301\251\177\261\304eOX\262)FA-\022r\263wm\024vG0E\002!\000\231\tk""\231 \377\231$k\344)\3146n\356Xk\307\350\264\227\226\365\347\226v\375\364z""\212\002 \036\272qLt\037\020x\232)\230%\341\210\313\315}\222f\245\035\210\004\3165M\3546D\350\025\211""; "
1750587296486,1750587296486,0,1,4,0,TMGetLedger,"itype: liBASE; ledgerHash: ""L\324\236aQ\361\020X\372\353 3\347\310*\253\021gT!>\003\325\254,\003\367\204\031\331\255\240""; ","itype: liBASE; ledgerHash: ""L\324\236aQ\361\020X\372\353 3\347\310*\253\021gT!>\003\325\254,\003\367\204\031\331\255\240""; "
1750587296487,1750587296487,0,1,4,0,TMGetLedger,"itype: liBASE; ledgerHash: ""L\324\236aQ\361\020X\372\353 3\347\310*\253\021gT!>\003\325\254,\003\367\204\031\331\255\240""; queryType: qtINDIRECT; ","itype: liBASE; ledgerHash: ""L\324\236aQ\361\020X\372\353 3\347\310*\253\021gT!>\003\325\254,\003\367\204\031\331\255\240""; queryType: qtINDIRECT; "
1750587296488,1750587296488,0,1,4,3,TMGetLedger,"itype: liBASE; ledgerHash: ""L\324\236aQ\361\020X\372\353 3\347\310*\253\021gT!>\003\325\254,\003\367\204\031\331\255\240""; queryType: qtINDIRECT; ","itype: liBASE; ledgerHash: ""L\324\236aQ\361\020X\372\353 3\347\310*\253\021gT!>\003\325\254,\003\367\204\031\331\255\240""; queryType: qtINDIRECT; "
1750587296488,1750587296488,0,1,4,3,TMGetLedger,"itype: liBASE; ledgerHash: ""L\324\236aQ\361\020X\372\353 3\347\310*\253\021gT!>\003\325\254,\003\367\204\031\331\255\240""; ","itype: liBASE; ledgerHash: ""L\324\236aQ\361\020X\372\353 3\347\310*\253\021gT!>\003\325\254,\003\367\204\031\331\255\240""; "
1750587296489,1750587296489,0,1,1,3,TMLedgerData,"ledgerHash: ""L\324\236aQ\361\020X\372\353 3\347\310*\253\021gT!>\003\325\254,\003\367\204\031\331\255\240""; ledgerSeq: 11; type: liBASE; nodes {;   nodedata: ""\000\000\000\013\001cEx]\211\377\330\276\322i\233\014\037\027Z\351\022\216@=S\205\334\033\374\234n\r\270\210]\013\203\356\024\366\354\260\007\000\000\000\000\000\000\000\000\000\000\000\000\000\000\000\000\000\000\000\000\000\000\000\000\000\000\000\000\000\000\000\000\240\025\355\310\022\266\235\233\370\314\304j\353\236\2226\000X\301\340@\337S\231\216\014J\216\013\244\024\350/\352\224\032/\352\224$\n\000""; }; nodes {;   nodedata: ""h\315\350\215y\203\242]\371\235\232Pt&\325\210eZ\346\237XZ \277\2457n\221\336\253\245\317\002\304\206+8\t]\351\316\373|\311\263V\300\023\035\211\237\260\300\r\033u3a1\203\303\365\307k\347\006E\344\037@\210\363\010\336T\226\247'\204_{\261\370""1\235\2445\343\033Y!\212\201\341\272\225'\007*$\244&\336\343'\233i\332\374\245 {^\306-N\333\gE\006\347\212\331C\211Z\177\247\031\n\237\257\n\260\220\310\355T\233\004V\376\375\211H\211\014\034\266\326\230\357c)\336\307m\253\253T,\240\013\202_n)6q\357\2538_-\302\252B\204v\277\254\373\3322Ca\020\243\0105\263\257\367\032\254\016\003""; }; ","ledgerHash: ""L\324\236aQ\361\020X\372\353 3\347\310*\253\021gT!>\003\325\254,\003\367\204\031\331\255\240""; ledgerSeq: 11; type: liBASE; nodes {;   nodedata: ""\000\000\000\013\001cEx]\211\377\330\276\322i\233\014\037\027Z\351\022\216@=S\205\334\033\374\234n\r\270\210]\013\203\356\024\366\354\260\007\000\000\000\000\000\000\000\000\000\000\000\000\000\000\000\000\000\000\000\000\000\000\000\000\000\000\000\000\000\000\000\000\240\025\355\310\022\266\235\233\370\314\304j\353\236\2226\000X\301\340@\337S\231\216\014J\216\013\244\024\350/\352\224\032/\352\224$\n\000""; }; nodes {;   nodedata: ""h\315\350\215y\203\242]\371\235\232Pt&\325\210eZ\346\237XZ \277\2457n\221\336\253\245\317\002\304\206+8\t]\351\316\373|\311\263V\300\023\035\211\237\260\300\r\033u3a1\203\303\365\307k\347\006E\344\037@\210\363\010\336T\226\247'\204_{\261\370""1\235\2445\343\033Y!\212\201\341\272\225'\007*$\244&\336\343'\233i\332\374\245 {^\306-N\333\gE\006\347\212\331C\211Z\177\247\031\n\237\257\n\260\220\310\355T\233\004V\376\375\211H\211\014\034\266\326\230\357c)\336\307m\253\253T,\240\013\202_n)6q\357\2538_-\302\252B\204v\277\254\373\3322Ca\020\243\0105\263\257\367\032\254\016\003""; }; "
1750587296490,1750587296490,0,1,1,3,TMLedgerData,"ledgerHash: ""L\324\236aQ\361\020X\372\353 3\347\310*\253\021gT!>\003\325\254,\003\367\204\031\331\255\240""; ledgerSeq: 11; type: liBASE; nodes {;   nodedata: ""\000\000\000\013\001cEx]\211\377\330\276\322i\233\014\037\027Z\351\022\216@=S\205\334\033\374\234n\r\270\210]\013\203\356\024\366\354\260\007\000\000\000\000\000\000\000\000\000\000\000\000\000\000\000\000\000\000\000\000\000\000\000\000\000\000\000\000\000\000\000\000\240\025\355\310\022\266\235\233\370\314\304j\353\236\2226\000X\301\340@\337S\231\216\014J\216\013\244\024\350/\352\224\032/\352\224$\n\000""; }; nodes {;   nodedata: ""h\315\350\215y\203\242]\371\235\232Pt&\325\210eZ\346\237XZ \277\2457n\221\336\253\245\317\002\304\206+8\t]\351\316\373|\311\263V\300\023\035\211\237\260\300\r\033u3a1\203\303\365\307k\347\006E\344\037@\210\363\010\336T\226\247'\204_{\261\370""1\235\2445\343\033Y!\212\201\341\272\225'\007*$\244&\336\343'\233i\332\374\245 {^\306-N\333\gE\006\347\212\331C\211Z\177\247\031\n\237\257\n\260\220\310\355T\233\004V\376\375\211H\211\014\034\266\326\230\357c)\336\307m\253\253T,\240\013\202_n)6q\357\2538_-\302\252B\204v\277\254\373\3322Ca\020\243\0105\263\257\367\032\254\016\003""; }; ","ledgerHash: ""L\324\236aQ\361\020X\372\353 3\347\310*\253\021gT!>\003\325\254,\003\367\204\031\331\255\240""; ledgerSeq: 11; type: liBASE; nodes {;   nodedata: ""\000\000\000\013\001cEx]\211\377\330\276\322i\233\014\037\027Z\351\022\216@=S\205\334\033\374\234n\r\270\210]\013\203\356\024\366\354\260\007\000\000\000\000\000\000\000\000\000\000\000\000\000\000\000\000\000\000\000\000\000\000\000\000\000\000\000\000\000\000\000\000\240\025\355\310\022\266\235\233\370\314\304j\353\236\2226\000X\301\340@\337S\231\216\014J\216\013\244\024\350/\352\224\032/\352\224$\n\000""; }; nodes {;   nodedata: ""h\315\350\215y\203\242]\371\235\232Pt&\325\210eZ\346\237XZ \277\2457n\221\336\253\245\317\002\304\206+8\t]\351\316\373|\311\263V\300\023\035\211\237\260\300\r\033u3a1\203\303\365\307k\347\006E\344\037@\210\363\010\336T\226\247'\204_{\261\370""1\235\2445\343\033Y!\212\201\341\272\225'\007*$\244&\336\343'\233i\332\374\245 {^\306-N\333\gE\006\347\212\331C\211Z\177\247\031\n\237\257\n\260\220\310\355T\233\004V\376\375\211H\211\014\034\266\326\230\357c)\336\307m\253\253T,\240\013\202_n)6q\357\2538_-\302\252B\204v\277\254\373\3322Ca\020\243\0105\263\257\367\032\254\016\003""; }; "
1750587296491,1750587296491,0,1,0,3,TMGetLedger,"itype: liBASE; ledgerHash: ""L\324\236aQ\361\020X\372\353 3\347\310*\253\021gT!>\003\325\254,\003\367\204\031\331\255\240""; ","itype: liBASE; ledgerHash: ""L\324\236aQ\361\020X\372\353 3\347\310*\253\021gT!>\003\325\254,\003\367\204\031\331\255\240""; "
1750587296491,1750587296491,0,1,0,3,TMGetLedger,"itype: liBASE; ledgerHash: ""L\324\236aQ\361\020X\372\353 3\347\310*\253\021gT!>\003\325\254,\003\367\204\031\331\255\240""; queryType: qtINDIRECT; ","itype: liBASE; ledgerHash: ""L\324\236aQ\361\020X\372\353 3\347\310*\253\021gT!>\003\325\254,\003\367\204\031\331\255\240""; queryType: qtINDIRECT; "
1750587296492,1750587296492,0,1,3,1,TMGetLedger,"itype: liBASE; ledgerHash: ""L\324\236aQ\361\020X\372\353 3\347\310*\253\021gT!>\003\325\254,\003\367\204\031\331\255\240""; requestCookie: 4; queryType: qtINDIRECT; ","itype: liBASE; ledgerHash: ""L\324\236aQ\361\020X\372\353 3\347\310*\253\021gT!>\003\325\254,\003\367\204\031\331\255\240""; requestCookie: 4; queryType: qtINDIRECT; "
1750587296493,1750587296493,0,1,2,1,TMGetLedger,"itype: liBASE; ledgerHash: ""L\324\236aQ\361\020X\372\353 3\347\310*\253\021gT!>\003\325\254,\003\367\204\031\331\255\240""; requestCookie: 4; queryType: qtINDIRECT; ","itype: liBASE; ledgerHash: ""L\324\236aQ\361\020X\372\353 3\347\310*\253\021gT!>\003\325\254,\003\367\204\031\331\255\240""; requestCookie: 4; queryType: qtINDIRECT; "
1750587296493,1750587296494,0,1,1,4,TMValidation,"validation: """"\200\000\000\001&\000\000\000\013)/\352\224 :?HT\314/\177\320^QL\324\236aQ\361\020X\372\353 3\347\310*\253\021gT!>\003\325\254,\003\367\204\031\331\255\240P\027\000\000\000\000\000\000\000\000\000\000\000\000\000\000\000\000\000\000\000\000\000\000\000\000\000\000\000\000\000\000\000\000P\031\276\322i\233\014\037\027Z\351\022\216@=S\205\334\033\374\234n\r\270\210]\013\203\356\024\366\354\260\007s!\003\343\005\311u\203\370\0338\3174\324\010\006\301\251\177\261\304eOX\262)FA-\022r\263wm\024vG0E\002!\000\231\tk""\231 \377\231$k\344)\3146n\356Xk\307\350\264\227\226\365\347\226v\375\364z""\212\002 \036\272qLt\037\020x\232)\230%\341\210\313\315}\222f\245\035\210\004\3165M\3546D\350\025\211""; ","validation: """"\200\000\000\001&\000\000\000\013)/\352\224 :?HT\314/\177\320^QL\324\236aQ\361\020X\372\353 3\347\310*\253\021gT!>\003\325\254,\003\367\204\031\331\255\240P\027\000\000\000\000\000\000\000\000\000\000\000\000\000\000\000\000\000\000\000\000\000\000\000\000\000\000\000\000\000\000\000\000P\031\276\322i\233\014\037\027Z\351\022\216@=S\205\334\033\374\234n\r\270\210]\013\203\356\024\366\354\260\007s!\003\343\005\311u\203\370\0338\3174\324\010\006\301\251\177\261\304eOX\262)FA-\022r\263wm\024vG0E\002!\000\231\tk""\231 \377\231$k\344)\3146n\356Xk\307\350\264\227\226\365\347\226v\375\364z""\212\002 \036\272qLt\037\020x\232)\230%\341\210\313\315}\222f\245\035\210\004\3165M\3546D\350\025\211""; "
1750587296495,1750587296495,0,1,1,4,TMStatusChange,"newEvent: neACCEPTED_LEDGER; ledgerSeq: 11; ledgerHash: ""L\324\236aQ\361\020X\372\353 3\347\310*\253\021gT!>\003\325\254,\003\367\204\031\331\255\240""; ledgerHashPrevious: ""\276\322i\233\014\037\027Z\351\022\216@=S\205\334\033\374\234n\r\270\210]\013\203\356\024\366\354\260\007""; networkTime: 803902496; firstSeq: 1; lastSeq: 10; ","newEvent: neACCEPTED_LEDGER; ledgerSeq: 11; ledgerHash: ""L\324\236aQ\361\020X\372\353 3\347\310*\253\021gT!>\003\325\254,\003\367\204\031\331\255\240""; ledgerHashPrevious: ""\276\322i\233\014\037\027Z\351\022\216@=S\205\334\033\374\234n\r\270\210]\013\203\356\024\366\354\260\007""; networkTime: 803902496; firstSeq: 1; lastSeq: 10; "
1750587296495,1750587296495,0,1,3,4,TMGetLedger,"itype: liBASE; ledgerHash: ""L\324\236aQ\361\020X\372\353 3\347\310*\253\021gT!>\003\325\254,\003\367\204\031\331\255\240""; ","itype: liBASE; ledgerHash: ""L\324\236aQ\361\020X\372\353 3\347\310*\253\021gT!>\003\325\254,\003\367\204\031\331\255\240""; "
1750587296496,1750587296496,0,1,3,4,TMGetLedger,"itype: liBASE; ledgerHash: ""L\324\236aQ\361\020X\372\353 3\347\310*\253\021gT!>\003\325\254,\003\367\204\031\331\255\240""; queryType: qtINDIRECT; ","itype: liBASE; ledgerHash: ""L\324\236aQ\361\020X\372\353 3\347\310*\253\021gT!>\003\325\254,\003\367\204\031\331\255\240""; queryType: qtINDIRECT; "
1750587296497,1750587296497,0,1,2,1,TMGetLedger,"itype: liAS_NODE; ledgerHash: ""L\324\236aQ\361\020X\372\353 3\347\310*\253\021gT!>\003\325\254,\003\367\204\031\331\255\240""; ledgerSeq: 11; nodeIDs: ""\260\000\000\000\000\000\000\000\000\000\000\000\000\000\000\000\000\000\000\000\000\000\000\000\000\000\000\000\000\000\000\000\001""; queryType: qtINDIRECT; queryDepth: 1; ","itype: liAS_NODE; ledgerHash: ""L\324\236aQ\361\020X\372\353 3\347\310*\253\021gT!>\003\325\254,\003\367\204\031\331\255\240""; ledgerSeq: 11; nodeIDs: ""\260\000\000\000\000\000\000\000\000\000\000\000\000\000\000\000\000\000\000\000\000\000\000\000\000\000\000\000\000\000\000\000\001""; queryType: qtINDIRECT; queryDepth: 1; "
1750587296497,1750587296497,0,1,1,0,TMValidation,"validation: """"\200\000\000\001&\000\000\000\013)/\352\224 :?HT\314/\177\320^QL\324\236aQ\361\020X\372\353 3\347\310*\253\021gT!>\003\325\254,\003\367\204\031\331\255\240P\027\000\000\000\000\000\000\000\000\000\000\000\000\000\000\000\000\000\000\000\000\000\000\000\000\000\000\000\000\000\000\000\000P\031\276\322i\233\014\037\027Z\351\022\216@=S\205\334\033\374\234n\r\270\210]\013\203\356\024\366\354\260\007s!\003\343\005\311u\203\370\0338\3174\324\010\006\301\251\177\261\304eOX\262)FA-\022r\263wm\024vG0E\002!\000\231\tk""\231 \377\231$k\344)\3146n\356Xk\307\350\264\227\226\365\347\226v\375\364z""\212\002 \036\272qLt\037\020x\232)\230%\341\210\313\315}\222f\245\035\210\004\3165M\3546D\350\025\211""; ","validation: """"\200\000\000\001&\000\000\000\013)/\352\224 :?HT\314/\177\320^QL\324\236aQ\361\020X\372\353 3\347\310*\253\021gT!>\003\325\254,\003\367\204\031\331\255\240P\027\000\000\000\000\000\000\000\000\000\000\000\000\000\000\000\000\000\000\000\000\000\000\000\000\000\000\000\000\000\000\000\000P\031\276\322i\233\014\037\027Z\351\022\216@=S\205\334\033\374\234n\r\270\210]\013\203\356\024\366\354\260\007s!\003\343\005\311u\203\370\0338\3174\324\010\006\301\251\177\261\304eOX\262)FA-\022r\263wm\024vG0E\002!\000\231\tk""\231 \377\231$k\344)\3146n\356Xk\307\350\264\227\226\365\347\226v\375\364z""\212\002 \036\272qLt\037\020x\232)\230%\341\210\313\315}\222f\245\035\210\004\3165M\3546D\350\025\211""; "
1750587296498,1750587296498,0,1,1,0,TMStatusChange,"newEvent: neACCEPTED_LEDGER; ledgerSeq: 11; ledgerHash: ""L\324\236aQ\361\020X\372\353 3\347\310*\253\021gT!>\003\325\254,\003\367\204\031\331\255\240""; ledgerHashPrevious: ""\276\322i\233\014\037\027Z\351\022\216@=S\205\334\033\374\234n\r\270\210]\013\203\356\024\366\354\260\007""; networkTime: 803902496; firstSeq: 1; lastSeq: 10; ","newEvent: neACCEPTED_LEDGER; ledgerSeq: 11; ledgerHash: ""L\324\236aQ\361\020X\372\353 3\347\310*\253\021gT!>\003\325\254,\003\367\204\031\331\255\240""; ledgerHashPrevious: ""\276\322i\233\014\037\027Z\351\022\216@=S\205\334\033\374\234n\r\270\210]\013\203\356\024\366\354\260\007""; networkTime: 803902496; firstSeq: 1; lastSeq: 10; "
1750587296498,1750587296499,0,1,1,0,TMLedgerData,"ledgerHash: ""L\324\236aQ\361\020X\372\353 3\347\310*\253\021gT!>\003\325\254,\003\367\204\031\331\255\240""; ledgerSeq: 11; type: liBASE; nodes {;   nodedata: ""\000\000\000\013\001cEx]\211\377\330\276\322i\233\014\037\027Z\351\022\216@=S\205\334\033\374\234n\r\270\210]\013\203\356\024\366\354\260\007\000\000\000\000\000\000\000\000\000\000\000\000\000\000\000\000\000\000\000\000\000\000\000\000\000\000\000\000\000\000\000\000\240\025\355\310\022\266\235\233\370\314\304j\353\236\2226\000X\301\340@\337S\231\216\014J\216\013\244\024\350/\352\224\032/\352\224$\n\000""; }; nodes {;   nodedata: ""h\315\350\215y\203\242]\371\235\232Pt&\325\210eZ\346\237XZ \277\2457n\221\336\253\245\317\002\304\206+8\t]\351\316\373|\311\263V\300\023\035\211\237\260\300\r\033u3a1\203\303\365\307k\347\006E\344\037@\210\363\010\336T\226\247'\204_{\261\370""1\235\2445\343\033Y!\212\201\341\272\225'\007*$\244&\336\343'\233i\332\374\245 {^\306-N\333\gE\006\347\212\331C\211Z\177\247\031\n\237\257\n\260\220\310\355T\233\004V\376\375\211H\211\014\034\266\326\230\357c)\336\307m\253\253T,\240\013\202_n)6q\357\2538_-\302\252B\204v\277\254\373\3322Ca\020\243\0105\263\257\367\032\254\016\003""; }; ","ledgerHash: ""L\324\236aQ\361\020X\372\353 3\347\310*\253\021gT!>\003\325\254,\003\367\204\031\331\255\240""; ledgerSeq: 11; type: liBASE; nodes {;   nodedata: ""\000\000\000\013\001cEx]\211\377\330\276\322i\233\014\037\027Z\351\022\216@=S\205\334\033\374\234n\r\270\210]\013\203\356\024\366\354\260\007\000\000\000\000\000\000\000\000\000\000\000\000\000\000\000\000\000\000\000\000\000\000\000\000\000\000\000\000\000\000\000\000\240\025\355\310\022\266\235\233\370\314\304j\353\236\2226\000X\301\340@\337S\231\216\014J\216\013\244\024\350/\352\224\032/\352\224$\n\000""; }; nodes {;   nodedata: ""h\315\350\215y\203\242]\371\235\232Pt&\325\210eZ\346\237XZ \277\2457n\221\336\253\245\317\002\304\206+8\t]\351\316\373|\311\263V\300\023\035\211\237\260\300\r\033u3a1\203\303\365\307k\347\006E\344\037@\210\363\010\336T\226\247'\204_{\261\370""1\235\2445\343\033Y!\212\201\341\272\225'\007*$\244&\336\343'\233i\332\374\245 {^\306-N\333\gE\006\347\212\331C\211Z\177\247\031\n\237\257\n\260\220\310\355T\233\004V\376\375\211H\211\014\034\266\326\230\357c)\336\307m\253\253T,\240\013\202_n)6q\357\2538_-\302\252B\204v\277\254\373\3322Ca\020\243\0105\263\257\367\032\254\016\003""; }; "
1750587296499,1750587296499,0,1,1,0,TMLedgerData,"ledgerHash: ""L\324\236aQ\361\020X\372\353 3\347\310*\253\021gT!>\003\325\254,\003\367\204\031\331\255\240""; ledgerSeq: 11; type: liBASE; nodes {;   nodedata: ""\000\000\000\013\001cEx]\211\377\330\276\322i\233\014\037\027Z\351\022\216@=S\205\334\033\374\234n\r\270\210]\013\203\356\024\366\354\260\007\000\000\000\000\000\000\000\000\000\000\000\000\000\000\000\000\000\000\000\000\000\000\000\000\000\000\000\000\000\000\000\000\240\025\355\310\022\266\235\233\370\314\304j\353\236\2226\000X\301\340@\337S\231\216\014J\216\013\244\024\350/\352\224\032/\352\224$\n\000""; }; nodes {;   nodedata: ""h\315\350\215y\203\242]\371\235\232Pt&\325\210eZ\346\237XZ \277\2457n\221\336\253\245\317\002\304\206+8\t]\351\316\373|\311\263V\300\023\035\211\237\260\300\r\033u3a1\203\303\365\307k\347\006E\344\037@\210\363\010\336T\226\247'\204_{\261\370""1\235\2445\343\033Y!\212\201\341\272\225'\007*$\244&\336\343'\233i\332\374\245 {^\306-N\333\gE\006\347\212\331C\211Z\177\247\031\n\237\257\n\260\220\310\355T\233\004V\376\375\211H\211\014\034\266\326\230\357c)\336\307m\253\253T,\240\013\202_n)6q\357\2538_-\302\252B\204v\277\254\373\3322Ca\020\243\0105\263\257\367\032\254\016\003""; }; ","ledgerHash: ""L\324\236aQ\361\020X\372\353 3\347\310*\253\021gT!>\003\325\254,\003\367\204\031\331\255\240""; ledgerSeq: 11; type: liBASE; nodes {;   nodedata: ""\000\000\000\013\001cEx]\211\377\330\276\322i\233\014\037\027Z\351\022\216@=S\205\334\033\374\234n\r\270\210]\013\203\356\024\366\354\260\007\000\000\000\000\000\000\000\000\000\000\000\000\000\000\000\000\000\000\000\000\000\000\000\000\000\000\000\000\000\000\000\000\240\025\355\310\022\266\235\233\370\314\304j\353\236\2226\000X\301\340@\337S\231\216\014J\216\013\244\024\350/\352\224\032/\352\224$\n\000""; }; nodes {;   nodedata: ""h\315\350\215y\203\242]\371\235\232Pt&\325\210eZ\346\237XZ \277\2457n\221\336\253\245\317\002\304\206+8\t]\351\316\373|\311\263V\300\023\035\211\237\260\300\r\033u3a1\203\303\365\307k\347\006E\344\037@\210\363\010\336T\226\247'\204_{\261\370""1\235\2445\343\033Y!\212\201\341\272\225'\007*$\244&\336\343'\233i\332\374\245 {^\306-N\333\gE\006\347\212\331C\211Z\177\247\031\n\237\257\n\260\220\310\355T\233\004V\376\375\211H\211\014\034\266\326\230\357c)\336\307m\253\253T,\240\013\202_n)6q\357\2538_-\302\252B\204v\277\254\373\3322Ca\020\243\0105\263\257\367\032\254\016\003""; }; "
1750587296500,1750587296500,0,1,2,1,TMGetLedger,"itype: liBASE; ledgerHash: ""L\324\236aQ\361\020X\372\353 3\347\310*\253\021gT!>\003\325\254,\003\367\204\031\331\255\240""; requestCookie: 5; queryType: qtINDIRECT; ","itype: liBASE; ledgerHash: ""L\324\236aQ\361\020X\372\353 3\347\310*\253\021gT!>\003\325\254,\003\367\204\031\331\255\240""; requestCookie: 5; queryType: qtINDIRECT; "
1750587296501,1750587296501,0,1,0,4,TMGetLedger,"itype: liBASE; ledgerHash: ""L\324\236aQ\361\020X\372\353 3\347\310*\253\021gT!>\003\325\254,\003\367\204\031\331\255\240""; queryType: qtINDIRECT; ","itype: liBASE; ledgerHash: ""L\324\236aQ\361\020X\372\353 3\347\310*\253\021gT!>\003\325\254,\003\367\204\031\331\255\240""; queryType: qtINDIRECT; "
1750587296501,1750587296501,0,1,0,4,TMGetLedger,"itype: liBASE; ledgerHash: ""L\324\236aQ\361\020X\372\353 3\347\310*\253\021gT!>\003\325\254,\003\367\204\031\331\255\240""; ","itype: liBASE; ledgerHash: ""L\324\236aQ\361\020X\372\353 3\347\310*\253\021gT!>\003\325\254,\003\367\204\031\331\255\240""; "
1750587296502,1750587296502,0,1,3,1,TMGetLedger,"itype: liBASE; ledgerHash: ""L\324\236aQ\361\020X\372\353 3\347\310*\253\021gT!>\003\325\254,\003\367\204\031\331\255\240""; requestCookie: 5; queryType: qtINDIRECT; ","itype: liBASE; ledgerHash: ""L\324\236aQ\361\020X\372\353 3\347\310*\253\021gT!>\003\325\254,\003\367\204\031\331\255\240""; requestCookie: 5; queryType: qtINDIRECT; "
1750587296503,1750587296503,0,1,3,1,TMGetLedger,"itype: liAS_NODE; ledgerHash: ""L\324\236aQ\361\020X\372\353 3\347\310*\253\021gT!>\003\325\254,\003\367\204\031\331\255\240""; ledgerSeq: 11; nodeIDs: ""\260\000\000\000\000\000\000\000\000\000\000\000\000\000\000\000\000\000\000\000\000\000\000\000\000\000\000\000\000\000\000\000\001""; queryType: qtINDIRECT; queryDepth: 1; ","itype: liAS_NODE; ledgerHash: ""L\324\236aQ\361\020X\372\353 3\347\310*\253\021gT!>\003\325\254,\003\367\204\031\331\255\240""; ledgerSeq: 11; nodeIDs: ""\260\000\000\000\000\000\000\000\000\000\000\000\000\000\000\000\000\000\000\000\000\000\000\000\000\000\000\000\000\000\000\000\001""; queryType: qtINDIRECT; queryDepth: 1; "
1750587296503,1750587296503,0,1,1,3,TMLedgerData,"ledgerHash: ""L\324\236aQ\361\020X\372\353 3\347\310*\253\021gT!>\003\325\254,\003\367\204\031\331\255\240""; ledgerSeq: 11; type: liBASE; nodes {;   nodedata: ""\000\000\000\013\001cEx]\211\377\330\276\322i\233\014\037\027Z\351\022\216@=S\205\334\033\374\234n\r\270\210]\013\203\356\024\366\354\260\007\000\000\000\000\000\000\000\000\000\000\000\000\000\000\000\000\000\000\000\000\000\000\000\000\000\000\000\000\000\000\000\000\240\025\355\310\022\266\235\233\370\314\304j\353\236\2226\000X\301\340@\337S\231\216\014J\216\013\244\024\350/\352\224\032/\352\224$\n\000""; }; nodes {;   nodedata: ""h\315\350\215y\203\242]\371\235\232Pt&\325\210eZ\346\237XZ \277\2457n\221\336\253\245\317\002\304\206+8\t]\351\316\373|\311\263V\300\023\035\211\237\260\300\r\033u3a1\203\303\365\307k\347\006E\344\037@\210\363\010\336T\226\247'\204_{\261\370""1\235\2445\343\033Y!\212\201\341\272\225'\007*$\244&\336\343'\233i\332\374\245 {^\306-N\333\gE\006\347\212\331C\211Z\177\247\031\n\237\257\n\260\220\310\355T\233\004V\376\375\211H\211\014\034\266\326\230\357c)\336\307m\253\253T,\240\013\202_n)6q\357\2538_-\302\252B\204v\277\254\373\3322Ca\020\243\0105\263\257\367\032\254\016\003""; }; requestCookie: 4; ","ledgerHash: ""L\324\236aQ\361\020X\372\353 3\347\310*\253\021gT!>\003\325\254,\003\367\204\031\331\255\240""; ledgerSeq: 11; type: liBASE; nodes {;   nodedata: ""\000\000\000\013\001cEx]\211\377\330\276\322i\233\014\037\027Z\351\022\216@=S\205\334\033\374\234n\r\270\210]\013\203\356\024\366\354\260\007\000\000\000\000\000\000\000\000\000\000\000\000\000\000\000\000\000\000\000\000\000\000\000\000\000\000\000\000\000\000\000\000\240\025\355\310\022\266\235\233\370\314\304j\353\236\2226\000X\301\340@\337S\231\216\014J\216\013\244\024\350/\352\224\032/\352\224$\n\000""; }; nodes {;   nodedata: ""h\315\350\215y\203\242]\371\235\232Pt&\325\210eZ\346\237XZ \277\2457n\221\336\253\245\317\002\304\206+8\t]\351\316\373|\311\263V\300\023\035\211\237\260\300\r\033u3a1\203\303\365\307k\347\006E\344\037@\210\363\010\336T\226\247'\204_{\261\370""1\235\2445\343\033Y!\212\201\341\272\225'\007*$\244&\336\343'\233i\332\374\245 {^\306-N\333\gE\006\347\212\331C\211Z\177\247\031\n\237\257\n\260\220\310\355T\233\004V\376\375\211H\211\014\034\266\326\230\357c)\336\307m\253\253T,\240\013\202_n)6q\357\2538_-\302\252B\204v\277\254\373\3322Ca\020\243\0105\263\257\367\032\254\016\003""; }; requestCookie: 4; "
1750587296504,1750587296504,0,1,1,2,TMLedgerData,"ledgerHash: ""L\324\236aQ\361\020X\372\353 3\347\310*\253\021gT!>\003\325\254,\003\367\204\031\331\255\240""; ledgerSeq: 11; type: liBASE; nodes {;   nodedata: ""\000\000\000\013\001cEx]\211\377\330\276\322i\233\014\037\027Z\351\022\216@=S\205\334\033\374\234n\r\270\210]\013\203\356\024\366\354\260\007\000\000\000\000\000\000\000\000\000\000\000\000\000\000\000\000\000\000\000\000\000\000\000\000\000\000\000\000\000\000\000\000\240\025\355\310\022\266\235\233\370\314\304j\353\236\2226\000X\301\340@\337S\231\216\014J\216\013\244\024\350/\352\224\032/\352\224$\n\000""; }; nodes {;   nodedata: ""h\315\350\215y\203\242]\371\235\232Pt&\325\210eZ\346\237XZ \277\2457n\221\336\253\245\317\002\304\206+8\t]\351\316\373|\311\263V\300\023\035\211\237\260\300\r\033u3a1\203\303\365\307k\347\006E\344\037@\210\363\010\336T\226\247'\204_{\261\370""1\235\2445\343\033Y!\212\201\341\272\225'\007*$\244&\336\343'\233i\332\374\245 {^\306-N\333\gE\006\347\212\331C\211Z\177\247\031\n\237\257\n\260\220\310\355T\233\004V\376\375\211H\211\014\034\266\326\230\357c)\336\307m\253\253T,\240\013\202_n)6q\357\2538_-\302\252B\204v\277\254\373\3322Ca\020\243\0105\263\257\367\032\254\016\003""; }; requestCookie: 4; ","ledgerHash: ""L\324\236aQ\361\020X\372\353 3\347\310*\253\021gT!>\003\325\254,\003\367\204\031\331\255\240""; ledgerSeq: 11; type: liBASE; nodes {;   nodedata: ""\000\000\000\013\001cEx]\211\377\330\276\322i\233\014\037\027Z\351\022\216@=S\205\334\033\374\234n\r\270\210]\013\203\356\024\366\354\260\007\000\000\000\000\000\000\000\000\000\000\000\000\000\000\000\000\000\000\000\000\000\000\000\000\000\000\000\000\000\000\000\000\240\025\355\310\022\266\235\233\370\314\304j\353\236\2226\000X\301\340@\337S\231\216\014J\216\013\244\024\350/\352\224\032/\352\224$\n\000""; }; nodes {;   nodedata: ""h\315\350\215y\203\242]\371\235\232Pt&\325\210eZ\346\237XZ \277\2457n\221\336\253\245\317\002\304\206+8\t]\351\316\373|\311\263V\300\023\035\211\237\260\300\r\033u3a1\203\303\365\307k\347\006E\344\037@\210\363\010\336T\226\247'\204_{\261\370""1\235\2445\343\033Y!\212\201\341\272\225'\007*$\244&\336\343'\233i\332\374\245 {^\306-N\333\gE\006\347\212\331C\211Z\177\247\031\n\237\257\n\260\220\310\355T\233\004V\376\375\211H\211\014\034\266\326\230\357c)\336\307m\253\253T,\240\013\202_n)6q\357\2538_-\302\252B\204v\277\254\373\3322Ca\020\243\0105\263\257\367\032\254\016\003""; }; requestCookie: 4; "
1750587296505,1750587296505,0,1,4,1,TMGetLedger,"itype: liBASE; ledgerHash: ""L\324\236aQ\361\020X\372\353 3\347\310*\253\021gT!>\003\325\254,\003\367\204\031\331\255\240""; queryType: qtINDIRECT; ","itype: liBASE; ledgerHash: ""L\324\236aQ\361\020X\372\353 3\347\310*\253\021gT!>\003\325\254,\003\367\204\031\331\255\240""; queryType: qtINDIRECT; "
1750587296505,1750587296505,0,1,4,1,TMGetLedger,"itype: liBASE; ledgerHash: ""L\324\236aQ\361\020X\372\353 3\347\310*\253\021gT!>\003\325\254,\003\367\204\031\331\255\240""; ","itype: liBASE; ledgerHash: ""L\324\236aQ\361\020X\372\353 3\347\310*\253\021gT!>\003\325\254,\003\367\204\031\331\255\240""; "
1750587296506,1750587296507,0,1,4,1,TMGetLedger,"itype: liBASE; ledgerHash: ""L\324\236aQ\361\020X\372\353 3\347\310*\253\021gT!>\003\325\254,\003\367\204\031\331\255\240""; requestCookie: 4; queryType: qtINDIRECT; ","itype: liBASE; ledgerHash: ""L\324\236aQ\361\020X\372\353 3\347\310*\253\021gT!>\003\325\254,\003\367\204\031\331\255\240""; requestCookie: 4; queryType: qtINDIRECT; "
1750587296507,1750587296507,0,1,1,2,TMLedgerData,"ledgerHash: ""L\324\236aQ\361\020X\372\353 3\347\310*\253\021gT!>\003\325\254,\003\367\204\031\331\255\240""; ledgerSeq: 11; type: liAS_NODE; nodes {;   nodedata: ""\021\000h""\000\000\000\000 \033\000\000\000\n\002\023\301\237\330\356GuH\375\327!\255\371\r\231\262R\256J\034\222\241\355X\265E\241^W\225\304\014\361CX-}\351f\032\255\274\334m\326c\017\014ao[\342\230\003\245\245\3341Hm\326^\017jy\335\261\214.\207\210%\003 \010ML\347\200R\304&\320_\215\226\344\334\033\354\2002\255\216\332\317\255\034\017T\270\242(,&\233\326\374o\306[\235\317>\021e\005s\261\371l\216\017\003\032\017J\217\244W<\241'\332/+\360Bx\036+\210j\237K%\340]\246E\2434\264K\036\030qP\317\315\336\325\007\372\373$P*|\321\342\002\026\n\3215\340\3203\200x\327D\301]5\237\247Yz\3711!L\214\221=\252\002\267\225zg\264\253\271T\346ji\003\235\236Pis\264\375\222|H\344\261g?[g\311\347s\234ae\204\263\365U\334\372D\354\345\276\201f\035\271%#\375\245\314.""\373\330&\3746\354@[\274\202\021\202\373Vi\243\n\325\250\005e\360""m\346'\311@\343\016$L\346\334\360<w\317\351\2337\023\262\336W\254\222\315\335\317oP\221\031g\037\220\357Ft\030n\306\370\n\354\226\365\346\276\322i\233\014\037\027Z\351\022\216@=S\205\334\033\374\234n\r\270\210]\013\203\356\024\366\354\260\007\264\227\2326\315\307\363\323\325\303\032N\256*\307\327 \235\332\207u\210\271\257\306g\231i*\260\326k\001"";   nodeid: ""\260\000\000\000\000\000\000\000\000\000\000\000\000\000\000\000\000\000\000\000\000\000\000\000\000\000\000\000\000\000\000\000\001""; }; ","ledgerHash: ""L\324\236aQ\361\020X\372\353 3\347\310*\253\021gT!>\003\325\254,\003\367\204\031\331\255\240""; ledgerSeq: 11; type: liAS_NODE; nodes {;   nodedata: ""\021\000h""\000\000\000\000 \033\000\000\000\n\002\023\301\237\330\356GuH\375\327!\255\371\r\231\262R\256J\034\222\241\355X\265E\241^W\225\304\014\361CX-}\351f\032\255\274\334m\326c\017\014ao[\342\230\003\245\245\3341Hm\326^\017jy\335\261\214.\207\210%\003 \010ML\347\200R\304&\320_\215\226\344\334\033\354\2002\255\216\332\317\255\034\017T\270\242(,&\233\326\374o\306[\235\317>\021e\005s\261\371l\216\017\003\032\017J\217\244W<\241'\332/+\360Bx\036+\210j\237K%\340]\246E\2434\264K\036\030qP\317\315\336\325\007\372\373$P*|\321\342\002\026\n\3215\340\3203\200x\327D\301]5\237\247Yz\3711!L\214\221=\252\002\267\225zg\264\253\271T\346ji\003\235\236Pis\264\375\222|H\344\261g?[g\311\347s\234ae\204\263\365U\334\372D\354\345\276\201f\035\271%#\375\245\314.""\373\330&\3746\354@[\274\202\021\202\373Vi\243\n\325\250\005e\360""m\346'\311@\343\016$L\346\334\360<w\317\351\2337\023\262\336W\254\222\315\335\317oP\221\031g\037\220\357Ft\030n\306\370\n\354\226\365\346\276\322i\233\014\037\027Z\351\022\216@=S\205\334\033\374\234n\r\270\210]\013\203\356\024\366\354\260\007\264\227\2326\315\307\363\323\325\303\032N\256*\307\327 \235\332\207u\210\271\257\306g\231i*\260\326k\001"";   nodeid: ""\260\000\000\000\000\000\000\000\000\000\000\000\000\000\000\000\000\000\000\000\000\000\000\000\000\000\000\000\000\000\000\000\001""; }; "
1750587296508,1750587296508,0,1,0,1,TMGetLedger,"itype: liAS_NODE; ledgerHash: ""L\324\236aQ\361\020X\372\353 3\347\310*\253\021gT!>\003\325\254,\003\367\204\031\331\255\240""; ledgerSeq: 11; nodeIDs: ""\260\000\000\000\000\000\000\000\000\000\000\000\000\000\000\000\000\000\000\000\000\000\000\000\000\000\000\000\000\000\000\000\001""; queryType: qtINDIRECT; queryDepth: 1; ","itype: liAS_NODE; ledgerHash: ""L\324\236aQ\361\020X\372\353 3\347\310*\253\021gT!>\003\325\254,\003\367\204\031\331\255\240""; ledgerSeq: 11; nodeIDs: ""\260\000\000\000\000\000\000\000\000\000\000\000\000\000\000\000\000\000\000\000\000\000\000\000\000\000\000\000\000\000\000\000\001""; queryType: qtINDIRECT; queryDepth: 1; "
1750587296509,1750587296509,0,1,1,2,TMLedgerData,"ledgerHash: ""L\324\236aQ\361\020X\372\353 3\347\310*\253\021gT!>\003\325\254,\003\367\204\031\331\255\240""; ledgerSeq: 11; type: liBASE; nodes {;   nodedata: ""\000\000\000\013\001cEx]\211\377\330\276\322i\233\014\037\027Z\351\022\216@=S\205\334\033\374\234n\r\270\210]\013\203\356\024\366\354\260\007\000\000\000\000\000\000\000\000\000\000\000\000\000\000\000\000\000\000\000\000\000\000\000\000\000\000\000\000\000\000\000\000\240\025\355\310\022\266\235\233\370\314\304j\353\236\2226\000X\301\340@\337S\231\216\014J\216\013\244\024\350/\352\224\032/\352\224$\n\000""; }; nodes {;   nodedata: ""h\315\350\215y\203\242]\371\235\232Pt&\325\210eZ\346\237XZ \277\2457n\221\336\253\245\317\002\304\206+8\t]\351\316\373|\311\263V\300\023\035\211\237\260\300\r\033u3a1\203\303\365\307k\347\006E\344\037@\210\363\010\336T\226\247'\204_{\261\370""1\235\2445\343\033Y!\212\201\341\272\225'\007*$\244&\336\343'\233i\332\374\245 {^\306-N\333\gE\006\347\212\331C\211Z\177\247\031\n\237\257\n\260\220\310\355T\233\004V\376\375\211H\211\014\034\266\326\230\357c)\336\307m\253\253T,\240\013\202_n)6q\357\2538_-\302\252B\204v\277\254\373\3322Ca\020\243\0105\263\257\367\032\254\016\003""; }; requestCookie: 5; ","ledgerHash: ""L\324\236aQ\361\020X\372\353 3\347\310*\253\021gT!>\003\325\254,\003\367\204\031\331\255\240""; ledgerSeq: 11; type: liBASE; nodes {;   nodedata: ""\000\000\000\013\001cEx]\211\377\330\276\322i\233\014\037\027Z\351\022\216@=S\205\334\033\374\234n\r\270\210]\013\203\356\024\366\354\260\007\000\000\000\000\000\000\000\000\000\000\000\000\000\000\000\000\000\000\000\000\000\000\000\000\000\000\000\000\000\000\000\000\240\025\355\310\022\266\235\233\370\314\304j\353\236\2226\000X\301\340@\337S\231\216\014J\216\013\244\024\350/\352\224\032/\352\224$\n\000""; }; nodes {;   nodedata: ""h\315\350\215y\203\242]\371\235\232Pt&\325\210eZ\346\237XZ \277\2457n\221\336\253\245\317\002\304\206+8\t]\351\316\373|\311\263V\300\023\035\211\237\260\300\r\033u3a1\203\303\365\307k\347\006E\344\037@\210\363\010\336T\226\247'\204_{\261\370""1\235\2445\343\033Y!\212\201\341\272\225'\007*$\244&\336\343'\233i\332\374\245 {^\306-N\333\gE\006\347\212\331C\211Z\177\247\031\n\237\257\n\260\220\310\355T\233\004V\376\375\211H\211\014\034\266\326\230\357c)\336\307m\253\253T,\240\013\202_n)6q\357\2538_-\302\252B\204v\277\254\373\3322Ca\020\243\0105\263\257\367\032\254\016\003""; }; requestCookie: 5; "
1750587296511,1750587296511,0,1,1,3,TMLedgerData,"ledgerHash: ""L\324\236aQ\361\020X\372\353 3\347\310*\253\021gT!>\003\325\254,\003\367\204\031\331\255\240""; ledgerSeq: 11; type: liBASE; nodes {;   nodedata: ""\000\000\000\013\001cEx]\211\377\330\276\322i\233\014\037\027Z\351\022\216@=S\205\334\033\374\234n\r\270\210]\013\203\356\024\366\354\260\007\000\000\000\000\000\000\000\000\000\000\000\000\000\000\000\000\000\000\000\000\000\000\000\000\000\000\000\000\000\000\000\000\240\025\355\310\022\266\235\233\370\314\304j\353\236\2226\000X\301\340@\337S\231\216\014J\216\013\244\024\350/\352\224\032/\352\224$\n\000""; }; nodes {;   nodedata: ""h\315\350\215y\203\242]\371\235\232Pt&\325\210eZ\346\237XZ \277\2457n\221\336\253\245\317\002\304\206+8\t]\351\316\373|\311\263V\300\023\035\211\237\260\300\r\033u3a1\203\303\365\307k\347\006E\344\037@\210\363\010\336T\226\247'\204_{\261\370""1\235\2445\343\033Y!\212\201\341\272\225'\007*$\244&\336\343'\233i\332\374\245 {^\306-N\333\gE\006\347\212\331C\211Z\177\247\031\n\237\257\n\260\220\310\355T\233\004V\376\375\211H\211\014\034\266\326\230\357c)\336\307m\253\253T,\240\013\202_n)6q\357\2538_-\302\252B\204v\277\254\373\3322Ca\020\243\0105\263\257\367\032\254\016\003""; }; requestCookie: 5; ","ledgerHash: ""L\324\236aQ\361\020X\372\353 3\347\310*\253\021gT!>\003\325\254,\003\367\204\031\331\255\240""; ledgerSeq: 11; type: liBASE; nodes {;   nodedata: ""\000\000\000\013\001cEx]\211\377\330\276\322i\233\014\037\027Z\351\022\216@=S\205\334\033\374\234n\r\270\210]\013\203\356\024\366\354\260\007\000\000\000\000\000\000\000\000\000\000\000\000\000\000\000\000\000\000\000\000\000\000\000\000\000\000\000\000\000\000\000\000\240\025\355\310\022\266\235\233\370\314\304j\353\236\2226\000X\301\340@\337S\231\216\014J\216\013\244\024\350/\352\224\032/\352\224$\n\000""; }; nodes {;   nodedata: ""h\315\350\215y\203\242]\371\235\232Pt&\325\210eZ\346\237XZ \277\2457n\221\336\253\245\317\002\304\206+8\t]\351\316\373|\311\263V\300\023\035\211\237\260\300\r\033u3a1\203\303\365\307k\347\006E\344\037@\210\363\010\336T\226\247'\204_{\261\370""1\235\2445\343\033Y!\212\201\341\272\225'\007*$\244&\336\343'\233i\332\374\245 {^\306-N\333\gE\006\347\212\331C\211Z\177\247\031\n\237\257\n\260\220\310\355T\233\004V\376\375\211H\211\014\034\266\326\230\357c)\336\307m\253\253T,\240\013\202_n)6q\357\2538_-\302\252B\204v\277\254\373\3322Ca\020\243\0105\263\257\367\032\254\016\003""; }; requestCookie: 5; "
1750587296511,1750587296511,0,1,1,3,TMLedgerData,"ledgerHash: ""L\324\236aQ\361\020X\372\353 3\347\310*\253\021gT!>\003\325\254,\003\367\204\031\331\255\240""; ledgerSeq: 11; type: liAS_NODE; nodes {;   nodedata: ""\021\000h""\000\000\000\000 \033\000\000\000\n\002\023\301\237\330\356GuH\375\327!\255\371\r\231\262R\256J\034\222\241\355X\265E\241^W\225\304\014\361CX-}\351f\032\255\274\334m\326c\017\014ao[\342\230\003\245\245\3341Hm\326^\017jy\335\261\214.\207\210%\003 \010ML\347\200R\304&\320_\215\226\344\334\033\354\2002\255\216\332\317\255\034\017T\270\242(,&\233\326\374o\306[\235\317>\021e\005s\261\371l\216\017\003\032\017J\217\244W<\241'\332/+\360Bx\036+\210j\237K%\340]\246E\2434\264K\036\030qP\317\315\336\325\007\372\373$P*|\321\342\002\026\n\3215\340\3203\200x\327D\301]5\237\247Yz\3711!L\214\221=\252\002\267\225zg\264\253\271T\346ji\003\235\236Pis\264\375\222|H\344\261g?[g\311\347s\234ae\204\263\365U\334\372D\354\345\276\201f\035\271%#\375\245\314.""\373\330&\3746\354@[\274\202\021\202\373Vi\243\n\325\250\005e\360""m\346'\311@\343\016$L\346\334\360<w\317\351\2337\023\262\336W\254\222\315\335\317oP\221\031g\037\220\357Ft\030n\306\370\n\354\226\365\346\276\322i\233\014\037\027Z\351\022\216@=S\205\334\033\374\234n\r\270\210]\013\203\356\024\366\354\260\007\264\227\2326\315\307\363\323\325\303\032N\256*\307\327 \235\332\207u\210\271\257\306g\231i*\260\326k\001"";   nodeid: ""\260\000\000\000\000\000\000\000\000\000\000\000\000\000\000\000\000\000\000\000\000\000\000\000\000\000\000\000\000\000\000\000\001""; }; ","ledgerHash: ""L\324\236aQ\361\020X\372\353 3\347\310*\253\021gT!>\003\325\254,\003\367\204\031\331\255\240""; ledgerSeq: 11; type: liAS_NODE; nodes {;   nodedata: ""\021\000h""\000\000\000\000 \033\000\000\000\n\002\023\301\237\330\356GuH\375\327!\255\371\r\231\262R\256J\034\222\241\355X\265E\241^W\225\304\014\361CX-}\351f\032\255\274\334m\326c\017\014ao[\342\230\003\245\245\3341Hm\326^\017jy\335\261\214.\207\210%\003 \010ML\347\200R\304&\320_\215\226\344\334\033\354\2002\255\216\332\317\255\034\017T\270\242(,&\233\326\374o\306[\235\317>\021e\005s\261\371l\216\017\003\032\017J\217\244W<\241'\332/+\360Bx\036+\210j\237K%\340]\246E\2434\264K\036\030qP\317\315\336\325\007\372\373$P*|\321\342\002\026\n\3215\340\3203\200x\327D\301]5\237\247Yz\3711!L\214\221=\252\002\267\225zg\264\253\271T\346ji\003\235\236Pis\264\375\222|H\344\261g?[g\311\347s\234ae\204\263\365U\334\372D\354\345\276\201f\035\271%#\375\245\314.""\373\330&\3746\354@[\274\202\021\202\373Vi\243\n\325\250\005e\360""m\346'\311@\343\016$L\346\334\360<w\317\351\2337\023\262\336W\254\222\315\335\317oP\221\031g\037\220\357Ft\030n\306\370\n\354\226\365\346\276\322i\233\014\037\027Z\351\022\216@=S\205\334\033\374\234n\r\270\210]\013\203\356\024\366\354\260\007\264\227\2326\315\307\363\323\325\303\032N\256*\307\327 \235\332\207u\210\271\257\306g\231i*\260\326k\001"";   nodeid: ""\260\000\000\000\000\000\000\000\000\000\000\000\000\000\000\000\000\000\000\000\000\000\000\000\000\000\000\000\000\000\000\000\001""; }; "
1750587296512,1750587296512,0,1,3,2,TMLedgerData,"ledgerHash: ""L\324\236aQ\361\020X\372\353 3\347\310*\253\021gT!>\003\325\254,\003\367\204\031\331\255\240""; ledgerSeq: 11; type: liBASE; nodes {;   nodedata: ""\000\000\000\013\001cEx]\211\377\330\276\322i\233\014\037\027Z\351\022\216@=S\205\334\033\374\234n\r\270\210]\013\203\356\024\366\354\260\007\000\000\000\000\000\000\000\000\000\000\000\000\000\000\000\000\000\000\000\000\000\000\000\000\000\000\000\000\000\000\000\000\240\025\355\310\022\266\235\233\370\314\304j\353\236\2226\000X\301\340@\337S\231\216\014J\216\013\244\024\350/\352\224\032/\352\224$\n\000""; }; nodes {;   nodedata: ""h\315\350\215y\203\242]\371\235\232Pt&\325\210eZ\346\237XZ \277\2457n\221\336\253\245\317\002\304\206+8\t]\351\316\373|\311\263V\300\023\035\211\237\260\300\r\033u3a1\203\303\365\307k\347\006E\344\037@\210\363\010\336T\226\247'\204_{\261\370""1\235\2445\343\033Y!\212\201\341\272\225'\007*$\244&\336\343'\233i\332\374\245 {^\306-N\333\gE\006\347\212\331C\211Z\177\247\031\n\237\257\n\260\220\310\355T\233\004V\376\375\211H\211\014\034\266\326\230\357c)\336\307m\253\253T,\240\013\202_n)6q\357\2538_-\302\252B\204v\277\254\373\3322Ca\020\243\0105\263\257\367\032\254\016\003""; }; ","ledgerHash: ""L\324\236aQ\361\020X\372\353 3\347\310*\253\021gT!>\003\325\254,\003\367\204\031\331\255\240""; ledgerSeq: 11; type: liBASE; nodes {;   nodedata: ""\000\000\000\013\001cEx]\211\377\330\276\322i\233\014\037\027Z\351\022\216@=S\205\334\033\374\234n\r\270\210]\013\203\356\024\366\354\260\007\000\000\000\000\000\000\000\000\000\000\000\000\000\000\000\000\000\000\000\000\000\000\000\000\000\000\000\000\000\000\000\000\240\025\355\310\022\266\235\233\370\314\304j\353\236\2226\000X\301\340@\337S\231\216\014J\216\013\244\024\350/\352\224\032/\352\224$\n\000""; }; nodes {;   nodedata: ""h\315\350\215y\203\242]\371\235\232Pt&\325\210eZ\346\237XZ \277\2457n\221\336\253\245\317\002\304\206+8\t]\351\316\373|\311\263V\300\023\035\211\237\260\300\r\033u3a1\203\303\365\307k\347\006E\344\037@\210\363\010\336T\226\247'\204_{\261\370""1\235\2445\343\033Y!\212\201\341\272\225'\007*$\244&\336\343'\233i\332\374\245 {^\306-N\333\gE\006\347\212\331C\211Z\177\247\031\n\237\257\n\260\220\310\355T\233\004V\376\375\211H\211\014\034\266\326\230\357c)\336\307m\253\253T,\240\013\202_n)6q\357\2538_-\302\252B\204v\277\254\373\3322Ca\020\243\0105\263\257\367\032\254\016\003""; }; "
1750587296512,1750587296512,0,1,3,1,TMGetLedger,"itype: liBASE; ledgerHash: ""L\324\236aQ\361\020X\372\353 3\347\310*\253\021gT!>\003\325\254,\003\367\204\031\331\255\240""; requestCookie: 2; queryType: qtINDIRECT; ","itype: liBASE; ledgerHash: ""L\324\236aQ\361\020X\372\353 3\347\310*\253\021gT!>\003\325\254,\003\367\204\031\331\255\240""; requestCookie: 2; queryType: qtINDIRECT; "
1750587296513,1750587296513,0,1,2,3,TMLedgerData,"ledgerHash: ""L\324\236aQ\361\020X\372\353 3\347\310*\253\021gT!>\003\325\254,\003\367\204\031\331\255\240""; ledgerSeq: 11; type: liBASE; nodes {;   nodedata: ""\000\000\000\013\001cEx]\211\377\330\276\322i\233\014\037\027Z\351\022\216@=S\205\334\033\374\234n\r\270\210]\013\203\356\024\366\354\260\007\000\000\000\000\000\000\000\000\000\000\000\000\000\000\000\000\000\000\000\000\000\000\000\000\000\000\000\000\000\000\000\000\240\025\355\310\022\266\235\233\370\314\304j\353\236\2226\000X\301\340@\337S\231\216\014J\216\013\244\024\350/\352\224\032/\352\224$\n\000""; }; nodes {;   nodedata: ""h\315\350\215y\203\242]\371\235\232Pt&\325\210eZ\346\237XZ \277\2457n\221\336\253\245\317\002\304\206+8\t]\351\316\373|\311\263V\300\023\035\211\237\260\300\r\033u3a1\203\303\365\307k\347\006E\344\037@\210\363\010\336T\226\247'\204_{\261\370""1\235\2445\343\033Y!\212\201\341\272\225'\007*$\244&\336\343'\233i\332\374\245 {^\306-N\333\gE\006\347\212\331C\211Z\177\247\031\n\237\257\n\260\220\310\355T\233\004V\376\375\211H\211\014\034\266\326\230\357c)\336\307m\253\253T,\240\013\202_n)6q\357\2538_-\302\252B\204v\277\254\373\3322Ca\020\243\0105\263\257\367\032\254\016\003""; }; ","ledgerHash: ""L\324\236aQ\361\020X\372\353 3\347\310*\253\021gT!>\003\325\254,\003\367\204\031\331\255\240""; ledgerSeq: 11; type: liBASE; nodes {;   nodedata: ""\000\000\000\013\001cEx]\211\377\330\276\322i\233\014\037\027Z\351\022\216@=S\205\334\033\374\234n\r\270\210]\013\203\356\024\366\354\260\007\000\000\000\000\000\000\000\000\000\000\000\000\000\000\000\000\000\000\000\000\000\000\000\000\000\000\000\000\000\000\000\000\240\025\355\310\022\266\235\233\370\314\304j\353\236\2226\000X\301\340@\337S\231\216\014J\216\013\244\024\350/\352\224\032/\352\224$\n\000""; }; nodes {;   nodedata: ""h\315\350\215y\203\242]\371\235\232Pt&\325\210eZ\346\237XZ \277\2457n\221\336\253\245\317\002\304\206+8\t]\351\316\373|\311\263V\300\023\035\211\237\260\300\r\033u3a1\203\303\365\307k\347\006E\344\037@\210\363\010\336T\226\247'\204_{\261\370""1\235\2445\343\033Y!\212\201\341\272\225'\007*$\244&\336\343'\233i\332\374\245 {^\306-N\333\gE\006\347\212\331C\211Z\177\247\031\n\237\257\n\260\220\310\355T\233\004V\376\375\211H\211\014\034\266\326\230\357c)\336\307m\253\253T,\240\013\202_n)6q\357\2538_-\302\252B\204v\277\254\373\3322Ca\020\243\0105\263\257\367\032\254\016\003""; }; "
1750587296514,1750587296514,0,1,2,1,TMGetLedger,"itype: liBASE; ledgerHash: ""L\324\236aQ\361\020X\372\353 3\347\310*\253\021gT!>\003\325\254,\003\367\204\031\331\255\240""; requestCookie: 2; queryType: qtINDIRECT; ","itype: liBASE; ledgerHash: ""L\324\236aQ\361\020X\372\353 3\347\310*\253\021gT!>\003\325\254,\003\367\204\031\331\255\240""; requestCookie: 2; queryType: qtINDIRECT; "
1750587296515,1750587296515,0,1,1,4,TMLedgerData,"ledgerHash: ""L\324\236aQ\361\020X\372\353 3\347\310*\253\021gT!>\003\325\254,\003\367\204\031\331\255\240""; ledgerSeq: 11; type: liBASE; nodes {;   nodedata: ""\000\000\000\013\001cEx]\211\377\330\276\322i\233\014\037\027Z\351\022\216@=S\205\334\033\374\234n\r\270\210]\013\203\356\024\366\354\260\007\000\000\000\000\000\000\000\000\000\000\000\000\000\000\000\000\000\000\000\000\000\000\000\000\000\000\000\000\000\000\000\000\240\025\355\310\022\266\235\233\370\314\304j\353\236\2226\000X\301\340@\337S\231\216\014J\216\013\244\024\350/\352\224\032/\352\224$\n\000""; }; nodes {;   nodedata: ""h\315\350\215y\203\242]\371\235\232Pt&\325\210eZ\346\237XZ \277\2457n\221\336\253\245\317\002\304\206+8\t]\351\316\373|\311\263V\300\023\035\211\237\260\300\r\033u3a1\203\303\365\307k\347\006E\344\037@\210\363\010\336T\226\247'\204_{\261\370""1\235\2445\343\033Y!\212\201\341\272\225'\007*$\244&\336\343'\233i\332\374\245 {^\306-N\333\gE\006\347\212\331C\211Z\177\247\031\n\237\257\n\260\220\310\355T\233\004V\376\375\211H\211\014\034\266\326\230\357c)\336\307m\253\253T,\240\013\202_n)6q\357\2538_-\302\252B\204v\277\254\373\3322Ca\020\243\0105\263\257\367\032\254\016\003""; }; ","ledgerHash: ""L\324\236aQ\361\020X\372\353 3\347\310*\253\021gT!>\003\325\254,\003\367\204\031\331\255\240""; ledgerSeq: 11; type: liBASE; nodes {;   nodedata: ""\000\000\000\013\001cEx]\211\377\330\276\322i\233\014\037\027Z\351\022\216@=S\205\334\033\374\234n\r\270\210]\013\203\356\024\366\354\260\007\000\000\000\000\000\000\000\000\000\000\000\000\000\000\000\000\000\000\000\000\000\000\000\000\000\000\000\000\000\000\000\000\240\025\355\310\022\266\235\233\370\314\304j\353\236\2226\000X\301\340@\337S\231\216\014J\216\013\244\024\350/\352\224\032/\352\224$\n\000""; }; nodes {;   nodedata: ""h\315\350\215y\203\242]\371\235\232Pt&\325\210eZ\346\237XZ \277\2457n\221\336\253\245\317\002\304\206+8\t]\351\316\373|\311\263V\300\023\035\211\237\260\300\r\033u3a1\203\303\365\307k\347\006E\344\037@\210\363\010\336T\226\247'\204_{\261\370""1\235\2445\343\033Y!\212\201\341\272\225'\007*$\244&\336\343'\233i\332\374\245 {^\306-N\333\gE\006\347\212\331C\211Z\177\247\031\n\237\257\n\260\220\310\355T\233\004V\376\375\211H\211\014\034\266\326\230\357c)\336\307m\253\253T,\240\013\202_n)6q\357\2538_-\302\252B\204v\277\254\373\3322Ca\020\243\0105\263\257\367\032\254\016\003""; }; "
1750587296515,1750587296516,0,1,1,4,TMLedgerData,"ledgerHash: ""L\324\236aQ\361\020X\372\353 3\347\310*\253\021gT!>\003\325\254,\003\367\204\031\331\255\240""; ledgerSeq: 11; type: liBASE; nodes {;   nodedata: ""\000\000\000\013\001cEx]\211\377\330\276\322i\233\014\037\027Z\351\022\216@=S\205\334\033\374\234n\r\270\210]\013\203\356\024\366\354\260\007\000\000\000\000\000\000\000\000\000\000\000\000\000\000\000\000\000\000\000\000\000\000\000\000\000\000\000\000\000\000\000\000\240\025\355\310\022\266\235\233\370\314\304j\353\236\2226\000X\301\340@\337S\231\216\014J\216\013\244\024\350/\352\224\032/\352\224$\n\000""; }; nodes {;   nodedata: ""h\315\350\215y\203\242]\371\235\232Pt&\325\210eZ\346\237XZ \277\2457n\221\336\253\245\317\002\304\206+8\t]\351\316\373|\311\263V\300\023\035\211\237\260\300\r\033u3a1\203\303\365\307k\347\006E\344\037@\210\363\010\336T\226\247'\204_{\261\370""1\235\2445\343\033Y!\212\201\341\272\225'\007*$\244&\336\343'\233i\332\374\245 {^\306-N\333\gE\006\347\212\331C\211Z\177\247\031\n\237\257\n\260\220\310\355T\233\004V\376\375\211H\211\014\034\266\326\230\357c)\336\307m\253\253T,\240\013\202_n)6q\357\2538_-\302\252B\204v\277\254\373\3322Ca\020\243\0105\263\257\367\032\254\016\003""; }; ","ledgerHash: ""L\324\236aQ\361\020X\372\353 3\347\310*\253\021gT!>\003\325\254,\003\367\204\031\331\255\240""; ledgerSeq: 11; type: liBASE; nodes {;   nodedata: ""\000\000\000\013\001cEx]\211\377\330\276\322i\233\014\037\027Z\351\022\216@=S\205\334\033\374\234n\r\270\210]\013\203\356\024\366\354\260\007\000\000\000\000\000\000\000\000\000\000\000\000\000\000\000\000\000\000\000\000\000\000\000\000\000\000\000\000\000\000\000\000\240\025\355\310\022\266\235\233\370\314\304j\353\236\2226\000X\301\340@\337S\231\216\014J\216\013\244\024\350/\352\224\032/\352\224$\n\000""; }; nodes {;   nodedata: ""h\315\350\215y\203\242]\371\235\232Pt&\325\210eZ\346\237XZ \277\2457n\221\336\253\245\317\002\304\206+8\t]\351\316\373|\311\263V\300\023\035\211\237\260\300\r\033u3a1\203\303\365\307k\347\006E\344\037@\210\363\010\336T\226\247'\204_{\261\370""1\235\2445\343\033Y!\212\201\341\272\225'\007*$\244&\336\343'\233i\332\374\245 {^\306-N\333\gE\006\347\212\331C\211Z\177\247\031\n\237\257\n\260\220\310\355T\233\004V\376\375\211H\211\014\034\266\326\230\357c)\336\307m\253\253T,\240\013\202_n)6q\357\2538_-\302\252B\204v\277\254\373\3322Ca\020\243\0105\263\257\367\032\254\016\003""; }; "
1750587296517,1750587296518,0,1,1,0,TMLedgerData,"ledgerHash: ""L\324\236aQ\361\020X\372\353 3\347\310*\253\021gT!>\003\325\254,\003\367\204\031\331\255\240""; ledgerSeq: 11; type: liAS_NODE; nodes {;   nodedata: ""\021\000h""\000\000\000\000 \033\000\000\000\n\002\023\301\237\330\356GuH\375\327!\255\371\r\231\262R\256J\034\222\241\355X\265E\241^W\225\304\014\361CX-}\351f\032\255\274\334m\326c\017\014ao[\342\230\003\245\245\3341Hm\326^\017jy\335\261\214.\207\210%\003 \010ML\347\200R\304&\320_\215\226\344\334\033\354\2002\255\216\332\317\255\034\017T\270\242(,&\233\326\374o\306[\235\317>\021e\005s\261\371l\216\017\003\032\017J\217\244W<\241'\332/+\360Bx\036+\210j\237K%\340]\246E\2434\264K\036\030qP\317\315\336\325\007\372\373$P*|\321\342\002\026\n\3215\340\3203\200x\327D\301]5\237\247Yz\3711!L\214\221=\252\002\267\225zg\264\253\271T\346ji\003\235\236Pis\264\375\222|H\344\261g?[g\311\347s\234ae\204\263\365U\334\372D\354\345\276\201f\035\271%#\375\245\314.""\373\330&\3746\354@[\274\202\021\202\373Vi\243\n\325\250\005e\360""m\346'\311@\343\016$L\346\334\360<w\317\351\2337\023\262\336W\254\222\315\335\317oP\221\031g\037\220\357Ft\030n\306\370\n\354\226\365\346\276\322i\233\014\037\027Z\351\022\216@=S\205\334\033\374\234n\r\270\210]\013\203\356\024\366\354\260\007\264\227\2326\315\307\363\323\325\303\032N\256*\307\327 \235\332\207u\210\271\257\306g\231i*\260\326k\001"";   nodeid: ""\260\000\000\000\000\000\000\000\000\000\000\000\000\000\000\000\000\000\000\000\000\000\000\000\000\000\000\000\000\000\000\000\001""; }; ","ledgerHash: ""L\324\236aQ\361\020X\372\353 3\347\310*\253\021gT!>\003\325\254,\003\367\204\031\331\255\240""; ledgerSeq: 11; type: liAS_NODE; nodes {;   nodedata: ""\021\000h""\000\000\000\000 \033\000\000\000\n\002\023\301\237\330\356GuH\375\327!\255\371\r\231\262R\256J\034\222\241\355X\265E\241^W\225\304\014\361CX-}\351f\032\255\274\334m\326c\017\014ao[\342\230\003\245\245\3341Hm\326^\017jy\335\261\214.\207\210%\003 \010ML\347\200R\304&\320_\215\226\344\334\033\354\2002\255\216\332\317\255\034\017T\270\242(,&\233\326\374o\306[\235\317>\021e\005s\261\371l\216\017\003\032\017J\217\244W<\241'\332/+\360Bx\036+\210j\237K%\340]\246E\2434\264K\036\030qP\317\315\336\325\007\372\373$P*|\321\342\002\026\n\3215\340\3203\200x\327D\301]5\237\247Yz\3711!L\214\221=\252\002\267\225zg\264\253\271T\346ji\003\235\236Pis\264\375\222|H\344\261g?[g\311\347s\234ae\204\263\365U\334\372D\354\345\276\201f\035\271%#\375\245\314.""\373\330&\3746\354@[\274\202\021\202\373Vi\243\n\325\250\005e\360""m\346'\311@\343\016$L\346\334\360<w\317\351\2337\023\262\336W\254\222\315\335\317oP\221\031g\037\220\357Ft\030n\306\370\n\354\226\365\346\276\322i\233\014\037\027Z\351\022\216@=S\205\334\033\374\234n\r\270\210]\013\203\356\024\366\354\260\007\264\227\2326\315\307\363\323\325\303\032N\256*\307\327 \235\332\207u\210\271\257\306g\231i*\260\326k\001"";   nodeid: ""\260\000\000\000\000\000\000\000\000\000\000\000\000\000\000\000\000\000\000\000\000\000\000\000\000\000\000\000\000\000\000\000\001""; }; "
1750587296519,1750587296519,0,1,2,4,TMLedgerData,"ledgerHash: ""L\324\236aQ\361\020X\372\353 3\347\310*\253\021gT!>\003\325\254,\003\367\204\031\331\255\240""; ledgerSeq: 11; type: liBASE; nodes {;   nodedata: ""\000\000\000\013\001cEx]\211\377\330\276\322i\233\014\037\027Z\351\022\216@=S\205\334\033\374\234n\r\270\210]\013\203\356\024\366\354\260\007\000\000\000\000\000\000\000\000\000\000\000\000\000\000\000\000\000\000\000\000\000\000\000\000\000\000\000\000\000\000\000\000\240\025\355\310\022\266\235\233\370\314\304j\353\236\2226\000X\301\340@\337S\231\216\014J\216\013\244\024\350/\352\224\032/\352\224$\n\000""; }; nodes {;   nodedata: ""h\315\350\215y\203\242]\371\235\232Pt&\325\210eZ\346\237XZ \277\2457n\221\336\253\245\317\002\304\206+8\t]\351\316\373|\311\263V\300\023\035\211\237\260\300\r\033u3a1\203\303\365\307k\347\006E\344\037@\210\363\010\336T\226\247'\204_{\261\370""1\235\2445\343\033Y!\212\201\341\272\225'\007*$\244&\336\343'\233i\332\374\245 {^\306-N\333\gE\006\347\212\331C\211Z\177\247\031\n\237\257\n\260\220\310\355T\233\004V\376\375\211H\211\014\034\266\326\230\357c)\336\307m\253\253T,\240\013\202_n)6q\357\2538_-\302\252B\204v\277\254\373\3322Ca\020\243\0105\263\257\367\032\254\016\003""; }; ","ledgerHash: ""L\324\236aQ\361\020X\372\353 3\347\310*\253\021gT!>\003\325\254,\003\367\204\031\331\255\240""; ledgerSeq: 11; type: liBASE; nodes {;   nodedata: ""\000\000\000\013\001cEx]\211\377\330\276\322i\233\014\037\027Z\351\022\216@=S\205\334\033\374\234n\r\270\210]\013\203\356\024\366\354\260\007\000\000\000\000\000\000\000\000\000\000\000\000\000\000\000\000\000\000\000\000\000\000\000\000\000\000\000\000\000\000\000\000\240\025\355\310\022\266\235\233\370\314\304j\353\236\2226\000X\301\340@\337S\231\216\014J\216\013\244\024\350/\352\224\032/\352\224$\n\000""; }; nodes {;   nodedata: ""h\315\350\215y\203\242]\371\235\232Pt&\325\210eZ\346\237XZ \277\2457n\221\336\253\245\317\002\304\206+8\t]\351\316\373|\311\263V\300\023\035\211\237\260\300\r\033u3a1\203\303\365\307k\347\006E\344\037@\210\363\010\336T\226\247'\204_{\261\370""1\235\2445\343\033Y!\212\201\341\272\225'\007*$\244&\336\343'\233i\332\374\245 {^\306-N\333\gE\006\347\212\331C\211Z\177\247\031\n\237\257\n\260\220\310\355T\233\004V\376\375\211H\211\014\034\266\326\230\357c)\336\307m\253\253T,\240\013\202_n)6q\357\2538_-\302\252B\204v\277\254\373\3322Ca\020\243\0105\263\257\367\032\254\016\003""; }; "
1750587296519,1750587296519,0,1,3,4,TMLedgerData,"ledgerHash: ""L\324\236aQ\361\020X\372\353 3\347\310*\253\021gT!>\003\325\254,\003\367\204\031\331\255\240""; ledgerSeq: 11; type: liBASE; nodes {;   nodedata: ""\000\000\000\013\001cEx]\211\377\330\276\322i\233\014\037\027Z\351\022\216@=S\205\334\033\374\234n\r\270\210]\013\203\356\024\366\354\260\007\000\000\000\000\000\000\000\000\000\000\000\000\000\000\000\000\000\000\000\000\000\000\000\000\000\000\000\000\000\000\000\000\240\025\355\310\022\266\235\233\370\314\304j\353\236\2226\000X\301\340@\337S\231\216\014J\216\013\244\024\350/\352\224\032/\352\224$\n\000""; }; nodes {;   nodedata: ""h\315\350\215y\203\242]\371\235\232Pt&\325\210eZ\346\237XZ \277\2457n\221\336\253\245\317\002\304\206+8\t]\351\316\373|\311\263V\300\023\035\211\237\260\300\r\033u3a1\203\303\365\307k\347\006E\344\037@\210\363\010\336T\226\247'\204_{\261\370""1\235\2445\343\033Y!\212\201\341\272\225'\007*$\244&\336\343'\233i\332\374\245 {^\306-N\333\gE\006\347\212\331C\211Z\177\247\031\n\237\257\n\260\220\310\355T\233\004V\376\375\211H\211\014\034\266\326\230\357c)\336\307m\253\253T,\240\013\202_n)6q\357\2538_-\302\252B\204v\277\254\373\3322Ca\020\243\0105\263\257\367\032\254\016\003""; }; ","ledgerHash: ""L\324\236aQ\361\020X\372\353 3\347\310*\253\021gT!>\003\325\254,\003\367\204\031\331\255\240""; ledgerSeq: 11; type: liBASE; nodes {;   nodedata: ""\000\000\000\013\001cEx]\211\377\330\276\322i\233\014\037\027Z\351\022\216@=S\205\334\033\374\234n\r\270\210]\013\203\356\024\366\354\260\007\000\000\000\000\000\000\000\000\000\000\000\000\000\000\000\000\000\000\000\000\000\000\000\000\000\000\000\000\000\000\000\000\240\025\355\310\022\266\235\233\370\314\304j\353\236\2226\000X\301\340@\337S\231\216\014J\216\013\244\024\350/\352\224\032/\352\224$\n\000""; }; nodes {;   nodedata: ""h\315\350\215y\203\242]\371\235\232Pt&\325\210eZ\346\237XZ \277\2457n\221\336\253\245\317\002\304\206+8\t]\351\316\373|\311\263V\300\023\035\211\237\260\300\r\033u3a1\203\303\365\307k\347\006E\344\037@\210\363\010\336T\226\247'\204_{\261\370""1\235\2445\343\033Y!\212\201\341\272\225'\007*$\244&\336\343'\233i\332\374\245 {^\306-N\333\gE\006\347\212\331C\211Z\177\247\031\n\237\257\n\260\220\310\355T\233\004V\376\375\211H\211\014\034\266\326\230\357c)\336\307m\253\253T,\240\013\202_n)6q\357\2538_-\302\252B\204v\277\254\373\3322Ca\020\243\0105\263\257\367\032\254\016\003""; }; "
1750587296520,1750587296520,0,1,1,3,TMLedgerData,"ledgerHash: ""L\324\236aQ\361\020X\372\353 3\347\310*\253\021gT!>\003\325\254,\003\367\204\031\331\255\240""; ledgerSeq: 11; type: liBASE; nodes {;   nodedata: ""\000\000\000\013\001cEx]\211\377\330\276\322i\233\014\037\027Z\351\022\216@=S\205\334\033\374\234n\r\270\210]\013\203\356\024\366\354\260\007\000\000\000\000\000\000\000\000\000\000\000\000\000\000\000\000\000\000\000\000\000\000\000\000\000\000\000\000\000\000\000\000\240\025\355\310\022\266\235\233\370\314\304j\353\236\2226\000X\301\340@\337S\231\216\014J\216\013\244\024\350/\352\224\032/\352\224$\n\000""; }; nodes {;   nodedata: ""h\315\350\215y\203\242]\371\235\232Pt&\325\210eZ\346\237XZ \277\2457n\221\336\253\245\317\002\304\206+8\t]\351\316\373|\311\263V\300\023\035\211\237\260\300\r\033u3a1\203\303\365\307k\347\006E\344\037@\210\363\010\336T\226\247'\204_{\261\370""1\235\2445\343\033Y!\212\201\341\272\225'\007*$\244&\336\343'\233i\332\374\245 {^\306-N\333\gE\006\347\212\331C\211Z\177\247\031\n\237\257\n\260\220\310\355T\233\004V\376\375\211H\211\014\034\266\326\230\357c)\336\307m\253\253T,\240\013\202_n)6q\357\2538_-\302\252B\204v\277\254\373\3322Ca\020\243\0105\263\257\367\032\254\016\003""; }; requestCookie: 2; ","ledgerHash: ""L\324\236aQ\361\020X\372\353 3\347\310*\253\021gT!>\003\325\254,\003\367\204\031\331\255\240""; ledgerSeq: 11; type: liBASE; nodes {;   nodedata: ""\000\000\000\013\001cEx]\211\377\330\276\322i\233\014\037\027Z\351\022\216@=S\205\334\033\374\234n\r\270\210]\013\203\356\024\366\354\260\007\000\000\000\000\000\000\000\000\000\000\000\000\000\000\000\000\000\000\000\000\000\000\000\000\000\000\000\000\000\000\000\000\240\025\355\310\022\266\235\233\370\314\304j\353\236\2226\000X\301\340@\337S\231\216\014J\216\013\244\024\350/\352\224\032/\352\224$\n\000""; }; nodes {;   nodedata: ""h\315\350\215y\203\242]\371\235\232Pt&\325\210eZ\346\237XZ \277\2457n\221\336\253\245\317\002\304\206+8\t]\351\316\373|\311\263V\300\023\035\211\237\260\300\r\033u3a1\203\303\365\307k\347\006E\344\037@\210\363\010\336T\226\247'\204_{\261\370""1\235\2445\343\033Y!\212\201\341\272\225'\007*$\244&\336\343'\233i\332\374\245 {^\306-N\333\gE\006\347\212\331C\211Z\177\247\031\n\237\257\n\260\220\310\355T\233\004V\376\375\211H\211\014\034\266\326\230\357c)\336\307m\253\253T,\240\013\202_n)6q\357\2538_-\302\252B\204v\277\254\373\3322Ca\020\243\0105\263\257\367\032\254\016\003""; }; requestCookie: 2; "
1750587296521,1750587296521,0,1,1,2,TMLedgerData,"ledgerHash: ""L\324\236aQ\361\020X\372\353 3\347\310*\253\021gT!>\003\325\254,\003\367\204\031\331\255\240""; ledgerSeq: 11; type: liBASE; nodes {;   nodedata: ""\000\000\000\013\001cEx]\211\377\330\276\322i\233\014\037\027Z\351\022\216@=S\205\334\033\374\234n\r\270\210]\013\203\356\024\366\354\260\007\000\000\000\000\000\000\000\000\000\000\000\000\000\000\000\000\000\000\000\000\000\000\000\000\000\000\000\000\000\000\000\000\240\025\355\310\022\266\235\233\370\314\304j\353\236\2226\000X\301\340@\337S\231\216\014J\216\013\244\024\350/\352\224\032/\352\224$\n\000""; }; nodes {;   nodedata: ""h\315\350\215y\203\242]\371\235\232Pt&\325\210eZ\346\237XZ \277\2457n\221\336\253\245\317\002\304\206+8\t]\351\316\373|\311\263V\300\023\035\211\237\260\300\r\033u3a1\203\303\365\307k\347\006E\344\037@\210\363\010\336T\226\247'\204_{\261\370""1\235\2445\343\033Y!\212\201\341\272\225'\007*$\244&\336\343'\233i\332\374\245 {^\306-N\333\gE\006\347\212\331C\211Z\177\247\031\n\237\257\n\260\220\310\355T\233\004V\376\375\211H\211\014\034\266\326\230\357c)\336\307m\253\253T,\240\013\202_n)6q\357\2538_-\302\252B\204v\277\254\373\3322Ca\020\243\0105\263\257\367\032\254\016\003""; }; requestCookie: 2; ","ledgerHash: ""L\324\236aQ\361\020X\372\353 3\347\310*\253\021gT!>\003\325\254,\003\367\204\031\331\255\240""; ledgerSeq: 11; type: liBASE; nodes {;   nodedata: ""\000\000\000\013\001cEx]\211\377\330\276\322i\233\014\037\027Z\351\022\216@=S\205\334\033\374\234n\r\270\210]\013\203\356\024\366\354\260\007\000\000\000\000\000\000\000\000\000\000\000\000\000\000\000\000\000\000\000\000\000\000\000\000\000\000\000\000\000\000\000\000\240\025\355\310\022\266\235\233\370\314\304j\353\236\2226\000X\301\340@\337S\231\216\014J\216\013\244\024\350/\352\224\032/\352\224$\n\000""; }; nodes {;   nodedata: ""h\315\350\215y\203\242]\371\235\232Pt&\325\210eZ\346\237XZ \277\2457n\221\336\253\245\317\002\304\206+8\t]\351\316\373|\311\263V\300\023\035\211\237\260\300\r\033u3a1\203\303\365\307k\347\006E\344\037@\210\363\010\336T\226\247'\204_{\261\370""1\235\2445\343\033Y!\212\201\341\272\225'\007*$\244&\336\343'\233i\332\374\245 {^\306-N\333\gE\006\347\212\331C\211Z\177\247\031\n\237\257\n\260\220\310\355T\233\004V\376\375\211H\211\014\034\266\326\230\357c)\336\307m\253\253T,\240\013\202_n)6q\357\2538_-\302\252B\204v\277\254\373\3322Ca\020\243\0105\263\257\367\032\254\016\003""; }; requestCookie: 2; "
1750587296522,1750587296522,0,1,4,1,TMGetLedger,"itype: liBASE; ledgerHash: ""L\324\236aQ\361\020X\372\353 3\347\310*\253\021gT!>\003\325\254,\003\367\204\031\331\255\240""; requestCookie: 1; queryType: qtINDIRECT; ","itype: liBASE; ledgerHash: ""L\324\236aQ\361\020X\372\353 3\347\310*\253\021gT!>\003\325\254,\003\367\204\031\331\255\240""; requestCookie: 1; queryType: qtINDIRECT; "
1750587296523,1750587296523,0,1,4,1,TMGetLedger,"itype: liAS_NODE; ledgerHash: ""L\324\236aQ\361\020X\372\353 3\347\310*\253\021gT!>\003\325\254,\003\367\204\031\331\255\240""; ledgerSeq: 11; nodeIDs: ""\260\000\000\000\000\000\000\000\000\000\000\000\000\000\000\000\000\000\000\000\000\000\000\000\000\000\000\000\000\000\000\000\001""; queryType: qtINDIRECT; queryDepth: 1; ","itype: liAS_NODE; ledgerHash: ""L\324\236aQ\361\020X\372\353 3\347\310*\253\021gT!>\003\325\254,\003\367\204\031\331\255\240""; ledgerSeq: 11; nodeIDs: ""\260\000\000\000\000\000\000\000\000\000\000\000\000\000\000\000\000\000\000\000\000\000\000\000\000\000\000\000\000\000\000\000\001""; queryType: qtINDIRECT; queryDepth: 1; "
1750587296525,1750587296526,0,1,3,0,TMLedgerData,"ledgerHash: ""L\324\236aQ\361\020X\372\353 3\347\310*\253\021gT!>\003\325\254,\003\367\204\031\331\255\240""; ledgerSeq: 11; type: liBASE; nodes {;   nodedata: ""\000\000\000\013\001cEx]\211\377\330\276\322i\233\014\037\027Z\351\022\216@=S\205\334\033\374\234n\r\270\210]\013\203\356\024\366\354\260\007\000\000\000\000\000\000\000\000\000\000\000\000\000\000\000\000\000\000\000\000\000\000\000\000\000\000\000\000\000\000\000\000\240\025\355\310\022\266\235\233\370\314\304j\353\236\2226\000X\301\340@\337S\231\216\014J\216\013\244\024\350/\352\224\032/\352\224$\n\000""; }; nodes {;   nodedata: ""h\315\350\215y\203\242]\371\235\232Pt&\325\210eZ\346\237XZ \277\2457n\221\336\253\245\317\002\304\206+8\t]\351\316\373|\311\263V\300\023\035\211\237\260\300\r\033u3a1\203\303\365\307k\347\006E\344\037@\210\363\010\336T\226\247'\204_{\261\370""1\235\2445\343\033Y!\212\201\341\272\225'\007*$\244&\336\343'\233i\332\374\245 {^\306-N\333\gE\006\347\212\331C\211Z\177\247\031\n\237\257\n\260\220\310\355T\233\004V\376\375\211H\211\014\034\266\326\230\357c)\336\307m\253\253T,\240\013\202_n)6q\357\2538_-\302\252B\204v\277\254\373\3322Ca\020\243\0105\263\257\367\032\254\016\003""; }; ","ledgerHash: ""L\324\236aQ\361\020X\372\353 3\347\310*\253\021gT!>\003\325\254,\003\367\204\031\331\255\240""; ledgerSeq: 11; type: liBASE; nodes {;   nodedata: ""\000\000\000\013\001cEx]\211\377\330\276\322i\233\014\037\027Z\351\022\216@=S\205\334\033\374\234n\r\270\210]\013\203\356\024\366\354\260\007\000\000\000\000\000\000\000\000\000\000\000\000\000\000\000\000\000\000\000\000\000\000\000\000\000\000\000\000\000\000\000\000\240\025\355\310\022\266\235\233\370\314\304j\353\236\2226\000X\301\340@\337S\231\216\014J\216\013\244\024\350/\352\224\032/\352\224$\n\000""; }; nodes {;   nodedata: ""h\315\350\215y\203\242]\371\235\232Pt&\325\210eZ\346\237XZ \277\2457n\221\336\253\245\317\002\304\206+8\t]\351\316\373|\311\263V\300\023\035\211\237\260\300\r\033u3a1\203\303\365\307k\347\006E\344\037@\210\363\010\336T\226\247'\204_{\261\370""1\235\2445\343\033Y!\212\201\341\272\225'\007*$\244&\336\343'\233i\332\374\245 {^\306-N\333\gE\006\347\212\331C\211Z\177\247\031\n\237\257\n\260\220\310\355T\233\004V\376\375\211H\211\014\034\266\326\230\357c)\336\307m\253\253T,\240\013\202_n)6q\357\2538_-\302\252B\204v\277\254\373\3322Ca\020\243\0105\263\257\367\032\254\016\003""; }; "
1750587296526,1750587296527,0,1,2,0,TMLedgerData,"ledgerHash: ""L\324\236aQ\361\020X\372\353 3\347\310*\253\021gT!>\003\325\254,\003\367\204\031\331\255\240""; ledgerSeq: 11; type: liBASE; nodes {;   nodedata: ""\000\000\000\013\001cEx]\211\377\330\276\322i\233\014\037\027Z\351\022\216@=S\205\334\033\374\234n\r\270\210]\013\203\356\024\366\354\260\007\000\000\000\000\000\000\000\000\000\000\000\000\000\000\000\000\000\000\000\000\000\000\000\000\000\000\000\000\000\000\000\000\240\025\355\310\022\266\235\233\370\314\304j\353\236\2226\000X\301\340@\337S\231\216\014J\216\013\244\024\350/\352\224\032/\352\224$\n\000""; }; nodes {;   nodedata: ""h\315\350\215y\203\242]\371\235\232Pt&\325\210eZ\346\237XZ \277\2457n\221\336\253\245\317\002\304\206+8\t]\351\316\373|\311\263V\300\023\035\211\237\260\300\r\033u3a1\203\303\365\307k\347\006E\344\037@\210\363\010\336T\226\247'\204_{\261\370""1\235\2445\343\033Y!\212\201\341\272\225'\007*$\244&\336\343'\233i\332\374\245 {^\306-N\333\gE\006\347\212\331C\211Z\177\247\031\n\237\257\n\260\220\310\355T\233\004V\376\375\211H\211\014\034\266\326\230\357c)\336\307m\253\253T,\240\013\202_n)6q\357\2538_-\302\252B\204v\277\254\373\3322Ca\020\243\0105\263\257\367\032\254\016\003""; }; ","ledgerHash: ""L\324\236aQ\361\020X\372\353 3\347\310*\253\021gT!>\003\325\254,\003\367\204\031\331\255\240""; ledgerSeq: 11; type: liBASE; nodes {;   nodedata: ""\000\000\000\013\001cEx]\211\377\330\276\322i\233\014\037\027Z\351\022\216@=S\205\334\033\374\234n\r\270\210]\013\203\356\024\366\354\260\007\000\000\000\000\000\000\000\000\000\000\000\000\000\000\000\000\000\000\000\000\000\000\000\000\000\000\000\000\000\000\000\000\240\025\355\310\022\266\235\233\370\314\304j\353\236\2226\000X\301\340@\337S\231\216\014J\216\013\244\024\350/\352\224\032/\352\224$\n\000""; }; nodes {;   nodedata: ""h\315\350\215y\203\242]\371\235\232Pt&\325\210eZ\346\237XZ \277\2457n\221\336\253\245\317\002\304\206+8\t]\351\316\373|\311\263V\300\023\035\211\237\260\300\r\033u3a1\203\303\365\307k\347\006E\344\037@\210\363\010\336T\226\247'\204_{\261\370""1\235\2445\343\033Y!\212\201\341\272\225'\007*$\244&\336\343'\233i\332\374\245 {^\306-N\333\gE\006\347\212\331C\211Z\177\247\031\n\237\257\n\260\220\310\355T\233\004V\376\375\211H\211\014\034\266\326\230\357c)\336\307m\253\253T,\240\013\202_n)6q\357\2538_-\302\252B\204v\277\254\373\3322Ca\020\243\0105\263\257\367\032\254\016\003""; }; "
1750587296527,1750587296527,0,1,1,4,TMLedgerData,"ledgerHash: ""L\324\236aQ\361\020X\372\353 3\347\310*\253\021gT!>\003\325\254,\003\367\204\031\331\255\240""; ledgerSeq: 11; type: liBASE; nodes {;   nodedata: ""\000\000\000\013\001cEx]\211\377\330\276\322i\233\014\037\027Z\351\022\216@=S\205\334\033\374\234n\r\270\210]\013\203\356\024\366\354\260\007\000\000\000\000\000\000\000\000\000\000\000\000\000\000\000\000\000\000\000\000\000\000\000\000\000\000\000\000\000\000\000\000\240\025\355\310\022\266\235\233\370\314\304j\353\236\2226\000X\301\340@\337S\231\216\014J\216\013\244\024\350/\352\224\032/\352\224$\n\000""; }; nodes {;   nodedata: ""h\315\350\215y\203\242]\371\235\232Pt&\325\210eZ\346\237XZ \277\2457n\221\336\253\245\317\002\304\206+8\t]\351\316\373|\311\263V\300\023\035\211\237\260\300\r\033u3a1\203\303\365\307k\347\006E\344\037@\210\363\010\336T\226\247'\204_{\261\370""1\235\2445\343\033Y!\212\201\341\272\225'\007*$\244&\336\343'\233i\332\374\245 {^\306-N\333\gE\006\347\212\331C\211Z\177\247\031\n\237\257\n\260\220\310\355T\233\004V\376\375\211H\211\014\034\266\326\230\357c)\336\307m\253\253T,\240\013\202_n)6q\357\2538_-\302\252B\204v\277\254\373\3322Ca\020\243\0105\263\257\367\032\254\016\003""; }; requestCookie: 4; ","ledgerHash: ""L\324\236aQ\361\020X\372\353 3\347\310*\253\021gT!>\003\325\254,\003\367\204\031\331\255\240""; ledgerSeq: 11; type: liBASE; nodes {;   nodedata: ""\000\000\000\013\001cEx]\211\377\330\276\322i\233\014\037\027Z\351\022\216@=S\205\334\033\374\234n\r\270\210]\013\203\356\024\366\354\260\007\000\000\000\000\000\000\000\000\000\000\000\000\000\000\000\000\000\000\000\000\000\000\000\000\000\000\000\000\000\000\000\000\240\025\355\310\022\266\235\233\370\314\304j\353\236\2226\000X\301\340@\337S\231\216\014J\216\013\244\024\350/\352\224\032/\352\224$\n\000""; }; nodes {;   nodedata: ""h\315\350\215y\203\242]\371\235\232Pt&\325\210eZ\346\237XZ \277\2457n\221\336\253\245\317\002\304\206+8\t]\351\316\373|\311\263V\300\023\035\211\237\260\300\r\033u3a1\203\303\365\307k\347\006E\344\037@\210\363\010\336T\226\247'\204_{\261\370""1\235\2445\343\033Y!\212\201\341\272\225'\007*$\244&\336\343'\233i\332\374\245 {^\306-N\333\gE\006\347\212\331C\211Z\177\247\031\n\237\257\n\260\220\310\355T\233\004V\376\375\211H\211\014\034\266\326\230\357c)\336\307m\253\253T,\240\013\202_n)6q\357\2538_-\302\252B\204v\277\254\373\3322Ca\020\243\0105\263\257\367\032\254\016\003""; }; requestCookie: 4; "
1750587296528,1750587296528,0,1,1,4,TMLedgerData,"ledgerHash: ""L\324\236aQ\361\020X\372\353 3\347\310*\253\021gT!>\003\325\254,\003\367\204\031\331\255\240""; ledgerSeq: 11; type: liBASE; nodes {;   nodedata: ""\000\000\000\013\001cEx]\211\377\330\276\322i\233\014\037\027Z\351\022\216@=S\205\334\033\374\234n\r\270\210]\013\203\356\024\366\354\260\007\000\000\000\000\000\000\000\000\000\000\000\000\000\000\000\000\000\000\000\000\000\000\000\000\000\000\000\000\000\000\000\000\240\025\355\310\022\266\235\233\370\314\304j\353\236\2226\000X\301\340@\337S\231\216\014J\216\013\244\024\350/\352\224\032/\352\224$\n\000""; }; nodes {;   nodedata: ""h\315\350\215y\203\242]\371\235\232Pt&\325\210eZ\346\237XZ \277\2457n\221\336\253\245\317\002\304\206+8\t]\351\316\373|\311\263V\300\023\035\211\237\260\300\r\033u3a1\203\303\365\307k\347\006E\344\037@\210\363\010\336T\226\247'\204_{\261\370""1\235\2445\343\033Y!\212\201\341\272\225'\007*$\244&\336\343'\233i\332\374\245 {^\306-N\333\gE\006\347\212\331C\211Z\177\247\031\n\237\257\n\260\220\310\355T\233\004V\376\375\211H\211\014\034\266\326\230\357c)\336\307m\253\253T,\240\013\202_n)6q\357\2538_-\302\252B\204v\277\254\373\3322Ca\020\243\0105\263\257\367\032\254\016\003""; }; requestCookie: 1; ","ledgerHash: ""L\324\236aQ\361\020X\372\353 3\347\310*\253\021gT!>\003\325\254,\003\367\204\031\331\255\240""; ledgerSeq: 11; type: liBASE; nodes {;   nodedata: ""\000\000\000\013\001cEx]\211\377\330\276\322i\233\014\037\027Z\351\022\216@=S\205\334\033\374\234n\r\270\210]\013\203\356\024\366\354\260\007\000\000\000\000\000\000\000\000\000\000\000\000\000\000\000\000\000\000\000\000\000\000\000\000\000\000\000\000\000\000\000\000\240\025\355\310\022\266\235\233\370\314\304j\353\236\2226\000X\301\340@\337S\231\216\014J\216\013\244\024\350/\352\224\032/\352\224$\n\000""; }; nodes {;   nodedata: ""h\315\350\215y\203\242]\371\235\232Pt&\325\210eZ\346\237XZ \277\2457n\221\336\253\245\317\002\304\206+8\t]\351\316\373|\311\263V\300\023\035\211\237\260\300\r\033u3a1\203\303\365\307k\347\006E\344\037@\210\363\010\336T\226\247'\204_{\261\370""1\235\2445\343\033Y!\212\201\341\272\225'\007*$\244&\336\343'\233i\332\374\245 {^\306-N\333\gE\006\347\212\331C\211Z\177\247\031\n\237\257\n\260\220\310\355T\233\004V\376\375\211H\211\014\034\266\326\230\357c)\336\307m\253\253T,\240\013\202_n)6q\357\2538_-\302\252B\204v\277\254\373\3322Ca\020\243\0105\263\257\367\032\254\016\003""; }; requestCookie: 1; "
1750587296529,1750587296530,0,1,4,3,TMLedgerData,"ledgerHash: ""L\324\236aQ\361\020X\372\353 3\347\310*\253\021gT!>\003\325\254,\003\367\204\031\331\255\240""; ledgerSeq: 11; type: liBASE; nodes {;   nodedata: ""\000\000\000\013\001cEx]\211\377\330\276\322i\233\014\037\027Z\351\022\216@=S\205\334\033\374\234n\r\270\210]\013\203\356\024\366\354\260\007\000\000\000\000\000\000\000\000\000\000\000\000\000\000\000\000\000\000\000\000\000\000\000\000\000\000\000\000\000\000\000\000\240\025\355\310\022\266\235\233\370\314\304j\353\236\2226\000X\301\340@\337S\231\216\014J\216\013\244\024\350/\352\224\032/\352\224$\n\000""; }; nodes {;   nodedata: ""h\315\350\215y\203\242]\371\235\232Pt&\325\210eZ\346\237XZ \277\2457n\221\336\253\245\317\002\304\206+8\t]\351\316\373|\311\263V\300\023\035\211\237\260\300\r\033u3a1\203\303\365\307k\347\006E\344\037@\210\363\010\336T\226\247'\204_{\261\370""1\235\2445\343\033Y!\212\201\341\272\225'\007*$\244&\336\343'\233i\332\374\245 {^\306-N\333\gE\006\347\212\331C\211Z\177\247\031\n\237\257\n\260\220\310\355T\233\004V\376\375\211H\211\014\034\266\326\230\357c)\336\307m\253\253T,\240\013\202_n)6q\357\2538_-\302\252B\204v\277\254\373\3322Ca\020\243\0105\263\257\367\032\254\016\003""; }; ","ledgerHash: ""L\324\236aQ\361\020X\372\353 3\347\310*\253\021gT!>\003\325\254,\003\367\204\031\331\255\240""; ledgerSeq: 11; type: liBASE; nodes {;   nodedata: ""\000\000\000\013\001cEx]\211\377\330\276\322i\233\014\037\027Z\351\022\216@=S\205\334\033\374\234n\r\270\210]\013\203\356\024\366\354\260\007\000\000\000\000\000\000\000\000\000\000\000\000\000\000\000\000\000\000\000\000\000\000\000\000\000\000\000\000\000\000\000\000\240\025\355\310\022\266\235\233\370\314\304j\353\236\2226\000X\301\340@\337S\231\216\014J\216\013\244\024\350/\352\224\032/\352\224$\n\000""; }; nodes {;   nodedata: ""h\315\350\215y\203\242]\371\235\232Pt&\325\210eZ\346\237XZ \277\2457n\221\336\253\245\317\002\304\206+8\t]\351\316\373|\311\263V\300\023\035\211\237\260\300\r\033u3a1\203\303\365\307k\347\006E\344\037@\210\363\010\336T\226\247'\204_{\261\370""1\235\2445\343\033Y!\212\201\341\272\225'\007*$\244&\336\343'\233i\332\374\245 {^\306-N\333\gE\006\347\212\331C\211Z\177\247\031\n\237\257\n\260\220\310\355T\233\004V\376\375\211H\211\014\034\266\326\230\357c)\336\307m\253\253T,\240\013\202_n)6q\357\2538_-\302\252B\204v\277\254\373\3322Ca\020\243\0105\263\257\367\032\254\016\003""; }; "
1750587296531,1750587296531,0,1,4,0,TMLedgerData,"ledgerHash: ""L\324\236aQ\361\020X\372\353 3\347\310*\253\021gT!>\003\325\254,\003\367\204\031\331\255\240""; ledgerSeq: 11; type: liBASE; nodes {;   nodedata: ""\000\000\000\013\001cEx]\211\377\330\276\322i\233\014\037\027Z\351\022\216@=S\205\334\033\374\234n\r\270\210]\013\203\356\024\366\354\260\007\000\000\000\000\000\000\000\000\000\000\000\000\000\000\000\000\000\000\000\000\000\000\000\000\000\000\000\000\000\000\000\000\240\025\355\310\022\266\235\233\370\314\304j\353\236\2226\000X\301\340@\337S\231\216\014J\216\013\244\024\350/\352\224\032/\352\224$\n\000""; }; nodes {;   nodedata: ""h\315\350\215y\203\242]\371\235\232Pt&\325\210eZ\346\237XZ \277\2457n\221\336\253\245\317\002\304\206+8\t]\351\316\373|\311\263V\300\023\035\211\237\260\300\r\033u3a1\203\303\365\307k\347\006E\344\037@\210\363\010\336T\226\247'\204_{\261\370""1\235\2445\343\033Y!\212\201\341\272\225'\007*$\244&\336\343'\233i\332\374\245 {^\306-N\333\gE\006\347\212\331C\211Z\177\247\031\n\237\257\n\260\220\310\355T\233\004V\376\375\211H\211\014\034\266\326\230\357c)\336\307m\253\253T,\240\013\202_n)6q\357\2538_-\302\252B\204v\277\254\373\3322Ca\020\243\0105\263\257\367\032\254\016\003""; }; ","ledgerHash: ""L\324\236aQ\361\020X\372\353 3\347\310*\253\021gT!>\003\325\254,\003\367\204\031\331\255\240""; ledgerSeq: 11; type: liBASE; nodes {;   nodedata: ""\000\000\000\013\001cEx]\211\377\330\276\322i\233\014\037\027Z\351\022\216@=S\205\334\033\374\234n\r\270\210]\013\203\356\024\366\354\260\007\000\000\000\000\000\000\000\000\000\000\000\000\000\000\000\000\000\000\000\000\000\000\000\000\000\000\000\000\000\000\000\000\240\025\355\310\022\266\235\233\370\314\304j\353\236\2226\000X\301\340@\337S\231\216\014J\216\013\244\024\350/\352\224\032/\352\224$\n\000""; }; nodes {;   nodedata: ""h\315\350\215y\203\242]\371\235\232Pt&\325\210eZ\346\237XZ \277\2457n\221\336\253\245\317\002\304\206+8\t]\351\316\373|\311\263V\300\023\035\211\237\260\300\r\033u3a1\203\303\365\307k\347\006E\344\037@\210\363\010\336T\226\247'\204_{\261\370""1\235\2445\343\033Y!\212\201\341\272\225'\007*$\244&\336\343'\233i\332\374\245 {^\306-N\333\gE\006\347\212\331C\211Z\177\247\031\n\237\257\n\260\220\310\355T\233\004V\376\375\211H\211\014\034\266\326\230\357c)\336\307m\253\253T,\240\013\202_n)6q\357\2538_-\302\252B\204v\277\254\373\3322Ca\020\243\0105\263\257\367\032\254\016\003""; }; "
1750587296570,1750587296570,0,1,1,4,TMLedgerData,"ledgerHash: ""L\324\236aQ\361\020X\372\353 3\347\310*\253\021gT!>\003\325\254,\003\367\204\031\331\255\240""; ledgerSeq: 11; type: liAS_NODE; nodes {;   nodedata: ""\021\000h""\000\000\000\000 \033\000\000\000\n\002\023\301\237\330\356GuH\375\327!\255\371\r\231\262R\256J\034\222\241\355X\265E\241^W\225\304\014\361CX-}\351f\032\255\274\334m\326c\017\014ao[\342\230\003\245\245\3341Hm\326^\017jy\335\261\214.\207\210%\003 \010ML\347\200R\304&\320_\215\226\344\334\033\354\2002\255\216\332\317\255\034\017T\270\242(,&\233\326\374o\306[\235\317>\021e\005s\261\371l\216\017\003\032\017J\217\244W<\241'\332/+\360Bx\036+\210j\237K%\340]\246E\2434\264K\036\030qP\317\315\336\325\007\372\373$P*|\321\342\002\026\n\3215\340\3203\200x\327D\301]5\237\247Yz\3711!L\214\221=\252\002\267\225zg\264\253\271T\346ji\003\235\236Pis\264\375\222|H\344\261g?[g\311\347s\234ae\204\263\365U\334\372D\354\345\276\201f\035\271%#\375\245\314.""\373\330&\3746\354@[\274\202\021\202\373Vi\243\n\325\250\005e\360""m\346'\311@\343\016$L\346\334\360<w\317\351\2337\023\262\336W\254\222\315\335\317oP\221\031g\037\220\357Ft\030n\306\370\n\354\226\365\346\276\322i\233\014\037\027Z\351\022\216@=S\205\334\033\374\234n\r\270\210]\013\203\356\024\366\354\260\007\264\227\2326\315\307\363\323\325\303\032N\256*\307\327 \235\332\207u\210\271\257\306g\231i*\260\326k\001"";   nodeid: ""\260\000\000\000\000\000\000\000\000\000\000\000\000\000\000\000\000\000\000\000\000\000\000\000\000\000\000\000\000\000\000\000\001""; }; ","ledgerHash: ""L\324\236aQ\361\020X\372\353 3\347\310*\253\021gT!>\003\325\254,\003\367\204\031\331\255\240""; ledgerSeq: 11; type: liAS_NODE; nodes {;   nodedata: ""\021\000h""\000\000\000\000 \033\000\000\000\n\002\023\301\237\330\356GuH\375\327!\255\371\r\231\262R\256J\034\222\241\355X\265E\241^W\225\304\014\361CX-}\351f\032\255\274\334m\326c\017\014ao[\342\230\003\245\245\3341Hm\326^\017jy\335\261\214.\207\210%\003 \010ML\347\200R\304&\320_\215\226\344\334\033\354\2002\255\216\332\317\255\034\017T\270\242(,&\233\326\374o\306[\235\317>\021e\005s\261\371l\216\017\003\032\017J\217\244W<\241'\332/+\360Bx\036+\210j\237K%\340]\246E\2434\264K\036\030qP\317\315\336\325\007\372\373$P*|\321\342\002\026\n\3215\340\3203\200x\327D\301]5\237\247Yz\3711!L\214\221=\252\002\267\225zg\264\253\271T\346ji\003\235\236Pis\264\375\222|H\344\261g?[g\311\347s\234ae\204\263\365U\334\372D\354\345\276\201f\035\271%#\375\245\314.""\373\330&\3746\354@[\274\202\021\202\373Vi\243\n\325\250\005e\360""m\346'\311@\343\016$L\346\334\360<w\317\351\2337\023\262\336W\254\222\315\335\317oP\221\031g\037\220\357Ft\030n\306\370\n\354\226\365\346\276\322i\233\014\037\027Z\351\022\216@=S\205\334\033\374\234n\r\270\210]\013\203\356\024\366\354\260\007\264\227\2326\315\307\363\323\325\303\032N\256*\307\327 \235\332\207u\210\271\257\306g\231i*\260\326k\001"";   nodeid: ""\260\000\000\000\000\000\000\000\000\000\000\000\000\000\000\000\000\000\000\000\000\000\000\000\000\000\000\000\000\000\000\000\001""; }; "
1750587296572,1750587296572,0,1,0,4,TMValidation,"validation: """"\200\000\000\001&\000\000\000\n)/\352\224\035:?HT\314/\177\320^Q\276\322i\233\014\037\027Z\351\022\216@=S\205\334\033\374\234n\r\270\210]\013\203\356\024\366\354\260\007P\027\000\000\000\000\000\000\000\000\000\000\000\000\000\000\000\000\000\000\000\000\000\000\000\000\000\000\000\000\000\000\000\000P\031\317\351\2337\023\262\336W\254\222\315\335\317oP\221\031g\037\220\357Ft\030n\306\370\n\354\226\365\346s!\003\343\005\311u\203\370\0338\3174\324\010\006\301\251\177\261\304eOX\262)FA-\022r\263wm\024vG0E\002!\000\340\023\302\327\225\234~\251/\3453\241\375B\315\036\236\377\341c\267\377\037\226Uc\204\034\226\301\207\354\002 4\S!\356\360s\255a,\361&\036Z\240\305\000\310\370\256wz\323\223\017\306^<\375\275\342\366""; ","validation: """"\200\000\000\001&\000\000\000\n)/\352\224\035:?HT\314/\177\320^Q\276\322i\233\014\037\027Z\351\022\216@=S\205\334\033\374\234n\r\270\210]\013\203\356\024\366\354\260\007P\027\000\000\000\000\000\000\000\000\000\000\000\000\000\000\000\000\000\000\000\000\000\000\000\000\000\000\000\000\000\000\000\000P\031\317\351\2337\023\262\336W\254\222\315\335\317oP\221\031g\037\220\357Ft\030n\306\370\n\354\226\365\346s!\003\343\005\311u\203\370\0338\3174\324\010\006\301\251\177\261\304eOX\262)FA-\022r\263wm\024vG0E\002!\000\340\023\302\327\225\234~\251/\3453\241\375B\315\036\236\377\341c\267\377\037\226Uc\204\034\226\301\207\354\002 4\S!\356\360s\255a,\361&\036Z\240\305\000\310\370\256wz\323\223\017\306^<\375\275\342\366""; "
1750587296573,1750587296573,0,1,0,2,TMValidation,"validation: """"\200\000\000\001&\000\000\000\n)/\352\224\035:?HT\314/\177\320^Q\276\322i\233\014\037\027Z\351\022\216@=S\205\334\033\374\234n\r\270\210]\013\203\356\024\366\354\260\007P\027\000\000\000\000\000\000\000\000\000\000\000\000\000\000\000\000\000\000\000\000\000\000\000\000\000\000\000\000\000\000\000\000P\031\317\351\2337\023\262\336W\254\222\315\335\317oP\221\031g\037\220\357Ft\030n\306\370\n\354\226\365\346s!\003\343\005\311u\203\370\0338\3174\324\010\006\301\251\177\261\304eOX\262)FA-\022r\263wm\024vG0E\002!\000\340\023\302\327\225\234~\251/\3453\241\375B\315\036\236\377\341c\267\377\037\226Uc\204\034\226\301\207\354\002 4\S!\356\360s\255a,\361&\036Z\240\305\000\310\370\256wz\323\223\017\306^<\375\275\342\366""; ","validation: """"\200\000\000\001&\000\000\000\n)/\352\224\035:?HT\314/\177\320^Q\276\322i\233\014\037\027Z\351\022\216@=S\205\334\033\374\234n\r\270\210]\013\203\356\024\366\354\260\007P\027\000\000\000\000\000\000\000\000\000\000\000\000\000\000\000\000\000\000\000\000\000\000\000\000\000\000\000\000\000\000\000\000P\031\317\351\2337\023\262\336W\254\222\315\335\317oP\221\031g\037\220\357Ft\030n\306\370\n\354\226\365\346s!\003\343\005\311u\203\370\0338\3174\324\010\006\301\251\177\261\304eOX\262)FA-\022r\263wm\024vG0E\002!\000\340\023\302\327\225\234~\251/\3453\241\375B\315\036\236\377\341c\267\377\037\226Uc\204\034\226\301\207\354\002 4\S!\356\360s\255a,\361&\036Z\240\305\000\310\370\256wz\323\223\017\306^<\375\275\342\366""; "
1750587296572,1750587296572,0,1,0,3,TMValidation,"validation: """"\200\000\000\001&\000\000\000\n)/\352\224\035:?HT\314/\177\320^Q\276\322i\233\014\037\027Z\351\022\216@=S\205\334\033\374\234n\r\270\210]\013\203\356\024\366\354\260\007P\027\000\000\000\000\000\000\000\000\000\000\000\000\000\000\000\000\000\000\000\000\000\000\000\000\000\000\000\000\000\000\000\000P\031\317\351\2337\023\262\336W\254\222\315\335\317oP\221\031g\037\220\357Ft\030n\306\370\n\354\226\365\346s!\003\343\005\311u\203\370\0338\3174\324\010\006\301\251\177\261\304eOX\262)FA-\022r\263wm\024vG0E\002!\000\340\023\302\327\225\234~\251/\3453\241\375B\315\036\236\377\341c\267\377\037\226Uc\204\034\226\301\207\354\002 4\S!\356\360s\255a,\361&\036Z\240\305\000\310\370\256wz\323\223\017\306^<\375\275\342\366""; ","validation: """"\200\000\000\001&\000\000\000\n)/\352\224\035:?HT\314/\177\320^Q\276\322i\233\014\037\027Z\351\022\216@=S\205\334\033\374\234n\r\270\210]\013\203\356\024\366\354\260\007P\027\000\000\000\000\000\000\000\000\000\000\000\000\000\000\000\000\000\000\000\000\000\000\000\000\000\000\000\000\000\000\000\000P\031\317\351\2337\023\262\336W\254\222\315\335\317oP\221\031g\037\220\357Ft\030n\306\370\n\354\226\365\346s!\003\343\005\311u\203\370\0338\3174\324\010\006\301\251\177\261\304eOX\262)FA-\022r\263wm\024vG0E\002!\000\340\023\302\327\225\234~\251/\3453\241\375B\315\036\236\377\341c\267\377\037\226Uc\204\034\226\301\207\354\002 4\S!\356\360s\255a,\361&\036Z\240\305\000\310\370\256wz\323\223\017\306^<\375\275\342\366""; "
1750587296878,1750587296879,0,1,3,2,TMProposeSet,"proposeSeq: 1; currentTxHash: ""\000\000\000\000\000\000\000\000\000\000\000\000\000\000\000\000\000\000\000\000\000\000\000\000\000\000\000\000\000\000\000\000""; nodePubKey: ""\003\325Q\255\224\274R@\312\253\262\347\352\034\346\347\242\215,\312\376=\277\353{\350\225\301\305`^, ""; closeTime: 803902500; signature: ""0E\002!\000\225>\360PD\231B\0209\306A\234/\005\261\265\204a\263\303\263#\306I_\275Q\302\262Ie\036\002 O'\nI\205C\206\000s\256\331\210($\350\304\244\027\024\357e\201\032\213\356\241\366\331\321\004\273\230""; previousledger: ""\276\322i\233\014\037\027Z\351\022\216@=S\205\334\033\374\234n\r\270\210]\013\203\356\024\366\354\260\007""; ","proposeSeq: 1; currentTxHash: ""\000\000\000\000\000\000\000\000\000\000\000\000\000\000\000\000\000\000\000\000\000\000\000\000\000\000\000\000\000\000\000\000""; nodePubKey: ""\003\325Q\255\224\274R@\312\253\262\347\352\034\346\347\242\215,\312\376=\277\353{\350\225\301\305`^, ""; closeTime: 803902500; signature: ""0E\002!\000\225>\360PD\231B\0209\306A\234/\005\261\265\204a\263\303\263#\306I_\275Q\302\262Ie\036\002 O'\nI\205C\206\000s\256\331\210($\350\304\244\027\024\357e\201\032\213\356\241\366\331\321\004\273\230""; previousledger: ""\276\322i\233\014\037\027Z\351\022\216@=S\205\334\033\374\234n\r\270\210]\013\203\356\024\366\354\260\007""; "
1750587296879,1750587296879,0,1,3,1,TMProposeSet,"proposeSeq: 1; currentTxHash: ""\000\000\000\000\000\000\000\000\000\000\000\000\000\000\000\000\000\000\000\000\000\000\000\000\000\000\000\000\000\000\000\000""; nodePubKey: ""\003\325Q\255\224\274R@\312\253\262\347\352\034\346\347\242\215,\312\376=\277\353{\350\225\301\305`^, ""; closeTime: 803902500; signature: ""0E\002!\000\225>\360PD\231B\0209\306A\234/\005\261\265\204a\263\303\263#\306I_\275Q\302\262Ie\036\002 O'\nI\205C\206\000s\256\331\210($\350\304\244\027\024\357e\201\032\213\356\241\366\331\321\004\273\230""; previousledger: ""\276\322i\233\014\037\027Z\351\022\216@=S\205\334\033\374\234n\r\270\210]\013\203\356\024\366\354\260\007""; ","proposeSeq: 1; currentTxHash: ""\000\000\000\000\000\000\000\000\000\000\000\000\000\000\000\000\000\000\000\000\000\000\000\000\000\000\000\000\000\000\000\000""; nodePubKey: ""\003\325Q\255\224\274R@\312\253\262\347\352\034\346\347\242\215,\312\376=\277\353{\350\225\301\305`^, ""; closeTime: 803902500; signature: ""0E\002!\000\225>\360PD\231B\0209\306A\234/\005\261\265\204a\263\303\263#\306I_\275Q\302\262Ie\036\002 O'\nI\205C\206\000s\256\331\210($\350\304\244\027\024\357e\201\032\213\356\241\366\331\321\004\273\230""; previousledger: ""\276\322i\233\014\037\027Z\351\022\216@=S\205\334\033\374\234n\r\270\210]\013\203\356\024\366\354\260\007""; "
1750587296879,1750587296879,0,1,3,4,TMProposeSet,"proposeSeq: 1; currentTxHash: ""\000\000\000\000\000\000\000\000\000\000\000\000\000\000\000\000\000\000\000\000\000\000\000\000\000\000\000\000\000\000\000\000""; nodePubKey: ""\003\325Q\255\224\274R@\312\253\262\347\352\034\346\347\242\215,\312\376=\277\353{\350\225\301\305`^, ""; closeTime: 803902500; signature: ""0E\002!\000\225>\360PD\231B\0209\306A\234/\005\261\265\204a\263\303\263#\306I_\275Q\302\262Ie\036\002 O'\nI\205C\206\000s\256\331\210($\350\304\244\027\024\357e\201\032\213\356\241\366\331\321\004\273\230""; previousledger: ""\276\322i\233\014\037\027Z\351\022\216@=S\205\334\033\374\234n\r\270\210]\013\203\356\024\366\354\260\007""; ","proposeSeq: 1; currentTxHash: ""\000\000\000\000\000\000\000\000\000\000\000\000\000\000\000\000\000\000\000\000\000\000\000\000\000\000\000\000\000\000\000\000""; nodePubKey: ""\003\325Q\255\224\274R@\312\253\262\347\352\034\346\347\242\215,\312\376=\277\353{\350\225\301\305`^, ""; closeTime: 803902500; signature: ""0E\002!\000\225>\360PD\231B\0209\306A\234/\005\261\265\204a\263\303\263#\306I_\275Q\302\262Ie\036\002 O'\nI\205C\206\000s\256\331\210($\350\304\244\027\024\357e\201\032\213\356\241\366\331\321\004\273\230""; previousledger: ""\276\322i\233\014\037\027Z\351\022\216@=S\205\334\033\374\234n\r\270\210]\013\203\356\024\366\354\260\007""; "
1750587296879,1750587296880,0,1,3,0,TMProposeSet,"proposeSeq: 1; currentTxHash: ""\000\000\000\000\000\000\000\000\000\000\000\000\000\000\000\000\000\000\000\000\000\000\000\000\000\000\000\000\000\000\000\000""; nodePubKey: ""\003\325Q\255\224\274R@\312\253\262\347\352\034\346\347\242\215,\312\376=\277\353{\350\225\301\305`^, ""; closeTime: 803902500; signature: ""0E\002!\000\225>\360PD\231B\0209\306A\234/\005\261\265\204a\263\303\263#\306I_\275Q\302\262Ie\036\002 O'\nI\205C\206\000s\256\331\210($\350\304\244\027\024\357e\201\032\213\356\241\366\331\321\004\273\230""; previousledger: ""\276\322i\233\014\037\027Z\351\022\216@=S\205\334\033\374\234n\r\270\210]\013\203\356\024\366\354\260\007""; ","proposeSeq: 1; currentTxHash: ""\000\000\000\000\000\000\000\000\000\000\000\000\000\000\000\000\000\000\000\000\000\000\000\000\000\000\000\000\000\000\000\000""; nodePubKey: ""\003\325Q\255\224\274R@\312\253\262\347\352\034\346\347\242\215,\312\376=\277\353{\350\225\301\305`^, ""; closeTime: 803902500; signature: ""0E\002!\000\225>\360PD\231B\0209\306A\234/\005\261\265\204a\263\303\263#\306I_\275Q\302\262Ie\036\002 O'\nI\205C\206\000s\256\331\210($\350\304\244\027\024\357e\201\032\213\356\241\366\331\321\004\273\230""; previousledger: ""\276\322i\233\014\037\027Z\351\022\216@=S\205\334\033\374\234n\r\270\210]\013\203\356\024\366\354\260\007""; "
1750587296881,1750587296882,0,1,2,1,TMProposeSet,"proposeSeq: 1; currentTxHash: ""\000\000\000\000\000\000\000\000\000\000\000\000\000\000\000\000\000\000\000\000\000\000\000\000\000\000\000\000\000\000\000\000""; nodePubKey: ""\003\325Q\255\224\274R@\312\253\262\347\352\034\346\347\242\215,\312\376=\277\353{\350\225\301\305`^, ""; closeTime: 803902500; signature: ""0E\002!\000\225>\360PD\231B\0209\306A\234/\005\261\265\204a\263\303\263#\306I_\275Q\302\262Ie\036\002 O'\nI\205C\206\000s\256\331\210($\350\304\244\027\024\357e\201\032\213\356\241\366\331\321\004\273\230""; previousledger: ""\276\322i\233\014\037\027Z\351\022\216@=S\205\334\033\374\234n\r\270\210]\013\203\356\024\366\354\260\007""; ","proposeSeq: 1; currentTxHash: ""\000\000\000\000\000\000\000\000\000\000\000\000\000\000\000\000\000\000\000\000\000\000\000\000\000\000\000\000\000\000\000\000""; nodePubKey: ""\003\325Q\255\224\274R@\312\253\262\347\352\034\346\347\242\215,\312\376=\277\353{\350\225\301\305`^, ""; closeTime: 803902500; signature: ""0E\002!\000\225>\360PD\231B\0209\306A\234/\005\261\265\204a\263\303\263#\306I_\275Q\302\262Ie\036\002 O'\nI\205C\206\000s\256\331\210($\350\304\244\027\024\357e\201\032\213\356\241\366\331\321\004\273\230""; previousledger: ""\276\322i\233\014\037\027Z\351\022\216@=S\205\334\033\374\234n\r\270\210]\013\203\356\024\366\354\260\007""; "
1750587296882,1750587296883,0,1,4,2,TMProposeSet,"proposeSeq: 1; currentTxHash: ""\000\000\000\000\000\000\000\000\000\000\000\000\000\000\000\000\000\000\000\000\000\000\000\000\000\000\000\000\000\000\000\000""; nodePubKey: ""\003\325Q\255\224\274R@\312\253\262\347\352\034\346\347\242\215,\312\376=\277\353{\350\225\301\305`^, ""; closeTime: 803902500; signature: ""0E\002!\000\225>\360PD\231B\0209\306A\234/\005\261\265\204a\263\303\263#\306I_\275Q\302\262Ie\036\002 O'\nI\205C\206\000s\256\331\210($\350\304\244\027\024\357e\201\032\213\356\241\366\331\321\004\273\230""; previousledger: ""\276\322i\233\014\037\027Z\351\022\216@=S\205\334\033\374\234n\r\270\210]\013\203\356\024\366\354\260\007""; ","proposeSeq: 1; currentTxHash: ""\000\000\000\000\000\000\000\000\000\000\000\000\000\000\000\000\000\000\000\000\000\000\000\000\000\000\000\000\000\000\000\000""; nodePubKey: ""\003\325Q\255\224\274R@\312\253\262\347\352\034\346\347\242\215,\312\376=\277\353{\350\225\301\305`^, ""; closeTime: 803902500; signature: ""0E\002!\000\225>\360PD\231B\0209\306A\234/\005\261\265\204a\263\303\263#\306I_\275Q\302\262Ie\036\002 O'\nI\205C\206\000s\256\331\210($\350\304\244\027\024\357e\201\032\213\356\241\366\331\321\004\273\230""; previousledger: ""\276\322i\233\014\037\027Z\351\022\216@=S\205\334\033\374\234n\r\270\210]\013\203\356\024\366\354\260\007""; "
1750587296882,1750587296882,0,1,2,0,TMProposeSet,"proposeSeq: 1; currentTxHash: ""\000\000\000\000\000\000\000\000\000\000\000\000\000\000\000\000\000\000\000\000\000\000\000\000\000\000\000\000\000\000\000\000""; nodePubKey: ""\003\325Q\255\224\274R@\312\253\262\347\352\034\346\347\242\215,\312\376=\277\353{\350\225\301\305`^, ""; closeTime: 803902500; signature: ""0E\002!\000\225>\360PD\231B\0209\306A\234/\005\261\265\204a\263\303\263#\306I_\275Q\302\262Ie\036\002 O'\nI\205C\206\000s\256\331\210($\350\304\244\027\024\357e\201\032\213\356\241\366\331\321\004\273\230""; previousledger: ""\276\322i\233\014\037\027Z\351\022\216@=S\205\334\033\374\234n\r\270\210]\013\203\356\024\366\354\260\007""; ","proposeSeq: 1; currentTxHash: ""\000\000\000\000\000\000\000\000\000\000\000\000\000\000\000\000\000\000\000\000\000\000\000\000\000\000\000\000\000\000\000\000""; nodePubKey: ""\003\325Q\255\224\274R@\312\253\262\347\352\034\346\347\242\215,\312\376=\277\353{\350\225\301\305`^, ""; closeTime: 803902500; signature: ""0E\002!\000\225>\360PD\231B\0209\306A\234/\005\261\265\204a\263\303\263#\306I_\275Q\302\262Ie\036\002 O'\nI\205C\206\000s\256\331\210($\350\304\244\027\024\357e\201\032\213\356\241\366\331\321\004\273\230""; previousledger: ""\276\322i\233\014\037\027Z\351\022\216@=S\205\334\033\374\234n\r\270\210]\013\203\356\024\366\354\260\007""; "
1750587296882,1750587296882,0,1,2,4,TMProposeSet,"proposeSeq: 1; currentTxHash: ""\000\000\000\000\000\000\000\000\000\000\000\000\000\000\000\000\000\000\000\000\000\000\000\000\000\000\000\000\000\000\000\000""; nodePubKey: ""\003\325Q\255\224\274R@\312\253\262\347\352\034\346\347\242\215,\312\376=\277\353{\350\225\301\305`^, ""; closeTime: 803902500; signature: ""0E\002!\000\225>\360PD\231B\0209\306A\234/\005\261\265\204a\263\303\263#\306I_\275Q\302\262Ie\036\002 O'\nI\205C\206\000s\256\331\210($\350\304\244\027\024\357e\201\032\213\356\241\366\331\321\004\273\230""; previousledger: ""\276\322i\233\014\037\027Z\351\022\216@=S\205\334\033\374\234n\r\270\210]\013\203\356\024\366\354\260\007""; ","proposeSeq: 1; currentTxHash: ""\000\000\000\000\000\000\000\000\000\000\000\000\000\000\000\000\000\000\000\000\000\000\000\000\000\000\000\000\000\000\000\000""; nodePubKey: ""\003\325Q\255\224\274R@\312\253\262\347\352\034\346\347\242\215,\312\376=\277\353{\350\225\301\305`^, ""; closeTime: 803902500; signature: ""0E\002!\000\225>\360PD\231B\0209\306A\234/\005\261\265\204a\263\303\263#\306I_\275Q\302\262Ie\036\002 O'\nI\205C\206\000s\256\331\210($\350\304\244\027\024\357e\201\032\213\356\241\366\331\321\004\273\230""; previousledger: ""\276\322i\233\014\037\027Z\351\022\216@=S\205\334\033\374\234n\r\270\210]\013\203\356\024\366\354\260\007""; "
1750587296883,1750587296883,0,1,4,0,TMProposeSet,"proposeSeq: 1; currentTxHash: ""\000\000\000\000\000\000\000\000\000\000\000\000\000\000\000\000\000\000\000\000\000\000\000\000\000\000\000\000\000\000\000\000""; nodePubKey: ""\003\325Q\255\224\274R@\312\253\262\347\352\034\346\347\242\215,\312\376=\277\353{\350\225\301\305`^, ""; closeTime: 803902500; signature: ""0E\002!\000\225>\360PD\231B\0209\306A\234/\005\261\265\204a\263\303\263#\306I_\275Q\302\262Ie\036\002 O'\nI\205C\206\000s\256\331\210($\350\304\244\027\024\357e\201\032\213\356\241\366\331\321\004\273\230""; previousledger: ""\276\322i\233\014\037\027Z\351\022\216@=S\205\334\033\374\234n\r\270\210]\013\203\356\024\366\354\260\007""; ","proposeSeq: 1; currentTxHash: ""\000\000\000\000\000\000\000\000\000\000\000\000\000\000\000\000\000\000\000\000\000\000\000\000\000\000\000\000\000\000\000\000""; nodePubKey: ""\003\325Q\255\224\274R@\312\253\262\347\352\034\346\347\242\215,\312\376=\277\353{\350\225\301\305`^, ""; closeTime: 803902500; signature: ""0E\002!\000\225>\360PD\231B\0209\306A\234/\005\261\265\204a\263\303\263#\306I_\275Q\302\262Ie\036\002 O'\nI\205C\206\000s\256\331\210($\350\304\244\027\024\357e\201\032\213\356\241\366\331\321\004\273\230""; previousledger: ""\276\322i\233\014\037\027Z\351\022\216@=S\205\334\033\374\234n\r\270\210]\013\203\356\024\366\354\260\007""; "
1750587296883,1750587296883,0,1,4,1,TMProposeSet,"proposeSeq: 1; currentTxHash: ""\000\000\000\000\000\000\000\000\000\000\000\000\000\000\000\000\000\000\000\000\000\000\000\000\000\000\000\000\000\000\000\000""; nodePubKey: ""\003\325Q\255\224\274R@\312\253\262\347\352\034\346\347\242\215,\312\376=\277\353{\350\225\301\305`^, ""; closeTime: 803902500; signature: ""0E\002!\000\225>\360PD\231B\0209\306A\234/\005\261\265\204a\263\303\263#\306I_\275Q\302\262Ie\036\002 O'\nI\205C\206\000s\256\331\210($\350\304\244\027\024\357e\201\032\213\356\241\366\331\321\004\273\230""; previousledger: ""\276\322i\233\014\037\027Z\351\022\216@=S\205\334\033\374\234n\r\270\210]\013\203\356\024\366\354\260\007""; ","proposeSeq: 1; currentTxHash: ""\000\000\000\000\000\000\000\000\000\000\000\000\000\000\000\000\000\000\000\000\000\000\000\000\000\000\000\000\000\000\000\000""; nodePubKey: ""\003\325Q\255\224\274R@\312\253\262\347\352\034\346\347\242\215,\312\376=\277\353{\350\225\301\305`^, ""; closeTime: 803902500; signature: ""0E\002!\000\225>\360PD\231B\0209\306A\234/\005\261\265\204a\263\303\263#\306I_\275Q\302\262Ie\036\002 O'\nI\205C\206\000s\256\331\210($\350\304\244\027\024\357e\201\032\213\356\241\366\331\321\004\273\230""; previousledger: ""\276\322i\233\014\037\027Z\351\022\216@=S\205\334\033\374\234n\r\270\210]\013\203\356\024\366\354\260\007""; "
1750587296884,1750587296884,0,1,0,2,TMProposeSet,"proposeSeq: 1; currentTxHash: ""\000\000\000\000\000\000\000\000\000\000\000\000\000\000\000\000\000\000\000\000\000\000\000\000\000\000\000\000\000\000\000\000""; nodePubKey: ""\003\325Q\255\224\274R@\312\253\262\347\352\034\346\347\242\215,\312\376=\277\353{\350\225\301\305`^, ""; closeTime: 803902500; signature: ""0E\002!\000\225>\360PD\231B\0209\306A\234/\005\261\265\204a\263\303\263#\306I_\275Q\302\262Ie\036\002 O'\nI\205C\206\000s\256\331\210($\350\304\244\027\024\357e\201\032\213\356\241\366\331\321\004\273\230""; previousledger: ""\276\322i\233\014\037\027Z\351\022\216@=S\205\334\033\374\234n\r\270\210]\013\203\356\024\366\354\260\007""; ","proposeSeq: 1; currentTxHash: ""\000\000\000\000\000\000\000\000\000\000\000\000\000\000\000\000\000\000\000\000\000\000\000\000\000\000\000\000\000\000\000\000""; nodePubKey: ""\003\325Q\255\224\274R@\312\253\262\347\352\034\346\347\242\215,\312\376=\277\353{\350\225\301\305`^, ""; closeTime: 803902500; signature: ""0E\002!\000\225>\360PD\231B\0209\306A\234/\005\261\265\204a\263\303\263#\306I_\275Q\302\262Ie\036\002 O'\nI\205C\206\000s\256\331\210($\350\304\244\027\024\357e\201\032\213\356\241\366\331\321\004\273\230""; previousledger: ""\276\322i\233\014\037\027Z\351\022\216@=S\205\334\033\374\234n\r\270\210]\013\203\356\024\366\354\260\007""; "
1750587296884,1750587296884,0,1,0,1,TMProposeSet,"proposeSeq: 1; currentTxHash: ""\000\000\000\000\000\000\000\000\000\000\000\000\000\000\000\000\000\000\000\000\000\000\000\000\000\000\000\000\000\000\000\000""; nodePubKey: ""\003\325Q\255\224\274R@\312\253\262\347\352\034\346\347\242\215,\312\376=\277\353{\350\225\301\305`^, ""; closeTime: 803902500; signature: ""0E\002!\000\225>\360PD\231B\0209\306A\234/\005\261\265\204a\263\303\263#\306I_\275Q\302\262Ie\036\002 O'\nI\205C\206\000s\256\331\210($\350\304\244\027\024\357e\201\032\213\356\241\366\331\321\004\273\230""; previousledger: ""\276\322i\233\014\037\027Z\351\022\216@=S\205\334\033\374\234n\r\270\210]\013\203\356\024\366\354\260\007""; ","proposeSeq: 1; currentTxHash: ""\000\000\000\000\000\000\000\000\000\000\000\000\000\000\000\000\000\000\000\000\000\000\000\000\000\000\000\000\000\000\000\000""; nodePubKey: ""\003\325Q\255\224\274R@\312\253\262\347\352\034\346\347\242\215,\312\376=\277\353{\350\225\301\305`^, ""; closeTime: 803902500; signature: ""0E\002!\000\225>\360PD\231B\0209\306A\234/\005\261\265\204a\263\303\263#\306I_\275Q\302\262Ie\036\002 O'\nI\205C\206\000s\256\331\210($\350\304\244\027\024\357e\201\032\213\356\241\366\331\321\004\273\230""; previousledger: ""\276\322i\233\014\037\027Z\351\022\216@=S\205\334\033\374\234n\r\270\210]\013\203\356\024\366\354\260\007""; "
1750587296884,1750587296884,0,1,0,4,TMProposeSet,"proposeSeq: 1; currentTxHash: ""\000\000\000\000\000\000\000\000\000\000\000\000\000\000\000\000\000\000\000\000\000\000\000\000\000\000\000\000\000\000\000\000""; nodePubKey: ""\003\325Q\255\224\274R@\312\253\262\347\352\034\346\347\242\215,\312\376=\277\353{\350\225\301\305`^, ""; closeTime: 803902500; signature: ""0E\002!\000\225>\360PD\231B\0209\306A\234/\005\261\265\204a\263\303\263#\306I_\275Q\302\262Ie\036\002 O'\nI\205C\206\000s\256\331\210($\350\304\244\027\024\357e\201\032\213\356\241\366\331\321\004\273\230""; previousledger: ""\276\322i\233\014\037\027Z\351\022\216@=S\205\334\033\374\234n\r\270\210]\013\203\356\024\366\354\260\007""; ","proposeSeq: 1; currentTxHash: ""\000\000\000\000\000\000\000\000\000\000\000\000\000\000\000\000\000\000\000\000\000\000\000\000\000\000\000\000\000\000\000\000""; nodePubKey: ""\003\325Q\255\224\274R@\312\253\262\347\352\034\346\347\242\215,\312\376=\277\353{\350\225\301\305`^, ""; closeTime: 803902500; signature: ""0E\002!\000\225>\360PD\231B\0209\306A\234/\005\261\265\204a\263\303\263#\306I_\275Q\302\262Ie\036\002 O'\nI\205C\206\000s\256\331\210($\350\304\244\027\024\357e\201\032\213\356\241\366\331\321\004\273\230""; previousledger: ""\276\322i\233\014\037\027Z\351\022\216@=S\205\334\033\374\234n\r\270\210]\013\203\356\024\366\354\260\007""; "
1750587296886,1750587296887,0,1,3,0,TMStatusChange,"newEvent: neACCEPTED_LEDGER; ledgerSeq: 11; ledgerHash: ""L\324\236aQ\361\020X\372\353 3\347\310*\253\021gT!>\003\325\254,\003\367\204\031\331\255\240""; ledgerHashPrevious: ""\276\322i\233\014\037\027Z\351\022\216@=S\205\334\033\374\234n\r\270\210]\013\203\356\024\366\354\260\007""; networkTime: 803902496; firstSeq: 9; lastSeq: 10; ","newEvent: neACCEPTED_LEDGER; ledgerSeq: 11; ledgerHash: ""L\324\236aQ\361\020X\372\353 3\347\310*\253\021gT!>\003\325\254,\003\367\204\031\331\255\240""; ledgerHashPrevious: ""\276\322i\233\014\037\027Z\351\022\216@=S\205\334\033\374\234n\r\270\210]\013\203\356\024\366\354\260\007""; networkTime: 803902496; firstSeq: 9; lastSeq: 10; "
1750587296887,1750587296887,0,1,3,0,TMValidation,"validation: """"\200\000\000\001&\000\000\000\013)/\352\224 :\211l\014`\252m\212dQL\324\236aQ\361\020X\372\353 3\347\310*\253\021gT!>\003\325\254,\003\367\204\031\331\255\240P\027\000\000\000\000\000\000\000\000\000\000\000\000\000\000\000\000\000\000\000\000\000\000\000\000\000\000\000\000\000\000\000\000P\031\276\322i\233\014\037\027Z\351\022\216@=S\205\334\033\374\234n\r\270\210]\013\203\356\024\366\354\260\007s!\003\325Q\255\224\274R@\312\253\262\347\352\034\346\347\242\215,\312\376=\277\353{\350\225\301\305`^, vF0D\002 6}\n\372\367\317T\022\201\377P/\333:)\034+8\000Vh\375\202u\360\000\310\303\342\226%\375\002 /\237\262\364\242!\327\364z\345\\301\372\223\353\251W!*\270@\227\264\365\255\315\256\020\210\201Xq""; ","validation: """"\200\000\000\001&\000\000\000\013)/\352\224 :\211l\014`\252m\212dQL\324\236aQ\361\020X\372\353 3\347\310*\253\021gT!>\003\325\254,\003\367\204\031\331\255\240P\027\000\000\000\000\000\000\000\000\000\000\000\000\000\000\000\000\000\000\000\000\000\000\000\000\000\000\000\000\000\000\000\000P\031\276\322i\233\014\037\027Z\351\022\216@=S\205\334\033\374\234n\r\270\210]\013\203\356\024\366\354\260\007s!\003\325Q\255\224\274R@\312\253\262\347\352\034\346\347\242\215,\312\376=\277\353{\350\225\301\305`^, vF0D\002 6}\n\372\367\317T\022\201\377P/\333:)\034+8\000Vh\375\202u\360\000\310\303\342\226%\375\002 /\237\262\364\242!\327\364z\345\\301\372\223\353\251W!*\270@\227\264\365\255\315\256\020\210\201Xq""; "
1750587296888,1750587296888,0,1,0,4,TMValidation,"validation: """"\200\000\000\001&\000\000\000\013)/\352\224 :\211l\014`\252m\212dQL\324\236aQ\361\020X\372\353 3\347\310*\253\021gT!>\003\325\254,\003\367\204\031\331\255\240P\027\000\000\000\000\000\000\000\000\000\000\000\000\000\000\000\000\000\000\000\000\000\000\000\000\000\000\000\000\000\000\000\000P\031\276\322i\233\014\037\027Z\351\022\216@=S\205\334\033\374\234n\r\270\210]\013\203\356\024\366\354\260\007s!\003\325Q\255\224\274R@\312\253\262\347\352\034\346\347\242\215,\312\376=\277\353{\350\225\301\305`^, vF0D\002 6}\n\372\367\317T\022\201\377P/\333:)\034+8\000Vh\375\202u\360\000\310\303\342\226%\375\002 /\237\262\364\242!\327\364z\345\\301\372\223\353\251W!*\270@\227\264\365\255\315\256\020\210\201Xq""; ","validation: """"\200\000\000\001&\000\000\000\013)/\352\224 :\211l\014`\252m\212dQL\324\236aQ\361\020X\372\353 3\347\310*\253\021gT!>\003\325\254,\003\367\204\031\331\255\240P\027\000\000\000\000\000\000\000\000\000\000\000\000\000\000\000\000\000\000\000\000\000\000\000\000\000\000\000\000\000\000\000\000P\031\276\322i\233\014\037\027Z\351\022\216@=S\205\334\033\374\234n\r\270\210]\013\203\356\024\366\354\260\007s!\003\325Q\255\224\274R@\312\253\262\347\352\034\346\347\242\215,\312\376=\277\353{\350\225\301\305`^, vF0D\002 6}\n\372\367\317T\022\201\377P/\333:)\034+8\000Vh\375\202u\360\000\310\303\342\226%\375\002 /\237\262\364\242!\327\364z\345\\301\372\223\353\251W!*\270@\227\264\365\255\315\256\020\210\201Xq""; "
1750587296888,1750587296888,0,1,0,2,TMValidation,"validation: """"\200\000\000\001&\000\000\000\013)/\352\224 :\211l\014`\252m\212dQL\324\236aQ\361\020X\372\353 3\347\310*\253\021gT!>\003\325\254,\003\367\204\031\331\255\240P\027\000\000\000\000\000\000\000\000\000\000\000\000\000\000\000\000\000\000\000\000\000\000\000\000\000\000\000\000\000\000\000\000P\031\276\322i\233\014\037\027Z\351\022\216@=S\205\334\033\374\234n\r\270\210]\013\203\356\024\366\354\260\007s!\003\325Q\255\224\274R@\312\253\262\347\352\034\346\347\242\215,\312\376=\277\353{\350\225\301\305`^, vF0D\002 6}\n\372\367\317T\022\201\377P/\333:)\034+8\000Vh\375\202u\360\000\310\303\342\226%\375\002 /\237\262\364\242!\327\364z\345\\301\372\223\353\251W!*\270@\227\264\365\255\315\256\020\210\201Xq""; ","validation: """"\200\000\000\001&\000\000\000\013)/\352\224 :\211l\014`\252m\212dQL\324\236aQ\361\020X\372\353 3\347\310*\253\021gT!>\003\325\254,\003\367\204\031\331\255\240P\027\000\000\000\000\000\000\000\000\000\000\000\000\000\000\000\000\000\000\000\000\000\000\000\000\000\000\000\000\000\000\000\000P\031\276\322i\233\014\037\027Z\351\022\216@=S\205\334\033\374\234n\r\270\210]\013\203\356\024\366\354\260\007s!\003\325Q\255\224\274R@\312\253\262\347\352\034\346\347\242\215,\312\376=\277\353{\350\225\301\305`^, vF0D\002 6}\n\372\367\317T\022\201\377P/\333:)\034+8\000Vh\375\202u\360\000\310\303\342\226%\375\002 /\237\262\364\242!\327\364z\345\\301\372\223\353\251W!*\270@\227\264\365\255\315\256\020\210\201Xq""; "
1750587296889,1750587296890,0,1,4,2,TMValidation,"validation: """"\200\000\000\001&\000\000\000\013)/\352\224 :\211l\014`\252m\212dQL\324\236aQ\361\020X\372\353 3\347\310*\253\021gT!>\003\325\254,\003\367\204\031\331\255\240P\027\000\000\000\000\000\000\000\000\000\000\000\000\000\000\000\000\000\000\000\000\000\000\000\000\000\000\000\000\000\000\000\000P\031\276\322i\233\014\037\027Z\351\022\216@=S\205\334\033\374\234n\r\270\210]\013\203\356\024\366\354\260\007s!\003\325Q\255\224\274R@\312\253\262\347\352\034\346\347\242\215,\312\376=\277\353{\350\225\301\305`^, vF0D\002 6}\n\372\367\317T\022\201\377P/\333:)\034+8\000Vh\375\202u\360\000\310\303\342\226%\375\002 /\237\262\364\242!\327\364z\345\\301\372\223\353\251W!*\270@\227\264\365\255\315\256\020\210\201Xq""; ","validation: """"\200\000\000\001&\000\000\000\013)/\352\224 :\211l\014`\252m\212dQL\324\236aQ\361\020X\372\353 3\347\310*\253\021gT!>\003\325\254,\003\367\204\031\331\255\240P\027\000\000\000\000\000\000\000\000\000\000\000\000\000\000\000\000\000\000\000\000\000\000\000\000\000\000\000\000\000\000\000\000P\031\276\322i\233\014\037\027Z\351\022\216@=S\205\334\033\374\234n\r\270\210]\013\203\356\024\366\354\260\007s!\003\325Q\255\224\274R@\312\253\262\347\352\034\346\347\242\215,\312\376=\277\353{\350\225\301\305`^, vF0D\002 6}\n\372\367\317T\022\201\377P/\333:)\034+8\000Vh\375\202u\360\000\310\303\342\226%\375\002 /\237\262\364\242!\327\364z\345\\301\372\223\353\251W!*\270@\227\264\365\255\315\256\020\210\201Xq""; "
1750587296890,1750587296891,0,1,4,3,TMValidation,"validation: """"\200\000\000\001&\000\000\000\013)/\352\224 :\211l\014`\252m\212dQL\324\236aQ\361\020X\372\353 3\347\310*\253\021gT!>\003\325\254,\003\367\204\031\331\255\240P\027\000\000\000\000\000\000\000\000\000\000\000\000\000\000\000\000\000\000\000\000\000\000\000\000\000\000\000\000\000\000\000\000P\031\276\322i\233\014\037\027Z\351\022\216@=S\205\334\033\374\234n\r\270\210]\013\203\356\024\366\354\260\007s!\003\325Q\255\224\274R@\312\253\262\347\352\034\346\347\242\215,\312\376=\277\353{\350\225\301\305`^, vF0D\002 6}\n\372\367\317T\022\201\377P/\333:)\034+8\000Vh\375\202u\360\000\310\303\342\226%\375\002 /\237\262\364\242!\327\364z\345\\301\372\223\353\251W!*\270@\227\264\365\255\315\256\020\210\201Xq""; ","validation: """"\200\000\000\001&\000\000\000\013)/\352\224 :\211l\014`\252m\212dQL\324\236aQ\361\020X\372\353 3\347\310*\253\021gT!>\003\325\254,\003\367\204\031\331\255\240P\027\000\000\000\000\000\000\000\000\000\000\000\000\000\000\000\000\000\000\000\000\000\000\000\000\000\000\000\000\000\000\000\000P\031\276\322i\233\014\037\027Z\351\022\216@=S\205\334\033\374\234n\r\270\210]\013\203\356\024\366\354\260\007s!\003\325Q\255\224\274R@\312\253\262\347\352\034\346\347\242\215,\312\376=\277\353{\350\225\301\305`^, vF0D\002 6}\n\372\367\317T\022\201\377P/\333:)\034+8\000Vh\375\202u\360\000\310\303\342\226%\375\002 /\237\262\364\242!\327\364z\345\\301\372\223\353\251W!*\270@\227\264\365\255\315\256\020\210\201Xq""; "
1750587296890,1750587296890,0,1,2,4,TMValidation,"validation: """"\200\000\000\001&\000\000\000\013)/\352\224 :\211l\014`\252m\212dQL\324\236aQ\361\020X\372\353 3\347\310*\253\021gT!>\003\325\254,\003\367\204\031\331\255\240P\027\000\000\000\000\000\000\000\000\000\000\000\000\000\000\000\000\000\000\000\000\000\000\000\000\000\000\000\000\000\000\000\000P\031\276\322i\233\014\037\027Z\351\022\216@=S\205\334\033\374\234n\r\270\210]\013\203\356\024\366\354\260\007s!\003\325Q\255\224\274R@\312\253\262\347\352\034\346\347\242\215,\312\376=\277\353{\350\225\301\305`^, vF0D\002 6}\n\372\367\317T\022\201\377P/\333:)\034+8\000Vh\375\202u\360\000\310\303\342\226%\375\002 /\237\262\364\242!\327\364z\345\\301\372\223\353\251W!*\270@\227\264\365\255\315\256\020\210\201Xq""; ","validation: """"\200\000\000\001&\000\000\000\013)/\352\224 :\211l\014`\252m\212dQL\324\236aQ\361\020X\372\353 3\347\310*\253\021gT!>\003\325\254,\003\367\204\031\331\255\240P\027\000\000\000\000\000\000\000\000\000\000\000\000\000\000\000\000\000\000\000\000\000\000\000\000\000\000\000\000\000\000\000\000P\031\276\322i\233\014\037\027Z\351\022\216@=S\205\334\033\374\234n\r\270\210]\013\203\356\024\366\354\260\007s!\003\325Q\255\224\274R@\312\253\262\347\352\034\346\347\242\215,\312\376=\277\353{\350\225\301\305`^, vF0D\002 6}\n\372\367\317T\022\201\377P/\333:)\034+8\000Vh\375\202u\360\000\310\303\342\226%\375\002 /\237\262\364\242!\327\364z\345\\301\372\223\353\251W!*\270@\227\264\365\255\315\256\020\210\201Xq""; "
1750587296890,1750587296890,0,1,2,3,TMValidation,"validation: """"\200\000\000\001&\000\000\000\013)/\352\224 :\211l\014`\252m\212dQL\324\236aQ\361\020X\372\353 3\347\310*\253\021gT!>\003\325\254,\003\367\204\031\331\255\240P\027\000\000\000\000\000\000\000\000\000\000\000\000\000\000\000\000\000\000\000\000\000\000\000\000\000\000\000\000\000\000\000\000P\031\276\322i\233\014\037\027Z\351\022\216@=S\205\334\033\374\234n\r\270\210]\013\203\356\024\366\354\260\007s!\003\325Q\255\224\274R@\312\253\262\347\352\034\346\347\242\215,\312\376=\277\353{\350\225\301\305`^, vF0D\002 6}\n\372\367\317T\022\201\377P/\333:)\034+8\000Vh\375\202u\360\000\310\303\342\226%\375\002 /\237\262\364\242!\327\364z\345\\301\372\223\353\251W!*\270@\227\264\365\255\315\256\020\210\201Xq""; ","validation: """"\200\000\000\001&\000\000\000\013)/\352\224 :\211l\014`\252m\212dQL\324\236aQ\361\020X\372\353 3\347\310*\253\021gT!>\003\325\254,\003\367\204\031\331\255\240P\027\000\000\000\000\000\000\000\000\000\000\000\000\000\000\000\000\000\000\000\000\000\000\000\000\000\000\000\000\000\000\000\000P\031\276\322i\233\014\037\027Z\351\022\216@=S\205\334\033\374\234n\r\270\210]\013\203\356\024\366\354\260\007s!\003\325Q\255\224\274R@\312\253\262\347\352\034\346\347\242\215,\312\376=\277\353{\350\225\301\305`^, vF0D\002 6}\n\372\367\317T\022\201\377P/\333:)\034+8\000Vh\375\202u\360\000\310\303\342\226%\375\002 /\237\262\364\242!\327\364z\345\\301\372\223\353\251W!*\270@\227\264\365\255\315\256\020\210\201Xq""; "
1750587296892,1750587296892,0,1,3,4,TMValidation,"validation: """"\200\000\000\001&\000\000\000\013)/\352\224 :\211l\014`\252m\212dQL\324\236aQ\361\020X\372\353 3\347\310*\253\021gT!>\003\325\254,\003\367\204\031\331\255\240P\027\000\000\000\000\000\000\000\000\000\000\000\000\000\000\000\000\000\000\000\000\000\000\000\000\000\000\000\000\000\000\000\000P\031\276\322i\233\014\037\027Z\351\022\216@=S\205\334\033\374\234n\r\270\210]\013\203\356\024\366\354\260\007s!\003\325Q\255\224\274R@\312\253\262\347\352\034\346\347\242\215,\312\376=\277\353{\350\225\301\305`^, vF0D\002 6}\n\372\367\317T\022\201\377P/\333:)\034+8\000Vh\375\202u\360\000\310\303\342\226%\375\002 /\237\262\364\242!\327\364z\345\\301\372\223\353\251W!*\270@\227\264\365\255\315\256\020\210\201Xq""; ","validation: """"\200\000\000\001&\000\000\000\013)/\352\224 :\211l\014`\252m\212dQL\324\236aQ\361\020X\372\353 3\347\310*\253\021gT!>\003\325\254,\003\367\204\031\331\255\240P\027\000\000\000\000\000\000\000\000\000\000\000\000\000\000\000\000\000\000\000\000\000\000\000\000\000\000\000\000\000\000\000\000P\031\276\322i\233\014\037\027Z\351\022\216@=S\205\334\033\374\234n\r\270\210]\013\203\356\024\366\354\260\007s!\003\325Q\255\224\274R@\312\253\262\347\352\034\346\347\242\215,\312\376=\277\353{\350\225\301\305`^, vF0D\002 6}\n\372\367\317T\022\201\377P/\333:)\034+8\000Vh\375\202u\360\000\310\303\342\226%\375\002 /\237\262\364\242!\327\364z\345\\301\372\223\353\251W!*\270@\227\264\365\255\315\256\020\210\201Xq""; "
1750587296892,1750587296892,0,1,3,4,TMStatusChange,"newEvent: neACCEPTED_LEDGER; ledgerSeq: 11; ledgerHash: ""L\324\236aQ\361\020X\372\353 3\347\310*\253\021gT!>\003\325\254,\003\367\204\031\331\255\240""; ledgerHashPrevious: ""\276\322i\233\014\037\027Z\351\022\216@=S\205\334\033\374\234n\r\270\210]\013\203\356\024\366\354\260\007""; networkTime: 803902496; firstSeq: 9; lastSeq: 10; ","newEvent: neACCEPTED_LEDGER; ledgerSeq: 11; ledgerHash: ""L\324\236aQ\361\020X\372\353 3\347\310*\253\021gT!>\003\325\254,\003\367\204\031\331\255\240""; ledgerHashPrevious: ""\276\322i\233\014\037\027Z\351\022\216@=S\205\334\033\374\234n\r\270\210]\013\203\356\024\366\354\260\007""; networkTime: 803902496; firstSeq: 9; lastSeq: 10; "
1750587296892,1750587296893,0,1,3,2,TMStatusChange,"newEvent: neACCEPTED_LEDGER; ledgerSeq: 11; ledgerHash: ""L\324\236aQ\361\020X\372\353 3\347\310*\253\021gT!>\003\325\254,\003\367\204\031\331\255\240""; ledgerHashPrevious: ""\276\322i\233\014\037\027Z\351\022\216@=S\205\334\033\374\234n\r\270\210]\013\203\356\024\366\354\260\007""; networkTime: 803902496; firstSeq: 9; lastSeq: 10; ","newEvent: neACCEPTED_LEDGER; ledgerSeq: 11; ledgerHash: ""L\324\236aQ\361\020X\372\353 3\347\310*\253\021gT!>\003\325\254,\003\367\204\031\331\255\240""; ledgerHashPrevious: ""\276\322i\233\014\037\027Z\351\022\216@=S\205\334\033\374\234n\r\270\210]\013\203\356\024\366\354\260\007""; networkTime: 803902496; firstSeq: 9; lastSeq: 10; "
1750587296893,1750587296893,0,1,3,2,TMValidation,"validation: """"\200\000\000\001&\000\000\000\013)/\352\224 :\211l\014`\252m\212dQL\324\236aQ\361\020X\372\353 3\347\310*\253\021gT!>\003\325\254,\003\367\204\031\331\255\240P\027\000\000\000\000\000\000\000\000\000\000\000\000\000\000\000\000\000\000\000\000\000\000\000\000\000\000\000\000\000\000\000\000P\031\276\322i\233\014\037\027Z\351\022\216@=S\205\334\033\374\234n\r\270\210]\013\203\356\024\366\354\260\007s!\003\325Q\255\224\274R@\312\253\262\347\352\034\346\347\242\215,\312\376=\277\353{\350\225\301\305`^, vF0D\002 6}\n\372\367\317T\022\201\377P/\333:)\034+8\000Vh\375\202u\360\000\310\303\342\226%\375\002 /\237\262\364\242!\327\364z\345\\301\372\223\353\251W!*\270@\227\264\365\255\315\256\020\210\201Xq""; ","validation: """"\200\000\000\001&\000\000\000\013)/\352\224 :\211l\014`\252m\212dQL\324\236aQ\361\020X\372\353 3\347\310*\253\021gT!>\003\325\254,\003\367\204\031\331\255\240P\027\000\000\000\000\000\000\000\000\000\000\000\000\000\000\000\000\000\000\000\000\000\000\000\000\000\000\000\000\000\000\000\000P\031\276\322i\233\014\037\027Z\351\022\216@=S\205\334\033\374\234n\r\270\210]\013\203\356\024\366\354\260\007s!\003\325Q\255\224\274R@\312\253\262\347\352\034\346\347\242\215,\312\376=\277\353{\350\225\301\305`^, vF0D\002 6}\n\372\367\317T\022\201\377P/\333:)\034+8\000Vh\375\202u\360\000\310\303\342\226%\375\002 /\237\262\364\242!\327\364z\345\\301\372\223\353\251W!*\270@\227\264\365\255\315\256\020\210\201Xq""; "
1750587296922,1750587296922,0,1,4,1,TMValidation,"validation: """"\200\000\000\001&\000\000\000\013)/\352\224 :\211l\014`\252m\212dQL\324\236aQ\361\020X\372\353 3\347\310*\253\021gT!>\003\325\254,\003\367\204\031\331\255\240P\027\000\000\000\000\000\000\000\000\000\000\000\000\000\000\000\000\000\000\000\000\000\000\000\000\000\000\000\000\000\000\000\000P\031\276\322i\233\014\037\027Z\351\022\216@=S\205\334\033\374\234n\r\270\210]\013\203\356\024\366\354\260\007s!\003\325Q\255\224\274R@\312\253\262\347\352\034\346\347\242\215,\312\376=\277\353{\350\225\301\305`^, vF0D\002 6}\n\372\367\317T\022\201\377P/\333:)\034+8\000Vh\375\202u\360\000\310\303\342\226%\375\002 /\237\262\364\242!\327\364z\345\\301\372\223\353\251W!*\270@\227\264\365\255\315\256\020\210\201Xq""; ","validation: """"\200\000\000\001&\000\000\000\013)/\352\224 :\211l\014`\252m\212dQL\324\236aQ\361\020X\372\353 3\347\310*\253\021gT!>\003\325\254,\003\367\204\031\331\255\240P\027\000\000\000\000\000\000\000\000\000\000\000\000\000\000\000\000\000\000\000\000\000\000\000\000\000\000\000\000\000\000\000\000P\031\276\322i\233\014\037\027Z\351\022\216@=S\205\334\033\374\234n\r\270\210]\013\203\356\024\366\354\260\007s!\003\325Q\255\224\274R@\312\253\262\347\352\034\346\347\242\215,\312\376=\277\353{\350\225\301\305`^, vF0D\002 6}\n\372\367\317T\022\201\377P/\333:)\034+8\000Vh\375\202u\360\000\310\303\342\226%\375\002 /\237\262\364\242!\327\364z\345\\301\372\223\353\251W!*\270@\227\264\365\255\315\256\020\210\201Xq""; "
1750587296922,1750587296922,0,1,3,1,TMStatusChange,"newEvent: neACCEPTED_LEDGER; ledgerSeq: 11; ledgerHash: ""L\324\236aQ\361\020X\372\353 3\347\310*\253\021gT!>\003\325\254,\003\367\204\031\331\255\240""; ledgerHashPrevious: ""\276\322i\233\014\037\027Z\351\022\216@=S\205\334\033\374\234n\r\270\210]\013\203\356\024\366\354\260\007""; networkTime: 803902496; firstSeq: 9; lastSeq: 10; ","newEvent: neACCEPTED_LEDGER; ledgerSeq: 11; ledgerHash: ""L\324\236aQ\361\020X\372\353 3\347\310*\253\021gT!>\003\325\254,\003\367\204\031\331\255\240""; ledgerHashPrevious: ""\276\322i\233\014\037\027Z\351\022\216@=S\205\334\033\374\234n\r\270\210]\013\203\356\024\366\354\260\007""; networkTime: 803902496; firstSeq: 9; lastSeq: 10; "
1750587296922,1750587296922,0,1,3,1,TMValidation,"validation: """"\200\000\000\001&\000\000\000\013)/\352\224 :\211l\014`\252m\212dQL\324\236aQ\361\020X\372\353 3\347\310*\253\021gT!>\003\325\254,\003\367\204\031\331\255\240P\027\000\000\000\000\000\000\000\000\000\000\000\000\000\000\000\000\000\000\000\000\000\000\000\000\000\000\000\000\000\000\000\000P\031\276\322i\233\014\037\027Z\351\022\216@=S\205\334\033\374\234n\r\270\210]\013\203\356\024\366\354\260\007s!\003\325Q\255\224\274R@\312\253\262\347\352\034\346\347\242\215,\312\376=\277\353{\350\225\301\305`^, vF0D\002 6}\n\372\367\317T\022\201\377P/\333:)\034+8\000Vh\375\202u\360\000\310\303\342\226%\375\002 /\237\262\364\242!\327\364z\345\\301\372\223\353\251W!*\270@\227\264\365\255\315\256\020\210\201Xq""; ","validation: """"\200\000\000\001&\000\000\000\013)/\352\224 :\211l\014`\252m\212dQL\324\236aQ\361\020X\372\353 3\347\310*\253\021gT!>\003\325\254,\003\367\204\031\331\255\240P\027\000\000\000\000\000\000\000\000\000\000\000\000\000\000\000\000\000\000\000\000\000\000\000\000\000\000\000\000\000\000\000\000P\031\276\322i\233\014\037\027Z\351\022\216@=S\205\334\033\374\234n\r\270\210]\013\203\356\024\366\354\260\007s!\003\325Q\255\224\274R@\312\253\262\347\352\034\346\347\242\215,\312\376=\277\353{\350\225\301\305`^, vF0D\002 6}\n\372\367\317T\022\201\377P/\333:)\034+8\000Vh\375\202u\360\000\310\303\342\226%\375\002 /\237\262\364\242!\327\364z\345\\301\372\223\353\251W!*\270@\227\264\365\255\315\256\020\210\201Xq""; "
1750587296922,1750587296922,0,1,2,1,TMValidation,"validation: """"\200\000\000\001&\000\000\000\013)/\352\224 :\211l\014`\252m\212dQL\324\236aQ\361\020X\372\353 3\347\310*\253\021gT!>\003\325\254,\003\367\204\031\331\255\240P\027\000\000\000\000\000\000\000\000\000\000\000\000\000\000\000\000\000\000\000\000\000\000\000\000\000\000\000\000\000\000\000\000P\031\276\322i\233\014\037\027Z\351\022\216@=S\205\334\033\374\234n\r\270\210]\013\203\356\024\366\354\260\007s!\003\325Q\255\224\274R@\312\253\262\347\352\034\346\347\242\215,\312\376=\277\353{\350\225\301\305`^, vF0D\002 6}\n\372\367\317T\022\201\377P/\333:)\034+8\000Vh\375\202u\360\000\310\303\342\226%\375\002 /\237\262\364\242!\327\364z\345\\301\372\223\353\251W!*\270@\227\264\365\255\315\256\020\210\201Xq""; ","validation: """"\200\000\000\001&\000\000\000\013)/\352\224 :\211l\014`\252m\212dQL\324\236aQ\361\020X\372\353 3\347\310*\253\021gT!>\003\325\254,\003\367\204\031\331\255\240P\027\000\000\000\000\000\000\000\000\000\000\000\000\000\000\000\000\000\000\000\000\000\000\000\000\000\000\000\000\000\000\000\000P\031\276\322i\233\014\037\027Z\351\022\216@=S\205\334\033\374\234n\r\270\210]\013\203\356\024\366\354\260\007s!\003\325Q\255\224\274R@\312\253\262\347\352\034\346\347\242\215,\312\376=\277\353{\350\225\301\305`^, vF0D\002 6}\n\372\367\317T\022\201\377P/\333:)\034+8\000Vh\375\202u\360\000\310\303\342\226%\375\002 /\237\262\364\242!\327\364z\345\\301\372\223\353\251W!*\270@\227\264\365\255\315\256\020\210\201Xq""; "
1750587296923,1750587296923,0,1,1,3,TMValidation,"validation: """"\200\000\000\001&\000\000\000\013)/\352\224 :\211l\014`\252m\212dQL\324\236aQ\361\020X\372\353 3\347\310*\253\021gT!>\003\325\254,\003\367\204\031\331\255\240P\027\000\000\000\000\000\000\000\000\000\000\000\000\000\000\000\000\000\000\000\000\000\000\000\000\000\000\000\000\000\000\000\000P\031\276\322i\233\014\037\027Z\351\022\216@=S\205\334\033\374\234n\r\270\210]\013\203\356\024\366\354\260\007s!\003\325Q\255\224\274R@\312\253\262\347\352\034\346\347\242\215,\312\376=\277\353{\350\225\301\305`^, vF0D\002 6}\n\372\367\317T\022\201\377P/\333:)\034+8\000Vh\375\202u\360\000\310\303\342\226%\375\002 /\237\262\364\242!\327\364z\345\\301\372\223\353\251W!*\270@\227\264\365\255\315\256\020\210\201Xq""; ","validation: """"\200\000\000\001&\000\000\000\013)/\352\224 :\211l\014`\252m\212dQL\324\236aQ\361\020X\372\353 3\347\310*\253\021gT!>\003\325\254,\003\367\204\031\331\255\240P\027\000\000\000\000\000\000\000\000\000\000\000\000\000\000\000\000\000\000\000\000\000\000\000\000\000\000\000\000\000\000\000\000P\031\276\322i\233\014\037\027Z\351\022\216@=S\205\334\033\374\234n\r\270\210]\013\203\356\024\366\354\260\007s!\003\325Q\255\224\274R@\312\253\262\347\352\034\346\347\242\215,\312\376=\277\353{\350\225\301\305`^, vF0D\002 6}\n\372\367\317T\022\201\377P/\333:)\034+8\000Vh\375\202u\360\000\310\303\342\226%\375\002 /\237\262\364\242!\327\364z\345\\301\372\223\353\251W!*\270@\227\264\365\255\315\256\020\210\201Xq""; "
1750587296924,1750587296924,0,1,1,2,TMValidation,"validation: """"\200\000\000\001&\000\000\000\013)/\352\224 :\211l\014`\252m\212dQL\324\236aQ\361\020X\372\353 3\347\310*\253\021gT!>\003\325\254,\003\367\204\031\331\255\240P\027\000\000\000\000\000\000\000\000\000\000\000\000\000\000\000\000\000\000\000\000\000\000\000\000\000\000\000\000\000\000\000\000P\031\276\322i\233\014\037\027Z\351\022\216@=S\205\334\033\374\234n\r\270\210]\013\203\356\024\366\354\260\007s!\003\325Q\255\224\274R@\312\253\262\347\352\034\346\347\242\215,\312\376=\277\353{\350\225\301\305`^, vF0D\002 6}\n\372\367\317T\022\201\377P/\333:)\034+8\000Vh\375\202u\360\000\310\303\342\226%\375\002 /\237\262\364\242!\327\364z\345\\301\372\223\353\251W!*\270@\227\264\365\255\315\256\020\210\201Xq""; ","validation: """"\200\000\000\001&\000\000\000\013)/\352\224 :\211l\014`\252m\212dQL\324\236aQ\361\020X\372\353 3\347\310*\253\021gT!>\003\325\254,\003\367\204\031\331\255\240P\027\000\000\000\000\000\000\000\000\000\000\000\000\000\000\000\000\000\000\000\000\000\000\000\000\000\000\000\000\000\000\000\000P\031\276\322i\233\014\037\027Z\351\022\216@=S\205\334\033\374\234n\r\270\210]\013\203\356\024\366\354\260\007s!\003\325Q\255\224\274R@\312\253\262\347\352\034\346\347\242\215,\312\376=\277\353{\350\225\301\305`^, vF0D\002 6}\n\372\367\317T\022\201\377P/\333:)\034+8\000Vh\375\202u\360\000\310\303\342\226%\375\002 /\237\262\364\242!\327\364z\345\\301\372\223\353\251W!*\270@\227\264\365\255\315\256\020\210\201Xq""; "
1750587296924,1750587296924,0,1,1,0,TMValidation,"validation: """"\200\000\000\001&\000\000\000\013)/\352\224 :\211l\014`\252m\212dQL\324\236aQ\361\020X\372\353 3\347\310*\253\021gT!>\003\325\254,\003\367\204\031\331\255\240P\027\000\000\000\000\000\000\000\000\000\000\000\000\000\000\000\000\000\000\000\000\000\000\000\000\000\000\000\000\000\000\000\000P\031\276\322i\233\014\037\027Z\351\022\216@=S\205\334\033\374\234n\r\270\210]\013\203\356\024\366\354\260\007s!\003\325Q\255\224\274R@\312\253\262\347\352\034\346\347\242\215,\312\376=\277\353{\350\225\301\305`^, vF0D\002 6}\n\372\367\317T\022\201\377P/\333:)\034+8\000Vh\375\202u\360\000\310\303\342\226%\375\002 /\237\262\364\242!\327\364z\345\\301\372\223\353\251W!*\270@\227\264\365\255\315\256\020\210\201Xq""; ","validation: """"\200\000\000\001&\000\000\000\013)/\352\224 :\211l\014`\252m\212dQL\324\236aQ\361\020X\372\353 3\347\310*\253\021gT!>\003\325\254,\003\367\204\031\331\255\240P\027\000\000\000\000\000\000\000\000\000\000\000\000\000\000\000\000\000\000\000\000\000\000\000\000\000\000\000\000\000\000\000\000P\031\276\322i\233\014\037\027Z\351\022\216@=S\205\334\033\374\234n\r\270\210]\013\203\356\024\366\354\260\007s!\003\325Q\255\224\274R@\312\253\262\347\352\034\346\347\242\215,\312\376=\277\353{\350\225\301\305`^, vF0D\002 6}\n\372\367\317T\022\201\377P/\333:)\034+8\000Vh\375\202u\360\000\310\303\342\226%\375\002 /\237\262\364\242!\327\364z\345\\301\372\223\353\251W!*\270@\227\264\365\255\315\256\020\210\201Xq""; "
1750587296925,1750587296926,0,1,0,1,TMValidation,"validation: """"\200\000\000\001&\000\000\000\013)/\352\224 :\211l\014`\252m\212dQL\324\236aQ\361\020X\372\353 3\347\310*\253\021gT!>\003\325\254,\003\367\204\031\331\255\240P\027\000\000\000\000\000\000\000\000\000\000\000\000\000\000\000\000\000\000\000\000\000\000\000\000\000\000\000\000\000\000\000\000P\031\276\322i\233\014\037\027Z\351\022\216@=S\205\334\033\374\234n\r\270\210]\013\203\356\024\366\354\260\007s!\003\325Q\255\224\274R@\312\253\262\347\352\034\346\347\242\215,\312\376=\277\353{\350\225\301\305`^, vF0D\002 6}\n\372\367\317T\022\201\377P/\333:)\034+8\000Vh\375\202u\360\000\310\303\342\226%\375\002 /\237\262\364\242!\327\364z\345\\301\372\223\353\251W!*\270@\227\264\365\255\315\256\020\210\201Xq""; ","validation: """"\200\000\000\001&\000\000\000\013)/\352\224 :\211l\014`\252m\212dQL\324\236aQ\361\020X\372\353 3\347\310*\253\021gT!>\003\325\254,\003\367\204\031\331\255\240P\027\000\000\000\000\000\000\000\000\000\000\000\000\000\000\000\000\000\000\000\000\000\000\000\000\000\000\000\000\000\000\000\000P\031\276\322i\233\014\037\027Z\351\022\216@=S\205\334\033\374\234n\r\270\210]\013\203\356\024\366\354\260\007s!\003\325Q\255\224\274R@\312\253\262\347\352\034\346\347\242\215,\312\376=\277\353{\350\225\301\305`^, vF0D\002 6}\n\372\367\317T\022\201\377P/\333:)\034+8\000Vh\375\202u\360\000\310\303\342\226%\375\002 /\237\262\364\242!\327\364z\345\\301\372\223\353\251W!*\270@\227\264\365\255\315\256\020\210\201Xq""; "
1750587297134,1750587297134,0,1,4,3,TMLedgerData,"ledgerHash: ""\317\351\2337\023\262\336W\254\222\315\335\317oP\221\031g\037\220\357Ft\030n\306\370\n\354\226\365\346""; ledgerSeq: 9; type: liBASE; nodes {;   nodedata: ""\000\000\000\t\001cEx]\211\377\330\354@[\274\202\021\202\373Vi\243\n\325\250\005e\360""m\346'\311@\343\016$L\346\334\360<w\342\231\026\240\014\324\271\220rC\024\362\265\336\002\002\360\266o!'\361\275\341\216\372S\213k\022\315#\326\366m9\177\342L\022\227\3375l\022\347\266\203]ct\263p\226$F\nq!H%\277c\276/\352\224\020/\352\224\021\n\000""; }; nodes {;   nodedata: ""h\315\350\215y\203\242]\371\235\232Pt&\325\210eZ\346\237XZ \277\2457n\221\336\253\245\317\002\304\206+8\t]\351\316\373|\311\263V\300\023\035\211\237\260\300\r\033u3a1\203\303\365\307k\347\006E\344\037@\210\363\010\336T\226\247'\204_{\261\370""1\235\2445\343\033Y!\212\201\341\272\225'\007*$\244&\336\343'\233i\332\374\245 {^\306-N\333\gE\006\347\212\331C\211Z\177\247\031\n(B\t\273\260\334\t_E\266#\243\240\230\251@\241\315\244\373\216 \t\3074I8[\215\005%\215\013\202_n)6q\357\2538_-\302\252B\204v\277\254\373\3322Ca\020\243\0105\263\257\367\032\254\016\003""; }; nodes {;   nodedata: ""\221hvL@\313IuYZ\030O\247\200\005\367\245\307u\202\277\rN\200Xk*\301o{""G\000\003""; }; ","ledgerHash: ""\317\351\2337\023\262\336W\254\222\315\335\317oP\221\031g\037\220\357Ft\030n\306\370\n\354\226\365\346""; ledgerSeq: 9; type: liBASE; nodes {;   nodedata: ""\000\000\000\t\001cEx]\211\377\330\354@[\274\202\021\202\373Vi\243\n\325\250\005e\360""m\346'\311@\343\016$L\346\334\360<w\342\231\026\240\014\324\271\220rC\024\362\265\336\002\002\360\266o!'\361\275\341\216\372S\213k\022\315#\326\366m9\177\342L\022\227\3375l\022\347\266\203]ct\263p\226$F\nq!H%\277c\276/\352\224\020/\352\224\021\n\000""; }; nodes {;   nodedata: ""h\315\350\215y\203\242]\371\235\232Pt&\325\210eZ\346\237XZ \277\2457n\221\336\253\245\317\002\304\206+8\t]\351\316\373|\311\263V\300\023\035\211\237\260\300\r\033u3a1\203\303\365\307k\347\006E\344\037@\210\363\010\336T\226\247'\204_{\261\370""1\235\2445\343\033Y!\212\201\341\272\225'\007*$\244&\336\343'\233i\332\374\245 {^\306-N\333\gE\006\347\212\331C\211Z\177\247\031\n(B\t\273\260\334\t_E\266#\243\240\230\251@\241\315\244\373\216 \t\3074I8[\215\005%\215\013\202_n)6q\357\2538_-\302\252B\204v\277\254\373\3322Ca\020\243\0105\263\257\367\032\254\016\003""; }; nodes {;   nodedata: ""\221hvL@\313IuYZ\030O\247\200\005\367\245\307u\202\277\rN\200Xk*\301o{""G\000\003""; }; "
1750587297292,1750587297292,0,1,2,4,TMStatusChange,"newEvent: neACCEPTED_LEDGER; ledgerSeq: 11; ledgerHash: ""L\324\236aQ\361\020X\372\353 3\347\310*\253\021gT!>\003\325\254,\003\367\204\031\331\255\240""; ledgerHashPrevious: ""\276\322i\233\014\037\027Z\351\022\216@=S\205\334\033\374\234n\r\270\210]\013\203\356\024\366\354\260\007""; networkTime: 803902497; firstSeq: 1; lastSeq: 10; ","newEvent: neACCEPTED_LEDGER; ledgerSeq: 11; ledgerHash: ""L\324\236aQ\361\020X\372\353 3\347\310*\253\021gT!>\003\325\254,\003\367\204\031\331\255\240""; ledgerHashPrevious: ""\276\322i\233\014\037\027Z\351\022\216@=S\205\334\033\374\234n\r\270\210]\013\203\356\024\366\354\260\007""; networkTime: 803902497; firstSeq: 1; lastSeq: 10; "
1750587297292,1750587297292,0,1,2,3,TMStatusChange,"newEvent: neACCEPTED_LEDGER; ledgerSeq: 11; ledgerHash: ""L\324\236aQ\361\020X\372\353 3\347\310*\253\021gT!>\003\325\254,\003\367\204\031\331\255\240""; ledgerHashPrevious: ""\276\322i\233\014\037\027Z\351\022\216@=S\205\334\033\374\234n\r\270\210]\013\203\356\024\366\354\260\007""; networkTime: 803902497; firstSeq: 1; lastSeq: 10; ","newEvent: neACCEPTED_LEDGER; ledgerSeq: 11; ledgerHash: ""L\324\236aQ\361\020X\372\353 3\347\310*\253\021gT!>\003\325\254,\003\367\204\031\331\255\240""; ledgerHashPrevious: ""\276\322i\233\014\037\027Z\351\022\216@=S\205\334\033\374\234n\r\270\210]\013\203\356\024\366\354\260\007""; networkTime: 803902497; firstSeq: 1; lastSeq: 10; "
1750587297292,1750587297292,0,1,2,0,TMStatusChange,"newEvent: neACCEPTED_LEDGER; ledgerSeq: 11; ledgerHash: ""L\324\236aQ\361\020X\372\353 3\347\310*\253\021gT!>\003\325\254,\003\367\204\031\331\255\240""; ledgerHashPrevious: ""\276\322i\233\014\037\027Z\351\022\216@=S\205\334\033\374\234n\r\270\210]\013\203\356\024\366\354\260\007""; networkTime: 803902497; firstSeq: 1; lastSeq: 10; ","newEvent: neACCEPTED_LEDGER; ledgerSeq: 11; ledgerHash: ""L\324\236aQ\361\020X\372\353 3\347\310*\253\021gT!>\003\325\254,\003\367\204\031\331\255\240""; ledgerHashPrevious: ""\276\322i\233\014\037\027Z\351\022\216@=S\205\334\033\374\234n\r\270\210]\013\203\356\024\366\354\260\007""; networkTime: 803902497; firstSeq: 1; lastSeq: 10; "
1750587297293,1750587297293,0,1,2,1,TMStatusChange,"newEvent: neACCEPTED_LEDGER; ledgerSeq: 11; ledgerHash: ""L\324\236aQ\361\020X\372\353 3\347\310*\253\021gT!>\003\325\254,\003\367\204\031\331\255\240""; ledgerHashPrevious: ""\276\322i\233\014\037\027Z\351\022\216@=S\205\334\033\374\234n\r\270\210]\013\203\356\024\366\354\260\007""; networkTime: 803902497; firstSeq: 1; lastSeq: 10; ","newEvent: neACCEPTED_LEDGER; ledgerSeq: 11; ledgerHash: ""L\324\236aQ\361\020X\372\353 3\347\310*\253\021gT!>\003\325\254,\003\367\204\031\331\255\240""; ledgerHashPrevious: ""\276\322i\233\014\037\027Z\351\022\216@=S\205\334\033\374\234n\r\270\210]\013\203\356\024\366\354\260\007""; networkTime: 803902497; firstSeq: 1; lastSeq: 10; "
1750587297333,1750587297334,0,1,2,3,TMValidation,"validation: """"\200\000\000\001&\000\000\000\013)/\352\224!:Q\231\304\227'3\313\030QL\324\236aQ\361\020X\372\353 3\347\310*\253\021gT!>\003\325\254,\003\367\204\031\331\255\240P\027\000\000\000\000\000\000\000\000\000\000\000\000\000\000\000\000\000\000\000\000\000\000\000\000\000\000\000\000\000\000\000\000P\031\276\322i\233\014\037\027Z\351\022\216@=S\205\334\033\374\234n\r\270\210]\013\203\356\024\366\354\260\007s!\003ql\302)\235\321\t\213\224\356\374%%\311\327\037\374\304\t\335\2359\344\233\035]\347<u\236\364\222vF0D\002 ^-\217\343\232\365\007w\337\343\241\243\030\0359\306\021~\326\346\204\223\305\326L^\035+\355\0170\364\002 u\006\343\344\025\260k2\340A%\270\253\307\2677?\346\226\232:4r\207%\334\347\017A\n`9""; ","validation: """"\200\000\000\001&\000\000\000\013)/\352\224!:Q\231\304\227'3\313\030QL\324\236aQ\361\020X\372\353 3\347\310*\253\021gT!>\003\325\254,\003\367\204\031\331\255\240P\027\000\000\000\000\000\000\000\000\000\000\000\000\000\000\000\000\000\000\000\000\000\000\000\000\000\000\000\000\000\000\000\000P\031\276\322i\233\014\037\027Z\351\022\216@=S\205\334\033\374\234n\r\270\210]\013\203\356\024\366\354\260\007s!\003ql\302)\235\321\t\213\224\356\374%%\311\327\037\374\304\t\335\2359\344\233\035]\347<u\236\364\222vF0D\002 ^-\217\343\232\365\007w\337\343\241\243\030\0359\306\021~\326\346\204\223\305\326L^\035+\355\0170\364\002 u\006\343\344\025\260k2\340A%\270\253\307\2677?\346\226\232:4r\207%\334\347\017A\n`9""; "
1750587297334,1750587297334,0,1,2,1,TMValidation,"validation: """"\200\000\000\001&\000\000\000\013)/\352\224!:Q\231\304\227'3\313\030QL\324\236aQ\361\020X\372\353 3\347\310*\253\021gT!>\003\325\254,\003\367\204\031\331\255\240P\027\000\000\000\000\000\000\000\000\000\000\000\000\000\000\000\000\000\000\000\000\000\000\000\000\000\000\000\000\000\000\000\000P\031\276\322i\233\014\037\027Z\351\022\216@=S\205\334\033\374\234n\r\270\210]\013\203\356\024\366\354\260\007s!\003ql\302)\235\321\t\213\224\356\374%%\311\327\037\374\304\t\335\2359\344\233\035]\347<u\236\364\222vF0D\002 ^-\217\343\232\365\007w\337\343\241\243\030\0359\306\021~\326\346\204\223\305\326L^\035+\355\0170\364\002 u\006\343\344\025\260k2\340A%\270\253\307\2677?\346\226\232:4r\207%\334\347\017A\n`9""; ","validation: """"\200\000\000\001&\000\000\000\013)/\352\224!:Q\231\304\227'3\313\030QL\324\236aQ\361\020X\372\353 3\347\310*\253\021gT!>\003\325\254,\003\367\204\031\331\255\240P\027\000\000\000\000\000\000\000\000\000\000\000\000\000\000\000\000\000\000\000\000\000\000\000\000\000\000\000\000\000\000\000\000P\031\276\322i\233\014\037\027Z\351\022\216@=S\205\334\033\374\234n\r\270\210]\013\203\356\024\366\354\260\007s!\003ql\302)\235\321\t\213\224\356\374%%\311\327\037\374\304\t\335\2359\344\233\035]\347<u\236\364\222vF0D\002 ^-\217\343\232\365\007w\337\343\241\243\030\0359\306\021~\326\346\204\223\305\326L^\035+\355\0170\364\002 u\006\343\344\025\260k2\340A%\270\253\307\2677?\346\226\232:4r\207%\334\347\017A\n`9""; "
1750587297334,1750587297334,0,1,2,4,TMValidation,"validation: """"\200\000\000\001&\000\000\000\013)/\352\224!:Q\231\304\227'3\313\030QL\324\236aQ\361\020X\372\353 3\347\310*\253\021gT!>\003\325\254,\003\367\204\031\331\255\240P\027\000\000\000\000\000\000\000\000\000\000\000\000\000\000\000\000\000\000\000\000\000\000\000\000\000\000\000\000\000\000\000\000P\031\276\322i\233\014\037\027Z\351\022\216@=S\205\334\033\374\234n\r\270\210]\013\203\356\024\366\354\260\007s!\003ql\302)\235\321\t\213\224\356\374%%\311\327\037\374\304\t\335\2359\344\233\035]\347<u\236\364\222vF0D\002 ^-\217\343\232\365\007w\337\343\241\243\030\0359\306\021~\326\346\204\223\305\326L^\035+\355\0170\364\002 u\006\343\344\025\260k2\340A%\270\253\307\2677?\346\226\232:4r\207%\334\347\017A\n`9""; ","validation: """"\200\000\000\001&\000\000\000\013)/\352\224!:Q\231\304\227'3\313\030QL\324\236aQ\361\020X\372\353 3\347\310*\253\021gT!>\003\325\254,\003\367\204\031\331\255\240P\027\000\000\000\000\000\000\000\000\000\000\000\000\000\000\000\000\000\000\000\000\000\000\000\000\000\000\000\000\000\000\000\000P\031\276\322i\233\014\037\027Z\351\022\216@=S\205\334\033\374\234n\r\270\210]\013\203\356\024\366\354\260\007s!\003ql\302)\235\321\t\213\224\356\374%%\311\327\037\374\304\t\335\2359\344\233\035]\347<u\236\364\222vF0D\002 ^-\217\343\232\365\007w\337\343\241\243\030\0359\306\021~\326\346\204\223\305\326L^\035+\355\0170\364\002 u\006\343\344\025\260k2\340A%\270\253\307\2677?\346\226\232:4r\207%\334\347\017A\n`9""; "
1750587297335,1750587297335,0,1,2,0,TMValidation,"validation: """"\200\000\000\001&\000\000\000\013)/\352\224!:Q\231\304\227'3\313\030QL\324\236aQ\361\020X\372\353 3\347\310*\253\021gT!>\003\325\254,\003\367\204\031\331\255\240P\027\000\000\000\000\000\000\000\000\000\000\000\000\000\000\000\000\000\000\000\000\000\000\000\000\000\000\000\000\000\000\000\000P\031\276\322i\233\014\037\027Z\351\022\216@=S\205\334\033\374\234n\r\270\210]\013\203\356\024\366\354\260\007s!\003ql\302)\235\321\t\213\224\356\374%%\311\327\037\374\304\t\335\2359\344\233\035]\347<u\236\364\222vF0D\002 ^-\217\343\232\365\007w\337\343\241\243\030\0359\306\021~\326\346\204\223\305\326L^\035+\355\0170\364\002 u\006\343\344\025\260k2\340A%\270\253\307\2677?\346\226\232:4r\207%\334\347\017A\n`9""; ","validation: """"\200\000\000\001&\000\000\000\013)/\352\224!:Q\231\304\227'3\313\030QL\324\236aQ\361\020X\372\353 3\347\310*\253\021gT!>\003\325\254,\003\367\204\031\331\255\240P\027\000\000\000\000\000\000\000\000\000\000\000\000\000\000\000\000\000\000\000\000\000\000\000\000\000\000\000\000\000\000\000\000P\031\276\322i\233\014\037\027Z\351\022\216@=S\205\334\033\374\234n\r\270\210]\013\203\356\024\366\354\260\007s!\003ql\302)\235\321\t\213\224\356\374%%\311\327\037\374\304\t\335\2359\344\233\035]\347<u\236\364\222vF0D\002 ^-\217\343\232\365\007w\337\343\241\243\030\0359\306\021~\326\346\204\223\305\326L^\035+\355\0170\364\002 u\006\343\344\025\260k2\340A%\270\253\307\2677?\346\226\232:4r\207%\334\347\017A\n`9""; "
1750587297335,1750587297335,0,1,3,0,TMValidation,"validation: """"\200\000\000\001&\000\000\000\013)/\352\224!:Q\231\304\227'3\313\030QL\324\236aQ\361\020X\372\353 3\347\310*\253\021gT!>\003\325\254,\003\367\204\031\331\255\240P\027\000\000\000\000\000\000\000\000\000\000\000\000\000\000\000\000\000\000\000\000\000\000\000\000\000\000\000\000\000\000\000\000P\031\276\322i\233\014\037\027Z\351\022\216@=S\205\334\033\374\234n\r\270\210]\013\203\356\024\366\354\260\007s!\003ql\302)\235\321\t\213\224\356\374%%\311\327\037\374\304\t\335\2359\344\233\035]\347<u\236\364\222vF0D\002 ^-\217\343\232\365\007w\337\343\241\243\030\0359\306\021~\326\346\204\223\305\326L^\035+\355\0170\364\002 u\006\343\344\025\260k2\340A%\270\253\307\2677?\346\226\232:4r\207%\334\347\017A\n`9""; ","validation: """"\200\000\000\001&\000\000\000\013)/\352\224!:Q\231\304\227'3\313\030QL\324\236aQ\361\020X\372\353 3\347\310*\253\021gT!>\003\325\254,\003\367\204\031\331\255\240P\027\000\000\000\000\000\000\000\000\000\000\000\000\000\000\000\000\000\000\000\000\000\000\000\000\000\000\000\000\000\000\000\000P\031\276\322i\233\014\037\027Z\351\022\216@=S\205\334\033\374\234n\r\270\210]\013\203\356\024\366\354\260\007s!\003ql\302)\235\321\t\213\224\356\374%%\311\327\037\374\304\t\335\2359\344\233\035]\347<u\236\364\222vF0D\002 ^-\217\343\232\365\007w\337\343\241\243\030\0359\306\021~\326\346\204\223\305\326L^\035+\355\0170\364\002 u\006\343\344\025\260k2\340A%\270\253\307\2677?\346\226\232:4r\207%\334\347\017A\n`9""; "
1750587297336,1750587297336,0,1,3,4,TMValidation,"validation: """"\200\000\000\001&\000\000\000\013)/\352\224!:Q\231\304\227'3\313\030QL\324\236aQ\361\020X\372\353 3\347\310*\253\021gT!>\003\325\254,\003\367\204\031\331\255\240P\027\000\000\000\000\000\000\000\000\000\000\000\000\000\000\000\000\000\000\000\000\000\000\000\000\000\000\000\000\000\000\000\000P\031\276\322i\233\014\037\027Z\351\022\216@=S\205\334\033\374\234n\r\270\210]\013\203\356\024\366\354\260\007s!\003ql\302)\235\321\t\213\224\356\374%%\311\327\037\374\304\t\335\2359\344\233\035]\347<u\236\364\222vF0D\002 ^-\217\343\232\365\007w\337\343\241\243\030\0359\306\021~\326\346\204\223\305\326L^\035+\355\0170\364\002 u\006\343\344\025\260k2\340A%\270\253\307\2677?\346\226\232:4r\207%\334\347\017A\n`9""; ","validation: """"\200\000\000\001&\000\000\000\013)/\352\224!:Q\231\304\227'3\313\030QL\324\236aQ\361\020X\372\353 3\347\310*\253\021gT!>\003\325\254,\003\367\204\031\331\255\240P\027\000\000\000\000\000\000\000\000\000\000\000\000\000\000\000\000\000\000\000\000\000\000\000\000\000\000\000\000\000\000\000\000P\031\276\322i\233\014\037\027Z\351\022\216@=S\205\334\033\374\234n\r\270\210]\013\203\356\024\366\354\260\007s!\003ql\302)\235\321\t\213\224\356\374%%\311\327\037\374\304\t\335\2359\344\233\035]\347<u\236\364\222vF0D\002 ^-\217\343\232\365\007w\337\343\241\243\030\0359\306\021~\326\346\204\223\305\326L^\035+\355\0170\364\002 u\006\343\344\025\260k2\340A%\270\253\307\2677?\346\226\232:4r\207%\334\347\017A\n`9""; "
1750587297336,1750587297336,0,1,3,1,TMValidation,"validation: """"\200\000\000\001&\000\000\000\013)/\352\224!:Q\231\304\227'3\313\030QL\324\236aQ\361\020X\372\353 3\347\310*\253\021gT!>\003\325\254,\003\367\204\031\331\255\240P\027\000\000\000\000\000\000\000\000\000\000\000\000\000\000\000\000\000\000\000\000\000\000\000\000\000\000\000\000\000\000\000\000P\031\276\322i\233\014\037\027Z\351\022\216@=S\205\334\033\374\234n\r\270\210]\013\203\356\024\366\354\260\007s!\003ql\302)\235\321\t\213\224\356\374%%\311\327\037\374\304\t\335\2359\344\233\035]\347<u\236\364\222vF0D\002 ^-\217\343\232\365\007w\337\343\241\243\030\0359\306\021~\326\346\204\223\305\326L^\035+\355\0170\364\002 u\006\343\344\025\260k2\340A%\270\253\307\2677?\346\226\232:4r\207%\334\347\017A\n`9""; ","validation: """"\200\000\000\001&\000\000\000\013)/\352\224!:Q\231\304\227'3\313\030QL\324\236aQ\361\020X\372\353 3\347\310*\253\021gT!>\003\325\254,\003\367\204\031\331\255\240P\027\000\000\000\000\000\000\000\000\000\000\000\000\000\000\000\000\000\000\000\000\000\000\000\000\000\000\000\000\000\000\000\000P\031\276\322i\233\014\037\027Z\351\022\216@=S\205\334\033\374\234n\r\270\210]\013\203\356\024\366\354\260\007s!\003ql\302)\235\321\t\213\224\356\374%%\311\327\037\374\304\t\335\2359\344\233\035]\347<u\236\364\222vF0D\002 ^-\217\343\232\365\007w\337\343\241\243\030\0359\306\021~\326\346\204\223\305\326L^\035+\355\0170\364\002 u\006\343\344\025\260k2\340A%\270\253\307\2677?\346\226\232:4r\207%\334\347\017A\n`9""; "
1750587297337,1750587297337,0,1,1,0,TMValidation,"validation: """"\200\000\000\001&\000\000\000\013)/\352\224!:Q\231\304\227'3\313\030QL\324\236aQ\361\020X\372\353 3\347\310*\253\021gT!>\003\325\254,\003\367\204\031\331\255\240P\027\000\000\000\000\000\000\000\000\000\000\000\000\000\000\000\000\000\000\000\000\000\000\000\000\000\000\000\000\000\000\000\000P\031\276\322i\233\014\037\027Z\351\022\216@=S\205\334\033\374\234n\r\270\210]\013\203\356\024\366\354\260\007s!\003ql\302)\235\321\t\213\224\356\374%%\311\327\037\374\304\t\335\2359\344\233\035]\347<u\236\364\222vF0D\002 ^-\217\343\232\365\007w\337\343\241\243\030\0359\306\021~\326\346\204\223\305\326L^\035+\355\0170\364\002 u\006\343\344\025\260k2\340A%\270\253\307\2677?\346\226\232:4r\207%\334\347\017A\n`9""; ","validation: """"\200\000\000\001&\000\000\000\013)/\352\224!:Q\231\304\227'3\313\030QL\324\236aQ\361\020X\372\353 3\347\310*\253\021gT!>\003\325\254,\003\367\204\031\331\255\240P\027\000\000\000\000\000\000\000\000\000\000\000\000\000\000\000\000\000\000\000\000\000\000\000\000\000\000\000\000\000\000\000\000P\031\276\322i\233\014\037\027Z\351\022\216@=S\205\334\033\374\234n\r\270\210]\013\203\356\024\366\354\260\007s!\003ql\302)\235\321\t\213\224\356\374%%\311\327\037\374\304\t\335\2359\344\233\035]\347<u\236\364\222vF0D\002 ^-\217\343\232\365\007w\337\343\241\243\030\0359\306\021~\326\346\204\223\305\326L^\035+\355\0170\364\002 u\006\343\344\025\260k2\340A%\270\253\307\2677?\346\226\232:4r\207%\334\347\017A\n`9""; "
1750587297337,1750587297337,0,1,1,4,TMValidation,"validation: """"\200\000\000\001&\000\000\000\013)/\352\224!:Q\231\304\227'3\313\030QL\324\236aQ\361\020X\372\353 3\347\310*\253\021gT!>\003\325\254,\003\367\204\031\331\255\240P\027\000\000\000\000\000\000\000\000\000\000\000\000\000\000\000\000\000\000\000\000\000\000\000\000\000\000\000\000\000\000\000\000P\031\276\322i\233\014\037\027Z\351\022\216@=S\205\334\033\374\234n\r\270\210]\013\203\356\024\366\354\260\007s!\003ql\302)\235\321\t\213\224\356\374%%\311\327\037\374\304\t\335\2359\344\233\035]\347<u\236\364\222vF0D\002 ^-\217\343\232\365\007w\337\343\241\243\030\0359\306\021~\326\346\204\223\305\326L^\035+\355\0170\364\002 u\006\343\344\025\260k2\340A%\270\253\307\2677?\346\226\232:4r\207%\334\347\017A\n`9""; ","validation: """"\200\000\000\001&\000\000\000\013)/\352\224!:Q\231\304\227'3\313\030QL\324\236aQ\361\020X\372\353 3\347\310*\253\021gT!>\003\325\254,\003\367\204\031\331\255\240P\027\000\000\000\000\000\000\000\000\000\000\000\000\000\000\000\000\000\000\000\000\000\000\000\000\000\000\000\000\000\000\000\000P\031\276\322i\233\014\037\027Z\351\022\216@=S\205\334\033\374\234n\r\270\210]\013\203\356\024\366\354\260\007s!\003ql\302)\235\321\t\213\224\356\374%%\311\327\037\374\304\t\335\2359\344\233\035]\347<u\236\364\222vF0D\002 ^-\217\343\232\365\007w\337\343\241\243\030\0359\306\021~\326\346\204\223\305\326L^\035+\355\0170\364\002 u\006\343\344\025\260k2\340A%\270\253\307\2677?\346\226\232:4r\207%\334\347\017A\n`9""; "
1750587297337,1750587297337,0,1,1,3,TMValidation,"validation: """"\200\000\000\001&\000\000\000\013)/\352\224!:Q\231\304\227'3\313\030QL\324\236aQ\361\020X\372\353 3\347\310*\253\021gT!>\003\325\254,\003\367\204\031\331\255\240P\027\000\000\000\000\000\000\000\000\000\000\000\000\000\000\000\000\000\000\000\000\000\000\000\000\000\000\000\000\000\000\000\000P\031\276\322i\233\014\037\027Z\351\022\216@=S\205\334\033\374\234n\r\270\210]\013\203\356\024\366\354\260\007s!\003ql\302)\235\321\t\213\224\356\374%%\311\327\037\374\304\t\335\2359\344\233\035]\347<u\236\364\222vF0D\002 ^-\217\343\232\365\007w\337\343\241\243\030\0359\306\021~\326\346\204\223\305\326L^\035+\355\0170\364\002 u\006\343\344\025\260k2\340A%\270\253\307\2677?\346\226\232:4r\207%\334\347\017A\n`9""; ","validation: """"\200\000\000\001&\000\000\000\013)/\352\224!:Q\231\304\227'3\313\030QL\324\236aQ\361\020X\372\353 3\347\310*\253\021gT!>\003\325\254,\003\367\204\031\331\255\240P\027\000\000\000\000\000\000\000\000\000\000\000\000\000\000\000\000\000\000\000\000\000\000\000\000\000\000\000\000\000\000\000\000P\031\276\322i\233\014\037\027Z\351\022\216@=S\205\334\033\374\234n\r\270\210]\013\203\356\024\366\354\260\007s!\003ql\302)\235\321\t\213\224\356\374%%\311\327\037\374\304\t\335\2359\344\233\035]\347<u\236\364\222vF0D\002 ^-\217\343\232\365\007w\337\343\241\243\030\0359\306\021~\326\346\204\223\305\326L^\035+\355\0170\364\002 u\006\343\344\025\260k2\340A%\270\253\307\2677?\346\226\232:4r\207%\334\347\017A\n`9""; "
1750587297338,1750587297338,0,1,4,0,TMValidation,"validation: """"\200\000\000\001&\000\000\000\013)/\352\224!:Q\231\304\227'3\313\030QL\324\236aQ\361\020X\372\353 3\347\310*\253\021gT!>\003\325\254,\003\367\204\031\331\255\240P\027\000\000\000\000\000\000\000\000\000\000\000\000\000\000\000\000\000\000\000\000\000\000\000\000\000\000\000\000\000\000\000\000P\031\276\322i\233\014\037\027Z\351\022\216@=S\205\334\033\374\234n\r\270\210]\013\203\356\024\366\354\260\007s!\003ql\302)\235\321\t\213\224\356\374%%\311\327\037\374\304\t\335\2359\344\233\035]\347<u\236\364\222vF0D\002 ^-\217\343\232\365\007w\337\343\241\243\030\0359\306\021~\326\346\204\223\305\326L^\035+\355\0170\364\002 u\006\343\344\025\260k2\340A%\270\253\307\2677?\346\226\232:4r\207%\334\347\017A\n`9""; ","validation: """"\200\000\000\001&\000\000\000\013)/\352\224!:Q\231\304\227'3\313\030QL\324\236aQ\361\020X\372\353 3\347\310*\253\021gT!>\003\325\254,\003\367\204\031\331\255\240P\027\000\000\000\000\000\000\000\000\000\000\000\000\000\000\000\000\000\000\000\000\000\000\000\000\000\000\000\000\000\000\000\000P\031\276\322i\233\014\037\027Z\351\022\216@=S\205\334\033\374\234n\r\270\210]\013\203\356\024\366\354\260\007s!\003ql\302)\235\321\t\213\224\356\374%%\311\327\037\374\304\t\335\2359\344\233\035]\347<u\236\364\222vF0D\002 ^-\217\343\232\365\007w\337\343\241\243\030\0359\306\021~\326\346\204\223\305\326L^\035+\355\0170\364\002 u\006\343\344\025\260k2\340A%\270\253\307\2677?\346\226\232:4r\207%\334\347\017A\n`9""; "
1750587297338,1750587297338,0,1,4,3,TMValidation,"validation: """"\200\000\000\001&\000\000\000\013)/\352\224!:Q\231\304\227'3\313\030QL\324\236aQ\361\020X\372\353 3\347\310*\253\021gT!>\003\325\254,\003\367\204\031\331\255\240P\027\000\000\000\000\000\000\000\000\000\000\000\000\000\000\000\000\000\000\000\000\000\000\000\000\000\000\000\000\000\000\000\000P\031\276\322i\233\014\037\027Z\351\022\216@=S\205\334\033\374\234n\r\270\210]\013\203\356\024\366\354\260\007s!\003ql\302)\235\321\t\213\224\356\374%%\311\327\037\374\304\t\335\2359\344\233\035]\347<u\236\364\222vF0D\002 ^-\217\343\232\365\007w\337\343\241\243\030\0359\306\021~\326\346\204\223\305\326L^\035+\355\0170\364\002 u\006\343\344\025\260k2\340A%\270\253\307\2677?\346\226\232:4r\207%\334\347\017A\n`9""; ","validation: """"\200\000\000\001&\000\000\000\013)/\352\224!:Q\231\304\227'3\313\030QL\324\236aQ\361\020X\372\353 3\347\310*\253\021gT!>\003\325\254,\003\367\204\031\331\255\240P\027\000\000\000\000\000\000\000\000\000\000\000\000\000\000\000\000\000\000\000\000\000\000\000\000\000\000\000\000\000\000\000\000P\031\276\322i\233\014\037\027Z\351\022\216@=S\205\334\033\374\234n\r\270\210]\013\203\356\024\366\354\260\007s!\003ql\302)\235\321\t\213\224\356\374%%\311\327\037\374\304\t\335\2359\344\233\035]\347<u\236\364\222vF0D\002 ^-\217\343\232\365\007w\337\343\241\243\030\0359\306\021~\326\346\204\223\305\326L^\035+\355\0170\364\002 u\006\343\344\025\260k2\340A%\270\253\307\2677?\346\226\232:4r\207%\334\347\017A\n`9""; "
1750587297338,1750587297338,0,1,4,1,TMValidation,"validation: """"\200\000\000\001&\000\000\000\013)/\352\224!:Q\231\304\227'3\313\030QL\324\236aQ\361\020X\372\353 3\347\310*\253\021gT!>\003\325\254,\003\367\204\031\331\255\240P\027\000\000\000\000\000\000\000\000\000\000\000\000\000\000\000\000\000\000\000\000\000\000\000\000\000\000\000\000\000\000\000\000P\031\276\322i\233\014\037\027Z\351\022\216@=S\205\334\033\374\234n\r\270\210]\013\203\356\024\366\354\260\007s!\003ql\302)\235\321\t\213\224\356\374%%\311\327\037\374\304\t\335\2359\344\233\035]\347<u\236\364\222vF0D\002 ^-\217\343\232\365\007w\337\343\241\243\030\0359\306\021~\326\346\204\223\305\326L^\035+\355\0170\364\002 u\006\343\344\025\260k2\340A%\270\253\307\2677?\346\226\232:4r\207%\334\347\017A\n`9""; ","validation: """"\200\000\000\001&\000\000\000\013)/\352\224!:Q\231\304\227'3\313\030QL\324\236aQ\361\020X\372\353 3\347\310*\253\021gT!>\003\325\254,\003\367\204\031\331\255\240P\027\000\000\000\000\000\000\000\000\000\000\000\000\000\000\000\000\000\000\000\000\000\000\000\000\000\000\000\000\000\000\000\000P\031\276\322i\233\014\037\027Z\351\022\216@=S\205\334\033\374\234n\r\270\210]\013\203\356\024\366\354\260\007s!\003ql\302)\235\321\t\213\224\356\374%%\311\327\037\374\304\t\335\2359\344\233\035]\347<u\236\364\222vF0D\002 ^-\217\343\232\365\007w\337\343\241\243\030\0359\306\021~\326\346\204\223\305\326L^\035+\355\0170\364\002 u\006\343\344\025\260k2\340A%\270\253\307\2677?\346\226\232:4r\207%\334\347\017A\n`9""; "
1750587297338,1750587297338,0,1,0,4,TMValidation,"validation: """"\200\000\000\001&\000\000\000\013)/\352\224!:Q\231\304\227'3\313\030QL\324\236aQ\361\020X\372\353 3\347\310*\253\021gT!>\003\325\254,\003\367\204\031\331\255\240P\027\000\000\000\000\000\000\000\000\000\000\000\000\000\000\000\000\000\000\000\000\000\000\000\000\000\000\000\000\000\000\000\000P\031\276\322i\233\014\037\027Z\351\022\216@=S\205\334\033\374\234n\r\270\210]\013\203\356\024\366\354\260\007s!\003ql\302)\235\321\t\213\224\356\374%%\311\327\037\374\304\t\335\2359\344\233\035]\347<u\236\364\222vF0D\002 ^-\217\343\232\365\007w\337\343\241\243\030\0359\306\021~\326\346\204\223\305\326L^\035+\355\0170\364\002 u\006\343\344\025\260k2\340A%\270\253\307\2677?\346\226\232:4r\207%\334\347\017A\n`9""; ","validation: """"\200\000\000\001&\000\000\000\013)/\352\224!:Q\231\304\227'3\313\030QL\324\236aQ\361\020X\372\353 3\347\310*\253\021gT!>\003\325\254,\003\367\204\031\331\255\240P\027\000\000\000\000\000\000\000\000\000\000\000\000\000\000\000\000\000\000\000\000\000\000\000\000\000\000\000\000\000\000\000\000P\031\276\322i\233\014\037\027Z\351\022\216@=S\205\334\033\374\234n\r\270\210]\013\203\356\024\366\354\260\007s!\003ql\302)\235\321\t\213\224\356\374%%\311\327\037\374\304\t\335\2359\344\233\035]\347<u\236\364\222vF0D\002 ^-\217\343\232\365\007w\337\343\241\243\030\0359\306\021~\326\346\204\223\305\326L^\035+\355\0170\364\002 u\006\343\344\025\260k2\340A%\270\253\307\2677?\346\226\232:4r\207%\334\347\017A\n`9""; "
1750587297339,1750587297339,0,1,0,3,TMValidation,"validation: """"\200\000\000\001&\000\000\000\013)/\352\224!:Q\231\304\227'3\313\030QL\324\236aQ\361\020X\372\353 3\347\310*\253\021gT!>\003\325\254,\003\367\204\031\331\255\240P\027\000\000\000\000\000\000\000\000\000\000\000\000\000\000\000\000\000\000\000\000\000\000\000\000\000\000\000\000\000\000\000\000P\031\276\322i\233\014\037\027Z\351\022\216@=S\205\334\033\374\234n\r\270\210]\013\203\356\024\366\354\260\007s!\003ql\302)\235\321\t\213\224\356\374%%\311\327\037\374\304\t\335\2359\344\233\035]\347<u\236\364\222vF0D\002 ^-\217\343\232\365\007w\337\343\241\243\030\0359\306\021~\326\346\204\223\305\326L^\035+\355\0170\364\002 u\006\343\344\025\260k2\340A%\270\253\307\2677?\346\226\232:4r\207%\334\347\017A\n`9""; ","validation: """"\200\000\000\001&\000\000\000\013)/\352\224!:Q\231\304\227'3\313\030QL\324\236aQ\361\020X\372\353 3\347\310*\253\021gT!>\003\325\254,\003\367\204\031\331\255\240P\027\000\000\000\000\000\000\000\000\000\000\000\000\000\000\000\000\000\000\000\000\000\000\000\000\000\000\000\000\000\000\000\000P\031\276\322i\233\014\037\027Z\351\022\216@=S\205\334\033\374\234n\r\270\210]\013\203\356\024\366\354\260\007s!\003ql\302)\235\321\t\213\224\356\374%%\311\327\037\374\304\t\335\2359\344\233\035]\347<u\236\364\222vF0D\002 ^-\217\343\232\365\007w\337\343\241\243\030\0359\306\021~\326\346\204\223\305\326L^\035+\355\0170\364\002 u\006\343\344\025\260k2\340A%\270\253\307\2677?\346\226\232:4r\207%\334\347\017A\n`9""; "
1750587297339,1750587297339,0,1,0,1,TMValidation,"validation: """"\200\000\000\001&\000\000\000\013)/\352\224!:Q\231\304\227'3\313\030QL\324\236aQ\361\020X\372\353 3\347\310*\253\021gT!>\003\325\254,\003\367\204\031\331\255\240P\027\000\000\000\000\000\000\000\000\000\000\000\000\000\000\000\000\000\000\000\000\000\000\000\000\000\000\000\000\000\000\000\000P\031\276\322i\233\014\037\027Z\351\022\216@=S\205\334\033\374\234n\r\270\210]\013\203\356\024\366\354\260\007s!\003ql\302)\235\321\t\213\224\356\374%%\311\327\037\374\304\t\335\2359\344\233\035]\347<u\236\364\222vF0D\002 ^-\217\343\232\365\007w\337\343\241\243\030\0359\306\021~\326\346\204\223\305\326L^\035+\355\0170\364\002 u\006\343\344\025\260k2\340A%\270\253\307\2677?\346\226\232:4r\207%\334\347\017A\n`9""; ","validation: """"\200\000\000\001&\000\000\000\013)/\352\224!:Q\231\304\227'3\313\030QL\324\236aQ\361\020X\372\353 3\347\310*\253\021gT!>\003\325\254,\003\367\204\031\331\255\240P\027\000\000\000\000\000\000\000\000\000\000\000\000\000\000\000\000\000\000\000\000\000\000\000\000\000\000\000\000\000\000\000\000P\031\276\322i\233\014\037\027Z\351\022\216@=S\205\334\033\374\234n\r\270\210]\013\203\356\024\366\354\260\007s!\003ql\302)\235\321\t\213\224\356\374%%\311\327\037\374\304\t\335\2359\344\233\035]\347<u\236\364\222vF0D\002 ^-\217\343\232\365\007w\337\343\241\243\030\0359\306\021~\326\346\204\223\305\326L^\035+\355\0170\364\002 u\006\343\344\025\260k2\340A%\270\253\307\2677?\346\226\232:4r\207%\334\347\017A\n`9""; "
1750587297448,1750587297492,0,1,1,3,TMStatusChange,"newEvent: neCLOSING_LEDGER; ledgerSeq: 11; ledgerHash: ""L\324\236aQ\361\020X\372\353 3\347\310*\253\021gT!>\003\325\254,\003\367\204\031\331\255\240""; ledgerHashPrevious: ""\276\322i\233\014\037\027Z\351\022\216@=S\205\334\033\374\234n\r\270\210]\013\203\356\024\366\354\260\007""; networkTime: 803902497; firstSeq: 1; lastSeq: 11; ","newEvent: neCLOSING_LEDGER; ledgerSeq: 11; ledgerHash: ""L\324\236aQ\361\020X\372\353 3\347\310*\253\021gT!>\003\325\254,\003\367\204\031\331\255\240""; ledgerHashPrevious: ""\276\322i\233\014\037\027Z\351\022\216@=S\205\334\033\374\234n\r\270\210]\013\203\356\024\366\354\260\007""; networkTime: 803902497; firstSeq: 1; lastSeq: 11; "
1750587297449,1750587297493,0,1,1,2,TMStatusChange,"newEvent: neCLOSING_LEDGER; ledgerSeq: 11; ledgerHash: ""L\324\236aQ\361\020X\372\353 3\347\310*\253\021gT!>\003\325\254,\003\367\204\031\331\255\240""; ledgerHashPrevious: ""\276\322i\233\014\037\027Z\351\022\216@=S\205\334\033\374\234n\r\270\210]\013\203\356\024\366\354\260\007""; networkTime: 803902497; firstSeq: 1; lastSeq: 11; ","newEvent: neCLOSING_LEDGER; ledgerSeq: 11; ledgerHash: ""L\324\236aQ\361\020X\372\353 3\347\310*\253\021gT!>\003\325\254,\003\367\204\031\331\255\240""; ledgerHashPrevious: ""\276\322i\233\014\037\027Z\351\022\216@=S\205\334\033\374\234n\r\270\210]\013\203\356\024\366\354\260\007""; networkTime: 803902497; firstSeq: 1; lastSeq: 11; "
1750587297449,1750587297501,0,1,1,4,TMStatusChange,"newEvent: neCLOSING_LEDGER; ledgerSeq: 11; ledgerHash: ""L\324\236aQ\361\020X\372\353 3\347\310*\253\021gT!>\003\325\254,\003\367\204\031\331\255\240""; ledgerHashPrevious: ""\276\322i\233\014\037\027Z\351\022\216@=S\205\334\033\374\234n\r\270\210]\013\203\356\024\366\354\260\007""; networkTime: 803902497; firstSeq: 1; lastSeq: 11; ","newEvent: neCLOSING_LEDGER; ledgerSeq: 11; ledgerHash: ""L\324\236aQ\361\020X\372\353 3\347\310*\253\021gT!>\003\325\254,\003\367\204\031\331\255\240""; ledgerHashPrevious: ""\276\322i\233\014\037\027Z\351\022\216@=S\205\334\033\374\234n\r\270\210]\013\203\356\024\366\354\260\007""; networkTime: 803902497; firstSeq: 1; lastSeq: 11; "
1750587297449,1750587297502,0,1,1,0,TMStatusChange,"newEvent: neCLOSING_LEDGER; ledgerSeq: 11; ledgerHash: ""L\324\236aQ\361\020X\372\353 3\347\310*\253\021gT!>\003\325\254,\003\367\204\031\331\255\240""; ledgerHashPrevious: ""\276\322i\233\014\037\027Z\351\022\216@=S\205\334\033\374\234n\r\270\210]\013\203\356\024\366\354\260\007""; networkTime: 803902497; firstSeq: 1; lastSeq: 11; ","newEvent: neCLOSING_LEDGER; ledgerSeq: 11; ledgerHash: ""L\324\236aQ\361\020X\372\353 3\347\310*\253\021gT!>\003\325\254,\003\367\204\031\331\255\240""; ledgerHashPrevious: ""\276\322i\233\014\037\027Z\351\022\216@=S\205\334\033\374\234n\r\270\210]\013\203\356\024\366\354\260\007""; networkTime: 803902497; firstSeq: 1; lastSeq: 11; "
1750587297503,1750587297503,0,1,1,2,TMProposeSet,"proposeSeq: 0; currentTxHash: ""\000\000\000\000\000\000\000\000\000\000\000\000\000\000\000\000\000\000\000\000\000\000\000\000\000\000\000\000\000\000\000\000""; nodePubKey: ""\003\343\005\311u\203\370\0338\3174\324\010\006\301\251\177\261\304eOX\262)FA-\022r\263wm\024""; closeTime: 803902497; signature: ""0E\002!\000\230\306\353\354\322\7\023\367%2\301\200\342\030%z\343\006k\303\272\315\201\356>\243\303\266\001\024\260\002 d\014\tq8$\2206\255$r5m\246\265\363h\025\231:\363A0\013\201b\224B\325<\261\256""; previousledger: ""L\324\236aQ\361\020X\372\353 3\347\310*\253\021gT!>\003\325\254,\003\367\204\031\331\255\240""; ","proposeSeq: 0; currentTxHash: ""\000\000\000\000\000\000\000\000\000\000\000\000\000\000\000\000\000\000\000\000\000\000\000\000\000\000\000\000\000\000\000\000""; nodePubKey: ""\003\343\005\311u\203\370\0338\3174\324\010\006\301\251\177\261\304eOX\262)FA-\022r\263wm\024""; closeTime: 803902497; signature: ""0E\002!\000\230\306\353\354\322\7\023\367%2\301\200\342\030%z\343\006k\303\272\315\201\356>\243\303\266\001\024\260\002 d\014\tq8$\2206\255$r5m\246\265\363h\025\231:\363A0\013\201b\224B\325<\261\256""; previousledger: ""L\324\236aQ\361\020X\372\353 3\347\310*\253\021gT!>\003\325\254,\003\367\204\031\331\255\240""; "
1750587297503,1750587297503,0,1,1,4,TMProposeSet,"proposeSeq: 0; currentTxHash: ""\000\000\000\000\000\000\000\000\000\000\000\000\000\000\000\000\000\000\000\000\000\000\000\000\000\000\000\000\000\000\000\000""; nodePubKey: ""\003\343\005\311u\203\370\0338\3174\324\010\006\301\251\177\261\304eOX\262)FA-\022r\263wm\024""; closeTime: 803902497; signature: ""0E\002!\000\230\306\353\354\322\7\023\367%2\301\200\342\030%z\343\006k\303\272\315\201\356>\243\303\266\001\024\260\002 d\014\tq8$\2206\255$r5m\246\265\363h\025\231:\363A0\013\201b\224B\325<\261\256""; previousledger: ""L\324\236aQ\361\020X\372\353 3\347\310*\253\021gT!>\003\325\254,\003\367\204\031\331\255\240""; ","proposeSeq: 0; currentTxHash: ""\000\000\000\000\000\000\000\000\000\000\000\000\000\000\000\000\000\000\000\000\000\000\000\000\000\000\000\000\000\000\000\000""; nodePubKey: ""\003\343\005\311u\203\370\0338\3174\324\010\006\301\251\177\261\304eOX\262)FA-\022r\263wm\024""; closeTime: 803902497; signature: ""0E\002!\000\230\306\353\354\322\7\023\367%2\301\200\342\030%z\343\006k\303\272\315\201\356>\243\303\266\001\024\260\002 d\014\tq8$\2206\255$r5m\246\265\363h\025\231:\363A0\013\201b\224B\325<\261\256""; previousledger: ""L\324\236aQ\361\020X\372\353 3\347\310*\253\021gT!>\003\325\254,\003\367\204\031\331\255\240""; "
1750587297504,1750587297504,0,1,1,0,TMProposeSet,"proposeSeq: 0; currentTxHash: ""\000\000\000\000\000\000\000\000\000\000\000\000\000\000\000\000\000\000\000\000\000\000\000\000\000\000\000\000\000\000\000\000""; nodePubKey: ""\003\343\005\311u\203\370\0338\3174\324\010\006\301\251\177\261\304eOX\262)FA-\022r\263wm\024""; closeTime: 803902497; signature: ""0E\002!\000\230\306\353\354\322\7\023\367%2\301\200\342\030%z\343\006k\303\272\315\201\356>\243\303\266\001\024\260\002 d\014\tq8$\2206\255$r5m\246\265\363h\025\231:\363A0\013\201b\224B\325<\261\256""; previousledger: ""L\324\236aQ\361\020X\372\353 3\347\310*\253\021gT!>\003\325\254,\003\367\204\031\331\255\240""; ","proposeSeq: 0; currentTxHash: ""\000\000\000\000\000\000\000\000\000\000\000\000\000\000\000\000\000\000\000\000\000\000\000\000\000\000\000\000\000\000\000\000""; nodePubKey: ""\003\343\005\311u\203\370\0338\3174\324\010\006\301\251\177\261\304eOX\262)FA-\022r\263wm\024""; closeTime: 803902497; signature: ""0E\002!\000\230\306\353\354\322\7\023\367%2\301\200\342\030%z\343\006k\303\272\315\201\356>\243\303\266\001\024\260\002 d\014\tq8$\2206\255$r5m\246\265\363h\025\231:\363A0\013\201b\224B\325<\261\256""; previousledger: ""L\324\236aQ\361\020X\372\353 3\347\310*\253\021gT!>\003\325\254,\003\367\204\031\331\255\240""; "
1750587297504,1750587297504,0,1,1,3,TMProposeSet,"proposeSeq: 0; currentTxHash: ""\000\000\000\000\000\000\000\000\000\000\000\000\000\000\000\000\000\000\000\000\000\000\000\000\000\000\000\000\000\000\000\000""; nodePubKey: ""\003\343\005\311u\203\370\0338\3174\324\010\006\301\251\177\261\304eOX\262)FA-\022r\263wm\024""; closeTime: 803902497; signature: ""0E\002!\000\230\306\353\354\322\7\023\367%2\301\200\342\030%z\343\006k\303\272\315\201\356>\243\303\266\001\024\260\002 d\014\tq8$\2206\255$r5m\246\265\363h\025\231:\363A0\013\201b\224B\325<\261\256""; previousledger: ""L\324\236aQ\361\020X\372\353 3\347\310*\253\021gT!>\003\325\254,\003\367\204\031\331\255\240""; ","proposeSeq: 0; currentTxHash: ""\000\000\000\000\000\000\000\000\000\000\000\000\000\000\000\000\000\000\000\000\000\000\000\000\000\000\000\000\000\000\000\000""; nodePubKey: ""\003\343\005\311u\203\370\0338\3174\324\010\006\301\251\177\261\304eOX\262)FA-\022r\263wm\024""; closeTime: 803902497; signature: ""0E\002!\000\230\306\353\354\322\7\023\367%2\301\200\342\030%z\343\006k\303\272\315\201\356>\243\303\266\001\024\260\002 d\014\tq8$\2206\255$r5m\246\265\363h\025\231:\363A0\013\201b\224B\325<\261\256""; previousledger: ""L\324\236aQ\361\020X\372\353 3\347\310*\253\021gT!>\003\325\254,\003\367\204\031\331\255\240""; "
1750587297508,1750587297509,0,1,2,0,TMProposeSet,"proposeSeq: 0; currentTxHash: ""\000\000\000\000\000\000\000\000\000\000\000\000\000\000\000\000\000\000\000\000\000\000\000\000\000\000\000\000\000\000\000\000""; nodePubKey: ""\003\343\005\311u\203\370\0338\3174\324\010\006\301\251\177\261\304eOX\262)FA-\022r\263wm\024""; closeTime: 803902497; signature: ""0E\002!\000\230\306\353\354\322\7\023\367%2\301\200\342\030%z\343\006k\303\272\315\201\356>\243\303\266\001\024\260\002 d\014\tq8$\2206\255$r5m\246\265\363h\025\231:\363A0\013\201b\224B\325<\261\256""; previousledger: ""L\324\236aQ\361\020X\372\353 3\347\310*\253\021gT!>\003\325\254,\003\367\204\031\331\255\240""; ","proposeSeq: 0; currentTxHash: ""\000\000\000\000\000\000\000\000\000\000\000\000\000\000\000\000\000\000\000\000\000\000\000\000\000\000\000\000\000\000\000\000""; nodePubKey: ""\003\343\005\311u\203\370\0338\3174\324\010\006\301\251\177\261\304eOX\262)FA-\022r\263wm\024""; closeTime: 803902497; signature: ""0E\002!\000\230\306\353\354\322\7\023\367%2\301\200\342\030%z\343\006k\303\272\315\201\356>\243\303\266\001\024\260\002 d\014\tq8$\2206\255$r5m\246\265\363h\025\231:\363A0\013\201b\224B\325<\261\256""; previousledger: ""L\324\236aQ\361\020X\372\353 3\347\310*\253\021gT!>\003\325\254,\003\367\204\031\331\255\240""; "
1750587297509,1750587297509,0,1,2,4,TMProposeSet,"proposeSeq: 0; currentTxHash: ""\000\000\000\000\000\000\000\000\000\000\000\000\000\000\000\000\000\000\000\000\000\000\000\000\000\000\000\000\000\000\000\000""; nodePubKey: ""\003\343\005\311u\203\370\0338\3174\324\010\006\301\251\177\261\304eOX\262)FA-\022r\263wm\024""; closeTime: 803902497; signature: ""0E\002!\000\230\306\353\354\322\7\023\367%2\301\200\342\030%z\343\006k\303\272\315\201\356>\243\303\266\001\024\260\002 d\014\tq8$\2206\255$r5m\246\265\363h\025\231:\363A0\013\201b\224B\325<\261\256""; previousledger: ""L\324\236aQ\361\020X\372\353 3\347\310*\253\021gT!>\003\325\254,\003\367\204\031\331\255\240""; ","proposeSeq: 0; currentTxHash: ""\000\000\000\000\000\000\000\000\000\000\000\000\000\000\000\000\000\000\000\000\000\000\000\000\000\000\000\000\000\000\000\000""; nodePubKey: ""\003\343\005\311u\203\370\0338\3174\324\010\006\301\251\177\261\304eOX\262)FA-\022r\263wm\024""; closeTime: 803902497; signature: ""0E\002!\000\230\306\353\354\322\7\023\367%2\301\200\342\030%z\343\006k\303\272\315\201\356>\243\303\266\001\024\260\002 d\014\tq8$\2206\255$r5m\246\265\363h\025\231:\363A0\013\201b\224B\325<\261\256""; previousledger: ""L\324\236aQ\361\020X\372\353 3\347\310*\253\021gT!>\003\325\254,\003\367\204\031\331\255\240""; "
1750587297509,1750587297509,0,1,2,3,TMProposeSet,"proposeSeq: 0; currentTxHash: ""\000\000\000\000\000\000\000\000\000\000\000\000\000\000\000\000\000\000\000\000\000\000\000\000\000\000\000\000\000\000\000\000""; nodePubKey: ""\003\343\005\311u\203\370\0338\3174\324\010\006\301\251\177\261\304eOX\262)FA-\022r\263wm\024""; closeTime: 803902497; signature: ""0E\002!\000\230\306\353\354\322\7\023\367%2\301\200\342\030%z\343\006k\303\272\315\201\356>\243\303\266\001\024\260\002 d\014\tq8$\2206\255$r5m\246\265\363h\025\231:\363A0\013\201b\224B\325<\261\256""; previousledger: ""L\324\236aQ\361\020X\372\353 3\347\310*\253\021gT!>\003\325\254,\003\367\204\031\331\255\240""; ","proposeSeq: 0; currentTxHash: ""\000\000\000\000\000\000\000\000\000\000\000\000\000\000\000\000\000\000\000\000\000\000\000\000\000\000\000\000\000\000\000\000""; nodePubKey: ""\003\343\005\311u\203\370\0338\3174\324\010\006\301\251\177\261\304eOX\262)FA-\022r\263wm\024""; closeTime: 803902497; signature: ""0E\002!\000\230\306\353\354\322\7\023\367%2\301\200\342\030%z\343\006k\303\272\315\201\356>\243\303\266\001\024\260\002 d\014\tq8$\2206\255$r5m\246\265\363h\025\231:\363A0\013\201b\224B\325<\261\256""; previousledger: ""L\324\236aQ\361\020X\372\353 3\347\310*\253\021gT!>\003\325\254,\003\367\204\031\331\255\240""; "
1750587297510,1750587297510,0,1,3,2,TMProposeSet,"proposeSeq: 0; currentTxHash: ""\000\000\000\000\000\000\000\000\000\000\000\000\000\000\000\000\000\000\000\000\000\000\000\000\000\000\000\000\000\000\000\000""; nodePubKey: ""\003\343\005\311u\203\370\0338\3174\324\010\006\301\251\177\261\304eOX\262)FA-\022r\263wm\024""; closeTime: 803902497; signature: ""0E\002!\000\230\306\353\354\322\7\023\367%2\301\200\342\030%z\343\006k\303\272\315\201\356>\243\303\266\001\024\260\002 d\014\tq8$\2206\255$r5m\246\265\363h\025\231:\363A0\013\201b\224B\325<\261\256""; previousledger: ""L\324\236aQ\361\020X\372\353 3\347\310*\253\021gT!>\003\325\254,\003\367\204\031\331\255\240""; ","proposeSeq: 0; currentTxHash: ""\000\000\000\000\000\000\000\000\000\000\000\000\000\000\000\000\000\000\000\000\000\000\000\000\000\000\000\000\000\000\000\000""; nodePubKey: ""\003\343\005\311u\203\370\0338\3174\324\010\006\301\251\177\261\304eOX\262)FA-\022r\263wm\024""; closeTime: 803902497; signature: ""0E\002!\000\230\306\353\354\322\7\023\367%2\301\200\342\030%z\343\006k\303\272\315\201\356>\243\303\266\001\024\260\002 d\014\tq8$\2206\255$r5m\246\265\363h\025\231:\363A0\013\201b\224B\325<\261\256""; previousledger: ""L\324\236aQ\361\020X\372\353 3\347\310*\253\021gT!>\003\325\254,\003\367\204\031\331\255\240""; "
1750587297511,1750587297511,0,1,3,4,TMProposeSet,"proposeSeq: 0; currentTxHash: ""\000\000\000\000\000\000\000\000\000\000\000\000\000\000\000\000\000\000\000\000\000\000\000\000\000\000\000\000\000\000\000\000""; nodePubKey: ""\003\343\005\311u\203\370\0338\3174\324\010\006\301\251\177\261\304eOX\262)FA-\022r\263wm\024""; closeTime: 803902497; signature: ""0E\002!\000\230\306\353\354\322\7\023\367%2\301\200\342\030%z\343\006k\303\272\315\201\356>\243\303\266\001\024\260\002 d\014\tq8$\2206\255$r5m\246\265\363h\025\231:\363A0\013\201b\224B\325<\261\256""; previousledger: ""L\324\236aQ\361\020X\372\353 3\347\310*\253\021gT!>\003\325\254,\003\367\204\031\331\255\240""; ","proposeSeq: 0; currentTxHash: ""\000\000\000\000\000\000\000\000\000\000\000\000\000\000\000\000\000\000\000\000\000\000\000\000\000\000\000\000\000\000\000\000""; nodePubKey: ""\003\343\005\311u\203\370\0338\3174\324\010\006\301\251\177\261\304eOX\262)FA-\022r\263wm\024""; closeTime: 803902497; signature: ""0E\002!\000\230\306\353\354\322\7\023\367%2\301\200\342\030%z\343\006k\303\272\315\201\356>\243\303\266\001\024\260\002 d\014\tq8$\2206\255$r5m\246\265\363h\025\231:\363A0\013\201b\224B\325<\261\256""; previousledger: ""L\324\236aQ\361\020X\372\353 3\347\310*\253\021gT!>\003\325\254,\003\367\204\031\331\255\240""; "
1750587297510,1750587297510,0,1,3,0,TMProposeSet,"proposeSeq: 0; currentTxHash: ""\000\000\000\000\000\000\000\000\000\000\000\000\000\000\000\000\000\000\000\000\000\000\000\000\000\000\000\000\000\000\000\000""; nodePubKey: ""\003\343\005\311u\203\370\0338\3174\324\010\006\301\251\177\261\304eOX\262)FA-\022r\263wm\024""; closeTime: 803902497; signature: ""0E\002!\000\230\306\353\354\322\7\023\367%2\301\200\342\030%z\343\006k\303\272\315\201\356>\243\303\266\001\024\260\002 d\014\tq8$\2206\255$r5m\246\265\363h\025\231:\363A0\013\201b\224B\325<\261\256""; previousledger: ""L\324\236aQ\361\020X\372\353 3\347\310*\253\021gT!>\003\325\254,\003\367\204\031\331\255\240""; ","proposeSeq: 0; currentTxHash: ""\000\000\000\000\000\000\000\000\000\000\000\000\000\000\000\000\000\000\000\000\000\000\000\000\000\000\000\000\000\000\000\000""; nodePubKey: ""\003\343\005\311u\203\370\0338\3174\324\010\006\301\251\177\261\304eOX\262)FA-\022r\263wm\024""; closeTime: 803902497; signature: ""0E\002!\000\230\306\353\354\322\7\023\367%2\301\200\342\030%z\343\006k\303\272\315\201\356>\243\303\266\001\024\260\002 d\014\tq8$\2206\255$r5m\246\265\363h\025\231:\363A0\013\201b\224B\325<\261\256""; previousledger: ""L\324\236aQ\361\020X\372\353 3\347\310*\253\021gT!>\003\325\254,\003\367\204\031\331\255\240""; "
1750587297765,1750587297765,0,1,4,3,TMStatusChange,"newEvent: neACCEPTED_LEDGER; ledgerSeq: 11; ledgerHash: ""L\324\236aQ\361\020X\372\353 3\347\310*\253\021gT!>\003\325\254,\003\367\204\031\331\255\240""; ledgerHashPrevious: ""\276\322i\233\014\037\027Z\351\022\216@=S\205\334\033\374\234n\r\270\210]\013\203\356\024\366\354\260\007""; networkTime: 803902497; firstSeq: 1; lastSeq: 10; ","newEvent: neACCEPTED_LEDGER; ledgerSeq: 11; ledgerHash: ""L\324\236aQ\361\020X\372\353 3\347\310*\253\021gT!>\003\325\254,\003\367\204\031\331\255\240""; ledgerHashPrevious: ""\276\322i\233\014\037\027Z\351\022\216@=S\205\334\033\374\234n\r\270\210]\013\203\356\024\366\354\260\007""; networkTime: 803902497; firstSeq: 1; lastSeq: 10; "
1750587297766,1750587297767,0,1,4,0,TMStatusChange,"newEvent: neACCEPTED_LEDGER; ledgerSeq: 11; ledgerHash: ""L\324\236aQ\361\020X\372\353 3\347\310*\253\021gT!>\003\325\254,\003\367\204\031\331\255\240""; ledgerHashPrevious: ""\276\322i\233\014\037\027Z\351\022\216@=S\205\334\033\374\234n\r\270\210]\013\203\356\024\366\354\260\007""; networkTime: 803902497; firstSeq: 1; lastSeq: 10; ","newEvent: neACCEPTED_LEDGER; ledgerSeq: 11; ledgerHash: ""L\324\236aQ\361\020X\372\353 3\347\310*\253\021gT!>\003\325\254,\003\367\204\031\331\255\240""; ledgerHashPrevious: ""\276\322i\233\014\037\027Z\351\022\216@=S\205\334\033\374\234n\r\270\210]\013\203\356\024\366\354\260\007""; networkTime: 803902497; firstSeq: 1; lastSeq: 10; "
1750587297766,1750587297766,0,1,4,2,TMStatusChange,"newEvent: neACCEPTED_LEDGER; ledgerSeq: 11; ledgerHash: ""L\324\236aQ\361\020X\372\353 3\347\310*\253\021gT!>\003\325\254,\003\367\204\031\331\255\240""; ledgerHashPrevious: ""\276\322i\233\014\037\027Z\351\022\216@=S\205\334\033\374\234n\r\270\210]\013\203\356\024\366\354\260\007""; networkTime: 803902497; firstSeq: 1; lastSeq: 10; ","newEvent: neACCEPTED_LEDGER; ledgerSeq: 11; ledgerHash: ""L\324\236aQ\361\020X\372\353 3\347\310*\253\021gT!>\003\325\254,\003\367\204\031\331\255\240""; ledgerHashPrevious: ""\276\322i\233\014\037\027Z\351\022\216@=S\205\334\033\374\234n\r\270\210]\013\203\356\024\366\354\260\007""; networkTime: 803902497; firstSeq: 1; lastSeq: 10; "
1750587297765,1750587297766,0,1,4,1,TMStatusChange,"newEvent: neACCEPTED_LEDGER; ledgerSeq: 11; ledgerHash: ""L\324\236aQ\361\020X\372\353 3\347\310*\253\021gT!>\003\325\254,\003\367\204\031\331\255\240""; ledgerHashPrevious: ""\276\322i\233\014\037\027Z\351\022\216@=S\205\334\033\374\234n\r\270\210]\013\203\356\024\366\354\260\007""; networkTime: 803902497; firstSeq: 1; lastSeq: 10; ","newEvent: neACCEPTED_LEDGER; ledgerSeq: 11; ledgerHash: ""L\324\236aQ\361\020X\372\353 3\347\310*\253\021gT!>\003\325\254,\003\367\204\031\331\255\240""; ledgerHashPrevious: ""\276\322i\233\014\037\027Z\351\022\216@=S\205\334\033\374\234n\r\270\210]\013\203\356\024\366\354\260\007""; networkTime: 803902497; firstSeq: 1; lastSeq: 10; "
1750587297806,1750587297806,0,1,4,1,TMValidation,"validation: """"\200\000\000\000&\000\000\000\013)/\352\224!:v|\203\267)\257\206\032QL\324\236aQ\361\020X\372\353 3\347\310*\253\021gT!>\003\325\254,\003\367\204\031\331\255\240P\027\000\000\000\000\000\000\000\000\000\000\000\000\000\000\000\000\000\000\000\000\000\000\000\000\000\000\000\000\000\000\000\000P\031\276\322i\233\014\037\027Z\351\022\216@=S\205\334\033\374\234n\r\270\210]\013\203\356\024\366\354\260\007s!\003.\200\224\215?)t\306\315\242\313\251\255\302\204=\232.\271%}\013\024s\024\002@\216l""\241FvF0D\002 hG\000\223\377\030\270C\316V\320\304\2725/\312\316\341\214\010\243hm\021\014*\255\275\231y\335\255\002 |\314\214\205\336I)^S\301\342\002\010c\331m\022\236\374\207bE<\246YBq\261\351\277\356\326""; ","validation: """"\200\000\000\000&\000\000\000\013)/\352\224!:v|\203\267)\257\206\032QL\324\236aQ\361\020X\372\353 3\347\310*\253\021gT!>\003\325\254,\003\367\204\031\331\255\240P\027\000\000\000\000\000\000\000\000\000\000\000\000\000\000\000\000\000\000\000\000\000\000\000\000\000\000\000\000\000\000\000\000P\031\276\322i\233\014\037\027Z\351\022\216@=S\205\334\033\374\234n\r\270\210]\013\203\356\024\366\354\260\007s!\003.\200\224\215?)t\306\315\242\313\251\255\302\204=\232.\271%}\013\024s\024\002@\216l""\241FvF0D\002 hG\000\223\377\030\270C\316V\320\304\2725/\312\316\341\214\010\243hm\021\014*\255\275\231y\335\255\002 |\314\214\205\336I)^S\301\342\002\010c\331m\022\236\374\207bE<\246YBq\261\351\277\356\326""; "
1750587297808,1750587297808,0,1,4,3,TMValidation,"validation: """"\200\000\000\000&\000\000\000\013)/\352\224!:v|\203\267)\257\206\032QL\324\236aQ\361\020X\372\353 3\347\310*\253\021gT!>\003\325\254,\003\367\204\031\331\255\240P\027\000\000\000\000\000\000\000\000\000\000\000\000\000\000\000\000\000\000\000\000\000\000\000\000\000\000\000\000\000\000\000\000P\031\276\322i\233\014\037\027Z\351\022\216@=S\205\334\033\374\234n\r\270\210]\013\203\356\024\366\354\260\007s!\003.\200\224\215?)t\306\315\242\313\251\255\302\204=\232.\271%}\013\024s\024\002@\216l""\241FvF0D\002 hG\000\223\377\030\270C\316V\320\304\2725/\312\316\341\214\010\243hm\021\014*\255\275\231y\335\255\002 |\314\214\205\336I)^S\301\342\002\010c\331m\022\236\374\207bE<\246YBq\261\351\277\356\326""; ","validation: """"\200\000\000\000&\000\000\000\013)/\352\224!:v|\203\267)\257\206\032QL\324\236aQ\361\020X\372\353 3\347\310*\253\021gT!>\003\325\254,\003\367\204\031\331\255\240P\027\000\000\000\000\000\000\000\000\000\000\000\000\000\000\000\000\000\000\000\000\000\000\000\000\000\000\000\000\000\000\000\000P\031\276\322i\233\014\037\027Z\351\022\216@=S\205\334\033\374\234n\r\270\210]\013\203\356\024\366\354\260\007s!\003.\200\224\215?)t\306\315\242\313\251\255\302\204=\232.\271%}\013\024s\024\002@\216l""\241FvF0D\002 hG\000\223\377\030\270C\316V\320\304\2725/\312\316\341\214\010\243hm\021\014*\255\275\231y\335\255\002 |\314\214\205\336I)^S\301\342\002\010c\331m\022\236\374\207bE<\246YBq\261\351\277\356\326""; "
1750587297807,1750587297807,0,1,4,0,TMValidation,"validation: """"\200\000\000\000&\000\000\000\013)/\352\224!:v|\203\267)\257\206\032QL\324\236aQ\361\020X\372\353 3\347\310*\253\021gT!>\003\325\254,\003\367\204\031\331\255\240P\027\000\000\000\000\000\000\000\000\000\000\000\000\000\000\000\000\000\000\000\000\000\000\000\000\000\000\000\000\000\000\000\000P\031\276\322i\233\014\037\027Z\351\022\216@=S\205\334\033\374\234n\r\270\210]\013\203\356\024\366\354\260\007s!\003.\200\224\215?)t\306\315\242\313\251\255\302\204=\232.\271%}\013\024s\024\002@\216l""\241FvF0D\002 hG\000\223\377\030\270C\316V\320\304\2725/\312\316\341\214\010\243hm\021\014*\255\275\231y\335\255\002 |\314\214\205\336I)^S\301\342\002\010c\331m\022\236\374\207bE<\246YBq\261\351\277\356\326""; ","validation: """"\200\000\000\000&\000\000\000\013)/\352\224!:v|\203\267)\257\206\032QL\324\236aQ\361\020X\372\353 3\347\310*\253\021gT!>\003\325\254,\003\367\204\031\331\255\240P\027\000\000\000\000\000\000\000\000\000\000\000\000\000\000\000\000\000\000\000\000\000\000\000\000\000\000\000\000\000\000\000\000P\031\276\322i\233\014\037\027Z\351\022\216@=S\205\334\033\374\234n\r\270\210]\013\203\356\024\366\354\260\007s!\003.\200\224\215?)t\306\315\242\313\251\255\302\204=\232.\271%}\013\024s\024\002@\216l""\241FvF0D\002 hG\000\223\377\030\270C\316V\320\304\2725/\312\316\341\214\010\243hm\021\014*\255\275\231y\335\255\002 |\314\214\205\336I)^S\301\342\002\010c\331m\022\236\374\207bE<\246YBq\261\351\277\356\326""; "
1750587297807,1750587297807,0,1,4,0,TMProposeSet,"proposeSeq: 0; currentTxHash: ""\000\000\000\000\000\000\000\000\000\000\000\000\000\000\000\000\000\000\000\000\000\000\000\000\000\000\000\000\000\000\000\000""; nodePubKey: ""\003\343\005\311u\203\370\0338\3174\324\010\006\301\251\177\261\304eOX\262)FA-\022r\263wm\024""; closeTime: 803902497; signature: ""0E\002!\000\230\306\353\354\322\7\023\367%2\301\200\342\030%z\343\006k\303\272\315\201\356>\243\303\266\001\024\260\002 d\014\tq8$\2206\255$r5m\246\265\363h\025\231:\363A0\013\201b\224B\325<\261\256""; previousledger: ""L\324\236aQ\361\020X\372\353 3\347\310*\253\021gT!>\003\325\254,\003\367\204\031\331\255\240""; ","proposeSeq: 0; currentTxHash: ""\000\000\000\000\000\000\000\000\000\000\000\000\000\000\000\000\000\000\000\000\000\000\000\000\000\000\000\000\000\000\000\000""; nodePubKey: ""\003\343\005\311u\203\370\0338\3174\324\010\006\301\251\177\261\304eOX\262)FA-\022r\263wm\024""; closeTime: 803902497; signature: ""0E\002!\000\230\306\353\354\322\7\023\367%2\301\200\342\030%z\343\006k\303\272\315\201\356>\243\303\266\001\024\260\002 d\014\tq8$\2206\255$r5m\246\265\363h\025\231:\363A0\013\201b\224B\325<\261\256""; previousledger: ""L\324\236aQ\361\020X\372\353 3\347\310*\253\021gT!>\003\325\254,\003\367\204\031\331\255\240""; "
1750587297807,1750587297807,0,1,4,2,TMValidation,"validation: """"\200\000\000\000&\000\000\000\013)/\352\224!:v|\203\267)\257\206\032QL\324\236aQ\361\020X\372\353 3\347\310*\253\021gT!>\003\325\254,\003\367\204\031\331\255\240P\027\000\000\000\000\000\000\000\000\000\000\000\000\000\000\000\000\000\000\000\000\000\000\000\000\000\000\000\000\000\000\000\000P\031\276\322i\233\014\037\027Z\351\022\216@=S\205\334\033\374\234n\r\270\210]\013\203\356\024\366\354\260\007s!\003.\200\224\215?)t\306\315\242\313\251\255\302\204=\232.\271%}\013\024s\024\002@\216l""\241FvF0D\002 hG\000\223\377\030\270C\316V\320\304\2725/\312\316\341\214\010\243hm\021\014*\255\275\231y\335\255\002 |\314\214\205\336I)^S\301\342\002\010c\331m\022\236\374\207bE<\246YBq\261\351\277\356\326""; ","validation: """"\200\000\000\000&\000\000\000\013)/\352\224!:v|\203\267)\257\206\032QL\324\236aQ\361\020X\372\353 3\347\310*\253\021gT!>\003\325\254,\003\367\204\031\331\255\240P\027\000\000\000\000\000\000\000\000\000\000\000\000\000\000\000\000\000\000\000\000\000\000\000\000\000\000\000\000\000\000\000\000P\031\276\322i\233\014\037\027Z\351\022\216@=S\205\334\033\374\234n\r\270\210]\013\203\356\024\366\354\260\007s!\003.\200\224\215?)t\306\315\242\313\251\255\302\204=\232.\271%}\013\024s\024\002@\216l""\241FvF0D\002 hG\000\223\377\030\270C\316V\320\304\2725/\312\316\341\214\010\243hm\021\014*\255\275\231y\335\255\002 |\314\214\205\336I)^S\301\342\002\010c\331m\022\236\374\207bE<\246YBq\261\351\277\356\326""; "
1750587297810,1750587297810,0,1,1,0,TMValidation,"validation: """"\200\000\000\000&\000\000\000\013)/\352\224!:v|\203\267)\257\206\032QL\324\236aQ\361\020X\372\353 3\347\310*\253\021gT!>\003\325\254,\003\367\204\031\331\255\240P\027\000\000\000\000\000\000\000\000\000\000\000\000\000\000\000\000\000\000\000\000\000\000\000\000\000\000\000\000\000\000\000\000P\031\276\322i\233\014\037\027Z\351\022\216@=S\205\334\033\374\234n\r\270\210]\013\203\356\024\366\354\260\007s!\003.\200\224\215?)t\306\315\242\313\251\255\302\204=\232.\271%}\013\024s\024\002@\216l""\241FvF0D\002 hG\000\223\377\030\270C\316V\320\304\2725/\312\316\341\214\010\243hm\021\014*\255\275\231y\335\255\002 |\314\214\205\336I)^S\301\342\002\010c\331m\022\236\374\207bE<\246YBq\261\351\277\356\326""; ","validation: """"\200\000\000\000&\000\000\000\013)/\352\224!:v|\203\267)\257\206\032QL\324\236aQ\361\020X\372\353 3\347\310*\253\021gT!>\003\325\254,\003\367\204\031\331\255\240P\027\000\000\000\000\000\000\000\000\000\000\000\000\000\000\000\000\000\000\000\000\000\000\000\000\000\000\000\000\000\000\000\000P\031\276\322i\233\014\037\027Z\351\022\216@=S\205\334\033\374\234n\r\270\210]\013\203\356\024\366\354\260\007s!\003.\200\224\215?)t\306\315\242\313\251\255\302\204=\232.\271%}\013\024s\024\002@\216l""\241FvF0D\002 hG\000\223\377\030\270C\316V\320\304\2725/\312\316\341\214\010\243hm\021\014*\255\275\231y\335\255\002 |\314\214\205\336I)^S\301\342\002\010c\331m\022\236\374\207bE<\246YBq\261\351\277\356\326""; "
1750587297810,1750587297810,0,1,1,3,TMValidation,"validation: """"\200\000\000\000&\000\000\000\013)/\352\224!:v|\203\267)\257\206\032QL\324\236aQ\361\020X\372\353 3\347\310*\253\021gT!>\003\325\254,\003\367\204\031\331\255\240P\027\000\000\000\000\000\000\000\000\000\000\000\000\000\000\000\000\000\000\000\000\000\000\000\000\000\000\000\000\000\000\000\000P\031\276\322i\233\014\037\027Z\351\022\216@=S\205\334\033\374\234n\r\270\210]\013\203\356\024\366\354\260\007s!\003.\200\224\215?)t\306\315\242\313\251\255\302\204=\232.\271%}\013\024s\024\002@\216l""\241FvF0D\002 hG\000\223\377\030\270C\316V\320\304\2725/\312\316\341\214\010\243hm\021\014*\255\275\231y\335\255\002 |\314\214\205\336I)^S\301\342\002\010c\331m\022\236\374\207bE<\246YBq\261\351\277\356\326""; ","validation: """"\200\000\000\000&\000\000\000\013)/\352\224!:v|\203\267)\257\206\032QL\324\236aQ\361\020X\372\353 3\347\310*\253\021gT!>\003\325\254,\003\367\204\031\331\255\240P\027\000\000\000\000\000\000\000\000\000\000\000\000\000\000\000\000\000\000\000\000\000\000\000\000\000\000\000\000\000\000\000\000P\031\276\322i\233\014\037\027Z\351\022\216@=S\205\334\033\374\234n\r\270\210]\013\203\356\024\366\354\260\007s!\003.\200\224\215?)t\306\315\242\313\251\255\302\204=\232.\271%}\013\024s\024\002@\216l""\241FvF0D\002 hG\000\223\377\030\270C\316V\320\304\2725/\312\316\341\214\010\243hm\021\014*\255\275\231y\335\255\002 |\314\214\205\336I)^S\301\342\002\010c\331m\022\236\374\207bE<\246YBq\261\351\277\356\326""; "
1750587297812,1750587297812,0,1,0,3,TMValidation,"validation: """"\200\000\000\000&\000\000\000\013)/\352\224!:v|\203\267)\257\206\032QL\324\236aQ\361\020X\372\353 3\347\310*\253\021gT!>\003\325\254,\003\367\204\031\331\255\240P\027\000\000\000\000\000\000\000\000\000\000\000\000\000\000\000\000\000\000\000\000\000\000\000\000\000\000\000\000\000\000\000\000P\031\276\322i\233\014\037\027Z\351\022\216@=S\205\334\033\374\234n\r\270\210]\013\203\356\024\366\354\260\007s!\003.\200\224\215?)t\306\315\242\313\251\255\302\204=\232.\271%}\013\024s\024\002@\216l""\241FvF0D\002 hG\000\223\377\030\270C\316V\320\304\2725/\312\316\341\214\010\243hm\021\014*\255\275\231y\335\255\002 |\314\214\205\336I)^S\301\342\002\010c\331m\022\236\374\207bE<\246YBq\261\351\277\356\326""; ","validation: """"\200\000\000\000&\000\000\000\013)/\352\224!:v|\203\267)\257\206\032QL\324\236aQ\361\020X\372\353 3\347\310*\253\021gT!>\003\325\254,\003\367\204\031\331\255\240P\027\000\000\000\000\000\000\000\000\000\000\000\000\000\000\000\000\000\000\000\000\000\000\000\000\000\000\000\000\000\000\000\000P\031\276\322i\233\014\037\027Z\351\022\216@=S\205\334\033\374\234n\r\270\210]\013\203\356\024\366\354\260\007s!\003.\200\224\215?)t\306\315\242\313\251\255\302\204=\232.\271%}\013\024s\024\002@\216l""\241FvF0D\002 hG\000\223\377\030\270C\316V\320\304\2725/\312\316\341\214\010\243hm\021\014*\255\275\231y\335\255\002 |\314\214\205\336I)^S\301\342\002\010c\331m\022\236\374\207bE<\246YBq\261\351\277\356\326""; "
1750587297811,1750587297811,0,1,0,2,TMValidation,"validation: """"\200\000\000\000&\000\000\000\013)/\352\224!:v|\203\267)\257\206\032QL\324\236aQ\361\020X\372\353 3\347\310*\253\021gT!>\003\325\254,\003\367\204\031\331\255\240P\027\000\000\000\000\000\000\000\000\000\000\000\000\000\000\000\000\000\000\000\000\000\000\000\000\000\000\000\000\000\000\000\000P\031\276\322i\233\014\037\027Z\351\022\216@=S\205\334\033\374\234n\r\270\210]\013\203\356\024\366\354\260\007s!\003.\200\224\215?)t\306\315\242\313\251\255\302\204=\232.\271%}\013\024s\024\002@\216l""\241FvF0D\002 hG\000\223\377\030\270C\316V\320\304\2725/\312\316\341\214\010\243hm\021\014*\255\275\231y\335\255\002 |\314\214\205\336I)^S\301\342\002\010c\331m\022\236\374\207bE<\246YBq\261\351\277\356\326""; ","validation: """"\200\000\000\000&\000\000\000\013)/\352\224!:v|\203\267)\257\206\032QL\324\236aQ\361\020X\372\353 3\347\310*\253\021gT!>\003\325\254,\003\367\204\031\331\255\240P\027\000\000\000\000\000\000\000\000\000\000\000\000\000\000\000\000\000\000\000\000\000\000\000\000\000\000\000\000\000\000\000\000P\031\276\322i\233\014\037\027Z\351\022\216@=S\205\334\033\374\234n\r\270\210]\013\203\356\024\366\354\260\007s!\003.\200\224\215?)t\306\315\242\313\251\255\302\204=\232.\271%}\013\024s\024\002@\216l""\241FvF0D\002 hG\000\223\377\030\270C\316V\320\304\2725/\312\316\341\214\010\243hm\021\014*\255\275\231y\335\255\002 |\314\214\205\336I)^S\301\342\002\010c\331m\022\236\374\207bE<\246YBq\261\351\277\356\326""; "
1750587297812,1750587297812,0,1,0,1,TMValidation,"validation: """"\200\000\000\000&\000\000\000\013)/\352\224!:v|\203\267)\257\206\032QL\324\236aQ\361\020X\372\353 3\347\310*\253\021gT!>\003\325\254,\003\367\204\031\331\255\240P\027\000\000\000\000\000\000\000\000\000\000\000\000\000\000\000\000\000\000\000\000\000\000\000\000\000\000\000\000\000\000\000\000P\031\276\322i\233\014\037\027Z\351\022\216@=S\205\334\033\374\234n\r\270\210]\013\203\356\024\366\354\260\007s!\003.\200\224\215?)t\306\315\242\313\251\255\302\204=\232.\271%}\013\024s\024\002@\216l""\241FvF0D\002 hG\000\223\377\030\270C\316V\320\304\2725/\312\316\341\214\010\243hm\021\014*\255\275\231y\335\255\002 |\314\214\205\336I)^S\301\342\002\010c\331m\022\236\374\207bE<\246YBq\261\351\277\356\326""; ","validation: """"\200\000\000\000&\000\000\000\013)/\352\224!:v|\203\267)\257\206\032QL\324\236aQ\361\020X\372\353 3\347\310*\253\021gT!>\003\325\254,\003\367\204\031\331\255\240P\027\000\000\000\000\000\000\000\000\000\000\000\000\000\000\000\000\000\000\000\000\000\000\000\000\000\000\000\000\000\000\000\000P\031\276\322i\233\014\037\027Z\351\022\216@=S\205\334\033\374\234n\r\270\210]\013\203\356\024\366\354\260\007s!\003.\200\224\215?)t\306\315\242\313\251\255\302\204=\232.\271%}\013\024s\024\002@\216l""\241FvF0D\002 hG\000\223\377\030\270C\316V\320\304\2725/\312\316\341\214\010\243hm\021\014*\255\275\231y\335\255\002 |\314\214\205\336I)^S\301\342\002\010c\331m\022\236\374\207bE<\246YBq\261\351\277\356\326""; "
1750587297810,1750587297810,0,1,1,2,TMValidation,"validation: """"\200\000\000\000&\000\000\000\013)/\352\224!:v|\203\267)\257\206\032QL\324\236aQ\361\020X\372\353 3\347\310*\253\021gT!>\003\325\254,\003\367\204\031\331\255\240P\027\000\000\000\000\000\000\000\000\000\000\000\000\000\000\000\000\000\000\000\000\000\000\000\000\000\000\000\000\000\000\000\000P\031\276\322i\233\014\037\027Z\351\022\216@=S\205\334\033\374\234n\r\270\210]\013\203\356\024\366\354\260\007s!\003.\200\224\215?)t\306\315\242\313\251\255\302\204=\232.\271%}\013\024s\024\002@\216l""\241FvF0D\002 hG\000\223\377\030\270C\316V\320\304\2725/\312\316\341\214\010\243hm\021\014*\255\275\231y\335\255\002 |\314\214\205\336I)^S\301\342\002\010c\331m\022\236\374\207bE<\246YBq\261\351\277\356\326""; ","validation: """"\200\000\000\000&\000\000\000\013)/\352\224!:v|\203\267)\257\206\032QL\324\236aQ\361\020X\372\353 3\347\310*\253\021gT!>\003\325\254,\003\367\204\031\331\255\240P\027\000\000\000\000\000\000\000\000\000\000\000\000\000\000\000\000\000\000\000\000\000\000\000\000\000\000\000\000\000\000\000\000P\031\276\322i\233\014\037\027Z\351\022\216@=S\205\334\033\374\234n\r\270\210]\013\203\356\024\366\354\260\007s!\003.\200\224\215?)t\306\315\242\313\251\255\302\204=\232.\271%}\013\024s\024\002@\216l""\241FvF0D\002 hG\000\223\377\030\270C\316V\320\304\2725/\312\316\341\214\010\243hm\021\014*\255\275\231y\335\255\002 |\314\214\205\336I)^S\301\342\002\010c\331m\022\236\374\207bE<\246YBq\261\351\277\356\326""; "
1750587297813,1750587297813,0,1,3,1,TMValidation,"validation: """"\200\000\000\000&\000\000\000\013)/\352\224!:v|\203\267)\257\206\032QL\324\236aQ\361\020X\372\353 3\347\310*\253\021gT!>\003\325\254,\003\367\204\031\331\255\240P\027\000\000\000\000\000\000\000\000\000\000\000\000\000\000\000\000\000\000\000\000\000\000\000\000\000\000\000\000\000\000\000\000P\031\276\322i\233\014\037\027Z\351\022\216@=S\205\334\033\374\234n\r\270\210]\013\203\356\024\366\354\260\007s!\003.\200\224\215?)t\306\315\242\313\251\255\302\204=\232.\271%}\013\024s\024\002@\216l""\241FvF0D\002 hG\000\223\377\030\270C\316V\320\304\2725/\312\316\341\214\010\243hm\021\014*\255\275\231y\335\255\002 |\314\214\205\336I)^S\301\342\002\010c\331m\022\236\374\207bE<\246YBq\261\351\277\356\326""; ","validation: """"\200\000\000\000&\000\000\000\013)/\352\224!:v|\203\267)\257\206\032QL\324\236aQ\361\020X\372\353 3\347\310*\253\021gT!>\003\325\254,\003\367\204\031\331\255\240P\027\000\000\000\000\000\000\000\000\000\000\000\000\000\000\000\000\000\000\000\000\000\000\000\000\000\000\000\000\000\000\000\000P\031\276\322i\233\014\037\027Z\351\022\216@=S\205\334\033\374\234n\r\270\210]\013\203\356\024\366\354\260\007s!\003.\200\224\215?)t\306\315\242\313\251\255\302\204=\232.\271%}\013\024s\024\002@\216l""\241FvF0D\002 hG\000\223\377\030\270C\316V\320\304\2725/\312\316\341\214\010\243hm\021\014*\255\275\231y\335\255\002 |\314\214\205\336I)^S\301\342\002\010c\331m\022\236\374\207bE<\246YBq\261\351\277\356\326""; "
1750587297813,1750587297813,0,1,3,2,TMValidation,"validation: """"\200\000\000\000&\000\000\000\013)/\352\224!:v|\203\267)\257\206\032QL\324\236aQ\361\020X\372\353 3\347\310*\253\021gT!>\003\325\254,\003\367\204\031\331\255\240P\027\000\000\000\000\000\000\000\000\000\000\000\000\000\000\000\000\000\000\000\000\000\000\000\000\000\000\000\000\000\000\000\000P\031\276\322i\233\014\037\027Z\351\022\216@=S\205\334\033\374\234n\r\270\210]\013\203\356\024\366\354\260\007s!\003.\200\224\215?)t\306\315\242\313\251\255\302\204=\232.\271%}\013\024s\024\002@\216l""\241FvF0D\002 hG\000\223\377\030\270C\316V\320\304\2725/\312\316\341\214\010\243hm\021\014*\255\275\231y\335\255\002 |\314\214\205\336I)^S\301\342\002\010c\331m\022\236\374\207bE<\246YBq\261\351\277\356\326""; ","validation: """"\200\000\000\000&\000\000\000\013)/\352\224!:v|\203\267)\257\206\032QL\324\236aQ\361\020X\372\353 3\347\310*\253\021gT!>\003\325\254,\003\367\204\031\331\255\240P\027\000\000\000\000\000\000\000\000\000\000\000\000\000\000\000\000\000\000\000\000\000\000\000\000\000\000\000\000\000\000\000\000P\031\276\322i\233\014\037\027Z\351\022\216@=S\205\334\033\374\234n\r\270\210]\013\203\356\024\366\354\260\007s!\003.\200\224\215?)t\306\315\242\313\251\255\302\204=\232.\271%}\013\024s\024\002@\216l""\241FvF0D\002 hG\000\223\377\030\270C\316V\320\304\2725/\312\316\341\214\010\243hm\021\014*\255\275\231y\335\255\002 |\314\214\205\336I)^S\301\342\002\010c\331m\022\236\374\207bE<\246YBq\261\351\277\356\326""; "
1750587297813,1750587297813,0,1,3,0,TMValidation,"validation: """"\200\000\000\000&\000\000\000\013)/\352\224!:v|\203\267)\257\206\032QL\324\236aQ\361\020X\372\353 3\347\310*\253\021gT!>\003\325\254,\003\367\204\031\331\255\240P\027\000\000\000\000\000\000\000\000\000\000\000\000\000\000\000\000\000\000\000\000\000\000\000\000\000\000\000\000\000\000\000\000P\031\276\322i\233\014\037\027Z\351\022\216@=S\205\334\033\374\234n\r\270\210]\013\203\356\024\366\354\260\007s!\003.\200\224\215?)t\306\315\242\313\251\255\302\204=\232.\271%}\013\024s\024\002@\216l""\241FvF0D\002 hG\000\223\377\030\270C\316V\320\304\2725/\312\316\341\214\010\243hm\021\014*\255\275\231y\335\255\002 |\314\214\205\336I)^S\301\342\002\010c\331m\022\236\374\207bE<\246YBq\261\351\277\356\326""; ","validation: """"\200\000\000\000&\000\000\000\013)/\352\224!:v|\203\267)\257\206\032QL\324\236aQ\361\020X\372\353 3\347\310*\253\021gT!>\003\325\254,\003\367\204\031\331\255\240P\027\000\000\000\000\000\000\000\000\000\000\000\000\000\000\000\000\000\000\000\000\000\000\000\000\000\000\000\000\000\000\000\000P\031\276\322i\233\014\037\027Z\351\022\216@=S\205\334\033\374\234n\r\270\210]\013\203\356\024\366\354\260\007s!\003.\200\224\215?)t\306\315\242\313\251\255\302\204=\232.\271%}\013\024s\024\002@\216l""\241FvF0D\002 hG\000\223\377\030\270C\316V\320\304\2725/\312\316\341\214\010\243hm\021\014*\255\275\231y\335\255\002 |\314\214\205\336I)^S\301\342\002\010c\331m\022\236\374\207bE<\246YBq\261\351\277\356\326""; "
1750587297813,1750587297814,0,1,2,3,TMValidation,"validation: """"\200\000\000\000&\000\000\000\013)/\352\224!:v|\203\267)\257\206\032QL\324\236aQ\361\020X\372\353 3\347\310*\253\021gT!>\003\325\254,\003\367\204\031\331\255\240P\027\000\000\000\000\000\000\000\000\000\000\000\000\000\000\000\000\000\000\000\000\000\000\000\000\000\000\000\000\000\000\000\000P\031\276\322i\233\014\037\027Z\351\022\216@=S\205\334\033\374\234n\r\270\210]\013\203\356\024\366\354\260\007s!\003.\200\224\215?)t\306\315\242\313\251\255\302\204=\232.\271%}\013\024s\024\002@\216l""\241FvF0D\002 hG\000\223\377\030\270C\316V\320\304\2725/\312\316\341\214\010\243hm\021\014*\255\275\231y\335\255\002 |\314\214\205\336I)^S\301\342\002\010c\331m\022\236\374\207bE<\246YBq\261\351\277\356\326""; ","validation: """"\200\000\000\000&\000\000\000\013)/\352\224!:v|\203\267)\257\206\032QL\324\236aQ\361\020X\372\353 3\347\310*\253\021gT!>\003\325\254,\003\367\204\031\331\255\240P\027\000\000\000\000\000\000\000\000\000\000\000\000\000\000\000\000\000\000\000\000\000\000\000\000\000\000\000\000\000\000\000\000P\031\276\322i\233\014\037\027Z\351\022\216@=S\205\334\033\374\234n\r\270\210]\013\203\356\024\366\354\260\007s!\003.\200\224\215?)t\306\315\242\313\251\255\302\204=\232.\271%}\013\024s\024\002@\216l""\241FvF0D\002 hG\000\223\377\030\270C\316V\320\304\2725/\312\316\341\214\010\243hm\021\014*\255\275\231y\335\255\002 |\314\214\205\336I)^S\301\342\002\010c\331m\022\236\374\207bE<\246YBq\261\351\277\356\326""; "
1750587297814,1750587297814,0,1,2,1,TMValidation,"validation: """"\200\000\000\000&\000\000\000\013)/\352\224!:v|\203\267)\257\206\032QL\324\236aQ\361\020X\372\353 3\347\310*\253\021gT!>\003\325\254,\003\367\204\031\331\255\240P\027\000\000\000\000\000\000\000\000\000\000\000\000\000\000\000\000\000\000\000\000\000\000\000\000\000\000\000\000\000\000\000\000P\031\276\322i\233\014\037\027Z\351\022\216@=S\205\334\033\374\234n\r\270\210]\013\203\356\024\366\354\260\007s!\003.\200\224\215?)t\306\315\242\313\251\255\302\204=\232.\271%}\013\024s\024\002@\216l""\241FvF0D\002 hG\000\223\377\030\270C\316V\320\304\2725/\312\316\341\214\010\243hm\021\014*\255\275\231y\335\255\002 |\314\214\205\336I)^S\301\342\002\010c\331m\022\236\374\207bE<\246YBq\261\351\277\356\326""; ","validation: """"\200\000\000\000&\000\000\000\013)/\352\224!:v|\203\267)\257\206\032QL\324\236aQ\361\020X\372\353 3\347\310*\253\021gT!>\003\325\254,\003\367\204\031\331\255\240P\027\000\000\000\000\000\000\000\000\000\000\000\000\000\000\000\000\000\000\000\000\000\000\000\000\000\000\000\000\000\000\000\000P\031\276\322i\233\014\037\027Z\351\022\216@=S\205\334\033\374\234n\r\270\210]\013\203\356\024\366\354\260\007s!\003.\200\224\215?)t\306\315\242\313\251\255\302\204=\232.\271%}\013\024s\024\002@\216l""\241FvF0D\002 hG\000\223\377\030\270C\316V\320\304\2725/\312\316\341\214\010\243hm\021\014*\255\275\231y\335\255\002 |\314\214\205\336I)^S\301\342\002\010c\331m\022\236\374\207bE<\246YBq\261\351\277\356\326""; "
1750587297814,1750587297814,0,1,2,0,TMValidation,"validation: """"\200\000\000\000&\000\000\000\013)/\352\224!:v|\203\267)\257\206\032QL\324\236aQ\361\020X\372\353 3\347\310*\253\021gT!>\003\325\254,\003\367\204\031\331\255\240P\027\000\000\000\000\000\000\000\000\000\000\000\000\000\000\000\000\000\000\000\000\000\000\000\000\000\000\000\000\000\000\000\000P\031\276\322i\233\014\037\027Z\351\022\216@=S\205\334\033\374\234n\r\270\210]\013\203\356\024\366\354\260\007s!\003.\200\224\215?)t\306\315\242\313\251\255\302\204=\232.\271%}\013\024s\024\002@\216l""\241FvF0D\002 hG\000\223\377\030\270C\316V\320\304\2725/\312\316\341\214\010\243hm\021\014*\255\275\231y\335\255\002 |\314\214\205\336I)^S\301\342\002\010c\331m\022\236\374\207bE<\246YBq\261\351\277\356\326""; ","validation: """"\200\000\000\000&\000\000\000\013)/\352\224!:v|\203\267)\257\206\032QL\324\236aQ\361\020X\372\353 3\347\310*\253\021gT!>\003\325\254,\003\367\204\031\331\255\240P\027\000\000\000\000\000\000\000\000\000\000\000\000\000\000\000\000\000\000\000\000\000\000\000\000\000\000\000\000\000\000\000\000P\031\276\322i\233\014\037\027Z\351\022\216@=S\205\334\033\374\234n\r\270\210]\013\203\356\024\366\354\260\007s!\003.\200\224\215?)t\306\315\242\313\251\255\302\204=\232.\271%}\013\024s\024\002@\216l""\241FvF0D\002 hG\000\223\377\030\270C\316V\320\304\2725/\312\316\341\214\010\243hm\021\014*\255\275\231y\335\255\002 |\314\214\205\336I)^S\301\342\002\010c\331m\022\236\374\207bE<\246YBq\261\351\277\356\326""; "
1750587297879,1750587297879,0,1,3,4,TMProposeSet,"proposeSeq: 0; currentTxHash: ""\000\000\000\000\000\000\000\000\000\000\000\000\000\000\000\000\000\000\000\000\000\000\000\000\000\000\000\000\000\000\000\000""; nodePubKey: ""\003\325Q\255\224\274R@\312\253\262\347\352\034\346\347\242\215,\312\376=\277\353{\350\225\301\305`^, ""; closeTime: 803902497; signature: ""0D\002 n!\023\217\312\330&\006\220\301\221\\332\262\321\356^\346\217\361\267\253\010=\0262R\316\2536\026\210\002 B\265\345$R8eJ\t\343\225\033\020\020H\323I\037v\325\271\250\3250\253\310\017\0257\366S0""; previousledger: ""L\324\236aQ\361\020X\372\353 3\347\310*\253\021gT!>\003\325\254,\003\367\204\031\331\255\240""; ","proposeSeq: 0; currentTxHash: ""\000\000\000\000\000\000\000\000\000\000\000\000\000\000\000\000\000\000\000\000\000\000\000\000\000\000\000\000\000\000\000\000""; nodePubKey: ""\003\325Q\255\224\274R@\312\253\262\347\352\034\346\347\242\215,\312\376=\277\353{\350\225\301\305`^, ""; closeTime: 803902497; signature: ""0D\002 n!\023\217\312\330&\006\220\301\221\\332\262\321\356^\346\217\361\267\253\010=\0262R\316\2536\026\210\002 B\265\345$R8eJ\t\343\225\033\020\020H\323I\037v\325\271\250\3250\253\310\017\0257\366S0""; previousledger: ""L\324\236aQ\361\020X\372\353 3\347\310*\253\021gT!>\003\325\254,\003\367\204\031\331\255\240""; "
1750587297882,1750587297882,0,1,4,2,TMProposeSet,"proposeSeq: 0; currentTxHash: ""\000\000\000\000\000\000\000\000\000\000\000\000\000\000\000\000\000\000\000\000\000\000\000\000\000\000\000\000\000\000\000\000""; nodePubKey: ""\003\325Q\255\224\274R@\312\253\262\347\352\034\346\347\242\215,\312\376=\277\353{\350\225\301\305`^, ""; closeTime: 803902497; signature: ""0D\002 n!\023\217\312\330&\006\220\301\221\\332\262\321\356^\346\217\361\267\253\010=\0262R\316\2536\026\210\002 B\265\345$R8eJ\t\343\225\033\020\020H\323I\037v\325\271\250\3250\253\310\017\0257\366S0""; previousledger: ""L\324\236aQ\361\020X\372\353 3\347\310*\253\021gT!>\003\325\254,\003\367\204\031\331\255\240""; ","proposeSeq: 0; currentTxHash: ""\000\000\000\000\000\000\000\000\000\000\000\000\000\000\000\000\000\000\000\000\000\000\000\000\000\000\000\000\000\000\000\000""; nodePubKey: ""\003\325Q\255\224\274R@\312\253\262\347\352\034\346\347\242\215,\312\376=\277\353{\350\225\301\305`^, ""; closeTime: 803902497; signature: ""0D\002 n!\023\217\312\330&\006\220\301\221\\332\262\321\356^\346\217\361\267\253\010=\0262R\316\2536\026\210\002 B\265\345$R8eJ\t\343\225\033\020\020H\323I\037v\325\271\250\3250\253\310\017\0257\366S0""; previousledger: ""L\324\236aQ\361\020X\372\353 3\347\310*\253\021gT!>\003\325\254,\003\367\204\031\331\255\240""; "
1750587297882,1750587297882,0,1,4,1,TMProposeSet,"proposeSeq: 0; currentTxHash: ""\000\000\000\000\000\000\000\000\000\000\000\000\000\000\000\000\000\000\000\000\000\000\000\000\000\000\000\000\000\000\000\000""; nodePubKey: ""\003\325Q\255\224\274R@\312\253\262\347\352\034\346\347\242\215,\312\376=\277\353{\350\225\301\305`^, ""; closeTime: 803902497; signature: ""0D\002 n!\023\217\312\330&\006\220\301\221\\332\262\321\356^\346\217\361\267\253\010=\0262R\316\2536\026\210\002 B\265\345$R8eJ\t\343\225\033\020\020H\323I\037v\325\271\250\3250\253\310\017\0257\366S0""; previousledger: ""L\324\236aQ\361\020X\372\353 3\347\310*\253\021gT!>\003\325\254,\003\367\204\031\331\255\240""; ","proposeSeq: 0; currentTxHash: ""\000\000\000\000\000\000\000\000\000\000\000\000\000\000\000\000\000\000\000\000\000\000\000\000\000\000\000\000\000\000\000\000""; nodePubKey: ""\003\325Q\255\224\274R@\312\253\262\347\352\034\346\347\242\215,\312\376=\277\353{\350\225\301\305`^, ""; closeTime: 803902497; signature: ""0D\002 n!\023\217\312\330&\006\220\301\221\\332\262\321\356^\346\217\361\267\253\010=\0262R\316\2536\026\210\002 B\265\345$R8eJ\t\343\225\033\020\020H\323I\037v\325\271\250\3250\253\310\017\0257\366S0""; previousledger: ""L\324\236aQ\361\020X\372\353 3\347\310*\253\021gT!>\003\325\254,\003\367\204\031\331\255\240""; "
1750587297882,1750587297882,0,1,4,0,TMProposeSet,"proposeSeq: 0; currentTxHash: ""\000\000\000\000\000\000\000\000\000\000\000\000\000\000\000\000\000\000\000\000\000\000\000\000\000\000\000\000\000\000\000\000""; nodePubKey: ""\003\325Q\255\224\274R@\312\253\262\347\352\034\346\347\242\215,\312\376=\277\353{\350\225\301\305`^, ""; closeTime: 803902497; signature: ""0D\002 n!\023\217\312\330&\006\220\301\221\\332\262\321\356^\346\217\361\267\253\010=\0262R\316\2536\026\210\002 B\265\345$R8eJ\t\343\225\033\020\020H\323I\037v\325\271\250\3250\253\310\017\0257\366S0""; previousledger: ""L\324\236aQ\361\020X\372\353 3\347\310*\253\021gT!>\003\325\254,\003\367\204\031\331\255\240""; ","proposeSeq: 0; currentTxHash: ""\000\000\000\000\000\000\000\000\000\000\000\000\000\000\000\000\000\000\000\000\000\000\000\000\000\000\000\000\000\000\000\000""; nodePubKey: ""\003\325Q\255\224\274R@\312\253\262\347\352\034\346\347\242\215,\312\376=\277\353{\350\225\301\305`^, ""; closeTime: 803902497; signature: ""0D\002 n!\023\217\312\330&\006\220\301\221\\332\262\321\356^\346\217\361\267\253\010=\0262R\316\2536\026\210\002 B\265\345$R8eJ\t\343\225\033\020\020H\323I\037v\325\271\250\3250\253\310\017\0257\366S0""; previousledger: ""L\324\236aQ\361\020X\372\353 3\347\310*\253\021gT!>\003\325\254,\003\367\204\031\331\255\240""; "
1750587297883,1750587297883,0,1,2,3,TMProposeSet,"proposeSeq: 0; currentTxHash: ""\000\000\000\000\000\000\000\000\000\000\000\000\000\000\000\000\000\000\000\000\000\000\000\000\000\000\000\000\000\000\000\000""; nodePubKey: ""\003\325Q\255\224\274R@\312\253\262\347\352\034\346\347\242\215,\312\376=\277\353{\350\225\301\305`^, ""; closeTime: 803902497; signature: ""0D\002 n!\023\217\312\330&\006\220\301\221\\332\262\321\356^\346\217\361\267\253\010=\0262R\316\2536\026\210\002 B\265\345$R8eJ\t\343\225\033\020\020H\323I\037v\325\271\250\3250\253\310\017\0257\366S0""; previousledger: ""L\324\236aQ\361\020X\372\353 3\347\310*\253\021gT!>\003\325\254,\003\367\204\031\331\255\240""; ","proposeSeq: 0; currentTxHash: ""\000\000\000\000\000\000\000\000\000\000\000\000\000\000\000\000\000\000\000\000\000\000\000\000\000\000\000\000\000\000\000\000""; nodePubKey: ""\003\325Q\255\224\274R@\312\253\262\347\352\034\346\347\242\215,\312\376=\277\353{\350\225\301\305`^, ""; closeTime: 803902497; signature: ""0D\002 n!\023\217\312\330&\006\220\301\221\\332\262\321\356^\346\217\361\267\253\010=\0262R\316\2536\026\210\002 B\265\345$R8eJ\t\343\225\033\020\020H\323I\037v\325\271\250\3250\253\310\017\0257\366S0""; previousledger: ""L\324\236aQ\361\020X\372\353 3\347\310*\253\021gT!>\003\325\254,\003\367\204\031\331\255\240""; "
1750587297884,1750587297884,0,1,2,1,TMProposeSet,"proposeSeq: 0; currentTxHash: ""\000\000\000\000\000\000\000\000\000\000\000\000\000\000\000\000\000\000\000\000\000\000\000\000\000\000\000\000\000\000\000\000""; nodePubKey: ""\003\325Q\255\224\274R@\312\253\262\347\352\034\346\347\242\215,\312\376=\277\353{\350\225\301\305`^, ""; closeTime: 803902497; signature: ""0D\002 n!\023\217\312\330&\006\220\301\221\\332\262\321\356^\346\217\361\267\253\010=\0262R\316\2536\026\210\002 B\265\345$R8eJ\t\343\225\033\020\020H\323I\037v\325\271\250\3250\253\310\017\0257\366S0""; previousledger: ""L\324\236aQ\361\020X\372\353 3\347\310*\253\021gT!>\003\325\254,\003\367\204\031\331\255\240""; ","proposeSeq: 0; currentTxHash: ""\000\000\000\000\000\000\000\000\000\000\000\000\000\000\000\000\000\000\000\000\000\000\000\000\000\000\000\000\000\000\000\000""; nodePubKey: ""\003\325Q\255\224\274R@\312\253\262\347\352\034\346\347\242\215,\312\376=\277\353{\350\225\301\305`^, ""; closeTime: 803902497; signature: ""0D\002 n!\023\217\312\330&\006\220\301\221\\332\262\321\356^\346\217\361\267\253\010=\0262R\316\2536\026\210\002 B\265\345$R8eJ\t\343\225\033\020\020H\323I\037v\325\271\250\3250\253\310\017\0257\366S0""; previousledger: ""L\324\236aQ\361\020X\372\353 3\347\310*\253\021gT!>\003\325\254,\003\367\204\031\331\255\240""; "
1750587297884,1750587297884,0,1,2,0,TMProposeSet,"proposeSeq: 0; currentTxHash: ""\000\000\000\000\000\000\000\000\000\000\000\000\000\000\000\000\000\000\000\000\000\000\000\000\000\000\000\000\000\000\000\000""; nodePubKey: ""\003\325Q\255\224\274R@\312\253\262\347\352\034\346\347\242\215,\312\376=\277\353{\350\225\301\305`^, ""; closeTime: 803902497; signature: ""0D\002 n!\023\217\312\330&\006\220\301\221\\332\262\321\356^\346\217\361\267\253\010=\0262R\316\2536\026\210\002 B\265\345$R8eJ\t\343\225\033\020\020H\323I\037v\325\271\250\3250\253\310\017\0257\366S0""; previousledger: ""L\324\236aQ\361\020X\372\353 3\347\310*\253\021gT!>\003\325\254,\003\367\204\031\331\255\240""; ","proposeSeq: 0; currentTxHash: ""\000\000\000\000\000\000\000\000\000\000\000\000\000\000\000\000\000\000\000\000\000\000\000\000\000\000\000\000\000\000\000\000""; nodePubKey: ""\003\325Q\255\224\274R@\312\253\262\347\352\034\346\347\242\215,\312\376=\277\353{\350\225\301\305`^, ""; closeTime: 803902497; signature: ""0D\002 n!\023\217\312\330&\006\220\301\221\\332\262\321\356^\346\217\361\267\253\010=\0262R\316\2536\026\210\002 B\265\345$R8eJ\t\343\225\033\020\020H\323I\037v\325\271\250\3250\253\310\017\0257\366S0""; previousledger: ""L\324\236aQ\361\020X\372\353 3\347\310*\253\021gT!>\003\325\254,\003\367\204\031\331\255\240""; "
1750587297884,1750587297884,0,1,1,3,TMProposeSet,"proposeSeq: 0; currentTxHash: ""\000\000\000\000\000\000\000\000\000\000\000\000\000\000\000\000\000\000\000\000\000\000\000\000\000\000\000\000\000\000\000\000""; nodePubKey: ""\003\325Q\255\224\274R@\312\253\262\347\352\034\346\347\242\215,\312\376=\277\353{\350\225\301\305`^, ""; closeTime: 803902497; signature: ""0D\002 n!\023\217\312\330&\006\220\301\221\\332\262\321\356^\346\217\361\267\253\010=\0262R\316\2536\026\210\002 B\265\345$R8eJ\t\343\225\033\020\020H\323I\037v\325\271\250\3250\253\310\017\0257\366S0""; previousledger: ""L\324\236aQ\361\020X\372\353 3\347\310*\253\021gT!>\003\325\254,\003\367\204\031\331\255\240""; ","proposeSeq: 0; currentTxHash: ""\000\000\000\000\000\000\000\000\000\000\000\000\000\000\000\000\000\000\000\000\000\000\000\000\000\000\000\000\000\000\000\000""; nodePubKey: ""\003\325Q\255\224\274R@\312\253\262\347\352\034\346\347\242\215,\312\376=\277\353{\350\225\301\305`^, ""; closeTime: 803902497; signature: ""0D\002 n!\023\217\312\330&\006\220\301\221\\332\262\321\356^\346\217\361\267\253\010=\0262R\316\2536\026\210\002 B\265\345$R8eJ\t\343\225\033\020\020H\323I\037v\325\271\250\3250\253\310\017\0257\366S0""; previousledger: ""L\324\236aQ\361\020X\372\353 3\347\310*\253\021gT!>\003\325\254,\003\367\204\031\331\255\240""; "
1750587297885,1750587297885,0,1,1,0,TMProposeSet,"proposeSeq: 0; currentTxHash: ""\000\000\000\000\000\000\000\000\000\000\000\000\000\000\000\000\000\000\000\000\000\000\000\000\000\000\000\000\000\000\000\000""; nodePubKey: ""\003\325Q\255\224\274R@\312\253\262\347\352\034\346\347\242\215,\312\376=\277\353{\350\225\301\305`^, ""; closeTime: 803902497; signature: ""0D\002 n!\023\217\312\330&\006\220\301\221\\332\262\321\356^\346\217\361\267\253\010=\0262R\316\2536\026\210\002 B\265\345$R8eJ\t\343\225\033\020\020H\323I\037v\325\271\250\3250\253\310\017\0257\366S0""; previousledger: ""L\324\236aQ\361\020X\372\353 3\347\310*\253\021gT!>\003\325\254,\003\367\204\031\331\255\240""; ","proposeSeq: 0; currentTxHash: ""\000\000\000\000\000\000\000\000\000\000\000\000\000\000\000\000\000\000\000\000\000\000\000\000\000\000\000\000\000\000\000\000""; nodePubKey: ""\003\325Q\255\224\274R@\312\253\262\347\352\034\346\347\242\215,\312\376=\277\353{\350\225\301\305`^, ""; closeTime: 803902497; signature: ""0D\002 n!\023\217\312\330&\006\220\301\221\\332\262\321\356^\346\217\361\267\253\010=\0262R\316\2536\026\210\002 B\265\345$R8eJ\t\343\225\033\020\020H\323I\037v\325\271\250\3250\253\310\017\0257\366S0""; previousledger: ""L\324\236aQ\361\020X\372\353 3\347\310*\253\021gT!>\003\325\254,\003\367\204\031\331\255\240""; "
1750587297885,1750587297886,0,1,1,2,TMProposeSet,"proposeSeq: 0; currentTxHash: ""\000\000\000\000\000\000\000\000\000\000\000\000\000\000\000\000\000\000\000\000\000\000\000\000\000\000\000\000\000\000\000\000""; nodePubKey: ""\003\325Q\255\224\274R@\312\253\262\347\352\034\346\347\242\215,\312\376=\277\353{\350\225\301\305`^, ""; closeTime: 803902497; signature: ""0D\002 n!\023\217\312\330&\006\220\301\221\\332\262\321\356^\346\217\361\267\253\010=\0262R\316\2536\026\210\002 B\265\345$R8eJ\t\343\225\033\020\020H\323I\037v\325\271\250\3250\253\310\017\0257\366S0""; previousledger: ""L\324\236aQ\361\020X\372\353 3\347\310*\253\021gT!>\003\325\254,\003\367\204\031\331\255\240""; ","proposeSeq: 0; currentTxHash: ""\000\000\000\000\000\000\000\000\000\000\000\000\000\000\000\000\000\000\000\000\000\000\000\000\000\000\000\000\000\000\000\000""; nodePubKey: ""\003\325Q\255\224\274R@\312\253\262\347\352\034\346\347\242\215,\312\376=\277\353{\350\225\301\305`^, ""; closeTime: 803902497; signature: ""0D\002 n!\023\217\312\330&\006\220\301\221\\332\262\321\356^\346\217\361\267\253\010=\0262R\316\2536\026\210\002 B\265\345$R8eJ\t\343\225\033\020\020H\323I\037v\325\271\250\3250\253\310\017\0257\366S0""; previousledger: ""L\324\236aQ\361\020X\372\353 3\347\310*\253\021gT!>\003\325\254,\003\367\204\031\331\255\240""; "
1750587297886,1750587297886,0,1,3,2,TMProposeSet,"proposeSeq: 0; currentTxHash: ""\000\000\000\000\000\000\000\000\000\000\000\000\000\000\000\000\000\000\000\000\000\000\000\000\000\000\000\000\000\000\000\000""; nodePubKey: ""\003\325Q\255\224\274R@\312\253\262\347\352\034\346\347\242\215,\312\376=\277\353{\350\225\301\305`^, ""; closeTime: 803902497; signature: ""0D\002 n!\023\217\312\330&\006\220\301\221\\332\262\321\356^\346\217\361\267\253\010=\0262R\316\2536\026\210\002 B\265\345$R8eJ\t\343\225\033\020\020H\323I\037v\325\271\250\3250\253\310\017\0257\366S0""; previousledger: ""L\324\236aQ\361\020X\372\353 3\347\310*\253\021gT!>\003\325\254,\003\367\204\031\331\255\240""; ","proposeSeq: 0; currentTxHash: ""\000\000\000\000\000\000\000\000\000\000\000\000\000\000\000\000\000\000\000\000\000\000\000\000\000\000\000\000\000\000\000\000""; nodePubKey: ""\003\325Q\255\224\274R@\312\253\262\347\352\034\346\347\242\215,\312\376=\277\353{\350\225\301\305`^, ""; closeTime: 803902497; signature: ""0D\002 n!\023\217\312\330&\006\220\301\221\\332\262\321\356^\346\217\361\267\253\010=\0262R\316\2536\026\210\002 B\265\345$R8eJ\t\343\225\033\020\020H\323I\037v\325\271\250\3250\253\310\017\0257\366S0""; previousledger: ""L\324\236aQ\361\020X\372\353 3\347\310*\253\021gT!>\003\325\254,\003\367\204\031\331\255\240""; "
1750587297887,1750587297887,0,1,3,1,TMProposeSet,"proposeSeq: 0; currentTxHash: ""\000\000\000\000\000\000\000\000\000\000\000\000\000\000\000\000\000\000\000\000\000\000\000\000\000\000\000\000\000\000\000\000""; nodePubKey: ""\003\325Q\255\224\274R@\312\253\262\347\352\034\346\347\242\215,\312\376=\277\353{\350\225\301\305`^, ""; closeTime: 803902497; signature: ""0D\002 n!\023\217\312\330&\006\220\301\221\\332\262\321\356^\346\217\361\267\253\010=\0262R\316\2536\026\210\002 B\265\345$R8eJ\t\343\225\033\020\020H\323I\037v\325\271\250\3250\253\310\017\0257\366S0""; previousledger: ""L\324\236aQ\361\020X\372\353 3\347\310*\253\021gT!>\003\325\254,\003\367\204\031\331\255\240""; ","proposeSeq: 0; currentTxHash: ""\000\000\000\000\000\000\000\000\000\000\000\000\000\000\000\000\000\000\000\000\000\000\000\000\000\000\000\000\000\000\000\000""; nodePubKey: ""\003\325Q\255\224\274R@\312\253\262\347\352\034\346\347\242\215,\312\376=\277\353{\350\225\301\305`^, ""; closeTime: 803902497; signature: ""0D\002 n!\023\217\312\330&\006\220\301\221\\332\262\321\356^\346\217\361\267\253\010=\0262R\316\2536\026\210\002 B\265\345$R8eJ\t\343\225\033\020\020H\323I\037v\325\271\250\3250\253\310\017\0257\366S0""; previousledger: ""L\324\236aQ\361\020X\372\353 3\347\310*\253\021gT!>\003\325\254,\003\367\204\031\331\255\240""; "
1750587297879,1750587297918,0,1,3,4,TMStatusChange,"newEvent: neCLOSING_LEDGER; ledgerSeq: 11; ledgerHash: ""L\324\236aQ\361\020X\372\353 3\347\310*\253\021gT!>\003\325\254,\003\367\204\031\331\255\240""; ledgerHashPrevious: ""\276\322i\233\014\037\027Z\351\022\216@=S\205\334\033\374\234n\r\270\210]\013\203\356\024\366\354\260\007""; networkTime: 803902497; firstSeq: 9; lastSeq: 11; ","newEvent: neCLOSING_LEDGER; ledgerSeq: 11; ledgerHash: ""L\324\236aQ\361\020X\372\353 3\347\310*\253\021gT!>\003\325\254,\003\367\204\031\331\255\240""; ledgerHashPrevious: ""\276\322i\233\014\037\027Z\351\022\216@=S\205\334\033\374\234n\r\270\210]\013\203\356\024\366\354\260\007""; networkTime: 803902497; firstSeq: 9; lastSeq: 11; "
1750587297880,1750587297919,0,1,3,2,TMStatusChange,"newEvent: neCLOSING_LEDGER; ledgerSeq: 11; ledgerHash: ""L\324\236aQ\361\020X\372\353 3\347\310*\253\021gT!>\003\325\254,\003\367\204\031\331\255\240""; ledgerHashPrevious: ""\276\322i\233\014\037\027Z\351\022\216@=S\205\334\033\374\234n\r\270\210]\013\203\356\024\366\354\260\007""; networkTime: 803902497; firstSeq: 9; lastSeq: 11; ","newEvent: neCLOSING_LEDGER; ledgerSeq: 11; ledgerHash: ""L\324\236aQ\361\020X\372\353 3\347\310*\253\021gT!>\003\325\254,\003\367\204\031\331\255\240""; ledgerHashPrevious: ""\276\322i\233\014\037\027Z\351\022\216@=S\205\334\033\374\234n\r\270\210]\013\203\356\024\366\354\260\007""; networkTime: 803902497; firstSeq: 9; lastSeq: 11; "
1750587297880,1750587297918,0,1,3,1,TMStatusChange,"newEvent: neCLOSING_LEDGER; ledgerSeq: 11; ledgerHash: ""L\324\236aQ\361\020X\372\353 3\347\310*\253\021gT!>\003\325\254,\003\367\204\031\331\255\240""; ledgerHashPrevious: ""\276\322i\233\014\037\027Z\351\022\216@=S\205\334\033\374\234n\r\270\210]\013\203\356\024\366\354\260\007""; networkTime: 803902497; firstSeq: 9; lastSeq: 11; ","newEvent: neCLOSING_LEDGER; ledgerSeq: 11; ledgerHash: ""L\324\236aQ\361\020X\372\353 3\347\310*\253\021gT!>\003\325\254,\003\367\204\031\331\255\240""; ledgerHashPrevious: ""\276\322i\233\014\037\027Z\351\022\216@=S\205\334\033\374\234n\r\270\210]\013\203\356\024\366\354\260\007""; networkTime: 803902497; firstSeq: 9; lastSeq: 11; "
1750587297880,1750587297918,0,1,3,0,TMStatusChange,"newEvent: neCLOSING_LEDGER; ledgerSeq: 11; ledgerHash: ""L\324\236aQ\361\020X\372\353 3\347\310*\253\021gT!>\003\325\254,\003\367\204\031\331\255\240""; ledgerHashPrevious: ""\276\322i\233\014\037\027Z\351\022\216@=S\205\334\033\374\234n\r\270\210]\013\203\356\024\366\354\260\007""; networkTime: 803902497; firstSeq: 9; lastSeq: 11; ","newEvent: neCLOSING_LEDGER; ledgerSeq: 11; ledgerHash: ""L\324\236aQ\361\020X\372\353 3\347\310*\253\021gT!>\003\325\254,\003\367\204\031\331\255\240""; ledgerHashPrevious: ""\276\322i\233\014\037\027Z\351\022\216@=S\205\334\033\374\234n\r\270\210]\013\203\356\024\366\354\260\007""; networkTime: 803902497; firstSeq: 9; lastSeq: 11; "
1750587297922,1750587297922,0,1,3,0,TMProposeSet,"proposeSeq: 0; currentTxHash: ""\000\000\000\000\000\000\000\000\000\000\000\000\000\000\000\000\000\000\000\000\000\000\000\000\000\000\000\000\000\000\000\000""; nodePubKey: ""\003\325Q\255\224\274R@\312\253\262\347\352\034\346\347\242\215,\312\376=\277\353{\350\225\301\305`^, ""; closeTime: 803902497; signature: ""0D\002 n!\023\217\312\330&\006\220\301\221\\332\262\321\356^\346\217\361\267\253\010=\0262R\316\2536\026\210\002 B\265\345$R8eJ\t\343\225\033\020\020H\323I\037v\325\271\250\3250\253\310\017\0257\366S0""; previousledger: ""L\324\236aQ\361\020X\372\353 3\347\310*\253\021gT!>\003\325\254,\003\367\204\031\331\255\240""; ","proposeSeq: 0; currentTxHash: ""\000\000\000\000\000\000\000\000\000\000\000\000\000\000\000\000\000\000\000\000\000\000\000\000\000\000\000\000\000\000\000\000""; nodePubKey: ""\003\325Q\255\224\274R@\312\253\262\347\352\034\346\347\242\215,\312\376=\277\353{\350\225\301\305`^, ""; closeTime: 803902497; signature: ""0D\002 n!\023\217\312\330&\006\220\301\221\\332\262\321\356^\346\217\361\267\253\010=\0262R\316\2536\026\210\002 B\265\345$R8eJ\t\343\225\033\020\020H\323I\037v\325\271\250\3250\253\310\017\0257\366S0""; previousledger: ""L\324\236aQ\361\020X\372\353 3\347\310*\253\021gT!>\003\325\254,\003\367\204\031\331\255\240""; "
1750587298013,1750587298014,0,1,0,3,TMStatusChange,"newEvent: neACCEPTED_LEDGER; ledgerSeq: 11; ledgerHash: ""L\324\236aQ\361\020X\372\353 3\347\310*\253\021gT!>\003\325\254,\003\367\204\031\331\255\240""; ledgerHashPrevious: ""\276\322i\233\014\037\027Z\351\022\216@=S\205\334\033\374\234n\r\270\210]\013\203\356\024\366\354\260\007""; networkTime: 803902498; firstSeq: 9; lastSeq: 10; ","newEvent: neACCEPTED_LEDGER; ledgerSeq: 11; ledgerHash: ""L\324\236aQ\361\020X\372\353 3\347\310*\253\021gT!>\003\325\254,\003\367\204\031\331\255\240""; ledgerHashPrevious: ""\276\322i\233\014\037\027Z\351\022\216@=S\205\334\033\374\234n\r\270\210]\013\203\356\024\366\354\260\007""; networkTime: 803902498; firstSeq: 9; lastSeq: 10; "
1750587298015,1750587298015,0,1,0,2,TMStatusChange,"newEvent: neACCEPTED_LEDGER; ledgerSeq: 11; ledgerHash: ""L\324\236aQ\361\020X\372\353 3\347\310*\253\021gT!>\003\325\254,\003\367\204\031\331\255\240""; ledgerHashPrevious: ""\276\322i\233\014\037\027Z\351\022\216@=S\205\334\033\374\234n\r\270\210]\013\203\356\024\366\354\260\007""; networkTime: 803902498; firstSeq: 9; lastSeq: 10; ","newEvent: neACCEPTED_LEDGER; ledgerSeq: 11; ledgerHash: ""L\324\236aQ\361\020X\372\353 3\347\310*\253\021gT!>\003\325\254,\003\367\204\031\331\255\240""; ledgerHashPrevious: ""\276\322i\233\014\037\027Z\351\022\216@=S\205\334\033\374\234n\r\270\210]\013\203\356\024\366\354\260\007""; networkTime: 803902498; firstSeq: 9; lastSeq: 10; "
1750587298014,1750587298014,0,1,0,4,TMStatusChange,"newEvent: neACCEPTED_LEDGER; ledgerSeq: 11; ledgerHash: ""L\324\236aQ\361\020X\372\353 3\347\310*\253\021gT!>\003\325\254,\003\367\204\031\331\255\240""; ledgerHashPrevious: ""\276\322i\233\014\037\027Z\351\022\216@=S\205\334\033\374\234n\r\270\210]\013\203\356\024\366\354\260\007""; networkTime: 803902498; firstSeq: 9; lastSeq: 10; ","newEvent: neACCEPTED_LEDGER; ledgerSeq: 11; ledgerHash: ""L\324\236aQ\361\020X\372\353 3\347\310*\253\021gT!>\003\325\254,\003\367\204\031\331\255\240""; ledgerHashPrevious: ""\276\322i\233\014\037\027Z\351\022\216@=S\205\334\033\374\234n\r\270\210]\013\203\356\024\366\354\260\007""; networkTime: 803902498; firstSeq: 9; lastSeq: 10; "
1750587298014,1750587298014,0,1,0,1,TMStatusChange,"newEvent: neACCEPTED_LEDGER; ledgerSeq: 11; ledgerHash: ""L\324\236aQ\361\020X\372\353 3\347\310*\253\021gT!>\003\325\254,\003\367\204\031\331\255\240""; ledgerHashPrevious: ""\276\322i\233\014\037\027Z\351\022\216@=S\205\334\033\374\234n\r\270\210]\013\203\356\024\366\354\260\007""; networkTime: 803902498; firstSeq: 9; lastSeq: 10; ","newEvent: neACCEPTED_LEDGER; ledgerSeq: 11; ledgerHash: ""L\324\236aQ\361\020X\372\353 3\347\310*\253\021gT!>\003\325\254,\003\367\204\031\331\255\240""; ledgerHashPrevious: ""\276\322i\233\014\037\027Z\351\022\216@=S\205\334\033\374\234n\r\270\210]\013\203\356\024\366\354\260\007""; networkTime: 803902498; firstSeq: 9; lastSeq: 10; "
1750587298054,1750587298054,0,1,0,3,TMValidation,"validation: """"\200\000\000\001&\000\000\000\013)/\352\224!:I\203w\200\211\SGQL\324\236aQ\361\020X\372\353 3\347\310*\253\021gT!>\003\325\254,\003\367\204\031\331\255\240P\027\000\000\000\000\000\000\000\000\000\000\000\000\000\000\000\000\000\000\000\000\000\000\000\000\000\000\000\000\000\000\000\000P\031\276\322i\233\014\037\027Z\351\022\216@=S\205\334\033\374\234n\r\270\210]\013\203\356\024\366\354\260\007s!\002\347\243J\206W\025ML\260\226\0163\217\250\337\325W\253\356*O\245Z\271\234\207C\274\375`\335\311vG0E\002!\000\222\017\352\240m\210\377:\350a\270\244\351\273s*\225\362\004\300\025@\030\010\033|\273L\254\tGz\002 \023\312\232\342M\260\224\304\2274\370r\304\2242\n\013Yg\037\252\302\235\260\003\320\313\217/""\357\200""; ","validation: """"\200\000\000\001&\000\000\000\013)/\352\224!:I\203w\200\211\SGQL\324\236aQ\361\020X\372\353 3\347\310*\253\021gT!>\003\325\254,\003\367\204\031\331\255\240P\027\000\000\000\000\000\000\000\000\000\000\000\000\000\000\000\000\000\000\000\000\000\000\000\000\000\000\000\000\000\000\000\000P\031\276\322i\233\014\037\027Z\351\022\216@=S\205\334\033\374\234n\r\270\210]\013\203\356\024\366\354\260\007s!\002\347\243J\206W\025ML\260\226\0163\217\250\337\325W\253\356*O\245Z\271\234\207C\274\375`\335\311vG0E\002!\000\222\017\352\240m\210\377:\350a\270\244\351\273s*\225\362\004\300\025@\030\010\033|\273L\254\tGz\002 \023\312\232\342M\260\224\304\2274\370r\304\2242\n\013Yg\037\252\302\235\260\003\320\313\217/""\357\200""; "
1750587298055,1750587298055,0,1,0,3,TMProposeSet,"proposeSeq: 0; currentTxHash: ""\000\000\000\000\000\000\000\000\000\000\000\000\000\000\000\000\000\000\000\000\000\000\000\000\000\000\000\000\000\000\000\000""; nodePubKey: ""\002\347\243J\206W\025ML\260\226\0163\217\250\337\325W\253\356*O\245Z\271\234\207C\274\375`\335\311""; closeTime: 803902498; signature: ""0D\002 D)%\204\213+5\325#\343\3415T\2723\\343\321\220F\035\244\215\236R\034\301D\337\277\021\330\002 \020\027c\265\2668;\000\231)\346&\231\323\007\273W\000\236\361b\273b\325\033\304""\221\274\re\236""; previousledger: ""L\324\236aQ\361\020X\372\353 3\347\310*\253\021gT!>\003\325\254,\003\367\204\031\331\255\240""; ","proposeSeq: 0; currentTxHash: ""\000\000\000\000\000\000\000\000\000\000\000\000\000\000\000\000\000\000\000\000\000\000\000\000\000\000\000\000\000\000\000\000""; nodePubKey: ""\002\347\243J\206W\025ML\260\226\0163\217\250\337\325W\253\356*O\245Z\271\234\207C\274\375`\335\311""; closeTime: 803902498; signature: ""0D\002 D)%\204\213+5\325#\343\3415T\2723\\343\321\220F\035\244\215\236R\034\301D\337\277\021\330\002 \020\027c\265\2668;\000\231)\346&\231\323\007\273W\000\236\361b\273b\325\033\304""\221\274\re\236""; previousledger: ""L\324\236aQ\361\020X\372\353 3\347\310*\253\021gT!>\003\325\254,\003\367\204\031\331\255\240""; "
1750587298056,1750587298057,0,1,0,2,TMProposeSet,"proposeSeq: 0; currentTxHash: ""\000\000\000\000\000\000\000\000\000\000\000\000\000\000\000\000\000\000\000\000\000\000\000\000\000\000\000\000\000\000\000\000""; nodePubKey: ""\002\347\243J\206W\025ML\260\226\0163\217\250\337\325W\253\356*O\245Z\271\234\207C\274\375`\335\311""; closeTime: 803902498; signature: ""0D\002 D)%\204\213+5\325#\343\3415T\2723\\343\321\220F\035\244\215\236R\034\301D\337\277\021\330\002 \020\027c\265\2668;\000\231)\346&\231\323\007\273W\000\236\361b\273b\325\033\304""\221\274\re\236""; previousledger: ""L\324\236aQ\361\020X\372\353 3\347\310*\253\021gT!>\003\325\254,\003\367\204\031\331\255\240""; ","proposeSeq: 0; currentTxHash: ""\000\000\000\000\000\000\000\000\000\000\000\000\000\000\000\000\000\000\000\000\000\000\000\000\000\000\000\000\000\000\000\000""; nodePubKey: ""\002\347\243J\206W\025ML\260\226\0163\217\250\337\325W\253\356*O\245Z\271\234\207C\274\375`\335\311""; closeTime: 803902498; signature: ""0D\002 D)%\204\213+5\325#\343\3415T\2723\\343\321\220F\035\244\215\236R\034\301D\337\277\021\330\002 \020\027c\265\2668;\000\231)\346&\231\323\007\273W\000\236\361b\273b\325\033\304""\221\274\re\236""; previousledger: ""L\324\236aQ\361\020X\372\353 3\347\310*\253\021gT!>\003\325\254,\003\367\204\031\331\255\240""; "
1750587298057,1750587298058,0,1,0,2,TMValidation,"validation: """"\200\000\000\001&\000\000\000\013)/\352\224!:I\203w\200\211\SGQL\324\236aQ\361\020X\372\353 3\347\310*\253\021gT!>\003\325\254,\003\367\204\031\331\255\240P\027\000\000\000\000\000\000\000\000\000\000\000\000\000\000\000\000\000\000\000\000\000\000\000\000\000\000\000\000\000\000\000\000P\031\276\322i\233\014\037\027Z\351\022\216@=S\205\334\033\374\234n\r\270\210]\013\203\356\024\366\354\260\007s!\002\347\243J\206W\025ML\260\226\0163\217\250\337\325W\253\356*O\245Z\271\234\207C\274\375`\335\311vG0E\002!\000\222\017\352\240m\210\377:\350a\270\244\351\273s*\225\362\004\300\025@\030\010\033|\273L\254\tGz\002 \023\312\232\342M\260\224\304\2274\370r\304\2242\n\013Yg\037\252\302\235\260\003\320\313\217/""\357\200""; ","validation: """"\200\000\000\001&\000\000\000\013)/\352\224!:I\203w\200\211\SGQL\324\236aQ\361\020X\372\353 3\347\310*\253\021gT!>\003\325\254,\003\367\204\031\331\255\240P\027\000\000\000\000\000\000\000\000\000\000\000\000\000\000\000\000\000\000\000\000\000\000\000\000\000\000\000\000\000\000\000\000P\031\276\322i\233\014\037\027Z\351\022\216@=S\205\334\033\374\234n\r\270\210]\013\203\356\024\366\354\260\007s!\002\347\243J\206W\025ML\260\226\0163\217\250\337\325W\253\356*O\245Z\271\234\207C\274\375`\335\311vG0E\002!\000\222\017\352\240m\210\377:\350a\270\244\351\273s*\225\362\004\300\025@\030\010\033|\273L\254\tGz\002 \023\312\232\342M\260\224\304\2274\370r\304\2242\n\013Yg\037\252\302\235\260\003\320\313\217/""\357\200""; "
1750587298059,1750587298059,0,1,0,4,TMProposeSet,"proposeSeq: 0; currentTxHash: ""\000\000\000\000\000\000\000\000\000\000\000\000\000\000\000\000\000\000\000\000\000\000\000\000\000\000\000\000\000\000\000\000""; nodePubKey: ""\002\347\243J\206W\025ML\260\226\0163\217\250\337\325W\253\356*O\245Z\271\234\207C\274\375`\335\311""; closeTime: 803902498; signature: ""0D\002 D)%\204\213+5\325#\343\3415T\2723\\343\321\220F\035\244\215\236R\034\301D\337\277\021\330\002 \020\027c\265\2668;\000\231)\346&\231\323\007\273W\000\236\361b\273b\325\033\304""\221\274\re\236""; previousledger: ""L\324\236aQ\361\020X\372\353 3\347\310*\253\021gT!>\003\325\254,\003\367\204\031\331\255\240""; ","proposeSeq: 0; currentTxHash: ""\000\000\000\000\000\000\000\000\000\000\000\000\000\000\000\000\000\000\000\000\000\000\000\000\000\000\000\000\000\000\000\000""; nodePubKey: ""\002\347\243J\206W\025ML\260\226\0163\217\250\337\325W\253\356*O\245Z\271\234\207C\274\375`\335\311""; closeTime: 803902498; signature: ""0D\002 D)%\204\213+5\325#\343\3415T\2723\\343\321\220F\035\244\215\236R\034\301D\337\277\021\330\002 \020\027c\265\2668;\000\231)\346&\231\323\007\273W\000\236\361b\273b\325\033\304""\221\274\re\236""; previousledger: ""L\324\236aQ\361\020X\372\353 3\347\310*\253\021gT!>\003\325\254,\003\367\204\031\331\255\240""; "
1750587298060,1750587298060,0,1,0,4,TMValidation,"validation: """"\200\000\000\001&\000\000\000\013)/\352\224!:I\203w\200\211\SGQL\324\236aQ\361\020X\372\353 3\347\310*\253\021gT!>\003\325\254,\003\367\204\031\331\255\240P\027\000\000\000\000\000\000\000\000\000\000\000\000\000\000\000\000\000\000\000\000\000\000\000\000\000\000\000\000\000\000\000\000P\031\276\322i\233\014\037\027Z\351\022\216@=S\205\334\033\374\234n\r\270\210]\013\203\356\024\366\354\260\007s!\002\347\243J\206W\025ML\260\226\0163\217\250\337\325W\253\356*O\245Z\271\234\207C\274\375`\335\311vG0E\002!\000\222\017\352\240m\210\377:\350a\270\244\351\273s*\225\362\004\300\025@\030\010\033|\273L\254\tGz\002 \023\312\232\342M\260\224\304\2274\370r\304\2242\n\013Yg\037\252\302\235\260\003\320\313\217/""\357\200""; ","validation: """"\200\000\000\001&\000\000\000\013)/\352\224!:I\203w\200\211\SGQL\324\236aQ\361\020X\372\353 3\347\310*\253\021gT!>\003\325\254,\003\367\204\031\331\255\240P\027\000\000\000\000\000\000\000\000\000\000\000\000\000\000\000\000\000\000\000\000\000\000\000\000\000\000\000\000\000\000\000\000P\031\276\322i\233\014\037\027Z\351\022\216@=S\205\334\033\374\234n\r\270\210]\013\203\356\024\366\354\260\007s!\002\347\243J\206W\025ML\260\226\0163\217\250\337\325W\253\356*O\245Z\271\234\207C\274\375`\335\311vG0E\002!\000\222\017\352\240m\210\377:\350a\270\244\351\273s*\225\362\004\300\025@\030\010\033|\273L\254\tGz\002 \023\312\232\342M\260\224\304\2274\370r\304\2242\n\013Yg\037\252\302\235\260\003\320\313\217/""\357\200""; "
1750587298060,1750587298061,0,1,0,1,TMValidation,"validation: """"\200\000\000\001&\000\000\000\013)/\352\224!:I\203w\200\211\SGQL\324\236aQ\361\020X\372\353 3\347\310*\253\021gT!>\003\325\254,\003\367\204\031\331\255\240P\027\000\000\000\000\000\000\000\000\000\000\000\000\000\000\000\000\000\000\000\000\000\000\000\000\000\000\000\000\000\000\000\000P\031\276\322i\233\014\037\027Z\351\022\216@=S\205\334\033\374\234n\r\270\210]\013\203\356\024\366\354\260\007s!\002\347\243J\206W\025ML\260\226\0163\217\250\337\325W\253\356*O\245Z\271\234\207C\274\375`\335\311vG0E\002!\000\222\017\352\240m\210\377:\350a\270\244\351\273s*\225\362\004\300\025@\030\010\033|\273L\254\tGz\002 \023\312\232\342M\260\224\304\2274\370r\304\2242\n\013Yg\037\252\302\235\260\003\320\313\217/""\357\200""; ","validation: """"\200\000\000\001&\000\000\000\013)/\352\224!:I\203w\200\211\SGQL\324\236aQ\361\020X\372\353 3\347\310*\253\021gT!>\003\325\254,\003\367\204\031\331\255\240P\027\000\000\000\000\000\000\000\000\000\000\000\000\000\000\000\000\000\000\000\000\000\000\000\000\000\000\000\000\000\000\000\000P\031\276\322i\233\014\037\027Z\351\022\216@=S\205\334\033\374\234n\r\270\210]\013\203\356\024\366\354\260\007s!\002\347\243J\206W\025ML\260\226\0163\217\250\337\325W\253\356*O\245Z\271\234\207C\274\375`\335\311vG0E\002!\000\222\017\352\240m\210\377:\350a\270\244\351\273s*\225\362\004\300\025@\030\010\033|\273L\254\tGz\002 \023\312\232\342M\260\224\304\2274\370r\304\2242\n\013Yg\037\252\302\235\260\003\320\313\217/""\357\200""; "
1750587298061,1750587298062,0,1,0,1,TMProposeSet,"proposeSeq: 0; currentTxHash: ""\000\000\000\000\000\000\000\000\000\000\000\000\000\000\000\000\000\000\000\000\000\000\000\000\000\000\000\000\000\000\000\000""; nodePubKey: ""\002\347\243J\206W\025ML\260\226\0163\217\250\337\325W\253\356*O\245Z\271\234\207C\274\375`\335\311""; closeTime: 803902498; signature: ""0D\002 D)%\204\213+5\325#\343\3415T\2723\\343\321\220F\035\244\215\236R\034\301D\337\277\021\330\002 \020\027c\265\2668;\000\231)\346&\231\323\007\273W\000\236\361b\273b\325\033\304""\221\274\re\236""; previousledger: ""L\324\236aQ\361\020X\372\353 3\347\310*\253\021gT!>\003\325\254,\003\367\204\031\331\255\240""; ","proposeSeq: 0; currentTxHash: ""\000\000\000\000\000\000\000\000\000\000\000\000\000\000\000\000\000\000\000\000\000\000\000\000\000\000\000\000\000\000\000\000""; nodePubKey: ""\002\347\243J\206W\025ML\260\226\0163\217\250\337\325W\253\356*O\245Z\271\234\207C\274\375`\335\311""; closeTime: 803902498; signature: ""0D\002 D)%\204\213+5\325#\343\3415T\2723\\343\321\220F\035\244\215\236R\034\301D\337\277\021\330\002 \020\027c\265\2668;\000\231)\346&\231\323\007\273W\000\236\361b\273b\325\033\304""\221\274\re\236""; previousledger: ""L\324\236aQ\361\020X\372\353 3\347\310*\253\021gT!>\003\325\254,\003\367\204\031\331\255\240""; "
1750587298062,1750587298062,0,1,3,4,TMValidation,"validation: """"\200\000\000\001&\000\000\000\013)/\352\224!:I\203w\200\211\SGQL\324\236aQ\361\020X\372\353 3\347\310*\253\021gT!>\003\325\254,\003\367\204\031\331\255\240P\027\000\000\000\000\000\000\000\000\000\000\000\000\000\000\000\000\000\000\000\000\000\000\000\000\000\000\000\000\000\000\000\000P\031\276\322i\233\014\037\027Z\351\022\216@=S\205\334\033\374\234n\r\270\210]\013\203\356\024\366\354\260\007s!\002\347\243J\206W\025ML\260\226\0163\217\250\337\325W\253\356*O\245Z\271\234\207C\274\375`\335\311vG0E\002!\000\222\017\352\240m\210\377:\350a\270\244\351\273s*\225\362\004\300\025@\030\010\033|\273L\254\tGz\002 \023\312\232\342M\260\224\304\2274\370r\304\2242\n\013Yg\037\252\302\235\260\003\320\313\217/""\357\200""; ","validation: """"\200\000\000\001&\000\000\000\013)/\352\224!:I\203w\200\211\SGQL\324\236aQ\361\020X\372\353 3\347\310*\253\021gT!>\003\325\254,\003\367\204\031\331\255\240P\027\000\000\000\000\000\000\000\000\000\000\000\000\000\000\000\000\000\000\000\000\000\000\000\000\000\000\000\000\000\000\000\000P\031\276\322i\233\014\037\027Z\351\022\216@=S\205\334\033\374\234n\r\270\210]\013\203\356\024\366\354\260\007s!\002\347\243J\206W\025ML\260\226\0163\217\250\337\325W\253\356*O\245Z\271\234\207C\274\375`\335\311vG0E\002!\000\222\017\352\240m\210\377:\350a\270\244\351\273s*\225\362\004\300\025@\030\010\033|\273L\254\tGz\002 \023\312\232\342M\260\224\304\2274\370r\304\2242\n\013Yg\037\252\302\235\260\003\320\313\217/""\357\200""; "
1750587298062,1750587298063,0,1,3,1,TMValidation,"validation: """"\200\000\000\001&\000\000\000\013)/\352\224!:I\203w\200\211\SGQL\324\236aQ\361\020X\372\353 3\347\310*\253\021gT!>\003\325\254,\003\367\204\031\331\255\240P\027\000\000\000\000\000\000\000\000\000\000\000\000\000\000\000\000\000\000\000\000\000\000\000\000\000\000\000\000\000\000\000\000P\031\276\322i\233\014\037\027Z\351\022\216@=S\205\334\033\374\234n\r\270\210]\013\203\356\024\366\354\260\007s!\002\347\243J\206W\025ML\260\226\0163\217\250\337\325W\253\356*O\245Z\271\234\207C\274\375`\335\311vG0E\002!\000\222\017\352\240m\210\377:\350a\270\244\351\273s*\225\362\004\300\025@\030\010\033|\273L\254\tGz\002 \023\312\232\342M\260\224\304\2274\370r\304\2242\n\013Yg\037\252\302\235\260\003\320\313\217/""\357\200""; ","validation: """"\200\000\000\001&\000\000\000\013)/\352\224!:I\203w\200\211\SGQL\324\236aQ\361\020X\372\353 3\347\310*\253\021gT!>\003\325\254,\003\367\204\031\331\255\240P\027\000\000\000\000\000\000\000\000\000\000\000\000\000\000\000\000\000\000\000\000\000\000\000\000\000\000\000\000\000\000\000\000P\031\276\322i\233\014\037\027Z\351\022\216@=S\205\334\033\374\234n\r\270\210]\013\203\356\024\366\354\260\007s!\002\347\243J\206W\025ML\260\226\0163\217\250\337\325W\253\356*O\245Z\271\234\207C\274\375`\335\311vG0E\002!\000\222\017\352\240m\210\377:\350a\270\244\351\273s*\225\362\004\300\025@\030\010\033|\273L\254\tGz\002 \023\312\232\342M\260\224\304\2274\370r\304\2242\n\013Yg\037\252\302\235\260\003\320\313\217/""\357\200""; "
1750587298063,1750587298063,0,1,3,2,TMValidation,"validation: """"\200\000\000\001&\000\000\000\013)/\352\224!:I\203w\200\211\SGQL\324\236aQ\361\020X\372\353 3\347\310*\253\021gT!>\003\325\254,\003\367\204\031\331\255\240P\027\000\000\000\000\000\000\000\000\000\000\000\000\000\000\000\000\000\000\000\000\000\000\000\000\000\000\000\000\000\000\000\000P\031\276\322i\233\014\037\027Z\351\022\216@=S\205\334\033\374\234n\r\270\210]\013\203\356\024\366\354\260\007s!\002\347\243J\206W\025ML\260\226\0163\217\250\337\325W\253\356*O\245Z\271\234\207C\274\375`\335\311vG0E\002!\000\222\017\352\240m\210\377:\350a\270\244\351\273s*\225\362\004\300\025@\030\010\033|\273L\254\tGz\002 \023\312\232\342M\260\224\304\2274\370r\304\2242\n\013Yg\037\252\302\235\260\003\320\313\217/""\357\200""; ","validation: """"\200\000\000\001&\000\000\000\013)/\352\224!:I\203w\200\211\SGQL\324\236aQ\361\020X\372\353 3\347\310*\253\021gT!>\003\325\254,\003\367\204\031\331\255\240P\027\000\000\000\000\000\000\000\000\000\000\000\000\000\000\000\000\000\000\000\000\000\000\000\000\000\000\000\000\000\000\000\000P\031\276\322i\233\014\037\027Z\351\022\216@=S\205\334\033\374\234n\r\270\210]\013\203\356\024\366\354\260\007s!\002\347\243J\206W\025ML\260\226\0163\217\250\337\325W\253\356*O\245Z\271\234\207C\274\375`\335\311vG0E\002!\000\222\017\352\240m\210\377:\350a\270\244\351\273s*\225\362\004\300\025@\030\010\033|\273L\254\tGz\002 \023\312\232\342M\260\224\304\2274\370r\304\2242\n\013Yg\037\252\302\235\260\003\320\313\217/""\357\200""; "
1750587298064,1750587298065,0,1,3,2,TMProposeSet,"proposeSeq: 0; currentTxHash: ""\000\000\000\000\000\000\000\000\000\000\000\000\000\000\000\000\000\000\000\000\000\000\000\000\000\000\000\000\000\000\000\000""; nodePubKey: ""\002\347\243J\206W\025ML\260\226\0163\217\250\337\325W\253\356*O\245Z\271\234\207C\274\375`\335\311""; closeTime: 803902498; signature: ""0D\002 D)%\204\213+5\325#\343\3415T\2723\\343\321\220F\035\244\215\236R\034\301D\337\277\021\330\002 \020\027c\265\2668;\000\231)\346&\231\323\007\273W\000\236\361b\273b\325\033\304""\221\274\re\236""; previousledger: ""L\324\236aQ\361\020X\372\353 3\347\310*\253\021gT!>\003\325\254,\003\367\204\031\331\255\240""; ","proposeSeq: 0; currentTxHash: ""\000\000\000\000\000\000\000\000\000\000\000\000\000\000\000\000\000\000\000\000\000\000\000\000\000\000\000\000\000\000\000\000""; nodePubKey: ""\002\347\243J\206W\025ML\260\226\0163\217\250\337\325W\253\356*O\245Z\271\234\207C\274\375`\335\311""; closeTime: 803902498; signature: ""0D\002 D)%\204\213+5\325#\343\3415T\2723\\343\321\220F\035\244\215\236R\034\301D\337\277\021\330\002 \020\027c\265\2668;\000\231)\346&\231\323\007\273W\000\236\361b\273b\325\033\304""\221\274\re\236""; previousledger: ""L\324\236aQ\361\020X\372\353 3\347\310*\253\021gT!>\003\325\254,\003\367\204\031\331\255\240""; "
1750587298065,1750587298065,0,1,3,4,TMProposeSet,"proposeSeq: 0; currentTxHash: ""\000\000\000\000\000\000\000\000\000\000\000\000\000\000\000\000\000\000\000\000\000\000\000\000\000\000\000\000\000\000\000\000""; nodePubKey: ""\002\347\243J\206W\025ML\260\226\0163\217\250\337\325W\253\356*O\245Z\271\234\207C\274\375`\335\311""; closeTime: 803902498; signature: ""0D\002 D)%\204\213+5\325#\343\3415T\2723\\343\321\220F\035\244\215\236R\034\301D\337\277\021\330\002 \020\027c\265\2668;\000\231)\346&\231\323\007\273W\000\236\361b\273b\325\033\304""\221\274\re\236""; previousledger: ""L\324\236aQ\361\020X\372\353 3\347\310*\253\021gT!>\003\325\254,\003\367\204\031\331\255\240""; ","proposeSeq: 0; currentTxHash: ""\000\000\000\000\000\000\000\000\000\000\000\000\000\000\000\000\000\000\000\000\000\000\000\000\000\000\000\000\000\000\000\000""; nodePubKey: ""\002\347\243J\206W\025ML\260\226\0163\217\250\337\325W\253\356*O\245Z\271\234\207C\274\375`\335\311""; closeTime: 803902498; signature: ""0D\002 D)%\204\213+5\325#\343\3415T\2723\\343\321\220F\035\244\215\236R\034\301D\337\277\021\330\002 \020\027c\265\2668;\000\231)\346&\231\323\007\273W\000\236\361b\273b\325\033\304""\221\274\re\236""; previousledger: ""L\324\236aQ\361\020X\372\353 3\347\310*\253\021gT!>\003\325\254,\003\367\204\031\331\255\240""; "
1750587298066,1750587298066,0,1,3,1,TMProposeSet,"proposeSeq: 0; currentTxHash: ""\000\000\000\000\000\000\000\000\000\000\000\000\000\000\000\000\000\000\000\000\000\000\000\000\000\000\000\000\000\000\000\000""; nodePubKey: ""\002\347\243J\206W\025ML\260\226\0163\217\250\337\325W\253\356*O\245Z\271\234\207C\274\375`\335\311""; closeTime: 803902498; signature: ""0D\002 D)%\204\213+5\325#\343\3415T\2723\\343\321\220F\035\244\215\236R\034\301D\337\277\021\330\002 \020\027c\265\2668;\000\231)\346&\231\323\007\273W\000\236\361b\273b\325\033\304""\221\274\re\236""; previousledger: ""L\324\236aQ\361\020X\372\353 3\347\310*\253\021gT!>\003\325\254,\003\367\204\031\331\255\240""; ","proposeSeq: 0; currentTxHash: ""\000\000\000\000\000\000\000\000\000\000\000\000\000\000\000\000\000\000\000\000\000\000\000\000\000\000\000\000\000\000\000\000""; nodePubKey: ""\002\347\243J\206W\025ML\260\226\0163\217\250\337\325W\253\356*O\245Z\271\234\207C\274\375`\335\311""; closeTime: 803902498; signature: ""0D\002 D)%\204\213+5\325#\343\3415T\2723\\343\321\220F\035\244\215\236R\034\301D\337\277\021\330\002 \020\027c\265\2668;\000\231)\346&\231\323\007\273W\000\236\361b\273b\325\033\304""\221\274\re\236""; previousledger: ""L\324\236aQ\361\020X\372\353 3\347\310*\253\021gT!>\003\325\254,\003\367\204\031\331\255\240""; "
1750587298067,1750587298067,0,1,2,3,TMProposeSet,"proposeSeq: 0; currentTxHash: ""\000\000\000\000\000\000\000\000\000\000\000\000\000\000\000\000\000\000\000\000\000\000\000\000\000\000\000\000\000\000\000\000""; nodePubKey: ""\002\347\243J\206W\025ML\260\226\0163\217\250\337\325W\253\356*O\245Z\271\234\207C\274\375`\335\311""; closeTime: 803902498; signature: ""0D\002 D)%\204\213+5\325#\343\3415T\2723\\343\321\220F\035\244\215\236R\034\301D\337\277\021\330\002 \020\027c\265\2668;\000\231)\346&\231\323\007\273W\000\236\361b\273b\325\033\304""\221\274\re\236""; previousledger: ""L\324\236aQ\361\020X\372\353 3\347\310*\253\021gT!>\003\325\254,\003\367\204\031\331\255\240""; ","proposeSeq: 0; currentTxHash: ""\000\000\000\000\000\000\000\000\000\000\000\000\000\000\000\000\000\000\000\000\000\000\000\000\000\000\000\000\000\000\000\000""; nodePubKey: ""\002\347\243J\206W\025ML\260\226\0163\217\250\337\325W\253\356*O\245Z\271\234\207C\274\375`\335\311""; closeTime: 803902498; signature: ""0D\002 D)%\204\213+5\325#\343\3415T\2723\\343\321\220F\035\244\215\236R\034\301D\337\277\021\330\002 \020\027c\265\2668;\000\231)\346&\231\323\007\273W\000\236\361b\273b\325\033\304""\221\274\re\236""; previousledger: ""L\324\236aQ\361\020X\372\353 3\347\310*\253\021gT!>\003\325\254,\003\367\204\031\331\255\240""; "
1750587298068,1750587298068,0,1,2,4,TMProposeSet,"proposeSeq: 0; currentTxHash: ""\000\000\000\000\000\000\000\000\000\000\000\000\000\000\000\000\000\000\000\000\000\000\000\000\000\000\000\000\000\000\000\000""; nodePubKey: ""\002\347\243J\206W\025ML\260\226\0163\217\250\337\325W\253\356*O\245Z\271\234\207C\274\375`\335\311""; closeTime: 803902498; signature: ""0D\002 D)%\204\213+5\325#\343\3415T\2723\\343\321\220F\035\244\215\236R\034\301D\337\277\021\330\002 \020\027c\265\2668;\000\231)\346&\231\323\007\273W\000\236\361b\273b\325\033\304""\221\274\re\236""; previousledger: ""L\324\236aQ\361\020X\372\353 3\347\310*\253\021gT!>\003\325\254,\003\367\204\031\331\255\240""; ","proposeSeq: 0; currentTxHash: ""\000\000\000\000\000\000\000\000\000\000\000\000\000\000\000\000\000\000\000\000\000\000\000\000\000\000\000\000\000\000\000\000""; nodePubKey: ""\002\347\243J\206W\025ML\260\226\0163\217\250\337\325W\253\356*O\245Z\271\234\207C\274\375`\335\311""; closeTime: 803902498; signature: ""0D\002 D)%\204\213+5\325#\343\3415T\2723\\343\321\220F\035\244\215\236R\034\301D\337\277\021\330\002 \020\027c\265\2668;\000\231)\346&\231\323\007\273W\000\236\361b\273b\325\033\304""\221\274\re\236""; previousledger: ""L\324\236aQ\361\020X\372\353 3\347\310*\253\021gT!>\003\325\254,\003\367\204\031\331\255\240""; "
1750587298068,1750587298068,0,1,2,1,TMProposeSet,"proposeSeq: 0; currentTxHash: ""\000\000\000\000\000\000\000\000\000\000\000\000\000\000\000\000\000\000\000\000\000\000\000\000\000\000\000\000\000\000\000\000""; nodePubKey: ""\002\347\243J\206W\025ML\260\226\0163\217\250\337\325W\253\356*O\245Z\271\234\207C\274\375`\335\311""; closeTime: 803902498; signature: ""0D\002 D)%\204\213+5\325#\343\3415T\2723\\343\321\220F\035\244\215\236R\034\301D\337\277\021\330\002 \020\027c\265\2668;\000\231)\346&\231\323\007\273W\000\236\361b\273b\325\033\304""\221\274\re\236""; previousledger: ""L\324\236aQ\361\020X\372\353 3\347\310*\253\021gT!>\003\325\254,\003\367\204\031\331\255\240""; ","proposeSeq: 0; currentTxHash: ""\000\000\000\000\000\000\000\000\000\000\000\000\000\000\000\000\000\000\000\000\000\000\000\000\000\000\000\000\000\000\000\000""; nodePubKey: ""\002\347\243J\206W\025ML\260\226\0163\217\250\337\325W\253\356*O\245Z\271\234\207C\274\375`\335\311""; closeTime: 803902498; signature: ""0D\002 D)%\204\213+5\325#\343\3415T\2723\\343\321\220F\035\244\215\236R\034\301D\337\277\021\330\002 \020\027c\265\2668;\000\231)\346&\231\323\007\273W\000\236\361b\273b\325\033\304""\221\274\re\236""; previousledger: ""L\324\236aQ\361\020X\372\353 3\347\310*\253\021gT!>\003\325\254,\003\367\204\031\331\255\240""; "
1750587298069,1750587298069,0,1,2,4,TMValidation,"validation: """"\200\000\000\001&\000\000\000\013)/\352\224!:I\203w\200\211\SGQL\324\236aQ\361\020X\372\353 3\347\310*\253\021gT!>\003\325\254,\003\367\204\031\331\255\240P\027\000\000\000\000\000\000\000\000\000\000\000\000\000\000\000\000\000\000\000\000\000\000\000\000\000\000\000\000\000\000\000\000P\031\276\322i\233\014\037\027Z\351\022\216@=S\205\334\033\374\234n\r\270\210]\013\203\356\024\366\354\260\007s!\002\347\243J\206W\025ML\260\226\0163\217\250\337\325W\253\356*O\245Z\271\234\207C\274\375`\335\311vG0E\002!\000\222\017\352\240m\210\377:\350a\270\244\351\273s*\225\362\004\300\025@\030\010\033|\273L\254\tGz\002 \023\312\232\342M\260\224\304\2274\370r\304\2242\n\013Yg\037\252\302\235\260\003\320\313\217/""\357\200""; ","validation: """"\200\000\000\001&\000\000\000\013)/\352\224!:I\203w\200\211\SGQL\324\236aQ\361\020X\372\353 3\347\310*\253\021gT!>\003\325\254,\003\367\204\031\331\255\240P\027\000\000\000\000\000\000\000\000\000\000\000\000\000\000\000\000\000\000\000\000\000\000\000\000\000\000\000\000\000\000\000\000P\031\276\322i\233\014\037\027Z\351\022\216@=S\205\334\033\374\234n\r\270\210]\013\203\356\024\366\354\260\007s!\002\347\243J\206W\025ML\260\226\0163\217\250\337\325W\253\356*O\245Z\271\234\207C\274\375`\335\311vG0E\002!\000\222\017\352\240m\210\377:\350a\270\244\351\273s*\225\362\004\300\025@\030\010\033|\273L\254\tGz\002 \023\312\232\342M\260\224\304\2274\370r\304\2242\n\013Yg\037\252\302\235\260\003\320\313\217/""\357\200""; "
1750587298070,1750587298070,0,1,4,1,TMProposeSet,"proposeSeq: 0; currentTxHash: ""\000\000\000\000\000\000\000\000\000\000\000\000\000\000\000\000\000\000\000\000\000\000\000\000\000\000\000\000\000\000\000\000""; nodePubKey: ""\002\347\243J\206W\025ML\260\226\0163\217\250\337\325W\253\356*O\245Z\271\234\207C\274\375`\335\311""; closeTime: 803902498; signature: ""0D\002 D)%\204\213+5\325#\343\3415T\2723\\343\321\220F\035\244\215\236R\034\301D\337\277\021\330\002 \020\027c\265\2668;\000\231)\346&\231\323\007\273W\000\236\361b\273b\325\033\304""\221\274\re\236""; previousledger: ""L\324\236aQ\361\020X\372\353 3\347\310*\253\021gT!>\003\325\254,\003\367\204\031\331\255\240""; ","proposeSeq: 0; currentTxHash: ""\000\000\000\000\000\000\000\000\000\000\000\000\000\000\000\000\000\000\000\000\000\000\000\000\000\000\000\000\000\000\000\000""; nodePubKey: ""\002\347\243J\206W\025ML\260\226\0163\217\250\337\325W\253\356*O\245Z\271\234\207C\274\375`\335\311""; closeTime: 803902498; signature: ""0D\002 D)%\204\213+5\325#\343\3415T\2723\\343\321\220F\035\244\215\236R\034\301D\337\277\021\330\002 \020\027c\265\2668;\000\231)\346&\231\323\007\273W\000\236\361b\273b\325\033\304""\221\274\re\236""; previousledger: ""L\324\236aQ\361\020X\372\353 3\347\310*\253\021gT!>\003\325\254,\003\367\204\031\331\255\240""; "
1750587298071,1750587298071,0,1,4,3,TMProposeSet,"proposeSeq: 0; currentTxHash: ""\000\000\000\000\000\000\000\000\000\000\000\000\000\000\000\000\000\000\000\000\000\000\000\000\000\000\000\000\000\000\000\000""; nodePubKey: ""\002\347\243J\206W\025ML\260\226\0163\217\250\337\325W\253\356*O\245Z\271\234\207C\274\375`\335\311""; closeTime: 803902498; signature: ""0D\002 D)%\204\213+5\325#\343\3415T\2723\\343\321\220F\035\244\215\236R\034\301D\337\277\021\330\002 \020\027c\265\2668;\000\231)\346&\231\323\007\273W\000\236\361b\273b\325\033\304""\221\274\re\236""; previousledger: ""L\324\236aQ\361\020X\372\353 3\347\310*\253\021gT!>\003\325\254,\003\367\204\031\331\255\240""; ","proposeSeq: 0; currentTxHash: ""\000\000\000\000\000\000\000\000\000\000\000\000\000\000\000\000\000\000\000\000\000\000\000\000\000\000\000\000\000\000\000\000""; nodePubKey: ""\002\347\243J\206W\025ML\260\226\0163\217\250\337\325W\253\356*O\245Z\271\234\207C\274\375`\335\311""; closeTime: 803902498; signature: ""0D\002 D)%\204\213+5\325#\343\3415T\2723\\343\321\220F\035\244\215\236R\034\301D\337\277\021\330\002 \020\027c\265\2668;\000\231)\346&\231\323\007\273W\000\236\361b\273b\325\033\304""\221\274\re\236""; previousledger: ""L\324\236aQ\361\020X\372\353 3\347\310*\253\021gT!>\003\325\254,\003\367\204\031\331\255\240""; "
1750587298071,1750587298072,0,1,4,2,TMProposeSet,"proposeSeq: 0; currentTxHash: ""\000\000\000\000\000\000\000\000\000\000\000\000\000\000\000\000\000\000\000\000\000\000\000\000\000\000\000\000\000\000\000\000""; nodePubKey: ""\002\347\243J\206W\025ML\260\226\0163\217\250\337\325W\253\356*O\245Z\271\234\207C\274\375`\335\311""; closeTime: 803902498; signature: ""0D\002 D)%\204\213+5\325#\343\3415T\2723\\343\321\220F\035\244\215\236R\034\301D\337\277\021\330\002 \020\027c\265\2668;\000\231)\346&\231\323\007\273W\000\236\361b\273b\325\033\304""\221\274\re\236""; previousledger: ""L\324\236aQ\361\020X\372\353 3\347\310*\253\021gT!>\003\325\254,\003\367\204\031\331\255\240""; ","proposeSeq: 0; currentTxHash: ""\000\000\000\000\000\000\000\000\000\000\000\000\000\000\000\000\000\000\000\000\000\000\000\000\000\000\000\000\000\000\000\000""; nodePubKey: ""\002\347\243J\206W\025ML\260\226\0163\217\250\337\325W\253\356*O\245Z\271\234\207C\274\375`\335\311""; closeTime: 803902498; signature: ""0D\002 D)%\204\213+5\325#\343\3415T\2723\\343\321\220F\035\244\215\236R\034\301D\337\277\021\330\002 \020\027c\265\2668;\000\231)\346&\231\323\007\273W\000\236\361b\273b\325\033\304""\221\274\re\236""; previousledger: ""L\324\236aQ\361\020X\372\353 3\347\310*\253\021gT!>\003\325\254,\003\367\204\031\331\255\240""; "
1750587298072,1750587298072,0,1,4,3,TMValidation,"validation: """"\200\000\000\001&\000\000\000\013)/\352\224!:I\203w\200\211\SGQL\324\236aQ\361\020X\372\353 3\347\310*\253\021gT!>\003\325\254,\003\367\204\031\331\255\240P\027\000\000\000\000\000\000\000\000\000\000\000\000\000\000\000\000\000\000\000\000\000\000\000\000\000\000\000\000\000\000\000\000P\031\276\322i\233\014\037\027Z\351\022\216@=S\205\334\033\374\234n\r\270\210]\013\203\356\024\366\354\260\007s!\002\347\243J\206W\025ML\260\226\0163\217\250\337\325W\253\356*O\245Z\271\234\207C\274\375`\335\311vG0E\002!\000\222\017\352\240m\210\377:\350a\270\244\351\273s*\225\362\004\300\025@\030\010\033|\273L\254\tGz\002 \023\312\232\342M\260\224\304\2274\370r\304\2242\n\013Yg\037\252\302\235\260\003\320\313\217/""\357\200""; ","validation: """"\200\000\000\001&\000\000\000\013)/\352\224!:I\203w\200\211\SGQL\324\236aQ\361\020X\372\353 3\347\310*\253\021gT!>\003\325\254,\003\367\204\031\331\255\240P\027\000\000\000\000\000\000\000\000\000\000\000\000\000\000\000\000\000\000\000\000\000\000\000\000\000\000\000\000\000\000\000\000P\031\276\322i\233\014\037\027Z\351\022\216@=S\205\334\033\374\234n\r\270\210]\013\203\356\024\366\354\260\007s!\002\347\243J\206W\025ML\260\226\0163\217\250\337\325W\253\356*O\245Z\271\234\207C\274\375`\335\311vG0E\002!\000\222\017\352\240m\210\377:\350a\270\244\351\273s*\225\362\004\300\025@\030\010\033|\273L\254\tGz\002 \023\312\232\342M\260\224\304\2274\370r\304\2242\n\013Yg\037\252\302\235\260\003\320\313\217/""\357\200""; "
1750587298072,1750587298072,0,1,4,2,TMValidation,"validation: """"\200\000\000\001&\000\000\000\013)/\352\224!:I\203w\200\211\SGQL\324\236aQ\361\020X\372\353 3\347\310*\253\021gT!>\003\325\254,\003\367\204\031\331\255\240P\027\000\000\000\000\000\000\000\000\000\000\000\000\000\000\000\000\000\000\000\000\000\000\000\000\000\000\000\000\000\000\000\000P\031\276\322i\233\014\037\027Z\351\022\216@=S\205\334\033\374\234n\r\270\210]\013\203\356\024\366\354\260\007s!\002\347\243J\206W\025ML\260\226\0163\217\250\337\325W\253\356*O\245Z\271\234\207C\274\375`\335\311vG0E\002!\000\222\017\352\240m\210\377:\350a\270\244\351\273s*\225\362\004\300\025@\030\010\033|\273L\254\tGz\002 \023\312\232\342M\260\224\304\2274\370r\304\2242\n\013Yg\037\252\302\235\260\003\320\313\217/""\357\200""; ","validation: """"\200\000\000\001&\000\000\000\013)/\352\224!:I\203w\200\211\SGQL\324\236aQ\361\020X\372\353 3\347\310*\253\021gT!>\003\325\254,\003\367\204\031\331\255\240P\027\000\000\000\000\000\000\000\000\000\000\000\000\000\000\000\000\000\000\000\000\000\000\000\000\000\000\000\000\000\000\000\000P\031\276\322i\233\014\037\027Z\351\022\216@=S\205\334\033\374\234n\r\270\210]\013\203\356\024\366\354\260\007s!\002\347\243J\206W\025ML\260\226\0163\217\250\337\325W\253\356*O\245Z\271\234\207C\274\375`\335\311vG0E\002!\000\222\017\352\240m\210\377:\350a\270\244\351\273s*\225\362\004\300\025@\030\010\033|\273L\254\tGz\002 \023\312\232\342M\260\224\304\2274\370r\304\2242\n\013Yg\037\252\302\235\260\003\320\313\217/""\357\200""; "
1750587298073,1750587298073,0,1,4,1,TMValidation,"validation: """"\200\000\000\001&\000\000\000\013)/\352\224!:I\203w\200\211\SGQL\324\236aQ\361\020X\372\353 3\347\310*\253\021gT!>\003\325\254,\003\367\204\031\331\255\240P\027\000\000\000\000\000\000\000\000\000\000\000\000\000\000\000\000\000\000\000\000\000\000\000\000\000\000\000\000\000\000\000\000P\031\276\322i\233\014\037\027Z\351\022\216@=S\205\334\033\374\234n\r\270\210]\013\203\356\024\366\354\260\007s!\002\347\243J\206W\025ML\260\226\0163\217\250\337\325W\253\356*O\245Z\271\234\207C\274\375`\335\311vG0E\002!\000\222\017\352\240m\210\377:\350a\270\244\351\273s*\225\362\004\300\025@\030\010\033|\273L\254\tGz\002 \023\312\232\342M\260\224\304\2274\370r\304\2242\n\013Yg\037\252\302\235\260\003\320\313\217/""\357\200""; ","validation: """"\200\000\000\001&\000\000\000\013)/\352\224!:I\203w\200\211\SGQL\324\236aQ\361\020X\372\353 3\347\310*\253\021gT!>\003\325\254,\003\367\204\031\331\255\240P\027\000\000\000\000\000\000\000\000\000\000\000\000\000\000\000\000\000\000\000\000\000\000\000\000\000\000\000\000\000\000\000\000P\031\276\322i\233\014\037\027Z\351\022\216@=S\205\334\033\374\234n\r\270\210]\013\203\356\024\366\354\260\007s!\002\347\243J\206W\025ML\260\226\0163\217\250\337\325W\253\356*O\245Z\271\234\207C\274\375`\335\311vG0E\002!\000\222\017\352\240m\210\377:\350a\270\244\351\273s*\225\362\004\300\025@\030\010\033|\273L\254\tGz\002 \023\312\232\342M\260\224\304\2274\370r\304\2242\n\013Yg\037\252\302\235\260\003\320\313\217/""\357\200""; "
1750587298074,1750587298074,0,1,1,4,TMValidation,"validation: """"\200\000\000\001&\000\000\000\013)/\352\224!:I\203w\200\211\SGQL\324\236aQ\361\020X\372\353 3\347\310*\253\021gT!>\003\325\254,\003\367\204\031\331\255\240P\027\000\000\000\000\000\000\000\000\000\000\000\000\000\000\000\000\000\000\000\000\000\000\000\000\000\000\000\000\000\000\000\000P\031\276\322i\233\014\037\027Z\351\022\216@=S\205\334\033\374\234n\r\270\210]\013\203\356\024\366\354\260\007s!\002\347\243J\206W\025ML\260\226\0163\217\250\337\325W\253\356*O\245Z\271\234\207C\274\375`\335\311vG0E\002!\000\222\017\352\240m\210\377:\350a\270\244\351\273s*\225\362\004\300\025@\030\010\033|\273L\254\tGz\002 \023\312\232\342M\260\224\304\2274\370r\304\2242\n\013Yg\037\252\302\235\260\003\320\313\217/""\357\200""; ","validation: """"\200\000\000\001&\000\000\000\013)/\352\224!:I\203w\200\211\SGQL\324\236aQ\361\020X\372\353 3\347\310*\253\021gT!>\003\325\254,\003\367\204\031\331\255\240P\027\000\000\000\000\000\000\000\000\000\000\000\000\000\000\000\000\000\000\000\000\000\000\000\000\000\000\000\000\000\000\000\000P\031\276\322i\233\014\037\027Z\351\022\216@=S\205\334\033\374\234n\r\270\210]\013\203\356\024\366\354\260\007s!\002\347\243J\206W\025ML\260\226\0163\217\250\337\325W\253\356*O\245Z\271\234\207C\274\375`\335\311vG0E\002!\000\222\017\352\240m\210\377:\350a\270\244\351\273s*\225\362\004\300\025@\030\010\033|\273L\254\tGz\002 \023\312\232\342M\260\224\304\2274\370r\304\2242\n\013Yg\037\252\302\235\260\003\320\313\217/""\357\200""; "
1750587298074,1750587298074,0,1,1,3,TMValidation,"validation: """"\200\000\000\001&\000\000\000\013)/\352\224!:I\203w\200\211\SGQL\324\236aQ\361\020X\372\353 3\347\310*\253\021gT!>\003\325\254,\003\367\204\031\331\255\240P\027\000\000\000\000\000\000\000\000\000\000\000\000\000\000\000\000\000\000\000\000\000\000\000\000\000\000\000\000\000\000\000\000P\031\276\322i\233\014\037\027Z\351\022\216@=S\205\334\033\374\234n\r\270\210]\013\203\356\024\366\354\260\007s!\002\347\243J\206W\025ML\260\226\0163\217\250\337\325W\253\356*O\245Z\271\234\207C\274\375`\335\311vG0E\002!\000\222\017\352\240m\210\377:\350a\270\244\351\273s*\225\362\004\300\025@\030\010\033|\273L\254\tGz\002 \023\312\232\342M\260\224\304\2274\370r\304\2242\n\013Yg\037\252\302\235\260\003\320\313\217/""\357\200""; ","validation: """"\200\000\000\001&\000\000\000\013)/\352\224!:I\203w\200\211\SGQL\324\236aQ\361\020X\372\353 3\347\310*\253\021gT!>\003\325\254,\003\367\204\031\331\255\240P\027\000\000\000\000\000\000\000\000\000\000\000\000\000\000\000\000\000\000\000\000\000\000\000\000\000\000\000\000\000\000\000\000P\031\276\322i\233\014\037\027Z\351\022\216@=S\205\334\033\374\234n\r\270\210]\013\203\356\024\366\354\260\007s!\002\347\243J\206W\025ML\260\226\0163\217\250\337\325W\253\356*O\245Z\271\234\207C\274\375`\335\311vG0E\002!\000\222\017\352\240m\210\377:\350a\270\244\351\273s*\225\362\004\300\025@\030\010\033|\273L\254\tGz\002 \023\312\232\342M\260\224\304\2274\370r\304\2242\n\013Yg\037\252\302\235\260\003\320\313\217/""\357\200""; "
1750587298075,1750587298075,0,1,1,2,TMValidation,"validation: """"\200\000\000\001&\000\000\000\013)/\352\224!:I\203w\200\211\SGQL\324\236aQ\361\020X\372\353 3\347\310*\253\021gT!>\003\325\254,\003\367\204\031\331\255\240P\027\000\000\000\000\000\000\000\000\000\000\000\000\000\000\000\000\000\000\000\000\000\000\000\000\000\000\000\000\000\000\000\000P\031\276\322i\233\014\037\027Z\351\022\216@=S\205\334\033\374\234n\r\270\210]\013\203\356\024\366\354\260\007s!\002\347\243J\206W\025ML\260\226\0163\217\250\337\325W\253\356*O\245Z\271\234\207C\274\375`\335\311vG0E\002!\000\222\017\352\240m\210\377:\350a\270\244\351\273s*\225\362\004\300\025@\030\010\033|\273L\254\tGz\002 \023\312\232\342M\260\224\304\2274\370r\304\2242\n\013Yg\037\252\302\235\260\003\320\313\217/""\357\200""; ","validation: """"\200\000\000\001&\000\000\000\013)/\352\224!:I\203w\200\211\SGQL\324\236aQ\361\020X\372\353 3\347\310*\253\021gT!>\003\325\254,\003\367\204\031\331\255\240P\027\000\000\000\000\000\000\000\000\000\000\000\000\000\000\000\000\000\000\000\000\000\000\000\000\000\000\000\000\000\000\000\000P\031\276\322i\233\014\037\027Z\351\022\216@=S\205\334\033\374\234n\r\270\210]\013\203\356\024\366\354\260\007s!\002\347\243J\206W\025ML\260\226\0163\217\250\337\325W\253\356*O\245Z\271\234\207C\274\375`\335\311vG0E\002!\000\222\017\352\240m\210\377:\350a\270\244\351\273s*\225\362\004\300\025@\030\010\033|\273L\254\tGz\002 \023\312\232\342M\260\224\304\2274\370r\304\2242\n\013Yg\037\252\302\235\260\003\320\313\217/""\357\200""; "
1750587298075,1750587298075,0,1,1,4,TMProposeSet,"proposeSeq: 0; currentTxHash: ""\000\000\000\000\000\000\000\000\000\000\000\000\000\000\000\000\000\000\000\000\000\000\000\000\000\000\000\000\000\000\000\000""; nodePubKey: ""\002\347\243J\206W\025ML\260\226\0163\217\250\337\325W\253\356*O\245Z\271\234\207C\274\375`\335\311""; closeTime: 803902498; signature: ""0D\002 D)%\204\213+5\325#\343\3415T\2723\\343\321\220F\035\244\215\236R\034\301D\337\277\021\330\002 \020\027c\265\2668;\000\231)\346&\231\323\007\273W\000\236\361b\273b\325\033\304""\221\274\re\236""; previousledger: ""L\324\236aQ\361\020X\372\353 3\347\310*\253\021gT!>\003\325\254,\003\367\204\031\331\255\240""; ","proposeSeq: 0; currentTxHash: ""\000\000\000\000\000\000\000\000\000\000\000\000\000\000\000\000\000\000\000\000\000\000\000\000\000\000\000\000\000\000\000\000""; nodePubKey: ""\002\347\243J\206W\025ML\260\226\0163\217\250\337\325W\253\356*O\245Z\271\234\207C\274\375`\335\311""; closeTime: 803902498; signature: ""0D\002 D)%\204\213+5\325#\343\3415T\2723\\343\321\220F\035\244\215\236R\034\301D\337\277\021\330\002 \020\027c\265\2668;\000\231)\346&\231\323\007\273W\000\236\361b\273b\325\033\304""\221\274\re\236""; previousledger: ""L\324\236aQ\361\020X\372\353 3\347\310*\253\021gT!>\003\325\254,\003\367\204\031\331\255\240""; "
1750587298076,1750587298076,0,1,1,3,TMProposeSet,"proposeSeq: 0; currentTxHash: ""\000\000\000\000\000\000\000\000\000\000\000\000\000\000\000\000\000\000\000\000\000\000\000\000\000\000\000\000\000\000\000\000""; nodePubKey: ""\002\347\243J\206W\025ML\260\226\0163\217\250\337\325W\253\356*O\245Z\271\234\207C\274\375`\335\311""; closeTime: 803902498; signature: ""0D\002 D)%\204\213+5\325#\343\3415T\2723\\343\321\220F\035\244\215\236R\034\301D\337\277\021\330\002 \020\027c\265\2668;\000\231)\346&\231\323\007\273W\000\236\361b\273b\325\033\304""\221\274\re\236""; previousledger: ""L\324\236aQ\361\020X\372\353 3\347\310*\253\021gT!>\003\325\254,\003\367\204\031\331\255\240""; ","proposeSeq: 0; currentTxHash: ""\000\000\000\000\000\000\000\000\000\000\000\000\000\000\000\000\000\000\000\000\000\000\000\000\000\000\000\000\000\000\000\000""; nodePubKey: ""\002\347\243J\206W\025ML\260\226\0163\217\250\337\325W\253\356*O\245Z\271\234\207C\274\375`\335\311""; closeTime: 803902498; signature: ""0D\002 D)%\204\213+5\325#\343\3415T\2723\\343\321\220F\035\244\215\236R\034\301D\337\277\021\330\002 \020\027c\265\2668;\000\231)\346&\231\323\007\273W\000\236\361b\273b\325\033\304""\221\274\re\236""; previousledger: ""L\324\236aQ\361\020X\372\353 3\347\310*\253\021gT!>\003\325\254,\003\367\204\031\331\255\240""; "
1750587298076,1750587298077,0,1,2,3,TMValidation,"validation: """"\200\000\000\001&\000\000\000\013)/\352\224!:I\203w\200\211\SGQL\324\236aQ\361\020X\372\353 3\347\310*\253\021gT!>\003\325\254,\003\367\204\031\331\255\240P\027\000\000\000\000\000\000\000\000\000\000\000\000\000\000\000\000\000\000\000\000\000\000\000\000\000\000\000\000\000\000\000\000P\031\276\322i\233\014\037\027Z\351\022\216@=S\205\334\033\374\234n\r\270\210]\013\203\356\024\366\354\260\007s!\002\347\243J\206W\025ML\260\226\0163\217\250\337\325W\253\356*O\245Z\271\234\207C\274\375`\335\311vG0E\002!\000\222\017\352\240m\210\377:\350a\270\244\351\273s*\225\362\004\300\025@\030\010\033|\273L\254\tGz\002 \023\312\232\342M\260\224\304\2274\370r\304\2242\n\013Yg\037\252\302\235\260\003\320\313\217/""\357\200""; ","validation: """"\200\000\000\001&\000\000\000\013)/\352\224!:I\203w\200\211\SGQL\324\236aQ\361\020X\372\353 3\347\310*\253\021gT!>\003\325\254,\003\367\204\031\331\255\240P\027\000\000\000\000\000\000\000\000\000\000\000\000\000\000\000\000\000\000\000\000\000\000\000\000\000\000\000\000\000\000\000\000P\031\276\322i\233\014\037\027Z\351\022\216@=S\205\334\033\374\234n\r\270\210]\013\203\356\024\366\354\260\007s!\002\347\243J\206W\025ML\260\226\0163\217\250\337\325W\253\356*O\245Z\271\234\207C\274\375`\335\311vG0E\002!\000\222\017\352\240m\210\377:\350a\270\244\351\273s*\225\362\004\300\025@\030\010\033|\273L\254\tGz\002 \023\312\232\342M\260\224\304\2274\370r\304\2242\n\013Yg\037\252\302\235\260\003\320\313\217/""\357\200""; "
1750587298077,1750587298077,0,1,1,2,TMProposeSet,"proposeSeq: 0; currentTxHash: ""\000\000\000\000\000\000\000\000\000\000\000\000\000\000\000\000\000\000\000\000\000\000\000\000\000\000\000\000\000\000\000\000""; nodePubKey: ""\002\347\243J\206W\025ML\260\226\0163\217\250\337\325W\253\356*O\245Z\271\234\207C\274\375`\335\311""; closeTime: 803902498; signature: ""0D\002 D)%\204\213+5\325#\343\3415T\2723\\343\321\220F\035\244\215\236R\034\301D\337\277\021\330\002 \020\027c\265\2668;\000\231)\346&\231\323\007\273W\000\236\361b\273b\325\033\304""\221\274\re\236""; previousledger: ""L\324\236aQ\361\020X\372\353 3\347\310*\253\021gT!>\003\325\254,\003\367\204\031\331\255\240""; ","proposeSeq: 0; currentTxHash: ""\000\000\000\000\000\000\000\000\000\000\000\000\000\000\000\000\000\000\000\000\000\000\000\000\000\000\000\000\000\000\000\000""; nodePubKey: ""\002\347\243J\206W\025ML\260\226\0163\217\250\337\325W\253\356*O\245Z\271\234\207C\274\375`\335\311""; closeTime: 803902498; signature: ""0D\002 D)%\204\213+5\325#\343\3415T\2723\\343\321\220F\035\244\215\236R\034\301D\337\277\021\330\002 \020\027c\265\2668;\000\231)\346&\231\323\007\273W\000\236\361b\273b\325\033\304""\221\274\re\236""; previousledger: ""L\324\236aQ\361\020X\372\353 3\347\310*\253\021gT!>\003\325\254,\003\367\204\031\331\255\240""; "
1750587298079,1750587298079,0,1,2,1,TMValidation,"validation: """"\200\000\000\001&\000\000\000\013)/\352\224!:I\203w\200\211\SGQL\324\236aQ\361\020X\372\353 3\347\310*\253\021gT!>\003\325\254,\003\367\204\031\331\255\240P\027\000\000\000\000\000\000\000\000\000\000\000\000\000\000\000\000\000\000\000\000\000\000\000\000\000\000\000\000\000\000\000\000P\031\276\322i\233\014\037\027Z\351\022\216@=S\205\334\033\374\234n\r\270\210]\013\203\356\024\366\354\260\007s!\002\347\243J\206W\025ML\260\226\0163\217\250\337\325W\253\356*O\245Z\271\234\207C\274\375`\335\311vG0E\002!\000\222\017\352\240m\210\377:\350a\270\244\351\273s*\225\362\004\300\025@\030\010\033|\273L\254\tGz\002 \023\312\232\342M\260\224\304\2274\370r\304\2242\n\013Yg\037\252\302\235\260\003\320\313\217/""\357\200""; ","validation: """"\200\000\000\001&\000\000\000\013)/\352\224!:I\203w\200\211\SGQL\324\236aQ\361\020X\372\353 3\347\310*\253\021gT!>\003\325\254,\003\367\204\031\331\255\240P\027\000\000\000\000\000\000\000\000\000\000\000\000\000\000\000\000\000\000\000\000\000\000\000\000\000\000\000\000\000\000\000\000P\031\276\322i\233\014\037\027Z\351\022\216@=S\205\334\033\374\234n\r\270\210]\013\203\356\024\366\354\260\007s!\002\347\243J\206W\025ML\260\226\0163\217\250\337\325W\253\356*O\245Z\271\234\207C\274\375`\335\311vG0E\002!\000\222\017\352\240m\210\377:\350a\270\244\351\273s*\225\362\004\300\025@\030\010\033|\273L\254\tGz\002 \023\312\232\342M\260\224\304\2274\370r\304\2242\n\013Yg\037\252\302\235\260\003\320\313\217/""\357\200""; "
1750587298055,1750587298130,0,1,0,3,TMStatusChange,"newEvent: neCLOSING_LEDGER; ledgerSeq: 11; ledgerHash: ""L\324\236aQ\361\020X\372\353 3\347\310*\253\021gT!>\003\325\254,\003\367\204\031\331\255\240""; ledgerHashPrevious: ""\276\322i\233\014\037\027Z\351\022\216@=S\205\334\033\374\234n\r\270\210]\013\203\356\024\366\354\260\007""; networkTime: 803902498; firstSeq: 9; lastSeq: 10; ","newEvent: neCLOSING_LEDGER; ledgerSeq: 11; ledgerHash: ""L\324\236aQ\361\020X\372\353 3\347\310*\253\021gT!>\003\325\254,\003\367\204\031\331\255\240""; ledgerHashPrevious: ""\276\322i\233\014\037\027Z\351\022\216@=S\205\334\033\374\234n\r\270\210]\013\203\356\024\366\354\260\007""; networkTime: 803902498; firstSeq: 9; lastSeq: 10; "
1750587298061,1750587298131,0,1,0,4,TMStatusChange,"newEvent: neCLOSING_LEDGER; ledgerSeq: 11; ledgerHash: ""L\324\236aQ\361\020X\372\353 3\347\310*\253\021gT!>\003\325\254,\003\367\204\031\331\255\240""; ledgerHashPrevious: ""\276\322i\233\014\037\027Z\351\022\216@=S\205\334\033\374\234n\r\270\210]\013\203\356\024\366\354\260\007""; networkTime: 803902498; firstSeq: 9; lastSeq: 10; ","newEvent: neCLOSING_LEDGER; ledgerSeq: 11; ledgerHash: ""L\324\236aQ\361\020X\372\353 3\347\310*\253\021gT!>\003\325\254,\003\367\204\031\331\255\240""; ledgerHashPrevious: ""\276\322i\233\014\037\027Z\351\022\216@=S\205\334\033\374\234n\r\270\210]\013\203\356\024\366\354\260\007""; networkTime: 803902498; firstSeq: 9; lastSeq: 10; "
1750587298058,1750587298130,0,1,0,2,TMStatusChange,"newEvent: neCLOSING_LEDGER; ledgerSeq: 11; ledgerHash: ""L\324\236aQ\361\020X\372\353 3\347\310*\253\021gT!>\003\325\254,\003\367\204\031\331\255\240""; ledgerHashPrevious: ""\276\322i\233\014\037\027Z\351\022\216@=S\205\334\033\374\234n\r\270\210]\013\203\356\024\366\354\260\007""; networkTime: 803902498; firstSeq: 9; lastSeq: 10; ","newEvent: neCLOSING_LEDGER; ledgerSeq: 11; ledgerHash: ""L\324\236aQ\361\020X\372\353 3\347\310*\253\021gT!>\003\325\254,\003\367\204\031\331\255\240""; ledgerHashPrevious: ""\276\322i\233\014\037\027Z\351\022\216@=S\205\334\033\374\234n\r\270\210]\013\203\356\024\366\354\260\007""; networkTime: 803902498; firstSeq: 9; lastSeq: 10; "
1750587298061,1750587298131,0,1,0,1,TMStatusChange,"newEvent: neCLOSING_LEDGER; ledgerSeq: 11; ledgerHash: ""L\324\236aQ\361\020X\372\353 3\347\310*\253\021gT!>\003\325\254,\003\367\204\031\331\255\240""; ledgerHashPrevious: ""\276\322i\233\014\037\027Z\351\022\216@=S\205\334\033\374\234n\r\270\210]\013\203\356\024\366\354\260\007""; networkTime: 803902498; firstSeq: 9; lastSeq: 10; ","newEvent: neCLOSING_LEDGER; ledgerSeq: 11; ledgerHash: ""L\324\236aQ\361\020X\372\353 3\347\310*\253\021gT!>\003\325\254,\003\367\204\031\331\255\240""; ledgerHashPrevious: ""\276\322i\233\014\037\027Z\351\022\216@=S\205\334\033\374\234n\r\270\210]\013\203\356\024\366\354\260\007""; networkTime: 803902498; firstSeq: 9; lastSeq: 10; "
1750587298246,1750587298246,0,1,3,4,TMLedgerData,"ledgerHash: ""\276\322i\233\014\037\027Z\351\022\216@=S\205\334\033\374\234n\r\270\210]\013\203\356\024\366\354\260\007""; ledgerSeq: 10; type: liBASE; nodes {;   nodedata: ""\000\000\000\n\001cEx]\211\377\330\317\351\2337\023\262\336W\254\222\315\335\317oP\221\031g\037\220\357Ft\030n\306\370\n\354\226\365\346\000\000\000\000\000\000\000\000\000\000\000\000\000\000\000\000\000\000\000\000\000\000\000\000\000\000\000\000\000\000\000\000!\263[x\245\t\221c\221\020\227#\020\267\312L\'\261]\221\317PDI\326\3068dV7\004/\352\224\021/\352\224\032\n\000""; }; nodes {;   nodedata: ""h\315\350\215y\203\242]\371\235\232Pt&\325\210eZ\346\237XZ \277\2457n\221\336\253\245\317\002\304\206+8\t]\351\316\373|\311\263V\300\023\035\211\237\260\300\r\033u3a1\203\303\365\307k\347\006E\344\037@\210\363\010\336T\226\247'\204_{\261\370""1\235\2445\343\033Y!\212\201\341\272\225'\007*$\244&\336\343'\233i\332\374\245 {^\306-N\333\gE\006\347\212\331C\211Z\177\247\031\n<%V\3512\022\257K4-\030\212\246\013\255\260y\354\034\035sR\340\000#.\322r\367Z_I\013\202_n)6q\357\2538_-\302\252B\204v\277\254\373\3322Ca\020\243\0105\263\257\367\032\254\016\003""; }; ","ledgerHash: ""\276\322i\233\014\037\027Z\351\022\216@=S\205\334\033\374\234n\r\270\210]\013\203\356\024\366\354\260\007""; ledgerSeq: 10; type: liBASE; nodes {;   nodedata: ""\000\000\000\n\001cEx]\211\377\330\317\351\2337\023\262\336W\254\222\315\335\317oP\221\031g\037\220\357Ft\030n\306\370\n\354\226\365\346\000\000\000\000\000\000\000\000\000\000\000\000\000\000\000\000\000\000\000\000\000\000\000\000\000\000\000\000\000\000\000\000!\263[x\245\t\221c\221\020\227#\020\267\312L\'\261]\221\317PDI\326\3068dV7\004/\352\224\021/\352\224\032\n\000""; }; nodes {;   nodedata: ""h\315\350\215y\203\242]\371\235\232Pt&\325\210eZ\346\237XZ \277\2457n\221\336\253\245\317\002\304\206+8\t]\351\316\373|\311\263V\300\023\035\211\237\260\300\r\033u3a1\203\303\365\307k\347\006E\344\037@\210\363\010\336T\226\247'\204_{\261\370""1\235\2445\343\033Y!\212\201\341\272\225'\007*$\244&\336\343'\233i\332\374\245 {^\306-N\333\gE\006\347\212\331C\211Z\177\247\031\n<%V\3512\022\257K4-\030\212\246\013\255\260y\354\034\035sR\340\000#.\322r\367Z_I\013\202_n)6q\357\2538_-\302\252B\204v\277\254\373\3322Ca\020\243\0105\263\257\367\032\254\016\003""; }; "
1750587298286,1750587298286,0,1,3,4,TMLedgerData,"ledgerHash: ""\276\322i\233\014\037\027Z\351\022\216@=S\205\334\033\374\234n\r\270\210]\013\203\356\024\366\354\260\007""; ledgerSeq: 10; type: liBASE; nodes {;   nodedata: ""\000\000\000\n\001cEx]\211\377\330\317\351\2337\023\262\336W\254\222\315\335\317oP\221\031g\037\220\357Ft\030n\306\370\n\354\226\365\346\000\000\000\000\000\000\000\000\000\000\000\000\000\000\000\000\000\000\000\000\000\000\000\000\000\000\000\000\000\000\000\000!\263[x\245\t\221c\221\020\227#\020\267\312L\'\261]\221\317PDI\326\3068dV7\004/\352\224\021/\352\224\032\n\000""; }; nodes {;   nodedata: ""h\315\350\215y\203\242]\371\235\232Pt&\325\210eZ\346\237XZ \277\2457n\221\336\253\245\317\002\304\206+8\t]\351\316\373|\311\263V\300\023\035\211\237\260\300\r\033u3a1\203\303\365\307k\347\006E\344\037@\210\363\010\336T\226\247'\204_{\261\370""1\235\2445\343\033Y!\212\201\341\272\225'\007*$\244&\336\343'\233i\332\374\245 {^\306-N\333\gE\006\347\212\331C\211Z\177\247\031\n<%V\3512\022\257K4-\030\212\246\013\255\260y\354\034\035sR\340\000#.\322r\367Z_I\013\202_n)6q\357\2538_-\302\252B\204v\277\254\373\3322Ca\020\243\0105\263\257\367\032\254\016\003""; }; ","ledgerHash: ""\276\322i\233\014\037\027Z\351\022\216@=S\205\334\033\374\234n\r\270\210]\013\203\356\024\366\354\260\007""; ledgerSeq: 10; type: liBASE; nodes {;   nodedata: ""\000\000\000\n\001cEx]\211\377\330\317\351\2337\023\262\336W\254\222\315\335\317oP\221\031g\037\220\357Ft\030n\306\370\n\354\226\365\346\000\000\000\000\000\000\000\000\000\000\000\000\000\000\000\000\000\000\000\000\000\000\000\000\000\000\000\000\000\000\000\000!\263[x\245\t\221c\221\020\227#\020\267\312L\'\261]\221\317PDI\326\3068dV7\004/\352\224\021/\352\224\032\n\000""; }; nodes {;   nodedata: ""h\315\350\215y\203\242]\371\235\232Pt&\325\210eZ\346\237XZ \277\2457n\221\336\253\245\317\002\304\206+8\t]\351\316\373|\311\263V\300\023\035\211\237\260\300\r\033u3a1\203\303\365\307k\347\006E\344\037@\210\363\010\336T\226\247'\204_{\261\370""1\235\2445\343\033Y!\212\201\341\272\225'\007*$\244&\336\343'\233i\332\374\245 {^\306-N\333\gE\006\347\212\331C\211Z\177\247\031\n<%V\3512\022\257K4-\030\212\246\013\255\260y\354\034\035sR\340\000#.\322r\367Z_I\013\202_n)6q\357\2538_-\302\252B\204v\277\254\373\3322Ca\020\243\0105\263\257\367\032\254\016\003""; }; "
1750587298293,1750587298293,0,1,2,0,TMProposeSet,"proposeSeq: 0; currentTxHash: ""\000\000\000\000\000\000\000\000\000\000\000\000\000\000\000\000\000\000\000\000\000\000\000\000\000\000\000\000\000\000\000\000""; nodePubKey: ""\003ql\302)\235\321\t\213\224\356\374%%\311\327\037\374\304\t\335\2359\344\233\035]\347<u\236\364\222""; closeTime: 803902498; signature: ""0E\002!\000\273Zu#$\340\337PM\377:\nZ/\327\366\345\034h\360Y\017C\347\367\257\343\221\367\207\224\205\002 \017\021\304\266}8\344\027\230\304\231\010\264\013\334\336\362\345*fe\025}.\364\210,S\360Y7\256""; previousledger: ""L\324\236aQ\361\020X\372\353 3\347\310*\253\021gT!>\003\325\254,\003\367\204\031\331\255\240""; ","proposeSeq: 0; currentTxHash: ""\000\000\000\000\000\000\000\000\000\000\000\000\000\000\000\000\000\000\000\000\000\000\000\000\000\000\000\000\000\000\000\000""; nodePubKey: ""\003ql\302)\235\321\t\213\224\356\374%%\311\327\037\374\304\t\335\2359\344\233\035]\347<u\236\364\222""; closeTime: 803902498; signature: ""0E\002!\000\273Zu#$\340\337PM\377:\nZ/\327\366\345\034h\360Y\017C\347\367\257\343\221\367\207\224\205\002 \017\021\304\266}8\344\027\230\304\231\010\264\013\334\336\362\345*fe\025}.\364\210,S\360Y7\256""; previousledger: ""L\324\236aQ\361\020X\372\353 3\347\310*\253\021gT!>\003\325\254,\003\367\204\031\331\255\240""; "
1750587298295,1750587298295,0,1,0,4,TMProposeSet,"proposeSeq: 0; currentTxHash: ""\000\000\000\000\000\000\000\000\000\000\000\000\000\000\000\000\000\000\000\000\000\000\000\000\000\000\000\000\000\000\000\000""; nodePubKey: ""\003ql\302)\235\321\t\213\224\356\374%%\311\327\037\374\304\t\335\2359\344\233\035]\347<u\236\364\222""; closeTime: 803902498; signature: ""0E\002!\000\273Zu#$\340\337PM\377:\nZ/\327\366\345\034h\360Y\017C\347\367\257\343\221\367\207\224\205\002 \017\021\304\266}8\344\027\230\304\231\010\264\013\334\336\362\345*fe\025}.\364\210,S\360Y7\256""; previousledger: ""L\324\236aQ\361\020X\372\353 3\347\310*\253\021gT!>\003\325\254,\003\367\204\031\331\255\240""; ","proposeSeq: 0; currentTxHash: ""\000\000\000\000\000\000\000\000\000\000\000\000\000\000\000\000\000\000\000\000\000\000\000\000\000\000\000\000\000\000\000\000""; nodePubKey: ""\003ql\302)\235\321\t\213\224\356\374%%\311\327\037\374\304\t\335\2359\344\233\035]\347<u\236\364\222""; closeTime: 803902498; signature: ""0E\002!\000\273Zu#$\340\337PM\377:\nZ/\327\366\345\034h\360Y\017C\347\367\257\343\221\367\207\224\205\002 \017\021\304\266}8\344\027\230\304\231\010\264\013\334\336\362\345*fe\025}.\364\210,S\360Y7\256""; previousledger: ""L\324\236aQ\361\020X\372\353 3\347\310*\253\021gT!>\003\325\254,\003\367\204\031\331\255\240""; "
1750587298295,1750587298295,0,1,0,3,TMProposeSet,"proposeSeq: 0; currentTxHash: ""\000\000\000\000\000\000\000\000\000\000\000\000\000\000\000\000\000\000\000\000\000\000\000\000\000\000\000\000\000\000\000\000""; nodePubKey: ""\003ql\302)\235\321\t\213\224\356\374%%\311\327\037\374\304\t\335\2359\344\233\035]\347<u\236\364\222""; closeTime: 803902498; signature: ""0E\002!\000\273Zu#$\340\337PM\377:\nZ/\327\366\345\034h\360Y\017C\347\367\257\343\221\367\207\224\205\002 \017\021\304\266}8\344\027\230\304\231\010\264\013\334\336\362\345*fe\025}.\364\210,S\360Y7\256""; previousledger: ""L\324\236aQ\361\020X\372\353 3\347\310*\253\021gT!>\003\325\254,\003\367\204\031\331\255\240""; ","proposeSeq: 0; currentTxHash: ""\000\000\000\000\000\000\000\000\000\000\000\000\000\000\000\000\000\000\000\000\000\000\000\000\000\000\000\000\000\000\000\000""; nodePubKey: ""\003ql\302)\235\321\t\213\224\356\374%%\311\327\037\374\304\t\335\2359\344\233\035]\347<u\236\364\222""; closeTime: 803902498; signature: ""0E\002!\000\273Zu#$\340\337PM\377:\nZ/\327\366\345\034h\360Y\017C\347\367\257\343\221\367\207\224\205\002 \017\021\304\266}8\344\027\230\304\231\010\264\013\334\336\362\345*fe\025}.\364\210,S\360Y7\256""; previousledger: ""L\324\236aQ\361\020X\372\353 3\347\310*\253\021gT!>\003\325\254,\003\367\204\031\331\255\240""; "
1750587298295,1750587298295,0,1,0,1,TMProposeSet,"proposeSeq: 0; currentTxHash: ""\000\000\000\000\000\000\000\000\000\000\000\000\000\000\000\000\000\000\000\000\000\000\000\000\000\000\000\000\000\000\000\000""; nodePubKey: ""\003ql\302)\235\321\t\213\224\356\374%%\311\327\037\374\304\t\335\2359\344\233\035]\347<u\236\364\222""; closeTime: 803902498; signature: ""0E\002!\000\273Zu#$\340\337PM\377:\nZ/\327\366\345\034h\360Y\017C\347\367\257\343\221\367\207\224\205\002 \017\021\304\266}8\344\027\230\304\231\010\264\013\334\336\362\345*fe\025}.\364\210,S\360Y7\256""; previousledger: ""L\324\236aQ\361\020X\372\353 3\347\310*\253\021gT!>\003\325\254,\003\367\204\031\331\255\240""; ","proposeSeq: 0; currentTxHash: ""\000\000\000\000\000\000\000\000\000\000\000\000\000\000\000\000\000\000\000\000\000\000\000\000\000\000\000\000\000\000\000\000""; nodePubKey: ""\003ql\302)\235\321\t\213\224\356\374%%\311\327\037\374\304\t\335\2359\344\233\035]\347<u\236\364\222""; closeTime: 803902498; signature: ""0E\002!\000\273Zu#$\340\337PM\377:\nZ/\327\366\345\034h\360Y\017C\347\367\257\343\221\367\207\224\205\002 \017\021\304\266}8\344\027\230\304\231\010\264\013\334\336\362\345*fe\025}.\364\210,S\360Y7\256""; previousledger: ""L\324\236aQ\361\020X\372\353 3\347\310*\253\021gT!>\003\325\254,\003\367\204\031\331\255\240""; "
1750587298297,1750587298297,0,1,4,3,TMProposeSet,"proposeSeq: 0; currentTxHash: ""\000\000\000\000\000\000\000\000\000\000\000\000\000\000\000\000\000\000\000\000\000\000\000\000\000\000\000\000\000\000\000\000""; nodePubKey: ""\003ql\302)\235\321\t\213\224\356\374%%\311\327\037\374\304\t\335\2359\344\233\035]\347<u\236\364\222""; closeTime: 803902498; signature: ""0E\002!\000\273Zu#$\340\337PM\377:\nZ/\327\366\345\034h\360Y\017C\347\367\257\343\221\367\207\224\205\002 \017\021\304\266}8\344\027\230\304\231\010\264\013\334\336\362\345*fe\025}.\364\210,S\360Y7\256""; previousledger: ""L\324\236aQ\361\020X\372\353 3\347\310*\253\021gT!>\003\325\254,\003\367\204\031\331\255\240""; ","proposeSeq: 0; currentTxHash: ""\000\000\000\000\000\000\000\000\000\000\000\000\000\000\000\000\000\000\000\000\000\000\000\000\000\000\000\000\000\000\000\000""; nodePubKey: ""\003ql\302)\235\321\t\213\224\356\374%%\311\327\037\374\304\t\335\2359\344\233\035]\347<u\236\364\222""; closeTime: 803902498; signature: ""0E\002!\000\273Zu#$\340\337PM\377:\nZ/\327\366\345\034h\360Y\017C\347\367\257\343\221\367\207\224\205\002 \017\021\304\266}8\344\027\230\304\231\010\264\013\334\336\362\345*fe\025}.\364\210,S\360Y7\256""; previousledger: ""L\324\236aQ\361\020X\372\353 3\347\310*\253\021gT!>\003\325\254,\003\367\204\031\331\255\240""; "
1750587298298,1750587298298,0,1,3,1,TMProposeSet,"proposeSeq: 0; currentTxHash: ""\000\000\000\000\000\000\000\000\000\000\000\000\000\000\000\000\000\000\000\000\000\000\000\000\000\000\000\000\000\000\000\000""; nodePubKey: ""\003ql\302)\235\321\t\213\224\356\374%%\311\327\037\374\304\t\335\2359\344\233\035]\347<u\236\364\222""; closeTime: 803902498; signature: ""0E\002!\000\273Zu#$\340\337PM\377:\nZ/\327\366\345\034h\360Y\017C\347\367\257\343\221\367\207\224\205\002 \017\021\304\266}8\344\027\230\304\231\010\264\013\334\336\362\345*fe\025}.\364\210,S\360Y7\256""; previousledger: ""L\324\236aQ\361\020X\372\353 3\347\310*\253\021gT!>\003\325\254,\003\367\204\031\331\255\240""; ","proposeSeq: 0; currentTxHash: ""\000\000\000\000\000\000\000\000\000\000\000\000\000\000\000\000\000\000\000\000\000\000\000\000\000\000\000\000\000\000\000\000""; nodePubKey: ""\003ql\302)\235\321\t\213\224\356\374%%\311\327\037\374\304\t\335\2359\344\233\035]\347<u\236\364\222""; closeTime: 803902498; signature: ""0E\002!\000\273Zu#$\340\337PM\377:\nZ/\327\366\345\034h\360Y\017C\347\367\257\343\221\367\207\224\205\002 \017\021\304\266}8\344\027\230\304\231\010\264\013\334\336\362\345*fe\025}.\364\210,S\360Y7\256""; previousledger: ""L\324\236aQ\361\020X\372\353 3\347\310*\253\021gT!>\003\325\254,\003\367\204\031\331\255\240""; "
1750587298298,1750587298298,0,1,3,4,TMProposeSet,"proposeSeq: 0; currentTxHash: ""\000\000\000\000\000\000\000\000\000\000\000\000\000\000\000\000\000\000\000\000\000\000\000\000\000\000\000\000\000\000\000\000""; nodePubKey: ""\003ql\302)\235\321\t\213\224\356\374%%\311\327\037\374\304\t\335\2359\344\233\035]\347<u\236\364\222""; closeTime: 803902498; signature: ""0E\002!\000\273Zu#$\340\337PM\377:\nZ/\327\366\345\034h\360Y\017C\347\367\257\343\221\367\207\224\205\002 \017\021\304\266}8\344\027\230\304\231\010\264\013\334\336\362\345*fe\025}.\364\210,S\360Y7\256""; previousledger: ""L\324\236aQ\361\020X\372\353 3\347\310*\253\021gT!>\003\325\254,\003\367\204\031\331\255\240""; ","proposeSeq: 0; currentTxHash: ""\000\000\000\000\000\000\000\000\000\000\000\000\000\000\000\000\000\000\000\000\000\000\000\000\000\000\000\000\000\000\000\000""; nodePubKey: ""\003ql\302)\235\321\t\213\224\356\374%%\311\327\037\374\304\t\335\2359\344\233\035]\347<u\236\364\222""; closeTime: 803902498; signature: ""0E\002!\000\273Zu#$\340\337PM\377:\nZ/\327\366\345\034h\360Y\017C\347\367\257\343\221\367\207\224\205\002 \017\021\304\266}8\344\027\230\304\231\010\264\013\334\336\362\345*fe\025}.\364\210,S\360Y7\256""; previousledger: ""L\324\236aQ\361\020X\372\353 3\347\310*\253\021gT!>\003\325\254,\003\367\204\031\331\255\240""; "
1750587298298,1750587298298,0,1,4,1,TMProposeSet,"proposeSeq: 0; currentTxHash: ""\000\000\000\000\000\000\000\000\000\000\000\000\000\000\000\000\000\000\000\000\000\000\000\000\000\000\000\000\000\000\000\000""; nodePubKey: ""\003ql\302)\235\321\t\213\224\356\374%%\311\327\037\374\304\t\335\2359\344\233\035]\347<u\236\364\222""; closeTime: 803902498; signature: ""0E\002!\000\273Zu#$\340\337PM\377:\nZ/\327\366\345\034h\360Y\017C\347\367\257\343\221\367\207\224\205\002 \017\021\304\266}8\344\027\230\304\231\010\264\013\334\336\362\345*fe\025}.\364\210,S\360Y7\256""; previousledger: ""L\324\236aQ\361\020X\372\353 3\347\310*\253\021gT!>\003\325\254,\003\367\204\031\331\255\240""; ","proposeSeq: 0; currentTxHash: ""\000\000\000\000\000\000\000\000\000\000\000\000\000\000\000\000\000\000\000\000\000\000\000\000\000\000\000\000\000\000\000\000""; nodePubKey: ""\003ql\302)\235\321\t\213\224\356\374%%\311\327\037\374\304\t\335\2359\344\233\035]\347<u\236\364\222""; closeTime: 803902498; signature: ""0E\002!\000\273Zu#$\340\337PM\377:\nZ/\327\366\345\034h\360Y\017C\347\367\257\343\221\367\207\224\205\002 \017\021\304\266}8\344\027\230\304\231\010\264\013\334\336\362\345*fe\025}.\364\210,S\360Y7\256""; previousledger: ""L\324\236aQ\361\020X\372\353 3\347\310*\253\021gT!>\003\325\254,\003\367\204\031\331\255\240""; "
1750587298297,1750587298297,0,1,4,2,TMProposeSet,"proposeSeq: 0; currentTxHash: ""\000\000\000\000\000\000\000\000\000\000\000\000\000\000\000\000\000\000\000\000\000\000\000\000\000\000\000\000\000\000\000\000""; nodePubKey: ""\003ql\302)\235\321\t\213\224\356\374%%\311\327\037\374\304\t\335\2359\344\233\035]\347<u\236\364\222""; closeTime: 803902498; signature: ""0E\002!\000\273Zu#$\340\337PM\377:\nZ/\327\366\345\034h\360Y\017C\347\367\257\343\221\367\207\224\205\002 \017\021\304\266}8\344\027\230\304\231\010\264\013\334\336\362\345*fe\025}.\364\210,S\360Y7\256""; previousledger: ""L\324\236aQ\361\020X\372\353 3\347\310*\253\021gT!>\003\325\254,\003\367\204\031\331\255\240""; ","proposeSeq: 0; currentTxHash: ""\000\000\000\000\000\000\000\000\000\000\000\000\000\000\000\000\000\000\000\000\000\000\000\000\000\000\000\000\000\000\000\000""; nodePubKey: ""\003ql\302)\235\321\t\213\224\356\374%%\311\327\037\374\304\t\335\2359\344\233\035]\347<u\236\364\222""; closeTime: 803902498; signature: ""0E\002!\000\273Zu#$\340\337PM\377:\nZ/\327\366\345\034h\360Y\017C\347\367\257\343\221\367\207\224\205\002 \017\021\304\266}8\344\027\230\304\231\010\264\013\334\336\362\345*fe\025}.\364\210,S\360Y7\256""; previousledger: ""L\324\236aQ\361\020X\372\353 3\347\310*\253\021gT!>\003\325\254,\003\367\204\031\331\255\240""; "
1750587298298,1750587298298,0,1,3,2,TMProposeSet,"proposeSeq: 0; currentTxHash: ""\000\000\000\000\000\000\000\000\000\000\000\000\000\000\000\000\000\000\000\000\000\000\000\000\000\000\000\000\000\000\000\000""; nodePubKey: ""\003ql\302)\235\321\t\213\224\356\374%%\311\327\037\374\304\t\335\2359\344\233\035]\347<u\236\364\222""; closeTime: 803902498; signature: ""0E\002!\000\273Zu#$\340\337PM\377:\nZ/\327\366\345\034h\360Y\017C\347\367\257\343\221\367\207\224\205\002 \017\021\304\266}8\344\027\230\304\231\010\264\013\334\336\362\345*fe\025}.\364\210,S\360Y7\256""; previousledger: ""L\324\236aQ\361\020X\372\353 3\347\310*\253\021gT!>\003\325\254,\003\367\204\031\331\255\240""; ","proposeSeq: 0; currentTxHash: ""\000\000\000\000\000\000\000\000\000\000\000\000\000\000\000\000\000\000\000\000\000\000\000\000\000\000\000\000\000\000\000\000""; nodePubKey: ""\003ql\302)\235\321\t\213\224\356\374%%\311\327\037\374\304\t\335\2359\344\233\035]\347<u\236\364\222""; closeTime: 803902498; signature: ""0E\002!\000\273Zu#$\340\337PM\377:\nZ/\327\366\345\034h\360Y\017C\347\367\257\343\221\367\207\224\205\002 \017\021\304\266}8\344\027\230\304\231\010\264\013\334\336\362\345*fe\025}.\364\210,S\360Y7\256""; previousledger: ""L\324\236aQ\361\020X\372\353 3\347\310*\253\021gT!>\003\325\254,\003\367\204\031\331\255\240""; "
1750587298298,1750587298299,0,1,1,4,TMProposeSet,"proposeSeq: 0; currentTxHash: ""\000\000\000\000\000\000\000\000\000\000\000\000\000\000\000\000\000\000\000\000\000\000\000\000\000\000\000\000\000\000\000\000""; nodePubKey: ""\003ql\302)\235\321\t\213\224\356\374%%\311\327\037\374\304\t\335\2359\344\233\035]\347<u\236\364\222""; closeTime: 803902498; signature: ""0E\002!\000\273Zu#$\340\337PM\377:\nZ/\327\366\345\034h\360Y\017C\347\367\257\343\221\367\207\224\205\002 \017\021\304\266}8\344\027\230\304\231\010\264\013\334\336\362\345*fe\025}.\364\210,S\360Y7\256""; previousledger: ""L\324\236aQ\361\020X\372\353 3\347\310*\253\021gT!>\003\325\254,\003\367\204\031\331\255\240""; ","proposeSeq: 0; currentTxHash: ""\000\000\000\000\000\000\000\000\000\000\000\000\000\000\000\000\000\000\000\000\000\000\000\000\000\000\000\000\000\000\000\000""; nodePubKey: ""\003ql\302)\235\321\t\213\224\356\374%%\311\327\037\374\304\t\335\2359\344\233\035]\347<u\236\364\222""; closeTime: 803902498; signature: ""0E\002!\000\273Zu#$\340\337PM\377:\nZ/\327\366\345\034h\360Y\017C\347\367\257\343\221\367\207\224\205\002 \017\021\304\266}8\344\027\230\304\231\010\264\013\334\336\362\345*fe\025}.\364\210,S\360Y7\256""; previousledger: ""L\324\236aQ\361\020X\372\353 3\347\310*\253\021gT!>\003\325\254,\003\367\204\031\331\255\240""; "
1750587298299,1750587298299,0,1,1,3,TMProposeSet,"proposeSeq: 0; currentTxHash: ""\000\000\000\000\000\000\000\000\000\000\000\000\000\000\000\000\000\000\000\000\000\000\000\000\000\000\000\000\000\000\000\000""; nodePubKey: ""\003ql\302)\235\321\t\213\224\356\374%%\311\327\037\374\304\t\335\2359\344\233\035]\347<u\236\364\222""; closeTime: 803902498; signature: ""0E\002!\000\273Zu#$\340\337PM\377:\nZ/\327\366\345\034h\360Y\017C\347\367\257\343\221\367\207\224\205\002 \017\021\304\266}8\344\027\230\304\231\010\264\013\334\336\362\345*fe\025}.\364\210,S\360Y7\256""; previousledger: ""L\324\236aQ\361\020X\372\353 3\347\310*\253\021gT!>\003\325\254,\003\367\204\031\331\255\240""; ","proposeSeq: 0; currentTxHash: ""\000\000\000\000\000\000\000\000\000\000\000\000\000\000\000\000\000\000\000\000\000\000\000\000\000\000\000\000\000\000\000\000""; nodePubKey: ""\003ql\302)\235\321\t\213\224\356\374%%\311\327\037\374\304\t\335\2359\344\233\035]\347<u\236\364\222""; closeTime: 803902498; signature: ""0E\002!\000\273Zu#$\340\337PM\377:\nZ/\327\366\345\034h\360Y\017C\347\367\257\343\221\367\207\224\205\002 \017\021\304\266}8\344\027\230\304\231\010\264\013\334\336\362\345*fe\025}.\364\210,S\360Y7\256""; previousledger: ""L\324\236aQ\361\020X\372\353 3\347\310*\253\021gT!>\003\325\254,\003\367\204\031\331\255\240""; "
1750587298299,1750587298299,0,1,1,2,TMProposeSet,"proposeSeq: 0; currentTxHash: ""\000\000\000\000\000\000\000\000\000\000\000\000\000\000\000\000\000\000\000\000\000\000\000\000\000\000\000\000\000\000\000\000""; nodePubKey: ""\003ql\302)\235\321\t\213\224\356\374%%\311\327\037\374\304\t\335\2359\344\233\035]\347<u\236\364\222""; closeTime: 803902498; signature: ""0E\002!\000\273Zu#$\340\337PM\377:\nZ/\327\366\345\034h\360Y\017C\347\367\257\343\221\367\207\224\205\002 \017\021\304\266}8\344\027\230\304\231\010\264\013\334\336\362\345*fe\025}.\364\210,S\360Y7\256""; previousledger: ""L\324\236aQ\361\020X\372\353 3\347\310*\253\021gT!>\003\325\254,\003\367\204\031\331\255\240""; ","proposeSeq: 0; currentTxHash: ""\000\000\000\000\000\000\000\000\000\000\000\000\000\000\000\000\000\000\000\000\000\000\000\000\000\000\000\000\000\000\000\000""; nodePubKey: ""\003ql\302)\235\321\t\213\224\356\374%%\311\327\037\374\304\t\335\2359\344\233\035]\347<u\236\364\222""; closeTime: 803902498; signature: ""0E\002!\000\273Zu#$\340\337PM\377:\nZ/\327\366\345\034h\360Y\017C\347\367\257\343\221\367\207\224\205\002 \017\021\304\266}8\344\027\230\304\231\010\264\013\334\336\362\345*fe\025}.\364\210,S\360Y7\256""; previousledger: ""L\324\236aQ\361\020X\372\353 3\347\310*\253\021gT!>\003\325\254,\003\367\204\031\331\255\240""; "
1750587298301,1750587298301,0,1,2,3,TMProposeSet,"proposeSeq: 0; currentTxHash: ""\000\000\000\000\000\000\000\000\000\000\000\000\000\000\000\000\000\000\000\000\000\000\000\000\000\000\000\000\000\000\000\000""; nodePubKey: ""\003ql\302)\235\321\t\213\224\356\374%%\311\327\037\374\304\t\335\2359\344\233\035]\347<u\236\364\222""; closeTime: 803902498; signature: ""0E\002!\000\273Zu#$\340\337PM\377:\nZ/\327\366\345\034h\360Y\017C\347\367\257\343\221\367\207\224\205\002 \017\021\304\266}8\344\027\230\304\231\010\264\013\334\336\362\345*fe\025}.\364\210,S\360Y7\256""; previousledger: ""L\324\236aQ\361\020X\372\353 3\347\310*\253\021gT!>\003\325\254,\003\367\204\031\331\255\240""; ","proposeSeq: 0; currentTxHash: ""\000\000\000\000\000\000\000\000\000\000\000\000\000\000\000\000\000\000\000\000\000\000\000\000\000\000\000\000\000\000\000\000""; nodePubKey: ""\003ql\302)\235\321\t\213\224\356\374%%\311\327\037\374\304\t\335\2359\344\233\035]\347<u\236\364\222""; closeTime: 803902498; signature: ""0E\002!\000\273Zu#$\340\337PM\377:\nZ/\327\366\345\034h\360Y\017C\347\367\257\343\221\367\207\224\205\002 \017\021\304\266}8\344\027\230\304\231\010\264\013\334\336\362\345*fe\025}.\364\210,S\360Y7\256""; previousledger: ""L\324\236aQ\361\020X\372\353 3\347\310*\253\021gT!>\003\325\254,\003\367\204\031\331\255\240""; "
1750587298300,1750587298300,0,1,2,4,TMProposeSet,"proposeSeq: 0; currentTxHash: ""\000\000\000\000\000\000\000\000\000\000\000\000\000\000\000\000\000\000\000\000\000\000\000\000\000\000\000\000\000\000\000\000""; nodePubKey: ""\003ql\302)\235\321\t\213\224\356\374%%\311\327\037\374\304\t\335\2359\344\233\035]\347<u\236\364\222""; closeTime: 803902498; signature: ""0E\002!\000\273Zu#$\340\337PM\377:\nZ/\327\366\345\034h\360Y\017C\347\367\257\343\221\367\207\224\205\002 \017\021\304\266}8\344\027\230\304\231\010\264\013\334\336\362\345*fe\025}.\364\210,S\360Y7\256""; previousledger: ""L\324\236aQ\361\020X\372\353 3\347\310*\253\021gT!>\003\325\254,\003\367\204\031\331\255\240""; ","proposeSeq: 0; currentTxHash: ""\000\000\000\000\000\000\000\000\000\000\000\000\000\000\000\000\000\000\000\000\000\000\000\000\000\000\000\000\000\000\000\000""; nodePubKey: ""\003ql\302)\235\321\t\213\224\356\374%%\311\327\037\374\304\t\335\2359\344\233\035]\347<u\236\364\222""; closeTime: 803902498; signature: ""0E\002!\000\273Zu#$\340\337PM\377:\nZ/\327\366\345\034h\360Y\017C\347\367\257\343\221\367\207\224\205\002 \017\021\304\266}8\344\027\230\304\231\010\264\013\334\336\362\345*fe\025}.\364\210,S\360Y7\256""; previousledger: ""L\324\236aQ\361\020X\372\353 3\347\310*\253\021gT!>\003\325\254,\003\367\204\031\331\255\240""; "
1750587298302,1750587298302,0,1,2,1,TMProposeSet,"proposeSeq: 0; currentTxHash: ""\000\000\000\000\000\000\000\000\000\000\000\000\000\000\000\000\000\000\000\000\000\000\000\000\000\000\000\000\000\000\000\000""; nodePubKey: ""\003ql\302)\235\321\t\213\224\356\374%%\311\327\037\374\304\t\335\2359\344\233\035]\347<u\236\364\222""; closeTime: 803902498; signature: ""0E\002!\000\273Zu#$\340\337PM\377:\nZ/\327\366\345\034h\360Y\017C\347\367\257\343\221\367\207\224\205\002 \017\021\304\266}8\344\027\230\304\231\010\264\013\334\336\362\345*fe\025}.\364\210,S\360Y7\256""; previousledger: ""L\324\236aQ\361\020X\372\353 3\347\310*\253\021gT!>\003\325\254,\003\367\204\031\331\255\240""; ","proposeSeq: 0; currentTxHash: ""\000\000\000\000\000\000\000\000\000\000\000\000\000\000\000\000\000\000\000\000\000\000\000\000\000\000\000\000\000\000\000\000""; nodePubKey: ""\003ql\302)\235\321\t\213\224\356\374%%\311\327\037\374\304\t\335\2359\344\233\035]\347<u\236\364\222""; closeTime: 803902498; signature: ""0E\002!\000\273Zu#$\340\337PM\377:\nZ/\327\366\345\034h\360Y\017C\347\367\257\343\221\367\207\224\205\002 \017\021\304\266}8\344\027\230\304\231\010\264\013\334\336\362\345*fe\025}.\364\210,S\360Y7\256""; previousledger: ""L\324\236aQ\361\020X\372\353 3\347\310*\253\021gT!>\003\325\254,\003\367\204\031\331\255\240""; "
1750587298291,1750587298334,0,1,2,4,TMStatusChange,"newEvent: neCLOSING_LEDGER; ledgerSeq: 11; ledgerHash: ""L\324\236aQ\361\020X\372\353 3\347\310*\253\021gT!>\003\325\254,\003\367\204\031\331\255\240""; ledgerHashPrevious: ""\276\322i\233\014\037\027Z\351\022\216@=S\205\334\033\374\234n\r\270\210]\013\203\356\024\366\354\260\007""; networkTime: 803902498; firstSeq: 1; lastSeq: 11; ","newEvent: neCLOSING_LEDGER; ledgerSeq: 11; ledgerHash: ""L\324\236aQ\361\020X\372\353 3\347\310*\253\021gT!>\003\325\254,\003\367\204\031\331\255\240""; ledgerHashPrevious: ""\276\322i\233\014\037\027Z\351\022\216@=S\205\334\033\374\234n\r\270\210]\013\203\356\024\366\354\260\007""; networkTime: 803902498; firstSeq: 1; lastSeq: 11; "
1750587298293,1750587298335,0,1,2,0,TMStatusChange,"newEvent: neCLOSING_LEDGER; ledgerSeq: 11; ledgerHash: ""L\324\236aQ\361\020X\372\353 3\347\310*\253\021gT!>\003\325\254,\003\367\204\031\331\255\240""; ledgerHashPrevious: ""\276\322i\233\014\037\027Z\351\022\216@=S\205\334\033\374\234n\r\270\210]\013\203\356\024\366\354\260\007""; networkTime: 803902498; firstSeq: 1; lastSeq: 11; ","newEvent: neCLOSING_LEDGER; ledgerSeq: 11; ledgerHash: ""L\324\236aQ\361\020X\372\353 3\347\310*\253\021gT!>\003\325\254,\003\367\204\031\331\255\240""; ledgerHashPrevious: ""\276\322i\233\014\037\027Z\351\022\216@=S\205\334\033\374\234n\r\270\210]\013\203\356\024\366\354\260\007""; networkTime: 803902498; firstSeq: 1; lastSeq: 11; "
1750587298293,1750587298335,0,1,2,1,TMStatusChange,"newEvent: neCLOSING_LEDGER; ledgerSeq: 11; ledgerHash: ""L\324\236aQ\361\020X\372\353 3\347\310*\253\021gT!>\003\325\254,\003\367\204\031\331\255\240""; ledgerHashPrevious: ""\276\322i\233\014\037\027Z\351\022\216@=S\205\334\033\374\234n\r\270\210]\013\203\356\024\366\354\260\007""; networkTime: 803902498; firstSeq: 1; lastSeq: 11; ","newEvent: neCLOSING_LEDGER; ledgerSeq: 11; ledgerHash: ""L\324\236aQ\361\020X\372\353 3\347\310*\253\021gT!>\003\325\254,\003\367\204\031\331\255\240""; ledgerHashPrevious: ""\276\322i\233\014\037\027Z\351\022\216@=S\205\334\033\374\234n\r\270\210]\013\203\356\024\366\354\260\007""; networkTime: 803902498; firstSeq: 1; lastSeq: 11; "
1750587298292,1750587298335,0,1,2,3,TMStatusChange,"newEvent: neCLOSING_LEDGER; ledgerSeq: 11; ledgerHash: ""L\324\236aQ\361\020X\372\353 3\347\310*\253\021gT!>\003\325\254,\003\367\204\031\331\255\240""; ledgerHashPrevious: ""\276\322i\233\014\037\027Z\351\022\216@=S\205\334\033\374\234n\r\270\210]\013\203\356\024\366\354\260\007""; networkTime: 803902498; firstSeq: 1; lastSeq: 11; ","newEvent: neCLOSING_LEDGER; ledgerSeq: 11; ledgerHash: ""L\324\236aQ\361\020X\372\353 3\347\310*\253\021gT!>\003\325\254,\003\367\204\031\331\255\240""; ledgerHashPrevious: ""\276\322i\233\014\037\027Z\351\022\216@=S\205\334\033\374\234n\r\270\210]\013\203\356\024\366\354\260\007""; networkTime: 803902498; firstSeq: 1; lastSeq: 11; "
1750587298765,1750587298765,0,1,4,0,TMProposeSet,"proposeSeq: 0; currentTxHash: ""\000\000\000\000\000\000\000\000\000\000\000\000\000\000\000\000\000\000\000\000\000\000\000\000\000\000\000\000\000\000\000\000""; nodePubKey: ""\003.\200\224\215?)t\306\315\242\313\251\255\302\204=\232.\271%}\013\024s\024\002@\216l""\241F""; closeTime: 803902498; signature: ""0D\002 i\261\236\004\2367\250\277'\345@\224U\244\210\211\324]\235/L\305\216\330K_!/\314o\361\376\002 \027\266e+\007\233\362M\013\2759\237\354]\n\222\023\312s\312S\177\254\033\016\355\206usrx7""; previousledger: ""L\324\236aQ\361\020X\372\353 3\347\310*\253\021gT!>\003\325\254,\003\367\204\031\331\255\240""; ","proposeSeq: 0; currentTxHash: ""\000\000\000\000\000\000\000\000\000\000\000\000\000\000\000\000\000\000\000\000\000\000\000\000\000\000\000\000\000\000\000\000""; nodePubKey: ""\003.\200\224\215?)t\306\315\242\313\251\255\302\204=\232.\271%}\013\024s\024\002@\216l""\241F""; closeTime: 803902498; signature: ""0D\002 i\261\236\004\2367\250\277'\345@\224U\244\210\211\324]\235/L\305\216\330K_!/\314o\361\376\002 \027\266e+\007\233\362M\013\2759\237\354]\n\222\023\312s\312S\177\254\033\016\355\206usrx7""; previousledger: ""L\324\236aQ\361\020X\372\353 3\347\310*\253\021gT!>\003\325\254,\003\367\204\031\331\255\240""; "
1750587298769,1750587298769,0,1,0,3,TMProposeSet,"proposeSeq: 0; currentTxHash: ""\000\000\000\000\000\000\000\000\000\000\000\000\000\000\000\000\000\000\000\000\000\000\000\000\000\000\000\000\000\000\000\000""; nodePubKey: ""\003.\200\224\215?)t\306\315\242\313\251\255\302\204=\232.\271%}\013\024s\024\002@\216l""\241F""; closeTime: 803902498; signature: ""0D\002 i\261\236\004\2367\250\277'\345@\224U\244\210\211\324]\235/L\305\216\330K_!/\314o\361\376\002 \027\266e+\007\233\362M\013\2759\237\354]\n\222\023\312s\312S\177\254\033\016\355\206usrx7""; previousledger: ""L\324\236aQ\361\020X\372\353 3\347\310*\253\021gT!>\003\325\254,\003\367\204\031\331\255\240""; ","proposeSeq: 0; currentTxHash: ""\000\000\000\000\000\000\000\000\000\000\000\000\000\000\000\000\000\000\000\000\000\000\000\000\000\000\000\000\000\000\000\000""; nodePubKey: ""\003.\200\224\215?)t\306\315\242\313\251\255\302\204=\232.\271%}\013\024s\024\002@\216l""\241F""; closeTime: 803902498; signature: ""0D\002 i\261\236\004\2367\250\277'\345@\224U\244\210\211\324]\235/L\305\216\330K_!/\314o\361\376\002 \027\266e+\007\233\362M\013\2759\237\354]\n\222\023\312s\312S\177\254\033\016\355\206usrx7""; previousledger: ""L\324\236aQ\361\020X\372\353 3\347\310*\253\021gT!>\003\325\254,\003\367\204\031\331\255\240""; "
1750587298770,1750587298770,0,1,0,1,TMProposeSet,"proposeSeq: 0; currentTxHash: ""\000\000\000\000\000\000\000\000\000\000\000\000\000\000\000\000\000\000\000\000\000\000\000\000\000\000\000\000\000\000\000\000""; nodePubKey: ""\003.\200\224\215?)t\306\315\242\313\251\255\302\204=\232.\271%}\013\024s\024\002@\216l""\241F""; closeTime: 803902498; signature: ""0D\002 i\261\236\004\2367\250\277'\345@\224U\244\210\211\324]\235/L\305\216\330K_!/\314o\361\376\002 \027\266e+\007\233\362M\013\2759\237\354]\n\222\023\312s\312S\177\254\033\016\355\206usrx7""; previousledger: ""L\324\236aQ\361\020X\372\353 3\347\310*\253\021gT!>\003\325\254,\003\367\204\031\331\255\240""; ","proposeSeq: 0; currentTxHash: ""\000\000\000\000\000\000\000\000\000\000\000\000\000\000\000\000\000\000\000\000\000\000\000\000\000\000\000\000\000\000\000\000""; nodePubKey: ""\003.\200\224\215?)t\306\315\242\313\251\255\302\204=\232.\271%}\013\024s\024\002@\216l""\241F""; closeTime: 803902498; signature: ""0D\002 i\261\236\004\2367\250\277'\345@\224U\244\210\211\324]\235/L\305\216\330K_!/\314o\361\376\002 \027\266e+\007\233\362M\013\2759\237\354]\n\222\023\312s\312S\177\254\033\016\355\206usrx7""; previousledger: ""L\324\236aQ\361\020X\372\353 3\347\310*\253\021gT!>\003\325\254,\003\367\204\031\331\255\240""; "
1750587298770,1750587298770,0,1,0,2,TMProposeSet,"proposeSeq: 0; currentTxHash: ""\000\000\000\000\000\000\000\000\000\000\000\000\000\000\000\000\000\000\000\000\000\000\000\000\000\000\000\000\000\000\000\000""; nodePubKey: ""\003.\200\224\215?)t\306\315\242\313\251\255\302\204=\232.\271%}\013\024s\024\002@\216l""\241F""; closeTime: 803902498; signature: ""0D\002 i\261\236\004\2367\250\277'\345@\224U\244\210\211\324]\235/L\305\216\330K_!/\314o\361\376\002 \027\266e+\007\233\362M\013\2759\237\354]\n\222\023\312s\312S\177\254\033\016\355\206usrx7""; previousledger: ""L\324\236aQ\361\020X\372\353 3\347\310*\253\021gT!>\003\325\254,\003\367\204\031\331\255\240""; ","proposeSeq: 0; currentTxHash: ""\000\000\000\000\000\000\000\000\000\000\000\000\000\000\000\000\000\000\000\000\000\000\000\000\000\000\000\000\000\000\000\000""; nodePubKey: ""\003.\200\224\215?)t\306\315\242\313\251\255\302\204=\232.\271%}\013\024s\024\002@\216l""\241F""; closeTime: 803902498; signature: ""0D\002 i\261\236\004\2367\250\277'\345@\224U\244\210\211\324]\235/L\305\216\330K_!/\314o\361\376\002 \027\266e+\007\233\362M\013\2759\237\354]\n\222\023\312s\312S\177\254\033\016\355\206usrx7""; previousledger: ""L\324\236aQ\361\020X\372\353 3\347\310*\253\021gT!>\003\325\254,\003\367\204\031\331\255\240""; "
1750587298772,1750587298772,0,1,3,4,TMProposeSet,"proposeSeq: 0; currentTxHash: ""\000\000\000\000\000\000\000\000\000\000\000\000\000\000\000\000\000\000\000\000\000\000\000\000\000\000\000\000\000\000\000\000""; nodePubKey: ""\003.\200\224\215?)t\306\315\242\313\251\255\302\204=\232.\271%}\013\024s\024\002@\216l""\241F""; closeTime: 803902498; signature: ""0D\002 i\261\236\004\2367\250\277'\345@\224U\244\210\211\324]\235/L\305\216\330K_!/\314o\361\376\002 \027\266e+\007\233\362M\013\2759\237\354]\n\222\023\312s\312S\177\254\033\016\355\206usrx7""; previousledger: ""L\324\236aQ\361\020X\372\353 3\347\310*\253\021gT!>\003\325\254,\003\367\204\031\331\255\240""; ","proposeSeq: 0; currentTxHash: ""\000\000\000\000\000\000\000\000\000\000\000\000\000\000\000\000\000\000\000\000\000\000\000\000\000\000\000\000\000\000\000\000""; nodePubKey: ""\003.\200\224\215?)t\306\315\242\313\251\255\302\204=\232.\271%}\013\024s\024\002@\216l""\241F""; closeTime: 803902498; signature: ""0D\002 i\261\236\004\2367\250\277'\345@\224U\244\210\211\324]\235/L\305\216\330K_!/\314o\361\376\002 \027\266e+\007\233\362M\013\2759\237\354]\n\222\023\312s\312S\177\254\033\016\355\206usrx7""; previousledger: ""L\324\236aQ\361\020X\372\353 3\347\310*\253\021gT!>\003\325\254,\003\367\204\031\331\255\240""; "
1750587298773,1750587298773,0,1,3,2,TMProposeSet,"proposeSeq: 0; currentTxHash: ""\000\000\000\000\000\000\000\000\000\000\000\000\000\000\000\000\000\000\000\000\000\000\000\000\000\000\000\000\000\000\000\000""; nodePubKey: ""\003.\200\224\215?)t\306\315\242\313\251\255\302\204=\232.\271%}\013\024s\024\002@\216l""\241F""; closeTime: 803902498; signature: ""0D\002 i\261\236\004\2367\250\277'\345@\224U\244\210\211\324]\235/L\305\216\330K_!/\314o\361\376\002 \027\266e+\007\233\362M\013\2759\237\354]\n\222\023\312s\312S\177\254\033\016\355\206usrx7""; previousledger: ""L\324\236aQ\361\020X\372\353 3\347\310*\253\021gT!>\003\325\254,\003\367\204\031\331\255\240""; ","proposeSeq: 0; currentTxHash: ""\000\000\000\000\000\000\000\000\000\000\000\000\000\000\000\000\000\000\000\000\000\000\000\000\000\000\000\000\000\000\000\000""; nodePubKey: ""\003.\200\224\215?)t\306\315\242\313\251\255\302\204=\232.\271%}\013\024s\024\002@\216l""\241F""; closeTime: 803902498; signature: ""0D\002 i\261\236\004\2367\250\277'\345@\224U\244\210\211\324]\235/L\305\216\330K_!/\314o\361\376\002 \027\266e+\007\233\362M\013\2759\237\354]\n\222\023\312s\312S\177\254\033\016\355\206usrx7""; previousledger: ""L\324\236aQ\361\020X\372\353 3\347\310*\253\021gT!>\003\325\254,\003\367\204\031\331\255\240""; "
1750587298773,1750587298773,0,1,3,1,TMProposeSet,"proposeSeq: 0; currentTxHash: ""\000\000\000\000\000\000\000\000\000\000\000\000\000\000\000\000\000\000\000\000\000\000\000\000\000\000\000\000\000\000\000\000""; nodePubKey: ""\003.\200\224\215?)t\306\315\242\313\251\255\302\204=\232.\271%}\013\024s\024\002@\216l""\241F""; closeTime: 803902498; signature: ""0D\002 i\261\236\004\2367\250\277'\345@\224U\244\210\211\324]\235/L\305\216\330K_!/\314o\361\376\002 \027\266e+\007\233\362M\013\2759\237\354]\n\222\023\312s\312S\177\254\033\016\355\206usrx7""; previousledger: ""L\324\236aQ\361\020X\372\353 3\347\310*\253\021gT!>\003\325\254,\003\367\204\031\331\255\240""; ","proposeSeq: 0; currentTxHash: ""\000\000\000\000\000\000\000\000\000\000\000\000\000\000\000\000\000\000\000\000\000\000\000\000\000\000\000\000\000\000\000\000""; nodePubKey: ""\003.\200\224\215?)t\306\315\242\313\251\255\302\204=\232.\271%}\013\024s\024\002@\216l""\241F""; closeTime: 803902498; signature: ""0D\002 i\261\236\004\2367\250\277'\345@\224U\244\210\211\324]\235/L\305\216\330K_!/\314o\361\376\002 \027\266e+\007\233\362M\013\2759\237\354]\n\222\023\312s\312S\177\254\033\016\355\206usrx7""; previousledger: ""L\324\236aQ\361\020X\372\353 3\347\310*\253\021gT!>\003\325\254,\003\367\204\031\331\255\240""; "
1750587298774,1750587298774,0,1,1,4,TMProposeSet,"proposeSeq: 0; currentTxHash: ""\000\000\000\000\000\000\000\000\000\000\000\000\000\000\000\000\000\000\000\000\000\000\000\000\000\000\000\000\000\000\000\000""; nodePubKey: ""\003.\200\224\215?)t\306\315\242\313\251\255\302\204=\232.\271%}\013\024s\024\002@\216l""\241F""; closeTime: 803902498; signature: ""0D\002 i\261\236\004\2367\250\277'\345@\224U\244\210\211\324]\235/L\305\216\330K_!/\314o\361\376\002 \027\266e+\007\233\362M\013\2759\237\354]\n\222\023\312s\312S\177\254\033\016\355\206usrx7""; previousledger: ""L\324\236aQ\361\020X\372\353 3\347\310*\253\021gT!>\003\325\254,\003\367\204\031\331\255\240""; ","proposeSeq: 0; currentTxHash: ""\000\000\000\000\000\000\000\000\000\000\000\000\000\000\000\000\000\000\000\000\000\000\000\000\000\000\000\000\000\000\000\000""; nodePubKey: ""\003.\200\224\215?)t\306\315\242\313\251\255\302\204=\232.\271%}\013\024s\024\002@\216l""\241F""; closeTime: 803902498; signature: ""0D\002 i\261\236\004\2367\250\277'\345@\224U\244\210\211\324]\235/L\305\216\330K_!/\314o\361\376\002 \027\266e+\007\233\362M\013\2759\237\354]\n\222\023\312s\312S\177\254\033\016\355\206usrx7""; previousledger: ""L\324\236aQ\361\020X\372\353 3\347\310*\253\021gT!>\003\325\254,\003\367\204\031\331\255\240""; "
1750587298774,1750587298774,0,1,1,3,TMProposeSet,"proposeSeq: 0; currentTxHash: ""\000\000\000\000\000\000\000\000\000\000\000\000\000\000\000\000\000\000\000\000\000\000\000\000\000\000\000\000\000\000\000\000""; nodePubKey: ""\003.\200\224\215?)t\306\315\242\313\251\255\302\204=\232.\271%}\013\024s\024\002@\216l""\241F""; closeTime: 803902498; signature: ""0D\002 i\261\236\004\2367\250\277'\345@\224U\244\210\211\324]\235/L\305\216\330K_!/\314o\361\376\002 \027\266e+\007\233\362M\013\2759\237\354]\n\222\023\312s\312S\177\254\033\016\355\206usrx7""; previousledger: ""L\324\236aQ\361\020X\372\353 3\347\310*\253\021gT!>\003\325\254,\003\367\204\031\331\255\240""; ","proposeSeq: 0; currentTxHash: ""\000\000\000\000\000\000\000\000\000\000\000\000\000\000\000\000\000\000\000\000\000\000\000\000\000\000\000\000\000\000\000\000""; nodePubKey: ""\003.\200\224\215?)t\306\315\242\313\251\255\302\204=\232.\271%}\013\024s\024\002@\216l""\241F""; closeTime: 803902498; signature: ""0D\002 i\261\236\004\2367\250\277'\345@\224U\244\210\211\324]\235/L\305\216\330K_!/\314o\361\376\002 \027\266e+\007\233\362M\013\2759\237\354]\n\222\023\312s\312S\177\254\033\016\355\206usrx7""; previousledger: ""L\324\236aQ\361\020X\372\353 3\347\310*\253\021gT!>\003\325\254,\003\367\204\031\331\255\240""; "
1750587298774,1750587298774,0,1,1,2,TMProposeSet,"proposeSeq: 0; currentTxHash: ""\000\000\000\000\000\000\000\000\000\000\000\000\000\000\000\000\000\000\000\000\000\000\000\000\000\000\000\000\000\000\000\000""; nodePubKey: ""\003.\200\224\215?)t\306\315\242\313\251\255\302\204=\232.\271%}\013\024s\024\002@\216l""\241F""; closeTime: 803902498; signature: ""0D\002 i\261\236\004\2367\250\277'\345@\224U\244\210\211\324]\235/L\305\216\330K_!/\314o\361\376\002 \027\266e+\007\233\362M\013\2759\237\354]\n\222\023\312s\312S\177\254\033\016\355\206usrx7""; previousledger: ""L\324\236aQ\361\020X\372\353 3\347\310*\253\021gT!>\003\325\254,\003\367\204\031\331\255\240""; ","proposeSeq: 0; currentTxHash: ""\000\000\000\000\000\000\000\000\000\000\000\000\000\000\000\000\000\000\000\000\000\000\000\000\000\000\000\000\000\000\000\000""; nodePubKey: ""\003.\200\224\215?)t\306\315\242\313\251\255\302\204=\232.\271%}\013\024s\024\002@\216l""\241F""; closeTime: 803902498; signature: ""0D\002 i\261\236\004\2367\250\277'\345@\224U\244\210\211\324]\235/L\305\216\330K_!/\314o\361\376\002 \027\266e+\007\233\362M\013\2759\237\354]\n\222\023\312s\312S\177\254\033\016\355\206usrx7""; previousledger: ""L\324\236aQ\361\020X\372\353 3\347\310*\253\021gT!>\003\325\254,\003\367\204\031\331\255\240""; "
1750587298775,1750587298775,0,1,2,4,TMProposeSet,"proposeSeq: 0; currentTxHash: ""\000\000\000\000\000\000\000\000\000\000\000\000\000\000\000\000\000\000\000\000\000\000\000\000\000\000\000\000\000\000\000\000""; nodePubKey: ""\003.\200\224\215?)t\306\315\242\313\251\255\302\204=\232.\271%}\013\024s\024\002@\216l""\241F""; closeTime: 803902498; signature: ""0D\002 i\261\236\004\2367\250\277'\345@\224U\244\210\211\324]\235/L\305\216\330K_!/\314o\361\376\002 \027\266e+\007\233\362M\013\2759\237\354]\n\222\023\312s\312S\177\254\033\016\355\206usrx7""; previousledger: ""L\324\236aQ\361\020X\372\353 3\347\310*\253\021gT!>\003\325\254,\003\367\204\031\331\255\240""; ","proposeSeq: 0; currentTxHash: ""\000\000\000\000\000\000\000\000\000\000\000\000\000\000\000\000\000\000\000\000\000\000\000\000\000\000\000\000\000\000\000\000""; nodePubKey: ""\003.\200\224\215?)t\306\315\242\313\251\255\302\204=\232.\271%}\013\024s\024\002@\216l""\241F""; closeTime: 803902498; signature: ""0D\002 i\261\236\004\2367\250\277'\345@\224U\244\210\211\324]\235/L\305\216\330K_!/\314o\361\376\002 \027\266e+\007\233\362M\013\2759\237\354]\n\222\023\312s\312S\177\254\033\016\355\206usrx7""; previousledger: ""L\324\236aQ\361\020X\372\353 3\347\310*\253\021gT!>\003\325\254,\003\367\204\031\331\255\240""; "
1750587298775,1750587298775,0,1,2,1,TMProposeSet,"proposeSeq: 0; currentTxHash: ""\000\000\000\000\000\000\000\000\000\000\000\000\000\000\000\000\000\000\000\000\000\000\000\000\000\000\000\000\000\000\000\000""; nodePubKey: ""\003.\200\224\215?)t\306\315\242\313\251\255\302\204=\232.\271%}\013\024s\024\002@\216l""\241F""; closeTime: 803902498; signature: ""0D\002 i\261\236\004\2367\250\277'\345@\224U\244\210\211\324]\235/L\305\216\330K_!/\314o\361\376\002 \027\266e+\007\233\362M\013\2759\237\354]\n\222\023\312s\312S\177\254\033\016\355\206usrx7""; previousledger: ""L\324\236aQ\361\020X\372\353 3\347\310*\253\021gT!>\003\325\254,\003\367\204\031\331\255\240""; ","proposeSeq: 0; currentTxHash: ""\000\000\000\000\000\000\000\000\000\000\000\000\000\000\000\000\000\000\000\000\000\000\000\000\000\000\000\000\000\000\000\000""; nodePubKey: ""\003.\200\224\215?)t\306\315\242\313\251\255\302\204=\232.\271%}\013\024s\024\002@\216l""\241F""; closeTime: 803902498; signature: ""0D\002 i\261\236\004\2367\250\277'\345@\224U\244\210\211\324]\235/L\305\216\330K_!/\314o\361\376\002 \027\266e+\007\233\362M\013\2759\237\354]\n\222\023\312s\312S\177\254\033\016\355\206usrx7""; previousledger: ""L\324\236aQ\361\020X\372\353 3\347\310*\253\021gT!>\003\325\254,\003\367\204\031\331\255\240""; "
1750587298776,1750587298776,0,1,2,3,TMProposeSet,"proposeSeq: 0; currentTxHash: ""\000\000\000\000\000\000\000\000\000\000\000\000\000\000\000\000\000\000\000\000\000\000\000\000\000\000\000\000\000\000\000\000""; nodePubKey: ""\003.\200\224\215?)t\306\315\242\313\251\255\302\204=\232.\271%}\013\024s\024\002@\216l""\241F""; closeTime: 803902498; signature: ""0D\002 i\261\236\004\2367\250\277'\345@\224U\244\210\211\324]\235/L\305\216\330K_!/\314o\361\376\002 \027\266e+\007\233\362M\013\2759\237\354]\n\222\023\312s\312S\177\254\033\016\355\206usrx7""; previousledger: ""L\324\236aQ\361\020X\372\353 3\347\310*\253\021gT!>\003\325\254,\003\367\204\031\331\255\240""; ","proposeSeq: 0; currentTxHash: ""\000\000\000\000\000\000\000\000\000\000\000\000\000\000\000\000\000\000\000\000\000\000\000\000\000\000\000\000\000\000\000\000""; nodePubKey: ""\003.\200\224\215?)t\306\315\242\313\251\255\302\204=\232.\271%}\013\024s\024\002@\216l""\241F""; closeTime: 803902498; signature: ""0D\002 i\261\236\004\2367\250\277'\345@\224U\244\210\211\324]\235/L\305\216\330K_!/\314o\361\376\002 \027\266e+\007\233\362M\013\2759\237\354]\n\222\023\312s\312S\177\254\033\016\355\206usrx7""; previousledger: ""L\324\236aQ\361\020X\372\353 3\347\310*\253\021gT!>\003\325\254,\003\367\204\031\331\255\240""; "
1750587298776,1750587298777,0,1,4,3,TMProposeSet,"proposeSeq: 0; currentTxHash: ""\000\000\000\000\000\000\000\000\000\000\000\000\000\000\000\000\000\000\000\000\000\000\000\000\000\000\000\000\000\000\000\000""; nodePubKey: ""\003.\200\224\215?)t\306\315\242\313\251\255\302\204=\232.\271%}\013\024s\024\002@\216l""\241F""; closeTime: 803902498; signature: ""0D\002 i\261\236\004\2367\250\277'\345@\224U\244\210\211\324]\235/L\305\216\330K_!/\314o\361\376\002 \027\266e+\007\233\362M\013\2759\237\354]\n\222\023\312s\312S\177\254\033\016\355\206usrx7""; previousledger: ""L\324\236aQ\361\020X\372\353 3\347\310*\253\021gT!>\003\325\254,\003\367\204\031\331\255\240""; ","proposeSeq: 0; currentTxHash: ""\000\000\000\000\000\000\000\000\000\000\000\000\000\000\000\000\000\000\000\000\000\000\000\000\000\000\000\000\000\000\000\000""; nodePubKey: ""\003.\200\224\215?)t\306\315\242\313\251\255\302\204=\232.\271%}\013\024s\024\002@\216l""\241F""; closeTime: 803902498; signature: ""0D\002 i\261\236\004\2367\250\277'\345@\224U\244\210\211\324]\235/L\305\216\330K_!/\314o\361\376\002 \027\266e+\007\233\362M\013\2759\237\354]\n\222\023\312s\312S\177\254\033\016\355\206usrx7""; previousledger: ""L\324\236aQ\361\020X\372\353 3\347\310*\253\021gT!>\003\325\254,\003\367\204\031\331\255\240""; "
1750587298777,1750587298777,0,1,4,1,TMProposeSet,"proposeSeq: 0; currentTxHash: ""\000\000\000\000\000\000\000\000\000\000\000\000\000\000\000\000\000\000\000\000\000\000\000\000\000\000\000\000\000\000\000\000""; nodePubKey: ""\003.\200\224\215?)t\306\315\242\313\251\255\302\204=\232.\271%}\013\024s\024\002@\216l""\241F""; closeTime: 803902498; signature: ""0D\002 i\261\236\004\2367\250\277'\345@\224U\244\210\211\324]\235/L\305\216\330K_!/\314o\361\376\002 \027\266e+\007\233\362M\013\2759\237\354]\n\222\023\312s\312S\177\254\033\016\355\206usrx7""; previousledger: ""L\324\236aQ\361\020X\372\353 3\347\310*\253\021gT!>\003\325\254,\003\367\204\031\331\255\240""; ","proposeSeq: 0; currentTxHash: ""\000\000\000\000\000\000\000\000\000\000\000\000\000\000\000\000\000\000\000\000\000\000\000\000\000\000\000\000\000\000\000\000""; nodePubKey: ""\003.\200\224\215?)t\306\315\242\313\251\255\302\204=\232.\271%}\013\024s\024\002@\216l""\241F""; closeTime: 803902498; signature: ""0D\002 i\261\236\004\2367\250\277'\345@\224U\244\210\211\324]\235/L\305\216\330K_!/\314o\361\376\002 \027\266e+\007\233\362M\013\2759\237\354]\n\222\023\312s\312S\177\254\033\016\355\206usrx7""; previousledger: ""L\324\236aQ\361\020X\372\353 3\347\310*\253\021gT!>\003\325\254,\003\367\204\031\331\255\240""; "
1750587298778,1750587298778,0,1,4,2,TMProposeSet,"proposeSeq: 0; currentTxHash: ""\000\000\000\000\000\000\000\000\000\000\000\000\000\000\000\000\000\000\000\000\000\000\000\000\000\000\000\000\000\000\000\000""; nodePubKey: ""\003.\200\224\215?)t\306\315\242\313\251\255\302\204=\232.\271%}\013\024s\024\002@\216l""\241F""; closeTime: 803902498; signature: ""0D\002 i\261\236\004\2367\250\277'\345@\224U\244\210\211\324]\235/L\305\216\330K_!/\314o\361\376\002 \027\266e+\007\233\362M\013\2759\237\354]\n\222\023\312s\312S\177\254\033\016\355\206usrx7""; previousledger: ""L\324\236aQ\361\020X\372\353 3\347\310*\253\021gT!>\003\325\254,\003\367\204\031\331\255\240""; ","proposeSeq: 0; currentTxHash: ""\000\000\000\000\000\000\000\000\000\000\000\000\000\000\000\000\000\000\000\000\000\000\000\000\000\000\000\000\000\000\000\000""; nodePubKey: ""\003.\200\224\215?)t\306\315\242\313\251\255\302\204=\232.\271%}\013\024s\024\002@\216l""\241F""; closeTime: 803902498; signature: ""0D\002 i\261\236\004\2367\250\277'\345@\224U\244\210\211\324]\235/L\305\216\330K_!/\314o\361\376\002 \027\266e+\007\233\362M\013\2759\237\354]\n\222\023\312s\312S\177\254\033\016\355\206usrx7""; previousledger: ""L\324\236aQ\361\020X\372\353 3\347\310*\253\021gT!>\003\325\254,\003\367\204\031\331\255\240""; "
1750587298764,1750587298837,0,1,4,3,TMStatusChange,"newEvent: neCLOSING_LEDGER; ledgerSeq: 11; ledgerHash: ""L\324\236aQ\361\020X\372\353 3\347\310*\253\021gT!>\003\325\254,\003\367\204\031\331\255\240""; ledgerHashPrevious: ""\276\322i\233\014\037\027Z\351\022\216@=S\205\334\033\374\234n\r\270\210]\013\203\356\024\366\354\260\007""; networkTime: 803902498; firstSeq: 1; lastSeq: 11; ","newEvent: neCLOSING_LEDGER; ledgerSeq: 11; ledgerHash: ""L\324\236aQ\361\020X\372\353 3\347\310*\253\021gT!>\003\325\254,\003\367\204\031\331\255\240""; ledgerHashPrevious: ""\276\322i\233\014\037\027Z\351\022\216@=S\205\334\033\374\234n\r\270\210]\013\203\356\024\366\354\260\007""; networkTime: 803902498; firstSeq: 1; lastSeq: 11; "
1750587298766,1750587298837,0,1,4,2,TMStatusChange,"newEvent: neCLOSING_LEDGER; ledgerSeq: 11; ledgerHash: ""L\324\236aQ\361\020X\372\353 3\347\310*\253\021gT!>\003\325\254,\003\367\204\031\331\255\240""; ledgerHashPrevious: ""\276\322i\233\014\037\027Z\351\022\216@=S\205\334\033\374\234n\r\270\210]\013\203\356\024\366\354\260\007""; networkTime: 803902498; firstSeq: 1; lastSeq: 11; ","newEvent: neCLOSING_LEDGER; ledgerSeq: 11; ledgerHash: ""L\324\236aQ\361\020X\372\353 3\347\310*\253\021gT!>\003\325\254,\003\367\204\031\331\255\240""; ledgerHashPrevious: ""\276\322i\233\014\037\027Z\351\022\216@=S\205\334\033\374\234n\r\270\210]\013\203\356\024\366\354\260\007""; networkTime: 803902498; firstSeq: 1; lastSeq: 11; "
1750587298766,1750587298839,0,1,4,1,TMStatusChange,"newEvent: neCLOSING_LEDGER; ledgerSeq: 11; ledgerHash: ""L\324\236aQ\361\020X\372\353 3\347\310*\253\021gT!>\003\325\254,\003\367\204\031\331\255\240""; ledgerHashPrevious: ""\276\322i\233\014\037\027Z\351\022\216@=S\205\334\033\374\234n\r\270\210]\013\203\356\024\366\354\260\007""; networkTime: 803902498; firstSeq: 1; lastSeq: 11; ","newEvent: neCLOSING_LEDGER; ledgerSeq: 11; ledgerHash: ""L\324\236aQ\361\020X\372\353 3\347\310*\253\021gT!>\003\325\254,\003\367\204\031\331\255\240""; ledgerHashPrevious: ""\276\322i\233\014\037\027Z\351\022\216@=S\205\334\033\374\234n\r\270\210]\013\203\356\024\366\354\260\007""; networkTime: 803902498; firstSeq: 1; lastSeq: 11; "
1750587298766,1750587298839,0,1,4,0,TMStatusChange,"newEvent: neCLOSING_LEDGER; ledgerSeq: 11; ledgerHash: ""L\324\236aQ\361\020X\372\353 3\347\310*\253\021gT!>\003\325\254,\003\367\204\031\331\255\240""; ledgerHashPrevious: ""\276\322i\233\014\037\027Z\351\022\216@=S\205\334\033\374\234n\r\270\210]\013\203\356\024\366\354\260\007""; networkTime: 803902498; firstSeq: 1; lastSeq: 11; ","newEvent: neCLOSING_LEDGER; ledgerSeq: 11; ledgerHash: ""L\324\236aQ\361\020X\372\353 3\347\310*\253\021gT!>\003\325\254,\003\367\204\031\331\255\240""; ledgerHashPrevious: ""\276\322i\233\014\037\027Z\351\022\216@=S\205\334\033\374\234n\r\270\210]\013\203\356\024\366\354\260\007""; networkTime: 803902498; firstSeq: 1; lastSeq: 11; "
1750587299450,1750587299451,0,1,1,4,TMStatusChange,"newEvent: neACCEPTED_LEDGER; ledgerSeq: 12; ledgerHash: ""\304J\342j\272\270\274\360\307\356\347\200Ywm#\014\233\301\022L\232T\033N\341\232\325\233\227\313\307""; ledgerHashPrevious: ""L\324\236aQ\361\020X\372\353 3\347\310*\253\021gT!>\003\325\254,\003\367\204\031\331\255\240""; networkTime: 803902499; firstSeq: 1; lastSeq: 11; ","newEvent: neACCEPTED_LEDGER; ledgerSeq: 12; ledgerHash: ""\304J\342j\272\270\274\360\307\356\347\200Ywm#\014\233\301\022L\232T\033N\341\232\325\233\227\313\307""; ledgerHashPrevious: ""L\324\236aQ\361\020X\372\353 3\347\310*\253\021gT!>\003\325\254,\003\367\204\031\331\255\240""; networkTime: 803902499; firstSeq: 1; lastSeq: 11; "
1750587299451,1750587299451,0,1,1,3,TMStatusChange,"newEvent: neACCEPTED_LEDGER; ledgerSeq: 12; ledgerHash: ""\304J\342j\272\270\274\360\307\356\347\200Ywm#\014\233\301\022L\232T\033N\341\232\325\233\227\313\307""; ledgerHashPrevious: ""L\324\236aQ\361\020X\372\353 3\347\310*\253\021gT!>\003\325\254,\003\367\204\031\331\255\240""; networkTime: 803902499; firstSeq: 1; lastSeq: 11; ","newEvent: neACCEPTED_LEDGER; ledgerSeq: 12; ledgerHash: ""\304J\342j\272\270\274\360\307\356\347\200Ywm#\014\233\301\022L\232T\033N\341\232\325\233\227\313\307""; ledgerHashPrevious: ""L\324\236aQ\361\020X\372\353 3\347\310*\253\021gT!>\003\325\254,\003\367\204\031\331\255\240""; networkTime: 803902499; firstSeq: 1; lastSeq: 11; "
1750587299452,1750587299452,0,1,1,0,TMValidation,"validation: """"\200\000\000\001&\000\000\000\014)/\352\224#:?HT\314/\177\320^Q\304J\342j\272\270\274\360\307\356\347\200Ywm#\014\233\301\022L\232T\033N\341\232\325\233\227\313\307P\027\000\000\000\000\000\000\000\000\000\000\000\000\000\000\000\000\000\000\000\000\000\000\000\000\000\000\000\000\000\000\000\000P\031L\324\236aQ\361\020X\372\353 3\347\310*\253\021gT!>\003\325\254,\003\367\204\031\331\255\240s!\003\343\005\311u\203\370\0338\3174\324\010\006\301\251\177\261\304eOX\262)FA-\022r\263wm\024vF0D\002 9]i\321\264u\263Q\031\315pe\366%\336/\034\017\351\257\323\254\005\375\270X\263kR\036\300X\002 6\206wp\367\212\243\272*uX\036\263\014\013\235lv:\304B\323'\374\364l.\265\217\253K\367""; ","validation: """"\200\000\000\001&\000\000\000\014)/\352\224#:?HT\314/\177\320^Q\304J\342j\272\270\274\360\307\356\347\200Ywm#\014\233\301\022L\232T\033N\341\232\325\233\227\313\307P\027\000\000\000\000\000\000\000\000\000\000\000\000\000\000\000\000\000\000\000\000\000\000\000\000\000\000\000\000\000\000\000\000P\031L\324\236aQ\361\020X\372\353 3\347\310*\253\021gT!>\003\325\254,\003\367\204\031\331\255\240s!\003\343\005\311u\203\370\0338\3174\324\010\006\301\251\177\261\304eOX\262)FA-\022r\263wm\024vF0D\002 9]i\321\264u\263Q\031\315pe\366%\336/\034\017\351\257\323\254\005\375\270X\263kR\036\300X\002 6\206wp\367\212\243\272*uX\036\263\014\013\235lv:\304B\323'\374\364l.\265\217\253K\367""; "
1750587299452,1750587299452,0,1,1,2,TMStatusChange,"newEvent: neACCEPTED_LEDGER; ledgerSeq: 12; ledgerHash: ""\304J\342j\272\270\274\360\307\356\347\200Ywm#\014\233\301\022L\232T\033N\341\232\325\233\227\313\307""; ledgerHashPrevious: ""L\324\236aQ\361\020X\372\353 3\347\310*\253\021gT!>\003\325\254,\003\367\204\031\331\255\240""; networkTime: 803902499; firstSeq: 1; lastSeq: 11; ","newEvent: neACCEPTED_LEDGER; ledgerSeq: 12; ledgerHash: ""\304J\342j\272\270\274\360\307\356\347\200Ywm#\014\233\301\022L\232T\033N\341\232\325\233\227\313\307""; ledgerHashPrevious: ""L\324\236aQ\361\020X\372\353 3\347\310*\253\021gT!>\003\325\254,\003\367\204\031\331\255\240""; networkTime: 803902499; firstSeq: 1; lastSeq: 11; "
1750587299453,1750587299453,0,1,1,0,TMStatusChange,"newEvent: neACCEPTED_LEDGER; ledgerSeq: 12; ledgerHash: ""\304J\342j\272\270\274\360\307\356\347\200Ywm#\014\233\301\022L\232T\033N\341\232\325\233\227\313\307""; ledgerHashPrevious: ""L\324\236aQ\361\020X\372\353 3\347\310*\253\021gT!>\003\325\254,\003\367\204\031\331\255\240""; networkTime: 803902499; firstSeq: 1; lastSeq: 11; ","newEvent: neACCEPTED_LEDGER; ledgerSeq: 12; ledgerHash: ""\304J\342j\272\270\274\360\307\356\347\200Ywm#\014\233\301\022L\232T\033N\341\232\325\233\227\313\307""; ledgerHashPrevious: ""L\324\236aQ\361\020X\372\353 3\347\310*\253\021gT!>\003\325\254,\003\367\204\031\331\255\240""; networkTime: 803902499; firstSeq: 1; lastSeq: 11; "
1750587299455,1750587299456,0,1,0,4,TMValidation,"validation: """"\200\000\000\001&\000\000\000\014)/\352\224#:?HT\314/\177\320^Q\304J\342j\272\270\274\360\307\356\347\200Ywm#\014\233\301\022L\232T\033N\341\232\325\233\227\313\307P\027\000\000\000\000\000\000\000\000\000\000\000\000\000\000\000\000\000\000\000\000\000\000\000\000\000\000\000\000\000\000\000\000P\031L\324\236aQ\361\020X\372\353 3\347\310*\253\021gT!>\003\325\254,\003\367\204\031\331\255\240s!\003\343\005\311u\203\370\0338\3174\324\010\006\301\251\177\261\304eOX\262)FA-\022r\263wm\024vF0D\002 9]i\321\264u\263Q\031\315pe\366%\336/\034\017\351\257\323\254\005\375\270X\263kR\036\300X\002 6\206wp\367\212\243\272*uX\036\263\014\013\235lv:\304B\323'\374\364l.\265\217\253K\367""; ","validation: """"\200\000\000\001&\000\000\000\014)/\352\224#:?HT\314/\177\320^Q\304J\342j\272\270\274\360\307\356\347\200Ywm#\014\233\301\022L\232T\033N\341\232\325\233\227\313\307P\027\000\000\000\000\000\000\000\000\000\000\000\000\000\000\000\000\000\000\000\000\000\000\000\000\000\000\000\000\000\000\000\000P\031L\324\236aQ\361\020X\372\353 3\347\310*\253\021gT!>\003\325\254,\003\367\204\031\331\255\240s!\003\343\005\311u\203\370\0338\3174\324\010\006\301\251\177\261\304eOX\262)FA-\022r\263wm\024vF0D\002 9]i\321\264u\263Q\031\315pe\366%\336/\034\017\351\257\323\254\005\375\270X\263kR\036\300X\002 6\206wp\367\212\243\272*uX\036\263\014\013\235lv:\304B\323'\374\364l.\265\217\253K\367""; "
1750587299456,1750587299456,0,1,0,2,TMValidation,"validation: """"\200\000\000\001&\000\000\000\014)/\352\224#:?HT\314/\177\320^Q\304J\342j\272\270\274\360\307\356\347\200Ywm#\014\233\301\022L\232T\033N\341\232\325\233\227\313\307P\027\000\000\000\000\000\000\000\000\000\000\000\000\000\000\000\000\000\000\000\000\000\000\000\000\000\000\000\000\000\000\000\000P\031L\324\236aQ\361\020X\372\353 3\347\310*\253\021gT!>\003\325\254,\003\367\204\031\331\255\240s!\003\343\005\311u\203\370\0338\3174\324\010\006\301\251\177\261\304eOX\262)FA-\022r\263wm\024vF0D\002 9]i\321\264u\263Q\031\315pe\366%\336/\034\017\351\257\323\254\005\375\270X\263kR\036\300X\002 6\206wp\367\212\243\272*uX\036\263\014\013\235lv:\304B\323'\374\364l.\265\217\253K\367""; ","validation: """"\200\000\000\001&\000\000\000\014)/\352\224#:?HT\314/\177\320^Q\304J\342j\272\270\274\360\307\356\347\200Ywm#\014\233\301\022L\232T\033N\341\232\325\233\227\313\307P\027\000\000\000\000\000\000\000\000\000\000\000\000\000\000\000\000\000\000\000\000\000\000\000\000\000\000\000\000\000\000\000\000P\031L\324\236aQ\361\020X\372\353 3\347\310*\253\021gT!>\003\325\254,\003\367\204\031\331\255\240s!\003\343\005\311u\203\370\0338\3174\324\010\006\301\251\177\261\304eOX\262)FA-\022r\263wm\024vF0D\002 9]i\321\264u\263Q\031\315pe\366%\336/\034\017\351\257\323\254\005\375\270X\263kR\036\300X\002 6\206wp\367\212\243\272*uX\036\263\014\013\235lv:\304B\323'\374\364l.\265\217\253K\367""; "
1750587299458,1750587299458,0,1,0,2,TMGetLedger,"itype: liBASE; ledgerHash: ""\304J\342j\272\270\274\360\307\356\347\200Ywm#\014\233\301\022L\232T\033N\341\232\325\233\227\313\307""; ","itype: liBASE; ledgerHash: ""\304J\342j\272\270\274\360\307\356\347\200Ywm#\014\233\301\022L\232T\033N\341\232\325\233\227\313\307""; "
1750587299457,1750587299457,0,1,0,4,TMGetLedger,"itype: liBASE; ledgerHash: ""\304J\342j\272\270\274\360\307\356\347\200Ywm#\014\233\301\022L\232T\033N\341\232\325\233\227\313\307""; ","itype: liBASE; ledgerHash: ""\304J\342j\272\270\274\360\307\356\347\200Ywm#\014\233\301\022L\232T\033N\341\232\325\233\227\313\307""; "
1750587299457,1750587299458,0,1,0,3,TMValidation,"validation: """"\200\000\000\001&\000\000\000\014)/\352\224#:?HT\314/\177\320^Q\304J\342j\272\270\274\360\307\356\347\200Ywm#\014\233\301\022L\232T\033N\341\232\325\233\227\313\307P\027\000\000\000\000\000\000\000\000\000\000\000\000\000\000\000\000\000\000\000\000\000\000\000\000\000\000\000\000\000\000\000\000P\031L\324\236aQ\361\020X\372\353 3\347\310*\253\021gT!>\003\325\254,\003\367\204\031\331\255\240s!\003\343\005\311u\203\370\0338\3174\324\010\006\301\251\177\261\304eOX\262)FA-\022r\263wm\024vF0D\002 9]i\321\264u\263Q\031\315pe\366%\336/\034\017\351\257\323\254\005\375\270X\263kR\036\300X\002 6\206wp\367\212\243\272*uX\036\263\014\013\235lv:\304B\323'\374\364l.\265\217\253K\367""; ","validation: """"\200\000\000\001&\000\000\000\014)/\352\224#:?HT\314/\177\320^Q\304J\342j\272\270\274\360\307\356\347\200Ywm#\014\233\301\022L\232T\033N\341\232\325\233\227\313\307P\027\000\000\000\000\000\000\000\000\000\000\000\000\000\000\000\000\000\000\000\000\000\000\000\000\000\000\000\000\000\000\000\000P\031L\324\236aQ\361\020X\372\353 3\347\310*\253\021gT!>\003\325\254,\003\367\204\031\331\255\240s!\003\343\005\311u\203\370\0338\3174\324\010\006\301\251\177\261\304eOX\262)FA-\022r\263wm\024vF0D\002 9]i\321\264u\263Q\031\315pe\366%\336/\034\017\351\257\323\254\005\375\270X\263kR\036\300X\002 6\206wp\367\212\243\272*uX\036\263\014\013\235lv:\304B\323'\374\364l.\265\217\253K\367""; "
1750587299457,1750587299457,0,1,0,1,TMGetLedger,"itype: liBASE; ledgerHash: ""\304J\342j\272\270\274\360\307\356\347\200Ywm#\014\233\301\022L\232T\033N\341\232\325\233\227\313\307""; ","itype: liBASE; ledgerHash: ""\304J\342j\272\270\274\360\307\356\347\200Ywm#\014\233\301\022L\232T\033N\341\232\325\233\227\313\307""; "
1750587299459,1750587299459,0,1,0,2,TMGetLedger,"itype: liBASE; ledgerHash: ""\304J\342j\272\270\274\360\307\356\347\200Ywm#\014\233\301\022L\232T\033N\341\232\325\233\227\313\307""; queryType: qtINDIRECT; ","itype: liBASE; ledgerHash: ""\304J\342j\272\270\274\360\307\356\347\200Ywm#\014\233\301\022L\232T\033N\341\232\325\233\227\313\307""; queryType: qtINDIRECT; "
1750587299459,1750587299459,0,1,0,4,TMGetLedger,"itype: liBASE; ledgerHash: ""\304J\342j\272\270\274\360\307\356\347\200Ywm#\014\233\301\022L\232T\033N\341\232\325\233\227\313\307""; queryType: qtINDIRECT; ","itype: liBASE; ledgerHash: ""\304J\342j\272\270\274\360\307\356\347\200Ywm#\014\233\301\022L\232T\033N\341\232\325\233\227\313\307""; queryType: qtINDIRECT; "
1750587299459,1750587299460,0,1,0,3,TMGetLedger,"itype: liBASE; ledgerHash: ""\304J\342j\272\270\274\360\307\356\347\200Ywm#\014\233\301\022L\232T\033N\341\232\325\233\227\313\307""; ","itype: liBASE; ledgerHash: ""\304J\342j\272\270\274\360\307\356\347\200Ywm#\014\233\301\022L\232T\033N\341\232\325\233\227\313\307""; "
1750587299474,1750587299474,0,1,0,1,TMGetLedger,"itype: liBASE; ledgerHash: ""\304J\342j\272\270\274\360\307\356\347\200Ywm#\014\233\301\022L\232T\033N\341\232\325\233\227\313\307""; queryType: qtINDIRECT; ","itype: liBASE; ledgerHash: ""\304J\342j\272\270\274\360\307\356\347\200Ywm#\014\233\301\022L\232T\033N\341\232\325\233\227\313\307""; queryType: qtINDIRECT; "
1750587299474,1750587299474,0,1,0,3,TMGetLedger,"itype: liBASE; ledgerHash: ""\304J\342j\272\270\274\360\307\356\347\200Ywm#\014\233\301\022L\232T\033N\341\232\325\233\227\313\307""; queryType: qtINDIRECT; ","itype: liBASE; ledgerHash: ""\304J\342j\272\270\274\360\307\356\347\200Ywm#\014\233\301\022L\232T\033N\341\232\325\233\227\313\307""; queryType: qtINDIRECT; "
1750587299475,1750587299476,0,1,4,3,TMGetLedger,"itype: liBASE; ledgerHash: ""\304J\342j\272\270\274\360\307\356\347\200Ywm#\014\233\301\022L\232T\033N\341\232\325\233\227\313\307""; ","itype: liBASE; ledgerHash: ""\304J\342j\272\270\274\360\307\356\347\200Ywm#\014\233\301\022L\232T\033N\341\232\325\233\227\313\307""; "
1750587299476,1750587299476,0,1,4,2,TMValidation,"validation: """"\200\000\000\001&\000\000\000\014)/\352\224#:?HT\314/\177\320^Q\304J\342j\272\270\274\360\307\356\347\200Ywm#\014\233\301\022L\232T\033N\341\232\325\233\227\313\307P\027\000\000\000\000\000\000\000\000\000\000\000\000\000\000\000\000\000\000\000\000\000\000\000\000\000\000\000\000\000\000\000\000P\031L\324\236aQ\361\020X\372\353 3\347\310*\253\021gT!>\003\325\254,\003\367\204\031\331\255\240s!\003\343\005\311u\203\370\0338\3174\324\010\006\301\251\177\261\304eOX\262)FA-\022r\263wm\024vF0D\002 9]i\321\264u\263Q\031\315pe\366%\336/\034\017\351\257\323\254\005\375\270X\263kR\036\300X\002 6\206wp\367\212\243\272*uX\036\263\014\013\235lv:\304B\323'\374\364l.\265\217\253K\367""; ","validation: """"\200\000\000\001&\000\000\000\014)/\352\224#:?HT\314/\177\320^Q\304J\342j\272\270\274\360\307\356\347\200Ywm#\014\233\301\022L\232T\033N\341\232\325\233\227\313\307P\027\000\000\000\000\000\000\000\000\000\000\000\000\000\000\000\000\000\000\000\000\000\000\000\000\000\000\000\000\000\000\000\000P\031L\324\236aQ\361\020X\372\353 3\347\310*\253\021gT!>\003\325\254,\003\367\204\031\331\255\240s!\003\343\005\311u\203\370\0338\3174\324\010\006\301\251\177\261\304eOX\262)FA-\022r\263wm\024vF0D\002 9]i\321\264u\263Q\031\315pe\366%\336/\034\017\351\257\323\254\005\375\270X\263kR\036\300X\002 6\206wp\367\212\243\272*uX\036\263\014\013\235lv:\304B\323'\374\364l.\265\217\253K\367""; "
1750587299476,1750587299476,0,1,4,3,TMValidation,"validation: """"\200\000\000\001&\000\000\000\014)/\352\224#:?HT\314/\177\320^Q\304J\342j\272\270\274\360\307\356\347\200Ywm#\014\233\301\022L\232T\033N\341\232\325\233\227\313\307P\027\000\000\000\000\000\000\000\000\000\000\000\000\000\000\000\000\000\000\000\000\000\000\000\000\000\000\000\000\000\000\000\000P\031L\324\236aQ\361\020X\372\353 3\347\310*\253\021gT!>\003\325\254,\003\367\204\031\331\255\240s!\003\343\005\311u\203\370\0338\3174\324\010\006\301\251\177\261\304eOX\262)FA-\022r\263wm\024vF0D\002 9]i\321\264u\263Q\031\315pe\366%\336/\034\017\351\257\323\254\005\375\270X\263kR\036\300X\002 6\206wp\367\212\243\272*uX\036\263\014\013\235lv:\304B\323'\374\364l.\265\217\253K\367""; ","validation: """"\200\000\000\001&\000\000\000\014)/\352\224#:?HT\314/\177\320^Q\304J\342j\272\270\274\360\307\356\347\200Ywm#\014\233\301\022L\232T\033N\341\232\325\233\227\313\307P\027\000\000\000\000\000\000\000\000\000\000\000\000\000\000\000\000\000\000\000\000\000\000\000\000\000\000\000\000\000\000\000\000P\031L\324\236aQ\361\020X\372\353 3\347\310*\253\021gT!>\003\325\254,\003\367\204\031\331\255\240s!\003\343\005\311u\203\370\0338\3174\324\010\006\301\251\177\261\304eOX\262)FA-\022r\263wm\024vF0D\002 9]i\321\264u\263Q\031\315pe\366%\336/\034\017\351\257\323\254\005\375\270X\263kR\036\300X\002 6\206wp\367\212\243\272*uX\036\263\014\013\235lv:\304B\323'\374\364l.\265\217\253K\367""; "
1750587299479,1750587299479,0,1,4,1,TMValidation,"validation: """"\200\000\000\001&\000\000\000\014)/\352\224#:?HT\314/\177\320^Q\304J\342j\272\270\274\360\307\356\347\200Ywm#\014\233\301\022L\232T\033N\341\232\325\233\227\313\307P\027\000\000\000\000\000\000\000\000\000\000\000\000\000\000\000\000\000\000\000\000\000\000\000\000\000\000\000\000\000\000\000\000P\031L\324\236aQ\361\020X\372\353 3\347\310*\253\021gT!>\003\325\254,\003\367\204\031\331\255\240s!\003\343\005\311u\203\370\0338\3174\324\010\006\301\251\177\261\304eOX\262)FA-\022r\263wm\024vF0D\002 9]i\321\264u\263Q\031\315pe\366%\336/\034\017\351\257\323\254\005\375\270X\263kR\036\300X\002 6\206wp\367\212\243\272*uX\036\263\014\013\235lv:\304B\323'\374\364l.\265\217\253K\367""; ","validation: """"\200\000\000\001&\000\000\000\014)/\352\224#:?HT\314/\177\320^Q\304J\342j\272\270\274\360\307\356\347\200Ywm#\014\233\301\022L\232T\033N\341\232\325\233\227\313\307P\027\000\000\000\000\000\000\000\000\000\000\000\000\000\000\000\000\000\000\000\000\000\000\000\000\000\000\000\000\000\000\000\000P\031L\324\236aQ\361\020X\372\353 3\347\310*\253\021gT!>\003\325\254,\003\367\204\031\331\255\240s!\003\343\005\311u\203\370\0338\3174\324\010\006\301\251\177\261\304eOX\262)FA-\022r\263wm\024vF0D\002 9]i\321\264u\263Q\031\315pe\366%\336/\034\017\351\257\323\254\005\375\270X\263kR\036\300X\002 6\206wp\367\212\243\272*uX\036\263\014\013\235lv:\304B\323'\374\364l.\265\217\253K\367""; "
1750587299482,1750587299482,0,1,4,1,TMGetLedger,"itype: liBASE; ledgerHash: ""\304J\342j\272\270\274\360\307\356\347\200Ywm#\014\233\301\022L\232T\033N\341\232\325\233\227\313\307""; ","itype: liBASE; ledgerHash: ""\304J\342j\272\270\274\360\307\356\347\200Ywm#\014\233\301\022L\232T\033N\341\232\325\233\227\313\307""; "
1750587299483,1750587299483,0,1,4,0,TMGetLedger,"itype: liBASE; ledgerHash: ""\304J\342j\272\270\274\360\307\356\347\200Ywm#\014\233\301\022L\232T\033N\341\232\325\233\227\313\307""; ","itype: liBASE; ledgerHash: ""\304J\342j\272\270\274\360\307\356\347\200Ywm#\014\233\301\022L\232T\033N\341\232\325\233\227\313\307""; "
1750587299484,1750587299484,0,1,4,2,TMGetLedger,"itype: liBASE; ledgerHash: ""\304J\342j\272\270\274\360\307\356\347\200Ywm#\014\233\301\022L\232T\033N\341\232\325\233\227\313\307""; ","itype: liBASE; ledgerHash: ""\304J\342j\272\270\274\360\307\356\347\200Ywm#\014\233\301\022L\232T\033N\341\232\325\233\227\313\307""; "
1750587299485,1750587299486,0,1,4,0,TMGetLedger,"itype: liBASE; ledgerHash: ""\304J\342j\272\270\274\360\307\356\347\200Ywm#\014\233\301\022L\232T\033N\341\232\325\233\227\313\307""; queryType: qtINDIRECT; ","itype: liBASE; ledgerHash: ""\304J\342j\272\270\274\360\307\356\347\200Ywm#\014\233\301\022L\232T\033N\341\232\325\233\227\313\307""; queryType: qtINDIRECT; "
1750587299486,1750587299486,0,1,4,1,TMGetLedger,"itype: liBASE; ledgerHash: ""\304J\342j\272\270\274\360\307\356\347\200Ywm#\014\233\301\022L\232T\033N\341\232\325\233\227\313\307""; queryType: qtINDIRECT; ","itype: liBASE; ledgerHash: ""\304J\342j\272\270\274\360\307\356\347\200Ywm#\014\233\301\022L\232T\033N\341\232\325\233\227\313\307""; queryType: qtINDIRECT; "
1750587299487,1750587299487,0,1,4,2,TMGetLedger,"itype: liBASE; ledgerHash: ""\304J\342j\272\270\274\360\307\356\347\200Ywm#\014\233\301\022L\232T\033N\341\232\325\233\227\313\307""; queryType: qtINDIRECT; ","itype: liBASE; ledgerHash: ""\304J\342j\272\270\274\360\307\356\347\200Ywm#\014\233\301\022L\232T\033N\341\232\325\233\227\313\307""; queryType: qtINDIRECT; "
1750587299487,1750587299487,0,1,4,3,TMGetLedger,"itype: liBASE; ledgerHash: ""\304J\342j\272\270\274\360\307\356\347\200Ywm#\014\233\301\022L\232T\033N\341\232\325\233\227\313\307""; queryType: qtINDIRECT; ","itype: liBASE; ledgerHash: ""\304J\342j\272\270\274\360\307\356\347\200Ywm#\014\233\301\022L\232T\033N\341\232\325\233\227\313\307""; queryType: qtINDIRECT; "
1750587299488,1750587299488,0,1,2,3,TMValidation,"validation: """"\200\000\000\001&\000\000\000\014)/\352\224#:?HT\314/\177\320^Q\304J\342j\272\270\274\360\307\356\347\200Ywm#\014\233\301\022L\232T\033N\341\232\325\233\227\313\307P\027\000\000\000\000\000\000\000\000\000\000\000\000\000\000\000\000\000\000\000\000\000\000\000\000\000\000\000\000\000\000\000\000P\031L\324\236aQ\361\020X\372\353 3\347\310*\253\021gT!>\003\325\254,\003\367\204\031\331\255\240s!\003\343\005\311u\203\370\0338\3174\324\010\006\301\251\177\261\304eOX\262)FA-\022r\263wm\024vF0D\002 9]i\321\264u\263Q\031\315pe\366%\336/\034\017\351\257\323\254\005\375\270X\263kR\036\300X\002 6\206wp\367\212\243\272*uX\036\263\014\013\235lv:\304B\323'\374\364l.\265\217\253K\367""; ","validation: """"\200\000\000\001&\000\000\000\014)/\352\224#:?HT\314/\177\320^Q\304J\342j\272\270\274\360\307\356\347\200Ywm#\014\233\301\022L\232T\033N\341\232\325\233\227\313\307P\027\000\000\000\000\000\000\000\000\000\000\000\000\000\000\000\000\000\000\000\000\000\000\000\000\000\000\000\000\000\000\000\000P\031L\324\236aQ\361\020X\372\353 3\347\310*\253\021gT!>\003\325\254,\003\367\204\031\331\255\240s!\003\343\005\311u\203\370\0338\3174\324\010\006\301\251\177\261\304eOX\262)FA-\022r\263wm\024vF0D\002 9]i\321\264u\263Q\031\315pe\366%\336/\034\017\351\257\323\254\005\375\270X\263kR\036\300X\002 6\206wp\367\212\243\272*uX\036\263\014\013\235lv:\304B\323'\374\364l.\265\217\253K\367""; "
1750587299489,1750587299489,0,1,2,4,TMValidation,"validation: """"\200\000\000\001&\000\000\000\014)/\352\224#:?HT\314/\177\320^Q\304J\342j\272\270\274\360\307\356\347\200Ywm#\014\233\301\022L\232T\033N\341\232\325\233\227\313\307P\027\000\000\000\000\000\000\000\000\000\000\000\000\000\000\000\000\000\000\000\000\000\000\000\000\000\000\000\000\000\000\000\000P\031L\324\236aQ\361\020X\372\353 3\347\310*\253\021gT!>\003\325\254,\003\367\204\031\331\255\240s!\003\343\005\311u\203\370\0338\3174\324\010\006\301\251\177\261\304eOX\262)FA-\022r\263wm\024vF0D\002 9]i\321\264u\263Q\031\315pe\366%\336/\034\017\351\257\323\254\005\375\270X\263kR\036\300X\002 6\206wp\367\212\243\272*uX\036\263\014\013\235lv:\304B\323'\374\364l.\265\217\253K\367""; ","validation: """"\200\000\000\001&\000\000\000\014)/\352\224#:?HT\314/\177\320^Q\304J\342j\272\270\274\360\307\356\347\200Ywm#\014\233\301\022L\232T\033N\341\232\325\233\227\313\307P\027\000\000\000\000\000\000\000\000\000\000\000\000\000\000\000\000\000\000\000\000\000\000\000\000\000\000\000\000\000\000\000\000P\031L\324\236aQ\361\020X\372\353 3\347\310*\253\021gT!>\003\325\254,\003\367\204\031\331\255\240s!\003\343\005\311u\203\370\0338\3174\324\010\006\301\251\177\261\304eOX\262)FA-\022r\263wm\024vF0D\002 9]i\321\264u\263Q\031\315pe\366%\336/\034\017\351\257\323\254\005\375\270X\263kR\036\300X\002 6\206wp\367\212\243\272*uX\036\263\014\013\235lv:\304B\323'\374\364l.\265\217\253K\367""; "
1750587299490,1750587299490,0,1,2,1,TMValidation,"validation: """"\200\000\000\001&\000\000\000\014)/\352\224#:?HT\314/\177\320^Q\304J\342j\272\270\274\360\307\356\347\200Ywm#\014\233\301\022L\232T\033N\341\232\325\233\227\313\307P\027\000\000\000\000\000\000\000\000\000\000\000\000\000\000\000\000\000\000\000\000\000\000\000\000\000\000\000\000\000\000\000\000P\031L\324\236aQ\361\020X\372\353 3\347\310*\253\021gT!>\003\325\254,\003\367\204\031\331\255\240s!\003\343\005\311u\203\370\0338\3174\324\010\006\301\251\177\261\304eOX\262)FA-\022r\263wm\024vF0D\002 9]i\321\264u\263Q\031\315pe\366%\336/\034\017\351\257\323\254\005\375\270X\263kR\036\300X\002 6\206wp\367\212\243\272*uX\036\263\014\013\235lv:\304B\323'\374\364l.\265\217\253K\367""; ","validation: """"\200\000\000\001&\000\000\000\014)/\352\224#:?HT\314/\177\320^Q\304J\342j\272\270\274\360\307\356\347\200Ywm#\014\233\301\022L\232T\033N\341\232\325\233\227\313\307P\027\000\000\000\000\000\000\000\000\000\000\000\000\000\000\000\000\000\000\000\000\000\000\000\000\000\000\000\000\000\000\000\000P\031L\324\236aQ\361\020X\372\353 3\347\310*\253\021gT!>\003\325\254,\003\367\204\031\331\255\240s!\003\343\005\311u\203\370\0338\3174\324\010\006\301\251\177\261\304eOX\262)FA-\022r\263wm\024vF0D\002 9]i\321\264u\263Q\031\315pe\366%\336/\034\017\351\257\323\254\005\375\270X\263kR\036\300X\002 6\206wp\367\212\243\272*uX\036\263\014\013\235lv:\304B\323'\374\364l.\265\217\253K\367""; "
1750587299490,1750587299490,0,1,2,0,TMGetLedger,"itype: liBASE; ledgerHash: ""\304J\342j\272\270\274\360\307\356\347\200Ywm#\014\233\301\022L\232T\033N\341\232\325\233\227\313\307""; ","itype: liBASE; ledgerHash: ""\304J\342j\272\270\274\360\307\356\347\200Ywm#\014\233\301\022L\232T\033N\341\232\325\233\227\313\307""; "
1750587299491,1750587299491,0,1,2,0,TMGetLedger,"itype: liBASE; ledgerHash: ""\304J\342j\272\270\274\360\307\356\347\200Ywm#\014\233\301\022L\232T\033N\341\232\325\233\227\313\307""; queryType: qtINDIRECT; ","itype: liBASE; ledgerHash: ""\304J\342j\272\270\274\360\307\356\347\200Ywm#\014\233\301\022L\232T\033N\341\232\325\233\227\313\307""; queryType: qtINDIRECT; "
1750587299492,1750587299492,0,1,3,4,TMValidation,"validation: """"\200\000\000\001&\000\000\000\014)/\352\224#:?HT\314/\177\320^Q\304J\342j\272\270\274\360\307\356\347\200Ywm#\014\233\301\022L\232T\033N\341\232\325\233\227\313\307P\027\000\000\000\000\000\000\000\000\000\000\000\000\000\000\000\000\000\000\000\000\000\000\000\000\000\000\000\000\000\000\000\000P\031L\324\236aQ\361\020X\372\353 3\347\310*\253\021gT!>\003\325\254,\003\367\204\031\331\255\240s!\003\343\005\311u\203\370\0338\3174\324\010\006\301\251\177\261\304eOX\262)FA-\022r\263wm\024vF0D\002 9]i\321\264u\263Q\031\315pe\366%\336/\034\017\351\257\323\254\005\375\270X\263kR\036\300X\002 6\206wp\367\212\243\272*uX\036\263\014\013\235lv:\304B\323'\374\364l.\265\217\253K\367""; ","validation: """"\200\000\000\001&\000\000\000\014)/\352\224#:?HT\314/\177\320^Q\304J\342j\272\270\274\360\307\356\347\200Ywm#\014\233\301\022L\232T\033N\341\232\325\233\227\313\307P\027\000\000\000\000\000\000\000\000\000\000\000\000\000\000\000\000\000\000\000\000\000\000\000\000\000\000\000\000\000\000\000\000P\031L\324\236aQ\361\020X\372\353 3\347\310*\253\021gT!>\003\325\254,\003\367\204\031\331\255\240s!\003\343\005\311u\203\370\0338\3174\324\010\006\301\251\177\261\304eOX\262)FA-\022r\263wm\024vF0D\002 9]i\321\264u\263Q\031\315pe\366%\336/\034\017\351\257\323\254\005\375\270X\263kR\036\300X\002 6\206wp\367\212\243\272*uX\036\263\014\013\235lv:\304B\323'\374\364l.\265\217\253K\367""; "
1750587299492,1750587299492,0,1,3,2,TMValidation,"validation: """"\200\000\000\001&\000\000\000\014)/\352\224#:?HT\314/\177\320^Q\304J\342j\272\270\274\360\307\356\347\200Ywm#\014\233\301\022L\232T\033N\341\232\325\233\227\313\307P\027\000\000\000\000\000\000\000\000\000\000\000\000\000\000\000\000\000\000\000\000\000\000\000\000\000\000\000\000\000\000\000\000P\031L\324\236aQ\361\020X\372\353 3\347\310*\253\021gT!>\003\325\254,\003\367\204\031\331\255\240s!\003\343\005\311u\203\370\0338\3174\324\010\006\301\251\177\261\304eOX\262)FA-\022r\263wm\024vF0D\002 9]i\321\264u\263Q\031\315pe\366%\336/\034\017\351\257\323\254\005\375\270X\263kR\036\300X\002 6\206wp\367\212\243\272*uX\036\263\014\013\235lv:\304B\323'\374\364l.\265\217\253K\367""; ","validation: """"\200\000\000\001&\000\000\000\014)/\352\224#:?HT\314/\177\320^Q\304J\342j\272\270\274\360\307\356\347\200Ywm#\014\233\301\022L\232T\033N\341\232\325\233\227\313\307P\027\000\000\000\000\000\000\000\000\000\000\000\000\000\000\000\000\000\000\000\000\000\000\000\000\000\000\000\000\000\000\000\000P\031L\324\236aQ\361\020X\372\353 3\347\310*\253\021gT!>\003\325\254,\003\367\204\031\331\255\240s!\003\343\005\311u\203\370\0338\3174\324\010\006\301\251\177\261\304eOX\262)FA-\022r\263wm\024vF0D\002 9]i\321\264u\263Q\031\315pe\366%\336/\034\017\351\257\323\254\005\375\270X\263kR\036\300X\002 6\206wp\367\212\243\272*uX\036\263\014\013\235lv:\304B\323'\374\364l.\265\217\253K\367""; "
1750587299493,1750587299493,0,1,3,1,TMValidation,"validation: """"\200\000\000\001&\000\000\000\014)/\352\224#:?HT\314/\177\320^Q\304J\342j\272\270\274\360\307\356\347\200Ywm#\014\233\301\022L\232T\033N\341\232\325\233\227\313\307P\027\000\000\000\000\000\000\000\000\000\000\000\000\000\000\000\000\000\000\000\000\000\000\000\000\000\000\000\000\000\000\000\000P\031L\324\236aQ\361\020X\372\353 3\347\310*\253\021gT!>\003\325\254,\003\367\204\031\331\255\240s!\003\343\005\311u\203\370\0338\3174\324\010\006\301\251\177\261\304eOX\262)FA-\022r\263wm\024vF0D\002 9]i\321\264u\263Q\031\315pe\366%\336/\034\017\351\257\323\254\005\375\270X\263kR\036\300X\002 6\206wp\367\212\243\272*uX\036\263\014\013\235lv:\304B\323'\374\364l.\265\217\253K\367""; ","validation: """"\200\000\000\001&\000\000\000\014)/\352\224#:?HT\314/\177\320^Q\304J\342j\272\270\274\360\307\356\347\200Ywm#\014\233\301\022L\232T\033N\341\232\325\233\227\313\307P\027\000\000\000\000\000\000\000\000\000\000\000\000\000\000\000\000\000\000\000\000\000\000\000\000\000\000\000\000\000\000\000\000P\031L\324\236aQ\361\020X\372\353 3\347\310*\253\021gT!>\003\325\254,\003\367\204\031\331\255\240s!\003\343\005\311u\203\370\0338\3174\324\010\006\301\251\177\261\304eOX\262)FA-\022r\263wm\024vF0D\002 9]i\321\264u\263Q\031\315pe\366%\336/\034\017\351\257\323\254\005\375\270X\263kR\036\300X\002 6\206wp\367\212\243\272*uX\036\263\014\013\235lv:\304B\323'\374\364l.\265\217\253K\367""; "
1750587299493,1750587299494,0,1,3,0,TMGetLedger,"itype: liBASE; ledgerHash: ""\304J\342j\272\270\274\360\307\356\347\200Ywm#\014\233\301\022L\232T\033N\341\232\325\233\227\313\307""; ","itype: liBASE; ledgerHash: ""\304J\342j\272\270\274\360\307\356\347\200Ywm#\014\233\301\022L\232T\033N\341\232\325\233\227\313\307""; "
1750587299494,1750587299494,0,1,3,0,TMGetLedger,"itype: liBASE; ledgerHash: ""\304J\342j\272\270\274\360\307\356\347\200Ywm#\014\233\301\022L\232T\033N\341\232\325\233\227\313\307""; queryType: qtINDIRECT; ","itype: liBASE; ledgerHash: ""\304J\342j\272\270\274\360\307\356\347\200Ywm#\014\233\301\022L\232T\033N\341\232\325\233\227\313\307""; queryType: qtINDIRECT; "
1750587299495,1750587299495,0,1,1,0,TMLedgerData,"ledgerHash: ""\304J\342j\272\270\274\360\307\356\347\200Ywm#\014\233\301\022L\232T\033N\341\232\325\233\227\313\307""; ledgerSeq: 12; type: liBASE; nodes {;   nodedata: ""\000\000\000\014\001cEx]\211\377\330L\324\236aQ\361\020X\372\353 3\347\310*\253\021gT!>\003\325\254,\003\367\204\031\331\255\240\000\000\000\000\000\000\000\000\000\000\000\000\000\000\000\000\000\000\000\000\000\000\000\000\000\000\000\000\000\000\000\000\256\206QI\207\004r\374\341\000\272\376T\336\260\343\242\325\343\320\317+~\304q8}\017r;#0/\352\224$/\352\224%\n\000""; }; nodes {;   nodedata: ""h\315\350\215y\203\242]\371\235\232Pt&\325\210eZ\346\237XZ \277\2457n\221\336\253\245\317\002\304\206+8\t]\351\316\373|\311\263V\300\023\035\211\237\260\300\r\033u3a1\203\303\365\307k\347\006E\344\037@\210\363\010\336T\226\247'\204_{\261\370""1\235\2445\343\033Y!\212\201\341\272\225'\007*$\244&\336\343'\233i\332\374\245 {^\306-N\333\gE\006\347\212\331C\211Z\177\247\031\ns1\010U\3656\264\301i\220f\030Nf\360\251\273M2\277\277\236\025\262\2027\021\002\317\265\346\022\013\202_n)6q\357\2538_-\302\252B\204v\277\254\373\3322Ca\020\243\0105\263\257\367\032\254\016\003""; }; ","ledgerHash: ""\304J\342j\272\270\274\360\307\356\347\200Ywm#\014\233\301\022L\232T\033N\341\232\325\233\227\313\307""; ledgerSeq: 12; type: liBASE; nodes {;   nodedata: ""\000\000\000\014\001cEx]\211\377\330L\324\236aQ\361\020X\372\353 3\347\310*\253\021gT!>\003\325\254,\003\367\204\031\331\255\240\000\000\000\000\000\000\000\000\000\000\000\000\000\000\000\000\000\000\000\000\000\000\000\000\000\000\000\000\000\000\000\000\256\206QI\207\004r\374\341\000\272\376T\336\260\343\242\325\343\320\317+~\304q8}\017r;#0/\352\224$/\352\224%\n\000""; }; nodes {;   nodedata: ""h\315\350\215y\203\242]\371\235\232Pt&\325\210eZ\346\237XZ \277\2457n\221\336\253\245\317\002\304\206+8\t]\351\316\373|\311\263V\300\023\035\211\237\260\300\r\033u3a1\203\303\365\307k\347\006E\344\037@\210\363\010\336T\226\247'\204_{\261\370""1\235\2445\343\033Y!\212\201\341\272\225'\007*$\244&\336\343'\233i\332\374\245 {^\306-N\333\gE\006\347\212\331C\211Z\177\247\031\ns1\010U\3656\264\301i\220f\030Nf\360\251\273M2\277\277\236\025\262\2027\021\002\317\265\346\022\013\202_n)6q\357\2538_-\302\252B\204v\277\254\373\3322Ca\020\243\0105\263\257\367\032\254\016\003""; }; "
1750587299496,1750587299496,0,1,4,1,TMGetLedger,"itype: liBASE; ledgerHash: ""\304J\342j\272\270\274\360\307\356\347\200Ywm#\014\233\301\022L\232T\033N\341\232\325\233\227\313\307""; requestCookie: 1; queryType: qtINDIRECT; ","itype: liBASE; ledgerHash: ""\304J\342j\272\270\274\360\307\356\347\200Ywm#\014\233\301\022L\232T\033N\341\232\325\233\227\313\307""; requestCookie: 1; queryType: qtINDIRECT; "
1750587299496,1750587299496,0,1,3,4,TMGetLedger,"itype: liBASE; ledgerHash: ""\304J\342j\272\270\274\360\307\356\347\200Ywm#\014\233\301\022L\232T\033N\341\232\325\233\227\313\307""; queryType: qtINDIRECT; ","itype: liBASE; ledgerHash: ""\304J\342j\272\270\274\360\307\356\347\200Ywm#\014\233\301\022L\232T\033N\341\232\325\233\227\313\307""; queryType: qtINDIRECT; "
1750587299497,1750587299497,0,1,1,0,TMLedgerData,"ledgerHash: ""\304J\342j\272\270\274\360\307\356\347\200Ywm#\014\233\301\022L\232T\033N\341\232\325\233\227\313\307""; ledgerSeq: 12; type: liBASE; nodes {;   nodedata: ""\000\000\000\014\001cEx]\211\377\330L\324\236aQ\361\020X\372\353 3\347\310*\253\021gT!>\003\325\254,\003\367\204\031\331\255\240\000\000\000\000\000\000\000\000\000\000\000\000\000\000\000\000\000\000\000\000\000\000\000\000\000\000\000\000\000\000\000\000\256\206QI\207\004r\374\341\000\272\376T\336\260\343\242\325\343\320\317+~\304q8}\017r;#0/\352\224$/\352\224%\n\000""; }; nodes {;   nodedata: ""h\315\350\215y\203\242]\371\235\232Pt&\325\210eZ\346\237XZ \277\2457n\221\336\253\245\317\002\304\206+8\t]\351\316\373|\311\263V\300\023\035\211\237\260\300\r\033u3a1\203\303\365\307k\347\006E\344\037@\210\363\010\336T\226\247'\204_{\261\370""1\235\2445\343\033Y!\212\201\341\272\225'\007*$\244&\336\343'\233i\332\374\245 {^\306-N\333\gE\006\347\212\331C\211Z\177\247\031\ns1\010U\3656\264\301i\220f\030Nf\360\251\273M2\277\277\236\025\262\2027\021\002\317\265\346\022\013\202_n)6q\357\2538_-\302\252B\204v\277\254\373\3322Ca\020\243\0105\263\257\367\032\254\016\003""; }; ","ledgerHash: ""\304J\342j\272\270\274\360\307\356\347\200Ywm#\014\233\301\022L\232T\033N\341\232\325\233\227\313\307""; ledgerSeq: 12; type: liBASE; nodes {;   nodedata: ""\000\000\000\014\001cEx]\211\377\330L\324\236aQ\361\020X\372\353 3\347\310*\253\021gT!>\003\325\254,\003\367\204\031\331\255\240\000\000\000\000\000\000\000\000\000\000\000\000\000\000\000\000\000\000\000\000\000\000\000\000\000\000\000\000\000\000\000\000\256\206QI\207\004r\374\341\000\272\376T\336\260\343\242\325\343\320\317+~\304q8}\017r;#0/\352\224$/\352\224%\n\000""; }; nodes {;   nodedata: ""h\315\350\215y\203\242]\371\235\232Pt&\325\210eZ\346\237XZ \277\2457n\221\336\253\245\317\002\304\206+8\t]\351\316\373|\311\263V\300\023\035\211\237\260\300\r\033u3a1\203\303\365\307k\347\006E\344\037@\210\363\010\336T\226\247'\204_{\261\370""1\235\2445\343\033Y!\212\201\341\272\225'\007*$\244&\336\343'\233i\332\374\245 {^\306-N\333\gE\006\347\212\331C\211Z\177\247\031\ns1\010U\3656\264\301i\220f\030Nf\360\251\273M2\277\277\236\025\262\2027\021\002\317\265\346\022\013\202_n)6q\357\2538_-\302\252B\204v\277\254\373\3322Ca\020\243\0105\263\257\367\032\254\016\003""; }; "
1750587299498,1750587299498,0,1,3,4,TMGetLedger,"itype: liBASE; ledgerHash: ""\304J\342j\272\270\274\360\307\356\347\200Ywm#\014\233\301\022L\232T\033N\341\232\325\233\227\313\307""; ","itype: liBASE; ledgerHash: ""\304J\342j\272\270\274\360\307\356\347\200Ywm#\014\233\301\022L\232T\033N\341\232\325\233\227\313\307""; "
1750587299498,1750587299498,0,1,2,4,TMGetLedger,"itype: liBASE; ledgerHash: ""\304J\342j\272\270\274\360\307\356\347\200Ywm#\014\233\301\022L\232T\033N\341\232\325\233\227\313\307""; queryType: qtINDIRECT; ","itype: liBASE; ledgerHash: ""\304J\342j\272\270\274\360\307\356\347\200Ywm#\014\233\301\022L\232T\033N\341\232\325\233\227\313\307""; queryType: qtINDIRECT; "
1750587299499,1750587299499,0,1,2,4,TMGetLedger,"itype: liBASE; ledgerHash: ""\304J\342j\272\270\274\360\307\356\347\200Ywm#\014\233\301\022L\232T\033N\341\232\325\233\227\313\307""; ","itype: liBASE; ledgerHash: ""\304J\342j\272\270\274\360\307\356\347\200Ywm#\014\233\301\022L\232T\033N\341\232\325\233\227\313\307""; "
1750587299499,1750587299499,0,1,1,3,TMValidation,"validation: """"\200\000\000\001&\000\000\000\014)/\352\224#:?HT\314/\177\320^Q\304J\342j\272\270\274\360\307\356\347\200Ywm#\014\233\301\022L\232T\033N\341\232\325\233\227\313\307P\027\000\000\000\000\000\000\000\000\000\000\000\000\000\000\000\000\000\000\000\000\000\000\000\000\000\000\000\000\000\000\000\000P\031L\324\236aQ\361\020X\372\353 3\347\310*\253\021gT!>\003\325\254,\003\367\204\031\331\255\240s!\003\343\005\311u\203\370\0338\3174\324\010\006\301\251\177\261\304eOX\262)FA-\022r\263wm\024vF0D\002 9]i\321\264u\263Q\031\315pe\366%\336/\034\017\351\257\323\254\005\375\270X\263kR\036\300X\002 6\206wp\367\212\243\272*uX\036\263\014\013\235lv:\304B\323'\374\364l.\265\217\253K\367""; ","validation: """"\200\000\000\001&\000\000\000\014)/\352\224#:?HT\314/\177\320^Q\304J\342j\272\270\274\360\307\356\347\200Ywm#\014\233\301\022L\232T\033N\341\232\325\233\227\313\307P\027\000\000\000\000\000\000\000\000\000\000\000\000\000\000\000\000\000\000\000\000\000\000\000\000\000\000\000\000\000\000\000\000P\031L\324\236aQ\361\020X\372\353 3\347\310*\253\021gT!>\003\325\254,\003\367\204\031\331\255\240s!\003\343\005\311u\203\370\0338\3174\324\010\006\301\251\177\261\304eOX\262)FA-\022r\263wm\024vF0D\002 9]i\321\264u\263Q\031\315pe\366%\336/\034\017\351\257\323\254\005\375\270X\263kR\036\300X\002 6\206wp\367\212\243\272*uX\036\263\014\013\235lv:\304B\323'\374\364l.\265\217\253K\367""; "
1750587299500,1750587299500,0,1,1,4,TMValidation,"validation: """"\200\000\000\001&\000\000\000\014)/\352\224#:?HT\314/\177\320^Q\304J\342j\272\270\274\360\307\356\347\200Ywm#\014\233\301\022L\232T\033N\341\232\325\233\227\313\307P\027\000\000\000\000\000\000\000\000\000\000\000\000\000\000\000\000\000\000\000\000\000\000\000\000\000\000\000\000\000\000\000\000P\031L\324\236aQ\361\020X\372\353 3\347\310*\253\021gT!>\003\325\254,\003\367\204\031\331\255\240s!\003\343\005\311u\203\370\0338\3174\324\010\006\301\251\177\261\304eOX\262)FA-\022r\263wm\024vF0D\002 9]i\321\264u\263Q\031\315pe\366%\336/\034\017\351\257\323\254\005\375\270X\263kR\036\300X\002 6\206wp\367\212\243\272*uX\036\263\014\013\235lv:\304B\323'\374\364l.\265\217\253K\367""; ","validation: """"\200\000\000\001&\000\000\000\014)/\352\224#:?HT\314/\177\320^Q\304J\342j\272\270\274\360\307\356\347\200Ywm#\014\233\301\022L\232T\033N\341\232\325\233\227\313\307P\027\000\000\000\000\000\000\000\000\000\000\000\000\000\000\000\000\000\000\000\000\000\000\000\000\000\000\000\000\000\000\000\000P\031L\324\236aQ\361\020X\372\353 3\347\310*\253\021gT!>\003\325\254,\003\367\204\031\331\255\240s!\003\343\005\311u\203\370\0338\3174\324\010\006\301\251\177\261\304eOX\262)FA-\022r\263wm\024vF0D\002 9]i\321\264u\263Q\031\315pe\366%\336/\034\017\351\257\323\254\005\375\270X\263kR\036\300X\002 6\206wp\367\212\243\272*uX\036\263\014\013\235lv:\304B\323'\374\364l.\265\217\253K\367""; "
1750587299500,1750587299501,0,1,1,4,TMLedgerData,"ledgerHash: ""\304J\342j\272\270\274\360\307\356\347\200Ywm#\014\233\301\022L\232T\033N\341\232\325\233\227\313\307""; ledgerSeq: 12; type: liBASE; nodes {;   nodedata: ""\000\000\000\014\001cEx]\211\377\330L\324\236aQ\361\020X\372\353 3\347\310*\253\021gT!>\003\325\254,\003\367\204\031\331\255\240\000\000\000\000\000\000\000\000\000\000\000\000\000\000\000\000\000\000\000\000\000\000\000\000\000\000\000\000\000\000\000\000\256\206QI\207\004r\374\341\000\272\376T\336\260\343\242\325\343\320\317+~\304q8}\017r;#0/\352\224$/\352\224%\n\000""; }; nodes {;   nodedata: ""h\315\350\215y\203\242]\371\235\232Pt&\325\210eZ\346\237XZ \277\2457n\221\336\253\245\317\002\304\206+8\t]\351\316\373|\311\263V\300\023\035\211\237\260\300\r\033u3a1\203\303\365\307k\347\006E\344\037@\210\363\010\336T\226\247'\204_{\261\370""1\235\2445\343\033Y!\212\201\341\272\225'\007*$\244&\336\343'\233i\332\374\245 {^\306-N\333\gE\006\347\212\331C\211Z\177\247\031\ns1\010U\3656\264\301i\220f\030Nf\360\251\273M2\277\277\236\025\262\2027\021\002\317\265\346\022\013\202_n)6q\357\2538_-\302\252B\204v\277\254\373\3322Ca\020\243\0105\263\257\367\032\254\016\003""; }; ","ledgerHash: ""\304J\342j\272\270\274\360\307\356\347\200Ywm#\014\233\301\022L\232T\033N\341\232\325\233\227\313\307""; ledgerSeq: 12; type: liBASE; nodes {;   nodedata: ""\000\000\000\014\001cEx]\211\377\330L\324\236aQ\361\020X\372\353 3\347\310*\253\021gT!>\003\325\254,\003\367\204\031\331\255\240\000\000\000\000\000\000\000\000\000\000\000\000\000\000\000\000\000\000\000\000\000\000\000\000\000\000\000\000\000\000\000\000\256\206QI\207\004r\374\341\000\272\376T\336\260\343\242\325\343\320\317+~\304q8}\017r;#0/\352\224$/\352\224%\n\000""; }; nodes {;   nodedata: ""h\315\350\215y\203\242]\371\235\232Pt&\325\210eZ\346\237XZ \277\2457n\221\336\253\245\317\002\304\206+8\t]\351\316\373|\311\263V\300\023\035\211\237\260\300\r\033u3a1\203\303\365\307k\347\006E\344\037@\210\363\010\336T\226\247'\204_{\261\370""1\235\2445\343\033Y!\212\201\341\272\225'\007*$\244&\336\343'\233i\332\374\245 {^\306-N\333\gE\006\347\212\331C\211Z\177\247\031\ns1\010U\3656\264\301i\220f\030Nf\360\251\273M2\277\277\236\025\262\2027\021\002\317\265\346\022\013\202_n)6q\357\2538_-\302\252B\204v\277\254\373\3322Ca\020\243\0105\263\257\367\032\254\016\003""; }; "
1750587299501,1750587299501,0,1,0,1,TMGetLedger,"itype: liBASE; ledgerHash: ""\304J\342j\272\270\274\360\307\356\347\200Ywm#\014\233\301\022L\232T\033N\341\232\325\233\227\313\307""; requestCookie: 5; queryType: qtINDIRECT; ","itype: liBASE; ledgerHash: ""\304J\342j\272\270\274\360\307\356\347\200Ywm#\014\233\301\022L\232T\033N\341\232\325\233\227\313\307""; requestCookie: 5; queryType: qtINDIRECT; "
1750587299502,1750587299502,0,1,1,2,TMValidation,"validation: """"\200\000\000\001&\000\000\000\014)/\352\224#:?HT\314/\177\320^Q\304J\342j\272\270\274\360\307\356\347\200Ywm#\014\233\301\022L\232T\033N\341\232\325\233\227\313\307P\027\000\000\000\000\000\000\000\000\000\000\000\000\000\000\000\000\000\000\000\000\000\000\000\000\000\000\000\000\000\000\000\000P\031L\324\236aQ\361\020X\372\353 3\347\310*\253\021gT!>\003\325\254,\003\367\204\031\331\255\240s!\003\343\005\311u\203\370\0338\3174\324\010\006\301\251\177\261\304eOX\262)FA-\022r\263wm\024vF0D\002 9]i\321\264u\263Q\031\315pe\366%\336/\034\017\351\257\323\254\005\375\270X\263kR\036\300X\002 6\206wp\367\212\243\272*uX\036\263\014\013\235lv:\304B\323'\374\364l.\265\217\253K\367""; ","validation: """"\200\000\000\001&\000\000\000\014)/\352\224#:?HT\314/\177\320^Q\304J\342j\272\270\274\360\307\356\347\200Ywm#\014\233\301\022L\232T\033N\341\232\325\233\227\313\307P\027\000\000\000\000\000\000\000\000\000\000\000\000\000\000\000\000\000\000\000\000\000\000\000\000\000\000\000\000\000\000\000\000P\031L\324\236aQ\361\020X\372\353 3\347\310*\253\021gT!>\003\325\254,\003\367\204\031\331\255\240s!\003\343\005\311u\203\370\0338\3174\324\010\006\301\251\177\261\304eOX\262)FA-\022r\263wm\024vF0D\002 9]i\321\264u\263Q\031\315pe\366%\336/\034\017\351\257\323\254\005\375\270X\263kR\036\300X\002 6\206wp\367\212\243\272*uX\036\263\014\013\235lv:\304B\323'\374\364l.\265\217\253K\367""; "
1750587299503,1750587299503,0,1,1,4,TMLedgerData,"ledgerHash: ""\304J\342j\272\270\274\360\307\356\347\200Ywm#\014\233\301\022L\232T\033N\341\232\325\233\227\313\307""; ledgerSeq: 12; type: liBASE; nodes {;   nodedata: ""\000\000\000\014\001cEx]\211\377\330L\324\236aQ\361\020X\372\353 3\347\310*\253\021gT!>\003\325\254,\003\367\204\031\331\255\240\000\000\000\000\000\000\000\000\000\000\000\000\000\000\000\000\000\000\000\000\000\000\000\000\000\000\000\000\000\000\000\000\256\206QI\207\004r\374\341\000\272\376T\336\260\343\242\325\343\320\317+~\304q8}\017r;#0/\352\224$/\352\224%\n\000""; }; nodes {;   nodedata: ""h\315\350\215y\203\242]\371\235\232Pt&\325\210eZ\346\237XZ \277\2457n\221\336\253\245\317\002\304\206+8\t]\351\316\373|\311\263V\300\023\035\211\237\260\300\r\033u3a1\203\303\365\307k\347\006E\344\037@\210\363\010\336T\226\247'\204_{\261\370""1\235\2445\343\033Y!\212\201\341\272\225'\007*$\244&\336\343'\233i\332\374\245 {^\306-N\333\gE\006\347\212\331C\211Z\177\247\031\ns1\010U\3656\264\301i\220f\030Nf\360\251\273M2\277\277\236\025\262\2027\021\002\317\265\346\022\013\202_n)6q\357\2538_-\302\252B\204v\277\254\373\3322Ca\020\243\0105\263\257\367\032\254\016\003""; }; ","ledgerHash: ""\304J\342j\272\270\274\360\307\356\347\200Ywm#\014\233\301\022L\232T\033N\341\232\325\233\227\313\307""; ledgerSeq: 12; type: liBASE; nodes {;   nodedata: ""\000\000\000\014\001cEx]\211\377\330L\324\236aQ\361\020X\372\353 3\347\310*\253\021gT!>\003\325\254,\003\367\204\031\331\255\240\000\000\000\000\000\000\000\000\000\000\000\000\000\000\000\000\000\000\000\000\000\000\000\000\000\000\000\000\000\000\000\000\256\206QI\207\004r\374\341\000\272\376T\336\260\343\242\325\343\320\317+~\304q8}\017r;#0/\352\224$/\352\224%\n\000""; }; nodes {;   nodedata: ""h\315\350\215y\203\242]\371\235\232Pt&\325\210eZ\346\237XZ \277\2457n\221\336\253\245\317\002\304\206+8\t]\351\316\373|\311\263V\300\023\035\211\237\260\300\r\033u3a1\203\303\365\307k\347\006E\344\037@\210\363\010\336T\226\247'\204_{\261\370""1\235\2445\343\033Y!\212\201\341\272\225'\007*$\244&\336\343'\233i\332\374\245 {^\306-N\333\gE\006\347\212\331C\211Z\177\247\031\ns1\010U\3656\264\301i\220f\030Nf\360\251\273M2\277\277\236\025\262\2027\021\002\317\265\346\022\013\202_n)6q\357\2538_-\302\252B\204v\277\254\373\3322Ca\020\243\0105\263\257\367\032\254\016\003""; }; "
1750587299503,1750587299503,0,1,3,2,TMGetLedger,"itype: liBASE; ledgerHash: ""\304J\342j\272\270\274\360\307\356\347\200Ywm#\014\233\301\022L\232T\033N\341\232\325\233\227\313\307""; queryType: qtINDIRECT; ","itype: liBASE; ledgerHash: ""\304J\342j\272\270\274\360\307\356\347\200Ywm#\014\233\301\022L\232T\033N\341\232\325\233\227\313\307""; queryType: qtINDIRECT; "
1750587299504,1750587299504,0,1,3,2,TMGetLedger,"itype: liBASE; ledgerHash: ""\304J\342j\272\270\274\360\307\356\347\200Ywm#\014\233\301\022L\232T\033N\341\232\325\233\227\313\307""; ","itype: liBASE; ledgerHash: ""\304J\342j\272\270\274\360\307\356\347\200Ywm#\014\233\301\022L\232T\033N\341\232\325\233\227\313\307""; "
1750587299505,1750587299505,0,1,0,1,TMGetLedger,"itype: liBASE; ledgerHash: ""\304J\342j\272\270\274\360\307\356\347\200Ywm#\014\233\301\022L\232T\033N\341\232\325\233\227\313\307""; requestCookie: 3; queryType: qtINDIRECT; ","itype: liBASE; ledgerHash: ""\304J\342j\272\270\274\360\307\356\347\200Ywm#\014\233\301\022L\232T\033N\341\232\325\233\227\313\307""; requestCookie: 3; queryType: qtINDIRECT; "
1750587299505,1750587299505,0,1,2,3,TMGetLedger,"itype: liBASE; ledgerHash: ""\304J\342j\272\270\274\360\307\356\347\200Ywm#\014\233\301\022L\232T\033N\341\232\325\233\227\313\307""; queryType: qtINDIRECT; ","itype: liBASE; ledgerHash: ""\304J\342j\272\270\274\360\307\356\347\200Ywm#\014\233\301\022L\232T\033N\341\232\325\233\227\313\307""; queryType: qtINDIRECT; "
1750587299506,1750587299506,0,1,2,3,TMGetLedger,"itype: liBASE; ledgerHash: ""\304J\342j\272\270\274\360\307\356\347\200Ywm#\014\233\301\022L\232T\033N\341\232\325\233\227\313\307""; ","itype: liBASE; ledgerHash: ""\304J\342j\272\270\274\360\307\356\347\200Ywm#\014\233\301\022L\232T\033N\341\232\325\233\227\313\307""; "
1750587299507,1750587299507,0,1,0,1,TMGetLedger,"itype: liBASE; ledgerHash: ""\304J\342j\272\270\274\360\307\356\347\200Ywm#\014\233\301\022L\232T\033N\341\232\325\233\227\313\307""; requestCookie: 4; queryType: qtINDIRECT; ","itype: liBASE; ledgerHash: ""\304J\342j\272\270\274\360\307\356\347\200Ywm#\014\233\301\022L\232T\033N\341\232\325\233\227\313\307""; requestCookie: 4; queryType: qtINDIRECT; "
1750587299507,1750587299507,0,1,2,1,TMGetLedger,"itype: liBASE; ledgerHash: ""\304J\342j\272\270\274\360\307\356\347\200Ywm#\014\233\301\022L\232T\033N\341\232\325\233\227\313\307""; ","itype: liBASE; ledgerHash: ""\304J\342j\272\270\274\360\307\356\347\200Ywm#\014\233\301\022L\232T\033N\341\232\325\233\227\313\307""; "
1750587299508,1750587299508,0,1,2,1,TMGetLedger,"itype: liBASE; ledgerHash: ""\304J\342j\272\270\274\360\307\356\347\200Ywm#\014\233\301\022L\232T\033N\341\232\325\233\227\313\307""; queryType: qtINDIRECT; ","itype: liBASE; ledgerHash: ""\304J\342j\272\270\274\360\307\356\347\200Ywm#\014\233\301\022L\232T\033N\341\232\325\233\227\313\307""; queryType: qtINDIRECT; "
1750587299509,1750587299509,0,1,2,1,TMGetLedger,"itype: liBASE; ledgerHash: ""\304J\342j\272\270\274\360\307\356\347\200Ywm#\014\233\301\022L\232T\033N\341\232\325\233\227\313\307""; requestCookie: 2; queryType: qtINDIRECT; ","itype: liBASE; ledgerHash: ""\304J\342j\272\270\274\360\307\356\347\200Ywm#\014\233\301\022L\232T\033N\341\232\325\233\227\313\307""; requestCookie: 2; queryType: qtINDIRECT; "
1750587299509,1750587299509,0,1,2,1,TMGetLedger,"itype: liBASE; ledgerHash: ""\304J\342j\272\270\274\360\307\356\347\200Ywm#\014\233\301\022L\232T\033N\341\232\325\233\227\313\307""; requestCookie: 5; queryType: qtINDIRECT; ","itype: liBASE; ledgerHash: ""\304J\342j\272\270\274\360\307\356\347\200Ywm#\014\233\301\022L\232T\033N\341\232\325\233\227\313\307""; requestCookie: 5; queryType: qtINDIRECT; "
1750587299510,1750587299510,0,1,1,4,TMLedgerData,"ledgerHash: ""\304J\342j\272\270\274\360\307\356\347\200Ywm#\014\233\301\022L\232T\033N\341\232\325\233\227\313\307""; ledgerSeq: 12; type: liBASE; nodes {;   nodedata: ""\000\000\000\014\001cEx]\211\377\330L\324\236aQ\361\020X\372\353 3\347\310*\253\021gT!>\003\325\254,\003\367\204\031\331\255\240\000\000\000\000\000\000\000\000\000\000\000\000\000\000\000\000\000\000\000\000\000\000\000\000\000\000\000\000\000\000\000\000\256\206QI\207\004r\374\341\000\272\376T\336\260\343\242\325\343\320\317+~\304q8}\017r;#0/\352\224$/\352\224%\n\000""; }; nodes {;   nodedata: ""h\315\350\215y\203\242]\371\235\232Pt&\325\210eZ\346\237XZ \277\2457n\221\336\253\245\317\002\304\206+8\t]\351\316\373|\311\263V\300\023\035\211\237\260\300\r\033u3a1\203\303\365\307k\347\006E\344\037@\210\363\010\336T\226\247'\204_{\261\370""1\235\2445\343\033Y!\212\201\341\272\225'\007*$\244&\336\343'\233i\332\374\245 {^\306-N\333\gE\006\347\212\331C\211Z\177\247\031\ns1\010U\3656\264\301i\220f\030Nf\360\251\273M2\277\277\236\025\262\2027\021\002\317\265\346\022\013\202_n)6q\357\2538_-\302\252B\204v\277\254\373\3322Ca\020\243\0105\263\257\367\032\254\016\003""; }; requestCookie: 1; ","ledgerHash: ""\304J\342j\272\270\274\360\307\356\347\200Ywm#\014\233\301\022L\232T\033N\341\232\325\233\227\313\307""; ledgerSeq: 12; type: liBASE; nodes {;   nodedata: ""\000\000\000\014\001cEx]\211\377\330L\324\236aQ\361\020X\372\353 3\347\310*\253\021gT!>\003\325\254,\003\367\204\031\331\255\240\000\000\000\000\000\000\000\000\000\000\000\000\000\000\000\000\000\000\000\000\000\000\000\000\000\000\000\000\000\000\000\000\256\206QI\207\004r\374\341\000\272\376T\336\260\343\242\325\343\320\317+~\304q8}\017r;#0/\352\224$/\352\224%\n\000""; }; nodes {;   nodedata: ""h\315\350\215y\203\242]\371\235\232Pt&\325\210eZ\346\237XZ \277\2457n\221\336\253\245\317\002\304\206+8\t]\351\316\373|\311\263V\300\023\035\211\237\260\300\r\033u3a1\203\303\365\307k\347\006E\344\037@\210\363\010\336T\226\247'\204_{\261\370""1\235\2445\343\033Y!\212\201\341\272\225'\007*$\244&\336\343'\233i\332\374\245 {^\306-N\333\gE\006\347\212\331C\211Z\177\247\031\ns1\010U\3656\264\301i\220f\030Nf\360\251\273M2\277\277\236\025\262\2027\021\002\317\265\346\022\013\202_n)6q\357\2538_-\302\252B\204v\277\254\373\3322Ca\020\243\0105\263\257\367\032\254\016\003""; }; requestCookie: 1; "
1750587299511,1750587299511,0,1,0,1,TMGetLedger,"itype: liAS_NODE; ledgerHash: ""\304J\342j\272\270\274\360\307\356\347\200Ywm#\014\233\301\022L\232T\033N\341\232\325\233\227\313\307""; ledgerSeq: 12; nodeIDs: ""\260\000\000\000\000\000\000\000\000\000\000\000\000\000\000\000\000\000\000\000\000\000\000\000\000\000\000\000\000\000\000\000\001""; queryType: qtINDIRECT; queryDepth: 1; ","itype: liAS_NODE; ledgerHash: ""\304J\342j\272\270\274\360\307\356\347\200Ywm#\014\233\301\022L\232T\033N\341\232\325\233\227\313\307""; ledgerSeq: 12; nodeIDs: ""\260\000\000\000\000\000\000\000\000\000\000\000\000\000\000\000\000\000\000\000\000\000\000\000\000\000\000\000\000\000\000\000\001""; queryType: qtINDIRECT; queryDepth: 1; "
1750587299511,1750587299511,0,1,4,1,TMGetLedger,"itype: liBASE; ledgerHash: ""\304J\342j\272\270\274\360\307\356\347\200Ywm#\014\233\301\022L\232T\033N\341\232\325\233\227\313\307""; requestCookie: 4; queryType: qtINDIRECT; ","itype: liBASE; ledgerHash: ""\304J\342j\272\270\274\360\307\356\347\200Ywm#\014\233\301\022L\232T\033N\341\232\325\233\227\313\307""; requestCookie: 4; queryType: qtINDIRECT; "
1750587299512,1750587299512,0,1,4,1,TMGetLedger,"itype: liBASE; ledgerHash: ""\304J\342j\272\270\274\360\307\356\347\200Ywm#\014\233\301\022L\232T\033N\341\232\325\233\227\313\307""; requestCookie: 3; queryType: qtINDIRECT; ","itype: liBASE; ledgerHash: ""\304J\342j\272\270\274\360\307\356\347\200Ywm#\014\233\301\022L\232T\033N\341\232\325\233\227\313\307""; requestCookie: 3; queryType: qtINDIRECT; "
1750587299513,1750587299513,0,1,3,1,TMGetLedger,"itype: liBASE; ledgerHash: ""\304J\342j\272\270\274\360\307\356\347\200Ywm#\014\233\301\022L\232T\033N\341\232\325\233\227\313\307""; queryType: qtINDIRECT; ","itype: liBASE; ledgerHash: ""\304J\342j\272\270\274\360\307\356\347\200Ywm#\014\233\301\022L\232T\033N\341\232\325\233\227\313\307""; queryType: qtINDIRECT; "
1750587299513,1750587299513,0,1,3,1,TMGetLedger,"itype: liBASE; ledgerHash: ""\304J\342j\272\270\274\360\307\356\347\200Ywm#\014\233\301\022L\232T\033N\341\232\325\233\227\313\307""; requestCookie: 5; queryType: qtINDIRECT; ","itype: liBASE; ledgerHash: ""\304J\342j\272\270\274\360\307\356\347\200Ywm#\014\233\301\022L\232T\033N\341\232\325\233\227\313\307""; requestCookie: 5; queryType: qtINDIRECT; "
1750587299513,1750587299513,0,1,3,1,TMGetLedger,"itype: liBASE; ledgerHash: ""\304J\342j\272\270\274\360\307\356\347\200Ywm#\014\233\301\022L\232T\033N\341\232\325\233\227\313\307""; ","itype: liBASE; ledgerHash: ""\304J\342j\272\270\274\360\307\356\347\200Ywm#\014\233\301\022L\232T\033N\341\232\325\233\227\313\307""; "
1750587299514,1750587299514,0,1,3,1,TMGetLedger,"itype: liBASE; ledgerHash: ""\304J\342j\272\270\274\360\307\356\347\200Ywm#\014\233\301\022L\232T\033N\341\232\325\233\227\313\307""; requestCookie: 2; queryType: qtINDIRECT; ","itype: liBASE; ledgerHash: ""\304J\342j\272\270\274\360\307\356\347\200Ywm#\014\233\301\022L\232T\033N\341\232\325\233\227\313\307""; requestCookie: 2; queryType: qtINDIRECT; "
1750587299514,1750587299514,0,1,4,1,TMGetLedger,"itype: liAS_NODE; ledgerHash: ""\304J\342j\272\270\274\360\307\356\347\200Ywm#\014\233\301\022L\232T\033N\341\232\325\233\227\313\307""; ledgerSeq: 12; nodeIDs: ""\260\000\000\000\000\000\000\000\000\000\000\000\000\000\000\000\000\000\000\000\000\000\000\000\000\000\000\000\000\000\000\000\001""; queryType: qtINDIRECT; queryDepth: 1; ","itype: liAS_NODE; ledgerHash: ""\304J\342j\272\270\274\360\307\356\347\200Ywm#\014\233\301\022L\232T\033N\341\232\325\233\227\313\307""; ledgerSeq: 12; nodeIDs: ""\260\000\000\000\000\000\000\000\000\000\000\000\000\000\000\000\000\000\000\000\000\000\000\000\000\000\000\000\000\000\000\000\001""; queryType: qtINDIRECT; queryDepth: 1; "
1750587299515,1750587299515,0,1,1,0,TMLedgerData,"ledgerHash: ""\304J\342j\272\270\274\360\307\356\347\200Ywm#\014\233\301\022L\232T\033N\341\232\325\233\227\313\307""; ledgerSeq: 12; type: liBASE; nodes {;   nodedata: ""\000\000\000\014\001cEx]\211\377\330L\324\236aQ\361\020X\372\353 3\347\310*\253\021gT!>\003\325\254,\003\367\204\031\331\255\240\000\000\000\000\000\000\000\000\000\000\000\000\000\000\000\000\000\000\000\000\000\000\000\000\000\000\000\000\000\000\000\000\256\206QI\207\004r\374\341\000\272\376T\336\260\343\242\325\343\320\317+~\304q8}\017r;#0/\352\224$/\352\224%\n\000""; }; nodes {;   nodedata: ""h\315\350\215y\203\242]\371\235\232Pt&\325\210eZ\346\237XZ \277\2457n\221\336\253\245\317\002\304\206+8\t]\351\316\373|\311\263V\300\023\035\211\237\260\300\r\033u3a1\203\303\365\307k\347\006E\344\037@\210\363\010\336T\226\247'\204_{\261\370""1\235\2445\343\033Y!\212\201\341\272\225'\007*$\244&\336\343'\233i\332\374\245 {^\306-N\333\gE\006\347\212\331C\211Z\177\247\031\ns1\010U\3656\264\301i\220f\030Nf\360\251\273M2\277\277\236\025\262\2027\021\002\317\265\346\022\013\202_n)6q\357\2538_-\302\252B\204v\277\254\373\3322Ca\020\243\0105\263\257\367\032\254\016\003""; }; requestCookie: 5; ","ledgerHash: ""\304J\342j\272\270\274\360\307\356\347\200Ywm#\014\233\301\022L\232T\033N\341\232\325\233\227\313\307""; ledgerSeq: 12; type: liBASE; nodes {;   nodedata: ""\000\000\000\014\001cEx]\211\377\330L\324\236aQ\361\020X\372\353 3\347\310*\253\021gT!>\003\325\254,\003\367\204\031\331\255\240\000\000\000\000\000\000\000\000\000\000\000\000\000\000\000\000\000\000\000\000\000\000\000\000\000\000\000\000\000\000\000\000\256\206QI\207\004r\374\341\000\272\376T\336\260\343\242\325\343\320\317+~\304q8}\017r;#0/\352\224$/\352\224%\n\000""; }; nodes {;   nodedata: ""h\315\350\215y\203\242]\371\235\232Pt&\325\210eZ\346\237XZ \277\2457n\221\336\253\245\317\002\304\206+8\t]\351\316\373|\311\263V\300\023\035\211\237\260\300\r\033u3a1\203\303\365\307k\347\006E\344\037@\210\363\010\336T\226\247'\204_{\261\370""1\235\2445\343\033Y!\212\201\341\272\225'\007*$\244&\336\343'\233i\332\374\245 {^\306-N\333\gE\006\347\212\331C\211Z\177\247\031\ns1\010U\3656\264\301i\220f\030Nf\360\251\273M2\277\277\236\025\262\2027\021\002\317\265\346\022\013\202_n)6q\357\2538_-\302\252B\204v\277\254\373\3322Ca\020\243\0105\263\257\367\032\254\016\003""; }; requestCookie: 5; "
1750587299516,1750587299516,0,1,2,1,TMGetLedger,"itype: liBASE; ledgerHash: ""\304J\342j\272\270\274\360\307\356\347\200Ywm#\014\233\301\022L\232T\033N\341\232\325\233\227\313\307""; requestCookie: 4; queryType: qtINDIRECT; ","itype: liBASE; ledgerHash: ""\304J\342j\272\270\274\360\307\356\347\200Ywm#\014\233\301\022L\232T\033N\341\232\325\233\227\313\307""; requestCookie: 4; queryType: qtINDIRECT; "
1750587299517,1750587299517,0,1,1,0,TMLedgerData,"ledgerHash: ""\304J\342j\272\270\274\360\307\356\347\200Ywm#\014\233\301\022L\232T\033N\341\232\325\233\227\313\307""; ledgerSeq: 12; type: liBASE; nodes {;   nodedata: ""\000\000\000\014\001cEx]\211\377\330L\324\236aQ\361\020X\372\353 3\347\310*\253\021gT!>\003\325\254,\003\367\204\031\331\255\240\000\000\000\000\000\000\000\000\000\000\000\000\000\000\000\000\000\000\000\000\000\000\000\000\000\000\000\000\000\000\000\000\256\206QI\207\004r\374\341\000\272\376T\336\260\343\242\325\343\320\317+~\304q8}\017r;#0/\352\224$/\352\224%\n\000""; }; nodes {;   nodedata: ""h\315\350\215y\203\242]\371\235\232Pt&\325\210eZ\346\237XZ \277\2457n\221\336\253\245\317\002\304\206+8\t]\351\316\373|\311\263V\300\023\035\211\237\260\300\r\033u3a1\203\303\365\307k\347\006E\344\037@\210\363\010\336T\226\247'\204_{\261\370""1\235\2445\343\033Y!\212\201\341\272\225'\007*$\244&\336\343'\233i\332\374\245 {^\306-N\333\gE\006\347\212\331C\211Z\177\247\031\ns1\010U\3656\264\301i\220f\030Nf\360\251\273M2\277\277\236\025\262\2027\021\002\317\265\346\022\013\202_n)6q\357\2538_-\302\252B\204v\277\254\373\3322Ca\020\243\0105\263\257\367\032\254\016\003""; }; requestCookie: 3; ","ledgerHash: ""\304J\342j\272\270\274\360\307\356\347\200Ywm#\014\233\301\022L\232T\033N\341\232\325\233\227\313\307""; ledgerSeq: 12; type: liBASE; nodes {;   nodedata: ""\000\000\000\014\001cEx]\211\377\330L\324\236aQ\361\020X\372\353 3\347\310*\253\021gT!>\003\325\254,\003\367\204\031\331\255\240\000\000\000\000\000\000\000\000\000\000\000\000\000\000\000\000\000\000\000\000\000\000\000\000\000\000\000\000\000\000\000\000\256\206QI\207\004r\374\341\000\272\376T\336\260\343\242\325\343\320\317+~\304q8}\017r;#0/\352\224$/\352\224%\n\000""; }; nodes {;   nodedata: ""h\315\350\215y\203\242]\371\235\232Pt&\325\210eZ\346\237XZ \277\2457n\221\336\253\245\317\002\304\206+8\t]\351\316\373|\311\263V\300\023\035\211\237\260\300\r\033u3a1\203\303\365\307k\347\006E\344\037@\210\363\010\336T\226\247'\204_{\261\370""1\235\2445\343\033Y!\212\201\341\272\225'\007*$\244&\336\343'\233i\332\374\245 {^\306-N\333\gE\006\347\212\331C\211Z\177\247\031\ns1\010U\3656\264\301i\220f\030Nf\360\251\273M2\277\277\236\025\262\2027\021\002\317\265\346\022\013\202_n)6q\357\2538_-\302\252B\204v\277\254\373\3322Ca\020\243\0105\263\257\367\032\254\016\003""; }; requestCookie: 3; "
1750587299517,1750587299518,0,1,1,0,TMLedgerData,"ledgerHash: ""\304J\342j\272\270\274\360\307\356\347\200Ywm#\014\233\301\022L\232T\033N\341\232\325\233\227\313\307""; ledgerSeq: 12; type: liBASE; nodes {;   nodedata: ""\000\000\000\014\001cEx]\211\377\330L\324\236aQ\361\020X\372\353 3\347\310*\253\021gT!>\003\325\254,\003\367\204\031\331\255\240\000\000\000\000\000\000\000\000\000\000\000\000\000\000\000\000\000\000\000\000\000\000\000\000\000\000\000\000\000\000\000\000\256\206QI\207\004r\374\341\000\272\376T\336\260\343\242\325\343\320\317+~\304q8}\017r;#0/\352\224$/\352\224%\n\000""; }; nodes {;   nodedata: ""h\315\350\215y\203\242]\371\235\232Pt&\325\210eZ\346\237XZ \277\2457n\221\336\253\245\317\002\304\206+8\t]\351\316\373|\311\263V\300\023\035\211\237\260\300\r\033u3a1\203\303\365\307k\347\006E\344\037@\210\363\010\336T\226\247'\204_{\261\370""1\235\2445\343\033Y!\212\201\341\272\225'\007*$\244&\336\343'\233i\332\374\245 {^\306-N\333\gE\006\347\212\331C\211Z\177\247\031\ns1\010U\3656\264\301i\220f\030Nf\360\251\273M2\277\277\236\025\262\2027\021\002\317\265\346\022\013\202_n)6q\357\2538_-\302\252B\204v\277\254\373\3322Ca\020\243\0105\263\257\367\032\254\016\003""; }; requestCookie: 4; ","ledgerHash: ""\304J\342j\272\270\274\360\307\356\347\200Ywm#\014\233\301\022L\232T\033N\341\232\325\233\227\313\307""; ledgerSeq: 12; type: liBASE; nodes {;   nodedata: ""\000\000\000\014\001cEx]\211\377\330L\324\236aQ\361\020X\372\353 3\347\310*\253\021gT!>\003\325\254,\003\367\204\031\331\255\240\000\000\000\000\000\000\000\000\000\000\000\000\000\000\000\000\000\000\000\000\000\000\000\000\000\000\000\000\000\000\000\000\256\206QI\207\004r\374\341\000\272\376T\336\260\343\242\325\343\320\317+~\304q8}\017r;#0/\352\224$/\352\224%\n\000""; }; nodes {;   nodedata: ""h\315\350\215y\203\242]\371\235\232Pt&\325\210eZ\346\237XZ \277\2457n\221\336\253\245\317\002\304\206+8\t]\351\316\373|\311\263V\300\023\035\211\237\260\300\r\033u3a1\203\303\365\307k\347\006E\344\037@\210\363\010\336T\226\247'\204_{\261\370""1\235\2445\343\033Y!\212\201\341\272\225'\007*$\244&\336\343'\233i\332\374\245 {^\306-N\333\gE\006\347\212\331C\211Z\177\247\031\ns1\010U\3656\264\301i\220f\030Nf\360\251\273M2\277\277\236\025\262\2027\021\002\317\265\346\022\013\202_n)6q\357\2538_-\302\252B\204v\277\254\373\3322Ca\020\243\0105\263\257\367\032\254\016\003""; }; requestCookie: 4; "
1750587299519,1750587299519,0,1,1,2,TMLedgerData,"ledgerHash: ""\304J\342j\272\270\274\360\307\356\347\200Ywm#\014\233\301\022L\232T\033N\341\232\325\233\227\313\307""; ledgerSeq: 12; type: liBASE; nodes {;   nodedata: ""\000\000\000\014\001cEx]\211\377\330L\324\236aQ\361\020X\372\353 3\347\310*\253\021gT!>\003\325\254,\003\367\204\031\331\255\240\000\000\000\000\000\000\000\000\000\000\000\000\000\000\000\000\000\000\000\000\000\000\000\000\000\000\000\000\000\000\000\000\256\206QI\207\004r\374\341\000\272\376T\336\260\343\242\325\343\320\317+~\304q8}\017r;#0/\352\224$/\352\224%\n\000""; }; nodes {;   nodedata: ""h\315\350\215y\203\242]\371\235\232Pt&\325\210eZ\346\237XZ \277\2457n\221\336\253\245\317\002\304\206+8\t]\351\316\373|\311\263V\300\023\035\211\237\260\300\r\033u3a1\203\303\365\307k\347\006E\344\037@\210\363\010\336T\226\247'\204_{\261\370""1\235\2445\343\033Y!\212\201\341\272\225'\007*$\244&\336\343'\233i\332\374\245 {^\306-N\333\gE\006\347\212\331C\211Z\177\247\031\ns1\010U\3656\264\301i\220f\030Nf\360\251\273M2\277\277\236\025\262\2027\021\002\317\265\346\022\013\202_n)6q\357\2538_-\302\252B\204v\277\254\373\3322Ca\020\243\0105\263\257\367\032\254\016\003""; }; ","ledgerHash: ""\304J\342j\272\270\274\360\307\356\347\200Ywm#\014\233\301\022L\232T\033N\341\232\325\233\227\313\307""; ledgerSeq: 12; type: liBASE; nodes {;   nodedata: ""\000\000\000\014\001cEx]\211\377\330L\324\236aQ\361\020X\372\353 3\347\310*\253\021gT!>\003\325\254,\003\367\204\031\331\255\240\000\000\000\000\000\000\000\000\000\000\000\000\000\000\000\000\000\000\000\000\000\000\000\000\000\000\000\000\000\000\000\000\256\206QI\207\004r\374\341\000\272\376T\336\260\343\242\325\343\320\317+~\304q8}\017r;#0/\352\224$/\352\224%\n\000""; }; nodes {;   nodedata: ""h\315\350\215y\203\242]\371\235\232Pt&\325\210eZ\346\237XZ \277\2457n\221\336\253\245\317\002\304\206+8\t]\351\316\373|\311\263V\300\023\035\211\237\260\300\r\033u3a1\203\303\365\307k\347\006E\344\037@\210\363\010\336T\226\247'\204_{\261\370""1\235\2445\343\033Y!\212\201\341\272\225'\007*$\244&\336\343'\233i\332\374\245 {^\306-N\333\gE\006\347\212\331C\211Z\177\247\031\ns1\010U\3656\264\301i\220f\030Nf\360\251\273M2\277\277\236\025\262\2027\021\002\317\265\346\022\013\202_n)6q\357\2538_-\302\252B\204v\277\254\373\3322Ca\020\243\0105\263\257\367\032\254\016\003""; }; "
1750587299519,1750587299519,0,1,1,2,TMLedgerData,"ledgerHash: ""\304J\342j\272\270\274\360\307\356\347\200Ywm#\014\233\301\022L\232T\033N\341\232\325\233\227\313\307""; ledgerSeq: 12; type: liBASE; nodes {;   nodedata: ""\000\000\000\014\001cEx]\211\377\330L\324\236aQ\361\020X\372\353 3\347\310*\253\021gT!>\003\325\254,\003\367\204\031\331\255\240\000\000\000\000\000\000\000\000\000\000\000\000\000\000\000\000\000\000\000\000\000\000\000\000\000\000\000\000\000\000\000\000\256\206QI\207\004r\374\341\000\272\376T\336\260\343\242\325\343\320\317+~\304q8}\017r;#0/\352\224$/\352\224%\n\000""; }; nodes {;   nodedata: ""h\315\350\215y\203\242]\371\235\232Pt&\325\210eZ\346\237XZ \277\2457n\221\336\253\245\317\002\304\206+8\t]\351\316\373|\311\263V\300\023\035\211\237\260\300\r\033u3a1\203\303\365\307k\347\006E\344\037@\210\363\010\336T\226\247'\204_{\261\370""1\235\2445\343\033Y!\212\201\341\272\225'\007*$\244&\336\343'\233i\332\374\245 {^\306-N\333\gE\006\347\212\331C\211Z\177\247\031\ns1\010U\3656\264\301i\220f\030Nf\360\251\273M2\277\277\236\025\262\2027\021\002\317\265\346\022\013\202_n)6q\357\2538_-\302\252B\204v\277\254\373\3322Ca\020\243\0105\263\257\367\032\254\016\003""; }; ","ledgerHash: ""\304J\342j\272\270\274\360\307\356\347\200Ywm#\014\233\301\022L\232T\033N\341\232\325\233\227\313\307""; ledgerSeq: 12; type: liBASE; nodes {;   nodedata: ""\000\000\000\014\001cEx]\211\377\330L\324\236aQ\361\020X\372\353 3\347\310*\253\021gT!>\003\325\254,\003\367\204\031\331\255\240\000\000\000\000\000\000\000\000\000\000\000\000\000\000\000\000\000\000\000\000\000\000\000\000\000\000\000\000\000\000\000\000\256\206QI\207\004r\374\341\000\272\376T\336\260\343\242\325\343\320\317+~\304q8}\017r;#0/\352\224$/\352\224%\n\000""; }; nodes {;   nodedata: ""h\315\350\215y\203\242]\371\235\232Pt&\325\210eZ\346\237XZ \277\2457n\221\336\253\245\317\002\304\206+8\t]\351\316\373|\311\263V\300\023\035\211\237\260\300\r\033u3a1\203\303\365\307k\347\006E\344\037@\210\363\010\336T\226\247'\204_{\261\370""1\235\2445\343\033Y!\212\201\341\272\225'\007*$\244&\336\343'\233i\332\374\245 {^\306-N\333\gE\006\347\212\331C\211Z\177\247\031\ns1\010U\3656\264\301i\220f\030Nf\360\251\273M2\277\277\236\025\262\2027\021\002\317\265\346\022\013\202_n)6q\357\2538_-\302\252B\204v\277\254\373\3322Ca\020\243\0105\263\257\367\032\254\016\003""; }; "
1750587299520,1750587299520,0,1,1,2,TMLedgerData,"ledgerHash: ""\304J\342j\272\270\274\360\307\356\347\200Ywm#\014\233\301\022L\232T\033N\341\232\325\233\227\313\307""; ledgerSeq: 12; type: liBASE; nodes {;   nodedata: ""\000\000\000\014\001cEx]\211\377\330L\324\236aQ\361\020X\372\353 3\347\310*\253\021gT!>\003\325\254,\003\367\204\031\331\255\240\000\000\000\000\000\000\000\000\000\000\000\000\000\000\000\000\000\000\000\000\000\000\000\000\000\000\000\000\000\000\000\000\256\206QI\207\004r\374\341\000\272\376T\336\260\343\242\325\343\320\317+~\304q8}\017r;#0/\352\224$/\352\224%\n\000""; }; nodes {;   nodedata: ""h\315\350\215y\203\242]\371\235\232Pt&\325\210eZ\346\237XZ \277\2457n\221\336\253\245\317\002\304\206+8\t]\351\316\373|\311\263V\300\023\035\211\237\260\300\r\033u3a1\203\303\365\307k\347\006E\344\037@\210\363\010\336T\226\247'\204_{\261\370""1\235\2445\343\033Y!\212\201\341\272\225'\007*$\244&\336\343'\233i\332\374\245 {^\306-N\333\gE\006\347\212\331C\211Z\177\247\031\ns1\010U\3656\264\301i\220f\030Nf\360\251\273M2\277\277\236\025\262\2027\021\002\317\265\346\022\013\202_n)6q\357\2538_-\302\252B\204v\277\254\373\3322Ca\020\243\0105\263\257\367\032\254\016\003""; }; requestCookie: 2; ","ledgerHash: ""\304J\342j\272\270\274\360\307\356\347\200Ywm#\014\233\301\022L\232T\033N\341\232\325\233\227\313\307""; ledgerSeq: 12; type: liBASE; nodes {;   nodedata: ""\000\000\000\014\001cEx]\211\377\330L\324\236aQ\361\020X\372\353 3\347\310*\253\021gT!>\003\325\254,\003\367\204\031\331\255\240\000\000\000\000\000\000\000\000\000\000\000\000\000\000\000\000\000\000\000\000\000\000\000\000\000\000\000\000\000\000\000\000\256\206QI\207\004r\374\341\000\272\376T\336\260\343\242\325\343\320\317+~\304q8}\017r;#0/\352\224$/\352\224%\n\000""; }; nodes {;   nodedata: ""h\315\350\215y\203\242]\371\235\232Pt&\325\210eZ\346\237XZ \277\2457n\221\336\253\245\317\002\304\206+8\t]\351\316\373|\311\263V\300\023\035\211\237\260\300\r\033u3a1\203\303\365\307k\347\006E\344\037@\210\363\010\336T\226\247'\204_{\261\370""1\235\2445\343\033Y!\212\201\341\272\225'\007*$\244&\336\343'\233i\332\374\245 {^\306-N\333\gE\006\347\212\331C\211Z\177\247\031\ns1\010U\3656\264\301i\220f\030Nf\360\251\273M2\277\277\236\025\262\2027\021\002\317\265\346\022\013\202_n)6q\357\2538_-\302\252B\204v\277\254\373\3322Ca\020\243\0105\263\257\367\032\254\016\003""; }; requestCookie: 2; "
1750587299521,1750587299521,0,1,1,2,TMLedgerData,"ledgerHash: ""\304J\342j\272\270\274\360\307\356\347\200Ywm#\014\233\301\022L\232T\033N\341\232\325\233\227\313\307""; ledgerSeq: 12; type: liBASE; nodes {;   nodedata: ""\000\000\000\014\001cEx]\211\377\330L\324\236aQ\361\020X\372\353 3\347\310*\253\021gT!>\003\325\254,\003\367\204\031\331\255\240\000\000\000\000\000\000\000\000\000\000\000\000\000\000\000\000\000\000\000\000\000\000\000\000\000\000\000\000\000\000\000\000\256\206QI\207\004r\374\341\000\272\376T\336\260\343\242\325\343\320\317+~\304q8}\017r;#0/\352\224$/\352\224%\n\000""; }; nodes {;   nodedata: ""h\315\350\215y\203\242]\371\235\232Pt&\325\210eZ\346\237XZ \277\2457n\221\336\253\245\317\002\304\206+8\t]\351\316\373|\311\263V\300\023\035\211\237\260\300\r\033u3a1\203\303\365\307k\347\006E\344\037@\210\363\010\336T\226\247'\204_{\261\370""1\235\2445\343\033Y!\212\201\341\272\225'\007*$\244&\336\343'\233i\332\374\245 {^\306-N\333\gE\006\347\212\331C\211Z\177\247\031\ns1\010U\3656\264\301i\220f\030Nf\360\251\273M2\277\277\236\025\262\2027\021\002\317\265\346\022\013\202_n)6q\357\2538_-\302\252B\204v\277\254\373\3322Ca\020\243\0105\263\257\367\032\254\016\003""; }; requestCookie: 5; ","ledgerHash: ""\304J\342j\272\270\274\360\307\356\347\200Ywm#\014\233\301\022L\232T\033N\341\232\325\233\227\313\307""; ledgerSeq: 12; type: liBASE; nodes {;   nodedata: ""\000\000\000\014\001cEx]\211\377\330L\324\236aQ\361\020X\372\353 3\347\310*\253\021gT!>\003\325\254,\003\367\204\031\331\255\240\000\000\000\000\000\000\000\000\000\000\000\000\000\000\000\000\000\000\000\000\000\000\000\000\000\000\000\000\000\000\000\000\256\206QI\207\004r\374\341\000\272\376T\336\260\343\242\325\343\320\317+~\304q8}\017r;#0/\352\224$/\352\224%\n\000""; }; nodes {;   nodedata: ""h\315\350\215y\203\242]\371\235\232Pt&\325\210eZ\346\237XZ \277\2457n\221\336\253\245\317\002\304\206+8\t]\351\316\373|\311\263V\300\023\035\211\237\260\300\r\033u3a1\203\303\365\307k\347\006E\344\037@\210\363\010\336T\226\247'\204_{\261\370""1\235\2445\343\033Y!\212\201\341\272\225'\007*$\244&\336\343'\233i\332\374\245 {^\306-N\333\gE\006\347\212\331C\211Z\177\247\031\ns1\010U\3656\264\301i\220f\030Nf\360\251\273M2\277\277\236\025\262\2027\021\002\317\265\346\022\013\202_n)6q\357\2538_-\302\252B\204v\277\254\373\3322Ca\020\243\0105\263\257\367\032\254\016\003""; }; requestCookie: 5; "
1750587299521,1750587299521,0,1,4,0,TMLedgerData,"ledgerHash: ""\304J\342j\272\270\274\360\307\356\347\200Ywm#\014\233\301\022L\232T\033N\341\232\325\233\227\313\307""; ledgerSeq: 12; type: liBASE; nodes {;   nodedata: ""\000\000\000\014\001cEx]\211\377\330L\324\236aQ\361\020X\372\353 3\347\310*\253\021gT!>\003\325\254,\003\367\204\031\331\255\240\000\000\000\000\000\000\000\000\000\000\000\000\000\000\000\000\000\000\000\000\000\000\000\000\000\000\000\000\000\000\000\000\256\206QI\207\004r\374\341\000\272\376T\336\260\343\242\325\343\320\317+~\304q8}\017r;#0/\352\224$/\352\224%\n\000""; }; nodes {;   nodedata: ""h\315\350\215y\203\242]\371\235\232Pt&\325\210eZ\346\237XZ \277\2457n\221\336\253\245\317\002\304\206+8\t]\351\316\373|\311\263V\300\023\035\211\237\260\300\r\033u3a1\203\303\365\307k\347\006E\344\037@\210\363\010\336T\226\247'\204_{\261\370""1\235\2445\343\033Y!\212\201\341\272\225'\007*$\244&\336\343'\233i\332\374\245 {^\306-N\333\gE\006\347\212\331C\211Z\177\247\031\ns1\010U\3656\264\301i\220f\030Nf\360\251\273M2\277\277\236\025\262\2027\021\002\317\265\346\022\013\202_n)6q\357\2538_-\302\252B\204v\277\254\373\3322Ca\020\243\0105\263\257\367\032\254\016\003""; }; ","ledgerHash: ""\304J\342j\272\270\274\360\307\356\347\200Ywm#\014\233\301\022L\232T\033N\341\232\325\233\227\313\307""; ledgerSeq: 12; type: liBASE; nodes {;   nodedata: ""\000\000\000\014\001cEx]\211\377\330L\324\236aQ\361\020X\372\353 3\347\310*\253\021gT!>\003\325\254,\003\367\204\031\331\255\240\000\000\000\000\000\000\000\000\000\000\000\000\000\000\000\000\000\000\000\000\000\000\000\000\000\000\000\000\000\000\000\000\256\206QI\207\004r\374\341\000\272\376T\336\260\343\242\325\343\320\317+~\304q8}\017r;#0/\352\224$/\352\224%\n\000""; }; nodes {;   nodedata: ""h\315\350\215y\203\242]\371\235\232Pt&\325\210eZ\346\237XZ \277\2457n\221\336\253\245\317\002\304\206+8\t]\351\316\373|\311\263V\300\023\035\211\237\260\300\r\033u3a1\203\303\365\307k\347\006E\344\037@\210\363\010\336T\226\247'\204_{\261\370""1\235\2445\343\033Y!\212\201\341\272\225'\007*$\244&\336\343'\233i\332\374\245 {^\306-N\333\gE\006\347\212\331C\211Z\177\247\031\ns1\010U\3656\264\301i\220f\030Nf\360\251\273M2\277\277\236\025\262\2027\021\002\317\265\346\022\013\202_n)6q\357\2538_-\302\252B\204v\277\254\373\3322Ca\020\243\0105\263\257\367\032\254\016\003""; }; "
1750587299522,1750587299523,0,1,1,0,TMLedgerData,"ledgerHash: ""\304J\342j\272\270\274\360\307\356\347\200Ywm#\014\233\301\022L\232T\033N\341\232\325\233\227\313\307""; ledgerSeq: 12; type: liAS_NODE; nodes {;   nodedata: ""\021\000h""\000\000\000\000 \033\000\000\000\013\002\023\301\277\330\356GuH\375\327!\255\371\r\231\262R\256J\034\222\241\355X\265E\241^W\225\304\014\361CX-}\351f\032\255\274\334m\326c\017\014ao[\342\230\003\245\245\3341Hm\326^\017jy\335\261\214.\207\210%\003 \010ML\347\200R\304&\320_\215\226\344\334\033\354\2002\255\216\332\317\255\034\017T\270\242(,&\233\326\374o\306[\235\317>\021e\005s\261\371l\216\017\003\032\017J\217\244W<\241'\332/+\360Bx\036+\210j\237K%\340]\246E\2434\264K\036\030qP\317\315\336\325\007\372\373$P*|\321\342\002\026\n\3215\340\3203\200x\327D\301]5\237\247Yz\3711!L\214\221=\252\002\267\225zg\264\253\271T\346ji\003\235\236Pis\264\375\222|H\344\261g?[g\311\347s\234ae\204\263\365U\334\372D\354\345\276\201f\035\271%#\375\245\314.""\373\330&\3746\354@[\274\202\021\202\373Vi\243\n\325\250\005e\360""m\346'\311@\343\016$L\346\334\360<w\317\351\2337\023\262\336W\254\222\315\335\317oP\221\031g\037\220\357Ft\030n\306\370\n\354\226\365\346\276\322i\233\014\037\027Z\351\022\216@=S\205\334\033\374\234n\r\270\210]\013\203\356\024\366\354\260\007L\324\236aQ\361\020X\372\353 3\347\310*\253\021gT!>\003\325\254,\003\367\204\031\331\255\240\264\227\2326\315\307\363\323\325\303\032N\256*\307\327 \235\332\207u\210\271\257\306g\231i*\260\326k\001"";   nodeid: ""\260\000\000\000\000\000\000\000\000\000\000\000\000\000\000\000\000\000\000\000\000\000\000\000\000\000\000\000\000\000\000\000\001""; }; ","ledgerHash: ""\304J\342j\272\270\274\360\307\356\347\200Ywm#\014\233\301\022L\232T\033N\341\232\325\233\227\313\307""; ledgerSeq: 12; type: liAS_NODE; nodes {;   nodedata: ""\021\000h""\000\000\000\000 \033\000\000\000\013\002\023\301\277\330\356GuH\375\327!\255\371\r\231\262R\256J\034\222\241\355X\265E\241^W\225\304\014\361CX-}\351f\032\255\274\334m\326c\017\014ao[\342\230\003\245\245\3341Hm\326^\017jy\335\261\214.\207\210%\003 \010ML\347\200R\304&\320_\215\226\344\334\033\354\2002\255\216\332\317\255\034\017T\270\242(,&\233\326\374o\306[\235\317>\021e\005s\261\371l\216\017\003\032\017J\217\244W<\241'\332/+\360Bx\036+\210j\237K%\340]\246E\2434\264K\036\030qP\317\315\336\325\007\372\373$P*|\321\342\002\026\n\3215\340\3203\200x\327D\301]5\237\247Yz\3711!L\214\221=\252\002\267\225zg\264\253\271T\346ji\003\235\236Pis\264\375\222|H\344\261g?[g\311\347s\234ae\204\263\365U\334\372D\354\345\276\201f\035\271%#\375\245\314.""\373\330&\3746\354@[\274\202\021\202\373Vi\243\n\325\250\005e\360""m\346'\311@\343\016$L\346\334\360<w\317\351\2337\023\262\336W\254\222\315\335\317oP\221\031g\037\220\357Ft\030n\306\370\n\354\226\365\346\276\322i\233\014\037\027Z\351\022\216@=S\205\334\033\374\234n\r\270\210]\013\203\356\024\366\354\260\007L\324\236aQ\361\020X\372\353 3\347\310*\253\021gT!>\003\325\254,\003\367\204\031\331\255\240\264\227\2326\315\307\363\323\325\303\032N\256*\307\327 \235\332\207u\210\271\257\306g\231i*\260\326k\001"";   nodeid: ""\260\000\000\000\000\000\000\000\000\000\000\000\000\000\000\000\000\000\000\000\000\000\000\000\000\000\000\000\000\000\000\000\001""; }; "
1750587299523,1750587299523,0,1,1,4,TMLedgerData,"ledgerHash: ""\304J\342j\272\270\274\360\307\356\347\200Ywm#\014\233\301\022L\232T\033N\341\232\325\233\227\313\307""; ledgerSeq: 12; type: liBASE; nodes {;   nodedata: ""\000\000\000\014\001cEx]\211\377\330L\324\236aQ\361\020X\372\353 3\347\310*\253\021gT!>\003\325\254,\003\367\204\031\331\255\240\000\000\000\000\000\000\000\000\000\000\000\000\000\000\000\000\000\000\000\000\000\000\000\000\000\000\000\000\000\000\000\000\256\206QI\207\004r\374\341\000\272\376T\336\260\343\242\325\343\320\317+~\304q8}\017r;#0/\352\224$/\352\224%\n\000""; }; nodes {;   nodedata: ""h\315\350\215y\203\242]\371\235\232Pt&\325\210eZ\346\237XZ \277\2457n\221\336\253\245\317\002\304\206+8\t]\351\316\373|\311\263V\300\023\035\211\237\260\300\r\033u3a1\203\303\365\307k\347\006E\344\037@\210\363\010\336T\226\247'\204_{\261\370""1\235\2445\343\033Y!\212\201\341\272\225'\007*$\244&\336\343'\233i\332\374\245 {^\306-N\333\gE\006\347\212\331C\211Z\177\247\031\ns1\010U\3656\264\301i\220f\030Nf\360\251\273M2\277\277\236\025\262\2027\021\002\317\265\346\022\013\202_n)6q\357\2538_-\302\252B\204v\277\254\373\3322Ca\020\243\0105\263\257\367\032\254\016\003""; }; requestCookie: 4; ","ledgerHash: ""\304J\342j\272\270\274\360\307\356\347\200Ywm#\014\233\301\022L\232T\033N\341\232\325\233\227\313\307""; ledgerSeq: 12; type: liBASE; nodes {;   nodedata: ""\000\000\000\014\001cEx]\211\377\330L\324\236aQ\361\020X\372\353 3\347\310*\253\021gT!>\003\325\254,\003\367\204\031\331\255\240\000\000\000\000\000\000\000\000\000\000\000\000\000\000\000\000\000\000\000\000\000\000\000\000\000\000\000\000\000\000\000\000\256\206QI\207\004r\374\341\000\272\376T\336\260\343\242\325\343\320\317+~\304q8}\017r;#0/\352\224$/\352\224%\n\000""; }; nodes {;   nodedata: ""h\315\350\215y\203\242]\371\235\232Pt&\325\210eZ\346\237XZ \277\2457n\221\336\253\245\317\002\304\206+8\t]\351\316\373|\311\263V\300\023\035\211\237\260\300\r\033u3a1\203\303\365\307k\347\006E\344\037@\210\363\010\336T\226\247'\204_{\261\370""1\235\2445\343\033Y!\212\201\341\272\225'\007*$\244&\336\343'\233i\332\374\245 {^\306-N\333\gE\006\347\212\331C\211Z\177\247\031\ns1\010U\3656\264\301i\220f\030Nf\360\251\273M2\277\277\236\025\262\2027\021\002\317\265\346\022\013\202_n)6q\357\2538_-\302\252B\204v\277\254\373\3322Ca\020\243\0105\263\257\367\032\254\016\003""; }; requestCookie: 4; "
1750587299524,1750587299524,0,1,1,4,TMLedgerData,"ledgerHash: ""\304J\342j\272\270\274\360\307\356\347\200Ywm#\014\233\301\022L\232T\033N\341\232\325\233\227\313\307""; ledgerSeq: 12; type: liBASE; nodes {;   nodedata: ""\000\000\000\014\001cEx]\211\377\330L\324\236aQ\361\020X\372\353 3\347\310*\253\021gT!>\003\325\254,\003\367\204\031\331\255\240\000\000\000\000\000\000\000\000\000\000\000\000\000\000\000\000\000\000\000\000\000\000\000\000\000\000\000\000\000\000\000\000\256\206QI\207\004r\374\341\000\272\376T\336\260\343\242\325\343\320\317+~\304q8}\017r;#0/\352\224$/\352\224%\n\000""; }; nodes {;   nodedata: ""h\315\350\215y\203\242]\371\235\232Pt&\325\210eZ\346\237XZ \277\2457n\221\336\253\245\317\002\304\206+8\t]\351\316\373|\311\263V\300\023\035\211\237\260\300\r\033u3a1\203\303\365\307k\347\006E\344\037@\210\363\010\336T\226\247'\204_{\261\370""1\235\2445\343\033Y!\212\201\341\272\225'\007*$\244&\336\343'\233i\332\374\245 {^\306-N\333\gE\006\347\212\331C\211Z\177\247\031\ns1\010U\3656\264\301i\220f\030Nf\360\251\273M2\277\277\236\025\262\2027\021\002\317\265\346\022\013\202_n)6q\357\2538_-\302\252B\204v\277\254\373\3322Ca\020\243\0105\263\257\367\032\254\016\003""; }; requestCookie: 3; ","ledgerHash: ""\304J\342j\272\270\274\360\307\356\347\200Ywm#\014\233\301\022L\232T\033N\341\232\325\233\227\313\307""; ledgerSeq: 12; type: liBASE; nodes {;   nodedata: ""\000\000\000\014\001cEx]\211\377\330L\324\236aQ\361\020X\372\353 3\347\310*\253\021gT!>\003\325\254,\003\367\204\031\331\255\240\000\000\000\000\000\000\000\000\000\000\000\000\000\000\000\000\000\000\000\000\000\000\000\000\000\000\000\000\000\000\000\000\256\206QI\207\004r\374\341\000\272\376T\336\260\343\242\325\343\320\317+~\304q8}\017r;#0/\352\224$/\352\224%\n\000""; }; nodes {;   nodedata: ""h\315\350\215y\203\242]\371\235\232Pt&\325\210eZ\346\237XZ \277\2457n\221\336\253\245\317\002\304\206+8\t]\351\316\373|\311\263V\300\023\035\211\237\260\300\r\033u3a1\203\303\365\307k\347\006E\344\037@\210\363\010\336T\226\247'\204_{\261\370""1\235\2445\343\033Y!\212\201\341\272\225'\007*$\244&\336\343'\233i\332\374\245 {^\306-N\333\gE\006\347\212\331C\211Z\177\247\031\ns1\010U\3656\264\301i\220f\030Nf\360\251\273M2\277\277\236\025\262\2027\021\002\317\265\346\022\013\202_n)6q\357\2538_-\302\252B\204v\277\254\373\3322Ca\020\243\0105\263\257\367\032\254\016\003""; }; requestCookie: 3; "
1750587299525,1750587299526,0,1,1,3,TMLedgerData,"ledgerHash: ""\304J\342j\272\270\274\360\307\356\347\200Ywm#\014\233\301\022L\232T\033N\341\232\325\233\227\313\307""; ledgerSeq: 12; type: liBASE; nodes {;   nodedata: ""\000\000\000\014\001cEx]\211\377\330L\324\236aQ\361\020X\372\353 3\347\310*\253\021gT!>\003\325\254,\003\367\204\031\331\255\240\000\000\000\000\000\000\000\000\000\000\000\000\000\000\000\000\000\000\000\000\000\000\000\000\000\000\000\000\000\000\000\000\256\206QI\207\004r\374\341\000\272\376T\336\260\343\242\325\343\320\317+~\304q8}\017r;#0/\352\224$/\352\224%\n\000""; }; nodes {;   nodedata: ""h\315\350\215y\203\242]\371\235\232Pt&\325\210eZ\346\237XZ \277\2457n\221\336\253\245\317\002\304\206+8\t]\351\316\373|\311\263V\300\023\035\211\237\260\300\r\033u3a1\203\303\365\307k\347\006E\344\037@\210\363\010\336T\226\247'\204_{\261\370""1\235\2445\343\033Y!\212\201\341\272\225'\007*$\244&\336\343'\233i\332\374\245 {^\306-N\333\gE\006\347\212\331C\211Z\177\247\031\ns1\010U\3656\264\301i\220f\030Nf\360\251\273M2\277\277\236\025\262\2027\021\002\317\265\346\022\013\202_n)6q\357\2538_-\302\252B\204v\277\254\373\3322Ca\020\243\0105\263\257\367\032\254\016\003""; }; ","ledgerHash: ""\304J\342j\272\270\274\360\307\356\347\200Ywm#\014\233\301\022L\232T\033N\341\232\325\233\227\313\307""; ledgerSeq: 12; type: liBASE; nodes {;   nodedata: ""\000\000\000\014\001cEx]\211\377\330L\324\236aQ\361\020X\372\353 3\347\310*\253\021gT!>\003\325\254,\003\367\204\031\331\255\240\000\000\000\000\000\000\000\000\000\000\000\000\000\000\000\000\000\000\000\000\000\000\000\000\000\000\000\000\000\000\000\000\256\206QI\207\004r\374\341\000\272\376T\336\260\343\242\325\343\320\317+~\304q8}\017r;#0/\352\224$/\352\224%\n\000""; }; nodes {;   nodedata: ""h\315\350\215y\203\242]\371\235\232Pt&\325\210eZ\346\237XZ \277\2457n\221\336\253\245\317\002\304\206+8\t]\351\316\373|\311\263V\300\023\035\211\237\260\300\r\033u3a1\203\303\365\307k\347\006E\344\037@\210\363\010\336T\226\247'\204_{\261\370""1\235\2445\343\033Y!\212\201\341\272\225'\007*$\244&\336\343'\233i\332\374\245 {^\306-N\333\gE\006\347\212\331C\211Z\177\247\031\ns1\010U\3656\264\301i\220f\030Nf\360\251\273M2\277\277\236\025\262\2027\021\002\317\265\346\022\013\202_n)6q\357\2538_-\302\252B\204v\277\254\373\3322Ca\020\243\0105\263\257\367\032\254\016\003""; }; "
1750587299526,1750587299526,0,1,1,3,TMLedgerData,"ledgerHash: ""\304J\342j\272\270\274\360\307\356\347\200Ywm#\014\233\301\022L\232T\033N\341\232\325\233\227\313\307""; ledgerSeq: 12; type: liBASE; nodes {;   nodedata: ""\000\000\000\014\001cEx]\211\377\330L\324\236aQ\361\020X\372\353 3\347\310*\253\021gT!>\003\325\254,\003\367\204\031\331\255\240\000\000\000\000\000\000\000\000\000\000\000\000\000\000\000\000\000\000\000\000\000\000\000\000\000\000\000\000\000\000\000\000\256\206QI\207\004r\374\341\000\272\376T\336\260\343\242\325\343\320\317+~\304q8}\017r;#0/\352\224$/\352\224%\n\000""; }; nodes {;   nodedata: ""h\315\350\215y\203\242]\371\235\232Pt&\325\210eZ\346\237XZ \277\2457n\221\336\253\245\317\002\304\206+8\t]\351\316\373|\311\263V\300\023\035\211\237\260\300\r\033u3a1\203\303\365\307k\347\006E\344\037@\210\363\010\336T\226\247'\204_{\261\370""1\235\2445\343\033Y!\212\201\341\272\225'\007*$\244&\336\343'\233i\332\374\245 {^\306-N\333\gE\006\347\212\331C\211Z\177\247\031\ns1\010U\3656\264\301i\220f\030Nf\360\251\273M2\277\277\236\025\262\2027\021\002\317\265\346\022\013\202_n)6q\357\2538_-\302\252B\204v\277\254\373\3322Ca\020\243\0105\263\257\367\032\254\016\003""; }; requestCookie: 5; ","ledgerHash: ""\304J\342j\272\270\274\360\307\356\347\200Ywm#\014\233\301\022L\232T\033N\341\232\325\233\227\313\307""; ledgerSeq: 12; type: liBASE; nodes {;   nodedata: ""\000\000\000\014\001cEx]\211\377\330L\324\236aQ\361\020X\372\353 3\347\310*\253\021gT!>\003\325\254,\003\367\204\031\331\255\240\000\000\000\000\000\000\000\000\000\000\000\000\000\000\000\000\000\000\000\000\000\000\000\000\000\000\000\000\000\000\000\000\256\206QI\207\004r\374\341\000\272\376T\336\260\343\242\325\343\320\317+~\304q8}\017r;#0/\352\224$/\352\224%\n\000""; }; nodes {;   nodedata: ""h\315\350\215y\203\242]\371\235\232Pt&\325\210eZ\346\237XZ \277\2457n\221\336\253\245\317\002\304\206+8\t]\351\316\373|\311\263V\300\023\035\211\237\260\300\r\033u3a1\203\303\365\307k\347\006E\344\037@\210\363\010\336T\226\247'\204_{\261\370""1\235\2445\343\033Y!\212\201\341\272\225'\007*$\244&\336\343'\233i\332\374\245 {^\306-N\333\gE\006\347\212\331C\211Z\177\247\031\ns1\010U\3656\264\301i\220f\030Nf\360\251\273M2\277\277\236\025\262\2027\021\002\317\265\346\022\013\202_n)6q\357\2538_-\302\252B\204v\277\254\373\3322Ca\020\243\0105\263\257\367\032\254\016\003""; }; requestCookie: 5; "
1750587299527,1750587299527,0,1,1,3,TMLedgerData,"ledgerHash: ""\304J\342j\272\270\274\360\307\356\347\200Ywm#\014\233\301\022L\232T\033N\341\232\325\233\227\313\307""; ledgerSeq: 12; type: liBASE; nodes {;   nodedata: ""\000\000\000\014\001cEx]\211\377\330L\324\236aQ\361\020X\372\353 3\347\310*\253\021gT!>\003\325\254,\003\367\204\031\331\255\240\000\000\000\000\000\000\000\000\000\000\000\000\000\000\000\000\000\000\000\000\000\000\000\000\000\000\000\000\000\000\000\000\256\206QI\207\004r\374\341\000\272\376T\336\260\343\242\325\343\320\317+~\304q8}\017r;#0/\352\224$/\352\224%\n\000""; }; nodes {;   nodedata: ""h\315\350\215y\203\242]\371\235\232Pt&\325\210eZ\346\237XZ \277\2457n\221\336\253\245\317\002\304\206+8\t]\351\316\373|\311\263V\300\023\035\211\237\260\300\r\033u3a1\203\303\365\307k\347\006E\344\037@\210\363\010\336T\226\247'\204_{\261\370""1\235\2445\343\033Y!\212\201\341\272\225'\007*$\244&\336\343'\233i\332\374\245 {^\306-N\333\gE\006\347\212\331C\211Z\177\247\031\ns1\010U\3656\264\301i\220f\030Nf\360\251\273M2\277\277\236\025\262\2027\021\002\317\265\346\022\013\202_n)6q\357\2538_-\302\252B\204v\277\254\373\3322Ca\020\243\0105\263\257\367\032\254\016\003""; }; ","ledgerHash: ""\304J\342j\272\270\274\360\307\356\347\200Ywm#\014\233\301\022L\232T\033N\341\232\325\233\227\313\307""; ledgerSeq: 12; type: liBASE; nodes {;   nodedata: ""\000\000\000\014\001cEx]\211\377\330L\324\236aQ\361\020X\372\353 3\347\310*\253\021gT!>\003\325\254,\003\367\204\031\331\255\240\000\000\000\000\000\000\000\000\000\000\000\000\000\000\000\000\000\000\000\000\000\000\000\000\000\000\000\000\000\000\000\000\256\206QI\207\004r\374\341\000\272\376T\336\260\343\242\325\343\320\317+~\304q8}\017r;#0/\352\224$/\352\224%\n\000""; }; nodes {;   nodedata: ""h\315\350\215y\203\242]\371\235\232Pt&\325\210eZ\346\237XZ \277\2457n\221\336\253\245\317\002\304\206+8\t]\351\316\373|\311\263V\300\023\035\211\237\260\300\r\033u3a1\203\303\365\307k\347\006E\344\037@\210\363\010\336T\226\247'\204_{\261\370""1\235\2445\343\033Y!\212\201\341\272\225'\007*$\244&\336\343'\233i\332\374\245 {^\306-N\333\gE\006\347\212\331C\211Z\177\247\031\ns1\010U\3656\264\301i\220f\030Nf\360\251\273M2\277\277\236\025\262\2027\021\002\317\265\346\022\013\202_n)6q\357\2538_-\302\252B\204v\277\254\373\3322Ca\020\243\0105\263\257\367\032\254\016\003""; }; "
1750587299527,1750587299528,0,1,1,3,TMLedgerData,"ledgerHash: ""\304J\342j\272\270\274\360\307\356\347\200Ywm#\014\233\301\022L\232T\033N\341\232\325\233\227\313\307""; ledgerSeq: 12; type: liBASE; nodes {;   nodedata: ""\000\000\000\014\001cEx]\211\377\330L\324\236aQ\361\020X\372\353 3\347\310*\253\021gT!>\003\325\254,\003\367\204\031\331\255\240\000\000\000\000\000\000\000\000\000\000\000\000\000\000\000\000\000\000\000\000\000\000\000\000\000\000\000\000\000\000\000\000\256\206QI\207\004r\374\341\000\272\376T\336\260\343\242\325\343\320\317+~\304q8}\017r;#0/\352\224$/\352\224%\n\000""; }; nodes {;   nodedata: ""h\315\350\215y\203\242]\371\235\232Pt&\325\210eZ\346\237XZ \277\2457n\221\336\253\245\317\002\304\206+8\t]\351\316\373|\311\263V\300\023\035\211\237\260\300\r\033u3a1\203\303\365\307k\347\006E\344\037@\210\363\010\336T\226\247'\204_{\261\370""1\235\2445\343\033Y!\212\201\341\272\225'\007*$\244&\336\343'\233i\332\374\245 {^\306-N\333\gE\006\347\212\331C\211Z\177\247\031\ns1\010U\3656\264\301i\220f\030Nf\360\251\273M2\277\277\236\025\262\2027\021\002\317\265\346\022\013\202_n)6q\357\2538_-\302\252B\204v\277\254\373\3322Ca\020\243\0105\263\257\367\032\254\016\003""; }; requestCookie: 2; ","ledgerHash: ""\304J\342j\272\270\274\360\307\356\347\200Ywm#\014\233\301\022L\232T\033N\341\232\325\233\227\313\307""; ledgerSeq: 12; type: liBASE; nodes {;   nodedata: ""\000\000\000\014\001cEx]\211\377\330L\324\236aQ\361\020X\372\353 3\347\310*\253\021gT!>\003\325\254,\003\367\204\031\331\255\240\000\000\000\000\000\000\000\000\000\000\000\000\000\000\000\000\000\000\000\000\000\000\000\000\000\000\000\000\000\000\000\000\256\206QI\207\004r\374\341\000\272\376T\336\260\343\242\325\343\320\317+~\304q8}\017r;#0/\352\224$/\352\224%\n\000""; }; nodes {;   nodedata: ""h\315\350\215y\203\242]\371\235\232Pt&\325\210eZ\346\237XZ \277\2457n\221\336\253\245\317\002\304\206+8\t]\351\316\373|\311\263V\300\023\035\211\237\260\300\r\033u3a1\203\303\365\307k\347\006E\344\037@\210\363\010\336T\226\247'\204_{\261\370""1\235\2445\343\033Y!\212\201\341\272\225'\007*$\244&\336\343'\233i\332\374\245 {^\306-N\333\gE\006\347\212\331C\211Z\177\247\031\ns1\010U\3656\264\301i\220f\030Nf\360\251\273M2\277\277\236\025\262\2027\021\002\317\265\346\022\013\202_n)6q\357\2538_-\302\252B\204v\277\254\373\3322Ca\020\243\0105\263\257\367\032\254\016\003""; }; requestCookie: 2; "
1750587299528,1750587299528,0,1,1,4,TMLedgerData,"ledgerHash: ""\304J\342j\272\270\274\360\307\356\347\200Ywm#\014\233\301\022L\232T\033N\341\232\325\233\227\313\307""; ledgerSeq: 12; type: liAS_NODE; nodes {;   nodedata: ""\021\000h""\000\000\000\000 \033\000\000\000\013\002\023\301\277\330\356GuH\375\327!\255\371\r\231\262R\256J\034\222\241\355X\265E\241^W\225\304\014\361CX-}\351f\032\255\274\334m\326c\017\014ao[\342\230\003\245\245\3341Hm\326^\017jy\335\261\214.\207\210%\003 \010ML\347\200R\304&\320_\215\226\344\334\033\354\2002\255\216\332\317\255\034\017T\270\242(,&\233\326\374o\306[\235\317>\021e\005s\261\371l\216\017\003\032\017J\217\244W<\241'\332/+\360Bx\036+\210j\237K%\340]\246E\2434\264K\036\030qP\317\315\336\325\007\372\373$P*|\321\342\002\026\n\3215\340\3203\200x\327D\301]5\237\247Yz\3711!L\214\221=\252\002\267\225zg\264\253\271T\346ji\003\235\236Pis\264\375\222|H\344\261g?[g\311\347s\234ae\204\263\365U\334\372D\354\345\276\201f\035\271%#\375\245\314.""\373\330&\3746\354@[\274\202\021\202\373Vi\243\n\325\250\005e\360""m\346'\311@\343\016$L\346\334\360<w\317\351\2337\023\262\336W\254\222\315\335\317oP\221\031g\037\220\357Ft\030n\306\370\n\354\226\365\346\276\322i\233\014\037\027Z\351\022\216@=S\205\334\033\374\234n\r\270\210]\013\203\356\024\366\354\260\007L\324\236aQ\361\020X\372\353 3\347\310*\253\021gT!>\003\325\254,\003\367\204\031\331\255\240\264\227\2326\315\307\363\323\325\303\032N\256*\307\327 \235\332\207u\210\271\257\306g\231i*\260\326k\001"";   nodeid: ""\260\000\000\000\000\000\000\000\000\000\000\000\000\000\000\000\000\000\000\000\000\000\000\000\000\000\000\000\000\000\000\000\001""; }; ","ledgerHash: ""\304J\342j\272\270\274\360\307\356\347\200Ywm#\014\233\301\022L\232T\033N\341\232\325\233\227\313\307""; ledgerSeq: 12; type: liAS_NODE; nodes {;   nodedata: ""\021\000h""\000\000\000\000 \033\000\000\000\013\002\023\301\277\330\356GuH\375\327!\255\371\r\231\262R\256J\034\222\241\355X\265E\241^W\225\304\014\361CX-}\351f\032\255\274\334m\326c\017\014ao[\342\230\003\245\245\3341Hm\326^\017jy\335\261\214.\207\210%\003 \010ML\347\200R\304&\320_\215\226\344\334\033\354\2002\255\216\332\317\255\034\017T\270\242(,&\233\326\374o\306[\235\317>\021e\005s\261\371l\216\017\003\032\017J\217\244W<\241'\332/+\360Bx\036+\210j\237K%\340]\246E\2434\264K\036\030qP\317\315\336\325\007\372\373$P*|\321\342\002\026\n\3215\340\3203\200x\327D\301]5\237\247Yz\3711!L\214\221=\252\002\267\225zg\264\253\271T\346ji\003\235\236Pis\264\375\222|H\344\261g?[g\311\347s\234ae\204\263\365U\334\372D\354\345\276\201f\035\271%#\375\245\314.""\373\330&\3746\354@[\274\202\021\202\373Vi\243\n\325\250\005e\360""m\346'\311@\343\016$L\346\334\360<w\317\351\2337\023\262\336W\254\222\315\335\317oP\221\031g\037\220\357Ft\030n\306\370\n\354\226\365\346\276\322i\233\014\037\027Z\351\022\216@=S\205\334\033\374\234n\r\270\210]\013\203\356\024\366\354\260\007L\324\236aQ\361\020X\372\353 3\347\310*\253\021gT!>\003\325\254,\003\367\204\031\331\255\240\264\227\2326\315\307\363\323\325\303\032N\256*\307\327 \235\332\207u\210\271\257\306g\231i*\260\326k\001"";   nodeid: ""\260\000\000\000\000\000\000\000\000\000\000\000\000\000\000\000\000\000\000\000\000\000\000\000\000\000\000\000\000\000\000\000\001""; }; "
1750587299530,1750587299530,0,1,0,4,TMLedgerData,"ledgerHash: ""\304J\342j\272\270\274\360\307\356\347\200Ywm#\014\233\301\022L\232T\033N\341\232\325\233\227\313\307""; ledgerSeq: 12; type: liBASE; nodes {;   nodedata: ""\000\000\000\014\001cEx]\211\377\330L\324\236aQ\361\020X\372\353 3\347\310*\253\021gT!>\003\325\254,\003\367\204\031\331\255\240\000\000\000\000\000\000\000\000\000\000\000\000\000\000\000\000\000\000\000\000\000\000\000\000\000\000\000\000\000\000\000\000\256\206QI\207\004r\374\341\000\272\376T\336\260\343\242\325\343\320\317+~\304q8}\017r;#0/\352\224$/\352\224%\n\000""; }; nodes {;   nodedata: ""h\315\350\215y\203\242]\371\235\232Pt&\325\210eZ\346\237XZ \277\2457n\221\336\253\245\317\002\304\206+8\t]\351\316\373|\311\263V\300\023\035\211\237\260\300\r\033u3a1\203\303\365\307k\347\006E\344\037@\210\363\010\336T\226\247'\204_{\261\370""1\235\2445\343\033Y!\212\201\341\272\225'\007*$\244&\336\343'\233i\332\374\245 {^\306-N\333\gE\006\347\212\331C\211Z\177\247\031\ns1\010U\3656\264\301i\220f\030Nf\360\251\273M2\277\277\236\025\262\2027\021\002\317\265\346\022\013\202_n)6q\357\2538_-\302\252B\204v\277\254\373\3322Ca\020\243\0105\263\257\367\032\254\016\003""; }; ","ledgerHash: ""\304J\342j\272\270\274\360\307\356\347\200Ywm#\014\233\301\022L\232T\033N\341\232\325\233\227\313\307""; ledgerSeq: 12; type: liBASE; nodes {;   nodedata: ""\000\000\000\014\001cEx]\211\377\330L\324\236aQ\361\020X\372\353 3\347\310*\253\021gT!>\003\325\254,\003\367\204\031\331\255\240\000\000\000\000\000\000\000\000\000\000\000\000\000\000\000\000\000\000\000\000\000\000\000\000\000\000\000\000\000\000\000\000\256\206QI\207\004r\374\341\000\272\376T\336\260\343\242\325\343\320\317+~\304q8}\017r;#0/\352\224$/\352\224%\n\000""; }; nodes {;   nodedata: ""h\315\350\215y\203\242]\371\235\232Pt&\325\210eZ\346\237XZ \277\2457n\221\336\253\245\317\002\304\206+8\t]\351\316\373|\311\263V\300\023\035\211\237\260\300\r\033u3a1\203\303\365\307k\347\006E\344\037@\210\363\010\336T\226\247'\204_{\261\370""1\235\2445\343\033Y!\212\201\341\272\225'\007*$\244&\336\343'\233i\332\374\245 {^\306-N\333\gE\006\347\212\331C\211Z\177\247\031\ns1\010U\3656\264\301i\220f\030Nf\360\251\273M2\277\277\236\025\262\2027\021\002\317\265\346\022\013\202_n)6q\357\2538_-\302\252B\204v\277\254\373\3322Ca\020\243\0105\263\257\367\032\254\016\003""; }; "
1750587299530,1750587299531,0,1,1,2,TMLedgerData,"ledgerHash: ""\304J\342j\272\270\274\360\307\356\347\200Ywm#\014\233\301\022L\232T\033N\341\232\325\233\227\313\307""; ledgerSeq: 12; type: liBASE; nodes {;   nodedata: ""\000\000\000\014\001cEx]\211\377\330L\324\236aQ\361\020X\372\353 3\347\310*\253\021gT!>\003\325\254,\003\367\204\031\331\255\240\000\000\000\000\000\000\000\000\000\000\000\000\000\000\000\000\000\000\000\000\000\000\000\000\000\000\000\000\000\000\000\000\256\206QI\207\004r\374\341\000\272\376T\336\260\343\242\325\343\320\317+~\304q8}\017r;#0/\352\224$/\352\224%\n\000""; }; nodes {;   nodedata: ""h\315\350\215y\203\242]\371\235\232Pt&\325\210eZ\346\237XZ \277\2457n\221\336\253\245\317\002\304\206+8\t]\351\316\373|\311\263V\300\023\035\211\237\260\300\r\033u3a1\203\303\365\307k\347\006E\344\037@\210\363\010\336T\226\247'\204_{\261\370""1\235\2445\343\033Y!\212\201\341\272\225'\007*$\244&\336\343'\233i\332\374\245 {^\306-N\333\gE\006\347\212\331C\211Z\177\247\031\ns1\010U\3656\264\301i\220f\030Nf\360\251\273M2\277\277\236\025\262\2027\021\002\317\265\346\022\013\202_n)6q\357\2538_-\302\252B\204v\277\254\373\3322Ca\020\243\0105\263\257\367\032\254\016\003""; }; requestCookie: 4; ","ledgerHash: ""\304J\342j\272\270\274\360\307\356\347\200Ywm#\014\233\301\022L\232T\033N\341\232\325\233\227\313\307""; ledgerSeq: 12; type: liBASE; nodes {;   nodedata: ""\000\000\000\014\001cEx]\211\377\330L\324\236aQ\361\020X\372\353 3\347\310*\253\021gT!>\003\325\254,\003\367\204\031\331\255\240\000\000\000\000\000\000\000\000\000\000\000\000\000\000\000\000\000\000\000\000\000\000\000\000\000\000\000\000\000\000\000\000\256\206QI\207\004r\374\341\000\272\376T\336\260\343\242\325\343\320\317+~\304q8}\017r;#0/\352\224$/\352\224%\n\000""; }; nodes {;   nodedata: ""h\315\350\215y\203\242]\371\235\232Pt&\325\210eZ\346\237XZ \277\2457n\221\336\253\245\317\002\304\206+8\t]\351\316\373|\311\263V\300\023\035\211\237\260\300\r\033u3a1\203\303\365\307k\347\006E\344\037@\210\363\010\336T\226\247'\204_{\261\370""1\235\2445\343\033Y!\212\201\341\272\225'\007*$\244&\336\343'\233i\332\374\245 {^\306-N\333\gE\006\347\212\331C\211Z\177\247\031\ns1\010U\3656\264\301i\220f\030Nf\360\251\273M2\277\277\236\025\262\2027\021\002\317\265\346\022\013\202_n)6q\357\2538_-\302\252B\204v\277\254\373\3322Ca\020\243\0105\263\257\367\032\254\016\003""; }; requestCookie: 4; "
1750587299531,1750587299531,0,1,0,2,TMLedgerData,"ledgerHash: ""\304J\342j\272\270\274\360\307\356\347\200Ywm#\014\233\301\022L\232T\033N\341\232\325\233\227\313\307""; ledgerSeq: 12; type: liBASE; nodes {;   nodedata: ""\000\000\000\014\001cEx]\211\377\330L\324\236aQ\361\020X\372\353 3\347\310*\253\021gT!>\003\325\254,\003\367\204\031\331\255\240\000\000\000\000\000\000\000\000\000\000\000\000\000\000\000\000\000\000\000\000\000\000\000\000\000\000\000\000\000\000\000\000\256\206QI\207\004r\374\341\000\272\376T\336\260\343\242\325\343\320\317+~\304q8}\017r;#0/\352\224$/\352\224%\n\000""; }; nodes {;   nodedata: ""h\315\350\215y\203\242]\371\235\232Pt&\325\210eZ\346\237XZ \277\2457n\221\336\253\245\317\002\304\206+8\t]\351\316\373|\311\263V\300\023\035\211\237\260\300\r\033u3a1\203\303\365\307k\347\006E\344\037@\210\363\010\336T\226\247'\204_{\261\370""1\235\2445\343\033Y!\212\201\341\272\225'\007*$\244&\336\343'\233i\332\374\245 {^\306-N\333\gE\006\347\212\331C\211Z\177\247\031\ns1\010U\3656\264\301i\220f\030Nf\360\251\273M2\277\277\236\025\262\2027\021\002\317\265\346\022\013\202_n)6q\357\2538_-\302\252B\204v\277\254\373\3322Ca\020\243\0105\263\257\367\032\254\016\003""; }; ","ledgerHash: ""\304J\342j\272\270\274\360\307\356\347\200Ywm#\014\233\301\022L\232T\033N\341\232\325\233\227\313\307""; ledgerSeq: 12; type: liBASE; nodes {;   nodedata: ""\000\000\000\014\001cEx]\211\377\330L\324\236aQ\361\020X\372\353 3\347\310*\253\021gT!>\003\325\254,\003\367\204\031\331\255\240\000\000\000\000\000\000\000\000\000\000\000\000\000\000\000\000\000\000\000\000\000\000\000\000\000\000\000\000\000\000\000\000\256\206QI\207\004r\374\341\000\272\376T\336\260\343\242\325\343\320\317+~\304q8}\017r;#0/\352\224$/\352\224%\n\000""; }; nodes {;   nodedata: ""h\315\350\215y\203\242]\371\235\232Pt&\325\210eZ\346\237XZ \277\2457n\221\336\253\245\317\002\304\206+8\t]\351\316\373|\311\263V\300\023\035\211\237\260\300\r\033u3a1\203\303\365\307k\347\006E\344\037@\210\363\010\336T\226\247'\204_{\261\370""1\235\2445\343\033Y!\212\201\341\272\225'\007*$\244&\336\343'\233i\332\374\245 {^\306-N\333\gE\006\347\212\331C\211Z\177\247\031\ns1\010U\3656\264\301i\220f\030Nf\360\251\273M2\277\277\236\025\262\2027\021\002\317\265\346\022\013\202_n)6q\357\2538_-\302\252B\204v\277\254\373\3322Ca\020\243\0105\263\257\367\032\254\016\003""; }; "
1750587299532,1750587299532,0,1,0,3,TMLedgerData,"ledgerHash: ""\304J\342j\272\270\274\360\307\356\347\200Ywm#\014\233\301\022L\232T\033N\341\232\325\233\227\313\307""; ledgerSeq: 12; type: liBASE; nodes {;   nodedata: ""\000\000\000\014\001cEx]\211\377\330L\324\236aQ\361\020X\372\353 3\347\310*\253\021gT!>\003\325\254,\003\367\204\031\331\255\240\000\000\000\000\000\000\000\000\000\000\000\000\000\000\000\000\000\000\000\000\000\000\000\000\000\000\000\000\000\000\000\000\256\206QI\207\004r\374\341\000\272\376T\336\260\343\242\325\343\320\317+~\304q8}\017r;#0/\352\224$/\352\224%\n\000""; }; nodes {;   nodedata: ""h\315\350\215y\203\242]\371\235\232Pt&\325\210eZ\346\237XZ \277\2457n\221\336\253\245\317\002\304\206+8\t]\351\316\373|\311\263V\300\023\035\211\237\260\300\r\033u3a1\203\303\365\307k\347\006E\344\037@\210\363\010\336T\226\247'\204_{\261\370""1\235\2445\343\033Y!\212\201\341\272\225'\007*$\244&\336\343'\233i\332\374\245 {^\306-N\333\gE\006\347\212\331C\211Z\177\247\031\ns1\010U\3656\264\301i\220f\030Nf\360\251\273M2\277\277\236\025\262\2027\021\002\317\265\346\022\013\202_n)6q\357\2538_-\302\252B\204v\277\254\373\3322Ca\020\243\0105\263\257\367\032\254\016\003""; }; ","ledgerHash: ""\304J\342j\272\270\274\360\307\356\347\200Ywm#\014\233\301\022L\232T\033N\341\232\325\233\227\313\307""; ledgerSeq: 12; type: liBASE; nodes {;   nodedata: ""\000\000\000\014\001cEx]\211\377\330L\324\236aQ\361\020X\372\353 3\347\310*\253\021gT!>\003\325\254,\003\367\204\031\331\255\240\000\000\000\000\000\000\000\000\000\000\000\000\000\000\000\000\000\000\000\000\000\000\000\000\000\000\000\000\000\000\000\000\256\206QI\207\004r\374\341\000\272\376T\336\260\343\242\325\343\320\317+~\304q8}\017r;#0/\352\224$/\352\224%\n\000""; }; nodes {;   nodedata: ""h\315\350\215y\203\242]\371\235\232Pt&\325\210eZ\346\237XZ \277\2457n\221\336\253\245\317\002\304\206+8\t]\351\316\373|\311\263V\300\023\035\211\237\260\300\r\033u3a1\203\303\365\307k\347\006E\344\037@\210\363\010\336T\226\247'\204_{\261\370""1\235\2445\343\033Y!\212\201\341\272\225'\007*$\244&\336\343'\233i\332\374\245 {^\306-N\333\gE\006\347\212\331C\211Z\177\247\031\ns1\010U\3656\264\301i\220f\030Nf\360\251\273M2\277\277\236\025\262\2027\021\002\317\265\346\022\013\202_n)6q\357\2538_-\302\252B\204v\277\254\373\3322Ca\020\243\0105\263\257\367\032\254\016\003""; }; "
1750587299533,1750587299533,0,1,2,1,TMGetLedger,"itype: liAS_NODE; ledgerHash: ""\304J\342j\272\270\274\360\307\356\347\200Ywm#\014\233\301\022L\232T\033N\341\232\325\233\227\313\307""; ledgerSeq: 12; nodeIDs: ""\260\000\000\000\000\000\000\000\000\000\000\000\000\000\000\000\000\000\000\000\000\000\000\000\000\000\000\000\000\000\000\000\001""; queryType: qtINDIRECT; queryDepth: 1; ","itype: liAS_NODE; ledgerHash: ""\304J\342j\272\270\274\360\307\356\347\200Ywm#\014\233\301\022L\232T\033N\341\232\325\233\227\313\307""; ledgerSeq: 12; nodeIDs: ""\260\000\000\000\000\000\000\000\000\000\000\000\000\000\000\000\000\000\000\000\000\000\000\000\000\000\000\000\000\000\000\000\001""; queryType: qtINDIRECT; queryDepth: 1; "
1750587299533,1750587299533,0,1,2,0,TMLedgerData,"ledgerHash: ""\304J\342j\272\270\274\360\307\356\347\200Ywm#\014\233\301\022L\232T\033N\341\232\325\233\227\313\307""; ledgerSeq: 12; type: liBASE; nodes {;   nodedata: ""\000\000\000\014\001cEx]\211\377\330L\324\236aQ\361\020X\372\353 3\347\310*\253\021gT!>\003\325\254,\003\367\204\031\331\255\240\000\000\000\000\000\000\000\000\000\000\000\000\000\000\000\000\000\000\000\000\000\000\000\000\000\000\000\000\000\000\000\000\256\206QI\207\004r\374\341\000\272\376T\336\260\343\242\325\343\320\317+~\304q8}\017r;#0/\352\224$/\352\224%\n\000""; }; nodes {;   nodedata: ""h\315\350\215y\203\242]\371\235\232Pt&\325\210eZ\346\237XZ \277\2457n\221\336\253\245\317\002\304\206+8\t]\351\316\373|\311\263V\300\023\035\211\237\260\300\r\033u3a1\203\303\365\307k\347\006E\344\037@\210\363\010\336T\226\247'\204_{\261\370""1\235\2445\343\033Y!\212\201\341\272\225'\007*$\244&\336\343'\233i\332\374\245 {^\306-N\333\gE\006\347\212\331C\211Z\177\247\031\ns1\010U\3656\264\301i\220f\030Nf\360\251\273M2\277\277\236\025\262\2027\021\002\317\265\346\022\013\202_n)6q\357\2538_-\302\252B\204v\277\254\373\3322Ca\020\243\0105\263\257\367\032\254\016\003""; }; ","ledgerHash: ""\304J\342j\272\270\274\360\307\356\347\200Ywm#\014\233\301\022L\232T\033N\341\232\325\233\227\313\307""; ledgerSeq: 12; type: liBASE; nodes {;   nodedata: ""\000\000\000\014\001cEx]\211\377\330L\324\236aQ\361\020X\372\353 3\347\310*\253\021gT!>\003\325\254,\003\367\204\031\331\255\240\000\000\000\000\000\000\000\000\000\000\000\000\000\000\000\000\000\000\000\000\000\000\000\000\000\000\000\000\000\000\000\000\256\206QI\207\004r\374\341\000\272\376T\336\260\343\242\325\343\320\317+~\304q8}\017r;#0/\352\224$/\352\224%\n\000""; }; nodes {;   nodedata: ""h\315\350\215y\203\242]\371\235\232Pt&\325\210eZ\346\237XZ \277\2457n\221\336\253\245\317\002\304\206+8\t]\351\316\373|\311\263V\300\023\035\211\237\260\300\r\033u3a1\203\303\365\307k\347\006E\344\037@\210\363\010\336T\226\247'\204_{\261\370""1\235\2445\343\033Y!\212\201\341\272\225'\007*$\244&\336\343'\233i\332\374\245 {^\306-N\333\gE\006\347\212\331C\211Z\177\247\031\ns1\010U\3656\264\301i\220f\030Nf\360\251\273M2\277\277\236\025\262\2027\021\002\317\265\346\022\013\202_n)6q\357\2538_-\302\252B\204v\277\254\373\3322Ca\020\243\0105\263\257\367\032\254\016\003""; }; "
1750587299534,1750587299535,0,1,2,4,TMLedgerData,"ledgerHash: ""\304J\342j\272\270\274\360\307\356\347\200Ywm#\014\233\301\022L\232T\033N\341\232\325\233\227\313\307""; ledgerSeq: 12; type: liBASE; nodes {;   nodedata: ""\000\000\000\014\001cEx]\211\377\330L\324\236aQ\361\020X\372\353 3\347\310*\253\021gT!>\003\325\254,\003\367\204\031\331\255\240\000\000\000\000\000\000\000\000\000\000\000\000\000\000\000\000\000\000\000\000\000\000\000\000\000\000\000\000\000\000\000\000\256\206QI\207\004r\374\341\000\272\376T\336\260\343\242\325\343\320\317+~\304q8}\017r;#0/\352\224$/\352\224%\n\000""; }; nodes {;   nodedata: ""h\315\350\215y\203\242]\371\235\232Pt&\325\210eZ\346\237XZ \277\2457n\221\336\253\245\317\002\304\206+8\t]\351\316\373|\311\263V\300\023\035\211\237\260\300\r\033u3a1\203\303\365\307k\347\006E\344\037@\210\363\010\336T\226\247'\204_{\261\370""1\235\2445\343\033Y!\212\201\341\272\225'\007*$\244&\336\343'\233i\332\374\245 {^\306-N\333\gE\006\347\212\331C\211Z\177\247\031\ns1\010U\3656\264\301i\220f\030Nf\360\251\273M2\277\277\236\025\262\2027\021\002\317\265\346\022\013\202_n)6q\357\2538_-\302\252B\204v\277\254\373\3322Ca\020\243\0105\263\257\367\032\254\016\003""; }; ","ledgerHash: ""\304J\342j\272\270\274\360\307\356\347\200Ywm#\014\233\301\022L\232T\033N\341\232\325\233\227\313\307""; ledgerSeq: 12; type: liBASE; nodes {;   nodedata: ""\000\000\000\014\001cEx]\211\377\330L\324\236aQ\361\020X\372\353 3\347\310*\253\021gT!>\003\325\254,\003\367\204\031\331\255\240\000\000\000\000\000\000\000\000\000\000\000\000\000\000\000\000\000\000\000\000\000\000\000\000\000\000\000\000\000\000\000\000\256\206QI\207\004r\374\341\000\272\376T\336\260\343\242\325\343\320\317+~\304q8}\017r;#0/\352\224$/\352\224%\n\000""; }; nodes {;   nodedata: ""h\315\350\215y\203\242]\371\235\232Pt&\325\210eZ\346\237XZ \277\2457n\221\336\253\245\317\002\304\206+8\t]\351\316\373|\311\263V\300\023\035\211\237\260\300\r\033u3a1\203\303\365\307k\347\006E\344\037@\210\363\010\336T\226\247'\204_{\261\370""1\235\2445\343\033Y!\212\201\341\272\225'\007*$\244&\336\343'\233i\332\374\245 {^\306-N\333\gE\006\347\212\331C\211Z\177\247\031\ns1\010U\3656\264\301i\220f\030Nf\360\251\273M2\277\277\236\025\262\2027\021\002\317\265\346\022\013\202_n)6q\357\2538_-\302\252B\204v\277\254\373\3322Ca\020\243\0105\263\257\367\032\254\016\003""; }; "
1750587299535,1750587299535,0,1,4,3,TMLedgerData,"ledgerHash: ""\304J\342j\272\270\274\360\307\356\347\200Ywm#\014\233\301\022L\232T\033N\341\232\325\233\227\313\307""; ledgerSeq: 12; type: liBASE; nodes {;   nodedata: ""\000\000\000\014\001cEx]\211\377\330L\324\236aQ\361\020X\372\353 3\347\310*\253\021gT!>\003\325\254,\003\367\204\031\331\255\240\000\000\000\000\000\000\000\000\000\000\000\000\000\000\000\000\000\000\000\000\000\000\000\000\000\000\000\000\000\000\000\000\256\206QI\207\004r\374\341\000\272\376T\336\260\343\242\325\343\320\317+~\304q8}\017r;#0/\352\224$/\352\224%\n\000""; }; nodes {;   nodedata: ""h\315\350\215y\203\242]\371\235\232Pt&\325\210eZ\346\237XZ \277\2457n\221\336\253\245\317\002\304\206+8\t]\351\316\373|\311\263V\300\023\035\211\237\260\300\r\033u3a1\203\303\365\307k\347\006E\344\037@\210\363\010\336T\226\247'\204_{\261\370""1\235\2445\343\033Y!\212\201\341\272\225'\007*$\244&\336\343'\233i\332\374\245 {^\306-N\333\gE\006\347\212\331C\211Z\177\247\031\ns1\010U\3656\264\301i\220f\030Nf\360\251\273M2\277\277\236\025\262\2027\021\002\317\265\346\022\013\202_n)6q\357\2538_-\302\252B\204v\277\254\373\3322Ca\020\243\0105\263\257\367\032\254\016\003""; }; ","ledgerHash: ""\304J\342j\272\270\274\360\307\356\347\200Ywm#\014\233\301\022L\232T\033N\341\232\325\233\227\313\307""; ledgerSeq: 12; type: liBASE; nodes {;   nodedata: ""\000\000\000\014\001cEx]\211\377\330L\324\236aQ\361\020X\372\353 3\347\310*\253\021gT!>\003\325\254,\003\367\204\031\331\255\240\000\000\000\000\000\000\000\000\000\000\000\000\000\000\000\000\000\000\000\000\000\000\000\000\000\000\000\000\000\000\000\000\256\206QI\207\004r\374\341\000\272\376T\336\260\343\242\325\343\320\317+~\304q8}\017r;#0/\352\224$/\352\224%\n\000""; }; nodes {;   nodedata: ""h\315\350\215y\203\242]\371\235\232Pt&\325\210eZ\346\237XZ \277\2457n\221\336\253\245\317\002\304\206+8\t]\351\316\373|\311\263V\300\023\035\211\237\260\300\r\033u3a1\203\303\365\307k\347\006E\344\037@\210\363\010\336T\226\247'\204_{\261\370""1\235\2445\343\033Y!\212\201\341\272\225'\007*$\244&\336\343'\233i\332\374\245 {^\306-N\333\gE\006\347\212\331C\211Z\177\247\031\ns1\010U\3656\264\301i\220f\030Nf\360\251\273M2\277\277\236\025\262\2027\021\002\317\265\346\022\013\202_n)6q\357\2538_-\302\252B\204v\277\254\373\3322Ca\020\243\0105\263\257\367\032\254\016\003""; }; "
1750587299535,1750587299536,0,1,4,2,TMLedgerData,"ledgerHash: ""\304J\342j\272\270\274\360\307\356\347\200Ywm#\014\233\301\022L\232T\033N\341\232\325\233\227\313\307""; ledgerSeq: 12; type: liBASE; nodes {;   nodedata: ""\000\000\000\014\001cEx]\211\377\330L\324\236aQ\361\020X\372\353 3\347\310*\253\021gT!>\003\325\254,\003\367\204\031\331\255\240\000\000\000\000\000\000\000\000\000\000\000\000\000\000\000\000\000\000\000\000\000\000\000\000\000\000\000\000\000\000\000\000\256\206QI\207\004r\374\341\000\272\376T\336\260\343\242\325\343\320\317+~\304q8}\017r;#0/\352\224$/\352\224%\n\000""; }; nodes {;   nodedata: ""h\315\350\215y\203\242]\371\235\232Pt&\325\210eZ\346\237XZ \277\2457n\221\336\253\245\317\002\304\206+8\t]\351\316\373|\311\263V\300\023\035\211\237\260\300\r\033u3a1\203\303\365\307k\347\006E\344\037@\210\363\010\336T\226\247'\204_{\261\370""1\235\2445\343\033Y!\212\201\341\272\225'\007*$\244&\336\343'\233i\332\374\245 {^\306-N\333\gE\006\347\212\331C\211Z\177\247\031\ns1\010U\3656\264\301i\220f\030Nf\360\251\273M2\277\277\236\025\262\2027\021\002\317\265\346\022\013\202_n)6q\357\2538_-\302\252B\204v\277\254\373\3322Ca\020\243\0105\263\257\367\032\254\016\003""; }; ","ledgerHash: ""\304J\342j\272\270\274\360\307\356\347\200Ywm#\014\233\301\022L\232T\033N\341\232\325\233\227\313\307""; ledgerSeq: 12; type: liBASE; nodes {;   nodedata: ""\000\000\000\014\001cEx]\211\377\330L\324\236aQ\361\020X\372\353 3\347\310*\253\021gT!>\003\325\254,\003\367\204\031\331\255\240\000\000\000\000\000\000\000\000\000\000\000\000\000\000\000\000\000\000\000\000\000\000\000\000\000\000\000\000\000\000\000\000\256\206QI\207\004r\374\341\000\272\376T\336\260\343\242\325\343\320\317+~\304q8}\017r;#0/\352\224$/\352\224%\n\000""; }; nodes {;   nodedata: ""h\315\350\215y\203\242]\371\235\232Pt&\325\210eZ\346\237XZ \277\2457n\221\336\253\245\317\002\304\206+8\t]\351\316\373|\311\263V\300\023\035\211\237\260\300\r\033u3a1\203\303\365\307k\347\006E\344\037@\210\363\010\336T\226\247'\204_{\261\370""1\235\2445\343\033Y!\212\201\341\272\225'\007*$\244&\336\343'\233i\332\374\245 {^\306-N\333\gE\006\347\212\331C\211Z\177\247\031\ns1\010U\3656\264\301i\220f\030Nf\360\251\273M2\277\277\236\025\262\2027\021\002\317\265\346\022\013\202_n)6q\357\2538_-\302\252B\204v\277\254\373\3322Ca\020\243\0105\263\257\367\032\254\016\003""; }; "
1750587299537,1750587299537,0,1,3,1,TMGetLedger,"itype: liBASE; ledgerHash: ""\304J\342j\272\270\274\360\307\356\347\200Ywm#\014\233\301\022L\232T\033N\341\232\325\233\227\313\307""; requestCookie: 4; queryType: qtINDIRECT; ","itype: liBASE; ledgerHash: ""\304J\342j\272\270\274\360\307\356\347\200Ywm#\014\233\301\022L\232T\033N\341\232\325\233\227\313\307""; requestCookie: 4; queryType: qtINDIRECT; "
1750587299537,1750587299537,0,1,3,1,TMGetLedger,"itype: liAS_NODE; ledgerHash: ""\304J\342j\272\270\274\360\307\356\347\200Ywm#\014\233\301\022L\232T\033N\341\232\325\233\227\313\307""; ledgerSeq: 12; nodeIDs: ""\260\000\000\000\000\000\000\000\000\000\000\000\000\000\000\000\000\000\000\000\000\000\000\000\000\000\000\000\000\000\000\000\001""; queryType: qtINDIRECT; queryDepth: 1; ","itype: liAS_NODE; ledgerHash: ""\304J\342j\272\270\274\360\307\356\347\200Ywm#\014\233\301\022L\232T\033N\341\232\325\233\227\313\307""; ledgerSeq: 12; nodeIDs: ""\260\000\000\000\000\000\000\000\000\000\000\000\000\000\000\000\000\000\000\000\000\000\000\000\000\000\000\000\000\000\000\000\001""; queryType: qtINDIRECT; queryDepth: 1; "
1750587299538,1750587299538,0,1,3,4,TMLedgerData,"ledgerHash: ""\304J\342j\272\270\274\360\307\356\347\200Ywm#\014\233\301\022L\232T\033N\341\232\325\233\227\313\307""; ledgerSeq: 12; type: liBASE; nodes {;   nodedata: ""\000\000\000\014\001cEx]\211\377\330L\324\236aQ\361\020X\372\353 3\347\310*\253\021gT!>\003\325\254,\003\367\204\031\331\255\240\000\000\000\000\000\000\000\000\000\000\000\000\000\000\000\000\000\000\000\000\000\000\000\000\000\000\000\000\000\000\000\000\256\206QI\207\004r\374\341\000\272\376T\336\260\343\242\325\343\320\317+~\304q8}\017r;#0/\352\224$/\352\224%\n\000""; }; nodes {;   nodedata: ""h\315\350\215y\203\242]\371\235\232Pt&\325\210eZ\346\237XZ \277\2457n\221\336\253\245\317\002\304\206+8\t]\351\316\373|\311\263V\300\023\035\211\237\260\300\r\033u3a1\203\303\365\307k\347\006E\344\037@\210\363\010\336T\226\247'\204_{\261\370""1\235\2445\343\033Y!\212\201\341\272\225'\007*$\244&\336\343'\233i\332\374\245 {^\306-N\333\gE\006\347\212\331C\211Z\177\247\031\ns1\010U\3656\264\301i\220f\030Nf\360\251\273M2\277\277\236\025\262\2027\021\002\317\265\346\022\013\202_n)6q\357\2538_-\302\252B\204v\277\254\373\3322Ca\020\243\0105\263\257\367\032\254\016\003""; }; ","ledgerHash: ""\304J\342j\272\270\274\360\307\356\347\200Ywm#\014\233\301\022L\232T\033N\341\232\325\233\227\313\307""; ledgerSeq: 12; type: liBASE; nodes {;   nodedata: ""\000\000\000\014\001cEx]\211\377\330L\324\236aQ\361\020X\372\353 3\347\310*\253\021gT!>\003\325\254,\003\367\204\031\331\255\240\000\000\000\000\000\000\000\000\000\000\000\000\000\000\000\000\000\000\000\000\000\000\000\000\000\000\000\000\000\000\000\000\256\206QI\207\004r\374\341\000\272\376T\336\260\343\242\325\343\320\317+~\304q8}\017r;#0/\352\224$/\352\224%\n\000""; }; nodes {;   nodedata: ""h\315\350\215y\203\242]\371\235\232Pt&\325\210eZ\346\237XZ \277\2457n\221\336\253\245\317\002\304\206+8\t]\351\316\373|\311\263V\300\023\035\211\237\260\300\r\033u3a1\203\303\365\307k\347\006E\344\037@\210\363\010\336T\226\247'\204_{\261\370""1\235\2445\343\033Y!\212\201\341\272\225'\007*$\244&\336\343'\233i\332\374\245 {^\306-N\333\gE\006\347\212\331C\211Z\177\247\031\ns1\010U\3656\264\301i\220f\030Nf\360\251\273M2\277\277\236\025\262\2027\021\002\317\265\346\022\013\202_n)6q\357\2538_-\302\252B\204v\277\254\373\3322Ca\020\243\0105\263\257\367\032\254\016\003""; }; "
1750587299538,1750587299538,0,1,3,0,TMLedgerData,"ledgerHash: ""\304J\342j\272\270\274\360\307\356\347\200Ywm#\014\233\301\022L\232T\033N\341\232\325\233\227\313\307""; ledgerSeq: 12; type: liBASE; nodes {;   nodedata: ""\000\000\000\014\001cEx]\211\377\330L\324\236aQ\361\020X\372\353 3\347\310*\253\021gT!>\003\325\254,\003\367\204\031\331\255\240\000\000\000\000\000\000\000\000\000\000\000\000\000\000\000\000\000\000\000\000\000\000\000\000\000\000\000\000\000\000\000\000\256\206QI\207\004r\374\341\000\272\376T\336\260\343\242\325\343\320\317+~\304q8}\017r;#0/\352\224$/\352\224%\n\000""; }; nodes {;   nodedata: ""h\315\350\215y\203\242]\371\235\232Pt&\325\210eZ\346\237XZ \277\2457n\221\336\253\245\317\002\304\206+8\t]\351\316\373|\311\263V\300\023\035\211\237\260\300\r\033u3a1\203\303\365\307k\347\006E\344\037@\210\363\010\336T\226\247'\204_{\261\370""1\235\2445\343\033Y!\212\201\341\272\225'\007*$\244&\336\343'\233i\332\374\245 {^\306-N\333\gE\006\347\212\331C\211Z\177\247\031\ns1\010U\3656\264\301i\220f\030Nf\360\251\273M2\277\277\236\025\262\2027\021\002\317\265\346\022\013\202_n)6q\357\2538_-\302\252B\204v\277\254\373\3322Ca\020\243\0105\263\257\367\032\254\016\003""; }; ","ledgerHash: ""\304J\342j\272\270\274\360\307\356\347\200Ywm#\014\233\301\022L\232T\033N\341\232\325\233\227\313\307""; ledgerSeq: 12; type: liBASE; nodes {;   nodedata: ""\000\000\000\014\001cEx]\211\377\330L\324\236aQ\361\020X\372\353 3\347\310*\253\021gT!>\003\325\254,\003\367\204\031\331\255\240\000\000\000\000\000\000\000\000\000\000\000\000\000\000\000\000\000\000\000\000\000\000\000\000\000\000\000\000\000\000\000\000\256\206QI\207\004r\374\341\000\272\376T\336\260\343\242\325\343\320\317+~\304q8}\017r;#0/\352\224$/\352\224%\n\000""; }; nodes {;   nodedata: ""h\315\350\215y\203\242]\371\235\232Pt&\325\210eZ\346\237XZ \277\2457n\221\336\253\245\317\002\304\206+8\t]\351\316\373|\311\263V\300\023\035\211\237\260\300\r\033u3a1\203\303\365\307k\347\006E\344\037@\210\363\010\336T\226\247'\204_{\261\370""1\235\2445\343\033Y!\212\201\341\272\225'\007*$\244&\336\343'\233i\332\374\245 {^\306-N\333\gE\006\347\212\331C\211Z\177\247\031\ns1\010U\3656\264\301i\220f\030Nf\360\251\273M2\277\277\236\025\262\2027\021\002\317\265\346\022\013\202_n)6q\357\2538_-\302\252B\204v\277\254\373\3322Ca\020\243\0105\263\257\367\032\254\016\003""; }; "
1750587299539,1750587299539,0,1,2,3,TMLedgerData,"ledgerHash: ""\304J\342j\272\270\274\360\307\356\347\200Ywm#\014\233\301\022L\232T\033N\341\232\325\233\227\313\307""; ledgerSeq: 12; type: liBASE; nodes {;   nodedata: ""\000\000\000\014\001cEx]\211\377\330L\324\236aQ\361\020X\372\353 3\347\310*\253\021gT!>\003\325\254,\003\367\204\031\331\255\240\000\000\000\000\000\000\000\000\000\000\000\000\000\000\000\000\000\000\000\000\000\000\000\000\000\000\000\000\000\000\000\000\256\206QI\207\004r\374\341\000\272\376T\336\260\343\242\325\343\320\317+~\304q8}\017r;#0/\352\224$/\352\224%\n\000""; }; nodes {;   nodedata: ""h\315\350\215y\203\242]\371\235\232Pt&\325\210eZ\346\237XZ \277\2457n\221\336\253\245\317\002\304\206+8\t]\351\316\373|\311\263V\300\023\035\211\237\260\300\r\033u3a1\203\303\365\307k\347\006E\344\037@\210\363\010\336T\226\247'\204_{\261\370""1\235\2445\343\033Y!\212\201\341\272\225'\007*$\244&\336\343'\233i\332\374\245 {^\306-N\333\gE\006\347\212\331C\211Z\177\247\031\ns1\010U\3656\264\301i\220f\030Nf\360\251\273M2\277\277\236\025\262\2027\021\002\317\265\346\022\013\202_n)6q\357\2538_-\302\252B\204v\277\254\373\3322Ca\020\243\0105\263\257\367\032\254\016\003""; }; ","ledgerHash: ""\304J\342j\272\270\274\360\307\356\347\200Ywm#\014\233\301\022L\232T\033N\341\232\325\233\227\313\307""; ledgerSeq: 12; type: liBASE; nodes {;   nodedata: ""\000\000\000\014\001cEx]\211\377\330L\324\236aQ\361\020X\372\353 3\347\310*\253\021gT!>\003\325\254,\003\367\204\031\331\255\240\000\000\000\000\000\000\000\000\000\000\000\000\000\000\000\000\000\000\000\000\000\000\000\000\000\000\000\000\000\000\000\000\256\206QI\207\004r\374\341\000\272\376T\336\260\343\242\325\343\320\317+~\304q8}\017r;#0/\352\224$/\352\224%\n\000""; }; nodes {;   nodedata: ""h\315\350\215y\203\242]\371\235\232Pt&\325\210eZ\346\237XZ \277\2457n\221\336\253\245\317\002\304\206+8\t]\351\316\373|\311\263V\300\023\035\211\237\260\300\r\033u3a1\203\303\365\307k\347\006E\344\037@\210\363\010\336T\226\247'\204_{\261\370""1\235\2445\343\033Y!\212\201\341\272\225'\007*$\244&\336\343'\233i\332\374\245 {^\306-N\333\gE\006\347\212\331C\211Z\177\247\031\ns1\010U\3656\264\301i\220f\030Nf\360\251\273M2\277\277\236\025\262\2027\021\002\317\265\346\022\013\202_n)6q\357\2538_-\302\252B\204v\277\254\373\3322Ca\020\243\0105\263\257\367\032\254\016\003""; }; "
1750587299540,1750587299540,0,1,1,2,TMLedgerData,"ledgerHash: ""\304J\342j\272\270\274\360\307\356\347\200Ywm#\014\233\301\022L\232T\033N\341\232\325\233\227\313\307""; ledgerSeq: 12; type: liAS_NODE; nodes {;   nodedata: ""\021\000h""\000\000\000\000 \033\000\000\000\013\002\023\301\277\330\356GuH\375\327!\255\371\r\231\262R\256J\034\222\241\355X\265E\241^W\225\304\014\361CX-}\351f\032\255\274\334m\326c\017\014ao[\342\230\003\245\245\3341Hm\326^\017jy\335\261\214.\207\210%\003 \010ML\347\200R\304&\320_\215\226\344\334\033\354\2002\255\216\332\317\255\034\017T\270\242(,&\233\326\374o\306[\235\317>\021e\005s\261\371l\216\017\003\032\017J\217\244W<\241'\332/+\360Bx\036+\210j\237K%\340]\246E\2434\264K\036\030qP\317\315\336\325\007\372\373$P*|\321\342\002\026\n\3215\340\3203\200x\327D\301]5\237\247Yz\3711!L\214\221=\252\002\267\225zg\264\253\271T\346ji\003\235\236Pis\264\375\222|H\344\261g?[g\311\347s\234ae\204\263\365U\334\372D\354\345\276\201f\035\271%#\375\245\314.""\373\330&\3746\354@[\274\202\021\202\373Vi\243\n\325\250\005e\360""m\346'\311@\343\016$L\346\334\360<w\317\351\2337\023\262\336W\254\222\315\335\317oP\221\031g\037\220\357Ft\030n\306\370\n\354\226\365\346\276\322i\233\014\037\027Z\351\022\216@=S\205\334\033\374\234n\r\270\210]\013\203\356\024\366\354\260\007L\324\236aQ\361\020X\372\353 3\347\310*\253\021gT!>\003\325\254,\003\367\204\031\331\255\240\264\227\2326\315\307\363\323\325\303\032N\256*\307\327 \235\332\207u\210\271\257\306g\231i*\260\326k\001"";   nodeid: ""\260\000\000\000\000\000\000\000\000\000\000\000\000\000\000\000\000\000\000\000\000\000\000\000\000\000\000\000\000\000\000\000\001""; }; ","ledgerHash: ""\304J\342j\272\270\274\360\307\356\347\200Ywm#\014\233\301\022L\232T\033N\341\232\325\233\227\313\307""; ledgerSeq: 12; type: liAS_NODE; nodes {;   nodedata: ""\021\000h""\000\000\000\000 \033\000\000\000\013\002\023\301\277\330\356GuH\375\327!\255\371\r\231\262R\256J\034\222\241\355X\265E\241^W\225\304\014\361CX-}\351f\032\255\274\334m\326c\017\014ao[\342\230\003\245\245\3341Hm\326^\017jy\335\261\214.\207\210%\003 \010ML\347\200R\304&\320_\215\226\344\334\033\354\2002\255\216\332\317\255\034\017T\270\242(,&\233\326\374o\306[\235\317>\021e\005s\261\371l\216\017\003\032\017J\217\244W<\241'\332/+\360Bx\036+\210j\237K%\340]\246E\2434\264K\036\030qP\317\315\336\325\007\372\373$P*|\321\342\002\026\n\3215\340\3203\200x\327D\301]5\237\247Yz\3711!L\214\221=\252\002\267\225zg\264\253\271T\346ji\003\235\236Pis\264\375\222|H\344\261g?[g\311\347s\234ae\204\263\365U\334\372D\354\345\276\201f\035\271%#\375\245\314.""\373\330&\3746\354@[\274\202\021\202\373Vi\243\n\325\250\005e\360""m\346'\311@\343\016$L\346\334\360<w\317\351\2337\023\262\336W\254\222\315\335\317oP\221\031g\037\220\357Ft\030n\306\370\n\354\226\365\346\276\322i\233\014\037\027Z\351\022\216@=S\205\334\033\374\234n\r\270\210]\013\203\356\024\366\354\260\007L\324\236aQ\361\020X\372\353 3\347\310*\253\021gT!>\003\325\254,\003\367\204\031\331\255\240\264\227\2326\315\307\363\323\325\303\032N\256*\307\327 \235\332\207u\210\271\257\306g\231i*\260\326k\001"";   nodeid: ""\260\000\000\000\000\000\000\000\000\000\000\000\000\000\000\000\000\000\000\000\000\000\000\000\000\000\000\000\000\000\000\000\001""; }; "
1750587299543,1750587299543,0,1,1,3,TMLedgerData,"ledgerHash: ""\304J\342j\272\270\274\360\307\356\347\200Ywm#\014\233\301\022L\232T\033N\341\232\325\233\227\313\307""; ledgerSeq: 12; type: liBASE; nodes {;   nodedata: ""\000\000\000\014\001cEx]\211\377\330L\324\236aQ\361\020X\372\353 3\347\310*\253\021gT!>\003\325\254,\003\367\204\031\331\255\240\000\000\000\000\000\000\000\000\000\000\000\000\000\000\000\000\000\000\000\000\000\000\000\000\000\000\000\000\000\000\000\000\256\206QI\207\004r\374\341\000\272\376T\336\260\343\242\325\343\320\317+~\304q8}\017r;#0/\352\224$/\352\224%\n\000""; }; nodes {;   nodedata: ""h\315\350\215y\203\242]\371\235\232Pt&\325\210eZ\346\237XZ \277\2457n\221\336\253\245\317\002\304\206+8\t]\351\316\373|\311\263V\300\023\035\211\237\260\300\r\033u3a1\203\303\365\307k\347\006E\344\037@\210\363\010\336T\226\247'\204_{\261\370""1\235\2445\343\033Y!\212\201\341\272\225'\007*$\244&\336\343'\233i\332\374\245 {^\306-N\333\gE\006\347\212\331C\211Z\177\247\031\ns1\010U\3656\264\301i\220f\030Nf\360\251\273M2\277\277\236\025\262\2027\021\002\317\265\346\022\013\202_n)6q\357\2538_-\302\252B\204v\277\254\373\3322Ca\020\243\0105\263\257\367\032\254\016\003""; }; requestCookie: 4; ","ledgerHash: ""\304J\342j\272\270\274\360\307\356\347\200Ywm#\014\233\301\022L\232T\033N\341\232\325\233\227\313\307""; ledgerSeq: 12; type: liBASE; nodes {;   nodedata: ""\000\000\000\014\001cEx]\211\377\330L\324\236aQ\361\020X\372\353 3\347\310*\253\021gT!>\003\325\254,\003\367\204\031\331\255\240\000\000\000\000\000\000\000\000\000\000\000\000\000\000\000\000\000\000\000\000\000\000\000\000\000\000\000\000\000\000\000\000\256\206QI\207\004r\374\341\000\272\376T\336\260\343\242\325\343\320\317+~\304q8}\017r;#0/\352\224$/\352\224%\n\000""; }; nodes {;   nodedata: ""h\315\350\215y\203\242]\371\235\232Pt&\325\210eZ\346\237XZ \277\2457n\221\336\253\245\317\002\304\206+8\t]\351\316\373|\311\263V\300\023\035\211\237\260\300\r\033u3a1\203\303\365\307k\347\006E\344\037@\210\363\010\336T\226\247'\204_{\261\370""1\235\2445\343\033Y!\212\201\341\272\225'\007*$\244&\336\343'\233i\332\374\245 {^\306-N\333\gE\006\347\212\331C\211Z\177\247\031\ns1\010U\3656\264\301i\220f\030Nf\360\251\273M2\277\277\236\025\262\2027\021\002\317\265\346\022\013\202_n)6q\357\2538_-\302\252B\204v\277\254\373\3322Ca\020\243\0105\263\257\367\032\254\016\003""; }; requestCookie: 4; "
1750587299544,1750587299544,0,1,1,3,TMLedgerData,"ledgerHash: ""\304J\342j\272\270\274\360\307\356\347\200Ywm#\014\233\301\022L\232T\033N\341\232\325\233\227\313\307""; ledgerSeq: 12; type: liAS_NODE; nodes {;   nodedata: ""\021\000h""\000\000\000\000 \033\000\000\000\013\002\023\301\277\330\356GuH\375\327!\255\371\r\231\262R\256J\034\222\241\355X\265E\241^W\225\304\014\361CX-}\351f\032\255\274\334m\326c\017\014ao[\342\230\003\245\245\3341Hm\326^\017jy\335\261\214.\207\210%\003 \010ML\347\200R\304&\320_\215\226\344\334\033\354\2002\255\216\332\317\255\034\017T\270\242(,&\233\326\374o\306[\235\317>\021e\005s\261\371l\216\017\003\032\017J\217\244W<\241'\332/+\360Bx\036+\210j\237K%\340]\246E\2434\264K\036\030qP\317\315\336\325\007\372\373$P*|\321\342\002\026\n\3215\340\3203\200x\327D\301]5\237\247Yz\3711!L\214\221=\252\002\267\225zg\264\253\271T\346ji\003\235\236Pis\264\375\222|H\344\261g?[g\311\347s\234ae\204\263\365U\334\372D\354\345\276\201f\035\271%#\375\245\314.""\373\330&\3746\354@[\274\202\021\202\373Vi\243\n\325\250\005e\360""m\346'\311@\343\016$L\346\334\360<w\317\351\2337\023\262\336W\254\222\315\335\317oP\221\031g\037\220\357Ft\030n\306\370\n\354\226\365\346\276\322i\233\014\037\027Z\351\022\216@=S\205\334\033\374\234n\r\270\210]\013\203\356\024\366\354\260\007L\324\236aQ\361\020X\372\353 3\347\310*\253\021gT!>\003\325\254,\003\367\204\031\331\255\240\264\227\2326\315\307\363\323\325\303\032N\256*\307\327 \235\332\207u\210\271\257\306g\231i*\260\326k\001"";   nodeid: ""\260\000\000\000\000\000\000\000\000\000\000\000\000\000\000\000\000\000\000\000\000\000\000\000\000\000\000\000\000\000\000\000\001""; }; ","ledgerHash: ""\304J\342j\272\270\274\360\307\356\347\200Ywm#\014\233\301\022L\232T\033N\341\232\325\233\227\313\307""; ledgerSeq: 12; type: liAS_NODE; nodes {;   nodedata: ""\021\000h""\000\000\000\000 \033\000\000\000\013\002\023\301\277\330\356GuH\375\327!\255\371\r\231\262R\256J\034\222\241\355X\265E\241^W\225\304\014\361CX-}\351f\032\255\274\334m\326c\017\014ao[\342\230\003\245\245\3341Hm\326^\017jy\335\261\214.\207\210%\003 \010ML\347\200R\304&\320_\215\226\344\334\033\354\2002\255\216\332\317\255\034\017T\270\242(,&\233\326\374o\306[\235\317>\021e\005s\261\371l\216\017\003\032\017J\217\244W<\241'\332/+\360Bx\036+\210j\237K%\340]\246E\2434\264K\036\030qP\317\315\336\325\007\372\373$P*|\321\342\002\026\n\3215\340\3203\200x\327D\301]5\237\247Yz\3711!L\214\221=\252\002\267\225zg\264\253\271T\346ji\003\235\236Pis\264\375\222|H\344\261g?[g\311\347s\234ae\204\263\365U\334\372D\354\345\276\201f\035\271%#\375\245\314.""\373\330&\3746\354@[\274\202\021\202\373Vi\243\n\325\250\005e\360""m\346'\311@\343\016$L\346\334\360<w\317\351\2337\023\262\336W\254\222\315\335\317oP\221\031g\037\220\357Ft\030n\306\370\n\354\226\365\346\276\322i\233\014\037\027Z\351\022\216@=S\205\334\033\374\234n\r\270\210]\013\203\356\024\366\354\260\007L\324\236aQ\361\020X\372\353 3\347\310*\253\021gT!>\003\325\254,\003\367\204\031\331\255\240\264\227\2326\315\307\363\323\325\303\032N\256*\307\327 \235\332\207u\210\271\257\306g\231i*\260\326k\001"";   nodeid: ""\260\000\000\000\000\000\000\000\000\000\000\000\000\000\000\000\000\000\000\000\000\000\000\000\000\000\000\000\000\000\000\000\001""; }; "
1750587299546,1750587299546,0,1,3,2,TMLedgerData,"ledgerHash: ""\304J\342j\272\270\274\360\307\356\347\200Ywm#\014\233\301\022L\232T\033N\341\232\325\233\227\313\307""; ledgerSeq: 12; type: liBASE; nodes {;   nodedata: ""\000\000\000\014\001cEx]\211\377\330L\324\236aQ\361\020X\372\353 3\347\310*\253\021gT!>\003\325\254,\003\367\204\031\331\255\240\000\000\000\000\000\000\000\000\000\000\000\000\000\000\000\000\000\000\000\000\000\000\000\000\000\000\000\000\000\000\000\000\256\206QI\207\004r\374\341\000\272\376T\336\260\343\242\325\343\320\317+~\304q8}\017r;#0/\352\224$/\352\224%\n\000""; }; nodes {;   nodedata: ""h\315\350\215y\203\242]\371\235\232Pt&\325\210eZ\346\237XZ \277\2457n\221\336\253\245\317\002\304\206+8\t]\351\316\373|\311\263V\300\023\035\211\237\260\300\r\033u3a1\203\303\365\307k\347\006E\344\037@\210\363\010\336T\226\247'\204_{\261\370""1\235\2445\343\033Y!\212\201\341\272\225'\007*$\244&\336\343'\233i\332\374\245 {^\306-N\333\gE\006\347\212\331C\211Z\177\247\031\ns1\010U\3656\264\301i\220f\030Nf\360\251\273M2\277\277\236\025\262\2027\021\002\317\265\346\022\013\202_n)6q\357\2538_-\302\252B\204v\277\254\373\3322Ca\020\243\0105\263\257\367\032\254\016\003""; }; ","ledgerHash: ""\304J\342j\272\270\274\360\307\356\347\200Ywm#\014\233\301\022L\232T\033N\341\232\325\233\227\313\307""; ledgerSeq: 12; type: liBASE; nodes {;   nodedata: ""\000\000\000\014\001cEx]\211\377\330L\324\236aQ\361\020X\372\353 3\347\310*\253\021gT!>\003\325\254,\003\367\204\031\331\255\240\000\000\000\000\000\000\000\000\000\000\000\000\000\000\000\000\000\000\000\000\000\000\000\000\000\000\000\000\000\000\000\000\256\206QI\207\004r\374\341\000\272\376T\336\260\343\242\325\343\320\317+~\304q8}\017r;#0/\352\224$/\352\224%\n\000""; }; nodes {;   nodedata: ""h\315\350\215y\203\242]\371\235\232Pt&\325\210eZ\346\237XZ \277\2457n\221\336\253\245\317\002\304\206+8\t]\351\316\373|\311\263V\300\023\035\211\237\260\300\r\033u3a1\203\303\365\307k\347\006E\344\037@\210\363\010\336T\226\247'\204_{\261\370""1\235\2445\343\033Y!\212\201\341\272\225'\007*$\244&\336\343'\233i\332\374\245 {^\306-N\333\gE\006\347\212\331C\211Z\177\247\031\ns1\010U\3656\264\301i\220f\030Nf\360\251\273M2\277\277\236\025\262\2027\021\002\317\265\346\022\013\202_n)6q\357\2538_-\302\252B\204v\277\254\373\3322Ca\020\243\0105\263\257\367\032\254\016\003""; }; "
1750587299880,1750587299880,0,1,3,2,TMStatusChange,"newEvent: neACCEPTED_LEDGER; ledgerSeq: 12; ledgerHash: ""\304J\342j\272\270\274\360\307\356\347\200Ywm#\014\233\301\022L\232T\033N\341\232\325\233\227\313\307""; ledgerHashPrevious: ""L\324\236aQ\361\020X\372\353 3\347\310*\253\021gT!>\003\325\254,\003\367\204\031\331\255\240""; networkTime: 803902499; firstSeq: 9; lastSeq: 11; ","newEvent: neACCEPTED_LEDGER; ledgerSeq: 12; ledgerHash: ""\304J\342j\272\270\274\360\307\356\347\200Ywm#\014\233\301\022L\232T\033N\341\232\325\233\227\313\307""; ledgerHashPrevious: ""L\324\236aQ\361\020X\372\353 3\347\310*\253\021gT!>\003\325\254,\003\367\204\031\331\255\240""; networkTime: 803902499; firstSeq: 9; lastSeq: 11; "
1750587299882,1750587299882,0,1,3,0,TMStatusChange,"newEvent: neACCEPTED_LEDGER; ledgerSeq: 12; ledgerHash: ""\304J\342j\272\270\274\360\307\356\347\200Ywm#\014\233\301\022L\232T\033N\341\232\325\233\227\313\307""; ledgerHashPrevious: ""L\324\236aQ\361\020X\372\353 3\347\310*\253\021gT!>\003\325\254,\003\367\204\031\331\255\240""; networkTime: 803902499; firstSeq: 9; lastSeq: 11; ","newEvent: neACCEPTED_LEDGER; ledgerSeq: 12; ledgerHash: ""\304J\342j\272\270\274\360\307\356\347\200Ywm#\014\233\301\022L\232T\033N\341\232\325\233\227\313\307""; ledgerHashPrevious: ""L\324\236aQ\361\020X\372\353 3\347\310*\253\021gT!>\003\325\254,\003\367\204\031\331\255\240""; networkTime: 803902499; firstSeq: 9; lastSeq: 11; "
1750587299881,1750587299881,0,1,3,2,TMValidation,"validation: """"\200\000\000\001&\000\000\000\014)/\352\224#:\211l\014`\252m\212dQ\304J\342j\272\270\274\360\307\356\347\200Ywm#\014\233\301\022L\232T\033N\341\232\325\233\227\313\307P\027\000\000\000\000\000\000\000\000\000\000\000\000\000\000\000\000\000\000\000\000\000\000\000\000\000\000\000\000\000\000\000\000P\031L\324\236aQ\361\020X\372\353 3\347\310*\253\021gT!>\003\325\254,\003\367\204\031\331\255\240s!\003\325Q\255\224\274R@\312\253\262\347\352\034\346\347\242\215,\312\376=\277\353{\350\225\301\305`^, vF0D\002 #Y:\235\371B9gh\346-\245\332H~\343\356K\276G\305\246\243\233\302\245\337c\tU?\255\002 fD1\203q\027\204\377\272\216\206s\253s\234W]\260\273\211n|xg\306\231\031""\311\351\262\317""; ","validation: """"\200\000\000\001&\000\000\000\014)/\352\224#:\211l\014`\252m\212dQ\304J\342j\272\270\274\360\307\356\347\200Ywm#\014\233\301\022L\232T\033N\341\232\325\233\227\313\307P\027\000\000\000\000\000\000\000\000\000\000\000\000\000\000\000\000\000\000\000\000\000\000\000\000\000\000\000\000\000\000\000\000P\031L\324\236aQ\361\020X\372\353 3\347\310*\253\021gT!>\003\325\254,\003\367\204\031\331\255\240s!\003\325Q\255\224\274R@\312\253\262\347\352\034\346\347\242\215,\312\376=\277\353{\350\225\301\305`^, vF0D\002 #Y:\235\371B9gh\346-\245\332H~\343\356K\276G\305\246\243\233\302\245\337c\tU?\255\002 fD1\203q\027\204\377\272\216\206s\253s\234W]\260\273\211n|xg\306\231\031""\311\351\262\317""; "
1750587299881,1750587299881,0,1,3,4,TMStatusChange,"newEvent: neACCEPTED_LEDGER; ledgerSeq: 12; ledgerHash: ""\304J\342j\272\270\274\360\307\356\347\200Ywm#\014\233\301\022L\232T\033N\341\232\325\233\227\313\307""; ledgerHashPrevious: ""L\324\236aQ\361\020X\372\353 3\347\310*\253\021gT!>\003\325\254,\003\367\204\031\331\255\240""; networkTime: 803902499; firstSeq: 9; lastSeq: 11; ","newEvent: neACCEPTED_LEDGER; ledgerSeq: 12; ledgerHash: ""\304J\342j\272\270\274\360\307\356\347\200Ywm#\014\233\301\022L\232T\033N\341\232\325\233\227\313\307""; ledgerHashPrevious: ""L\324\236aQ\361\020X\372\353 3\347\310*\253\021gT!>\003\325\254,\003\367\204\031\331\255\240""; networkTime: 803902499; firstSeq: 9; lastSeq: 11; "
1750587299882,1750587299882,0,1,3,1,TMStatusChange,"newEvent: neACCEPTED_LEDGER; ledgerSeq: 12; ledgerHash: ""\304J\342j\272\270\274\360\307\356\347\200Ywm#\014\233\301\022L\232T\033N\341\232\325\233\227\313\307""; ledgerHashPrevious: ""L\324\236aQ\361\020X\372\353 3\347\310*\253\021gT!>\003\325\254,\003\367\204\031\331\255\240""; networkTime: 803902499; firstSeq: 9; lastSeq: 11; ","newEvent: neACCEPTED_LEDGER; ledgerSeq: 12; ledgerHash: ""\304J\342j\272\270\274\360\307\356\347\200Ywm#\014\233\301\022L\232T\033N\341\232\325\233\227\313\307""; ledgerHashPrevious: ""L\324\236aQ\361\020X\372\353 3\347\310*\253\021gT!>\003\325\254,\003\367\204\031\331\255\240""; networkTime: 803902499; firstSeq: 9; lastSeq: 11; "
1750587299884,1750587299884,0,1,2,4,TMValidation,"validation: """"\200\000\000\001&\000\000\000\014)/\352\224#:\211l\014`\252m\212dQ\304J\342j\272\270\274\360\307\356\347\200Ywm#\014\233\301\022L\232T\033N\341\232\325\233\227\313\307P\027\000\000\000\000\000\000\000\000\000\000\000\000\000\000\000\000\000\000\000\000\000\000\000\000\000\000\000\000\000\000\000\000P\031L\324\236aQ\361\020X\372\353 3\347\310*\253\021gT!>\003\325\254,\003\367\204\031\331\255\240s!\003\325Q\255\224\274R@\312\253\262\347\352\034\346\347\242\215,\312\376=\277\353{\350\225\301\305`^, vF0D\002 #Y:\235\371B9gh\346-\245\332H~\343\356K\276G\305\246\243\233\302\245\337c\tU?\255\002 fD1\203q\027\204\377\272\216\206s\253s\234W]\260\273\211n|xg\306\231\031""\311\351\262\317""; ","validation: """"\200\000\000\001&\000\000\000\014)/\352\224#:\211l\014`\252m\212dQ\304J\342j\272\270\274\360\307\356\347\200Ywm#\014\233\301\022L\232T\033N\341\232\325\233\227\313\307P\027\000\000\000\000\000\000\000\000\000\000\000\000\000\000\000\000\000\000\000\000\000\000\000\000\000\000\000\000\000\000\000\000P\031L\324\236aQ\361\020X\372\353 3\347\310*\253\021gT!>\003\325\254,\003\367\204\031\331\255\240s!\003\325Q\255\224\274R@\312\253\262\347\352\034\346\347\242\215,\312\376=\277\353{\350\225\301\305`^, vF0D\002 #Y:\235\371B9gh\346-\245\332H~\343\356K\276G\305\246\243\233\302\245\337c\tU?\255\002 fD1\203q\027\204\377\272\216\206s\253s\234W]\260\273\211n|xg\306\231\031""\311\351\262\317""; "
1750587299885,1750587299885,0,1,2,0,TMValidation,"validation: """"\200\000\000\001&\000\000\000\014)/\352\224#:\211l\014`\252m\212dQ\304J\342j\272\270\274\360\307\356\347\200Ywm#\014\233\301\022L\232T\033N\341\232\325\233\227\313\307P\027\000\000\000\000\000\000\000\000\000\000\000\000\000\000\000\000\000\000\000\000\000\000\000\000\000\000\000\000\000\000\000\000P\031L\324\236aQ\361\020X\372\353 3\347\310*\253\021gT!>\003\325\254,\003\367\204\031\331\255\240s!\003\325Q\255\224\274R@\312\253\262\347\352\034\346\347\242\215,\312\376=\277\353{\350\225\301\305`^, vF0D\002 #Y:\235\371B9gh\346-\245\332H~\343\356K\276G\305\246\243\233\302\245\337c\tU?\255\002 fD1\203q\027\204\377\272\216\206s\253s\234W]\260\273\211n|xg\306\231\031""\311\351\262\317""; ","validation: """"\200\000\000\001&\000\000\000\014)/\352\224#:\211l\014`\252m\212dQ\304J\342j\272\270\274\360\307\356\347\200Ywm#\014\233\301\022L\232T\033N\341\232\325\233\227\313\307P\027\000\000\000\000\000\000\000\000\000\000\000\000\000\000\000\000\000\000\000\000\000\000\000\000\000\000\000\000\000\000\000\000P\031L\324\236aQ\361\020X\372\353 3\347\310*\253\021gT!>\003\325\254,\003\367\204\031\331\255\240s!\003\325Q\255\224\274R@\312\253\262\347\352\034\346\347\242\215,\312\376=\277\353{\350\225\301\305`^, vF0D\002 #Y:\235\371B9gh\346-\245\332H~\343\356K\276G\305\246\243\233\302\245\337c\tU?\255\002 fD1\203q\027\204\377\272\216\206s\253s\234W]\260\273\211n|xg\306\231\031""\311\351\262\317""; "
1750587299886,1750587299886,0,1,2,1,TMValidation,"validation: """"\200\000\000\001&\000\000\000\014)/\352\224#:\211l\014`\252m\212dQ\304J\342j\272\270\274\360\307\356\347\200Ywm#\014\233\301\022L\232T\033N\341\232\325\233\227\313\307P\027\000\000\000\000\000\000\000\000\000\000\000\000\000\000\000\000\000\000\000\000\000\000\000\000\000\000\000\000\000\000\000\000P\031L\324\236aQ\361\020X\372\353 3\347\310*\253\021gT!>\003\325\254,\003\367\204\031\331\255\240s!\003\325Q\255\224\274R@\312\253\262\347\352\034\346\347\242\215,\312\376=\277\353{\350\225\301\305`^, vF0D\002 #Y:\235\371B9gh\346-\245\332H~\343\356K\276G\305\246\243\233\302\245\337c\tU?\255\002 fD1\203q\027\204\377\272\216\206s\253s\234W]\260\273\211n|xg\306\231\031""\311\351\262\317""; ","validation: """"\200\000\000\001&\000\000\000\014)/\352\224#:\211l\014`\252m\212dQ\304J\342j\272\270\274\360\307\356\347\200Ywm#\014\233\301\022L\232T\033N\341\232\325\233\227\313\307P\027\000\000\000\000\000\000\000\000\000\000\000\000\000\000\000\000\000\000\000\000\000\000\000\000\000\000\000\000\000\000\000\000P\031L\324\236aQ\361\020X\372\353 3\347\310*\253\021gT!>\003\325\254,\003\367\204\031\331\255\240s!\003\325Q\255\224\274R@\312\253\262\347\352\034\346\347\242\215,\312\376=\277\353{\350\225\301\305`^, vF0D\002 #Y:\235\371B9gh\346-\245\332H~\343\356K\276G\305\246\243\233\302\245\337c\tU?\255\002 fD1\203q\027\204\377\272\216\206s\253s\234W]\260\273\211n|xg\306\231\031""\311\351\262\317""; "
1750587299887,1750587299887,0,1,4,0,TMValidation,"validation: """"\200\000\000\001&\000\000\000\014)/\352\224#:\211l\014`\252m\212dQ\304J\342j\272\270\274\360\307\356\347\200Ywm#\014\233\301\022L\232T\033N\341\232\325\233\227\313\307P\027\000\000\000\000\000\000\000\000\000\000\000\000\000\000\000\000\000\000\000\000\000\000\000\000\000\000\000\000\000\000\000\000P\031L\324\236aQ\361\020X\372\353 3\347\310*\253\021gT!>\003\325\254,\003\367\204\031\331\255\240s!\003\325Q\255\224\274R@\312\253\262\347\352\034\346\347\242\215,\312\376=\277\353{\350\225\301\305`^, vF0D\002 #Y:\235\371B9gh\346-\245\332H~\343\356K\276G\305\246\243\233\302\245\337c\tU?\255\002 fD1\203q\027\204\377\272\216\206s\253s\234W]\260\273\211n|xg\306\231\031""\311\351\262\317""; ","validation: """"\200\000\000\001&\000\000\000\014)/\352\224#:\211l\014`\252m\212dQ\304J\342j\272\270\274\360\307\356\347\200Ywm#\014\233\301\022L\232T\033N\341\232\325\233\227\313\307P\027\000\000\000\000\000\000\000\000\000\000\000\000\000\000\000\000\000\000\000\000\000\000\000\000\000\000\000\000\000\000\000\000P\031L\324\236aQ\361\020X\372\353 3\347\310*\253\021gT!>\003\325\254,\003\367\204\031\331\255\240s!\003\325Q\255\224\274R@\312\253\262\347\352\034\346\347\242\215,\312\376=\277\353{\350\225\301\305`^, vF0D\002 #Y:\235\371B9gh\346-\245\332H~\343\356K\276G\305\246\243\233\302\245\337c\tU?\255\002 fD1\203q\027\204\377\272\216\206s\253s\234W]\260\273\211n|xg\306\231\031""\311\351\262\317""; "
1750587299887,1750587299887,0,1,4,1,TMValidation,"validation: """"\200\000\000\001&\000\000\000\014)/\352\224#:\211l\014`\252m\212dQ\304J\342j\272\270\274\360\307\356\347\200Ywm#\014\233\301\022L\232T\033N\341\232\325\233\227\313\307P\027\000\000\000\000\000\000\000\000\000\000\000\000\000\000\000\000\000\000\000\000\000\000\000\000\000\000\000\000\000\000\000\000P\031L\324\236aQ\361\020X\372\353 3\347\310*\253\021gT!>\003\325\254,\003\367\204\031\331\255\240s!\003\325Q\255\224\274R@\312\253\262\347\352\034\346\347\242\215,\312\376=\277\353{\350\225\301\305`^, vF0D\002 #Y:\235\371B9gh\346-\245\332H~\343\356K\276G\305\246\243\233\302\245\337c\tU?\255\002 fD1\203q\027\204\377\272\216\206s\253s\234W]\260\273\211n|xg\306\231\031""\311\351\262\317""; ","validation: """"\200\000\000\001&\000\000\000\014)/\352\224#:\211l\014`\252m\212dQ\304J\342j\272\270\274\360\307\356\347\200Ywm#\014\233\301\022L\232T\033N\341\232\325\233\227\313\307P\027\000\000\000\000\000\000\000\000\000\000\000\000\000\000\000\000\000\000\000\000\000\000\000\000\000\000\000\000\000\000\000\000P\031L\324\236aQ\361\020X\372\353 3\347\310*\253\021gT!>\003\325\254,\003\367\204\031\331\255\240s!\003\325Q\255\224\274R@\312\253\262\347\352\034\346\347\242\215,\312\376=\277\353{\350\225\301\305`^, vF0D\002 #Y:\235\371B9gh\346-\245\332H~\343\356K\276G\305\246\243\233\302\245\337c\tU?\255\002 fD1\203q\027\204\377\272\216\206s\253s\234W]\260\273\211n|xg\306\231\031""\311\351\262\317""; "
1750587299889,1750587299890,0,1,0,1,TMValidation,"validation: """"\200\000\000\001&\000\000\000\014)/\352\224#:\211l\014`\252m\212dQ\304J\342j\272\270\274\360\307\356\347\200Ywm#\014\233\301\022L\232T\033N\341\232\325\233\227\313\307P\027\000\000\000\000\000\000\000\000\000\000\000\000\000\000\000\000\000\000\000\000\000\000\000\000\000\000\000\000\000\000\000\000P\031L\324\236aQ\361\020X\372\353 3\347\310*\253\021gT!>\003\325\254,\003\367\204\031\331\255\240s!\003\325Q\255\224\274R@\312\253\262\347\352\034\346\347\242\215,\312\376=\277\353{\350\225\301\305`^, vF0D\002 #Y:\235\371B9gh\346-\245\332H~\343\356K\276G\305\246\243\233\302\245\337c\tU?\255\002 fD1\203q\027\204\377\272\216\206s\253s\234W]\260\273\211n|xg\306\231\031""\311\351\262\317""; ","validation: """"\200\000\000\001&\000\000\000\014)/\352\224#:\211l\014`\252m\212dQ\304J\342j\272\270\274\360\307\356\347\200Ywm#\014\233\301\022L\232T\033N\341\232\325\233\227\313\307P\027\000\000\000\000\000\000\000\000\000\000\000\000\000\000\000\000\000\000\000\000\000\000\000\000\000\000\000\000\000\000\000\000P\031L\324\236aQ\361\020X\372\353 3\347\310*\253\021gT!>\003\325\254,\003\367\204\031\331\255\240s!\003\325Q\255\224\274R@\312\253\262\347\352\034\346\347\242\215,\312\376=\277\353{\350\225\301\305`^, vF0D\002 #Y:\235\371B9gh\346-\245\332H~\343\356K\276G\305\246\243\233\302\245\337c\tU?\255\002 fD1\203q\027\204\377\272\216\206s\253s\234W]\260\273\211n|xg\306\231\031""\311\351\262\317""; "
1750587299889,1750587299889,0,1,0,4,TMValidation,"validation: """"\200\000\000\001&\000\000\000\014)/\352\224#:\211l\014`\252m\212dQ\304J\342j\272\270\274\360\307\356\347\200Ywm#\014\233\301\022L\232T\033N\341\232\325\233\227\313\307P\027\000\000\000\000\000\000\000\000\000\000\000\000\000\000\000\000\000\000\000\000\000\000\000\000\000\000\000\000\000\000\000\000P\031L\324\236aQ\361\020X\372\353 3\347\310*\253\021gT!>\003\325\254,\003\367\204\031\331\255\240s!\003\325Q\255\224\274R@\312\253\262\347\352\034\346\347\242\215,\312\376=\277\353{\350\225\301\305`^, vF0D\002 #Y:\235\371B9gh\346-\245\332H~\343\356K\276G\305\246\243\233\302\245\337c\tU?\255\002 fD1\203q\027\204\377\272\216\206s\253s\234W]\260\273\211n|xg\306\231\031""\311\351\262\317""; ","validation: """"\200\000\000\001&\000\000\000\014)/\352\224#:\211l\014`\252m\212dQ\304J\342j\272\270\274\360\307\356\347\200Ywm#\014\233\301\022L\232T\033N\341\232\325\233\227\313\307P\027\000\000\000\000\000\000\000\000\000\000\000\000\000\000\000\000\000\000\000\000\000\000\000\000\000\000\000\000\000\000\000\000P\031L\324\236aQ\361\020X\372\353 3\347\310*\253\021gT!>\003\325\254,\003\367\204\031\331\255\240s!\003\325Q\255\224\274R@\312\253\262\347\352\034\346\347\242\215,\312\376=\277\353{\350\225\301\305`^, vF0D\002 #Y:\235\371B9gh\346-\245\332H~\343\356K\276G\305\246\243\233\302\245\337c\tU?\255\002 fD1\203q\027\204\377\272\216\206s\253s\234W]\260\273\211n|xg\306\231\031""\311\351\262\317""; "
1750587299890,1750587299890,0,1,0,3,TMValidation,"validation: """"\200\000\000\001&\000\000\000\014)/\352\224#:\211l\014`\252m\212dQ\304J\342j\272\270\274\360\307\356\347\200Ywm#\014\233\301\022L\232T\033N\341\232\325\233\227\313\307P\027\000\000\000\000\000\000\000\000\000\000\000\000\000\000\000\000\000\000\000\000\000\000\000\000\000\000\000\000\000\000\000\000P\031L\324\236aQ\361\020X\372\353 3\347\310*\253\021gT!>\003\325\254,\003\367\204\031\331\255\240s!\003\325Q\255\224\274R@\312\253\262\347\352\034\346\347\242\215,\312\376=\277\353{\350\225\301\305`^, vF0D\002 #Y:\235\371B9gh\346-\245\332H~\343\356K\276G\305\246\243\233\302\245\337c\tU?\255\002 fD1\203q\027\204\377\272\216\206s\253s\234W]\260\273\211n|xg\306\231\031""\311\351\262\317""; ","validation: """"\200\000\000\001&\000\000\000\014)/\352\224#:\211l\014`\252m\212dQ\304J\342j\272\270\274\360\307\356\347\200Ywm#\014\233\301\022L\232T\033N\341\232\325\233\227\313\307P\027\000\000\000\000\000\000\000\000\000\000\000\000\000\000\000\000\000\000\000\000\000\000\000\000\000\000\000\000\000\000\000\000P\031L\324\236aQ\361\020X\372\353 3\347\310*\253\021gT!>\003\325\254,\003\367\204\031\331\255\240s!\003\325Q\255\224\274R@\312\253\262\347\352\034\346\347\242\215,\312\376=\277\353{\350\225\301\305`^, vF0D\002 #Y:\235\371B9gh\346-\245\332H~\343\356K\276G\305\246\243\233\302\245\337c\tU?\255\002 fD1\203q\027\204\377\272\216\206s\253s\234W]\260\273\211n|xg\306\231\031""\311\351\262\317""; "
1750587299888,1750587299888,0,1,4,3,TMValidation,"validation: """"\200\000\000\001&\000\000\000\014)/\352\224#:\211l\014`\252m\212dQ\304J\342j\272\270\274\360\307\356\347\200Ywm#\014\233\301\022L\232T\033N\341\232\325\233\227\313\307P\027\000\000\000\000\000\000\000\000\000\000\000\000\000\000\000\000\000\000\000\000\000\000\000\000\000\000\000\000\000\000\000\000P\031L\324\236aQ\361\020X\372\353 3\347\310*\253\021gT!>\003\325\254,\003\367\204\031\331\255\240s!\003\325Q\255\224\274R@\312\253\262\347\352\034\346\347\242\215,\312\376=\277\353{\350\225\301\305`^, vF0D\002 #Y:\235\371B9gh\346-\245\332H~\343\356K\276G\305\246\243\233\302\245\337c\tU?\255\002 fD1\203q\027\204\377\272\216\206s\253s\234W]\260\273\211n|xg\306\231\031""\311\351\262\317""; ","validation: """"\200\000\000\001&\000\000\000\014)/\352\224#:\211l\014`\252m\212dQ\304J\342j\272\270\274\360\307\356\347\200Ywm#\014\233\301\022L\232T\033N\341\232\325\233\227\313\307P\027\000\000\000\000\000\000\000\000\000\000\000\000\000\000\000\000\000\000\000\000\000\000\000\000\000\000\000\000\000\000\000\000P\031L\324\236aQ\361\020X\372\353 3\347\310*\253\021gT!>\003\325\254,\003\367\204\031\331\255\240s!\003\325Q\255\224\274R@\312\253\262\347\352\034\346\347\242\215,\312\376=\277\353{\350\225\301\305`^, vF0D\002 #Y:\235\371B9gh\346-\245\332H~\343\356K\276G\305\246\243\233\302\245\337c\tU?\255\002 fD1\203q\027\204\377\272\216\206s\253s\234W]\260\273\211n|xg\306\231\031""\311\351\262\317""; "
1750587299891,1750587299891,0,1,1,4,TMValidation,"validation: """"\200\000\000\001&\000\000\000\014)/\352\224#:\211l\014`\252m\212dQ\304J\342j\272\270\274\360\307\356\347\200Ywm#\014\233\301\022L\232T\033N\341\232\325\233\227\313\307P\027\000\000\000\000\000\000\000\000\000\000\000\000\000\000\000\000\000\000\000\000\000\000\000\000\000\000\000\000\000\000\000\000P\031L\324\236aQ\361\020X\372\353 3\347\310*\253\021gT!>\003\325\254,\003\367\204\031\331\255\240s!\003\325Q\255\224\274R@\312\253\262\347\352\034\346\347\242\215,\312\376=\277\353{\350\225\301\305`^, vF0D\002 #Y:\235\371B9gh\346-\245\332H~\343\356K\276G\305\246\243\233\302\245\337c\tU?\255\002 fD1\203q\027\204\377\272\216\206s\253s\234W]\260\273\211n|xg\306\231\031""\311\351\262\317""; ","validation: """"\200\000\000\001&\000\000\000\014)/\352\224#:\211l\014`\252m\212dQ\304J\342j\272\270\274\360\307\356\347\200Ywm#\014\233\301\022L\232T\033N\341\232\325\233\227\313\307P\027\000\000\000\000\000\000\000\000\000\000\000\000\000\000\000\000\000\000\000\000\000\000\000\000\000\000\000\000\000\000\000\000P\031L\324\236aQ\361\020X\372\353 3\347\310*\253\021gT!>\003\325\254,\003\367\204\031\331\255\240s!\003\325Q\255\224\274R@\312\253\262\347\352\034\346\347\242\215,\312\376=\277\353{\350\225\301\305`^, vF0D\002 #Y:\235\371B9gh\346-\245\332H~\343\356K\276G\305\246\243\233\302\245\337c\tU?\255\002 fD1\203q\027\204\377\272\216\206s\253s\234W]\260\273\211n|xg\306\231\031""\311\351\262\317""; "
1750587299891,1750587299891,0,1,1,3,TMValidation,"validation: """"\200\000\000\001&\000\000\000\014)/\352\224#:\211l\014`\252m\212dQ\304J\342j\272\270\274\360\307\356\347\200Ywm#\014\233\301\022L\232T\033N\341\232\325\233\227\313\307P\027\000\000\000\000\000\000\000\000\000\000\000\000\000\000\000\000\000\000\000\000\000\000\000\000\000\000\000\000\000\000\000\000P\031L\324\236aQ\361\020X\372\353 3\347\310*\253\021gT!>\003\325\254,\003\367\204\031\331\255\240s!\003\325Q\255\224\274R@\312\253\262\347\352\034\346\347\242\215,\312\376=\277\353{\350\225\301\305`^, vF0D\002 #Y:\235\371B9gh\346-\245\332H~\343\356K\276G\305\246\243\233\302\245\337c\tU?\255\002 fD1\203q\027\204\377\272\216\206s\253s\234W]\260\273\211n|xg\306\231\031""\311\351\262\317""; ","validation: """"\200\000\000\001&\000\000\000\014)/\352\224#:\211l\014`\252m\212dQ\304J\342j\272\270\274\360\307\356\347\200Ywm#\014\233\301\022L\232T\033N\341\232\325\233\227\313\307P\027\000\000\000\000\000\000\000\000\000\000\000\000\000\000\000\000\000\000\000\000\000\000\000\000\000\000\000\000\000\000\000\000P\031L\324\236aQ\361\020X\372\353 3\347\310*\253\021gT!>\003\325\254,\003\367\204\031\331\255\240s!\003\325Q\255\224\274R@\312\253\262\347\352\034\346\347\242\215,\312\376=\277\353{\350\225\301\305`^, vF0D\002 #Y:\235\371B9gh\346-\245\332H~\343\356K\276G\305\246\243\233\302\245\337c\tU?\255\002 fD1\203q\027\204\377\272\216\206s\253s\234W]\260\273\211n|xg\306\231\031""\311\351\262\317""; "
1750587299891,1750587299892,0,1,1,0,TMValidation,"validation: """"\200\000\000\001&\000\000\000\014)/\352\224#:\211l\014`\252m\212dQ\304J\342j\272\270\274\360\307\356\347\200Ywm#\014\233\301\022L\232T\033N\341\232\325\233\227\313\307P\027\000\000\000\000\000\000\000\000\000\000\000\000\000\000\000\000\000\000\000\000\000\000\000\000\000\000\000\000\000\000\000\000P\031L\324\236aQ\361\020X\372\353 3\347\310*\253\021gT!>\003\325\254,\003\367\204\031\331\255\240s!\003\325Q\255\224\274R@\312\253\262\347\352\034\346\347\242\215,\312\376=\277\353{\350\225\301\305`^, vF0D\002 #Y:\235\371B9gh\346-\245\332H~\343\356K\276G\305\246\243\233\302\245\337c\tU?\255\002 fD1\203q\027\204\377\272\216\206s\253s\234W]\260\273\211n|xg\306\231\031""\311\351\262\317""; ","validation: """"\200\000\000\001&\000\000\000\014)/\352\224#:\211l\014`\252m\212dQ\304J\342j\272\270\274\360\307\356\347\200Ywm#\014\233\301\022L\232T\033N\341\232\325\233\227\313\307P\027\000\000\000\000\000\000\000\000\000\000\000\000\000\000\000\000\000\000\000\000\000\000\000\000\000\000\000\000\000\000\000\000P\031L\324\236aQ\361\020X\372\353 3\347\310*\253\021gT!>\003\325\254,\003\367\204\031\331\255\240s!\003\325Q\255\224\274R@\312\253\262\347\352\034\346\347\242\215,\312\376=\277\353{\350\225\301\305`^, vF0D\002 #Y:\235\371B9gh\346-\245\332H~\343\356K\276G\305\246\243\233\302\245\337c\tU?\255\002 fD1\203q\027\204\377\272\216\206s\253s\234W]\260\273\211n|xg\306\231\031""\311\351\262\317""; "
1750587299893,1750587299893,0,1,3,0,TMValidation,"validation: """"\200\000\000\001&\000\000\000\014)/\352\224#:\211l\014`\252m\212dQ\304J\342j\272\270\274\360\307\356\347\200Ywm#\014\233\301\022L\232T\033N\341\232\325\233\227\313\307P\027\000\000\000\000\000\000\000\000\000\000\000\000\000\000\000\000\000\000\000\000\000\000\000\000\000\000\000\000\000\000\000\000P\031L\324\236aQ\361\020X\372\353 3\347\310*\253\021gT!>\003\325\254,\003\367\204\031\331\255\240s!\003\325Q\255\224\274R@\312\253\262\347\352\034\346\347\242\215,\312\376=\277\353{\350\225\301\305`^, vF0D\002 #Y:\235\371B9gh\346-\245\332H~\343\356K\276G\305\246\243\233\302\245\337c\tU?\255\002 fD1\203q\027\204\377\272\216\206s\253s\234W]\260\273\211n|xg\306\231\031""\311\351\262\317""; ","validation: """"\200\000\000\001&\000\000\000\014)/\352\224#:\211l\014`\252m\212dQ\304J\342j\272\270\274\360\307\356\347\200Ywm#\014\233\301\022L\232T\033N\341\232\325\233\227\313\307P\027\000\000\000\000\000\000\000\000\000\000\000\000\000\000\000\000\000\000\000\000\000\000\000\000\000\000\000\000\000\000\000\000P\031L\324\236aQ\361\020X\372\353 3\347\310*\253\021gT!>\003\325\254,\003\367\204\031\331\255\240s!\003\325Q\255\224\274R@\312\253\262\347\352\034\346\347\242\215,\312\376=\277\353{\350\225\301\305`^, vF0D\002 #Y:\235\371B9gh\346-\245\332H~\343\356K\276G\305\246\243\233\302\245\337c\tU?\255\002 fD1\203q\027\204\377\272\216\206s\253s\234W]\260\273\211n|xg\306\231\031""\311\351\262\317""; "
1750587299893,1750587299893,0,1,3,4,TMValidation,"validation: """"\200\000\000\001&\000\000\000\014)/\352\224#:\211l\014`\252m\212dQ\304J\342j\272\270\274\360\307\356\347\200Ywm#\014\233\301\022L\232T\033N\341\232\325\233\227\313\307P\027\000\000\000\000\000\000\000\000\000\000\000\000\000\000\000\000\000\000\000\000\000\000\000\000\000\000\000\000\000\000\000\000P\031L\324\236aQ\361\020X\372\353 3\347\310*\253\021gT!>\003\325\254,\003\367\204\031\331\255\240s!\003\325Q\255\224\274R@\312\253\262\347\352\034\346\347\242\215,\312\376=\277\353{\350\225\301\305`^, vF0D\002 #Y:\235\371B9gh\346-\245\332H~\343\356K\276G\305\246\243\233\302\245\337c\tU?\255\002 fD1\203q\027\204\377\272\216\206s\253s\234W]\260\273\211n|xg\306\231\031""\311\351\262\317""; ","validation: """"\200\000\000\001&\000\000\000\014)/\352\224#:\211l\014`\252m\212dQ\304J\342j\272\270\274\360\307\356\347\200Ywm#\014\233\301\022L\232T\033N\341\232\325\233\227\313\307P\027\000\000\000\000\000\000\000\000\000\000\000\000\000\000\000\000\000\000\000\000\000\000\000\000\000\000\000\000\000\000\000\000P\031L\324\236aQ\361\020X\372\353 3\347\310*\253\021gT!>\003\325\254,\003\367\204\031\331\255\240s!\003\325Q\255\224\274R@\312\253\262\347\352\034\346\347\242\215,\312\376=\277\353{\350\225\301\305`^, vF0D\002 #Y:\235\371B9gh\346-\245\332H~\343\356K\276G\305\246\243\233\302\245\337c\tU?\255\002 fD1\203q\027\204\377\272\216\206s\253s\234W]\260\273\211n|xg\306\231\031""\311\351\262\317""; "
1750587299895,1750587299895,0,1,3,1,TMValidation,"validation: """"\200\000\000\001&\000\000\000\014)/\352\224#:\211l\014`\252m\212dQ\304J\342j\272\270\274\360\307\356\347\200Ywm#\014\233\301\022L\232T\033N\341\232\325\233\227\313\307P\027\000\000\000\000\000\000\000\000\000\000\000\000\000\000\000\000\000\000\000\000\000\000\000\000\000\000\000\000\000\000\000\000P\031L\324\236aQ\361\020X\372\353 3\347\310*\253\021gT!>\003\325\254,\003\367\204\031\331\255\240s!\003\325Q\255\224\274R@\312\253\262\347\352\034\346\347\242\215,\312\376=\277\353{\350\225\301\305`^, vF0D\002 #Y:\235\371B9gh\346-\245\332H~\343\356K\276G\305\246\243\233\302\245\337c\tU?\255\002 fD1\203q\027\204\377\272\216\206s\253s\234W]\260\273\211n|xg\306\231\031""\311\351\262\317""; ","validation: """"\200\000\000\001&\000\000\000\014)/\352\224#:\211l\014`\252m\212dQ\304J\342j\272\270\274\360\307\356\347\200Ywm#\014\233\301\022L\232T\033N\341\232\325\233\227\313\307P\027\000\000\000\000\000\000\000\000\000\000\000\000\000\000\000\000\000\000\000\000\000\000\000\000\000\000\000\000\000\000\000\000P\031L\324\236aQ\361\020X\372\353 3\347\310*\253\021gT!>\003\325\254,\003\367\204\031\331\255\240s!\003\325Q\255\224\274R@\312\253\262\347\352\034\346\347\242\215,\312\376=\277\353{\350\225\301\305`^, vF0D\002 #Y:\235\371B9gh\346-\245\332H~\343\356K\276G\305\246\243\233\302\245\337c\tU?\255\002 fD1\203q\027\204\377\272\216\206s\253s\234W]\260\273\211n|xg\306\231\031""\311\351\262\317""; "
1750587300014,1750587300014,0,1,0,3,TMStatusChange,"newEvent: neACCEPTED_LEDGER; ledgerSeq: 12; ledgerHash: ""\304J\342j\272\270\274\360\307\356\347\200Ywm#\014\233\301\022L\232T\033N\341\232\325\233\227\313\307""; ledgerHashPrevious: ""L\324\236aQ\361\020X\372\353 3\347\310*\253\021gT!>\003\325\254,\003\367\204\031\331\255\240""; networkTime: 803902500; firstSeq: 9; lastSeq: 11; ","newEvent: neACCEPTED_LEDGER; ledgerSeq: 12; ledgerHash: ""\304J\342j\272\270\274\360\307\356\347\200Ywm#\014\233\301\022L\232T\033N\341\232\325\233\227\313\307""; ledgerHashPrevious: ""L\324\236aQ\361\020X\372\353 3\347\310*\253\021gT!>\003\325\254,\003\367\204\031\331\255\240""; networkTime: 803902500; firstSeq: 9; lastSeq: 11; "
1750587300015,1750587300015,0,1,0,4,TMStatusChange,"newEvent: neACCEPTED_LEDGER; ledgerSeq: 12; ledgerHash: ""\304J\342j\272\270\274\360\307\356\347\200Ywm#\014\233\301\022L\232T\033N\341\232\325\233\227\313\307""; ledgerHashPrevious: ""L\324\236aQ\361\020X\372\353 3\347\310*\253\021gT!>\003\325\254,\003\367\204\031\331\255\240""; networkTime: 803902500; firstSeq: 9; lastSeq: 11; ","newEvent: neACCEPTED_LEDGER; ledgerSeq: 12; ledgerHash: ""\304J\342j\272\270\274\360\307\356\347\200Ywm#\014\233\301\022L\232T\033N\341\232\325\233\227\313\307""; ledgerHashPrevious: ""L\324\236aQ\361\020X\372\353 3\347\310*\253\021gT!>\003\325\254,\003\367\204\031\331\255\240""; networkTime: 803902500; firstSeq: 9; lastSeq: 11; "
1750587300015,1750587300016,0,1,0,1,TMStatusChange,"newEvent: neACCEPTED_LEDGER; ledgerSeq: 12; ledgerHash: ""\304J\342j\272\270\274\360\307\356\347\200Ywm#\014\233\301\022L\232T\033N\341\232\325\233\227\313\307""; ledgerHashPrevious: ""L\324\236aQ\361\020X\372\353 3\347\310*\253\021gT!>\003\325\254,\003\367\204\031\331\255\240""; networkTime: 803902500; firstSeq: 9; lastSeq: 11; ","newEvent: neACCEPTED_LEDGER; ledgerSeq: 12; ledgerHash: ""\304J\342j\272\270\274\360\307\356\347\200Ywm#\014\233\301\022L\232T\033N\341\232\325\233\227\313\307""; ledgerHashPrevious: ""L\324\236aQ\361\020X\372\353 3\347\310*\253\021gT!>\003\325\254,\003\367\204\031\331\255\240""; networkTime: 803902500; firstSeq: 9; lastSeq: 11; "
1750587300016,1750587300016,0,1,0,2,TMStatusChange,"newEvent: neACCEPTED_LEDGER; ledgerSeq: 12; ledgerHash: ""\304J\342j\272\270\274\360\307\356\347\200Ywm#\014\233\301\022L\232T\033N\341\232\325\233\227\313\307""; ledgerHashPrevious: ""L\324\236aQ\361\020X\372\353 3\347\310*\253\021gT!>\003\325\254,\003\367\204\031\331\255\240""; networkTime: 803902500; firstSeq: 9; lastSeq: 11; ","newEvent: neACCEPTED_LEDGER; ledgerSeq: 12; ledgerHash: ""\304J\342j\272\270\274\360\307\356\347\200Ywm#\014\233\301\022L\232T\033N\341\232\325\233\227\313\307""; ledgerHashPrevious: ""L\324\236aQ\361\020X\372\353 3\347\310*\253\021gT!>\003\325\254,\003\367\204\031\331\255\240""; networkTime: 803902500; firstSeq: 9; lastSeq: 11; "
1750587300058,1750587300058,0,1,0,1,TMValidation,"validation: """"\200\000\000\001&\000\000\000\014)/\352\224$:I\203w\200\211\SGQ\304J\342j\272\270\274\360\307\356\347\200Ywm#\014\233\301\022L\232T\033N\341\232\325\233\227\313\307P\027\000\000\000\000\000\000\000\000\000\000\000\000\000\000\000\000\000\000\000\000\000\000\000\000\000\000\000\000\000\000\000\000P\031L\324\236aQ\361\020X\372\353 3\347\310*\253\021gT!>\003\325\254,\003\367\204\031\331\255\240s!\002\347\243J\206W\025ML\260\226\0163\217\250\337\325W\253\356*O\245Z\271\234\207C\274\375`\335\311vF0D\002 \035h@\357k\342p\021\230\267\t\307\226\027\225\270\275\323\007[\325\237\205K\317R$\276P\252\245<\002 \024%N\274\325'\tzT\016 \257?\260\243\033\255}\301\341\376\343\\021\346\022_$;\343r\222""; ","validation: """"\200\000\000\001&\000\000\000\014)/\352\224$:I\203w\200\211\SGQ\304J\342j\272\270\274\360\307\356\347\200Ywm#\014\233\301\022L\232T\033N\341\232\325\233\227\313\307P\027\000\000\000\000\000\000\000\000\000\000\000\000\000\000\000\000\000\000\000\000\000\000\000\000\000\000\000\000\000\000\000\000P\031L\324\236aQ\361\020X\372\353 3\347\310*\253\021gT!>\003\325\254,\003\367\204\031\331\255\240s!\002\347\243J\206W\025ML\260\226\0163\217\250\337\325W\253\356*O\245Z\271\234\207C\274\375`\335\311vF0D\002 \035h@\357k\342p\021\230\267\t\307\226\027\225\270\275\323\007[\325\237\205K\317R$\276P\252\245<\002 \024%N\274\325'\tzT\016 \257?\260\243\033\255}\301\341\376\343\\021\346\022_$;\343r\222""; "
1750587300058,1750587300058,0,1,0,4,TMValidation,"validation: """"\200\000\000\001&\000\000\000\014)/\352\224$:I\203w\200\211\SGQ\304J\342j\272\270\274\360\307\356\347\200Ywm#\014\233\301\022L\232T\033N\341\232\325\233\227\313\307P\027\000\000\000\000\000\000\000\000\000\000\000\000\000\000\000\000\000\000\000\000\000\000\000\000\000\000\000\000\000\000\000\000P\031L\324\236aQ\361\020X\372\353 3\347\310*\253\021gT!>\003\325\254,\003\367\204\031\331\255\240s!\002\347\243J\206W\025ML\260\226\0163\217\250\337\325W\253\356*O\245Z\271\234\207C\274\375`\335\311vF0D\002 \035h@\357k\342p\021\230\267\t\307\226\027\225\270\275\323\007[\325\237\205K\317R$\276P\252\245<\002 \024%N\274\325'\tzT\016 \257?\260\243\033\255}\301\341\376\343\\021\346\022_$;\343r\222""; ","validation: """"\200\000\000\001&\000\000\000\014)/\352\224$:I\203w\200\211\SGQ\304J\342j\272\270\274\360\307\356\347\200Ywm#\014\233\301\022L\232T\033N\341\232\325\233\227\313\307P\027\000\000\000\000\000\000\000\000\000\000\000\000\000\000\000\000\000\000\000\000\000\000\000\000\000\000\000\000\000\000\000\000P\031L\324\236aQ\361\020X\372\353 3\347\310*\253\021gT!>\003\325\254,\003\367\204\031\331\255\240s!\002\347\243J\206W\025ML\260\226\0163\217\250\337\325W\253\356*O\245Z\271\234\207C\274\375`\335\311vF0D\002 \035h@\357k\342p\021\230\267\t\307\226\027\225\270\275\323\007[\325\237\205K\317R$\276P\252\245<\002 \024%N\274\325'\tzT\016 \257?\260\243\033\255}\301\341\376\343\\021\346\022_$;\343r\222""; "
1750587300059,1750587300059,0,1,0,3,TMValidation,"validation: """"\200\000\000\001&\000\000\000\014)/\352\224$:I\203w\200\211\SGQ\304J\342j\272\270\274\360\307\356\347\200Ywm#\014\233\301\022L\232T\033N\341\232\325\233\227\313\307P\027\000\000\000\000\000\000\000\000\000\000\000\000\000\000\000\000\000\000\000\000\000\000\000\000\000\000\000\000\000\000\000\000P\031L\324\236aQ\361\020X\372\353 3\347\310*\253\021gT!>\003\325\254,\003\367\204\031\331\255\240s!\002\347\243J\206W\025ML\260\226\0163\217\250\337\325W\253\356*O\245Z\271\234\207C\274\375`\335\311vF0D\002 \035h@\357k\342p\021\230\267\t\307\226\027\225\270\275\323\007[\325\237\205K\317R$\276P\252\245<\002 \024%N\274\325'\tzT\016 \257?\260\243\033\255}\301\341\376\343\\021\346\022_$;\343r\222""; ","validation: """"\200\000\000\001&\000\000\000\014)/\352\224$:I\203w\200\211\SGQ\304J\342j\272\270\274\360\307\356\347\200Ywm#\014\233\301\022L\232T\033N\341\232\325\233\227\313\307P\027\000\000\000\000\000\000\000\000\000\000\000\000\000\000\000\000\000\000\000\000\000\000\000\000\000\000\000\000\000\000\000\000P\031L\324\236aQ\361\020X\372\353 3\347\310*\253\021gT!>\003\325\254,\003\367\204\031\331\255\240s!\002\347\243J\206W\025ML\260\226\0163\217\250\337\325W\253\356*O\245Z\271\234\207C\274\375`\335\311vF0D\002 \035h@\357k\342p\021\230\267\t\307\226\027\225\270\275\323\007[\325\237\205K\317R$\276P\252\245<\002 \024%N\274\325'\tzT\016 \257?\260\243\033\255}\301\341\376\343\\021\346\022_$;\343r\222""; "
1750587300060,1750587300060,0,1,0,2,TMValidation,"validation: """"\200\000\000\001&\000\000\000\014)/\352\224$:I\203w\200\211\SGQ\304J\342j\272\270\274\360\307\356\347\200Ywm#\014\233\301\022L\232T\033N\341\232\325\233\227\313\307P\027\000\000\000\000\000\000\000\000\000\000\000\000\000\000\000\000\000\000\000\000\000\000\000\000\000\000\000\000\000\000\000\000P\031L\324\236aQ\361\020X\372\353 3\347\310*\253\021gT!>\003\325\254,\003\367\204\031\331\255\240s!\002\347\243J\206W\025ML\260\226\0163\217\250\337\325W\253\356*O\245Z\271\234\207C\274\375`\335\311vF0D\002 \035h@\357k\342p\021\230\267\t\307\226\027\225\270\275\323\007[\325\237\205K\317R$\276P\252\245<\002 \024%N\274\325'\tzT\016 \257?\260\243\033\255}\301\341\376\343\\021\346\022_$;\343r\222""; ","validation: """"\200\000\000\001&\000\000\000\014)/\352\224$:I\203w\200\211\SGQ\304J\342j\272\270\274\360\307\356\347\200Ywm#\014\233\301\022L\232T\033N\341\232\325\233\227\313\307P\027\000\000\000\000\000\000\000\000\000\000\000\000\000\000\000\000\000\000\000\000\000\000\000\000\000\000\000\000\000\000\000\000P\031L\324\236aQ\361\020X\372\353 3\347\310*\253\021gT!>\003\325\254,\003\367\204\031\331\255\240s!\002\347\243J\206W\025ML\260\226\0163\217\250\337\325W\253\356*O\245Z\271\234\207C\274\375`\335\311vF0D\002 \035h@\357k\342p\021\230\267\t\307\226\027\225\270\275\323\007[\325\237\205K\317R$\276P\252\245<\002 \024%N\274\325'\tzT\016 \257?\260\243\033\255}\301\341\376\343\\021\346\022_$;\343r\222""; "
1750587300061,1750587300061,0,1,1,4,TMValidation,"validation: """"\200\000\000\001&\000\000\000\014)/\352\224$:I\203w\200\211\SGQ\304J\342j\272\270\274\360\307\356\347\200Ywm#\014\233\301\022L\232T\033N\341\232\325\233\227\313\307P\027\000\000\000\000\000\000\000\000\000\000\000\000\000\000\000\000\000\000\000\000\000\000\000\000\000\000\000\000\000\000\000\000P\031L\324\236aQ\361\020X\372\353 3\347\310*\253\021gT!>\003\325\254,\003\367\204\031\331\255\240s!\002\347\243J\206W\025ML\260\226\0163\217\250\337\325W\253\356*O\245Z\271\234\207C\274\375`\335\311vF0D\002 \035h@\357k\342p\021\230\267\t\307\226\027\225\270\275\323\007[\325\237\205K\317R$\276P\252\245<\002 \024%N\274\325'\tzT\016 \257?\260\243\033\255}\301\341\376\343\\021\346\022_$;\343r\222""; ","validation: """"\200\000\000\001&\000\000\000\014)/\352\224$:I\203w\200\211\SGQ\304J\342j\272\270\274\360\307\356\347\200Ywm#\014\233\301\022L\232T\033N\341\232\325\233\227\313\307P\027\000\000\000\000\000\000\000\000\000\000\000\000\000\000\000\000\000\000\000\000\000\000\000\000\000\000\000\000\000\000\000\000P\031L\324\236aQ\361\020X\372\353 3\347\310*\253\021gT!>\003\325\254,\003\367\204\031\331\255\240s!\002\347\243J\206W\025ML\260\226\0163\217\250\337\325W\253\356*O\245Z\271\234\207C\274\375`\335\311vF0D\002 \035h@\357k\342p\021\230\267\t\307\226\027\225\270\275\323\007[\325\237\205K\317R$\276P\252\245<\002 \024%N\274\325'\tzT\016 \257?\260\243\033\255}\301\341\376\343\\021\346\022_$;\343r\222""; "
1750587300062,1750587300062,0,1,4,3,TMValidation,"validation: """"\200\000\000\001&\000\000\000\014)/\352\224$:I\203w\200\211\SGQ\304J\342j\272\270\274\360\307\356\347\200Ywm#\014\233\301\022L\232T\033N\341\232\325\233\227\313\307P\027\000\000\000\000\000\000\000\000\000\000\000\000\000\000\000\000\000\000\000\000\000\000\000\000\000\000\000\000\000\000\000\000P\031L\324\236aQ\361\020X\372\353 3\347\310*\253\021gT!>\003\325\254,\003\367\204\031\331\255\240s!\002\347\243J\206W\025ML\260\226\0163\217\250\337\325W\253\356*O\245Z\271\234\207C\274\375`\335\311vF0D\002 \035h@\357k\342p\021\230\267\t\307\226\027\225\270\275\323\007[\325\237\205K\317R$\276P\252\245<\002 \024%N\274\325'\tzT\016 \257?\260\243\033\255}\301\341\376\343\\021\346\022_$;\343r\222""; ","validation: """"\200\000\000\001&\000\000\000\014)/\352\224$:I\203w\200\211\SGQ\304J\342j\272\270\274\360\307\356\347\200Ywm#\014\233\301\022L\232T\033N\341\232\325\233\227\313\307P\027\000\000\000\000\000\000\000\000\000\000\000\000\000\000\000\000\000\000\000\000\000\000\000\000\000\000\000\000\000\000\000\000P\031L\324\236aQ\361\020X\372\353 3\347\310*\253\021gT!>\003\325\254,\003\367\204\031\331\255\240s!\002\347\243J\206W\025ML\260\226\0163\217\250\337\325W\253\356*O\245Z\271\234\207C\274\375`\335\311vF0D\002 \035h@\357k\342p\021\230\267\t\307\226\027\225\270\275\323\007[\325\237\205K\317R$\276P\252\245<\002 \024%N\274\325'\tzT\016 \257?\260\243\033\255}\301\341\376\343\\021\346\022_$;\343r\222""; "
1750587300062,1750587300062,0,1,4,2,TMValidation,"validation: """"\200\000\000\001&\000\000\000\014)/\352\224$:I\203w\200\211\SGQ\304J\342j\272\270\274\360\307\356\347\200Ywm#\014\233\301\022L\232T\033N\341\232\325\233\227\313\307P\027\000\000\000\000\000\000\000\000\000\000\000\000\000\000\000\000\000\000\000\000\000\000\000\000\000\000\000\000\000\000\000\000P\031L\324\236aQ\361\020X\372\353 3\347\310*\253\021gT!>\003\325\254,\003\367\204\031\331\255\240s!\002\347\243J\206W\025ML\260\226\0163\217\250\337\325W\253\356*O\245Z\271\234\207C\274\375`\335\311vF0D\002 \035h@\357k\342p\021\230\267\t\307\226\027\225\270\275\323\007[\325\237\205K\317R$\276P\252\245<\002 \024%N\274\325'\tzT\016 \257?\260\243\033\255}\301\341\376\343\\021\346\022_$;\343r\222""; ","validation: """"\200\000\000\001&\000\000\000\014)/\352\224$:I\203w\200\211\SGQ\304J\342j\272\270\274\360\307\356\347\200Ywm#\014\233\301\022L\232T\033N\341\232\325\233\227\313\307P\027\000\000\000\000\000\000\000\000\000\000\000\000\000\000\000\000\000\000\000\000\000\000\000\000\000\000\000\000\000\000\000\000P\031L\324\236aQ\361\020X\372\353 3\347\310*\253\021gT!>\003\325\254,\003\367\204\031\331\255\240s!\002\347\243J\206W\025ML\260\226\0163\217\250\337\325W\253\356*O\245Z\271\234\207C\274\375`\335\311vF0D\002 \035h@\357k\342p\021\230\267\t\307\226\027\225\270\275\323\007[\325\237\205K\317R$\276P\252\245<\002 \024%N\274\325'\tzT\016 \257?\260\243\033\255}\301\341\376\343\\021\346\022_$;\343r\222""; "
1750587300062,1750587300062,0,1,4,1,TMValidation,"validation: """"\200\000\000\001&\000\000\000\014)/\352\224$:I\203w\200\211\SGQ\304J\342j\272\270\274\360\307\356\347\200Ywm#\014\233\301\022L\232T\033N\341\232\325\233\227\313\307P\027\000\000\000\000\000\000\000\000\000\000\000\000\000\000\000\000\000\000\000\000\000\000\000\000\000\000\000\000\000\000\000\000P\031L\324\236aQ\361\020X\372\353 3\347\310*\253\021gT!>\003\325\254,\003\367\204\031\331\255\240s!\002\347\243J\206W\025ML\260\226\0163\217\250\337\325W\253\356*O\245Z\271\234\207C\274\375`\335\311vF0D\002 \035h@\357k\342p\021\230\267\t\307\226\027\225\270\275\323\007[\325\237\205K\317R$\276P\252\245<\002 \024%N\274\325'\tzT\016 \257?\260\243\033\255}\301\341\376\343\\021\346\022_$;\343r\222""; ","validation: """"\200\000\000\001&\000\000\000\014)/\352\224$:I\203w\200\211\SGQ\304J\342j\272\270\274\360\307\356\347\200Ywm#\014\233\301\022L\232T\033N\341\232\325\233\227\313\307P\027\000\000\000\000\000\000\000\000\000\000\000\000\000\000\000\000\000\000\000\000\000\000\000\000\000\000\000\000\000\000\000\000P\031L\324\236aQ\361\020X\372\353 3\347\310*\253\021gT!>\003\325\254,\003\367\204\031\331\255\240s!\002\347\243J\206W\025ML\260\226\0163\217\250\337\325W\253\356*O\245Z\271\234\207C\274\375`\335\311vF0D\002 \035h@\357k\342p\021\230\267\t\307\226\027\225\270\275\323\007[\325\237\205K\317R$\276P\252\245<\002 \024%N\274\325'\tzT\016 \257?\260\243\033\255}\301\341\376\343\\021\346\022_$;\343r\222""; "
1750587300062,1750587300063,0,1,1,3,TMValidation,"validation: """"\200\000\000\001&\000\000\000\014)/\352\224$:I\203w\200\211\SGQ\304J\342j\272\270\274\360\307\356\347\200Ywm#\014\233\301\022L\232T\033N\341\232\325\233\227\313\307P\027\000\000\000\000\000\000\000\000\000\000\000\000\000\000\000\000\000\000\000\000\000\000\000\000\000\000\000\000\000\000\000\000P\031L\324\236aQ\361\020X\372\353 3\347\310*\253\021gT!>\003\325\254,\003\367\204\031\331\255\240s!\002\347\243J\206W\025ML\260\226\0163\217\250\337\325W\253\356*O\245Z\271\234\207C\274\375`\335\311vF0D\002 \035h@\357k\342p\021\230\267\t\307\226\027\225\270\275\323\007[\325\237\205K\317R$\276P\252\245<\002 \024%N\274\325'\tzT\016 \257?\260\243\033\255}\301\341\376\343\\021\346\022_$;\343r\222""; ","validation: """"\200\000\000\001&\000\000\000\014)/\352\224$:I\203w\200\211\SGQ\304J\342j\272\270\274\360\307\356\347\200Ywm#\014\233\301\022L\232T\033N\341\232\325\233\227\313\307P\027\000\000\000\000\000\000\000\000\000\000\000\000\000\000\000\000\000\000\000\000\000\000\000\000\000\000\000\000\000\000\000\000P\031L\324\236aQ\361\020X\372\353 3\347\310*\253\021gT!>\003\325\254,\003\367\204\031\331\255\240s!\002\347\243J\206W\025ML\260\226\0163\217\250\337\325W\253\356*O\245Z\271\234\207C\274\375`\335\311vF0D\002 \035h@\357k\342p\021\230\267\t\307\226\027\225\270\275\323\007[\325\237\205K\317R$\276P\252\245<\002 \024%N\274\325'\tzT\016 \257?\260\243\033\255}\301\341\376\343\\021\346\022_$;\343r\222""; "
1750587300063,1750587300063,0,1,1,2,TMValidation,"validation: """"\200\000\000\001&\000\000\000\014)/\352\224$:I\203w\200\211\SGQ\304J\342j\272\270\274\360\307\356\347\200Ywm#\014\233\301\022L\232T\033N\341\232\325\233\227\313\307P\027\000\000\000\000\000\000\000\000\000\000\000\000\000\000\000\000\000\000\000\000\000\000\000\000\000\000\000\000\000\000\000\000P\031L\324\236aQ\361\020X\372\353 3\347\310*\253\021gT!>\003\325\254,\003\367\204\031\331\255\240s!\002\347\243J\206W\025ML\260\226\0163\217\250\337\325W\253\356*O\245Z\271\234\207C\274\375`\335\311vF0D\002 \035h@\357k\342p\021\230\267\t\307\226\027\225\270\275\323\007[\325\237\205K\317R$\276P\252\245<\002 \024%N\274\325'\tzT\016 \257?\260\243\033\255}\301\341\376\343\\021\346\022_$;\343r\222""; ","validation: """"\200\000\000\001&\000\000\000\014)/\352\224$:I\203w\200\211\SGQ\304J\342j\272\270\274\360\307\356\347\200Ywm#\014\233\301\022L\232T\033N\341\232\325\233\227\313\307P\027\000\000\000\000\000\000\000\000\000\000\000\000\000\000\000\000\000\000\000\000\000\000\000\000\000\000\000\000\000\000\000\000P\031L\324\236aQ\361\020X\372\353 3\347\310*\253\021gT!>\003\325\254,\003\367\204\031\331\255\240s!\002\347\243J\206W\025ML\260\226\0163\217\250\337\325W\253\356*O\245Z\271\234\207C\274\375`\335\311vF0D\002 \035h@\357k\342p\021\230\267\t\307\226\027\225\270\275\323\007[\325\237\205K\317R$\276P\252\245<\002 \024%N\274\325'\tzT\016 \257?\260\243\033\255}\301\341\376\343\\021\346\022_$;\343r\222""; "
1750587300064,1750587300064,0,1,2,3,TMValidation,"validation: """"\200\000\000\001&\000\000\000\014)/\352\224$:I\203w\200\211\SGQ\304J\342j\272\270\274\360\307\356\347\200Ywm#\014\233\301\022L\232T\033N\341\232\325\233\227\313\307P\027\000\000\000\000\000\000\000\000\000\000\000\000\000\000\000\000\000\000\000\000\000\000\000\000\000\000\000\000\000\000\000\000P\031L\324\236aQ\361\020X\372\353 3\347\310*\253\021gT!>\003\325\254,\003\367\204\031\331\255\240s!\002\347\243J\206W\025ML\260\226\0163\217\250\337\325W\253\356*O\245Z\271\234\207C\274\375`\335\311vF0D\002 \035h@\357k\342p\021\230\267\t\307\226\027\225\270\275\323\007[\325\237\205K\317R$\276P\252\245<\002 \024%N\274\325'\tzT\016 \257?\260\243\033\255}\301\341\376\343\\021\346\022_$;\343r\222""; ","validation: """"\200\000\000\001&\000\000\000\014)/\352\224$:I\203w\200\211\SGQ\304J\342j\272\270\274\360\307\356\347\200Ywm#\014\233\301\022L\232T\033N\341\232\325\233\227\313\307P\027\000\000\000\000\000\000\000\000\000\000\000\000\000\000\000\000\000\000\000\000\000\000\000\000\000\000\000\000\000\000\000\000P\031L\324\236aQ\361\020X\372\353 3\347\310*\253\021gT!>\003\325\254,\003\367\204\031\331\255\240s!\002\347\243J\206W\025ML\260\226\0163\217\250\337\325W\253\356*O\245Z\271\234\207C\274\375`\335\311vF0D\002 \035h@\357k\342p\021\230\267\t\307\226\027\225\270\275\323\007[\325\237\205K\317R$\276P\252\245<\002 \024%N\274\325'\tzT\016 \257?\260\243\033\255}\301\341\376\343\\021\346\022_$;\343r\222""; "
1750587300064,1750587300064,0,1,3,4,TMValidation,"validation: """"\200\000\000\001&\000\000\000\014)/\352\224$:I\203w\200\211\SGQ\304J\342j\272\270\274\360\307\356\347\200Ywm#\014\233\301\022L\232T\033N\341\232\325\233\227\313\307P\027\000\000\000\000\000\000\000\000\000\000\000\000\000\000\000\000\000\000\000\000\000\000\000\000\000\000\000\000\000\000\000\000P\031L\324\236aQ\361\020X\372\353 3\347\310*\253\021gT!>\003\325\254,\003\367\204\031\331\255\240s!\002\347\243J\206W\025ML\260\226\0163\217\250\337\325W\253\356*O\245Z\271\234\207C\274\375`\335\311vF0D\002 \035h@\357k\342p\021\230\267\t\307\226\027\225\270\275\323\007[\325\237\205K\317R$\276P\252\245<\002 \024%N\274\325'\tzT\016 \257?\260\243\033\255}\301\341\376\343\\021\346\022_$;\343r\222""; ","validation: """"\200\000\000\001&\000\000\000\014)/\352\224$:I\203w\200\211\SGQ\304J\342j\272\270\274\360\307\356\347\200Ywm#\014\233\301\022L\232T\033N\341\232\325\233\227\313\307P\027\000\000\000\000\000\000\000\000\000\000\000\000\000\000\000\000\000\000\000\000\000\000\000\000\000\000\000\000\000\000\000\000P\031L\324\236aQ\361\020X\372\353 3\347\310*\253\021gT!>\003\325\254,\003\367\204\031\331\255\240s!\002\347\243J\206W\025ML\260\226\0163\217\250\337\325W\253\356*O\245Z\271\234\207C\274\375`\335\311vF0D\002 \035h@\357k\342p\021\230\267\t\307\226\027\225\270\275\323\007[\325\237\205K\317R$\276P\252\245<\002 \024%N\274\325'\tzT\016 \257?\260\243\033\255}\301\341\376\343\\021\346\022_$;\343r\222""; "
1750587300064,1750587300064,0,1,2,4,TMValidation,"validation: """"\200\000\000\001&\000\000\000\014)/\352\224$:I\203w\200\211\SGQ\304J\342j\272\270\274\360\307\356\347\200Ywm#\014\233\301\022L\232T\033N\341\232\325\233\227\313\307P\027\000\000\000\000\000\000\000\000\000\000\000\000\000\000\000\000\000\000\000\000\000\000\000\000\000\000\000\000\000\000\000\000P\031L\324\236aQ\361\020X\372\353 3\347\310*\253\021gT!>\003\325\254,\003\367\204\031\331\255\240s!\002\347\243J\206W\025ML\260\226\0163\217\250\337\325W\253\356*O\245Z\271\234\207C\274\375`\335\311vF0D\002 \035h@\357k\342p\021\230\267\t\307\226\027\225\270\275\323\007[\325\237\205K\317R$\276P\252\245<\002 \024%N\274\325'\tzT\016 \257?\260\243\033\255}\301\341\376\343\\021\346\022_$;\343r\222""; ","validation: """"\200\000\000\001&\000\000\000\014)/\352\224$:I\203w\200\211\SGQ\304J\342j\272\270\274\360\307\356\347\200Ywm#\014\233\301\022L\232T\033N\341\232\325\233\227\313\307P\027\000\000\000\000\000\000\000\000\000\000\000\000\000\000\000\000\000\000\000\000\000\000\000\000\000\000\000\000\000\000\000\000P\031L\324\236aQ\361\020X\372\353 3\347\310*\253\021gT!>\003\325\254,\003\367\204\031\331\255\240s!\002\347\243J\206W\025ML\260\226\0163\217\250\337\325W\253\356*O\245Z\271\234\207C\274\375`\335\311vF0D\002 \035h@\357k\342p\021\230\267\t\307\226\027\225\270\275\323\007[\325\237\205K\317R$\276P\252\245<\002 \024%N\274\325'\tzT\016 \257?\260\243\033\255}\301\341\376\343\\021\346\022_$;\343r\222""; "
1750587300064,1750587300064,0,1,3,2,TMValidation,"validation: """"\200\000\000\001&\000\000\000\014)/\352\224$:I\203w\200\211\SGQ\304J\342j\272\270\274\360\307\356\347\200Ywm#\014\233\301\022L\232T\033N\341\232\325\233\227\313\307P\027\000\000\000\000\000\000\000\000\000\000\000\000\000\000\000\000\000\000\000\000\000\000\000\000\000\000\000\000\000\000\000\000P\031L\324\236aQ\361\020X\372\353 3\347\310*\253\021gT!>\003\325\254,\003\367\204\031\331\255\240s!\002\347\243J\206W\025ML\260\226\0163\217\250\337\325W\253\356*O\245Z\271\234\207C\274\375`\335\311vF0D\002 \035h@\357k\342p\021\230\267\t\307\226\027\225\270\275\323\007[\325\237\205K\317R$\276P\252\245<\002 \024%N\274\325'\tzT\016 \257?\260\243\033\255}\301\341\376\343\\021\346\022_$;\343r\222""; ","validation: """"\200\000\000\001&\000\000\000\014)/\352\224$:I\203w\200\211\SGQ\304J\342j\272\270\274\360\307\356\347\200Ywm#\014\233\301\022L\232T\033N\341\232\325\233\227\313\307P\027\000\000\000\000\000\000\000\000\000\000\000\000\000\000\000\000\000\000\000\000\000\000\000\000\000\000\000\000\000\000\000\000P\031L\324\236aQ\361\020X\372\353 3\347\310*\253\021gT!>\003\325\254,\003\367\204\031\331\255\240s!\002\347\243J\206W\025ML\260\226\0163\217\250\337\325W\253\356*O\245Z\271\234\207C\274\375`\335\311vF0D\002 \035h@\357k\342p\021\230\267\t\307\226\027\225\270\275\323\007[\325\237\205K\317R$\276P\252\245<\002 \024%N\274\325'\tzT\016 \257?\260\243\033\255}\301\341\376\343\\021\346\022_$;\343r\222""; "
1750587300065,1750587300065,0,1,3,1,TMValidation,"validation: """"\200\000\000\001&\000\000\000\014)/\352\224$:I\203w\200\211\SGQ\304J\342j\272\270\274\360\307\356\347\200Ywm#\014\233\301\022L\232T\033N\341\232\325\233\227\313\307P\027\000\000\000\000\000\000\000\000\000\000\000\000\000\000\000\000\000\000\000\000\000\000\000\000\000\000\000\000\000\000\000\000P\031L\324\236aQ\361\020X\372\353 3\347\310*\253\021gT!>\003\325\254,\003\367\204\031\331\255\240s!\002\347\243J\206W\025ML\260\226\0163\217\250\337\325W\253\356*O\245Z\271\234\207C\274\375`\335\311vF0D\002 \035h@\357k\342p\021\230\267\t\307\226\027\225\270\275\323\007[\325\237\205K\317R$\276P\252\245<\002 \024%N\274\325'\tzT\016 \257?\260\243\033\255}\301\341\376\343\\021\346\022_$;\343r\222""; ","validation: """"\200\000\000\001&\000\000\000\014)/\352\224$:I\203w\200\211\SGQ\304J\342j\272\270\274\360\307\356\347\200Ywm#\014\233\301\022L\232T\033N\341\232\325\233\227\313\307P\027\000\000\000\000\000\000\000\000\000\000\000\000\000\000\000\000\000\000\000\000\000\000\000\000\000\000\000\000\000\000\000\000P\031L\324\236aQ\361\020X\372\353 3\347\310*\253\021gT!>\003\325\254,\003\367\204\031\331\255\240s!\002\347\243J\206W\025ML\260\226\0163\217\250\337\325W\253\356*O\245Z\271\234\207C\274\375`\335\311vF0D\002 \035h@\357k\342p\021\230\267\t\307\226\027\225\270\275\323\007[\325\237\205K\317R$\276P\252\245<\002 \024%N\274\325'\tzT\016 \257?\260\243\033\255}\301\341\376\343\\021\346\022_$;\343r\222""; "
1750587300065,1750587300065,0,1,2,1,TMValidation,"validation: """"\200\000\000\001&\000\000\000\014)/\352\224$:I\203w\200\211\SGQ\304J\342j\272\270\274\360\307\356\347\200Ywm#\014\233\301\022L\232T\033N\341\232\325\233\227\313\307P\027\000\000\000\000\000\000\000\000\000\000\000\000\000\000\000\000\000\000\000\000\000\000\000\000\000\000\000\000\000\000\000\000P\031L\324\236aQ\361\020X\372\353 3\347\310*\253\021gT!>\003\325\254,\003\367\204\031\331\255\240s!\002\347\243J\206W\025ML\260\226\0163\217\250\337\325W\253\356*O\245Z\271\234\207C\274\375`\335\311vF0D\002 \035h@\357k\342p\021\230\267\t\307\226\027\225\270\275\323\007[\325\237\205K\317R$\276P\252\245<\002 \024%N\274\325'\tzT\016 \257?\260\243\033\255}\301\341\376\343\\021\346\022_$;\343r\222""; ","validation: """"\200\000\000\001&\000\000\000\014)/\352\224$:I\203w\200\211\SGQ\304J\342j\272\270\274\360\307\356\347\200Ywm#\014\233\301\022L\232T\033N\341\232\325\233\227\313\307P\027\000\000\000\000\000\000\000\000\000\000\000\000\000\000\000\000\000\000\000\000\000\000\000\000\000\000\000\000\000\000\000\000P\031L\324\236aQ\361\020X\372\353 3\347\310*\253\021gT!>\003\325\254,\003\367\204\031\331\255\240s!\002\347\243J\206W\025ML\260\226\0163\217\250\337\325W\253\356*O\245Z\271\234\207C\274\375`\335\311vF0D\002 \035h@\357k\342p\021\230\267\t\307\226\027\225\270\275\323\007[\325\237\205K\317R$\276P\252\245<\002 \024%N\274\325'\tzT\016 \257?\260\243\033\255}\301\341\376\343\\021\346\022_$;\343r\222""; "
1750587300293,1750587300294,0,1,2,3,TMStatusChange,"newEvent: neACCEPTED_LEDGER; ledgerSeq: 12; ledgerHash: ""\304J\342j\272\270\274\360\307\356\347\200Ywm#\014\233\301\022L\232T\033N\341\232\325\233\227\313\307""; ledgerHashPrevious: ""L\324\236aQ\361\020X\372\353 3\347\310*\253\021gT!>\003\325\254,\003\367\204\031\331\255\240""; networkTime: 803902500; firstSeq: 1; lastSeq: 11; ","newEvent: neACCEPTED_LEDGER; ledgerSeq: 12; ledgerHash: ""\304J\342j\272\270\274\360\307\356\347\200Ywm#\014\233\301\022L\232T\033N\341\232\325\233\227\313\307""; ledgerHashPrevious: ""L\324\236aQ\361\020X\372\353 3\347\310*\253\021gT!>\003\325\254,\003\367\204\031\331\255\240""; networkTime: 803902500; firstSeq: 1; lastSeq: 11; "
1750587300295,1750587300295,0,1,2,0,TMValidation,"validation: """"\200\000\000\001&\000\000\000\014)/\352\224$:Q\231\304\227'3\313\030Q\304J\342j\272\270\274\360\307\356\347\200Ywm#\014\233\301\022L\232T\033N\341\232\325\233\227\313\307P\027\000\000\000\000\000\000\000\000\000\000\000\000\000\000\000\000\000\000\000\000\000\000\000\000\000\000\000\000\000\000\000\000P\031L\324\236aQ\361\020X\372\353 3\347\310*\253\021gT!>\003\325\254,\003\367\204\031\331\255\240s!\003ql\302)\235\321\t\213\224\356\374%%\311\327\037\374\304\t\335\2359\344\233\035]\347<u\236\364\222vG0E\002!\000\266d\257\227\203\344\360H\007\327\247\007\177c\306R\341\022\025S\346\317.H\2147\344^\217\236\201\351\002 u\315\217\014=\021\334N\374\317\007\222\265}\342g\254j\032\243\203\310\3136:\373\327\321\270\230Ug""; ","validation: """"\200\000\000\001&\000\000\000\014)/\352\224$:Q\231\304\227'3\313\030Q\304J\342j\272\270\274\360\307\356\347\200Ywm#\014\233\301\022L\232T\033N\341\232\325\233\227\313\307P\027\000\000\000\000\000\000\000\000\000\000\000\000\000\000\000\000\000\000\000\000\000\000\000\000\000\000\000\000\000\000\000\000P\031L\324\236aQ\361\020X\372\353 3\347\310*\253\021gT!>\003\325\254,\003\367\204\031\331\255\240s!\003ql\302)\235\321\t\213\224\356\374%%\311\327\037\374\304\t\335\2359\344\233\035]\347<u\236\364\222vG0E\002!\000\266d\257\227\203\344\360H\007\327\247\007\177c\306R\341\022\025S\346\317.H\2147\344^\217\236\201\351\002 u\315\217\014=\021\334N\374\317\007\222\265}\342g\254j\032\243\203\310\3136:\373\327\321\270\230Ug""; "
1750587300296,1750587300296,0,1,2,1,TMStatusChange,"newEvent: neACCEPTED_LEDGER; ledgerSeq: 12; ledgerHash: ""\304J\342j\272\270\274\360\307\356\347\200Ywm#\014\233\301\022L\232T\033N\341\232\325\233\227\313\307""; ledgerHashPrevious: ""L\324\236aQ\361\020X\372\353 3\347\310*\253\021gT!>\003\325\254,\003\367\204\031\331\255\240""; networkTime: 803902500; firstSeq: 1; lastSeq: 11; ","newEvent: neACCEPTED_LEDGER; ledgerSeq: 12; ledgerHash: ""\304J\342j\272\270\274\360\307\356\347\200Ywm#\014\233\301\022L\232T\033N\341\232\325\233\227\313\307""; ledgerHashPrevious: ""L\324\236aQ\361\020X\372\353 3\347\310*\253\021gT!>\003\325\254,\003\367\204\031\331\255\240""; networkTime: 803902500; firstSeq: 1; lastSeq: 11; "
1750587300295,1750587300295,0,1,2,0,TMStatusChange,"newEvent: neACCEPTED_LEDGER; ledgerSeq: 12; ledgerHash: ""\304J\342j\272\270\274\360\307\356\347\200Ywm#\014\233\301\022L\232T\033N\341\232\325\233\227\313\307""; ledgerHashPrevious: ""L\324\236aQ\361\020X\372\353 3\347\310*\253\021gT!>\003\325\254,\003\367\204\031\331\255\240""; networkTime: 803902500; firstSeq: 1; lastSeq: 11; ","newEvent: neACCEPTED_LEDGER; ledgerSeq: 12; ledgerHash: ""\304J\342j\272\270\274\360\307\356\347\200Ywm#\014\233\301\022L\232T\033N\341\232\325\233\227\313\307""; ledgerHashPrevious: ""L\324\236aQ\361\020X\372\353 3\347\310*\253\021gT!>\003\325\254,\003\367\204\031\331\255\240""; networkTime: 803902500; firstSeq: 1; lastSeq: 11; "
1750587300295,1750587300295,0,1,2,4,TMStatusChange,"newEvent: neACCEPTED_LEDGER; ledgerSeq: 12; ledgerHash: ""\304J\342j\272\270\274\360\307\356\347\200Ywm#\014\233\301\022L\232T\033N\341\232\325\233\227\313\307""; ledgerHashPrevious: ""L\324\236aQ\361\020X\372\353 3\347\310*\253\021gT!>\003\325\254,\003\367\204\031\331\255\240""; networkTime: 803902500; firstSeq: 1; lastSeq: 11; ","newEvent: neACCEPTED_LEDGER; ledgerSeq: 12; ledgerHash: ""\304J\342j\272\270\274\360\307\356\347\200Ywm#\014\233\301\022L\232T\033N\341\232\325\233\227\313\307""; ledgerHashPrevious: ""L\324\236aQ\361\020X\372\353 3\347\310*\253\021gT!>\003\325\254,\003\367\204\031\331\255\240""; networkTime: 803902500; firstSeq: 1; lastSeq: 11; "
1750587300298,1750587300298,0,1,0,1,TMValidation,"validation: """"\200\000\000\001&\000\000\000\014)/\352\224$:Q\231\304\227'3\313\030Q\304J\342j\272\270\274\360\307\356\347\200Ywm#\014\233\301\022L\232T\033N\341\232\325\233\227\313\307P\027\000\000\000\000\000\000\000\000\000\000\000\000\000\000\000\000\000\000\000\000\000\000\000\000\000\000\000\000\000\000\000\000P\031L\324\236aQ\361\020X\372\353 3\347\310*\253\021gT!>\003\325\254,\003\367\204\031\331\255\240s!\003ql\302)\235\321\t\213\224\356\374%%\311\327\037\374\304\t\335\2359\344\233\035]\347<u\236\364\222vG0E\002!\000\266d\257\227\203\344\360H\007\327\247\007\177c\306R\341\022\025S\346\317.H\2147\344^\217\236\201\351\002 u\315\217\014=\021\334N\374\317\007\222\265}\342g\254j\032\243\203\310\3136:\373\327\321\270\230Ug""; ","validation: """"\200\000\000\001&\000\000\000\014)/\352\224$:Q\231\304\227'3\313\030Q\304J\342j\272\270\274\360\307\356\347\200Ywm#\014\233\301\022L\232T\033N\341\232\325\233\227\313\307P\027\000\000\000\000\000\000\000\000\000\000\000\000\000\000\000\000\000\000\000\000\000\000\000\000\000\000\000\000\000\000\000\000P\031L\324\236aQ\361\020X\372\353 3\347\310*\253\021gT!>\003\325\254,\003\367\204\031\331\255\240s!\003ql\302)\235\321\t\213\224\356\374%%\311\327\037\374\304\t\335\2359\344\233\035]\347<u\236\364\222vG0E\002!\000\266d\257\227\203\344\360H\007\327\247\007\177c\306R\341\022\025S\346\317.H\2147\344^\217\236\201\351\002 u\315\217\014=\021\334N\374\317\007\222\265}\342g\254j\032\243\203\310\3136:\373\327\321\270\230Ug""; "
1750587300299,1750587300299,0,1,0,3,TMValidation,"validation: """"\200\000\000\001&\000\000\000\014)/\352\224$:Q\231\304\227'3\313\030Q\304J\342j\272\270\274\360\307\356\347\200Ywm#\014\233\301\022L\232T\033N\341\232\325\233\227\313\307P\027\000\000\000\000\000\000\000\000\000\000\000\000\000\000\000\000\000\000\000\000\000\000\000\000\000\000\000\000\000\000\000\000P\031L\324\236aQ\361\020X\372\353 3\347\310*\253\021gT!>\003\325\254,\003\367\204\031\331\255\240s!\003ql\302)\235\321\t\213\224\356\374%%\311\327\037\374\304\t\335\2359\344\233\035]\347<u\236\364\222vG0E\002!\000\266d\257\227\203\344\360H\007\327\247\007\177c\306R\341\022\025S\346\317.H\2147\344^\217\236\201\351\002 u\315\217\014=\021\334N\374\317\007\222\265}\342g\254j\032\243\203\310\3136:\373\327\321\270\230Ug""; ","validation: """"\200\000\000\001&\000\000\000\014)/\352\224$:Q\231\304\227'3\313\030Q\304J\342j\272\270\274\360\307\356\347\200Ywm#\014\233\301\022L\232T\033N\341\232\325\233\227\313\307P\027\000\000\000\000\000\000\000\000\000\000\000\000\000\000\000\000\000\000\000\000\000\000\000\000\000\000\000\000\000\000\000\000P\031L\324\236aQ\361\020X\372\353 3\347\310*\253\021gT!>\003\325\254,\003\367\204\031\331\255\240s!\003ql\302)\235\321\t\213\224\356\374%%\311\327\037\374\304\t\335\2359\344\233\035]\347<u\236\364\222vG0E\002!\000\266d\257\227\203\344\360H\007\327\247\007\177c\306R\341\022\025S\346\317.H\2147\344^\217\236\201\351\002 u\315\217\014=\021\334N\374\317\007\222\265}\342g\254j\032\243\203\310\3136:\373\327\321\270\230Ug""; "
1750587300299,1750587300299,0,1,0,4,TMValidation,"validation: """"\200\000\000\001&\000\000\000\014)/\352\224$:Q\231\304\227'3\313\030Q\304J\342j\272\270\274\360\307\356\347\200Ywm#\014\233\301\022L\232T\033N\341\232\325\233\227\313\307P\027\000\000\000\000\000\000\000\000\000\000\000\000\000\000\000\000\000\000\000\000\000\000\000\000\000\000\000\000\000\000\000\000P\031L\324\236aQ\361\020X\372\353 3\347\310*\253\021gT!>\003\325\254,\003\367\204\031\331\255\240s!\003ql\302)\235\321\t\213\224\356\374%%\311\327\037\374\304\t\335\2359\344\233\035]\347<u\236\364\222vG0E\002!\000\266d\257\227\203\344\360H\007\327\247\007\177c\306R\341\022\025S\346\317.H\2147\344^\217\236\201\351\002 u\315\217\014=\021\334N\374\317\007\222\265}\342g\254j\032\243\203\310\3136:\373\327\321\270\230Ug""; ","validation: """"\200\000\000\001&\000\000\000\014)/\352\224$:Q\231\304\227'3\313\030Q\304J\342j\272\270\274\360\307\356\347\200Ywm#\014\233\301\022L\232T\033N\341\232\325\233\227\313\307P\027\000\000\000\000\000\000\000\000\000\000\000\000\000\000\000\000\000\000\000\000\000\000\000\000\000\000\000\000\000\000\000\000P\031L\324\236aQ\361\020X\372\353 3\347\310*\253\021gT!>\003\325\254,\003\367\204\031\331\255\240s!\003ql\302)\235\321\t\213\224\356\374%%\311\327\037\374\304\t\335\2359\344\233\035]\347<u\236\364\222vG0E\002!\000\266d\257\227\203\344\360H\007\327\247\007\177c\306R\341\022\025S\346\317.H\2147\344^\217\236\201\351\002 u\315\217\014=\021\334N\374\317\007\222\265}\342g\254j\032\243\203\310\3136:\373\327\321\270\230Ug""; "
1750587300301,1750587300301,0,1,1,4,TMValidation,"validation: """"\200\000\000\001&\000\000\000\014)/\352\224$:Q\231\304\227'3\313\030Q\304J\342j\272\270\274\360\307\356\347\200Ywm#\014\233\301\022L\232T\033N\341\232\325\233\227\313\307P\027\000\000\000\000\000\000\000\000\000\000\000\000\000\000\000\000\000\000\000\000\000\000\000\000\000\000\000\000\000\000\000\000P\031L\324\236aQ\361\020X\372\353 3\347\310*\253\021gT!>\003\325\254,\003\367\204\031\331\255\240s!\003ql\302)\235\321\t\213\224\356\374%%\311\327\037\374\304\t\335\2359\344\233\035]\347<u\236\364\222vG0E\002!\000\266d\257\227\203\344\360H\007\327\247\007\177c\306R\341\022\025S\346\317.H\2147\344^\217\236\201\351\002 u\315\217\014=\021\334N\374\317\007\222\265}\342g\254j\032\243\203\310\3136:\373\327\321\270\230Ug""; ","validation: """"\200\000\000\001&\000\000\000\014)/\352\224$:Q\231\304\227'3\313\030Q\304J\342j\272\270\274\360\307\356\347\200Ywm#\014\233\301\022L\232T\033N\341\232\325\233\227\313\307P\027\000\000\000\000\000\000\000\000\000\000\000\000\000\000\000\000\000\000\000\000\000\000\000\000\000\000\000\000\000\000\000\000P\031L\324\236aQ\361\020X\372\353 3\347\310*\253\021gT!>\003\325\254,\003\367\204\031\331\255\240s!\003ql\302)\235\321\t\213\224\356\374%%\311\327\037\374\304\t\335\2359\344\233\035]\347<u\236\364\222vG0E\002!\000\266d\257\227\203\344\360H\007\327\247\007\177c\306R\341\022\025S\346\317.H\2147\344^\217\236\201\351\002 u\315\217\014=\021\334N\374\317\007\222\265}\342g\254j\032\243\203\310\3136:\373\327\321\270\230Ug""; "
1750587300301,1750587300301,0,1,1,2,TMValidation,"validation: """"\200\000\000\001&\000\000\000\014)/\352\224$:Q\231\304\227'3\313\030Q\304J\342j\272\270\274\360\307\356\347\200Ywm#\014\233\301\022L\232T\033N\341\232\325\233\227\313\307P\027\000\000\000\000\000\000\000\000\000\000\000\000\000\000\000\000\000\000\000\000\000\000\000\000\000\000\000\000\000\000\000\000P\031L\324\236aQ\361\020X\372\353 3\347\310*\253\021gT!>\003\325\254,\003\367\204\031\331\255\240s!\003ql\302)\235\321\t\213\224\356\374%%\311\327\037\374\304\t\335\2359\344\233\035]\347<u\236\364\222vG0E\002!\000\266d\257\227\203\344\360H\007\327\247\007\177c\306R\341\022\025S\346\317.H\2147\344^\217\236\201\351\002 u\315\217\014=\021\334N\374\317\007\222\265}\342g\254j\032\243\203\310\3136:\373\327\321\270\230Ug""; ","validation: """"\200\000\000\001&\000\000\000\014)/\352\224$:Q\231\304\227'3\313\030Q\304J\342j\272\270\274\360\307\356\347\200Ywm#\014\233\301\022L\232T\033N\341\232\325\233\227\313\307P\027\000\000\000\000\000\000\000\000\000\000\000\000\000\000\000\000\000\000\000\000\000\000\000\000\000\000\000\000\000\000\000\000P\031L\324\236aQ\361\020X\372\353 3\347\310*\253\021gT!>\003\325\254,\003\367\204\031\331\255\240s!\003ql\302)\235\321\t\213\224\356\374%%\311\327\037\374\304\t\335\2359\344\233\035]\347<u\236\364\222vG0E\002!\000\266d\257\227\203\344\360H\007\327\247\007\177c\306R\341\022\025S\346\317.H\2147\344^\217\236\201\351\002 u\315\217\014=\021\334N\374\317\007\222\265}\342g\254j\032\243\203\310\3136:\373\327\321\270\230Ug""; "
1750587300302,1750587300302,0,1,1,3,TMValidation,"validation: """"\200\000\000\001&\000\000\000\014)/\352\224$:Q\231\304\227'3\313\030Q\304J\342j\272\270\274\360\307\356\347\200Ywm#\014\233\301\022L\232T\033N\341\232\325\233\227\313\307P\027\000\000\000\000\000\000\000\000\000\000\000\000\000\000\000\000\000\000\000\000\000\000\000\000\000\000\000\000\000\000\000\000P\031L\324\236aQ\361\020X\372\353 3\347\310*\253\021gT!>\003\325\254,\003\367\204\031\331\255\240s!\003ql\302)\235\321\t\213\224\356\374%%\311\327\037\374\304\t\335\2359\344\233\035]\347<u\236\364\222vG0E\002!\000\266d\257\227\203\344\360H\007\327\247\007\177c\306R\341\022\025S\346\317.H\2147\344^\217\236\201\351\002 u\315\217\014=\021\334N\374\317\007\222\265}\342g\254j\032\243\203\310\3136:\373\327\321\270\230Ug""; ","validation: """"\200\000\000\001&\000\000\000\014)/\352\224$:Q\231\304\227'3\313\030Q\304J\342j\272\270\274\360\307\356\347\200Ywm#\014\233\301\022L\232T\033N\341\232\325\233\227\313\307P\027\000\000\000\000\000\000\000\000\000\000\000\000\000\000\000\000\000\000\000\000\000\000\000\000\000\000\000\000\000\000\000\000P\031L\324\236aQ\361\020X\372\353 3\347\310*\253\021gT!>\003\325\254,\003\367\204\031\331\255\240s!\003ql\302)\235\321\t\213\224\356\374%%\311\327\037\374\304\t\335\2359\344\233\035]\347<u\236\364\222vG0E\002!\000\266d\257\227\203\344\360H\007\327\247\007\177c\306R\341\022\025S\346\317.H\2147\344^\217\236\201\351\002 u\315\217\014=\021\334N\374\317\007\222\265}\342g\254j\032\243\203\310\3136:\373\327\321\270\230Ug""; "
1750587300302,1750587300302,0,1,4,2,TMValidation,"validation: """"\200\000\000\001&\000\000\000\014)/\352\224$:Q\231\304\227'3\313\030Q\304J\342j\272\270\274\360\307\356\347\200Ywm#\014\233\301\022L\232T\033N\341\232\325\233\227\313\307P\027\000\000\000\000\000\000\000\000\000\000\000\000\000\000\000\000\000\000\000\000\000\000\000\000\000\000\000\000\000\000\000\000P\031L\324\236aQ\361\020X\372\353 3\347\310*\253\021gT!>\003\325\254,\003\367\204\031\331\255\240s!\003ql\302)\235\321\t\213\224\356\374%%\311\327\037\374\304\t\335\2359\344\233\035]\347<u\236\364\222vG0E\002!\000\266d\257\227\203\344\360H\007\327\247\007\177c\306R\341\022\025S\346\317.H\2147\344^\217\236\201\351\002 u\315\217\014=\021\334N\374\317\007\222\265}\342g\254j\032\243\203\310\3136:\373\327\321\270\230Ug""; ","validation: """"\200\000\000\001&\000\000\000\014)/\352\224$:Q\231\304\227'3\313\030Q\304J\342j\272\270\274\360\307\356\347\200Ywm#\014\233\301\022L\232T\033N\341\232\325\233\227\313\307P\027\000\000\000\000\000\000\000\000\000\000\000\000\000\000\000\000\000\000\000\000\000\000\000\000\000\000\000\000\000\000\000\000P\031L\324\236aQ\361\020X\372\353 3\347\310*\253\021gT!>\003\325\254,\003\367\204\031\331\255\240s!\003ql\302)\235\321\t\213\224\356\374%%\311\327\037\374\304\t\335\2359\344\233\035]\347<u\236\364\222vG0E\002!\000\266d\257\227\203\344\360H\007\327\247\007\177c\306R\341\022\025S\346\317.H\2147\344^\217\236\201\351\002 u\315\217\014=\021\334N\374\317\007\222\265}\342g\254j\032\243\203\310\3136:\373\327\321\270\230Ug""; "
1750587300303,1750587300303,0,1,3,4,TMValidation,"validation: """"\200\000\000\001&\000\000\000\014)/\352\224$:Q\231\304\227'3\313\030Q\304J\342j\272\270\274\360\307\356\347\200Ywm#\014\233\301\022L\232T\033N\341\232\325\233\227\313\307P\027\000\000\000\000\000\000\000\000\000\000\000\000\000\000\000\000\000\000\000\000\000\000\000\000\000\000\000\000\000\000\000\000P\031L\324\236aQ\361\020X\372\353 3\347\310*\253\021gT!>\003\325\254,\003\367\204\031\331\255\240s!\003ql\302)\235\321\t\213\224\356\374%%\311\327\037\374\304\t\335\2359\344\233\035]\347<u\236\364\222vG0E\002!\000\266d\257\227\203\344\360H\007\327\247\007\177c\306R\341\022\025S\346\317.H\2147\344^\217\236\201\351\002 u\315\217\014=\021\334N\374\317\007\222\265}\342g\254j\032\243\203\310\3136:\373\327\321\270\230Ug""; ","validation: """"\200\000\000\001&\000\000\000\014)/\352\224$:Q\231\304\227'3\313\030Q\304J\342j\272\270\274\360\307\356\347\200Ywm#\014\233\301\022L\232T\033N\341\232\325\233\227\313\307P\027\000\000\000\000\000\000\000\000\000\000\000\000\000\000\000\000\000\000\000\000\000\000\000\000\000\000\000\000\000\000\000\000P\031L\324\236aQ\361\020X\372\353 3\347\310*\253\021gT!>\003\325\254,\003\367\204\031\331\255\240s!\003ql\302)\235\321\t\213\224\356\374%%\311\327\037\374\304\t\335\2359\344\233\035]\347<u\236\364\222vG0E\002!\000\266d\257\227\203\344\360H\007\327\247\007\177c\306R\341\022\025S\346\317.H\2147\344^\217\236\201\351\002 u\315\217\014=\021\334N\374\317\007\222\265}\342g\254j\032\243\203\310\3136:\373\327\321\270\230Ug""; "
1750587300303,1750587300303,0,1,3,2,TMValidation,"validation: """"\200\000\000\001&\000\000\000\014)/\352\224$:Q\231\304\227'3\313\030Q\304J\342j\272\270\274\360\307\356\347\200Ywm#\014\233\301\022L\232T\033N\341\232\325\233\227\313\307P\027\000\000\000\000\000\000\000\000\000\000\000\000\000\000\000\000\000\000\000\000\000\000\000\000\000\000\000\000\000\000\000\000P\031L\324\236aQ\361\020X\372\353 3\347\310*\253\021gT!>\003\325\254,\003\367\204\031\331\255\240s!\003ql\302)\235\321\t\213\224\356\374%%\311\327\037\374\304\t\335\2359\344\233\035]\347<u\236\364\222vG0E\002!\000\266d\257\227\203\344\360H\007\327\247\007\177c\306R\341\022\025S\346\317.H\2147\344^\217\236\201\351\002 u\315\217\014=\021\334N\374\317\007\222\265}\342g\254j\032\243\203\310\3136:\373\327\321\270\230Ug""; ","validation: """"\200\000\000\001&\000\000\000\014)/\352\224$:Q\231\304\227'3\313\030Q\304J\342j\272\270\274\360\307\356\347\200Ywm#\014\233\301\022L\232T\033N\341\232\325\233\227\313\307P\027\000\000\000\000\000\000\000\000\000\000\000\000\000\000\000\000\000\000\000\000\000\000\000\000\000\000\000\000\000\000\000\000P\031L\324\236aQ\361\020X\372\353 3\347\310*\253\021gT!>\003\325\254,\003\367\204\031\331\255\240s!\003ql\302)\235\321\t\213\224\356\374%%\311\327\037\374\304\t\335\2359\344\233\035]\347<u\236\364\222vG0E\002!\000\266d\257\227\203\344\360H\007\327\247\007\177c\306R\341\022\025S\346\317.H\2147\344^\217\236\201\351\002 u\315\217\014=\021\334N\374\317\007\222\265}\342g\254j\032\243\203\310\3136:\373\327\321\270\230Ug""; "
1750587300304,1750587300304,0,1,3,1,TMValidation,"validation: """"\200\000\000\001&\000\000\000\014)/\352\224$:Q\231\304\227'3\313\030Q\304J\342j\272\270\274\360\307\356\347\200Ywm#\014\233\301\022L\232T\033N\341\232\325\233\227\313\307P\027\000\000\000\000\000\000\000\000\000\000\000\000\000\000\000\000\000\000\000\000\000\000\000\000\000\000\000\000\000\000\000\000P\031L\324\236aQ\361\020X\372\353 3\347\310*\253\021gT!>\003\325\254,\003\367\204\031\331\255\240s!\003ql\302)\235\321\t\213\224\356\374%%\311\327\037\374\304\t\335\2359\344\233\035]\347<u\236\364\222vG0E\002!\000\266d\257\227\203\344\360H\007\327\247\007\177c\306R\341\022\025S\346\317.H\2147\344^\217\236\201\351\002 u\315\217\014=\021\334N\374\317\007\222\265}\342g\254j\032\243\203\310\3136:\373\327\321\270\230Ug""; ","validation: """"\200\000\000\001&\000\000\000\014)/\352\224$:Q\231\304\227'3\313\030Q\304J\342j\272\270\274\360\307\356\347\200Ywm#\014\233\301\022L\232T\033N\341\232\325\233\227\313\307P\027\000\000\000\000\000\000\000\000\000\000\000\000\000\000\000\000\000\000\000\000\000\000\000\000\000\000\000\000\000\000\000\000P\031L\324\236aQ\361\020X\372\353 3\347\310*\253\021gT!>\003\325\254,\003\367\204\031\331\255\240s!\003ql\302)\235\321\t\213\224\356\374%%\311\327\037\374\304\t\335\2359\344\233\035]\347<u\236\364\222vG0E\002!\000\266d\257\227\203\344\360H\007\327\247\007\177c\306R\341\022\025S\346\317.H\2147\344^\217\236\201\351\002 u\315\217\014=\021\334N\374\317\007\222\265}\342g\254j\032\243\203\310\3136:\373\327\321\270\230Ug""; "
1750587300304,1750587300304,0,1,4,3,TMValidation,"validation: """"\200\000\000\001&\000\000\000\014)/\352\224$:Q\231\304\227'3\313\030Q\304J\342j\272\270\274\360\307\356\347\200Ywm#\014\233\301\022L\232T\033N\341\232\325\233\227\313\307P\027\000\000\000\000\000\000\000\000\000\000\000\000\000\000\000\000\000\000\000\000\000\000\000\000\000\000\000\000\000\000\000\000P\031L\324\236aQ\361\020X\372\353 3\347\310*\253\021gT!>\003\325\254,\003\367\204\031\331\255\240s!\003ql\302)\235\321\t\213\224\356\374%%\311\327\037\374\304\t\335\2359\344\233\035]\347<u\236\364\222vG0E\002!\000\266d\257\227\203\344\360H\007\327\247\007\177c\306R\341\022\025S\346\317.H\2147\344^\217\236\201\351\002 u\315\217\014=\021\334N\374\317\007\222\265}\342g\254j\032\243\203\310\3136:\373\327\321\270\230Ug""; ","validation: """"\200\000\000\001&\000\000\000\014)/\352\224$:Q\231\304\227'3\313\030Q\304J\342j\272\270\274\360\307\356\347\200Ywm#\014\233\301\022L\232T\033N\341\232\325\233\227\313\307P\027\000\000\000\000\000\000\000\000\000\000\000\000\000\000\000\000\000\000\000\000\000\000\000\000\000\000\000\000\000\000\000\000P\031L\324\236aQ\361\020X\372\353 3\347\310*\253\021gT!>\003\325\254,\003\367\204\031\331\255\240s!\003ql\302)\235\321\t\213\224\356\374%%\311\327\037\374\304\t\335\2359\344\233\035]\347<u\236\364\222vG0E\002!\000\266d\257\227\203\344\360H\007\327\247\007\177c\306R\341\022\025S\346\317.H\2147\344^\217\236\201\351\002 u\315\217\014=\021\334N\374\317\007\222\265}\342g\254j\032\243\203\310\3136:\373\327\321\270\230Ug""; "
1750587300305,1750587300305,0,1,4,1,TMValidation,"validation: """"\200\000\000\001&\000\000\000\014)/\352\224$:Q\231\304\227'3\313\030Q\304J\342j\272\270\274\360\307\356\347\200Ywm#\014\233\301\022L\232T\033N\341\232\325\233\227\313\307P\027\000\000\000\000\000\000\000\000\000\000\000\000\000\000\000\000\000\000\000\000\000\000\000\000\000\000\000\000\000\000\000\000P\031L\324\236aQ\361\020X\372\353 3\347\310*\253\021gT!>\003\325\254,\003\367\204\031\331\255\240s!\003ql\302)\235\321\t\213\224\356\374%%\311\327\037\374\304\t\335\2359\344\233\035]\347<u\236\364\222vG0E\002!\000\266d\257\227\203\344\360H\007\327\247\007\177c\306R\341\022\025S\346\317.H\2147\344^\217\236\201\351\002 u\315\217\014=\021\334N\374\317\007\222\265}\342g\254j\032\243\203\310\3136:\373\327\321\270\230Ug""; ","validation: """"\200\000\000\001&\000\000\000\014)/\352\224$:Q\231\304\227'3\313\030Q\304J\342j\272\270\274\360\307\356\347\200Ywm#\014\233\301\022L\232T\033N\341\232\325\233\227\313\307P\027\000\000\000\000\000\000\000\000\000\000\000\000\000\000\000\000\000\000\000\000\000\000\000\000\000\000\000\000\000\000\000\000P\031L\324\236aQ\361\020X\372\353 3\347\310*\253\021gT!>\003\325\254,\003\367\204\031\331\255\240s!\003ql\302)\235\321\t\213\224\356\374%%\311\327\037\374\304\t\335\2359\344\233\035]\347<u\236\364\222vG0E\002!\000\266d\257\227\203\344\360H\007\327\247\007\177c\306R\341\022\025S\346\317.H\2147\344^\217\236\201\351\002 u\315\217\014=\021\334N\374\317\007\222\265}\342g\254j\032\243\203\310\3136:\373\327\321\270\230Ug""; "
1750587300306,1750587300306,0,1,2,1,TMValidation,"validation: """"\200\000\000\001&\000\000\000\014)/\352\224$:Q\231\304\227'3\313\030Q\304J\342j\272\270\274\360\307\356\347\200Ywm#\014\233\301\022L\232T\033N\341\232\325\233\227\313\307P\027\000\000\000\000\000\000\000\000\000\000\000\000\000\000\000\000\000\000\000\000\000\000\000\000\000\000\000\000\000\000\000\000P\031L\324\236aQ\361\020X\372\353 3\347\310*\253\021gT!>\003\325\254,\003\367\204\031\331\255\240s!\003ql\302)\235\321\t\213\224\356\374%%\311\327\037\374\304\t\335\2359\344\233\035]\347<u\236\364\222vG0E\002!\000\266d\257\227\203\344\360H\007\327\247\007\177c\306R\341\022\025S\346\317.H\2147\344^\217\236\201\351\002 u\315\217\014=\021\334N\374\317\007\222\265}\342g\254j\032\243\203\310\3136:\373\327\321\270\230Ug""; ","validation: """"\200\000\000\001&\000\000\000\014)/\352\224$:Q\231\304\227'3\313\030Q\304J\342j\272\270\274\360\307\356\347\200Ywm#\014\233\301\022L\232T\033N\341\232\325\233\227\313\307P\027\000\000\000\000\000\000\000\000\000\000\000\000\000\000\000\000\000\000\000\000\000\000\000\000\000\000\000\000\000\000\000\000P\031L\324\236aQ\361\020X\372\353 3\347\310*\253\021gT!>\003\325\254,\003\367\204\031\331\255\240s!\003ql\302)\235\321\t\213\224\356\374%%\311\327\037\374\304\t\335\2359\344\233\035]\347<u\236\364\222vG0E\002!\000\266d\257\227\203\344\360H\007\327\247\007\177c\306R\341\022\025S\346\317.H\2147\344^\217\236\201\351\002 u\315\217\014=\021\334N\374\317\007\222\265}\342g\254j\032\243\203\310\3136:\373\327\321\270\230Ug""; "
1750587300306,1750587300306,0,1,2,4,TMValidation,"validation: """"\200\000\000\001&\000\000\000\014)/\352\224$:Q\231\304\227'3\313\030Q\304J\342j\272\270\274\360\307\356\347\200Ywm#\014\233\301\022L\232T\033N\341\232\325\233\227\313\307P\027\000\000\000\000\000\000\000\000\000\000\000\000\000\000\000\000\000\000\000\000\000\000\000\000\000\000\000\000\000\000\000\000P\031L\324\236aQ\361\020X\372\353 3\347\310*\253\021gT!>\003\325\254,\003\367\204\031\331\255\240s!\003ql\302)\235\321\t\213\224\356\374%%\311\327\037\374\304\t\335\2359\344\233\035]\347<u\236\364\222vG0E\002!\000\266d\257\227\203\344\360H\007\327\247\007\177c\306R\341\022\025S\346\317.H\2147\344^\217\236\201\351\002 u\315\217\014=\021\334N\374\317\007\222\265}\342g\254j\032\243\203\310\3136:\373\327\321\270\230Ug""; ","validation: """"\200\000\000\001&\000\000\000\014)/\352\224$:Q\231\304\227'3\313\030Q\304J\342j\272\270\274\360\307\356\347\200Ywm#\014\233\301\022L\232T\033N\341\232\325\233\227\313\307P\027\000\000\000\000\000\000\000\000\000\000\000\000\000\000\000\000\000\000\000\000\000\000\000\000\000\000\000\000\000\000\000\000P\031L\324\236aQ\361\020X\372\353 3\347\310*\253\021gT!>\003\325\254,\003\367\204\031\331\255\240s!\003ql\302)\235\321\t\213\224\356\374%%\311\327\037\374\304\t\335\2359\344\233\035]\347<u\236\364\222vG0E\002!\000\266d\257\227\203\344\360H\007\327\247\007\177c\306R\341\022\025S\346\317.H\2147\344^\217\236\201\351\002 u\315\217\014=\021\334N\374\317\007\222\265}\342g\254j\032\243\203\310\3136:\373\327\321\270\230Ug""; "
1750587300307,1750587300307,0,1,2,3,TMValidation,"validation: """"\200\000\000\001&\000\000\000\014)/\352\224$:Q\231\304\227'3\313\030Q\304J\342j\272\270\274\360\307\356\347\200Ywm#\014\233\301\022L\232T\033N\341\232\325\233\227\313\307P\027\000\000\000\000\000\000\000\000\000\000\000\000\000\000\000\000\000\000\000\000\000\000\000\000\000\000\000\000\000\000\000\000P\031L\324\236aQ\361\020X\372\353 3\347\310*\253\021gT!>\003\325\254,\003\367\204\031\331\255\240s!\003ql\302)\235\321\t\213\224\356\374%%\311\327\037\374\304\t\335\2359\344\233\035]\347<u\236\364\222vG0E\002!\000\266d\257\227\203\344\360H\007\327\247\007\177c\306R\341\022\025S\346\317.H\2147\344^\217\236\201\351\002 u\315\217\014=\021\334N\374\317\007\222\265}\342g\254j\032\243\203\310\3136:\373\327\321\270\230Ug""; ","validation: """"\200\000\000\001&\000\000\000\014)/\352\224$:Q\231\304\227'3\313\030Q\304J\342j\272\270\274\360\307\356\347\200Ywm#\014\233\301\022L\232T\033N\341\232\325\233\227\313\307P\027\000\000\000\000\000\000\000\000\000\000\000\000\000\000\000\000\000\000\000\000\000\000\000\000\000\000\000\000\000\000\000\000P\031L\324\236aQ\361\020X\372\353 3\347\310*\253\021gT!>\003\325\254,\003\367\204\031\331\255\240s!\003ql\302)\235\321\t\213\224\356\374%%\311\327\037\374\304\t\335\2359\344\233\035]\347<u\236\364\222vG0E\002!\000\266d\257\227\203\344\360H\007\327\247\007\177c\306R\341\022\025S\346\317.H\2147\344^\217\236\201\351\002 u\315\217\014=\021\334N\374\317\007\222\265}\342g\254j\032\243\203\310\3136:\373\327\321\270\230Ug""; "
1750587300450,1750587300489,0,1,1,3,TMStatusChange,"newEvent: neCLOSING_LEDGER; ledgerSeq: 12; ledgerHash: ""\304J\342j\272\270\274\360\307\356\347\200Ywm#\014\233\301\022L\232T\033N\341\232\325\233\227\313\307""; ledgerHashPrevious: ""L\324\236aQ\361\020X\372\353 3\347\310*\253\021gT!>\003\325\254,\003\367\204\031\331\255\240""; networkTime: 803902500; firstSeq: 1; lastSeq: 12; ","newEvent: neCLOSING_LEDGER; ledgerSeq: 12; ledgerHash: ""\304J\342j\272\270\274\360\307\356\347\200Ywm#\014\233\301\022L\232T\033N\341\232\325\233\227\313\307""; ledgerHashPrevious: ""L\324\236aQ\361\020X\372\353 3\347\310*\253\021gT!>\003\325\254,\003\367\204\031\331\255\240""; networkTime: 803902500; firstSeq: 1; lastSeq: 12; "
1750587300450,1750587300490,0,1,1,2,TMStatusChange,"newEvent: neCLOSING_LEDGER; ledgerSeq: 12; ledgerHash: ""\304J\342j\272\270\274\360\307\356\347\200Ywm#\014\233\301\022L\232T\033N\341\232\325\233\227\313\307""; ledgerHashPrevious: ""L\324\236aQ\361\020X\372\353 3\347\310*\253\021gT!>\003\325\254,\003\367\204\031\331\255\240""; networkTime: 803902500; firstSeq: 1; lastSeq: 12; ","newEvent: neCLOSING_LEDGER; ledgerSeq: 12; ledgerHash: ""\304J\342j\272\270\274\360\307\356\347\200Ywm#\014\233\301\022L\232T\033N\341\232\325\233\227\313\307""; ledgerHashPrevious: ""L\324\236aQ\361\020X\372\353 3\347\310*\253\021gT!>\003\325\254,\003\367\204\031\331\255\240""; networkTime: 803902500; firstSeq: 1; lastSeq: 12; "
1750587300451,1750587300492,0,1,1,0,TMStatusChange,"newEvent: neCLOSING_LEDGER; ledgerSeq: 12; ledgerHash: ""\304J\342j\272\270\274\360\307\356\347\200Ywm#\014\233\301\022L\232T\033N\341\232\325\233\227\313\307""; ledgerHashPrevious: ""L\324\236aQ\361\020X\372\353 3\347\310*\253\021gT!>\003\325\254,\003\367\204\031\331\255\240""; networkTime: 803902500; firstSeq: 1; lastSeq: 12; ","newEvent: neCLOSING_LEDGER; ledgerSeq: 12; ledgerHash: ""\304J\342j\272\270\274\360\307\356\347\200Ywm#\014\233\301\022L\232T\033N\341\232\325\233\227\313\307""; ledgerHashPrevious: ""L\324\236aQ\361\020X\372\353 3\347\310*\253\021gT!>\003\325\254,\003\367\204\031\331\255\240""; networkTime: 803902500; firstSeq: 1; lastSeq: 12; "
1750587300492,1750587300492,0,1,1,4,TMProposeSet,"proposeSeq: 0; currentTxHash: ""\000\000\000\000\000\000\000\000\000\000\000\000\000\000\000\000\000\000\000\000\000\000\000\000\000\000\000\000\000\000\000\000""; nodePubKey: ""\003\343\005\311u\203\370\0338\3174\324\010\006\301\251\177\261\304eOX\262)FA-\022r\263wm\024""; closeTime: 803902500; signature: ""0E\002!\000\301\331zS2#\304\221Yu\035L\3766\332tw\327N\304\206\3539\327\215\377\314i\362E\321\332\002 \025\333\t\365\346\361\014\244\211\272\376\245\023\220D\036\363\275\310Qe\265x#*Jk\001\203\345\005\031""; previousledger: ""\304J\342j\272\270\274\360\307\356\347\200Ywm#\014\233\301\022L\232T\033N\341\232\325\233\227\313\307""; ","proposeSeq: 0; currentTxHash: ""\000\000\000\000\000\000\000\000\000\000\000\000\000\000\000\000\000\000\000\000\000\000\000\000\000\000\000\000\000\000\000\000""; nodePubKey: ""\003\343\005\311u\203\370\0338\3174\324\010\006\301\251\177\261\304eOX\262)FA-\022r\263wm\024""; closeTime: 803902500; signature: ""0E\002!\000\301\331zS2#\304\221Yu\035L\3766\332tw\327N\304\206\3539\327\215\377\314i\362E\321\332\002 \025\333\t\365\346\361\014\244\211\272\376\245\023\220D\036\363\275\310Qe\265x#*Jk\001\203\345\005\031""; previousledger: ""\304J\342j\272\270\274\360\307\356\347\200Ywm#\014\233\301\022L\232T\033N\341\232\325\233\227\313\307""; "
1750587300451,1750587300492,0,1,1,4,TMStatusChange,"newEvent: neCLOSING_LEDGER; ledgerSeq: 12; ledgerHash: ""\304J\342j\272\270\274\360\307\356\347\200Ywm#\014\233\301\022L\232T\033N\341\232\325\233\227\313\307""; ledgerHashPrevious: ""L\324\236aQ\361\020X\372\353 3\347\310*\253\021gT!>\003\325\254,\003\367\204\031\331\255\240""; networkTime: 803902500; firstSeq: 1; lastSeq: 12; ","newEvent: neCLOSING_LEDGER; ledgerSeq: 12; ledgerHash: ""\304J\342j\272\270\274\360\307\356\347\200Ywm#\014\233\301\022L\232T\033N\341\232\325\233\227\313\307""; ledgerHashPrevious: ""L\324\236aQ\361\020X\372\353 3\347\310*\253\021gT!>\003\325\254,\003\367\204\031\331\255\240""; networkTime: 803902500; firstSeq: 1; lastSeq: 12; "
1750587300494,1750587300494,0,1,1,3,TMProposeSet,"proposeSeq: 0; currentTxHash: ""\000\000\000\000\000\000\000\000\000\000\000\000\000\000\000\000\000\000\000\000\000\000\000\000\000\000\000\000\000\000\000\000""; nodePubKey: ""\003\343\005\311u\203\370\0338\3174\324\010\006\301\251\177\261\304eOX\262)FA-\022r\263wm\024""; closeTime: 803902500; signature: ""0E\002!\000\301\331zS2#\304\221Yu\035L\3766\332tw\327N\304\206\3539\327\215\377\314i\362E\321\332\002 \025\333\t\365\346\361\014\244\211\272\376\245\023\220D\036\363\275\310Qe\265x#*Jk\001\203\345\005\031""; previousledger: ""\304J\342j\272\270\274\360\307\356\347\200Ywm#\014\233\301\022L\232T\033N\341\232\325\233\227\313\307""; ","proposeSeq: 0; currentTxHash: ""\000\000\000\000\000\000\000\000\000\000\000\000\000\000\000\000\000\000\000\000\000\000\000\000\000\000\000\000\000\000\000\000""; nodePubKey: ""\003\343\005\311u\203\370\0338\3174\324\010\006\301\251\177\261\304eOX\262)FA-\022r\263wm\024""; closeTime: 803902500; signature: ""0E\002!\000\301\331zS2#\304\221Yu\035L\3766\332tw\327N\304\206\3539\327\215\377\314i\362E\321\332\002 \025\333\t\365\346\361\014\244\211\272\376\245\023\220D\036\363\275\310Qe\265x#*Jk\001\203\345\005\031""; previousledger: ""\304J\342j\272\270\274\360\307\356\347\200Ywm#\014\233\301\022L\232T\033N\341\232\325\233\227\313\307""; "
1750587300494,1750587300494,0,1,1,2,TMProposeSet,"proposeSeq: 0; currentTxHash: ""\000\000\000\000\000\000\000\000\000\000\000\000\000\000\000\000\000\000\000\000\000\000\000\000\000\000\000\000\000\000\000\000""; nodePubKey: ""\003\343\005\311u\203\370\0338\3174\324\010\006\301\251\177\261\304eOX\262)FA-\022r\263wm\024""; closeTime: 803902500; signature: ""0E\002!\000\301\331zS2#\304\221Yu\035L\3766\332tw\327N\304\206\3539\327\215\377\314i\362E\321\332\002 \025\333\t\365\346\361\014\244\211\272\376\245\023\220D\036\363\275\310Qe\265x#*Jk\001\203\345\005\031""; previousledger: ""\304J\342j\272\270\274\360\307\356\347\200Ywm#\014\233\301\022L\232T\033N\341\232\325\233\227\313\307""; ","proposeSeq: 0; currentTxHash: ""\000\000\000\000\000\000\000\000\000\000\000\000\000\000\000\000\000\000\000\000\000\000\000\000\000\000\000\000\000\000\000\000""; nodePubKey: ""\003\343\005\311u\203\370\0338\3174\324\010\006\301\251\177\261\304eOX\262)FA-\022r\263wm\024""; closeTime: 803902500; signature: ""0E\002!\000\301\331zS2#\304\221Yu\035L\3766\332tw\327N\304\206\3539\327\215\377\314i\362E\321\332\002 \025\333\t\365\346\361\014\244\211\272\376\245\023\220D\036\363\275\310Qe\265x#*Jk\001\203\345\005\031""; previousledger: ""\304J\342j\272\270\274\360\307\356\347\200Ywm#\014\233\301\022L\232T\033N\341\232\325\233\227\313\307""; "
1750587300496,1750587300496,0,1,1,0,TMProposeSet,"proposeSeq: 0; currentTxHash: ""\000\000\000\000\000\000\000\000\000\000\000\000\000\000\000\000\000\000\000\000\000\000\000\000\000\000\000\000\000\000\000\000""; nodePubKey: ""\003\343\005\311u\203\370\0338\3174\324\010\006\301\251\177\261\304eOX\262)FA-\022r\263wm\024""; closeTime: 803902500; signature: ""0E\002!\000\301\331zS2#\304\221Yu\035L\3766\332tw\327N\304\206\3539\327\215\377\314i\362E\321\332\002 \025\333\t\365\346\361\014\244\211\272\376\245\023\220D\036\363\275\310Qe\265x#*Jk\001\203\345\005\031""; previousledger: ""\304J\342j\272\270\274\360\307\356\347\200Ywm#\014\233\301\022L\232T\033N\341\232\325\233\227\313\307""; ","proposeSeq: 0; currentTxHash: ""\000\000\000\000\000\000\000\000\000\000\000\000\000\000\000\000\000\000\000\000\000\000\000\000\000\000\000\000\000\000\000\000""; nodePubKey: ""\003\343\005\311u\203\370\0338\3174\324\010\006\301\251\177\261\304eOX\262)FA-\022r\263wm\024""; closeTime: 803902500; signature: ""0E\002!\000\301\331zS2#\304\221Yu\035L\3766\332tw\327N\304\206\3539\327\215\377\314i\362E\321\332\002 \025\333\t\365\346\361\014\244\211\272\376\245\023\220D\036\363\275\310Qe\265x#*Jk\001\203\345\005\031""; previousledger: ""\304J\342j\272\270\274\360\307\356\347\200Ywm#\014\233\301\022L\232T\033N\341\232\325\233\227\313\307""; "
1750587300501,1750587300501,0,1,3,0,TMProposeSet,"proposeSeq: 0; currentTxHash: ""\000\000\000\000\000\000\000\000\000\000\000\000\000\000\000\000\000\000\000\000\000\000\000\000\000\000\000\000\000\000\000\000""; nodePubKey: ""\003\343\005\311u\203\370\0338\3174\324\010\006\301\251\177\261\304eOX\262)FA-\022r\263wm\024""; closeTime: 803902500; signature: ""0E\002!\000\301\331zS2#\304\221Yu\035L\3766\332tw\327N\304\206\3539\327\215\377\314i\362E\321\332\002 \025\333\t\365\346\361\014\244\211\272\376\245\023\220D\036\363\275\310Qe\265x#*Jk\001\203\345\005\031""; previousledger: ""\304J\342j\272\270\274\360\307\356\347\200Ywm#\014\233\301\022L\232T\033N\341\232\325\233\227\313\307""; ","proposeSeq: 0; currentTxHash: ""\000\000\000\000\000\000\000\000\000\000\000\000\000\000\000\000\000\000\000\000\000\000\000\000\000\000\000\000\000\000\000\000""; nodePubKey: ""\003\343\005\311u\203\370\0338\3174\324\010\006\301\251\177\261\304eOX\262)FA-\022r\263wm\024""; closeTime: 803902500; signature: ""0E\002!\000\301\331zS2#\304\221Yu\035L\3766\332tw\327N\304\206\3539\327\215\377\314i\362E\321\332\002 \025\333\t\365\346\361\014\244\211\272\376\245\023\220D\036\363\275\310Qe\265x#*Jk\001\203\345\005\031""; previousledger: ""\304J\342j\272\270\274\360\307\356\347\200Ywm#\014\233\301\022L\232T\033N\341\232\325\233\227\313\307""; "
1750587300502,1750587300502,0,1,3,4,TMProposeSet,"proposeSeq: 0; currentTxHash: ""\000\000\000\000\000\000\000\000\000\000\000\000\000\000\000\000\000\000\000\000\000\000\000\000\000\000\000\000\000\000\000\000""; nodePubKey: ""\003\343\005\311u\203\370\0338\3174\324\010\006\301\251\177\261\304eOX\262)FA-\022r\263wm\024""; closeTime: 803902500; signature: ""0E\002!\000\301\331zS2#\304\221Yu\035L\3766\332tw\327N\304\206\3539\327\215\377\314i\362E\321\332\002 \025\333\t\365\346\361\014\244\211\272\376\245\023\220D\036\363\275\310Qe\265x#*Jk\001\203\345\005\031""; previousledger: ""\304J\342j\272\270\274\360\307\356\347\200Ywm#\014\233\301\022L\232T\033N\341\232\325\233\227\313\307""; ","proposeSeq: 0; currentTxHash: ""\000\000\000\000\000\000\000\000\000\000\000\000\000\000\000\000\000\000\000\000\000\000\000\000\000\000\000\000\000\000\000\000""; nodePubKey: ""\003\343\005\311u\203\370\0338\3174\324\010\006\301\251\177\261\304eOX\262)FA-\022r\263wm\024""; closeTime: 803902500; signature: ""0E\002!\000\301\331zS2#\304\221Yu\035L\3766\332tw\327N\304\206\3539\327\215\377\314i\362E\321\332\002 \025\333\t\365\346\361\014\244\211\272\376\245\023\220D\036\363\275\310Qe\265x#*Jk\001\203\345\005\031""; previousledger: ""\304J\342j\272\270\274\360\307\356\347\200Ywm#\014\233\301\022L\232T\033N\341\232\325\233\227\313\307""; "
1750587300502,1750587300502,0,1,2,0,TMProposeSet,"proposeSeq: 0; currentTxHash: ""\000\000\000\000\000\000\000\000\000\000\000\000\000\000\000\000\000\000\000\000\000\000\000\000\000\000\000\000\000\000\000\000""; nodePubKey: ""\003\343\005\311u\203\370\0338\3174\324\010\006\301\251\177\261\304eOX\262)FA-\022r\263wm\024""; closeTime: 803902500; signature: ""0E\002!\000\301\331zS2#\304\221Yu\035L\3766\332tw\327N\304\206\3539\327\215\377\314i\362E\321\332\002 \025\333\t\365\346\361\014\244\211\272\376\245\023\220D\036\363\275\310Qe\265x#*Jk\001\203\345\005\031""; previousledger: ""\304J\342j\272\270\274\360\307\356\347\200Ywm#\014\233\301\022L\232T\033N\341\232\325\233\227\313\307""; ","proposeSeq: 0; currentTxHash: ""\000\000\000\000\000\000\000\000\000\000\000\000\000\000\000\000\000\000\000\000\000\000\000\000\000\000\000\000\000\000\000\000""; nodePubKey: ""\003\343\005\311u\203\370\0338\3174\324\010\006\301\251\177\261\304eOX\262)FA-\022r\263wm\024""; closeTime: 803902500; signature: ""0E\002!\000\301\331zS2#\304\221Yu\035L\3766\332tw\327N\304\206\3539\327\215\377\314i\362E\321\332\002 \025\333\t\365\346\361\014\244\211\272\376\245\023\220D\036\363\275\310Qe\265x#*Jk\001\203\345\005\031""; previousledger: ""\304J\342j\272\270\274\360\307\356\347\200Ywm#\014\233\301\022L\232T\033N\341\232\325\233\227\313\307""; "
1750587300502,1750587300502,0,1,3,2,TMProposeSet,"proposeSeq: 0; currentTxHash: ""\000\000\000\000\000\000\000\000\000\000\000\000\000\000\000\000\000\000\000\000\000\000\000\000\000\000\000\000\000\000\000\000""; nodePubKey: ""\003\343\005\311u\203\370\0338\3174\324\010\006\301\251\177\261\304eOX\262)FA-\022r\263wm\024""; closeTime: 803902500; signature: ""0E\002!\000\301\331zS2#\304\221Yu\035L\3766\332tw\327N\304\206\3539\327\215\377\314i\362E\321\332\002 \025\333\t\365\346\361\014\244\211\272\376\245\023\220D\036\363\275\310Qe\265x#*Jk\001\203\345\005\031""; previousledger: ""\304J\342j\272\270\274\360\307\356\347\200Ywm#\014\233\301\022L\232T\033N\341\232\325\233\227\313\307""; ","proposeSeq: 0; currentTxHash: ""\000\000\000\000\000\000\000\000\000\000\000\000\000\000\000\000\000\000\000\000\000\000\000\000\000\000\000\000\000\000\000\000""; nodePubKey: ""\003\343\005\311u\203\370\0338\3174\324\010\006\301\251\177\261\304eOX\262)FA-\022r\263wm\024""; closeTime: 803902500; signature: ""0E\002!\000\301\331zS2#\304\221Yu\035L\3766\332tw\327N\304\206\3539\327\215\377\314i\362E\321\332\002 \025\333\t\365\346\361\014\244\211\272\376\245\023\220D\036\363\275\310Qe\265x#*Jk\001\203\345\005\031""; previousledger: ""\304J\342j\272\270\274\360\307\356\347\200Ywm#\014\233\301\022L\232T\033N\341\232\325\233\227\313\307""; "
1750587300503,1750587300503,0,1,2,4,TMProposeSet,"proposeSeq: 0; currentTxHash: ""\000\000\000\000\000\000\000\000\000\000\000\000\000\000\000\000\000\000\000\000\000\000\000\000\000\000\000\000\000\000\000\000""; nodePubKey: ""\003\343\005\311u\203\370\0338\3174\324\010\006\301\251\177\261\304eOX\262)FA-\022r\263wm\024""; closeTime: 803902500; signature: ""0E\002!\000\301\331zS2#\304\221Yu\035L\3766\332tw\327N\304\206\3539\327\215\377\314i\362E\321\332\002 \025\333\t\365\346\361\014\244\211\272\376\245\023\220D\036\363\275\310Qe\265x#*Jk\001\203\345\005\031""; previousledger: ""\304J\342j\272\270\274\360\307\356\347\200Ywm#\014\233\301\022L\232T\033N\341\232\325\233\227\313\307""; ","proposeSeq: 0; currentTxHash: ""\000\000\000\000\000\000\000\000\000\000\000\000\000\000\000\000\000\000\000\000\000\000\000\000\000\000\000\000\000\000\000\000""; nodePubKey: ""\003\343\005\311u\203\370\0338\3174\324\010\006\301\251\177\261\304eOX\262)FA-\022r\263wm\024""; closeTime: 803902500; signature: ""0E\002!\000\301\331zS2#\304\221Yu\035L\3766\332tw\327N\304\206\3539\327\215\377\314i\362E\321\332\002 \025\333\t\365\346\361\014\244\211\272\376\245\023\220D\036\363\275\310Qe\265x#*Jk\001\203\345\005\031""; previousledger: ""\304J\342j\272\270\274\360\307\356\347\200Ywm#\014\233\301\022L\232T\033N\341\232\325\233\227\313\307""; "
1750587300505,1750587300505,0,1,2,3,TMProposeSet,"proposeSeq: 0; currentTxHash: ""\000\000\000\000\000\000\000\000\000\000\000\000\000\000\000\000\000\000\000\000\000\000\000\000\000\000\000\000\000\000\000\000""; nodePubKey: ""\003\343\005\311u\203\370\0338\3174\324\010\006\301\251\177\261\304eOX\262)FA-\022r\263wm\024""; closeTime: 803902500; signature: ""0E\002!\000\301\331zS2#\304\221Yu\035L\3766\332tw\327N\304\206\3539\327\215\377\314i\362E\321\332\002 \025\333\t\365\346\361\014\244\211\272\376\245\023\220D\036\363\275\310Qe\265x#*Jk\001\203\345\005\031""; previousledger: ""\304J\342j\272\270\274\360\307\356\347\200Ywm#\014\233\301\022L\232T\033N\341\232\325\233\227\313\307""; ","proposeSeq: 0; currentTxHash: ""\000\000\000\000\000\000\000\000\000\000\000\000\000\000\000\000\000\000\000\000\000\000\000\000\000\000\000\000\000\000\000\000""; nodePubKey: ""\003\343\005\311u\203\370\0338\3174\324\010\006\301\251\177\261\304eOX\262)FA-\022r\263wm\024""; closeTime: 803902500; signature: ""0E\002!\000\301\331zS2#\304\221Yu\035L\3766\332tw\327N\304\206\3539\327\215\377\314i\362E\321\332\002 \025\333\t\365\346\361\014\244\211\272\376\245\023\220D\036\363\275\310Qe\265x#*Jk\001\203\345\005\031""; previousledger: ""\304J\342j\272\270\274\360\307\356\347\200Ywm#\014\233\301\022L\232T\033N\341\232\325\233\227\313\307""; "
1750587300505,1750587300505,0,1,0,2,TMProposeSet,"proposeSeq: 0; currentTxHash: ""\000\000\000\000\000\000\000\000\000\000\000\000\000\000\000\000\000\000\000\000\000\000\000\000\000\000\000\000\000\000\000\000""; nodePubKey: ""\003\343\005\311u\203\370\0338\3174\324\010\006\301\251\177\261\304eOX\262)FA-\022r\263wm\024""; closeTime: 803902500; signature: ""0E\002!\000\301\331zS2#\304\221Yu\035L\3766\332tw\327N\304\206\3539\327\215\377\314i\362E\321\332\002 \025\333\t\365\346\361\014\244\211\272\376\245\023\220D\036\363\275\310Qe\265x#*Jk\001\203\345\005\031""; previousledger: ""\304J\342j\272\270\274\360\307\356\347\200Ywm#\014\233\301\022L\232T\033N\341\232\325\233\227\313\307""; ","proposeSeq: 0; currentTxHash: ""\000\000\000\000\000\000\000\000\000\000\000\000\000\000\000\000\000\000\000\000\000\000\000\000\000\000\000\000\000\000\000\000""; nodePubKey: ""\003\343\005\311u\203\370\0338\3174\324\010\006\301\251\177\261\304eOX\262)FA-\022r\263wm\024""; closeTime: 803902500; signature: ""0E\002!\000\301\331zS2#\304\221Yu\035L\3766\332tw\327N\304\206\3539\327\215\377\314i\362E\321\332\002 \025\333\t\365\346\361\014\244\211\272\376\245\023\220D\036\363\275\310Qe\265x#*Jk\001\203\345\005\031""; previousledger: ""\304J\342j\272\270\274\360\307\356\347\200Ywm#\014\233\301\022L\232T\033N\341\232\325\233\227\313\307""; "
1750587300506,1750587300506,0,1,0,3,TMProposeSet,"proposeSeq: 0; currentTxHash: ""\000\000\000\000\000\000\000\000\000\000\000\000\000\000\000\000\000\000\000\000\000\000\000\000\000\000\000\000\000\000\000\000""; nodePubKey: ""\003\343\005\311u\203\370\0338\3174\324\010\006\301\251\177\261\304eOX\262)FA-\022r\263wm\024""; closeTime: 803902500; signature: ""0E\002!\000\301\331zS2#\304\221Yu\035L\3766\332tw\327N\304\206\3539\327\215\377\314i\362E\321\332\002 \025\333\t\365\346\361\014\244\211\272\376\245\023\220D\036\363\275\310Qe\265x#*Jk\001\203\345\005\031""; previousledger: ""\304J\342j\272\270\274\360\307\356\347\200Ywm#\014\233\301\022L\232T\033N\341\232\325\233\227\313\307""; ","proposeSeq: 0; currentTxHash: ""\000\000\000\000\000\000\000\000\000\000\000\000\000\000\000\000\000\000\000\000\000\000\000\000\000\000\000\000\000\000\000\000""; nodePubKey: ""\003\343\005\311u\203\370\0338\3174\324\010\006\301\251\177\261\304eOX\262)FA-\022r\263wm\024""; closeTime: 803902500; signature: ""0E\002!\000\301\331zS2#\304\221Yu\035L\3766\332tw\327N\304\206\3539\327\215\377\314i\362E\321\332\002 \025\333\t\365\346\361\014\244\211\272\376\245\023\220D\036\363\275\310Qe\265x#*Jk\001\203\345\005\031""; previousledger: ""\304J\342j\272\270\274\360\307\356\347\200Ywm#\014\233\301\022L\232T\033N\341\232\325\233\227\313\307""; "
1750587300506,1750587300506,0,1,0,4,TMProposeSet,"proposeSeq: 0; currentTxHash: ""\000\000\000\000\000\000\000\000\000\000\000\000\000\000\000\000\000\000\000\000\000\000\000\000\000\000\000\000\000\000\000\000""; nodePubKey: ""\003\343\005\311u\203\370\0338\3174\324\010\006\301\251\177\261\304eOX\262)FA-\022r\263wm\024""; closeTime: 803902500; signature: ""0E\002!\000\301\331zS2#\304\221Yu\035L\3766\332tw\327N\304\206\3539\327\215\377\314i\362E\321\332\002 \025\333\t\365\346\361\014\244\211\272\376\245\023\220D\036\363\275\310Qe\265x#*Jk\001\203\345\005\031""; previousledger: ""\304J\342j\272\270\274\360\307\356\347\200Ywm#\014\233\301\022L\232T\033N\341\232\325\233\227\313\307""; ","proposeSeq: 0; currentTxHash: ""\000\000\000\000\000\000\000\000\000\000\000\000\000\000\000\000\000\000\000\000\000\000\000\000\000\000\000\000\000\000\000\000""; nodePubKey: ""\003\343\005\311u\203\370\0338\3174\324\010\006\301\251\177\261\304eOX\262)FA-\022r\263wm\024""; closeTime: 803902500; signature: ""0E\002!\000\301\331zS2#\304\221Yu\035L\3766\332tw\327N\304\206\3539\327\215\377\314i\362E\321\332\002 \025\333\t\365\346\361\014\244\211\272\376\245\023\220D\036\363\275\310Qe\265x#*Jk\001\203\345\005\031""; previousledger: ""\304J\342j\272\270\274\360\307\356\347\200Ywm#\014\233\301\022L\232T\033N\341\232\325\233\227\313\307""; "
1750587300765,1750587300765,0,1,4,3,TMStatusChange,"newEvent: neACCEPTED_LEDGER; ledgerSeq: 12; ledgerHash: ""\304J\342j\272\270\274\360\307\356\347\200Ywm#\014\233\301\022L\232T\033N\341\232\325\233\227\313\307""; ledgerHashPrevious: ""L\324\236aQ\361\020X\372\353 3\347\310*\253\021gT!>\003\325\254,\003\367\204\031\331\255\240""; networkTime: 803902500; firstSeq: 1; lastSeq: 11; ","newEvent: neACCEPTED_LEDGER; ledgerSeq: 12; ledgerHash: ""\304J\342j\272\270\274\360\307\356\347\200Ywm#\014\233\301\022L\232T\033N\341\232\325\233\227\313\307""; ledgerHashPrevious: ""L\324\236aQ\361\020X\372\353 3\347\310*\253\021gT!>\003\325\254,\003\367\204\031\331\255\240""; networkTime: 803902500; firstSeq: 1; lastSeq: 11; "
1750587300766,1750587300766,0,1,4,2,TMStatusChange,"newEvent: neACCEPTED_LEDGER; ledgerSeq: 12; ledgerHash: ""\304J\342j\272\270\274\360\307\356\347\200Ywm#\014\233\301\022L\232T\033N\341\232\325\233\227\313\307""; ledgerHashPrevious: ""L\324\236aQ\361\020X\372\353 3\347\310*\253\021gT!>\003\325\254,\003\367\204\031\331\255\240""; networkTime: 803902500; firstSeq: 1; lastSeq: 11; ","newEvent: neACCEPTED_LEDGER; ledgerSeq: 12; ledgerHash: ""\304J\342j\272\270\274\360\307\356\347\200Ywm#\014\233\301\022L\232T\033N\341\232\325\233\227\313\307""; ledgerHashPrevious: ""L\324\236aQ\361\020X\372\353 3\347\310*\253\021gT!>\003\325\254,\003\367\204\031\331\255\240""; networkTime: 803902500; firstSeq: 1; lastSeq: 11; "
1750587300766,1750587300766,0,1,4,1,TMStatusChange,"newEvent: neACCEPTED_LEDGER; ledgerSeq: 12; ledgerHash: ""\304J\342j\272\270\274\360\307\356\347\200Ywm#\014\233\301\022L\232T\033N\341\232\325\233\227\313\307""; ledgerHashPrevious: ""L\324\236aQ\361\020X\372\353 3\347\310*\253\021gT!>\003\325\254,\003\367\204\031\331\255\240""; networkTime: 803902500; firstSeq: 1; lastSeq: 11; ","newEvent: neACCEPTED_LEDGER; ledgerSeq: 12; ledgerHash: ""\304J\342j\272\270\274\360\307\356\347\200Ywm#\014\233\301\022L\232T\033N\341\232\325\233\227\313\307""; ledgerHashPrevious: ""L\324\236aQ\361\020X\372\353 3\347\310*\253\021gT!>\003\325\254,\003\367\204\031\331\255\240""; networkTime: 803902500; firstSeq: 1; lastSeq: 11; "
1750587300766,1750587300766,0,1,4,0,TMStatusChange,"newEvent: neACCEPTED_LEDGER; ledgerSeq: 12; ledgerHash: ""\304J\342j\272\270\274\360\307\356\347\200Ywm#\014\233\301\022L\232T\033N\341\232\325\233\227\313\307""; ledgerHashPrevious: ""L\324\236aQ\361\020X\372\353 3\347\310*\253\021gT!>\003\325\254,\003\367\204\031\331\255\240""; networkTime: 803902500; firstSeq: 1; lastSeq: 11; ","newEvent: neACCEPTED_LEDGER; ledgerSeq: 12; ledgerHash: ""\304J\342j\272\270\274\360\307\356\347\200Ywm#\014\233\301\022L\232T\033N\341\232\325\233\227\313\307""; ledgerHashPrevious: ""L\324\236aQ\361\020X\372\353 3\347\310*\253\021gT!>\003\325\254,\003\367\204\031\331\255\240""; networkTime: 803902500; firstSeq: 1; lastSeq: 11; "
1750587300806,1750587300807,0,1,4,1,TMValidation,"validation: """"\200\000\000\001&\000\000\000\014)/\352\224$:v|\203\267)\257\206\032Q\304J\342j\272\270\274\360\307\356\347\200Ywm#\014\233\301\022L\232T\033N\341\232\325\233\227\313\307P\027\000\000\000\000\000\000\000\000\000\000\000\000\000\000\000\000\000\000\000\000\000\000\000\000\000\000\000\000\000\000\000\000P\031L\324\236aQ\361\020X\372\353 3\347\310*\253\021gT!>\003\325\254,\003\367\204\031\331\255\240s!\003.\200\224\215?)t\306\315\242\313\251\255\302\204=\232.\271%}\013\024s\024\002@\216l""\241FvF0D\002 ``\226\216\365X\252\254j\200\327l(u\276\373b\232\264I\240S&\355U8\234\027@\017\226\037\002 H\025\216\353\337\270\2179\203\357\346<H\333~\322o?9""\014\207\214\026E\230\364\351\264\022g\343""; ","validation: """"\200\000\000\001&\000\000\000\014)/\352\224$:v|\203\267)\257\206\032Q\304J\342j\272\270\274\360\307\356\347\200Ywm#\014\233\301\022L\232T\033N\341\232\325\233\227\313\307P\027\000\000\000\000\000\000\000\000\000\000\000\000\000\000\000\000\000\000\000\000\000\000\000\000\000\000\000\000\000\000\000\000P\031L\324\236aQ\361\020X\372\353 3\347\310*\253\021gT!>\003\325\254,\003\367\204\031\331\255\240s!\003.\200\224\215?)t\306\315\242\313\251\255\302\204=\232.\271%}\013\024s\024\002@\216l""\241FvF0D\002 ``\226\216\365X\252\254j\200\327l(u\276\373b\232\264I\240S&\355U8\234\027@\017\226\037\002 H\025\216\353\337\270\2179\203\357\346<H\333~\322o?9""\014\207\214\026E\230\364\351\264\022g\343""; "
1750587300807,1750587300807,0,1,4,0,TMValidation,"validation: """"\200\000\000\001&\000\000\000\014)/\352\224$:v|\203\267)\257\206\032Q\304J\342j\272\270\274\360\307\356\347\200Ywm#\014\233\301\022L\232T\033N\341\232\325\233\227\313\307P\027\000\000\000\000\000\000\000\000\000\000\000\000\000\000\000\000\000\000\000\000\000\000\000\000\000\000\000\000\000\000\000\000P\031L\324\236aQ\361\020X\372\353 3\347\310*\253\021gT!>\003\325\254,\003\367\204\031\331\255\240s!\003.\200\224\215?)t\306\315\242\313\251\255\302\204=\232.\271%}\013\024s\024\002@\216l""\241FvF0D\002 ``\226\216\365X\252\254j\200\327l(u\276\373b\232\264I\240S&\355U8\234\027@\017\226\037\002 H\025\216\353\337\270\2179\203\357\346<H\333~\322o?9""\014\207\214\026E\230\364\351\264\022g\343""; ","validation: """"\200\000\000\001&\000\000\000\014)/\352\224$:v|\203\267)\257\206\032Q\304J\342j\272\270\274\360\307\356\347\200Ywm#\014\233\301\022L\232T\033N\341\232\325\233\227\313\307P\027\000\000\000\000\000\000\000\000\000\000\000\000\000\000\000\000\000\000\000\000\000\000\000\000\000\000\000\000\000\000\000\000P\031L\324\236aQ\361\020X\372\353 3\347\310*\253\021gT!>\003\325\254,\003\367\204\031\331\255\240s!\003.\200\224\215?)t\306\315\242\313\251\255\302\204=\232.\271%}\013\024s\024\002@\216l""\241FvF0D\002 ``\226\216\365X\252\254j\200\327l(u\276\373b\232\264I\240S&\355U8\234\027@\017\226\037\002 H\025\216\353\337\270\2179\203\357\346<H\333~\322o?9""\014\207\214\026E\230\364\351\264\022g\343""; "
1750587300808,1750587300808,0,1,4,3,TMValidation,"validation: """"\200\000\000\001&\000\000\000\014)/\352\224$:v|\203\267)\257\206\032Q\304J\342j\272\270\274\360\307\356\347\200Ywm#\014\233\301\022L\232T\033N\341\232\325\233\227\313\307P\027\000\000\000\000\000\000\000\000\000\000\000\000\000\000\000\000\000\000\000\000\000\000\000\000\000\000\000\000\000\000\000\000P\031L\324\236aQ\361\020X\372\353 3\347\310*\253\021gT!>\003\325\254,\003\367\204\031\331\255\240s!\003.\200\224\215?)t\306\315\242\313\251\255\302\204=\232.\271%}\013\024s\024\002@\216l""\241FvF0D\002 ``\226\216\365X\252\254j\200\327l(u\276\373b\232\264I\240S&\355U8\234\027@\017\226\037\002 H\025\216\353\337\270\2179\203\357\346<H\333~\322o?9""\014\207\214\026E\230\364\351\264\022g\343""; ","validation: """"\200\000\000\001&\000\000\000\014)/\352\224$:v|\203\267)\257\206\032Q\304J\342j\272\270\274\360\307\356\347\200Ywm#\014\233\301\022L\232T\033N\341\232\325\233\227\313\307P\027\000\000\000\000\000\000\000\000\000\000\000\000\000\000\000\000\000\000\000\000\000\000\000\000\000\000\000\000\000\000\000\000P\031L\324\236aQ\361\020X\372\353 3\347\310*\253\021gT!>\003\325\254,\003\367\204\031\331\255\240s!\003.\200\224\215?)t\306\315\242\313\251\255\302\204=\232.\271%}\013\024s\024\002@\216l""\241FvF0D\002 ``\226\216\365X\252\254j\200\327l(u\276\373b\232\264I\240S&\355U8\234\027@\017\226\037\002 H\025\216\353\337\270\2179\203\357\346<H\333~\322o?9""\014\207\214\026E\230\364\351\264\022g\343""; "
1750587300808,1750587300808,0,1,4,2,TMValidation,"validation: """"\200\000\000\001&\000\000\000\014)/\352\224$:v|\203\267)\257\206\032Q\304J\342j\272\270\274\360\307\356\347\200Ywm#\014\233\301\022L\232T\033N\341\232\325\233\227\313\307P\027\000\000\000\000\000\000\000\000\000\000\000\000\000\000\000\000\000\000\000\000\000\000\000\000\000\000\000\000\000\000\000\000P\031L\324\236aQ\361\020X\372\353 3\347\310*\253\021gT!>\003\325\254,\003\367\204\031\331\255\240s!\003.\200\224\215?)t\306\315\242\313\251\255\302\204=\232.\271%}\013\024s\024\002@\216l""\241FvF0D\002 ``\226\216\365X\252\254j\200\327l(u\276\373b\232\264I\240S&\355U8\234\027@\017\226\037\002 H\025\216\353\337\270\2179\203\357\346<H\333~\322o?9""\014\207\214\026E\230\364\351\264\022g\343""; ","validation: """"\200\000\000\001&\000\000\000\014)/\352\224$:v|\203\267)\257\206\032Q\304J\342j\272\270\274\360\307\356\347\200Ywm#\014\233\301\022L\232T\033N\341\232\325\233\227\313\307P\027\000\000\000\000\000\000\000\000\000\000\000\000\000\000\000\000\000\000\000\000\000\000\000\000\000\000\000\000\000\000\000\000P\031L\324\236aQ\361\020X\372\353 3\347\310*\253\021gT!>\003\325\254,\003\367\204\031\331\255\240s!\003.\200\224\215?)t\306\315\242\313\251\255\302\204=\232.\271%}\013\024s\024\002@\216l""\241FvF0D\002 ``\226\216\365X\252\254j\200\327l(u\276\373b\232\264I\240S&\355U8\234\027@\017\226\037\002 H\025\216\353\337\270\2179\203\357\346<H\333~\322o?9""\014\207\214\026E\230\364\351\264\022g\343""; "
1750587300810,1750587300810,0,1,1,3,TMValidation,"validation: """"\200\000\000\001&\000\000\000\014)/\352\224$:v|\203\267)\257\206\032Q\304J\342j\272\270\274\360\307\356\347\200Ywm#\014\233\301\022L\232T\033N\341\232\325\233\227\313\307P\027\000\000\000\000\000\000\000\000\000\000\000\000\000\000\000\000\000\000\000\000\000\000\000\000\000\000\000\000\000\000\000\000P\031L\324\236aQ\361\020X\372\353 3\347\310*\253\021gT!>\003\325\254,\003\367\204\031\331\255\240s!\003.\200\224\215?)t\306\315\242\313\251\255\302\204=\232.\271%}\013\024s\024\002@\216l""\241FvF0D\002 ``\226\216\365X\252\254j\200\327l(u\276\373b\232\264I\240S&\355U8\234\027@\017\226\037\002 H\025\216\353\337\270\2179\203\357\346<H\333~\322o?9""\014\207\214\026E\230\364\351\264\022g\343""; ","validation: """"\200\000\000\001&\000\000\000\014)/\352\224$:v|\203\267)\257\206\032Q\304J\342j\272\270\274\360\307\356\347\200Ywm#\014\233\301\022L\232T\033N\341\232\325\233\227\313\307P\027\000\000\000\000\000\000\000\000\000\000\000\000\000\000\000\000\000\000\000\000\000\000\000\000\000\000\000\000\000\000\000\000P\031L\324\236aQ\361\020X\372\353 3\347\310*\253\021gT!>\003\325\254,\003\367\204\031\331\255\240s!\003.\200\224\215?)t\306\315\242\313\251\255\302\204=\232.\271%}\013\024s\024\002@\216l""\241FvF0D\002 ``\226\216\365X\252\254j\200\327l(u\276\373b\232\264I\240S&\355U8\234\027@\017\226\037\002 H\025\216\353\337\270\2179\203\357\346<H\333~\322o?9""\014\207\214\026E\230\364\351\264\022g\343""; "
1750587300811,1750587300811,0,1,1,0,TMValidation,"validation: """"\200\000\000\001&\000\000\000\014)/\352\224$:v|\203\267)\257\206\032Q\304J\342j\272\270\274\360\307\356\347\200Ywm#\014\233\301\022L\232T\033N\341\232\325\233\227\313\307P\027\000\000\000\000\000\000\000\000\000\000\000\000\000\000\000\000\000\000\000\000\000\000\000\000\000\000\000\000\000\000\000\000P\031L\324\236aQ\361\020X\372\353 3\347\310*\253\021gT!>\003\325\254,\003\367\204\031\331\255\240s!\003.\200\224\215?)t\306\315\242\313\251\255\302\204=\232.\271%}\013\024s\024\002@\216l""\241FvF0D\002 ``\226\216\365X\252\254j\200\327l(u\276\373b\232\264I\240S&\355U8\234\027@\017\226\037\002 H\025\216\353\337\270\2179\203\357\346<H\333~\322o?9""\014\207\214\026E\230\364\351\264\022g\343""; ","validation: """"\200\000\000\001&\000\000\000\014)/\352\224$:v|\203\267)\257\206\032Q\304J\342j\272\270\274\360\307\356\347\200Ywm#\014\233\301\022L\232T\033N\341\232\325\233\227\313\307P\027\000\000\000\000\000\000\000\000\000\000\000\000\000\000\000\000\000\000\000\000\000\000\000\000\000\000\000\000\000\000\000\000P\031L\324\236aQ\361\020X\372\353 3\347\310*\253\021gT!>\003\325\254,\003\367\204\031\331\255\240s!\003.\200\224\215?)t\306\315\242\313\251\255\302\204=\232.\271%}\013\024s\024\002@\216l""\241FvF0D\002 ``\226\216\365X\252\254j\200\327l(u\276\373b\232\264I\240S&\355U8\234\027@\017\226\037\002 H\025\216\353\337\270\2179\203\357\346<H\333~\322o?9""\014\207\214\026E\230\364\351\264\022g\343""; "
1750587300811,1750587300811,0,1,0,3,TMValidation,"validation: """"\200\000\000\001&\000\000\000\014)/\352\224$:v|\203\267)\257\206\032Q\304J\342j\272\270\274\360\307\356\347\200Ywm#\014\233\301\022L\232T\033N\341\232\325\233\227\313\307P\027\000\000\000\000\000\000\000\000\000\000\000\000\000\000\000\000\000\000\000\000\000\000\000\000\000\000\000\000\000\000\000\000P\031L\324\236aQ\361\020X\372\353 3\347\310*\253\021gT!>\003\325\254,\003\367\204\031\331\255\240s!\003.\200\224\215?)t\306\315\242\313\251\255\302\204=\232.\271%}\013\024s\024\002@\216l""\241FvF0D\002 ``\226\216\365X\252\254j\200\327l(u\276\373b\232\264I\240S&\355U8\234\027@\017\226\037\002 H\025\216\353\337\270\2179\203\357\346<H\333~\322o?9""\014\207\214\026E\230\364\351\264\022g\343""; ","validation: """"\200\000\000\001&\000\000\000\014)/\352\224$:v|\203\267)\257\206\032Q\304J\342j\272\270\274\360\307\356\347\200Ywm#\014\233\301\022L\232T\033N\341\232\325\233\227\313\307P\027\000\000\000\000\000\000\000\000\000\000\000\000\000\000\000\000\000\000\000\000\000\000\000\000\000\000\000\000\000\000\000\000P\031L\324\236aQ\361\020X\372\353 3\347\310*\253\021gT!>\003\325\254,\003\367\204\031\331\255\240s!\003.\200\224\215?)t\306\315\242\313\251\255\302\204=\232.\271%}\013\024s\024\002@\216l""\241FvF0D\002 ``\226\216\365X\252\254j\200\327l(u\276\373b\232\264I\240S&\355U8\234\027@\017\226\037\002 H\025\216\353\337\270\2179\203\357\346<H\333~\322o?9""\014\207\214\026E\230\364\351\264\022g\343""; "
1750587300812,1750587300812,0,1,1,2,TMValidation,"validation: """"\200\000\000\001&\000\000\000\014)/\352\224$:v|\203\267)\257\206\032Q\304J\342j\272\270\274\360\307\356\347\200Ywm#\014\233\301\022L\232T\033N\341\232\325\233\227\313\307P\027\000\000\000\000\000\000\000\000\000\000\000\000\000\000\000\000\000\000\000\000\000\000\000\000\000\000\000\000\000\000\000\000P\031L\324\236aQ\361\020X\372\353 3\347\310*\253\021gT!>\003\325\254,\003\367\204\031\331\255\240s!\003.\200\224\215?)t\306\315\242\313\251\255\302\204=\232.\271%}\013\024s\024\002@\216l""\241FvF0D\002 ``\226\216\365X\252\254j\200\327l(u\276\373b\232\264I\240S&\355U8\234\027@\017\226\037\002 H\025\216\353\337\270\2179\203\357\346<H\333~\322o?9""\014\207\214\026E\230\364\351\264\022g\343""; ","validation: """"\200\000\000\001&\000\000\000\014)/\352\224$:v|\203\267)\257\206\032Q\304J\342j\272\270\274\360\307\356\347\200Ywm#\014\233\301\022L\232T\033N\341\232\325\233\227\313\307P\027\000\000\000\000\000\000\000\000\000\000\000\000\000\000\000\000\000\000\000\000\000\000\000\000\000\000\000\000\000\000\000\000P\031L\324\236aQ\361\020X\372\353 3\347\310*\253\021gT!>\003\325\254,\003\367\204\031\331\255\240s!\003.\200\224\215?)t\306\315\242\313\251\255\302\204=\232.\271%}\013\024s\024\002@\216l""\241FvF0D\002 ``\226\216\365X\252\254j\200\327l(u\276\373b\232\264I\240S&\355U8\234\027@\017\226\037\002 H\025\216\353\337\270\2179\203\357\346<H\333~\322o?9""\014\207\214\026E\230\364\351\264\022g\343""; "
1750587300813,1750587300813,0,1,0,1,TMValidation,"validation: """"\200\000\000\001&\000\000\000\014)/\352\224$:v|\203\267)\257\206\032Q\304J\342j\272\270\274\360\307\356\347\200Ywm#\014\233\301\022L\232T\033N\341\232\325\233\227\313\307P\027\000\000\000\000\000\000\000\000\000\000\000\000\000\000\000\000\000\000\000\000\000\000\000\000\000\000\000\000\000\000\000\000P\031L\324\236aQ\361\020X\372\353 3\347\310*\253\021gT!>\003\325\254,\003\367\204\031\331\255\240s!\003.\200\224\215?)t\306\315\242\313\251\255\302\204=\232.\271%}\013\024s\024\002@\216l""\241FvF0D\002 ``\226\216\365X\252\254j\200\327l(u\276\373b\232\264I\240S&\355U8\234\027@\017\226\037\002 H\025\216\353\337\270\2179\203\357\346<H\333~\322o?9""\014\207\214\026E\230\364\351\264\022g\343""; ","validation: """"\200\000\000\001&\000\000\000\014)/\352\224$:v|\203\267)\257\206\032Q\304J\342j\272\270\274\360\307\356\347\200Ywm#\014\233\301\022L\232T\033N\341\232\325\233\227\313\307P\027\000\000\000\000\000\000\000\000\000\000\000\000\000\000\000\000\000\000\000\000\000\000\000\000\000\000\000\000\000\000\000\000P\031L\324\236aQ\361\020X\372\353 3\347\310*\253\021gT!>\003\325\254,\003\367\204\031\331\255\240s!\003.\200\224\215?)t\306\315\242\313\251\255\302\204=\232.\271%}\013\024s\024\002@\216l""\241FvF0D\002 ``\226\216\365X\252\254j\200\327l(u\276\373b\232\264I\240S&\355U8\234\027@\017\226\037\002 H\025\216\353\337\270\2179\203\357\346<H\333~\322o?9""\014\207\214\026E\230\364\351\264\022g\343""; "
1750587300813,1750587300813,0,1,3,2,TMValidation,"validation: """"\200\000\000\001&\000\000\000\014)/\352\224$:v|\203\267)\257\206\032Q\304J\342j\272\270\274\360\307\356\347\200Ywm#\014\233\301\022L\232T\033N\341\232\325\233\227\313\307P\027\000\000\000\000\000\000\000\000\000\000\000\000\000\000\000\000\000\000\000\000\000\000\000\000\000\000\000\000\000\000\000\000P\031L\324\236aQ\361\020X\372\353 3\347\310*\253\021gT!>\003\325\254,\003\367\204\031\331\255\240s!\003.\200\224\215?)t\306\315\242\313\251\255\302\204=\232.\271%}\013\024s\024\002@\216l""\241FvF0D\002 ``\226\216\365X\252\254j\200\327l(u\276\373b\232\264I\240S&\355U8\234\027@\017\226\037\002 H\025\216\353\337\270\2179\203\357\346<H\333~\322o?9""\014\207\214\026E\230\364\351\264\022g\343""; ","validation: """"\200\000\000\001&\000\000\000\014)/\352\224$:v|\203\267)\257\206\032Q\304J\342j\272\270\274\360\307\356\347\200Ywm#\014\233\301\022L\232T\033N\341\232\325\233\227\313\307P\027\000\000\000\000\000\000\000\000\000\000\000\000\000\000\000\000\000\000\000\000\000\000\000\000\000\000\000\000\000\000\000\000P\031L\324\236aQ\361\020X\372\353 3\347\310*\253\021gT!>\003\325\254,\003\367\204\031\331\255\240s!\003.\200\224\215?)t\306\315\242\313\251\255\302\204=\232.\271%}\013\024s\024\002@\216l""\241FvF0D\002 ``\226\216\365X\252\254j\200\327l(u\276\373b\232\264I\240S&\355U8\234\027@\017\226\037\002 H\025\216\353\337\270\2179\203\357\346<H\333~\322o?9""\014\207\214\026E\230\364\351\264\022g\343""; "
1750587300814,1750587300814,0,1,0,2,TMValidation,"validation: """"\200\000\000\001&\000\000\000\014)/\352\224$:v|\203\267)\257\206\032Q\304J\342j\272\270\274\360\307\356\347\200Ywm#\014\233\301\022L\232T\033N\341\232\325\233\227\313\307P\027\000\000\000\000\000\000\000\000\000\000\000\000\000\000\000\000\000\000\000\000\000\000\000\000\000\000\000\000\000\000\000\000P\031L\324\236aQ\361\020X\372\353 3\347\310*\253\021gT!>\003\325\254,\003\367\204\031\331\255\240s!\003.\200\224\215?)t\306\315\242\313\251\255\302\204=\232.\271%}\013\024s\024\002@\216l""\241FvF0D\002 ``\226\216\365X\252\254j\200\327l(u\276\373b\232\264I\240S&\355U8\234\027@\017\226\037\002 H\025\216\353\337\270\2179\203\357\346<H\333~\322o?9""\014\207\214\026E\230\364\351\264\022g\343""; ","validation: """"\200\000\000\001&\000\000\000\014)/\352\224$:v|\203\267)\257\206\032Q\304J\342j\272\270\274\360\307\356\347\200Ywm#\014\233\301\022L\232T\033N\341\232\325\233\227\313\307P\027\000\000\000\000\000\000\000\000\000\000\000\000\000\000\000\000\000\000\000\000\000\000\000\000\000\000\000\000\000\000\000\000P\031L\324\236aQ\361\020X\372\353 3\347\310*\253\021gT!>\003\325\254,\003\367\204\031\331\255\240s!\003.\200\224\215?)t\306\315\242\313\251\255\302\204=\232.\271%}\013\024s\024\002@\216l""\241FvF0D\002 ``\226\216\365X\252\254j\200\327l(u\276\373b\232\264I\240S&\355U8\234\027@\017\226\037\002 H\025\216\353\337\270\2179\203\357\346<H\333~\322o?9""\014\207\214\026E\230\364\351\264\022g\343""; "
1750587300814,1750587300814,0,1,3,1,TMValidation,"validation: """"\200\000\000\001&\000\000\000\014)/\352\224$:v|\203\267)\257\206\032Q\304J\342j\272\270\274\360\307\356\347\200Ywm#\014\233\301\022L\232T\033N\341\232\325\233\227\313\307P\027\000\000\000\000\000\000\000\000\000\000\000\000\000\000\000\000\000\000\000\000\000\000\000\000\000\000\000\000\000\000\000\000P\031L\324\236aQ\361\020X\372\353 3\347\310*\253\021gT!>\003\325\254,\003\367\204\031\331\255\240s!\003.\200\224\215?)t\306\315\242\313\251\255\302\204=\232.\271%}\013\024s\024\002@\216l""\241FvF0D\002 ``\226\216\365X\252\254j\200\327l(u\276\373b\232\264I\240S&\355U8\234\027@\017\226\037\002 H\025\216\353\337\270\2179\203\357\346<H\333~\322o?9""\014\207\214\026E\230\364\351\264\022g\343""; ","validation: """"\200\000\000\001&\000\000\000\014)/\352\224$:v|\203\267)\257\206\032Q\304J\342j\272\270\274\360\307\356\347\200Ywm#\014\233\301\022L\232T\033N\341\232\325\233\227\313\307P\027\000\000\000\000\000\000\000\000\000\000\000\000\000\000\000\000\000\000\000\000\000\000\000\000\000\000\000\000\000\000\000\000P\031L\324\236aQ\361\020X\372\353 3\347\310*\253\021gT!>\003\325\254,\003\367\204\031\331\255\240s!\003.\200\224\215?)t\306\315\242\313\251\255\302\204=\232.\271%}\013\024s\024\002@\216l""\241FvF0D\002 ``\226\216\365X\252\254j\200\327l(u\276\373b\232\264I\240S&\355U8\234\027@\017\226\037\002 H\025\216\353\337\270\2179\203\357\346<H\333~\322o?9""\014\207\214\026E\230\364\351\264\022g\343""; "
1750587300814,1750587300815,0,1,3,0,TMValidation,"validation: """"\200\000\000\001&\000\000\000\014)/\352\224$:v|\203\267)\257\206\032Q\304J\342j\272\270\274\360\307\356\347\200Ywm#\014\233\301\022L\232T\033N\341\232\325\233\227\313\307P\027\000\000\000\000\000\000\000\000\000\000\000\000\000\000\000\000\000\000\000\000\000\000\000\000\000\000\000\000\000\000\000\000P\031L\324\236aQ\361\020X\372\353 3\347\310*\253\021gT!>\003\325\254,\003\367\204\031\331\255\240s!\003.\200\224\215?)t\306\315\242\313\251\255\302\204=\232.\271%}\013\024s\024\002@\216l""\241FvF0D\002 ``\226\216\365X\252\254j\200\327l(u\276\373b\232\264I\240S&\355U8\234\027@\017\226\037\002 H\025\216\353\337\270\2179\203\357\346<H\333~\322o?9""\014\207\214\026E\230\364\351\264\022g\343""; ","validation: """"\200\000\000\001&\000\000\000\014)/\352\224$:v|\203\267)\257\206\032Q\304J\342j\272\270\274\360\307\356\347\200Ywm#\014\233\301\022L\232T\033N\341\232\325\233\227\313\307P\027\000\000\000\000\000\000\000\000\000\000\000\000\000\000\000\000\000\000\000\000\000\000\000\000\000\000\000\000\000\000\000\000P\031L\324\236aQ\361\020X\372\353 3\347\310*\253\021gT!>\003\325\254,\003\367\204\031\331\255\240s!\003.\200\224\215?)t\306\315\242\313\251\255\302\204=\232.\271%}\013\024s\024\002@\216l""\241FvF0D\002 ``\226\216\365X\252\254j\200\327l(u\276\373b\232\264I\240S&\355U8\234\027@\017\226\037\002 H\025\216\353\337\270\2179\203\357\346<H\333~\322o?9""\014\207\214\026E\230\364\351\264\022g\343""; "
1750587300815,1750587300815,0,1,2,3,TMValidation,"validation: """"\200\000\000\001&\000\000\000\014)/\352\224$:v|\203\267)\257\206\032Q\304J\342j\272\270\274\360\307\356\347\200Ywm#\014\233\301\022L\232T\033N\341\232\325\233\227\313\307P\027\000\000\000\000\000\000\000\000\000\000\000\000\000\000\000\000\000\000\000\000\000\000\000\000\000\000\000\000\000\000\000\000P\031L\324\236aQ\361\020X\372\353 3\347\310*\253\021gT!>\003\325\254,\003\367\204\031\331\255\240s!\003.\200\224\215?)t\306\315\242\313\251\255\302\204=\232.\271%}\013\024s\024\002@\216l""\241FvF0D\002 ``\226\216\365X\252\254j\200\327l(u\276\373b\232\264I\240S&\355U8\234\027@\017\226\037\002 H\025\216\353\337\270\2179\203\357\346<H\333~\322o?9""\014\207\214\026E\230\364\351\264\022g\343""; ","validation: """"\200\000\000\001&\000\000\000\014)/\352\224$:v|\203\267)\257\206\032Q\304J\342j\272\270\274\360\307\356\347\200Ywm#\014\233\301\022L\232T\033N\341\232\325\233\227\313\307P\027\000\000\000\000\000\000\000\000\000\000\000\000\000\000\000\000\000\000\000\000\000\000\000\000\000\000\000\000\000\000\000\000P\031L\324\236aQ\361\020X\372\353 3\347\310*\253\021gT!>\003\325\254,\003\367\204\031\331\255\240s!\003.\200\224\215?)t\306\315\242\313\251\255\302\204=\232.\271%}\013\024s\024\002@\216l""\241FvF0D\002 ``\226\216\365X\252\254j\200\327l(u\276\373b\232\264I\240S&\355U8\234\027@\017\226\037\002 H\025\216\353\337\270\2179\203\357\346<H\333~\322o?9""\014\207\214\026E\230\364\351\264\022g\343""; "
1750587300816,1750587300816,0,1,2,1,TMValidation,"validation: """"\200\000\000\001&\000\000\000\014)/\352\224$:v|\203\267)\257\206\032Q\304J\342j\272\270\274\360\307\356\347\200Ywm#\014\233\301\022L\232T\033N\341\232\325\233\227\313\307P\027\000\000\000\000\000\000\000\000\000\000\000\000\000\000\000\000\000\000\000\000\000\000\000\000\000\000\000\000\000\000\000\000P\031L\324\236aQ\361\020X\372\353 3\347\310*\253\021gT!>\003\325\254,\003\367\204\031\331\255\240s!\003.\200\224\215?)t\306\315\242\313\251\255\302\204=\232.\271%}\013\024s\024\002@\216l""\241FvF0D\002 ``\226\216\365X\252\254j\200\327l(u\276\373b\232\264I\240S&\355U8\234\027@\017\226\037\002 H\025\216\353\337\270\2179\203\357\346<H\333~\322o?9""\014\207\214\026E\230\364\351\264\022g\343""; ","validation: """"\200\000\000\001&\000\000\000\014)/\352\224$:v|\203\267)\257\206\032Q\304J\342j\272\270\274\360\307\356\347\200Ywm#\014\233\301\022L\232T\033N\341\232\325\233\227\313\307P\027\000\000\000\000\000\000\000\000\000\000\000\000\000\000\000\000\000\000\000\000\000\000\000\000\000\000\000\000\000\000\000\000P\031L\324\236aQ\361\020X\372\353 3\347\310*\253\021gT!>\003\325\254,\003\367\204\031\331\255\240s!\003.\200\224\215?)t\306\315\242\313\251\255\302\204=\232.\271%}\013\024s\024\002@\216l""\241FvF0D\002 ``\226\216\365X\252\254j\200\327l(u\276\373b\232\264I\240S&\355U8\234\027@\017\226\037\002 H\025\216\353\337\270\2179\203\357\346<H\333~\322o?9""\014\207\214\026E\230\364\351\264\022g\343""; "
1750587300816,1750587300816,0,1,2,0,TMValidation,"validation: """"\200\000\000\001&\000\000\000\014)/\352\224$:v|\203\267)\257\206\032Q\304J\342j\272\270\274\360\307\356\347\200Ywm#\014\233\301\022L\232T\033N\341\232\325\233\227\313\307P\027\000\000\000\000\000\000\000\000\000\000\000\000\000\000\000\000\000\000\000\000\000\000\000\000\000\000\000\000\000\000\000\000P\031L\324\236aQ\361\020X\372\353 3\347\310*\253\021gT!>\003\325\254,\003\367\204\031\331\255\240s!\003.\200\224\215?)t\306\315\242\313\251\255\302\204=\232.\271%}\013\024s\024\002@\216l""\241FvF0D\002 ``\226\216\365X\252\254j\200\327l(u\276\373b\232\264I\240S&\355U8\234\027@\017\226\037\002 H\025\216\353\337\270\2179\203\357\346<H\333~\322o?9""\014\207\214\026E\230\364\351\264\022g\343""; ","validation: """"\200\000\000\001&\000\000\000\014)/\352\224$:v|\203\267)\257\206\032Q\304J\342j\272\270\274\360\307\356\347\200Ywm#\014\233\301\022L\232T\033N\341\232\325\233\227\313\307P\027\000\000\000\000\000\000\000\000\000\000\000\000\000\000\000\000\000\000\000\000\000\000\000\000\000\000\000\000\000\000\000\000P\031L\324\236aQ\361\020X\372\353 3\347\310*\253\021gT!>\003\325\254,\003\367\204\031\331\255\240s!\003.\200\224\215?)t\306\315\242\313\251\255\302\204=\232.\271%}\013\024s\024\002@\216l""\241FvF0D\002 ``\226\216\365X\252\254j\200\327l(u\276\373b\232\264I\240S&\355U8\234\027@\017\226\037\002 H\025\216\353\337\270\2179\203\357\346<H\333~\322o?9""\014\207\214\026E\230\364\351\264\022g\343""; "
1750587300880,1750587300880,0,1,3,4,TMProposeSet,"proposeSeq: 0; currentTxHash: ""\000\000\000\000\000\000\000\000\000\000\000\000\000\000\000\000\000\000\000\000\000\000\000\000\000\000\000\000\000\000\000\000""; nodePubKey: ""\003\325Q\255\224\274R@\312\253\262\347\352\034\346\347\242\215,\312\376=\277\353{\350\225\301\305`^, ""; closeTime: 803902500; signature: ""0D\002 ,Dn\371\036\315*\2158\240\256)2?2r\271\262\373\265\300\202\365\233I;""f\271m\320\213\002 K\001\2252\353\2003\355z\371\026;R\303)M\242\321m\230\3673\203\345R\350\251\213)\255\004^""; previousledger: ""\304J\342j\272\270\274\360\307\356\347\200Ywm#\014\233\301\022L\232T\033N\341\232\325\233\227\313\307""; ","proposeSeq: 0; currentTxHash: ""\000\000\000\000\000\000\000\000\000\000\000\000\000\000\000\000\000\000\000\000\000\000\000\000\000\000\000\000\000\000\000\000""; nodePubKey: ""\003\325Q\255\224\274R@\312\253\262\347\352\034\346\347\242\215,\312\376=\277\353{\350\225\301\305`^, ""; closeTime: 803902500; signature: ""0D\002 ,Dn\371\036\315*\2158\240\256)2?2r\271\262\373\265\300\202\365\233I;""f\271m\320\213\002 K\001\2252\353\2003\355z\371\026;R\303)M\242\321m\230\3673\203\345R\350\251\213)\255\004^""; previousledger: ""\304J\342j\272\270\274\360\307\356\347\200Ywm#\014\233\301\022L\232T\033N\341\232\325\233\227\313\307""; "
1750587300883,1750587300883,0,1,4,2,TMProposeSet,"proposeSeq: 0; currentTxHash: ""\000\000\000\000\000\000\000\000\000\000\000\000\000\000\000\000\000\000\000\000\000\000\000\000\000\000\000\000\000\000\000\000""; nodePubKey: ""\003\325Q\255\224\274R@\312\253\262\347\352\034\346\347\242\215,\312\376=\277\353{\350\225\301\305`^, ""; closeTime: 803902500; signature: ""0D\002 ,Dn\371\036\315*\2158\240\256)2?2r\271\262\373\265\300\202\365\233I;""f\271m\320\213\002 K\001\2252\353\2003\355z\371\026;R\303)M\242\321m\230\3673\203\345R\350\251\213)\255\004^""; previousledger: ""\304J\342j\272\270\274\360\307\356\347\200Ywm#\014\233\301\022L\232T\033N\341\232\325\233\227\313\307""; ","proposeSeq: 0; currentTxHash: ""\000\000\000\000\000\000\000\000\000\000\000\000\000\000\000\000\000\000\000\000\000\000\000\000\000\000\000\000\000\000\000\000""; nodePubKey: ""\003\325Q\255\224\274R@\312\253\262\347\352\034\346\347\242\215,\312\376=\277\353{\350\225\301\305`^, ""; closeTime: 803902500; signature: ""0D\002 ,Dn\371\036\315*\2158\240\256)2?2r\271\262\373\265\300\202\365\233I;""f\271m\320\213\002 K\001\2252\353\2003\355z\371\026;R\303)M\242\321m\230\3673\203\345R\350\251\213)\255\004^""; previousledger: ""\304J\342j\272\270\274\360\307\356\347\200Ywm#\014\233\301\022L\232T\033N\341\232\325\233\227\313\307""; "
1750587300883,1750587300883,0,1,4,1,TMProposeSet,"proposeSeq: 0; currentTxHash: ""\000\000\000\000\000\000\000\000\000\000\000\000\000\000\000\000\000\000\000\000\000\000\000\000\000\000\000\000\000\000\000\000""; nodePubKey: ""\003\325Q\255\224\274R@\312\253\262\347\352\034\346\347\242\215,\312\376=\277\353{\350\225\301\305`^, ""; closeTime: 803902500; signature: ""0D\002 ,Dn\371\036\315*\2158\240\256)2?2r\271\262\373\265\300\202\365\233I;""f\271m\320\213\002 K\001\2252\353\2003\355z\371\026;R\303)M\242\321m\230\3673\203\345R\350\251\213)\255\004^""; previousledger: ""\304J\342j\272\270\274\360\307\356\347\200Ywm#\014\233\301\022L\232T\033N\341\232\325\233\227\313\307""; ","proposeSeq: 0; currentTxHash: ""\000\000\000\000\000\000\000\000\000\000\000\000\000\000\000\000\000\000\000\000\000\000\000\000\000\000\000\000\000\000\000\000""; nodePubKey: ""\003\325Q\255\224\274R@\312\253\262\347\352\034\346\347\242\215,\312\376=\277\353{\350\225\301\305`^, ""; closeTime: 803902500; signature: ""0D\002 ,Dn\371\036\315*\2158\240\256)2?2r\271\262\373\265\300\202\365\233I;""f\271m\320\213\002 K\001\2252\353\2003\355z\371\026;R\303)M\242\321m\230\3673\203\345R\350\251\213)\255\004^""; previousledger: ""\304J\342j\272\270\274\360\307\356\347\200Ywm#\014\233\301\022L\232T\033N\341\232\325\233\227\313\307""; "
1750587300883,1750587300883,0,1,4,0,TMProposeSet,"proposeSeq: 0; currentTxHash: ""\000\000\000\000\000\000\000\000\000\000\000\000\000\000\000\000\000\000\000\000\000\000\000\000\000\000\000\000\000\000\000\000""; nodePubKey: ""\003\325Q\255\224\274R@\312\253\262\347\352\034\346\347\242\215,\312\376=\277\353{\350\225\301\305`^, ""; closeTime: 803902500; signature: ""0D\002 ,Dn\371\036\315*\2158\240\256)2?2r\271\262\373\265\300\202\365\233I;""f\271m\320\213\002 K\001\2252\353\2003\355z\371\026;R\303)M\242\321m\230\3673\203\345R\350\251\213)\255\004^""; previousledger: ""\304J\342j\272\270\274\360\307\356\347\200Ywm#\014\233\301\022L\232T\033N\341\232\325\233\227\313\307""; ","proposeSeq: 0; currentTxHash: ""\000\000\000\000\000\000\000\000\000\000\000\000\000\000\000\000\000\000\000\000\000\000\000\000\000\000\000\000\000\000\000\000""; nodePubKey: ""\003\325Q\255\224\274R@\312\253\262\347\352\034\346\347\242\215,\312\376=\277\353{\350\225\301\305`^, ""; closeTime: 803902500; signature: ""0D\002 ,Dn\371\036\315*\2158\240\256)2?2r\271\262\373\265\300\202\365\233I;""f\271m\320\213\002 K\001\2252\353\2003\355z\371\026;R\303)M\242\321m\230\3673\203\345R\350\251\213)\255\004^""; previousledger: ""\304J\342j\272\270\274\360\307\356\347\200Ywm#\014\233\301\022L\232T\033N\341\232\325\233\227\313\307""; "
1750587300885,1750587300886,0,1,2,1,TMProposeSet,"proposeSeq: 0; currentTxHash: ""\000\000\000\000\000\000\000\000\000\000\000\000\000\000\000\000\000\000\000\000\000\000\000\000\000\000\000\000\000\000\000\000""; nodePubKey: ""\003\325Q\255\224\274R@\312\253\262\347\352\034\346\347\242\215,\312\376=\277\353{\350\225\301\305`^, ""; closeTime: 803902500; signature: ""0D\002 ,Dn\371\036\315*\2158\240\256)2?2r\271\262\373\265\300\202\365\233I;""f\271m\320\213\002 K\001\2252\353\2003\355z\371\026;R\303)M\242\321m\230\3673\203\345R\350\251\213)\255\004^""; previousledger: ""\304J\342j\272\270\274\360\307\356\347\200Ywm#\014\233\301\022L\232T\033N\341\232\325\233\227\313\307""; ","proposeSeq: 0; currentTxHash: ""\000\000\000\000\000\000\000\000\000\000\000\000\000\000\000\000\000\000\000\000\000\000\000\000\000\000\000\000\000\000\000\000""; nodePubKey: ""\003\325Q\255\224\274R@\312\253\262\347\352\034\346\347\242\215,\312\376=\277\353{\350\225\301\305`^, ""; closeTime: 803902500; signature: ""0D\002 ,Dn\371\036\315*\2158\240\256)2?2r\271\262\373\265\300\202\365\233I;""f\271m\320\213\002 K\001\2252\353\2003\355z\371\026;R\303)M\242\321m\230\3673\203\345R\350\251\213)\255\004^""; previousledger: ""\304J\342j\272\270\274\360\307\356\347\200Ywm#\014\233\301\022L\232T\033N\341\232\325\233\227\313\307""; "
1750587300886,1750587300886,0,1,2,3,TMProposeSet,"proposeSeq: 0; currentTxHash: ""\000\000\000\000\000\000\000\000\000\000\000\000\000\000\000\000\000\000\000\000\000\000\000\000\000\000\000\000\000\000\000\000""; nodePubKey: ""\003\325Q\255\224\274R@\312\253\262\347\352\034\346\347\242\215,\312\376=\277\353{\350\225\301\305`^, ""; closeTime: 803902500; signature: ""0D\002 ,Dn\371\036\315*\2158\240\256)2?2r\271\262\373\265\300\202\365\233I;""f\271m\320\213\002 K\001\2252\353\2003\355z\371\026;R\303)M\242\321m\230\3673\203\345R\350\251\213)\255\004^""; previousledger: ""\304J\342j\272\270\274\360\307\356\347\200Ywm#\014\233\301\022L\232T\033N\341\232\325\233\227\313\307""; ","proposeSeq: 0; currentTxHash: ""\000\000\000\000\000\000\000\000\000\000\000\000\000\000\000\000\000\000\000\000\000\000\000\000\000\000\000\000\000\000\000\000""; nodePubKey: ""\003\325Q\255\224\274R@\312\253\262\347\352\034\346\347\242\215,\312\376=\277\353{\350\225\301\305`^, ""; closeTime: 803902500; signature: ""0D\002 ,Dn\371\036\315*\2158\240\256)2?2r\271\262\373\265\300\202\365\233I;""f\271m\320\213\002 K\001\2252\353\2003\355z\371\026;R\303)M\242\321m\230\3673\203\345R\350\251\213)\255\004^""; previousledger: ""\304J\342j\272\270\274\360\307\356\347\200Ywm#\014\233\301\022L\232T\033N\341\232\325\233\227\313\307""; "
1750587300887,1750587300887,0,1,1,0,TMProposeSet,"proposeSeq: 0; currentTxHash: ""\000\000\000\000\000\000\000\000\000\000\000\000\000\000\000\000\000\000\000\000\000\000\000\000\000\000\000\000\000\000\000\000""; nodePubKey: ""\003\325Q\255\224\274R@\312\253\262\347\352\034\346\347\242\215,\312\376=\277\353{\350\225\301\305`^, ""; closeTime: 803902500; signature: ""0D\002 ,Dn\371\036\315*\2158\240\256)2?2r\271\262\373\265\300\202\365\233I;""f\271m\320\213\002 K\001\2252\353\2003\355z\371\026;R\303)M\242\321m\230\3673\203\345R\350\251\213)\255\004^""; previousledger: ""\304J\342j\272\270\274\360\307\356\347\200Ywm#\014\233\301\022L\232T\033N\341\232\325\233\227\313\307""; ","proposeSeq: 0; currentTxHash: ""\000\000\000\000\000\000\000\000\000\000\000\000\000\000\000\000\000\000\000\000\000\000\000\000\000\000\000\000\000\000\000\000""; nodePubKey: ""\003\325Q\255\224\274R@\312\253\262\347\352\034\346\347\242\215,\312\376=\277\353{\350\225\301\305`^, ""; closeTime: 803902500; signature: ""0D\002 ,Dn\371\036\315*\2158\240\256)2?2r\271\262\373\265\300\202\365\233I;""f\271m\320\213\002 K\001\2252\353\2003\355z\371\026;R\303)M\242\321m\230\3673\203\345R\350\251\213)\255\004^""; previousledger: ""\304J\342j\272\270\274\360\307\356\347\200Ywm#\014\233\301\022L\232T\033N\341\232\325\233\227\313\307""; "
1750587300887,1750587300887,0,1,1,2,TMProposeSet,"proposeSeq: 0; currentTxHash: ""\000\000\000\000\000\000\000\000\000\000\000\000\000\000\000\000\000\000\000\000\000\000\000\000\000\000\000\000\000\000\000\000""; nodePubKey: ""\003\325Q\255\224\274R@\312\253\262\347\352\034\346\347\242\215,\312\376=\277\353{\350\225\301\305`^, ""; closeTime: 803902500; signature: ""0D\002 ,Dn\371\036\315*\2158\240\256)2?2r\271\262\373\265\300\202\365\233I;""f\271m\320\213\002 K\001\2252\353\2003\355z\371\026;R\303)M\242\321m\230\3673\203\345R\350\251\213)\255\004^""; previousledger: ""\304J\342j\272\270\274\360\307\356\347\200Ywm#\014\233\301\022L\232T\033N\341\232\325\233\227\313\307""; ","proposeSeq: 0; currentTxHash: ""\000\000\000\000\000\000\000\000\000\000\000\000\000\000\000\000\000\000\000\000\000\000\000\000\000\000\000\000\000\000\000\000""; nodePubKey: ""\003\325Q\255\224\274R@\312\253\262\347\352\034\346\347\242\215,\312\376=\277\353{\350\225\301\305`^, ""; closeTime: 803902500; signature: ""0D\002 ,Dn\371\036\315*\2158\240\256)2?2r\271\262\373\265\300\202\365\233I;""f\271m\320\213\002 K\001\2252\353\2003\355z\371\026;R\303)M\242\321m\230\3673\203\345R\350\251\213)\255\004^""; previousledger: ""\304J\342j\272\270\274\360\307\356\347\200Ywm#\014\233\301\022L\232T\033N\341\232\325\233\227\313\307""; "
1750587300887,1750587300887,0,1,2,0,TMProposeSet,"proposeSeq: 0; currentTxHash: ""\000\000\000\000\000\000\000\000\000\000\000\000\000\000\000\000\000\000\000\000\000\000\000\000\000\000\000\000\000\000\000\000""; nodePubKey: ""\003\325Q\255\224\274R@\312\253\262\347\352\034\346\347\242\215,\312\376=\277\353{\350\225\301\305`^, ""; closeTime: 803902500; signature: ""0D\002 ,Dn\371\036\315*\2158\240\256)2?2r\271\262\373\265\300\202\365\233I;""f\271m\320\213\002 K\001\2252\353\2003\355z\371\026;R\303)M\242\321m\230\3673\203\345R\350\251\213)\255\004^""; previousledger: ""\304J\342j\272\270\274\360\307\356\347\200Ywm#\014\233\301\022L\232T\033N\341\232\325\233\227\313\307""; ","proposeSeq: 0; currentTxHash: ""\000\000\000\000\000\000\000\000\000\000\000\000\000\000\000\000\000\000\000\000\000\000\000\000\000\000\000\000\000\000\000\000""; nodePubKey: ""\003\325Q\255\224\274R@\312\253\262\347\352\034\346\347\242\215,\312\376=\277\353{\350\225\301\305`^, ""; closeTime: 803902500; signature: ""0D\002 ,Dn\371\036\315*\2158\240\256)2?2r\271\262\373\265\300\202\365\233I;""f\271m\320\213\002 K\001\2252\353\2003\355z\371\026;R\303)M\242\321m\230\3673\203\345R\350\251\213)\255\004^""; previousledger: ""\304J\342j\272\270\274\360\307\356\347\200Ywm#\014\233\301\022L\232T\033N\341\232\325\233\227\313\307""; "
1750587300888,1750587300888,0,1,1,3,TMProposeSet,"proposeSeq: 0; currentTxHash: ""\000\000\000\000\000\000\000\000\000\000\000\000\000\000\000\000\000\000\000\000\000\000\000\000\000\000\000\000\000\000\000\000""; nodePubKey: ""\003\325Q\255\224\274R@\312\253\262\347\352\034\346\347\242\215,\312\376=\277\353{\350\225\301\305`^, ""; closeTime: 803902500; signature: ""0D\002 ,Dn\371\036\315*\2158\240\256)2?2r\271\262\373\265\300\202\365\233I;""f\271m\320\213\002 K\001\2252\353\2003\355z\371\026;R\303)M\242\321m\230\3673\203\345R\350\251\213)\255\004^""; previousledger: ""\304J\342j\272\270\274\360\307\356\347\200Ywm#\014\233\301\022L\232T\033N\341\232\325\233\227\313\307""; ","proposeSeq: 0; currentTxHash: ""\000\000\000\000\000\000\000\000\000\000\000\000\000\000\000\000\000\000\000\000\000\000\000\000\000\000\000\000\000\000\000\000""; nodePubKey: ""\003\325Q\255\224\274R@\312\253\262\347\352\034\346\347\242\215,\312\376=\277\353{\350\225\301\305`^, ""; closeTime: 803902500; signature: ""0D\002 ,Dn\371\036\315*\2158\240\256)2?2r\271\262\373\265\300\202\365\233I;""f\271m\320\213\002 K\001\2252\353\2003\355z\371\026;R\303)M\242\321m\230\3673\203\345R\350\251\213)\255\004^""; previousledger: ""\304J\342j\272\270\274\360\307\356\347\200Ywm#\014\233\301\022L\232T\033N\341\232\325\233\227\313\307""; "
1750587300889,1750587300889,0,1,0,2,TMProposeSet,"proposeSeq: 0; currentTxHash: ""\000\000\000\000\000\000\000\000\000\000\000\000\000\000\000\000\000\000\000\000\000\000\000\000\000\000\000\000\000\000\000\000""; nodePubKey: ""\003\325Q\255\224\274R@\312\253\262\347\352\034\346\347\242\215,\312\376=\277\353{\350\225\301\305`^, ""; closeTime: 803902500; signature: ""0D\002 ,Dn\371\036\315*\2158\240\256)2?2r\271\262\373\265\300\202\365\233I;""f\271m\320\213\002 K\001\2252\353\2003\355z\371\026;R\303)M\242\321m\230\3673\203\345R\350\251\213)\255\004^""; previousledger: ""\304J\342j\272\270\274\360\307\356\347\200Ywm#\014\233\301\022L\232T\033N\341\232\325\233\227\313\307""; ","proposeSeq: 0; currentTxHash: ""\000\000\000\000\000\000\000\000\000\000\000\000\000\000\000\000\000\000\000\000\000\000\000\000\000\000\000\000\000\000\000\000""; nodePubKey: ""\003\325Q\255\224\274R@\312\253\262\347\352\034\346\347\242\215,\312\376=\277\353{\350\225\301\305`^, ""; closeTime: 803902500; signature: ""0D\002 ,Dn\371\036\315*\2158\240\256)2?2r\271\262\373\265\300\202\365\233I;""f\271m\320\213\002 K\001\2252\353\2003\355z\371\026;R\303)M\242\321m\230\3673\203\345R\350\251\213)\255\004^""; previousledger: ""\304J\342j\272\270\274\360\307\356\347\200Ywm#\014\233\301\022L\232T\033N\341\232\325\233\227\313\307""; "
1750587300889,1750587300889,0,1,0,1,TMProposeSet,"proposeSeq: 0; currentTxHash: ""\000\000\000\000\000\000\000\000\000\000\000\000\000\000\000\000\000\000\000\000\000\000\000\000\000\000\000\000\000\000\000\000""; nodePubKey: ""\003\325Q\255\224\274R@\312\253\262\347\352\034\346\347\242\215,\312\376=\277\353{\350\225\301\305`^, ""; closeTime: 803902500; signature: ""0D\002 ,Dn\371\036\315*\2158\240\256)2?2r\271\262\373\265\300\202\365\233I;""f\271m\320\213\002 K\001\2252\353\2003\355z\371\026;R\303)M\242\321m\230\3673\203\345R\350\251\213)\255\004^""; previousledger: ""\304J\342j\272\270\274\360\307\356\347\200Ywm#\014\233\301\022L\232T\033N\341\232\325\233\227\313\307""; ","proposeSeq: 0; currentTxHash: ""\000\000\000\000\000\000\000\000\000\000\000\000\000\000\000\000\000\000\000\000\000\000\000\000\000\000\000\000\000\000\000\000""; nodePubKey: ""\003\325Q\255\224\274R@\312\253\262\347\352\034\346\347\242\215,\312\376=\277\353{\350\225\301\305`^, ""; closeTime: 803902500; signature: ""0D\002 ,Dn\371\036\315*\2158\240\256)2?2r\271\262\373\265\300\202\365\233I;""f\271m\320\213\002 K\001\2252\353\2003\355z\371\026;R\303)M\242\321m\230\3673\203\345R\350\251\213)\255\004^""; previousledger: ""\304J\342j\272\270\274\360\307\356\347\200Ywm#\014\233\301\022L\232T\033N\341\232\325\233\227\313\307""; "
1750587300890,1750587300890,0,1,0,3,TMProposeSet,"proposeSeq: 0; currentTxHash: ""\000\000\000\000\000\000\000\000\000\000\000\000\000\000\000\000\000\000\000\000\000\000\000\000\000\000\000\000\000\000\000\000""; nodePubKey: ""\003\325Q\255\224\274R@\312\253\262\347\352\034\346\347\242\215,\312\376=\277\353{\350\225\301\305`^, ""; closeTime: 803902500; signature: ""0D\002 ,Dn\371\036\315*\2158\240\256)2?2r\271\262\373\265\300\202\365\233I;""f\271m\320\213\002 K\001\2252\353\2003\355z\371\026;R\303)M\242\321m\230\3673\203\345R\350\251\213)\255\004^""; previousledger: ""\304J\342j\272\270\274\360\307\356\347\200Ywm#\014\233\301\022L\232T\033N\341\232\325\233\227\313\307""; ","proposeSeq: 0; currentTxHash: ""\000\000\000\000\000\000\000\000\000\000\000\000\000\000\000\000\000\000\000\000\000\000\000\000\000\000\000\000\000\000\000\000""; nodePubKey: ""\003\325Q\255\224\274R@\312\253\262\347\352\034\346\347\242\215,\312\376=\277\353{\350\225\301\305`^, ""; closeTime: 803902500; signature: ""0D\002 ,Dn\371\036\315*\2158\240\256)2?2r\271\262\373\265\300\202\365\233I;""f\271m\320\213\002 K\001\2252\353\2003\355z\371\026;R\303)M\242\321m\230\3673\203\345R\350\251\213)\255\004^""; previousledger: ""\304J\342j\272\270\274\360\307\356\347\200Ywm#\014\233\301\022L\232T\033N\341\232\325\233\227\313\307""; "
1750587300890,1750587300890,0,1,3,2,TMProposeSet,"proposeSeq: 0; currentTxHash: ""\000\000\000\000\000\000\000\000\000\000\000\000\000\000\000\000\000\000\000\000\000\000\000\000\000\000\000\000\000\000\000\000""; nodePubKey: ""\003\325Q\255\224\274R@\312\253\262\347\352\034\346\347\242\215,\312\376=\277\353{\350\225\301\305`^, ""; closeTime: 803902500; signature: ""0D\002 ,Dn\371\036\315*\2158\240\256)2?2r\271\262\373\265\300\202\365\233I;""f\271m\320\213\002 K\001\2252\353\2003\355z\371\026;R\303)M\242\321m\230\3673\203\345R\350\251\213)\255\004^""; previousledger: ""\304J\342j\272\270\274\360\307\356\347\200Ywm#\014\233\301\022L\232T\033N\341\232\325\233\227\313\307""; ","proposeSeq: 0; currentTxHash: ""\000\000\000\000\000\000\000\000\000\000\000\000\000\000\000\000\000\000\000\000\000\000\000\000\000\000\000\000\000\000\000\000""; nodePubKey: ""\003\325Q\255\224\274R@\312\253\262\347\352\034\346\347\242\215,\312\376=\277\353{\350\225\301\305`^, ""; closeTime: 803902500; signature: ""0D\002 ,Dn\371\036\315*\2158\240\256)2?2r\271\262\373\265\300\202\365\233I;""f\271m\320\213\002 K\001\2252\353\2003\355z\371\026;R\303)M\242\321m\230\3673\203\345R\350\251\213)\255\004^""; previousledger: ""\304J\342j\272\270\274\360\307\356\347\200Ywm#\014\233\301\022L\232T\033N\341\232\325\233\227\313\307""; "
1750587300892,1750587300892,0,1,3,1,TMProposeSet,"proposeSeq: 0; currentTxHash: ""\000\000\000\000\000\000\000\000\000\000\000\000\000\000\000\000\000\000\000\000\000\000\000\000\000\000\000\000\000\000\000\000""; nodePubKey: ""\003\325Q\255\224\274R@\312\253\262\347\352\034\346\347\242\215,\312\376=\277\353{\350\225\301\305`^, ""; closeTime: 803902500; signature: ""0D\002 ,Dn\371\036\315*\2158\240\256)2?2r\271\262\373\265\300\202\365\233I;""f\271m\320\213\002 K\001\2252\353\2003\355z\371\026;R\303)M\242\321m\230\3673\203\345R\350\251\213)\255\004^""; previousledger: ""\304J\342j\272\270\274\360\307\356\347\200Ywm#\014\233\301\022L\232T\033N\341\232\325\233\227\313\307""; ","proposeSeq: 0; currentTxHash: ""\000\000\000\000\000\000\000\000\000\000\000\000\000\000\000\000\000\000\000\000\000\000\000\000\000\000\000\000\000\000\000\000""; nodePubKey: ""\003\325Q\255\224\274R@\312\253\262\347\352\034\346\347\242\215,\312\376=\277\353{\350\225\301\305`^, ""; closeTime: 803902500; signature: ""0D\002 ,Dn\371\036\315*\2158\240\256)2?2r\271\262\373\265\300\202\365\233I;""f\271m\320\213\002 K\001\2252\353\2003\355z\371\026;R\303)M\242\321m\230\3673\203\345R\350\251\213)\255\004^""; previousledger: ""\304J\342j\272\270\274\360\307\356\347\200Ywm#\014\233\301\022L\232T\033N\341\232\325\233\227\313\307""; "
1750587300893,1750587300893,0,1,3,0,TMProposeSet,"proposeSeq: 0; currentTxHash: ""\000\000\000\000\000\000\000\000\000\000\000\000\000\000\000\000\000\000\000\000\000\000\000\000\000\000\000\000\000\000\000\000""; nodePubKey: ""\003\325Q\255\224\274R@\312\253\262\347\352\034\346\347\242\215,\312\376=\277\353{\350\225\301\305`^, ""; closeTime: 803902500; signature: ""0D\002 ,Dn\371\036\315*\2158\240\256)2?2r\271\262\373\265\300\202\365\233I;""f\271m\320\213\002 K\001\2252\353\2003\355z\371\026;R\303)M\242\321m\230\3673\203\345R\350\251\213)\255\004^""; previousledger: ""\304J\342j\272\270\274\360\307\356\347\200Ywm#\014\233\301\022L\232T\033N\341\232\325\233\227\313\307""; ","proposeSeq: 0; currentTxHash: ""\000\000\000\000\000\000\000\000\000\000\000\000\000\000\000\000\000\000\000\000\000\000\000\000\000\000\000\000\000\000\000\000""; nodePubKey: ""\003\325Q\255\224\274R@\312\253\262\347\352\034\346\347\242\215,\312\376=\277\353{\350\225\301\305`^, ""; closeTime: 803902500; signature: ""0D\002 ,Dn\371\036\315*\2158\240\256)2?2r\271\262\373\265\300\202\365\233I;""f\271m\320\213\002 K\001\2252\353\2003\355z\371\026;R\303)M\242\321m\230\3673\203\345R\350\251\213)\255\004^""; previousledger: ""\304J\342j\272\270\274\360\307\356\347\200Ywm#\014\233\301\022L\232T\033N\341\232\325\233\227\313\307""; "
1750587300881,1750587300953,0,1,3,2,TMStatusChange,"newEvent: neCLOSING_LEDGER; ledgerSeq: 12; ledgerHash: ""\304J\342j\272\270\274\360\307\356\347\200Ywm#\014\233\301\022L\232T\033N\341\232\325\233\227\313\307""; ledgerHashPrevious: ""L\324\236aQ\361\020X\372\353 3\347\310*\253\021gT!>\003\325\254,\003\367\204\031\331\255\240""; networkTime: 803902500; firstSeq: 9; lastSeq: 12; ","newEvent: neCLOSING_LEDGER; ledgerSeq: 12; ledgerHash: ""\304J\342j\272\270\274\360\307\356\347\200Ywm#\014\233\301\022L\232T\033N\341\232\325\233\227\313\307""; ledgerHashPrevious: ""L\324\236aQ\361\020X\372\353 3\347\310*\253\021gT!>\003\325\254,\003\367\204\031\331\255\240""; networkTime: 803902500; firstSeq: 9; lastSeq: 12; "
1750587300883,1750587300954,0,1,3,0,TMStatusChange,"newEvent: neCLOSING_LEDGER; ledgerSeq: 12; ledgerHash: ""\304J\342j\272\270\274\360\307\356\347\200Ywm#\014\233\301\022L\232T\033N\341\232\325\233\227\313\307""; ledgerHashPrevious: ""L\324\236aQ\361\020X\372\353 3\347\310*\253\021gT!>\003\325\254,\003\367\204\031\331\255\240""; networkTime: 803902500; firstSeq: 9; lastSeq: 12; ","newEvent: neCLOSING_LEDGER; ledgerSeq: 12; ledgerHash: ""\304J\342j\272\270\274\360\307\356\347\200Ywm#\014\233\301\022L\232T\033N\341\232\325\233\227\313\307""; ledgerHashPrevious: ""L\324\236aQ\361\020X\372\353 3\347\310*\253\021gT!>\003\325\254,\003\367\204\031\331\255\240""; networkTime: 803902500; firstSeq: 9; lastSeq: 12; "
1750587300882,1750587300954,0,1,3,4,TMStatusChange,"newEvent: neCLOSING_LEDGER; ledgerSeq: 12; ledgerHash: ""\304J\342j\272\270\274\360\307\356\347\200Ywm#\014\233\301\022L\232T\033N\341\232\325\233\227\313\307""; ledgerHashPrevious: ""L\324\236aQ\361\020X\372\353 3\347\310*\253\021gT!>\003\325\254,\003\367\204\031\331\255\240""; networkTime: 803902500; firstSeq: 9; lastSeq: 12; ","newEvent: neCLOSING_LEDGER; ledgerSeq: 12; ledgerHash: ""\304J\342j\272\270\274\360\307\356\347\200Ywm#\014\233\301\022L\232T\033N\341\232\325\233\227\313\307""; ledgerHashPrevious: ""L\324\236aQ\361\020X\372\353 3\347\310*\253\021gT!>\003\325\254,\003\367\204\031\331\255\240""; networkTime: 803902500; firstSeq: 9; lastSeq: 12; "
1750587300882,1750587300953,0,1,3,1,TMStatusChange,"newEvent: neCLOSING_LEDGER; ledgerSeq: 12; ledgerHash: ""\304J\342j\272\270\274\360\307\356\347\200Ywm#\014\233\301\022L\232T\033N\341\232\325\233\227\313\307""; ledgerHashPrevious: ""L\324\236aQ\361\020X\372\353 3\347\310*\253\021gT!>\003\325\254,\003\367\204\031\331\255\240""; networkTime: 803902500; firstSeq: 9; lastSeq: 12; ","newEvent: neCLOSING_LEDGER; ledgerSeq: 12; ledgerHash: ""\304J\342j\272\270\274\360\307\356\347\200Ywm#\014\233\301\022L\232T\033N\341\232\325\233\227\313\307""; ledgerHashPrevious: ""L\324\236aQ\361\020X\372\353 3\347\310*\253\021gT!>\003\325\254,\003\367\204\031\331\255\240""; networkTime: 803902500; firstSeq: 9; lastSeq: 12; "
1750587301015,1750587301015,0,1,0,4,TMProposeSet,"proposeSeq: 0; currentTxHash: ""\000\000\000\000\000\000\000\000\000\000\000\000\000\000\000\000\000\000\000\000\000\000\000\000\000\000\000\000\000\000\000\000""; nodePubKey: ""\002\347\243J\206W\025ML\260\226\0163\217\250\337\325W\253\356*O\245Z\271\234\207C\274\375`\335\311""; closeTime: 803902501; signature: ""0E\002!\000\374\200iF\020\230?""\367\251\230\362h\201T\177r\241b\014\267\345\323RjsLj \2548y\002 7\0168\256\312\224\362O#\317|\347\213\312<\020\340\027#\343\222V\022\315\224\243g\034\217\014(C""; previousledger: ""\304J\342j\272\270\274\360\307\356\347\200Ywm#\014\233\301\022L\232T\033N\341\232\325\233\227\313\307""; ","proposeSeq: 0; currentTxHash: ""\000\000\000\000\000\000\000\000\000\000\000\000\000\000\000\000\000\000\000\000\000\000\000\000\000\000\000\000\000\000\000\000""; nodePubKey: ""\002\347\243J\206W\025ML\260\226\0163\217\250\337\325W\253\356*O\245Z\271\234\207C\274\375`\335\311""; closeTime: 803902501; signature: ""0E\002!\000\374\200iF\020\230?""\367\251\230\362h\201T\177r\241b\014\267\345\323RjsLj \2548y\002 7\0168\256\312\224\362O#\317|\347\213\312<\020\340\027#\343\222V\022\315\224\243g\034\217\014(C""; previousledger: ""\304J\342j\272\270\274\360\307\356\347\200Ywm#\014\233\301\022L\232T\033N\341\232\325\233\227\313\307""; "
1750587301017,1750587301017,0,1,4,3,TMProposeSet,"proposeSeq: 0; currentTxHash: ""\000\000\000\000\000\000\000\000\000\000\000\000\000\000\000\000\000\000\000\000\000\000\000\000\000\000\000\000\000\000\000\000""; nodePubKey: ""\002\347\243J\206W\025ML\260\226\0163\217\250\337\325W\253\356*O\245Z\271\234\207C\274\375`\335\311""; closeTime: 803902501; signature: ""0E\002!\000\374\200iF\020\230?""\367\251\230\362h\201T\177r\241b\014\267\345\323RjsLj \2548y\002 7\0168\256\312\224\362O#\317|\347\213\312<\020\340\027#\343\222V\022\315\224\243g\034\217\014(C""; previousledger: ""\304J\342j\272\270\274\360\307\356\347\200Ywm#\014\233\301\022L\232T\033N\341\232\325\233\227\313\307""; ","proposeSeq: 0; currentTxHash: ""\000\000\000\000\000\000\000\000\000\000\000\000\000\000\000\000\000\000\000\000\000\000\000\000\000\000\000\000\000\000\000\000""; nodePubKey: ""\002\347\243J\206W\025ML\260\226\0163\217\250\337\325W\253\356*O\245Z\271\234\207C\274\375`\335\311""; closeTime: 803902501; signature: ""0E\002!\000\374\200iF\020\230?""\367\251\230\362h\201T\177r\241b\014\267\345\323RjsLj \2548y\002 7\0168\256\312\224\362O#\317|\347\213\312<\020\340\027#\343\222V\022\315\224\243g\034\217\014(C""; previousledger: ""\304J\342j\272\270\274\360\307\356\347\200Ywm#\014\233\301\022L\232T\033N\341\232\325\233\227\313\307""; "
1750587301017,1750587301018,0,1,4,1,TMProposeSet,"proposeSeq: 0; currentTxHash: ""\000\000\000\000\000\000\000\000\000\000\000\000\000\000\000\000\000\000\000\000\000\000\000\000\000\000\000\000\000\000\000\000""; nodePubKey: ""\002\347\243J\206W\025ML\260\226\0163\217\250\337\325W\253\356*O\245Z\271\234\207C\274\375`\335\311""; closeTime: 803902501; signature: ""0E\002!\000\374\200iF\020\230?""\367\251\230\362h\201T\177r\241b\014\267\345\323RjsLj \2548y\002 7\0168\256\312\224\362O#\317|\347\213\312<\020\340\027#\343\222V\022\315\224\243g\034\217\014(C""; previousledger: ""\304J\342j\272\270\274\360\307\356\347\200Ywm#\014\233\301\022L\232T\033N\341\232\325\233\227\313\307""; ","proposeSeq: 0; currentTxHash: ""\000\000\000\000\000\000\000\000\000\000\000\000\000\000\000\000\000\000\000\000\000\000\000\000\000\000\000\000\000\000\000\000""; nodePubKey: ""\002\347\243J\206W\025ML\260\226\0163\217\250\337\325W\253\356*O\245Z\271\234\207C\274\375`\335\311""; closeTime: 803902501; signature: ""0E\002!\000\374\200iF\020\230?""\367\251\230\362h\201T\177r\241b\014\267\345\323RjsLj \2548y\002 7\0168\256\312\224\362O#\317|\347\213\312<\020\340\027#\343\222V\022\315\224\243g\034\217\014(C""; previousledger: ""\304J\342j\272\270\274\360\307\356\347\200Ywm#\014\233\301\022L\232T\033N\341\232\325\233\227\313\307""; "
1750587301018,1750587301018,0,1,4,2,TMProposeSet,"proposeSeq: 0; currentTxHash: ""\000\000\000\000\000\000\000\000\000\000\000\000\000\000\000\000\000\000\000\000\000\000\000\000\000\000\000\000\000\000\000\000""; nodePubKey: ""\002\347\243J\206W\025ML\260\226\0163\217\250\337\325W\253\356*O\245Z\271\234\207C\274\375`\335\311""; closeTime: 803902501; signature: ""0E\002!\000\374\200iF\020\230?""\367\251\230\362h\201T\177r\241b\014\267\345\323RjsLj \2548y\002 7\0168\256\312\224\362O#\317|\347\213\312<\020\340\027#\343\222V\022\315\224\243g\034\217\014(C""; previousledger: ""\304J\342j\272\270\274\360\307\356\347\200Ywm#\014\233\301\022L\232T\033N\341\232\325\233\227\313\307""; ","proposeSeq: 0; currentTxHash: ""\000\000\000\000\000\000\000\000\000\000\000\000\000\000\000\000\000\000\000\000\000\000\000\000\000\000\000\000\000\000\000\000""; nodePubKey: ""\002\347\243J\206W\025ML\260\226\0163\217\250\337\325W\253\356*O\245Z\271\234\207C\274\375`\335\311""; closeTime: 803902501; signature: ""0E\002!\000\374\200iF\020\230?""\367\251\230\362h\201T\177r\241b\014\267\345\323RjsLj \2548y\002 7\0168\256\312\224\362O#\317|\347\213\312<\020\340\027#\343\222V\022\315\224\243g\034\217\014(C""; previousledger: ""\304J\342j\272\270\274\360\307\356\347\200Ywm#\014\233\301\022L\232T\033N\341\232\325\233\227\313\307""; "
1750587301019,1750587301019,0,1,3,2,TMProposeSet,"proposeSeq: 0; currentTxHash: ""\000\000\000\000\000\000\000\000\000\000\000\000\000\000\000\000\000\000\000\000\000\000\000\000\000\000\000\000\000\000\000\000""; nodePubKey: ""\002\347\243J\206W\025ML\260\226\0163\217\250\337\325W\253\356*O\245Z\271\234\207C\274\375`\335\311""; closeTime: 803902501; signature: ""0E\002!\000\374\200iF\020\230?""\367\251\230\362h\201T\177r\241b\014\267\345\323RjsLj \2548y\002 7\0168\256\312\224\362O#\317|\347\213\312<\020\340\027#\343\222V\022\315\224\243g\034\217\014(C""; previousledger: ""\304J\342j\272\270\274\360\307\356\347\200Ywm#\014\233\301\022L\232T\033N\341\232\325\233\227\313\307""; ","proposeSeq: 0; currentTxHash: ""\000\000\000\000\000\000\000\000\000\000\000\000\000\000\000\000\000\000\000\000\000\000\000\000\000\000\000\000\000\000\000\000""; nodePubKey: ""\002\347\243J\206W\025ML\260\226\0163\217\250\337\325W\253\356*O\245Z\271\234\207C\274\375`\335\311""; closeTime: 803902501; signature: ""0E\002!\000\374\200iF\020\230?""\367\251\230\362h\201T\177r\241b\014\267\345\323RjsLj \2548y\002 7\0168\256\312\224\362O#\317|\347\213\312<\020\340\027#\343\222V\022\315\224\243g\034\217\014(C""; previousledger: ""\304J\342j\272\270\274\360\307\356\347\200Ywm#\014\233\301\022L\232T\033N\341\232\325\233\227\313\307""; "
1750587301020,1750587301020,0,1,3,0,TMProposeSet,"proposeSeq: 0; currentTxHash: ""\000\000\000\000\000\000\000\000\000\000\000\000\000\000\000\000\000\000\000\000\000\000\000\000\000\000\000\000\000\000\000\000""; nodePubKey: ""\002\347\243J\206W\025ML\260\226\0163\217\250\337\325W\253\356*O\245Z\271\234\207C\274\375`\335\311""; closeTime: 803902501; signature: ""0E\002!\000\374\200iF\020\230?""\367\251\230\362h\201T\177r\241b\014\267\345\323RjsLj \2548y\002 7\0168\256\312\224\362O#\317|\347\213\312<\020\340\027#\343\222V\022\315\224\243g\034\217\014(C""; previousledger: ""\304J\342j\272\270\274\360\307\356\347\200Ywm#\014\233\301\022L\232T\033N\341\232\325\233\227\313\307""; ","proposeSeq: 0; currentTxHash: ""\000\000\000\000\000\000\000\000\000\000\000\000\000\000\000\000\000\000\000\000\000\000\000\000\000\000\000\000\000\000\000\000""; nodePubKey: ""\002\347\243J\206W\025ML\260\226\0163\217\250\337\325W\253\356*O\245Z\271\234\207C\274\375`\335\311""; closeTime: 803902501; signature: ""0E\002!\000\374\200iF\020\230?""\367\251\230\362h\201T\177r\241b\014\267\345\323RjsLj \2548y\002 7\0168\256\312\224\362O#\317|\347\213\312<\020\340\027#\343\222V\022\315\224\243g\034\217\014(C""; previousledger: ""\304J\342j\272\270\274\360\307\356\347\200Ywm#\014\233\301\022L\232T\033N\341\232\325\233\227\313\307""; "
1750587301021,1750587301021,0,1,1,3,TMProposeSet,"proposeSeq: 0; currentTxHash: ""\000\000\000\000\000\000\000\000\000\000\000\000\000\000\000\000\000\000\000\000\000\000\000\000\000\000\000\000\000\000\000\000""; nodePubKey: ""\002\347\243J\206W\025ML\260\226\0163\217\250\337\325W\253\356*O\245Z\271\234\207C\274\375`\335\311""; closeTime: 803902501; signature: ""0E\002!\000\374\200iF\020\230?""\367\251\230\362h\201T\177r\241b\014\267\345\323RjsLj \2548y\002 7\0168\256\312\224\362O#\317|\347\213\312<\020\340\027#\343\222V\022\315\224\243g\034\217\014(C""; previousledger: ""\304J\342j\272\270\274\360\307\356\347\200Ywm#\014\233\301\022L\232T\033N\341\232\325\233\227\313\307""; ","proposeSeq: 0; currentTxHash: ""\000\000\000\000\000\000\000\000\000\000\000\000\000\000\000\000\000\000\000\000\000\000\000\000\000\000\000\000\000\000\000\000""; nodePubKey: ""\002\347\243J\206W\025ML\260\226\0163\217\250\337\325W\253\356*O\245Z\271\234\207C\274\375`\335\311""; closeTime: 803902501; signature: ""0E\002!\000\374\200iF\020\230?""\367\251\230\362h\201T\177r\241b\014\267\345\323RjsLj \2548y\002 7\0168\256\312\224\362O#\317|\347\213\312<\020\340\027#\343\222V\022\315\224\243g\034\217\014(C""; previousledger: ""\304J\342j\272\270\274\360\307\356\347\200Ywm#\014\233\301\022L\232T\033N\341\232\325\233\227\313\307""; "
1750587301021,1750587301021,0,1,1,2,TMProposeSet,"proposeSeq: 0; currentTxHash: ""\000\000\000\000\000\000\000\000\000\000\000\000\000\000\000\000\000\000\000\000\000\000\000\000\000\000\000\000\000\000\000\000""; nodePubKey: ""\002\347\243J\206W\025ML\260\226\0163\217\250\337\325W\253\356*O\245Z\271\234\207C\274\375`\335\311""; closeTime: 803902501; signature: ""0E\002!\000\374\200iF\020\230?""\367\251\230\362h\201T\177r\241b\014\267\345\323RjsLj \2548y\002 7\0168\256\312\224\362O#\317|\347\213\312<\020\340\027#\343\222V\022\315\224\243g\034\217\014(C""; previousledger: ""\304J\342j\272\270\274\360\307\356\347\200Ywm#\014\233\301\022L\232T\033N\341\232\325\233\227\313\307""; ","proposeSeq: 0; currentTxHash: ""\000\000\000\000\000\000\000\000\000\000\000\000\000\000\000\000\000\000\000\000\000\000\000\000\000\000\000\000\000\000\000\000""; nodePubKey: ""\002\347\243J\206W\025ML\260\226\0163\217\250\337\325W\253\356*O\245Z\271\234\207C\274\375`\335\311""; closeTime: 803902501; signature: ""0E\002!\000\374\200iF\020\230?""\367\251\230\362h\201T\177r\241b\014\267\345\323RjsLj \2548y\002 7\0168\256\312\224\362O#\317|\347\213\312<\020\340\027#\343\222V\022\315\224\243g\034\217\014(C""; previousledger: ""\304J\342j\272\270\274\360\307\356\347\200Ywm#\014\233\301\022L\232T\033N\341\232\325\233\227\313\307""; "
1750587301020,1750587301020,0,1,3,1,TMProposeSet,"proposeSeq: 0; currentTxHash: ""\000\000\000\000\000\000\000\000\000\000\000\000\000\000\000\000\000\000\000\000\000\000\000\000\000\000\000\000\000\000\000\000""; nodePubKey: ""\002\347\243J\206W\025ML\260\226\0163\217\250\337\325W\253\356*O\245Z\271\234\207C\274\375`\335\311""; closeTime: 803902501; signature: ""0E\002!\000\374\200iF\020\230?""\367\251\230\362h\201T\177r\241b\014\267\345\323RjsLj \2548y\002 7\0168\256\312\224\362O#\317|\347\213\312<\020\340\027#\343\222V\022\315\224\243g\034\217\014(C""; previousledger: ""\304J\342j\272\270\274\360\307\356\347\200Ywm#\014\233\301\022L\232T\033N\341\232\325\233\227\313\307""; ","proposeSeq: 0; currentTxHash: ""\000\000\000\000\000\000\000\000\000\000\000\000\000\000\000\000\000\000\000\000\000\000\000\000\000\000\000\000\000\000\000\000""; nodePubKey: ""\002\347\243J\206W\025ML\260\226\0163\217\250\337\325W\253\356*O\245Z\271\234\207C\274\375`\335\311""; closeTime: 803902501; signature: ""0E\002!\000\374\200iF\020\230?""\367\251\230\362h\201T\177r\241b\014\267\345\323RjsLj \2548y\002 7\0168\256\312\224\362O#\317|\347\213\312<\020\340\027#\343\222V\022\315\224\243g\034\217\014(C""; previousledger: ""\304J\342j\272\270\274\360\307\356\347\200Ywm#\014\233\301\022L\232T\033N\341\232\325\233\227\313\307""; "
1750587301021,1750587301021,0,1,1,0,TMProposeSet,"proposeSeq: 0; currentTxHash: ""\000\000\000\000\000\000\000\000\000\000\000\000\000\000\000\000\000\000\000\000\000\000\000\000\000\000\000\000\000\000\000\000""; nodePubKey: ""\002\347\243J\206W\025ML\260\226\0163\217\250\337\325W\253\356*O\245Z\271\234\207C\274\375`\335\311""; closeTime: 803902501; signature: ""0E\002!\000\374\200iF\020\230?""\367\251\230\362h\201T\177r\241b\014\267\345\323RjsLj \2548y\002 7\0168\256\312\224\362O#\317|\347\213\312<\020\340\027#\343\222V\022\315\224\243g\034\217\014(C""; previousledger: ""\304J\342j\272\270\274\360\307\356\347\200Ywm#\014\233\301\022L\232T\033N\341\232\325\233\227\313\307""; ","proposeSeq: 0; currentTxHash: ""\000\000\000\000\000\000\000\000\000\000\000\000\000\000\000\000\000\000\000\000\000\000\000\000\000\000\000\000\000\000\000\000""; nodePubKey: ""\002\347\243J\206W\025ML\260\226\0163\217\250\337\325W\253\356*O\245Z\271\234\207C\274\375`\335\311""; closeTime: 803902501; signature: ""0E\002!\000\374\200iF\020\230?""\367\251\230\362h\201T\177r\241b\014\267\345\323RjsLj \2548y\002 7\0168\256\312\224\362O#\317|\347\213\312<\020\340\027#\343\222V\022\315\224\243g\034\217\014(C""; previousledger: ""\304J\342j\272\270\274\360\307\356\347\200Ywm#\014\233\301\022L\232T\033N\341\232\325\233\227\313\307""; "
1750587301022,1750587301022,0,1,2,3,TMProposeSet,"proposeSeq: 0; currentTxHash: ""\000\000\000\000\000\000\000\000\000\000\000\000\000\000\000\000\000\000\000\000\000\000\000\000\000\000\000\000\000\000\000\000""; nodePubKey: ""\002\347\243J\206W\025ML\260\226\0163\217\250\337\325W\253\356*O\245Z\271\234\207C\274\375`\335\311""; closeTime: 803902501; signature: ""0E\002!\000\374\200iF\020\230?""\367\251\230\362h\201T\177r\241b\014\267\345\323RjsLj \2548y\002 7\0168\256\312\224\362O#\317|\347\213\312<\020\340\027#\343\222V\022\315\224\243g\034\217\014(C""; previousledger: ""\304J\342j\272\270\274\360\307\356\347\200Ywm#\014\233\301\022L\232T\033N\341\232\325\233\227\313\307""; ","proposeSeq: 0; currentTxHash: ""\000\000\000\000\000\000\000\000\000\000\000\000\000\000\000\000\000\000\000\000\000\000\000\000\000\000\000\000\000\000\000\000""; nodePubKey: ""\002\347\243J\206W\025ML\260\226\0163\217\250\337\325W\253\356*O\245Z\271\234\207C\274\375`\335\311""; closeTime: 803902501; signature: ""0E\002!\000\374\200iF\020\230?""\367\251\230\362h\201T\177r\241b\014\267\345\323RjsLj \2548y\002 7\0168\256\312\224\362O#\317|\347\213\312<\020\340\027#\343\222V\022\315\224\243g\034\217\014(C""; previousledger: ""\304J\342j\272\270\274\360\307\356\347\200Ywm#\014\233\301\022L\232T\033N\341\232\325\233\227\313\307""; "
1750587301023,1750587301023,0,1,2,1,TMProposeSet,"proposeSeq: 0; currentTxHash: ""\000\000\000\000\000\000\000\000\000\000\000\000\000\000\000\000\000\000\000\000\000\000\000\000\000\000\000\000\000\000\000\000""; nodePubKey: ""\002\347\243J\206W\025ML\260\226\0163\217\250\337\325W\253\356*O\245Z\271\234\207C\274\375`\335\311""; closeTime: 803902501; signature: ""0E\002!\000\374\200iF\020\230?""\367\251\230\362h\201T\177r\241b\014\267\345\323RjsLj \2548y\002 7\0168\256\312\224\362O#\317|\347\213\312<\020\340\027#\343\222V\022\315\224\243g\034\217\014(C""; previousledger: ""\304J\342j\272\270\274\360\307\356\347\200Ywm#\014\233\301\022L\232T\033N\341\232\325\233\227\313\307""; ","proposeSeq: 0; currentTxHash: ""\000\000\000\000\000\000\000\000\000\000\000\000\000\000\000\000\000\000\000\000\000\000\000\000\000\000\000\000\000\000\000\000""; nodePubKey: ""\002\347\243J\206W\025ML\260\226\0163\217\250\337\325W\253\356*O\245Z\271\234\207C\274\375`\335\311""; closeTime: 803902501; signature: ""0E\002!\000\374\200iF\020\230?""\367\251\230\362h\201T\177r\241b\014\267\345\323RjsLj \2548y\002 7\0168\256\312\224\362O#\317|\347\213\312<\020\340\027#\343\222V\022\315\224\243g\034\217\014(C""; previousledger: ""\304J\342j\272\270\274\360\307\356\347\200Ywm#\014\233\301\022L\232T\033N\341\232\325\233\227\313\307""; "
1750587301023,1750587301023,0,1,2,0,TMProposeSet,"proposeSeq: 0; currentTxHash: ""\000\000\000\000\000\000\000\000\000\000\000\000\000\000\000\000\000\000\000\000\000\000\000\000\000\000\000\000\000\000\000\000""; nodePubKey: ""\002\347\243J\206W\025ML\260\226\0163\217\250\337\325W\253\356*O\245Z\271\234\207C\274\375`\335\311""; closeTime: 803902501; signature: ""0E\002!\000\374\200iF\020\230?""\367\251\230\362h\201T\177r\241b\014\267\345\323RjsLj \2548y\002 7\0168\256\312\224\362O#\317|\347\213\312<\020\340\027#\343\222V\022\315\224\243g\034\217\014(C""; previousledger: ""\304J\342j\272\270\274\360\307\356\347\200Ywm#\014\233\301\022L\232T\033N\341\232\325\233\227\313\307""; ","proposeSeq: 0; currentTxHash: ""\000\000\000\000\000\000\000\000\000\000\000\000\000\000\000\000\000\000\000\000\000\000\000\000\000\000\000\000\000\000\000\000""; nodePubKey: ""\002\347\243J\206W\025ML\260\226\0163\217\250\337\325W\253\356*O\245Z\271\234\207C\274\375`\335\311""; closeTime: 803902501; signature: ""0E\002!\000\374\200iF\020\230?""\367\251\230\362h\201T\177r\241b\014\267\345\323RjsLj \2548y\002 7\0168\256\312\224\362O#\317|\347\213\312<\020\340\027#\343\222V\022\315\224\243g\034\217\014(C""; previousledger: ""\304J\342j\272\270\274\360\307\356\347\200Ywm#\014\233\301\022L\232T\033N\341\232\325\233\227\313\307""; "
1750587301023,1750587301024,0,1,0,3,TMProposeSet,"proposeSeq: 0; currentTxHash: ""\000\000\000\000\000\000\000\000\000\000\000\000\000\000\000\000\000\000\000\000\000\000\000\000\000\000\000\000\000\000\000\000""; nodePubKey: ""\002\347\243J\206W\025ML\260\226\0163\217\250\337\325W\253\356*O\245Z\271\234\207C\274\375`\335\311""; closeTime: 803902501; signature: ""0E\002!\000\374\200iF\020\230?""\367\251\230\362h\201T\177r\241b\014\267\345\323RjsLj \2548y\002 7\0168\256\312\224\362O#\317|\347\213\312<\020\340\027#\343\222V\022\315\224\243g\034\217\014(C""; previousledger: ""\304J\342j\272\270\274\360\307\356\347\200Ywm#\014\233\301\022L\232T\033N\341\232\325\233\227\313\307""; ","proposeSeq: 0; currentTxHash: ""\000\000\000\000\000\000\000\000\000\000\000\000\000\000\000\000\000\000\000\000\000\000\000\000\000\000\000\000\000\000\000\000""; nodePubKey: ""\002\347\243J\206W\025ML\260\226\0163\217\250\337\325W\253\356*O\245Z\271\234\207C\274\375`\335\311""; closeTime: 803902501; signature: ""0E\002!\000\374\200iF\020\230?""\367\251\230\362h\201T\177r\241b\014\267\345\323RjsLj \2548y\002 7\0168\256\312\224\362O#\317|\347\213\312<\020\340\027#\343\222V\022\315\224\243g\034\217\014(C""; previousledger: ""\304J\342j\272\270\274\360\307\356\347\200Ywm#\014\233\301\022L\232T\033N\341\232\325\233\227\313\307""; "
1750587301024,1750587301024,0,1,0,1,TMProposeSet,"proposeSeq: 0; currentTxHash: ""\000\000\000\000\000\000\000\000\000\000\000\000\000\000\000\000\000\000\000\000\000\000\000\000\000\000\000\000\000\000\000\000""; nodePubKey: ""\002\347\243J\206W\025ML\260\226\0163\217\250\337\325W\253\356*O\245Z\271\234\207C\274\375`\335\311""; closeTime: 803902501; signature: ""0E\002!\000\374\200iF\020\230?""\367\251\230\362h\201T\177r\241b\014\267\345\323RjsLj \2548y\002 7\0168\256\312\224\362O#\317|\347\213\312<\020\340\027#\343\222V\022\315\224\243g\034\217\014(C""; previousledger: ""\304J\342j\272\270\274\360\307\356\347\200Ywm#\014\233\301\022L\232T\033N\341\232\325\233\227\313\307""; ","proposeSeq: 0; currentTxHash: ""\000\000\000\000\000\000\000\000\000\000\000\000\000\000\000\000\000\000\000\000\000\000\000\000\000\000\000\000\000\000\000\000""; nodePubKey: ""\002\347\243J\206W\025ML\260\226\0163\217\250\337\325W\253\356*O\245Z\271\234\207C\274\375`\335\311""; closeTime: 803902501; signature: ""0E\002!\000\374\200iF\020\230?""\367\251\230\362h\201T\177r\241b\014\267\345\323RjsLj \2548y\002 7\0168\256\312\224\362O#\317|\347\213\312<\020\340\027#\343\222V\022\315\224\243g\034\217\014(C""; previousledger: ""\304J\342j\272\270\274\360\307\356\347\200Ywm#\014\233\301\022L\232T\033N\341\232\325\233\227\313\307""; "
1750587301025,1750587301025,0,1,0,2,TMProposeSet,"proposeSeq: 0; currentTxHash: ""\000\000\000\000\000\000\000\000\000\000\000\000\000\000\000\000\000\000\000\000\000\000\000\000\000\000\000\000\000\000\000\000""; nodePubKey: ""\002\347\243J\206W\025ML\260\226\0163\217\250\337\325W\253\356*O\245Z\271\234\207C\274\375`\335\311""; closeTime: 803902501; signature: ""0E\002!\000\374\200iF\020\230?""\367\251\230\362h\201T\177r\241b\014\267\345\323RjsLj \2548y\002 7\0168\256\312\224\362O#\317|\347\213\312<\020\340\027#\343\222V\022\315\224\243g\034\217\014(C""; previousledger: ""\304J\342j\272\270\274\360\307\356\347\200Ywm#\014\233\301\022L\232T\033N\341\232\325\233\227\313\307""; ","proposeSeq: 0; currentTxHash: ""\000\000\000\000\000\000\000\000\000\000\000\000\000\000\000\000\000\000\000\000\000\000\000\000\000\000\000\000\000\000\000\000""; nodePubKey: ""\002\347\243J\206W\025ML\260\226\0163\217\250\337\325W\253\356*O\245Z\271\234\207C\274\375`\335\311""; closeTime: 803902501; signature: ""0E\002!\000\374\200iF\020\230?""\367\251\230\362h\201T\177r\241b\014\267\345\323RjsLj \2548y\002 7\0168\256\312\224\362O#\317|\347\213\312<\020\340\027#\343\222V\022\315\224\243g\034\217\014(C""; previousledger: ""\304J\342j\272\270\274\360\307\356\347\200Ywm#\014\233\301\022L\232T\033N\341\232\325\233\227\313\307""; "
1750587301014,1750587301057,0,1,0,3,TMStatusChange,"newEvent: neCLOSING_LEDGER; ledgerSeq: 12; ledgerHash: ""\304J\342j\272\270\274\360\307\356\347\200Ywm#\014\233\301\022L\232T\033N\341\232\325\233\227\313\307""; ledgerHashPrevious: ""L\324\236aQ\361\020X\372\353 3\347\310*\253\021gT!>\003\325\254,\003\367\204\031\331\255\240""; networkTime: 803902501; firstSeq: 9; lastSeq: 12; ","newEvent: neCLOSING_LEDGER; ledgerSeq: 12; ledgerHash: ""\304J\342j\272\270\274\360\307\356\347\200Ywm#\014\233\301\022L\232T\033N\341\232\325\233\227\313\307""; ledgerHashPrevious: ""L\324\236aQ\361\020X\372\353 3\347\310*\253\021gT!>\003\325\254,\003\367\204\031\331\255\240""; networkTime: 803902501; firstSeq: 9; lastSeq: 12; "
1750587301015,1750587301057,0,1,0,4,TMStatusChange,"newEvent: neCLOSING_LEDGER; ledgerSeq: 12; ledgerHash: ""\304J\342j\272\270\274\360\307\356\347\200Ywm#\014\233\301\022L\232T\033N\341\232\325\233\227\313\307""; ledgerHashPrevious: ""L\324\236aQ\361\020X\372\353 3\347\310*\253\021gT!>\003\325\254,\003\367\204\031\331\255\240""; networkTime: 803902501; firstSeq: 9; lastSeq: 12; ","newEvent: neCLOSING_LEDGER; ledgerSeq: 12; ledgerHash: ""\304J\342j\272\270\274\360\307\356\347\200Ywm#\014\233\301\022L\232T\033N\341\232\325\233\227\313\307""; ledgerHashPrevious: ""L\324\236aQ\361\020X\372\353 3\347\310*\253\021gT!>\003\325\254,\003\367\204\031\331\255\240""; networkTime: 803902501; firstSeq: 9; lastSeq: 12; "
1750587301016,1750587301058,0,1,0,2,TMStatusChange,"newEvent: neCLOSING_LEDGER; ledgerSeq: 12; ledgerHash: ""\304J\342j\272\270\274\360\307\356\347\200Ywm#\014\233\301\022L\232T\033N\341\232\325\233\227\313\307""; ledgerHashPrevious: ""L\324\236aQ\361\020X\372\353 3\347\310*\253\021gT!>\003\325\254,\003\367\204\031\331\255\240""; networkTime: 803902501; firstSeq: 9; lastSeq: 12; ","newEvent: neCLOSING_LEDGER; ledgerSeq: 12; ledgerHash: ""\304J\342j\272\270\274\360\307\356\347\200Ywm#\014\233\301\022L\232T\033N\341\232\325\233\227\313\307""; ledgerHashPrevious: ""L\324\236aQ\361\020X\372\353 3\347\310*\253\021gT!>\003\325\254,\003\367\204\031\331\255\240""; networkTime: 803902501; firstSeq: 9; lastSeq: 12; "
1750587301016,1750587301058,0,1,0,1,TMStatusChange,"newEvent: neCLOSING_LEDGER; ledgerSeq: 12; ledgerHash: ""\304J\342j\272\270\274\360\307\356\347\200Ywm#\014\233\301\022L\232T\033N\341\232\325\233\227\313\307""; ledgerHashPrevious: ""L\324\236aQ\361\020X\372\353 3\347\310*\253\021gT!>\003\325\254,\003\367\204\031\331\255\240""; networkTime: 803902501; firstSeq: 9; lastSeq: 12; ","newEvent: neCLOSING_LEDGER; ledgerSeq: 12; ledgerHash: ""\304J\342j\272\270\274\360\307\356\347\200Ywm#\014\233\301\022L\232T\033N\341\232\325\233\227\313\307""; ledgerHashPrevious: ""L\324\236aQ\361\020X\372\353 3\347\310*\253\021gT!>\003\325\254,\003\367\204\031\331\255\240""; networkTime: 803902501; firstSeq: 9; lastSeq: 12; "
1750587301196,1750587301196,0,1,0,1,TMPing,type: ptPING; seq: 4240167293; ,type: ptPING; seq: 4240167293; 
1750587301197,1750587301197,0,1,1,0,TMPing,type: ptPONG; seq: 4240167293; ,type: ptPONG; seq: 4240167293; 
1750587301246,1750587301246,0,1,1,0,TMPing,type: ptPING; seq: 2133894534; ,type: ptPING; seq: 2133894534; 
1750587301248,1750587301248,0,1,0,1,TMPing,type: ptPONG; seq: 2133894534; ,type: ptPONG; seq: 2133894534; 
1750587301294,1750587301294,0,1,2,4,TMProposeSet,"proposeSeq: 0; currentTxHash: ""\000\000\000\000\000\000\000\000\000\000\000\000\000\000\000\000\000\000\000\000\000\000\000\000\000\000\000\000\000\000\000\000""; nodePubKey: ""\003ql\302)\235\321\t\213\224\356\374%%\311\327\037\374\304\t\335\2359\344\233\035]\347<u\236\364\222""; closeTime: 803902501; signature: ""0D\002 =mOJ\304\372\221\205\234\345\034\271Z\370@\222>\234&\277\005]\022\242\014\340\023\ru\000\277B\002 1\334\337w\352\010\207\326\212(\t\206\345\247p\254\260q\037AG.m\263\027\217&/\334\276F\234""; previousledger: ""\304J\342j\272\270\274\360\307\356\347\200Ywm#\014\233\301\022L\232T\033N\341\232\325\233\227\313\307""; ","proposeSeq: 0; currentTxHash: ""\000\000\000\000\000\000\000\000\000\000\000\000\000\000\000\000\000\000\000\000\000\000\000\000\000\000\000\000\000\000\000\000""; nodePubKey: ""\003ql\302)\235\321\t\213\224\356\374%%\311\327\037\374\304\t\335\2359\344\233\035]\347<u\236\364\222""; closeTime: 803902501; signature: ""0D\002 =mOJ\304\372\221\205\234\345\034\271Z\370@\222>\234&\277\005]\022\242\014\340\023\ru\000\277B\002 1\334\337w\352\010\207\326\212(\t\206\345\247p\254\260q\037AG.m\263\027\217&/\334\276F\234""; previousledger: ""\304J\342j\272\270\274\360\307\356\347\200Ywm#\014\233\301\022L\232T\033N\341\232\325\233\227\313\307""; "
1750587301295,1750587301295,0,1,0,2,TMPing,type: ptPING; seq: 3885611011; ,type: ptPING; seq: 3885611011; 
1750587301297,1750587301297,0,1,2,0,TMProposeSet,"proposeSeq: 0; currentTxHash: ""\000\000\000\000\000\000\000\000\000\000\000\000\000\000\000\000\000\000\000\000\000\000\000\000\000\000\000\000\000\000\000\000""; nodePubKey: ""\003ql\302)\235\321\t\213\224\356\374%%\311\327\037\374\304\t\335\2359\344\233\035]\347<u\236\364\222""; closeTime: 803902501; signature: ""0D\002 =mOJ\304\372\221\205\234\345\034\271Z\370@\222>\234&\277\005]\022\242\014\340\023\ru\000\277B\002 1\334\337w\352\010\207\326\212(\t\206\345\247p\254\260q\037AG.m\263\027\217&/\334\276F\234""; previousledger: ""\304J\342j\272\270\274\360\307\356\347\200Ywm#\014\233\301\022L\232T\033N\341\232\325\233\227\313\307""; ","proposeSeq: 0; currentTxHash: ""\000\000\000\000\000\000\000\000\000\000\000\000\000\000\000\000\000\000\000\000\000\000\000\000\000\000\000\000\000\000\000\000""; nodePubKey: ""\003ql\302)\235\321\t\213\224\356\374%%\311\327\037\374\304\t\335\2359\344\233\035]\347<u\236\364\222""; closeTime: 803902501; signature: ""0D\002 =mOJ\304\372\221\205\234\345\034\271Z\370@\222>\234&\277\005]\022\242\014\340\023\ru\000\277B\002 1\334\337w\352\010\207\326\212(\t\206\345\247p\254\260q\037AG.m\263\027\217&/\334\276F\234""; previousledger: ""\304J\342j\272\270\274\360\307\356\347\200Ywm#\014\233\301\022L\232T\033N\341\232\325\233\227\313\307""; "
1750587301297,1750587301297,0,1,4,0,TMProposeSet,"proposeSeq: 0; currentTxHash: ""\000\000\000\000\000\000\000\000\000\000\000\000\000\000\000\000\000\000\000\000\000\000\000\000\000\000\000\000\000\000\000\000""; nodePubKey: ""\003ql\302)\235\321\t\213\224\356\374%%\311\327\037\374\304\t\335\2359\344\233\035]\347<u\236\364\222""; closeTime: 803902501; signature: ""0D\002 =mOJ\304\372\221\205\234\345\034\271Z\370@\222>\234&\277\005]\022\242\014\340\023\ru\000\277B\002 1\334\337w\352\010\207\326\212(\t\206\345\247p\254\260q\037AG.m\263\027\217&/\334\276F\234""; previousledger: ""\304J\342j\272\270\274\360\307\356\347\200Ywm#\014\233\301\022L\232T\033N\341\232\325\233\227\313\307""; ","proposeSeq: 0; currentTxHash: ""\000\000\000\000\000\000\000\000\000\000\000\000\000\000\000\000\000\000\000\000\000\000\000\000\000\000\000\000\000\000\000\000""; nodePubKey: ""\003ql\302)\235\321\t\213\224\356\374%%\311\327\037\374\304\t\335\2359\344\233\035]\347<u\236\364\222""; closeTime: 803902501; signature: ""0D\002 =mOJ\304\372\221\205\234\345\034\271Z\370@\222>\234&\277\005]\022\242\014\340\023\ru\000\277B\002 1\334\337w\352\010\207\326\212(\t\206\345\247p\254\260q\037AG.m\263\027\217&/\334\276F\234""; previousledger: ""\304J\342j\272\270\274\360\307\356\347\200Ywm#\014\233\301\022L\232T\033N\341\232\325\233\227\313\307""; "
1750587301298,1750587301298,0,1,4,3,TMProposeSet,"proposeSeq: 0; currentTxHash: ""\000\000\000\000\000\000\000\000\000\000\000\000\000\000\000\000\000\000\000\000\000\000\000\000\000\000\000\000\000\000\000\000""; nodePubKey: ""\003ql\302)\235\321\t\213\224\356\374%%\311\327\037\374\304\t\335\2359\344\233\035]\347<u\236\364\222""; closeTime: 803902501; signature: ""0D\002 =mOJ\304\372\221\205\234\345\034\271Z\370@\222>\234&\277\005]\022\242\014\340\023\ru\000\277B\002 1\334\337w\352\010\207\326\212(\t\206\345\247p\254\260q\037AG.m\263\027\217&/\334\276F\234""; previousledger: ""\304J\342j\272\270\274\360\307\356\347\200Ywm#\014\233\301\022L\232T\033N\341\232\325\233\227\313\307""; ","proposeSeq: 0; currentTxHash: ""\000\000\000\000\000\000\000\000\000\000\000\000\000\000\000\000\000\000\000\000\000\000\000\000\000\000\000\000\000\000\000\000""; nodePubKey: ""\003ql\302)\235\321\t\213\224\356\374%%\311\327\037\374\304\t\335\2359\344\233\035]\347<u\236\364\222""; closeTime: 803902501; signature: ""0D\002 =mOJ\304\372\221\205\234\345\034\271Z\370@\222>\234&\277\005]\022\242\014\340\023\ru\000\277B\002 1\334\337w\352\010\207\326\212(\t\206\345\247p\254\260q\037AG.m\263\027\217&/\334\276F\234""; previousledger: ""\304J\342j\272\270\274\360\307\356\347\200Ywm#\014\233\301\022L\232T\033N\341\232\325\233\227\313\307""; "
1750587301299,1750587301299,0,1,0,4,TMProposeSet,"proposeSeq: 0; currentTxHash: ""\000\000\000\000\000\000\000\000\000\000\000\000\000\000\000\000\000\000\000\000\000\000\000\000\000\000\000\000\000\000\000\000""; nodePubKey: ""\003ql\302)\235\321\t\213\224\356\374%%\311\327\037\374\304\t\335\2359\344\233\035]\347<u\236\364\222""; closeTime: 803902501; signature: ""0D\002 =mOJ\304\372\221\205\234\345\034\271Z\370@\222>\234&\277\005]\022\242\014\340\023\ru\000\277B\002 1\334\337w\352\010\207\326\212(\t\206\345\247p\254\260q\037AG.m\263\027\217&/\334\276F\234""; previousledger: ""\304J\342j\272\270\274\360\307\356\347\200Ywm#\014\233\301\022L\232T\033N\341\232\325\233\227\313\307""; ","proposeSeq: 0; currentTxHash: ""\000\000\000\000\000\000\000\000\000\000\000\000\000\000\000\000\000\000\000\000\000\000\000\000\000\000\000\000\000\000\000\000""; nodePubKey: ""\003ql\302)\235\321\t\213\224\356\374%%\311\327\037\374\304\t\335\2359\344\233\035]\347<u\236\364\222""; closeTime: 803902501; signature: ""0D\002 =mOJ\304\372\221\205\234\345\034\271Z\370@\222>\234&\277\005]\022\242\014\340\023\ru\000\277B\002 1\334\337w\352\010\207\326\212(\t\206\345\247p\254\260q\037AG.m\263\027\217&/\334\276F\234""; previousledger: ""\304J\342j\272\270\274\360\307\356\347\200Ywm#\014\233\301\022L\232T\033N\341\232\325\233\227\313\307""; "
1750587301298,1750587301298,0,1,4,1,TMProposeSet,"proposeSeq: 0; currentTxHash: ""\000\000\000\000\000\000\000\000\000\000\000\000\000\000\000\000\000\000\000\000\000\000\000\000\000\000\000\000\000\000\000\000""; nodePubKey: ""\003ql\302)\235\321\t\213\224\356\374%%\311\327\037\374\304\t\335\2359\344\233\035]\347<u\236\364\222""; closeTime: 803902501; signature: ""0D\002 =mOJ\304\372\221\205\234\345\034\271Z\370@\222>\234&\277\005]\022\242\014\340\023\ru\000\277B\002 1\334\337w\352\010\207\326\212(\t\206\345\247p\254\260q\037AG.m\263\027\217&/\334\276F\234""; previousledger: ""\304J\342j\272\270\274\360\307\356\347\200Ywm#\014\233\301\022L\232T\033N\341\232\325\233\227\313\307""; ","proposeSeq: 0; currentTxHash: ""\000\000\000\000\000\000\000\000\000\000\000\000\000\000\000\000\000\000\000\000\000\000\000\000\000\000\000\000\000\000\000\000""; nodePubKey: ""\003ql\302)\235\321\t\213\224\356\374%%\311\327\037\374\304\t\335\2359\344\233\035]\347<u\236\364\222""; closeTime: 803902501; signature: ""0D\002 =mOJ\304\372\221\205\234\345\034\271Z\370@\222>\234&\277\005]\022\242\014\340\023\ru\000\277B\002 1\334\337w\352\010\207\326\212(\t\206\345\247p\254\260q\037AG.m\263\027\217&/\334\276F\234""; previousledger: ""\304J\342j\272\270\274\360\307\356\347\200Ywm#\014\233\301\022L\232T\033N\341\232\325\233\227\313\307""; "
1750587301300,1750587301300,0,1,0,3,TMProposeSet,"proposeSeq: 0; currentTxHash: ""\000\000\000\000\000\000\000\000\000\000\000\000\000\000\000\000\000\000\000\000\000\000\000\000\000\000\000\000\000\000\000\000""; nodePubKey: ""\003ql\302)\235\321\t\213\224\356\374%%\311\327\037\374\304\t\335\2359\344\233\035]\347<u\236\364\222""; closeTime: 803902501; signature: ""0D\002 =mOJ\304\372\221\205\234\345\034\271Z\370@\222>\234&\277\005]\022\242\014\340\023\ru\000\277B\002 1\334\337w\352\010\207\326\212(\t\206\345\247p\254\260q\037AG.m\263\027\217&/\334\276F\234""; previousledger: ""\304J\342j\272\270\274\360\307\356\347\200Ywm#\014\233\301\022L\232T\033N\341\232\325\233\227\313\307""; ","proposeSeq: 0; currentTxHash: ""\000\000\000\000\000\000\000\000\000\000\000\000\000\000\000\000\000\000\000\000\000\000\000\000\000\000\000\000\000\000\000\000""; nodePubKey: ""\003ql\302)\235\321\t\213\224\356\374%%\311\327\037\374\304\t\335\2359\344\233\035]\347<u\236\364\222""; closeTime: 803902501; signature: ""0D\002 =mOJ\304\372\221\205\234\345\034\271Z\370@\222>\234&\277\005]\022\242\014\340\023\ru\000\277B\002 1\334\337w\352\010\207\326\212(\t\206\345\247p\254\260q\037AG.m\263\027\217&/\334\276F\234""; previousledger: ""\304J\342j\272\270\274\360\307\356\347\200Ywm#\014\233\301\022L\232T\033N\341\232\325\233\227\313\307""; "
1750587301307,1750587301307,0,1,0,1,TMProposeSet,"proposeSeq: 0; currentTxHash: ""\000\000\000\000\000\000\000\000\000\000\000\000\000\000\000\000\000\000\000\000\000\000\000\000\000\000\000\000\000\000\000\000""; nodePubKey: ""\003ql\302)\235\321\t\213\224\356\374%%\311\327\037\374\304\t\335\2359\344\233\035]\347<u\236\364\222""; closeTime: 803902501; signature: ""0D\002 =mOJ\304\372\221\205\234\345\034\271Z\370@\222>\234&\277\005]\022\242\014\340\023\ru\000\277B\002 1\334\337w\352\010\207\326\212(\t\206\345\247p\254\260q\037AG.m\263\027\217&/\334\276F\234""; previousledger: ""\304J\342j\272\270\274\360\307\356\347\200Ywm#\014\233\301\022L\232T\033N\341\232\325\233\227\313\307""; ","proposeSeq: 0; currentTxHash: ""\000\000\000\000\000\000\000\000\000\000\000\000\000\000\000\000\000\000\000\000\000\000\000\000\000\000\000\000\000\000\000\000""; nodePubKey: ""\003ql\302)\235\321\t\213\224\356\374%%\311\327\037\374\304\t\335\2359\344\233\035]\347<u\236\364\222""; closeTime: 803902501; signature: ""0D\002 =mOJ\304\372\221\205\234\345\034\271Z\370@\222>\234&\277\005]\022\242\014\340\023\ru\000\277B\002 1\334\337w\352\010\207\326\212(\t\206\345\247p\254\260q\037AG.m\263\027\217&/\334\276F\234""; previousledger: ""\304J\342j\272\270\274\360\307\356\347\200Ywm#\014\233\301\022L\232T\033N\341\232\325\233\227\313\307""; "
1750587301311,1750587301311,0,1,1,2,TMProposeSet,"proposeSeq: 0; currentTxHash: ""\000\000\000\000\000\000\000\000\000\000\000\000\000\000\000\000\000\000\000\000\000\000\000\000\000\000\000\000\000\000\000\000""; nodePubKey: ""\003ql\302)\235\321\t\213\224\356\374%%\311\327\037\374\304\t\335\2359\344\233\035]\347<u\236\364\222""; closeTime: 803902501; signature: ""0D\002 =mOJ\304\372\221\205\234\345\034\271Z\370@\222>\234&\277\005]\022\242\014\340\023\ru\000\277B\002 1\334\337w\352\010\207\326\212(\t\206\345\247p\254\260q\037AG.m\263\027\217&/\334\276F\234""; previousledger: ""\304J\342j\272\270\274\360\307\356\347\200Ywm#\014\233\301\022L\232T\033N\341\232\325\233\227\313\307""; ","proposeSeq: 0; currentTxHash: ""\000\000\000\000\000\000\000\000\000\000\000\000\000\000\000\000\000\000\000\000\000\000\000\000\000\000\000\000\000\000\000\000""; nodePubKey: ""\003ql\302)\235\321\t\213\224\356\374%%\311\327\037\374\304\t\335\2359\344\233\035]\347<u\236\364\222""; closeTime: 803902501; signature: ""0D\002 =mOJ\304\372\221\205\234\345\034\271Z\370@\222>\234&\277\005]\022\242\014\340\023\ru\000\277B\002 1\334\337w\352\010\207\326\212(\t\206\345\247p\254\260q\037AG.m\263\027\217&/\334\276F\234""; previousledger: ""\304J\342j\272\270\274\360\307\356\347\200Ywm#\014\233\301\022L\232T\033N\341\232\325\233\227\313\307""; "
1750587301309,1750587301309,0,1,3,1,TMProposeSet,"proposeSeq: 0; currentTxHash: ""\000\000\000\000\000\000\000\000\000\000\000\000\000\000\000\000\000\000\000\000\000\000\000\000\000\000\000\000\000\000\000\000""; nodePubKey: ""\003ql\302)\235\321\t\213\224\356\374%%\311\327\037\374\304\t\335\2359\344\233\035]\347<u\236\364\222""; closeTime: 803902501; signature: ""0D\002 =mOJ\304\372\221\205\234\345\034\271Z\370@\222>\234&\277\005]\022\242\014\340\023\ru\000\277B\002 1\334\337w\352\010\207\326\212(\t\206\345\247p\254\260q\037AG.m\263\027\217&/\334\276F\234""; previousledger: ""\304J\342j\272\270\274\360\307\356\347\200Ywm#\014\233\301\022L\232T\033N\341\232\325\233\227\313\307""; ","proposeSeq: 0; currentTxHash: ""\000\000\000\000\000\000\000\000\000\000\000\000\000\000\000\000\000\000\000\000\000\000\000\000\000\000\000\000\000\000\000\000""; nodePubKey: ""\003ql\302)\235\321\t\213\224\356\374%%\311\327\037\374\304\t\335\2359\344\233\035]\347<u\236\364\222""; closeTime: 803902501; signature: ""0D\002 =mOJ\304\372\221\205\234\345\034\271Z\370@\222>\234&\277\005]\022\242\014\340\023\ru\000\277B\002 1\334\337w\352\010\207\326\212(\t\206\345\247p\254\260q\037AG.m\263\027\217&/\334\276F\234""; previousledger: ""\304J\342j\272\270\274\360\307\356\347\200Ywm#\014\233\301\022L\232T\033N\341\232\325\233\227\313\307""; "
1750587301309,1750587301310,0,1,3,2,TMProposeSet,"proposeSeq: 0; currentTxHash: ""\000\000\000\000\000\000\000\000\000\000\000\000\000\000\000\000\000\000\000\000\000\000\000\000\000\000\000\000\000\000\000\000""; nodePubKey: ""\003ql\302)\235\321\t\213\224\356\374%%\311\327\037\374\304\t\335\2359\344\233\035]\347<u\236\364\222""; closeTime: 803902501; signature: ""0D\002 =mOJ\304\372\221\205\234\345\034\271Z\370@\222>\234&\277\005]\022\242\014\340\023\ru\000\277B\002 1\334\337w\352\010\207\326\212(\t\206\345\247p\254\260q\037AG.m\263\027\217&/\334\276F\234""; previousledger: ""\304J\342j\272\270\274\360\307\356\347\200Ywm#\014\233\301\022L\232T\033N\341\232\325\233\227\313\307""; ","proposeSeq: 0; currentTxHash: ""\000\000\000\000\000\000\000\000\000\000\000\000\000\000\000\000\000\000\000\000\000\000\000\000\000\000\000\000\000\000\000\000""; nodePubKey: ""\003ql\302)\235\321\t\213\224\356\374%%\311\327\037\374\304\t\335\2359\344\233\035]\347<u\236\364\222""; closeTime: 803902501; signature: ""0D\002 =mOJ\304\372\221\205\234\345\034\271Z\370@\222>\234&\277\005]\022\242\014\340\023\ru\000\277B\002 1\334\337w\352\010\207\326\212(\t\206\345\247p\254\260q\037AG.m\263\027\217&/\334\276F\234""; previousledger: ""\304J\342j\272\270\274\360\307\356\347\200Ywm#\014\233\301\022L\232T\033N\341\232\325\233\227\313\307""; "
1750587301309,1750587301309,0,1,3,0,TMProposeSet,"proposeSeq: 0; currentTxHash: ""\000\000\000\000\000\000\000\000\000\000\000\000\000\000\000\000\000\000\000\000\000\000\000\000\000\000\000\000\000\000\000\000""; nodePubKey: ""\003ql\302)\235\321\t\213\224\356\374%%\311\327\037\374\304\t\335\2359\344\233\035]\347<u\236\364\222""; closeTime: 803902501; signature: ""0D\002 =mOJ\304\372\221\205\234\345\034\271Z\370@\222>\234&\277\005]\022\242\014\340\023\ru\000\277B\002 1\334\337w\352\010\207\326\212(\t\206\345\247p\254\260q\037AG.m\263\027\217&/\334\276F\234""; previousledger: ""\304J\342j\272\270\274\360\307\356\347\200Ywm#\014\233\301\022L\232T\033N\341\232\325\233\227\313\307""; ","proposeSeq: 0; currentTxHash: ""\000\000\000\000\000\000\000\000\000\000\000\000\000\000\000\000\000\000\000\000\000\000\000\000\000\000\000\000\000\000\000\000""; nodePubKey: ""\003ql\302)\235\321\t\213\224\356\374%%\311\327\037\374\304\t\335\2359\344\233\035]\347<u\236\364\222""; closeTime: 803902501; signature: ""0D\002 =mOJ\304\372\221\205\234\345\034\271Z\370@\222>\234&\277\005]\022\242\014\340\023\ru\000\277B\002 1\334\337w\352\010\207\326\212(\t\206\345\247p\254\260q\037AG.m\263\027\217&/\334\276F\234""; previousledger: ""\304J\342j\272\270\274\360\307\356\347\200Ywm#\014\233\301\022L\232T\033N\341\232\325\233\227\313\307""; "
1750587301311,1750587301311,0,1,1,3,TMProposeSet,"proposeSeq: 0; currentTxHash: ""\000\000\000\000\000\000\000\000\000\000\000\000\000\000\000\000\000\000\000\000\000\000\000\000\000\000\000\000\000\000\000\000""; nodePubKey: ""\003ql\302)\235\321\t\213\224\356\374%%\311\327\037\374\304\t\335\2359\344\233\035]\347<u\236\364\222""; closeTime: 803902501; signature: ""0D\002 =mOJ\304\372\221\205\234\345\034\271Z\370@\222>\234&\277\005]\022\242\014\340\023\ru\000\277B\002 1\334\337w\352\010\207\326\212(\t\206\345\247p\254\260q\037AG.m\263\027\217&/\334\276F\234""; previousledger: ""\304J\342j\272\270\274\360\307\356\347\200Ywm#\014\233\301\022L\232T\033N\341\232\325\233\227\313\307""; ","proposeSeq: 0; currentTxHash: ""\000\000\000\000\000\000\000\000\000\000\000\000\000\000\000\000\000\000\000\000\000\000\000\000\000\000\000\000\000\000\000\000""; nodePubKey: ""\003ql\302)\235\321\t\213\224\356\374%%\311\327\037\374\304\t\335\2359\344\233\035]\347<u\236\364\222""; closeTime: 803902501; signature: ""0D\002 =mOJ\304\372\221\205\234\345\034\271Z\370@\222>\234&\277\005]\022\242\014\340\023\ru\000\277B\002 1\334\337w\352\010\207\326\212(\t\206\345\247p\254\260q\037AG.m\263\027\217&/\334\276F\234""; previousledger: ""\304J\342j\272\270\274\360\307\356\347\200Ywm#\014\233\301\022L\232T\033N\341\232\325\233\227\313\307""; "
1750587301311,1750587301311,0,1,1,0,TMProposeSet,"proposeSeq: 0; currentTxHash: ""\000\000\000\000\000\000\000\000\000\000\000\000\000\000\000\000\000\000\000\000\000\000\000\000\000\000\000\000\000\000\000\000""; nodePubKey: ""\003ql\302)\235\321\t\213\224\356\374%%\311\327\037\374\304\t\335\2359\344\233\035]\347<u\236\364\222""; closeTime: 803902501; signature: ""0D\002 =mOJ\304\372\221\205\234\345\034\271Z\370@\222>\234&\277\005]\022\242\014\340\023\ru\000\277B\002 1\334\337w\352\010\207\326\212(\t\206\345\247p\254\260q\037AG.m\263\027\217&/\334\276F\234""; previousledger: ""\304J\342j\272\270\274\360\307\356\347\200Ywm#\014\233\301\022L\232T\033N\341\232\325\233\227\313\307""; ","proposeSeq: 0; currentTxHash: ""\000\000\000\000\000\000\000\000\000\000\000\000\000\000\000\000\000\000\000\000\000\000\000\000\000\000\000\000\000\000\000\000""; nodePubKey: ""\003ql\302)\235\321\t\213\224\356\374%%\311\327\037\374\304\t\335\2359\344\233\035]\347<u\236\364\222""; closeTime: 803902501; signature: ""0D\002 =mOJ\304\372\221\205\234\345\034\271Z\370@\222>\234&\277\005]\022\242\014\340\023\ru\000\277B\002 1\334\337w\352\010\207\326\212(\t\206\345\247p\254\260q\037AG.m\263\027\217&/\334\276F\234""; previousledger: ""\304J\342j\272\270\274\360\307\356\347\200Ywm#\014\233\301\022L\232T\033N\341\232\325\233\227\313\307""; "
1750587301313,1750587301313,0,1,2,1,TMProposeSet,"proposeSeq: 0; currentTxHash: ""\000\000\000\000\000\000\000\000\000\000\000\000\000\000\000\000\000\000\000\000\000\000\000\000\000\000\000\000\000\000\000\000""; nodePubKey: ""\003ql\302)\235\321\t\213\224\356\374%%\311\327\037\374\304\t\335\2359\344\233\035]\347<u\236\364\222""; closeTime: 803902501; signature: ""0D\002 =mOJ\304\372\221\205\234\345\034\271Z\370@\222>\234&\277\005]\022\242\014\340\023\ru\000\277B\002 1\334\337w\352\010\207\326\212(\t\206\345\247p\254\260q\037AG.m\263\027\217&/\334\276F\234""; previousledger: ""\304J\342j\272\270\274\360\307\356\347\200Ywm#\014\233\301\022L\232T\033N\341\232\325\233\227\313\307""; ","proposeSeq: 0; currentTxHash: ""\000\000\000\000\000\000\000\000\000\000\000\000\000\000\000\000\000\000\000\000\000\000\000\000\000\000\000\000\000\000\000\000""; nodePubKey: ""\003ql\302)\235\321\t\213\224\356\374%%\311\327\037\374\304\t\335\2359\344\233\035]\347<u\236\364\222""; closeTime: 803902501; signature: ""0D\002 =mOJ\304\372\221\205\234\345\034\271Z\370@\222>\234&\277\005]\022\242\014\340\023\ru\000\277B\002 1\334\337w\352\010\207\326\212(\t\206\345\247p\254\260q\037AG.m\263\027\217&/\334\276F\234""; previousledger: ""\304J\342j\272\270\274\360\307\356\347\200Ywm#\014\233\301\022L\232T\033N\341\232\325\233\227\313\307""; "
1750587301314,1750587301314,0,1,2,3,TMProposeSet,"proposeSeq: 0; currentTxHash: ""\000\000\000\000\000\000\000\000\000\000\000\000\000\000\000\000\000\000\000\000\000\000\000\000\000\000\000\000\000\000\000\000""; nodePubKey: ""\003ql\302)\235\321\t\213\224\356\374%%\311\327\037\374\304\t\335\2359\344\233\035]\347<u\236\364\222""; closeTime: 803902501; signature: ""0D\002 =mOJ\304\372\221\205\234\345\034\271Z\370@\222>\234&\277\005]\022\242\014\340\023\ru\000\277B\002 1\334\337w\352\010\207\326\212(\t\206\345\247p\254\260q\037AG.m\263\027\217&/\334\276F\234""; previousledger: ""\304J\342j\272\270\274\360\307\356\347\200Ywm#\014\233\301\022L\232T\033N\341\232\325\233\227\313\307""; ","proposeSeq: 0; currentTxHash: ""\000\000\000\000\000\000\000\000\000\000\000\000\000\000\000\000\000\000\000\000\000\000\000\000\000\000\000\000\000\000\000\000""; nodePubKey: ""\003ql\302)\235\321\t\213\224\356\374%%\311\327\037\374\304\t\335\2359\344\233\035]\347<u\236\364\222""; closeTime: 803902501; signature: ""0D\002 =mOJ\304\372\221\205\234\345\034\271Z\370@\222>\234&\277\005]\022\242\014\340\023\ru\000\277B\002 1\334\337w\352\010\207\326\212(\t\206\345\247p\254\260q\037AG.m\263\027\217&/\334\276F\234""; previousledger: ""\304J\342j\272\270\274\360\307\356\347\200Ywm#\014\233\301\022L\232T\033N\341\232\325\233\227\313\307""; "
1750587301339,1750587301339,0,1,2,0,TMPing,type: ptPONG; seq: 3885611011; ,type: ptPONG; seq: 3885611011; 
1750587301340,1750587301340,0,1,2,0,TMPing,type: ptPING; seq: 3146658377; ,type: ptPING; seq: 3146658377; 
1750587301344,1750587301344,0,1,0,2,TMPing,type: ptPONG; seq: 3146658377; ,type: ptPONG; seq: 3146658377; 
1750587301294,1750587301345,0,1,2,4,TMStatusChange,"newEvent: neCLOSING_LEDGER; ledgerSeq: 12; ledgerHash: ""\304J\342j\272\270\274\360\307\356\347\200Ywm#\014\233\301\022L\232T\033N\341\232\325\233\227\313\307""; ledgerHashPrevious: ""L\324\236aQ\361\020X\372\353 3\347\310*\253\021gT!>\003\325\254,\003\367\204\031\331\255\240""; networkTime: 803902501; firstSeq: 1; lastSeq: 12; ","newEvent: neCLOSING_LEDGER; ledgerSeq: 12; ledgerHash: ""\304J\342j\272\270\274\360\307\356\347\200Ywm#\014\233\301\022L\232T\033N\341\232\325\233\227\313\307""; ledgerHashPrevious: ""L\324\236aQ\361\020X\372\353 3\347\310*\253\021gT!>\003\325\254,\003\367\204\031\331\255\240""; networkTime: 803902501; firstSeq: 1; lastSeq: 12; "
1750587301293,1750587301345,0,1,2,3,TMStatusChange,"newEvent: neCLOSING_LEDGER; ledgerSeq: 12; ledgerHash: ""\304J\342j\272\270\274\360\307\356\347\200Ywm#\014\233\301\022L\232T\033N\341\232\325\233\227\313\307""; ledgerHashPrevious: ""L\324\236aQ\361\020X\372\353 3\347\310*\253\021gT!>\003\325\254,\003\367\204\031\331\255\240""; networkTime: 803902501; firstSeq: 1; lastSeq: 12; ","newEvent: neCLOSING_LEDGER; ledgerSeq: 12; ledgerHash: ""\304J\342j\272\270\274\360\307\356\347\200Ywm#\014\233\301\022L\232T\033N\341\232\325\233\227\313\307""; ledgerHashPrevious: ""L\324\236aQ\361\020X\372\353 3\347\310*\253\021gT!>\003\325\254,\003\367\204\031\331\255\240""; networkTime: 803902501; firstSeq: 1; lastSeq: 12; "
1750587301295,1750587301346,0,1,2,1,TMStatusChange,"newEvent: neCLOSING_LEDGER; ledgerSeq: 12; ledgerHash: ""\304J\342j\272\270\274\360\307\356\347\200Ywm#\014\233\301\022L\232T\033N\341\232\325\233\227\313\307""; ledgerHashPrevious: ""L\324\236aQ\361\020X\372\353 3\347\310*\253\021gT!>\003\325\254,\003\367\204\031\331\255\240""; networkTime: 803902501; firstSeq: 1; lastSeq: 12; ","newEvent: neCLOSING_LEDGER; ledgerSeq: 12; ledgerHash: ""\304J\342j\272\270\274\360\307\356\347\200Ywm#\014\233\301\022L\232T\033N\341\232\325\233\227\313\307""; ledgerHashPrevious: ""L\324\236aQ\361\020X\372\353 3\347\310*\253\021gT!>\003\325\254,\003\367\204\031\331\255\240""; networkTime: 803902501; firstSeq: 1; lastSeq: 12; "
1750587301295,1750587301346,0,1,2,0,TMStatusChange,"newEvent: neCLOSING_LEDGER; ledgerSeq: 12; ledgerHash: ""\304J\342j\272\270\274\360\307\356\347\200Ywm#\014\233\301\022L\232T\033N\341\232\325\233\227\313\307""; ledgerHashPrevious: ""L\324\236aQ\361\020X\372\353 3\347\310*\253\021gT!>\003\325\254,\003\367\204\031\331\255\240""; networkTime: 803902501; firstSeq: 1; lastSeq: 12; ","newEvent: neCLOSING_LEDGER; ledgerSeq: 12; ledgerHash: ""\304J\342j\272\270\274\360\307\356\347\200Ywm#\014\233\301\022L\232T\033N\341\232\325\233\227\313\307""; ledgerHashPrevious: ""L\324\236aQ\361\020X\372\353 3\347\310*\253\021gT!>\003\325\254,\003\367\204\031\331\255\240""; networkTime: 803902501; firstSeq: 1; lastSeq: 12; "
1750587301381,1750587301381,0,1,0,3,TMPing,type: ptPING; seq: 3857662781; ,type: ptPING; seq: 3857662781; 
1750587301382,1750587301382,0,1,3,0,TMPing,type: ptPONG; seq: 3857662781; ,type: ptPONG; seq: 3857662781; 
1750587301426,1750587301426,0,1,3,0,TMPing,type: ptPING; seq: 1750905241; ,type: ptPING; seq: 1750905241; 
1750587301427,1750587301427,0,1,0,3,TMPing,type: ptPONG; seq: 1750905241; ,type: ptPONG; seq: 1750905241; 
1750587301469,1750587301469,0,1,0,4,TMPing,type: ptPING; seq: 3366752220; ,type: ptPING; seq: 3366752220; 
1750587301470,1750587301470,0,1,4,0,TMPing,type: ptPONG; seq: 3366752220; ,type: ptPONG; seq: 3366752220; 
1750587301516,1750587301516,0,1,4,0,TMPing,type: ptPING; seq: 4197793249; ,type: ptPING; seq: 4197793249; 
1750587301518,1750587301518,0,1,0,4,TMPing,type: ptPONG; seq: 4197793249; ,type: ptPONG; seq: 4197793249; 
1750587301565,1750587301565,0,1,1,2,TMPing,type: ptPING; seq: 1018264125; ,type: ptPING; seq: 1018264125; 
1750587301566,1750587301566,0,1,2,1,TMPing,type: ptPONG; seq: 1018264125; ,type: ptPONG; seq: 1018264125; 
1750587301612,1750587301612,0,1,2,1,TMPing,type: ptPING; seq: 2283236658; ,type: ptPING; seq: 2283236658; 
1750587301614,1750587301614,0,1,1,2,TMPing,type: ptPONG; seq: 2283236658; ,type: ptPONG; seq: 2283236658; 
1750587301660,1750587301660,0,1,1,3,TMPing,type: ptPING; seq: 1496727281; ,type: ptPING; seq: 1496727281; 
1750587301662,1750587301662,0,1,3,1,TMPing,type: ptPONG; seq: 1496727281; ,type: ptPONG; seq: 1496727281; 
1750587301708,1750587301708,0,1,3,1,TMPing,type: ptPING; seq: 126660463; ,type: ptPING; seq: 126660463; 
1750587301709,1750587301709,0,1,1,3,TMPing,type: ptPONG; seq: 126660463; ,type: ptPONG; seq: 126660463; 
1750587301756,1750587301756,0,1,1,4,TMPing,type: ptPING; seq: 1627148167; ,type: ptPING; seq: 1627148167; 
1750587301757,1750587301757,0,1,4,1,TMPing,type: ptPONG; seq: 1627148167; ,type: ptPONG; seq: 1627148167; 
1750587301764,1750587301764,0,1,4,1,TMProposeSet,"proposeSeq: 0; currentTxHash: ""\000\000\000\000\000\000\000\000\000\000\000\000\000\000\000\000\000\000\000\000\000\000\000\000\000\000\000\000\000\000\000\000""; nodePubKey: ""\003.\200\224\215?)t\306\315\242\313\251\255\302\204=\232.\271%}\013\024s\024\002@\216l""\241F""; closeTime: 803902501; signature: ""0E\002!\000\373\305,\005\210\r\320\217\226\272\267\226\246\3375\322P\224\200\210\223+\364l\311F\306/9\227\034i\002 U\375c8\307A\241\345@\3021\031\022\276\351!\277\325\375\006\366l\362-\303\376\215\340\3109b\200""; previousledger: ""\304J\342j\272\270\274\360\307\356\347\200Ywm#\014\233\301\022L\232T\033N\341\232\325\233\227\313\307""; ","proposeSeq: 0; currentTxHash: ""\000\000\000\000\000\000\000\000\000\000\000\000\000\000\000\000\000\000\000\000\000\000\000\000\000\000\000\000\000\000\000\000""; nodePubKey: ""\003.\200\224\215?)t\306\315\242\313\251\255\302\204=\232.\271%}\013\024s\024\002@\216l""\241F""; closeTime: 803902501; signature: ""0E\002!\000\373\305,\005\210\r\320\217\226\272\267\226\246\3375\322P\224\200\210\223+\364l\311F\306/9\227\034i\002 U\375c8\307A\241\345@\3021\031\022\276\351!\277\325\375\006\366l\362-\303\376\215\340\3109b\200""; previousledger: ""\304J\342j\272\270\274\360\307\356\347\200Ywm#\014\233\301\022L\232T\033N\341\232\325\233\227\313\307""; "
1750587301766,1750587301766,0,1,4,3,TMProposeSet,"proposeSeq: 0; currentTxHash: ""\000\000\000\000\000\000\000\000\000\000\000\000\000\000\000\000\000\000\000\000\000\000\000\000\000\000\000\000\000\000\000\000""; nodePubKey: ""\003.\200\224\215?)t\306\315\242\313\251\255\302\204=\232.\271%}\013\024s\024\002@\216l""\241F""; closeTime: 803902501; signature: ""0E\002!\000\373\305,\005\210\r\320\217\226\272\267\226\246\3375\322P\224\200\210\223+\364l\311F\306/9\227\034i\002 U\375c8\307A\241\345@\3021\031\022\276\351!\277\325\375\006\366l\362-\303\376\215\340\3109b\200""; previousledger: ""\304J\342j\272\270\274\360\307\356\347\200Ywm#\014\233\301\022L\232T\033N\341\232\325\233\227\313\307""; ","proposeSeq: 0; currentTxHash: ""\000\000\000\000\000\000\000\000\000\000\000\000\000\000\000\000\000\000\000\000\000\000\000\000\000\000\000\000\000\000\000\000""; nodePubKey: ""\003.\200\224\215?)t\306\315\242\313\251\255\302\204=\232.\271%}\013\024s\024\002@\216l""\241F""; closeTime: 803902501; signature: ""0E\002!\000\373\305,\005\210\r\320\217\226\272\267\226\246\3375\322P\224\200\210\223+\364l\311F\306/9\227\034i\002 U\375c8\307A\241\345@\3021\031\022\276\351!\277\325\375\006\366l\362-\303\376\215\340\3109b\200""; previousledger: ""\304J\342j\272\270\274\360\307\356\347\200Ywm#\014\233\301\022L\232T\033N\341\232\325\233\227\313\307""; "
1750587301765,1750587301765,0,1,4,2,TMProposeSet,"proposeSeq: 0; currentTxHash: ""\000\000\000\000\000\000\000\000\000\000\000\000\000\000\000\000\000\000\000\000\000\000\000\000\000\000\000\000\000\000\000\000""; nodePubKey: ""\003.\200\224\215?)t\306\315\242\313\251\255\302\204=\232.\271%}\013\024s\024\002@\216l""\241F""; closeTime: 803902501; signature: ""0E\002!\000\373\305,\005\210\r\320\217\226\272\267\226\246\3375\322P\224\200\210\223+\364l\311F\306/9\227\034i\002 U\375c8\307A\241\345@\3021\031\022\276\351!\277\325\375\006\366l\362-\303\376\215\340\3109b\200""; previousledger: ""\304J\342j\272\270\274\360\307\356\347\200Ywm#\014\233\301\022L\232T\033N\341\232\325\233\227\313\307""; ","proposeSeq: 0; currentTxHash: ""\000\000\000\000\000\000\000\000\000\000\000\000\000\000\000\000\000\000\000\000\000\000\000\000\000\000\000\000\000\000\000\000""; nodePubKey: ""\003.\200\224\215?)t\306\315\242\313\251\255\302\204=\232.\271%}\013\024s\024\002@\216l""\241F""; closeTime: 803902501; signature: ""0E\002!\000\373\305,\005\210\r\320\217\226\272\267\226\246\3375\322P\224\200\210\223+\364l\311F\306/9\227\034i\002 U\375c8\307A\241\345@\3021\031\022\276\351!\277\325\375\006\366l\362-\303\376\215\340\3109b\200""; previousledger: ""\304J\342j\272\270\274\360\307\356\347\200Ywm#\014\233\301\022L\232T\033N\341\232\325\233\227\313\307""; "
1750587301768,1750587301768,0,1,1,0,TMProposeSet,"proposeSeq: 0; currentTxHash: ""\000\000\000\000\000\000\000\000\000\000\000\000\000\000\000\000\000\000\000\000\000\000\000\000\000\000\000\000\000\000\000\000""; nodePubKey: ""\003.\200\224\215?)t\306\315\242\313\251\255\302\204=\232.\271%}\013\024s\024\002@\216l""\241F""; closeTime: 803902501; signature: ""0E\002!\000\373\305,\005\210\r\320\217\226\272\267\226\246\3375\322P\224\200\210\223+\364l\311F\306/9\227\034i\002 U\375c8\307A\241\345@\3021\031\022\276\351!\277\325\375\006\366l\362-\303\376\215\340\3109b\200""; previousledger: ""\304J\342j\272\270\274\360\307\356\347\200Ywm#\014\233\301\022L\232T\033N\341\232\325\233\227\313\307""; ","proposeSeq: 0; currentTxHash: ""\000\000\000\000\000\000\000\000\000\000\000\000\000\000\000\000\000\000\000\000\000\000\000\000\000\000\000\000\000\000\000\000""; nodePubKey: ""\003.\200\224\215?)t\306\315\242\313\251\255\302\204=\232.\271%}\013\024s\024\002@\216l""\241F""; closeTime: 803902501; signature: ""0E\002!\000\373\305,\005\210\r\320\217\226\272\267\226\246\3375\322P\224\200\210\223+\364l\311F\306/9\227\034i\002 U\375c8\307A\241\345@\3021\031\022\276\351!\277\325\375\006\366l\362-\303\376\215\340\3109b\200""; previousledger: ""\304J\342j\272\270\274\360\307\356\347\200Ywm#\014\233\301\022L\232T\033N\341\232\325\233\227\313\307""; "
1750587301767,1750587301768,0,1,1,2,TMProposeSet,"proposeSeq: 0; currentTxHash: ""\000\000\000\000\000\000\000\000\000\000\000\000\000\000\000\000\000\000\000\000\000\000\000\000\000\000\000\000\000\000\000\000""; nodePubKey: ""\003.\200\224\215?)t\306\315\242\313\251\255\302\204=\232.\271%}\013\024s\024\002@\216l""\241F""; closeTime: 803902501; signature: ""0E\002!\000\373\305,\005\210\r\320\217\226\272\267\226\246\3375\322P\224\200\210\223+\364l\311F\306/9\227\034i\002 U\375c8\307A\241\345@\3021\031\022\276\351!\277\325\375\006\366l\362-\303\376\215\340\3109b\200""; previousledger: ""\304J\342j\272\270\274\360\307\356\347\200Ywm#\014\233\301\022L\232T\033N\341\232\325\233\227\313\307""; ","proposeSeq: 0; currentTxHash: ""\000\000\000\000\000\000\000\000\000\000\000\000\000\000\000\000\000\000\000\000\000\000\000\000\000\000\000\000\000\000\000\000""; nodePubKey: ""\003.\200\224\215?)t\306\315\242\313\251\255\302\204=\232.\271%}\013\024s\024\002@\216l""\241F""; closeTime: 803902501; signature: ""0E\002!\000\373\305,\005\210\r\320\217\226\272\267\226\246\3375\322P\224\200\210\223+\364l\311F\306/9\227\034i\002 U\375c8\307A\241\345@\3021\031\022\276\351!\277\325\375\006\366l\362-\303\376\215\340\3109b\200""; previousledger: ""\304J\342j\272\270\274\360\307\356\347\200Ywm#\014\233\301\022L\232T\033N\341\232\325\233\227\313\307""; "
1750587301767,1750587301767,0,1,1,3,TMProposeSet,"proposeSeq: 0; currentTxHash: ""\000\000\000\000\000\000\000\000\000\000\000\000\000\000\000\000\000\000\000\000\000\000\000\000\000\000\000\000\000\000\000\000""; nodePubKey: ""\003.\200\224\215?)t\306\315\242\313\251\255\302\204=\232.\271%}\013\024s\024\002@\216l""\241F""; closeTime: 803902501; signature: ""0E\002!\000\373\305,\005\210\r\320\217\226\272\267\226\246\3375\322P\224\200\210\223+\364l\311F\306/9\227\034i\002 U\375c8\307A\241\345@\3021\031\022\276\351!\277\325\375\006\366l\362-\303\376\215\340\3109b\200""; previousledger: ""\304J\342j\272\270\274\360\307\356\347\200Ywm#\014\233\301\022L\232T\033N\341\232\325\233\227\313\307""; ","proposeSeq: 0; currentTxHash: ""\000\000\000\000\000\000\000\000\000\000\000\000\000\000\000\000\000\000\000\000\000\000\000\000\000\000\000\000\000\000\000\000""; nodePubKey: ""\003.\200\224\215?)t\306\315\242\313\251\255\302\204=\232.\271%}\013\024s\024\002@\216l""\241F""; closeTime: 803902501; signature: ""0E\002!\000\373\305,\005\210\r\320\217\226\272\267\226\246\3375\322P\224\200\210\223+\364l\311F\306/9\227\034i\002 U\375c8\307A\241\345@\3021\031\022\276\351!\277\325\375\006\366l\362-\303\376\215\340\3109b\200""; previousledger: ""\304J\342j\272\270\274\360\307\356\347\200Ywm#\014\233\301\022L\232T\033N\341\232\325\233\227\313\307""; "
1750587301769,1750587301769,0,1,3,0,TMProposeSet,"proposeSeq: 0; currentTxHash: ""\000\000\000\000\000\000\000\000\000\000\000\000\000\000\000\000\000\000\000\000\000\000\000\000\000\000\000\000\000\000\000\000""; nodePubKey: ""\003.\200\224\215?)t\306\315\242\313\251\255\302\204=\232.\271%}\013\024s\024\002@\216l""\241F""; closeTime: 803902501; signature: ""0E\002!\000\373\305,\005\210\r\320\217\226\272\267\226\246\3375\322P\224\200\210\223+\364l\311F\306/9\227\034i\002 U\375c8\307A\241\345@\3021\031\022\276\351!\277\325\375\006\366l\362-\303\376\215\340\3109b\200""; previousledger: ""\304J\342j\272\270\274\360\307\356\347\200Ywm#\014\233\301\022L\232T\033N\341\232\325\233\227\313\307""; ","proposeSeq: 0; currentTxHash: ""\000\000\000\000\000\000\000\000\000\000\000\000\000\000\000\000\000\000\000\000\000\000\000\000\000\000\000\000\000\000\000\000""; nodePubKey: ""\003.\200\224\215?)t\306\315\242\313\251\255\302\204=\232.\271%}\013\024s\024\002@\216l""\241F""; closeTime: 803902501; signature: ""0E\002!\000\373\305,\005\210\r\320\217\226\272\267\226\246\3375\322P\224\200\210\223+\364l\311F\306/9\227\034i\002 U\375c8\307A\241\345@\3021\031\022\276\351!\277\325\375\006\366l\362-\303\376\215\340\3109b\200""; previousledger: ""\304J\342j\272\270\274\360\307\356\347\200Ywm#\014\233\301\022L\232T\033N\341\232\325\233\227\313\307""; "
1750587301769,1750587301770,0,1,3,1,TMProposeSet,"proposeSeq: 0; currentTxHash: ""\000\000\000\000\000\000\000\000\000\000\000\000\000\000\000\000\000\000\000\000\000\000\000\000\000\000\000\000\000\000\000\000""; nodePubKey: ""\003.\200\224\215?)t\306\315\242\313\251\255\302\204=\232.\271%}\013\024s\024\002@\216l""\241F""; closeTime: 803902501; signature: ""0E\002!\000\373\305,\005\210\r\320\217\226\272\267\226\246\3375\322P\224\200\210\223+\364l\311F\306/9\227\034i\002 U\375c8\307A\241\345@\3021\031\022\276\351!\277\325\375\006\366l\362-\303\376\215\340\3109b\200""; previousledger: ""\304J\342j\272\270\274\360\307\356\347\200Ywm#\014\233\301\022L\232T\033N\341\232\325\233\227\313\307""; ","proposeSeq: 0; currentTxHash: ""\000\000\000\000\000\000\000\000\000\000\000\000\000\000\000\000\000\000\000\000\000\000\000\000\000\000\000\000\000\000\000\000""; nodePubKey: ""\003.\200\224\215?)t\306\315\242\313\251\255\302\204=\232.\271%}\013\024s\024\002@\216l""\241F""; closeTime: 803902501; signature: ""0E\002!\000\373\305,\005\210\r\320\217\226\272\267\226\246\3375\322P\224\200\210\223+\364l\311F\306/9\227\034i\002 U\375c8\307A\241\345@\3021\031\022\276\351!\277\325\375\006\366l\362-\303\376\215\340\3109b\200""; previousledger: ""\304J\342j\272\270\274\360\307\356\347\200Ywm#\014\233\301\022L\232T\033N\341\232\325\233\227\313\307""; "
1750587301768,1750587301769,0,1,3,2,TMProposeSet,"proposeSeq: 0; currentTxHash: ""\000\000\000\000\000\000\000\000\000\000\000\000\000\000\000\000\000\000\000\000\000\000\000\000\000\000\000\000\000\000\000\000""; nodePubKey: ""\003.\200\224\215?)t\306\315\242\313\251\255\302\204=\232.\271%}\013\024s\024\002@\216l""\241F""; closeTime: 803902501; signature: ""0E\002!\000\373\305,\005\210\r\320\217\226\272\267\226\246\3375\322P\224\200\210\223+\364l\311F\306/9\227\034i\002 U\375c8\307A\241\345@\3021\031\022\276\351!\277\325\375\006\366l\362-\303\376\215\340\3109b\200""; previousledger: ""\304J\342j\272\270\274\360\307\356\347\200Ywm#\014\233\301\022L\232T\033N\341\232\325\233\227\313\307""; ","proposeSeq: 0; currentTxHash: ""\000\000\000\000\000\000\000\000\000\000\000\000\000\000\000\000\000\000\000\000\000\000\000\000\000\000\000\000\000\000\000\000""; nodePubKey: ""\003.\200\224\215?)t\306\315\242\313\251\255\302\204=\232.\271%}\013\024s\024\002@\216l""\241F""; closeTime: 803902501; signature: ""0E\002!\000\373\305,\005\210\r\320\217\226\272\267\226\246\3375\322P\224\200\210\223+\364l\311F\306/9\227\034i\002 U\375c8\307A\241\345@\3021\031\022\276\351!\277\325\375\006\366l\362-\303\376\215\340\3109b\200""; previousledger: ""\304J\342j\272\270\274\360\307\356\347\200Ywm#\014\233\301\022L\232T\033N\341\232\325\233\227\313\307""; "
1750587301770,1750587301770,0,1,2,3,TMProposeSet,"proposeSeq: 0; currentTxHash: ""\000\000\000\000\000\000\000\000\000\000\000\000\000\000\000\000\000\000\000\000\000\000\000\000\000\000\000\000\000\000\000\000""; nodePubKey: ""\003.\200\224\215?)t\306\315\242\313\251\255\302\204=\232.\271%}\013\024s\024\002@\216l""\241F""; closeTime: 803902501; signature: ""0E\002!\000\373\305,\005\210\r\320\217\226\272\267\226\246\3375\322P\224\200\210\223+\364l\311F\306/9\227\034i\002 U\375c8\307A\241\345@\3021\031\022\276\351!\277\325\375\006\366l\362-\303\376\215\340\3109b\200""; previousledger: ""\304J\342j\272\270\274\360\307\356\347\200Ywm#\014\233\301\022L\232T\033N\341\232\325\233\227\313\307""; ","proposeSeq: 0; currentTxHash: ""\000\000\000\000\000\000\000\000\000\000\000\000\000\000\000\000\000\000\000\000\000\000\000\000\000\000\000\000\000\000\000\000""; nodePubKey: ""\003.\200\224\215?)t\306\315\242\313\251\255\302\204=\232.\271%}\013\024s\024\002@\216l""\241F""; closeTime: 803902501; signature: ""0E\002!\000\373\305,\005\210\r\320\217\226\272\267\226\246\3375\322P\224\200\210\223+\364l\311F\306/9\227\034i\002 U\375c8\307A\241\345@\3021\031\022\276\351!\277\325\375\006\366l\362-\303\376\215\340\3109b\200""; previousledger: ""\304J\342j\272\270\274\360\307\356\347\200Ywm#\014\233\301\022L\232T\033N\341\232\325\233\227\313\307""; "
1750587301770,1750587301770,0,1,2,1,TMProposeSet,"proposeSeq: 0; currentTxHash: ""\000\000\000\000\000\000\000\000\000\000\000\000\000\000\000\000\000\000\000\000\000\000\000\000\000\000\000\000\000\000\000\000""; nodePubKey: ""\003.\200\224\215?)t\306\315\242\313\251\255\302\204=\232.\271%}\013\024s\024\002@\216l""\241F""; closeTime: 803902501; signature: ""0E\002!\000\373\305,\005\210\r\320\217\226\272\267\226\246\3375\322P\224\200\210\223+\364l\311F\306/9\227\034i\002 U\375c8\307A\241\345@\3021\031\022\276\351!\277\325\375\006\366l\362-\303\376\215\340\3109b\200""; previousledger: ""\304J\342j\272\270\274\360\307\356\347\200Ywm#\014\233\301\022L\232T\033N\341\232\325\233\227\313\307""; ","proposeSeq: 0; currentTxHash: ""\000\000\000\000\000\000\000\000\000\000\000\000\000\000\000\000\000\000\000\000\000\000\000\000\000\000\000\000\000\000\000\000""; nodePubKey: ""\003.\200\224\215?)t\306\315\242\313\251\255\302\204=\232.\271%}\013\024s\024\002@\216l""\241F""; closeTime: 803902501; signature: ""0E\002!\000\373\305,\005\210\r\320\217\226\272\267\226\246\3375\322P\224\200\210\223+\364l\311F\306/9\227\034i\002 U\375c8\307A\241\345@\3021\031\022\276\351!\277\325\375\006\366l\362-\303\376\215\340\3109b\200""; previousledger: ""\304J\342j\272\270\274\360\307\356\347\200Ywm#\014\233\301\022L\232T\033N\341\232\325\233\227\313\307""; "
1750587301771,1750587301771,0,1,2,0,TMProposeSet,"proposeSeq: 0; currentTxHash: ""\000\000\000\000\000\000\000\000\000\000\000\000\000\000\000\000\000\000\000\000\000\000\000\000\000\000\000\000\000\000\000\000""; nodePubKey: ""\003.\200\224\215?)t\306\315\242\313\251\255\302\204=\232.\271%}\013\024s\024\002@\216l""\241F""; closeTime: 803902501; signature: ""0E\002!\000\373\305,\005\210\r\320\217\226\272\267\226\246\3375\322P\224\200\210\223+\364l\311F\306/9\227\034i\002 U\375c8\307A\241\345@\3021\031\022\276\351!\277\325\375\006\366l\362-\303\376\215\340\3109b\200""; previousledger: ""\304J\342j\272\270\274\360\307\356\347\200Ywm#\014\233\301\022L\232T\033N\341\232\325\233\227\313\307""; ","proposeSeq: 0; currentTxHash: ""\000\000\000\000\000\000\000\000\000\000\000\000\000\000\000\000\000\000\000\000\000\000\000\000\000\000\000\000\000\000\000\000""; nodePubKey: ""\003.\200\224\215?)t\306\315\242\313\251\255\302\204=\232.\271%}\013\024s\024\002@\216l""\241F""; closeTime: 803902501; signature: ""0E\002!\000\373\305,\005\210\r\320\217\226\272\267\226\246\3375\322P\224\200\210\223+\364l\311F\306/9\227\034i\002 U\375c8\307A\241\345@\3021\031\022\276\351!\277\325\375\006\366l\362-\303\376\215\340\3109b\200""; previousledger: ""\304J\342j\272\270\274\360\307\356\347\200Ywm#\014\233\301\022L\232T\033N\341\232\325\233\227\313\307""; "
1750587301771,1750587301771,0,1,0,4,TMProposeSet,"proposeSeq: 0; currentTxHash: ""\000\000\000\000\000\000\000\000\000\000\000\000\000\000\000\000\000\000\000\000\000\000\000\000\000\000\000\000\000\000\000\000""; nodePubKey: ""\003.\200\224\215?)t\306\315\242\313\251\255\302\204=\232.\271%}\013\024s\024\002@\216l""\241F""; closeTime: 803902501; signature: ""0E\002!\000\373\305,\005\210\r\320\217\226\272\267\226\246\3375\322P\224\200\210\223+\364l\311F\306/9\227\034i\002 U\375c8\307A\241\345@\3021\031\022\276\351!\277\325\375\006\366l\362-\303\376\215\340\3109b\200""; previousledger: ""\304J\342j\272\270\274\360\307\356\347\200Ywm#\014\233\301\022L\232T\033N\341\232\325\233\227\313\307""; ","proposeSeq: 0; currentTxHash: ""\000\000\000\000\000\000\000\000\000\000\000\000\000\000\000\000\000\000\000\000\000\000\000\000\000\000\000\000\000\000\000\000""; nodePubKey: ""\003.\200\224\215?)t\306\315\242\313\251\255\302\204=\232.\271%}\013\024s\024\002@\216l""\241F""; closeTime: 803902501; signature: ""0E\002!\000\373\305,\005\210\r\320\217\226\272\267\226\246\3375\322P\224\200\210\223+\364l\311F\306/9\227\034i\002 U\375c8\307A\241\345@\3021\031\022\276\351!\277\325\375\006\366l\362-\303\376\215\340\3109b\200""; previousledger: ""\304J\342j\272\270\274\360\307\356\347\200Ywm#\014\233\301\022L\232T\033N\341\232\325\233\227\313\307""; "
1750587301772,1750587301772,0,1,0,3,TMProposeSet,"proposeSeq: 0; currentTxHash: ""\000\000\000\000\000\000\000\000\000\000\000\000\000\000\000\000\000\000\000\000\000\000\000\000\000\000\000\000\000\000\000\000""; nodePubKey: ""\003.\200\224\215?)t\306\315\242\313\251\255\302\204=\232.\271%}\013\024s\024\002@\216l""\241F""; closeTime: 803902501; signature: ""0E\002!\000\373\305,\005\210\r\320\217\226\272\267\226\246\3375\322P\224\200\210\223+\364l\311F\306/9\227\034i\002 U\375c8\307A\241\345@\3021\031\022\276\351!\277\325\375\006\366l\362-\303\376\215\340\3109b\200""; previousledger: ""\304J\342j\272\270\274\360\307\356\347\200Ywm#\014\233\301\022L\232T\033N\341\232\325\233\227\313\307""; ","proposeSeq: 0; currentTxHash: ""\000\000\000\000\000\000\000\000\000\000\000\000\000\000\000\000\000\000\000\000\000\000\000\000\000\000\000\000\000\000\000\000""; nodePubKey: ""\003.\200\224\215?)t\306\315\242\313\251\255\302\204=\232.\271%}\013\024s\024\002@\216l""\241F""; closeTime: 803902501; signature: ""0E\002!\000\373\305,\005\210\r\320\217\226\272\267\226\246\3375\322P\224\200\210\223+\364l\311F\306/9\227\034i\002 U\375c8\307A\241\345@\3021\031\022\276\351!\277\325\375\006\366l\362-\303\376\215\340\3109b\200""; previousledger: ""\304J\342j\272\270\274\360\307\356\347\200Ywm#\014\233\301\022L\232T\033N\341\232\325\233\227\313\307""; "
1750587301772,1750587301772,0,1,0,2,TMProposeSet,"proposeSeq: 0; currentTxHash: ""\000\000\000\000\000\000\000\000\000\000\000\000\000\000\000\000\000\000\000\000\000\000\000\000\000\000\000\000\000\000\000\000""; nodePubKey: ""\003.\200\224\215?)t\306\315\242\313\251\255\302\204=\232.\271%}\013\024s\024\002@\216l""\241F""; closeTime: 803902501; signature: ""0E\002!\000\373\305,\005\210\r\320\217\226\272\267\226\246\3375\322P\224\200\210\223+\364l\311F\306/9\227\034i\002 U\375c8\307A\241\345@\3021\031\022\276\351!\277\325\375\006\366l\362-\303\376\215\340\3109b\200""; previousledger: ""\304J\342j\272\270\274\360\307\356\347\200Ywm#\014\233\301\022L\232T\033N\341\232\325\233\227\313\307""; ","proposeSeq: 0; currentTxHash: ""\000\000\000\000\000\000\000\000\000\000\000\000\000\000\000\000\000\000\000\000\000\000\000\000\000\000\000\000\000\000\000\000""; nodePubKey: ""\003.\200\224\215?)t\306\315\242\313\251\255\302\204=\232.\271%}\013\024s\024\002@\216l""\241F""; closeTime: 803902501; signature: ""0E\002!\000\373\305,\005\210\r\320\217\226\272\267\226\246\3375\322P\224\200\210\223+\364l\311F\306/9\227\034i\002 U\375c8\307A\241\345@\3021\031\022\276\351!\277\325\375\006\366l\362-\303\376\215\340\3109b\200""; previousledger: ""\304J\342j\272\270\274\360\307\356\347\200Ywm#\014\233\301\022L\232T\033N\341\232\325\233\227\313\307""; "
1750587301773,1750587301773,0,1,4,0,TMProposeSet,"proposeSeq: 0; currentTxHash: ""\000\000\000\000\000\000\000\000\000\000\000\000\000\000\000\000\000\000\000\000\000\000\000\000\000\000\000\000\000\000\000\000""; nodePubKey: ""\003.\200\224\215?)t\306\315\242\313\251\255\302\204=\232.\271%}\013\024s\024\002@\216l""\241F""; closeTime: 803902501; signature: ""0E\002!\000\373\305,\005\210\r\320\217\226\272\267\226\246\3375\322P\224\200\210\223+\364l\311F\306/9\227\034i\002 U\375c8\307A\241\345@\3021\031\022\276\351!\277\325\375\006\366l\362-\303\376\215\340\3109b\200""; previousledger: ""\304J\342j\272\270\274\360\307\356\347\200Ywm#\014\233\301\022L\232T\033N\341\232\325\233\227\313\307""; ","proposeSeq: 0; currentTxHash: ""\000\000\000\000\000\000\000\000\000\000\000\000\000\000\000\000\000\000\000\000\000\000\000\000\000\000\000\000\000\000\000\000""; nodePubKey: ""\003.\200\224\215?)t\306\315\242\313\251\255\302\204=\232.\271%}\013\024s\024\002@\216l""\241F""; closeTime: 803902501; signature: ""0E\002!\000\373\305,\005\210\r\320\217\226\272\267\226\246\3375\322P\224\200\210\223+\364l\311F\306/9\227\034i\002 U\375c8\307A\241\345@\3021\031\022\276\351!\277\325\375\006\366l\362-\303\376\215\340\3109b\200""; previousledger: ""\304J\342j\272\270\274\360\307\356\347\200Ywm#\014\233\301\022L\232T\033N\341\232\325\233\227\313\307""; "
1750587301764,1750587301803,0,1,4,2,TMStatusChange,"newEvent: neCLOSING_LEDGER; ledgerSeq: 12; ledgerHash: ""\304J\342j\272\270\274\360\307\356\347\200Ywm#\014\233\301\022L\232T\033N\341\232\325\233\227\313\307""; ledgerHashPrevious: ""L\324\236aQ\361\020X\372\353 3\347\310*\253\021gT!>\003\325\254,\003\367\204\031\331\255\240""; networkTime: 803902501; firstSeq: 1; lastSeq: 12; ","newEvent: neCLOSING_LEDGER; ledgerSeq: 12; ledgerHash: ""\304J\342j\272\270\274\360\307\356\347\200Ywm#\014\233\301\022L\232T\033N\341\232\325\233\227\313\307""; ledgerHashPrevious: ""L\324\236aQ\361\020X\372\353 3\347\310*\253\021gT!>\003\325\254,\003\367\204\031\331\255\240""; networkTime: 803902501; firstSeq: 1; lastSeq: 12; "
1750587301766,1750587301804,0,1,4,1,TMStatusChange,"newEvent: neCLOSING_LEDGER; ledgerSeq: 12; ledgerHash: ""\304J\342j\272\270\274\360\307\356\347\200Ywm#\014\233\301\022L\232T\033N\341\232\325\233\227\313\307""; ledgerHashPrevious: ""L\324\236aQ\361\020X\372\353 3\347\310*\253\021gT!>\003\325\254,\003\367\204\031\331\255\240""; networkTime: 803902501; firstSeq: 1; lastSeq: 12; ","newEvent: neCLOSING_LEDGER; ledgerSeq: 12; ledgerHash: ""\304J\342j\272\270\274\360\307\356\347\200Ywm#\014\233\301\022L\232T\033N\341\232\325\233\227\313\307""; ledgerHashPrevious: ""L\324\236aQ\361\020X\372\353 3\347\310*\253\021gT!>\003\325\254,\003\367\204\031\331\255\240""; networkTime: 803902501; firstSeq: 1; lastSeq: 12; "
1750587301766,1750587301804,0,1,4,0,TMStatusChange,"newEvent: neCLOSING_LEDGER; ledgerSeq: 12; ledgerHash: ""\304J\342j\272\270\274\360\307\356\347\200Ywm#\014\233\301\022L\232T\033N\341\232\325\233\227\313\307""; ledgerHashPrevious: ""L\324\236aQ\361\020X\372\353 3\347\310*\253\021gT!>\003\325\254,\003\367\204\031\331\255\240""; networkTime: 803902501; firstSeq: 1; lastSeq: 12; ","newEvent: neCLOSING_LEDGER; ledgerSeq: 12; ledgerHash: ""\304J\342j\272\270\274\360\307\356\347\200Ywm#\014\233\301\022L\232T\033N\341\232\325\233\227\313\307""; ledgerHashPrevious: ""L\324\236aQ\361\020X\372\353 3\347\310*\253\021gT!>\003\325\254,\003\367\204\031\331\255\240""; networkTime: 803902501; firstSeq: 1; lastSeq: 12; "
1750587301766,1750587301804,0,1,4,3,TMStatusChange,"newEvent: neCLOSING_LEDGER; ledgerSeq: 12; ledgerHash: ""\304J\342j\272\270\274\360\307\356\347\200Ywm#\014\233\301\022L\232T\033N\341\232\325\233\227\313\307""; ledgerHashPrevious: ""L\324\236aQ\361\020X\372\353 3\347\310*\253\021gT!>\003\325\254,\003\367\204\031\331\255\240""; networkTime: 803902501; firstSeq: 1; lastSeq: 12; ","newEvent: neCLOSING_LEDGER; ledgerSeq: 12; ledgerHash: ""\304J\342j\272\270\274\360\307\356\347\200Ywm#\014\233\301\022L\232T\033N\341\232\325\233\227\313\307""; ledgerHashPrevious: ""L\324\236aQ\361\020X\372\353 3\347\310*\253\021gT!>\003\325\254,\003\367\204\031\331\255\240""; networkTime: 803902501; firstSeq: 1; lastSeq: 12; "
1750587301805,1750587301805,0,1,4,1,TMPing,type: ptPING; seq: 726167849; ,type: ptPING; seq: 726167849; 
1750587301809,1750587301809,0,1,1,4,TMPing,type: ptPONG; seq: 726167849; ,type: ptPONG; seq: 726167849; 
1750587301851,1750587301851,0,1,2,3,TMPing,type: ptPING; seq: 3689198268; ,type: ptPING; seq: 3689198268; 
1750587301852,1750587301852,0,1,3,2,TMPing,type: ptPONG; seq: 3689198268; ,type: ptPONG; seq: 3689198268; 
1750587301899,1750587301899,0,1,3,2,TMPing,type: ptPING; seq: 2760756195; ,type: ptPING; seq: 2760756195; 
1750587301900,1750587301900,0,1,2,3,TMPing,type: ptPONG; seq: 2760756195; ,type: ptPONG; seq: 2760756195; 
1750587301904,1750587301904,0,1,2,4,TMPing,type: ptPING; seq: 4158166376; ,type: ptPING; seq: 4158166376; 
1750587301906,1750587301906,0,1,4,2,TMPing,type: ptPONG; seq: 4158166376; ,type: ptPONG; seq: 4158166376; 
1750587301909,1750587301909,0,1,4,2,TMPing,type: ptPING; seq: 3464501120; ,type: ptPING; seq: 3464501120; 
1750587301910,1750587301910,0,1,2,4,TMPing,type: ptPONG; seq: 3464501120; ,type: ptPONG; seq: 3464501120; 
1750587301955,1750587301955,0,1,3,4,TMPing,type: ptPING; seq: 1763229099; ,type: ptPING; seq: 1763229099; 
1750587301956,1750587301956,0,1,4,3,TMPing,type: ptPONG; seq: 1763229099; ,type: ptPONG; seq: 1763229099; 
1750587302003,1750587302004,0,1,4,3,TMPing,type: ptPING; seq: 3515818438; ,type: ptPING; seq: 3515818438; 
1750587302004,1750587302004,0,1,3,4,TMPing,type: ptPONG; seq: 3515818438; ,type: ptPONG; seq: 3515818438; 
1750587302452,1750587302452,0,1,1,3,TMStatusChange,"newEvent: neACCEPTED_LEDGER; ledgerSeq: 13; ledgerHash: ""\302\001\313@D\264\016\334\r\034\035\\276\225\314|\234S*r\007\370x>\305D*\007b\276v\316""; ledgerHashPrevious: ""\304J\342j\272\270\274\360\307\356\347\200Ywm#\014\233\301\022L\232T\033N\341\232\325\233\227\313\307""; networkTime: 803902502; firstSeq: 1; lastSeq: 12; ","newEvent: neACCEPTED_LEDGER; ledgerSeq: 13; ledgerHash: ""\302\001\313@D\264\016\334\r\034\035\\276\225\314|\234S*r\007\370x>\305D*\007b\276v\316""; ledgerHashPrevious: ""\304J\342j\272\270\274\360\307\356\347\200Ywm#\014\233\301\022L\232T\033N\341\232\325\233\227\313\307""; networkTime: 803902502; firstSeq: 1; lastSeq: 12; "
1750587302452,1750587302452,0,1,1,0,TMStatusChange,"newEvent: neACCEPTED_LEDGER; ledgerSeq: 13; ledgerHash: ""\302\001\313@D\264\016\334\r\034\035\\276\225\314|\234S*r\007\370x>\305D*\007b\276v\316""; ledgerHashPrevious: ""\304J\342j\272\270\274\360\307\356\347\200Ywm#\014\233\301\022L\232T\033N\341\232\325\233\227\313\307""; networkTime: 803902502; firstSeq: 1; lastSeq: 12; ","newEvent: neACCEPTED_LEDGER; ledgerSeq: 13; ledgerHash: ""\302\001\313@D\264\016\334\r\034\035\\276\225\314|\234S*r\007\370x>\305D*\007b\276v\316""; ledgerHashPrevious: ""\304J\342j\272\270\274\360\307\356\347\200Ywm#\014\233\301\022L\232T\033N\341\232\325\233\227\313\307""; networkTime: 803902502; firstSeq: 1; lastSeq: 12; "
1750587302452,1750587302453,0,1,1,0,TMValidation,"validation: """"\200\000\000\001&\000\000\000\r)/\352\224&:?HT\314/\177\320^Q\302\001\313@D\264\016\334\r\034\035\\276\225\314|\234S*r\007\370x>\305D*\007b\276v\316P\027\000\000\000\000\000\000\000\000\000\000\000\000\000\000\000\000\000\000\000\000\000\000\000\000\000\000\000\000\000\000\000\000P\031\304J\342j\272\270\274\360\307\356\347\200Ywm#\014\233\301\022L\232T\033N\341\232\325\233\227\313\307s!\003\343\005\311u\203\370\0338\3174\324\010\006\301\251\177\261\304eOX\262)FA-\022r\263wm\024vG0E\002!\000\325\304\207\266~\254f\337\347\320\020\023N\363\220\033x9\025\220Y\370-\271\\276\266&"">p\356\002 \005k\023\253\330F\242j\215\\266SI\302\026\213z\325\255\314K\262\023\2072\230\320H!Kt+""; ","validation: """"\200\000\000\001&\000\000\000\r)/\352\224&:?HT\314/\177\320^Q\302\001\313@D\264\016\334\r\034\035\\276\225\314|\234S*r\007\370x>\305D*\007b\276v\316P\027\000\000\000\000\000\000\000\000\000\000\000\000\000\000\000\000\000\000\000\000\000\000\000\000\000\000\000\000\000\000\000\000P\031\304J\342j\272\270\274\360\307\356\347\200Ywm#\014\233\301\022L\232T\033N\341\232\325\233\227\313\307s!\003\343\005\311u\203\370\0338\3174\324\010\006\301\251\177\261\304eOX\262)FA-\022r\263wm\024vG0E\002!\000\325\304\207\266~\254f\337\347\320\020\023N\363\220\033x9\025\220Y\370-\271\\276\266&"">p\356\002 \005k\023\253\330F\242j\215\\266SI\302\026\213z\325\255\314K\262\023\2072\230\320H!Kt+""; "
1750587302453,1750587302453,0,1,1,4,TMStatusChange,"newEvent: neACCEPTED_LEDGER; ledgerSeq: 13; ledgerHash: ""\302\001\313@D\264\016\334\r\034\035\\276\225\314|\234S*r\007\370x>\305D*\007b\276v\316""; ledgerHashPrevious: ""\304J\342j\272\270\274\360\307\356\347\200Ywm#\014\233\301\022L\232T\033N\341\232\325\233\227\313\307""; networkTime: 803902502; firstSeq: 1; lastSeq: 12; ","newEvent: neACCEPTED_LEDGER; ledgerSeq: 13; ledgerHash: ""\302\001\313@D\264\016\334\r\034\035\\276\225\314|\234S*r\007\370x>\305D*\007b\276v\316""; ledgerHashPrevious: ""\304J\342j\272\270\274\360\307\356\347\200Ywm#\014\233\301\022L\232T\033N\341\232\325\233\227\313\307""; networkTime: 803902502; firstSeq: 1; lastSeq: 12; "
1750587302453,1750587302453,0,1,1,4,TMValidation,"validation: """"\200\000\000\001&\000\000\000\r)/\352\224&:?HT\314/\177\320^Q\302\001\313@D\264\016\334\r\034\035\\276\225\314|\234S*r\007\370x>\305D*\007b\276v\316P\027\000\000\000\000\000\000\000\000\000\000\000\000\000\000\000\000\000\000\000\000\000\000\000\000\000\000\000\000\000\000\000\000P\031\304J\342j\272\270\274\360\307\356\347\200Ywm#\014\233\301\022L\232T\033N\341\232\325\233\227\313\307s!\003\343\005\311u\203\370\0338\3174\324\010\006\301\251\177\261\304eOX\262)FA-\022r\263wm\024vG0E\002!\000\325\304\207\266~\254f\337\347\320\020\023N\363\220\033x9\025\220Y\370-\271\\276\266&"">p\356\002 \005k\023\253\330F\242j\215\\266SI\302\026\213z\325\255\314K\262\023\2072\230\320H!Kt+""; ","validation: """"\200\000\000\001&\000\000\000\r)/\352\224&:?HT\314/\177\320^Q\302\001\313@D\264\016\334\r\034\035\\276\225\314|\234S*r\007\370x>\305D*\007b\276v\316P\027\000\000\000\000\000\000\000\000\000\000\000\000\000\000\000\000\000\000\000\000\000\000\000\000\000\000\000\000\000\000\000\000P\031\304J\342j\272\270\274\360\307\356\347\200Ywm#\014\233\301\022L\232T\033N\341\232\325\233\227\313\307s!\003\343\005\311u\203\370\0338\3174\324\010\006\301\251\177\261\304eOX\262)FA-\022r\263wm\024vG0E\002!\000\325\304\207\266~\254f\337\347\320\020\023N\363\220\033x9\025\220Y\370-\271\\276\266&"">p\356\002 \005k\023\253\330F\242j\215\\266SI\302\026\213z\325\255\314K\262\023\2072\230\320H!Kt+""; "
1750587302453,1750587302453,0,1,1,2,TMStatusChange,"newEvent: neACCEPTED_LEDGER; ledgerSeq: 13; ledgerHash: ""\302\001\313@D\264\016\334\r\034\035\\276\225\314|\234S*r\007\370x>\305D*\007b\276v\316""; ledgerHashPrevious: ""\304J\342j\272\270\274\360\307\356\347\200Ywm#\014\233\301\022L\232T\033N\341\232\325\233\227\313\307""; networkTime: 803902502; firstSeq: 1; lastSeq: 12; ","newEvent: neACCEPTED_LEDGER; ledgerSeq: 13; ledgerHash: ""\302\001\313@D\264\016\334\r\034\035\\276\225\314|\234S*r\007\370x>\305D*\007b\276v\316""; ledgerHashPrevious: ""\304J\342j\272\270\274\360\307\356\347\200Ywm#\014\233\301\022L\232T\033N\341\232\325\233\227\313\307""; networkTime: 803902502; firstSeq: 1; lastSeq: 12; "
1750587302455,1750587302456,0,1,0,1,TMGetLedger,"itype: liBASE; ledgerHash: ""\302\001\313@D\264\016\334\r\034\035\\276\225\314|\234S*r\007\370x>\305D*\007b\276v\316""; ","itype: liBASE; ledgerHash: ""\302\001\313@D\264\016\334\r\034\035\\276\225\314|\234S*r\007\370x>\305D*\007b\276v\316""; "
1750587302456,1750587302456,0,1,0,4,TMValidation,"validation: """"\200\000\000\001&\000\000\000\r)/\352\224&:?HT\314/\177\320^Q\302\001\313@D\264\016\334\r\034\035\\276\225\314|\234S*r\007\370x>\305D*\007b\276v\316P\027\000\000\000\000\000\000\000\000\000\000\000\000\000\000\000\000\000\000\000\000\000\000\000\000\000\000\000\000\000\000\000\000P\031\304J\342j\272\270\274\360\307\356\347\200Ywm#\014\233\301\022L\232T\033N\341\232\325\233\227\313\307s!\003\343\005\311u\203\370\0338\3174\324\010\006\301\251\177\261\304eOX\262)FA-\022r\263wm\024vG0E\002!\000\325\304\207\266~\254f\337\347\320\020\023N\363\220\033x9\025\220Y\370-\271\\276\266&"">p\356\002 \005k\023\253\330F\242j\215\\266SI\302\026\213z\325\255\314K\262\023\2072\230\320H!Kt+""; ","validation: """"\200\000\000\001&\000\000\000\r)/\352\224&:?HT\314/\177\320^Q\302\001\313@D\264\016\334\r\034\035\\276\225\314|\234S*r\007\370x>\305D*\007b\276v\316P\027\000\000\000\000\000\000\000\000\000\000\000\000\000\000\000\000\000\000\000\000\000\000\000\000\000\000\000\000\000\000\000\000P\031\304J\342j\272\270\274\360\307\356\347\200Ywm#\014\233\301\022L\232T\033N\341\232\325\233\227\313\307s!\003\343\005\311u\203\370\0338\3174\324\010\006\301\251\177\261\304eOX\262)FA-\022r\263wm\024vG0E\002!\000\325\304\207\266~\254f\337\347\320\020\023N\363\220\033x9\025\220Y\370-\271\\276\266&"">p\356\002 \005k\023\253\330F\242j\215\\266SI\302\026\213z\325\255\314K\262\023\2072\230\320H!Kt+""; "
1750587302456,1750587302456,0,1,0,3,TMValidation,"validation: """"\200\000\000\001&\000\000\000\r)/\352\224&:?HT\314/\177\320^Q\302\001\313@D\264\016\334\r\034\035\\276\225\314|\234S*r\007\370x>\305D*\007b\276v\316P\027\000\000\000\000\000\000\000\000\000\000\000\000\000\000\000\000\000\000\000\000\000\000\000\000\000\000\000\000\000\000\000\000P\031\304J\342j\272\270\274\360\307\356\347\200Ywm#\014\233\301\022L\232T\033N\341\232\325\233\227\313\307s!\003\343\005\311u\203\370\0338\3174\324\010\006\301\251\177\261\304eOX\262)FA-\022r\263wm\024vG0E\002!\000\325\304\207\266~\254f\337\347\320\020\023N\363\220\033x9\025\220Y\370-\271\\276\266&"">p\356\002 \005k\023\253\330F\242j\215\\266SI\302\026\213z\325\255\314K\262\023\2072\230\320H!Kt+""; ","validation: """"\200\000\000\001&\000\000\000\r)/\352\224&:?HT\314/\177\320^Q\302\001\313@D\264\016\334\r\034\035\\276\225\314|\234S*r\007\370x>\305D*\007b\276v\316P\027\000\000\000\000\000\000\000\000\000\000\000\000\000\000\000\000\000\000\000\000\000\000\000\000\000\000\000\000\000\000\000\000P\031\304J\342j\272\270\274\360\307\356\347\200Ywm#\014\233\301\022L\232T\033N\341\232\325\233\227\313\307s!\003\343\005\311u\203\370\0338\3174\324\010\006\301\251\177\261\304eOX\262)FA-\022r\263wm\024vG0E\002!\000\325\304\207\266~\254f\337\347\320\020\023N\363\220\033x9\025\220Y\370-\271\\276\266&"">p\356\002 \005k\023\253\330F\242j\215\\266SI\302\026\213z\325\255\314K\262\023\2072\230\320H!Kt+""; "
1750587302457,1750587302457,0,1,0,2,TMValidation,"validation: """"\200\000\000\001&\000\000\000\r)/\352\224&:?HT\314/\177\320^Q\302\001\313@D\264\016\334\r\034\035\\276\225\314|\234S*r\007\370x>\305D*\007b\276v\316P\027\000\000\000\000\000\000\000\000\000\000\000\000\000\000\000\000\000\000\000\000\000\000\000\000\000\000\000\000\000\000\000\000P\031\304J\342j\272\270\274\360\307\356\347\200Ywm#\014\233\301\022L\232T\033N\341\232\325\233\227\313\307s!\003\343\005\311u\203\370\0338\3174\324\010\006\301\251\177\261\304eOX\262)FA-\022r\263wm\024vG0E\002!\000\325\304\207\266~\254f\337\347\320\020\023N\363\220\033x9\025\220Y\370-\271\\276\266&"">p\356\002 \005k\023\253\330F\242j\215\\266SI\302\026\213z\325\255\314K\262\023\2072\230\320H!Kt+""; ","validation: """"\200\000\000\001&\000\000\000\r)/\352\224&:?HT\314/\177\320^Q\302\001\313@D\264\016\334\r\034\035\\276\225\314|\234S*r\007\370x>\305D*\007b\276v\316P\027\000\000\000\000\000\000\000\000\000\000\000\000\000\000\000\000\000\000\000\000\000\000\000\000\000\000\000\000\000\000\000\000P\031\304J\342j\272\270\274\360\307\356\347\200Ywm#\014\233\301\022L\232T\033N\341\232\325\233\227\313\307s!\003\343\005\311u\203\370\0338\3174\324\010\006\301\251\177\261\304eOX\262)FA-\022r\263wm\024vG0E\002!\000\325\304\207\266~\254f\337\347\320\020\023N\363\220\033x9\025\220Y\370-\271\\276\266&"">p\356\002 \005k\023\253\330F\242j\215\\266SI\302\026\213z\325\255\314K\262\023\2072\230\320H!Kt+""; "
1750587302457,1750587302457,0,1,4,3,TMValidation,"validation: """"\200\000\000\001&\000\000\000\r)/\352\224&:?HT\314/\177\320^Q\302\001\313@D\264\016\334\r\034\035\\276\225\314|\234S*r\007\370x>\305D*\007b\276v\316P\027\000\000\000\000\000\000\000\000\000\000\000\000\000\000\000\000\000\000\000\000\000\000\000\000\000\000\000\000\000\000\000\000P\031\304J\342j\272\270\274\360\307\356\347\200Ywm#\014\233\301\022L\232T\033N\341\232\325\233\227\313\307s!\003\343\005\311u\203\370\0338\3174\324\010\006\301\251\177\261\304eOX\262)FA-\022r\263wm\024vG0E\002!\000\325\304\207\266~\254f\337\347\320\020\023N\363\220\033x9\025\220Y\370-\271\\276\266&"">p\356\002 \005k\023\253\330F\242j\215\\266SI\302\026\213z\325\255\314K\262\023\2072\230\320H!Kt+""; ","validation: """"\200\000\000\001&\000\000\000\r)/\352\224&:?HT\314/\177\320^Q\302\001\313@D\264\016\334\r\034\035\\276\225\314|\234S*r\007\370x>\305D*\007b\276v\316P\027\000\000\000\000\000\000\000\000\000\000\000\000\000\000\000\000\000\000\000\000\000\000\000\000\000\000\000\000\000\000\000\000P\031\304J\342j\272\270\274\360\307\356\347\200Ywm#\014\233\301\022L\232T\033N\341\232\325\233\227\313\307s!\003\343\005\311u\203\370\0338\3174\324\010\006\301\251\177\261\304eOX\262)FA-\022r\263wm\024vG0E\002!\000\325\304\207\266~\254f\337\347\320\020\023N\363\220\033x9\025\220Y\370-\271\\276\266&"">p\356\002 \005k\023\253\330F\242j\215\\266SI\302\026\213z\325\255\314K\262\023\2072\230\320H!Kt+""; "
1750587302458,1750587302458,0,1,4,0,TMGetLedger,"itype: liBASE; ledgerHash: ""\302\001\313@D\264\016\334\r\034\035\\276\225\314|\234S*r\007\370x>\305D*\007b\276v\316""; ","itype: liBASE; ledgerHash: ""\302\001\313@D\264\016\334\r\034\035\\276\225\314|\234S*r\007\370x>\305D*\007b\276v\316""; "
1750587302458,1750587302458,0,1,4,2,TMValidation,"validation: """"\200\000\000\001&\000\000\000\r)/\352\224&:?HT\314/\177\320^Q\302\001\313@D\264\016\334\r\034\035\\276\225\314|\234S*r\007\370x>\305D*\007b\276v\316P\027\000\000\000\000\000\000\000\000\000\000\000\000\000\000\000\000\000\000\000\000\000\000\000\000\000\000\000\000\000\000\000\000P\031\304J\342j\272\270\274\360\307\356\347\200Ywm#\014\233\301\022L\232T\033N\341\232\325\233\227\313\307s!\003\343\005\311u\203\370\0338\3174\324\010\006\301\251\177\261\304eOX\262)FA-\022r\263wm\024vG0E\002!\000\325\304\207\266~\254f\337\347\320\020\023N\363\220\033x9\025\220Y\370-\271\\276\266&"">p\356\002 \005k\023\253\330F\242j\215\\266SI\302\026\213z\325\255\314K\262\023\2072\230\320H!Kt+""; ","validation: """"\200\000\000\001&\000\000\000\r)/\352\224&:?HT\314/\177\320^Q\302\001\313@D\264\016\334\r\034\035\\276\225\314|\234S*r\007\370x>\305D*\007b\276v\316P\027\000\000\000\000\000\000\000\000\000\000\000\000\000\000\000\000\000\000\000\000\000\000\000\000\000\000\000\000\000\000\000\000P\031\304J\342j\272\270\274\360\307\356\347\200Ywm#\014\233\301\022L\232T\033N\341\232\325\233\227\313\307s!\003\343\005\311u\203\370\0338\3174\324\010\006\301\251\177\261\304eOX\262)FA-\022r\263wm\024vG0E\002!\000\325\304\207\266~\254f\337\347\320\020\023N\363\220\033x9\025\220Y\370-\271\\276\266&"">p\356\002 \005k\023\253\330F\242j\215\\266SI\302\026\213z\325\255\314K\262\023\2072\230\320H!Kt+""; "
1750587302458,1750587302458,0,1,4,0,TMValidation,"validation: """"\200\000\000\001&\000\000\000\r)/\352\224&:?HT\314/\177\320^Q\302\001\313@D\264\016\334\r\034\035\\276\225\314|\234S*r\007\370x>\305D*\007b\276v\316P\027\000\000\000\000\000\000\000\000\000\000\000\000\000\000\000\000\000\000\000\000\000\000\000\000\000\000\000\000\000\000\000\000P\031\304J\342j\272\270\274\360\307\356\347\200Ywm#\014\233\301\022L\232T\033N\341\232\325\233\227\313\307s!\003\343\005\311u\203\370\0338\3174\324\010\006\301\251\177\261\304eOX\262)FA-\022r\263wm\024vG0E\002!\000\325\304\207\266~\254f\337\347\320\020\023N\363\220\033x9\025\220Y\370-\271\\276\266&"">p\356\002 \005k\023\253\330F\242j\215\\266SI\302\026\213z\325\255\314K\262\023\2072\230\320H!Kt+""; ","validation: """"\200\000\000\001&\000\000\000\r)/\352\224&:?HT\314/\177\320^Q\302\001\313@D\264\016\334\r\034\035\\276\225\314|\234S*r\007\370x>\305D*\007b\276v\316P\027\000\000\000\000\000\000\000\000\000\000\000\000\000\000\000\000\000\000\000\000\000\000\000\000\000\000\000\000\000\000\000\000P\031\304J\342j\272\270\274\360\307\356\347\200Ywm#\014\233\301\022L\232T\033N\341\232\325\233\227\313\307s!\003\343\005\311u\203\370\0338\3174\324\010\006\301\251\177\261\304eOX\262)FA-\022r\263wm\024vG0E\002!\000\325\304\207\266~\254f\337\347\320\020\023N\363\220\033x9\025\220Y\370-\271\\276\266&"">p\356\002 \005k\023\253\330F\242j\215\\266SI\302\026\213z\325\255\314K\262\023\2072\230\320H!Kt+""; "
1750587302458,1750587302458,0,1,4,1,TMGetLedger,"itype: liBASE; ledgerHash: ""\302\001\313@D\264\016\334\r\034\035\\276\225\314|\234S*r\007\370x>\305D*\007b\276v\316""; ","itype: liBASE; ledgerHash: ""\302\001\313@D\264\016\334\r\034\035\\276\225\314|\234S*r\007\370x>\305D*\007b\276v\316""; "
1750587302459,1750587302459,0,1,4,0,TMGetLedger,"itype: liBASE; ledgerHash: ""\302\001\313@D\264\016\334\r\034\035\\276\225\314|\234S*r\007\370x>\305D*\007b\276v\316""; queryType: qtINDIRECT; ","itype: liBASE; ledgerHash: ""\302\001\313@D\264\016\334\r\034\035\\276\225\314|\234S*r\007\370x>\305D*\007b\276v\316""; queryType: qtINDIRECT; "
1750587302459,1750587302459,0,1,1,0,TMLedgerData,"ledgerHash: ""\302\001\313@D\264\016\334\r\034\035\\276\225\314|\234S*r\007\370x>\305D*\007b\276v\316""; ledgerSeq: 13; type: liBASE; nodes {;   nodedata: ""\000\000\000\r\001cEx]\211\377\330\304J\342j\272\270\274\360\307\356\347\200Ywm#\014\233\301\022L\232T\033N\341\232\325\233\227\313\307\000\000\000\000\000\000\000\000\000\000\000\000\000\000\000\000\000\000\000\000\000\000\000\000\000\000\000\000\000\000\000\000\n\336\210GB\271\214\2051\214\332\263\343\354!\215\031\025i\215\007M\377\0271\277-\353h\253\370$/\352\224%/\352\224&\n\000""; }; nodes {;   nodedata: ""h\315\350\215y\203\242]\371\235\232Pt&\325\210eZ\346\237XZ \277\2457n\221\336\253\245\317\002\304\206+8\t]\351\316\373|\311\263V\300\023\035\211\237\260\300\r\033u3a1\203\303\365\307k\347\006E\344\037@\210\363\010\336T\226\247'\204_{\261\370""1\235\2445\343\033Y!\212\201\341\272\225'\007*$\244&\336\343'\233i\332\374\245 {^\306-N\333\gE\006\347\212\331C\211Z\177\247\031\n:\266hzU\267g\202\357\t\270q\326m\341\231\217\321\327\365\020\021\226""\233\016\345\275\210q\243\310\013\202_n)6q\357\2538_-\302\252B\204v\277\254\373\3322Ca\020\243\0105\263\257\367\032\254\016\003""; }; ","ledgerHash: ""\302\001\313@D\264\016\334\r\034\035\\276\225\314|\234S*r\007\370x>\305D*\007b\276v\316""; ledgerSeq: 13; type: liBASE; nodes {;   nodedata: ""\000\000\000\r\001cEx]\211\377\330\304J\342j\272\270\274\360\307\356\347\200Ywm#\014\233\301\022L\232T\033N\341\232\325\233\227\313\307\000\000\000\000\000\000\000\000\000\000\000\000\000\000\000\000\000\000\000\000\000\000\000\000\000\000\000\000\000\000\000\000\n\336\210GB\271\214\2051\214\332\263\343\354!\215\031\025i\215\007M\377\0271\277-\353h\253\370$/\352\224%/\352\224&\n\000""; }; nodes {;   nodedata: ""h\315\350\215y\203\242]\371\235\232Pt&\325\210eZ\346\237XZ \277\2457n\221\336\253\245\317\002\304\206+8\t]\351\316\373|\311\263V\300\023\035\211\237\260\300\r\033u3a1\203\303\365\307k\347\006E\344\037@\210\363\010\336T\226\247'\204_{\261\370""1\235\2445\343\033Y!\212\201\341\272\225'\007*$\244&\336\343'\233i\332\374\245 {^\306-N\333\gE\006\347\212\331C\211Z\177\247\031\n:\266hzU\267g\202\357\t\270q\326m\341\231\217\321\327\365\020\021\226""\233\016\345\275\210q\243\310\013\202_n)6q\357\2538_-\302\252B\204v\277\254\373\3322Ca\020\243\0105\263\257\367\032\254\016\003""; }; "
1750587302460,1750587302460,0,1,3,4,TMValidation,"validation: """"\200\000\000\001&\000\000\000\r)/\352\224&:?HT\314/\177\320^Q\302\001\313@D\264\016\334\r\034\035\\276\225\314|\234S*r\007\370x>\305D*\007b\276v\316P\027\000\000\000\000\000\000\000\000\000\000\000\000\000\000\000\000\000\000\000\000\000\000\000\000\000\000\000\000\000\000\000\000P\031\304J\342j\272\270\274\360\307\356\347\200Ywm#\014\233\301\022L\232T\033N\341\232\325\233\227\313\307s!\003\343\005\311u\203\370\0338\3174\324\010\006\301\251\177\261\304eOX\262)FA-\022r\263wm\024vG0E\002!\000\325\304\207\266~\254f\337\347\320\020\023N\363\220\033x9\025\220Y\370-\271\\276\266&"">p\356\002 \005k\023\253\330F\242j\215\\266SI\302\026\213z\325\255\314K\262\023\2072\230\320H!Kt+""; ","validation: """"\200\000\000\001&\000\000\000\r)/\352\224&:?HT\314/\177\320^Q\302\001\313@D\264\016\334\r\034\035\\276\225\314|\234S*r\007\370x>\305D*\007b\276v\316P\027\000\000\000\000\000\000\000\000\000\000\000\000\000\000\000\000\000\000\000\000\000\000\000\000\000\000\000\000\000\000\000\000P\031\304J\342j\272\270\274\360\307\356\347\200Ywm#\014\233\301\022L\232T\033N\341\232\325\233\227\313\307s!\003\343\005\311u\203\370\0338\3174\324\010\006\301\251\177\261\304eOX\262)FA-\022r\263wm\024vG0E\002!\000\325\304\207\266~\254f\337\347\320\020\023N\363\220\033x9\025\220Y\370-\271\\276\266&"">p\356\002 \005k\023\253\330F\242j\215\\266SI\302\026\213z\325\255\314K\262\023\2072\230\320H!Kt+""; "
1750587302461,1750587302461,0,1,3,4,TMGetLedger,"itype: liBASE; ledgerHash: ""\302\001\313@D\264\016\334\r\034\035\\276\225\314|\234S*r\007\370x>\305D*\007b\276v\316""; ","itype: liBASE; ledgerHash: ""\302\001\313@D\264\016\334\r\034\035\\276\225\314|\234S*r\007\370x>\305D*\007b\276v\316""; "
1750587302461,1750587302461,0,1,3,2,TMValidation,"validation: """"\200\000\000\001&\000\000\000\r)/\352\224&:?HT\314/\177\320^Q\302\001\313@D\264\016\334\r\034\035\\276\225\314|\234S*r\007\370x>\305D*\007b\276v\316P\027\000\000\000\000\000\000\000\000\000\000\000\000\000\000\000\000\000\000\000\000\000\000\000\000\000\000\000\000\000\000\000\000P\031\304J\342j\272\270\274\360\307\356\347\200Ywm#\014\233\301\022L\232T\033N\341\232\325\233\227\313\307s!\003\343\005\311u\203\370\0338\3174\324\010\006\301\251\177\261\304eOX\262)FA-\022r\263wm\024vG0E\002!\000\325\304\207\266~\254f\337\347\320\020\023N\363\220\033x9\025\220Y\370-\271\\276\266&"">p\356\002 \005k\023\253\330F\242j\215\\266SI\302\026\213z\325\255\314K\262\023\2072\230\320H!Kt+""; ","validation: """"\200\000\000\001&\000\000\000\r)/\352\224&:?HT\314/\177\320^Q\302\001\313@D\264\016\334\r\034\035\\276\225\314|\234S*r\007\370x>\305D*\007b\276v\316P\027\000\000\000\000\000\000\000\000\000\000\000\000\000\000\000\000\000\000\000\000\000\000\000\000\000\000\000\000\000\000\000\000P\031\304J\342j\272\270\274\360\307\356\347\200Ywm#\014\233\301\022L\232T\033N\341\232\325\233\227\313\307s!\003\343\005\311u\203\370\0338\3174\324\010\006\301\251\177\261\304eOX\262)FA-\022r\263wm\024vG0E\002!\000\325\304\207\266~\254f\337\347\320\020\023N\363\220\033x9\025\220Y\370-\271\\276\266&"">p\356\002 \005k\023\253\330F\242j\215\\266SI\302\026\213z\325\255\314K\262\023\2072\230\320H!Kt+""; "
1750587302461,1750587302462,0,1,3,1,TMValidation,"validation: """"\200\000\000\001&\000\000\000\r)/\352\224&:?HT\314/\177\320^Q\302\001\313@D\264\016\334\r\034\035\\276\225\314|\234S*r\007\370x>\305D*\007b\276v\316P\027\000\000\000\000\000\000\000\000\000\000\000\000\000\000\000\000\000\000\000\000\000\000\000\000\000\000\000\000\000\000\000\000P\031\304J\342j\272\270\274\360\307\356\347\200Ywm#\014\233\301\022L\232T\033N\341\232\325\233\227\313\307s!\003\343\005\311u\203\370\0338\3174\324\010\006\301\251\177\261\304eOX\262)FA-\022r\263wm\024vG0E\002!\000\325\304\207\266~\254f\337\347\320\020\023N\363\220\033x9\025\220Y\370-\271\\276\266&"">p\356\002 \005k\023\253\330F\242j\215\\266SI\302\026\213z\325\255\314K\262\023\2072\230\320H!Kt+""; ","validation: """"\200\000\000\001&\000\000\000\r)/\352\224&:?HT\314/\177\320^Q\302\001\313@D\264\016\334\r\034\035\\276\225\314|\234S*r\007\370x>\305D*\007b\276v\316P\027\000\000\000\000\000\000\000\000\000\000\000\000\000\000\000\000\000\000\000\000\000\000\000\000\000\000\000\000\000\000\000\000P\031\304J\342j\272\270\274\360\307\356\347\200Ywm#\014\233\301\022L\232T\033N\341\232\325\233\227\313\307s!\003\343\005\311u\203\370\0338\3174\324\010\006\301\251\177\261\304eOX\262)FA-\022r\263wm\024vG0E\002!\000\325\304\207\266~\254f\337\347\320\020\023N\363\220\033x9\025\220Y\370-\271\\276\266&"">p\356\002 \005k\023\253\330F\242j\215\\266SI\302\026\213z\325\255\314K\262\023\2072\230\320H!Kt+""; "
1750587302462,1750587302462,0,1,3,0,TMGetLedger,"itype: liBASE; ledgerHash: ""\302\001\313@D\264\016\334\r\034\035\\276\225\314|\234S*r\007\370x>\305D*\007b\276v\316""; ","itype: liBASE; ledgerHash: ""\302\001\313@D\264\016\334\r\034\035\\276\225\314|\234S*r\007\370x>\305D*\007b\276v\316""; "
1750587302462,1750587302462,0,1,3,4,TMGetLedger,"itype: liBASE; ledgerHash: ""\302\001\313@D\264\016\334\r\034\035\\276\225\314|\234S*r\007\370x>\305D*\007b\276v\316""; queryType: qtINDIRECT; ","itype: liBASE; ledgerHash: ""\302\001\313@D\264\016\334\r\034\035\\276\225\314|\234S*r\007\370x>\305D*\007b\276v\316""; queryType: qtINDIRECT; "
1750587302463,1750587302463,0,1,2,3,TMValidation,"validation: """"\200\000\000\001&\000\000\000\r)/\352\224&:?HT\314/\177\320^Q\302\001\313@D\264\016\334\r\034\035\\276\225\314|\234S*r\007\370x>\305D*\007b\276v\316P\027\000\000\000\000\000\000\000\000\000\000\000\000\000\000\000\000\000\000\000\000\000\000\000\000\000\000\000\000\000\000\000\000P\031\304J\342j\272\270\274\360\307\356\347\200Ywm#\014\233\301\022L\232T\033N\341\232\325\233\227\313\307s!\003\343\005\311u\203\370\0338\3174\324\010\006\301\251\177\261\304eOX\262)FA-\022r\263wm\024vG0E\002!\000\325\304\207\266~\254f\337\347\320\020\023N\363\220\033x9\025\220Y\370-\271\\276\266&"">p\356\002 \005k\023\253\330F\242j\215\\266SI\302\026\213z\325\255\314K\262\023\2072\230\320H!Kt+""; ","validation: """"\200\000\000\001&\000\000\000\r)/\352\224&:?HT\314/\177\320^Q\302\001\313@D\264\016\334\r\034\035\\276\225\314|\234S*r\007\370x>\305D*\007b\276v\316P\027\000\000\000\000\000\000\000\000\000\000\000\000\000\000\000\000\000\000\000\000\000\000\000\000\000\000\000\000\000\000\000\000P\031\304J\342j\272\270\274\360\307\356\347\200Ywm#\014\233\301\022L\232T\033N\341\232\325\233\227\313\307s!\003\343\005\311u\203\370\0338\3174\324\010\006\301\251\177\261\304eOX\262)FA-\022r\263wm\024vG0E\002!\000\325\304\207\266~\254f\337\347\320\020\023N\363\220\033x9\025\220Y\370-\271\\276\266&"">p\356\002 \005k\023\253\330F\242j\215\\266SI\302\026\213z\325\255\314K\262\023\2072\230\320H!Kt+""; "
1750587302463,1750587302464,0,1,2,1,TMValidation,"validation: """"\200\000\000\001&\000\000\000\r)/\352\224&:?HT\314/\177\320^Q\302\001\313@D\264\016\334\r\034\035\\276\225\314|\234S*r\007\370x>\305D*\007b\276v\316P\027\000\000\000\000\000\000\000\000\000\000\000\000\000\000\000\000\000\000\000\000\000\000\000\000\000\000\000\000\000\000\000\000P\031\304J\342j\272\270\274\360\307\356\347\200Ywm#\014\233\301\022L\232T\033N\341\232\325\233\227\313\307s!\003\343\005\311u\203\370\0338\3174\324\010\006\301\251\177\261\304eOX\262)FA-\022r\263wm\024vG0E\002!\000\325\304\207\266~\254f\337\347\320\020\023N\363\220\033x9\025\220Y\370-\271\\276\266&"">p\356\002 \005k\023\253\330F\242j\215\\266SI\302\026\213z\325\255\314K\262\023\2072\230\320H!Kt+""; ","validation: """"\200\000\000\001&\000\000\000\r)/\352\224&:?HT\314/\177\320^Q\302\001\313@D\264\016\334\r\034\035\\276\225\314|\234S*r\007\370x>\305D*\007b\276v\316P\027\000\000\000\000\000\000\000\000\000\000\000\000\000\000\000\000\000\000\000\000\000\000\000\000\000\000\000\000\000\000\000\000P\031\304J\342j\272\270\274\360\307\356\347\200Ywm#\014\233\301\022L\232T\033N\341\232\325\233\227\313\307s!\003\343\005\311u\203\370\0338\3174\324\010\006\301\251\177\261\304eOX\262)FA-\022r\263wm\024vG0E\002!\000\325\304\207\266~\254f\337\347\320\020\023N\363\220\033x9\025\220Y\370-\271\\276\266&"">p\356\002 \005k\023\253\330F\242j\215\\266SI\302\026\213z\325\255\314K\262\023\2072\230\320H!Kt+""; "
1750587302464,1750587302464,0,1,0,4,TMGetLedger,"itype: liBASE; ledgerHash: ""\302\001\313@D\264\016\334\r\034\035\\276\225\314|\234S*r\007\370x>\305D*\007b\276v\316""; ","itype: liBASE; ledgerHash: ""\302\001\313@D\264\016\334\r\034\035\\276\225\314|\234S*r\007\370x>\305D*\007b\276v\316""; "
1750587302464,1750587302464,0,1,2,4,TMValidation,"validation: """"\200\000\000\001&\000\000\000\r)/\352\224&:?HT\314/\177\320^Q\302\001\313@D\264\016\334\r\034\035\\276\225\314|\234S*r\007\370x>\305D*\007b\276v\316P\027\000\000\000\000\000\000\000\000\000\000\000\000\000\000\000\000\000\000\000\000\000\000\000\000\000\000\000\000\000\000\000\000P\031\304J\342j\272\270\274\360\307\356\347\200Ywm#\014\233\301\022L\232T\033N\341\232\325\233\227\313\307s!\003\343\005\311u\203\370\0338\3174\324\010\006\301\251\177\261\304eOX\262)FA-\022r\263wm\024vG0E\002!\000\325\304\207\266~\254f\337\347\320\020\023N\363\220\033x9\025\220Y\370-\271\\276\266&"">p\356\002 \005k\023\253\330F\242j\215\\266SI\302\026\213z\325\255\314K\262\023\2072\230\320H!Kt+""; ","validation: """"\200\000\000\001&\000\000\000\r)/\352\224&:?HT\314/\177\320^Q\302\001\313@D\264\016\334\r\034\035\\276\225\314|\234S*r\007\370x>\305D*\007b\276v\316P\027\000\000\000\000\000\000\000\000\000\000\000\000\000\000\000\000\000\000\000\000\000\000\000\000\000\000\000\000\000\000\000\000P\031\304J\342j\272\270\274\360\307\356\347\200Ywm#\014\233\301\022L\232T\033N\341\232\325\233\227\313\307s!\003\343\005\311u\203\370\0338\3174\324\010\006\301\251\177\261\304eOX\262)FA-\022r\263wm\024vG0E\002!\000\325\304\207\266~\254f\337\347\320\020\023N\363\220\033x9\025\220Y\370-\271\\276\266&"">p\356\002 \005k\023\253\330F\242j\215\\266SI\302\026\213z\325\255\314K\262\023\2072\230\320H!Kt+""; "
1750587302465,1750587302465,0,1,0,4,TMGetLedger,"itype: liBASE; ledgerHash: ""\302\001\313@D\264\016\334\r\034\035\\276\225\314|\234S*r\007\370x>\305D*\007b\276v\316""; queryType: qtINDIRECT; ","itype: liBASE; ledgerHash: ""\302\001\313@D\264\016\334\r\034\035\\276\225\314|\234S*r\007\370x>\305D*\007b\276v\316""; queryType: qtINDIRECT; "
1750587302466,1750587302466,0,1,2,4,TMGetLedger,"itype: liBASE; ledgerHash: ""\302\001\313@D\264\016\334\r\034\035\\276\225\314|\234S*r\007\370x>\305D*\007b\276v\316""; ","itype: liBASE; ledgerHash: ""\302\001\313@D\264\016\334\r\034\035\\276\225\314|\234S*r\007\370x>\305D*\007b\276v\316""; "
1750587302466,1750587302466,0,1,2,0,TMGetLedger,"itype: liBASE; ledgerHash: ""\302\001\313@D\264\016\334\r\034\035\\276\225\314|\234S*r\007\370x>\305D*\007b\276v\316""; ","itype: liBASE; ledgerHash: ""\302\001\313@D\264\016\334\r\034\035\\276\225\314|\234S*r\007\370x>\305D*\007b\276v\316""; "
1750587302466,1750587302466,0,1,2,3,TMGetLedger,"itype: liBASE; ledgerHash: ""\302\001\313@D\264\016\334\r\034\035\\276\225\314|\234S*r\007\370x>\305D*\007b\276v\316""; ","itype: liBASE; ledgerHash: ""\302\001\313@D\264\016\334\r\034\035\\276\225\314|\234S*r\007\370x>\305D*\007b\276v\316""; "
1750587302467,1750587302467,0,1,2,4,TMGetLedger,"itype: liBASE; ledgerHash: ""\302\001\313@D\264\016\334\r\034\035\\276\225\314|\234S*r\007\370x>\305D*\007b\276v\316""; queryType: qtINDIRECT; ","itype: liBASE; ledgerHash: ""\302\001\313@D\264\016\334\r\034\035\\276\225\314|\234S*r\007\370x>\305D*\007b\276v\316""; queryType: qtINDIRECT; "
1750587302468,1750587302468,0,1,2,3,TMGetLedger,"itype: liBASE; ledgerHash: ""\302\001\313@D\264\016\334\r\034\035\\276\225\314|\234S*r\007\370x>\305D*\007b\276v\316""; queryType: qtINDIRECT; ","itype: liBASE; ledgerHash: ""\302\001\313@D\264\016\334\r\034\035\\276\225\314|\234S*r\007\370x>\305D*\007b\276v\316""; queryType: qtINDIRECT; "
1750587302468,1750587302468,0,1,1,4,TMLedgerData,"ledgerHash: ""\302\001\313@D\264\016\334\r\034\035\\276\225\314|\234S*r\007\370x>\305D*\007b\276v\316""; ledgerSeq: 13; type: liBASE; nodes {;   nodedata: ""\000\000\000\r\001cEx]\211\377\330\304J\342j\272\270\274\360\307\356\347\200Ywm#\014\233\301\022L\232T\033N\341\232\325\233\227\313\307\000\000\000\000\000\000\000\000\000\000\000\000\000\000\000\000\000\000\000\000\000\000\000\000\000\000\000\000\000\000\000\000\n\336\210GB\271\214\2051\214\332\263\343\354!\215\031\025i\215\007M\377\0271\277-\353h\253\370$/\352\224%/\352\224&\n\000""; }; nodes {;   nodedata: ""h\315\350\215y\203\242]\371\235\232Pt&\325\210eZ\346\237XZ \277\2457n\221\336\253\245\317\002\304\206+8\t]\351\316\373|\311\263V\300\023\035\211\237\260\300\r\033u3a1\203\303\365\307k\347\006E\344\037@\210\363\010\336T\226\247'\204_{\261\370""1\235\2445\343\033Y!\212\201\341\272\225'\007*$\244&\336\343'\233i\332\374\245 {^\306-N\333\gE\006\347\212\331C\211Z\177\247\031\n:\266hzU\267g\202\357\t\270q\326m\341\231\217\321\327\365\020\021\226""\233\016\345\275\210q\243\310\013\202_n)6q\357\2538_-\302\252B\204v\277\254\373\3322Ca\020\243\0105\263\257\367\032\254\016\003""; }; ","ledgerHash: ""\302\001\313@D\264\016\334\r\034\035\\276\225\314|\234S*r\007\370x>\305D*\007b\276v\316""; ledgerSeq: 13; type: liBASE; nodes {;   nodedata: ""\000\000\000\r\001cEx]\211\377\330\304J\342j\272\270\274\360\307\356\347\200Ywm#\014\233\301\022L\232T\033N\341\232\325\233\227\313\307\000\000\000\000\000\000\000\000\000\000\000\000\000\000\000\000\000\000\000\000\000\000\000\000\000\000\000\000\000\000\000\000\n\336\210GB\271\214\2051\214\332\263\343\354!\215\031\025i\215\007M\377\0271\277-\353h\253\370$/\352\224%/\352\224&\n\000""; }; nodes {;   nodedata: ""h\315\350\215y\203\242]\371\235\232Pt&\325\210eZ\346\237XZ \277\2457n\221\336\253\245\317\002\304\206+8\t]\351\316\373|\311\263V\300\023\035\211\237\260\300\r\033u3a1\203\303\365\307k\347\006E\344\037@\210\363\010\336T\226\247'\204_{\261\370""1\235\2445\343\033Y!\212\201\341\272\225'\007*$\244&\336\343'\233i\332\374\245 {^\306-N\333\gE\006\347\212\331C\211Z\177\247\031\n:\266hzU\267g\202\357\t\270q\326m\341\231\217\321\327\365\020\021\226""\233\016\345\275\210q\243\310\013\202_n)6q\357\2538_-\302\252B\204v\277\254\373\3322Ca\020\243\0105\263\257\367\032\254\016\003""; }; "
1750587302468,1750587302469,0,1,0,1,TMGetLedger,"itype: liBASE; ledgerHash: ""\302\001\313@D\264\016\334\r\034\035\\276\225\314|\234S*r\007\370x>\305D*\007b\276v\316""; queryType: qtINDIRECT; ","itype: liBASE; ledgerHash: ""\302\001\313@D\264\016\334\r\034\035\\276\225\314|\234S*r\007\370x>\305D*\007b\276v\316""; queryType: qtINDIRECT; "
1750587302469,1750587302469,0,1,0,1,TMGetLedger,"itype: liBASE; ledgerHash: ""\302\001\313@D\264\016\334\r\034\035\\276\225\314|\234S*r\007\370x>\305D*\007b\276v\316""; requestCookie: 5; queryType: qtINDIRECT; ","itype: liBASE; ledgerHash: ""\302\001\313@D\264\016\334\r\034\035\\276\225\314|\234S*r\007\370x>\305D*\007b\276v\316""; requestCookie: 5; queryType: qtINDIRECT; "
1750587302469,1750587302469,0,1,4,3,TMGetLedger,"itype: liBASE; ledgerHash: ""\302\001\313@D\264\016\334\r\034\035\\276\225\314|\234S*r\007\370x>\305D*\007b\276v\316""; queryType: qtINDIRECT; ","itype: liBASE; ledgerHash: ""\302\001\313@D\264\016\334\r\034\035\\276\225\314|\234S*r\007\370x>\305D*\007b\276v\316""; queryType: qtINDIRECT; "
1750587302470,1750587302470,0,1,4,3,TMGetLedger,"itype: liBASE; ledgerHash: ""\302\001\313@D\264\016\334\r\034\035\\276\225\314|\234S*r\007\370x>\305D*\007b\276v\316""; ","itype: liBASE; ledgerHash: ""\302\001\313@D\264\016\334\r\034\035\\276\225\314|\234S*r\007\370x>\305D*\007b\276v\316""; "
1750587302470,1750587302470,0,1,1,3,TMValidation,"validation: """"\200\000\000\001&\000\000\000\r)/\352\224&:?HT\314/\177\320^Q\302\001\313@D\264\016\334\r\034\035\\276\225\314|\234S*r\007\370x>\305D*\007b\276v\316P\027\000\000\000\000\000\000\000\000\000\000\000\000\000\000\000\000\000\000\000\000\000\000\000\000\000\000\000\000\000\000\000\000P\031\304J\342j\272\270\274\360\307\356\347\200Ywm#\014\233\301\022L\232T\033N\341\232\325\233\227\313\307s!\003\343\005\311u\203\370\0338\3174\324\010\006\301\251\177\261\304eOX\262)FA-\022r\263wm\024vG0E\002!\000\325\304\207\266~\254f\337\347\320\020\023N\363\220\033x9\025\220Y\370-\271\\276\266&"">p\356\002 \005k\023\253\330F\242j\215\\266SI\302\026\213z\325\255\314K\262\023\2072\230\320H!Kt+""; ","validation: """"\200\000\000\001&\000\000\000\r)/\352\224&:?HT\314/\177\320^Q\302\001\313@D\264\016\334\r\034\035\\276\225\314|\234S*r\007\370x>\305D*\007b\276v\316P\027\000\000\000\000\000\000\000\000\000\000\000\000\000\000\000\000\000\000\000\000\000\000\000\000\000\000\000\000\000\000\000\000P\031\304J\342j\272\270\274\360\307\356\347\200Ywm#\014\233\301\022L\232T\033N\341\232\325\233\227\313\307s!\003\343\005\311u\203\370\0338\3174\324\010\006\301\251\177\261\304eOX\262)FA-\022r\263wm\024vG0E\002!\000\325\304\207\266~\254f\337\347\320\020\023N\363\220\033x9\025\220Y\370-\271\\276\266&"">p\356\002 \005k\023\253\330F\242j\215\\266SI\302\026\213z\325\255\314K\262\023\2072\230\320H!Kt+""; "
1750587302471,1750587302471,0,1,0,3,TMGetLedger,"itype: liBASE; ledgerHash: ""\302\001\313@D\264\016\334\r\034\035\\276\225\314|\234S*r\007\370x>\305D*\007b\276v\316""; ","itype: liBASE; ledgerHash: ""\302\001\313@D\264\016\334\r\034\035\\276\225\314|\234S*r\007\370x>\305D*\007b\276v\316""; "
1750587302471,1750587302471,0,1,0,3,TMGetLedger,"itype: liBASE; ledgerHash: ""\302\001\313@D\264\016\334\r\034\035\\276\225\314|\234S*r\007\370x>\305D*\007b\276v\316""; queryType: qtINDIRECT; ","itype: liBASE; ledgerHash: ""\302\001\313@D\264\016\334\r\034\035\\276\225\314|\234S*r\007\370x>\305D*\007b\276v\316""; queryType: qtINDIRECT; "
1750587302472,1750587302472,0,1,3,2,TMGetLedger,"itype: liBASE; ledgerHash: ""\302\001\313@D\264\016\334\r\034\035\\276\225\314|\234S*r\007\370x>\305D*\007b\276v\316""; queryType: qtINDIRECT; ","itype: liBASE; ledgerHash: ""\302\001\313@D\264\016\334\r\034\035\\276\225\314|\234S*r\007\370x>\305D*\007b\276v\316""; queryType: qtINDIRECT; "
1750587302472,1750587302472,0,1,3,2,TMGetLedger,"itype: liBASE; ledgerHash: ""\302\001\313@D\264\016\334\r\034\035\\276\225\314|\234S*r\007\370x>\305D*\007b\276v\316""; ","itype: liBASE; ledgerHash: ""\302\001\313@D\264\016\334\r\034\035\\276\225\314|\234S*r\007\370x>\305D*\007b\276v\316""; "
1750587302472,1750587302473,0,1,1,2,TMValidation,"validation: """"\200\000\000\001&\000\000\000\r)/\352\224&:?HT\314/\177\320^Q\302\001\313@D\264\016\334\r\034\035\\276\225\314|\234S*r\007\370x>\305D*\007b\276v\316P\027\000\000\000\000\000\000\000\000\000\000\000\000\000\000\000\000\000\000\000\000\000\000\000\000\000\000\000\000\000\000\000\000P\031\304J\342j\272\270\274\360\307\356\347\200Ywm#\014\233\301\022L\232T\033N\341\232\325\233\227\313\307s!\003\343\005\311u\203\370\0338\3174\324\010\006\301\251\177\261\304eOX\262)FA-\022r\263wm\024vG0E\002!\000\325\304\207\266~\254f\337\347\320\020\023N\363\220\033x9\025\220Y\370-\271\\276\266&"">p\356\002 \005k\023\253\330F\242j\215\\266SI\302\026\213z\325\255\314K\262\023\2072\230\320H!Kt+""; ","validation: """"\200\000\000\001&\000\000\000\r)/\352\224&:?HT\314/\177\320^Q\302\001\313@D\264\016\334\r\034\035\\276\225\314|\234S*r\007\370x>\305D*\007b\276v\316P\027\000\000\000\000\000\000\000\000\000\000\000\000\000\000\000\000\000\000\000\000\000\000\000\000\000\000\000\000\000\000\000\000P\031\304J\342j\272\270\274\360\307\356\347\200Ywm#\014\233\301\022L\232T\033N\341\232\325\233\227\313\307s!\003\343\005\311u\203\370\0338\3174\324\010\006\301\251\177\261\304eOX\262)FA-\022r\263wm\024vG0E\002!\000\325\304\207\266~\254f\337\347\320\020\023N\363\220\033x9\025\220Y\370-\271\\276\266&"">p\356\002 \005k\023\253\330F\242j\215\\266SI\302\026\213z\325\255\314K\262\023\2072\230\320H!Kt+""; "
1750587302473,1750587302473,0,1,4,2,TMGetLedger,"itype: liBASE; ledgerHash: ""\302\001\313@D\264\016\334\r\034\035\\276\225\314|\234S*r\007\370x>\305D*\007b\276v\316""; queryType: qtINDIRECT; ","itype: liBASE; ledgerHash: ""\302\001\313@D\264\016\334\r\034\035\\276\225\314|\234S*r\007\370x>\305D*\007b\276v\316""; queryType: qtINDIRECT; "
1750587302473,1750587302473,0,1,4,2,TMGetLedger,"itype: liBASE; ledgerHash: ""\302\001\313@D\264\016\334\r\034\035\\276\225\314|\234S*r\007\370x>\305D*\007b\276v\316""; ","itype: liBASE; ledgerHash: ""\302\001\313@D\264\016\334\r\034\035\\276\225\314|\234S*r\007\370x>\305D*\007b\276v\316""; "
1750587302474,1750587302474,0,1,0,2,TMGetLedger,"itype: liBASE; ledgerHash: ""\302\001\313@D\264\016\334\r\034\035\\276\225\314|\234S*r\007\370x>\305D*\007b\276v\316""; queryType: qtINDIRECT; ","itype: liBASE; ledgerHash: ""\302\001\313@D\264\016\334\r\034\035\\276\225\314|\234S*r\007\370x>\305D*\007b\276v\316""; queryType: qtINDIRECT; "
1750587302474,1750587302474,0,1,0,2,TMGetLedger,"itype: liBASE; ledgerHash: ""\302\001\313@D\264\016\334\r\034\035\\276\225\314|\234S*r\007\370x>\305D*\007b\276v\316""; ","itype: liBASE; ledgerHash: ""\302\001\313@D\264\016\334\r\034\035\\276\225\314|\234S*r\007\370x>\305D*\007b\276v\316""; "
1750587302474,1750587302474,0,1,4,1,TMGetLedger,"itype: liBASE; ledgerHash: ""\302\001\313@D\264\016\334\r\034\035\\276\225\314|\234S*r\007\370x>\305D*\007b\276v\316""; queryType: qtINDIRECT; ","itype: liBASE; ledgerHash: ""\302\001\313@D\264\016\334\r\034\035\\276\225\314|\234S*r\007\370x>\305D*\007b\276v\316""; queryType: qtINDIRECT; "
1750587302475,1750587302475,0,1,4,1,TMGetLedger,"itype: liBASE; ledgerHash: ""\302\001\313@D\264\016\334\r\034\035\\276\225\314|\234S*r\007\370x>\305D*\007b\276v\316""; requestCookie: 4; queryType: qtINDIRECT; ","itype: liBASE; ledgerHash: ""\302\001\313@D\264\016\334\r\034\035\\276\225\314|\234S*r\007\370x>\305D*\007b\276v\316""; requestCookie: 4; queryType: qtINDIRECT; "
1750587302475,1750587302475,0,1,4,1,TMGetLedger,"itype: liBASE; ledgerHash: ""\302\001\313@D\264\016\334\r\034\035\\276\225\314|\234S*r\007\370x>\305D*\007b\276v\316""; requestCookie: 1; queryType: qtINDIRECT; ","itype: liBASE; ledgerHash: ""\302\001\313@D\264\016\334\r\034\035\\276\225\314|\234S*r\007\370x>\305D*\007b\276v\316""; requestCookie: 1; queryType: qtINDIRECT; "
1750587302476,1750587302476,0,1,4,1,TMGetLedger,"itype: liBASE; ledgerHash: ""\302\001\313@D\264\016\334\r\034\035\\276\225\314|\234S*r\007\370x>\305D*\007b\276v\316""; requestCookie: 3; queryType: qtINDIRECT; ","itype: liBASE; ledgerHash: ""\302\001\313@D\264\016\334\r\034\035\\276\225\314|\234S*r\007\370x>\305D*\007b\276v\316""; requestCookie: 3; queryType: qtINDIRECT; "
1750587302476,1750587302476,0,1,1,0,TMLedgerData,"ledgerHash: ""\302\001\313@D\264\016\334\r\034\035\\276\225\314|\234S*r\007\370x>\305D*\007b\276v\316""; ledgerSeq: 13; type: liBASE; nodes {;   nodedata: ""\000\000\000\r\001cEx]\211\377\330\304J\342j\272\270\274\360\307\356\347\200Ywm#\014\233\301\022L\232T\033N\341\232\325\233\227\313\307\000\000\000\000\000\000\000\000\000\000\000\000\000\000\000\000\000\000\000\000\000\000\000\000\000\000\000\000\000\000\000\000\n\336\210GB\271\214\2051\214\332\263\343\354!\215\031\025i\215\007M\377\0271\277-\353h\253\370$/\352\224%/\352\224&\n\000""; }; nodes {;   nodedata: ""h\315\350\215y\203\242]\371\235\232Pt&\325\210eZ\346\237XZ \277\2457n\221\336\253\245\317\002\304\206+8\t]\351\316\373|\311\263V\300\023\035\211\237\260\300\r\033u3a1\203\303\365\307k\347\006E\344\037@\210\363\010\336T\226\247'\204_{\261\370""1\235\2445\343\033Y!\212\201\341\272\225'\007*$\244&\336\343'\233i\332\374\245 {^\306-N\333\gE\006\347\212\331C\211Z\177\247\031\n:\266hzU\267g\202\357\t\270q\326m\341\231\217\321\327\365\020\021\226""\233\016\345\275\210q\243\310\013\202_n)6q\357\2538_-\302\252B\204v\277\254\373\3322Ca\020\243\0105\263\257\367\032\254\016\003""; }; ","ledgerHash: ""\302\001\313@D\264\016\334\r\034\035\\276\225\314|\234S*r\007\370x>\305D*\007b\276v\316""; ledgerSeq: 13; type: liBASE; nodes {;   nodedata: ""\000\000\000\r\001cEx]\211\377\330\304J\342j\272\270\274\360\307\356\347\200Ywm#\014\233\301\022L\232T\033N\341\232\325\233\227\313\307\000\000\000\000\000\000\000\000\000\000\000\000\000\000\000\000\000\000\000\000\000\000\000\000\000\000\000\000\000\000\000\000\n\336\210GB\271\214\2051\214\332\263\343\354!\215\031\025i\215\007M\377\0271\277-\353h\253\370$/\352\224%/\352\224&\n\000""; }; nodes {;   nodedata: ""h\315\350\215y\203\242]\371\235\232Pt&\325\210eZ\346\237XZ \277\2457n\221\336\253\245\317\002\304\206+8\t]\351\316\373|\311\263V\300\023\035\211\237\260\300\r\033u3a1\203\303\365\307k\347\006E\344\037@\210\363\010\336T\226\247'\204_{\261\370""1\235\2445\343\033Y!\212\201\341\272\225'\007*$\244&\336\343'\233i\332\374\245 {^\306-N\333\gE\006\347\212\331C\211Z\177\247\031\n:\266hzU\267g\202\357\t\270q\326m\341\231\217\321\327\365\020\021\226""\233\016\345\275\210q\243\310\013\202_n)6q\357\2538_-\302\252B\204v\277\254\373\3322Ca\020\243\0105\263\257\367\032\254\016\003""; }; "
1750587302477,1750587302477,0,1,1,0,TMLedgerData,"ledgerHash: ""\302\001\313@D\264\016\334\r\034\035\\276\225\314|\234S*r\007\370x>\305D*\007b\276v\316""; ledgerSeq: 13; type: liBASE; nodes {;   nodedata: ""\000\000\000\r\001cEx]\211\377\330\304J\342j\272\270\274\360\307\356\347\200Ywm#\014\233\301\022L\232T\033N\341\232\325\233\227\313\307\000\000\000\000\000\000\000\000\000\000\000\000\000\000\000\000\000\000\000\000\000\000\000\000\000\000\000\000\000\000\000\000\n\336\210GB\271\214\2051\214\332\263\343\354!\215\031\025i\215\007M\377\0271\277-\353h\253\370$/\352\224%/\352\224&\n\000""; }; nodes {;   nodedata: ""h\315\350\215y\203\242]\371\235\232Pt&\325\210eZ\346\237XZ \277\2457n\221\336\253\245\317\002\304\206+8\t]\351\316\373|\311\263V\300\023\035\211\237\260\300\r\033u3a1\203\303\365\307k\347\006E\344\037@\210\363\010\336T\226\247'\204_{\261\370""1\235\2445\343\033Y!\212\201\341\272\225'\007*$\244&\336\343'\233i\332\374\245 {^\306-N\333\gE\006\347\212\331C\211Z\177\247\031\n:\266hzU\267g\202\357\t\270q\326m\341\231\217\321\327\365\020\021\226""\233\016\345\275\210q\243\310\013\202_n)6q\357\2538_-\302\252B\204v\277\254\373\3322Ca\020\243\0105\263\257\367\032\254\016\003""; }; requestCookie: 5; ","ledgerHash: ""\302\001\313@D\264\016\334\r\034\035\\276\225\314|\234S*r\007\370x>\305D*\007b\276v\316""; ledgerSeq: 13; type: liBASE; nodes {;   nodedata: ""\000\000\000\r\001cEx]\211\377\330\304J\342j\272\270\274\360\307\356\347\200Ywm#\014\233\301\022L\232T\033N\341\232\325\233\227\313\307\000\000\000\000\000\000\000\000\000\000\000\000\000\000\000\000\000\000\000\000\000\000\000\000\000\000\000\000\000\000\000\000\n\336\210GB\271\214\2051\214\332\263\343\354!\215\031\025i\215\007M\377\0271\277-\353h\253\370$/\352\224%/\352\224&\n\000""; }; nodes {;   nodedata: ""h\315\350\215y\203\242]\371\235\232Pt&\325\210eZ\346\237XZ \277\2457n\221\336\253\245\317\002\304\206+8\t]\351\316\373|\311\263V\300\023\035\211\237\260\300\r\033u3a1\203\303\365\307k\347\006E\344\037@\210\363\010\336T\226\247'\204_{\261\370""1\235\2445\343\033Y!\212\201\341\272\225'\007*$\244&\336\343'\233i\332\374\245 {^\306-N\333\gE\006\347\212\331C\211Z\177\247\031\n:\266hzU\267g\202\357\t\270q\326m\341\231\217\321\327\365\020\021\226""\233\016\345\275\210q\243\310\013\202_n)6q\357\2538_-\302\252B\204v\277\254\373\3322Ca\020\243\0105\263\257\367\032\254\016\003""; }; requestCookie: 5; "
1750587302477,1750587302477,0,1,3,1,TMGetLedger,"itype: liBASE; ledgerHash: ""\302\001\313@D\264\016\334\r\034\035\\276\225\314|\234S*r\007\370x>\305D*\007b\276v\316""; ","itype: liBASE; ledgerHash: ""\302\001\313@D\264\016\334\r\034\035\\276\225\314|\234S*r\007\370x>\305D*\007b\276v\316""; "
1750587302478,1750587302478,0,1,3,1,TMGetLedger,"itype: liBASE; ledgerHash: ""\302\001\313@D\264\016\334\r\034\035\\276\225\314|\234S*r\007\370x>\305D*\007b\276v\316""; queryType: qtINDIRECT; ","itype: liBASE; ledgerHash: ""\302\001\313@D\264\016\334\r\034\035\\276\225\314|\234S*r\007\370x>\305D*\007b\276v\316""; queryType: qtINDIRECT; "
1750587302478,1750587302478,0,1,3,1,TMGetLedger,"itype: liBASE; ledgerHash: ""\302\001\313@D\264\016\334\r\034\035\\276\225\314|\234S*r\007\370x>\305D*\007b\276v\316""; requestCookie: 4; queryType: qtINDIRECT; ","itype: liBASE; ledgerHash: ""\302\001\313@D\264\016\334\r\034\035\\276\225\314|\234S*r\007\370x>\305D*\007b\276v\316""; requestCookie: 4; queryType: qtINDIRECT; "
1750587302478,1750587302478,0,1,3,1,TMGetLedger,"itype: liBASE; ledgerHash: ""\302\001\313@D\264\016\334\r\034\035\\276\225\314|\234S*r\007\370x>\305D*\007b\276v\316""; requestCookie: 5; queryType: qtINDIRECT; ","itype: liBASE; ledgerHash: ""\302\001\313@D\264\016\334\r\034\035\\276\225\314|\234S*r\007\370x>\305D*\007b\276v\316""; requestCookie: 5; queryType: qtINDIRECT; "
1750587302479,1750587302479,0,1,3,0,TMGetLedger,"itype: liBASE; ledgerHash: ""\302\001\313@D\264\016\334\r\034\035\\276\225\314|\234S*r\007\370x>\305D*\007b\276v\316""; queryType: qtINDIRECT; ","itype: liBASE; ledgerHash: ""\302\001\313@D\264\016\334\r\034\035\\276\225\314|\234S*r\007\370x>\305D*\007b\276v\316""; queryType: qtINDIRECT; "
1750587302479,1750587302479,0,1,2,1,TMGetLedger,"itype: liBASE; ledgerHash: ""\302\001\313@D\264\016\334\r\034\035\\276\225\314|\234S*r\007\370x>\305D*\007b\276v\316""; ","itype: liBASE; ledgerHash: ""\302\001\313@D\264\016\334\r\034\035\\276\225\314|\234S*r\007\370x>\305D*\007b\276v\316""; "
1750587302479,1750587302479,0,1,2,1,TMGetLedger,"itype: liBASE; ledgerHash: ""\302\001\313@D\264\016\334\r\034\035\\276\225\314|\234S*r\007\370x>\305D*\007b\276v\316""; queryType: qtINDIRECT; ","itype: liBASE; ledgerHash: ""\302\001\313@D\264\016\334\r\034\035\\276\225\314|\234S*r\007\370x>\305D*\007b\276v\316""; queryType: qtINDIRECT; "
1750587302480,1750587302480,0,1,2,1,TMGetLedger,"itype: liBASE; ledgerHash: ""\302\001\313@D\264\016\334\r\034\035\\276\225\314|\234S*r\007\370x>\305D*\007b\276v\316""; requestCookie: 4; queryType: qtINDIRECT; ","itype: liBASE; ledgerHash: ""\302\001\313@D\264\016\334\r\034\035\\276\225\314|\234S*r\007\370x>\305D*\007b\276v\316""; requestCookie: 4; queryType: qtINDIRECT; "
1750587302480,1750587302480,0,1,2,0,TMGetLedger,"itype: liBASE; ledgerHash: ""\302\001\313@D\264\016\334\r\034\035\\276\225\314|\234S*r\007\370x>\305D*\007b\276v\316""; queryType: qtINDIRECT; ","itype: liBASE; ledgerHash: ""\302\001\313@D\264\016\334\r\034\035\\276\225\314|\234S*r\007\370x>\305D*\007b\276v\316""; queryType: qtINDIRECT; "
1750587302481,1750587302481,0,1,1,4,TMLedgerData,"ledgerHash: ""\302\001\313@D\264\016\334\r\034\035\\276\225\314|\234S*r\007\370x>\305D*\007b\276v\316""; ledgerSeq: 13; type: liBASE; nodes {;   nodedata: ""\000\000\000\r\001cEx]\211\377\330\304J\342j\272\270\274\360\307\356\347\200Ywm#\014\233\301\022L\232T\033N\341\232\325\233\227\313\307\000\000\000\000\000\000\000\000\000\000\000\000\000\000\000\000\000\000\000\000\000\000\000\000\000\000\000\000\000\000\000\000\n\336\210GB\271\214\2051\214\332\263\343\354!\215\031\025i\215\007M\377\0271\277-\353h\253\370$/\352\224%/\352\224&\n\000""; }; nodes {;   nodedata: ""h\315\350\215y\203\242]\371\235\232Pt&\325\210eZ\346\237XZ \277\2457n\221\336\253\245\317\002\304\206+8\t]\351\316\373|\311\263V\300\023\035\211\237\260\300\r\033u3a1\203\303\365\307k\347\006E\344\037@\210\363\010\336T\226\247'\204_{\261\370""1\235\2445\343\033Y!\212\201\341\272\225'\007*$\244&\336\343'\233i\332\374\245 {^\306-N\333\gE\006\347\212\331C\211Z\177\247\031\n:\266hzU\267g\202\357\t\270q\326m\341\231\217\321\327\365\020\021\226""\233\016\345\275\210q\243\310\013\202_n)6q\357\2538_-\302\252B\204v\277\254\373\3322Ca\020\243\0105\263\257\367\032\254\016\003""; }; ","ledgerHash: ""\302\001\313@D\264\016\334\r\034\035\\276\225\314|\234S*r\007\370x>\305D*\007b\276v\316""; ledgerSeq: 13; type: liBASE; nodes {;   nodedata: ""\000\000\000\r\001cEx]\211\377\330\304J\342j\272\270\274\360\307\356\347\200Ywm#\014\233\301\022L\232T\033N\341\232\325\233\227\313\307\000\000\000\000\000\000\000\000\000\000\000\000\000\000\000\000\000\000\000\000\000\000\000\000\000\000\000\000\000\000\000\000\n\336\210GB\271\214\2051\214\332\263\343\354!\215\031\025i\215\007M\377\0271\277-\353h\253\370$/\352\224%/\352\224&\n\000""; }; nodes {;   nodedata: ""h\315\350\215y\203\242]\371\235\232Pt&\325\210eZ\346\237XZ \277\2457n\221\336\253\245\317\002\304\206+8\t]\351\316\373|\311\263V\300\023\035\211\237\260\300\r\033u3a1\203\303\365\307k\347\006E\344\037@\210\363\010\336T\226\247'\204_{\261\370""1\235\2445\343\033Y!\212\201\341\272\225'\007*$\244&\336\343'\233i\332\374\245 {^\306-N\333\gE\006\347\212\331C\211Z\177\247\031\n:\266hzU\267g\202\357\t\270q\326m\341\231\217\321\327\365\020\021\226""\233\016\345\275\210q\243\310\013\202_n)6q\357\2538_-\302\252B\204v\277\254\373\3322Ca\020\243\0105\263\257\367\032\254\016\003""; }; "
1750587302481,1750587302481,0,1,1,4,TMLedgerData,"ledgerHash: ""\302\001\313@D\264\016\334\r\034\035\\276\225\314|\234S*r\007\370x>\305D*\007b\276v\316""; ledgerSeq: 13; type: liBASE; nodes {;   nodedata: ""\000\000\000\r\001cEx]\211\377\330\304J\342j\272\270\274\360\307\356\347\200Ywm#\014\233\301\022L\232T\033N\341\232\325\233\227\313\307\000\000\000\000\000\000\000\000\000\000\000\000\000\000\000\000\000\000\000\000\000\000\000\000\000\000\000\000\000\000\000\000\n\336\210GB\271\214\2051\214\332\263\343\354!\215\031\025i\215\007M\377\0271\277-\353h\253\370$/\352\224%/\352\224&\n\000""; }; nodes {;   nodedata: ""h\315\350\215y\203\242]\371\235\232Pt&\325\210eZ\346\237XZ \277\2457n\221\336\253\245\317\002\304\206+8\t]\351\316\373|\311\263V\300\023\035\211\237\260\300\r\033u3a1\203\303\365\307k\347\006E\344\037@\210\363\010\336T\226\247'\204_{\261\370""1\235\2445\343\033Y!\212\201\341\272\225'\007*$\244&\336\343'\233i\332\374\245 {^\306-N\333\gE\006\347\212\331C\211Z\177\247\031\n:\266hzU\267g\202\357\t\270q\326m\341\231\217\321\327\365\020\021\226""\233\016\345\275\210q\243\310\013\202_n)6q\357\2538_-\302\252B\204v\277\254\373\3322Ca\020\243\0105\263\257\367\032\254\016\003""; }; requestCookie: 4; ","ledgerHash: ""\302\001\313@D\264\016\334\r\034\035\\276\225\314|\234S*r\007\370x>\305D*\007b\276v\316""; ledgerSeq: 13; type: liBASE; nodes {;   nodedata: ""\000\000\000\r\001cEx]\211\377\330\304J\342j\272\270\274\360\307\356\347\200Ywm#\014\233\301\022L\232T\033N\341\232\325\233\227\313\307\000\000\000\000\000\000\000\000\000\000\000\000\000\000\000\000\000\000\000\000\000\000\000\000\000\000\000\000\000\000\000\000\n\336\210GB\271\214\2051\214\332\263\343\354!\215\031\025i\215\007M\377\0271\277-\353h\253\370$/\352\224%/\352\224&\n\000""; }; nodes {;   nodedata: ""h\315\350\215y\203\242]\371\235\232Pt&\325\210eZ\346\237XZ \277\2457n\221\336\253\245\317\002\304\206+8\t]\351\316\373|\311\263V\300\023\035\211\237\260\300\r\033u3a1\203\303\365\307k\347\006E\344\037@\210\363\010\336T\226\247'\204_{\261\370""1\235\2445\343\033Y!\212\201\341\272\225'\007*$\244&\336\343'\233i\332\374\245 {^\306-N\333\gE\006\347\212\331C\211Z\177\247\031\n:\266hzU\267g\202\357\t\270q\326m\341\231\217\321\327\365\020\021\226""\233\016\345\275\210q\243\310\013\202_n)6q\357\2538_-\302\252B\204v\277\254\373\3322Ca\020\243\0105\263\257\367\032\254\016\003""; }; requestCookie: 4; "
1750587302482,1750587302482,0,1,1,4,TMLedgerData,"ledgerHash: ""\302\001\313@D\264\016\334\r\034\035\\276\225\314|\234S*r\007\370x>\305D*\007b\276v\316""; ledgerSeq: 13; type: liBASE; nodes {;   nodedata: ""\000\000\000\r\001cEx]\211\377\330\304J\342j\272\270\274\360\307\356\347\200Ywm#\014\233\301\022L\232T\033N\341\232\325\233\227\313\307\000\000\000\000\000\000\000\000\000\000\000\000\000\000\000\000\000\000\000\000\000\000\000\000\000\000\000\000\000\000\000\000\n\336\210GB\271\214\2051\214\332\263\343\354!\215\031\025i\215\007M\377\0271\277-\353h\253\370$/\352\224%/\352\224&\n\000""; }; nodes {;   nodedata: ""h\315\350\215y\203\242]\371\235\232Pt&\325\210eZ\346\237XZ \277\2457n\221\336\253\245\317\002\304\206+8\t]\351\316\373|\311\263V\300\023\035\211\237\260\300\r\033u3a1\203\303\365\307k\347\006E\344\037@\210\363\010\336T\226\247'\204_{\261\370""1\235\2445\343\033Y!\212\201\341\272\225'\007*$\244&\336\343'\233i\332\374\245 {^\306-N\333\gE\006\347\212\331C\211Z\177\247\031\n:\266hzU\267g\202\357\t\270q\326m\341\231\217\321\327\365\020\021\226""\233\016\345\275\210q\243\310\013\202_n)6q\357\2538_-\302\252B\204v\277\254\373\3322Ca\020\243\0105\263\257\367\032\254\016\003""; }; requestCookie: 1; ","ledgerHash: ""\302\001\313@D\264\016\334\r\034\035\\276\225\314|\234S*r\007\370x>\305D*\007b\276v\316""; ledgerSeq: 13; type: liBASE; nodes {;   nodedata: ""\000\000\000\r\001cEx]\211\377\330\304J\342j\272\270\274\360\307\356\347\200Ywm#\014\233\301\022L\232T\033N\341\232\325\233\227\313\307\000\000\000\000\000\000\000\000\000\000\000\000\000\000\000\000\000\000\000\000\000\000\000\000\000\000\000\000\000\000\000\000\n\336\210GB\271\214\2051\214\332\263\343\354!\215\031\025i\215\007M\377\0271\277-\353h\253\370$/\352\224%/\352\224&\n\000""; }; nodes {;   nodedata: ""h\315\350\215y\203\242]\371\235\232Pt&\325\210eZ\346\237XZ \277\2457n\221\336\253\245\317\002\304\206+8\t]\351\316\373|\311\263V\300\023\035\211\237\260\300\r\033u3a1\203\303\365\307k\347\006E\344\037@\210\363\010\336T\226\247'\204_{\261\370""1\235\2445\343\033Y!\212\201\341\272\225'\007*$\244&\336\343'\233i\332\374\245 {^\306-N\333\gE\006\347\212\331C\211Z\177\247\031\n:\266hzU\267g\202\357\t\270q\326m\341\231\217\321\327\365\020\021\226""\233\016\345\275\210q\243\310\013\202_n)6q\357\2538_-\302\252B\204v\277\254\373\3322Ca\020\243\0105\263\257\367\032\254\016\003""; }; requestCookie: 1; "
1750587302482,1750587302482,0,1,1,4,TMLedgerData,"ledgerHash: ""\302\001\313@D\264\016\334\r\034\035\\276\225\314|\234S*r\007\370x>\305D*\007b\276v\316""; ledgerSeq: 13; type: liBASE; nodes {;   nodedata: ""\000\000\000\r\001cEx]\211\377\330\304J\342j\272\270\274\360\307\356\347\200Ywm#\014\233\301\022L\232T\033N\341\232\325\233\227\313\307\000\000\000\000\000\000\000\000\000\000\000\000\000\000\000\000\000\000\000\000\000\000\000\000\000\000\000\000\000\000\000\000\n\336\210GB\271\214\2051\214\332\263\343\354!\215\031\025i\215\007M\377\0271\277-\353h\253\370$/\352\224%/\352\224&\n\000""; }; nodes {;   nodedata: ""h\315\350\215y\203\242]\371\235\232Pt&\325\210eZ\346\237XZ \277\2457n\221\336\253\245\317\002\304\206+8\t]\351\316\373|\311\263V\300\023\035\211\237\260\300\r\033u3a1\203\303\365\307k\347\006E\344\037@\210\363\010\336T\226\247'\204_{\261\370""1\235\2445\343\033Y!\212\201\341\272\225'\007*$\244&\336\343'\233i\332\374\245 {^\306-N\333\gE\006\347\212\331C\211Z\177\247\031\n:\266hzU\267g\202\357\t\270q\326m\341\231\217\321\327\365\020\021\226""\233\016\345\275\210q\243\310\013\202_n)6q\357\2538_-\302\252B\204v\277\254\373\3322Ca\020\243\0105\263\257\367\032\254\016\003""; }; requestCookie: 3; ","ledgerHash: ""\302\001\313@D\264\016\334\r\034\035\\276\225\314|\234S*r\007\370x>\305D*\007b\276v\316""; ledgerSeq: 13; type: liBASE; nodes {;   nodedata: ""\000\000\000\r\001cEx]\211\377\330\304J\342j\272\270\274\360\307\356\347\200Ywm#\014\233\301\022L\232T\033N\341\232\325\233\227\313\307\000\000\000\000\000\000\000\000\000\000\000\000\000\000\000\000\000\000\000\000\000\000\000\000\000\000\000\000\000\000\000\000\n\336\210GB\271\214\2051\214\332\263\343\354!\215\031\025i\215\007M\377\0271\277-\353h\253\370$/\352\224%/\352\224&\n\000""; }; nodes {;   nodedata: ""h\315\350\215y\203\242]\371\235\232Pt&\325\210eZ\346\237XZ \277\2457n\221\336\253\245\317\002\304\206+8\t]\351\316\373|\311\263V\300\023\035\211\237\260\300\r\033u3a1\203\303\365\307k\347\006E\344\037@\210\363\010\336T\226\247'\204_{\261\370""1\235\2445\343\033Y!\212\201\341\272\225'\007*$\244&\336\343'\233i\332\374\245 {^\306-N\333\gE\006\347\212\331C\211Z\177\247\031\n:\266hzU\267g\202\357\t\270q\326m\341\231\217\321\327\365\020\021\226""\233\016\345\275\210q\243\310\013\202_n)6q\357\2538_-\302\252B\204v\277\254\373\3322Ca\020\243\0105\263\257\367\032\254\016\003""; }; requestCookie: 3; "
1750587302483,1750587302483,0,1,0,1,TMGetLedger,"itype: liAS_NODE; ledgerHash: ""\302\001\313@D\264\016\334\r\034\035\\276\225\314|\234S*r\007\370x>\305D*\007b\276v\316""; ledgerSeq: 13; nodeIDs: ""\260\000\000\000\000\000\000\000\000\000\000\000\000\000\000\000\000\000\000\000\000\000\000\000\000\000\000\000\000\000\000\000\001""; queryType: qtINDIRECT; queryDepth: 1; ","itype: liAS_NODE; ledgerHash: ""\302\001\313@D\264\016\334\r\034\035\\276\225\314|\234S*r\007\370x>\305D*\007b\276v\316""; ledgerSeq: 13; nodeIDs: ""\260\000\000\000\000\000\000\000\000\000\000\000\000\000\000\000\000\000\000\000\000\000\000\000\000\000\000\000\000\000\000\000\001""; queryType: qtINDIRECT; queryDepth: 1; "
1750587302483,1750587302483,0,1,0,4,TMLedgerData,"ledgerHash: ""\302\001\313@D\264\016\334\r\034\035\\276\225\314|\234S*r\007\370x>\305D*\007b\276v\316""; ledgerSeq: 13; type: liBASE; nodes {;   nodedata: ""\000\000\000\r\001cEx]\211\377\330\304J\342j\272\270\274\360\307\356\347\200Ywm#\014\233\301\022L\232T\033N\341\232\325\233\227\313\307\000\000\000\000\000\000\000\000\000\000\000\000\000\000\000\000\000\000\000\000\000\000\000\000\000\000\000\000\000\000\000\000\n\336\210GB\271\214\2051\214\332\263\343\354!\215\031\025i\215\007M\377\0271\277-\353h\253\370$/\352\224%/\352\224&\n\000""; }; nodes {;   nodedata: ""h\315\350\215y\203\242]\371\235\232Pt&\325\210eZ\346\237XZ \277\2457n\221\336\253\245\317\002\304\206+8\t]\351\316\373|\311\263V\300\023\035\211\237\260\300\r\033u3a1\203\303\365\307k\347\006E\344\037@\210\363\010\336T\226\247'\204_{\261\370""1\235\2445\343\033Y!\212\201\341\272\225'\007*$\244&\336\343'\233i\332\374\245 {^\306-N\333\gE\006\347\212\331C\211Z\177\247\031\n:\266hzU\267g\202\357\t\270q\326m\341\231\217\321\327\365\020\021\226""\233\016\345\275\210q\243\310\013\202_n)6q\357\2538_-\302\252B\204v\277\254\373\3322Ca\020\243\0105\263\257\367\032\254\016\003""; }; ","ledgerHash: ""\302\001\313@D\264\016\334\r\034\035\\276\225\314|\234S*r\007\370x>\305D*\007b\276v\316""; ledgerSeq: 13; type: liBASE; nodes {;   nodedata: ""\000\000\000\r\001cEx]\211\377\330\304J\342j\272\270\274\360\307\356\347\200Ywm#\014\233\301\022L\232T\033N\341\232\325\233\227\313\307\000\000\000\000\000\000\000\000\000\000\000\000\000\000\000\000\000\000\000\000\000\000\000\000\000\000\000\000\000\000\000\000\n\336\210GB\271\214\2051\214\332\263\343\354!\215\031\025i\215\007M\377\0271\277-\353h\253\370$/\352\224%/\352\224&\n\000""; }; nodes {;   nodedata: ""h\315\350\215y\203\242]\371\235\232Pt&\325\210eZ\346\237XZ \277\2457n\221\336\253\245\317\002\304\206+8\t]\351\316\373|\311\263V\300\023\035\211\237\260\300\r\033u3a1\203\303\365\307k\347\006E\344\037@\210\363\010\336T\226\247'\204_{\261\370""1\235\2445\343\033Y!\212\201\341\272\225'\007*$\244&\336\343'\233i\332\374\245 {^\306-N\333\gE\006\347\212\331C\211Z\177\247\031\n:\266hzU\267g\202\357\t\270q\326m\341\231\217\321\327\365\020\021\226""\233\016\345\275\210q\243\310\013\202_n)6q\357\2538_-\302\252B\204v\277\254\373\3322Ca\020\243\0105\263\257\367\032\254\016\003""; }; "
1750587302484,1750587302484,0,1,1,3,TMLedgerData,"ledgerHash: ""\302\001\313@D\264\016\334\r\034\035\\276\225\314|\234S*r\007\370x>\305D*\007b\276v\316""; ledgerSeq: 13; type: liBASE; nodes {;   nodedata: ""\000\000\000\r\001cEx]\211\377\330\304J\342j\272\270\274\360\307\356\347\200Ywm#\014\233\301\022L\232T\033N\341\232\325\233\227\313\307\000\000\000\000\000\000\000\000\000\000\000\000\000\000\000\000\000\000\000\000\000\000\000\000\000\000\000\000\000\000\000\000\n\336\210GB\271\214\2051\214\332\263\343\354!\215\031\025i\215\007M\377\0271\277-\353h\253\370$/\352\224%/\352\224&\n\000""; }; nodes {;   nodedata: ""h\315\350\215y\203\242]\371\235\232Pt&\325\210eZ\346\237XZ \277\2457n\221\336\253\245\317\002\304\206+8\t]\351\316\373|\311\263V\300\023\035\211\237\260\300\r\033u3a1\203\303\365\307k\347\006E\344\037@\210\363\010\336T\226\247'\204_{\261\370""1\235\2445\343\033Y!\212\201\341\272\225'\007*$\244&\336\343'\233i\332\374\245 {^\306-N\333\gE\006\347\212\331C\211Z\177\247\031\n:\266hzU\267g\202\357\t\270q\326m\341\231\217\321\327\365\020\021\226""\233\016\345\275\210q\243\310\013\202_n)6q\357\2538_-\302\252B\204v\277\254\373\3322Ca\020\243\0105\263\257\367\032\254\016\003""; }; ","ledgerHash: ""\302\001\313@D\264\016\334\r\034\035\\276\225\314|\234S*r\007\370x>\305D*\007b\276v\316""; ledgerSeq: 13; type: liBASE; nodes {;   nodedata: ""\000\000\000\r\001cEx]\211\377\330\304J\342j\272\270\274\360\307\356\347\200Ywm#\014\233\301\022L\232T\033N\341\232\325\233\227\313\307\000\000\000\000\000\000\000\000\000\000\000\000\000\000\000\000\000\000\000\000\000\000\000\000\000\000\000\000\000\000\000\000\n\336\210GB\271\214\2051\214\332\263\343\354!\215\031\025i\215\007M\377\0271\277-\353h\253\370$/\352\224%/\352\224&\n\000""; }; nodes {;   nodedata: ""h\315\350\215y\203\242]\371\235\232Pt&\325\210eZ\346\237XZ \277\2457n\221\336\253\245\317\002\304\206+8\t]\351\316\373|\311\263V\300\023\035\211\237\260\300\r\033u3a1\203\303\365\307k\347\006E\344\037@\210\363\010\336T\226\247'\204_{\261\370""1\235\2445\343\033Y!\212\201\341\272\225'\007*$\244&\336\343'\233i\332\374\245 {^\306-N\333\gE\006\347\212\331C\211Z\177\247\031\n:\266hzU\267g\202\357\t\270q\326m\341\231\217\321\327\365\020\021\226""\233\016\345\275\210q\243\310\013\202_n)6q\357\2538_-\302\252B\204v\277\254\373\3322Ca\020\243\0105\263\257\367\032\254\016\003""; }; "
1750587302484,1750587302484,0,1,1,3,TMLedgerData,"ledgerHash: ""\302\001\313@D\264\016\334\r\034\035\\276\225\314|\234S*r\007\370x>\305D*\007b\276v\316""; ledgerSeq: 13; type: liBASE; nodes {;   nodedata: ""\000\000\000\r\001cEx]\211\377\330\304J\342j\272\270\274\360\307\356\347\200Ywm#\014\233\301\022L\232T\033N\341\232\325\233\227\313\307\000\000\000\000\000\000\000\000\000\000\000\000\000\000\000\000\000\000\000\000\000\000\000\000\000\000\000\000\000\000\000\000\n\336\210GB\271\214\2051\214\332\263\343\354!\215\031\025i\215\007M\377\0271\277-\353h\253\370$/\352\224%/\352\224&\n\000""; }; nodes {;   nodedata: ""h\315\350\215y\203\242]\371\235\232Pt&\325\210eZ\346\237XZ \277\2457n\221\336\253\245\317\002\304\206+8\t]\351\316\373|\311\263V\300\023\035\211\237\260\300\r\033u3a1\203\303\365\307k\347\006E\344\037@\210\363\010\336T\226\247'\204_{\261\370""1\235\2445\343\033Y!\212\201\341\272\225'\007*$\244&\336\343'\233i\332\374\245 {^\306-N\333\gE\006\347\212\331C\211Z\177\247\031\n:\266hzU\267g\202\357\t\270q\326m\341\231\217\321\327\365\020\021\226""\233\016\345\275\210q\243\310\013\202_n)6q\357\2538_-\302\252B\204v\277\254\373\3322Ca\020\243\0105\263\257\367\032\254\016\003""; }; ","ledgerHash: ""\302\001\313@D\264\016\334\r\034\035\\276\225\314|\234S*r\007\370x>\305D*\007b\276v\316""; ledgerSeq: 13; type: liBASE; nodes {;   nodedata: ""\000\000\000\r\001cEx]\211\377\330\304J\342j\272\270\274\360\307\356\347\200Ywm#\014\233\301\022L\232T\033N\341\232\325\233\227\313\307\000\000\000\000\000\000\000\000\000\000\000\000\000\000\000\000\000\000\000\000\000\000\000\000\000\000\000\000\000\000\000\000\n\336\210GB\271\214\2051\214\332\263\343\354!\215\031\025i\215\007M\377\0271\277-\353h\253\370$/\352\224%/\352\224&\n\000""; }; nodes {;   nodedata: ""h\315\350\215y\203\242]\371\235\232Pt&\325\210eZ\346\237XZ \277\2457n\221\336\253\245\317\002\304\206+8\t]\351\316\373|\311\263V\300\023\035\211\237\260\300\r\033u3a1\203\303\365\307k\347\006E\344\037@\210\363\010\336T\226\247'\204_{\261\370""1\235\2445\343\033Y!\212\201\341\272\225'\007*$\244&\336\343'\233i\332\374\245 {^\306-N\333\gE\006\347\212\331C\211Z\177\247\031\n:\266hzU\267g\202\357\t\270q\326m\341\231\217\321\327\365\020\021\226""\233\016\345\275\210q\243\310\013\202_n)6q\357\2538_-\302\252B\204v\277\254\373\3322Ca\020\243\0105\263\257\367\032\254\016\003""; }; "
1750587302485,1750587302485,0,1,1,3,TMLedgerData,"ledgerHash: ""\302\001\313@D\264\016\334\r\034\035\\276\225\314|\234S*r\007\370x>\305D*\007b\276v\316""; ledgerSeq: 13; type: liBASE; nodes {;   nodedata: ""\000\000\000\r\001cEx]\211\377\330\304J\342j\272\270\274\360\307\356\347\200Ywm#\014\233\301\022L\232T\033N\341\232\325\233\227\313\307\000\000\000\000\000\000\000\000\000\000\000\000\000\000\000\000\000\000\000\000\000\000\000\000\000\000\000\000\000\000\000\000\n\336\210GB\271\214\2051\214\332\263\343\354!\215\031\025i\215\007M\377\0271\277-\353h\253\370$/\352\224%/\352\224&\n\000""; }; nodes {;   nodedata: ""h\315\350\215y\203\242]\371\235\232Pt&\325\210eZ\346\237XZ \277\2457n\221\336\253\245\317\002\304\206+8\t]\351\316\373|\311\263V\300\023\035\211\237\260\300\r\033u3a1\203\303\365\307k\347\006E\344\037@\210\363\010\336T\226\247'\204_{\261\370""1\235\2445\343\033Y!\212\201\341\272\225'\007*$\244&\336\343'\233i\332\374\245 {^\306-N\333\gE\006\347\212\331C\211Z\177\247\031\n:\266hzU\267g\202\357\t\270q\326m\341\231\217\321\327\365\020\021\226""\233\016\345\275\210q\243\310\013\202_n)6q\357\2538_-\302\252B\204v\277\254\373\3322Ca\020\243\0105\263\257\367\032\254\016\003""; }; requestCookie: 4; ","ledgerHash: ""\302\001\313@D\264\016\334\r\034\035\\276\225\314|\234S*r\007\370x>\305D*\007b\276v\316""; ledgerSeq: 13; type: liBASE; nodes {;   nodedata: ""\000\000\000\r\001cEx]\211\377\330\304J\342j\272\270\274\360\307\356\347\200Ywm#\014\233\301\022L\232T\033N\341\232\325\233\227\313\307\000\000\000\000\000\000\000\000\000\000\000\000\000\000\000\000\000\000\000\000\000\000\000\000\000\000\000\000\000\000\000\000\n\336\210GB\271\214\2051\214\332\263\343\354!\215\031\025i\215\007M\377\0271\277-\353h\253\370$/\352\224%/\352\224&\n\000""; }; nodes {;   nodedata: ""h\315\350\215y\203\242]\371\235\232Pt&\325\210eZ\346\237XZ \277\2457n\221\336\253\245\317\002\304\206+8\t]\351\316\373|\311\263V\300\023\035\211\237\260\300\r\033u3a1\203\303\365\307k\347\006E\344\037@\210\363\010\336T\226\247'\204_{\261\370""1\235\2445\343\033Y!\212\201\341\272\225'\007*$\244&\336\343'\233i\332\374\245 {^\306-N\333\gE\006\347\212\331C\211Z\177\247\031\n:\266hzU\267g\202\357\t\270q\326m\341\231\217\321\327\365\020\021\226""\233\016\345\275\210q\243\310\013\202_n)6q\357\2538_-\302\252B\204v\277\254\373\3322Ca\020\243\0105\263\257\367\032\254\016\003""; }; requestCookie: 4; "
1750587302485,1750587302485,0,1,0,1,TMGetLedger,"itype: liBASE; ledgerHash: ""\302\001\313@D\264\016\334\r\034\035\\276\225\314|\234S*r\007\370x>\305D*\007b\276v\316""; requestCookie: 4; queryType: qtINDIRECT; ","itype: liBASE; ledgerHash: ""\302\001\313@D\264\016\334\r\034\035\\276\225\314|\234S*r\007\370x>\305D*\007b\276v\316""; requestCookie: 4; queryType: qtINDIRECT; "
1750587302486,1750587302486,0,1,1,2,TMLedgerData,"ledgerHash: ""\302\001\313@D\264\016\334\r\034\035\\276\225\314|\234S*r\007\370x>\305D*\007b\276v\316""; ledgerSeq: 13; type: liBASE; nodes {;   nodedata: ""\000\000\000\r\001cEx]\211\377\330\304J\342j\272\270\274\360\307\356\347\200Ywm#\014\233\301\022L\232T\033N\341\232\325\233\227\313\307\000\000\000\000\000\000\000\000\000\000\000\000\000\000\000\000\000\000\000\000\000\000\000\000\000\000\000\000\000\000\000\000\n\336\210GB\271\214\2051\214\332\263\343\354!\215\031\025i\215\007M\377\0271\277-\353h\253\370$/\352\224%/\352\224&\n\000""; }; nodes {;   nodedata: ""h\315\350\215y\203\242]\371\235\232Pt&\325\210eZ\346\237XZ \277\2457n\221\336\253\245\317\002\304\206+8\t]\351\316\373|\311\263V\300\023\035\211\237\260\300\r\033u3a1\203\303\365\307k\347\006E\344\037@\210\363\010\336T\226\247'\204_{\261\370""1\235\2445\343\033Y!\212\201\341\272\225'\007*$\244&\336\343'\233i\332\374\245 {^\306-N\333\gE\006\347\212\331C\211Z\177\247\031\n:\266hzU\267g\202\357\t\270q\326m\341\231\217\321\327\365\020\021\226""\233\016\345\275\210q\243\310\013\202_n)6q\357\2538_-\302\252B\204v\277\254\373\3322Ca\020\243\0105\263\257\367\032\254\016\003""; }; ","ledgerHash: ""\302\001\313@D\264\016\334\r\034\035\\276\225\314|\234S*r\007\370x>\305D*\007b\276v\316""; ledgerSeq: 13; type: liBASE; nodes {;   nodedata: ""\000\000\000\r\001cEx]\211\377\330\304J\342j\272\270\274\360\307\356\347\200Ywm#\014\233\301\022L\232T\033N\341\232\325\233\227\313\307\000\000\000\000\000\000\000\000\000\000\000\000\000\000\000\000\000\000\000\000\000\000\000\000\000\000\000\000\000\000\000\000\n\336\210GB\271\214\2051\214\332\263\343\354!\215\031\025i\215\007M\377\0271\277-\353h\253\370$/\352\224%/\352\224&\n\000""; }; nodes {;   nodedata: ""h\315\350\215y\203\242]\371\235\232Pt&\325\210eZ\346\237XZ \277\2457n\221\336\253\245\317\002\304\206+8\t]\351\316\373|\311\263V\300\023\035\211\237\260\300\r\033u3a1\203\303\365\307k\347\006E\344\037@\210\363\010\336T\226\247'\204_{\261\370""1\235\2445\343\033Y!\212\201\341\272\225'\007*$\244&\336\343'\233i\332\374\245 {^\306-N\333\gE\006\347\212\331C\211Z\177\247\031\n:\266hzU\267g\202\357\t\270q\326m\341\231\217\321\327\365\020\021\226""\233\016\345\275\210q\243\310\013\202_n)6q\357\2538_-\302\252B\204v\277\254\373\3322Ca\020\243\0105\263\257\367\032\254\016\003""; }; "
1750587302486,1750587302486,0,1,1,2,TMLedgerData,"ledgerHash: ""\302\001\313@D\264\016\334\r\034\035\\276\225\314|\234S*r\007\370x>\305D*\007b\276v\316""; ledgerSeq: 13; type: liBASE; nodes {;   nodedata: ""\000\000\000\r\001cEx]\211\377\330\304J\342j\272\270\274\360\307\356\347\200Ywm#\014\233\301\022L\232T\033N\341\232\325\233\227\313\307\000\000\000\000\000\000\000\000\000\000\000\000\000\000\000\000\000\000\000\000\000\000\000\000\000\000\000\000\000\000\000\000\n\336\210GB\271\214\2051\214\332\263\343\354!\215\031\025i\215\007M\377\0271\277-\353h\253\370$/\352\224%/\352\224&\n\000""; }; nodes {;   nodedata: ""h\315\350\215y\203\242]\371\235\232Pt&\325\210eZ\346\237XZ \277\2457n\221\336\253\245\317\002\304\206+8\t]\351\316\373|\311\263V\300\023\035\211\237\260\300\r\033u3a1\203\303\365\307k\347\006E\344\037@\210\363\010\336T\226\247'\204_{\261\370""1\235\2445\343\033Y!\212\201\341\272\225'\007*$\244&\336\343'\233i\332\374\245 {^\306-N\333\gE\006\347\212\331C\211Z\177\247\031\n:\266hzU\267g\202\357\t\270q\326m\341\231\217\321\327\365\020\021\226""\233\016\345\275\210q\243\310\013\202_n)6q\357\2538_-\302\252B\204v\277\254\373\3322Ca\020\243\0105\263\257\367\032\254\016\003""; }; ","ledgerHash: ""\302\001\313@D\264\016\334\r\034\035\\276\225\314|\234S*r\007\370x>\305D*\007b\276v\316""; ledgerSeq: 13; type: liBASE; nodes {;   nodedata: ""\000\000\000\r\001cEx]\211\377\330\304J\342j\272\270\274\360\307\356\347\200Ywm#\014\233\301\022L\232T\033N\341\232\325\233\227\313\307\000\000\000\000\000\000\000\000\000\000\000\000\000\000\000\000\000\000\000\000\000\000\000\000\000\000\000\000\000\000\000\000\n\336\210GB\271\214\2051\214\332\263\343\354!\215\031\025i\215\007M\377\0271\277-\353h\253\370$/\352\224%/\352\224&\n\000""; }; nodes {;   nodedata: ""h\315\350\215y\203\242]\371\235\232Pt&\325\210eZ\346\237XZ \277\2457n\221\336\253\245\317\002\304\206+8\t]\351\316\373|\311\263V\300\023\035\211\237\260\300\r\033u3a1\203\303\365\307k\347\006E\344\037@\210\363\010\336T\226\247'\204_{\261\370""1\235\2445\343\033Y!\212\201\341\272\225'\007*$\244&\336\343'\233i\332\374\245 {^\306-N\333\gE\006\347\212\331C\211Z\177\247\031\n:\266hzU\267g\202\357\t\270q\326m\341\231\217\321\327\365\020\021\226""\233\016\345\275\210q\243\310\013\202_n)6q\357\2538_-\302\252B\204v\277\254\373\3322Ca\020\243\0105\263\257\367\032\254\016\003""; }; "
1750587302486,1750587302487,0,1,1,2,TMLedgerData,"ledgerHash: ""\302\001\313@D\264\016\334\r\034\035\\276\225\314|\234S*r\007\370x>\305D*\007b\276v\316""; ledgerSeq: 13; type: liBASE; nodes {;   nodedata: ""\000\000\000\r\001cEx]\211\377\330\304J\342j\272\270\274\360\307\356\347\200Ywm#\014\233\301\022L\232T\033N\341\232\325\233\227\313\307\000\000\000\000\000\000\000\000\000\000\000\000\000\000\000\000\000\000\000\000\000\000\000\000\000\000\000\000\000\000\000\000\n\336\210GB\271\214\2051\214\332\263\343\354!\215\031\025i\215\007M\377\0271\277-\353h\253\370$/\352\224%/\352\224&\n\000""; }; nodes {;   nodedata: ""h\315\350\215y\203\242]\371\235\232Pt&\325\210eZ\346\237XZ \277\2457n\221\336\253\245\317\002\304\206+8\t]\351\316\373|\311\263V\300\023\035\211\237\260\300\r\033u3a1\203\303\365\307k\347\006E\344\037@\210\363\010\336T\226\247'\204_{\261\370""1\235\2445\343\033Y!\212\201\341\272\225'\007*$\244&\336\343'\233i\332\374\245 {^\306-N\333\gE\006\347\212\331C\211Z\177\247\031\n:\266hzU\267g\202\357\t\270q\326m\341\231\217\321\327\365\020\021\226""\233\016\345\275\210q\243\310\013\202_n)6q\357\2538_-\302\252B\204v\277\254\373\3322Ca\020\243\0105\263\257\367\032\254\016\003""; }; requestCookie: 4; ","ledgerHash: ""\302\001\313@D\264\016\334\r\034\035\\276\225\314|\234S*r\007\370x>\305D*\007b\276v\316""; ledgerSeq: 13; type: liBASE; nodes {;   nodedata: ""\000\000\000\r\001cEx]\211\377\330\304J\342j\272\270\274\360\307\356\347\200Ywm#\014\233\301\022L\232T\033N\341\232\325\233\227\313\307\000\000\000\000\000\000\000\000\000\000\000\000\000\000\000\000\000\000\000\000\000\000\000\000\000\000\000\000\000\000\000\000\n\336\210GB\271\214\2051\214\332\263\343\354!\215\031\025i\215\007M\377\0271\277-\353h\253\370$/\352\224%/\352\224&\n\000""; }; nodes {;   nodedata: ""h\315\350\215y\203\242]\371\235\232Pt&\325\210eZ\346\237XZ \277\2457n\221\336\253\245\317\002\304\206+8\t]\351\316\373|\311\263V\300\023\035\211\237\260\300\r\033u3a1\203\303\365\307k\347\006E\344\037@\210\363\010\336T\226\247'\204_{\261\370""1\235\2445\343\033Y!\212\201\341\272\225'\007*$\244&\336\343'\233i\332\374\245 {^\306-N\333\gE\006\347\212\331C\211Z\177\247\031\n:\266hzU\267g\202\357\t\270q\326m\341\231\217\321\327\365\020\021\226""\233\016\345\275\210q\243\310\013\202_n)6q\357\2538_-\302\252B\204v\277\254\373\3322Ca\020\243\0105\263\257\367\032\254\016\003""; }; requestCookie: 4; "
1750587302487,1750587302487,0,1,4,1,TMGetLedger,"itype: liAS_NODE; ledgerHash: ""\302\001\313@D\264\016\334\r\034\035\\276\225\314|\234S*r\007\370x>\305D*\007b\276v\316""; ledgerSeq: 13; nodeIDs: ""\260\000\000\000\000\000\000\000\000\000\000\000\000\000\000\000\000\000\000\000\000\000\000\000\000\000\000\000\000\000\000\000\001""; queryType: qtINDIRECT; queryDepth: 1; ","itype: liAS_NODE; ledgerHash: ""\302\001\313@D\264\016\334\r\034\035\\276\225\314|\234S*r\007\370x>\305D*\007b\276v\316""; ledgerSeq: 13; nodeIDs: ""\260\000\000\000\000\000\000\000\000\000\000\000\000\000\000\000\000\000\000\000\000\000\000\000\000\000\000\000\000\000\000\000\001""; queryType: qtINDIRECT; queryDepth: 1; "
1750587302487,1750587302488,0,1,4,3,TMLedgerData,"ledgerHash: ""\302\001\313@D\264\016\334\r\034\035\\276\225\314|\234S*r\007\370x>\305D*\007b\276v\316""; ledgerSeq: 13; type: liBASE; nodes {;   nodedata: ""\000\000\000\r\001cEx]\211\377\330\304J\342j\272\270\274\360\307\356\347\200Ywm#\014\233\301\022L\232T\033N\341\232\325\233\227\313\307\000\000\000\000\000\000\000\000\000\000\000\000\000\000\000\000\000\000\000\000\000\000\000\000\000\000\000\000\000\000\000\000\n\336\210GB\271\214\2051\214\332\263\343\354!\215\031\025i\215\007M\377\0271\277-\353h\253\370$/\352\224%/\352\224&\n\000""; }; nodes {;   nodedata: ""h\315\350\215y\203\242]\371\235\232Pt&\325\210eZ\346\237XZ \277\2457n\221\336\253\245\317\002\304\206+8\t]\351\316\373|\311\263V\300\023\035\211\237\260\300\r\033u3a1\203\303\365\307k\347\006E\344\037@\210\363\010\336T\226\247'\204_{\261\370""1\235\2445\343\033Y!\212\201\341\272\225'\007*$\244&\336\343'\233i\332\374\245 {^\306-N\333\gE\006\347\212\331C\211Z\177\247\031\n:\266hzU\267g\202\357\t\270q\326m\341\231\217\321\327\365\020\021\226""\233\016\345\275\210q\243\310\013\202_n)6q\357\2538_-\302\252B\204v\277\254\373\3322Ca\020\243\0105\263\257\367\032\254\016\003""; }; ","ledgerHash: ""\302\001\313@D\264\016\334\r\034\035\\276\225\314|\234S*r\007\370x>\305D*\007b\276v\316""; ledgerSeq: 13; type: liBASE; nodes {;   nodedata: ""\000\000\000\r\001cEx]\211\377\330\304J\342j\272\270\274\360\307\356\347\200Ywm#\014\233\301\022L\232T\033N\341\232\325\233\227\313\307\000\000\000\000\000\000\000\000\000\000\000\000\000\000\000\000\000\000\000\000\000\000\000\000\000\000\000\000\000\000\000\000\n\336\210GB\271\214\2051\214\332\263\343\354!\215\031\025i\215\007M\377\0271\277-\353h\253\370$/\352\224%/\352\224&\n\000""; }; nodes {;   nodedata: ""h\315\350\215y\203\242]\371\235\232Pt&\325\210eZ\346\237XZ \277\2457n\221\336\253\245\317\002\304\206+8\t]\351\316\373|\311\263V\300\023\035\211\237\260\300\r\033u3a1\203\303\365\307k\347\006E\344\037@\210\363\010\336T\226\247'\204_{\261\370""1\235\2445\343\033Y!\212\201\341\272\225'\007*$\244&\336\343'\233i\332\374\245 {^\306-N\333\gE\006\347\212\331C\211Z\177\247\031\n:\266hzU\267g\202\357\t\270q\326m\341\231\217\321\327\365\020\021\226""\233\016\345\275\210q\243\310\013\202_n)6q\357\2538_-\302\252B\204v\277\254\373\3322Ca\020\243\0105\263\257\367\032\254\016\003""; }; "
1750587302488,1750587302488,0,1,4,0,TMLedgerData,"ledgerHash: ""\302\001\313@D\264\016\334\r\034\035\\276\225\314|\234S*r\007\370x>\305D*\007b\276v\316""; ledgerSeq: 13; type: liBASE; nodes {;   nodedata: ""\000\000\000\r\001cEx]\211\377\330\304J\342j\272\270\274\360\307\356\347\200Ywm#\014\233\301\022L\232T\033N\341\232\325\233\227\313\307\000\000\000\000\000\000\000\000\000\000\000\000\000\000\000\000\000\000\000\000\000\000\000\000\000\000\000\000\000\000\000\000\n\336\210GB\271\214\2051\214\332\263\343\354!\215\031\025i\215\007M\377\0271\277-\353h\253\370$/\352\224%/\352\224&\n\000""; }; nodes {;   nodedata: ""h\315\350\215y\203\242]\371\235\232Pt&\325\210eZ\346\237XZ \277\2457n\221\336\253\245\317\002\304\206+8\t]\351\316\373|\311\263V\300\023\035\211\237\260\300\r\033u3a1\203\303\365\307k\347\006E\344\037@\210\363\010\336T\226\247'\204_{\261\370""1\235\2445\343\033Y!\212\201\341\272\225'\007*$\244&\336\343'\233i\332\374\245 {^\306-N\333\gE\006\347\212\331C\211Z\177\247\031\n:\266hzU\267g\202\357\t\270q\326m\341\231\217\321\327\365\020\021\226""\233\016\345\275\210q\243\310\013\202_n)6q\357\2538_-\302\252B\204v\277\254\373\3322Ca\020\243\0105\263\257\367\032\254\016\003""; }; ","ledgerHash: ""\302\001\313@D\264\016\334\r\034\035\\276\225\314|\234S*r\007\370x>\305D*\007b\276v\316""; ledgerSeq: 13; type: liBASE; nodes {;   nodedata: ""\000\000\000\r\001cEx]\211\377\330\304J\342j\272\270\274\360\307\356\347\200Ywm#\014\233\301\022L\232T\033N\341\232\325\233\227\313\307\000\000\000\000\000\000\000\000\000\000\000\000\000\000\000\000\000\000\000\000\000\000\000\000\000\000\000\000\000\000\000\000\n\336\210GB\271\214\2051\214\332\263\343\354!\215\031\025i\215\007M\377\0271\277-\353h\253\370$/\352\224%/\352\224&\n\000""; }; nodes {;   nodedata: ""h\315\350\215y\203\242]\371\235\232Pt&\325\210eZ\346\237XZ \277\2457n\221\336\253\245\317\002\304\206+8\t]\351\316\373|\311\263V\300\023\035\211\237\260\300\r\033u3a1\203\303\365\307k\347\006E\344\037@\210\363\010\336T\226\247'\204_{\261\370""1\235\2445\343\033Y!\212\201\341\272\225'\007*$\244&\336\343'\233i\332\374\245 {^\306-N\333\gE\006\347\212\331C\211Z\177\247\031\n:\266hzU\267g\202\357\t\270q\326m\341\231\217\321\327\365\020\021\226""\233\016\345\275\210q\243\310\013\202_n)6q\357\2538_-\302\252B\204v\277\254\373\3322Ca\020\243\0105\263\257\367\032\254\016\003""; }; "
1750587302489,1750587302489,0,1,4,2,TMLedgerData,"ledgerHash: ""\302\001\313@D\264\016\334\r\034\035\\276\225\314|\234S*r\007\370x>\305D*\007b\276v\316""; ledgerSeq: 13; type: liBASE; nodes {;   nodedata: ""\000\000\000\r\001cEx]\211\377\330\304J\342j\272\270\274\360\307\356\347\200Ywm#\014\233\301\022L\232T\033N\341\232\325\233\227\313\307\000\000\000\000\000\000\000\000\000\000\000\000\000\000\000\000\000\000\000\000\000\000\000\000\000\000\000\000\000\000\000\000\n\336\210GB\271\214\2051\214\332\263\343\354!\215\031\025i\215\007M\377\0271\277-\353h\253\370$/\352\224%/\352\224&\n\000""; }; nodes {;   nodedata: ""h\315\350\215y\203\242]\371\235\232Pt&\325\210eZ\346\237XZ \277\2457n\221\336\253\245\317\002\304\206+8\t]\351\316\373|\311\263V\300\023\035\211\237\260\300\r\033u3a1\203\303\365\307k\347\006E\344\037@\210\363\010\336T\226\247'\204_{\261\370""1\235\2445\343\033Y!\212\201\341\272\225'\007*$\244&\336\343'\233i\332\374\245 {^\306-N\333\gE\006\347\212\331C\211Z\177\247\031\n:\266hzU\267g\202\357\t\270q\326m\341\231\217\321\327\365\020\021\226""\233\016\345\275\210q\243\310\013\202_n)6q\357\2538_-\302\252B\204v\277\254\373\3322Ca\020\243\0105\263\257\367\032\254\016\003""; }; ","ledgerHash: ""\302\001\313@D\264\016\334\r\034\035\\276\225\314|\234S*r\007\370x>\305D*\007b\276v\316""; ledgerSeq: 13; type: liBASE; nodes {;   nodedata: ""\000\000\000\r\001cEx]\211\377\330\304J\342j\272\270\274\360\307\356\347\200Ywm#\014\233\301\022L\232T\033N\341\232\325\233\227\313\307\000\000\000\000\000\000\000\000\000\000\000\000\000\000\000\000\000\000\000\000\000\000\000\000\000\000\000\000\000\000\000\000\n\336\210GB\271\214\2051\214\332\263\343\354!\215\031\025i\215\007M\377\0271\277-\353h\253\370$/\352\224%/\352\224&\n\000""; }; nodes {;   nodedata: ""h\315\350\215y\203\242]\371\235\232Pt&\325\210eZ\346\237XZ \277\2457n\221\336\253\245\317\002\304\206+8\t]\351\316\373|\311\263V\300\023\035\211\237\260\300\r\033u3a1\203\303\365\307k\347\006E\344\037@\210\363\010\336T\226\247'\204_{\261\370""1\235\2445\343\033Y!\212\201\341\272\225'\007*$\244&\336\343'\233i\332\374\245 {^\306-N\333\gE\006\347\212\331C\211Z\177\247\031\n:\266hzU\267g\202\357\t\270q\326m\341\231\217\321\327\365\020\021\226""\233\016\345\275\210q\243\310\013\202_n)6q\357\2538_-\302\252B\204v\277\254\373\3322Ca\020\243\0105\263\257\367\032\254\016\003""; }; "
1750587302489,1750587302489,0,1,1,0,TMLedgerData,"ledgerHash: ""\302\001\313@D\264\016\334\r\034\035\\276\225\314|\234S*r\007\370x>\305D*\007b\276v\316""; ledgerSeq: 13; type: liAS_NODE; nodes {;   nodedata: ""\021\000h""\000\000\000\000 \033\000\000\000\014\002\023\301\337\330\356GuH\375\327!\255\371\r\231\262R\256J\034\222\241\355X\265E\241^W\225\304\014\361CX-}\351f\032\255\274\334m\326c\017\014ao[\342\230\003\245\245\3341Hm\326^\017jy\335\261\214.\207\210%\003 \010ML\347\200R\304&\320_\215\226\344\334\033\354\2002\255\216\332\317\255\034\017T\270\242(,&\233\326\374o\306[\235\317>\021e\005s\261\371l\216\017\003\032\017J\217\244W<\241'\332/+\360Bx\036+\210j\237K%\340]\246E\2434\264K\036\030qP\317\315\336\325\007\372\373$P*|\321\342\002\026\n\3215\340\3203\200x\327D\301]5\237\247Yz\3711!L\214\221=\252\002\267\225zg\264\253\271T\346ji\003\235\236Pis\264\375\222|H\344\261g?[g\311\347s\234ae\204\263\365U\334\372D\354\345\276\201f\035\271%#\375\245\314.""\373\330&\3746\354@[\274\202\021\202\373Vi\243\n\325\250\005e\360""m\346'\311@\343\016$L\346\334\360<w\317\351\2337\023\262\336W\254\222\315\335\317oP\221\031g\037\220\357Ft\030n\306\370\n\354\226\365\346\276\322i\233\014\037\027Z\351\022\216@=S\205\334\033\374\234n\r\270\210]\013\203\356\024\366\354\260\007L\324\236aQ\361\020X\372\353 3\347\310*\253\021gT!>\003\325\254,\003\367\204\031\331\255\240\304J\342j\272\270\274\360\307\356\347\200Ywm#\014\233\301\022L\232T\033N\341\232\325\233\227\313\307\264\227\2326\315\307\363\323\325\303\032N\256*\307\327 \235\332\207u\210\271\257\306g\231i*\260\326k\001"";   nodeid: ""\260\000\000\000\000\000\000\000\000\000\000\000\000\000\000\000\000\000\000\000\000\000\000\000\000\000\000\000\000\000\000\000\001""; }; ","ledgerHash: ""\302\001\313@D\264\016\334\r\034\035\\276\225\314|\234S*r\007\370x>\305D*\007b\276v\316""; ledgerSeq: 13; type: liAS_NODE; nodes {;   nodedata: ""\021\000h""\000\000\000\000 \033\000\000\000\014\002\023\301\337\330\356GuH\375\327!\255\371\r\231\262R\256J\034\222\241\355X\265E\241^W\225\304\014\361CX-}\351f\032\255\274\334m\326c\017\014ao[\342\230\003\245\245\3341Hm\326^\017jy\335\261\214.\207\210%\003 \010ML\347\200R\304&\320_\215\226\344\334\033\354\2002\255\216\332\317\255\034\017T\270\242(,&\233\326\374o\306[\235\317>\021e\005s\261\371l\216\017\003\032\017J\217\244W<\241'\332/+\360Bx\036+\210j\237K%\340]\246E\2434\264K\036\030qP\317\315\336\325\007\372\373$P*|\321\342\002\026\n\3215\340\3203\200x\327D\301]5\237\247Yz\3711!L\214\221=\252\002\267\225zg\264\253\271T\346ji\003\235\236Pis\264\375\222|H\344\261g?[g\311\347s\234ae\204\263\365U\334\372D\354\345\276\201f\035\271%#\375\245\314.""\373\330&\3746\354@[\274\202\021\202\373Vi\243\n\325\250\005e\360""m\346'\311@\343\016$L\346\334\360<w\317\351\2337\023\262\336W\254\222\315\335\317oP\221\031g\037\220\357Ft\030n\306\370\n\354\226\365\346\276\322i\233\014\037\027Z\351\022\216@=S\205\334\033\374\234n\r\270\210]\013\203\356\024\366\354\260\007L\324\236aQ\361\020X\372\353 3\347\310*\253\021gT!>\003\325\254,\003\367\204\031\331\255\240\304J\342j\272\270\274\360\307\356\347\200Ywm#\014\233\301\022L\232T\033N\341\232\325\233\227\313\307\264\227\2326\315\307\363\323\325\303\032N\256*\307\327 \235\332\207u\210\271\257\306g\231i*\260\326k\001"";   nodeid: ""\260\000\000\000\000\000\000\000\000\000\000\000\000\000\000\000\000\000\000\000\000\000\000\000\000\000\000\000\000\000\000\000\001""; }; "
1750587302490,1750587302490,0,1,3,1,TMGetLedger,"itype: liBASE; ledgerHash: ""\302\001\313@D\264\016\334\r\034\035\\276\225\314|\234S*r\007\370x>\305D*\007b\276v\316""; requestCookie: 2; queryType: qtINDIRECT; ","itype: liBASE; ledgerHash: ""\302\001\313@D\264\016\334\r\034\035\\276\225\314|\234S*r\007\370x>\305D*\007b\276v\316""; requestCookie: 2; queryType: qtINDIRECT; "
1750587302490,1750587302490,0,1,3,1,TMGetLedger,"itype: liAS_NODE; ledgerHash: ""\302\001\313@D\264\016\334\r\034\035\\276\225\314|\234S*r\007\370x>\305D*\007b\276v\316""; ledgerSeq: 13; nodeIDs: ""\260\000\000\000\000\000\000\000\000\000\000\000\000\000\000\000\000\000\000\000\000\000\000\000\000\000\000\000\000\000\000\000\001""; queryType: qtINDIRECT; queryDepth: 1; ","itype: liAS_NODE; ledgerHash: ""\302\001\313@D\264\016\334\r\034\035\\276\225\314|\234S*r\007\370x>\305D*\007b\276v\316""; ledgerSeq: 13; nodeIDs: ""\260\000\000\000\000\000\000\000\000\000\000\000\000\000\000\000\000\000\000\000\000\000\000\000\000\000\000\000\000\000\000\000\001""; queryType: qtINDIRECT; queryDepth: 1; "
1750587302491,1750587302491,0,1,3,2,TMLedgerData,"ledgerHash: ""\302\001\313@D\264\016\334\r\034\035\\276\225\314|\234S*r\007\370x>\305D*\007b\276v\316""; ledgerSeq: 13; type: liBASE; nodes {;   nodedata: ""\000\000\000\r\001cEx]\211\377\330\304J\342j\272\270\274\360\307\356\347\200Ywm#\014\233\301\022L\232T\033N\341\232\325\233\227\313\307\000\000\000\000\000\000\000\000\000\000\000\000\000\000\000\000\000\000\000\000\000\000\000\000\000\000\000\000\000\000\000\000\n\336\210GB\271\214\2051\214\332\263\343\354!\215\031\025i\215\007M\377\0271\277-\353h\253\370$/\352\224%/\352\224&\n\000""; }; nodes {;   nodedata: ""h\315\350\215y\203\242]\371\235\232Pt&\325\210eZ\346\237XZ \277\2457n\221\336\253\245\317\002\304\206+8\t]\351\316\373|\311\263V\300\023\035\211\237\260\300\r\033u3a1\203\303\365\307k\347\006E\344\037@\210\363\010\336T\226\247'\204_{\261\370""1\235\2445\343\033Y!\212\201\341\272\225'\007*$\244&\336\343'\233i\332\374\245 {^\306-N\333\gE\006\347\212\331C\211Z\177\247\031\n:\266hzU\267g\202\357\t\270q\326m\341\231\217\321\327\365\020\021\226""\233\016\345\275\210q\243\310\013\202_n)6q\357\2538_-\302\252B\204v\277\254\373\3322Ca\020\243\0105\263\257\367\032\254\016\003""; }; ","ledgerHash: ""\302\001\313@D\264\016\334\r\034\035\\276\225\314|\234S*r\007\370x>\305D*\007b\276v\316""; ledgerSeq: 13; type: liBASE; nodes {;   nodedata: ""\000\000\000\r\001cEx]\211\377\330\304J\342j\272\270\274\360\307\356\347\200Ywm#\014\233\301\022L\232T\033N\341\232\325\233\227\313\307\000\000\000\000\000\000\000\000\000\000\000\000\000\000\000\000\000\000\000\000\000\000\000\000\000\000\000\000\000\000\000\000\n\336\210GB\271\214\2051\214\332\263\343\354!\215\031\025i\215\007M\377\0271\277-\353h\253\370$/\352\224%/\352\224&\n\000""; }; nodes {;   nodedata: ""h\315\350\215y\203\242]\371\235\232Pt&\325\210eZ\346\237XZ \277\2457n\221\336\253\245\317\002\304\206+8\t]\351\316\373|\311\263V\300\023\035\211\237\260\300\r\033u3a1\203\303\365\307k\347\006E\344\037@\210\363\010\336T\226\247'\204_{\261\370""1\235\2445\343\033Y!\212\201\341\272\225'\007*$\244&\336\343'\233i\332\374\245 {^\306-N\333\gE\006\347\212\331C\211Z\177\247\031\n:\266hzU\267g\202\357\t\270q\326m\341\231\217\321\327\365\020\021\226""\233\016\345\275\210q\243\310\013\202_n)6q\357\2538_-\302\252B\204v\277\254\373\3322Ca\020\243\0105\263\257\367\032\254\016\003""; }; "
1750587302491,1750587302492,0,1,1,0,TMLedgerData,"ledgerHash: ""\302\001\313@D\264\016\334\r\034\035\\276\225\314|\234S*r\007\370x>\305D*\007b\276v\316""; ledgerSeq: 13; type: liBASE; nodes {;   nodedata: ""\000\000\000\r\001cEx]\211\377\330\304J\342j\272\270\274\360\307\356\347\200Ywm#\014\233\301\022L\232T\033N\341\232\325\233\227\313\307\000\000\000\000\000\000\000\000\000\000\000\000\000\000\000\000\000\000\000\000\000\000\000\000\000\000\000\000\000\000\000\000\n\336\210GB\271\214\2051\214\332\263\343\354!\215\031\025i\215\007M\377\0271\277-\353h\253\370$/\352\224%/\352\224&\n\000""; }; nodes {;   nodedata: ""h\315\350\215y\203\242]\371\235\232Pt&\325\210eZ\346\237XZ \277\2457n\221\336\253\245\317\002\304\206+8\t]\351\316\373|\311\263V\300\023\035\211\237\260\300\r\033u3a1\203\303\365\307k\347\006E\344\037@\210\363\010\336T\226\247'\204_{\261\370""1\235\2445\343\033Y!\212\201\341\272\225'\007*$\244&\336\343'\233i\332\374\245 {^\306-N\333\gE\006\347\212\331C\211Z\177\247\031\n:\266hzU\267g\202\357\t\270q\326m\341\231\217\321\327\365\020\021\226""\233\016\345\275\210q\243\310\013\202_n)6q\357\2538_-\302\252B\204v\277\254\373\3322Ca\020\243\0105\263\257\367\032\254\016\003""; }; requestCookie: 4; ","ledgerHash: ""\302\001\313@D\264\016\334\r\034\035\\276\225\314|\234S*r\007\370x>\305D*\007b\276v\316""; ledgerSeq: 13; type: liBASE; nodes {;   nodedata: ""\000\000\000\r\001cEx]\211\377\330\304J\342j\272\270\274\360\307\356\347\200Ywm#\014\233\301\022L\232T\033N\341\232\325\233\227\313\307\000\000\000\000\000\000\000\000\000\000\000\000\000\000\000\000\000\000\000\000\000\000\000\000\000\000\000\000\000\000\000\000\n\336\210GB\271\214\2051\214\332\263\343\354!\215\031\025i\215\007M\377\0271\277-\353h\253\370$/\352\224%/\352\224&\n\000""; }; nodes {;   nodedata: ""h\315\350\215y\203\242]\371\235\232Pt&\325\210eZ\346\237XZ \277\2457n\221\336\253\245\317\002\304\206+8\t]\351\316\373|\311\263V\300\023\035\211\237\260\300\r\033u3a1\203\303\365\307k\347\006E\344\037@\210\363\010\336T\226\247'\204_{\261\370""1\235\2445\343\033Y!\212\201\341\272\225'\007*$\244&\336\343'\233i\332\374\245 {^\306-N\333\gE\006\347\212\331C\211Z\177\247\031\n:\266hzU\267g\202\357\t\270q\326m\341\231\217\321\327\365\020\021\226""\233\016\345\275\210q\243\310\013\202_n)6q\357\2538_-\302\252B\204v\277\254\373\3322Ca\020\243\0105\263\257\367\032\254\016\003""; }; requestCookie: 4; "
1750587302492,1750587302492,0,1,2,1,TMGetLedger,"itype: liBASE; ledgerHash: ""\302\001\313@D\264\016\334\r\034\035\\276\225\314|\234S*r\007\370x>\305D*\007b\276v\316""; requestCookie: 2; queryType: qtINDIRECT; ","itype: liBASE; ledgerHash: ""\302\001\313@D\264\016\334\r\034\035\\276\225\314|\234S*r\007\370x>\305D*\007b\276v\316""; requestCookie: 2; queryType: qtINDIRECT; "
1750587302492,1750587302492,0,1,2,1,TMGetLedger,"itype: liBASE; ledgerHash: ""\302\001\313@D\264\016\334\r\034\035\\276\225\314|\234S*r\007\370x>\305D*\007b\276v\316""; requestCookie: 5; queryType: qtINDIRECT; ","itype: liBASE; ledgerHash: ""\302\001\313@D\264\016\334\r\034\035\\276\225\314|\234S*r\007\370x>\305D*\007b\276v\316""; requestCookie: 5; queryType: qtINDIRECT; "
1750587302493,1750587302493,0,1,2,1,TMGetLedger,"itype: liAS_NODE; ledgerHash: ""\302\001\313@D\264\016\334\r\034\035\\276\225\314|\234S*r\007\370x>\305D*\007b\276v\316""; ledgerSeq: 13; nodeIDs: ""\260\000\000\000\000\000\000\000\000\000\000\000\000\000\000\000\000\000\000\000\000\000\000\000\000\000\000\000\000\000\000\000\001""; queryType: qtINDIRECT; queryDepth: 1; ","itype: liAS_NODE; ledgerHash: ""\302\001\313@D\264\016\334\r\034\035\\276\225\314|\234S*r\007\370x>\305D*\007b\276v\316""; ledgerSeq: 13; nodeIDs: ""\260\000\000\000\000\000\000\000\000\000\000\000\000\000\000\000\000\000\000\000\000\000\000\000\000\000\000\000\000\000\000\000\001""; queryType: qtINDIRECT; queryDepth: 1; "
1750587302493,1750587302493,0,1,2,3,TMLedgerData,"ledgerHash: ""\302\001\313@D\264\016\334\r\034\035\\276\225\314|\234S*r\007\370x>\305D*\007b\276v\316""; ledgerSeq: 13; type: liBASE; nodes {;   nodedata: ""\000\000\000\r\001cEx]\211\377\330\304J\342j\272\270\274\360\307\356\347\200Ywm#\014\233\301\022L\232T\033N\341\232\325\233\227\313\307\000\000\000\000\000\000\000\000\000\000\000\000\000\000\000\000\000\000\000\000\000\000\000\000\000\000\000\000\000\000\000\000\n\336\210GB\271\214\2051\214\332\263\343\354!\215\031\025i\215\007M\377\0271\277-\353h\253\370$/\352\224%/\352\224&\n\000""; }; nodes {;   nodedata: ""h\315\350\215y\203\242]\371\235\232Pt&\325\210eZ\346\237XZ \277\2457n\221\336\253\245\317\002\304\206+8\t]\351\316\373|\311\263V\300\023\035\211\237\260\300\r\033u3a1\203\303\365\307k\347\006E\344\037@\210\363\010\336T\226\247'\204_{\261\370""1\235\2445\343\033Y!\212\201\341\272\225'\007*$\244&\336\343'\233i\332\374\245 {^\306-N\333\gE\006\347\212\331C\211Z\177\247\031\n:\266hzU\267g\202\357\t\270q\326m\341\231\217\321\327\365\020\021\226""\233\016\345\275\210q\243\310\013\202_n)6q\357\2538_-\302\252B\204v\277\254\373\3322Ca\020\243\0105\263\257\367\032\254\016\003""; }; ","ledgerHash: ""\302\001\313@D\264\016\334\r\034\035\\276\225\314|\234S*r\007\370x>\305D*\007b\276v\316""; ledgerSeq: 13; type: liBASE; nodes {;   nodedata: ""\000\000\000\r\001cEx]\211\377\330\304J\342j\272\270\274\360\307\356\347\200Ywm#\014\233\301\022L\232T\033N\341\232\325\233\227\313\307\000\000\000\000\000\000\000\000\000\000\000\000\000\000\000\000\000\000\000\000\000\000\000\000\000\000\000\000\000\000\000\000\n\336\210GB\271\214\2051\214\332\263\343\354!\215\031\025i\215\007M\377\0271\277-\353h\253\370$/\352\224%/\352\224&\n\000""; }; nodes {;   nodedata: ""h\315\350\215y\203\242]\371\235\232Pt&\325\210eZ\346\237XZ \277\2457n\221\336\253\245\317\002\304\206+8\t]\351\316\373|\311\263V\300\023\035\211\237\260\300\r\033u3a1\203\303\365\307k\347\006E\344\037@\210\363\010\336T\226\247'\204_{\261\370""1\235\2445\343\033Y!\212\201\341\272\225'\007*$\244&\336\343'\233i\332\374\245 {^\306-N\333\gE\006\347\212\331C\211Z\177\247\031\n:\266hzU\267g\202\357\t\270q\326m\341\231\217\321\327\365\020\021\226""\233\016\345\275\210q\243\310\013\202_n)6q\357\2538_-\302\252B\204v\277\254\373\3322Ca\020\243\0105\263\257\367\032\254\016\003""; }; "
1750587302494,1750587302494,0,1,1,4,TMLedgerData,"ledgerHash: ""\302\001\313@D\264\016\334\r\034\035\\276\225\314|\234S*r\007\370x>\305D*\007b\276v\316""; ledgerSeq: 13; type: liAS_NODE; nodes {;   nodedata: ""\021\000h""\000\000\000\000 \033\000\000\000\014\002\023\301\337\330\356GuH\375\327!\255\371\r\231\262R\256J\034\222\241\355X\265E\241^W\225\304\014\361CX-}\351f\032\255\274\334m\326c\017\014ao[\342\230\003\245\245\3341Hm\326^\017jy\335\261\214.\207\210%\003 \010ML\347\200R\304&\320_\215\226\344\334\033\354\2002\255\216\332\317\255\034\017T\270\242(,&\233\326\374o\306[\235\317>\021e\005s\261\371l\216\017\003\032\017J\217\244W<\241'\332/+\360Bx\036+\210j\237K%\340]\246E\2434\264K\036\030qP\317\315\336\325\007\372\373$P*|\321\342\002\026\n\3215\340\3203\200x\327D\301]5\237\247Yz\3711!L\214\221=\252\002\267\225zg\264\253\271T\346ji\003\235\236Pis\264\375\222|H\344\261g?[g\311\347s\234ae\204\263\365U\334\372D\354\345\276\201f\035\271%#\375\245\314.""\373\330&\3746\354@[\274\202\021\202\373Vi\243\n\325\250\005e\360""m\346'\311@\343\016$L\346\334\360<w\317\351\2337\023\262\336W\254\222\315\335\317oP\221\031g\037\220\357Ft\030n\306\370\n\354\226\365\346\276\322i\233\014\037\027Z\351\022\216@=S\205\334\033\374\234n\r\270\210]\013\203\356\024\366\354\260\007L\324\236aQ\361\020X\372\353 3\347\310*\253\021gT!>\003\325\254,\003\367\204\031\331\255\240\304J\342j\272\270\274\360\307\356\347\200Ywm#\014\233\301\022L\232T\033N\341\232\325\233\227\313\307\264\227\2326\315\307\363\323\325\303\032N\256*\307\327 \235\332\207u\210\271\257\306g\231i*\260\326k\001"";   nodeid: ""\260\000\000\000\000\000\000\000\000\000\000\000\000\000\000\000\000\000\000\000\000\000\000\000\000\000\000\000\000\000\000\000\001""; }; ","ledgerHash: ""\302\001\313@D\264\016\334\r\034\035\\276\225\314|\234S*r\007\370x>\305D*\007b\276v\316""; ledgerSeq: 13; type: liAS_NODE; nodes {;   nodedata: ""\021\000h""\000\000\000\000 \033\000\000\000\014\002\023\301\337\330\356GuH\375\327!\255\371\r\231\262R\256J\034\222\241\355X\265E\241^W\225\304\014\361CX-}\351f\032\255\274\334m\326c\017\014ao[\342\230\003\245\245\3341Hm\326^\017jy\335\261\214.\207\210%\003 \010ML\347\200R\304&\320_\215\226\344\334\033\354\2002\255\216\332\317\255\034\017T\270\242(,&\233\326\374o\306[\235\317>\021e\005s\261\371l\216\017\003\032\017J\217\244W<\241'\332/+\360Bx\036+\210j\237K%\340]\246E\2434\264K\036\030qP\317\315\336\325\007\372\373$P*|\321\342\002\026\n\3215\340\3203\200x\327D\301]5\237\247Yz\3711!L\214\221=\252\002\267\225zg\264\253\271T\346ji\003\235\236Pis\264\375\222|H\344\261g?[g\311\347s\234ae\204\263\365U\334\372D\354\345\276\201f\035\271%#\375\245\314.""\373\330&\3746\354@[\274\202\021\202\373Vi\243\n\325\250\005e\360""m\346'\311@\343\016$L\346\334\360<w\317\351\2337\023\262\336W\254\222\315\335\317oP\221\031g\037\220\357Ft\030n\306\370\n\354\226\365\346\276\322i\233\014\037\027Z\351\022\216@=S\205\334\033\374\234n\r\270\210]\013\203\356\024\366\354\260\007L\324\236aQ\361\020X\372\353 3\347\310*\253\021gT!>\003\325\254,\003\367\204\031\331\255\240\304J\342j\272\270\274\360\307\356\347\200Ywm#\014\233\301\022L\232T\033N\341\232\325\233\227\313\307\264\227\2326\315\307\363\323\325\303\032N\256*\307\327 \235\332\207u\210\271\257\306g\231i*\260\326k\001"";   nodeid: ""\260\000\000\000\000\000\000\000\000\000\000\000\000\000\000\000\000\000\000\000\000\000\000\000\000\000\000\000\000\000\000\000\001""; }; "
1750587302494,1750587302494,0,1,0,1,TMGetLedger,"itype: liBASE; ledgerHash: ""\302\001\313@D\264\016\334\r\034\035\\276\225\314|\234S*r\007\370x>\305D*\007b\276v\316""; requestCookie: 3; queryType: qtINDIRECT; ","itype: liBASE; ledgerHash: ""\302\001\313@D\264\016\334\r\034\035\\276\225\314|\234S*r\007\370x>\305D*\007b\276v\316""; requestCookie: 3; queryType: qtINDIRECT; "
1750587302495,1750587302495,0,1,1,3,TMLedgerData,"ledgerHash: ""\302\001\313@D\264\016\334\r\034\035\\276\225\314|\234S*r\007\370x>\305D*\007b\276v\316""; ledgerSeq: 13; type: liBASE; nodes {;   nodedata: ""\000\000\000\r\001cEx]\211\377\330\304J\342j\272\270\274\360\307\356\347\200Ywm#\014\233\301\022L\232T\033N\341\232\325\233\227\313\307\000\000\000\000\000\000\000\000\000\000\000\000\000\000\000\000\000\000\000\000\000\000\000\000\000\000\000\000\000\000\000\000\n\336\210GB\271\214\2051\214\332\263\343\354!\215\031\025i\215\007M\377\0271\277-\353h\253\370$/\352\224%/\352\224&\n\000""; }; nodes {;   nodedata: ""h\315\350\215y\203\242]\371\235\232Pt&\325\210eZ\346\237XZ \277\2457n\221\336\253\245\317\002\304\206+8\t]\351\316\373|\311\263V\300\023\035\211\237\260\300\r\033u3a1\203\303\365\307k\347\006E\344\037@\210\363\010\336T\226\247'\204_{\261\370""1\235\2445\343\033Y!\212\201\341\272\225'\007*$\244&\336\343'\233i\332\374\245 {^\306-N\333\gE\006\347\212\331C\211Z\177\247\031\n:\266hzU\267g\202\357\t\270q\326m\341\231\217\321\327\365\020\021\226""\233\016\345\275\210q\243\310\013\202_n)6q\357\2538_-\302\252B\204v\277\254\373\3322Ca\020\243\0105\263\257\367\032\254\016\003""; }; requestCookie: 5; ","ledgerHash: ""\302\001\313@D\264\016\334\r\034\035\\276\225\314|\234S*r\007\370x>\305D*\007b\276v\316""; ledgerSeq: 13; type: liBASE; nodes {;   nodedata: ""\000\000\000\r\001cEx]\211\377\330\304J\342j\272\270\274\360\307\356\347\200Ywm#\014\233\301\022L\232T\033N\341\232\325\233\227\313\307\000\000\000\000\000\000\000\000\000\000\000\000\000\000\000\000\000\000\000\000\000\000\000\000\000\000\000\000\000\000\000\000\n\336\210GB\271\214\2051\214\332\263\343\354!\215\031\025i\215\007M\377\0271\277-\353h\253\370$/\352\224%/\352\224&\n\000""; }; nodes {;   nodedata: ""h\315\350\215y\203\242]\371\235\232Pt&\325\210eZ\346\237XZ \277\2457n\221\336\253\245\317\002\304\206+8\t]\351\316\373|\311\263V\300\023\035\211\237\260\300\r\033u3a1\203\303\365\307k\347\006E\344\037@\210\363\010\336T\226\247'\204_{\261\370""1\235\2445\343\033Y!\212\201\341\272\225'\007*$\244&\336\343'\233i\332\374\245 {^\306-N\333\gE\006\347\212\331C\211Z\177\247\031\n:\266hzU\267g\202\357\t\270q\326m\341\231\217\321\327\365\020\021\226""\233\016\345\275\210q\243\310\013\202_n)6q\357\2538_-\302\252B\204v\277\254\373\3322Ca\020\243\0105\263\257\367\032\254\016\003""; }; requestCookie: 5; "
1750587302496,1750587302496,0,1,1,3,TMLedgerData,"ledgerHash: ""\302\001\313@D\264\016\334\r\034\035\\276\225\314|\234S*r\007\370x>\305D*\007b\276v\316""; ledgerSeq: 13; type: liBASE; nodes {;   nodedata: ""\000\000\000\r\001cEx]\211\377\330\304J\342j\272\270\274\360\307\356\347\200Ywm#\014\233\301\022L\232T\033N\341\232\325\233\227\313\307\000\000\000\000\000\000\000\000\000\000\000\000\000\000\000\000\000\000\000\000\000\000\000\000\000\000\000\000\000\000\000\000\n\336\210GB\271\214\2051\214\332\263\343\354!\215\031\025i\215\007M\377\0271\277-\353h\253\370$/\352\224%/\352\224&\n\000""; }; nodes {;   nodedata: ""h\315\350\215y\203\242]\371\235\232Pt&\325\210eZ\346\237XZ \277\2457n\221\336\253\245\317\002\304\206+8\t]\351\316\373|\311\263V\300\023\035\211\237\260\300\r\033u3a1\203\303\365\307k\347\006E\344\037@\210\363\010\336T\226\247'\204_{\261\370""1\235\2445\343\033Y!\212\201\341\272\225'\007*$\244&\336\343'\233i\332\374\245 {^\306-N\333\gE\006\347\212\331C\211Z\177\247\031\n:\266hzU\267g\202\357\t\270q\326m\341\231\217\321\327\365\020\021\226""\233\016\345\275\210q\243\310\013\202_n)6q\357\2538_-\302\252B\204v\277\254\373\3322Ca\020\243\0105\263\257\367\032\254\016\003""; }; requestCookie: 2; ","ledgerHash: ""\302\001\313@D\264\016\334\r\034\035\\276\225\314|\234S*r\007\370x>\305D*\007b\276v\316""; ledgerSeq: 13; type: liBASE; nodes {;   nodedata: ""\000\000\000\r\001cEx]\211\377\330\304J\342j\272\270\274\360\307\356\347\200Ywm#\014\233\301\022L\232T\033N\341\232\325\233\227\313\307\000\000\000\000\000\000\000\000\000\000\000\000\000\000\000\000\000\000\000\000\000\000\000\000\000\000\000\000\000\000\000\000\n\336\210GB\271\214\2051\214\332\263\343\354!\215\031\025i\215\007M\377\0271\277-\353h\253\370$/\352\224%/\352\224&\n\000""; }; nodes {;   nodedata: ""h\315\350\215y\203\242]\371\235\232Pt&\325\210eZ\346\237XZ \277\2457n\221\336\253\245\317\002\304\206+8\t]\351\316\373|\311\263V\300\023\035\211\237\260\300\r\033u3a1\203\303\365\307k\347\006E\344\037@\210\363\010\336T\226\247'\204_{\261\370""1\235\2445\343\033Y!\212\201\341\272\225'\007*$\244&\336\343'\233i\332\374\245 {^\306-N\333\gE\006\347\212\331C\211Z\177\247\031\n:\266hzU\267g\202\357\t\270q\326m\341\231\217\321\327\365\020\021\226""\233\016\345\275\210q\243\310\013\202_n)6q\357\2538_-\302\252B\204v\277\254\373\3322Ca\020\243\0105\263\257\367\032\254\016\003""; }; requestCookie: 2; "
1750587302497,1750587302497,0,1,0,3,TMLedgerData,"ledgerHash: ""\302\001\313@D\264\016\334\r\034\035\\276\225\314|\234S*r\007\370x>\305D*\007b\276v\316""; ledgerSeq: 13; type: liBASE; nodes {;   nodedata: ""\000\000\000\r\001cEx]\211\377\330\304J\342j\272\270\274\360\307\356\347\200Ywm#\014\233\301\022L\232T\033N\341\232\325\233\227\313\307\000\000\000\000\000\000\000\000\000\000\000\000\000\000\000\000\000\000\000\000\000\000\000\000\000\000\000\000\000\000\000\000\n\336\210GB\271\214\2051\214\332\263\343\354!\215\031\025i\215\007M\377\0271\277-\353h\253\370$/\352\224%/\352\224&\n\000""; }; nodes {;   nodedata: ""h\315\350\215y\203\242]\371\235\232Pt&\325\210eZ\346\237XZ \277\2457n\221\336\253\245\317\002\304\206+8\t]\351\316\373|\311\263V\300\023\035\211\237\260\300\r\033u3a1\203\303\365\307k\347\006E\344\037@\210\363\010\336T\226\247'\204_{\261\370""1\235\2445\343\033Y!\212\201\341\272\225'\007*$\244&\336\343'\233i\332\374\245 {^\306-N\333\gE\006\347\212\331C\211Z\177\247\031\n:\266hzU\267g\202\357\t\270q\326m\341\231\217\321\327\365\020\021\226""\233\016\345\275\210q\243\310\013\202_n)6q\357\2538_-\302\252B\204v\277\254\373\3322Ca\020\243\0105\263\257\367\032\254\016\003""; }; ","ledgerHash: ""\302\001\313@D\264\016\334\r\034\035\\276\225\314|\234S*r\007\370x>\305D*\007b\276v\316""; ledgerSeq: 13; type: liBASE; nodes {;   nodedata: ""\000\000\000\r\001cEx]\211\377\330\304J\342j\272\270\274\360\307\356\347\200Ywm#\014\233\301\022L\232T\033N\341\232\325\233\227\313\307\000\000\000\000\000\000\000\000\000\000\000\000\000\000\000\000\000\000\000\000\000\000\000\000\000\000\000\000\000\000\000\000\n\336\210GB\271\214\2051\214\332\263\343\354!\215\031\025i\215\007M\377\0271\277-\353h\253\370$/\352\224%/\352\224&\n\000""; }; nodes {;   nodedata: ""h\315\350\215y\203\242]\371\235\232Pt&\325\210eZ\346\237XZ \277\2457n\221\336\253\245\317\002\304\206+8\t]\351\316\373|\311\263V\300\023\035\211\237\260\300\r\033u3a1\203\303\365\307k\347\006E\344\037@\210\363\010\336T\226\247'\204_{\261\370""1\235\2445\343\033Y!\212\201\341\272\225'\007*$\244&\336\343'\233i\332\374\245 {^\306-N\333\gE\006\347\212\331C\211Z\177\247\031\n:\266hzU\267g\202\357\t\270q\326m\341\231\217\321\327\365\020\021\226""\233\016\345\275\210q\243\310\013\202_n)6q\357\2538_-\302\252B\204v\277\254\373\3322Ca\020\243\0105\263\257\367\032\254\016\003""; }; "
1750587302497,1750587302497,0,1,1,2,TMLedgerData,"ledgerHash: ""\302\001\313@D\264\016\334\r\034\035\\276\225\314|\234S*r\007\370x>\305D*\007b\276v\316""; ledgerSeq: 13; type: liBASE; nodes {;   nodedata: ""\000\000\000\r\001cEx]\211\377\330\304J\342j\272\270\274\360\307\356\347\200Ywm#\014\233\301\022L\232T\033N\341\232\325\233\227\313\307\000\000\000\000\000\000\000\000\000\000\000\000\000\000\000\000\000\000\000\000\000\000\000\000\000\000\000\000\000\000\000\000\n\336\210GB\271\214\2051\214\332\263\343\354!\215\031\025i\215\007M\377\0271\277-\353h\253\370$/\352\224%/\352\224&\n\000""; }; nodes {;   nodedata: ""h\315\350\215y\203\242]\371\235\232Pt&\325\210eZ\346\237XZ \277\2457n\221\336\253\245\317\002\304\206+8\t]\351\316\373|\311\263V\300\023\035\211\237\260\300\r\033u3a1\203\303\365\307k\347\006E\344\037@\210\363\010\336T\226\247'\204_{\261\370""1\235\2445\343\033Y!\212\201\341\272\225'\007*$\244&\336\343'\233i\332\374\245 {^\306-N\333\gE\006\347\212\331C\211Z\177\247\031\n:\266hzU\267g\202\357\t\270q\326m\341\231\217\321\327\365\020\021\226""\233\016\345\275\210q\243\310\013\202_n)6q\357\2538_-\302\252B\204v\277\254\373\3322Ca\020\243\0105\263\257\367\032\254\016\003""; }; requestCookie: 2; ","ledgerHash: ""\302\001\313@D\264\016\334\r\034\035\\276\225\314|\234S*r\007\370x>\305D*\007b\276v\316""; ledgerSeq: 13; type: liBASE; nodes {;   nodedata: ""\000\000\000\r\001cEx]\211\377\330\304J\342j\272\270\274\360\307\356\347\200Ywm#\014\233\301\022L\232T\033N\341\232\325\233\227\313\307\000\000\000\000\000\000\000\000\000\000\000\000\000\000\000\000\000\000\000\000\000\000\000\000\000\000\000\000\000\000\000\000\n\336\210GB\271\214\2051\214\332\263\343\354!\215\031\025i\215\007M\377\0271\277-\353h\253\370$/\352\224%/\352\224&\n\000""; }; nodes {;   nodedata: ""h\315\350\215y\203\242]\371\235\232Pt&\325\210eZ\346\237XZ \277\2457n\221\336\253\245\317\002\304\206+8\t]\351\316\373|\311\263V\300\023\035\211\237\260\300\r\033u3a1\203\303\365\307k\347\006E\344\037@\210\363\010\336T\226\247'\204_{\261\370""1\235\2445\343\033Y!\212\201\341\272\225'\007*$\244&\336\343'\233i\332\374\245 {^\306-N\333\gE\006\347\212\331C\211Z\177\247\031\n:\266hzU\267g\202\357\t\270q\326m\341\231\217\321\327\365\020\021\226""\233\016\345\275\210q\243\310\013\202_n)6q\357\2538_-\302\252B\204v\277\254\373\3322Ca\020\243\0105\263\257\367\032\254\016\003""; }; requestCookie: 2; "
1750587302498,1750587302498,0,1,1,2,TMLedgerData,"ledgerHash: ""\302\001\313@D\264\016\334\r\034\035\\276\225\314|\234S*r\007\370x>\305D*\007b\276v\316""; ledgerSeq: 13; type: liBASE; nodes {;   nodedata: ""\000\000\000\r\001cEx]\211\377\330\304J\342j\272\270\274\360\307\356\347\200Ywm#\014\233\301\022L\232T\033N\341\232\325\233\227\313\307\000\000\000\000\000\000\000\000\000\000\000\000\000\000\000\000\000\000\000\000\000\000\000\000\000\000\000\000\000\000\000\000\n\336\210GB\271\214\2051\214\332\263\343\354!\215\031\025i\215\007M\377\0271\277-\353h\253\370$/\352\224%/\352\224&\n\000""; }; nodes {;   nodedata: ""h\315\350\215y\203\242]\371\235\232Pt&\325\210eZ\346\237XZ \277\2457n\221\336\253\245\317\002\304\206+8\t]\351\316\373|\311\263V\300\023\035\211\237\260\300\r\033u3a1\203\303\365\307k\347\006E\344\037@\210\363\010\336T\226\247'\204_{\261\370""1\235\2445\343\033Y!\212\201\341\272\225'\007*$\244&\336\343'\233i\332\374\245 {^\306-N\333\gE\006\347\212\331C\211Z\177\247\031\n:\266hzU\267g\202\357\t\270q\326m\341\231\217\321\327\365\020\021\226""\233\016\345\275\210q\243\310\013\202_n)6q\357\2538_-\302\252B\204v\277\254\373\3322Ca\020\243\0105\263\257\367\032\254\016\003""; }; requestCookie: 5; ","ledgerHash: ""\302\001\313@D\264\016\334\r\034\035\\276\225\314|\234S*r\007\370x>\305D*\007b\276v\316""; ledgerSeq: 13; type: liBASE; nodes {;   nodedata: ""\000\000\000\r\001cEx]\211\377\330\304J\342j\272\270\274\360\307\356\347\200Ywm#\014\233\301\022L\232T\033N\341\232\325\233\227\313\307\000\000\000\000\000\000\000\000\000\000\000\000\000\000\000\000\000\000\000\000\000\000\000\000\000\000\000\000\000\000\000\000\n\336\210GB\271\214\2051\214\332\263\343\354!\215\031\025i\215\007M\377\0271\277-\353h\253\370$/\352\224%/\352\224&\n\000""; }; nodes {;   nodedata: ""h\315\350\215y\203\242]\371\235\232Pt&\325\210eZ\346\237XZ \277\2457n\221\336\253\245\317\002\304\206+8\t]\351\316\373|\311\263V\300\023\035\211\237\260\300\r\033u3a1\203\303\365\307k\347\006E\344\037@\210\363\010\336T\226\247'\204_{\261\370""1\235\2445\343\033Y!\212\201\341\272\225'\007*$\244&\336\343'\233i\332\374\245 {^\306-N\333\gE\006\347\212\331C\211Z\177\247\031\n:\266hzU\267g\202\357\t\270q\326m\341\231\217\321\327\365\020\021\226""\233\016\345\275\210q\243\310\013\202_n)6q\357\2538_-\302\252B\204v\277\254\373\3322Ca\020\243\0105\263\257\367\032\254\016\003""; }; requestCookie: 5; "
1750587302498,1750587302498,0,1,1,2,TMLedgerData,"ledgerHash: ""\302\001\313@D\264\016\334\r\034\035\\276\225\314|\234S*r\007\370x>\305D*\007b\276v\316""; ledgerSeq: 13; type: liAS_NODE; nodes {;   nodedata: ""\021\000h""\000\000\000\000 \033\000\000\000\014\002\023\301\337\330\356GuH\375\327!\255\371\r\231\262R\256J\034\222\241\355X\265E\241^W\225\304\014\361CX-}\351f\032\255\274\334m\326c\017\014ao[\342\230\003\245\245\3341Hm\326^\017jy\335\261\214.\207\210%\003 \010ML\347\200R\304&\320_\215\226\344\334\033\354\2002\255\216\332\317\255\034\017T\270\242(,&\233\326\374o\306[\235\317>\021e\005s\261\371l\216\017\003\032\017J\217\244W<\241'\332/+\360Bx\036+\210j\237K%\340]\246E\2434\264K\036\030qP\317\315\336\325\007\372\373$P*|\321\342\002\026\n\3215\340\3203\200x\327D\301]5\237\247Yz\3711!L\214\221=\252\002\267\225zg\264\253\271T\346ji\003\235\236Pis\264\375\222|H\344\261g?[g\311\347s\234ae\204\263\365U\334\372D\354\345\276\201f\035\271%#\375\245\314.""\373\330&\3746\354@[\274\202\021\202\373Vi\243\n\325\250\005e\360""m\346'\311@\343\016$L\346\334\360<w\317\351\2337\023\262\336W\254\222\315\335\317oP\221\031g\037\220\357Ft\030n\306\370\n\354\226\365\346\276\322i\233\014\037\027Z\351\022\216@=S\205\334\033\374\234n\r\270\210]\013\203\356\024\366\354\260\007L\324\236aQ\361\020X\372\353 3\347\310*\253\021gT!>\003\325\254,\003\367\204\031\331\255\240\304J\342j\272\270\274\360\307\356\347\200Ywm#\014\233\301\022L\232T\033N\341\232\325\233\227\313\307\264\227\2326\315\307\363\323\325\303\032N\256*\307\327 \235\332\207u\210\271\257\306g\231i*\260\326k\001"";   nodeid: ""\260\000\000\000\000\000\000\000\000\000\000\000\000\000\000\000\000\000\000\000\000\000\000\000\000\000\000\000\000\000\000\000\001""; }; ","ledgerHash: ""\302\001\313@D\264\016\334\r\034\035\\276\225\314|\234S*r\007\370x>\305D*\007b\276v\316""; ledgerSeq: 13; type: liAS_NODE; nodes {;   nodedata: ""\021\000h""\000\000\000\000 \033\000\000\000\014\002\023\301\337\330\356GuH\375\327!\255\371\r\231\262R\256J\034\222\241\355X\265E\241^W\225\304\014\361CX-}\351f\032\255\274\334m\326c\017\014ao[\342\230\003\245\245\3341Hm\326^\017jy\335\261\214.\207\210%\003 \010ML\347\200R\304&\320_\215\226\344\334\033\354\2002\255\216\332\317\255\034\017T\270\242(,&\233\326\374o\306[\235\317>\021e\005s\261\371l\216\017\003\032\017J\217\244W<\241'\332/+\360Bx\036+\210j\237K%\340]\246E\2434\264K\036\030qP\317\315\336\325\007\372\373$P*|\321\342\002\026\n\3215\340\3203\200x\327D\301]5\237\247Yz\3711!L\214\221=\252\002\267\225zg\264\253\271T\346ji\003\235\236Pis\264\375\222|H\344\261g?[g\311\347s\234ae\204\263\365U\334\372D\354\345\276\201f\035\271%#\375\245\314.""\373\330&\3746\354@[\274\202\021\202\373Vi\243\n\325\250\005e\360""m\346'\311@\343\016$L\346\334\360<w\317\351\2337\023\262\336W\254\222\315\335\317oP\221\031g\037\220\357Ft\030n\306\370\n\354\226\365\346\276\322i\233\014\037\027Z\351\022\216@=S\205\334\033\374\234n\r\270\210]\013\203\356\024\366\354\260\007L\324\236aQ\361\020X\372\353 3\347\310*\253\021gT!>\003\325\254,\003\367\204\031\331\255\240\304J\342j\272\270\274\360\307\356\347\200Ywm#\014\233\301\022L\232T\033N\341\232\325\233\227\313\307\264\227\2326\315\307\363\323\325\303\032N\256*\307\327 \235\332\207u\210\271\257\306g\231i*\260\326k\001"";   nodeid: ""\260\000\000\000\000\000\000\000\000\000\000\000\000\000\000\000\000\000\000\000\000\000\000\000\000\000\000\000\000\000\000\000\001""; }; "
1750587302500,1750587302500,0,1,3,4,TMLedgerData,"ledgerHash: ""\302\001\313@D\264\016\334\r\034\035\\276\225\314|\234S*r\007\370x>\305D*\007b\276v\316""; ledgerSeq: 13; type: liBASE; nodes {;   nodedata: ""\000\000\000\r\001cEx]\211\377\330\304J\342j\272\270\274\360\307\356\347\200Ywm#\014\233\301\022L\232T\033N\341\232\325\233\227\313\307\000\000\000\000\000\000\000\000\000\000\000\000\000\000\000\000\000\000\000\000\000\000\000\000\000\000\000\000\000\000\000\000\n\336\210GB\271\214\2051\214\332\263\343\354!\215\031\025i\215\007M\377\0271\277-\353h\253\370$/\352\224%/\352\224&\n\000""; }; nodes {;   nodedata: ""h\315\350\215y\203\242]\371\235\232Pt&\325\210eZ\346\237XZ \277\2457n\221\336\253\245\317\002\304\206+8\t]\351\316\373|\311\263V\300\023\035\211\237\260\300\r\033u3a1\203\303\365\307k\347\006E\344\037@\210\363\010\336T\226\247'\204_{\261\370""1\235\2445\343\033Y!\212\201\341\272\225'\007*$\244&\336\343'\233i\332\374\245 {^\306-N\333\gE\006\347\212\331C\211Z\177\247\031\n:\266hzU\267g\202\357\t\270q\326m\341\231\217\321\327\365\020\021\226""\233\016\345\275\210q\243\310\013\202_n)6q\357\2538_-\302\252B\204v\277\254\373\3322Ca\020\243\0105\263\257\367\032\254\016\003""; }; ","ledgerHash: ""\302\001\313@D\264\016\334\r\034\035\\276\225\314|\234S*r\007\370x>\305D*\007b\276v\316""; ledgerSeq: 13; type: liBASE; nodes {;   nodedata: ""\000\000\000\r\001cEx]\211\377\330\304J\342j\272\270\274\360\307\356\347\200Ywm#\014\233\301\022L\232T\033N\341\232\325\233\227\313\307\000\000\000\000\000\000\000\000\000\000\000\000\000\000\000\000\000\000\000\000\000\000\000\000\000\000\000\000\000\000\000\000\n\336\210GB\271\214\2051\214\332\263\343\354!\215\031\025i\215\007M\377\0271\277-\353h\253\370$/\352\224%/\352\224&\n\000""; }; nodes {;   nodedata: ""h\315\350\215y\203\242]\371\235\232Pt&\325\210eZ\346\237XZ \277\2457n\221\336\253\245\317\002\304\206+8\t]\351\316\373|\311\263V\300\023\035\211\237\260\300\r\033u3a1\203\303\365\307k\347\006E\344\037@\210\363\010\336T\226\247'\204_{\261\370""1\235\2445\343\033Y!\212\201\341\272\225'\007*$\244&\336\343'\233i\332\374\245 {^\306-N\333\gE\006\347\212\331C\211Z\177\247\031\n:\266hzU\267g\202\357\t\270q\326m\341\231\217\321\327\365\020\021\226""\233\016\345\275\210q\243\310\013\202_n)6q\357\2538_-\302\252B\204v\277\254\373\3322Ca\020\243\0105\263\257\367\032\254\016\003""; }; "
1750587302500,1750587302500,0,1,1,0,TMLedgerData,"ledgerHash: ""\302\001\313@D\264\016\334\r\034\035\\276\225\314|\234S*r\007\370x>\305D*\007b\276v\316""; ledgerSeq: 13; type: liBASE; nodes {;   nodedata: ""\000\000\000\r\001cEx]\211\377\330\304J\342j\272\270\274\360\307\356\347\200Ywm#\014\233\301\022L\232T\033N\341\232\325\233\227\313\307\000\000\000\000\000\000\000\000\000\000\000\000\000\000\000\000\000\000\000\000\000\000\000\000\000\000\000\000\000\000\000\000\n\336\210GB\271\214\2051\214\332\263\343\354!\215\031\025i\215\007M\377\0271\277-\353h\253\370$/\352\224%/\352\224&\n\000""; }; nodes {;   nodedata: ""h\315\350\215y\203\242]\371\235\232Pt&\325\210eZ\346\237XZ \277\2457n\221\336\253\245\317\002\304\206+8\t]\351\316\373|\311\263V\300\023\035\211\237\260\300\r\033u3a1\203\303\365\307k\347\006E\344\037@\210\363\010\336T\226\247'\204_{\261\370""1\235\2445\343\033Y!\212\201\341\272\225'\007*$\244&\336\343'\233i\332\374\245 {^\306-N\333\gE\006\347\212\331C\211Z\177\247\031\n:\266hzU\267g\202\357\t\270q\326m\341\231\217\321\327\365\020\021\226""\233\016\345\275\210q\243\310\013\202_n)6q\357\2538_-\302\252B\204v\277\254\373\3322Ca\020\243\0105\263\257\367\032\254\016\003""; }; requestCookie: 3; ","ledgerHash: ""\302\001\313@D\264\016\334\r\034\035\\276\225\314|\234S*r\007\370x>\305D*\007b\276v\316""; ledgerSeq: 13; type: liBASE; nodes {;   nodedata: ""\000\000\000\r\001cEx]\211\377\330\304J\342j\272\270\274\360\307\356\347\200Ywm#\014\233\301\022L\232T\033N\341\232\325\233\227\313\307\000\000\000\000\000\000\000\000\000\000\000\000\000\000\000\000\000\000\000\000\000\000\000\000\000\000\000\000\000\000\000\000\n\336\210GB\271\214\2051\214\332\263\343\354!\215\031\025i\215\007M\377\0271\277-\353h\253\370$/\352\224%/\352\224&\n\000""; }; nodes {;   nodedata: ""h\315\350\215y\203\242]\371\235\232Pt&\325\210eZ\346\237XZ \277\2457n\221\336\253\245\317\002\304\206+8\t]\351\316\373|\311\263V\300\023\035\211\237\260\300\r\033u3a1\203\303\365\307k\347\006E\344\037@\210\363\010\336T\226\247'\204_{\261\370""1\235\2445\343\033Y!\212\201\341\272\225'\007*$\244&\336\343'\233i\332\374\245 {^\306-N\333\gE\006\347\212\331C\211Z\177\247\031\n:\266hzU\267g\202\357\t\270q\326m\341\231\217\321\327\365\020\021\226""\233\016\345\275\210q\243\310\013\202_n)6q\357\2538_-\302\252B\204v\277\254\373\3322Ca\020\243\0105\263\257\367\032\254\016\003""; }; requestCookie: 3; "
1750587302501,1750587302501,0,1,3,0,TMLedgerData,"ledgerHash: ""\302\001\313@D\264\016\334\r\034\035\\276\225\314|\234S*r\007\370x>\305D*\007b\276v\316""; ledgerSeq: 13; type: liBASE; nodes {;   nodedata: ""\000\000\000\r\001cEx]\211\377\330\304J\342j\272\270\274\360\307\356\347\200Ywm#\014\233\301\022L\232T\033N\341\232\325\233\227\313\307\000\000\000\000\000\000\000\000\000\000\000\000\000\000\000\000\000\000\000\000\000\000\000\000\000\000\000\000\000\000\000\000\n\336\210GB\271\214\2051\214\332\263\343\354!\215\031\025i\215\007M\377\0271\277-\353h\253\370$/\352\224%/\352\224&\n\000""; }; nodes {;   nodedata: ""h\315\350\215y\203\242]\371\235\232Pt&\325\210eZ\346\237XZ \277\2457n\221\336\253\245\317\002\304\206+8\t]\351\316\373|\311\263V\300\023\035\211\237\260\300\r\033u3a1\203\303\365\307k\347\006E\344\037@\210\363\010\336T\226\247'\204_{\261\370""1\235\2445\343\033Y!\212\201\341\272\225'\007*$\244&\336\343'\233i\332\374\245 {^\306-N\333\gE\006\347\212\331C\211Z\177\247\031\n:\266hzU\267g\202\357\t\270q\326m\341\231\217\321\327\365\020\021\226""\233\016\345\275\210q\243\310\013\202_n)6q\357\2538_-\302\252B\204v\277\254\373\3322Ca\020\243\0105\263\257\367\032\254\016\003""; }; ","ledgerHash: ""\302\001\313@D\264\016\334\r\034\035\\276\225\314|\234S*r\007\370x>\305D*\007b\276v\316""; ledgerSeq: 13; type: liBASE; nodes {;   nodedata: ""\000\000\000\r\001cEx]\211\377\330\304J\342j\272\270\274\360\307\356\347\200Ywm#\014\233\301\022L\232T\033N\341\232\325\233\227\313\307\000\000\000\000\000\000\000\000\000\000\000\000\000\000\000\000\000\000\000\000\000\000\000\000\000\000\000\000\000\000\000\000\n\336\210GB\271\214\2051\214\332\263\343\354!\215\031\025i\215\007M\377\0271\277-\353h\253\370$/\352\224%/\352\224&\n\000""; }; nodes {;   nodedata: ""h\315\350\215y\203\242]\371\235\232Pt&\325\210eZ\346\237XZ \277\2457n\221\336\253\245\317\002\304\206+8\t]\351\316\373|\311\263V\300\023\035\211\237\260\300\r\033u3a1\203\303\365\307k\347\006E\344\037@\210\363\010\336T\226\247'\204_{\261\370""1\235\2445\343\033Y!\212\201\341\272\225'\007*$\244&\336\343'\233i\332\374\245 {^\306-N\333\gE\006\347\212\331C\211Z\177\247\031\n:\266hzU\267g\202\357\t\270q\326m\341\231\217\321\327\365\020\021\226""\233\016\345\275\210q\243\310\013\202_n)6q\357\2538_-\302\252B\204v\277\254\373\3322Ca\020\243\0105\263\257\367\032\254\016\003""; }; "
1750587302501,1750587302501,0,1,2,0,TMLedgerData,"ledgerHash: ""\302\001\313@D\264\016\334\r\034\035\\276\225\314|\234S*r\007\370x>\305D*\007b\276v\316""; ledgerSeq: 13; type: liBASE; nodes {;   nodedata: ""\000\000\000\r\001cEx]\211\377\330\304J\342j\272\270\274\360\307\356\347\200Ywm#\014\233\301\022L\232T\033N\341\232\325\233\227\313\307\000\000\000\000\000\000\000\000\000\000\000\000\000\000\000\000\000\000\000\000\000\000\000\000\000\000\000\000\000\000\000\000\n\336\210GB\271\214\2051\214\332\263\343\354!\215\031\025i\215\007M\377\0271\277-\353h\253\370$/\352\224%/\352\224&\n\000""; }; nodes {;   nodedata: ""h\315\350\215y\203\242]\371\235\232Pt&\325\210eZ\346\237XZ \277\2457n\221\336\253\245\317\002\304\206+8\t]\351\316\373|\311\263V\300\023\035\211\237\260\300\r\033u3a1\203\303\365\307k\347\006E\344\037@\210\363\010\336T\226\247'\204_{\261\370""1\235\2445\343\033Y!\212\201\341\272\225'\007*$\244&\336\343'\233i\332\374\245 {^\306-N\333\gE\006\347\212\331C\211Z\177\247\031\n:\266hzU\267g\202\357\t\270q\326m\341\231\217\321\327\365\020\021\226""\233\016\345\275\210q\243\310\013\202_n)6q\357\2538_-\302\252B\204v\277\254\373\3322Ca\020\243\0105\263\257\367\032\254\016\003""; }; ","ledgerHash: ""\302\001\313@D\264\016\334\r\034\035\\276\225\314|\234S*r\007\370x>\305D*\007b\276v\316""; ledgerSeq: 13; type: liBASE; nodes {;   nodedata: ""\000\000\000\r\001cEx]\211\377\330\304J\342j\272\270\274\360\307\356\347\200Ywm#\014\233\301\022L\232T\033N\341\232\325\233\227\313\307\000\000\000\000\000\000\000\000\000\000\000\000\000\000\000\000\000\000\000\000\000\000\000\000\000\000\000\000\000\000\000\000\n\336\210GB\271\214\2051\214\332\263\343\354!\215\031\025i\215\007M\377\0271\277-\353h\253\370$/\352\224%/\352\224&\n\000""; }; nodes {;   nodedata: ""h\315\350\215y\203\242]\371\235\232Pt&\325\210eZ\346\237XZ \277\2457n\221\336\253\245\317\002\304\206+8\t]\351\316\373|\311\263V\300\023\035\211\237\260\300\r\033u3a1\203\303\365\307k\347\006E\344\037@\210\363\010\336T\226\247'\204_{\261\370""1\235\2445\343\033Y!\212\201\341\272\225'\007*$\244&\336\343'\233i\332\374\245 {^\306-N\333\gE\006\347\212\331C\211Z\177\247\031\n:\266hzU\267g\202\357\t\270q\326m\341\231\217\321\327\365\020\021\226""\233\016\345\275\210q\243\310\013\202_n)6q\357\2538_-\302\252B\204v\277\254\373\3322Ca\020\243\0105\263\257\367\032\254\016\003""; }; "
1750587302501,1750587302502,0,1,2,4,TMLedgerData,"ledgerHash: ""\302\001\313@D\264\016\334\r\034\035\\276\225\314|\234S*r\007\370x>\305D*\007b\276v\316""; ledgerSeq: 13; type: liBASE; nodes {;   nodedata: ""\000\000\000\r\001cEx]\211\377\330\304J\342j\272\270\274\360\307\356\347\200Ywm#\014\233\301\022L\232T\033N\341\232\325\233\227\313\307\000\000\000\000\000\000\000\000\000\000\000\000\000\000\000\000\000\000\000\000\000\000\000\000\000\000\000\000\000\000\000\000\n\336\210GB\271\214\2051\214\332\263\343\354!\215\031\025i\215\007M\377\0271\277-\353h\253\370$/\352\224%/\352\224&\n\000""; }; nodes {;   nodedata: ""h\315\350\215y\203\242]\371\235\232Pt&\325\210eZ\346\237XZ \277\2457n\221\336\253\245\317\002\304\206+8\t]\351\316\373|\311\263V\300\023\035\211\237\260\300\r\033u3a1\203\303\365\307k\347\006E\344\037@\210\363\010\336T\226\247'\204_{\261\370""1\235\2445\343\033Y!\212\201\341\272\225'\007*$\244&\336\343'\233i\332\374\245 {^\306-N\333\gE\006\347\212\331C\211Z\177\247\031\n:\266hzU\267g\202\357\t\270q\326m\341\231\217\321\327\365\020\021\226""\233\016\345\275\210q\243\310\013\202_n)6q\357\2538_-\302\252B\204v\277\254\373\3322Ca\020\243\0105\263\257\367\032\254\016\003""; }; ","ledgerHash: ""\302\001\313@D\264\016\334\r\034\035\\276\225\314|\234S*r\007\370x>\305D*\007b\276v\316""; ledgerSeq: 13; type: liBASE; nodes {;   nodedata: ""\000\000\000\r\001cEx]\211\377\330\304J\342j\272\270\274\360\307\356\347\200Ywm#\014\233\301\022L\232T\033N\341\232\325\233\227\313\307\000\000\000\000\000\000\000\000\000\000\000\000\000\000\000\000\000\000\000\000\000\000\000\000\000\000\000\000\000\000\000\000\n\336\210GB\271\214\2051\214\332\263\343\354!\215\031\025i\215\007M\377\0271\277-\353h\253\370$/\352\224%/\352\224&\n\000""; }; nodes {;   nodedata: ""h\315\350\215y\203\242]\371\235\232Pt&\325\210eZ\346\237XZ \277\2457n\221\336\253\245\317\002\304\206+8\t]\351\316\373|\311\263V\300\023\035\211\237\260\300\r\033u3a1\203\303\365\307k\347\006E\344\037@\210\363\010\336T\226\247'\204_{\261\370""1\235\2445\343\033Y!\212\201\341\272\225'\007*$\244&\336\343'\233i\332\374\245 {^\306-N\333\gE\006\347\212\331C\211Z\177\247\031\n:\266hzU\267g\202\357\t\270q\326m\341\231\217\321\327\365\020\021\226""\233\016\345\275\210q\243\310\013\202_n)6q\357\2538_-\302\252B\204v\277\254\373\3322Ca\020\243\0105\263\257\367\032\254\016\003""; }; "
1750587302503,1750587302503,0,1,0,2,TMLedgerData,"ledgerHash: ""\302\001\313@D\264\016\334\r\034\035\\276\225\314|\234S*r\007\370x>\305D*\007b\276v\316""; ledgerSeq: 13; type: liBASE; nodes {;   nodedata: ""\000\000\000\r\001cEx]\211\377\330\304J\342j\272\270\274\360\307\356\347\200Ywm#\014\233\301\022L\232T\033N\341\232\325\233\227\313\307\000\000\000\000\000\000\000\000\000\000\000\000\000\000\000\000\000\000\000\000\000\000\000\000\000\000\000\000\000\000\000\000\n\336\210GB\271\214\2051\214\332\263\343\354!\215\031\025i\215\007M\377\0271\277-\353h\253\370$/\352\224%/\352\224&\n\000""; }; nodes {;   nodedata: ""h\315\350\215y\203\242]\371\235\232Pt&\325\210eZ\346\237XZ \277\2457n\221\336\253\245\317\002\304\206+8\t]\351\316\373|\311\263V\300\023\035\211\237\260\300\r\033u3a1\203\303\365\307k\347\006E\344\037@\210\363\010\336T\226\247'\204_{\261\370""1\235\2445\343\033Y!\212\201\341\272\225'\007*$\244&\336\343'\233i\332\374\245 {^\306-N\333\gE\006\347\212\331C\211Z\177\247\031\n:\266hzU\267g\202\357\t\270q\326m\341\231\217\321\327\365\020\021\226""\233\016\345\275\210q\243\310\013\202_n)6q\357\2538_-\302\252B\204v\277\254\373\3322Ca\020\243\0105\263\257\367\032\254\016\003""; }; ","ledgerHash: ""\302\001\313@D\264\016\334\r\034\035\\276\225\314|\234S*r\007\370x>\305D*\007b\276v\316""; ledgerSeq: 13; type: liBASE; nodes {;   nodedata: ""\000\000\000\r\001cEx]\211\377\330\304J\342j\272\270\274\360\307\356\347\200Ywm#\014\233\301\022L\232T\033N\341\232\325\233\227\313\307\000\000\000\000\000\000\000\000\000\000\000\000\000\000\000\000\000\000\000\000\000\000\000\000\000\000\000\000\000\000\000\000\n\336\210GB\271\214\2051\214\332\263\343\354!\215\031\025i\215\007M\377\0271\277-\353h\253\370$/\352\224%/\352\224&\n\000""; }; nodes {;   nodedata: ""h\315\350\215y\203\242]\371\235\232Pt&\325\210eZ\346\237XZ \277\2457n\221\336\253\245\317\002\304\206+8\t]\351\316\373|\311\263V\300\023\035\211\237\260\300\r\033u3a1\203\303\365\307k\347\006E\344\037@\210\363\010\336T\226\247'\204_{\261\370""1\235\2445\343\033Y!\212\201\341\272\225'\007*$\244&\336\343'\233i\332\374\245 {^\306-N\333\gE\006\347\212\331C\211Z\177\247\031\n:\266hzU\267g\202\357\t\270q\326m\341\231\217\321\327\365\020\021\226""\233\016\345\275\210q\243\310\013\202_n)6q\357\2538_-\302\252B\204v\277\254\373\3322Ca\020\243\0105\263\257\367\032\254\016\003""; }; "
1750587302537,1750587302538,0,1,1,3,TMLedgerData,"ledgerHash: ""\302\001\313@D\264\016\334\r\034\035\\276\225\314|\234S*r\007\370x>\305D*\007b\276v\316""; ledgerSeq: 13; type: liAS_NODE; nodes {;   nodedata: ""\021\000h""\000\000\000\000 \033\000\000\000\014\002\023\301\337\330\356GuH\375\327!\255\371\r\231\262R\256J\034\222\241\355X\265E\241^W\225\304\014\361CX-}\351f\032\255\274\334m\326c\017\014ao[\342\230\003\245\245\3341Hm\326^\017jy\335\261\214.\207\210%\003 \010ML\347\200R\304&\320_\215\226\344\334\033\354\2002\255\216\332\317\255\034\017T\270\242(,&\233\326\374o\306[\235\317>\021e\005s\261\371l\216\017\003\032\017J\217\244W<\241'\332/+\360Bx\036+\210j\237K%\340]\246E\2434\264K\036\030qP\317\315\336\325\007\372\373$P*|\321\342\002\026\n\3215\340\3203\200x\327D\301]5\237\247Yz\3711!L\214\221=\252\002\267\225zg\264\253\271T\346ji\003\235\236Pis\264\375\222|H\344\261g?[g\311\347s\234ae\204\263\365U\334\372D\354\345\276\201f\035\271%#\375\245\314.""\373\330&\3746\354@[\274\202\021\202\373Vi\243\n\325\250\005e\360""m\346'\311@\343\016$L\346\334\360<w\317\351\2337\023\262\336W\254\222\315\335\317oP\221\031g\037\220\357Ft\030n\306\370\n\354\226\365\346\276\322i\233\014\037\027Z\351\022\216@=S\205\334\033\374\234n\r\270\210]\013\203\356\024\366\354\260\007L\324\236aQ\361\020X\372\353 3\347\310*\253\021gT!>\003\325\254,\003\367\204\031\331\255\240\304J\342j\272\270\274\360\307\356\347\200Ywm#\014\233\301\022L\232T\033N\341\232\325\233\227\313\307\264\227\2326\315\307\363\323\325\303\032N\256*\307\327 \235\332\207u\210\271\257\306g\231i*\260\326k\001"";   nodeid: ""\260\000\000\000\000\000\000\000\000\000\000\000\000\000\000\000\000\000\000\000\000\000\000\000\000\000\000\000\000\000\000\000\001""; }; ","ledgerHash: ""\302\001\313@D\264\016\334\r\034\035\\276\225\314|\234S*r\007\370x>\305D*\007b\276v\316""; ledgerSeq: 13; type: liAS_NODE; nodes {;   nodedata: ""\021\000h""\000\000\000\000 \033\000\000\000\014\002\023\301\337\330\356GuH\375\327!\255\371\r\231\262R\256J\034\222\241\355X\265E\241^W\225\304\014\361CX-}\351f\032\255\274\334m\326c\017\014ao[\342\230\003\245\245\3341Hm\326^\017jy\335\261\214.\207\210%\003 \010ML\347\200R\304&\320_\215\226\344\334\033\354\2002\255\216\332\317\255\034\017T\270\242(,&\233\326\374o\306[\235\317>\021e\005s\261\371l\216\017\003\032\017J\217\244W<\241'\332/+\360Bx\036+\210j\237K%\340]\246E\2434\264K\036\030qP\317\315\336\325\007\372\373$P*|\321\342\002\026\n\3215\340\3203\200x\327D\301]5\237\247Yz\3711!L\214\221=\252\002\267\225zg\264\253\271T\346ji\003\235\236Pis\264\375\222|H\344\261g?[g\311\347s\234ae\204\263\365U\334\372D\354\345\276\201f\035\271%#\375\245\314.""\373\330&\3746\354@[\274\202\021\202\373Vi\243\n\325\250\005e\360""m\346'\311@\343\016$L\346\334\360<w\317\351\2337\023\262\336W\254\222\315\335\317oP\221\031g\037\220\357Ft\030n\306\370\n\354\226\365\346\276\322i\233\014\037\027Z\351\022\216@=S\205\334\033\374\234n\r\270\210]\013\203\356\024\366\354\260\007L\324\236aQ\361\020X\372\353 3\347\310*\253\021gT!>\003\325\254,\003\367\204\031\331\255\240\304J\342j\272\270\274\360\307\356\347\200Ywm#\014\233\301\022L\232T\033N\341\232\325\233\227\313\307\264\227\2326\315\307\363\323\325\303\032N\256*\307\327 \235\332\207u\210\271\257\306g\231i*\260\326k\001"";   nodeid: ""\260\000\000\000\000\000\000\000\000\000\000\000\000\000\000\000\000\000\000\000\000\000\000\000\000\000\000\000\000\000\000\000\001""; }; "
1750587302882,1750587302882,0,1,3,0,TMStatusChange,"newEvent: neACCEPTED_LEDGER; ledgerSeq: 13; ledgerHash: ""\302\001\313@D\264\016\334\r\034\035\\276\225\314|\234S*r\007\370x>\305D*\007b\276v\316""; ledgerHashPrevious: ""\304J\342j\272\270\274\360\307\356\347\200Ywm#\014\233\301\022L\232T\033N\341\232\325\233\227\313\307""; networkTime: 803902502; firstSeq: 9; lastSeq: 12; ","newEvent: neACCEPTED_LEDGER; ledgerSeq: 13; ledgerHash: ""\302\001\313@D\264\016\334\r\034\035\\276\225\314|\234S*r\007\370x>\305D*\007b\276v\316""; ledgerHashPrevious: ""\304J\342j\272\270\274\360\307\356\347\200Ywm#\014\233\301\022L\232T\033N\341\232\325\233\227\313\307""; networkTime: 803902502; firstSeq: 9; lastSeq: 12; "
1750587302883,1750587302883,0,1,3,2,TMStatusChange,"newEvent: neACCEPTED_LEDGER; ledgerSeq: 13; ledgerHash: ""\302\001\313@D\264\016\334\r\034\035\\276\225\314|\234S*r\007\370x>\305D*\007b\276v\316""; ledgerHashPrevious: ""\304J\342j\272\270\274\360\307\356\347\200Ywm#\014\233\301\022L\232T\033N\341\232\325\233\227\313\307""; networkTime: 803902502; firstSeq: 9; lastSeq: 12; ","newEvent: neACCEPTED_LEDGER; ledgerSeq: 13; ledgerHash: ""\302\001\313@D\264\016\334\r\034\035\\276\225\314|\234S*r\007\370x>\305D*\007b\276v\316""; ledgerHashPrevious: ""\304J\342j\272\270\274\360\307\356\347\200Ywm#\014\233\301\022L\232T\033N\341\232\325\233\227\313\307""; networkTime: 803902502; firstSeq: 9; lastSeq: 12; "
1750587302884,1750587302884,0,1,3,1,TMStatusChange,"newEvent: neACCEPTED_LEDGER; ledgerSeq: 13; ledgerHash: ""\302\001\313@D\264\016\334\r\034\035\\276\225\314|\234S*r\007\370x>\305D*\007b\276v\316""; ledgerHashPrevious: ""\304J\342j\272\270\274\360\307\356\347\200Ywm#\014\233\301\022L\232T\033N\341\232\325\233\227\313\307""; networkTime: 803902502; firstSeq: 9; lastSeq: 12; ","newEvent: neACCEPTED_LEDGER; ledgerSeq: 13; ledgerHash: ""\302\001\313@D\264\016\334\r\034\035\\276\225\314|\234S*r\007\370x>\305D*\007b\276v\316""; ledgerHashPrevious: ""\304J\342j\272\270\274\360\307\356\347\200Ywm#\014\233\301\022L\232T\033N\341\232\325\233\227\313\307""; networkTime: 803902502; firstSeq: 9; lastSeq: 12; "
1750587302884,1750587302884,0,1,3,4,TMStatusChange,"newEvent: neACCEPTED_LEDGER; ledgerSeq: 13; ledgerHash: ""\302\001\313@D\264\016\334\r\034\035\\276\225\314|\234S*r\007\370x>\305D*\007b\276v\316""; ledgerHashPrevious: ""\304J\342j\272\270\274\360\307\356\347\200Ywm#\014\233\301\022L\232T\033N\341\232\325\233\227\313\307""; networkTime: 803902502; firstSeq: 9; lastSeq: 12; ","newEvent: neACCEPTED_LEDGER; ledgerSeq: 13; ledgerHash: ""\302\001\313@D\264\016\334\r\034\035\\276\225\314|\234S*r\007\370x>\305D*\007b\276v\316""; ledgerHashPrevious: ""\304J\342j\272\270\274\360\307\356\347\200Ywm#\014\233\301\022L\232T\033N\341\232\325\233\227\313\307""; networkTime: 803902502; firstSeq: 9; lastSeq: 12; "
1750587302885,1750587302885,0,1,3,4,TMValidation,"validation: """"\200\000\000\001&\000\000\000\r)/\352\224&:\211l\014`\252m\212dQ\302\001\313@D\264\016\334\r\034\035\\276\225\314|\234S*r\007\370x>\305D*\007b\276v\316P\027\000\000\000\000\000\000\000\000\000\000\000\000\000\000\000\000\000\000\000\000\000\000\000\000\000\000\000\000\000\000\000\000P\031\304J\342j\272\270\274\360\307\356\347\200Ywm#\014\233\301\022L\232T\033N\341\232\325\233\227\313\307s!\003\325Q\255\224\274R@\312\253\262\347\352\034\346\347\242\215,\312\376=\277\353{\350\225\301\305`^, vG0E\002!\000\317\312\324v5\207'\214[\233\363\304\214X\253_\334\241\304\001\372I\266\305\333\0323G@A\2510\002 3\231\213\211\366""h\L;S(\351\r0\212\311\025\214\030)\320\324\356h\272\034y\353\350Bj""; ","validation: """"\200\000\000\001&\000\000\000\r)/\352\224&:\211l\014`\252m\212dQ\302\001\313@D\264\016\334\r\034\035\\276\225\314|\234S*r\007\370x>\305D*\007b\276v\316P\027\000\000\000\000\000\000\000\000\000\000\000\000\000\000\000\000\000\000\000\000\000\000\000\000\000\000\000\000\000\000\000\000P\031\304J\342j\272\270\274\360\307\356\347\200Ywm#\014\233\301\022L\232T\033N\341\232\325\233\227\313\307s!\003\325Q\255\224\274R@\312\253\262\347\352\034\346\347\242\215,\312\376=\277\353{\350\225\301\305`^, vG0E\002!\000\317\312\324v5\207'\214[\233\363\304\214X\253_\334\241\304\001\372I\266\305\333\0323G@A\2510\002 3\231\213\211\366""h\L;S(\351\r0\212\311\025\214\030)\320\324\356h\272\034y\353\350Bj""; "
1750587302888,1750587302888,0,1,4,2,TMValidation,"validation: """"\200\000\000\001&\000\000\000\r)/\352\224&:\211l\014`\252m\212dQ\302\001\313@D\264\016\334\r\034\035\\276\225\314|\234S*r\007\370x>\305D*\007b\276v\316P\027\000\000\000\000\000\000\000\000\000\000\000\000\000\000\000\000\000\000\000\000\000\000\000\000\000\000\000\000\000\000\000\000P\031\304J\342j\272\270\274\360\307\356\347\200Ywm#\014\233\301\022L\232T\033N\341\232\325\233\227\313\307s!\003\325Q\255\224\274R@\312\253\262\347\352\034\346\347\242\215,\312\376=\277\353{\350\225\301\305`^, vG0E\002!\000\317\312\324v5\207'\214[\233\363\304\214X\253_\334\241\304\001\372I\266\305\333\0323G@A\2510\002 3\231\213\211\366""h\L;S(\351\r0\212\311\025\214\030)\320\324\356h\272\034y\353\350Bj""; ","validation: """"\200\000\000\001&\000\000\000\r)/\352\224&:\211l\014`\252m\212dQ\302\001\313@D\264\016\334\r\034\035\\276\225\314|\234S*r\007\370x>\305D*\007b\276v\316P\027\000\000\000\000\000\000\000\000\000\000\000\000\000\000\000\000\000\000\000\000\000\000\000\000\000\000\000\000\000\000\000\000P\031\304J\342j\272\270\274\360\307\356\347\200Ywm#\014\233\301\022L\232T\033N\341\232\325\233\227\313\307s!\003\325Q\255\224\274R@\312\253\262\347\352\034\346\347\242\215,\312\376=\277\353{\350\225\301\305`^, vG0E\002!\000\317\312\324v5\207'\214[\233\363\304\214X\253_\334\241\304\001\372I\266\305\333\0323G@A\2510\002 3\231\213\211\366""h\L;S(\351\r0\212\311\025\214\030)\320\324\356h\272\034y\353\350Bj""; "
1750587302888,1750587302889,0,1,4,0,TMValidation,"validation: """"\200\000\000\001&\000\000\000\r)/\352\224&:\211l\014`\252m\212dQ\302\001\313@D\264\016\334\r\034\035\\276\225\314|\234S*r\007\370x>\305D*\007b\276v\316P\027\000\000\000\000\000\000\000\000\000\000\000\000\000\000\000\000\000\000\000\000\000\000\000\000\000\000\000\000\000\000\000\000P\031\304J\342j\272\270\274\360\307\356\347\200Ywm#\014\233\301\022L\232T\033N\341\232\325\233\227\313\307s!\003\325Q\255\224\274R@\312\253\262\347\352\034\346\347\242\215,\312\376=\277\353{\350\225\301\305`^, vG0E\002!\000\317\312\324v5\207'\214[\233\363\304\214X\253_\334\241\304\001\372I\266\305\333\0323G@A\2510\002 3\231\213\211\366""h\L;S(\351\r0\212\311\025\214\030)\320\324\356h\272\034y\353\350Bj""; ","validation: """"\200\000\000\001&\000\000\000\r)/\352\224&:\211l\014`\252m\212dQ\302\001\313@D\264\016\334\r\034\035\\276\225\314|\234S*r\007\370x>\305D*\007b\276v\316P\027\000\000\000\000\000\000\000\000\000\000\000\000\000\000\000\000\000\000\000\000\000\000\000\000\000\000\000\000\000\000\000\000P\031\304J\342j\272\270\274\360\307\356\347\200Ywm#\014\233\301\022L\232T\033N\341\232\325\233\227\313\307s!\003\325Q\255\224\274R@\312\253\262\347\352\034\346\347\242\215,\312\376=\277\353{\350\225\301\305`^, vG0E\002!\000\317\312\324v5\207'\214[\233\363\304\214X\253_\334\241\304\001\372I\266\305\333\0323G@A\2510\002 3\231\213\211\366""h\L;S(\351\r0\212\311\025\214\030)\320\324\356h\272\034y\353\350Bj""; "
1750587302888,1750587302888,0,1,4,1,TMValidation,"validation: """"\200\000\000\001&\000\000\000\r)/\352\224&:\211l\014`\252m\212dQ\302\001\313@D\264\016\334\r\034\035\\276\225\314|\234S*r\007\370x>\305D*\007b\276v\316P\027\000\000\000\000\000\000\000\000\000\000\000\000\000\000\000\000\000\000\000\000\000\000\000\000\000\000\000\000\000\000\000\000P\031\304J\342j\272\270\274\360\307\356\347\200Ywm#\014\233\301\022L\232T\033N\341\232\325\233\227\313\307s!\003\325Q\255\224\274R@\312\253\262\347\352\034\346\347\242\215,\312\376=\277\353{\350\225\301\305`^, vG0E\002!\000\317\312\324v5\207'\214[\233\363\304\214X\253_\334\241\304\001\372I\266\305\333\0323G@A\2510\002 3\231\213\211\366""h\L;S(\351\r0\212\311\025\214\030)\320\324\356h\272\034y\353\350Bj""; ","validation: """"\200\000\000\001&\000\000\000\r)/\352\224&:\211l\014`\252m\212dQ\302\001\313@D\264\016\334\r\034\035\\276\225\314|\234S*r\007\370x>\305D*\007b\276v\316P\027\000\000\000\000\000\000\000\000\000\000\000\000\000\000\000\000\000\000\000\000\000\000\000\000\000\000\000\000\000\000\000\000P\031\304J\342j\272\270\274\360\307\356\347\200Ywm#\014\233\301\022L\232T\033N\341\232\325\233\227\313\307s!\003\325Q\255\224\274R@\312\253\262\347\352\034\346\347\242\215,\312\376=\277\353{\350\225\301\305`^, vG0E\002!\000\317\312\324v5\207'\214[\233\363\304\214X\253_\334\241\304\001\372I\266\305\333\0323G@A\2510\002 3\231\213\211\366""h\L;S(\351\r0\212\311\025\214\030)\320\324\356h\272\034y\353\350Bj""; "
1750587302890,1750587302890,0,1,2,0,TMValidation,"validation: """"\200\000\000\001&\000\000\000\r)/\352\224&:\211l\014`\252m\212dQ\302\001\313@D\264\016\334\r\034\035\\276\225\314|\234S*r\007\370x>\305D*\007b\276v\316P\027\000\000\000\000\000\000\000\000\000\000\000\000\000\000\000\000\000\000\000\000\000\000\000\000\000\000\000\000\000\000\000\000P\031\304J\342j\272\270\274\360\307\356\347\200Ywm#\014\233\301\022L\232T\033N\341\232\325\233\227\313\307s!\003\325Q\255\224\274R@\312\253\262\347\352\034\346\347\242\215,\312\376=\277\353{\350\225\301\305`^, vG0E\002!\000\317\312\324v5\207'\214[\233\363\304\214X\253_\334\241\304\001\372I\266\305\333\0323G@A\2510\002 3\231\213\211\366""h\L;S(\351\r0\212\311\025\214\030)\320\324\356h\272\034y\353\350Bj""; ","validation: """"\200\000\000\001&\000\000\000\r)/\352\224&:\211l\014`\252m\212dQ\302\001\313@D\264\016\334\r\034\035\\276\225\314|\234S*r\007\370x>\305D*\007b\276v\316P\027\000\000\000\000\000\000\000\000\000\000\000\000\000\000\000\000\000\000\000\000\000\000\000\000\000\000\000\000\000\000\000\000P\031\304J\342j\272\270\274\360\307\356\347\200Ywm#\014\233\301\022L\232T\033N\341\232\325\233\227\313\307s!\003\325Q\255\224\274R@\312\253\262\347\352\034\346\347\242\215,\312\376=\277\353{\350\225\301\305`^, vG0E\002!\000\317\312\324v5\207'\214[\233\363\304\214X\253_\334\241\304\001\372I\266\305\333\0323G@A\2510\002 3\231\213\211\366""h\L;S(\351\r0\212\311\025\214\030)\320\324\356h\272\034y\353\350Bj""; "
1750587302891,1750587302891,0,1,2,1,TMValidation,"validation: """"\200\000\000\001&\000\000\000\r)/\352\224&:\211l\014`\252m\212dQ\302\001\313@D\264\016\334\r\034\035\\276\225\314|\234S*r\007\370x>\305D*\007b\276v\316P\027\000\000\000\000\000\000\000\000\000\000\000\000\000\000\000\000\000\000\000\000\000\000\000\000\000\000\000\000\000\000\000\000P\031\304J\342j\272\270\274\360\307\356\347\200Ywm#\014\233\301\022L\232T\033N\341\232\325\233\227\313\307s!\003\325Q\255\224\274R@\312\253\262\347\352\034\346\347\242\215,\312\376=\277\353{\350\225\301\305`^, vG0E\002!\000\317\312\324v5\207'\214[\233\363\304\214X\253_\334\241\304\001\372I\266\305\333\0323G@A\2510\002 3\231\213\211\366""h\L;S(\351\r0\212\311\025\214\030)\320\324\356h\272\034y\353\350Bj""; ","validation: """"\200\000\000\001&\000\000\000\r)/\352\224&:\211l\014`\252m\212dQ\302\001\313@D\264\016\334\r\034\035\\276\225\314|\234S*r\007\370x>\305D*\007b\276v\316P\027\000\000\000\000\000\000\000\000\000\000\000\000\000\000\000\000\000\000\000\000\000\000\000\000\000\000\000\000\000\000\000\000P\031\304J\342j\272\270\274\360\307\356\347\200Ywm#\014\233\301\022L\232T\033N\341\232\325\233\227\313\307s!\003\325Q\255\224\274R@\312\253\262\347\352\034\346\347\242\215,\312\376=\277\353{\350\225\301\305`^, vG0E\002!\000\317\312\324v5\207'\214[\233\363\304\214X\253_\334\241\304\001\372I\266\305\333\0323G@A\2510\002 3\231\213\211\366""h\L;S(\351\r0\212\311\025\214\030)\320\324\356h\272\034y\353\350Bj""; "
1750587302892,1750587302892,0,1,2,3,TMValidation,"validation: """"\200\000\000\001&\000\000\000\r)/\352\224&:\211l\014`\252m\212dQ\302\001\313@D\264\016\334\r\034\035\\276\225\314|\234S*r\007\370x>\305D*\007b\276v\316P\027\000\000\000\000\000\000\000\000\000\000\000\000\000\000\000\000\000\000\000\000\000\000\000\000\000\000\000\000\000\000\000\000P\031\304J\342j\272\270\274\360\307\356\347\200Ywm#\014\233\301\022L\232T\033N\341\232\325\233\227\313\307s!\003\325Q\255\224\274R@\312\253\262\347\352\034\346\347\242\215,\312\376=\277\353{\350\225\301\305`^, vG0E\002!\000\317\312\324v5\207'\214[\233\363\304\214X\253_\334\241\304\001\372I\266\305\333\0323G@A\2510\002 3\231\213\211\366""h\L;S(\351\r0\212\311\025\214\030)\320\324\356h\272\034y\353\350Bj""; ","validation: """"\200\000\000\001&\000\000\000\r)/\352\224&:\211l\014`\252m\212dQ\302\001\313@D\264\016\334\r\034\035\\276\225\314|\234S*r\007\370x>\305D*\007b\276v\316P\027\000\000\000\000\000\000\000\000\000\000\000\000\000\000\000\000\000\000\000\000\000\000\000\000\000\000\000\000\000\000\000\000P\031\304J\342j\272\270\274\360\307\356\347\200Ywm#\014\233\301\022L\232T\033N\341\232\325\233\227\313\307s!\003\325Q\255\224\274R@\312\253\262\347\352\034\346\347\242\215,\312\376=\277\353{\350\225\301\305`^, vG0E\002!\000\317\312\324v5\207'\214[\233\363\304\214X\253_\334\241\304\001\372I\266\305\333\0323G@A\2510\002 3\231\213\211\366""h\L;S(\351\r0\212\311\025\214\030)\320\324\356h\272\034y\353\350Bj""; "
1750587302892,1750587302892,0,1,0,2,TMValidation,"validation: """"\200\000\000\001&\000\000\000\r)/\352\224&:\211l\014`\252m\212dQ\302\001\313@D\264\016\334\r\034\035\\276\225\314|\234S*r\007\370x>\305D*\007b\276v\316P\027\000\000\000\000\000\000\000\000\000\000\000\000\000\000\000\000\000\000\000\000\000\000\000\000\000\000\000\000\000\000\000\000P\031\304J\342j\272\270\274\360\307\356\347\200Ywm#\014\233\301\022L\232T\033N\341\232\325\233\227\313\307s!\003\325Q\255\224\274R@\312\253\262\347\352\034\346\347\242\215,\312\376=\277\353{\350\225\301\305`^, vG0E\002!\000\317\312\324v5\207'\214[\233\363\304\214X\253_\334\241\304\001\372I\266\305\333\0323G@A\2510\002 3\231\213\211\366""h\L;S(\351\r0\212\311\025\214\030)\320\324\356h\272\034y\353\350Bj""; ","validation: """"\200\000\000\001&\000\000\000\r)/\352\224&:\211l\014`\252m\212dQ\302\001\313@D\264\016\334\r\034\035\\276\225\314|\234S*r\007\370x>\305D*\007b\276v\316P\027\000\000\000\000\000\000\000\000\000\000\000\000\000\000\000\000\000\000\000\000\000\000\000\000\000\000\000\000\000\000\000\000P\031\304J\342j\272\270\274\360\307\356\347\200Ywm#\014\233\301\022L\232T\033N\341\232\325\233\227\313\307s!\003\325Q\255\224\274R@\312\253\262\347\352\034\346\347\242\215,\312\376=\277\353{\350\225\301\305`^, vG0E\002!\000\317\312\324v5\207'\214[\233\363\304\214X\253_\334\241\304\001\372I\266\305\333\0323G@A\2510\002 3\231\213\211\366""h\L;S(\351\r0\212\311\025\214\030)\320\324\356h\272\034y\353\350Bj""; "
1750587302893,1750587302893,0,1,0,1,TMValidation,"validation: """"\200\000\000\001&\000\000\000\r)/\352\224&:\211l\014`\252m\212dQ\302\001\313@D\264\016\334\r\034\035\\276\225\314|\234S*r\007\370x>\305D*\007b\276v\316P\027\000\000\000\000\000\000\000\000\000\000\000\000\000\000\000\000\000\000\000\000\000\000\000\000\000\000\000\000\000\000\000\000P\031\304J\342j\272\270\274\360\307\356\347\200Ywm#\014\233\301\022L\232T\033N\341\232\325\233\227\313\307s!\003\325Q\255\224\274R@\312\253\262\347\352\034\346\347\242\215,\312\376=\277\353{\350\225\301\305`^, vG0E\002!\000\317\312\324v5\207'\214[\233\363\304\214X\253_\334\241\304\001\372I\266\305\333\0323G@A\2510\002 3\231\213\211\366""h\L;S(\351\r0\212\311\025\214\030)\320\324\356h\272\034y\353\350Bj""; ","validation: """"\200\000\000\001&\000\000\000\r)/\352\224&:\211l\014`\252m\212dQ\302\001\313@D\264\016\334\r\034\035\\276\225\314|\234S*r\007\370x>\305D*\007b\276v\316P\027\000\000\000\000\000\000\000\000\000\000\000\000\000\000\000\000\000\000\000\000\000\000\000\000\000\000\000\000\000\000\000\000P\031\304J\342j\272\270\274\360\307\356\347\200Ywm#\014\233\301\022L\232T\033N\341\232\325\233\227\313\307s!\003\325Q\255\224\274R@\312\253\262\347\352\034\346\347\242\215,\312\376=\277\353{\350\225\301\305`^, vG0E\002!\000\317\312\324v5\207'\214[\233\363\304\214X\253_\334\241\304\001\372I\266\305\333\0323G@A\2510\002 3\231\213\211\366""h\L;S(\351\r0\212\311\025\214\030)\320\324\356h\272\034y\353\350Bj""; "
1750587302893,1750587302893,0,1,0,3,TMValidation,"validation: """"\200\000\000\001&\000\000\000\r)/\352\224&:\211l\014`\252m\212dQ\302\001\313@D\264\016\334\r\034\035\\276\225\314|\234S*r\007\370x>\305D*\007b\276v\316P\027\000\000\000\000\000\000\000\000\000\000\000\000\000\000\000\000\000\000\000\000\000\000\000\000\000\000\000\000\000\000\000\000P\031\304J\342j\272\270\274\360\307\356\347\200Ywm#\014\233\301\022L\232T\033N\341\232\325\233\227\313\307s!\003\325Q\255\224\274R@\312\253\262\347\352\034\346\347\242\215,\312\376=\277\353{\350\225\301\305`^, vG0E\002!\000\317\312\324v5\207'\214[\233\363\304\214X\253_\334\241\304\001\372I\266\305\333\0323G@A\2510\002 3\231\213\211\366""h\L;S(\351\r0\212\311\025\214\030)\320\324\356h\272\034y\353\350Bj""; ","validation: """"\200\000\000\001&\000\000\000\r)/\352\224&:\211l\014`\252m\212dQ\302\001\313@D\264\016\334\r\034\035\\276\225\314|\234S*r\007\370x>\305D*\007b\276v\316P\027\000\000\000\000\000\000\000\000\000\000\000\000\000\000\000\000\000\000\000\000\000\000\000\000\000\000\000\000\000\000\000\000P\031\304J\342j\272\270\274\360\307\356\347\200Ywm#\014\233\301\022L\232T\033N\341\232\325\233\227\313\307s!\003\325Q\255\224\274R@\312\253\262\347\352\034\346\347\242\215,\312\376=\277\353{\350\225\301\305`^, vG0E\002!\000\317\312\324v5\207'\214[\233\363\304\214X\253_\334\241\304\001\372I\266\305\333\0323G@A\2510\002 3\231\213\211\366""h\L;S(\351\r0\212\311\025\214\030)\320\324\356h\272\034y\353\350Bj""; "
1750587302893,1750587302894,0,1,1,3,TMValidation,"validation: """"\200\000\000\001&\000\000\000\r)/\352\224&:\211l\014`\252m\212dQ\302\001\313@D\264\016\334\r\034\035\\276\225\314|\234S*r\007\370x>\305D*\007b\276v\316P\027\000\000\000\000\000\000\000\000\000\000\000\000\000\000\000\000\000\000\000\000\000\000\000\000\000\000\000\000\000\000\000\000P\031\304J\342j\272\270\274\360\307\356\347\200Ywm#\014\233\301\022L\232T\033N\341\232\325\233\227\313\307s!\003\325Q\255\224\274R@\312\253\262\347\352\034\346\347\242\215,\312\376=\277\353{\350\225\301\305`^, vG0E\002!\000\317\312\324v5\207'\214[\233\363\304\214X\253_\334\241\304\001\372I\266\305\333\0323G@A\2510\002 3\231\213\211\366""h\L;S(\351\r0\212\311\025\214\030)\320\324\356h\272\034y\353\350Bj""; ","validation: """"\200\000\000\001&\000\000\000\r)/\352\224&:\211l\014`\252m\212dQ\302\001\313@D\264\016\334\r\034\035\\276\225\314|\234S*r\007\370x>\305D*\007b\276v\316P\027\000\000\000\000\000\000\000\000\000\000\000\000\000\000\000\000\000\000\000\000\000\000\000\000\000\000\000\000\000\000\000\000P\031\304J\342j\272\270\274\360\307\356\347\200Ywm#\014\233\301\022L\232T\033N\341\232\325\233\227\313\307s!\003\325Q\255\224\274R@\312\253\262\347\352\034\346\347\242\215,\312\376=\277\353{\350\225\301\305`^, vG0E\002!\000\317\312\324v5\207'\214[\233\363\304\214X\253_\334\241\304\001\372I\266\305\333\0323G@A\2510\002 3\231\213\211\366""h\L;S(\351\r0\212\311\025\214\030)\320\324\356h\272\034y\353\350Bj""; "
1750587302894,1750587302894,0,1,1,0,TMValidation,"validation: """"\200\000\000\001&\000\000\000\r)/\352\224&:\211l\014`\252m\212dQ\302\001\313@D\264\016\334\r\034\035\\276\225\314|\234S*r\007\370x>\305D*\007b\276v\316P\027\000\000\000\000\000\000\000\000\000\000\000\000\000\000\000\000\000\000\000\000\000\000\000\000\000\000\000\000\000\000\000\000P\031\304J\342j\272\270\274\360\307\356\347\200Ywm#\014\233\301\022L\232T\033N\341\232\325\233\227\313\307s!\003\325Q\255\224\274R@\312\253\262\347\352\034\346\347\242\215,\312\376=\277\353{\350\225\301\305`^, vG0E\002!\000\317\312\324v5\207'\214[\233\363\304\214X\253_\334\241\304\001\372I\266\305\333\0323G@A\2510\002 3\231\213\211\366""h\L;S(\351\r0\212\311\025\214\030)\320\324\356h\272\034y\353\350Bj""; ","validation: """"\200\000\000\001&\000\000\000\r)/\352\224&:\211l\014`\252m\212dQ\302\001\313@D\264\016\334\r\034\035\\276\225\314|\234S*r\007\370x>\305D*\007b\276v\316P\027\000\000\000\000\000\000\000\000\000\000\000\000\000\000\000\000\000\000\000\000\000\000\000\000\000\000\000\000\000\000\000\000P\031\304J\342j\272\270\274\360\307\356\347\200Ywm#\014\233\301\022L\232T\033N\341\232\325\233\227\313\307s!\003\325Q\255\224\274R@\312\253\262\347\352\034\346\347\242\215,\312\376=\277\353{\350\225\301\305`^, vG0E\002!\000\317\312\324v5\207'\214[\233\363\304\214X\253_\334\241\304\001\372I\266\305\333\0323G@A\2510\002 3\231\213\211\366""h\L;S(\351\r0\212\311\025\214\030)\320\324\356h\272\034y\353\350Bj""; "
1750587302894,1750587302894,0,1,1,2,TMValidation,"validation: """"\200\000\000\001&\000\000\000\r)/\352\224&:\211l\014`\252m\212dQ\302\001\313@D\264\016\334\r\034\035\\276\225\314|\234S*r\007\370x>\305D*\007b\276v\316P\027\000\000\000\000\000\000\000\000\000\000\000\000\000\000\000\000\000\000\000\000\000\000\000\000\000\000\000\000\000\000\000\000P\031\304J\342j\272\270\274\360\307\356\347\200Ywm#\014\233\301\022L\232T\033N\341\232\325\233\227\313\307s!\003\325Q\255\224\274R@\312\253\262\347\352\034\346\347\242\215,\312\376=\277\353{\350\225\301\305`^, vG0E\002!\000\317\312\324v5\207'\214[\233\363\304\214X\253_\334\241\304\001\372I\266\305\333\0323G@A\2510\002 3\231\213\211\366""h\L;S(\351\r0\212\311\025\214\030)\320\324\356h\272\034y\353\350Bj""; ","validation: """"\200\000\000\001&\000\000\000\r)/\352\224&:\211l\014`\252m\212dQ\302\001\313@D\264\016\334\r\034\035\\276\225\314|\234S*r\007\370x>\305D*\007b\276v\316P\027\000\000\000\000\000\000\000\000\000\000\000\000\000\000\000\000\000\000\000\000\000\000\000\000\000\000\000\000\000\000\000\000P\031\304J\342j\272\270\274\360\307\356\347\200Ywm#\014\233\301\022L\232T\033N\341\232\325\233\227\313\307s!\003\325Q\255\224\274R@\312\253\262\347\352\034\346\347\242\215,\312\376=\277\353{\350\225\301\305`^, vG0E\002!\000\317\312\324v5\207'\214[\233\363\304\214X\253_\334\241\304\001\372I\266\305\333\0323G@A\2510\002 3\231\213\211\366""h\L;S(\351\r0\212\311\025\214\030)\320\324\356h\272\034y\353\350Bj""; "
1750587302896,1750587302896,0,1,3,2,TMValidation,"validation: """"\200\000\000\001&\000\000\000\r)/\352\224&:\211l\014`\252m\212dQ\302\001\313@D\264\016\334\r\034\035\\276\225\314|\234S*r\007\370x>\305D*\007b\276v\316P\027\000\000\000\000\000\000\000\000\000\000\000\000\000\000\000\000\000\000\000\000\000\000\000\000\000\000\000\000\000\000\000\000P\031\304J\342j\272\270\274\360\307\356\347\200Ywm#\014\233\301\022L\232T\033N\341\232\325\233\227\313\307s!\003\325Q\255\224\274R@\312\253\262\347\352\034\346\347\242\215,\312\376=\277\353{\350\225\301\305`^, vG0E\002!\000\317\312\324v5\207'\214[\233\363\304\214X\253_\334\241\304\001\372I\266\305\333\0323G@A\2510\002 3\231\213\211\366""h\L;S(\351\r0\212\311\025\214\030)\320\324\356h\272\034y\353\350Bj""; ","validation: """"\200\000\000\001&\000\000\000\r)/\352\224&:\211l\014`\252m\212dQ\302\001\313@D\264\016\334\r\034\035\\276\225\314|\234S*r\007\370x>\305D*\007b\276v\316P\027\000\000\000\000\000\000\000\000\000\000\000\000\000\000\000\000\000\000\000\000\000\000\000\000\000\000\000\000\000\000\000\000P\031\304J\342j\272\270\274\360\307\356\347\200Ywm#\014\233\301\022L\232T\033N\341\232\325\233\227\313\307s!\003\325Q\255\224\274R@\312\253\262\347\352\034\346\347\242\215,\312\376=\277\353{\350\225\301\305`^, vG0E\002!\000\317\312\324v5\207'\214[\233\363\304\214X\253_\334\241\304\001\372I\266\305\333\0323G@A\2510\002 3\231\213\211\366""h\L;S(\351\r0\212\311\025\214\030)\320\324\356h\272\034y\353\350Bj""; "
1750587302899,1750587302899,0,1,3,1,TMValidation,"validation: """"\200\000\000\001&\000\000\000\r)/\352\224&:\211l\014`\252m\212dQ\302\001\313@D\264\016\334\r\034\035\\276\225\314|\234S*r\007\370x>\305D*\007b\276v\316P\027\000\000\000\000\000\000\000\000\000\000\000\000\000\000\000\000\000\000\000\000\000\000\000\000\000\000\000\000\000\000\000\000P\031\304J\342j\272\270\274\360\307\356\347\200Ywm#\014\233\301\022L\232T\033N\341\232\325\233\227\313\307s!\003\325Q\255\224\274R@\312\253\262\347\352\034\346\347\242\215,\312\376=\277\353{\350\225\301\305`^, vG0E\002!\000\317\312\324v5\207'\214[\233\363\304\214X\253_\334\241\304\001\372I\266\305\333\0323G@A\2510\002 3\231\213\211\366""h\L;S(\351\r0\212\311\025\214\030)\320\324\356h\272\034y\353\350Bj""; ","validation: """"\200\000\000\001&\000\000\000\r)/\352\224&:\211l\014`\252m\212dQ\302\001\313@D\264\016\334\r\034\035\\276\225\314|\234S*r\007\370x>\305D*\007b\276v\316P\027\000\000\000\000\000\000\000\000\000\000\000\000\000\000\000\000\000\000\000\000\000\000\000\000\000\000\000\000\000\000\000\000P\031\304J\342j\272\270\274\360\307\356\347\200Ywm#\014\233\301\022L\232T\033N\341\232\325\233\227\313\307s!\003\325Q\255\224\274R@\312\253\262\347\352\034\346\347\242\215,\312\376=\277\353{\350\225\301\305`^, vG0E\002!\000\317\312\324v5\207'\214[\233\363\304\214X\253_\334\241\304\001\372I\266\305\333\0323G@A\2510\002 3\231\213\211\366""h\L;S(\351\r0\212\311\025\214\030)\320\324\356h\272\034y\353\350Bj""; "
1750587302900,1750587302900,0,1,3,0,TMValidation,"validation: """"\200\000\000\001&\000\000\000\r)/\352\224&:\211l\014`\252m\212dQ\302\001\313@D\264\016\334\r\034\035\\276\225\314|\234S*r\007\370x>\305D*\007b\276v\316P\027\000\000\000\000\000\000\000\000\000\000\000\000\000\000\000\000\000\000\000\000\000\000\000\000\000\000\000\000\000\000\000\000P\031\304J\342j\272\270\274\360\307\356\347\200Ywm#\014\233\301\022L\232T\033N\341\232\325\233\227\313\307s!\003\325Q\255\224\274R@\312\253\262\347\352\034\346\347\242\215,\312\376=\277\353{\350\225\301\305`^, vG0E\002!\000\317\312\324v5\207'\214[\233\363\304\214X\253_\334\241\304\001\372I\266\305\333\0323G@A\2510\002 3\231\213\211\366""h\L;S(\351\r0\212\311\025\214\030)\320\324\356h\272\034y\353\350Bj""; ","validation: """"\200\000\000\001&\000\000\000\r)/\352\224&:\211l\014`\252m\212dQ\302\001\313@D\264\016\334\r\034\035\\276\225\314|\234S*r\007\370x>\305D*\007b\276v\316P\027\000\000\000\000\000\000\000\000\000\000\000\000\000\000\000\000\000\000\000\000\000\000\000\000\000\000\000\000\000\000\000\000P\031\304J\342j\272\270\274\360\307\356\347\200Ywm#\014\233\301\022L\232T\033N\341\232\325\233\227\313\307s!\003\325Q\255\224\274R@\312\253\262\347\352\034\346\347\242\215,\312\376=\277\353{\350\225\301\305`^, vG0E\002!\000\317\312\324v5\207'\214[\233\363\304\214X\253_\334\241\304\001\372I\266\305\333\0323G@A\2510\002 3\231\213\211\366""h\L;S(\351\r0\212\311\025\214\030)\320\324\356h\272\034y\353\350Bj""; "
1750587303015,1750587303015,0,1,0,4,TMStatusChange,"newEvent: neACCEPTED_LEDGER; ledgerSeq: 13; ledgerHash: ""\302\001\313@D\264\016\334\r\034\035\\276\225\314|\234S*r\007\370x>\305D*\007b\276v\316""; ledgerHashPrevious: ""\304J\342j\272\270\274\360\307\356\347\200Ywm#\014\233\301\022L\232T\033N\341\232\325\233\227\313\307""; networkTime: 803902503; firstSeq: 9; lastSeq: 12; ","newEvent: neACCEPTED_LEDGER; ledgerSeq: 13; ledgerHash: ""\302\001\313@D\264\016\334\r\034\035\\276\225\314|\234S*r\007\370x>\305D*\007b\276v\316""; ledgerHashPrevious: ""\304J\342j\272\270\274\360\307\356\347\200Ywm#\014\233\301\022L\232T\033N\341\232\325\233\227\313\307""; networkTime: 803902503; firstSeq: 9; lastSeq: 12; "
1750587303016,1750587303016,0,1,0,3,TMStatusChange,"newEvent: neACCEPTED_LEDGER; ledgerSeq: 13; ledgerHash: ""\302\001\313@D\264\016\334\r\034\035\\276\225\314|\234S*r\007\370x>\305D*\007b\276v\316""; ledgerHashPrevious: ""\304J\342j\272\270\274\360\307\356\347\200Ywm#\014\233\301\022L\232T\033N\341\232\325\233\227\313\307""; networkTime: 803902503; firstSeq: 9; lastSeq: 12; ","newEvent: neACCEPTED_LEDGER; ledgerSeq: 13; ledgerHash: ""\302\001\313@D\264\016\334\r\034\035\\276\225\314|\234S*r\007\370x>\305D*\007b\276v\316""; ledgerHashPrevious: ""\304J\342j\272\270\274\360\307\356\347\200Ywm#\014\233\301\022L\232T\033N\341\232\325\233\227\313\307""; networkTime: 803902503; firstSeq: 9; lastSeq: 12; "
1750587303016,1750587303016,0,1,0,2,TMStatusChange,"newEvent: neACCEPTED_LEDGER; ledgerSeq: 13; ledgerHash: ""\302\001\313@D\264\016\334\r\034\035\\276\225\314|\234S*r\007\370x>\305D*\007b\276v\316""; ledgerHashPrevious: ""\304J\342j\272\270\274\360\307\356\347\200Ywm#\014\233\301\022L\232T\033N\341\232\325\233\227\313\307""; networkTime: 803902503; firstSeq: 9; lastSeq: 12; ","newEvent: neACCEPTED_LEDGER; ledgerSeq: 13; ledgerHash: ""\302\001\313@D\264\016\334\r\034\035\\276\225\314|\234S*r\007\370x>\305D*\007b\276v\316""; ledgerHashPrevious: ""\304J\342j\272\270\274\360\307\356\347\200Ywm#\014\233\301\022L\232T\033N\341\232\325\233\227\313\307""; networkTime: 803902503; firstSeq: 9; lastSeq: 12; "
1750587303015,1750587303015,0,1,0,1,TMStatusChange,"newEvent: neACCEPTED_LEDGER; ledgerSeq: 13; ledgerHash: ""\302\001\313@D\264\016\334\r\034\035\\276\225\314|\234S*r\007\370x>\305D*\007b\276v\316""; ledgerHashPrevious: ""\304J\342j\272\270\274\360\307\356\347\200Ywm#\014\233\301\022L\232T\033N\341\232\325\233\227\313\307""; networkTime: 803902503; firstSeq: 9; lastSeq: 12; ","newEvent: neACCEPTED_LEDGER; ledgerSeq: 13; ledgerHash: ""\302\001\313@D\264\016\334\r\034\035\\276\225\314|\234S*r\007\370x>\305D*\007b\276v\316""; ledgerHashPrevious: ""\304J\342j\272\270\274\360\307\356\347\200Ywm#\014\233\301\022L\232T\033N\341\232\325\233\227\313\307""; networkTime: 803902503; firstSeq: 9; lastSeq: 12; "
1750587303058,1750587303058,0,1,0,4,TMValidation,"validation: """"\200\000\000\001&\000\000\000\r)/\352\224':I\203w\200\211\SGQ\302\001\313@D\264\016\334\r\034\035\\276\225\314|\234S*r\007\370x>\305D*\007b\276v\316P\027\000\000\000\000\000\000\000\000\000\000\000\000\000\000\000\000\000\000\000\000\000\000\000\000\000\000\000\000\000\000\000\000P\031\304J\342j\272\270\274\360\307\356\347\200Ywm#\014\233\301\022L\232T\033N\341\232\325\233\227\313\307s!\002\347\243J\206W\025ML\260\226\0163\217\250\337\325W\253\356*O\245Z\271\234\207C\274\375`\335\311vF0D\002 \\377b\357\007\353\305=.\214\355\000\302:_\213\017\216a\014\260\325\252\321cL\036\036\333\355e\314\002 {)D\335\017\321\251\322E\324\225\013""\014\356\226i(\265\0321\202_\377 \276\271\204p\034\230\243""; ","validation: """"\200\000\000\001&\000\000\000\r)/\352\224':I\203w\200\211\SGQ\302\001\313@D\264\016\334\r\034\035\\276\225\314|\234S*r\007\370x>\305D*\007b\276v\316P\027\000\000\000\000\000\000\000\000\000\000\000\000\000\000\000\000\000\000\000\000\000\000\000\000\000\000\000\000\000\000\000\000P\031\304J\342j\272\270\274\360\307\356\347\200Ywm#\014\233\301\022L\232T\033N\341\232\325\233\227\313\307s!\002\347\243J\206W\025ML\260\226\0163\217\250\337\325W\253\356*O\245Z\271\234\207C\274\375`\335\311vF0D\002 \\377b\357\007\353\305=.\214\355\000\302:_\213\017\216a\014\260\325\252\321cL\036\036\333\355e\314\002 {)D\335\017\321\251\322E\324\225\013""\014\356\226i(\265\0321\202_\377 \276\271\204p\034\230\243""; "
1750587303058,1750587303058,0,1,0,2,TMValidation,"validation: """"\200\000\000\001&\000\000\000\r)/\352\224':I\203w\200\211\SGQ\302\001\313@D\264\016\334\r\034\035\\276\225\314|\234S*r\007\370x>\305D*\007b\276v\316P\027\000\000\000\000\000\000\000\000\000\000\000\000\000\000\000\000\000\000\000\000\000\000\000\000\000\000\000\000\000\000\000\000P\031\304J\342j\272\270\274\360\307\356\347\200Ywm#\014\233\301\022L\232T\033N\341\232\325\233\227\313\307s!\002\347\243J\206W\025ML\260\226\0163\217\250\337\325W\253\356*O\245Z\271\234\207C\274\375`\335\311vF0D\002 \\377b\357\007\353\305=.\214\355\000\302:_\213\017\216a\014\260\325\252\321cL\036\036\333\355e\314\002 {)D\335\017\321\251\322E\324\225\013""\014\356\226i(\265\0321\202_\377 \276\271\204p\034\230\243""; ","validation: """"\200\000\000\001&\000\000\000\r)/\352\224':I\203w\200\211\SGQ\302\001\313@D\264\016\334\r\034\035\\276\225\314|\234S*r\007\370x>\305D*\007b\276v\316P\027\000\000\000\000\000\000\000\000\000\000\000\000\000\000\000\000\000\000\000\000\000\000\000\000\000\000\000\000\000\000\000\000P\031\304J\342j\272\270\274\360\307\356\347\200Ywm#\014\233\301\022L\232T\033N\341\232\325\233\227\313\307s!\002\347\243J\206W\025ML\260\226\0163\217\250\337\325W\253\356*O\245Z\271\234\207C\274\375`\335\311vF0D\002 \\377b\357\007\353\305=.\214\355\000\302:_\213\017\216a\014\260\325\252\321cL\036\036\333\355e\314\002 {)D\335\017\321\251\322E\324\225\013""\014\356\226i(\265\0321\202_\377 \276\271\204p\034\230\243""; "
1750587303059,1750587303059,0,1,0,3,TMValidation,"validation: """"\200\000\000\001&\000\000\000\r)/\352\224':I\203w\200\211\SGQ\302\001\313@D\264\016\334\r\034\035\\276\225\314|\234S*r\007\370x>\305D*\007b\276v\316P\027\000\000\000\000\000\000\000\000\000\000\000\000\000\000\000\000\000\000\000\000\000\000\000\000\000\000\000\000\000\000\000\000P\031\304J\342j\272\270\274\360\307\356\347\200Ywm#\014\233\301\022L\232T\033N\341\232\325\233\227\313\307s!\002\347\243J\206W\025ML\260\226\0163\217\250\337\325W\253\356*O\245Z\271\234\207C\274\375`\335\311vF0D\002 \\377b\357\007\353\305=.\214\355\000\302:_\213\017\216a\014\260\325\252\321cL\036\036\333\355e\314\002 {)D\335\017\321\251\322E\324\225\013""\014\356\226i(\265\0321\202_\377 \276\271\204p\034\230\243""; ","validation: """"\200\000\000\001&\000\000\000\r)/\352\224':I\203w\200\211\SGQ\302\001\313@D\264\016\334\r\034\035\\276\225\314|\234S*r\007\370x>\305D*\007b\276v\316P\027\000\000\000\000\000\000\000\000\000\000\000\000\000\000\000\000\000\000\000\000\000\000\000\000\000\000\000\000\000\000\000\000P\031\304J\342j\272\270\274\360\307\356\347\200Ywm#\014\233\301\022L\232T\033N\341\232\325\233\227\313\307s!\002\347\243J\206W\025ML\260\226\0163\217\250\337\325W\253\356*O\245Z\271\234\207C\274\375`\335\311vF0D\002 \\377b\357\007\353\305=.\214\355\000\302:_\213\017\216a\014\260\325\252\321cL\036\036\333\355e\314\002 {)D\335\017\321\251\322E\324\225\013""\014\356\226i(\265\0321\202_\377 \276\271\204p\034\230\243""; "
1750587303059,1750587303059,0,1,0,1,TMValidation,"validation: """"\200\000\000\001&\000\000\000\r)/\352\224':I\203w\200\211\SGQ\302\001\313@D\264\016\334\r\034\035\\276\225\314|\234S*r\007\370x>\305D*\007b\276v\316P\027\000\000\000\000\000\000\000\000\000\000\000\000\000\000\000\000\000\000\000\000\000\000\000\000\000\000\000\000\000\000\000\000P\031\304J\342j\272\270\274\360\307\356\347\200Ywm#\014\233\301\022L\232T\033N\341\232\325\233\227\313\307s!\002\347\243J\206W\025ML\260\226\0163\217\250\337\325W\253\356*O\245Z\271\234\207C\274\375`\335\311vF0D\002 \\377b\357\007\353\305=.\214\355\000\302:_\213\017\216a\014\260\325\252\321cL\036\036\333\355e\314\002 {)D\335\017\321\251\322E\324\225\013""\014\356\226i(\265\0321\202_\377 \276\271\204p\034\230\243""; ","validation: """"\200\000\000\001&\000\000\000\r)/\352\224':I\203w\200\211\SGQ\302\001\313@D\264\016\334\r\034\035\\276\225\314|\234S*r\007\370x>\305D*\007b\276v\316P\027\000\000\000\000\000\000\000\000\000\000\000\000\000\000\000\000\000\000\000\000\000\000\000\000\000\000\000\000\000\000\000\000P\031\304J\342j\272\270\274\360\307\356\347\200Ywm#\014\233\301\022L\232T\033N\341\232\325\233\227\313\307s!\002\347\243J\206W\025ML\260\226\0163\217\250\337\325W\253\356*O\245Z\271\234\207C\274\375`\335\311vF0D\002 \\377b\357\007\353\305=.\214\355\000\302:_\213\017\216a\014\260\325\252\321cL\036\036\333\355e\314\002 {)D\335\017\321\251\322E\324\225\013""\014\356\226i(\265\0321\202_\377 \276\271\204p\034\230\243""; "
1750587303061,1750587303061,0,1,2,3,TMValidation,"validation: """"\200\000\000\001&\000\000\000\r)/\352\224':I\203w\200\211\SGQ\302\001\313@D\264\016\334\r\034\035\\276\225\314|\234S*r\007\370x>\305D*\007b\276v\316P\027\000\000\000\000\000\000\000\000\000\000\000\000\000\000\000\000\000\000\000\000\000\000\000\000\000\000\000\000\000\000\000\000P\031\304J\342j\272\270\274\360\307\356\347\200Ywm#\014\233\301\022L\232T\033N\341\232\325\233\227\313\307s!\002\347\243J\206W\025ML\260\226\0163\217\250\337\325W\253\356*O\245Z\271\234\207C\274\375`\335\311vF0D\002 \\377b\357\007\353\305=.\214\355\000\302:_\213\017\216a\014\260\325\252\321cL\036\036\333\355e\314\002 {)D\335\017\321\251\322E\324\225\013""\014\356\226i(\265\0321\202_\377 \276\271\204p\034\230\243""; ","validation: """"\200\000\000\001&\000\000\000\r)/\352\224':I\203w\200\211\SGQ\302\001\313@D\264\016\334\r\034\035\\276\225\314|\234S*r\007\370x>\305D*\007b\276v\316P\027\000\000\000\000\000\000\000\000\000\000\000\000\000\000\000\000\000\000\000\000\000\000\000\000\000\000\000\000\000\000\000\000P\031\304J\342j\272\270\274\360\307\356\347\200Ywm#\014\233\301\022L\232T\033N\341\232\325\233\227\313\307s!\002\347\243J\206W\025ML\260\226\0163\217\250\337\325W\253\356*O\245Z\271\234\207C\274\375`\335\311vF0D\002 \\377b\357\007\353\305=.\214\355\000\302:_\213\017\216a\014\260\325\252\321cL\036\036\333\355e\314\002 {)D\335\017\321\251\322E\324\225\013""\014\356\226i(\265\0321\202_\377 \276\271\204p\034\230\243""; "
1750587303061,1750587303061,0,1,4,2,TMValidation,"validation: """"\200\000\000\001&\000\000\000\r)/\352\224':I\203w\200\211\SGQ\302\001\313@D\264\016\334\r\034\035\\276\225\314|\234S*r\007\370x>\305D*\007b\276v\316P\027\000\000\000\000\000\000\000\000\000\000\000\000\000\000\000\000\000\000\000\000\000\000\000\000\000\000\000\000\000\000\000\000P\031\304J\342j\272\270\274\360\307\356\347\200Ywm#\014\233\301\022L\232T\033N\341\232\325\233\227\313\307s!\002\347\243J\206W\025ML\260\226\0163\217\250\337\325W\253\356*O\245Z\271\234\207C\274\375`\335\311vF0D\002 \\377b\357\007\353\305=.\214\355\000\302:_\213\017\216a\014\260\325\252\321cL\036\036\333\355e\314\002 {)D\335\017\321\251\322E\324\225\013""\014\356\226i(\265\0321\202_\377 \276\271\204p\034\230\243""; ","validation: """"\200\000\000\001&\000\000\000\r)/\352\224':I\203w\200\211\SGQ\302\001\313@D\264\016\334\r\034\035\\276\225\314|\234S*r\007\370x>\305D*\007b\276v\316P\027\000\000\000\000\000\000\000\000\000\000\000\000\000\000\000\000\000\000\000\000\000\000\000\000\000\000\000\000\000\000\000\000P\031\304J\342j\272\270\274\360\307\356\347\200Ywm#\014\233\301\022L\232T\033N\341\232\325\233\227\313\307s!\002\347\243J\206W\025ML\260\226\0163\217\250\337\325W\253\356*O\245Z\271\234\207C\274\375`\335\311vF0D\002 \\377b\357\007\353\305=.\214\355\000\302:_\213\017\216a\014\260\325\252\321cL\036\036\333\355e\314\002 {)D\335\017\321\251\322E\324\225\013""\014\356\226i(\265\0321\202_\377 \276\271\204p\034\230\243""; "
1750587303062,1750587303063,0,1,4,3,TMValidation,"validation: """"\200\000\000\001&\000\000\000\r)/\352\224':I\203w\200\211\SGQ\302\001\313@D\264\016\334\r\034\035\\276\225\314|\234S*r\007\370x>\305D*\007b\276v\316P\027\000\000\000\000\000\000\000\000\000\000\000\000\000\000\000\000\000\000\000\000\000\000\000\000\000\000\000\000\000\000\000\000P\031\304J\342j\272\270\274\360\307\356\347\200Ywm#\014\233\301\022L\232T\033N\341\232\325\233\227\313\307s!\002\347\243J\206W\025ML\260\226\0163\217\250\337\325W\253\356*O\245Z\271\234\207C\274\375`\335\311vF0D\002 \\377b\357\007\353\305=.\214\355\000\302:_\213\017\216a\014\260\325\252\321cL\036\036\333\355e\314\002 {)D\335\017\321\251\322E\324\225\013""\014\356\226i(\265\0321\202_\377 \276\271\204p\034\230\243""; ","validation: """"\200\000\000\001&\000\000\000\r)/\352\224':I\203w\200\211\SGQ\302\001\313@D\264\016\334\r\034\035\\276\225\314|\234S*r\007\370x>\305D*\007b\276v\316P\027\000\000\000\000\000\000\000\000\000\000\000\000\000\000\000\000\000\000\000\000\000\000\000\000\000\000\000\000\000\000\000\000P\031\304J\342j\272\270\274\360\307\356\347\200Ywm#\014\233\301\022L\232T\033N\341\232\325\233\227\313\307s!\002\347\243J\206W\025ML\260\226\0163\217\250\337\325W\253\356*O\245Z\271\234\207C\274\375`\335\311vF0D\002 \\377b\357\007\353\305=.\214\355\000\302:_\213\017\216a\014\260\325\252\321cL\036\036\333\355e\314\002 {)D\335\017\321\251\322E\324\225\013""\014\356\226i(\265\0321\202_\377 \276\271\204p\034\230\243""; "
1750587303063,1750587303063,0,1,4,1,TMValidation,"validation: """"\200\000\000\001&\000\000\000\r)/\352\224':I\203w\200\211\SGQ\302\001\313@D\264\016\334\r\034\035\\276\225\314|\234S*r\007\370x>\305D*\007b\276v\316P\027\000\000\000\000\000\000\000\000\000\000\000\000\000\000\000\000\000\000\000\000\000\000\000\000\000\000\000\000\000\000\000\000P\031\304J\342j\272\270\274\360\307\356\347\200Ywm#\014\233\301\022L\232T\033N\341\232\325\233\227\313\307s!\002\347\243J\206W\025ML\260\226\0163\217\250\337\325W\253\356*O\245Z\271\234\207C\274\375`\335\311vF0D\002 \\377b\357\007\353\305=.\214\355\000\302:_\213\017\216a\014\260\325\252\321cL\036\036\333\355e\314\002 {)D\335\017\321\251\322E\324\225\013""\014\356\226i(\265\0321\202_\377 \276\271\204p\034\230\243""; ","validation: """"\200\000\000\001&\000\000\000\r)/\352\224':I\203w\200\211\SGQ\302\001\313@D\264\016\334\r\034\035\\276\225\314|\234S*r\007\370x>\305D*\007b\276v\316P\027\000\000\000\000\000\000\000\000\000\000\000\000\000\000\000\000\000\000\000\000\000\000\000\000\000\000\000\000\000\000\000\000P\031\304J\342j\272\270\274\360\307\356\347\200Ywm#\014\233\301\022L\232T\033N\341\232\325\233\227\313\307s!\002\347\243J\206W\025ML\260\226\0163\217\250\337\325W\253\356*O\245Z\271\234\207C\274\375`\335\311vF0D\002 \\377b\357\007\353\305=.\214\355\000\302:_\213\017\216a\014\260\325\252\321cL\036\036\333\355e\314\002 {)D\335\017\321\251\322E\324\225\013""\014\356\226i(\265\0321\202_\377 \276\271\204p\034\230\243""; "
1750587303063,1750587303063,0,1,2,4,TMValidation,"validation: """"\200\000\000\001&\000\000\000\r)/\352\224':I\203w\200\211\SGQ\302\001\313@D\264\016\334\r\034\035\\276\225\314|\234S*r\007\370x>\305D*\007b\276v\316P\027\000\000\000\000\000\000\000\000\000\000\000\000\000\000\000\000\000\000\000\000\000\000\000\000\000\000\000\000\000\000\000\000P\031\304J\342j\272\270\274\360\307\356\347\200Ywm#\014\233\301\022L\232T\033N\341\232\325\233\227\313\307s!\002\347\243J\206W\025ML\260\226\0163\217\250\337\325W\253\356*O\245Z\271\234\207C\274\375`\335\311vF0D\002 \\377b\357\007\353\305=.\214\355\000\302:_\213\017\216a\014\260\325\252\321cL\036\036\333\355e\314\002 {)D\335\017\321\251\322E\324\225\013""\014\356\226i(\265\0321\202_\377 \276\271\204p\034\230\243""; ","validation: """"\200\000\000\001&\000\000\000\r)/\352\224':I\203w\200\211\SGQ\302\001\313@D\264\016\334\r\034\035\\276\225\314|\234S*r\007\370x>\305D*\007b\276v\316P\027\000\000\000\000\000\000\000\000\000\000\000\000\000\000\000\000\000\000\000\000\000\000\000\000\000\000\000\000\000\000\000\000P\031\304J\342j\272\270\274\360\307\356\347\200Ywm#\014\233\301\022L\232T\033N\341\232\325\233\227\313\307s!\002\347\243J\206W\025ML\260\226\0163\217\250\337\325W\253\356*O\245Z\271\234\207C\274\375`\335\311vF0D\002 \\377b\357\007\353\305=.\214\355\000\302:_\213\017\216a\014\260\325\252\321cL\036\036\333\355e\314\002 {)D\335\017\321\251\322E\324\225\013""\014\356\226i(\265\0321\202_\377 \276\271\204p\034\230\243""; "
1750587303063,1750587303063,0,1,2,1,TMValidation,"validation: """"\200\000\000\001&\000\000\000\r)/\352\224':I\203w\200\211\SGQ\302\001\313@D\264\016\334\r\034\035\\276\225\314|\234S*r\007\370x>\305D*\007b\276v\316P\027\000\000\000\000\000\000\000\000\000\000\000\000\000\000\000\000\000\000\000\000\000\000\000\000\000\000\000\000\000\000\000\000P\031\304J\342j\272\270\274\360\307\356\347\200Ywm#\014\233\301\022L\232T\033N\341\232\325\233\227\313\307s!\002\347\243J\206W\025ML\260\226\0163\217\250\337\325W\253\356*O\245Z\271\234\207C\274\375`\335\311vF0D\002 \\377b\357\007\353\305=.\214\355\000\302:_\213\017\216a\014\260\325\252\321cL\036\036\333\355e\314\002 {)D\335\017\321\251\322E\324\225\013""\014\356\226i(\265\0321\202_\377 \276\271\204p\034\230\243""; ","validation: """"\200\000\000\001&\000\000\000\r)/\352\224':I\203w\200\211\SGQ\302\001\313@D\264\016\334\r\034\035\\276\225\314|\234S*r\007\370x>\305D*\007b\276v\316P\027\000\000\000\000\000\000\000\000\000\000\000\000\000\000\000\000\000\000\000\000\000\000\000\000\000\000\000\000\000\000\000\000P\031\304J\342j\272\270\274\360\307\356\347\200Ywm#\014\233\301\022L\232T\033N\341\232\325\233\227\313\307s!\002\347\243J\206W\025ML\260\226\0163\217\250\337\325W\253\356*O\245Z\271\234\207C\274\375`\335\311vF0D\002 \\377b\357\007\353\305=.\214\355\000\302:_\213\017\216a\014\260\325\252\321cL\036\036\333\355e\314\002 {)D\335\017\321\251\322E\324\225\013""\014\356\226i(\265\0321\202_\377 \276\271\204p\034\230\243""; "
1750587303064,1750587303064,0,1,3,4,TMValidation,"validation: """"\200\000\000\001&\000\000\000\r)/\352\224':I\203w\200\211\SGQ\302\001\313@D\264\016\334\r\034\035\\276\225\314|\234S*r\007\370x>\305D*\007b\276v\316P\027\000\000\000\000\000\000\000\000\000\000\000\000\000\000\000\000\000\000\000\000\000\000\000\000\000\000\000\000\000\000\000\000P\031\304J\342j\272\270\274\360\307\356\347\200Ywm#\014\233\301\022L\232T\033N\341\232\325\233\227\313\307s!\002\347\243J\206W\025ML\260\226\0163\217\250\337\325W\253\356*O\245Z\271\234\207C\274\375`\335\311vF0D\002 \\377b\357\007\353\305=.\214\355\000\302:_\213\017\216a\014\260\325\252\321cL\036\036\333\355e\314\002 {)D\335\017\321\251\322E\324\225\013""\014\356\226i(\265\0321\202_\377 \276\271\204p\034\230\243""; ","validation: """"\200\000\000\001&\000\000\000\r)/\352\224':I\203w\200\211\SGQ\302\001\313@D\264\016\334\r\034\035\\276\225\314|\234S*r\007\370x>\305D*\007b\276v\316P\027\000\000\000\000\000\000\000\000\000\000\000\000\000\000\000\000\000\000\000\000\000\000\000\000\000\000\000\000\000\000\000\000P\031\304J\342j\272\270\274\360\307\356\347\200Ywm#\014\233\301\022L\232T\033N\341\232\325\233\227\313\307s!\002\347\243J\206W\025ML\260\226\0163\217\250\337\325W\253\356*O\245Z\271\234\207C\274\375`\335\311vF0D\002 \\377b\357\007\353\305=.\214\355\000\302:_\213\017\216a\014\260\325\252\321cL\036\036\333\355e\314\002 {)D\335\017\321\251\322E\324\225\013""\014\356\226i(\265\0321\202_\377 \276\271\204p\034\230\243""; "
1750587303065,1750587303065,0,1,3,1,TMValidation,"validation: """"\200\000\000\001&\000\000\000\r)/\352\224':I\203w\200\211\SGQ\302\001\313@D\264\016\334\r\034\035\\276\225\314|\234S*r\007\370x>\305D*\007b\276v\316P\027\000\000\000\000\000\000\000\000\000\000\000\000\000\000\000\000\000\000\000\000\000\000\000\000\000\000\000\000\000\000\000\000P\031\304J\342j\272\270\274\360\307\356\347\200Ywm#\014\233\301\022L\232T\033N\341\232\325\233\227\313\307s!\002\347\243J\206W\025ML\260\226\0163\217\250\337\325W\253\356*O\245Z\271\234\207C\274\375`\335\311vF0D\002 \\377b\357\007\353\305=.\214\355\000\302:_\213\017\216a\014\260\325\252\321cL\036\036\333\355e\314\002 {)D\335\017\321\251\322E\324\225\013""\014\356\226i(\265\0321\202_\377 \276\271\204p\034\230\243""; ","validation: """"\200\000\000\001&\000\000\000\r)/\352\224':I\203w\200\211\SGQ\302\001\313@D\264\016\334\r\034\035\\276\225\314|\234S*r\007\370x>\305D*\007b\276v\316P\027\000\000\000\000\000\000\000\000\000\000\000\000\000\000\000\000\000\000\000\000\000\000\000\000\000\000\000\000\000\000\000\000P\031\304J\342j\272\270\274\360\307\356\347\200Ywm#\014\233\301\022L\232T\033N\341\232\325\233\227\313\307s!\002\347\243J\206W\025ML\260\226\0163\217\250\337\325W\253\356*O\245Z\271\234\207C\274\375`\335\311vF0D\002 \\377b\357\007\353\305=.\214\355\000\302:_\213\017\216a\014\260\325\252\321cL\036\036\333\355e\314\002 {)D\335\017\321\251\322E\324\225\013""\014\356\226i(\265\0321\202_\377 \276\271\204p\034\230\243""; "
1750587303065,1750587303065,0,1,3,2,TMValidation,"validation: """"\200\000\000\001&\000\000\000\r)/\352\224':I\203w\200\211\SGQ\302\001\313@D\264\016\334\r\034\035\\276\225\314|\234S*r\007\370x>\305D*\007b\276v\316P\027\000\000\000\000\000\000\000\000\000\000\000\000\000\000\000\000\000\000\000\000\000\000\000\000\000\000\000\000\000\000\000\000P\031\304J\342j\272\270\274\360\307\356\347\200Ywm#\014\233\301\022L\232T\033N\341\232\325\233\227\313\307s!\002\347\243J\206W\025ML\260\226\0163\217\250\337\325W\253\356*O\245Z\271\234\207C\274\375`\335\311vF0D\002 \\377b\357\007\353\305=.\214\355\000\302:_\213\017\216a\014\260\325\252\321cL\036\036\333\355e\314\002 {)D\335\017\321\251\322E\324\225\013""\014\356\226i(\265\0321\202_\377 \276\271\204p\034\230\243""; ","validation: """"\200\000\000\001&\000\000\000\r)/\352\224':I\203w\200\211\SGQ\302\001\313@D\264\016\334\r\034\035\\276\225\314|\234S*r\007\370x>\305D*\007b\276v\316P\027\000\000\000\000\000\000\000\000\000\000\000\000\000\000\000\000\000\000\000\000\000\000\000\000\000\000\000\000\000\000\000\000P\031\304J\342j\272\270\274\360\307\356\347\200Ywm#\014\233\301\022L\232T\033N\341\232\325\233\227\313\307s!\002\347\243J\206W\025ML\260\226\0163\217\250\337\325W\253\356*O\245Z\271\234\207C\274\375`\335\311vF0D\002 \\377b\357\007\353\305=.\214\355\000\302:_\213\017\216a\014\260\325\252\321cL\036\036\333\355e\314\002 {)D\335\017\321\251\322E\324\225\013""\014\356\226i(\265\0321\202_\377 \276\271\204p\034\230\243""; "
1750587303066,1750587303066,0,1,1,4,TMValidation,"validation: """"\200\000\000\001&\000\000\000\r)/\352\224':I\203w\200\211\SGQ\302\001\313@D\264\016\334\r\034\035\\276\225\314|\234S*r\007\370x>\305D*\007b\276v\316P\027\000\000\000\000\000\000\000\000\000\000\000\000\000\000\000\000\000\000\000\000\000\000\000\000\000\000\000\000\000\000\000\000P\031\304J\342j\272\270\274\360\307\356\347\200Ywm#\014\233\301\022L\232T\033N\341\232\325\233\227\313\307s!\002\347\243J\206W\025ML\260\226\0163\217\250\337\325W\253\356*O\245Z\271\234\207C\274\375`\335\311vF0D\002 \\377b\357\007\353\305=.\214\355\000\302:_\213\017\216a\014\260\325\252\321cL\036\036\333\355e\314\002 {)D\335\017\321\251\322E\324\225\013""\014\356\226i(\265\0321\202_\377 \276\271\204p\034\230\243""; ","validation: """"\200\000\000\001&\000\000\000\r)/\352\224':I\203w\200\211\SGQ\302\001\313@D\264\016\334\r\034\035\\276\225\314|\234S*r\007\370x>\305D*\007b\276v\316P\027\000\000\000\000\000\000\000\000\000\000\000\000\000\000\000\000\000\000\000\000\000\000\000\000\000\000\000\000\000\000\000\000P\031\304J\342j\272\270\274\360\307\356\347\200Ywm#\014\233\301\022L\232T\033N\341\232\325\233\227\313\307s!\002\347\243J\206W\025ML\260\226\0163\217\250\337\325W\253\356*O\245Z\271\234\207C\274\375`\335\311vF0D\002 \\377b\357\007\353\305=.\214\355\000\302:_\213\017\216a\014\260\325\252\321cL\036\036\333\355e\314\002 {)D\335\017\321\251\322E\324\225\013""\014\356\226i(\265\0321\202_\377 \276\271\204p\034\230\243""; "
1750587303066,1750587303066,0,1,1,3,TMValidation,"validation: """"\200\000\000\001&\000\000\000\r)/\352\224':I\203w\200\211\SGQ\302\001\313@D\264\016\334\r\034\035\\276\225\314|\234S*r\007\370x>\305D*\007b\276v\316P\027\000\000\000\000\000\000\000\000\000\000\000\000\000\000\000\000\000\000\000\000\000\000\000\000\000\000\000\000\000\000\000\000P\031\304J\342j\272\270\274\360\307\356\347\200Ywm#\014\233\301\022L\232T\033N\341\232\325\233\227\313\307s!\002\347\243J\206W\025ML\260\226\0163\217\250\337\325W\253\356*O\245Z\271\234\207C\274\375`\335\311vF0D\002 \\377b\357\007\353\305=.\214\355\000\302:_\213\017\216a\014\260\325\252\321cL\036\036\333\355e\314\002 {)D\335\017\321\251\322E\324\225\013""\014\356\226i(\265\0321\202_\377 \276\271\204p\034\230\243""; ","validation: """"\200\000\000\001&\000\000\000\r)/\352\224':I\203w\200\211\SGQ\302\001\313@D\264\016\334\r\034\035\\276\225\314|\234S*r\007\370x>\305D*\007b\276v\316P\027\000\000\000\000\000\000\000\000\000\000\000\000\000\000\000\000\000\000\000\000\000\000\000\000\000\000\000\000\000\000\000\000P\031\304J\342j\272\270\274\360\307\356\347\200Ywm#\014\233\301\022L\232T\033N\341\232\325\233\227\313\307s!\002\347\243J\206W\025ML\260\226\0163\217\250\337\325W\253\356*O\245Z\271\234\207C\274\375`\335\311vF0D\002 \\377b\357\007\353\305=.\214\355\000\302:_\213\017\216a\014\260\325\252\321cL\036\036\333\355e\314\002 {)D\335\017\321\251\322E\324\225\013""\014\356\226i(\265\0321\202_\377 \276\271\204p\034\230\243""; "
1750587303066,1750587303066,0,1,1,2,TMValidation,"validation: """"\200\000\000\001&\000\000\000\r)/\352\224':I\203w\200\211\SGQ\302\001\313@D\264\016\334\r\034\035\\276\225\314|\234S*r\007\370x>\305D*\007b\276v\316P\027\000\000\000\000\000\000\000\000\000\000\000\000\000\000\000\000\000\000\000\000\000\000\000\000\000\000\000\000\000\000\000\000P\031\304J\342j\272\270\274\360\307\356\347\200Ywm#\014\233\301\022L\232T\033N\341\232\325\233\227\313\307s!\002\347\243J\206W\025ML\260\226\0163\217\250\337\325W\253\356*O\245Z\271\234\207C\274\375`\335\311vF0D\002 \\377b\357\007\353\305=.\214\355\000\302:_\213\017\216a\014\260\325\252\321cL\036\036\333\355e\314\002 {)D\335\017\321\251\322E\324\225\013""\014\356\226i(\265\0321\202_\377 \276\271\204p\034\230\243""; ","validation: """"\200\000\000\001&\000\000\000\r)/\352\224':I\203w\200\211\SGQ\302\001\313@D\264\016\334\r\034\035\\276\225\314|\234S*r\007\370x>\305D*\007b\276v\316P\027\000\000\000\000\000\000\000\000\000\000\000\000\000\000\000\000\000\000\000\000\000\000\000\000\000\000\000\000\000\000\000\000P\031\304J\342j\272\270\274\360\307\356\347\200Ywm#\014\233\301\022L\232T\033N\341\232\325\233\227\313\307s!\002\347\243J\206W\025ML\260\226\0163\217\250\337\325W\253\356*O\245Z\271\234\207C\274\375`\335\311vF0D\002 \\377b\357\007\353\305=.\214\355\000\302:_\213\017\216a\014\260\325\252\321cL\036\036\333\355e\314\002 {)D\335\017\321\251\322E\324\225\013""\014\356\226i(\265\0321\202_\377 \276\271\204p\034\230\243""; "
1750587303294,1750587303294,0,1,2,4,TMStatusChange,"newEvent: neACCEPTED_LEDGER; ledgerSeq: 13; ledgerHash: ""\302\001\313@D\264\016\334\r\034\035\\276\225\314|\234S*r\007\370x>\305D*\007b\276v\316""; ledgerHashPrevious: ""\304J\342j\272\270\274\360\307\356\347\200Ywm#\014\233\301\022L\232T\033N\341\232\325\233\227\313\307""; networkTime: 803902503; firstSeq: 1; lastSeq: 12; ","newEvent: neACCEPTED_LEDGER; ledgerSeq: 13; ledgerHash: ""\302\001\313@D\264\016\334\r\034\035\\276\225\314|\234S*r\007\370x>\305D*\007b\276v\316""; ledgerHashPrevious: ""\304J\342j\272\270\274\360\307\356\347\200Ywm#\014\233\301\022L\232T\033N\341\232\325\233\227\313\307""; networkTime: 803902503; firstSeq: 1; lastSeq: 12; "
1750587303295,1750587303295,0,1,2,1,TMStatusChange,"newEvent: neACCEPTED_LEDGER; ledgerSeq: 13; ledgerHash: ""\302\001\313@D\264\016\334\r\034\035\\276\225\314|\234S*r\007\370x>\305D*\007b\276v\316""; ledgerHashPrevious: ""\304J\342j\272\270\274\360\307\356\347\200Ywm#\014\233\301\022L\232T\033N\341\232\325\233\227\313\307""; networkTime: 803902503; firstSeq: 1; lastSeq: 12; ","newEvent: neACCEPTED_LEDGER; ledgerSeq: 13; ledgerHash: ""\302\001\313@D\264\016\334\r\034\035\\276\225\314|\234S*r\007\370x>\305D*\007b\276v\316""; ledgerHashPrevious: ""\304J\342j\272\270\274\360\307\356\347\200Ywm#\014\233\301\022L\232T\033N\341\232\325\233\227\313\307""; networkTime: 803902503; firstSeq: 1; lastSeq: 12; "
1750587303295,1750587303295,0,1,2,3,TMStatusChange,"newEvent: neACCEPTED_LEDGER; ledgerSeq: 13; ledgerHash: ""\302\001\313@D\264\016\334\r\034\035\\276\225\314|\234S*r\007\370x>\305D*\007b\276v\316""; ledgerHashPrevious: ""\304J\342j\272\270\274\360\307\356\347\200Ywm#\014\233\301\022L\232T\033N\341\232\325\233\227\313\307""; networkTime: 803902503; firstSeq: 1; lastSeq: 12; ","newEvent: neACCEPTED_LEDGER; ledgerSeq: 13; ledgerHash: ""\302\001\313@D\264\016\334\r\034\035\\276\225\314|\234S*r\007\370x>\305D*\007b\276v\316""; ledgerHashPrevious: ""\304J\342j\272\270\274\360\307\356\347\200Ywm#\014\233\301\022L\232T\033N\341\232\325\233\227\313\307""; networkTime: 803902503; firstSeq: 1; lastSeq: 12; "
1750587303296,1750587303296,0,1,2,0,TMStatusChange,"newEvent: neACCEPTED_LEDGER; ledgerSeq: 13; ledgerHash: ""\302\001\313@D\264\016\334\r\034\035\\276\225\314|\234S*r\007\370x>\305D*\007b\276v\316""; ledgerHashPrevious: ""\304J\342j\272\270\274\360\307\356\347\200Ywm#\014\233\301\022L\232T\033N\341\232\325\233\227\313\307""; networkTime: 803902503; firstSeq: 1; lastSeq: 12; ","newEvent: neACCEPTED_LEDGER; ledgerSeq: 13; ledgerHash: ""\302\001\313@D\264\016\334\r\034\035\\276\225\314|\234S*r\007\370x>\305D*\007b\276v\316""; ledgerHashPrevious: ""\304J\342j\272\270\274\360\307\356\347\200Ywm#\014\233\301\022L\232T\033N\341\232\325\233\227\313\307""; networkTime: 803902503; firstSeq: 1; lastSeq: 12; "
1750587303338,1750587303338,0,1,2,3,TMValidation,"validation: """"\200\000\000\001&\000\000\000\r)/\352\224':Q\231\304\227'3\313\030Q\302\001\313@D\264\016\334\r\034\035\\276\225\314|\234S*r\007\370x>\305D*\007b\276v\316P\027\000\000\000\000\000\000\000\000\000\000\000\000\000\000\000\000\000\000\000\000\000\000\000\000\000\000\000\000\000\000\000\000P\031\304J\342j\272\270\274\360\307\356\347\200Ywm#\014\233\301\022L\232T\033N\341\232\325\233\227\313\307s!\003ql\302)\235\321\t\213\224\356\374%%\311\327\037\374\304\t\335\2359\344\233\035]\347<u\236\364\222vF0D\002 \035i\377\275\033\237\316k\351\240\334\363SV%\326v\255F\205m\244\005Kw\325yk[`\314\360\002 $\361\005P)\357\247\255TU{\237\033\2417j\322C\206*\347\367N\036\317\2436\027H\243\360k""; ","validation: """"\200\000\000\001&\000\000\000\r)/\352\224':Q\231\304\227'3\313\030Q\302\001\313@D\264\016\334\r\034\035\\276\225\314|\234S*r\007\370x>\305D*\007b\276v\316P\027\000\000\000\000\000\000\000\000\000\000\000\000\000\000\000\000\000\000\000\000\000\000\000\000\000\000\000\000\000\000\000\000P\031\304J\342j\272\270\274\360\307\356\347\200Ywm#\014\233\301\022L\232T\033N\341\232\325\233\227\313\307s!\003ql\302)\235\321\t\213\224\356\374%%\311\327\037\374\304\t\335\2359\344\233\035]\347<u\236\364\222vF0D\002 \035i\377\275\033\237\316k\351\240\334\363SV%\326v\255F\205m\244\005Kw\325yk[`\314\360\002 $\361\005P)\357\247\255TU{\237\033\2417j\322C\206*\347\367N\036\317\2436\027H\243\360k""; "
1750587303339,1750587303339,0,1,2,4,TMValidation,"validation: """"\200\000\000\001&\000\000\000\r)/\352\224':Q\231\304\227'3\313\030Q\302\001\313@D\264\016\334\r\034\035\\276\225\314|\234S*r\007\370x>\305D*\007b\276v\316P\027\000\000\000\000\000\000\000\000\000\000\000\000\000\000\000\000\000\000\000\000\000\000\000\000\000\000\000\000\000\000\000\000P\031\304J\342j\272\270\274\360\307\356\347\200Ywm#\014\233\301\022L\232T\033N\341\232\325\233\227\313\307s!\003ql\302)\235\321\t\213\224\356\374%%\311\327\037\374\304\t\335\2359\344\233\035]\347<u\236\364\222vF0D\002 \035i\377\275\033\237\316k\351\240\334\363SV%\326v\255F\205m\244\005Kw\325yk[`\314\360\002 $\361\005P)\357\247\255TU{\237\033\2417j\322C\206*\347\367N\036\317\2436\027H\243\360k""; ","validation: """"\200\000\000\001&\000\000\000\r)/\352\224':Q\231\304\227'3\313\030Q\302\001\313@D\264\016\334\r\034\035\\276\225\314|\234S*r\007\370x>\305D*\007b\276v\316P\027\000\000\000\000\000\000\000\000\000\000\000\000\000\000\000\000\000\000\000\000\000\000\000\000\000\000\000\000\000\000\000\000P\031\304J\342j\272\270\274\360\307\356\347\200Ywm#\014\233\301\022L\232T\033N\341\232\325\233\227\313\307s!\003ql\302)\235\321\t\213\224\356\374%%\311\327\037\374\304\t\335\2359\344\233\035]\347<u\236\364\222vF0D\002 \035i\377\275\033\237\316k\351\240\334\363SV%\326v\255F\205m\244\005Kw\325yk[`\314\360\002 $\361\005P)\357\247\255TU{\237\033\2417j\322C\206*\347\367N\036\317\2436\027H\243\360k""; "
1750587303339,1750587303339,0,1,2,0,TMValidation,"validation: """"\200\000\000\001&\000\000\000\r)/\352\224':Q\231\304\227'3\313\030Q\302\001\313@D\264\016\334\r\034\035\\276\225\314|\234S*r\007\370x>\305D*\007b\276v\316P\027\000\000\000\000\000\000\000\000\000\000\000\000\000\000\000\000\000\000\000\000\000\000\000\000\000\000\000\000\000\000\000\000P\031\304J\342j\272\270\274\360\307\356\347\200Ywm#\014\233\301\022L\232T\033N\341\232\325\233\227\313\307s!\003ql\302)\235\321\t\213\224\356\374%%\311\327\037\374\304\t\335\2359\344\233\035]\347<u\236\364\222vF0D\002 \035i\377\275\033\237\316k\351\240\334\363SV%\326v\255F\205m\244\005Kw\325yk[`\314\360\002 $\361\005P)\357\247\255TU{\237\033\2417j\322C\206*\347\367N\036\317\2436\027H\243\360k""; ","validation: """"\200\000\000\001&\000\000\000\r)/\352\224':Q\231\304\227'3\313\030Q\302\001\313@D\264\016\334\r\034\035\\276\225\314|\234S*r\007\370x>\305D*\007b\276v\316P\027\000\000\000\000\000\000\000\000\000\000\000\000\000\000\000\000\000\000\000\000\000\000\000\000\000\000\000\000\000\000\000\000P\031\304J\342j\272\270\274\360\307\356\347\200Ywm#\014\233\301\022L\232T\033N\341\232\325\233\227\313\307s!\003ql\302)\235\321\t\213\224\356\374%%\311\327\037\374\304\t\335\2359\344\233\035]\347<u\236\364\222vF0D\002 \035i\377\275\033\237\316k\351\240\334\363SV%\326v\255F\205m\244\005Kw\325yk[`\314\360\002 $\361\005P)\357\247\255TU{\237\033\2417j\322C\206*\347\367N\036\317\2436\027H\243\360k""; "
1750587303341,1750587303341,0,1,3,0,TMValidation,"validation: """"\200\000\000\001&\000\000\000\r)/\352\224':Q\231\304\227'3\313\030Q\302\001\313@D\264\016\334\r\034\035\\276\225\314|\234S*r\007\370x>\305D*\007b\276v\316P\027\000\000\000\000\000\000\000\000\000\000\000\000\000\000\000\000\000\000\000\000\000\000\000\000\000\000\000\000\000\000\000\000P\031\304J\342j\272\270\274\360\307\356\347\200Ywm#\014\233\301\022L\232T\033N\341\232\325\233\227\313\307s!\003ql\302)\235\321\t\213\224\356\374%%\311\327\037\374\304\t\335\2359\344\233\035]\347<u\236\364\222vF0D\002 \035i\377\275\033\237\316k\351\240\334\363SV%\326v\255F\205m\244\005Kw\325yk[`\314\360\002 $\361\005P)\357\247\255TU{\237\033\2417j\322C\206*\347\367N\036\317\2436\027H\243\360k""; ","validation: """"\200\000\000\001&\000\000\000\r)/\352\224':Q\231\304\227'3\313\030Q\302\001\313@D\264\016\334\r\034\035\\276\225\314|\234S*r\007\370x>\305D*\007b\276v\316P\027\000\000\000\000\000\000\000\000\000\000\000\000\000\000\000\000\000\000\000\000\000\000\000\000\000\000\000\000\000\000\000\000P\031\304J\342j\272\270\274\360\307\356\347\200Ywm#\014\233\301\022L\232T\033N\341\232\325\233\227\313\307s!\003ql\302)\235\321\t\213\224\356\374%%\311\327\037\374\304\t\335\2359\344\233\035]\347<u\236\364\222vF0D\002 \035i\377\275\033\237\316k\351\240\334\363SV%\326v\255F\205m\244\005Kw\325yk[`\314\360\002 $\361\005P)\357\247\255TU{\237\033\2417j\322C\206*\347\367N\036\317\2436\027H\243\360k""; "
1750587303340,1750587303340,0,1,2,1,TMValidation,"validation: """"\200\000\000\001&\000\000\000\r)/\352\224':Q\231\304\227'3\313\030Q\302\001\313@D\264\016\334\r\034\035\\276\225\314|\234S*r\007\370x>\305D*\007b\276v\316P\027\000\000\000\000\000\000\000\000\000\000\000\000\000\000\000\000\000\000\000\000\000\000\000\000\000\000\000\000\000\000\000\000P\031\304J\342j\272\270\274\360\307\356\347\200Ywm#\014\233\301\022L\232T\033N\341\232\325\233\227\313\307s!\003ql\302)\235\321\t\213\224\356\374%%\311\327\037\374\304\t\335\2359\344\233\035]\347<u\236\364\222vF0D\002 \035i\377\275\033\237\316k\351\240\334\363SV%\326v\255F\205m\244\005Kw\325yk[`\314\360\002 $\361\005P)\357\247\255TU{\237\033\2417j\322C\206*\347\367N\036\317\2436\027H\243\360k""; ","validation: """"\200\000\000\001&\000\000\000\r)/\352\224':Q\231\304\227'3\313\030Q\302\001\313@D\264\016\334\r\034\035\\276\225\314|\234S*r\007\370x>\305D*\007b\276v\316P\027\000\000\000\000\000\000\000\000\000\000\000\000\000\000\000\000\000\000\000\000\000\000\000\000\000\000\000\000\000\000\000\000P\031\304J\342j\272\270\274\360\307\356\347\200Ywm#\014\233\301\022L\232T\033N\341\232\325\233\227\313\307s!\003ql\302)\235\321\t\213\224\356\374%%\311\327\037\374\304\t\335\2359\344\233\035]\347<u\236\364\222vF0D\002 \035i\377\275\033\237\316k\351\240\334\363SV%\326v\255F\205m\244\005Kw\325yk[`\314\360\002 $\361\005P)\357\247\255TU{\237\033\2417j\322C\206*\347\367N\036\317\2436\027H\243\360k""; "
1750587303342,1750587303342,0,1,3,4,TMValidation,"validation: """"\200\000\000\001&\000\000\000\r)/\352\224':Q\231\304\227'3\313\030Q\302\001\313@D\264\016\334\r\034\035\\276\225\314|\234S*r\007\370x>\305D*\007b\276v\316P\027\000\000\000\000\000\000\000\000\000\000\000\000\000\000\000\000\000\000\000\000\000\000\000\000\000\000\000\000\000\000\000\000P\031\304J\342j\272\270\274\360\307\356\347\200Ywm#\014\233\301\022L\232T\033N\341\232\325\233\227\313\307s!\003ql\302)\235\321\t\213\224\356\374%%\311\327\037\374\304\t\335\2359\344\233\035]\347<u\236\364\222vF0D\002 \035i\377\275\033\237\316k\351\240\334\363SV%\326v\255F\205m\244\005Kw\325yk[`\314\360\002 $\361\005P)\357\247\255TU{\237\033\2417j\322C\206*\347\367N\036\317\2436\027H\243\360k""; ","validation: """"\200\000\000\001&\000\000\000\r)/\352\224':Q\231\304\227'3\313\030Q\302\001\313@D\264\016\334\r\034\035\\276\225\314|\234S*r\007\370x>\305D*\007b\276v\316P\027\000\000\000\000\000\000\000\000\000\000\000\000\000\000\000\000\000\000\000\000\000\000\000\000\000\000\000\000\000\000\000\000P\031\304J\342j\272\270\274\360\307\356\347\200Ywm#\014\233\301\022L\232T\033N\341\232\325\233\227\313\307s!\003ql\302)\235\321\t\213\224\356\374%%\311\327\037\374\304\t\335\2359\344\233\035]\347<u\236\364\222vF0D\002 \035i\377\275\033\237\316k\351\240\334\363SV%\326v\255F\205m\244\005Kw\325yk[`\314\360\002 $\361\005P)\357\247\255TU{\237\033\2417j\322C\206*\347\367N\036\317\2436\027H\243\360k""; "
1750587303342,1750587303342,0,1,3,1,TMValidation,"validation: """"\200\000\000\001&\000\000\000\r)/\352\224':Q\231\304\227'3\313\030Q\302\001\313@D\264\016\334\r\034\035\\276\225\314|\234S*r\007\370x>\305D*\007b\276v\316P\027\000\000\000\000\000\000\000\000\000\000\000\000\000\000\000\000\000\000\000\000\000\000\000\000\000\000\000\000\000\000\000\000P\031\304J\342j\272\270\274\360\307\356\347\200Ywm#\014\233\301\022L\232T\033N\341\232\325\233\227\313\307s!\003ql\302)\235\321\t\213\224\356\374%%\311\327\037\374\304\t\335\2359\344\233\035]\347<u\236\364\222vF0D\002 \035i\377\275\033\237\316k\351\240\334\363SV%\326v\255F\205m\244\005Kw\325yk[`\314\360\002 $\361\005P)\357\247\255TU{\237\033\2417j\322C\206*\347\367N\036\317\2436\027H\243\360k""; ","validation: """"\200\000\000\001&\000\000\000\r)/\352\224':Q\231\304\227'3\313\030Q\302\001\313@D\264\016\334\r\034\035\\276\225\314|\234S*r\007\370x>\305D*\007b\276v\316P\027\000\000\000\000\000\000\000\000\000\000\000\000\000\000\000\000\000\000\000\000\000\000\000\000\000\000\000\000\000\000\000\000P\031\304J\342j\272\270\274\360\307\356\347\200Ywm#\014\233\301\022L\232T\033N\341\232\325\233\227\313\307s!\003ql\302)\235\321\t\213\224\356\374%%\311\327\037\374\304\t\335\2359\344\233\035]\347<u\236\364\222vF0D\002 \035i\377\275\033\237\316k\351\240\334\363SV%\326v\255F\205m\244\005Kw\325yk[`\314\360\002 $\361\005P)\357\247\255TU{\237\033\2417j\322C\206*\347\367N\036\317\2436\027H\243\360k""; "
1750587303343,1750587303343,0,1,4,1,TMValidation,"validation: """"\200\000\000\001&\000\000\000\r)/\352\224':Q\231\304\227'3\313\030Q\302\001\313@D\264\016\334\r\034\035\\276\225\314|\234S*r\007\370x>\305D*\007b\276v\316P\027\000\000\000\000\000\000\000\000\000\000\000\000\000\000\000\000\000\000\000\000\000\000\000\000\000\000\000\000\000\000\000\000P\031\304J\342j\272\270\274\360\307\356\347\200Ywm#\014\233\301\022L\232T\033N\341\232\325\233\227\313\307s!\003ql\302)\235\321\t\213\224\356\374%%\311\327\037\374\304\t\335\2359\344\233\035]\347<u\236\364\222vF0D\002 \035i\377\275\033\237\316k\351\240\334\363SV%\326v\255F\205m\244\005Kw\325yk[`\314\360\002 $\361\005P)\357\247\255TU{\237\033\2417j\322C\206*\347\367N\036\317\2436\027H\243\360k""; ","validation: """"\200\000\000\001&\000\000\000\r)/\352\224':Q\231\304\227'3\313\030Q\302\001\313@D\264\016\334\r\034\035\\276\225\314|\234S*r\007\370x>\305D*\007b\276v\316P\027\000\000\000\000\000\000\000\000\000\000\000\000\000\000\000\000\000\000\000\000\000\000\000\000\000\000\000\000\000\000\000\000P\031\304J\342j\272\270\274\360\307\356\347\200Ywm#\014\233\301\022L\232T\033N\341\232\325\233\227\313\307s!\003ql\302)\235\321\t\213\224\356\374%%\311\327\037\374\304\t\335\2359\344\233\035]\347<u\236\364\222vF0D\002 \035i\377\275\033\237\316k\351\240\334\363SV%\326v\255F\205m\244\005Kw\325yk[`\314\360\002 $\361\005P)\357\247\255TU{\237\033\2417j\322C\206*\347\367N\036\317\2436\027H\243\360k""; "
1750587303344,1750587303344,0,1,4,0,TMValidation,"validation: """"\200\000\000\001&\000\000\000\r)/\352\224':Q\231\304\227'3\313\030Q\302\001\313@D\264\016\334\r\034\035\\276\225\314|\234S*r\007\370x>\305D*\007b\276v\316P\027\000\000\000\000\000\000\000\000\000\000\000\000\000\000\000\000\000\000\000\000\000\000\000\000\000\000\000\000\000\000\000\000P\031\304J\342j\272\270\274\360\307\356\347\200Ywm#\014\233\301\022L\232T\033N\341\232\325\233\227\313\307s!\003ql\302)\235\321\t\213\224\356\374%%\311\327\037\374\304\t\335\2359\344\233\035]\347<u\236\364\222vF0D\002 \035i\377\275\033\237\316k\351\240\334\363SV%\326v\255F\205m\244\005Kw\325yk[`\314\360\002 $\361\005P)\357\247\255TU{\237\033\2417j\322C\206*\347\367N\036\317\2436\027H\243\360k""; ","validation: """"\200\000\000\001&\000\000\000\r)/\352\224':Q\231\304\227'3\313\030Q\302\001\313@D\264\016\334\r\034\035\\276\225\314|\234S*r\007\370x>\305D*\007b\276v\316P\027\000\000\000\000\000\000\000\000\000\000\000\000\000\000\000\000\000\000\000\000\000\000\000\000\000\000\000\000\000\000\000\000P\031\304J\342j\272\270\274\360\307\356\347\200Ywm#\014\233\301\022L\232T\033N\341\232\325\233\227\313\307s!\003ql\302)\235\321\t\213\224\356\374%%\311\327\037\374\304\t\335\2359\344\233\035]\347<u\236\364\222vF0D\002 \035i\377\275\033\237\316k\351\240\334\363SV%\326v\255F\205m\244\005Kw\325yk[`\314\360\002 $\361\005P)\357\247\255TU{\237\033\2417j\322C\206*\347\367N\036\317\2436\027H\243\360k""; "
1750587303344,1750587303345,0,1,4,3,TMValidation,"validation: """"\200\000\000\001&\000\000\000\r)/\352\224':Q\231\304\227'3\313\030Q\302\001\313@D\264\016\334\r\034\035\\276\225\314|\234S*r\007\370x>\305D*\007b\276v\316P\027\000\000\000\000\000\000\000\000\000\000\000\000\000\000\000\000\000\000\000\000\000\000\000\000\000\000\000\000\000\000\000\000P\031\304J\342j\272\270\274\360\307\356\347\200Ywm#\014\233\301\022L\232T\033N\341\232\325\233\227\313\307s!\003ql\302)\235\321\t\213\224\356\374%%\311\327\037\374\304\t\335\2359\344\233\035]\347<u\236\364\222vF0D\002 \035i\377\275\033\237\316k\351\240\334\363SV%\326v\255F\205m\244\005Kw\325yk[`\314\360\002 $\361\005P)\357\247\255TU{\237\033\2417j\322C\206*\347\367N\036\317\2436\027H\243\360k""; ","validation: """"\200\000\000\001&\000\000\000\r)/\352\224':Q\231\304\227'3\313\030Q\302\001\313@D\264\016\334\r\034\035\\276\225\314|\234S*r\007\370x>\305D*\007b\276v\316P\027\000\000\000\000\000\000\000\000\000\000\000\000\000\000\000\000\000\000\000\000\000\000\000\000\000\000\000\000\000\000\000\000P\031\304J\342j\272\270\274\360\307\356\347\200Ywm#\014\233\301\022L\232T\033N\341\232\325\233\227\313\307s!\003ql\302)\235\321\t\213\224\356\374%%\311\327\037\374\304\t\335\2359\344\233\035]\347<u\236\364\222vF0D\002 \035i\377\275\033\237\316k\351\240\334\363SV%\326v\255F\205m\244\005Kw\325yk[`\314\360\002 $\361\005P)\357\247\255TU{\237\033\2417j\322C\206*\347\367N\036\317\2436\027H\243\360k""; "
1750587303345,1750587303345,0,1,0,4,TMValidation,"validation: """"\200\000\000\001&\000\000\000\r)/\352\224':Q\231\304\227'3\313\030Q\302\001\313@D\264\016\334\r\034\035\\276\225\314|\234S*r\007\370x>\305D*\007b\276v\316P\027\000\000\000\000\000\000\000\000\000\000\000\000\000\000\000\000\000\000\000\000\000\000\000\000\000\000\000\000\000\000\000\000P\031\304J\342j\272\270\274\360\307\356\347\200Ywm#\014\233\301\022L\232T\033N\341\232\325\233\227\313\307s!\003ql\302)\235\321\t\213\224\356\374%%\311\327\037\374\304\t\335\2359\344\233\035]\347<u\236\364\222vF0D\002 \035i\377\275\033\237\316k\351\240\334\363SV%\326v\255F\205m\244\005Kw\325yk[`\314\360\002 $\361\005P)\357\247\255TU{\237\033\2417j\322C\206*\347\367N\036\317\2436\027H\243\360k""; ","validation: """"\200\000\000\001&\000\000\000\r)/\352\224':Q\231\304\227'3\313\030Q\302\001\313@D\264\016\334\r\034\035\\276\225\314|\234S*r\007\370x>\305D*\007b\276v\316P\027\000\000\000\000\000\000\000\000\000\000\000\000\000\000\000\000\000\000\000\000\000\000\000\000\000\000\000\000\000\000\000\000P\031\304J\342j\272\270\274\360\307\356\347\200Ywm#\014\233\301\022L\232T\033N\341\232\325\233\227\313\307s!\003ql\302)\235\321\t\213\224\356\374%%\311\327\037\374\304\t\335\2359\344\233\035]\347<u\236\364\222vF0D\002 \035i\377\275\033\237\316k\351\240\334\363SV%\326v\255F\205m\244\005Kw\325yk[`\314\360\002 $\361\005P)\357\247\255TU{\237\033\2417j\322C\206*\347\367N\036\317\2436\027H\243\360k""; "
1750587303346,1750587303346,0,1,0,3,TMValidation,"validation: """"\200\000\000\001&\000\000\000\r)/\352\224':Q\231\304\227'3\313\030Q\302\001\313@D\264\016\334\r\034\035\\276\225\314|\234S*r\007\370x>\305D*\007b\276v\316P\027\000\000\000\000\000\000\000\000\000\000\000\000\000\000\000\000\000\000\000\000\000\000\000\000\000\000\000\000\000\000\000\000P\031\304J\342j\272\270\274\360\307\356\347\200Ywm#\014\233\301\022L\232T\033N\341\232\325\233\227\313\307s!\003ql\302)\235\321\t\213\224\356\374%%\311\327\037\374\304\t\335\2359\344\233\035]\347<u\236\364\222vF0D\002 \035i\377\275\033\237\316k\351\240\334\363SV%\326v\255F\205m\244\005Kw\325yk[`\314\360\002 $\361\005P)\357\247\255TU{\237\033\2417j\322C\206*\347\367N\036\317\2436\027H\243\360k""; ","validation: """"\200\000\000\001&\000\000\000\r)/\352\224':Q\231\304\227'3\313\030Q\302\001\313@D\264\016\334\r\034\035\\276\225\314|\234S*r\007\370x>\305D*\007b\276v\316P\027\000\000\000\000\000\000\000\000\000\000\000\000\000\000\000\000\000\000\000\000\000\000\000\000\000\000\000\000\000\000\000\000P\031\304J\342j\272\270\274\360\307\356\347\200Ywm#\014\233\301\022L\232T\033N\341\232\325\233\227\313\307s!\003ql\302)\235\321\t\213\224\356\374%%\311\327\037\374\304\t\335\2359\344\233\035]\347<u\236\364\222vF0D\002 \035i\377\275\033\237\316k\351\240\334\363SV%\326v\255F\205m\244\005Kw\325yk[`\314\360\002 $\361\005P)\357\247\255TU{\237\033\2417j\322C\206*\347\367N\036\317\2436\027H\243\360k""; "
1750587303347,1750587303347,0,1,1,3,TMValidation,"validation: """"\200\000\000\001&\000\000\000\r)/\352\224':Q\231\304\227'3\313\030Q\302\001\313@D\264\016\334\r\034\035\\276\225\314|\234S*r\007\370x>\305D*\007b\276v\316P\027\000\000\000\000\000\000\000\000\000\000\000\000\000\000\000\000\000\000\000\000\000\000\000\000\000\000\000\000\000\000\000\000P\031\304J\342j\272\270\274\360\307\356\347\200Ywm#\014\233\301\022L\232T\033N\341\232\325\233\227\313\307s!\003ql\302)\235\321\t\213\224\356\374%%\311\327\037\374\304\t\335\2359\344\233\035]\347<u\236\364\222vF0D\002 \035i\377\275\033\237\316k\351\240\334\363SV%\326v\255F\205m\244\005Kw\325yk[`\314\360\002 $\361\005P)\357\247\255TU{\237\033\2417j\322C\206*\347\367N\036\317\2436\027H\243\360k""; ","validation: """"\200\000\000\001&\000\000\000\r)/\352\224':Q\231\304\227'3\313\030Q\302\001\313@D\264\016\334\r\034\035\\276\225\314|\234S*r\007\370x>\305D*\007b\276v\316P\027\000\000\000\000\000\000\000\000\000\000\000\000\000\000\000\000\000\000\000\000\000\000\000\000\000\000\000\000\000\000\000\000P\031\304J\342j\272\270\274\360\307\356\347\200Ywm#\014\233\301\022L\232T\033N\341\232\325\233\227\313\307s!\003ql\302)\235\321\t\213\224\356\374%%\311\327\037\374\304\t\335\2359\344\233\035]\347<u\236\364\222vF0D\002 \035i\377\275\033\237\316k\351\240\334\363SV%\326v\255F\205m\244\005Kw\325yk[`\314\360\002 $\361\005P)\357\247\255TU{\237\033\2417j\322C\206*\347\367N\036\317\2436\027H\243\360k""; "
1750587303347,1750587303347,0,1,0,1,TMValidation,"validation: """"\200\000\000\001&\000\000\000\r)/\352\224':Q\231\304\227'3\313\030Q\302\001\313@D\264\016\334\r\034\035\\276\225\314|\234S*r\007\370x>\305D*\007b\276v\316P\027\000\000\000\000\000\000\000\000\000\000\000\000\000\000\000\000\000\000\000\000\000\000\000\000\000\000\000\000\000\000\000\000P\031\304J\342j\272\270\274\360\307\356\347\200Ywm#\014\233\301\022L\232T\033N\341\232\325\233\227\313\307s!\003ql\302)\235\321\t\213\224\356\374%%\311\327\037\374\304\t\335\2359\344\233\035]\347<u\236\364\222vF0D\002 \035i\377\275\033\237\316k\351\240\334\363SV%\326v\255F\205m\244\005Kw\325yk[`\314\360\002 $\361\005P)\357\247\255TU{\237\033\2417j\322C\206*\347\367N\036\317\2436\027H\243\360k""; ","validation: """"\200\000\000\001&\000\000\000\r)/\352\224':Q\231\304\227'3\313\030Q\302\001\313@D\264\016\334\r\034\035\\276\225\314|\234S*r\007\370x>\305D*\007b\276v\316P\027\000\000\000\000\000\000\000\000\000\000\000\000\000\000\000\000\000\000\000\000\000\000\000\000\000\000\000\000\000\000\000\000P\031\304J\342j\272\270\274\360\307\356\347\200Ywm#\014\233\301\022L\232T\033N\341\232\325\233\227\313\307s!\003ql\302)\235\321\t\213\224\356\374%%\311\327\037\374\304\t\335\2359\344\233\035]\347<u\236\364\222vF0D\002 \035i\377\275\033\237\316k\351\240\334\363SV%\326v\255F\205m\244\005Kw\325yk[`\314\360\002 $\361\005P)\357\247\255TU{\237\033\2417j\322C\206*\347\367N\036\317\2436\027H\243\360k""; "
1750587303348,1750587303348,0,1,1,4,TMValidation,"validation: """"\200\000\000\001&\000\000\000\r)/\352\224':Q\231\304\227'3\313\030Q\302\001\313@D\264\016\334\r\034\035\\276\225\314|\234S*r\007\370x>\305D*\007b\276v\316P\027\000\000\000\000\000\000\000\000\000\000\000\000\000\000\000\000\000\000\000\000\000\000\000\000\000\000\000\000\000\000\000\000P\031\304J\342j\272\270\274\360\307\356\347\200Ywm#\014\233\301\022L\232T\033N\341\232\325\233\227\313\307s!\003ql\302)\235\321\t\213\224\356\374%%\311\327\037\374\304\t\335\2359\344\233\035]\347<u\236\364\222vF0D\002 \035i\377\275\033\237\316k\351\240\334\363SV%\326v\255F\205m\244\005Kw\325yk[`\314\360\002 $\361\005P)\357\247\255TU{\237\033\2417j\322C\206*\347\367N\036\317\2436\027H\243\360k""; ","validation: """"\200\000\000\001&\000\000\000\r)/\352\224':Q\231\304\227'3\313\030Q\302\001\313@D\264\016\334\r\034\035\\276\225\314|\234S*r\007\370x>\305D*\007b\276v\316P\027\000\000\000\000\000\000\000\000\000\000\000\000\000\000\000\000\000\000\000\000\000\000\000\000\000\000\000\000\000\000\000\000P\031\304J\342j\272\270\274\360\307\356\347\200Ywm#\014\233\301\022L\232T\033N\341\232\325\233\227\313\307s!\003ql\302)\235\321\t\213\224\356\374%%\311\327\037\374\304\t\335\2359\344\233\035]\347<u\236\364\222vF0D\002 \035i\377\275\033\237\316k\351\240\334\363SV%\326v\255F\205m\244\005Kw\325yk[`\314\360\002 $\361\005P)\357\247\255TU{\237\033\2417j\322C\206*\347\367N\036\317\2436\027H\243\360k""; "
1750587303348,1750587303349,0,1,1,0,TMValidation,"validation: """"\200\000\000\001&\000\000\000\r)/\352\224':Q\231\304\227'3\313\030Q\302\001\313@D\264\016\334\r\034\035\\276\225\314|\234S*r\007\370x>\305D*\007b\276v\316P\027\000\000\000\000\000\000\000\000\000\000\000\000\000\000\000\000\000\000\000\000\000\000\000\000\000\000\000\000\000\000\000\000P\031\304J\342j\272\270\274\360\307\356\347\200Ywm#\014\233\301\022L\232T\033N\341\232\325\233\227\313\307s!\003ql\302)\235\321\t\213\224\356\374%%\311\327\037\374\304\t\335\2359\344\233\035]\347<u\236\364\222vF0D\002 \035i\377\275\033\237\316k\351\240\334\363SV%\326v\255F\205m\244\005Kw\325yk[`\314\360\002 $\361\005P)\357\247\255TU{\237\033\2417j\322C\206*\347\367N\036\317\2436\027H\243\360k""; ","validation: """"\200\000\000\001&\000\000\000\r)/\352\224':Q\231\304\227'3\313\030Q\302\001\313@D\264\016\334\r\034\035\\276\225\314|\234S*r\007\370x>\305D*\007b\276v\316P\027\000\000\000\000\000\000\000\000\000\000\000\000\000\000\000\000\000\000\000\000\000\000\000\000\000\000\000\000\000\000\000\000P\031\304J\342j\272\270\274\360\307\356\347\200Ywm#\014\233\301\022L\232T\033N\341\232\325\233\227\313\307s!\003ql\302)\235\321\t\213\224\356\374%%\311\327\037\374\304\t\335\2359\344\233\035]\347<u\236\364\222vF0D\002 \035i\377\275\033\237\316k\351\240\334\363SV%\326v\255F\205m\244\005Kw\325yk[`\314\360\002 $\361\005P)\357\247\255TU{\237\033\2417j\322C\206*\347\367N\036\317\2436\027H\243\360k""; "
1750587303494,1750587303494,0,1,1,3,TMProposeSet,"proposeSeq: 0; currentTxHash: ""\000\000\000\000\000\000\000\000\000\000\000\000\000\000\000\000\000\000\000\000\000\000\000\000\000\000\000\000\000\000\000\000""; nodePubKey: ""\003\343\005\311u\203\370\0338\3174\324\010\006\301\251\177\261\304eOX\262)FA-\022r\263wm\024""; closeTime: 803902503; signature: ""0D\002 mip\237\020\354\304\326\350\350F\n\374x\334\336\276~.i\353\3409\310cR4x<y\261\267\002 3AI@\312&\220\022\323b\311\016\351ra\205\226U\251\261_3\3061\271\n\005\376\250\006\343X""; previousledger: ""\302\001\313@D\264\016\334\r\034\035\\276\225\314|\234S*r\007\370x>\305D*\007b\276v\316""; ","proposeSeq: 0; currentTxHash: ""\000\000\000\000\000\000\000\000\000\000\000\000\000\000\000\000\000\000\000\000\000\000\000\000\000\000\000\000\000\000\000\000""; nodePubKey: ""\003\343\005\311u\203\370\0338\3174\324\010\006\301\251\177\261\304eOX\262)FA-\022r\263wm\024""; closeTime: 803902503; signature: ""0D\002 mip\237\020\354\304\326\350\350F\n\374x\334\336\276~.i\353\3409\310cR4x<y\261\267\002 3AI@\312&\220\022\323b\311\016\351ra\205\226U\251\261_3\3061\271\n\005\376\250\006\343X""; previousledger: ""\302\001\313@D\264\016\334\r\034\035\\276\225\314|\234S*r\007\370x>\305D*\007b\276v\316""; "
1750587303494,1750587303495,0,1,1,2,TMProposeSet,"proposeSeq: 0; currentTxHash: ""\000\000\000\000\000\000\000\000\000\000\000\000\000\000\000\000\000\000\000\000\000\000\000\000\000\000\000\000\000\000\000\000""; nodePubKey: ""\003\343\005\311u\203\370\0338\3174\324\010\006\301\251\177\261\304eOX\262)FA-\022r\263wm\024""; closeTime: 803902503; signature: ""0D\002 mip\237\020\354\304\326\350\350F\n\374x\334\336\276~.i\353\3409\310cR4x<y\261\267\002 3AI@\312&\220\022\323b\311\016\351ra\205\226U\251\261_3\3061\271\n\005\376\250\006\343X""; previousledger: ""\302\001\313@D\264\016\334\r\034\035\\276\225\314|\234S*r\007\370x>\305D*\007b\276v\316""; ","proposeSeq: 0; currentTxHash: ""\000\000\000\000\000\000\000\000\000\000\000\000\000\000\000\000\000\000\000\000\000\000\000\000\000\000\000\000\000\000\000\000""; nodePubKey: ""\003\343\005\311u\203\370\0338\3174\324\010\006\301\251\177\261\304eOX\262)FA-\022r\263wm\024""; closeTime: 803902503; signature: ""0D\002 mip\237\020\354\304\326\350\350F\n\374x\334\336\276~.i\353\3409\310cR4x<y\261\267\002 3AI@\312&\220\022\323b\311\016\351ra\205\226U\251\261_3\3061\271\n\005\376\250\006\343X""; previousledger: ""\302\001\313@D\264\016\334\r\034\035\\276\225\314|\234S*r\007\370x>\305D*\007b\276v\316""; "
1750587303495,1750587303495,0,1,1,4,TMProposeSet,"proposeSeq: 0; currentTxHash: ""\000\000\000\000\000\000\000\000\000\000\000\000\000\000\000\000\000\000\000\000\000\000\000\000\000\000\000\000\000\000\000\000""; nodePubKey: ""\003\343\005\311u\203\370\0338\3174\324\010\006\301\251\177\261\304eOX\262)FA-\022r\263wm\024""; closeTime: 803902503; signature: ""0D\002 mip\237\020\354\304\326\350\350F\n\374x\334\336\276~.i\353\3409\310cR4x<y\261\267\002 3AI@\312&\220\022\323b\311\016\351ra\205\226U\251\261_3\3061\271\n\005\376\250\006\343X""; previousledger: ""\302\001\313@D\264\016\334\r\034\035\\276\225\314|\234S*r\007\370x>\305D*\007b\276v\316""; ","proposeSeq: 0; currentTxHash: ""\000\000\000\000\000\000\000\000\000\000\000\000\000\000\000\000\000\000\000\000\000\000\000\000\000\000\000\000\000\000\000\000""; nodePubKey: ""\003\343\005\311u\203\370\0338\3174\324\010\006\301\251\177\261\304eOX\262)FA-\022r\263wm\024""; closeTime: 803902503; signature: ""0D\002 mip\237\020\354\304\326\350\350F\n\374x\334\336\276~.i\353\3409\310cR4x<y\261\267\002 3AI@\312&\220\022\323b\311\016\351ra\205\226U\251\261_3\3061\271\n\005\376\250\006\343X""; previousledger: ""\302\001\313@D\264\016\334\r\034\035\\276\225\314|\234S*r\007\370x>\305D*\007b\276v\316""; "
1750587303495,1750587303495,0,1,1,0,TMProposeSet,"proposeSeq: 0; currentTxHash: ""\000\000\000\000\000\000\000\000\000\000\000\000\000\000\000\000\000\000\000\000\000\000\000\000\000\000\000\000\000\000\000\000""; nodePubKey: ""\003\343\005\311u\203\370\0338\3174\324\010\006\301\251\177\261\304eOX\262)FA-\022r\263wm\024""; closeTime: 803902503; signature: ""0D\002 mip\237\020\354\304\326\350\350F\n\374x\334\336\276~.i\353\3409\310cR4x<y\261\267\002 3AI@\312&\220\022\323b\311\016\351ra\205\226U\251\261_3\3061\271\n\005\376\250\006\343X""; previousledger: ""\302\001\313@D\264\016\334\r\034\035\\276\225\314|\234S*r\007\370x>\305D*\007b\276v\316""; ","proposeSeq: 0; currentTxHash: ""\000\000\000\000\000\000\000\000\000\000\000\000\000\000\000\000\000\000\000\000\000\000\000\000\000\000\000\000\000\000\000\000""; nodePubKey: ""\003\343\005\311u\203\370\0338\3174\324\010\006\301\251\177\261\304eOX\262)FA-\022r\263wm\024""; closeTime: 803902503; signature: ""0D\002 mip\237\020\354\304\326\350\350F\n\374x\334\336\276~.i\353\3409\310cR4x<y\261\267\002 3AI@\312&\220\022\323b\311\016\351ra\205\226U\251\261_3\3061\271\n\005\376\250\006\343X""; previousledger: ""\302\001\313@D\264\016\334\r\034\035\\276\225\314|\234S*r\007\370x>\305D*\007b\276v\316""; "
1750587303497,1750587303497,0,1,3,0,TMProposeSet,"proposeSeq: 0; currentTxHash: ""\000\000\000\000\000\000\000\000\000\000\000\000\000\000\000\000\000\000\000\000\000\000\000\000\000\000\000\000\000\000\000\000""; nodePubKey: ""\003\343\005\311u\203\370\0338\3174\324\010\006\301\251\177\261\304eOX\262)FA-\022r\263wm\024""; closeTime: 803902503; signature: ""0D\002 mip\237\020\354\304\326\350\350F\n\374x\334\336\276~.i\353\3409\310cR4x<y\261\267\002 3AI@\312&\220\022\323b\311\016\351ra\205\226U\251\261_3\3061\271\n\005\376\250\006\343X""; previousledger: ""\302\001\313@D\264\016\334\r\034\035\\276\225\314|\234S*r\007\370x>\305D*\007b\276v\316""; ","proposeSeq: 0; currentTxHash: ""\000\000\000\000\000\000\000\000\000\000\000\000\000\000\000\000\000\000\000\000\000\000\000\000\000\000\000\000\000\000\000\000""; nodePubKey: ""\003\343\005\311u\203\370\0338\3174\324\010\006\301\251\177\261\304eOX\262)FA-\022r\263wm\024""; closeTime: 803902503; signature: ""0D\002 mip\237\020\354\304\326\350\350F\n\374x\334\336\276~.i\353\3409\310cR4x<y\261\267\002 3AI@\312&\220\022\323b\311\016\351ra\205\226U\251\261_3\3061\271\n\005\376\250\006\343X""; previousledger: ""\302\001\313@D\264\016\334\r\034\035\\276\225\314|\234S*r\007\370x>\305D*\007b\276v\316""; "
1750587303497,1750587303497,0,1,3,4,TMProposeSet,"proposeSeq: 0; currentTxHash: ""\000\000\000\000\000\000\000\000\000\000\000\000\000\000\000\000\000\000\000\000\000\000\000\000\000\000\000\000\000\000\000\000""; nodePubKey: ""\003\343\005\311u\203\370\0338\3174\324\010\006\301\251\177\261\304eOX\262)FA-\022r\263wm\024""; closeTime: 803902503; signature: ""0D\002 mip\237\020\354\304\326\350\350F\n\374x\334\336\276~.i\353\3409\310cR4x<y\261\267\002 3AI@\312&\220\022\323b\311\016\351ra\205\226U\251\261_3\3061\271\n\005\376\250\006\343X""; previousledger: ""\302\001\313@D\264\016\334\r\034\035\\276\225\314|\234S*r\007\370x>\305D*\007b\276v\316""; ","proposeSeq: 0; currentTxHash: ""\000\000\000\000\000\000\000\000\000\000\000\000\000\000\000\000\000\000\000\000\000\000\000\000\000\000\000\000\000\000\000\000""; nodePubKey: ""\003\343\005\311u\203\370\0338\3174\324\010\006\301\251\177\261\304eOX\262)FA-\022r\263wm\024""; closeTime: 803902503; signature: ""0D\002 mip\237\020\354\304\326\350\350F\n\374x\334\336\276~.i\353\3409\310cR4x<y\261\267\002 3AI@\312&\220\022\323b\311\016\351ra\205\226U\251\261_3\3061\271\n\005\376\250\006\343X""; previousledger: ""\302\001\313@D\264\016\334\r\034\035\\276\225\314|\234S*r\007\370x>\305D*\007b\276v\316""; "
1750587303498,1750587303499,0,1,2,0,TMProposeSet,"proposeSeq: 0; currentTxHash: ""\000\000\000\000\000\000\000\000\000\000\000\000\000\000\000\000\000\000\000\000\000\000\000\000\000\000\000\000\000\000\000\000""; nodePubKey: ""\003\343\005\311u\203\370\0338\3174\324\010\006\301\251\177\261\304eOX\262)FA-\022r\263wm\024""; closeTime: 803902503; signature: ""0D\002 mip\237\020\354\304\326\350\350F\n\374x\334\336\276~.i\353\3409\310cR4x<y\261\267\002 3AI@\312&\220\022\323b\311\016\351ra\205\226U\251\261_3\3061\271\n\005\376\250\006\343X""; previousledger: ""\302\001\313@D\264\016\334\r\034\035\\276\225\314|\234S*r\007\370x>\305D*\007b\276v\316""; ","proposeSeq: 0; currentTxHash: ""\000\000\000\000\000\000\000\000\000\000\000\000\000\000\000\000\000\000\000\000\000\000\000\000\000\000\000\000\000\000\000\000""; nodePubKey: ""\003\343\005\311u\203\370\0338\3174\324\010\006\301\251\177\261\304eOX\262)FA-\022r\263wm\024""; closeTime: 803902503; signature: ""0D\002 mip\237\020\354\304\326\350\350F\n\374x\334\336\276~.i\353\3409\310cR4x<y\261\267\002 3AI@\312&\220\022\323b\311\016\351ra\205\226U\251\261_3\3061\271\n\005\376\250\006\343X""; previousledger: ""\302\001\313@D\264\016\334\r\034\035\\276\225\314|\234S*r\007\370x>\305D*\007b\276v\316""; "
1750587303499,1750587303500,0,1,0,3,TMProposeSet,"proposeSeq: 0; currentTxHash: ""\000\000\000\000\000\000\000\000\000\000\000\000\000\000\000\000\000\000\000\000\000\000\000\000\000\000\000\000\000\000\000\000""; nodePubKey: ""\003\343\005\311u\203\370\0338\3174\324\010\006\301\251\177\261\304eOX\262)FA-\022r\263wm\024""; closeTime: 803902503; signature: ""0D\002 mip\237\020\354\304\326\350\350F\n\374x\334\336\276~.i\353\3409\310cR4x<y\261\267\002 3AI@\312&\220\022\323b\311\016\351ra\205\226U\251\261_3\3061\271\n\005\376\250\006\343X""; previousledger: ""\302\001\313@D\264\016\334\r\034\035\\276\225\314|\234S*r\007\370x>\305D*\007b\276v\316""; ","proposeSeq: 0; currentTxHash: ""\000\000\000\000\000\000\000\000\000\000\000\000\000\000\000\000\000\000\000\000\000\000\000\000\000\000\000\000\000\000\000\000""; nodePubKey: ""\003\343\005\311u\203\370\0338\3174\324\010\006\301\251\177\261\304eOX\262)FA-\022r\263wm\024""; closeTime: 803902503; signature: ""0D\002 mip\237\020\354\304\326\350\350F\n\374x\334\336\276~.i\353\3409\310cR4x<y\261\267\002 3AI@\312&\220\022\323b\311\016\351ra\205\226U\251\261_3\3061\271\n\005\376\250\006\343X""; previousledger: ""\302\001\313@D\264\016\334\r\034\035\\276\225\314|\234S*r\007\370x>\305D*\007b\276v\316""; "
1750587303499,1750587303499,0,1,2,3,TMProposeSet,"proposeSeq: 0; currentTxHash: ""\000\000\000\000\000\000\000\000\000\000\000\000\000\000\000\000\000\000\000\000\000\000\000\000\000\000\000\000\000\000\000\000""; nodePubKey: ""\003\343\005\311u\203\370\0338\3174\324\010\006\301\251\177\261\304eOX\262)FA-\022r\263wm\024""; closeTime: 803902503; signature: ""0D\002 mip\237\020\354\304\326\350\350F\n\374x\334\336\276~.i\353\3409\310cR4x<y\261\267\002 3AI@\312&\220\022\323b\311\016\351ra\205\226U\251\261_3\3061\271\n\005\376\250\006\343X""; previousledger: ""\302\001\313@D\264\016\334\r\034\035\\276\225\314|\234S*r\007\370x>\305D*\007b\276v\316""; ","proposeSeq: 0; currentTxHash: ""\000\000\000\000\000\000\000\000\000\000\000\000\000\000\000\000\000\000\000\000\000\000\000\000\000\000\000\000\000\000\000\000""; nodePubKey: ""\003\343\005\311u\203\370\0338\3174\324\010\006\301\251\177\261\304eOX\262)FA-\022r\263wm\024""; closeTime: 803902503; signature: ""0D\002 mip\237\020\354\304\326\350\350F\n\374x\334\336\276~.i\353\3409\310cR4x<y\261\267\002 3AI@\312&\220\022\323b\311\016\351ra\205\226U\251\261_3\3061\271\n\005\376\250\006\343X""; previousledger: ""\302\001\313@D\264\016\334\r\034\035\\276\225\314|\234S*r\007\370x>\305D*\007b\276v\316""; "
1750587303497,1750587303497,0,1,3,2,TMProposeSet,"proposeSeq: 0; currentTxHash: ""\000\000\000\000\000\000\000\000\000\000\000\000\000\000\000\000\000\000\000\000\000\000\000\000\000\000\000\000\000\000\000\000""; nodePubKey: ""\003\343\005\311u\203\370\0338\3174\324\010\006\301\251\177\261\304eOX\262)FA-\022r\263wm\024""; closeTime: 803902503; signature: ""0D\002 mip\237\020\354\304\326\350\350F\n\374x\334\336\276~.i\353\3409\310cR4x<y\261\267\002 3AI@\312&\220\022\323b\311\016\351ra\205\226U\251\261_3\3061\271\n\005\376\250\006\343X""; previousledger: ""\302\001\313@D\264\016\334\r\034\035\\276\225\314|\234S*r\007\370x>\305D*\007b\276v\316""; ","proposeSeq: 0; currentTxHash: ""\000\000\000\000\000\000\000\000\000\000\000\000\000\000\000\000\000\000\000\000\000\000\000\000\000\000\000\000\000\000\000\000""; nodePubKey: ""\003\343\005\311u\203\370\0338\3174\324\010\006\301\251\177\261\304eOX\262)FA-\022r\263wm\024""; closeTime: 803902503; signature: ""0D\002 mip\237\020\354\304\326\350\350F\n\374x\334\336\276~.i\353\3409\310cR4x<y\261\267\002 3AI@\312&\220\022\323b\311\016\351ra\205\226U\251\261_3\3061\271\n\005\376\250\006\343X""; previousledger: ""\302\001\313@D\264\016\334\r\034\035\\276\225\314|\234S*r\007\370x>\305D*\007b\276v\316""; "
1750587303498,1750587303498,0,1,2,4,TMProposeSet,"proposeSeq: 0; currentTxHash: ""\000\000\000\000\000\000\000\000\000\000\000\000\000\000\000\000\000\000\000\000\000\000\000\000\000\000\000\000\000\000\000\000""; nodePubKey: ""\003\343\005\311u\203\370\0338\3174\324\010\006\301\251\177\261\304eOX\262)FA-\022r\263wm\024""; closeTime: 803902503; signature: ""0D\002 mip\237\020\354\304\326\350\350F\n\374x\334\336\276~.i\353\3409\310cR4x<y\261\267\002 3AI@\312&\220\022\323b\311\016\351ra\205\226U\251\261_3\3061\271\n\005\376\250\006\343X""; previousledger: ""\302\001\313@D\264\016\334\r\034\035\\276\225\314|\234S*r\007\370x>\305D*\007b\276v\316""; ","proposeSeq: 0; currentTxHash: ""\000\000\000\000\000\000\000\000\000\000\000\000\000\000\000\000\000\000\000\000\000\000\000\000\000\000\000\000\000\000\000\000""; nodePubKey: ""\003\343\005\311u\203\370\0338\3174\324\010\006\301\251\177\261\304eOX\262)FA-\022r\263wm\024""; closeTime: 803902503; signature: ""0D\002 mip\237\020\354\304\326\350\350F\n\374x\334\336\276~.i\353\3409\310cR4x<y\261\267\002 3AI@\312&\220\022\323b\311\016\351ra\205\226U\251\261_3\3061\271\n\005\376\250\006\343X""; previousledger: ""\302\001\313@D\264\016\334\r\034\035\\276\225\314|\234S*r\007\370x>\305D*\007b\276v\316""; "
1750587303500,1750587303500,0,1,0,4,TMProposeSet,"proposeSeq: 0; currentTxHash: ""\000\000\000\000\000\000\000\000\000\000\000\000\000\000\000\000\000\000\000\000\000\000\000\000\000\000\000\000\000\000\000\000""; nodePubKey: ""\003\343\005\311u\203\370\0338\3174\324\010\006\301\251\177\261\304eOX\262)FA-\022r\263wm\024""; closeTime: 803902503; signature: ""0D\002 mip\237\020\354\304\326\350\350F\n\374x\334\336\276~.i\353\3409\310cR4x<y\261\267\002 3AI@\312&\220\022\323b\311\016\351ra\205\226U\251\261_3\3061\271\n\005\376\250\006\343X""; previousledger: ""\302\001\313@D\264\016\334\r\034\035\\276\225\314|\234S*r\007\370x>\305D*\007b\276v\316""; ","proposeSeq: 0; currentTxHash: ""\000\000\000\000\000\000\000\000\000\000\000\000\000\000\000\000\000\000\000\000\000\000\000\000\000\000\000\000\000\000\000\000""; nodePubKey: ""\003\343\005\311u\203\370\0338\3174\324\010\006\301\251\177\261\304eOX\262)FA-\022r\263wm\024""; closeTime: 803902503; signature: ""0D\002 mip\237\020\354\304\326\350\350F\n\374x\334\336\276~.i\353\3409\310cR4x<y\261\267\002 3AI@\312&\220\022\323b\311\016\351ra\205\226U\251\261_3\3061\271\n\005\376\250\006\343X""; previousledger: ""\302\001\313@D\264\016\334\r\034\035\\276\225\314|\234S*r\007\370x>\305D*\007b\276v\316""; "
1750587303500,1750587303500,0,1,0,2,TMProposeSet,"proposeSeq: 0; currentTxHash: ""\000\000\000\000\000\000\000\000\000\000\000\000\000\000\000\000\000\000\000\000\000\000\000\000\000\000\000\000\000\000\000\000""; nodePubKey: ""\003\343\005\311u\203\370\0338\3174\324\010\006\301\251\177\261\304eOX\262)FA-\022r\263wm\024""; closeTime: 803902503; signature: ""0D\002 mip\237\020\354\304\326\350\350F\n\374x\334\336\276~.i\353\3409\310cR4x<y\261\267\002 3AI@\312&\220\022\323b\311\016\351ra\205\226U\251\261_3\3061\271\n\005\376\250\006\343X""; previousledger: ""\302\001\313@D\264\016\334\r\034\035\\276\225\314|\234S*r\007\370x>\305D*\007b\276v\316""; ","proposeSeq: 0; currentTxHash: ""\000\000\000\000\000\000\000\000\000\000\000\000\000\000\000\000\000\000\000\000\000\000\000\000\000\000\000\000\000\000\000\000""; nodePubKey: ""\003\343\005\311u\203\370\0338\3174\324\010\006\301\251\177\261\304eOX\262)FA-\022r\263wm\024""; closeTime: 803902503; signature: ""0D\002 mip\237\020\354\304\326\350\350F\n\374x\334\336\276~.i\353\3409\310cR4x<y\261\267\002 3AI@\312&\220\022\323b\311\016\351ra\205\226U\251\261_3\3061\271\n\005\376\250\006\343X""; previousledger: ""\302\001\313@D\264\016\334\r\034\035\\276\225\314|\234S*r\007\370x>\305D*\007b\276v\316""; "
1750587303452,1750587303509,0,1,1,4,TMStatusChange,"newEvent: neCLOSING_LEDGER; ledgerSeq: 13; ledgerHash: ""\302\001\313@D\264\016\334\r\034\035\\276\225\314|\234S*r\007\370x>\305D*\007b\276v\316""; ledgerHashPrevious: ""\304J\342j\272\270\274\360\307\356\347\200Ywm#\014\233\301\022L\232T\033N\341\232\325\233\227\313\307""; networkTime: 803902503; firstSeq: 1; lastSeq: 13; ","newEvent: neCLOSING_LEDGER; ledgerSeq: 13; ledgerHash: ""\302\001\313@D\264\016\334\r\034\035\\276\225\314|\234S*r\007\370x>\305D*\007b\276v\316""; ledgerHashPrevious: ""\304J\342j\272\270\274\360\307\356\347\200Ywm#\014\233\301\022L\232T\033N\341\232\325\233\227\313\307""; networkTime: 803902503; firstSeq: 1; lastSeq: 13; "
1750587303453,1750587303509,0,1,1,0,TMStatusChange,"newEvent: neCLOSING_LEDGER; ledgerSeq: 13; ledgerHash: ""\302\001\313@D\264\016\334\r\034\035\\276\225\314|\234S*r\007\370x>\305D*\007b\276v\316""; ledgerHashPrevious: ""\304J\342j\272\270\274\360\307\356\347\200Ywm#\014\233\301\022L\232T\033N\341\232\325\233\227\313\307""; networkTime: 803902503; firstSeq: 1; lastSeq: 13; ","newEvent: neCLOSING_LEDGER; ledgerSeq: 13; ledgerHash: ""\302\001\313@D\264\016\334\r\034\035\\276\225\314|\234S*r\007\370x>\305D*\007b\276v\316""; ledgerHashPrevious: ""\304J\342j\272\270\274\360\307\356\347\200Ywm#\014\233\301\022L\232T\033N\341\232\325\233\227\313\307""; networkTime: 803902503; firstSeq: 1; lastSeq: 13; "
1750587303453,1750587303510,0,1,1,2,TMStatusChange,"newEvent: neCLOSING_LEDGER; ledgerSeq: 13; ledgerHash: ""\302\001\313@D\264\016\334\r\034\035\\276\225\314|\234S*r\007\370x>\305D*\007b\276v\316""; ledgerHashPrevious: ""\304J\342j\272\270\274\360\307\356\347\200Ywm#\014\233\301\022L\232T\033N\341\232\325\233\227\313\307""; networkTime: 803902503; firstSeq: 1; lastSeq: 13; ","newEvent: neCLOSING_LEDGER; ledgerSeq: 13; ledgerHash: ""\302\001\313@D\264\016\334\r\034\035\\276\225\314|\234S*r\007\370x>\305D*\007b\276v\316""; ledgerHashPrevious: ""\304J\342j\272\270\274\360\307\356\347\200Ywm#\014\233\301\022L\232T\033N\341\232\325\233\227\313\307""; networkTime: 803902503; firstSeq: 1; lastSeq: 13; "
1750587303453,1750587303510,0,1,1,3,TMStatusChange,"newEvent: neCLOSING_LEDGER; ledgerSeq: 13; ledgerHash: ""\302\001\313@D\264\016\334\r\034\035\\276\225\314|\234S*r\007\370x>\305D*\007b\276v\316""; ledgerHashPrevious: ""\304J\342j\272\270\274\360\307\356\347\200Ywm#\014\233\301\022L\232T\033N\341\232\325\233\227\313\307""; networkTime: 803902503; firstSeq: 1; lastSeq: 13; ","newEvent: neCLOSING_LEDGER; ledgerSeq: 13; ledgerHash: ""\302\001\313@D\264\016\334\r\034\035\\276\225\314|\234S*r\007\370x>\305D*\007b\276v\316""; ledgerHashPrevious: ""\304J\342j\272\270\274\360\307\356\347\200Ywm#\014\233\301\022L\232T\033N\341\232\325\233\227\313\307""; networkTime: 803902503; firstSeq: 1; lastSeq: 13; "
1750587303766,1750587303767,0,1,4,1,TMStatusChange,"newEvent: neACCEPTED_LEDGER; ledgerSeq: 13; ledgerHash: ""\302\001\313@D\264\016\334\r\034\035\\276\225\314|\234S*r\007\370x>\305D*\007b\276v\316""; ledgerHashPrevious: ""\304J\342j\272\270\274\360\307\356\347\200Ywm#\014\233\301\022L\232T\033N\341\232\325\233\227\313\307""; networkTime: 803902503; firstSeq: 1; lastSeq: 12; ","newEvent: neACCEPTED_LEDGER; ledgerSeq: 13; ledgerHash: ""\302\001\313@D\264\016\334\r\034\035\\276\225\314|\234S*r\007\370x>\305D*\007b\276v\316""; ledgerHashPrevious: ""\304J\342j\272\270\274\360\307\356\347\200Ywm#\014\233\301\022L\232T\033N\341\232\325\233\227\313\307""; networkTime: 803902503; firstSeq: 1; lastSeq: 12; "
1750587303767,1750587303767,0,1,4,0,TMStatusChange,"newEvent: neACCEPTED_LEDGER; ledgerSeq: 13; ledgerHash: ""\302\001\313@D\264\016\334\r\034\035\\276\225\314|\234S*r\007\370x>\305D*\007b\276v\316""; ledgerHashPrevious: ""\304J\342j\272\270\274\360\307\356\347\200Ywm#\014\233\301\022L\232T\033N\341\232\325\233\227\313\307""; networkTime: 803902503; firstSeq: 1; lastSeq: 12; ","newEvent: neACCEPTED_LEDGER; ledgerSeq: 13; ledgerHash: ""\302\001\313@D\264\016\334\r\034\035\\276\225\314|\234S*r\007\370x>\305D*\007b\276v\316""; ledgerHashPrevious: ""\304J\342j\272\270\274\360\307\356\347\200Ywm#\014\233\301\022L\232T\033N\341\232\325\233\227\313\307""; networkTime: 803902503; firstSeq: 1; lastSeq: 12; "
1750587303768,1750587303768,0,1,4,2,TMStatusChange,"newEvent: neACCEPTED_LEDGER; ledgerSeq: 13; ledgerHash: ""\302\001\313@D\264\016\334\r\034\035\\276\225\314|\234S*r\007\370x>\305D*\007b\276v\316""; ledgerHashPrevious: ""\304J\342j\272\270\274\360\307\356\347\200Ywm#\014\233\301\022L\232T\033N\341\232\325\233\227\313\307""; networkTime: 803902503; firstSeq: 1; lastSeq: 12; ","newEvent: neACCEPTED_LEDGER; ledgerSeq: 13; ledgerHash: ""\302\001\313@D\264\016\334\r\034\035\\276\225\314|\234S*r\007\370x>\305D*\007b\276v\316""; ledgerHashPrevious: ""\304J\342j\272\270\274\360\307\356\347\200Ywm#\014\233\301\022L\232T\033N\341\232\325\233\227\313\307""; networkTime: 803902503; firstSeq: 1; lastSeq: 12; "
1750587303768,1750587303768,0,1,4,3,TMStatusChange,"newEvent: neACCEPTED_LEDGER; ledgerSeq: 13; ledgerHash: ""\302\001\313@D\264\016\334\r\034\035\\276\225\314|\234S*r\007\370x>\305D*\007b\276v\316""; ledgerHashPrevious: ""\304J\342j\272\270\274\360\307\356\347\200Ywm#\014\233\301\022L\232T\033N\341\232\325\233\227\313\307""; networkTime: 803902503; firstSeq: 1; lastSeq: 12; ","newEvent: neACCEPTED_LEDGER; ledgerSeq: 13; ledgerHash: ""\302\001\313@D\264\016\334\r\034\035\\276\225\314|\234S*r\007\370x>\305D*\007b\276v\316""; ledgerHashPrevious: ""\304J\342j\272\270\274\360\307\356\347\200Ywm#\014\233\301\022L\232T\033N\341\232\325\233\227\313\307""; networkTime: 803902503; firstSeq: 1; lastSeq: 12; "
1750587303806,1750587303806,0,1,4,2,TMValidation,"validation: """"\200\000\000\001&\000\000\000\r)/\352\224':v|\203\267)\257\206\032Q\302\001\313@D\264\016\334\r\034\035\\276\225\314|\234S*r\007\370x>\305D*\007b\276v\316P\027\000\000\000\000\000\000\000\000\000\000\000\000\000\000\000\000\000\000\000\000\000\000\000\000\000\000\000\000\000\000\000\000P\031\304J\342j\272\270\274\360\307\356\347\200Ywm#\014\233\301\022L\232T\033N\341\232\325\233\227\313\307s!\003.\200\224\215?)t\306\315\242\313\251\255\302\204=\232.\271%}\013\024s\024\002@\216l""\241FvG0E\002!\000\227\005\372/\3525N\010v\267Hc\323\306\342\224\263,\315p\351\254%@\021\346\307\267\242\030\370\345\002 ""i\255\272\014\310\367\213[\255\307\353.6c\035\200\213\313w\326\330\017\236\305\323\355\202\356\325\355}""; ","validation: """"\200\000\000\001&\000\000\000\r)/\352\224':v|\203\267)\257\206\032Q\302\001\313@D\264\016\334\r\034\035\\276\225\314|\234S*r\007\370x>\305D*\007b\276v\316P\027\000\000\000\000\000\000\000\000\000\000\000\000\000\000\000\000\000\000\000\000\000\000\000\000\000\000\000\000\000\000\000\000P\031\304J\342j\272\270\274\360\307\356\347\200Ywm#\014\233\301\022L\232T\033N\341\232\325\233\227\313\307s!\003.\200\224\215?)t\306\315\242\313\251\255\302\204=\232.\271%}\013\024s\024\002@\216l""\241FvG0E\002!\000\227\005\372/\3525N\010v\267Hc\323\306\342\224\263,\315p\351\254%@\021\346\307\267\242\030\370\345\002 ""i\255\272\014\310\367\213[\255\307\353.6c\035\200\213\313w\326\330\017\236\305\323\355\202\356\325\355}""; "
1750587303808,1750587303808,0,1,4,3,TMValidation,"validation: """"\200\000\000\001&\000\000\000\r)/\352\224':v|\203\267)\257\206\032Q\302\001\313@D\264\016\334\r\034\035\\276\225\314|\234S*r\007\370x>\305D*\007b\276v\316P\027\000\000\000\000\000\000\000\000\000\000\000\000\000\000\000\000\000\000\000\000\000\000\000\000\000\000\000\000\000\000\000\000P\031\304J\342j\272\270\274\360\307\356\347\200Ywm#\014\233\301\022L\232T\033N\341\232\325\233\227\313\307s!\003.\200\224\215?)t\306\315\242\313\251\255\302\204=\232.\271%}\013\024s\024\002@\216l""\241FvG0E\002!\000\227\005\372/\3525N\010v\267Hc\323\306\342\224\263,\315p\351\254%@\021\346\307\267\242\030\370\345\002 ""i\255\272\014\310\367\213[\255\307\353.6c\035\200\213\313w\326\330\017\236\305\323\355\202\356\325\355}""; ","validation: """"\200\000\000\001&\000\000\000\r)/\352\224':v|\203\267)\257\206\032Q\302\001\313@D\264\016\334\r\034\035\\276\225\314|\234S*r\007\370x>\305D*\007b\276v\316P\027\000\000\000\000\000\000\000\000\000\000\000\000\000\000\000\000\000\000\000\000\000\000\000\000\000\000\000\000\000\000\000\000P\031\304J\342j\272\270\274\360\307\356\347\200Ywm#\014\233\301\022L\232T\033N\341\232\325\233\227\313\307s!\003.\200\224\215?)t\306\315\242\313\251\255\302\204=\232.\271%}\013\024s\024\002@\216l""\241FvG0E\002!\000\227\005\372/\3525N\010v\267Hc\323\306\342\224\263,\315p\351\254%@\021\346\307\267\242\030\370\345\002 ""i\255\272\014\310\367\213[\255\307\353.6c\035\200\213\313w\326\330\017\236\305\323\355\202\356\325\355}""; "
1750587303807,1750587303808,0,1,4,1,TMValidation,"validation: """"\200\000\000\001&\000\000\000\r)/\352\224':v|\203\267)\257\206\032Q\302\001\313@D\264\016\334\r\034\035\\276\225\314|\234S*r\007\370x>\305D*\007b\276v\316P\027\000\000\000\000\000\000\000\000\000\000\000\000\000\000\000\000\000\000\000\000\000\000\000\000\000\000\000\000\000\000\000\000P\031\304J\342j\272\270\274\360\307\356\347\200Ywm#\014\233\301\022L\232T\033N\341\232\325\233\227\313\307s!\003.\200\224\215?)t\306\315\242\313\251\255\302\204=\232.\271%}\013\024s\024\002@\216l""\241FvG0E\002!\000\227\005\372/\3525N\010v\267Hc\323\306\342\224\263,\315p\351\254%@\021\346\307\267\242\030\370\345\002 ""i\255\272\014\310\367\213[\255\307\353.6c\035\200\213\313w\326\330\017\236\305\323\355\202\356\325\355}""; ","validation: """"\200\000\000\001&\000\000\000\r)/\352\224':v|\203\267)\257\206\032Q\302\001\313@D\264\016\334\r\034\035\\276\225\314|\234S*r\007\370x>\305D*\007b\276v\316P\027\000\000\000\000\000\000\000\000\000\000\000\000\000\000\000\000\000\000\000\000\000\000\000\000\000\000\000\000\000\000\000\000P\031\304J\342j\272\270\274\360\307\356\347\200Ywm#\014\233\301\022L\232T\033N\341\232\325\233\227\313\307s!\003.\200\224\215?)t\306\315\242\313\251\255\302\204=\232.\271%}\013\024s\024\002@\216l""\241FvG0E\002!\000\227\005\372/\3525N\010v\267Hc\323\306\342\224\263,\315p\351\254%@\021\346\307\267\242\030\370\345\002 ""i\255\272\014\310\367\213[\255\307\353.6c\035\200\213\313w\326\330\017\236\305\323\355\202\356\325\355}""; "
1750587303807,1750587303807,0,1,4,0,TMValidation,"validation: """"\200\000\000\001&\000\000\000\r)/\352\224':v|\203\267)\257\206\032Q\302\001\313@D\264\016\334\r\034\035\\276\225\314|\234S*r\007\370x>\305D*\007b\276v\316P\027\000\000\000\000\000\000\000\000\000\000\000\000\000\000\000\000\000\000\000\000\000\000\000\000\000\000\000\000\000\000\000\000P\031\304J\342j\272\270\274\360\307\356\347\200Ywm#\014\233\301\022L\232T\033N\341\232\325\233\227\313\307s!\003.\200\224\215?)t\306\315\242\313\251\255\302\204=\232.\271%}\013\024s\024\002@\216l""\241FvG0E\002!\000\227\005\372/\3525N\010v\267Hc\323\306\342\224\263,\315p\351\254%@\021\346\307\267\242\030\370\345\002 ""i\255\272\014\310\367\213[\255\307\353.6c\035\200\213\313w\326\330\017\236\305\323\355\202\356\325\355}""; ","validation: """"\200\000\000\001&\000\000\000\r)/\352\224':v|\203\267)\257\206\032Q\302\001\313@D\264\016\334\r\034\035\\276\225\314|\234S*r\007\370x>\305D*\007b\276v\316P\027\000\000\000\000\000\000\000\000\000\000\000\000\000\000\000\000\000\000\000\000\000\000\000\000\000\000\000\000\000\000\000\000P\031\304J\342j\272\270\274\360\307\356\347\200Ywm#\014\233\301\022L\232T\033N\341\232\325\233\227\313\307s!\003.\200\224\215?)t\306\315\242\313\251\255\302\204=\232.\271%}\013\024s\024\002@\216l""\241FvG0E\002!\000\227\005\372/\3525N\010v\267Hc\323\306\342\224\263,\315p\351\254%@\021\346\307\267\242\030\370\345\002 ""i\255\272\014\310\367\213[\255\307\353.6c\035\200\213\313w\326\330\017\236\305\323\355\202\356\325\355}""; "
1750587303810,1750587303810,0,1,2,3,TMValidation,"validation: """"\200\000\000\001&\000\000\000\r)/\352\224':v|\203\267)\257\206\032Q\302\001\313@D\264\016\334\r\034\035\\276\225\314|\234S*r\007\370x>\305D*\007b\276v\316P\027\000\000\000\000\000\000\000\000\000\000\000\000\000\000\000\000\000\000\000\000\000\000\000\000\000\000\000\000\000\000\000\000P\031\304J\342j\272\270\274\360\307\356\347\200Ywm#\014\233\301\022L\232T\033N\341\232\325\233\227\313\307s!\003.\200\224\215?)t\306\315\242\313\251\255\302\204=\232.\271%}\013\024s\024\002@\216l""\241FvG0E\002!\000\227\005\372/\3525N\010v\267Hc\323\306\342\224\263,\315p\351\254%@\021\346\307\267\242\030\370\345\002 ""i\255\272\014\310\367\213[\255\307\353.6c\035\200\213\313w\326\330\017\236\305\323\355\202\356\325\355}""; ","validation: """"\200\000\000\001&\000\000\000\r)/\352\224':v|\203\267)\257\206\032Q\302\001\313@D\264\016\334\r\034\035\\276\225\314|\234S*r\007\370x>\305D*\007b\276v\316P\027\000\000\000\000\000\000\000\000\000\000\000\000\000\000\000\000\000\000\000\000\000\000\000\000\000\000\000\000\000\000\000\000P\031\304J\342j\272\270\274\360\307\356\347\200Ywm#\014\233\301\022L\232T\033N\341\232\325\233\227\313\307s!\003.\200\224\215?)t\306\315\242\313\251\255\302\204=\232.\271%}\013\024s\024\002@\216l""\241FvG0E\002!\000\227\005\372/\3525N\010v\267Hc\323\306\342\224\263,\315p\351\254%@\021\346\307\267\242\030\370\345\002 ""i\255\272\014\310\367\213[\255\307\353.6c\035\200\213\313w\326\330\017\236\305\323\355\202\356\325\355}""; "
1750587303810,1750587303810,0,1,2,1,TMValidation,"validation: """"\200\000\000\001&\000\000\000\r)/\352\224':v|\203\267)\257\206\032Q\302\001\313@D\264\016\334\r\034\035\\276\225\314|\234S*r\007\370x>\305D*\007b\276v\316P\027\000\000\000\000\000\000\000\000\000\000\000\000\000\000\000\000\000\000\000\000\000\000\000\000\000\000\000\000\000\000\000\000P\031\304J\342j\272\270\274\360\307\356\347\200Ywm#\014\233\301\022L\232T\033N\341\232\325\233\227\313\307s!\003.\200\224\215?)t\306\315\242\313\251\255\302\204=\232.\271%}\013\024s\024\002@\216l""\241FvG0E\002!\000\227\005\372/\3525N\010v\267Hc\323\306\342\224\263,\315p\351\254%@\021\346\307\267\242\030\370\345\002 ""i\255\272\014\310\367\213[\255\307\353.6c\035\200\213\313w\326\330\017\236\305\323\355\202\356\325\355}""; ","validation: """"\200\000\000\001&\000\000\000\r)/\352\224':v|\203\267)\257\206\032Q\302\001\313@D\264\016\334\r\034\035\\276\225\314|\234S*r\007\370x>\305D*\007b\276v\316P\027\000\000\000\000\000\000\000\000\000\000\000\000\000\000\000\000\000\000\000\000\000\000\000\000\000\000\000\000\000\000\000\000P\031\304J\342j\272\270\274\360\307\356\347\200Ywm#\014\233\301\022L\232T\033N\341\232\325\233\227\313\307s!\003.\200\224\215?)t\306\315\242\313\251\255\302\204=\232.\271%}\013\024s\024\002@\216l""\241FvG0E\002!\000\227\005\372/\3525N\010v\267Hc\323\306\342\224\263,\315p\351\254%@\021\346\307\267\242\030\370\345\002 ""i\255\272\014\310\367\213[\255\307\353.6c\035\200\213\313w\326\330\017\236\305\323\355\202\356\325\355}""; "
1750587303811,1750587303811,0,1,3,1,TMValidation,"validation: """"\200\000\000\001&\000\000\000\r)/\352\224':v|\203\267)\257\206\032Q\302\001\313@D\264\016\334\r\034\035\\276\225\314|\234S*r\007\370x>\305D*\007b\276v\316P\027\000\000\000\000\000\000\000\000\000\000\000\000\000\000\000\000\000\000\000\000\000\000\000\000\000\000\000\000\000\000\000\000P\031\304J\342j\272\270\274\360\307\356\347\200Ywm#\014\233\301\022L\232T\033N\341\232\325\233\227\313\307s!\003.\200\224\215?)t\306\315\242\313\251\255\302\204=\232.\271%}\013\024s\024\002@\216l""\241FvG0E\002!\000\227\005\372/\3525N\010v\267Hc\323\306\342\224\263,\315p\351\254%@\021\346\307\267\242\030\370\345\002 ""i\255\272\014\310\367\213[\255\307\353.6c\035\200\213\313w\326\330\017\236\305\323\355\202\356\325\355}""; ","validation: """"\200\000\000\001&\000\000\000\r)/\352\224':v|\203\267)\257\206\032Q\302\001\313@D\264\016\334\r\034\035\\276\225\314|\234S*r\007\370x>\305D*\007b\276v\316P\027\000\000\000\000\000\000\000\000\000\000\000\000\000\000\000\000\000\000\000\000\000\000\000\000\000\000\000\000\000\000\000\000P\031\304J\342j\272\270\274\360\307\356\347\200Ywm#\014\233\301\022L\232T\033N\341\232\325\233\227\313\307s!\003.\200\224\215?)t\306\315\242\313\251\255\302\204=\232.\271%}\013\024s\024\002@\216l""\241FvG0E\002!\000\227\005\372/\3525N\010v\267Hc\323\306\342\224\263,\315p\351\254%@\021\346\307\267\242\030\370\345\002 ""i\255\272\014\310\367\213[\255\307\353.6c\035\200\213\313w\326\330\017\236\305\323\355\202\356\325\355}""; "
1750587303811,1750587303811,0,1,2,0,TMValidation,"validation: """"\200\000\000\001&\000\000\000\r)/\352\224':v|\203\267)\257\206\032Q\302\001\313@D\264\016\334\r\034\035\\276\225\314|\234S*r\007\370x>\305D*\007b\276v\316P\027\000\000\000\000\000\000\000\000\000\000\000\000\000\000\000\000\000\000\000\000\000\000\000\000\000\000\000\000\000\000\000\000P\031\304J\342j\272\270\274\360\307\356\347\200Ywm#\014\233\301\022L\232T\033N\341\232\325\233\227\313\307s!\003.\200\224\215?)t\306\315\242\313\251\255\302\204=\232.\271%}\013\024s\024\002@\216l""\241FvG0E\002!\000\227\005\372/\3525N\010v\267Hc\323\306\342\224\263,\315p\351\254%@\021\346\307\267\242\030\370\345\002 ""i\255\272\014\310\367\213[\255\307\353.6c\035\200\213\313w\326\330\017\236\305\323\355\202\356\325\355}""; ","validation: """"\200\000\000\001&\000\000\000\r)/\352\224':v|\203\267)\257\206\032Q\302\001\313@D\264\016\334\r\034\035\\276\225\314|\234S*r\007\370x>\305D*\007b\276v\316P\027\000\000\000\000\000\000\000\000\000\000\000\000\000\000\000\000\000\000\000\000\000\000\000\000\000\000\000\000\000\000\000\000P\031\304J\342j\272\270\274\360\307\356\347\200Ywm#\014\233\301\022L\232T\033N\341\232\325\233\227\313\307s!\003.\200\224\215?)t\306\315\242\313\251\255\302\204=\232.\271%}\013\024s\024\002@\216l""\241FvG0E\002!\000\227\005\372/\3525N\010v\267Hc\323\306\342\224\263,\315p\351\254%@\021\346\307\267\242\030\370\345\002 ""i\255\272\014\310\367\213[\255\307\353.6c\035\200\213\313w\326\330\017\236\305\323\355\202\356\325\355}""; "
1750587303812,1750587303812,0,1,3,2,TMValidation,"validation: """"\200\000\000\001&\000\000\000\r)/\352\224':v|\203\267)\257\206\032Q\302\001\313@D\264\016\334\r\034\035\\276\225\314|\234S*r\007\370x>\305D*\007b\276v\316P\027\000\000\000\000\000\000\000\000\000\000\000\000\000\000\000\000\000\000\000\000\000\000\000\000\000\000\000\000\000\000\000\000P\031\304J\342j\272\270\274\360\307\356\347\200Ywm#\014\233\301\022L\232T\033N\341\232\325\233\227\313\307s!\003.\200\224\215?)t\306\315\242\313\251\255\302\204=\232.\271%}\013\024s\024\002@\216l""\241FvG0E\002!\000\227\005\372/\3525N\010v\267Hc\323\306\342\224\263,\315p\351\254%@\021\346\307\267\242\030\370\345\002 ""i\255\272\014\310\367\213[\255\307\353.6c\035\200\213\313w\326\330\017\236\305\323\355\202\356\325\355}""; ","validation: """"\200\000\000\001&\000\000\000\r)/\352\224':v|\203\267)\257\206\032Q\302\001\313@D\264\016\334\r\034\035\\276\225\314|\234S*r\007\370x>\305D*\007b\276v\316P\027\000\000\000\000\000\000\000\000\000\000\000\000\000\000\000\000\000\000\000\000\000\000\000\000\000\000\000\000\000\000\000\000P\031\304J\342j\272\270\274\360\307\356\347\200Ywm#\014\233\301\022L\232T\033N\341\232\325\233\227\313\307s!\003.\200\224\215?)t\306\315\242\313\251\255\302\204=\232.\271%}\013\024s\024\002@\216l""\241FvG0E\002!\000\227\005\372/\3525N\010v\267Hc\323\306\342\224\263,\315p\351\254%@\021\346\307\267\242\030\370\345\002 ""i\255\272\014\310\367\213[\255\307\353.6c\035\200\213\313w\326\330\017\236\305\323\355\202\356\325\355}""; "
1750587303812,1750587303813,0,1,3,0,TMValidation,"validation: """"\200\000\000\001&\000\000\000\r)/\352\224':v|\203\267)\257\206\032Q\302\001\313@D\264\016\334\r\034\035\\276\225\314|\234S*r\007\370x>\305D*\007b\276v\316P\027\000\000\000\000\000\000\000\000\000\000\000\000\000\000\000\000\000\000\000\000\000\000\000\000\000\000\000\000\000\000\000\000P\031\304J\342j\272\270\274\360\307\356\347\200Ywm#\014\233\301\022L\232T\033N\341\232\325\233\227\313\307s!\003.\200\224\215?)t\306\315\242\313\251\255\302\204=\232.\271%}\013\024s\024\002@\216l""\241FvG0E\002!\000\227\005\372/\3525N\010v\267Hc\323\306\342\224\263,\315p\351\254%@\021\346\307\267\242\030\370\345\002 ""i\255\272\014\310\367\213[\255\307\353.6c\035\200\213\313w\326\330\017\236\305\323\355\202\356\325\355}""; ","validation: """"\200\000\000\001&\000\000\000\r)/\352\224':v|\203\267)\257\206\032Q\302\001\313@D\264\016\334\r\034\035\\276\225\314|\234S*r\007\370x>\305D*\007b\276v\316P\027\000\000\000\000\000\000\000\000\000\000\000\000\000\000\000\000\000\000\000\000\000\000\000\000\000\000\000\000\000\000\000\000P\031\304J\342j\272\270\274\360\307\356\347\200Ywm#\014\233\301\022L\232T\033N\341\232\325\233\227\313\307s!\003.\200\224\215?)t\306\315\242\313\251\255\302\204=\232.\271%}\013\024s\024\002@\216l""\241FvG0E\002!\000\227\005\372/\3525N\010v\267Hc\323\306\342\224\263,\315p\351\254%@\021\346\307\267\242\030\370\345\002 ""i\255\272\014\310\367\213[\255\307\353.6c\035\200\213\313w\326\330\017\236\305\323\355\202\356\325\355}""; "
1750587303815,1750587303815,0,1,1,3,TMValidation,"validation: """"\200\000\000\001&\000\000\000\r)/\352\224':v|\203\267)\257\206\032Q\302\001\313@D\264\016\334\r\034\035\\276\225\314|\234S*r\007\370x>\305D*\007b\276v\316P\027\000\000\000\000\000\000\000\000\000\000\000\000\000\000\000\000\000\000\000\000\000\000\000\000\000\000\000\000\000\000\000\000P\031\304J\342j\272\270\274\360\307\356\347\200Ywm#\014\233\301\022L\232T\033N\341\232\325\233\227\313\307s!\003.\200\224\215?)t\306\315\242\313\251\255\302\204=\232.\271%}\013\024s\024\002@\216l""\241FvG0E\002!\000\227\005\372/\3525N\010v\267Hc\323\306\342\224\263,\315p\351\254%@\021\346\307\267\242\030\370\345\002 ""i\255\272\014\310\367\213[\255\307\353.6c\035\200\213\313w\326\330\017\236\305\323\355\202\356\325\355}""; ","validation: """"\200\000\000\001&\000\000\000\r)/\352\224':v|\203\267)\257\206\032Q\302\001\313@D\264\016\334\r\034\035\\276\225\314|\234S*r\007\370x>\305D*\007b\276v\316P\027\000\000\000\000\000\000\000\000\000\000\000\000\000\000\000\000\000\000\000\000\000\000\000\000\000\000\000\000\000\000\000\000P\031\304J\342j\272\270\274\360\307\356\347\200Ywm#\014\233\301\022L\232T\033N\341\232\325\233\227\313\307s!\003.\200\224\215?)t\306\315\242\313\251\255\302\204=\232.\271%}\013\024s\024\002@\216l""\241FvG0E\002!\000\227\005\372/\3525N\010v\267Hc\323\306\342\224\263,\315p\351\254%@\021\346\307\267\242\030\370\345\002 ""i\255\272\014\310\367\213[\255\307\353.6c\035\200\213\313w\326\330\017\236\305\323\355\202\356\325\355}""; "
1750587303815,1750587303815,0,1,1,0,TMValidation,"validation: """"\200\000\000\001&\000\000\000\r)/\352\224':v|\203\267)\257\206\032Q\302\001\313@D\264\016\334\r\034\035\\276\225\314|\234S*r\007\370x>\305D*\007b\276v\316P\027\000\000\000\000\000\000\000\000\000\000\000\000\000\000\000\000\000\000\000\000\000\000\000\000\000\000\000\000\000\000\000\000P\031\304J\342j\272\270\274\360\307\356\347\200Ywm#\014\233\301\022L\232T\033N\341\232\325\233\227\313\307s!\003.\200\224\215?)t\306\315\242\313\251\255\302\204=\232.\271%}\013\024s\024\002@\216l""\241FvG0E\002!\000\227\005\372/\3525N\010v\267Hc\323\306\342\224\263,\315p\351\254%@\021\346\307\267\242\030\370\345\002 ""i\255\272\014\310\367\213[\255\307\353.6c\035\200\213\313w\326\330\017\236\305\323\355\202\356\325\355}""; ","validation: """"\200\000\000\001&\000\000\000\r)/\352\224':v|\203\267)\257\206\032Q\302\001\313@D\264\016\334\r\034\035\\276\225\314|\234S*r\007\370x>\305D*\007b\276v\316P\027\000\000\000\000\000\000\000\000\000\000\000\000\000\000\000\000\000\000\000\000\000\000\000\000\000\000\000\000\000\000\000\000P\031\304J\342j\272\270\274\360\307\356\347\200Ywm#\014\233\301\022L\232T\033N\341\232\325\233\227\313\307s!\003.\200\224\215?)t\306\315\242\313\251\255\302\204=\232.\271%}\013\024s\024\002@\216l""\241FvG0E\002!\000\227\005\372/\3525N\010v\267Hc\323\306\342\224\263,\315p\351\254%@\021\346\307\267\242\030\370\345\002 ""i\255\272\014\310\367\213[\255\307\353.6c\035\200\213\313w\326\330\017\236\305\323\355\202\356\325\355}""; "
1750587303816,1750587303816,0,1,0,3,TMValidation,"validation: """"\200\000\000\001&\000\000\000\r)/\352\224':v|\203\267)\257\206\032Q\302\001\313@D\264\016\334\r\034\035\\276\225\314|\234S*r\007\370x>\305D*\007b\276v\316P\027\000\000\000\000\000\000\000\000\000\000\000\000\000\000\000\000\000\000\000\000\000\000\000\000\000\000\000\000\000\000\000\000P\031\304J\342j\272\270\274\360\307\356\347\200Ywm#\014\233\301\022L\232T\033N\341\232\325\233\227\313\307s!\003.\200\224\215?)t\306\315\242\313\251\255\302\204=\232.\271%}\013\024s\024\002@\216l""\241FvG0E\002!\000\227\005\372/\3525N\010v\267Hc\323\306\342\224\263,\315p\351\254%@\021\346\307\267\242\030\370\345\002 ""i\255\272\014\310\367\213[\255\307\353.6c\035\200\213\313w\326\330\017\236\305\323\355\202\356\325\355}""; ","validation: """"\200\000\000\001&\000\000\000\r)/\352\224':v|\203\267)\257\206\032Q\302\001\313@D\264\016\334\r\034\035\\276\225\314|\234S*r\007\370x>\305D*\007b\276v\316P\027\000\000\000\000\000\000\000\000\000\000\000\000\000\000\000\000\000\000\000\000\000\000\000\000\000\000\000\000\000\000\000\000P\031\304J\342j\272\270\274\360\307\356\347\200Ywm#\014\233\301\022L\232T\033N\341\232\325\233\227\313\307s!\003.\200\224\215?)t\306\315\242\313\251\255\302\204=\232.\271%}\013\024s\024\002@\216l""\241FvG0E\002!\000\227\005\372/\3525N\010v\267Hc\323\306\342\224\263,\315p\351\254%@\021\346\307\267\242\030\370\345\002 ""i\255\272\014\310\367\213[\255\307\353.6c\035\200\213\313w\326\330\017\236\305\323\355\202\356\325\355}""; "
1750587303816,1750587303816,0,1,1,2,TMValidation,"validation: """"\200\000\000\001&\000\000\000\r)/\352\224':v|\203\267)\257\206\032Q\302\001\313@D\264\016\334\r\034\035\\276\225\314|\234S*r\007\370x>\305D*\007b\276v\316P\027\000\000\000\000\000\000\000\000\000\000\000\000\000\000\000\000\000\000\000\000\000\000\000\000\000\000\000\000\000\000\000\000P\031\304J\342j\272\270\274\360\307\356\347\200Ywm#\014\233\301\022L\232T\033N\341\232\325\233\227\313\307s!\003.\200\224\215?)t\306\315\242\313\251\255\302\204=\232.\271%}\013\024s\024\002@\216l""\241FvG0E\002!\000\227\005\372/\3525N\010v\267Hc\323\306\342\224\263,\315p\351\254%@\021\346\307\267\242\030\370\345\002 ""i\255\272\014\310\367\213[\255\307\353.6c\035\200\213\313w\326\330\017\236\305\323\355\202\356\325\355}""; ","validation: """"\200\000\000\001&\000\000\000\r)/\352\224':v|\203\267)\257\206\032Q\302\001\313@D\264\016\334\r\034\035\\276\225\314|\234S*r\007\370x>\305D*\007b\276v\316P\027\000\000\000\000\000\000\000\000\000\000\000\000\000\000\000\000\000\000\000\000\000\000\000\000\000\000\000\000\000\000\000\000P\031\304J\342j\272\270\274\360\307\356\347\200Ywm#\014\233\301\022L\232T\033N\341\232\325\233\227\313\307s!\003.\200\224\215?)t\306\315\242\313\251\255\302\204=\232.\271%}\013\024s\024\002@\216l""\241FvG0E\002!\000\227\005\372/\3525N\010v\267Hc\323\306\342\224\263,\315p\351\254%@\021\346\307\267\242\030\370\345\002 ""i\255\272\014\310\367\213[\255\307\353.6c\035\200\213\313w\326\330\017\236\305\323\355\202\356\325\355}""; "
1750587303816,1750587303816,0,1,0,1,TMValidation,"validation: """"\200\000\000\001&\000\000\000\r)/\352\224':v|\203\267)\257\206\032Q\302\001\313@D\264\016\334\r\034\035\\276\225\314|\234S*r\007\370x>\305D*\007b\276v\316P\027\000\000\000\000\000\000\000\000\000\000\000\000\000\000\000\000\000\000\000\000\000\000\000\000\000\000\000\000\000\000\000\000P\031\304J\342j\272\270\274\360\307\356\347\200Ywm#\014\233\301\022L\232T\033N\341\232\325\233\227\313\307s!\003.\200\224\215?)t\306\315\242\313\251\255\302\204=\232.\271%}\013\024s\024\002@\216l""\241FvG0E\002!\000\227\005\372/\3525N\010v\267Hc\323\306\342\224\263,\315p\351\254%@\021\346\307\267\242\030\370\345\002 ""i\255\272\014\310\367\213[\255\307\353.6c\035\200\213\313w\326\330\017\236\305\323\355\202\356\325\355}""; ","validation: """"\200\000\000\001&\000\000\000\r)/\352\224':v|\203\267)\257\206\032Q\302\001\313@D\264\016\334\r\034\035\\276\225\314|\234S*r\007\370x>\305D*\007b\276v\316P\027\000\000\000\000\000\000\000\000\000\000\000\000\000\000\000\000\000\000\000\000\000\000\000\000\000\000\000\000\000\000\000\000P\031\304J\342j\272\270\274\360\307\356\347\200Ywm#\014\233\301\022L\232T\033N\341\232\325\233\227\313\307s!\003.\200\224\215?)t\306\315\242\313\251\255\302\204=\232.\271%}\013\024s\024\002@\216l""\241FvG0E\002!\000\227\005\372/\3525N\010v\267Hc\323\306\342\224\263,\315p\351\254%@\021\346\307\267\242\030\370\345\002 ""i\255\272\014\310\367\213[\255\307\353.6c\035\200\213\313w\326\330\017\236\305\323\355\202\356\325\355}""; "
1750587303816,1750587303816,0,1,0,2,TMValidation,"validation: """"\200\000\000\001&\000\000\000\r)/\352\224':v|\203\267)\257\206\032Q\302\001\313@D\264\016\334\r\034\035\\276\225\314|\234S*r\007\370x>\305D*\007b\276v\316P\027\000\000\000\000\000\000\000\000\000\000\000\000\000\000\000\000\000\000\000\000\000\000\000\000\000\000\000\000\000\000\000\000P\031\304J\342j\272\270\274\360\307\356\347\200Ywm#\014\233\301\022L\232T\033N\341\232\325\233\227\313\307s!\003.\200\224\215?)t\306\315\242\313\251\255\302\204=\232.\271%}\013\024s\024\002@\216l""\241FvG0E\002!\000\227\005\372/\3525N\010v\267Hc\323\306\342\224\263,\315p\351\254%@\021\346\307\267\242\030\370\345\002 ""i\255\272\014\310\367\213[\255\307\353.6c\035\200\213\313w\326\330\017\236\305\323\355\202\356\325\355}""; ","validation: """"\200\000\000\001&\000\000\000\r)/\352\224':v|\203\267)\257\206\032Q\302\001\313@D\264\016\334\r\034\035\\276\225\314|\234S*r\007\370x>\305D*\007b\276v\316P\027\000\000\000\000\000\000\000\000\000\000\000\000\000\000\000\000\000\000\000\000\000\000\000\000\000\000\000\000\000\000\000\000P\031\304J\342j\272\270\274\360\307\356\347\200Ywm#\014\233\301\022L\232T\033N\341\232\325\233\227\313\307s!\003.\200\224\215?)t\306\315\242\313\251\255\302\204=\232.\271%}\013\024s\024\002@\216l""\241FvG0E\002!\000\227\005\372/\3525N\010v\267Hc\323\306\342\224\263,\315p\351\254%@\021\346\307\267\242\030\370\345\002 ""i\255\272\014\310\367\213[\255\307\353.6c\035\200\213\313w\326\330\017\236\305\323\355\202\356\325\355}""; "
1750587303883,1750587303883,0,1,3,4,TMProposeSet,"proposeSeq: 0; currentTxHash: ""\000\000\000\000\000\000\000\000\000\000\000\000\000\000\000\000\000\000\000\000\000\000\000\000\000\000\000\000\000\000\000\000""; nodePubKey: ""\003\325Q\255\224\274R@\312\253\262\347\352\034\346\347\242\215,\312\376=\277\353{\350\225\301\305`^, ""; closeTime: 803902503; signature: ""0E\002!\000\272fZ\221\314\224xa\036p\254\332\006\002\247\264\323\262\213C\026\231\213\307\364*\336\344m\362e\272\002  \224Z\021c*\273k\245\023\377R\354\266\355\302\013\213_X\337\325p\027jJ)\340\322=/=""; previousledger: ""\302\001\313@D\264\016\334\r\034\035\\276\225\314|\234S*r\007\370x>\305D*\007b\276v\316""; ","proposeSeq: 0; currentTxHash: ""\000\000\000\000\000\000\000\000\000\000\000\000\000\000\000\000\000\000\000\000\000\000\000\000\000\000\000\000\000\000\000\000""; nodePubKey: ""\003\325Q\255\224\274R@\312\253\262\347\352\034\346\347\242\215,\312\376=\277\353{\350\225\301\305`^, ""; closeTime: 803902503; signature: ""0E\002!\000\272fZ\221\314\224xa\036p\254\332\006\002\247\264\323\262\213C\026\231\213\307\364*\336\344m\362e\272\002  \224Z\021c*\273k\245\023\377R\354\266\355\302\013\213_X\337\325p\027jJ)\340\322=/=""; previousledger: ""\302\001\313@D\264\016\334\r\034\035\\276\225\314|\234S*r\007\370x>\305D*\007b\276v\316""; "
1750587303885,1750587303885,0,1,4,2,TMProposeSet,"proposeSeq: 0; currentTxHash: ""\000\000\000\000\000\000\000\000\000\000\000\000\000\000\000\000\000\000\000\000\000\000\000\000\000\000\000\000\000\000\000\000""; nodePubKey: ""\003\325Q\255\224\274R@\312\253\262\347\352\034\346\347\242\215,\312\376=\277\353{\350\225\301\305`^, ""; closeTime: 803902503; signature: ""0E\002!\000\272fZ\221\314\224xa\036p\254\332\006\002\247\264\323\262\213C\026\231\213\307\364*\336\344m\362e\272\002  \224Z\021c*\273k\245\023\377R\354\266\355\302\013\213_X\337\325p\027jJ)\340\322=/=""; previousledger: ""\302\001\313@D\264\016\334\r\034\035\\276\225\314|\234S*r\007\370x>\305D*\007b\276v\316""; ","proposeSeq: 0; currentTxHash: ""\000\000\000\000\000\000\000\000\000\000\000\000\000\000\000\000\000\000\000\000\000\000\000\000\000\000\000\000\000\000\000\000""; nodePubKey: ""\003\325Q\255\224\274R@\312\253\262\347\352\034\346\347\242\215,\312\376=\277\353{\350\225\301\305`^, ""; closeTime: 803902503; signature: ""0E\002!\000\272fZ\221\314\224xa\036p\254\332\006\002\247\264\323\262\213C\026\231\213\307\364*\336\344m\362e\272\002  \224Z\021c*\273k\245\023\377R\354\266\355\302\013\213_X\337\325p\027jJ)\340\322=/=""; previousledger: ""\302\001\313@D\264\016\334\r\034\035\\276\225\314|\234S*r\007\370x>\305D*\007b\276v\316""; "
1750587303886,1750587303886,0,1,4,0,TMProposeSet,"proposeSeq: 0; currentTxHash: ""\000\000\000\000\000\000\000\000\000\000\000\000\000\000\000\000\000\000\000\000\000\000\000\000\000\000\000\000\000\000\000\000""; nodePubKey: ""\003\325Q\255\224\274R@\312\253\262\347\352\034\346\347\242\215,\312\376=\277\353{\350\225\301\305`^, ""; closeTime: 803902503; signature: ""0E\002!\000\272fZ\221\314\224xa\036p\254\332\006\002\247\264\323\262\213C\026\231\213\307\364*\336\344m\362e\272\002  \224Z\021c*\273k\245\023\377R\354\266\355\302\013\213_X\337\325p\027jJ)\340\322=/=""; previousledger: ""\302\001\313@D\264\016\334\r\034\035\\276\225\314|\234S*r\007\370x>\305D*\007b\276v\316""; ","proposeSeq: 0; currentTxHash: ""\000\000\000\000\000\000\000\000\000\000\000\000\000\000\000\000\000\000\000\000\000\000\000\000\000\000\000\000\000\000\000\000""; nodePubKey: ""\003\325Q\255\224\274R@\312\253\262\347\352\034\346\347\242\215,\312\376=\277\353{\350\225\301\305`^, ""; closeTime: 803902503; signature: ""0E\002!\000\272fZ\221\314\224xa\036p\254\332\006\002\247\264\323\262\213C\026\231\213\307\364*\336\344m\362e\272\002  \224Z\021c*\273k\245\023\377R\354\266\355\302\013\213_X\337\325p\027jJ)\340\322=/=""; previousledger: ""\302\001\313@D\264\016\334\r\034\035\\276\225\314|\234S*r\007\370x>\305D*\007b\276v\316""; "
1750587303886,1750587303886,0,1,4,1,TMProposeSet,"proposeSeq: 0; currentTxHash: ""\000\000\000\000\000\000\000\000\000\000\000\000\000\000\000\000\000\000\000\000\000\000\000\000\000\000\000\000\000\000\000\000""; nodePubKey: ""\003\325Q\255\224\274R@\312\253\262\347\352\034\346\347\242\215,\312\376=\277\353{\350\225\301\305`^, ""; closeTime: 803902503; signature: ""0E\002!\000\272fZ\221\314\224xa\036p\254\332\006\002\247\264\323\262\213C\026\231\213\307\364*\336\344m\362e\272\002  \224Z\021c*\273k\245\023\377R\354\266\355\302\013\213_X\337\325p\027jJ)\340\322=/=""; previousledger: ""\302\001\313@D\264\016\334\r\034\035\\276\225\314|\234S*r\007\370x>\305D*\007b\276v\316""; ","proposeSeq: 0; currentTxHash: ""\000\000\000\000\000\000\000\000\000\000\000\000\000\000\000\000\000\000\000\000\000\000\000\000\000\000\000\000\000\000\000\000""; nodePubKey: ""\003\325Q\255\224\274R@\312\253\262\347\352\034\346\347\242\215,\312\376=\277\353{\350\225\301\305`^, ""; closeTime: 803902503; signature: ""0E\002!\000\272fZ\221\314\224xa\036p\254\332\006\002\247\264\323\262\213C\026\231\213\307\364*\336\344m\362e\272\002  \224Z\021c*\273k\245\023\377R\354\266\355\302\013\213_X\337\325p\027jJ)\340\322=/=""; previousledger: ""\302\001\313@D\264\016\334\r\034\035\\276\225\314|\234S*r\007\370x>\305D*\007b\276v\316""; "
1750587303888,1750587303888,0,1,2,3,TMProposeSet,"proposeSeq: 0; currentTxHash: ""\000\000\000\000\000\000\000\000\000\000\000\000\000\000\000\000\000\000\000\000\000\000\000\000\000\000\000\000\000\000\000\000""; nodePubKey: ""\003\325Q\255\224\274R@\312\253\262\347\352\034\346\347\242\215,\312\376=\277\353{\350\225\301\305`^, ""; closeTime: 803902503; signature: ""0E\002!\000\272fZ\221\314\224xa\036p\254\332\006\002\247\264\323\262\213C\026\231\213\307\364*\336\344m\362e\272\002  \224Z\021c*\273k\245\023\377R\354\266\355\302\013\213_X\337\325p\027jJ)\340\322=/=""; previousledger: ""\302\001\313@D\264\016\334\r\034\035\\276\225\314|\234S*r\007\370x>\305D*\007b\276v\316""; ","proposeSeq: 0; currentTxHash: ""\000\000\000\000\000\000\000\000\000\000\000\000\000\000\000\000\000\000\000\000\000\000\000\000\000\000\000\000\000\000\000\000""; nodePubKey: ""\003\325Q\255\224\274R@\312\253\262\347\352\034\346\347\242\215,\312\376=\277\353{\350\225\301\305`^, ""; closeTime: 803902503; signature: ""0E\002!\000\272fZ\221\314\224xa\036p\254\332\006\002\247\264\323\262\213C\026\231\213\307\364*\336\344m\362e\272\002  \224Z\021c*\273k\245\023\377R\354\266\355\302\013\213_X\337\325p\027jJ)\340\322=/=""; previousledger: ""\302\001\313@D\264\016\334\r\034\035\\276\225\314|\234S*r\007\370x>\305D*\007b\276v\316""; "
1750587303889,1750587303889,0,1,2,1,TMProposeSet,"proposeSeq: 0; currentTxHash: ""\000\000\000\000\000\000\000\000\000\000\000\000\000\000\000\000\000\000\000\000\000\000\000\000\000\000\000\000\000\000\000\000""; nodePubKey: ""\003\325Q\255\224\274R@\312\253\262\347\352\034\346\347\242\215,\312\376=\277\353{\350\225\301\305`^, ""; closeTime: 803902503; signature: ""0E\002!\000\272fZ\221\314\224xa\036p\254\332\006\002\247\264\323\262\213C\026\231\213\307\364*\336\344m\362e\272\002  \224Z\021c*\273k\245\023\377R\354\266\355\302\013\213_X\337\325p\027jJ)\340\322=/=""; previousledger: ""\302\001\313@D\264\016\334\r\034\035\\276\225\314|\234S*r\007\370x>\305D*\007b\276v\316""; ","proposeSeq: 0; currentTxHash: ""\000\000\000\000\000\000\000\000\000\000\000\000\000\000\000\000\000\000\000\000\000\000\000\000\000\000\000\000\000\000\000\000""; nodePubKey: ""\003\325Q\255\224\274R@\312\253\262\347\352\034\346\347\242\215,\312\376=\277\353{\350\225\301\305`^, ""; closeTime: 803902503; signature: ""0E\002!\000\272fZ\221\314\224xa\036p\254\332\006\002\247\264\323\262\213C\026\231\213\307\364*\336\344m\362e\272\002  \224Z\021c*\273k\245\023\377R\354\266\355\302\013\213_X\337\325p\027jJ)\340\322=/=""; previousledger: ""\302\001\313@D\264\016\334\r\034\035\\276\225\314|\234S*r\007\370x>\305D*\007b\276v\316""; "
1750587303889,1750587303889,0,1,0,3,TMProposeSet,"proposeSeq: 0; currentTxHash: ""\000\000\000\000\000\000\000\000\000\000\000\000\000\000\000\000\000\000\000\000\000\000\000\000\000\000\000\000\000\000\000\000""; nodePubKey: ""\003\325Q\255\224\274R@\312\253\262\347\352\034\346\347\242\215,\312\376=\277\353{\350\225\301\305`^, ""; closeTime: 803902503; signature: ""0E\002!\000\272fZ\221\314\224xa\036p\254\332\006\002\247\264\323\262\213C\026\231\213\307\364*\336\344m\362e\272\002  \224Z\021c*\273k\245\023\377R\354\266\355\302\013\213_X\337\325p\027jJ)\340\322=/=""; previousledger: ""\302\001\313@D\264\016\334\r\034\035\\276\225\314|\234S*r\007\370x>\305D*\007b\276v\316""; ","proposeSeq: 0; currentTxHash: ""\000\000\000\000\000\000\000\000\000\000\000\000\000\000\000\000\000\000\000\000\000\000\000\000\000\000\000\000\000\000\000\000""; nodePubKey: ""\003\325Q\255\224\274R@\312\253\262\347\352\034\346\347\242\215,\312\376=\277\353{\350\225\301\305`^, ""; closeTime: 803902503; signature: ""0E\002!\000\272fZ\221\314\224xa\036p\254\332\006\002\247\264\323\262\213C\026\231\213\307\364*\336\344m\362e\272\002  \224Z\021c*\273k\245\023\377R\354\266\355\302\013\213_X\337\325p\027jJ)\340\322=/=""; previousledger: ""\302\001\313@D\264\016\334\r\034\035\\276\225\314|\234S*r\007\370x>\305D*\007b\276v\316""; "
1750587303890,1750587303890,0,1,2,0,TMProposeSet,"proposeSeq: 0; currentTxHash: ""\000\000\000\000\000\000\000\000\000\000\000\000\000\000\000\000\000\000\000\000\000\000\000\000\000\000\000\000\000\000\000\000""; nodePubKey: ""\003\325Q\255\224\274R@\312\253\262\347\352\034\346\347\242\215,\312\376=\277\353{\350\225\301\305`^, ""; closeTime: 803902503; signature: ""0E\002!\000\272fZ\221\314\224xa\036p\254\332\006\002\247\264\323\262\213C\026\231\213\307\364*\336\344m\362e\272\002  \224Z\021c*\273k\245\023\377R\354\266\355\302\013\213_X\337\325p\027jJ)\340\322=/=""; previousledger: ""\302\001\313@D\264\016\334\r\034\035\\276\225\314|\234S*r\007\370x>\305D*\007b\276v\316""; ","proposeSeq: 0; currentTxHash: ""\000\000\000\000\000\000\000\000\000\000\000\000\000\000\000\000\000\000\000\000\000\000\000\000\000\000\000\000\000\000\000\000""; nodePubKey: ""\003\325Q\255\224\274R@\312\253\262\347\352\034\346\347\242\215,\312\376=\277\353{\350\225\301\305`^, ""; closeTime: 803902503; signature: ""0E\002!\000\272fZ\221\314\224xa\036p\254\332\006\002\247\264\323\262\213C\026\231\213\307\364*\336\344m\362e\272\002  \224Z\021c*\273k\245\023\377R\354\266\355\302\013\213_X\337\325p\027jJ)\340\322=/=""; previousledger: ""\302\001\313@D\264\016\334\r\034\035\\276\225\314|\234S*r\007\370x>\305D*\007b\276v\316""; "
1750587303891,1750587303891,0,1,0,2,TMProposeSet,"proposeSeq: 0; currentTxHash: ""\000\000\000\000\000\000\000\000\000\000\000\000\000\000\000\000\000\000\000\000\000\000\000\000\000\000\000\000\000\000\000\000""; nodePubKey: ""\003\325Q\255\224\274R@\312\253\262\347\352\034\346\347\242\215,\312\376=\277\353{\350\225\301\305`^, ""; closeTime: 803902503; signature: ""0E\002!\000\272fZ\221\314\224xa\036p\254\332\006\002\247\264\323\262\213C\026\231\213\307\364*\336\344m\362e\272\002  \224Z\021c*\273k\245\023\377R\354\266\355\302\013\213_X\337\325p\027jJ)\340\322=/=""; previousledger: ""\302\001\313@D\264\016\334\r\034\035\\276\225\314|\234S*r\007\370x>\305D*\007b\276v\316""; ","proposeSeq: 0; currentTxHash: ""\000\000\000\000\000\000\000\000\000\000\000\000\000\000\000\000\000\000\000\000\000\000\000\000\000\000\000\000\000\000\000\000""; nodePubKey: ""\003\325Q\255\224\274R@\312\253\262\347\352\034\346\347\242\215,\312\376=\277\353{\350\225\301\305`^, ""; closeTime: 803902503; signature: ""0E\002!\000\272fZ\221\314\224xa\036p\254\332\006\002\247\264\323\262\213C\026\231\213\307\364*\336\344m\362e\272\002  \224Z\021c*\273k\245\023\377R\354\266\355\302\013\213_X\337\325p\027jJ)\340\322=/=""; previousledger: ""\302\001\313@D\264\016\334\r\034\035\\276\225\314|\234S*r\007\370x>\305D*\007b\276v\316""; "
1750587303891,1750587303891,0,1,0,1,TMProposeSet,"proposeSeq: 0; currentTxHash: ""\000\000\000\000\000\000\000\000\000\000\000\000\000\000\000\000\000\000\000\000\000\000\000\000\000\000\000\000\000\000\000\000""; nodePubKey: ""\003\325Q\255\224\274R@\312\253\262\347\352\034\346\347\242\215,\312\376=\277\353{\350\225\301\305`^, ""; closeTime: 803902503; signature: ""0E\002!\000\272fZ\221\314\224xa\036p\254\332\006\002\247\264\323\262\213C\026\231\213\307\364*\336\344m\362e\272\002  \224Z\021c*\273k\245\023\377R\354\266\355\302\013\213_X\337\325p\027jJ)\340\322=/=""; previousledger: ""\302\001\313@D\264\016\334\r\034\035\\276\225\314|\234S*r\007\370x>\305D*\007b\276v\316""; ","proposeSeq: 0; currentTxHash: ""\000\000\000\000\000\000\000\000\000\000\000\000\000\000\000\000\000\000\000\000\000\000\000\000\000\000\000\000\000\000\000\000""; nodePubKey: ""\003\325Q\255\224\274R@\312\253\262\347\352\034\346\347\242\215,\312\376=\277\353{\350\225\301\305`^, ""; closeTime: 803902503; signature: ""0E\002!\000\272fZ\221\314\224xa\036p\254\332\006\002\247\264\323\262\213C\026\231\213\307\364*\336\344m\362e\272\002  \224Z\021c*\273k\245\023\377R\354\266\355\302\013\213_X\337\325p\027jJ)\340\322=/=""; previousledger: ""\302\001\313@D\264\016\334\r\034\035\\276\225\314|\234S*r\007\370x>\305D*\007b\276v\316""; "
1750587303892,1750587303892,0,1,1,3,TMProposeSet,"proposeSeq: 0; currentTxHash: ""\000\000\000\000\000\000\000\000\000\000\000\000\000\000\000\000\000\000\000\000\000\000\000\000\000\000\000\000\000\000\000\000""; nodePubKey: ""\003\325Q\255\224\274R@\312\253\262\347\352\034\346\347\242\215,\312\376=\277\353{\350\225\301\305`^, ""; closeTime: 803902503; signature: ""0E\002!\000\272fZ\221\314\224xa\036p\254\332\006\002\247\264\323\262\213C\026\231\213\307\364*\336\344m\362e\272\002  \224Z\021c*\273k\245\023\377R\354\266\355\302\013\213_X\337\325p\027jJ)\340\322=/=""; previousledger: ""\302\001\313@D\264\016\334\r\034\035\\276\225\314|\234S*r\007\370x>\305D*\007b\276v\316""; ","proposeSeq: 0; currentTxHash: ""\000\000\000\000\000\000\000\000\000\000\000\000\000\000\000\000\000\000\000\000\000\000\000\000\000\000\000\000\000\000\000\000""; nodePubKey: ""\003\325Q\255\224\274R@\312\253\262\347\352\034\346\347\242\215,\312\376=\277\353{\350\225\301\305`^, ""; closeTime: 803902503; signature: ""0E\002!\000\272fZ\221\314\224xa\036p\254\332\006\002\247\264\323\262\213C\026\231\213\307\364*\336\344m\362e\272\002  \224Z\021c*\273k\245\023\377R\354\266\355\302\013\213_X\337\325p\027jJ)\340\322=/=""; previousledger: ""\302\001\313@D\264\016\334\r\034\035\\276\225\314|\234S*r\007\370x>\305D*\007b\276v\316""; "
1750587303892,1750587303892,0,1,1,0,TMProposeSet,"proposeSeq: 0; currentTxHash: ""\000\000\000\000\000\000\000\000\000\000\000\000\000\000\000\000\000\000\000\000\000\000\000\000\000\000\000\000\000\000\000\000""; nodePubKey: ""\003\325Q\255\224\274R@\312\253\262\347\352\034\346\347\242\215,\312\376=\277\353{\350\225\301\305`^, ""; closeTime: 803902503; signature: ""0E\002!\000\272fZ\221\314\224xa\036p\254\332\006\002\247\264\323\262\213C\026\231\213\307\364*\336\344m\362e\272\002  \224Z\021c*\273k\245\023\377R\354\266\355\302\013\213_X\337\325p\027jJ)\340\322=/=""; previousledger: ""\302\001\313@D\264\016\334\r\034\035\\276\225\314|\234S*r\007\370x>\305D*\007b\276v\316""; ","proposeSeq: 0; currentTxHash: ""\000\000\000\000\000\000\000\000\000\000\000\000\000\000\000\000\000\000\000\000\000\000\000\000\000\000\000\000\000\000\000\000""; nodePubKey: ""\003\325Q\255\224\274R@\312\253\262\347\352\034\346\347\242\215,\312\376=\277\353{\350\225\301\305`^, ""; closeTime: 803902503; signature: ""0E\002!\000\272fZ\221\314\224xa\036p\254\332\006\002\247\264\323\262\213C\026\231\213\307\364*\336\344m\362e\272\002  \224Z\021c*\273k\245\023\377R\354\266\355\302\013\213_X\337\325p\027jJ)\340\322=/=""; previousledger: ""\302\001\313@D\264\016\334\r\034\035\\276\225\314|\234S*r\007\370x>\305D*\007b\276v\316""; "
1750587303893,1750587303893,0,1,1,2,TMProposeSet,"proposeSeq: 0; currentTxHash: ""\000\000\000\000\000\000\000\000\000\000\000\000\000\000\000\000\000\000\000\000\000\000\000\000\000\000\000\000\000\000\000\000""; nodePubKey: ""\003\325Q\255\224\274R@\312\253\262\347\352\034\346\347\242\215,\312\376=\277\353{\350\225\301\305`^, ""; closeTime: 803902503; signature: ""0E\002!\000\272fZ\221\314\224xa\036p\254\332\006\002\247\264\323\262\213C\026\231\213\307\364*\336\344m\362e\272\002  \224Z\021c*\273k\245\023\377R\354\266\355\302\013\213_X\337\325p\027jJ)\340\322=/=""; previousledger: ""\302\001\313@D\264\016\334\r\034\035\\276\225\314|\234S*r\007\370x>\305D*\007b\276v\316""; ","proposeSeq: 0; currentTxHash: ""\000\000\000\000\000\000\000\000\000\000\000\000\000\000\000\000\000\000\000\000\000\000\000\000\000\000\000\000\000\000\000\000""; nodePubKey: ""\003\325Q\255\224\274R@\312\253\262\347\352\034\346\347\242\215,\312\376=\277\353{\350\225\301\305`^, ""; closeTime: 803902503; signature: ""0E\002!\000\272fZ\221\314\224xa\036p\254\332\006\002\247\264\323\262\213C\026\231\213\307\364*\336\344m\362e\272\002  \224Z\021c*\273k\245\023\377R\354\266\355\302\013\213_X\337\325p\027jJ)\340\322=/=""; previousledger: ""\302\001\313@D\264\016\334\r\034\035\\276\225\314|\234S*r\007\370x>\305D*\007b\276v\316""; "
1750587303893,1750587303893,0,1,3,2,TMProposeSet,"proposeSeq: 0; currentTxHash: ""\000\000\000\000\000\000\000\000\000\000\000\000\000\000\000\000\000\000\000\000\000\000\000\000\000\000\000\000\000\000\000\000""; nodePubKey: ""\003\325Q\255\224\274R@\312\253\262\347\352\034\346\347\242\215,\312\376=\277\353{\350\225\301\305`^, ""; closeTime: 803902503; signature: ""0E\002!\000\272fZ\221\314\224xa\036p\254\332\006\002\247\264\323\262\213C\026\231\213\307\364*\336\344m\362e\272\002  \224Z\021c*\273k\245\023\377R\354\266\355\302\013\213_X\337\325p\027jJ)\340\322=/=""; previousledger: ""\302\001\313@D\264\016\334\r\034\035\\276\225\314|\234S*r\007\370x>\305D*\007b\276v\316""; ","proposeSeq: 0; currentTxHash: ""\000\000\000\000\000\000\000\000\000\000\000\000\000\000\000\000\000\000\000\000\000\000\000\000\000\000\000\000\000\000\000\000""; nodePubKey: ""\003\325Q\255\224\274R@\312\253\262\347\352\034\346\347\242\215,\312\376=\277\353{\350\225\301\305`^, ""; closeTime: 803902503; signature: ""0E\002!\000\272fZ\221\314\224xa\036p\254\332\006\002\247\264\323\262\213C\026\231\213\307\364*\336\344m\362e\272\002  \224Z\021c*\273k\245\023\377R\354\266\355\302\013\213_X\337\325p\027jJ)\340\322=/=""; previousledger: ""\302\001\313@D\264\016\334\r\034\035\\276\225\314|\234S*r\007\370x>\305D*\007b\276v\316""; "
1750587303894,1750587303894,0,1,3,0,TMProposeSet,"proposeSeq: 0; currentTxHash: ""\000\000\000\000\000\000\000\000\000\000\000\000\000\000\000\000\000\000\000\000\000\000\000\000\000\000\000\000\000\000\000\000""; nodePubKey: ""\003\325Q\255\224\274R@\312\253\262\347\352\034\346\347\242\215,\312\376=\277\353{\350\225\301\305`^, ""; closeTime: 803902503; signature: ""0E\002!\000\272fZ\221\314\224xa\036p\254\332\006\002\247\264\323\262\213C\026\231\213\307\364*\336\344m\362e\272\002  \224Z\021c*\273k\245\023\377R\354\266\355\302\013\213_X\337\325p\027jJ)\340\322=/=""; previousledger: ""\302\001\313@D\264\016\334\r\034\035\\276\225\314|\234S*r\007\370x>\305D*\007b\276v\316""; ","proposeSeq: 0; currentTxHash: ""\000\000\000\000\000\000\000\000\000\000\000\000\000\000\000\000\000\000\000\000\000\000\000\000\000\000\000\000\000\000\000\000""; nodePubKey: ""\003\325Q\255\224\274R@\312\253\262\347\352\034\346\347\242\215,\312\376=\277\353{\350\225\301\305`^, ""; closeTime: 803902503; signature: ""0E\002!\000\272fZ\221\314\224xa\036p\254\332\006\002\247\264\323\262\213C\026\231\213\307\364*\336\344m\362e\272\002  \224Z\021c*\273k\245\023\377R\354\266\355\302\013\213_X\337\325p\027jJ)\340\322=/=""; previousledger: ""\302\001\313@D\264\016\334\r\034\035\\276\225\314|\234S*r\007\370x>\305D*\007b\276v\316""; "
1750587303896,1750587303896,0,1,3,1,TMProposeSet,"proposeSeq: 0; currentTxHash: ""\000\000\000\000\000\000\000\000\000\000\000\000\000\000\000\000\000\000\000\000\000\000\000\000\000\000\000\000\000\000\000\000""; nodePubKey: ""\003\325Q\255\224\274R@\312\253\262\347\352\034\346\347\242\215,\312\376=\277\353{\350\225\301\305`^, ""; closeTime: 803902503; signature: ""0E\002!\000\272fZ\221\314\224xa\036p\254\332\006\002\247\264\323\262\213C\026\231\213\307\364*\336\344m\362e\272\002  \224Z\021c*\273k\245\023\377R\354\266\355\302\013\213_X\337\325p\027jJ)\340\322=/=""; previousledger: ""\302\001\313@D\264\016\334\r\034\035\\276\225\314|\234S*r\007\370x>\305D*\007b\276v\316""; ","proposeSeq: 0; currentTxHash: ""\000\000\000\000\000\000\000\000\000\000\000\000\000\000\000\000\000\000\000\000\000\000\000\000\000\000\000\000\000\000\000\000""; nodePubKey: ""\003\325Q\255\224\274R@\312\253\262\347\352\034\346\347\242\215,\312\376=\277\353{\350\225\301\305`^, ""; closeTime: 803902503; signature: ""0E\002!\000\272fZ\221\314\224xa\036p\254\332\006\002\247\264\323\262\213C\026\231\213\307\364*\336\344m\362e\272\002  \224Z\021c*\273k\245\023\377R\354\266\355\302\013\213_X\337\325p\027jJ)\340\322=/=""; previousledger: ""\302\001\313@D\264\016\334\r\034\035\\276\225\314|\234S*r\007\370x>\305D*\007b\276v\316""; "
1750587303881,1750587303958,0,1,3,4,TMStatusChange,"newEvent: neCLOSING_LEDGER; ledgerSeq: 13; ledgerHash: ""\302\001\313@D\264\016\334\r\034\035\\276\225\314|\234S*r\007\370x>\305D*\007b\276v\316""; ledgerHashPrevious: ""\304J\342j\272\270\274\360\307\356\347\200Ywm#\014\233\301\022L\232T\033N\341\232\325\233\227\313\307""; networkTime: 803902503; firstSeq: 9; lastSeq: 13; ","newEvent: neCLOSING_LEDGER; ledgerSeq: 13; ledgerHash: ""\302\001\313@D\264\016\334\r\034\035\\276\225\314|\234S*r\007\370x>\305D*\007b\276v\316""; ledgerHashPrevious: ""\304J\342j\272\270\274\360\307\356\347\200Ywm#\014\233\301\022L\232T\033N\341\232\325\233\227\313\307""; networkTime: 803902503; firstSeq: 9; lastSeq: 13; "
1750587303883,1750587303959,0,1,3,0,TMStatusChange,"newEvent: neCLOSING_LEDGER; ledgerSeq: 13; ledgerHash: ""\302\001\313@D\264\016\334\r\034\035\\276\225\314|\234S*r\007\370x>\305D*\007b\276v\316""; ledgerHashPrevious: ""\304J\342j\272\270\274\360\307\356\347\200Ywm#\014\233\301\022L\232T\033N\341\232\325\233\227\313\307""; networkTime: 803902503; firstSeq: 9; lastSeq: 13; ","newEvent: neCLOSING_LEDGER; ledgerSeq: 13; ledgerHash: ""\302\001\313@D\264\016\334\r\034\035\\276\225\314|\234S*r\007\370x>\305D*\007b\276v\316""; ledgerHashPrevious: ""\304J\342j\272\270\274\360\307\356\347\200Ywm#\014\233\301\022L\232T\033N\341\232\325\233\227\313\307""; networkTime: 803902503; firstSeq: 9; lastSeq: 13; "
1750587303883,1750587303960,0,1,3,1,TMStatusChange,"newEvent: neCLOSING_LEDGER; ledgerSeq: 13; ledgerHash: ""\302\001\313@D\264\016\334\r\034\035\\276\225\314|\234S*r\007\370x>\305D*\007b\276v\316""; ledgerHashPrevious: ""\304J\342j\272\270\274\360\307\356\347\200Ywm#\014\233\301\022L\232T\033N\341\232\325\233\227\313\307""; networkTime: 803902503; firstSeq: 9; lastSeq: 13; ","newEvent: neCLOSING_LEDGER; ledgerSeq: 13; ledgerHash: ""\302\001\313@D\264\016\334\r\034\035\\276\225\314|\234S*r\007\370x>\305D*\007b\276v\316""; ledgerHashPrevious: ""\304J\342j\272\270\274\360\307\356\347\200Ywm#\014\233\301\022L\232T\033N\341\232\325\233\227\313\307""; networkTime: 803902503; firstSeq: 9; lastSeq: 13; "
1750587303883,1750587303959,0,1,3,2,TMStatusChange,"newEvent: neCLOSING_LEDGER; ledgerSeq: 13; ledgerHash: ""\302\001\313@D\264\016\334\r\034\035\\276\225\314|\234S*r\007\370x>\305D*\007b\276v\316""; ledgerHashPrevious: ""\304J\342j\272\270\274\360\307\356\347\200Ywm#\014\233\301\022L\232T\033N\341\232\325\233\227\313\307""; networkTime: 803902503; firstSeq: 9; lastSeq: 13; ","newEvent: neCLOSING_LEDGER; ledgerSeq: 13; ledgerHash: ""\302\001\313@D\264\016\334\r\034\035\\276\225\314|\234S*r\007\370x>\305D*\007b\276v\316""; ledgerHashPrevious: ""\304J\342j\272\270\274\360\307\356\347\200Ywm#\014\233\301\022L\232T\033N\341\232\325\233\227\313\307""; networkTime: 803902503; firstSeq: 9; lastSeq: 13; "
1750587304016,1750587304016,0,1,0,4,TMProposeSet,"proposeSeq: 0; currentTxHash: ""\000\000\000\000\000\000\000\000\000\000\000\000\000\000\000\000\000\000\000\000\000\000\000\000\000\000\000\000\000\000\000\000""; nodePubKey: ""\002\347\243J\206W\025ML\260\226\0163\217\250\337\325W\253\356*O\245Z\271\234\207C\274\375`\335\311""; closeTime: 803902504; signature: ""0E\002!\000\355\247\375u\007@o_\373\300@\261A\002\243\276\335\370\360\307\037f^\016\240at\265\023x\032\367\002 \001\212^\204\236%!\2728\023\235\341\316\337\017h\262cn\205\237f\316\006) N\245\007\013\340\024""; previousledger: ""\302\001\313@D\264\016\334\r\034\035\\276\225\314|\234S*r\007\370x>\305D*\007b\276v\316""; ","proposeSeq: 0; currentTxHash: ""\000\000\000\000\000\000\000\000\000\000\000\000\000\000\000\000\000\000\000\000\000\000\000\000\000\000\000\000\000\000\000\000""; nodePubKey: ""\002\347\243J\206W\025ML\260\226\0163\217\250\337\325W\253\356*O\245Z\271\234\207C\274\375`\335\311""; closeTime: 803902504; signature: ""0E\002!\000\355\247\375u\007@o_\373\300@\261A\002\243\276\335\370\360\307\037f^\016\240at\265\023x\032\367\002 \001\212^\204\236%!\2728\023\235\341\316\337\017h\262cn\205\237f\316\006) N\245\007\013\340\024""; previousledger: ""\302\001\313@D\264\016\334\r\034\035\\276\225\314|\234S*r\007\370x>\305D*\007b\276v\316""; "
1750587304019,1750587304019,0,1,4,2,TMProposeSet,"proposeSeq: 0; currentTxHash: ""\000\000\000\000\000\000\000\000\000\000\000\000\000\000\000\000\000\000\000\000\000\000\000\000\000\000\000\000\000\000\000\000""; nodePubKey: ""\002\347\243J\206W\025ML\260\226\0163\217\250\337\325W\253\356*O\245Z\271\234\207C\274\375`\335\311""; closeTime: 803902504; signature: ""0E\002!\000\355\247\375u\007@o_\373\300@\261A\002\243\276\335\370\360\307\037f^\016\240at\265\023x\032\367\002 \001\212^\204\236%!\2728\023\235\341\316\337\017h\262cn\205\237f\316\006) N\245\007\013\340\024""; previousledger: ""\302\001\313@D\264\016\334\r\034\035\\276\225\314|\234S*r\007\370x>\305D*\007b\276v\316""; ","proposeSeq: 0; currentTxHash: ""\000\000\000\000\000\000\000\000\000\000\000\000\000\000\000\000\000\000\000\000\000\000\000\000\000\000\000\000\000\000\000\000""; nodePubKey: ""\002\347\243J\206W\025ML\260\226\0163\217\250\337\325W\253\356*O\245Z\271\234\207C\274\375`\335\311""; closeTime: 803902504; signature: ""0E\002!\000\355\247\375u\007@o_\373\300@\261A\002\243\276\335\370\360\307\037f^\016\240at\265\023x\032\367\002 \001\212^\204\236%!\2728\023\235\341\316\337\017h\262cn\205\237f\316\006) N\245\007\013\340\024""; previousledger: ""\302\001\313@D\264\016\334\r\034\035\\276\225\314|\234S*r\007\370x>\305D*\007b\276v\316""; "
1750587304019,1750587304019,0,1,4,3,TMProposeSet,"proposeSeq: 0; currentTxHash: ""\000\000\000\000\000\000\000\000\000\000\000\000\000\000\000\000\000\000\000\000\000\000\000\000\000\000\000\000\000\000\000\000""; nodePubKey: ""\002\347\243J\206W\025ML\260\226\0163\217\250\337\325W\253\356*O\245Z\271\234\207C\274\375`\335\311""; closeTime: 803902504; signature: ""0E\002!\000\355\247\375u\007@o_\373\300@\261A\002\243\276\335\370\360\307\037f^\016\240at\265\023x\032\367\002 \001\212^\204\236%!\2728\023\235\341\316\337\017h\262cn\205\237f\316\006) N\245\007\013\340\024""; previousledger: ""\302\001\313@D\264\016\334\r\034\035\\276\225\314|\234S*r\007\370x>\305D*\007b\276v\316""; ","proposeSeq: 0; currentTxHash: ""\000\000\000\000\000\000\000\000\000\000\000\000\000\000\000\000\000\000\000\000\000\000\000\000\000\000\000\000\000\000\000\000""; nodePubKey: ""\002\347\243J\206W\025ML\260\226\0163\217\250\337\325W\253\356*O\245Z\271\234\207C\274\375`\335\311""; closeTime: 803902504; signature: ""0E\002!\000\355\247\375u\007@o_\373\300@\261A\002\243\276\335\370\360\307\037f^\016\240at\265\023x\032\367\002 \001\212^\204\236%!\2728\023\235\341\316\337\017h\262cn\205\237f\316\006) N\245\007\013\340\024""; previousledger: ""\302\001\313@D\264\016\334\r\034\035\\276\225\314|\234S*r\007\370x>\305D*\007b\276v\316""; "
1750587304019,1750587304019,0,1,4,1,TMProposeSet,"proposeSeq: 0; currentTxHash: ""\000\000\000\000\000\000\000\000\000\000\000\000\000\000\000\000\000\000\000\000\000\000\000\000\000\000\000\000\000\000\000\000""; nodePubKey: ""\002\347\243J\206W\025ML\260\226\0163\217\250\337\325W\253\356*O\245Z\271\234\207C\274\375`\335\311""; closeTime: 803902504; signature: ""0E\002!\000\355\247\375u\007@o_\373\300@\261A\002\243\276\335\370\360\307\037f^\016\240at\265\023x\032\367\002 \001\212^\204\236%!\2728\023\235\341\316\337\017h\262cn\205\237f\316\006) N\245\007\013\340\024""; previousledger: ""\302\001\313@D\264\016\334\r\034\035\\276\225\314|\234S*r\007\370x>\305D*\007b\276v\316""; ","proposeSeq: 0; currentTxHash: ""\000\000\000\000\000\000\000\000\000\000\000\000\000\000\000\000\000\000\000\000\000\000\000\000\000\000\000\000\000\000\000\000""; nodePubKey: ""\002\347\243J\206W\025ML\260\226\0163\217\250\337\325W\253\356*O\245Z\271\234\207C\274\375`\335\311""; closeTime: 803902504; signature: ""0E\002!\000\355\247\375u\007@o_\373\300@\261A\002\243\276\335\370\360\307\037f^\016\240at\265\023x\032\367\002 \001\212^\204\236%!\2728\023\235\341\316\337\017h\262cn\205\237f\316\006) N\245\007\013\340\024""; previousledger: ""\302\001\313@D\264\016\334\r\034\035\\276\225\314|\234S*r\007\370x>\305D*\007b\276v\316""; "
1750587304021,1750587304021,0,1,2,0,TMProposeSet,"proposeSeq: 0; currentTxHash: ""\000\000\000\000\000\000\000\000\000\000\000\000\000\000\000\000\000\000\000\000\000\000\000\000\000\000\000\000\000\000\000\000""; nodePubKey: ""\002\347\243J\206W\025ML\260\226\0163\217\250\337\325W\253\356*O\245Z\271\234\207C\274\375`\335\311""; closeTime: 803902504; signature: ""0E\002!\000\355\247\375u\007@o_\373\300@\261A\002\243\276\335\370\360\307\037f^\016\240at\265\023x\032\367\002 \001\212^\204\236%!\2728\023\235\341\316\337\017h\262cn\205\237f\316\006) N\245\007\013\340\024""; previousledger: ""\302\001\313@D\264\016\334\r\034\035\\276\225\314|\234S*r\007\370x>\305D*\007b\276v\316""; ","proposeSeq: 0; currentTxHash: ""\000\000\000\000\000\000\000\000\000\000\000\000\000\000\000\000\000\000\000\000\000\000\000\000\000\000\000\000\000\000\000\000""; nodePubKey: ""\002\347\243J\206W\025ML\260\226\0163\217\250\337\325W\253\356*O\245Z\271\234\207C\274\375`\335\311""; closeTime: 803902504; signature: ""0E\002!\000\355\247\375u\007@o_\373\300@\261A\002\243\276\335\370\360\307\037f^\016\240at\265\023x\032\367\002 \001\212^\204\236%!\2728\023\235\341\316\337\017h\262cn\205\237f\316\006) N\245\007\013\340\024""; previousledger: ""\302\001\313@D\264\016\334\r\034\035\\276\225\314|\234S*r\007\370x>\305D*\007b\276v\316""; "
1750587304021,1750587304021,0,1,2,3,TMProposeSet,"proposeSeq: 0; currentTxHash: ""\000\000\000\000\000\000\000\000\000\000\000\000\000\000\000\000\000\000\000\000\000\000\000\000\000\000\000\000\000\000\000\000""; nodePubKey: ""\002\347\243J\206W\025ML\260\226\0163\217\250\337\325W\253\356*O\245Z\271\234\207C\274\375`\335\311""; closeTime: 803902504; signature: ""0E\002!\000\355\247\375u\007@o_\373\300@\261A\002\243\276\335\370\360\307\037f^\016\240at\265\023x\032\367\002 \001\212^\204\236%!\2728\023\235\341\316\337\017h\262cn\205\237f\316\006) N\245\007\013\340\024""; previousledger: ""\302\001\313@D\264\016\334\r\034\035\\276\225\314|\234S*r\007\370x>\305D*\007b\276v\316""; ","proposeSeq: 0; currentTxHash: ""\000\000\000\000\000\000\000\000\000\000\000\000\000\000\000\000\000\000\000\000\000\000\000\000\000\000\000\000\000\000\000\000""; nodePubKey: ""\002\347\243J\206W\025ML\260\226\0163\217\250\337\325W\253\356*O\245Z\271\234\207C\274\375`\335\311""; closeTime: 803902504; signature: ""0E\002!\000\355\247\375u\007@o_\373\300@\261A\002\243\276\335\370\360\307\037f^\016\240at\265\023x\032\367\002 \001\212^\204\236%!\2728\023\235\341\316\337\017h\262cn\205\237f\316\006) N\245\007\013\340\024""; previousledger: ""\302\001\313@D\264\016\334\r\034\035\\276\225\314|\234S*r\007\370x>\305D*\007b\276v\316""; "
1750587304022,1750587304022,0,1,2,1,TMProposeSet,"proposeSeq: 0; currentTxHash: ""\000\000\000\000\000\000\000\000\000\000\000\000\000\000\000\000\000\000\000\000\000\000\000\000\000\000\000\000\000\000\000\000""; nodePubKey: ""\002\347\243J\206W\025ML\260\226\0163\217\250\337\325W\253\356*O\245Z\271\234\207C\274\375`\335\311""; closeTime: 803902504; signature: ""0E\002!\000\355\247\375u\007@o_\373\300@\261A\002\243\276\335\370\360\307\037f^\016\240at\265\023x\032\367\002 \001\212^\204\236%!\2728\023\235\341\316\337\017h\262cn\205\237f\316\006) N\245\007\013\340\024""; previousledger: ""\302\001\313@D\264\016\334\r\034\035\\276\225\314|\234S*r\007\370x>\305D*\007b\276v\316""; ","proposeSeq: 0; currentTxHash: ""\000\000\000\000\000\000\000\000\000\000\000\000\000\000\000\000\000\000\000\000\000\000\000\000\000\000\000\000\000\000\000\000""; nodePubKey: ""\002\347\243J\206W\025ML\260\226\0163\217\250\337\325W\253\356*O\245Z\271\234\207C\274\375`\335\311""; closeTime: 803902504; signature: ""0E\002!\000\355\247\375u\007@o_\373\300@\261A\002\243\276\335\370\360\307\037f^\016\240at\265\023x\032\367\002 \001\212^\204\236%!\2728\023\235\341\316\337\017h\262cn\205\237f\316\006) N\245\007\013\340\024""; previousledger: ""\302\001\313@D\264\016\334\r\034\035\\276\225\314|\234S*r\007\370x>\305D*\007b\276v\316""; "
1750587304023,1750587304023,0,1,3,1,TMProposeSet,"proposeSeq: 0; currentTxHash: ""\000\000\000\000\000\000\000\000\000\000\000\000\000\000\000\000\000\000\000\000\000\000\000\000\000\000\000\000\000\000\000\000""; nodePubKey: ""\002\347\243J\206W\025ML\260\226\0163\217\250\337\325W\253\356*O\245Z\271\234\207C\274\375`\335\311""; closeTime: 803902504; signature: ""0E\002!\000\355\247\375u\007@o_\373\300@\261A\002\243\276\335\370\360\307\037f^\016\240at\265\023x\032\367\002 \001\212^\204\236%!\2728\023\235\341\316\337\017h\262cn\205\237f\316\006) N\245\007\013\340\024""; previousledger: ""\302\001\313@D\264\016\334\r\034\035\\276\225\314|\234S*r\007\370x>\305D*\007b\276v\316""; ","proposeSeq: 0; currentTxHash: ""\000\000\000\000\000\000\000\000\000\000\000\000\000\000\000\000\000\000\000\000\000\000\000\000\000\000\000\000\000\000\000\000""; nodePubKey: ""\002\347\243J\206W\025ML\260\226\0163\217\250\337\325W\253\356*O\245Z\271\234\207C\274\375`\335\311""; closeTime: 803902504; signature: ""0E\002!\000\355\247\375u\007@o_\373\300@\261A\002\243\276\335\370\360\307\037f^\016\240at\265\023x\032\367\002 \001\212^\204\236%!\2728\023\235\341\316\337\017h\262cn\205\237f\316\006) N\245\007\013\340\024""; previousledger: ""\302\001\313@D\264\016\334\r\034\035\\276\225\314|\234S*r\007\370x>\305D*\007b\276v\316""; "
1750587304023,1750587304023,0,1,3,2,TMProposeSet,"proposeSeq: 0; currentTxHash: ""\000\000\000\000\000\000\000\000\000\000\000\000\000\000\000\000\000\000\000\000\000\000\000\000\000\000\000\000\000\000\000\000""; nodePubKey: ""\002\347\243J\206W\025ML\260\226\0163\217\250\337\325W\253\356*O\245Z\271\234\207C\274\375`\335\311""; closeTime: 803902504; signature: ""0E\002!\000\355\247\375u\007@o_\373\300@\261A\002\243\276\335\370\360\307\037f^\016\240at\265\023x\032\367\002 \001\212^\204\236%!\2728\023\235\341\316\337\017h\262cn\205\237f\316\006) N\245\007\013\340\024""; previousledger: ""\302\001\313@D\264\016\334\r\034\035\\276\225\314|\234S*r\007\370x>\305D*\007b\276v\316""; ","proposeSeq: 0; currentTxHash: ""\000\000\000\000\000\000\000\000\000\000\000\000\000\000\000\000\000\000\000\000\000\000\000\000\000\000\000\000\000\000\000\000""; nodePubKey: ""\002\347\243J\206W\025ML\260\226\0163\217\250\337\325W\253\356*O\245Z\271\234\207C\274\375`\335\311""; closeTime: 803902504; signature: ""0E\002!\000\355\247\375u\007@o_\373\300@\261A\002\243\276\335\370\360\307\037f^\016\240at\265\023x\032\367\002 \001\212^\204\236%!\2728\023\235\341\316\337\017h\262cn\205\237f\316\006) N\245\007\013\340\024""; previousledger: ""\302\001\313@D\264\016\334\r\034\035\\276\225\314|\234S*r\007\370x>\305D*\007b\276v\316""; "
1750587304023,1750587304023,0,1,3,0,TMProposeSet,"proposeSeq: 0; currentTxHash: ""\000\000\000\000\000\000\000\000\000\000\000\000\000\000\000\000\000\000\000\000\000\000\000\000\000\000\000\000\000\000\000\000""; nodePubKey: ""\002\347\243J\206W\025ML\260\226\0163\217\250\337\325W\253\356*O\245Z\271\234\207C\274\375`\335\311""; closeTime: 803902504; signature: ""0E\002!\000\355\247\375u\007@o_\373\300@\261A\002\243\276\335\370\360\307\037f^\016\240at\265\023x\032\367\002 \001\212^\204\236%!\2728\023\235\341\316\337\017h\262cn\205\237f\316\006) N\245\007\013\340\024""; previousledger: ""\302\001\313@D\264\016\334\r\034\035\\276\225\314|\234S*r\007\370x>\305D*\007b\276v\316""; ","proposeSeq: 0; currentTxHash: ""\000\000\000\000\000\000\000\000\000\000\000\000\000\000\000\000\000\000\000\000\000\000\000\000\000\000\000\000\000\000\000\000""; nodePubKey: ""\002\347\243J\206W\025ML\260\226\0163\217\250\337\325W\253\356*O\245Z\271\234\207C\274\375`\335\311""; closeTime: 803902504; signature: ""0E\002!\000\355\247\375u\007@o_\373\300@\261A\002\243\276\335\370\360\307\037f^\016\240at\265\023x\032\367\002 \001\212^\204\236%!\2728\023\235\341\316\337\017h\262cn\205\237f\316\006) N\245\007\013\340\024""; previousledger: ""\302\001\313@D\264\016\334\r\034\035\\276\225\314|\234S*r\007\370x>\305D*\007b\276v\316""; "
1750587304024,1750587304024,0,1,1,3,TMProposeSet,"proposeSeq: 0; currentTxHash: ""\000\000\000\000\000\000\000\000\000\000\000\000\000\000\000\000\000\000\000\000\000\000\000\000\000\000\000\000\000\000\000\000""; nodePubKey: ""\002\347\243J\206W\025ML\260\226\0163\217\250\337\325W\253\356*O\245Z\271\234\207C\274\375`\335\311""; closeTime: 803902504; signature: ""0E\002!\000\355\247\375u\007@o_\373\300@\261A\002\243\276\335\370\360\307\037f^\016\240at\265\023x\032\367\002 \001\212^\204\236%!\2728\023\235\341\316\337\017h\262cn\205\237f\316\006) N\245\007\013\340\024""; previousledger: ""\302\001\313@D\264\016\334\r\034\035\\276\225\314|\234S*r\007\370x>\305D*\007b\276v\316""; ","proposeSeq: 0; currentTxHash: ""\000\000\000\000\000\000\000\000\000\000\000\000\000\000\000\000\000\000\000\000\000\000\000\000\000\000\000\000\000\000\000\000""; nodePubKey: ""\002\347\243J\206W\025ML\260\226\0163\217\250\337\325W\253\356*O\245Z\271\234\207C\274\375`\335\311""; closeTime: 803902504; signature: ""0E\002!\000\355\247\375u\007@o_\373\300@\261A\002\243\276\335\370\360\307\037f^\016\240at\265\023x\032\367\002 \001\212^\204\236%!\2728\023\235\341\316\337\017h\262cn\205\237f\316\006) N\245\007\013\340\024""; previousledger: ""\302\001\313@D\264\016\334\r\034\035\\276\225\314|\234S*r\007\370x>\305D*\007b\276v\316""; "
1750587304024,1750587304024,0,1,1,2,TMProposeSet,"proposeSeq: 0; currentTxHash: ""\000\000\000\000\000\000\000\000\000\000\000\000\000\000\000\000\000\000\000\000\000\000\000\000\000\000\000\000\000\000\000\000""; nodePubKey: ""\002\347\243J\206W\025ML\260\226\0163\217\250\337\325W\253\356*O\245Z\271\234\207C\274\375`\335\311""; closeTime: 803902504; signature: ""0E\002!\000\355\247\375u\007@o_\373\300@\261A\002\243\276\335\370\360\307\037f^\016\240at\265\023x\032\367\002 \001\212^\204\236%!\2728\023\235\341\316\337\017h\262cn\205\237f\316\006) N\245\007\013\340\024""; previousledger: ""\302\001\313@D\264\016\334\r\034\035\\276\225\314|\234S*r\007\370x>\305D*\007b\276v\316""; ","proposeSeq: 0; currentTxHash: ""\000\000\000\000\000\000\000\000\000\000\000\000\000\000\000\000\000\000\000\000\000\000\000\000\000\000\000\000\000\000\000\000""; nodePubKey: ""\002\347\243J\206W\025ML\260\226\0163\217\250\337\325W\253\356*O\245Z\271\234\207C\274\375`\335\311""; closeTime: 803902504; signature: ""0E\002!\000\355\247\375u\007@o_\373\300@\261A\002\243\276\335\370\360\307\037f^\016\240at\265\023x\032\367\002 \001\212^\204\236%!\2728\023\235\341\316\337\017h\262cn\205\237f\316\006) N\245\007\013\340\024""; previousledger: ""\302\001\313@D\264\016\334\r\034\035\\276\225\314|\234S*r\007\370x>\305D*\007b\276v\316""; "
1750587304025,1750587304025,0,1,0,2,TMProposeSet,"proposeSeq: 0; currentTxHash: ""\000\000\000\000\000\000\000\000\000\000\000\000\000\000\000\000\000\000\000\000\000\000\000\000\000\000\000\000\000\000\000\000""; nodePubKey: ""\002\347\243J\206W\025ML\260\226\0163\217\250\337\325W\253\356*O\245Z\271\234\207C\274\375`\335\311""; closeTime: 803902504; signature: ""0E\002!\000\355\247\375u\007@o_\373\300@\261A\002\243\276\335\370\360\307\037f^\016\240at\265\023x\032\367\002 \001\212^\204\236%!\2728\023\235\341\316\337\017h\262cn\205\237f\316\006) N\245\007\013\340\024""; previousledger: ""\302\001\313@D\264\016\334\r\034\035\\276\225\314|\234S*r\007\370x>\305D*\007b\276v\316""; ","proposeSeq: 0; currentTxHash: ""\000\000\000\000\000\000\000\000\000\000\000\000\000\000\000\000\000\000\000\000\000\000\000\000\000\000\000\000\000\000\000\000""; nodePubKey: ""\002\347\243J\206W\025ML\260\226\0163\217\250\337\325W\253\356*O\245Z\271\234\207C\274\375`\335\311""; closeTime: 803902504; signature: ""0E\002!\000\355\247\375u\007@o_\373\300@\261A\002\243\276\335\370\360\307\037f^\016\240at\265\023x\032\367\002 \001\212^\204\236%!\2728\023\235\341\316\337\017h\262cn\205\237f\316\006) N\245\007\013\340\024""; previousledger: ""\302\001\313@D\264\016\334\r\034\035\\276\225\314|\234S*r\007\370x>\305D*\007b\276v\316""; "
1750587304025,1750587304025,0,1,1,0,TMProposeSet,"proposeSeq: 0; currentTxHash: ""\000\000\000\000\000\000\000\000\000\000\000\000\000\000\000\000\000\000\000\000\000\000\000\000\000\000\000\000\000\000\000\000""; nodePubKey: ""\002\347\243J\206W\025ML\260\226\0163\217\250\337\325W\253\356*O\245Z\271\234\207C\274\375`\335\311""; closeTime: 803902504; signature: ""0E\002!\000\355\247\375u\007@o_\373\300@\261A\002\243\276\335\370\360\307\037f^\016\240at\265\023x\032\367\002 \001\212^\204\236%!\2728\023\235\341\316\337\017h\262cn\205\237f\316\006) N\245\007\013\340\024""; previousledger: ""\302\001\313@D\264\016\334\r\034\035\\276\225\314|\234S*r\007\370x>\305D*\007b\276v\316""; ","proposeSeq: 0; currentTxHash: ""\000\000\000\000\000\000\000\000\000\000\000\000\000\000\000\000\000\000\000\000\000\000\000\000\000\000\000\000\000\000\000\000""; nodePubKey: ""\002\347\243J\206W\025ML\260\226\0163\217\250\337\325W\253\356*O\245Z\271\234\207C\274\375`\335\311""; closeTime: 803902504; signature: ""0E\002!\000\355\247\375u\007@o_\373\300@\261A\002\243\276\335\370\360\307\037f^\016\240at\265\023x\032\367\002 \001\212^\204\236%!\2728\023\235\341\316\337\017h\262cn\205\237f\316\006) N\245\007\013\340\024""; previousledger: ""\302\001\313@D\264\016\334\r\034\035\\276\225\314|\234S*r\007\370x>\305D*\007b\276v\316""; "
1750587304027,1750587304027,0,1,0,3,TMProposeSet,"proposeSeq: 0; currentTxHash: ""\000\000\000\000\000\000\000\000\000\000\000\000\000\000\000\000\000\000\000\000\000\000\000\000\000\000\000\000\000\000\000\000""; nodePubKey: ""\002\347\243J\206W\025ML\260\226\0163\217\250\337\325W\253\356*O\245Z\271\234\207C\274\375`\335\311""; closeTime: 803902504; signature: ""0E\002!\000\355\247\375u\007@o_\373\300@\261A\002\243\276\335\370\360\307\037f^\016\240at\265\023x\032\367\002 \001\212^\204\236%!\2728\023\235\341\316\337\017h\262cn\205\237f\316\006) N\245\007\013\340\024""; previousledger: ""\302\001\313@D\264\016\334\r\034\035\\276\225\314|\234S*r\007\370x>\305D*\007b\276v\316""; ","proposeSeq: 0; currentTxHash: ""\000\000\000\000\000\000\000\000\000\000\000\000\000\000\000\000\000\000\000\000\000\000\000\000\000\000\000\000\000\000\000\000""; nodePubKey: ""\002\347\243J\206W\025ML\260\226\0163\217\250\337\325W\253\356*O\245Z\271\234\207C\274\375`\335\311""; closeTime: 803902504; signature: ""0E\002!\000\355\247\375u\007@o_\373\300@\261A\002\243\276\335\370\360\307\037f^\016\240at\265\023x\032\367\002 \001\212^\204\236%!\2728\023\235\341\316\337\017h\262cn\205\237f\316\006) N\245\007\013\340\024""; previousledger: ""\302\001\313@D\264\016\334\r\034\035\\276\225\314|\234S*r\007\370x>\305D*\007b\276v\316""; "
1750587304028,1750587304028,0,1,0,1,TMProposeSet,"proposeSeq: 0; currentTxHash: ""\000\000\000\000\000\000\000\000\000\000\000\000\000\000\000\000\000\000\000\000\000\000\000\000\000\000\000\000\000\000\000\000""; nodePubKey: ""\002\347\243J\206W\025ML\260\226\0163\217\250\337\325W\253\356*O\245Z\271\234\207C\274\375`\335\311""; closeTime: 803902504; signature: ""0E\002!\000\355\247\375u\007@o_\373\300@\261A\002\243\276\335\370\360\307\037f^\016\240at\265\023x\032\367\002 \001\212^\204\236%!\2728\023\235\341\316\337\017h\262cn\205\237f\316\006) N\245\007\013\340\024""; previousledger: ""\302\001\313@D\264\016\334\r\034\035\\276\225\314|\234S*r\007\370x>\305D*\007b\276v\316""; ","proposeSeq: 0; currentTxHash: ""\000\000\000\000\000\000\000\000\000\000\000\000\000\000\000\000\000\000\000\000\000\000\000\000\000\000\000\000\000\000\000\000""; nodePubKey: ""\002\347\243J\206W\025ML\260\226\0163\217\250\337\325W\253\356*O\245Z\271\234\207C\274\375`\335\311""; closeTime: 803902504; signature: ""0E\002!\000\355\247\375u\007@o_\373\300@\261A\002\243\276\335\370\360\307\037f^\016\240at\265\023x\032\367\002 \001\212^\204\236%!\2728\023\235\341\316\337\017h\262cn\205\237f\316\006) N\245\007\013\340\024""; previousledger: ""\302\001\313@D\264\016\334\r\034\035\\276\225\314|\234S*r\007\370x>\305D*\007b\276v\316""; "
1750587304015,1750587304079,0,1,0,4,TMStatusChange,"newEvent: neCLOSING_LEDGER; ledgerSeq: 13; ledgerHash: ""\302\001\313@D\264\016\334\r\034\035\\276\225\314|\234S*r\007\370x>\305D*\007b\276v\316""; ledgerHashPrevious: ""\304J\342j\272\270\274\360\307\356\347\200Ywm#\014\233\301\022L\232T\033N\341\232\325\233\227\313\307""; networkTime: 803902504; firstSeq: 9; lastSeq: 13; ","newEvent: neCLOSING_LEDGER; ledgerSeq: 13; ledgerHash: ""\302\001\313@D\264\016\334\r\034\035\\276\225\314|\234S*r\007\370x>\305D*\007b\276v\316""; ledgerHashPrevious: ""\304J\342j\272\270\274\360\307\356\347\200Ywm#\014\233\301\022L\232T\033N\341\232\325\233\227\313\307""; networkTime: 803902504; firstSeq: 9; lastSeq: 13; "
1750587304017,1750587304080,0,1,0,3,TMStatusChange,"newEvent: neCLOSING_LEDGER; ledgerSeq: 13; ledgerHash: ""\302\001\313@D\264\016\334\r\034\035\\276\225\314|\234S*r\007\370x>\305D*\007b\276v\316""; ledgerHashPrevious: ""\304J\342j\272\270\274\360\307\356\347\200Ywm#\014\233\301\022L\232T\033N\341\232\325\233\227\313\307""; networkTime: 803902504; firstSeq: 9; lastSeq: 13; ","newEvent: neCLOSING_LEDGER; ledgerSeq: 13; ledgerHash: ""\302\001\313@D\264\016\334\r\034\035\\276\225\314|\234S*r\007\370x>\305D*\007b\276v\316""; ledgerHashPrevious: ""\304J\342j\272\270\274\360\307\356\347\200Ywm#\014\233\301\022L\232T\033N\341\232\325\233\227\313\307""; networkTime: 803902504; firstSeq: 9; lastSeq: 13; "
1750587304017,1750587304079,0,1,0,2,TMStatusChange,"newEvent: neCLOSING_LEDGER; ledgerSeq: 13; ledgerHash: ""\302\001\313@D\264\016\334\r\034\035\\276\225\314|\234S*r\007\370x>\305D*\007b\276v\316""; ledgerHashPrevious: ""\304J\342j\272\270\274\360\307\356\347\200Ywm#\014\233\301\022L\232T\033N\341\232\325\233\227\313\307""; networkTime: 803902504; firstSeq: 9; lastSeq: 13; ","newEvent: neCLOSING_LEDGER; ledgerSeq: 13; ledgerHash: ""\302\001\313@D\264\016\334\r\034\035\\276\225\314|\234S*r\007\370x>\305D*\007b\276v\316""; ledgerHashPrevious: ""\304J\342j\272\270\274\360\307\356\347\200Ywm#\014\233\301\022L\232T\033N\341\232\325\233\227\313\307""; networkTime: 803902504; firstSeq: 9; lastSeq: 13; "
1750587304016,1750587304079,0,1,0,1,TMStatusChange,"newEvent: neCLOSING_LEDGER; ledgerSeq: 13; ledgerHash: ""\302\001\313@D\264\016\334\r\034\035\\276\225\314|\234S*r\007\370x>\305D*\007b\276v\316""; ledgerHashPrevious: ""\304J\342j\272\270\274\360\307\356\347\200Ywm#\014\233\301\022L\232T\033N\341\232\325\233\227\313\307""; networkTime: 803902504; firstSeq: 9; lastSeq: 13; ","newEvent: neCLOSING_LEDGER; ledgerSeq: 13; ledgerHash: ""\302\001\313@D\264\016\334\r\034\035\\276\225\314|\234S*r\007\370x>\305D*\007b\276v\316""; ledgerHashPrevious: ""\304J\342j\272\270\274\360\307\356\347\200Ywm#\014\233\301\022L\232T\033N\341\232\325\233\227\313\307""; networkTime: 803902504; firstSeq: 9; lastSeq: 13; "
1750587304296,1750587304296,0,1,2,4,TMProposeSet,"proposeSeq: 0; currentTxHash: ""\000\000\000\000\000\000\000\000\000\000\000\000\000\000\000\000\000\000\000\000\000\000\000\000\000\000\000\000\000\000\000\000""; nodePubKey: ""\003ql\302)\235\321\t\213\224\356\374%%\311\327\037\374\304\t\335\2359\344\233\035]\347<u\236\364\222""; closeTime: 803902504; signature: ""0D\002 {\204\377}\350\312s\320n\371\246\364\272\354Ku\277\271K\207;{OY\246""\255\206a\202\342\231\002 ]q>\020\306D\001\315m3\017\271E\014f\227\2259\255\315\315\276\200K\251\037\334\317\210\371r\302""; previousledger: ""\302\001\313@D\264\016\334\r\034\035\\276\225\314|\234S*r\007\370x>\305D*\007b\276v\316""; ","proposeSeq: 0; currentTxHash: ""\000\000\000\000\000\000\000\000\000\000\000\000\000\000\000\000\000\000\000\000\000\000\000\000\000\000\000\000\000\000\000\000""; nodePubKey: ""\003ql\302)\235\321\t\213\224\356\374%%\311\327\037\374\304\t\335\2359\344\233\035]\347<u\236\364\222""; closeTime: 803902504; signature: ""0D\002 {\204\377}\350\312s\320n\371\246\364\272\354Ku\277\271K\207;{OY\246""\255\206a\202\342\231\002 ]q>\020\306D\001\315m3\017\271E\014f\227\2259\255\315\315\276\200K\251\037\334\317\210\371r\302""; previousledger: ""\302\001\313@D\264\016\334\r\034\035\\276\225\314|\234S*r\007\370x>\305D*\007b\276v\316""; "
1750587304299,1750587304299,0,1,4,3,TMProposeSet,"proposeSeq: 0; currentTxHash: ""\000\000\000\000\000\000\000\000\000\000\000\000\000\000\000\000\000\000\000\000\000\000\000\000\000\000\000\000\000\000\000\000""; nodePubKey: ""\003ql\302)\235\321\t\213\224\356\374%%\311\327\037\374\304\t\335\2359\344\233\035]\347<u\236\364\222""; closeTime: 803902504; signature: ""0D\002 {\204\377}\350\312s\320n\371\246\364\272\354Ku\277\271K\207;{OY\246""\255\206a\202\342\231\002 ]q>\020\306D\001\315m3\017\271E\014f\227\2259\255\315\315\276\200K\251\037\334\317\210\371r\302""; previousledger: ""\302\001\313@D\264\016\334\r\034\035\\276\225\314|\234S*r\007\370x>\305D*\007b\276v\316""; ","proposeSeq: 0; currentTxHash: ""\000\000\000\000\000\000\000\000\000\000\000\000\000\000\000\000\000\000\000\000\000\000\000\000\000\000\000\000\000\000\000\000""; nodePubKey: ""\003ql\302)\235\321\t\213\224\356\374%%\311\327\037\374\304\t\335\2359\344\233\035]\347<u\236\364\222""; closeTime: 803902504; signature: ""0D\002 {\204\377}\350\312s\320n\371\246\364\272\354Ku\277\271K\207;{OY\246""\255\206a\202\342\231\002 ]q>\020\306D\001\315m3\017\271E\014f\227\2259\255\315\315\276\200K\251\037\334\317\210\371r\302""; previousledger: ""\302\001\313@D\264\016\334\r\034\035\\276\225\314|\234S*r\007\370x>\305D*\007b\276v\316""; "
1750587304300,1750587304300,0,1,4,0,TMProposeSet,"proposeSeq: 0; currentTxHash: ""\000\000\000\000\000\000\000\000\000\000\000\000\000\000\000\000\000\000\000\000\000\000\000\000\000\000\000\000\000\000\000\000""; nodePubKey: ""\003ql\302)\235\321\t\213\224\356\374%%\311\327\037\374\304\t\335\2359\344\233\035]\347<u\236\364\222""; closeTime: 803902504; signature: ""0D\002 {\204\377}\350\312s\320n\371\246\364\272\354Ku\277\271K\207;{OY\246""\255\206a\202\342\231\002 ]q>\020\306D\001\315m3\017\271E\014f\227\2259\255\315\315\276\200K\251\037\334\317\210\371r\302""; previousledger: ""\302\001\313@D\264\016\334\r\034\035\\276\225\314|\234S*r\007\370x>\305D*\007b\276v\316""; ","proposeSeq: 0; currentTxHash: ""\000\000\000\000\000\000\000\000\000\000\000\000\000\000\000\000\000\000\000\000\000\000\000\000\000\000\000\000\000\000\000\000""; nodePubKey: ""\003ql\302)\235\321\t\213\224\356\374%%\311\327\037\374\304\t\335\2359\344\233\035]\347<u\236\364\222""; closeTime: 803902504; signature: ""0D\002 {\204\377}\350\312s\320n\371\246\364\272\354Ku\277\271K\207;{OY\246""\255\206a\202\342\231\002 ]q>\020\306D\001\315m3\017\271E\014f\227\2259\255\315\315\276\200K\251\037\334\317\210\371r\302""; previousledger: ""\302\001\313@D\264\016\334\r\034\035\\276\225\314|\234S*r\007\370x>\305D*\007b\276v\316""; "
1750587304300,1750587304300,0,1,4,1,TMProposeSet,"proposeSeq: 0; currentTxHash: ""\000\000\000\000\000\000\000\000\000\000\000\000\000\000\000\000\000\000\000\000\000\000\000\000\000\000\000\000\000\000\000\000""; nodePubKey: ""\003ql\302)\235\321\t\213\224\356\374%%\311\327\037\374\304\t\335\2359\344\233\035]\347<u\236\364\222""; closeTime: 803902504; signature: ""0D\002 {\204\377}\350\312s\320n\371\246\364\272\354Ku\277\271K\207;{OY\246""\255\206a\202\342\231\002 ]q>\020\306D\001\315m3\017\271E\014f\227\2259\255\315\315\276\200K\251\037\334\317\210\371r\302""; previousledger: ""\302\001\313@D\264\016\334\r\034\035\\276\225\314|\234S*r\007\370x>\305D*\007b\276v\316""; ","proposeSeq: 0; currentTxHash: ""\000\000\000\000\000\000\000\000\000\000\000\000\000\000\000\000\000\000\000\000\000\000\000\000\000\000\000\000\000\000\000\000""; nodePubKey: ""\003ql\302)\235\321\t\213\224\356\374%%\311\327\037\374\304\t\335\2359\344\233\035]\347<u\236\364\222""; closeTime: 803902504; signature: ""0D\002 {\204\377}\350\312s\320n\371\246\364\272\354Ku\277\271K\207;{OY\246""\255\206a\202\342\231\002 ]q>\020\306D\001\315m3\017\271E\014f\227\2259\255\315\315\276\200K\251\037\334\317\210\371r\302""; previousledger: ""\302\001\313@D\264\016\334\r\034\035\\276\225\314|\234S*r\007\370x>\305D*\007b\276v\316""; "
1750587304301,1750587304302,0,1,3,2,TMProposeSet,"proposeSeq: 0; currentTxHash: ""\000\000\000\000\000\000\000\000\000\000\000\000\000\000\000\000\000\000\000\000\000\000\000\000\000\000\000\000\000\000\000\000""; nodePubKey: ""\003ql\302)\235\321\t\213\224\356\374%%\311\327\037\374\304\t\335\2359\344\233\035]\347<u\236\364\222""; closeTime: 803902504; signature: ""0D\002 {\204\377}\350\312s\320n\371\246\364\272\354Ku\277\271K\207;{OY\246""\255\206a\202\342\231\002 ]q>\020\306D\001\315m3\017\271E\014f\227\2259\255\315\315\276\200K\251\037\334\317\210\371r\302""; previousledger: ""\302\001\313@D\264\016\334\r\034\035\\276\225\314|\234S*r\007\370x>\305D*\007b\276v\316""; ","proposeSeq: 0; currentTxHash: ""\000\000\000\000\000\000\000\000\000\000\000\000\000\000\000\000\000\000\000\000\000\000\000\000\000\000\000\000\000\000\000\000""; nodePubKey: ""\003ql\302)\235\321\t\213\224\356\374%%\311\327\037\374\304\t\335\2359\344\233\035]\347<u\236\364\222""; closeTime: 803902504; signature: ""0D\002 {\204\377}\350\312s\320n\371\246\364\272\354Ku\277\271K\207;{OY\246""\255\206a\202\342\231\002 ]q>\020\306D\001\315m3\017\271E\014f\227\2259\255\315\315\276\200K\251\037\334\317\210\371r\302""; previousledger: ""\302\001\313@D\264\016\334\r\034\035\\276\225\314|\234S*r\007\370x>\305D*\007b\276v\316""; "
1750587304302,1750587304302,0,1,3,0,TMProposeSet,"proposeSeq: 0; currentTxHash: ""\000\000\000\000\000\000\000\000\000\000\000\000\000\000\000\000\000\000\000\000\000\000\000\000\000\000\000\000\000\000\000\000""; nodePubKey: ""\003ql\302)\235\321\t\213\224\356\374%%\311\327\037\374\304\t\335\2359\344\233\035]\347<u\236\364\222""; closeTime: 803902504; signature: ""0D\002 {\204\377}\350\312s\320n\371\246\364\272\354Ku\277\271K\207;{OY\246""\255\206a\202\342\231\002 ]q>\020\306D\001\315m3\017\271E\014f\227\2259\255\315\315\276\200K\251\037\334\317\210\371r\302""; previousledger: ""\302\001\313@D\264\016\334\r\034\035\\276\225\314|\234S*r\007\370x>\305D*\007b\276v\316""; ","proposeSeq: 0; currentTxHash: ""\000\000\000\000\000\000\000\000\000\000\000\000\000\000\000\000\000\000\000\000\000\000\000\000\000\000\000\000\000\000\000\000""; nodePubKey: ""\003ql\302)\235\321\t\213\224\356\374%%\311\327\037\374\304\t\335\2359\344\233\035]\347<u\236\364\222""; closeTime: 803902504; signature: ""0D\002 {\204\377}\350\312s\320n\371\246\364\272\354Ku\277\271K\207;{OY\246""\255\206a\202\342\231\002 ]q>\020\306D\001\315m3\017\271E\014f\227\2259\255\315\315\276\200K\251\037\334\317\210\371r\302""; previousledger: ""\302\001\313@D\264\016\334\r\034\035\\276\225\314|\234S*r\007\370x>\305D*\007b\276v\316""; "
1750587304303,1750587304303,0,1,3,1,TMProposeSet,"proposeSeq: 0; currentTxHash: ""\000\000\000\000\000\000\000\000\000\000\000\000\000\000\000\000\000\000\000\000\000\000\000\000\000\000\000\000\000\000\000\000""; nodePubKey: ""\003ql\302)\235\321\t\213\224\356\374%%\311\327\037\374\304\t\335\2359\344\233\035]\347<u\236\364\222""; closeTime: 803902504; signature: ""0D\002 {\204\377}\350\312s\320n\371\246\364\272\354Ku\277\271K\207;{OY\246""\255\206a\202\342\231\002 ]q>\020\306D\001\315m3\017\271E\014f\227\2259\255\315\315\276\200K\251\037\334\317\210\371r\302""; previousledger: ""\302\001\313@D\264\016\334\r\034\035\\276\225\314|\234S*r\007\370x>\305D*\007b\276v\316""; ","proposeSeq: 0; currentTxHash: ""\000\000\000\000\000\000\000\000\000\000\000\000\000\000\000\000\000\000\000\000\000\000\000\000\000\000\000\000\000\000\000\000""; nodePubKey: ""\003ql\302)\235\321\t\213\224\356\374%%\311\327\037\374\304\t\335\2359\344\233\035]\347<u\236\364\222""; closeTime: 803902504; signature: ""0D\002 {\204\377}\350\312s\320n\371\246\364\272\354Ku\277\271K\207;{OY\246""\255\206a\202\342\231\002 ]q>\020\306D\001\315m3\017\271E\014f\227\2259\255\315\315\276\200K\251\037\334\317\210\371r\302""; previousledger: ""\302\001\313@D\264\016\334\r\034\035\\276\225\314|\234S*r\007\370x>\305D*\007b\276v\316""; "
1750587304303,1750587304303,0,1,0,3,TMProposeSet,"proposeSeq: 0; currentTxHash: ""\000\000\000\000\000\000\000\000\000\000\000\000\000\000\000\000\000\000\000\000\000\000\000\000\000\000\000\000\000\000\000\000""; nodePubKey: ""\003ql\302)\235\321\t\213\224\356\374%%\311\327\037\374\304\t\335\2359\344\233\035]\347<u\236\364\222""; closeTime: 803902504; signature: ""0D\002 {\204\377}\350\312s\320n\371\246\364\272\354Ku\277\271K\207;{OY\246""\255\206a\202\342\231\002 ]q>\020\306D\001\315m3\017\271E\014f\227\2259\255\315\315\276\200K\251\037\334\317\210\371r\302""; previousledger: ""\302\001\313@D\264\016\334\r\034\035\\276\225\314|\234S*r\007\370x>\305D*\007b\276v\316""; ","proposeSeq: 0; currentTxHash: ""\000\000\000\000\000\000\000\000\000\000\000\000\000\000\000\000\000\000\000\000\000\000\000\000\000\000\000\000\000\000\000\000""; nodePubKey: ""\003ql\302)\235\321\t\213\224\356\374%%\311\327\037\374\304\t\335\2359\344\233\035]\347<u\236\364\222""; closeTime: 803902504; signature: ""0D\002 {\204\377}\350\312s\320n\371\246\364\272\354Ku\277\271K\207;{OY\246""\255\206a\202\342\231\002 ]q>\020\306D\001\315m3\017\271E\014f\227\2259\255\315\315\276\200K\251\037\334\317\210\371r\302""; previousledger: ""\302\001\313@D\264\016\334\r\034\035\\276\225\314|\234S*r\007\370x>\305D*\007b\276v\316""; "
1750587304303,1750587304303,0,1,0,1,TMProposeSet,"proposeSeq: 0; currentTxHash: ""\000\000\000\000\000\000\000\000\000\000\000\000\000\000\000\000\000\000\000\000\000\000\000\000\000\000\000\000\000\000\000\000""; nodePubKey: ""\003ql\302)\235\321\t\213\224\356\374%%\311\327\037\374\304\t\335\2359\344\233\035]\347<u\236\364\222""; closeTime: 803902504; signature: ""0D\002 {\204\377}\350\312s\320n\371\246\364\272\354Ku\277\271K\207;{OY\246""\255\206a\202\342\231\002 ]q>\020\306D\001\315m3\017\271E\014f\227\2259\255\315\315\276\200K\251\037\334\317\210\371r\302""; previousledger: ""\302\001\313@D\264\016\334\r\034\035\\276\225\314|\234S*r\007\370x>\305D*\007b\276v\316""; ","proposeSeq: 0; currentTxHash: ""\000\000\000\000\000\000\000\000\000\000\000\000\000\000\000\000\000\000\000\000\000\000\000\000\000\000\000\000\000\000\000\000""; nodePubKey: ""\003ql\302)\235\321\t\213\224\356\374%%\311\327\037\374\304\t\335\2359\344\233\035]\347<u\236\364\222""; closeTime: 803902504; signature: ""0D\002 {\204\377}\350\312s\320n\371\246\364\272\354Ku\277\271K\207;{OY\246""\255\206a\202\342\231\002 ]q>\020\306D\001\315m3\017\271E\014f\227\2259\255\315\315\276\200K\251\037\334\317\210\371r\302""; previousledger: ""\302\001\313@D\264\016\334\r\034\035\\276\225\314|\234S*r\007\370x>\305D*\007b\276v\316""; "
1750587304317,1750587304317,0,1,0,2,TMProposeSet,"proposeSeq: 0; currentTxHash: ""\000\000\000\000\000\000\000\000\000\000\000\000\000\000\000\000\000\000\000\000\000\000\000\000\000\000\000\000\000\000\000\000""; nodePubKey: ""\003ql\302)\235\321\t\213\224\356\374%%\311\327\037\374\304\t\335\2359\344\233\035]\347<u\236\364\222""; closeTime: 803902504; signature: ""0D\002 {\204\377}\350\312s\320n\371\246\364\272\354Ku\277\271K\207;{OY\246""\255\206a\202\342\231\002 ]q>\020\306D\001\315m3\017\271E\014f\227\2259\255\315\315\276\200K\251\037\334\317\210\371r\302""; previousledger: ""\302\001\313@D\264\016\334\r\034\035\\276\225\314|\234S*r\007\370x>\305D*\007b\276v\316""; ","proposeSeq: 0; currentTxHash: ""\000\000\000\000\000\000\000\000\000\000\000\000\000\000\000\000\000\000\000\000\000\000\000\000\000\000\000\000\000\000\000\000""; nodePubKey: ""\003ql\302)\235\321\t\213\224\356\374%%\311\327\037\374\304\t\335\2359\344\233\035]\347<u\236\364\222""; closeTime: 803902504; signature: ""0D\002 {\204\377}\350\312s\320n\371\246\364\272\354Ku\277\271K\207;{OY\246""\255\206a\202\342\231\002 ]q>\020\306D\001\315m3\017\271E\014f\227\2259\255\315\315\276\200K\251\037\334\317\210\371r\302""; previousledger: ""\302\001\313@D\264\016\334\r\034\035\\276\225\314|\234S*r\007\370x>\305D*\007b\276v\316""; "
1750587304318,1750587304318,0,1,1,2,TMProposeSet,"proposeSeq: 0; currentTxHash: ""\000\000\000\000\000\000\000\000\000\000\000\000\000\000\000\000\000\000\000\000\000\000\000\000\000\000\000\000\000\000\000\000""; nodePubKey: ""\003ql\302)\235\321\t\213\224\356\374%%\311\327\037\374\304\t\335\2359\344\233\035]\347<u\236\364\222""; closeTime: 803902504; signature: ""0D\002 {\204\377}\350\312s\320n\371\246\364\272\354Ku\277\271K\207;{OY\246""\255\206a\202\342\231\002 ]q>\020\306D\001\315m3\017\271E\014f\227\2259\255\315\315\276\200K\251\037\334\317\210\371r\302""; previousledger: ""\302\001\313@D\264\016\334\r\034\035\\276\225\314|\234S*r\007\370x>\305D*\007b\276v\316""; ","proposeSeq: 0; currentTxHash: ""\000\000\000\000\000\000\000\000\000\000\000\000\000\000\000\000\000\000\000\000\000\000\000\000\000\000\000\000\000\000\000\000""; nodePubKey: ""\003ql\302)\235\321\t\213\224\356\374%%\311\327\037\374\304\t\335\2359\344\233\035]\347<u\236\364\222""; closeTime: 803902504; signature: ""0D\002 {\204\377}\350\312s\320n\371\246\364\272\354Ku\277\271K\207;{OY\246""\255\206a\202\342\231\002 ]q>\020\306D\001\315m3\017\271E\014f\227\2259\255\315\315\276\200K\251\037\334\317\210\371r\302""; previousledger: ""\302\001\313@D\264\016\334\r\034\035\\276\225\314|\234S*r\007\370x>\305D*\007b\276v\316""; "
1750587304319,1750587304319,0,1,1,3,TMProposeSet,"proposeSeq: 0; currentTxHash: ""\000\000\000\000\000\000\000\000\000\000\000\000\000\000\000\000\000\000\000\000\000\000\000\000\000\000\000\000\000\000\000\000""; nodePubKey: ""\003ql\302)\235\321\t\213\224\356\374%%\311\327\037\374\304\t\335\2359\344\233\035]\347<u\236\364\222""; closeTime: 803902504; signature: ""0D\002 {\204\377}\350\312s\320n\371\246\364\272\354Ku\277\271K\207;{OY\246""\255\206a\202\342\231\002 ]q>\020\306D\001\315m3\017\271E\014f\227\2259\255\315\315\276\200K\251\037\334\317\210\371r\302""; previousledger: ""\302\001\313@D\264\016\334\r\034\035\\276\225\314|\234S*r\007\370x>\305D*\007b\276v\316""; ","proposeSeq: 0; currentTxHash: ""\000\000\000\000\000\000\000\000\000\000\000\000\000\000\000\000\000\000\000\000\000\000\000\000\000\000\000\000\000\000\000\000""; nodePubKey: ""\003ql\302)\235\321\t\213\224\356\374%%\311\327\037\374\304\t\335\2359\344\233\035]\347<u\236\364\222""; closeTime: 803902504; signature: ""0D\002 {\204\377}\350\312s\320n\371\246\364\272\354Ku\277\271K\207;{OY\246""\255\206a\202\342\231\002 ]q>\020\306D\001\315m3\017\271E\014f\227\2259\255\315\315\276\200K\251\037\334\317\210\371r\302""; previousledger: ""\302\001\313@D\264\016\334\r\034\035\\276\225\314|\234S*r\007\370x>\305D*\007b\276v\316""; "
1750587304319,1750587304319,0,1,1,0,TMProposeSet,"proposeSeq: 0; currentTxHash: ""\000\000\000\000\000\000\000\000\000\000\000\000\000\000\000\000\000\000\000\000\000\000\000\000\000\000\000\000\000\000\000\000""; nodePubKey: ""\003ql\302)\235\321\t\213\224\356\374%%\311\327\037\374\304\t\335\2359\344\233\035]\347<u\236\364\222""; closeTime: 803902504; signature: ""0D\002 {\204\377}\350\312s\320n\371\246\364\272\354Ku\277\271K\207;{OY\246""\255\206a\202\342\231\002 ]q>\020\306D\001\315m3\017\271E\014f\227\2259\255\315\315\276\200K\251\037\334\317\210\371r\302""; previousledger: ""\302\001\313@D\264\016\334\r\034\035\\276\225\314|\234S*r\007\370x>\305D*\007b\276v\316""; ","proposeSeq: 0; currentTxHash: ""\000\000\000\000\000\000\000\000\000\000\000\000\000\000\000\000\000\000\000\000\000\000\000\000\000\000\000\000\000\000\000\000""; nodePubKey: ""\003ql\302)\235\321\t\213\224\356\374%%\311\327\037\374\304\t\335\2359\344\233\035]\347<u\236\364\222""; closeTime: 803902504; signature: ""0D\002 {\204\377}\350\312s\320n\371\246\364\272\354Ku\277\271K\207;{OY\246""\255\206a\202\342\231\002 ]q>\020\306D\001\315m3\017\271E\014f\227\2259\255\315\315\276\200K\251\037\334\317\210\371r\302""; previousledger: ""\302\001\313@D\264\016\334\r\034\035\\276\225\314|\234S*r\007\370x>\305D*\007b\276v\316""; "
1750587304321,1750587304321,0,1,2,3,TMProposeSet,"proposeSeq: 0; currentTxHash: ""\000\000\000\000\000\000\000\000\000\000\000\000\000\000\000\000\000\000\000\000\000\000\000\000\000\000\000\000\000\000\000\000""; nodePubKey: ""\003ql\302)\235\321\t\213\224\356\374%%\311\327\037\374\304\t\335\2359\344\233\035]\347<u\236\364\222""; closeTime: 803902504; signature: ""0D\002 {\204\377}\350\312s\320n\371\246\364\272\354Ku\277\271K\207;{OY\246""\255\206a\202\342\231\002 ]q>\020\306D\001\315m3\017\271E\014f\227\2259\255\315\315\276\200K\251\037\334\317\210\371r\302""; previousledger: ""\302\001\313@D\264\016\334\r\034\035\\276\225\314|\234S*r\007\370x>\305D*\007b\276v\316""; ","proposeSeq: 0; currentTxHash: ""\000\000\000\000\000\000\000\000\000\000\000\000\000\000\000\000\000\000\000\000\000\000\000\000\000\000\000\000\000\000\000\000""; nodePubKey: ""\003ql\302)\235\321\t\213\224\356\374%%\311\327\037\374\304\t\335\2359\344\233\035]\347<u\236\364\222""; closeTime: 803902504; signature: ""0D\002 {\204\377}\350\312s\320n\371\246\364\272\354Ku\277\271K\207;{OY\246""\255\206a\202\342\231\002 ]q>\020\306D\001\315m3\017\271E\014f\227\2259\255\315\315\276\200K\251\037\334\317\210\371r\302""; previousledger: ""\302\001\313@D\264\016\334\r\034\035\\276\225\314|\234S*r\007\370x>\305D*\007b\276v\316""; "
1750587304324,1750587304324,0,1,2,0,TMProposeSet,"proposeSeq: 0; currentTxHash: ""\000\000\000\000\000\000\000\000\000\000\000\000\000\000\000\000\000\000\000\000\000\000\000\000\000\000\000\000\000\000\000\000""; nodePubKey: ""\003ql\302)\235\321\t\213\224\356\374%%\311\327\037\374\304\t\335\2359\344\233\035]\347<u\236\364\222""; closeTime: 803902504; signature: ""0D\002 {\204\377}\350\312s\320n\371\246\364\272\354Ku\277\271K\207;{OY\246""\255\206a\202\342\231\002 ]q>\020\306D\001\315m3\017\271E\014f\227\2259\255\315\315\276\200K\251\037\334\317\210\371r\302""; previousledger: ""\302\001\313@D\264\016\334\r\034\035\\276\225\314|\234S*r\007\370x>\305D*\007b\276v\316""; ","proposeSeq: 0; currentTxHash: ""\000\000\000\000\000\000\000\000\000\000\000\000\000\000\000\000\000\000\000\000\000\000\000\000\000\000\000\000\000\000\000\000""; nodePubKey: ""\003ql\302)\235\321\t\213\224\356\374%%\311\327\037\374\304\t\335\2359\344\233\035]\347<u\236\364\222""; closeTime: 803902504; signature: ""0D\002 {\204\377}\350\312s\320n\371\246\364\272\354Ku\277\271K\207;{OY\246""\255\206a\202\342\231\002 ]q>\020\306D\001\315m3\017\271E\014f\227\2259\255\315\315\276\200K\251\037\334\317\210\371r\302""; previousledger: ""\302\001\313@D\264\016\334\r\034\035\\276\225\314|\234S*r\007\370x>\305D*\007b\276v\316""; "
1750587304325,1750587304325,0,1,2,1,TMProposeSet,"proposeSeq: 0; currentTxHash: ""\000\000\000\000\000\000\000\000\000\000\000\000\000\000\000\000\000\000\000\000\000\000\000\000\000\000\000\000\000\000\000\000""; nodePubKey: ""\003ql\302)\235\321\t\213\224\356\374%%\311\327\037\374\304\t\335\2359\344\233\035]\347<u\236\364\222""; closeTime: 803902504; signature: ""0D\002 {\204\377}\350\312s\320n\371\246\364\272\354Ku\277\271K\207;{OY\246""\255\206a\202\342\231\002 ]q>\020\306D\001\315m3\017\271E\014f\227\2259\255\315\315\276\200K\251\037\334\317\210\371r\302""; previousledger: ""\302\001\313@D\264\016\334\r\034\035\\276\225\314|\234S*r\007\370x>\305D*\007b\276v\316""; ","proposeSeq: 0; currentTxHash: ""\000\000\000\000\000\000\000\000\000\000\000\000\000\000\000\000\000\000\000\000\000\000\000\000\000\000\000\000\000\000\000\000""; nodePubKey: ""\003ql\302)\235\321\t\213\224\356\374%%\311\327\037\374\304\t\335\2359\344\233\035]\347<u\236\364\222""; closeTime: 803902504; signature: ""0D\002 {\204\377}\350\312s\320n\371\246\364\272\354Ku\277\271K\207;{OY\246""\255\206a\202\342\231\002 ]q>\020\306D\001\315m3\017\271E\014f\227\2259\255\315\315\276\200K\251\037\334\317\210\371r\302""; previousledger: ""\302\001\313@D\264\016\334\r\034\035\\276\225\314|\234S*r\007\370x>\305D*\007b\276v\316""; "
1750587304295,1750587304371,0,1,2,3,TMStatusChange,"newEvent: neCLOSING_LEDGER; ledgerSeq: 13; ledgerHash: ""\302\001\313@D\264\016\334\r\034\035\\276\225\314|\234S*r\007\370x>\305D*\007b\276v\316""; ledgerHashPrevious: ""\304J\342j\272\270\274\360\307\356\347\200Ywm#\014\233\301\022L\232T\033N\341\232\325\233\227\313\307""; networkTime: 803902504; firstSeq: 1; lastSeq: 13; ","newEvent: neCLOSING_LEDGER; ledgerSeq: 13; ledgerHash: ""\302\001\313@D\264\016\334\r\034\035\\276\225\314|\234S*r\007\370x>\305D*\007b\276v\316""; ledgerHashPrevious: ""\304J\342j\272\270\274\360\307\356\347\200Ywm#\014\233\301\022L\232T\033N\341\232\325\233\227\313\307""; networkTime: 803902504; firstSeq: 1; lastSeq: 13; "
1750587304295,1750587304372,0,1,2,0,TMStatusChange,"newEvent: neCLOSING_LEDGER; ledgerSeq: 13; ledgerHash: ""\302\001\313@D\264\016\334\r\034\035\\276\225\314|\234S*r\007\370x>\305D*\007b\276v\316""; ledgerHashPrevious: ""\304J\342j\272\270\274\360\307\356\347\200Ywm#\014\233\301\022L\232T\033N\341\232\325\233\227\313\307""; networkTime: 803902504; firstSeq: 1; lastSeq: 13; ","newEvent: neCLOSING_LEDGER; ledgerSeq: 13; ledgerHash: ""\302\001\313@D\264\016\334\r\034\035\\276\225\314|\234S*r\007\370x>\305D*\007b\276v\316""; ledgerHashPrevious: ""\304J\342j\272\270\274\360\307\356\347\200Ywm#\014\233\301\022L\232T\033N\341\232\325\233\227\313\307""; networkTime: 803902504; firstSeq: 1; lastSeq: 13; "
1750587304296,1750587304372,0,1,2,1,TMStatusChange,"newEvent: neCLOSING_LEDGER; ledgerSeq: 13; ledgerHash: ""\302\001\313@D\264\016\334\r\034\035\\276\225\314|\234S*r\007\370x>\305D*\007b\276v\316""; ledgerHashPrevious: ""\304J\342j\272\270\274\360\307\356\347\200Ywm#\014\233\301\022L\232T\033N\341\232\325\233\227\313\307""; networkTime: 803902504; firstSeq: 1; lastSeq: 13; ","newEvent: neCLOSING_LEDGER; ledgerSeq: 13; ledgerHash: ""\302\001\313@D\264\016\334\r\034\035\\276\225\314|\234S*r\007\370x>\305D*\007b\276v\316""; ledgerHashPrevious: ""\304J\342j\272\270\274\360\307\356\347\200Ywm#\014\233\301\022L\232T\033N\341\232\325\233\227\313\307""; networkTime: 803902504; firstSeq: 1; lastSeq: 13; "
1750587304297,1750587304373,0,1,2,4,TMStatusChange,"newEvent: neCLOSING_LEDGER; ledgerSeq: 13; ledgerHash: ""\302\001\313@D\264\016\334\r\034\035\\276\225\314|\234S*r\007\370x>\305D*\007b\276v\316""; ledgerHashPrevious: ""\304J\342j\272\270\274\360\307\356\347\200Ywm#\014\233\301\022L\232T\033N\341\232\325\233\227\313\307""; networkTime: 803902504; firstSeq: 1; lastSeq: 13; ","newEvent: neCLOSING_LEDGER; ledgerSeq: 13; ledgerHash: ""\302\001\313@D\264\016\334\r\034\035\\276\225\314|\234S*r\007\370x>\305D*\007b\276v\316""; ledgerHashPrevious: ""\304J\342j\272\270\274\360\307\356\347\200Ywm#\014\233\301\022L\232T\033N\341\232\325\233\227\313\307""; networkTime: 803902504; firstSeq: 1; lastSeq: 13; "
1750587304767,1750587304767,0,1,4,2,TMProposeSet,"proposeSeq: 0; currentTxHash: ""\000\000\000\000\000\000\000\000\000\000\000\000\000\000\000\000\000\000\000\000\000\000\000\000\000\000\000\000\000\000\000\000""; nodePubKey: ""\003.\200\224\215?)t\306\315\242\313\251\255\302\204=\232.\271%}\013\024s\024\002@\216l""\241F""; closeTime: 803902504; signature: ""0D\002 6h|\224V\322\250\363-\347gk\333\277\266\237\232\027\347YO\270D\277Q\271\022\222\032-}\305\002 <\216\340\232\231\275\203d^\252\210b]\260\236%I\325\253!0\210\225\n:%\007\262A\0179\235""; previousledger: ""\302\001\313@D\264\016\334\r\034\035\\276\225\314|\234S*r\007\370x>\305D*\007b\276v\316""; ","proposeSeq: 0; currentTxHash: ""\000\000\000\000\000\000\000\000\000\000\000\000\000\000\000\000\000\000\000\000\000\000\000\000\000\000\000\000\000\000\000\000""; nodePubKey: ""\003.\200\224\215?)t\306\315\242\313\251\255\302\204=\232.\271%}\013\024s\024\002@\216l""\241F""; closeTime: 803902504; signature: ""0D\002 6h|\224V\322\250\363-\347gk\333\277\266\237\232\027\347YO\270D\277Q\271\022\222\032-}\305\002 <\216\340\232\231\275\203d^\252\210b]\260\236%I\325\253!0\210\225\n:%\007\262A\0179\235""; previousledger: ""\302\001\313@D\264\016\334\r\034\035\\276\225\314|\234S*r\007\370x>\305D*\007b\276v\316""; "
1750587304768,1750587304768,0,1,4,3,TMProposeSet,"proposeSeq: 0; currentTxHash: ""\000\000\000\000\000\000\000\000\000\000\000\000\000\000\000\000\000\000\000\000\000\000\000\000\000\000\000\000\000\000\000\000""; nodePubKey: ""\003.\200\224\215?)t\306\315\242\313\251\255\302\204=\232.\271%}\013\024s\024\002@\216l""\241F""; closeTime: 803902504; signature: ""0D\002 6h|\224V\322\250\363-\347gk\333\277\266\237\232\027\347YO\270D\277Q\271\022\222\032-}\305\002 <\216\340\232\231\275\203d^\252\210b]\260\236%I\325\253!0\210\225\n:%\007\262A\0179\235""; previousledger: ""\302\001\313@D\264\016\334\r\034\035\\276\225\314|\234S*r\007\370x>\305D*\007b\276v\316""; ","proposeSeq: 0; currentTxHash: ""\000\000\000\000\000\000\000\000\000\000\000\000\000\000\000\000\000\000\000\000\000\000\000\000\000\000\000\000\000\000\000\000""; nodePubKey: ""\003.\200\224\215?)t\306\315\242\313\251\255\302\204=\232.\271%}\013\024s\024\002@\216l""\241F""; closeTime: 803902504; signature: ""0D\002 6h|\224V\322\250\363-\347gk\333\277\266\237\232\027\347YO\270D\277Q\271\022\222\032-}\305\002 <\216\340\232\231\275\203d^\252\210b]\260\236%I\325\253!0\210\225\n:%\007\262A\0179\235""; previousledger: ""\302\001\313@D\264\016\334\r\034\035\\276\225\314|\234S*r\007\370x>\305D*\007b\276v\316""; "
1750587304769,1750587304769,0,1,4,0,TMProposeSet,"proposeSeq: 0; currentTxHash: ""\000\000\000\000\000\000\000\000\000\000\000\000\000\000\000\000\000\000\000\000\000\000\000\000\000\000\000\000\000\000\000\000""; nodePubKey: ""\003.\200\224\215?)t\306\315\242\313\251\255\302\204=\232.\271%}\013\024s\024\002@\216l""\241F""; closeTime: 803902504; signature: ""0D\002 6h|\224V\322\250\363-\347gk\333\277\266\237\232\027\347YO\270D\277Q\271\022\222\032-}\305\002 <\216\340\232\231\275\203d^\252\210b]\260\236%I\325\253!0\210\225\n:%\007\262A\0179\235""; previousledger: ""\302\001\313@D\264\016\334\r\034\035\\276\225\314|\234S*r\007\370x>\305D*\007b\276v\316""; ","proposeSeq: 0; currentTxHash: ""\000\000\000\000\000\000\000\000\000\000\000\000\000\000\000\000\000\000\000\000\000\000\000\000\000\000\000\000\000\000\000\000""; nodePubKey: ""\003.\200\224\215?)t\306\315\242\313\251\255\302\204=\232.\271%}\013\024s\024\002@\216l""\241F""; closeTime: 803902504; signature: ""0D\002 6h|\224V\322\250\363-\347gk\333\277\266\237\232\027\347YO\270D\277Q\271\022\222\032-}\305\002 <\216\340\232\231\275\203d^\252\210b]\260\236%I\325\253!0\210\225\n:%\007\262A\0179\235""; previousledger: ""\302\001\313@D\264\016\334\r\034\035\\276\225\314|\234S*r\007\370x>\305D*\007b\276v\316""; "
1750587304770,1750587304770,0,1,4,1,TMProposeSet,"proposeSeq: 0; currentTxHash: ""\000\000\000\000\000\000\000\000\000\000\000\000\000\000\000\000\000\000\000\000\000\000\000\000\000\000\000\000\000\000\000\000""; nodePubKey: ""\003.\200\224\215?)t\306\315\242\313\251\255\302\204=\232.\271%}\013\024s\024\002@\216l""\241F""; closeTime: 803902504; signature: ""0D\002 6h|\224V\322\250\363-\347gk\333\277\266\237\232\027\347YO\270D\277Q\271\022\222\032-}\305\002 <\216\340\232\231\275\203d^\252\210b]\260\236%I\325\253!0\210\225\n:%\007\262A\0179\235""; previousledger: ""\302\001\313@D\264\016\334\r\034\035\\276\225\314|\234S*r\007\370x>\305D*\007b\276v\316""; ","proposeSeq: 0; currentTxHash: ""\000\000\000\000\000\000\000\000\000\000\000\000\000\000\000\000\000\000\000\000\000\000\000\000\000\000\000\000\000\000\000\000""; nodePubKey: ""\003.\200\224\215?)t\306\315\242\313\251\255\302\204=\232.\271%}\013\024s\024\002@\216l""\241F""; closeTime: 803902504; signature: ""0D\002 6h|\224V\322\250\363-\347gk\333\277\266\237\232\027\347YO\270D\277Q\271\022\222\032-}\305\002 <\216\340\232\231\275\203d^\252\210b]\260\236%I\325\253!0\210\225\n:%\007\262A\0179\235""; previousledger: ""\302\001\313@D\264\016\334\r\034\035\\276\225\314|\234S*r\007\370x>\305D*\007b\276v\316""; "
1750587304773,1750587304774,0,1,3,1,TMProposeSet,"proposeSeq: 0; currentTxHash: ""\000\000\000\000\000\000\000\000\000\000\000\000\000\000\000\000\000\000\000\000\000\000\000\000\000\000\000\000\000\000\000\000""; nodePubKey: ""\003.\200\224\215?)t\306\315\242\313\251\255\302\204=\232.\271%}\013\024s\024\002@\216l""\241F""; closeTime: 803902504; signature: ""0D\002 6h|\224V\322\250\363-\347gk\333\277\266\237\232\027\347YO\270D\277Q\271\022\222\032-}\305\002 <\216\340\232\231\275\203d^\252\210b]\260\236%I\325\253!0\210\225\n:%\007\262A\0179\235""; previousledger: ""\302\001\313@D\264\016\334\r\034\035\\276\225\314|\234S*r\007\370x>\305D*\007b\276v\316""; ","proposeSeq: 0; currentTxHash: ""\000\000\000\000\000\000\000\000\000\000\000\000\000\000\000\000\000\000\000\000\000\000\000\000\000\000\000\000\000\000\000\000""; nodePubKey: ""\003.\200\224\215?)t\306\315\242\313\251\255\302\204=\232.\271%}\013\024s\024\002@\216l""\241F""; closeTime: 803902504; signature: ""0D\002 6h|\224V\322\250\363-\347gk\333\277\266\237\232\027\347YO\270D\277Q\271\022\222\032-}\305\002 <\216\340\232\231\275\203d^\252\210b]\260\236%I\325\253!0\210\225\n:%\007\262A\0179\235""; previousledger: ""\302\001\313@D\264\016\334\r\034\035\\276\225\314|\234S*r\007\370x>\305D*\007b\276v\316""; "
1750587304773,1750587304773,0,1,2,3,TMProposeSet,"proposeSeq: 0; currentTxHash: ""\000\000\000\000\000\000\000\000\000\000\000\000\000\000\000\000\000\000\000\000\000\000\000\000\000\000\000\000\000\000\000\000""; nodePubKey: ""\003.\200\224\215?)t\306\315\242\313\251\255\302\204=\232.\271%}\013\024s\024\002@\216l""\241F""; closeTime: 803902504; signature: ""0D\002 6h|\224V\322\250\363-\347gk\333\277\266\237\232\027\347YO\270D\277Q\271\022\222\032-}\305\002 <\216\340\232\231\275\203d^\252\210b]\260\236%I\325\253!0\210\225\n:%\007\262A\0179\235""; previousledger: ""\302\001\313@D\264\016\334\r\034\035\\276\225\314|\234S*r\007\370x>\305D*\007b\276v\316""; ","proposeSeq: 0; currentTxHash: ""\000\000\000\000\000\000\000\000\000\000\000\000\000\000\000\000\000\000\000\000\000\000\000\000\000\000\000\000\000\000\000\000""; nodePubKey: ""\003.\200\224\215?)t\306\315\242\313\251\255\302\204=\232.\271%}\013\024s\024\002@\216l""\241F""; closeTime: 803902504; signature: ""0D\002 6h|\224V\322\250\363-\347gk\333\277\266\237\232\027\347YO\270D\277Q\271\022\222\032-}\305\002 <\216\340\232\231\275\203d^\252\210b]\260\236%I\325\253!0\210\225\n:%\007\262A\0179\235""; previousledger: ""\302\001\313@D\264\016\334\r\034\035\\276\225\314|\234S*r\007\370x>\305D*\007b\276v\316""; "
1750587304773,1750587304773,0,1,2,0,TMProposeSet,"proposeSeq: 0; currentTxHash: ""\000\000\000\000\000\000\000\000\000\000\000\000\000\000\000\000\000\000\000\000\000\000\000\000\000\000\000\000\000\000\000\000""; nodePubKey: ""\003.\200\224\215?)t\306\315\242\313\251\255\302\204=\232.\271%}\013\024s\024\002@\216l""\241F""; closeTime: 803902504; signature: ""0D\002 6h|\224V\322\250\363-\347gk\333\277\266\237\232\027\347YO\270D\277Q\271\022\222\032-}\305\002 <\216\340\232\231\275\203d^\252\210b]\260\236%I\325\253!0\210\225\n:%\007\262A\0179\235""; previousledger: ""\302\001\313@D\264\016\334\r\034\035\\276\225\314|\234S*r\007\370x>\305D*\007b\276v\316""; ","proposeSeq: 0; currentTxHash: ""\000\000\000\000\000\000\000\000\000\000\000\000\000\000\000\000\000\000\000\000\000\000\000\000\000\000\000\000\000\000\000\000""; nodePubKey: ""\003.\200\224\215?)t\306\315\242\313\251\255\302\204=\232.\271%}\013\024s\024\002@\216l""\241F""; closeTime: 803902504; signature: ""0D\002 6h|\224V\322\250\363-\347gk\333\277\266\237\232\027\347YO\270D\277Q\271\022\222\032-}\305\002 <\216\340\232\231\275\203d^\252\210b]\260\236%I\325\253!0\210\225\n:%\007\262A\0179\235""; previousledger: ""\302\001\313@D\264\016\334\r\034\035\\276\225\314|\234S*r\007\370x>\305D*\007b\276v\316""; "
1750587304772,1750587304772,0,1,2,1,TMProposeSet,"proposeSeq: 0; currentTxHash: ""\000\000\000\000\000\000\000\000\000\000\000\000\000\000\000\000\000\000\000\000\000\000\000\000\000\000\000\000\000\000\000\000""; nodePubKey: ""\003.\200\224\215?)t\306\315\242\313\251\255\302\204=\232.\271%}\013\024s\024\002@\216l""\241F""; closeTime: 803902504; signature: ""0D\002 6h|\224V\322\250\363-\347gk\333\277\266\237\232\027\347YO\270D\277Q\271\022\222\032-}\305\002 <\216\340\232\231\275\203d^\252\210b]\260\236%I\325\253!0\210\225\n:%\007\262A\0179\235""; previousledger: ""\302\001\313@D\264\016\334\r\034\035\\276\225\314|\234S*r\007\370x>\305D*\007b\276v\316""; ","proposeSeq: 0; currentTxHash: ""\000\000\000\000\000\000\000\000\000\000\000\000\000\000\000\000\000\000\000\000\000\000\000\000\000\000\000\000\000\000\000\000""; nodePubKey: ""\003.\200\224\215?)t\306\315\242\313\251\255\302\204=\232.\271%}\013\024s\024\002@\216l""\241F""; closeTime: 803902504; signature: ""0D\002 6h|\224V\322\250\363-\347gk\333\277\266\237\232\027\347YO\270D\277Q\271\022\222\032-}\305\002 <\216\340\232\231\275\203d^\252\210b]\260\236%I\325\253!0\210\225\n:%\007\262A\0179\235""; previousledger: ""\302\001\313@D\264\016\334\r\034\035\\276\225\314|\234S*r\007\370x>\305D*\007b\276v\316""; "
1750587304775,1750587304775,0,1,3,0,TMProposeSet,"proposeSeq: 0; currentTxHash: ""\000\000\000\000\000\000\000\000\000\000\000\000\000\000\000\000\000\000\000\000\000\000\000\000\000\000\000\000\000\000\000\000""; nodePubKey: ""\003.\200\224\215?)t\306\315\242\313\251\255\302\204=\232.\271%}\013\024s\024\002@\216l""\241F""; closeTime: 803902504; signature: ""0D\002 6h|\224V\322\250\363-\347gk\333\277\266\237\232\027\347YO\270D\277Q\271\022\222\032-}\305\002 <\216\340\232\231\275\203d^\252\210b]\260\236%I\325\253!0\210\225\n:%\007\262A\0179\235""; previousledger: ""\302\001\313@D\264\016\334\r\034\035\\276\225\314|\234S*r\007\370x>\305D*\007b\276v\316""; ","proposeSeq: 0; currentTxHash: ""\000\000\000\000\000\000\000\000\000\000\000\000\000\000\000\000\000\000\000\000\000\000\000\000\000\000\000\000\000\000\000\000""; nodePubKey: ""\003.\200\224\215?)t\306\315\242\313\251\255\302\204=\232.\271%}\013\024s\024\002@\216l""\241F""; closeTime: 803902504; signature: ""0D\002 6h|\224V\322\250\363-\347gk\333\277\266\237\232\027\347YO\270D\277Q\271\022\222\032-}\305\002 <\216\340\232\231\275\203d^\252\210b]\260\236%I\325\253!0\210\225\n:%\007\262A\0179\235""; previousledger: ""\302\001\313@D\264\016\334\r\034\035\\276\225\314|\234S*r\007\370x>\305D*\007b\276v\316""; "
1750587304775,1750587304775,0,1,3,2,TMProposeSet,"proposeSeq: 0; currentTxHash: ""\000\000\000\000\000\000\000\000\000\000\000\000\000\000\000\000\000\000\000\000\000\000\000\000\000\000\000\000\000\000\000\000""; nodePubKey: ""\003.\200\224\215?)t\306\315\242\313\251\255\302\204=\232.\271%}\013\024s\024\002@\216l""\241F""; closeTime: 803902504; signature: ""0D\002 6h|\224V\322\250\363-\347gk\333\277\266\237\232\027\347YO\270D\277Q\271\022\222\032-}\305\002 <\216\340\232\231\275\203d^\252\210b]\260\236%I\325\253!0\210\225\n:%\007\262A\0179\235""; previousledger: ""\302\001\313@D\264\016\334\r\034\035\\276\225\314|\234S*r\007\370x>\305D*\007b\276v\316""; ","proposeSeq: 0; currentTxHash: ""\000\000\000\000\000\000\000\000\000\000\000\000\000\000\000\000\000\000\000\000\000\000\000\000\000\000\000\000\000\000\000\000""; nodePubKey: ""\003.\200\224\215?)t\306\315\242\313\251\255\302\204=\232.\271%}\013\024s\024\002@\216l""\241F""; closeTime: 803902504; signature: ""0D\002 6h|\224V\322\250\363-\347gk\333\277\266\237\232\027\347YO\270D\277Q\271\022\222\032-}\305\002 <\216\340\232\231\275\203d^\252\210b]\260\236%I\325\253!0\210\225\n:%\007\262A\0179\235""; previousledger: ""\302\001\313@D\264\016\334\r\034\035\\276\225\314|\234S*r\007\370x>\305D*\007b\276v\316""; "
1750587304775,1750587304775,0,1,0,2,TMProposeSet,"proposeSeq: 0; currentTxHash: ""\000\000\000\000\000\000\000\000\000\000\000\000\000\000\000\000\000\000\000\000\000\000\000\000\000\000\000\000\000\000\000\000""; nodePubKey: ""\003.\200\224\215?)t\306\315\242\313\251\255\302\204=\232.\271%}\013\024s\024\002@\216l""\241F""; closeTime: 803902504; signature: ""0D\002 6h|\224V\322\250\363-\347gk\333\277\266\237\232\027\347YO\270D\277Q\271\022\222\032-}\305\002 <\216\340\232\231\275\203d^\252\210b]\260\236%I\325\253!0\210\225\n:%\007\262A\0179\235""; previousledger: ""\302\001\313@D\264\016\334\r\034\035\\276\225\314|\234S*r\007\370x>\305D*\007b\276v\316""; ","proposeSeq: 0; currentTxHash: ""\000\000\000\000\000\000\000\000\000\000\000\000\000\000\000\000\000\000\000\000\000\000\000\000\000\000\000\000\000\000\000\000""; nodePubKey: ""\003.\200\224\215?)t\306\315\242\313\251\255\302\204=\232.\271%}\013\024s\024\002@\216l""\241F""; closeTime: 803902504; signature: ""0D\002 6h|\224V\322\250\363-\347gk\333\277\266\237\232\027\347YO\270D\277Q\271\022\222\032-}\305\002 <\216\340\232\231\275\203d^\252\210b]\260\236%I\325\253!0\210\225\n:%\007\262A\0179\235""; previousledger: ""\302\001\313@D\264\016\334\r\034\035\\276\225\314|\234S*r\007\370x>\305D*\007b\276v\316""; "
1750587304776,1750587304777,0,1,0,3,TMProposeSet,"proposeSeq: 0; currentTxHash: ""\000\000\000\000\000\000\000\000\000\000\000\000\000\000\000\000\000\000\000\000\000\000\000\000\000\000\000\000\000\000\000\000""; nodePubKey: ""\003.\200\224\215?)t\306\315\242\313\251\255\302\204=\232.\271%}\013\024s\024\002@\216l""\241F""; closeTime: 803902504; signature: ""0D\002 6h|\224V\322\250\363-\347gk\333\277\266\237\232\027\347YO\270D\277Q\271\022\222\032-}\305\002 <\216\340\232\231\275\203d^\252\210b]\260\236%I\325\253!0\210\225\n:%\007\262A\0179\235""; previousledger: ""\302\001\313@D\264\016\334\r\034\035\\276\225\314|\234S*r\007\370x>\305D*\007b\276v\316""; ","proposeSeq: 0; currentTxHash: ""\000\000\000\000\000\000\000\000\000\000\000\000\000\000\000\000\000\000\000\000\000\000\000\000\000\000\000\000\000\000\000\000""; nodePubKey: ""\003.\200\224\215?)t\306\315\242\313\251\255\302\204=\232.\271%}\013\024s\024\002@\216l""\241F""; closeTime: 803902504; signature: ""0D\002 6h|\224V\322\250\363-\347gk\333\277\266\237\232\027\347YO\270D\277Q\271\022\222\032-}\305\002 <\216\340\232\231\275\203d^\252\210b]\260\236%I\325\253!0\210\225\n:%\007\262A\0179\235""; previousledger: ""\302\001\313@D\264\016\334\r\034\035\\276\225\314|\234S*r\007\370x>\305D*\007b\276v\316""; "
1750587304777,1750587304777,0,1,0,1,TMProposeSet,"proposeSeq: 0; currentTxHash: ""\000\000\000\000\000\000\000\000\000\000\000\000\000\000\000\000\000\000\000\000\000\000\000\000\000\000\000\000\000\000\000\000""; nodePubKey: ""\003.\200\224\215?)t\306\315\242\313\251\255\302\204=\232.\271%}\013\024s\024\002@\216l""\241F""; closeTime: 803902504; signature: ""0D\002 6h|\224V\322\250\363-\347gk\333\277\266\237\232\027\347YO\270D\277Q\271\022\222\032-}\305\002 <\216\340\232\231\275\203d^\252\210b]\260\236%I\325\253!0\210\225\n:%\007\262A\0179\235""; previousledger: ""\302\001\313@D\264\016\334\r\034\035\\276\225\314|\234S*r\007\370x>\305D*\007b\276v\316""; ","proposeSeq: 0; currentTxHash: ""\000\000\000\000\000\000\000\000\000\000\000\000\000\000\000\000\000\000\000\000\000\000\000\000\000\000\000\000\000\000\000\000""; nodePubKey: ""\003.\200\224\215?)t\306\315\242\313\251\255\302\204=\232.\271%}\013\024s\024\002@\216l""\241F""; closeTime: 803902504; signature: ""0D\002 6h|\224V\322\250\363-\347gk\333\277\266\237\232\027\347YO\270D\277Q\271\022\222\032-}\305\002 <\216\340\232\231\275\203d^\252\210b]\260\236%I\325\253!0\210\225\n:%\007\262A\0179\235""; previousledger: ""\302\001\313@D\264\016\334\r\034\035\\276\225\314|\234S*r\007\370x>\305D*\007b\276v\316""; "
1750587304778,1750587304778,0,1,1,3,TMProposeSet,"proposeSeq: 0; currentTxHash: ""\000\000\000\000\000\000\000\000\000\000\000\000\000\000\000\000\000\000\000\000\000\000\000\000\000\000\000\000\000\000\000\000""; nodePubKey: ""\003.\200\224\215?)t\306\315\242\313\251\255\302\204=\232.\271%}\013\024s\024\002@\216l""\241F""; closeTime: 803902504; signature: ""0D\002 6h|\224V\322\250\363-\347gk\333\277\266\237\232\027\347YO\270D\277Q\271\022\222\032-}\305\002 <\216\340\232\231\275\203d^\252\210b]\260\236%I\325\253!0\210\225\n:%\007\262A\0179\235""; previousledger: ""\302\001\313@D\264\016\334\r\034\035\\276\225\314|\234S*r\007\370x>\305D*\007b\276v\316""; ","proposeSeq: 0; currentTxHash: ""\000\000\000\000\000\000\000\000\000\000\000\000\000\000\000\000\000\000\000\000\000\000\000\000\000\000\000\000\000\000\000\000""; nodePubKey: ""\003.\200\224\215?)t\306\315\242\313\251\255\302\204=\232.\271%}\013\024s\024\002@\216l""\241F""; closeTime: 803902504; signature: ""0D\002 6h|\224V\322\250\363-\347gk\333\277\266\237\232\027\347YO\270D\277Q\271\022\222\032-}\305\002 <\216\340\232\231\275\203d^\252\210b]\260\236%I\325\253!0\210\225\n:%\007\262A\0179\235""; previousledger: ""\302\001\313@D\264\016\334\r\034\035\\276\225\314|\234S*r\007\370x>\305D*\007b\276v\316""; "
1750587304778,1750587304778,0,1,1,2,TMProposeSet,"proposeSeq: 0; currentTxHash: ""\000\000\000\000\000\000\000\000\000\000\000\000\000\000\000\000\000\000\000\000\000\000\000\000\000\000\000\000\000\000\000\000""; nodePubKey: ""\003.\200\224\215?)t\306\315\242\313\251\255\302\204=\232.\271%}\013\024s\024\002@\216l""\241F""; closeTime: 803902504; signature: ""0D\002 6h|\224V\322\250\363-\347gk\333\277\266\237\232\027\347YO\270D\277Q\271\022\222\032-}\305\002 <\216\340\232\231\275\203d^\252\210b]\260\236%I\325\253!0\210\225\n:%\007\262A\0179\235""; previousledger: ""\302\001\313@D\264\016\334\r\034\035\\276\225\314|\234S*r\007\370x>\305D*\007b\276v\316""; ","proposeSeq: 0; currentTxHash: ""\000\000\000\000\000\000\000\000\000\000\000\000\000\000\000\000\000\000\000\000\000\000\000\000\000\000\000\000\000\000\000\000""; nodePubKey: ""\003.\200\224\215?)t\306\315\242\313\251\255\302\204=\232.\271%}\013\024s\024\002@\216l""\241F""; closeTime: 803902504; signature: ""0D\002 6h|\224V\322\250\363-\347gk\333\277\266\237\232\027\347YO\270D\277Q\271\022\222\032-}\305\002 <\216\340\232\231\275\203d^\252\210b]\260\236%I\325\253!0\210\225\n:%\007\262A\0179\235""; previousledger: ""\302\001\313@D\264\016\334\r\034\035\\276\225\314|\234S*r\007\370x>\305D*\007b\276v\316""; "
1750587304779,1750587304779,0,1,1,0,TMProposeSet,"proposeSeq: 0; currentTxHash: ""\000\000\000\000\000\000\000\000\000\000\000\000\000\000\000\000\000\000\000\000\000\000\000\000\000\000\000\000\000\000\000\000""; nodePubKey: ""\003.\200\224\215?)t\306\315\242\313\251\255\302\204=\232.\271%}\013\024s\024\002@\216l""\241F""; closeTime: 803902504; signature: ""0D\002 6h|\224V\322\250\363-\347gk\333\277\266\237\232\027\347YO\270D\277Q\271\022\222\032-}\305\002 <\216\340\232\231\275\203d^\252\210b]\260\236%I\325\253!0\210\225\n:%\007\262A\0179\235""; previousledger: ""\302\001\313@D\264\016\334\r\034\035\\276\225\314|\234S*r\007\370x>\305D*\007b\276v\316""; ","proposeSeq: 0; currentTxHash: ""\000\000\000\000\000\000\000\000\000\000\000\000\000\000\000\000\000\000\000\000\000\000\000\000\000\000\000\000\000\000\000\000""; nodePubKey: ""\003.\200\224\215?)t\306\315\242\313\251\255\302\204=\232.\271%}\013\024s\024\002@\216l""\241F""; closeTime: 803902504; signature: ""0D\002 6h|\224V\322\250\363-\347gk\333\277\266\237\232\027\347YO\270D\277Q\271\022\222\032-}\305\002 <\216\340\232\231\275\203d^\252\210b]\260\236%I\325\253!0\210\225\n:%\007\262A\0179\235""; previousledger: ""\302\001\313@D\264\016\334\r\034\035\\276\225\314|\234S*r\007\370x>\305D*\007b\276v\316""; "
1750587304767,1750587304852,0,1,4,2,TMStatusChange,"newEvent: neCLOSING_LEDGER; ledgerSeq: 13; ledgerHash: ""\302\001\313@D\264\016\334\r\034\035\\276\225\314|\234S*r\007\370x>\305D*\007b\276v\316""; ledgerHashPrevious: ""\304J\342j\272\270\274\360\307\356\347\200Ywm#\014\233\301\022L\232T\033N\341\232\325\233\227\313\307""; networkTime: 803902504; firstSeq: 1; lastSeq: 13; ","newEvent: neCLOSING_LEDGER; ledgerSeq: 13; ledgerHash: ""\302\001\313@D\264\016\334\r\034\035\\276\225\314|\234S*r\007\370x>\305D*\007b\276v\316""; ledgerHashPrevious: ""\304J\342j\272\270\274\360\307\356\347\200Ywm#\014\233\301\022L\232T\033N\341\232\325\233\227\313\307""; networkTime: 803902504; firstSeq: 1; lastSeq: 13; "
1750587304769,1750587304854,0,1,4,0,TMStatusChange,"newEvent: neCLOSING_LEDGER; ledgerSeq: 13; ledgerHash: ""\302\001\313@D\264\016\334\r\034\035\\276\225\314|\234S*r\007\370x>\305D*\007b\276v\316""; ledgerHashPrevious: ""\304J\342j\272\270\274\360\307\356\347\200Ywm#\014\233\301\022L\232T\033N\341\232\325\233\227\313\307""; networkTime: 803902504; firstSeq: 1; lastSeq: 13; ","newEvent: neCLOSING_LEDGER; ledgerSeq: 13; ledgerHash: ""\302\001\313@D\264\016\334\r\034\035\\276\225\314|\234S*r\007\370x>\305D*\007b\276v\316""; ledgerHashPrevious: ""\304J\342j\272\270\274\360\307\356\347\200Ywm#\014\233\301\022L\232T\033N\341\232\325\233\227\313\307""; networkTime: 803902504; firstSeq: 1; lastSeq: 13; "
1750587304768,1750587304853,0,1,4,3,TMStatusChange,"newEvent: neCLOSING_LEDGER; ledgerSeq: 13; ledgerHash: ""\302\001\313@D\264\016\334\r\034\035\\276\225\314|\234S*r\007\370x>\305D*\007b\276v\316""; ledgerHashPrevious: ""\304J\342j\272\270\274\360\307\356\347\200Ywm#\014\233\301\022L\232T\033N\341\232\325\233\227\313\307""; networkTime: 803902504; firstSeq: 1; lastSeq: 13; ","newEvent: neCLOSING_LEDGER; ledgerSeq: 13; ledgerHash: ""\302\001\313@D\264\016\334\r\034\035\\276\225\314|\234S*r\007\370x>\305D*\007b\276v\316""; ledgerHashPrevious: ""\304J\342j\272\270\274\360\307\356\347\200Ywm#\014\233\301\022L\232T\033N\341\232\325\233\227\313\307""; networkTime: 803902504; firstSeq: 1; lastSeq: 13; "
1750587304770,1750587304854,0,1,4,1,TMStatusChange,"newEvent: neCLOSING_LEDGER; ledgerSeq: 13; ledgerHash: ""\302\001\313@D\264\016\334\r\034\035\\276\225\314|\234S*r\007\370x>\305D*\007b\276v\316""; ledgerHashPrevious: ""\304J\342j\272\270\274\360\307\356\347\200Ywm#\014\233\301\022L\232T\033N\341\232\325\233\227\313\307""; networkTime: 803902504; firstSeq: 1; lastSeq: 13; ","newEvent: neCLOSING_LEDGER; ledgerSeq: 13; ledgerHash: ""\302\001\313@D\264\016\334\r\034\035\\276\225\314|\234S*r\007\370x>\305D*\007b\276v\316""; ledgerHashPrevious: ""\304J\342j\272\270\274\360\307\356\347\200Ywm#\014\233\301\022L\232T\033N\341\232\325\233\227\313\307""; networkTime: 803902504; firstSeq: 1; lastSeq: 13; "
1750587305453,1750587305453,0,1,1,3,TMStatusChange,"newEvent: neACCEPTED_LEDGER; ledgerSeq: 14; ledgerHash: ""D!=\355\210\037\325\034/l\242\365\034!w\324\362\3252-\025\351\314\2334,\306Dd\037v\256""; ledgerHashPrevious: ""\302\001\313@D\264\016\334\r\034\035\\276\225\314|\234S*r\007\370x>\305D*\007b\276v\316""; networkTime: 803902505; firstSeq: 1; lastSeq: 13; ","newEvent: neACCEPTED_LEDGER; ledgerSeq: 14; ledgerHash: ""D!=\355\210\037\325\034/l\242\365\034!w\324\362\3252-\025\351\314\2334,\306Dd\037v\256""; ledgerHashPrevious: ""\302\001\313@D\264\016\334\r\034\035\\276\225\314|\234S*r\007\370x>\305D*\007b\276v\316""; networkTime: 803902505; firstSeq: 1; lastSeq: 13; "
1750587305454,1750587305454,0,1,1,4,TMStatusChange,"newEvent: neACCEPTED_LEDGER; ledgerSeq: 14; ledgerHash: ""D!=\355\210\037\325\034/l\242\365\034!w\324\362\3252-\025\351\314\2334,\306Dd\037v\256""; ledgerHashPrevious: ""\302\001\313@D\264\016\334\r\034\035\\276\225\314|\234S*r\007\370x>\305D*\007b\276v\316""; networkTime: 803902505; firstSeq: 1; lastSeq: 13; ","newEvent: neACCEPTED_LEDGER; ledgerSeq: 14; ledgerHash: ""D!=\355\210\037\325\034/l\242\365\034!w\324\362\3252-\025\351\314\2334,\306Dd\037v\256""; ledgerHashPrevious: ""\302\001\313@D\264\016\334\r\034\035\\276\225\314|\234S*r\007\370x>\305D*\007b\276v\316""; networkTime: 803902505; firstSeq: 1; lastSeq: 13; "
1750587305454,1750587305454,0,1,1,4,TMValidation,"validation: """"\200\000\000\001&\000\000\000\016)/\352\224):?HT\314/\177\320^QD!=\355\210\037\325\034/l\242\365\034!w\324\362\3252-\025\351\314\2334,\306Dd\037v\256P\027\000\000\000\000\000\000\000\000\000\000\000\000\000\000\000\000\000\000\000\000\000\000\000\000\000\000\000\000\000\000\000\000P\031\302\001\313@D\264\016\334\r\034\035\\276\225\314|\234S*r\007\370x>\305D*\007b\276v\316s!\003\343\005\311u\203\370\0338\3174\324\010\006\301\251\177\261\304eOX\262)FA-\022r\263wm\024vG0E\002!\000\2301?\315\302<\244\316\233\356=U4}\202\t\310\007\355\030\3264\314\332\213\333\2767,\272g\016\002 Jh\364\237\r\357eJ.\027\243I\272\013\252\315^,\207?\2715\215s\250~\371>\313\341\030\347""; ","validation: """"\200\000\000\001&\000\000\000\016)/\352\224):?HT\314/\177\320^QD!=\355\210\037\325\034/l\242\365\034!w\324\362\3252-\025\351\314\2334,\306Dd\037v\256P\027\000\000\000\000\000\000\000\000\000\000\000\000\000\000\000\000\000\000\000\000\000\000\000\000\000\000\000\000\000\000\000\000P\031\302\001\313@D\264\016\334\r\034\035\\276\225\314|\234S*r\007\370x>\305D*\007b\276v\316s!\003\343\005\311u\203\370\0338\3174\324\010\006\301\251\177\261\304eOX\262)FA-\022r\263wm\024vG0E\002!\000\2301?\315\302<\244\316\233\356=U4}\202\t\310\007\355\030\3264\314\332\213\333\2767,\272g\016\002 Jh\364\237\r\357eJ.\027\243I\272\013\252\315^,\207?\2715\215s\250~\371>\313\341\030\347""; "
1750587305455,1750587305455,0,1,1,0,TMStatusChange,"newEvent: neACCEPTED_LEDGER; ledgerSeq: 14; ledgerHash: ""D!=\355\210\037\325\034/l\242\365\034!w\324\362\3252-\025\351\314\2334,\306Dd\037v\256""; ledgerHashPrevious: ""\302\001\313@D\264\016\334\r\034\035\\276\225\314|\234S*r\007\370x>\305D*\007b\276v\316""; networkTime: 803902505; firstSeq: 1; lastSeq: 13; ","newEvent: neACCEPTED_LEDGER; ledgerSeq: 14; ledgerHash: ""D!=\355\210\037\325\034/l\242\365\034!w\324\362\3252-\025\351\314\2334,\306Dd\037v\256""; ledgerHashPrevious: ""\302\001\313@D\264\016\334\r\034\035\\276\225\314|\234S*r\007\370x>\305D*\007b\276v\316""; networkTime: 803902505; firstSeq: 1; lastSeq: 13; "
1750587305455,1750587305455,0,1,1,2,TMStatusChange,"newEvent: neACCEPTED_LEDGER; ledgerSeq: 14; ledgerHash: ""D!=\355\210\037\325\034/l\242\365\034!w\324\362\3252-\025\351\314\2334,\306Dd\037v\256""; ledgerHashPrevious: ""\302\001\313@D\264\016\334\r\034\035\\276\225\314|\234S*r\007\370x>\305D*\007b\276v\316""; networkTime: 803902505; firstSeq: 1; lastSeq: 13; ","newEvent: neACCEPTED_LEDGER; ledgerSeq: 14; ledgerHash: ""D!=\355\210\037\325\034/l\242\365\034!w\324\362\3252-\025\351\314\2334,\306Dd\037v\256""; ledgerHashPrevious: ""\302\001\313@D\264\016\334\r\034\035\\276\225\314|\234S*r\007\370x>\305D*\007b\276v\316""; networkTime: 803902505; firstSeq: 1; lastSeq: 13; "
1750587305458,1750587305458,0,1,4,2,TMValidation,"validation: """"\200\000\000\001&\000\000\000\016)/\352\224):?HT\314/\177\320^QD!=\355\210\037\325\034/l\242\365\034!w\324\362\3252-\025\351\314\2334,\306Dd\037v\256P\027\000\000\000\000\000\000\000\000\000\000\000\000\000\000\000\000\000\000\000\000\000\000\000\000\000\000\000\000\000\000\000\000P\031\302\001\313@D\264\016\334\r\034\035\\276\225\314|\234S*r\007\370x>\305D*\007b\276v\316s!\003\343\005\311u\203\370\0338\3174\324\010\006\301\251\177\261\304eOX\262)FA-\022r\263wm\024vG0E\002!\000\2301?\315\302<\244\316\233\356=U4}\202\t\310\007\355\030\3264\314\332\213\333\2767,\272g\016\002 Jh\364\237\r\357eJ.\027\243I\272\013\252\315^,\207?\2715\215s\250~\371>\313\341\030\347""; ","validation: """"\200\000\000\001&\000\000\000\016)/\352\224):?HT\314/\177\320^QD!=\355\210\037\325\034/l\242\365\034!w\324\362\3252-\025\351\314\2334,\306Dd\037v\256P\027\000\000\000\000\000\000\000\000\000\000\000\000\000\000\000\000\000\000\000\000\000\000\000\000\000\000\000\000\000\000\000\000P\031\302\001\313@D\264\016\334\r\034\035\\276\225\314|\234S*r\007\370x>\305D*\007b\276v\316s!\003\343\005\311u\203\370\0338\3174\324\010\006\301\251\177\261\304eOX\262)FA-\022r\263wm\024vG0E\002!\000\2301?\315\302<\244\316\233\356=U4}\202\t\310\007\355\030\3264\314\332\213\333\2767,\272g\016\002 Jh\364\237\r\357eJ.\027\243I\272\013\252\315^,\207?\2715\215s\250~\371>\313\341\030\347""; "
1750587305458,1750587305458,0,1,4,1,TMGetLedger,"itype: liBASE; ledgerHash: ""D!=\355\210\037\325\034/l\242\365\034!w\324\362\3252-\025\351\314\2334,\306Dd\037v\256""; ","itype: liBASE; ledgerHash: ""D!=\355\210\037\325\034/l\242\365\034!w\324\362\3252-\025\351\314\2334,\306Dd\037v\256""; "
1750587305458,1750587305459,0,1,4,3,TMValidation,"validation: """"\200\000\000\001&\000\000\000\016)/\352\224):?HT\314/\177\320^QD!=\355\210\037\325\034/l\242\365\034!w\324\362\3252-\025\351\314\2334,\306Dd\037v\256P\027\000\000\000\000\000\000\000\000\000\000\000\000\000\000\000\000\000\000\000\000\000\000\000\000\000\000\000\000\000\000\000\000P\031\302\001\313@D\264\016\334\r\034\035\\276\225\314|\234S*r\007\370x>\305D*\007b\276v\316s!\003\343\005\311u\203\370\0338\3174\324\010\006\301\251\177\261\304eOX\262)FA-\022r\263wm\024vG0E\002!\000\2301?\315\302<\244\316\233\356=U4}\202\t\310\007\355\030\3264\314\332\213\333\2767,\272g\016\002 Jh\364\237\r\357eJ.\027\243I\272\013\252\315^,\207?\2715\215s\250~\371>\313\341\030\347""; ","validation: """"\200\000\000\001&\000\000\000\016)/\352\224):?HT\314/\177\320^QD!=\355\210\037\325\034/l\242\365\034!w\324\362\3252-\025\351\314\2334,\306Dd\037v\256P\027\000\000\000\000\000\000\000\000\000\000\000\000\000\000\000\000\000\000\000\000\000\000\000\000\000\000\000\000\000\000\000\000P\031\302\001\313@D\264\016\334\r\034\035\\276\225\314|\234S*r\007\370x>\305D*\007b\276v\316s!\003\343\005\311u\203\370\0338\3174\324\010\006\301\251\177\261\304eOX\262)FA-\022r\263wm\024vG0E\002!\000\2301?\315\302<\244\316\233\356=U4}\202\t\310\007\355\030\3264\314\332\213\333\2767,\272g\016\002 Jh\364\237\r\357eJ.\027\243I\272\013\252\315^,\207?\2715\215s\250~\371>\313\341\030\347""; "
1750587305459,1750587305459,0,1,4,0,TMValidation,"validation: """"\200\000\000\001&\000\000\000\016)/\352\224):?HT\314/\177\320^QD!=\355\210\037\325\034/l\242\365\034!w\324\362\3252-\025\351\314\2334,\306Dd\037v\256P\027\000\000\000\000\000\000\000\000\000\000\000\000\000\000\000\000\000\000\000\000\000\000\000\000\000\000\000\000\000\000\000\000P\031\302\001\313@D\264\016\334\r\034\035\\276\225\314|\234S*r\007\370x>\305D*\007b\276v\316s!\003\343\005\311u\203\370\0338\3174\324\010\006\301\251\177\261\304eOX\262)FA-\022r\263wm\024vG0E\002!\000\2301?\315\302<\244\316\233\356=U4}\202\t\310\007\355\030\3264\314\332\213\333\2767,\272g\016\002 Jh\364\237\r\357eJ.\027\243I\272\013\252\315^,\207?\2715\215s\250~\371>\313\341\030\347""; ","validation: """"\200\000\000\001&\000\000\000\016)/\352\224):?HT\314/\177\320^QD!=\355\210\037\325\034/l\242\365\034!w\324\362\3252-\025\351\314\2334,\306Dd\037v\256P\027\000\000\000\000\000\000\000\000\000\000\000\000\000\000\000\000\000\000\000\000\000\000\000\000\000\000\000\000\000\000\000\000P\031\302\001\313@D\264\016\334\r\034\035\\276\225\314|\234S*r\007\370x>\305D*\007b\276v\316s!\003\343\005\311u\203\370\0338\3174\324\010\006\301\251\177\261\304eOX\262)FA-\022r\263wm\024vG0E\002!\000\2301?\315\302<\244\316\233\356=U4}\202\t\310\007\355\030\3264\314\332\213\333\2767,\272g\016\002 Jh\364\237\r\357eJ.\027\243I\272\013\252\315^,\207?\2715\215s\250~\371>\313\341\030\347""; "
1750587305459,1750587305459,0,1,4,0,TMGetLedger,"itype: liBASE; ledgerHash: ""D!=\355\210\037\325\034/l\242\365\034!w\324\362\3252-\025\351\314\2334,\306Dd\037v\256""; ","itype: liBASE; ledgerHash: ""D!=\355\210\037\325\034/l\242\365\034!w\324\362\3252-\025\351\314\2334,\306Dd\037v\256""; "
1750587305460,1750587305460,0,1,4,3,TMGetLedger,"itype: liBASE; ledgerHash: ""D!=\355\210\037\325\034/l\242\365\034!w\324\362\3252-\025\351\314\2334,\306Dd\037v\256""; ","itype: liBASE; ledgerHash: ""D!=\355\210\037\325\034/l\242\365\034!w\324\362\3252-\025\351\314\2334,\306Dd\037v\256""; "
1750587305460,1750587305460,0,1,4,0,TMGetLedger,"itype: liBASE; ledgerHash: ""D!=\355\210\037\325\034/l\242\365\034!w\324\362\3252-\025\351\314\2334,\306Dd\037v\256""; queryType: qtINDIRECT; ","itype: liBASE; ledgerHash: ""D!=\355\210\037\325\034/l\242\365\034!w\324\362\3252-\025\351\314\2334,\306Dd\037v\256""; queryType: qtINDIRECT; "
1750587305460,1750587305460,0,1,4,2,TMGetLedger,"itype: liBASE; ledgerHash: ""D!=\355\210\037\325\034/l\242\365\034!w\324\362\3252-\025\351\314\2334,\306Dd\037v\256""; ","itype: liBASE; ledgerHash: ""D!=\355\210\037\325\034/l\242\365\034!w\324\362\3252-\025\351\314\2334,\306Dd\037v\256""; "
1750587305460,1750587305461,0,1,4,2,TMGetLedger,"itype: liBASE; ledgerHash: ""D!=\355\210\037\325\034/l\242\365\034!w\324\362\3252-\025\351\314\2334,\306Dd\037v\256""; queryType: qtINDIRECT; ","itype: liBASE; ledgerHash: ""D!=\355\210\037\325\034/l\242\365\034!w\324\362\3252-\025\351\314\2334,\306Dd\037v\256""; queryType: qtINDIRECT; "
1750587305461,1750587305461,0,1,4,3,TMGetLedger,"itype: liBASE; ledgerHash: ""D!=\355\210\037\325\034/l\242\365\034!w\324\362\3252-\025\351\314\2334,\306Dd\037v\256""; queryType: qtINDIRECT; ","itype: liBASE; ledgerHash: ""D!=\355\210\037\325\034/l\242\365\034!w\324\362\3252-\025\351\314\2334,\306Dd\037v\256""; queryType: qtINDIRECT; "
1750587305461,1750587305461,0,1,4,1,TMGetLedger,"itype: liBASE; ledgerHash: ""D!=\355\210\037\325\034/l\242\365\034!w\324\362\3252-\025\351\314\2334,\306Dd\037v\256""; queryType: qtINDIRECT; ","itype: liBASE; ledgerHash: ""D!=\355\210\037\325\034/l\242\365\034!w\324\362\3252-\025\351\314\2334,\306Dd\037v\256""; queryType: qtINDIRECT; "
1750587305463,1750587305463,0,1,2,1,TMValidation,"validation: """"\200\000\000\001&\000\000\000\016)/\352\224):?HT\314/\177\320^QD!=\355\210\037\325\034/l\242\365\034!w\324\362\3252-\025\351\314\2334,\306Dd\037v\256P\027\000\000\000\000\000\000\000\000\000\000\000\000\000\000\000\000\000\000\000\000\000\000\000\000\000\000\000\000\000\000\000\000P\031\302\001\313@D\264\016\334\r\034\035\\276\225\314|\234S*r\007\370x>\305D*\007b\276v\316s!\003\343\005\311u\203\370\0338\3174\324\010\006\301\251\177\261\304eOX\262)FA-\022r\263wm\024vG0E\002!\000\2301?\315\302<\244\316\233\356=U4}\202\t\310\007\355\030\3264\314\332\213\333\2767,\272g\016\002 Jh\364\237\r\357eJ.\027\243I\272\013\252\315^,\207?\2715\215s\250~\371>\313\341\030\347""; ","validation: """"\200\000\000\001&\000\000\000\016)/\352\224):?HT\314/\177\320^QD!=\355\210\037\325\034/l\242\365\034!w\324\362\3252-\025\351\314\2334,\306Dd\037v\256P\027\000\000\000\000\000\000\000\000\000\000\000\000\000\000\000\000\000\000\000\000\000\000\000\000\000\000\000\000\000\000\000\000P\031\302\001\313@D\264\016\334\r\034\035\\276\225\314|\234S*r\007\370x>\305D*\007b\276v\316s!\003\343\005\311u\203\370\0338\3174\324\010\006\301\251\177\261\304eOX\262)FA-\022r\263wm\024vG0E\002!\000\2301?\315\302<\244\316\233\356=U4}\202\t\310\007\355\030\3264\314\332\213\333\2767,\272g\016\002 Jh\364\237\r\357eJ.\027\243I\272\013\252\315^,\207?\2715\215s\250~\371>\313\341\030\347""; "
1750587305464,1750587305464,0,1,2,4,TMGetLedger,"itype: liBASE; ledgerHash: ""D!=\355\210\037\325\034/l\242\365\034!w\324\362\3252-\025\351\314\2334,\306Dd\037v\256""; queryType: qtINDIRECT; ","itype: liBASE; ledgerHash: ""D!=\355\210\037\325\034/l\242\365\034!w\324\362\3252-\025\351\314\2334,\306Dd\037v\256""; queryType: qtINDIRECT; "
1750587305464,1750587305464,0,1,2,0,TMValidation,"validation: """"\200\000\000\001&\000\000\000\016)/\352\224):?HT\314/\177\320^QD!=\355\210\037\325\034/l\242\365\034!w\324\362\3252-\025\351\314\2334,\306Dd\037v\256P\027\000\000\000\000\000\000\000\000\000\000\000\000\000\000\000\000\000\000\000\000\000\000\000\000\000\000\000\000\000\000\000\000P\031\302\001\313@D\264\016\334\r\034\035\\276\225\314|\234S*r\007\370x>\305D*\007b\276v\316s!\003\343\005\311u\203\370\0338\3174\324\010\006\301\251\177\261\304eOX\262)FA-\022r\263wm\024vG0E\002!\000\2301?\315\302<\244\316\233\356=U4}\202\t\310\007\355\030\3264\314\332\213\333\2767,\272g\016\002 Jh\364\237\r\357eJ.\027\243I\272\013\252\315^,\207?\2715\215s\250~\371>\313\341\030\347""; ","validation: """"\200\000\000\001&\000\000\000\016)/\352\224):?HT\314/\177\320^QD!=\355\210\037\325\034/l\242\365\034!w\324\362\3252-\025\351\314\2334,\306Dd\037v\256P\027\000\000\000\000\000\000\000\000\000\000\000\000\000\000\000\000\000\000\000\000\000\000\000\000\000\000\000\000\000\000\000\000P\031\302\001\313@D\264\016\334\r\034\035\\276\225\314|\234S*r\007\370x>\305D*\007b\276v\316s!\003\343\005\311u\203\370\0338\3174\324\010\006\301\251\177\261\304eOX\262)FA-\022r\263wm\024vG0E\002!\000\2301?\315\302<\244\316\233\356=U4}\202\t\310\007\355\030\3264\314\332\213\333\2767,\272g\016\002 Jh\364\237\r\357eJ.\027\243I\272\013\252\315^,\207?\2715\215s\250~\371>\313\341\030\347""; "
1750587305464,1750587305464,0,1,2,3,TMValidation,"validation: """"\200\000\000\001&\000\000\000\016)/\352\224):?HT\314/\177\320^QD!=\355\210\037\325\034/l\242\365\034!w\324\362\3252-\025\351\314\2334,\306Dd\037v\256P\027\000\000\000\000\000\000\000\000\000\000\000\000\000\000\000\000\000\000\000\000\000\000\000\000\000\000\000\000\000\000\000\000P\031\302\001\313@D\264\016\334\r\034\035\\276\225\314|\234S*r\007\370x>\305D*\007b\276v\316s!\003\343\005\311u\203\370\0338\3174\324\010\006\301\251\177\261\304eOX\262)FA-\022r\263wm\024vG0E\002!\000\2301?\315\302<\244\316\233\356=U4}\202\t\310\007\355\030\3264\314\332\213\333\2767,\272g\016\002 Jh\364\237\r\357eJ.\027\243I\272\013\252\315^,\207?\2715\215s\250~\371>\313\341\030\347""; ","validation: """"\200\000\000\001&\000\000\000\016)/\352\224):?HT\314/\177\320^QD!=\355\210\037\325\034/l\242\365\034!w\324\362\3252-\025\351\314\2334,\306Dd\037v\256P\027\000\000\000\000\000\000\000\000\000\000\000\000\000\000\000\000\000\000\000\000\000\000\000\000\000\000\000\000\000\000\000\000P\031\302\001\313@D\264\016\334\r\034\035\\276\225\314|\234S*r\007\370x>\305D*\007b\276v\316s!\003\343\005\311u\203\370\0338\3174\324\010\006\301\251\177\261\304eOX\262)FA-\022r\263wm\024vG0E\002!\000\2301?\315\302<\244\316\233\356=U4}\202\t\310\007\355\030\3264\314\332\213\333\2767,\272g\016\002 Jh\364\237\r\357eJ.\027\243I\272\013\252\315^,\207?\2715\215s\250~\371>\313\341\030\347""; "
1750587305464,1750587305464,0,1,2,4,TMGetLedger,"itype: liBASE; ledgerHash: ""D!=\355\210\037\325\034/l\242\365\034!w\324\362\3252-\025\351\314\2334,\306Dd\037v\256""; ","itype: liBASE; ledgerHash: ""D!=\355\210\037\325\034/l\242\365\034!w\324\362\3252-\025\351\314\2334,\306Dd\037v\256""; "
1750587305464,1750587305464,0,1,1,4,TMLedgerData,"ledgerHash: ""D!=\355\210\037\325\034/l\242\365\034!w\324\362\3252-\025\351\314\2334,\306Dd\037v\256""; ledgerSeq: 14; type: liBASE; nodes {;   nodedata: ""\000\000\000\016\001cEx]\211\377\330\302\001\313@D\264\016\334\r\034\035\\276\225\314|\234S*r\007\370x>\305D*\007b\276v\316\000\000\000\000\000\000\000\000\000\000\000\000\000\000\000\000\000\000\000\000\000\000\000\000\000\000\000\000\000\000\000\000\032\273""\014""\325\014\233\211\025\030\003\267*\335\360\233\033\\206Pqj\016!\273\210:/\371\345\010/\352\224&/\352\224'\n\000""; }; nodes {;   nodedata: ""h\315\350\215y\203\242]\371\235\232Pt&\325\210eZ\346\237XZ \277\2457n\221\336\253\245\317\002\304\206+8\t]\351\316\373|\311\263V\300\023\035\211\237\260\300\r\033u3a1\203\303\365\307k\347\006E\344\037@\210\363\010\336T\226\247'\204_{\261\370""1\235\2445\343\033Y!\212\201\341\272\225'\007*$\244&\336\343'\233i\332\374\245 {^\306-N\333\gE\006\347\212\331C\211Z\177\247\031\n0\261\nBJ\246\330\014\2051\313\\302[\353\004\322_@\313\254\253\215S1\000\200\261\nH;L\013\202_n)6q\357\2538_-\302\252B\204v\277\254\373\3322Ca\020\243\0105\263\257\367\032\254\016\003""; }; ","ledgerHash: ""D!=\355\210\037\325\034/l\242\365\034!w\324\362\3252-\025\351\314\2334,\306Dd\037v\256""; ledgerSeq: 14; type: liBASE; nodes {;   nodedata: ""\000\000\000\016\001cEx]\211\377\330\302\001\313@D\264\016\334\r\034\035\\276\225\314|\234S*r\007\370x>\305D*\007b\276v\316\000\000\000\000\000\000\000\000\000\000\000\000\000\000\000\000\000\000\000\000\000\000\000\000\000\000\000\000\000\000\000\000\032\273""\014""\325\014\233\211\025\030\003\267*\335\360\233\033\\206Pqj\016!\273\210:/\371\345\010/\352\224&/\352\224'\n\000""; }; nodes {;   nodedata: ""h\315\350\215y\203\242]\371\235\232Pt&\325\210eZ\346\237XZ \277\2457n\221\336\253\245\317\002\304\206+8\t]\351\316\373|\311\263V\300\023\035\211\237\260\300\r\033u3a1\203\303\365\307k\347\006E\344\037@\210\363\010\336T\226\247'\204_{\261\370""1\235\2445\343\033Y!\212\201\341\272\225'\007*$\244&\336\343'\233i\332\374\245 {^\306-N\333\gE\006\347\212\331C\211Z\177\247\031\n0\261\nBJ\246\330\014\2051\313\\302[\353\004\322_@\313\254\253\215S1\000\200\261\nH;L\013\202_n)6q\357\2538_-\302\252B\204v\277\254\373\3322Ca\020\243\0105\263\257\367\032\254\016\003""; }; "
1750587305465,1750587305465,0,1,3,1,TMValidation,"validation: """"\200\000\000\001&\000\000\000\016)/\352\224):?HT\314/\177\320^QD!=\355\210\037\325\034/l\242\365\034!w\324\362\3252-\025\351\314\2334,\306Dd\037v\256P\027\000\000\000\000\000\000\000\000\000\000\000\000\000\000\000\000\000\000\000\000\000\000\000\000\000\000\000\000\000\000\000\000P\031\302\001\313@D\264\016\334\r\034\035\\276\225\314|\234S*r\007\370x>\305D*\007b\276v\316s!\003\343\005\311u\203\370\0338\3174\324\010\006\301\251\177\261\304eOX\262)FA-\022r\263wm\024vG0E\002!\000\2301?\315\302<\244\316\233\356=U4}\202\t\310\007\355\030\3264\314\332\213\333\2767,\272g\016\002 Jh\364\237\r\357eJ.\027\243I\272\013\252\315^,\207?\2715\215s\250~\371>\313\341\030\347""; ","validation: """"\200\000\000\001&\000\000\000\016)/\352\224):?HT\314/\177\320^QD!=\355\210\037\325\034/l\242\365\034!w\324\362\3252-\025\351\314\2334,\306Dd\037v\256P\027\000\000\000\000\000\000\000\000\000\000\000\000\000\000\000\000\000\000\000\000\000\000\000\000\000\000\000\000\000\000\000\000P\031\302\001\313@D\264\016\334\r\034\035\\276\225\314|\234S*r\007\370x>\305D*\007b\276v\316s!\003\343\005\311u\203\370\0338\3174\324\010\006\301\251\177\261\304eOX\262)FA-\022r\263wm\024vG0E\002!\000\2301?\315\302<\244\316\233\356=U4}\202\t\310\007\355\030\3264\314\332\213\333\2767,\272g\016\002 Jh\364\237\r\357eJ.\027\243I\272\013\252\315^,\207?\2715\215s\250~\371>\313\341\030\347""; "
1750587305465,1750587305465,0,1,3,0,TMValidation,"validation: """"\200\000\000\001&\000\000\000\016)/\352\224):?HT\314/\177\320^QD!=\355\210\037\325\034/l\242\365\034!w\324\362\3252-\025\351\314\2334,\306Dd\037v\256P\027\000\000\000\000\000\000\000\000\000\000\000\000\000\000\000\000\000\000\000\000\000\000\000\000\000\000\000\000\000\000\000\000P\031\302\001\313@D\264\016\334\r\034\035\\276\225\314|\234S*r\007\370x>\305D*\007b\276v\316s!\003\343\005\311u\203\370\0338\3174\324\010\006\301\251\177\261\304eOX\262)FA-\022r\263wm\024vG0E\002!\000\2301?\315\302<\244\316\233\356=U4}\202\t\310\007\355\030\3264\314\332\213\333\2767,\272g\016\002 Jh\364\237\r\357eJ.\027\243I\272\013\252\315^,\207?\2715\215s\250~\371>\313\341\030\347""; ","validation: """"\200\000\000\001&\000\000\000\016)/\352\224):?HT\314/\177\320^QD!=\355\210\037\325\034/l\242\365\034!w\324\362\3252-\025\351\314\2334,\306Dd\037v\256P\027\000\000\000\000\000\000\000\000\000\000\000\000\000\000\000\000\000\000\000\000\000\000\000\000\000\000\000\000\000\000\000\000P\031\302\001\313@D\264\016\334\r\034\035\\276\225\314|\234S*r\007\370x>\305D*\007b\276v\316s!\003\343\005\311u\203\370\0338\3174\324\010\006\301\251\177\261\304eOX\262)FA-\022r\263wm\024vG0E\002!\000\2301?\315\302<\244\316\233\356=U4}\202\t\310\007\355\030\3264\314\332\213\333\2767,\272g\016\002 Jh\364\237\r\357eJ.\027\243I\272\013\252\315^,\207?\2715\215s\250~\371>\313\341\030\347""; "
1750587305466,1750587305466,0,1,3,2,TMValidation,"validation: """"\200\000\000\001&\000\000\000\016)/\352\224):?HT\314/\177\320^QD!=\355\210\037\325\034/l\242\365\034!w\324\362\3252-\025\351\314\2334,\306Dd\037v\256P\027\000\000\000\000\000\000\000\000\000\000\000\000\000\000\000\000\000\000\000\000\000\000\000\000\000\000\000\000\000\000\000\000P\031\302\001\313@D\264\016\334\r\034\035\\276\225\314|\234S*r\007\370x>\305D*\007b\276v\316s!\003\343\005\311u\203\370\0338\3174\324\010\006\301\251\177\261\304eOX\262)FA-\022r\263wm\024vG0E\002!\000\2301?\315\302<\244\316\233\356=U4}\202\t\310\007\355\030\3264\314\332\213\333\2767,\272g\016\002 Jh\364\237\r\357eJ.\027\243I\272\013\252\315^,\207?\2715\215s\250~\371>\313\341\030\347""; ","validation: """"\200\000\000\001&\000\000\000\016)/\352\224):?HT\314/\177\320^QD!=\355\210\037\325\034/l\242\365\034!w\324\362\3252-\025\351\314\2334,\306Dd\037v\256P\027\000\000\000\000\000\000\000\000\000\000\000\000\000\000\000\000\000\000\000\000\000\000\000\000\000\000\000\000\000\000\000\000P\031\302\001\313@D\264\016\334\r\034\035\\276\225\314|\234S*r\007\370x>\305D*\007b\276v\316s!\003\343\005\311u\203\370\0338\3174\324\010\006\301\251\177\261\304eOX\262)FA-\022r\263wm\024vG0E\002!\000\2301?\315\302<\244\316\233\356=U4}\202\t\310\007\355\030\3264\314\332\213\333\2767,\272g\016\002 Jh\364\237\r\357eJ.\027\243I\272\013\252\315^,\207?\2715\215s\250~\371>\313\341\030\347""; "
1750587305466,1750587305466,0,1,3,4,TMGetLedger,"itype: liBASE; ledgerHash: ""D!=\355\210\037\325\034/l\242\365\034!w\324\362\3252-\025\351\314\2334,\306Dd\037v\256""; ","itype: liBASE; ledgerHash: ""D!=\355\210\037\325\034/l\242\365\034!w\324\362\3252-\025\351\314\2334,\306Dd\037v\256""; "
1750587305467,1750587305467,0,1,3,4,TMGetLedger,"itype: liBASE; ledgerHash: ""D!=\355\210\037\325\034/l\242\365\034!w\324\362\3252-\025\351\314\2334,\306Dd\037v\256""; queryType: qtINDIRECT; ","itype: liBASE; ledgerHash: ""D!=\355\210\037\325\034/l\242\365\034!w\324\362\3252-\025\351\314\2334,\306Dd\037v\256""; queryType: qtINDIRECT; "
1750587305467,1750587305467,0,1,1,4,TMLedgerData,"ledgerHash: ""D!=\355\210\037\325\034/l\242\365\034!w\324\362\3252-\025\351\314\2334,\306Dd\037v\256""; ledgerSeq: 14; type: liBASE; nodes {;   nodedata: ""\000\000\000\016\001cEx]\211\377\330\302\001\313@D\264\016\334\r\034\035\\276\225\314|\234S*r\007\370x>\305D*\007b\276v\316\000\000\000\000\000\000\000\000\000\000\000\000\000\000\000\000\000\000\000\000\000\000\000\000\000\000\000\000\000\000\000\000\032\273""\014""\325\014\233\211\025\030\003\267*\335\360\233\033\\206Pqj\016!\273\210:/\371\345\010/\352\224&/\352\224'\n\000""; }; nodes {;   nodedata: ""h\315\350\215y\203\242]\371\235\232Pt&\325\210eZ\346\237XZ \277\2457n\221\336\253\245\317\002\304\206+8\t]\351\316\373|\311\263V\300\023\035\211\237\260\300\r\033u3a1\203\303\365\307k\347\006E\344\037@\210\363\010\336T\226\247'\204_{\261\370""1\235\2445\343\033Y!\212\201\341\272\225'\007*$\244&\336\343'\233i\332\374\245 {^\306-N\333\gE\006\347\212\331C\211Z\177\247\031\n0\261\nBJ\246\330\014\2051\313\\302[\353\004\322_@\313\254\253\215S1\000\200\261\nH;L\013\202_n)6q\357\2538_-\302\252B\204v\277\254\373\3322Ca\020\243\0105\263\257\367\032\254\016\003""; }; ","ledgerHash: ""D!=\355\210\037\325\034/l\242\365\034!w\324\362\3252-\025\351\314\2334,\306Dd\037v\256""; ledgerSeq: 14; type: liBASE; nodes {;   nodedata: ""\000\000\000\016\001cEx]\211\377\330\302\001\313@D\264\016\334\r\034\035\\276\225\314|\234S*r\007\370x>\305D*\007b\276v\316\000\000\000\000\000\000\000\000\000\000\000\000\000\000\000\000\000\000\000\000\000\000\000\000\000\000\000\000\000\000\000\000\032\273""\014""\325\014\233\211\025\030\003\267*\335\360\233\033\\206Pqj\016!\273\210:/\371\345\010/\352\224&/\352\224'\n\000""; }; nodes {;   nodedata: ""h\315\350\215y\203\242]\371\235\232Pt&\325\210eZ\346\237XZ \277\2457n\221\336\253\245\317\002\304\206+8\t]\351\316\373|\311\263V\300\023\035\211\237\260\300\r\033u3a1\203\303\365\307k\347\006E\344\037@\210\363\010\336T\226\247'\204_{\261\370""1\235\2445\343\033Y!\212\201\341\272\225'\007*$\244&\336\343'\233i\332\374\245 {^\306-N\333\gE\006\347\212\331C\211Z\177\247\031\n0\261\nBJ\246\330\014\2051\313\\302[\353\004\322_@\313\254\253\215S1\000\200\261\nH;L\013\202_n)6q\357\2538_-\302\252B\204v\277\254\373\3322Ca\020\243\0105\263\257\367\032\254\016\003""; }; "
1750587305468,1750587305468,0,1,1,2,TMValidation,"validation: """"\200\000\000\001&\000\000\000\016)/\352\224):?HT\314/\177\320^QD!=\355\210\037\325\034/l\242\365\034!w\324\362\3252-\025\351\314\2334,\306Dd\037v\256P\027\000\000\000\000\000\000\000\000\000\000\000\000\000\000\000\000\000\000\000\000\000\000\000\000\000\000\000\000\000\000\000\000P\031\302\001\313@D\264\016\334\r\034\035\\276\225\314|\234S*r\007\370x>\305D*\007b\276v\316s!\003\343\005\311u\203\370\0338\3174\324\010\006\301\251\177\261\304eOX\262)FA-\022r\263wm\024vG0E\002!\000\2301?\315\302<\244\316\233\356=U4}\202\t\310\007\355\030\3264\314\332\213\333\2767,\272g\016\002 Jh\364\237\r\357eJ.\027\243I\272\013\252\315^,\207?\2715\215s\250~\371>\313\341\030\347""; ","validation: """"\200\000\000\001&\000\000\000\016)/\352\224):?HT\314/\177\320^QD!=\355\210\037\325\034/l\242\365\034!w\324\362\3252-\025\351\314\2334,\306Dd\037v\256P\027\000\000\000\000\000\000\000\000\000\000\000\000\000\000\000\000\000\000\000\000\000\000\000\000\000\000\000\000\000\000\000\000P\031\302\001\313@D\264\016\334\r\034\035\\276\225\314|\234S*r\007\370x>\305D*\007b\276v\316s!\003\343\005\311u\203\370\0338\3174\324\010\006\301\251\177\261\304eOX\262)FA-\022r\263wm\024vG0E\002!\000\2301?\315\302<\244\316\233\356=U4}\202\t\310\007\355\030\3264\314\332\213\333\2767,\272g\016\002 Jh\364\237\r\357eJ.\027\243I\272\013\252\315^,\207?\2715\215s\250~\371>\313\341\030\347""; "
1750587305468,1750587305468,0,1,4,1,TMGetLedger,"itype: liBASE; ledgerHash: ""D!=\355\210\037\325\034/l\242\365\034!w\324\362\3252-\025\351\314\2334,\306Dd\037v\256""; requestCookie: 3; queryType: qtINDIRECT; ","itype: liBASE; ledgerHash: ""D!=\355\210\037\325\034/l\242\365\034!w\324\362\3252-\025\351\314\2334,\306Dd\037v\256""; requestCookie: 3; queryType: qtINDIRECT; "
1750587305469,1750587305469,0,1,3,2,TMGetLedger,"itype: liBASE; ledgerHash: ""D!=\355\210\037\325\034/l\242\365\034!w\324\362\3252-\025\351\314\2334,\306Dd\037v\256""; ","itype: liBASE; ledgerHash: ""D!=\355\210\037\325\034/l\242\365\034!w\324\362\3252-\025\351\314\2334,\306Dd\037v\256""; "
1750587305469,1750587305469,0,1,3,2,TMGetLedger,"itype: liBASE; ledgerHash: ""D!=\355\210\037\325\034/l\242\365\034!w\324\362\3252-\025\351\314\2334,\306Dd\037v\256""; queryType: qtINDIRECT; ","itype: liBASE; ledgerHash: ""D!=\355\210\037\325\034/l\242\365\034!w\324\362\3252-\025\351\314\2334,\306Dd\037v\256""; queryType: qtINDIRECT; "
1750587305470,1750587305470,0,1,4,1,TMGetLedger,"itype: liAS_NODE; ledgerHash: ""D!=\355\210\037\325\034/l\242\365\034!w\324\362\3252-\025\351\314\2334,\306Dd\037v\256""; ledgerSeq: 14; nodeIDs: ""\260\000\000\000\000\000\000\000\000\000\000\000\000\000\000\000\000\000\000\000\000\000\000\000\000\000\000\000\000\000\000\000\001""; queryType: qtINDIRECT; queryDepth: 1; ","itype: liAS_NODE; ledgerHash: ""D!=\355\210\037\325\034/l\242\365\034!w\324\362\3252-\025\351\314\2334,\306Dd\037v\256""; ledgerSeq: 14; nodeIDs: ""\260\000\000\000\000\000\000\000\000\000\000\000\000\000\000\000\000\000\000\000\000\000\000\000\000\000\000\000\000\000\000\000\001""; queryType: qtINDIRECT; queryDepth: 1; "
1750587305470,1750587305470,0,1,1,3,TMValidation,"validation: """"\200\000\000\001&\000\000\000\016)/\352\224):?HT\314/\177\320^QD!=\355\210\037\325\034/l\242\365\034!w\324\362\3252-\025\351\314\2334,\306Dd\037v\256P\027\000\000\000\000\000\000\000\000\000\000\000\000\000\000\000\000\000\000\000\000\000\000\000\000\000\000\000\000\000\000\000\000P\031\302\001\313@D\264\016\334\r\034\035\\276\225\314|\234S*r\007\370x>\305D*\007b\276v\316s!\003\343\005\311u\203\370\0338\3174\324\010\006\301\251\177\261\304eOX\262)FA-\022r\263wm\024vG0E\002!\000\2301?\315\302<\244\316\233\356=U4}\202\t\310\007\355\030\3264\314\332\213\333\2767,\272g\016\002 Jh\364\237\r\357eJ.\027\243I\272\013\252\315^,\207?\2715\215s\250~\371>\313\341\030\347""; ","validation: """"\200\000\000\001&\000\000\000\016)/\352\224):?HT\314/\177\320^QD!=\355\210\037\325\034/l\242\365\034!w\324\362\3252-\025\351\314\2334,\306Dd\037v\256P\027\000\000\000\000\000\000\000\000\000\000\000\000\000\000\000\000\000\000\000\000\000\000\000\000\000\000\000\000\000\000\000\000P\031\302\001\313@D\264\016\334\r\034\035\\276\225\314|\234S*r\007\370x>\305D*\007b\276v\316s!\003\343\005\311u\203\370\0338\3174\324\010\006\301\251\177\261\304eOX\262)FA-\022r\263wm\024vG0E\002!\000\2301?\315\302<\244\316\233\356=U4}\202\t\310\007\355\030\3264\314\332\213\333\2767,\272g\016\002 Jh\364\237\r\357eJ.\027\243I\272\013\252\315^,\207?\2715\215s\250~\371>\313\341\030\347""; "
1750587305471,1750587305471,0,1,2,3,TMGetLedger,"itype: liBASE; ledgerHash: ""D!=\355\210\037\325\034/l\242\365\034!w\324\362\3252-\025\351\314\2334,\306Dd\037v\256""; queryType: qtINDIRECT; ","itype: liBASE; ledgerHash: ""D!=\355\210\037\325\034/l\242\365\034!w\324\362\3252-\025\351\314\2334,\306Dd\037v\256""; queryType: qtINDIRECT; "
1750587305471,1750587305471,0,1,2,3,TMGetLedger,"itype: liBASE; ledgerHash: ""D!=\355\210\037\325\034/l\242\365\034!w\324\362\3252-\025\351\314\2334,\306Dd\037v\256""; ","itype: liBASE; ledgerHash: ""D!=\355\210\037\325\034/l\242\365\034!w\324\362\3252-\025\351\314\2334,\306Dd\037v\256""; "
1750587305472,1750587305472,0,1,4,1,TMGetLedger,"itype: liBASE; ledgerHash: ""D!=\355\210\037\325\034/l\242\365\034!w\324\362\3252-\025\351\314\2334,\306Dd\037v\256""; requestCookie: 4; queryType: qtINDIRECT; ","itype: liBASE; ledgerHash: ""D!=\355\210\037\325\034/l\242\365\034!w\324\362\3252-\025\351\314\2334,\306Dd\037v\256""; requestCookie: 4; queryType: qtINDIRECT; "
1750587305473,1750587305473,0,1,2,1,TMGetLedger,"itype: liBASE; ledgerHash: ""D!=\355\210\037\325\034/l\242\365\034!w\324\362\3252-\025\351\314\2334,\306Dd\037v\256""; ","itype: liBASE; ledgerHash: ""D!=\355\210\037\325\034/l\242\365\034!w\324\362\3252-\025\351\314\2334,\306Dd\037v\256""; "
1750587305473,1750587305473,0,1,2,1,TMGetLedger,"itype: liBASE; ledgerHash: ""D!=\355\210\037\325\034/l\242\365\034!w\324\362\3252-\025\351\314\2334,\306Dd\037v\256""; requestCookie: 5; queryType: qtINDIRECT; ","itype: liBASE; ledgerHash: ""D!=\355\210\037\325\034/l\242\365\034!w\324\362\3252-\025\351\314\2334,\306Dd\037v\256""; requestCookie: 5; queryType: qtINDIRECT; "
1750587305473,1750587305473,0,1,2,1,TMGetLedger,"itype: liBASE; ledgerHash: ""D!=\355\210\037\325\034/l\242\365\034!w\324\362\3252-\025\351\314\2334,\306Dd\037v\256""; queryType: qtINDIRECT; ","itype: liBASE; ledgerHash: ""D!=\355\210\037\325\034/l\242\365\034!w\324\362\3252-\025\351\314\2334,\306Dd\037v\256""; queryType: qtINDIRECT; "
1750587305474,1750587305474,0,1,1,4,TMLedgerData,"ledgerHash: ""D!=\355\210\037\325\034/l\242\365\034!w\324\362\3252-\025\351\314\2334,\306Dd\037v\256""; ledgerSeq: 14; type: liBASE; nodes {;   nodedata: ""\000\000\000\016\001cEx]\211\377\330\302\001\313@D\264\016\334\r\034\035\\276\225\314|\234S*r\007\370x>\305D*\007b\276v\316\000\000\000\000\000\000\000\000\000\000\000\000\000\000\000\000\000\000\000\000\000\000\000\000\000\000\000\000\000\000\000\000\032\273""\014""\325\014\233\211\025\030\003\267*\335\360\233\033\\206Pqj\016!\273\210:/\371\345\010/\352\224&/\352\224'\n\000""; }; nodes {;   nodedata: ""h\315\350\215y\203\242]\371\235\232Pt&\325\210eZ\346\237XZ \277\2457n\221\336\253\245\317\002\304\206+8\t]\351\316\373|\311\263V\300\023\035\211\237\260\300\r\033u3a1\203\303\365\307k\347\006E\344\037@\210\363\010\336T\226\247'\204_{\261\370""1\235\2445\343\033Y!\212\201\341\272\225'\007*$\244&\336\343'\233i\332\374\245 {^\306-N\333\gE\006\347\212\331C\211Z\177\247\031\n0\261\nBJ\246\330\014\2051\313\\302[\353\004\322_@\313\254\253\215S1\000\200\261\nH;L\013\202_n)6q\357\2538_-\302\252B\204v\277\254\373\3322Ca\020\243\0105\263\257\367\032\254\016\003""; }; requestCookie: 3; ","ledgerHash: ""D!=\355\210\037\325\034/l\242\365\034!w\324\362\3252-\025\351\314\2334,\306Dd\037v\256""; ledgerSeq: 14; type: liBASE; nodes {;   nodedata: ""\000\000\000\016\001cEx]\211\377\330\302\001\313@D\264\016\334\r\034\035\\276\225\314|\234S*r\007\370x>\305D*\007b\276v\316\000\000\000\000\000\000\000\000\000\000\000\000\000\000\000\000\000\000\000\000\000\000\000\000\000\000\000\000\000\000\000\000\032\273""\014""\325\014\233\211\025\030\003\267*\335\360\233\033\\206Pqj\016!\273\210:/\371\345\010/\352\224&/\352\224'\n\000""; }; nodes {;   nodedata: ""h\315\350\215y\203\242]\371\235\232Pt&\325\210eZ\346\237XZ \277\2457n\221\336\253\245\317\002\304\206+8\t]\351\316\373|\311\263V\300\023\035\211\237\260\300\r\033u3a1\203\303\365\307k\347\006E\344\037@\210\363\010\336T\226\247'\204_{\261\370""1\235\2445\343\033Y!\212\201\341\272\225'\007*$\244&\336\343'\233i\332\374\245 {^\306-N\333\gE\006\347\212\331C\211Z\177\247\031\n0\261\nBJ\246\330\014\2051\313\\302[\353\004\322_@\313\254\253\215S1\000\200\261\nH;L\013\202_n)6q\357\2538_-\302\252B\204v\277\254\373\3322Ca\020\243\0105\263\257\367\032\254\016\003""; }; requestCookie: 3; "
1750587305475,1750587305475,0,1,3,1,TMGetLedger,"itype: liBASE; ledgerHash: ""D!=\355\210\037\325\034/l\242\365\034!w\324\362\3252-\025\351\314\2334,\306Dd\037v\256""; queryType: qtINDIRECT; ","itype: liBASE; ledgerHash: ""D!=\355\210\037\325\034/l\242\365\034!w\324\362\3252-\025\351\314\2334,\306Dd\037v\256""; queryType: qtINDIRECT; "
1750587305475,1750587305475,0,1,3,1,TMGetLedger,"itype: liBASE; ledgerHash: ""D!=\355\210\037\325\034/l\242\365\034!w\324\362\3252-\025\351\314\2334,\306Dd\037v\256""; requestCookie: 5; queryType: qtINDIRECT; ","itype: liBASE; ledgerHash: ""D!=\355\210\037\325\034/l\242\365\034!w\324\362\3252-\025\351\314\2334,\306Dd\037v\256""; requestCookie: 5; queryType: qtINDIRECT; "
1750587305475,1750587305475,0,1,3,1,TMGetLedger,"itype: liBASE; ledgerHash: ""D!=\355\210\037\325\034/l\242\365\034!w\324\362\3252-\025\351\314\2334,\306Dd\037v\256""; ","itype: liBASE; ledgerHash: ""D!=\355\210\037\325\034/l\242\365\034!w\324\362\3252-\025\351\314\2334,\306Dd\037v\256""; "
1750587305475,1750587305475,0,1,1,4,TMLedgerData,"ledgerHash: ""D!=\355\210\037\325\034/l\242\365\034!w\324\362\3252-\025\351\314\2334,\306Dd\037v\256""; ledgerSeq: 14; type: liAS_NODE; nodes {;   nodedata: ""\021\000h""\000\000\000\000 \033\000\000\000\r\002\023\301\377\330\356GuH\375\327!\255\371\r\231\262R\256J\034\222\241\355X\265E\241^W\225\304\014\361CX-}\351f\032\255\274\334m\326c\017\014ao[\342\230\003\245\245\3341Hm\326^\017jy\335\261\214.\207\210%\003 \010ML\347\200R\304&\320_\215\226\344\334\033\354\2002\255\216\332\317\255\034\017T\270\242(,&\233\326\374o\306[\235\317>\021e\005s\261\371l\216\017\003\032\017J\217\244W<\241'\332/+\360Bx\036+\210j\237K%\340]\246E\2434\264K\036\030qP\317\315\336\325\007\372\373$P*|\321\342\002\026\n\3215\340\3203\200x\327D\301]5\237\247Yz\3711!L\214\221=\252\002\267\225zg\264\253\271T\346ji\003\235\236Pis\264\375\222|H\344\261g?[g\311\347s\234ae\204\263\365U\334\372D\354\345\276\201f\035\271%#\375\245\314.""\373\330&\3746\354@[\274\202\021\202\373Vi\243\n\325\250\005e\360""m\346'\311@\343\016$L\346\334\360<w\317\351\2337\023\262\336W\254\222\315\335\317oP\221\031g\037\220\357Ft\030n\306\370\n\354\226\365\346\276\322i\233\014\037\027Z\351\022\216@=S\205\334\033\374\234n\r\270\210]\013\203\356\024\366\354\260\007L\324\236aQ\361\020X\372\353 3\347\310*\253\021gT!>\003\325\254,\003\367\204\031\331\255\240\304J\342j\272\270\274\360\307\356\347\200Ywm#\014\233\301\022L\232T\033N\341\232\325\233\227\313\307\302\001\313@D\264\016\334\r\034\035\\276\225\314|\234S*r\007\370x>\305D*\007b\276v\316\264\227\2326\315\307\363\323\325\303\032N\256*\307\327 \235\332\207u\210\271\257\306g\231i*\260\326k\001"";   nodeid: ""\260\000\000\000\000\000\000\000\000\000\000\000\000\000\000\000\000\000\000\000\000\000\000\000\000\000\000\000\000\000\000\000\001""; }; ","ledgerHash: ""D!=\355\210\037\325\034/l\242\365\034!w\324\362\3252-\025\351\314\2334,\306Dd\037v\256""; ledgerSeq: 14; type: liAS_NODE; nodes {;   nodedata: ""\021\000h""\000\000\000\000 \033\000\000\000\r\002\023\301\377\330\356GuH\375\327!\255\371\r\231\262R\256J\034\222\241\355X\265E\241^W\225\304\014\361CX-}\351f\032\255\274\334m\326c\017\014ao[\342\230\003\245\245\3341Hm\326^\017jy\335\261\214.\207\210%\003 \010ML\347\200R\304&\320_\215\226\344\334\033\354\2002\255\216\332\317\255\034\017T\270\242(,&\233\326\374o\306[\235\317>\021e\005s\261\371l\216\017\003\032\017J\217\244W<\241'\332/+\360Bx\036+\210j\237K%\340]\246E\2434\264K\036\030qP\317\315\336\325\007\372\373$P*|\321\342\002\026\n\3215\340\3203\200x\327D\301]5\237\247Yz\3711!L\214\221=\252\002\267\225zg\264\253\271T\346ji\003\235\236Pis\264\375\222|H\344\261g?[g\311\347s\234ae\204\263\365U\334\372D\354\345\276\201f\035\271%#\375\245\314.""\373\330&\3746\354@[\274\202\021\202\373Vi\243\n\325\250\005e\360""m\346'\311@\343\016$L\346\334\360<w\317\351\2337\023\262\336W\254\222\315\335\317oP\221\031g\037\220\357Ft\030n\306\370\n\354\226\365\346\276\322i\233\014\037\027Z\351\022\216@=S\205\334\033\374\234n\r\270\210]\013\203\356\024\366\354\260\007L\324\236aQ\361\020X\372\353 3\347\310*\253\021gT!>\003\325\254,\003\367\204\031\331\255\240\304J\342j\272\270\274\360\307\356\347\200Ywm#\014\233\301\022L\232T\033N\341\232\325\233\227\313\307\302\001\313@D\264\016\334\r\034\035\\276\225\314|\234S*r\007\370x>\305D*\007b\276v\316\264\227\2326\315\307\363\323\325\303\032N\256*\307\327 \235\332\207u\210\271\257\306g\231i*\260\326k\001"";   nodeid: ""\260\000\000\000\000\000\000\000\000\000\000\000\000\000\000\000\000\000\000\000\000\000\000\000\000\000\000\000\000\000\000\000\001""; }; "
1750587305477,1750587305477,0,1,1,4,TMLedgerData,"ledgerHash: ""D!=\355\210\037\325\034/l\242\365\034!w\324\362\3252-\025\351\314\2334,\306Dd\037v\256""; ledgerSeq: 14; type: liBASE; nodes {;   nodedata: ""\000\000\000\016\001cEx]\211\377\330\302\001\313@D\264\016\334\r\034\035\\276\225\314|\234S*r\007\370x>\305D*\007b\276v\316\000\000\000\000\000\000\000\000\000\000\000\000\000\000\000\000\000\000\000\000\000\000\000\000\000\000\000\000\000\000\000\000\032\273""\014""\325\014\233\211\025\030\003\267*\335\360\233\033\\206Pqj\016!\273\210:/\371\345\010/\352\224&/\352\224'\n\000""; }; nodes {;   nodedata: ""h\315\350\215y\203\242]\371\235\232Pt&\325\210eZ\346\237XZ \277\2457n\221\336\253\245\317\002\304\206+8\t]\351\316\373|\311\263V\300\023\035\211\237\260\300\r\033u3a1\203\303\365\307k\347\006E\344\037@\210\363\010\336T\226\247'\204_{\261\370""1\235\2445\343\033Y!\212\201\341\272\225'\007*$\244&\336\343'\233i\332\374\245 {^\306-N\333\gE\006\347\212\331C\211Z\177\247\031\n0\261\nBJ\246\330\014\2051\313\\302[\353\004\322_@\313\254\253\215S1\000\200\261\nH;L\013\202_n)6q\357\2538_-\302\252B\204v\277\254\373\3322Ca\020\243\0105\263\257\367\032\254\016\003""; }; requestCookie: 4; ","ledgerHash: ""D!=\355\210\037\325\034/l\242\365\034!w\324\362\3252-\025\351\314\2334,\306Dd\037v\256""; ledgerSeq: 14; type: liBASE; nodes {;   nodedata: ""\000\000\000\016\001cEx]\211\377\330\302\001\313@D\264\016\334\r\034\035\\276\225\314|\234S*r\007\370x>\305D*\007b\276v\316\000\000\000\000\000\000\000\000\000\000\000\000\000\000\000\000\000\000\000\000\000\000\000\000\000\000\000\000\000\000\000\000\032\273""\014""\325\014\233\211\025\030\003\267*\335\360\233\033\\206Pqj\016!\273\210:/\371\345\010/\352\224&/\352\224'\n\000""; }; nodes {;   nodedata: ""h\315\350\215y\203\242]\371\235\232Pt&\325\210eZ\346\237XZ \277\2457n\221\336\253\245\317\002\304\206+8\t]\351\316\373|\311\263V\300\023\035\211\237\260\300\r\033u3a1\203\303\365\307k\347\006E\344\037@\210\363\010\336T\226\247'\204_{\261\370""1\235\2445\343\033Y!\212\201\341\272\225'\007*$\244&\336\343'\233i\332\374\245 {^\306-N\333\gE\006\347\212\331C\211Z\177\247\031\n0\261\nBJ\246\330\014\2051\313\\302[\353\004\322_@\313\254\253\215S1\000\200\261\nH;L\013\202_n)6q\357\2538_-\302\252B\204v\277\254\373\3322Ca\020\243\0105\263\257\367\032\254\016\003""; }; requestCookie: 4; "
1750587305477,1750587305477,0,1,1,2,TMLedgerData,"ledgerHash: ""D!=\355\210\037\325\034/l\242\365\034!w\324\362\3252-\025\351\314\2334,\306Dd\037v\256""; ledgerSeq: 14; type: liBASE; nodes {;   nodedata: ""\000\000\000\016\001cEx]\211\377\330\302\001\313@D\264\016\334\r\034\035\\276\225\314|\234S*r\007\370x>\305D*\007b\276v\316\000\000\000\000\000\000\000\000\000\000\000\000\000\000\000\000\000\000\000\000\000\000\000\000\000\000\000\000\000\000\000\000\032\273""\014""\325\014\233\211\025\030\003\267*\335\360\233\033\\206Pqj\016!\273\210:/\371\345\010/\352\224&/\352\224'\n\000""; }; nodes {;   nodedata: ""h\315\350\215y\203\242]\371\235\232Pt&\325\210eZ\346\237XZ \277\2457n\221\336\253\245\317\002\304\206+8\t]\351\316\373|\311\263V\300\023\035\211\237\260\300\r\033u3a1\203\303\365\307k\347\006E\344\037@\210\363\010\336T\226\247'\204_{\261\370""1\235\2445\343\033Y!\212\201\341\272\225'\007*$\244&\336\343'\233i\332\374\245 {^\306-N\333\gE\006\347\212\331C\211Z\177\247\031\n0\261\nBJ\246\330\014\2051\313\\302[\353\004\322_@\313\254\253\215S1\000\200\261\nH;L\013\202_n)6q\357\2538_-\302\252B\204v\277\254\373\3322Ca\020\243\0105\263\257\367\032\254\016\003""; }; requestCookie: 5; ","ledgerHash: ""D!=\355\210\037\325\034/l\242\365\034!w\324\362\3252-\025\351\314\2334,\306Dd\037v\256""; ledgerSeq: 14; type: liBASE; nodes {;   nodedata: ""\000\000\000\016\001cEx]\211\377\330\302\001\313@D\264\016\334\r\034\035\\276\225\314|\234S*r\007\370x>\305D*\007b\276v\316\000\000\000\000\000\000\000\000\000\000\000\000\000\000\000\000\000\000\000\000\000\000\000\000\000\000\000\000\000\000\000\000\032\273""\014""\325\014\233\211\025\030\003\267*\335\360\233\033\\206Pqj\016!\273\210:/\371\345\010/\352\224&/\352\224'\n\000""; }; nodes {;   nodedata: ""h\315\350\215y\203\242]\371\235\232Pt&\325\210eZ\346\237XZ \277\2457n\221\336\253\245\317\002\304\206+8\t]\351\316\373|\311\263V\300\023\035\211\237\260\300\r\033u3a1\203\303\365\307k\347\006E\344\037@\210\363\010\336T\226\247'\204_{\261\370""1\235\2445\343\033Y!\212\201\341\272\225'\007*$\244&\336\343'\233i\332\374\245 {^\306-N\333\gE\006\347\212\331C\211Z\177\247\031\n0\261\nBJ\246\330\014\2051\313\\302[\353\004\322_@\313\254\253\215S1\000\200\261\nH;L\013\202_n)6q\357\2538_-\302\252B\204v\277\254\373\3322Ca\020\243\0105\263\257\367\032\254\016\003""; }; requestCookie: 5; "
1750587305477,1750587305478,0,1,1,2,TMLedgerData,"ledgerHash: ""D!=\355\210\037\325\034/l\242\365\034!w\324\362\3252-\025\351\314\2334,\306Dd\037v\256""; ledgerSeq: 14; type: liBASE; nodes {;   nodedata: ""\000\000\000\016\001cEx]\211\377\330\302\001\313@D\264\016\334\r\034\035\\276\225\314|\234S*r\007\370x>\305D*\007b\276v\316\000\000\000\000\000\000\000\000\000\000\000\000\000\000\000\000\000\000\000\000\000\000\000\000\000\000\000\000\000\000\000\000\032\273""\014""\325\014\233\211\025\030\003\267*\335\360\233\033\\206Pqj\016!\273\210:/\371\345\010/\352\224&/\352\224'\n\000""; }; nodes {;   nodedata: ""h\315\350\215y\203\242]\371\235\232Pt&\325\210eZ\346\237XZ \277\2457n\221\336\253\245\317\002\304\206+8\t]\351\316\373|\311\263V\300\023\035\211\237\260\300\r\033u3a1\203\303\365\307k\347\006E\344\037@\210\363\010\336T\226\247'\204_{\261\370""1\235\2445\343\033Y!\212\201\341\272\225'\007*$\244&\336\343'\233i\332\374\245 {^\306-N\333\gE\006\347\212\331C\211Z\177\247\031\n0\261\nBJ\246\330\014\2051\313\\302[\353\004\322_@\313\254\253\215S1\000\200\261\nH;L\013\202_n)6q\357\2538_-\302\252B\204v\277\254\373\3322Ca\020\243\0105\263\257\367\032\254\016\003""; }; ","ledgerHash: ""D!=\355\210\037\325\034/l\242\365\034!w\324\362\3252-\025\351\314\2334,\306Dd\037v\256""; ledgerSeq: 14; type: liBASE; nodes {;   nodedata: ""\000\000\000\016\001cEx]\211\377\330\302\001\313@D\264\016\334\r\034\035\\276\225\314|\234S*r\007\370x>\305D*\007b\276v\316\000\000\000\000\000\000\000\000\000\000\000\000\000\000\000\000\000\000\000\000\000\000\000\000\000\000\000\000\000\000\000\000\032\273""\014""\325\014\233\211\025\030\003\267*\335\360\233\033\\206Pqj\016!\273\210:/\371\345\010/\352\224&/\352\224'\n\000""; }; nodes {;   nodedata: ""h\315\350\215y\203\242]\371\235\232Pt&\325\210eZ\346\237XZ \277\2457n\221\336\253\245\317\002\304\206+8\t]\351\316\373|\311\263V\300\023\035\211\237\260\300\r\033u3a1\203\303\365\307k\347\006E\344\037@\210\363\010\336T\226\247'\204_{\261\370""1\235\2445\343\033Y!\212\201\341\272\225'\007*$\244&\336\343'\233i\332\374\245 {^\306-N\333\gE\006\347\212\331C\211Z\177\247\031\n0\261\nBJ\246\330\014\2051\313\\302[\353\004\322_@\313\254\253\215S1\000\200\261\nH;L\013\202_n)6q\357\2538_-\302\252B\204v\277\254\373\3322Ca\020\243\0105\263\257\367\032\254\016\003""; }; "
1750587305478,1750587305478,0,1,4,2,TMLedgerData,"ledgerHash: ""D!=\355\210\037\325\034/l\242\365\034!w\324\362\3252-\025\351\314\2334,\306Dd\037v\256""; ledgerSeq: 14; type: liBASE; nodes {;   nodedata: ""\000\000\000\016\001cEx]\211\377\330\302\001\313@D\264\016\334\r\034\035\\276\225\314|\234S*r\007\370x>\305D*\007b\276v\316\000\000\000\000\000\000\000\000\000\000\000\000\000\000\000\000\000\000\000\000\000\000\000\000\000\000\000\000\000\000\000\000\032\273""\014""\325\014\233\211\025\030\003\267*\335\360\233\033\\206Pqj\016!\273\210:/\371\345\010/\352\224&/\352\224'\n\000""; }; nodes {;   nodedata: ""h\315\350\215y\203\242]\371\235\232Pt&\325\210eZ\346\237XZ \277\2457n\221\336\253\245\317\002\304\206+8\t]\351\316\373|\311\263V\300\023\035\211\237\260\300\r\033u3a1\203\303\365\307k\347\006E\344\037@\210\363\010\336T\226\247'\204_{\261\370""1\235\2445\343\033Y!\212\201\341\272\225'\007*$\244&\336\343'\233i\332\374\245 {^\306-N\333\gE\006\347\212\331C\211Z\177\247\031\n0\261\nBJ\246\330\014\2051\313\\302[\353\004\322_@\313\254\253\215S1\000\200\261\nH;L\013\202_n)6q\357\2538_-\302\252B\204v\277\254\373\3322Ca\020\243\0105\263\257\367\032\254\016\003""; }; ","ledgerHash: ""D!=\355\210\037\325\034/l\242\365\034!w\324\362\3252-\025\351\314\2334,\306Dd\037v\256""; ledgerSeq: 14; type: liBASE; nodes {;   nodedata: ""\000\000\000\016\001cEx]\211\377\330\302\001\313@D\264\016\334\r\034\035\\276\225\314|\234S*r\007\370x>\305D*\007b\276v\316\000\000\000\000\000\000\000\000\000\000\000\000\000\000\000\000\000\000\000\000\000\000\000\000\000\000\000\000\000\000\000\000\032\273""\014""\325\014\233\211\025\030\003\267*\335\360\233\033\\206Pqj\016!\273\210:/\371\345\010/\352\224&/\352\224'\n\000""; }; nodes {;   nodedata: ""h\315\350\215y\203\242]\371\235\232Pt&\325\210eZ\346\237XZ \277\2457n\221\336\253\245\317\002\304\206+8\t]\351\316\373|\311\263V\300\023\035\211\237\260\300\r\033u3a1\203\303\365\307k\347\006E\344\037@\210\363\010\336T\226\247'\204_{\261\370""1\235\2445\343\033Y!\212\201\341\272\225'\007*$\244&\336\343'\233i\332\374\245 {^\306-N\333\gE\006\347\212\331C\211Z\177\247\031\n0\261\nBJ\246\330\014\2051\313\\302[\353\004\322_@\313\254\253\215S1\000\200\261\nH;L\013\202_n)6q\357\2538_-\302\252B\204v\277\254\373\3322Ca\020\243\0105\263\257\367\032\254\016\003""; }; "
1750587305478,1750587305479,0,1,1,2,TMLedgerData,"ledgerHash: ""D!=\355\210\037\325\034/l\242\365\034!w\324\362\3252-\025\351\314\2334,\306Dd\037v\256""; ledgerSeq: 14; type: liBASE; nodes {;   nodedata: ""\000\000\000\016\001cEx]\211\377\330\302\001\313@D\264\016\334\r\034\035\\276\225\314|\234S*r\007\370x>\305D*\007b\276v\316\000\000\000\000\000\000\000\000\000\000\000\000\000\000\000\000\000\000\000\000\000\000\000\000\000\000\000\000\000\000\000\000\032\273""\014""\325\014\233\211\025\030\003\267*\335\360\233\033\\206Pqj\016!\273\210:/\371\345\010/\352\224&/\352\224'\n\000""; }; nodes {;   nodedata: ""h\315\350\215y\203\242]\371\235\232Pt&\325\210eZ\346\237XZ \277\2457n\221\336\253\245\317\002\304\206+8\t]\351\316\373|\311\263V\300\023\035\211\237\260\300\r\033u3a1\203\303\365\307k\347\006E\344\037@\210\363\010\336T\226\247'\204_{\261\370""1\235\2445\343\033Y!\212\201\341\272\225'\007*$\244&\336\343'\233i\332\374\245 {^\306-N\333\gE\006\347\212\331C\211Z\177\247\031\n0\261\nBJ\246\330\014\2051\313\\302[\353\004\322_@\313\254\253\215S1\000\200\261\nH;L\013\202_n)6q\357\2538_-\302\252B\204v\277\254\373\3322Ca\020\243\0105\263\257\367\032\254\016\003""; }; ","ledgerHash: ""D!=\355\210\037\325\034/l\242\365\034!w\324\362\3252-\025\351\314\2334,\306Dd\037v\256""; ledgerSeq: 14; type: liBASE; nodes {;   nodedata: ""\000\000\000\016\001cEx]\211\377\330\302\001\313@D\264\016\334\r\034\035\\276\225\314|\234S*r\007\370x>\305D*\007b\276v\316\000\000\000\000\000\000\000\000\000\000\000\000\000\000\000\000\000\000\000\000\000\000\000\000\000\000\000\000\000\000\000\000\032\273""\014""\325\014\233\211\025\030\003\267*\335\360\233\033\\206Pqj\016!\273\210:/\371\345\010/\352\224&/\352\224'\n\000""; }; nodes {;   nodedata: ""h\315\350\215y\203\242]\371\235\232Pt&\325\210eZ\346\237XZ \277\2457n\221\336\253\245\317\002\304\206+8\t]\351\316\373|\311\263V\300\023\035\211\237\260\300\r\033u3a1\203\303\365\307k\347\006E\344\037@\210\363\010\336T\226\247'\204_{\261\370""1\235\2445\343\033Y!\212\201\341\272\225'\007*$\244&\336\343'\233i\332\374\245 {^\306-N\333\gE\006\347\212\331C\211Z\177\247\031\n0\261\nBJ\246\330\014\2051\313\\302[\353\004\322_@\313\254\253\215S1\000\200\261\nH;L\013\202_n)6q\357\2538_-\302\252B\204v\277\254\373\3322Ca\020\243\0105\263\257\367\032\254\016\003""; }; "
1750587305479,1750587305479,0,1,0,1,TMValidation,"validation: """"\200\000\000\001&\000\000\000\016)/\352\224):?HT\314/\177\320^QD!=\355\210\037\325\034/l\242\365\034!w\324\362\3252-\025\351\314\2334,\306Dd\037v\256P\027\000\000\000\000\000\000\000\000\000\000\000\000\000\000\000\000\000\000\000\000\000\000\000\000\000\000\000\000\000\000\000\000P\031\302\001\313@D\264\016\334\r\034\035\\276\225\314|\234S*r\007\370x>\305D*\007b\276v\316s!\003\343\005\311u\203\370\0338\3174\324\010\006\301\251\177\261\304eOX\262)FA-\022r\263wm\024vG0E\002!\000\2301?\315\302<\244\316\233\356=U4}\202\t\310\007\355\030\3264\314\332\213\333\2767,\272g\016\002 Jh\364\237\r\357eJ.\027\243I\272\013\252\315^,\207?\2715\215s\250~\371>\313\341\030\347""; ","validation: """"\200\000\000\001&\000\000\000\016)/\352\224):?HT\314/\177\320^QD!=\355\210\037\325\034/l\242\365\034!w\324\362\3252-\025\351\314\2334,\306Dd\037v\256P\027\000\000\000\000\000\000\000\000\000\000\000\000\000\000\000\000\000\000\000\000\000\000\000\000\000\000\000\000\000\000\000\000P\031\302\001\313@D\264\016\334\r\034\035\\276\225\314|\234S*r\007\370x>\305D*\007b\276v\316s!\003\343\005\311u\203\370\0338\3174\324\010\006\301\251\177\261\304eOX\262)FA-\022r\263wm\024vG0E\002!\000\2301?\315\302<\244\316\233\356=U4}\202\t\310\007\355\030\3264\314\332\213\333\2767,\272g\016\002 Jh\364\237\r\357eJ.\027\243I\272\013\252\315^,\207?\2715\215s\250~\371>\313\341\030\347""; "
1750587305479,1750587305479,0,1,0,4,TMGetLedger,"itype: liBASE; ledgerHash: ""D!=\355\210\037\325\034/l\242\365\034!w\324\362\3252-\025\351\314\2334,\306Dd\037v\256""; ","itype: liBASE; ledgerHash: ""D!=\355\210\037\325\034/l\242\365\034!w\324\362\3252-\025\351\314\2334,\306Dd\037v\256""; "
1750587305479,1750587305479,0,1,0,2,TMGetLedger,"itype: liBASE; ledgerHash: ""D!=\355\210\037\325\034/l\242\365\034!w\324\362\3252-\025\351\314\2334,\306Dd\037v\256""; ","itype: liBASE; ledgerHash: ""D!=\355\210\037\325\034/l\242\365\034!w\324\362\3252-\025\351\314\2334,\306Dd\037v\256""; "
1750587305480,1750587305480,0,1,0,4,TMGetLedger,"itype: liBASE; ledgerHash: ""D!=\355\210\037\325\034/l\242\365\034!w\324\362\3252-\025\351\314\2334,\306Dd\037v\256""; queryType: qtINDIRECT; ","itype: liBASE; ledgerHash: ""D!=\355\210\037\325\034/l\242\365\034!w\324\362\3252-\025\351\314\2334,\306Dd\037v\256""; queryType: qtINDIRECT; "
1750587305481,1750587305481,0,1,1,3,TMLedgerData,"ledgerHash: ""D!=\355\210\037\325\034/l\242\365\034!w\324\362\3252-\025\351\314\2334,\306Dd\037v\256""; ledgerSeq: 14; type: liBASE; nodes {;   nodedata: ""\000\000\000\016\001cEx]\211\377\330\302\001\313@D\264\016\334\r\034\035\\276\225\314|\234S*r\007\370x>\305D*\007b\276v\316\000\000\000\000\000\000\000\000\000\000\000\000\000\000\000\000\000\000\000\000\000\000\000\000\000\000\000\000\000\000\000\000\032\273""\014""\325\014\233\211\025\030\003\267*\335\360\233\033\\206Pqj\016!\273\210:/\371\345\010/\352\224&/\352\224'\n\000""; }; nodes {;   nodedata: ""h\315\350\215y\203\242]\371\235\232Pt&\325\210eZ\346\237XZ \277\2457n\221\336\253\245\317\002\304\206+8\t]\351\316\373|\311\263V\300\023\035\211\237\260\300\r\033u3a1\203\303\365\307k\347\006E\344\037@\210\363\010\336T\226\247'\204_{\261\370""1\235\2445\343\033Y!\212\201\341\272\225'\007*$\244&\336\343'\233i\332\374\245 {^\306-N\333\gE\006\347\212\331C\211Z\177\247\031\n0\261\nBJ\246\330\014\2051\313\\302[\353\004\322_@\313\254\253\215S1\000\200\261\nH;L\013\202_n)6q\357\2538_-\302\252B\204v\277\254\373\3322Ca\020\243\0105\263\257\367\032\254\016\003""; }; ","ledgerHash: ""D!=\355\210\037\325\034/l\242\365\034!w\324\362\3252-\025\351\314\2334,\306Dd\037v\256""; ledgerSeq: 14; type: liBASE; nodes {;   nodedata: ""\000\000\000\016\001cEx]\211\377\330\302\001\313@D\264\016\334\r\034\035\\276\225\314|\234S*r\007\370x>\305D*\007b\276v\316\000\000\000\000\000\000\000\000\000\000\000\000\000\000\000\000\000\000\000\000\000\000\000\000\000\000\000\000\000\000\000\000\032\273""\014""\325\014\233\211\025\030\003\267*\335\360\233\033\\206Pqj\016!\273\210:/\371\345\010/\352\224&/\352\224'\n\000""; }; nodes {;   nodedata: ""h\315\350\215y\203\242]\371\235\232Pt&\325\210eZ\346\237XZ \277\2457n\221\336\253\245\317\002\304\206+8\t]\351\316\373|\311\263V\300\023\035\211\237\260\300\r\033u3a1\203\303\365\307k\347\006E\344\037@\210\363\010\336T\226\247'\204_{\261\370""1\235\2445\343\033Y!\212\201\341\272\225'\007*$\244&\336\343'\233i\332\374\245 {^\306-N\333\gE\006\347\212\331C\211Z\177\247\031\n0\261\nBJ\246\330\014\2051\313\\302[\353\004\322_@\313\254\253\215S1\000\200\261\nH;L\013\202_n)6q\357\2538_-\302\252B\204v\277\254\373\3322Ca\020\243\0105\263\257\367\032\254\016\003""; }; "
1750587305481,1750587305481,0,1,0,3,TMGetLedger,"itype: liBASE; ledgerHash: ""D!=\355\210\037\325\034/l\242\365\034!w\324\362\3252-\025\351\314\2334,\306Dd\037v\256""; ","itype: liBASE; ledgerHash: ""D!=\355\210\037\325\034/l\242\365\034!w\324\362\3252-\025\351\314\2334,\306Dd\037v\256""; "
1750587305482,1750587305482,0,1,1,3,TMLedgerData,"ledgerHash: ""D!=\355\210\037\325\034/l\242\365\034!w\324\362\3252-\025\351\314\2334,\306Dd\037v\256""; ledgerSeq: 14; type: liBASE; nodes {;   nodedata: ""\000\000\000\016\001cEx]\211\377\330\302\001\313@D\264\016\334\r\034\035\\276\225\314|\234S*r\007\370x>\305D*\007b\276v\316\000\000\000\000\000\000\000\000\000\000\000\000\000\000\000\000\000\000\000\000\000\000\000\000\000\000\000\000\000\000\000\000\032\273""\014""\325\014\233\211\025\030\003\267*\335\360\233\033\\206Pqj\016!\273\210:/\371\345\010/\352\224&/\352\224'\n\000""; }; nodes {;   nodedata: ""h\315\350\215y\203\242]\371\235\232Pt&\325\210eZ\346\237XZ \277\2457n\221\336\253\245\317\002\304\206+8\t]\351\316\373|\311\263V\300\023\035\211\237\260\300\r\033u3a1\203\303\365\307k\347\006E\344\037@\210\363\010\336T\226\247'\204_{\261\370""1\235\2445\343\033Y!\212\201\341\272\225'\007*$\244&\336\343'\233i\332\374\245 {^\306-N\333\gE\006\347\212\331C\211Z\177\247\031\n0\261\nBJ\246\330\014\2051\313\\302[\353\004\322_@\313\254\253\215S1\000\200\261\nH;L\013\202_n)6q\357\2538_-\302\252B\204v\277\254\373\3322Ca\020\243\0105\263\257\367\032\254\016\003""; }; requestCookie: 5; ","ledgerHash: ""D!=\355\210\037\325\034/l\242\365\034!w\324\362\3252-\025\351\314\2334,\306Dd\037v\256""; ledgerSeq: 14; type: liBASE; nodes {;   nodedata: ""\000\000\000\016\001cEx]\211\377\330\302\001\313@D\264\016\334\r\034\035\\276\225\314|\234S*r\007\370x>\305D*\007b\276v\316\000\000\000\000\000\000\000\000\000\000\000\000\000\000\000\000\000\000\000\000\000\000\000\000\000\000\000\000\000\000\000\000\032\273""\014""\325\014\233\211\025\030\003\267*\335\360\233\033\\206Pqj\016!\273\210:/\371\345\010/\352\224&/\352\224'\n\000""; }; nodes {;   nodedata: ""h\315\350\215y\203\242]\371\235\232Pt&\325\210eZ\346\237XZ \277\2457n\221\336\253\245\317\002\304\206+8\t]\351\316\373|\311\263V\300\023\035\211\237\260\300\r\033u3a1\203\303\365\307k\347\006E\344\037@\210\363\010\336T\226\247'\204_{\261\370""1\235\2445\343\033Y!\212\201\341\272\225'\007*$\244&\336\343'\233i\332\374\245 {^\306-N\333\gE\006\347\212\331C\211Z\177\247\031\n0\261\nBJ\246\330\014\2051\313\\302[\353\004\322_@\313\254\253\215S1\000\200\261\nH;L\013\202_n)6q\357\2538_-\302\252B\204v\277\254\373\3322Ca\020\243\0105\263\257\367\032\254\016\003""; }; requestCookie: 5; "
1750587305482,1750587305482,0,1,1,3,TMLedgerData,"ledgerHash: ""D!=\355\210\037\325\034/l\242\365\034!w\324\362\3252-\025\351\314\2334,\306Dd\037v\256""; ledgerSeq: 14; type: liBASE; nodes {;   nodedata: ""\000\000\000\016\001cEx]\211\377\330\302\001\313@D\264\016\334\r\034\035\\276\225\314|\234S*r\007\370x>\305D*\007b\276v\316\000\000\000\000\000\000\000\000\000\000\000\000\000\000\000\000\000\000\000\000\000\000\000\000\000\000\000\000\000\000\000\000\032\273""\014""\325\014\233\211\025\030\003\267*\335\360\233\033\\206Pqj\016!\273\210:/\371\345\010/\352\224&/\352\224'\n\000""; }; nodes {;   nodedata: ""h\315\350\215y\203\242]\371\235\232Pt&\325\210eZ\346\237XZ \277\2457n\221\336\253\245\317\002\304\206+8\t]\351\316\373|\311\263V\300\023\035\211\237\260\300\r\033u3a1\203\303\365\307k\347\006E\344\037@\210\363\010\336T\226\247'\204_{\261\370""1\235\2445\343\033Y!\212\201\341\272\225'\007*$\244&\336\343'\233i\332\374\245 {^\306-N\333\gE\006\347\212\331C\211Z\177\247\031\n0\261\nBJ\246\330\014\2051\313\\302[\353\004\322_@\313\254\253\215S1\000\200\261\nH;L\013\202_n)6q\357\2538_-\302\252B\204v\277\254\373\3322Ca\020\243\0105\263\257\367\032\254\016\003""; }; ","ledgerHash: ""D!=\355\210\037\325\034/l\242\365\034!w\324\362\3252-\025\351\314\2334,\306Dd\037v\256""; ledgerSeq: 14; type: liBASE; nodes {;   nodedata: ""\000\000\000\016\001cEx]\211\377\330\302\001\313@D\264\016\334\r\034\035\\276\225\314|\234S*r\007\370x>\305D*\007b\276v\316\000\000\000\000\000\000\000\000\000\000\000\000\000\000\000\000\000\000\000\000\000\000\000\000\000\000\000\000\000\000\000\000\032\273""\014""\325\014\233\211\025\030\003\267*\335\360\233\033\\206Pqj\016!\273\210:/\371\345\010/\352\224&/\352\224'\n\000""; }; nodes {;   nodedata: ""h\315\350\215y\203\242]\371\235\232Pt&\325\210eZ\346\237XZ \277\2457n\221\336\253\245\317\002\304\206+8\t]\351\316\373|\311\263V\300\023\035\211\237\260\300\r\033u3a1\203\303\365\307k\347\006E\344\037@\210\363\010\336T\226\247'\204_{\261\370""1\235\2445\343\033Y!\212\201\341\272\225'\007*$\244&\336\343'\233i\332\374\245 {^\306-N\333\gE\006\347\212\331C\211Z\177\247\031\n0\261\nBJ\246\330\014\2051\313\\302[\353\004\322_@\313\254\253\215S1\000\200\261\nH;L\013\202_n)6q\357\2538_-\302\252B\204v\277\254\373\3322Ca\020\243\0105\263\257\367\032\254\016\003""; }; "
1750587305483,1750587305483,0,1,4,3,TMLedgerData,"ledgerHash: ""D!=\355\210\037\325\034/l\242\365\034!w\324\362\3252-\025\351\314\2334,\306Dd\037v\256""; ledgerSeq: 14; type: liBASE; nodes {;   nodedata: ""\000\000\000\016\001cEx]\211\377\330\302\001\313@D\264\016\334\r\034\035\\276\225\314|\234S*r\007\370x>\305D*\007b\276v\316\000\000\000\000\000\000\000\000\000\000\000\000\000\000\000\000\000\000\000\000\000\000\000\000\000\000\000\000\000\000\000\000\032\273""\014""\325\014\233\211\025\030\003\267*\335\360\233\033\\206Pqj\016!\273\210:/\371\345\010/\352\224&/\352\224'\n\000""; }; nodes {;   nodedata: ""h\315\350\215y\203\242]\371\235\232Pt&\325\210eZ\346\237XZ \277\2457n\221\336\253\245\317\002\304\206+8\t]\351\316\373|\311\263V\300\023\035\211\237\260\300\r\033u3a1\203\303\365\307k\347\006E\344\037@\210\363\010\336T\226\247'\204_{\261\370""1\235\2445\343\033Y!\212\201\341\272\225'\007*$\244&\336\343'\233i\332\374\245 {^\306-N\333\gE\006\347\212\331C\211Z\177\247\031\n0\261\nBJ\246\330\014\2051\313\\302[\353\004\322_@\313\254\253\215S1\000\200\261\nH;L\013\202_n)6q\357\2538_-\302\252B\204v\277\254\373\3322Ca\020\243\0105\263\257\367\032\254\016\003""; }; ","ledgerHash: ""D!=\355\210\037\325\034/l\242\365\034!w\324\362\3252-\025\351\314\2334,\306Dd\037v\256""; ledgerSeq: 14; type: liBASE; nodes {;   nodedata: ""\000\000\000\016\001cEx]\211\377\330\302\001\313@D\264\016\334\r\034\035\\276\225\314|\234S*r\007\370x>\305D*\007b\276v\316\000\000\000\000\000\000\000\000\000\000\000\000\000\000\000\000\000\000\000\000\000\000\000\000\000\000\000\000\000\000\000\000\032\273""\014""\325\014\233\211\025\030\003\267*\335\360\233\033\\206Pqj\016!\273\210:/\371\345\010/\352\224&/\352\224'\n\000""; }; nodes {;   nodedata: ""h\315\350\215y\203\242]\371\235\232Pt&\325\210eZ\346\237XZ \277\2457n\221\336\253\245\317\002\304\206+8\t]\351\316\373|\311\263V\300\023\035\211\237\260\300\r\033u3a1\203\303\365\307k\347\006E\344\037@\210\363\010\336T\226\247'\204_{\261\370""1\235\2445\343\033Y!\212\201\341\272\225'\007*$\244&\336\343'\233i\332\374\245 {^\306-N\333\gE\006\347\212\331C\211Z\177\247\031\n0\261\nBJ\246\330\014\2051\313\\302[\353\004\322_@\313\254\253\215S1\000\200\261\nH;L\013\202_n)6q\357\2538_-\302\252B\204v\277\254\373\3322Ca\020\243\0105\263\257\367\032\254\016\003""; }; "
1750587305483,1750587305483,0,1,2,1,TMGetLedger,"itype: liBASE; ledgerHash: ""D!=\355\210\037\325\034/l\242\365\034!w\324\362\3252-\025\351\314\2334,\306Dd\037v\256""; requestCookie: 4; queryType: qtINDIRECT; ","itype: liBASE; ledgerHash: ""D!=\355\210\037\325\034/l\242\365\034!w\324\362\3252-\025\351\314\2334,\306Dd\037v\256""; requestCookie: 4; queryType: qtINDIRECT; "
1750587305484,1750587305484,0,1,2,4,TMLedgerData,"ledgerHash: ""D!=\355\210\037\325\034/l\242\365\034!w\324\362\3252-\025\351\314\2334,\306Dd\037v\256""; ledgerSeq: 14; type: liBASE; nodes {;   nodedata: ""\000\000\000\016\001cEx]\211\377\330\302\001\313@D\264\016\334\r\034\035\\276\225\314|\234S*r\007\370x>\305D*\007b\276v\316\000\000\000\000\000\000\000\000\000\000\000\000\000\000\000\000\000\000\000\000\000\000\000\000\000\000\000\000\000\000\000\000\032\273""\014""\325\014\233\211\025\030\003\267*\335\360\233\033\\206Pqj\016!\273\210:/\371\345\010/\352\224&/\352\224'\n\000""; }; nodes {;   nodedata: ""h\315\350\215y\203\242]\371\235\232Pt&\325\210eZ\346\237XZ \277\2457n\221\336\253\245\317\002\304\206+8\t]\351\316\373|\311\263V\300\023\035\211\237\260\300\r\033u3a1\203\303\365\307k\347\006E\344\037@\210\363\010\336T\226\247'\204_{\261\370""1\235\2445\343\033Y!\212\201\341\272\225'\007*$\244&\336\343'\233i\332\374\245 {^\306-N\333\gE\006\347\212\331C\211Z\177\247\031\n0\261\nBJ\246\330\014\2051\313\\302[\353\004\322_@\313\254\253\215S1\000\200\261\nH;L\013\202_n)6q\357\2538_-\302\252B\204v\277\254\373\3322Ca\020\243\0105\263\257\367\032\254\016\003""; }; ","ledgerHash: ""D!=\355\210\037\325\034/l\242\365\034!w\324\362\3252-\025\351\314\2334,\306Dd\037v\256""; ledgerSeq: 14; type: liBASE; nodes {;   nodedata: ""\000\000\000\016\001cEx]\211\377\330\302\001\313@D\264\016\334\r\034\035\\276\225\314|\234S*r\007\370x>\305D*\007b\276v\316\000\000\000\000\000\000\000\000\000\000\000\000\000\000\000\000\000\000\000\000\000\000\000\000\000\000\000\000\000\000\000\000\032\273""\014""\325\014\233\211\025\030\003\267*\335\360\233\033\\206Pqj\016!\273\210:/\371\345\010/\352\224&/\352\224'\n\000""; }; nodes {;   nodedata: ""h\315\350\215y\203\242]\371\235\232Pt&\325\210eZ\346\237XZ \277\2457n\221\336\253\245\317\002\304\206+8\t]\351\316\373|\311\263V\300\023\035\211\237\260\300\r\033u3a1\203\303\365\307k\347\006E\344\037@\210\363\010\336T\226\247'\204_{\261\370""1\235\2445\343\033Y!\212\201\341\272\225'\007*$\244&\336\343'\233i\332\374\245 {^\306-N\333\gE\006\347\212\331C\211Z\177\247\031\n0\261\nBJ\246\330\014\2051\313\\302[\353\004\322_@\313\254\253\215S1\000\200\261\nH;L\013\202_n)6q\357\2538_-\302\252B\204v\277\254\373\3322Ca\020\243\0105\263\257\367\032\254\016\003""; }; "
1750587305484,1750587305484,0,1,2,1,TMGetLedger,"itype: liAS_NODE; ledgerHash: ""D!=\355\210\037\325\034/l\242\365\034!w\324\362\3252-\025\351\314\2334,\306Dd\037v\256""; ledgerSeq: 14; nodeIDs: ""\260\000\000\000\000\000\000\000\000\000\000\000\000\000\000\000\000\000\000\000\000\000\000\000\000\000\000\000\000\000\000\000\001""; queryType: qtINDIRECT; queryDepth: 1; ","itype: liAS_NODE; ledgerHash: ""D!=\355\210\037\325\034/l\242\365\034!w\324\362\3252-\025\351\314\2334,\306Dd\037v\256""; ledgerSeq: 14; nodeIDs: ""\260\000\000\000\000\000\000\000\000\000\000\000\000\000\000\000\000\000\000\000\000\000\000\000\000\000\000\000\000\000\000\000\001""; queryType: qtINDIRECT; queryDepth: 1; "
1750587305485,1750587305485,0,1,1,0,TMValidation,"validation: """"\200\000\000\001&\000\000\000\016)/\352\224):?HT\314/\177\320^QD!=\355\210\037\325\034/l\242\365\034!w\324\362\3252-\025\351\314\2334,\306Dd\037v\256P\027\000\000\000\000\000\000\000\000\000\000\000\000\000\000\000\000\000\000\000\000\000\000\000\000\000\000\000\000\000\000\000\000P\031\302\001\313@D\264\016\334\r\034\035\\276\225\314|\234S*r\007\370x>\305D*\007b\276v\316s!\003\343\005\311u\203\370\0338\3174\324\010\006\301\251\177\261\304eOX\262)FA-\022r\263wm\024vG0E\002!\000\2301?\315\302<\244\316\233\356=U4}\202\t\310\007\355\030\3264\314\332\213\333\2767,\272g\016\002 Jh\364\237\r\357eJ.\027\243I\272\013\252\315^,\207?\2715\215s\250~\371>\313\341\030\347""; ","validation: """"\200\000\000\001&\000\000\000\016)/\352\224):?HT\314/\177\320^QD!=\355\210\037\325\034/l\242\365\034!w\324\362\3252-\025\351\314\2334,\306Dd\037v\256P\027\000\000\000\000\000\000\000\000\000\000\000\000\000\000\000\000\000\000\000\000\000\000\000\000\000\000\000\000\000\000\000\000P\031\302\001\313@D\264\016\334\r\034\035\\276\225\314|\234S*r\007\370x>\305D*\007b\276v\316s!\003\343\005\311u\203\370\0338\3174\324\010\006\301\251\177\261\304eOX\262)FA-\022r\263wm\024vG0E\002!\000\2301?\315\302<\244\316\233\356=U4}\202\t\310\007\355\030\3264\314\332\213\333\2767,\272g\016\002 Jh\364\237\r\357eJ.\027\243I\272\013\252\315^,\207?\2715\215s\250~\371>\313\341\030\347""; "
1750587305485,1750587305485,0,1,2,0,TMGetLedger,"itype: liBASE; ledgerHash: ""D!=\355\210\037\325\034/l\242\365\034!w\324\362\3252-\025\351\314\2334,\306Dd\037v\256""; queryType: qtINDIRECT; ","itype: liBASE; ledgerHash: ""D!=\355\210\037\325\034/l\242\365\034!w\324\362\3252-\025\351\314\2334,\306Dd\037v\256""; queryType: qtINDIRECT; "
1750587305486,1750587305486,0,1,2,0,TMGetLedger,"itype: liBASE; ledgerHash: ""D!=\355\210\037\325\034/l\242\365\034!w\324\362\3252-\025\351\314\2334,\306Dd\037v\256""; ","itype: liBASE; ledgerHash: ""D!=\355\210\037\325\034/l\242\365\034!w\324\362\3252-\025\351\314\2334,\306Dd\037v\256""; "
1750587305486,1750587305486,0,1,4,0,TMLedgerData,"ledgerHash: ""D!=\355\210\037\325\034/l\242\365\034!w\324\362\3252-\025\351\314\2334,\306Dd\037v\256""; ledgerSeq: 14; type: liBASE; nodes {;   nodedata: ""\000\000\000\016\001cEx]\211\377\330\302\001\313@D\264\016\334\r\034\035\\276\225\314|\234S*r\007\370x>\305D*\007b\276v\316\000\000\000\000\000\000\000\000\000\000\000\000\000\000\000\000\000\000\000\000\000\000\000\000\000\000\000\000\000\000\000\000\032\273""\014""\325\014\233\211\025\030\003\267*\335\360\233\033\\206Pqj\016!\273\210:/\371\345\010/\352\224&/\352\224'\n\000""; }; nodes {;   nodedata: ""h\315\350\215y\203\242]\371\235\232Pt&\325\210eZ\346\237XZ \277\2457n\221\336\253\245\317\002\304\206+8\t]\351\316\373|\311\263V\300\023\035\211\237\260\300\r\033u3a1\203\303\365\307k\347\006E\344\037@\210\363\010\336T\226\247'\204_{\261\370""1\235\2445\343\033Y!\212\201\341\272\225'\007*$\244&\336\343'\233i\332\374\245 {^\306-N\333\gE\006\347\212\331C\211Z\177\247\031\n0\261\nBJ\246\330\014\2051\313\\302[\353\004\322_@\313\254\253\215S1\000\200\261\nH;L\013\202_n)6q\357\2538_-\302\252B\204v\277\254\373\3322Ca\020\243\0105\263\257\367\032\254\016\003""; }; ","ledgerHash: ""D!=\355\210\037\325\034/l\242\365\034!w\324\362\3252-\025\351\314\2334,\306Dd\037v\256""; ledgerSeq: 14; type: liBASE; nodes {;   nodedata: ""\000\000\000\016\001cEx]\211\377\330\302\001\313@D\264\016\334\r\034\035\\276\225\314|\234S*r\007\370x>\305D*\007b\276v\316\000\000\000\000\000\000\000\000\000\000\000\000\000\000\000\000\000\000\000\000\000\000\000\000\000\000\000\000\000\000\000\000\032\273""\014""\325\014\233\211\025\030\003\267*\335\360\233\033\\206Pqj\016!\273\210:/\371\345\010/\352\224&/\352\224'\n\000""; }; nodes {;   nodedata: ""h\315\350\215y\203\242]\371\235\232Pt&\325\210eZ\346\237XZ \277\2457n\221\336\253\245\317\002\304\206+8\t]\351\316\373|\311\263V\300\023\035\211\237\260\300\r\033u3a1\203\303\365\307k\347\006E\344\037@\210\363\010\336T\226\247'\204_{\261\370""1\235\2445\343\033Y!\212\201\341\272\225'\007*$\244&\336\343'\233i\332\374\245 {^\306-N\333\gE\006\347\212\331C\211Z\177\247\031\n0\261\nBJ\246\330\014\2051\313\\302[\353\004\322_@\313\254\253\215S1\000\200\261\nH;L\013\202_n)6q\357\2538_-\302\252B\204v\277\254\373\3322Ca\020\243\0105\263\257\367\032\254\016\003""; }; "
1750587305487,1750587305487,0,1,3,1,TMGetLedger,"itype: liBASE; ledgerHash: ""D!=\355\210\037\325\034/l\242\365\034!w\324\362\3252-\025\351\314\2334,\306Dd\037v\256""; requestCookie: 4; queryType: qtINDIRECT; ","itype: liBASE; ledgerHash: ""D!=\355\210\037\325\034/l\242\365\034!w\324\362\3252-\025\351\314\2334,\306Dd\037v\256""; requestCookie: 4; queryType: qtINDIRECT; "
1750587305488,1750587305488,0,1,3,0,TMGetLedger,"itype: liBASE; ledgerHash: ""D!=\355\210\037\325\034/l\242\365\034!w\324\362\3252-\025\351\314\2334,\306Dd\037v\256""; ","itype: liBASE; ledgerHash: ""D!=\355\210\037\325\034/l\242\365\034!w\324\362\3252-\025\351\314\2334,\306Dd\037v\256""; "
1750587305488,1750587305488,0,1,4,0,TMLedgerData,"ledgerHash: ""D!=\355\210\037\325\034/l\242\365\034!w\324\362\3252-\025\351\314\2334,\306Dd\037v\256""; ledgerSeq: 14; type: liBASE; nodes {;   nodedata: ""\000\000\000\016\001cEx]\211\377\330\302\001\313@D\264\016\334\r\034\035\\276\225\314|\234S*r\007\370x>\305D*\007b\276v\316\000\000\000\000\000\000\000\000\000\000\000\000\000\000\000\000\000\000\000\000\000\000\000\000\000\000\000\000\000\000\000\000\032\273""\014""\325\014\233\211\025\030\003\267*\335\360\233\033\\206Pqj\016!\273\210:/\371\345\010/\352\224&/\352\224'\n\000""; }; nodes {;   nodedata: ""h\315\350\215y\203\242]\371\235\232Pt&\325\210eZ\346\237XZ \277\2457n\221\336\253\245\317\002\304\206+8\t]\351\316\373|\311\263V\300\023\035\211\237\260\300\r\033u3a1\203\303\365\307k\347\006E\344\037@\210\363\010\336T\226\247'\204_{\261\370""1\235\2445\343\033Y!\212\201\341\272\225'\007*$\244&\336\343'\233i\332\374\245 {^\306-N\333\gE\006\347\212\331C\211Z\177\247\031\n0\261\nBJ\246\330\014\2051\313\\302[\353\004\322_@\313\254\253\215S1\000\200\261\nH;L\013\202_n)6q\357\2538_-\302\252B\204v\277\254\373\3322Ca\020\243\0105\263\257\367\032\254\016\003""; }; ","ledgerHash: ""D!=\355\210\037\325\034/l\242\365\034!w\324\362\3252-\025\351\314\2334,\306Dd\037v\256""; ledgerSeq: 14; type: liBASE; nodes {;   nodedata: ""\000\000\000\016\001cEx]\211\377\330\302\001\313@D\264\016\334\r\034\035\\276\225\314|\234S*r\007\370x>\305D*\007b\276v\316\000\000\000\000\000\000\000\000\000\000\000\000\000\000\000\000\000\000\000\000\000\000\000\000\000\000\000\000\000\000\000\000\032\273""\014""\325\014\233\211\025\030\003\267*\335\360\233\033\\206Pqj\016!\273\210:/\371\345\010/\352\224&/\352\224'\n\000""; }; nodes {;   nodedata: ""h\315\350\215y\203\242]\371\235\232Pt&\325\210eZ\346\237XZ \277\2457n\221\336\253\245\317\002\304\206+8\t]\351\316\373|\311\263V\300\023\035\211\237\260\300\r\033u3a1\203\303\365\307k\347\006E\344\037@\210\363\010\336T\226\247'\204_{\261\370""1\235\2445\343\033Y!\212\201\341\272\225'\007*$\244&\336\343'\233i\332\374\245 {^\306-N\333\gE\006\347\212\331C\211Z\177\247\031\n0\261\nBJ\246\330\014\2051\313\\302[\353\004\322_@\313\254\253\215S1\000\200\261\nH;L\013\202_n)6q\357\2538_-\302\252B\204v\277\254\373\3322Ca\020\243\0105\263\257\367\032\254\016\003""; }; "
1750587305488,1750587305488,0,1,3,1,TMGetLedger,"itype: liAS_NODE; ledgerHash: ""D!=\355\210\037\325\034/l\242\365\034!w\324\362\3252-\025\351\314\2334,\306Dd\037v\256""; ledgerSeq: 14; nodeIDs: ""\260\000\000\000\000\000\000\000\000\000\000\000\000\000\000\000\000\000\000\000\000\000\000\000\000\000\000\000\000\000\000\000\001""; queryType: qtINDIRECT; queryDepth: 1; ","itype: liAS_NODE; ledgerHash: ""D!=\355\210\037\325\034/l\242\365\034!w\324\362\3252-\025\351\314\2334,\306Dd\037v\256""; ledgerSeq: 14; nodeIDs: ""\260\000\000\000\000\000\000\000\000\000\000\000\000\000\000\000\000\000\000\000\000\000\000\000\000\000\000\000\000\000\000\000\001""; queryType: qtINDIRECT; queryDepth: 1; "
1750587305489,1750587305489,0,1,3,0,TMGetLedger,"itype: liBASE; ledgerHash: ""D!=\355\210\037\325\034/l\242\365\034!w\324\362\3252-\025\351\314\2334,\306Dd\037v\256""; queryType: qtINDIRECT; ","itype: liBASE; ledgerHash: ""D!=\355\210\037\325\034/l\242\365\034!w\324\362\3252-\025\351\314\2334,\306Dd\037v\256""; queryType: qtINDIRECT; "
1750587305489,1750587305489,0,1,3,4,TMLedgerData,"ledgerHash: ""D!=\355\210\037\325\034/l\242\365\034!w\324\362\3252-\025\351\314\2334,\306Dd\037v\256""; ledgerSeq: 14; type: liBASE; nodes {;   nodedata: ""\000\000\000\016\001cEx]\211\377\330\302\001\313@D\264\016\334\r\034\035\\276\225\314|\234S*r\007\370x>\305D*\007b\276v\316\000\000\000\000\000\000\000\000\000\000\000\000\000\000\000\000\000\000\000\000\000\000\000\000\000\000\000\000\000\000\000\000\032\273""\014""\325\014\233\211\025\030\003\267*\335\360\233\033\\206Pqj\016!\273\210:/\371\345\010/\352\224&/\352\224'\n\000""; }; nodes {;   nodedata: ""h\315\350\215y\203\242]\371\235\232Pt&\325\210eZ\346\237XZ \277\2457n\221\336\253\245\317\002\304\206+8\t]\351\316\373|\311\263V\300\023\035\211\237\260\300\r\033u3a1\203\303\365\307k\347\006E\344\037@\210\363\010\336T\226\247'\204_{\261\370""1\235\2445\343\033Y!\212\201\341\272\225'\007*$\244&\336\343'\233i\332\374\245 {^\306-N\333\gE\006\347\212\331C\211Z\177\247\031\n0\261\nBJ\246\330\014\2051\313\\302[\353\004\322_@\313\254\253\215S1\000\200\261\nH;L\013\202_n)6q\357\2538_-\302\252B\204v\277\254\373\3322Ca\020\243\0105\263\257\367\032\254\016\003""; }; ","ledgerHash: ""D!=\355\210\037\325\034/l\242\365\034!w\324\362\3252-\025\351\314\2334,\306Dd\037v\256""; ledgerSeq: 14; type: liBASE; nodes {;   nodedata: ""\000\000\000\016\001cEx]\211\377\330\302\001\313@D\264\016\334\r\034\035\\276\225\314|\234S*r\007\370x>\305D*\007b\276v\316\000\000\000\000\000\000\000\000\000\000\000\000\000\000\000\000\000\000\000\000\000\000\000\000\000\000\000\000\000\000\000\000\032\273""\014""\325\014\233\211\025\030\003\267*\335\360\233\033\\206Pqj\016!\273\210:/\371\345\010/\352\224&/\352\224'\n\000""; }; nodes {;   nodedata: ""h\315\350\215y\203\242]\371\235\232Pt&\325\210eZ\346\237XZ \277\2457n\221\336\253\245\317\002\304\206+8\t]\351\316\373|\311\263V\300\023\035\211\237\260\300\r\033u3a1\203\303\365\307k\347\006E\344\037@\210\363\010\336T\226\247'\204_{\261\370""1\235\2445\343\033Y!\212\201\341\272\225'\007*$\244&\336\343'\233i\332\374\245 {^\306-N\333\gE\006\347\212\331C\211Z\177\247\031\n0\261\nBJ\246\330\014\2051\313\\302[\353\004\322_@\313\254\253\215S1\000\200\261\nH;L\013\202_n)6q\357\2538_-\302\252B\204v\277\254\373\3322Ca\020\243\0105\263\257\367\032\254\016\003""; }; "
1750587305489,1750587305489,0,1,1,2,TMLedgerData,"ledgerHash: ""D!=\355\210\037\325\034/l\242\365\034!w\324\362\3252-\025\351\314\2334,\306Dd\037v\256""; ledgerSeq: 14; type: liBASE; nodes {;   nodedata: ""\000\000\000\016\001cEx]\211\377\330\302\001\313@D\264\016\334\r\034\035\\276\225\314|\234S*r\007\370x>\305D*\007b\276v\316\000\000\000\000\000\000\000\000\000\000\000\000\000\000\000\000\000\000\000\000\000\000\000\000\000\000\000\000\000\000\000\000\032\273""\014""\325\014\233\211\025\030\003\267*\335\360\233\033\\206Pqj\016!\273\210:/\371\345\010/\352\224&/\352\224'\n\000""; }; nodes {;   nodedata: ""h\315\350\215y\203\242]\371\235\232Pt&\325\210eZ\346\237XZ \277\2457n\221\336\253\245\317\002\304\206+8\t]\351\316\373|\311\263V\300\023\035\211\237\260\300\r\033u3a1\203\303\365\307k\347\006E\344\037@\210\363\010\336T\226\247'\204_{\261\370""1\235\2445\343\033Y!\212\201\341\272\225'\007*$\244&\336\343'\233i\332\374\245 {^\306-N\333\gE\006\347\212\331C\211Z\177\247\031\n0\261\nBJ\246\330\014\2051\313\\302[\353\004\322_@\313\254\253\215S1\000\200\261\nH;L\013\202_n)6q\357\2538_-\302\252B\204v\277\254\373\3322Ca\020\243\0105\263\257\367\032\254\016\003""; }; requestCookie: 4; ","ledgerHash: ""D!=\355\210\037\325\034/l\242\365\034!w\324\362\3252-\025\351\314\2334,\306Dd\037v\256""; ledgerSeq: 14; type: liBASE; nodes {;   nodedata: ""\000\000\000\016\001cEx]\211\377\330\302\001\313@D\264\016\334\r\034\035\\276\225\314|\234S*r\007\370x>\305D*\007b\276v\316\000\000\000\000\000\000\000\000\000\000\000\000\000\000\000\000\000\000\000\000\000\000\000\000\000\000\000\000\000\000\000\000\032\273""\014""\325\014\233\211\025\030\003\267*\335\360\233\033\\206Pqj\016!\273\210:/\371\345\010/\352\224&/\352\224'\n\000""; }; nodes {;   nodedata: ""h\315\350\215y\203\242]\371\235\232Pt&\325\210eZ\346\237XZ \277\2457n\221\336\253\245\317\002\304\206+8\t]\351\316\373|\311\263V\300\023\035\211\237\260\300\r\033u3a1\203\303\365\307k\347\006E\344\037@\210\363\010\336T\226\247'\204_{\261\370""1\235\2445\343\033Y!\212\201\341\272\225'\007*$\244&\336\343'\233i\332\374\245 {^\306-N\333\gE\006\347\212\331C\211Z\177\247\031\n0\261\nBJ\246\330\014\2051\313\\302[\353\004\322_@\313\254\253\215S1\000\200\261\nH;L\013\202_n)6q\357\2538_-\302\252B\204v\277\254\373\3322Ca\020\243\0105\263\257\367\032\254\016\003""; }; requestCookie: 4; "
1750587305490,1750587305491,0,1,1,2,TMLedgerData,"ledgerHash: ""D!=\355\210\037\325\034/l\242\365\034!w\324\362\3252-\025\351\314\2334,\306Dd\037v\256""; ledgerSeq: 14; type: liAS_NODE; nodes {;   nodedata: ""\021\000h""\000\000\000\000 \033\000\000\000\r\002\023\301\377\330\356GuH\375\327!\255\371\r\231\262R\256J\034\222\241\355X\265E\241^W\225\304\014\361CX-}\351f\032\255\274\334m\326c\017\014ao[\342\230\003\245\245\3341Hm\326^\017jy\335\261\214.\207\210%\003 \010ML\347\200R\304&\320_\215\226\344\334\033\354\2002\255\216\332\317\255\034\017T\270\242(,&\233\326\374o\306[\235\317>\021e\005s\261\371l\216\017\003\032\017J\217\244W<\241'\332/+\360Bx\036+\210j\237K%\340]\246E\2434\264K\036\030qP\317\315\336\325\007\372\373$P*|\321\342\002\026\n\3215\340\3203\200x\327D\301]5\237\247Yz\3711!L\214\221=\252\002\267\225zg\264\253\271T\346ji\003\235\236Pis\264\375\222|H\344\261g?[g\311\347s\234ae\204\263\365U\334\372D\354\345\276\201f\035\271%#\375\245\314.""\373\330&\3746\354@[\274\202\021\202\373Vi\243\n\325\250\005e\360""m\346'\311@\343\016$L\346\334\360<w\317\351\2337\023\262\336W\254\222\315\335\317oP\221\031g\037\220\357Ft\030n\306\370\n\354\226\365\346\276\322i\233\014\037\027Z\351\022\216@=S\205\334\033\374\234n\r\270\210]\013\203\356\024\366\354\260\007L\324\236aQ\361\020X\372\353 3\347\310*\253\021gT!>\003\325\254,\003\367\204\031\331\255\240\304J\342j\272\270\274\360\307\356\347\200Ywm#\014\233\301\022L\232T\033N\341\232\325\233\227\313\307\302\001\313@D\264\016\334\r\034\035\\276\225\314|\234S*r\007\370x>\305D*\007b\276v\316\264\227\2326\315\307\363\323\325\303\032N\256*\307\327 \235\332\207u\210\271\257\306g\231i*\260\326k\001"";   nodeid: ""\260\000\000\000\000\000\000\000\000\000\000\000\000\000\000\000\000\000\000\000\000\000\000\000\000\000\000\000\000\000\000\000\001""; }; ","ledgerHash: ""D!=\355\210\037\325\034/l\242\365\034!w\324\362\3252-\025\351\314\2334,\306Dd\037v\256""; ledgerSeq: 14; type: liAS_NODE; nodes {;   nodedata: ""\021\000h""\000\000\000\000 \033\000\000\000\r\002\023\301\377\330\356GuH\375\327!\255\371\r\231\262R\256J\034\222\241\355X\265E\241^W\225\304\014\361CX-}\351f\032\255\274\334m\326c\017\014ao[\342\230\003\245\245\3341Hm\326^\017jy\335\261\214.\207\210%\003 \010ML\347\200R\304&\320_\215\226\344\334\033\354\2002\255\216\332\317\255\034\017T\270\242(,&\233\326\374o\306[\235\317>\021e\005s\261\371l\216\017\003\032\017J\217\244W<\241'\332/+\360Bx\036+\210j\237K%\340]\246E\2434\264K\036\030qP\317\315\336\325\007\372\373$P*|\321\342\002\026\n\3215\340\3203\200x\327D\301]5\237\247Yz\3711!L\214\221=\252\002\267\225zg\264\253\271T\346ji\003\235\236Pis\264\375\222|H\344\261g?[g\311\347s\234ae\204\263\365U\334\372D\354\345\276\201f\035\271%#\375\245\314.""\373\330&\3746\354@[\274\202\021\202\373Vi\243\n\325\250\005e\360""m\346'\311@\343\016$L\346\334\360<w\317\351\2337\023\262\336W\254\222\315\335\317oP\221\031g\037\220\357Ft\030n\306\370\n\354\226\365\346\276\322i\233\014\037\027Z\351\022\216@=S\205\334\033\374\234n\r\270\210]\013\203\356\024\366\354\260\007L\324\236aQ\361\020X\372\353 3\347\310*\253\021gT!>\003\325\254,\003\367\204\031\331\255\240\304J\342j\272\270\274\360\307\356\347\200Ywm#\014\233\301\022L\232T\033N\341\232\325\233\227\313\307\302\001\313@D\264\016\334\r\034\035\\276\225\314|\234S*r\007\370x>\305D*\007b\276v\316\264\227\2326\315\307\363\323\325\303\032N\256*\307\327 \235\332\207u\210\271\257\306g\231i*\260\326k\001"";   nodeid: ""\260\000\000\000\000\000\000\000\000\000\000\000\000\000\000\000\000\000\000\000\000\000\000\000\000\000\000\000\000\000\000\000\001""; }; "
1750587305491,1750587305491,0,1,0,1,TMGetLedger,"itype: liBASE; ledgerHash: ""D!=\355\210\037\325\034/l\242\365\034!w\324\362\3252-\025\351\314\2334,\306Dd\037v\256""; queryType: qtINDIRECT; ","itype: liBASE; ledgerHash: ""D!=\355\210\037\325\034/l\242\365\034!w\324\362\3252-\025\351\314\2334,\306Dd\037v\256""; queryType: qtINDIRECT; "
1750587305491,1750587305491,0,1,0,1,TMGetLedger,"itype: liBASE; ledgerHash: ""D!=\355\210\037\325\034/l\242\365\034!w\324\362\3252-\025\351\314\2334,\306Dd\037v\256""; ","itype: liBASE; ledgerHash: ""D!=\355\210\037\325\034/l\242\365\034!w\324\362\3252-\025\351\314\2334,\306Dd\037v\256""; "
1750587305492,1750587305492,0,1,0,1,TMGetLedger,"itype: liBASE; ledgerHash: ""D!=\355\210\037\325\034/l\242\365\034!w\324\362\3252-\025\351\314\2334,\306Dd\037v\256""; requestCookie: 5; queryType: qtINDIRECT; ","itype: liBASE; ledgerHash: ""D!=\355\210\037\325\034/l\242\365\034!w\324\362\3252-\025\351\314\2334,\306Dd\037v\256""; requestCookie: 5; queryType: qtINDIRECT; "
1750587305492,1750587305492,0,1,0,2,TMGetLedger,"itype: liBASE; ledgerHash: ""D!=\355\210\037\325\034/l\242\365\034!w\324\362\3252-\025\351\314\2334,\306Dd\037v\256""; queryType: qtINDIRECT; ","itype: liBASE; ledgerHash: ""D!=\355\210\037\325\034/l\242\365\034!w\324\362\3252-\025\351\314\2334,\306Dd\037v\256""; queryType: qtINDIRECT; "
1750587305493,1750587305493,0,1,0,4,TMGetLedger,"itype: liAS_NODE; ledgerHash: ""D!=\355\210\037\325\034/l\242\365\034!w\324\362\3252-\025\351\314\2334,\306Dd\037v\256""; ledgerSeq: 14; nodeIDs: ""\260\000\000\000\000\000\000\000\000\000\000\000\000\000\000\000\000\000\000\000\000\000\000\000\000\000\000\000\000\000\000\000\001""; queryType: qtINDIRECT; queryDepth: 1; ","itype: liAS_NODE; ledgerHash: ""D!=\355\210\037\325\034/l\242\365\034!w\324\362\3252-\025\351\314\2334,\306Dd\037v\256""; ledgerSeq: 14; nodeIDs: ""\260\000\000\000\000\000\000\000\000\000\000\000\000\000\000\000\000\000\000\000\000\000\000\000\000\000\000\000\000\000\000\000\001""; queryType: qtINDIRECT; queryDepth: 1; "
1750587305493,1750587305493,0,1,1,3,TMLedgerData,"ledgerHash: ""D!=\355\210\037\325\034/l\242\365\034!w\324\362\3252-\025\351\314\2334,\306Dd\037v\256""; ledgerSeq: 14; type: liBASE; nodes {;   nodedata: ""\000\000\000\016\001cEx]\211\377\330\302\001\313@D\264\016\334\r\034\035\\276\225\314|\234S*r\007\370x>\305D*\007b\276v\316\000\000\000\000\000\000\000\000\000\000\000\000\000\000\000\000\000\000\000\000\000\000\000\000\000\000\000\000\000\000\000\000\032\273""\014""\325\014\233\211\025\030\003\267*\335\360\233\033\\206Pqj\016!\273\210:/\371\345\010/\352\224&/\352\224'\n\000""; }; nodes {;   nodedata: ""h\315\350\215y\203\242]\371\235\232Pt&\325\210eZ\346\237XZ \277\2457n\221\336\253\245\317\002\304\206+8\t]\351\316\373|\311\263V\300\023\035\211\237\260\300\r\033u3a1\203\303\365\307k\347\006E\344\037@\210\363\010\336T\226\247'\204_{\261\370""1\235\2445\343\033Y!\212\201\341\272\225'\007*$\244&\336\343'\233i\332\374\245 {^\306-N\333\gE\006\347\212\331C\211Z\177\247\031\n0\261\nBJ\246\330\014\2051\313\\302[\353\004\322_@\313\254\253\215S1\000\200\261\nH;L\013\202_n)6q\357\2538_-\302\252B\204v\277\254\373\3322Ca\020\243\0105\263\257\367\032\254\016\003""; }; requestCookie: 4; ","ledgerHash: ""D!=\355\210\037\325\034/l\242\365\034!w\324\362\3252-\025\351\314\2334,\306Dd\037v\256""; ledgerSeq: 14; type: liBASE; nodes {;   nodedata: ""\000\000\000\016\001cEx]\211\377\330\302\001\313@D\264\016\334\r\034\035\\276\225\314|\234S*r\007\370x>\305D*\007b\276v\316\000\000\000\000\000\000\000\000\000\000\000\000\000\000\000\000\000\000\000\000\000\000\000\000\000\000\000\000\000\000\000\000\032\273""\014""\325\014\233\211\025\030\003\267*\335\360\233\033\\206Pqj\016!\273\210:/\371\345\010/\352\224&/\352\224'\n\000""; }; nodes {;   nodedata: ""h\315\350\215y\203\242]\371\235\232Pt&\325\210eZ\346\237XZ \277\2457n\221\336\253\245\317\002\304\206+8\t]\351\316\373|\311\263V\300\023\035\211\237\260\300\r\033u3a1\203\303\365\307k\347\006E\344\037@\210\363\010\336T\226\247'\204_{\261\370""1\235\2445\343\033Y!\212\201\341\272\225'\007*$\244&\336\343'\233i\332\374\245 {^\306-N\333\gE\006\347\212\331C\211Z\177\247\031\n0\261\nBJ\246\330\014\2051\313\\302[\353\004\322_@\313\254\253\215S1\000\200\261\nH;L\013\202_n)6q\357\2538_-\302\252B\204v\277\254\373\3322Ca\020\243\0105\263\257\367\032\254\016\003""; }; requestCookie: 4; "
1750587305493,1750587305493,0,1,0,3,TMGetLedger,"itype: liBASE; ledgerHash: ""D!=\355\210\037\325\034/l\242\365\034!w\324\362\3252-\025\351\314\2334,\306Dd\037v\256""; queryType: qtINDIRECT; ","itype: liBASE; ledgerHash: ""D!=\355\210\037\325\034/l\242\365\034!w\324\362\3252-\025\351\314\2334,\306Dd\037v\256""; queryType: qtINDIRECT; "
1750587305494,1750587305494,0,1,1,3,TMLedgerData,"ledgerHash: ""D!=\355\210\037\325\034/l\242\365\034!w\324\362\3252-\025\351\314\2334,\306Dd\037v\256""; ledgerSeq: 14; type: liAS_NODE; nodes {;   nodedata: ""\021\000h""\000\000\000\000 \033\000\000\000\r\002\023\301\377\330\356GuH\375\327!\255\371\r\231\262R\256J\034\222\241\355X\265E\241^W\225\304\014\361CX-}\351f\032\255\274\334m\326c\017\014ao[\342\230\003\245\245\3341Hm\326^\017jy\335\261\214.\207\210%\003 \010ML\347\200R\304&\320_\215\226\344\334\033\354\2002\255\216\332\317\255\034\017T\270\242(,&\233\326\374o\306[\235\317>\021e\005s\261\371l\216\017\003\032\017J\217\244W<\241'\332/+\360Bx\036+\210j\237K%\340]\246E\2434\264K\036\030qP\317\315\336\325\007\372\373$P*|\321\342\002\026\n\3215\340\3203\200x\327D\301]5\237\247Yz\3711!L\214\221=\252\002\267\225zg\264\253\271T\346ji\003\235\236Pis\264\375\222|H\344\261g?[g\311\347s\234ae\204\263\365U\334\372D\354\345\276\201f\035\271%#\375\245\314.""\373\330&\3746\354@[\274\202\021\202\373Vi\243\n\325\250\005e\360""m\346'\311@\343\016$L\346\334\360<w\317\351\2337\023\262\336W\254\222\315\335\317oP\221\031g\037\220\357Ft\030n\306\370\n\354\226\365\346\276\322i\233\014\037\027Z\351\022\216@=S\205\334\033\374\234n\r\270\210]\013\203\356\024\366\354\260\007L\324\236aQ\361\020X\372\353 3\347\310*\253\021gT!>\003\325\254,\003\367\204\031\331\255\240\304J\342j\272\270\274\360\307\356\347\200Ywm#\014\233\301\022L\232T\033N\341\232\325\233\227\313\307\302\001\313@D\264\016\334\r\034\035\\276\225\314|\234S*r\007\370x>\305D*\007b\276v\316\264\227\2326\315\307\363\323\325\303\032N\256*\307\327 \235\332\207u\210\271\257\306g\231i*\260\326k\001"";   nodeid: ""\260\000\000\000\000\000\000\000\000\000\000\000\000\000\000\000\000\000\000\000\000\000\000\000\000\000\000\000\000\000\000\000\001""; }; ","ledgerHash: ""D!=\355\210\037\325\034/l\242\365\034!w\324\362\3252-\025\351\314\2334,\306Dd\037v\256""; ledgerSeq: 14; type: liAS_NODE; nodes {;   nodedata: ""\021\000h""\000\000\000\000 \033\000\000\000\r\002\023\301\377\330\356GuH\375\327!\255\371\r\231\262R\256J\034\222\241\355X\265E\241^W\225\304\014\361CX-}\351f\032\255\274\334m\326c\017\014ao[\342\230\003\245\245\3341Hm\326^\017jy\335\261\214.\207\210%\003 \010ML\347\200R\304&\320_\215\226\344\334\033\354\2002\255\216\332\317\255\034\017T\270\242(,&\233\326\374o\306[\235\317>\021e\005s\261\371l\216\017\003\032\017J\217\244W<\241'\332/+\360Bx\036+\210j\237K%\340]\246E\2434\264K\036\030qP\317\315\336\325\007\372\373$P*|\321\342\002\026\n\3215\340\3203\200x\327D\301]5\237\247Yz\3711!L\214\221=\252\002\267\225zg\264\253\271T\346ji\003\235\236Pis\264\375\222|H\344\261g?[g\311\347s\234ae\204\263\365U\334\372D\354\345\276\201f\035\271%#\375\245\314.""\373\330&\3746\354@[\274\202\021\202\373Vi\243\n\325\250\005e\360""m\346'\311@\343\016$L\346\334\360<w\317\351\2337\023\262\336W\254\222\315\335\317oP\221\031g\037\220\357Ft\030n\306\370\n\354\226\365\346\276\322i\233\014\037\027Z\351\022\216@=S\205\334\033\374\234n\r\270\210]\013\203\356\024\366\354\260\007L\324\236aQ\361\020X\372\353 3\347\310*\253\021gT!>\003\325\254,\003\367\204\031\331\255\240\304J\342j\272\270\274\360\307\356\347\200Ywm#\014\233\301\022L\232T\033N\341\232\325\233\227\313\307\302\001\313@D\264\016\334\r\034\035\\276\225\314|\234S*r\007\370x>\305D*\007b\276v\316\264\227\2326\315\307\363\323\325\303\032N\256*\307\327 \235\332\207u\210\271\257\306g\231i*\260\326k\001"";   nodeid: ""\260\000\000\000\000\000\000\000\000\000\000\000\000\000\000\000\000\000\000\000\000\000\000\000\000\000\000\000\000\000\000\000\001""; }; "
1750587305494,1750587305495,0,1,2,3,TMLedgerData,"ledgerHash: ""D!=\355\210\037\325\034/l\242\365\034!w\324\362\3252-\025\351\314\2334,\306Dd\037v\256""; ledgerSeq: 14; type: liBASE; nodes {;   nodedata: ""\000\000\000\016\001cEx]\211\377\330\302\001\313@D\264\016\334\r\034\035\\276\225\314|\234S*r\007\370x>\305D*\007b\276v\316\000\000\000\000\000\000\000\000\000\000\000\000\000\000\000\000\000\000\000\000\000\000\000\000\000\000\000\000\000\000\000\000\032\273""\014""\325\014\233\211\025\030\003\267*\335\360\233\033\\206Pqj\016!\273\210:/\371\345\010/\352\224&/\352\224'\n\000""; }; nodes {;   nodedata: ""h\315\350\215y\203\242]\371\235\232Pt&\325\210eZ\346\237XZ \277\2457n\221\336\253\245\317\002\304\206+8\t]\351\316\373|\311\263V\300\023\035\211\237\260\300\r\033u3a1\203\303\365\307k\347\006E\344\037@\210\363\010\336T\226\247'\204_{\261\370""1\235\2445\343\033Y!\212\201\341\272\225'\007*$\244&\336\343'\233i\332\374\245 {^\306-N\333\gE\006\347\212\331C\211Z\177\247\031\n0\261\nBJ\246\330\014\2051\313\\302[\353\004\322_@\313\254\253\215S1\000\200\261\nH;L\013\202_n)6q\357\2538_-\302\252B\204v\277\254\373\3322Ca\020\243\0105\263\257\367\032\254\016\003""; }; ","ledgerHash: ""D!=\355\210\037\325\034/l\242\365\034!w\324\362\3252-\025\351\314\2334,\306Dd\037v\256""; ledgerSeq: 14; type: liBASE; nodes {;   nodedata: ""\000\000\000\016\001cEx]\211\377\330\302\001\313@D\264\016\334\r\034\035\\276\225\314|\234S*r\007\370x>\305D*\007b\276v\316\000\000\000\000\000\000\000\000\000\000\000\000\000\000\000\000\000\000\000\000\000\000\000\000\000\000\000\000\000\000\000\000\032\273""\014""\325\014\233\211\025\030\003\267*\335\360\233\033\\206Pqj\016!\273\210:/\371\345\010/\352\224&/\352\224'\n\000""; }; nodes {;   nodedata: ""h\315\350\215y\203\242]\371\235\232Pt&\325\210eZ\346\237XZ \277\2457n\221\336\253\245\317\002\304\206+8\t]\351\316\373|\311\263V\300\023\035\211\237\260\300\r\033u3a1\203\303\365\307k\347\006E\344\037@\210\363\010\336T\226\247'\204_{\261\370""1\235\2445\343\033Y!\212\201\341\272\225'\007*$\244&\336\343'\233i\332\374\245 {^\306-N\333\gE\006\347\212\331C\211Z\177\247\031\n0\261\nBJ\246\330\014\2051\313\\302[\353\004\322_@\313\254\253\215S1\000\200\261\nH;L\013\202_n)6q\357\2538_-\302\252B\204v\277\254\373\3322Ca\020\243\0105\263\257\367\032\254\016\003""; }; "
1750587305496,1750587305496,0,1,1,0,TMLedgerData,"ledgerHash: ""D!=\355\210\037\325\034/l\242\365\034!w\324\362\3252-\025\351\314\2334,\306Dd\037v\256""; ledgerSeq: 14; type: liBASE; nodes {;   nodedata: ""\000\000\000\016\001cEx]\211\377\330\302\001\313@D\264\016\334\r\034\035\\276\225\314|\234S*r\007\370x>\305D*\007b\276v\316\000\000\000\000\000\000\000\000\000\000\000\000\000\000\000\000\000\000\000\000\000\000\000\000\000\000\000\000\000\000\000\000\032\273""\014""\325\014\233\211\025\030\003\267*\335\360\233\033\\206Pqj\016!\273\210:/\371\345\010/\352\224&/\352\224'\n\000""; }; nodes {;   nodedata: ""h\315\350\215y\203\242]\371\235\232Pt&\325\210eZ\346\237XZ \277\2457n\221\336\253\245\317\002\304\206+8\t]\351\316\373|\311\263V\300\023\035\211\237\260\300\r\033u3a1\203\303\365\307k\347\006E\344\037@\210\363\010\336T\226\247'\204_{\261\370""1\235\2445\343\033Y!\212\201\341\272\225'\007*$\244&\336\343'\233i\332\374\245 {^\306-N\333\gE\006\347\212\331C\211Z\177\247\031\n0\261\nBJ\246\330\014\2051\313\\302[\353\004\322_@\313\254\253\215S1\000\200\261\nH;L\013\202_n)6q\357\2538_-\302\252B\204v\277\254\373\3322Ca\020\243\0105\263\257\367\032\254\016\003""; }; ","ledgerHash: ""D!=\355\210\037\325\034/l\242\365\034!w\324\362\3252-\025\351\314\2334,\306Dd\037v\256""; ledgerSeq: 14; type: liBASE; nodes {;   nodedata: ""\000\000\000\016\001cEx]\211\377\330\302\001\313@D\264\016\334\r\034\035\\276\225\314|\234S*r\007\370x>\305D*\007b\276v\316\000\000\000\000\000\000\000\000\000\000\000\000\000\000\000\000\000\000\000\000\000\000\000\000\000\000\000\000\000\000\000\000\032\273""\014""\325\014\233\211\025\030\003\267*\335\360\233\033\\206Pqj\016!\273\210:/\371\345\010/\352\224&/\352\224'\n\000""; }; nodes {;   nodedata: ""h\315\350\215y\203\242]\371\235\232Pt&\325\210eZ\346\237XZ \277\2457n\221\336\253\245\317\002\304\206+8\t]\351\316\373|\311\263V\300\023\035\211\237\260\300\r\033u3a1\203\303\365\307k\347\006E\344\037@\210\363\010\336T\226\247'\204_{\261\370""1\235\2445\343\033Y!\212\201\341\272\225'\007*$\244&\336\343'\233i\332\374\245 {^\306-N\333\gE\006\347\212\331C\211Z\177\247\031\n0\261\nBJ\246\330\014\2051\313\\302[\353\004\322_@\313\254\253\215S1\000\200\261\nH;L\013\202_n)6q\357\2538_-\302\252B\204v\277\254\373\3322Ca\020\243\0105\263\257\367\032\254\016\003""; }; "
1750587305497,1750587305497,0,1,4,0,TMLedgerData,"ledgerHash: ""D!=\355\210\037\325\034/l\242\365\034!w\324\362\3252-\025\351\314\2334,\306Dd\037v\256""; ledgerSeq: 14; type: liAS_NODE; nodes {;   nodedata: ""\021\000h""\000\000\000\000 \033\000\000\000\r\002\023\301\377\330\356GuH\375\327!\255\371\r\231\262R\256J\034\222\241\355X\265E\241^W\225\304\014\361CX-}\351f\032\255\274\334m\326c\017\014ao[\342\230\003\245\245\3341Hm\326^\017jy\335\261\214.\207\210%\003 \010ML\347\200R\304&\320_\215\226\344\334\033\354\2002\255\216\332\317\255\034\017T\270\242(,&\233\326\374o\306[\235\317>\021e\005s\261\371l\216\017\003\032\017J\217\244W<\241'\332/+\360Bx\036+\210j\237K%\340]\246E\2434\264K\036\030qP\317\315\336\325\007\372\373$P*|\321\342\002\026\n\3215\340\3203\200x\327D\301]5\237\247Yz\3711!L\214\221=\252\002\267\225zg\264\253\271T\346ji\003\235\236Pis\264\375\222|H\344\261g?[g\311\347s\234ae\204\263\365U\334\372D\354\345\276\201f\035\271%#\375\245\314.""\373\330&\3746\354@[\274\202\021\202\373Vi\243\n\325\250\005e\360""m\346'\311@\343\016$L\346\334\360<w\317\351\2337\023\262\336W\254\222\315\335\317oP\221\031g\037\220\357Ft\030n\306\370\n\354\226\365\346\276\322i\233\014\037\027Z\351\022\216@=S\205\334\033\374\234n\r\270\210]\013\203\356\024\366\354\260\007L\324\236aQ\361\020X\372\353 3\347\310*\253\021gT!>\003\325\254,\003\367\204\031\331\255\240\304J\342j\272\270\274\360\307\356\347\200Ywm#\014\233\301\022L\232T\033N\341\232\325\233\227\313\307\302\001\313@D\264\016\334\r\034\035\\276\225\314|\234S*r\007\370x>\305D*\007b\276v\316\264\227\2326\315\307\363\323\325\303\032N\256*\307\327 \235\332\207u\210\271\257\306g\231i*\260\326k\001"";   nodeid: ""\260\000\000\000\000\000\000\000\000\000\000\000\000\000\000\000\000\000\000\000\000\000\000\000\000\000\000\000\000\000\000\000\001""; }; ","ledgerHash: ""D!=\355\210\037\325\034/l\242\365\034!w\324\362\3252-\025\351\314\2334,\306Dd\037v\256""; ledgerSeq: 14; type: liAS_NODE; nodes {;   nodedata: ""\021\000h""\000\000\000\000 \033\000\000\000\r\002\023\301\377\330\356GuH\375\327!\255\371\r\231\262R\256J\034\222\241\355X\265E\241^W\225\304\014\361CX-}\351f\032\255\274\334m\326c\017\014ao[\342\230\003\245\245\3341Hm\326^\017jy\335\261\214.\207\210%\003 \010ML\347\200R\304&\320_\215\226\344\334\033\354\2002\255\216\332\317\255\034\017T\270\242(,&\233\326\374o\306[\235\317>\021e\005s\261\371l\216\017\003\032\017J\217\244W<\241'\332/+\360Bx\036+\210j\237K%\340]\246E\2434\264K\036\030qP\317\315\336\325\007\372\373$P*|\321\342\002\026\n\3215\340\3203\200x\327D\301]5\237\247Yz\3711!L\214\221=\252\002\267\225zg\264\253\271T\346ji\003\235\236Pis\264\375\222|H\344\261g?[g\311\347s\234ae\204\263\365U\334\372D\354\345\276\201f\035\271%#\375\245\314.""\373\330&\3746\354@[\274\202\021\202\373Vi\243\n\325\250\005e\360""m\346'\311@\343\016$L\346\334\360<w\317\351\2337\023\262\336W\254\222\315\335\317oP\221\031g\037\220\357Ft\030n\306\370\n\354\226\365\346\276\322i\233\014\037\027Z\351\022\216@=S\205\334\033\374\234n\r\270\210]\013\203\356\024\366\354\260\007L\324\236aQ\361\020X\372\353 3\347\310*\253\021gT!>\003\325\254,\003\367\204\031\331\255\240\304J\342j\272\270\274\360\307\356\347\200Ywm#\014\233\301\022L\232T\033N\341\232\325\233\227\313\307\302\001\313@D\264\016\334\r\034\035\\276\225\314|\234S*r\007\370x>\305D*\007b\276v\316\264\227\2326\315\307\363\323\325\303\032N\256*\307\327 \235\332\207u\210\271\257\306g\231i*\260\326k\001"";   nodeid: ""\260\000\000\000\000\000\000\000\000\000\000\000\000\000\000\000\000\000\000\000\000\000\000\000\000\000\000\000\000\000\000\000\001""; }; "
1750587305497,1750587305498,0,1,1,0,TMLedgerData,"ledgerHash: ""D!=\355\210\037\325\034/l\242\365\034!w\324\362\3252-\025\351\314\2334,\306Dd\037v\256""; ledgerSeq: 14; type: liBASE; nodes {;   nodedata: ""\000\000\000\016\001cEx]\211\377\330\302\001\313@D\264\016\334\r\034\035\\276\225\314|\234S*r\007\370x>\305D*\007b\276v\316\000\000\000\000\000\000\000\000\000\000\000\000\000\000\000\000\000\000\000\000\000\000\000\000\000\000\000\000\000\000\000\000\032\273""\014""\325\014\233\211\025\030\003\267*\335\360\233\033\\206Pqj\016!\273\210:/\371\345\010/\352\224&/\352\224'\n\000""; }; nodes {;   nodedata: ""h\315\350\215y\203\242]\371\235\232Pt&\325\210eZ\346\237XZ \277\2457n\221\336\253\245\317\002\304\206+8\t]\351\316\373|\311\263V\300\023\035\211\237\260\300\r\033u3a1\203\303\365\307k\347\006E\344\037@\210\363\010\336T\226\247'\204_{\261\370""1\235\2445\343\033Y!\212\201\341\272\225'\007*$\244&\336\343'\233i\332\374\245 {^\306-N\333\gE\006\347\212\331C\211Z\177\247\031\n0\261\nBJ\246\330\014\2051\313\\302[\353\004\322_@\313\254\253\215S1\000\200\261\nH;L\013\202_n)6q\357\2538_-\302\252B\204v\277\254\373\3322Ca\020\243\0105\263\257\367\032\254\016\003""; }; ","ledgerHash: ""D!=\355\210\037\325\034/l\242\365\034!w\324\362\3252-\025\351\314\2334,\306Dd\037v\256""; ledgerSeq: 14; type: liBASE; nodes {;   nodedata: ""\000\000\000\016\001cEx]\211\377\330\302\001\313@D\264\016\334\r\034\035\\276\225\314|\234S*r\007\370x>\305D*\007b\276v\316\000\000\000\000\000\000\000\000\000\000\000\000\000\000\000\000\000\000\000\000\000\000\000\000\000\000\000\000\000\000\000\000\032\273""\014""\325\014\233\211\025\030\003\267*\335\360\233\033\\206Pqj\016!\273\210:/\371\345\010/\352\224&/\352\224'\n\000""; }; nodes {;   nodedata: ""h\315\350\215y\203\242]\371\235\232Pt&\325\210eZ\346\237XZ \277\2457n\221\336\253\245\317\002\304\206+8\t]\351\316\373|\311\263V\300\023\035\211\237\260\300\r\033u3a1\203\303\365\307k\347\006E\344\037@\210\363\010\336T\226\247'\204_{\261\370""1\235\2445\343\033Y!\212\201\341\272\225'\007*$\244&\336\343'\233i\332\374\245 {^\306-N\333\gE\006\347\212\331C\211Z\177\247\031\n0\261\nBJ\246\330\014\2051\313\\302[\353\004\322_@\313\254\253\215S1\000\200\261\nH;L\013\202_n)6q\357\2538_-\302\252B\204v\277\254\373\3322Ca\020\243\0105\263\257\367\032\254\016\003""; }; "
1750587305498,1750587305498,0,1,2,0,TMLedgerData,"ledgerHash: ""D!=\355\210\037\325\034/l\242\365\034!w\324\362\3252-\025\351\314\2334,\306Dd\037v\256""; ledgerSeq: 14; type: liBASE; nodes {;   nodedata: ""\000\000\000\016\001cEx]\211\377\330\302\001\313@D\264\016\334\r\034\035\\276\225\314|\234S*r\007\370x>\305D*\007b\276v\316\000\000\000\000\000\000\000\000\000\000\000\000\000\000\000\000\000\000\000\000\000\000\000\000\000\000\000\000\000\000\000\000\032\273""\014""\325\014\233\211\025\030\003\267*\335\360\233\033\\206Pqj\016!\273\210:/\371\345\010/\352\224&/\352\224'\n\000""; }; nodes {;   nodedata: ""h\315\350\215y\203\242]\371\235\232Pt&\325\210eZ\346\237XZ \277\2457n\221\336\253\245\317\002\304\206+8\t]\351\316\373|\311\263V\300\023\035\211\237\260\300\r\033u3a1\203\303\365\307k\347\006E\344\037@\210\363\010\336T\226\247'\204_{\261\370""1\235\2445\343\033Y!\212\201\341\272\225'\007*$\244&\336\343'\233i\332\374\245 {^\306-N\333\gE\006\347\212\331C\211Z\177\247\031\n0\261\nBJ\246\330\014\2051\313\\302[\353\004\322_@\313\254\253\215S1\000\200\261\nH;L\013\202_n)6q\357\2538_-\302\252B\204v\277\254\373\3322Ca\020\243\0105\263\257\367\032\254\016\003""; }; ","ledgerHash: ""D!=\355\210\037\325\034/l\242\365\034!w\324\362\3252-\025\351\314\2334,\306Dd\037v\256""; ledgerSeq: 14; type: liBASE; nodes {;   nodedata: ""\000\000\000\016\001cEx]\211\377\330\302\001\313@D\264\016\334\r\034\035\\276\225\314|\234S*r\007\370x>\305D*\007b\276v\316\000\000\000\000\000\000\000\000\000\000\000\000\000\000\000\000\000\000\000\000\000\000\000\000\000\000\000\000\000\000\000\000\032\273""\014""\325\014\233\211\025\030\003\267*\335\360\233\033\\206Pqj\016!\273\210:/\371\345\010/\352\224&/\352\224'\n\000""; }; nodes {;   nodedata: ""h\315\350\215y\203\242]\371\235\232Pt&\325\210eZ\346\237XZ \277\2457n\221\336\253\245\317\002\304\206+8\t]\351\316\373|\311\263V\300\023\035\211\237\260\300\r\033u3a1\203\303\365\307k\347\006E\344\037@\210\363\010\336T\226\247'\204_{\261\370""1\235\2445\343\033Y!\212\201\341\272\225'\007*$\244&\336\343'\233i\332\374\245 {^\306-N\333\gE\006\347\212\331C\211Z\177\247\031\n0\261\nBJ\246\330\014\2051\313\\302[\353\004\322_@\313\254\253\215S1\000\200\261\nH;L\013\202_n)6q\357\2538_-\302\252B\204v\277\254\373\3322Ca\020\243\0105\263\257\367\032\254\016\003""; }; "
1750587305498,1750587305498,0,1,3,2,TMLedgerData,"ledgerHash: ""D!=\355\210\037\325\034/l\242\365\034!w\324\362\3252-\025\351\314\2334,\306Dd\037v\256""; ledgerSeq: 14; type: liBASE; nodes {;   nodedata: ""\000\000\000\016\001cEx]\211\377\330\302\001\313@D\264\016\334\r\034\035\\276\225\314|\234S*r\007\370x>\305D*\007b\276v\316\000\000\000\000\000\000\000\000\000\000\000\000\000\000\000\000\000\000\000\000\000\000\000\000\000\000\000\000\000\000\000\000\032\273""\014""\325\014\233\211\025\030\003\267*\335\360\233\033\\206Pqj\016!\273\210:/\371\345\010/\352\224&/\352\224'\n\000""; }; nodes {;   nodedata: ""h\315\350\215y\203\242]\371\235\232Pt&\325\210eZ\346\237XZ \277\2457n\221\336\253\245\317\002\304\206+8\t]\351\316\373|\311\263V\300\023\035\211\237\260\300\r\033u3a1\203\303\365\307k\347\006E\344\037@\210\363\010\336T\226\247'\204_{\261\370""1\235\2445\343\033Y!\212\201\341\272\225'\007*$\244&\336\343'\233i\332\374\245 {^\306-N\333\gE\006\347\212\331C\211Z\177\247\031\n0\261\nBJ\246\330\014\2051\313\\302[\353\004\322_@\313\254\253\215S1\000\200\261\nH;L\013\202_n)6q\357\2538_-\302\252B\204v\277\254\373\3322Ca\020\243\0105\263\257\367\032\254\016\003""; }; ","ledgerHash: ""D!=\355\210\037\325\034/l\242\365\034!w\324\362\3252-\025\351\314\2334,\306Dd\037v\256""; ledgerSeq: 14; type: liBASE; nodes {;   nodedata: ""\000\000\000\016\001cEx]\211\377\330\302\001\313@D\264\016\334\r\034\035\\276\225\314|\234S*r\007\370x>\305D*\007b\276v\316\000\000\000\000\000\000\000\000\000\000\000\000\000\000\000\000\000\000\000\000\000\000\000\000\000\000\000\000\000\000\000\000\032\273""\014""\325\014\233\211\025\030\003\267*\335\360\233\033\\206Pqj\016!\273\210:/\371\345\010/\352\224&/\352\224'\n\000""; }; nodes {;   nodedata: ""h\315\350\215y\203\242]\371\235\232Pt&\325\210eZ\346\237XZ \277\2457n\221\336\253\245\317\002\304\206+8\t]\351\316\373|\311\263V\300\023\035\211\237\260\300\r\033u3a1\203\303\365\307k\347\006E\344\037@\210\363\010\336T\226\247'\204_{\261\370""1\235\2445\343\033Y!\212\201\341\272\225'\007*$\244&\336\343'\233i\332\374\245 {^\306-N\333\gE\006\347\212\331C\211Z\177\247\031\n0\261\nBJ\246\330\014\2051\313\\302[\353\004\322_@\313\254\253\215S1\000\200\261\nH;L\013\202_n)6q\357\2538_-\302\252B\204v\277\254\373\3322Ca\020\243\0105\263\257\367\032\254\016\003""; }; "
1750587305499,1750587305499,0,1,3,1,TMGetLedger,"itype: liBASE; ledgerHash: ""D!=\355\210\037\325\034/l\242\365\034!w\324\362\3252-\025\351\314\2334,\306Dd\037v\256""; requestCookie: 2; queryType: qtINDIRECT; ","itype: liBASE; ledgerHash: ""D!=\355\210\037\325\034/l\242\365\034!w\324\362\3252-\025\351\314\2334,\306Dd\037v\256""; requestCookie: 2; queryType: qtINDIRECT; "
1750587305500,1750587305500,0,1,0,1,TMGetLedger,"itype: liBASE; ledgerHash: ""D!=\355\210\037\325\034/l\242\365\034!w\324\362\3252-\025\351\314\2334,\306Dd\037v\256""; requestCookie: 3; queryType: qtINDIRECT; ","itype: liBASE; ledgerHash: ""D!=\355\210\037\325\034/l\242\365\034!w\324\362\3252-\025\351\314\2334,\306Dd\037v\256""; requestCookie: 3; queryType: qtINDIRECT; "
1750587305501,1750587305501,0,1,0,1,TMGetLedger,"itype: liBASE; ledgerHash: ""D!=\355\210\037\325\034/l\242\365\034!w\324\362\3252-\025\351\314\2334,\306Dd\037v\256""; requestCookie: 4; queryType: qtINDIRECT; ","itype: liBASE; ledgerHash: ""D!=\355\210\037\325\034/l\242\365\034!w\324\362\3252-\025\351\314\2334,\306Dd\037v\256""; requestCookie: 4; queryType: qtINDIRECT; "
1750587305502,1750587305502,0,1,1,0,TMLedgerData,"ledgerHash: ""D!=\355\210\037\325\034/l\242\365\034!w\324\362\3252-\025\351\314\2334,\306Dd\037v\256""; ledgerSeq: 14; type: liBASE; nodes {;   nodedata: ""\000\000\000\016\001cEx]\211\377\330\302\001\313@D\264\016\334\r\034\035\\276\225\314|\234S*r\007\370x>\305D*\007b\276v\316\000\000\000\000\000\000\000\000\000\000\000\000\000\000\000\000\000\000\000\000\000\000\000\000\000\000\000\000\000\000\000\000\032\273""\014""\325\014\233\211\025\030\003\267*\335\360\233\033\\206Pqj\016!\273\210:/\371\345\010/\352\224&/\352\224'\n\000""; }; nodes {;   nodedata: ""h\315\350\215y\203\242]\371\235\232Pt&\325\210eZ\346\237XZ \277\2457n\221\336\253\245\317\002\304\206+8\t]\351\316\373|\311\263V\300\023\035\211\237\260\300\r\033u3a1\203\303\365\307k\347\006E\344\037@\210\363\010\336T\226\247'\204_{\261\370""1\235\2445\343\033Y!\212\201\341\272\225'\007*$\244&\336\343'\233i\332\374\245 {^\306-N\333\gE\006\347\212\331C\211Z\177\247\031\n0\261\nBJ\246\330\014\2051\313\\302[\353\004\322_@\313\254\253\215S1\000\200\261\nH;L\013\202_n)6q\357\2538_-\302\252B\204v\277\254\373\3322Ca\020\243\0105\263\257\367\032\254\016\003""; }; requestCookie: 5; ","ledgerHash: ""D!=\355\210\037\325\034/l\242\365\034!w\324\362\3252-\025\351\314\2334,\306Dd\037v\256""; ledgerSeq: 14; type: liBASE; nodes {;   nodedata: ""\000\000\000\016\001cEx]\211\377\330\302\001\313@D\264\016\334\r\034\035\\276\225\314|\234S*r\007\370x>\305D*\007b\276v\316\000\000\000\000\000\000\000\000\000\000\000\000\000\000\000\000\000\000\000\000\000\000\000\000\000\000\000\000\000\000\000\000\032\273""\014""\325\014\233\211\025\030\003\267*\335\360\233\033\\206Pqj\016!\273\210:/\371\345\010/\352\224&/\352\224'\n\000""; }; nodes {;   nodedata: ""h\315\350\215y\203\242]\371\235\232Pt&\325\210eZ\346\237XZ \277\2457n\221\336\253\245\317\002\304\206+8\t]\351\316\373|\311\263V\300\023\035\211\237\260\300\r\033u3a1\203\303\365\307k\347\006E\344\037@\210\363\010\336T\226\247'\204_{\261\370""1\235\2445\343\033Y!\212\201\341\272\225'\007*$\244&\336\343'\233i\332\374\245 {^\306-N\333\gE\006\347\212\331C\211Z\177\247\031\n0\261\nBJ\246\330\014\2051\313\\302[\353\004\322_@\313\254\253\215S1\000\200\261\nH;L\013\202_n)6q\357\2538_-\302\252B\204v\277\254\373\3322Ca\020\243\0105\263\257\367\032\254\016\003""; }; requestCookie: 5; "
1750587305502,1750587305502,0,1,1,3,TMLedgerData,"ledgerHash: ""D!=\355\210\037\325\034/l\242\365\034!w\324\362\3252-\025\351\314\2334,\306Dd\037v\256""; ledgerSeq: 14; type: liBASE; nodes {;   nodedata: ""\000\000\000\016\001cEx]\211\377\330\302\001\313@D\264\016\334\r\034\035\\276\225\314|\234S*r\007\370x>\305D*\007b\276v\316\000\000\000\000\000\000\000\000\000\000\000\000\000\000\000\000\000\000\000\000\000\000\000\000\000\000\000\000\000\000\000\000\032\273""\014""\325\014\233\211\025\030\003\267*\335\360\233\033\\206Pqj\016!\273\210:/\371\345\010/\352\224&/\352\224'\n\000""; }; nodes {;   nodedata: ""h\315\350\215y\203\242]\371\235\232Pt&\325\210eZ\346\237XZ \277\2457n\221\336\253\245\317\002\304\206+8\t]\351\316\373|\311\263V\300\023\035\211\237\260\300\r\033u3a1\203\303\365\307k\347\006E\344\037@\210\363\010\336T\226\247'\204_{\261\370""1\235\2445\343\033Y!\212\201\341\272\225'\007*$\244&\336\343'\233i\332\374\245 {^\306-N\333\gE\006\347\212\331C\211Z\177\247\031\n0\261\nBJ\246\330\014\2051\313\\302[\353\004\322_@\313\254\253\215S1\000\200\261\nH;L\013\202_n)6q\357\2538_-\302\252B\204v\277\254\373\3322Ca\020\243\0105\263\257\367\032\254\016\003""; }; requestCookie: 2; ","ledgerHash: ""D!=\355\210\037\325\034/l\242\365\034!w\324\362\3252-\025\351\314\2334,\306Dd\037v\256""; ledgerSeq: 14; type: liBASE; nodes {;   nodedata: ""\000\000\000\016\001cEx]\211\377\330\302\001\313@D\264\016\334\r\034\035\\276\225\314|\234S*r\007\370x>\305D*\007b\276v\316\000\000\000\000\000\000\000\000\000\000\000\000\000\000\000\000\000\000\000\000\000\000\000\000\000\000\000\000\000\000\000\000\032\273""\014""\325\014\233\211\025\030\003\267*\335\360\233\033\\206Pqj\016!\273\210:/\371\345\010/\352\224&/\352\224'\n\000""; }; nodes {;   nodedata: ""h\315\350\215y\203\242]\371\235\232Pt&\325\210eZ\346\237XZ \277\2457n\221\336\253\245\317\002\304\206+8\t]\351\316\373|\311\263V\300\023\035\211\237\260\300\r\033u3a1\203\303\365\307k\347\006E\344\037@\210\363\010\336T\226\247'\204_{\261\370""1\235\2445\343\033Y!\212\201\341\272\225'\007*$\244&\336\343'\233i\332\374\245 {^\306-N\333\gE\006\347\212\331C\211Z\177\247\031\n0\261\nBJ\246\330\014\2051\313\\302[\353\004\322_@\313\254\253\215S1\000\200\261\nH;L\013\202_n)6q\357\2538_-\302\252B\204v\277\254\373\3322Ca\020\243\0105\263\257\367\032\254\016\003""; }; requestCookie: 2; "
1750587305503,1750587305503,0,1,1,0,TMLedgerData,"ledgerHash: ""D!=\355\210\037\325\034/l\242\365\034!w\324\362\3252-\025\351\314\2334,\306Dd\037v\256""; ledgerSeq: 14; type: liBASE; nodes {;   nodedata: ""\000\000\000\016\001cEx]\211\377\330\302\001\313@D\264\016\334\r\034\035\\276\225\314|\234S*r\007\370x>\305D*\007b\276v\316\000\000\000\000\000\000\000\000\000\000\000\000\000\000\000\000\000\000\000\000\000\000\000\000\000\000\000\000\000\000\000\000\032\273""\014""\325\014\233\211\025\030\003\267*\335\360\233\033\\206Pqj\016!\273\210:/\371\345\010/\352\224&/\352\224'\n\000""; }; nodes {;   nodedata: ""h\315\350\215y\203\242]\371\235\232Pt&\325\210eZ\346\237XZ \277\2457n\221\336\253\245\317\002\304\206+8\t]\351\316\373|\311\263V\300\023\035\211\237\260\300\r\033u3a1\203\303\365\307k\347\006E\344\037@\210\363\010\336T\226\247'\204_{\261\370""1\235\2445\343\033Y!\212\201\341\272\225'\007*$\244&\336\343'\233i\332\374\245 {^\306-N\333\gE\006\347\212\331C\211Z\177\247\031\n0\261\nBJ\246\330\014\2051\313\\302[\353\004\322_@\313\254\253\215S1\000\200\261\nH;L\013\202_n)6q\357\2538_-\302\252B\204v\277\254\373\3322Ca\020\243\0105\263\257\367\032\254\016\003""; }; requestCookie: 3; ","ledgerHash: ""D!=\355\210\037\325\034/l\242\365\034!w\324\362\3252-\025\351\314\2334,\306Dd\037v\256""; ledgerSeq: 14; type: liBASE; nodes {;   nodedata: ""\000\000\000\016\001cEx]\211\377\330\302\001\313@D\264\016\334\r\034\035\\276\225\314|\234S*r\007\370x>\305D*\007b\276v\316\000\000\000\000\000\000\000\000\000\000\000\000\000\000\000\000\000\000\000\000\000\000\000\000\000\000\000\000\000\000\000\000\032\273""\014""\325\014\233\211\025\030\003\267*\335\360\233\033\\206Pqj\016!\273\210:/\371\345\010/\352\224&/\352\224'\n\000""; }; nodes {;   nodedata: ""h\315\350\215y\203\242]\371\235\232Pt&\325\210eZ\346\237XZ \277\2457n\221\336\253\245\317\002\304\206+8\t]\351\316\373|\311\263V\300\023\035\211\237\260\300\r\033u3a1\203\303\365\307k\347\006E\344\037@\210\363\010\336T\226\247'\204_{\261\370""1\235\2445\343\033Y!\212\201\341\272\225'\007*$\244&\336\343'\233i\332\374\245 {^\306-N\333\gE\006\347\212\331C\211Z\177\247\031\n0\261\nBJ\246\330\014\2051\313\\302[\353\004\322_@\313\254\253\215S1\000\200\261\nH;L\013\202_n)6q\357\2538_-\302\252B\204v\277\254\373\3322Ca\020\243\0105\263\257\367\032\254\016\003""; }; requestCookie: 3; "
1750587305504,1750587305504,0,1,0,4,TMLedgerData,"ledgerHash: ""D!=\355\210\037\325\034/l\242\365\034!w\324\362\3252-\025\351\314\2334,\306Dd\037v\256""; ledgerSeq: 14; type: liBASE; nodes {;   nodedata: ""\000\000\000\016\001cEx]\211\377\330\302\001\313@D\264\016\334\r\034\035\\276\225\314|\234S*r\007\370x>\305D*\007b\276v\316\000\000\000\000\000\000\000\000\000\000\000\000\000\000\000\000\000\000\000\000\000\000\000\000\000\000\000\000\000\000\000\000\032\273""\014""\325\014\233\211\025\030\003\267*\335\360\233\033\\206Pqj\016!\273\210:/\371\345\010/\352\224&/\352\224'\n\000""; }; nodes {;   nodedata: ""h\315\350\215y\203\242]\371\235\232Pt&\325\210eZ\346\237XZ \277\2457n\221\336\253\245\317\002\304\206+8\t]\351\316\373|\311\263V\300\023\035\211\237\260\300\r\033u3a1\203\303\365\307k\347\006E\344\037@\210\363\010\336T\226\247'\204_{\261\370""1\235\2445\343\033Y!\212\201\341\272\225'\007*$\244&\336\343'\233i\332\374\245 {^\306-N\333\gE\006\347\212\331C\211Z\177\247\031\n0\261\nBJ\246\330\014\2051\313\\302[\353\004\322_@\313\254\253\215S1\000\200\261\nH;L\013\202_n)6q\357\2538_-\302\252B\204v\277\254\373\3322Ca\020\243\0105\263\257\367\032\254\016\003""; }; ","ledgerHash: ""D!=\355\210\037\325\034/l\242\365\034!w\324\362\3252-\025\351\314\2334,\306Dd\037v\256""; ledgerSeq: 14; type: liBASE; nodes {;   nodedata: ""\000\000\000\016\001cEx]\211\377\330\302\001\313@D\264\016\334\r\034\035\\276\225\314|\234S*r\007\370x>\305D*\007b\276v\316\000\000\000\000\000\000\000\000\000\000\000\000\000\000\000\000\000\000\000\000\000\000\000\000\000\000\000\000\000\000\000\000\032\273""\014""\325\014\233\211\025\030\003\267*\335\360\233\033\\206Pqj\016!\273\210:/\371\345\010/\352\224&/\352\224'\n\000""; }; nodes {;   nodedata: ""h\315\350\215y\203\242]\371\235\232Pt&\325\210eZ\346\237XZ \277\2457n\221\336\253\245\317\002\304\206+8\t]\351\316\373|\311\263V\300\023\035\211\237\260\300\r\033u3a1\203\303\365\307k\347\006E\344\037@\210\363\010\336T\226\247'\204_{\261\370""1\235\2445\343\033Y!\212\201\341\272\225'\007*$\244&\336\343'\233i\332\374\245 {^\306-N\333\gE\006\347\212\331C\211Z\177\247\031\n0\261\nBJ\246\330\014\2051\313\\302[\353\004\322_@\313\254\253\215S1\000\200\261\nH;L\013\202_n)6q\357\2538_-\302\252B\204v\277\254\373\3322Ca\020\243\0105\263\257\367\032\254\016\003""; }; "
1750587305505,1750587305505,0,1,0,2,TMLedgerData,"ledgerHash: ""D!=\355\210\037\325\034/l\242\365\034!w\324\362\3252-\025\351\314\2334,\306Dd\037v\256""; ledgerSeq: 14; type: liBASE; nodes {;   nodedata: ""\000\000\000\016\001cEx]\211\377\330\302\001\313@D\264\016\334\r\034\035\\276\225\314|\234S*r\007\370x>\305D*\007b\276v\316\000\000\000\000\000\000\000\000\000\000\000\000\000\000\000\000\000\000\000\000\000\000\000\000\000\000\000\000\000\000\000\000\032\273""\014""\325\014\233\211\025\030\003\267*\335\360\233\033\\206Pqj\016!\273\210:/\371\345\010/\352\224&/\352\224'\n\000""; }; nodes {;   nodedata: ""h\315\350\215y\203\242]\371\235\232Pt&\325\210eZ\346\237XZ \277\2457n\221\336\253\245\317\002\304\206+8\t]\351\316\373|\311\263V\300\023\035\211\237\260\300\r\033u3a1\203\303\365\307k\347\006E\344\037@\210\363\010\336T\226\247'\204_{\261\370""1\235\2445\343\033Y!\212\201\341\272\225'\007*$\244&\336\343'\233i\332\374\245 {^\306-N\333\gE\006\347\212\331C\211Z\177\247\031\n0\261\nBJ\246\330\014\2051\313\\302[\353\004\322_@\313\254\253\215S1\000\200\261\nH;L\013\202_n)6q\357\2538_-\302\252B\204v\277\254\373\3322Ca\020\243\0105\263\257\367\032\254\016\003""; }; ","ledgerHash: ""D!=\355\210\037\325\034/l\242\365\034!w\324\362\3252-\025\351\314\2334,\306Dd\037v\256""; ledgerSeq: 14; type: liBASE; nodes {;   nodedata: ""\000\000\000\016\001cEx]\211\377\330\302\001\313@D\264\016\334\r\034\035\\276\225\314|\234S*r\007\370x>\305D*\007b\276v\316\000\000\000\000\000\000\000\000\000\000\000\000\000\000\000\000\000\000\000\000\000\000\000\000\000\000\000\000\000\000\000\000\032\273""\014""\325\014\233\211\025\030\003\267*\335\360\233\033\\206Pqj\016!\273\210:/\371\345\010/\352\224&/\352\224'\n\000""; }; nodes {;   nodedata: ""h\315\350\215y\203\242]\371\235\232Pt&\325\210eZ\346\237XZ \277\2457n\221\336\253\245\317\002\304\206+8\t]\351\316\373|\311\263V\300\023\035\211\237\260\300\r\033u3a1\203\303\365\307k\347\006E\344\037@\210\363\010\336T\226\247'\204_{\261\370""1\235\2445\343\033Y!\212\201\341\272\225'\007*$\244&\336\343'\233i\332\374\245 {^\306-N\333\gE\006\347\212\331C\211Z\177\247\031\n0\261\nBJ\246\330\014\2051\313\\302[\353\004\322_@\313\254\253\215S1\000\200\261\nH;L\013\202_n)6q\357\2538_-\302\252B\204v\277\254\373\3322Ca\020\243\0105\263\257\367\032\254\016\003""; }; "
1750587305504,1750587305505,0,1,3,0,TMLedgerData,"ledgerHash: ""D!=\355\210\037\325\034/l\242\365\034!w\324\362\3252-\025\351\314\2334,\306Dd\037v\256""; ledgerSeq: 14; type: liBASE; nodes {;   nodedata: ""\000\000\000\016\001cEx]\211\377\330\302\001\313@D\264\016\334\r\034\035\\276\225\314|\234S*r\007\370x>\305D*\007b\276v\316\000\000\000\000\000\000\000\000\000\000\000\000\000\000\000\000\000\000\000\000\000\000\000\000\000\000\000\000\000\000\000\000\032\273""\014""\325\014\233\211\025\030\003\267*\335\360\233\033\\206Pqj\016!\273\210:/\371\345\010/\352\224&/\352\224'\n\000""; }; nodes {;   nodedata: ""h\315\350\215y\203\242]\371\235\232Pt&\325\210eZ\346\237XZ \277\2457n\221\336\253\245\317\002\304\206+8\t]\351\316\373|\311\263V\300\023\035\211\237\260\300\r\033u3a1\203\303\365\307k\347\006E\344\037@\210\363\010\336T\226\247'\204_{\261\370""1\235\2445\343\033Y!\212\201\341\272\225'\007*$\244&\336\343'\233i\332\374\245 {^\306-N\333\gE\006\347\212\331C\211Z\177\247\031\n0\261\nBJ\246\330\014\2051\313\\302[\353\004\322_@\313\254\253\215S1\000\200\261\nH;L\013\202_n)6q\357\2538_-\302\252B\204v\277\254\373\3322Ca\020\243\0105\263\257\367\032\254\016\003""; }; ","ledgerHash: ""D!=\355\210\037\325\034/l\242\365\034!w\324\362\3252-\025\351\314\2334,\306Dd\037v\256""; ledgerSeq: 14; type: liBASE; nodes {;   nodedata: ""\000\000\000\016\001cEx]\211\377\330\302\001\313@D\264\016\334\r\034\035\\276\225\314|\234S*r\007\370x>\305D*\007b\276v\316\000\000\000\000\000\000\000\000\000\000\000\000\000\000\000\000\000\000\000\000\000\000\000\000\000\000\000\000\000\000\000\000\032\273""\014""\325\014\233\211\025\030\003\267*\335\360\233\033\\206Pqj\016!\273\210:/\371\345\010/\352\224&/\352\224'\n\000""; }; nodes {;   nodedata: ""h\315\350\215y\203\242]\371\235\232Pt&\325\210eZ\346\237XZ \277\2457n\221\336\253\245\317\002\304\206+8\t]\351\316\373|\311\263V\300\023\035\211\237\260\300\r\033u3a1\203\303\365\307k\347\006E\344\037@\210\363\010\336T\226\247'\204_{\261\370""1\235\2445\343\033Y!\212\201\341\272\225'\007*$\244&\336\343'\233i\332\374\245 {^\306-N\333\gE\006\347\212\331C\211Z\177\247\031\n0\261\nBJ\246\330\014\2051\313\\302[\353\004\322_@\313\254\253\215S1\000\200\261\nH;L\013\202_n)6q\357\2538_-\302\252B\204v\277\254\373\3322Ca\020\243\0105\263\257\367\032\254\016\003""; }; "
1750587305546,1750587305546,0,1,1,0,TMLedgerData,"ledgerHash: ""D!=\355\210\037\325\034/l\242\365\034!w\324\362\3252-\025\351\314\2334,\306Dd\037v\256""; ledgerSeq: 14; type: liBASE; nodes {;   nodedata: ""\000\000\000\016\001cEx]\211\377\330\302\001\313@D\264\016\334\r\034\035\\276\225\314|\234S*r\007\370x>\305D*\007b\276v\316\000\000\000\000\000\000\000\000\000\000\000\000\000\000\000\000\000\000\000\000\000\000\000\000\000\000\000\000\000\000\000\000\032\273""\014""\325\014\233\211\025\030\003\267*\335\360\233\033\\206Pqj\016!\273\210:/\371\345\010/\352\224&/\352\224'\n\000""; }; nodes {;   nodedata: ""h\315\350\215y\203\242]\371\235\232Pt&\325\210eZ\346\237XZ \277\2457n\221\336\253\245\317\002\304\206+8\t]\351\316\373|\311\263V\300\023\035\211\237\260\300\r\033u3a1\203\303\365\307k\347\006E\344\037@\210\363\010\336T\226\247'\204_{\261\370""1\235\2445\343\033Y!\212\201\341\272\225'\007*$\244&\336\343'\233i\332\374\245 {^\306-N\333\gE\006\347\212\331C\211Z\177\247\031\n0\261\nBJ\246\330\014\2051\313\\302[\353\004\322_@\313\254\253\215S1\000\200\261\nH;L\013\202_n)6q\357\2538_-\302\252B\204v\277\254\373\3322Ca\020\243\0105\263\257\367\032\254\016\003""; }; requestCookie: 4; ","ledgerHash: ""D!=\355\210\037\325\034/l\242\365\034!w\324\362\3252-\025\351\314\2334,\306Dd\037v\256""; ledgerSeq: 14; type: liBASE; nodes {;   nodedata: ""\000\000\000\016\001cEx]\211\377\330\302\001\313@D\264\016\334\r\034\035\\276\225\314|\234S*r\007\370x>\305D*\007b\276v\316\000\000\000\000\000\000\000\000\000\000\000\000\000\000\000\000\000\000\000\000\000\000\000\000\000\000\000\000\000\000\000\000\032\273""\014""\325\014\233\211\025\030\003\267*\335\360\233\033\\206Pqj\016!\273\210:/\371\345\010/\352\224&/\352\224'\n\000""; }; nodes {;   nodedata: ""h\315\350\215y\203\242]\371\235\232Pt&\325\210eZ\346\237XZ \277\2457n\221\336\253\245\317\002\304\206+8\t]\351\316\373|\311\263V\300\023\035\211\237\260\300\r\033u3a1\203\303\365\307k\347\006E\344\037@\210\363\010\336T\226\247'\204_{\261\370""1\235\2445\343\033Y!\212\201\341\272\225'\007*$\244&\336\343'\233i\332\374\245 {^\306-N\333\gE\006\347\212\331C\211Z\177\247\031\n0\261\nBJ\246\330\014\2051\313\\302[\353\004\322_@\313\254\253\215S1\000\200\261\nH;L\013\202_n)6q\357\2538_-\302\252B\204v\277\254\373\3322Ca\020\243\0105\263\257\367\032\254\016\003""; }; requestCookie: 4; "
1750587305546,1750587305547,0,1,0,3,TMLedgerData,"ledgerHash: ""D!=\355\210\037\325\034/l\242\365\034!w\324\362\3252-\025\351\314\2334,\306Dd\037v\256""; ledgerSeq: 14; type: liBASE; nodes {;   nodedata: ""\000\000\000\016\001cEx]\211\377\330\302\001\313@D\264\016\334\r\034\035\\276\225\314|\234S*r\007\370x>\305D*\007b\276v\316\000\000\000\000\000\000\000\000\000\000\000\000\000\000\000\000\000\000\000\000\000\000\000\000\000\000\000\000\000\000\000\000\032\273""\014""\325\014\233\211\025\030\003\267*\335\360\233\033\\206Pqj\016!\273\210:/\371\345\010/\352\224&/\352\224'\n\000""; }; nodes {;   nodedata: ""h\315\350\215y\203\242]\371\235\232Pt&\325\210eZ\346\237XZ \277\2457n\221\336\253\245\317\002\304\206+8\t]\351\316\373|\311\263V\300\023\035\211\237\260\300\r\033u3a1\203\303\365\307k\347\006E\344\037@\210\363\010\336T\226\247'\204_{\261\370""1\235\2445\343\033Y!\212\201\341\272\225'\007*$\244&\336\343'\233i\332\374\245 {^\306-N\333\gE\006\347\212\331C\211Z\177\247\031\n0\261\nBJ\246\330\014\2051\313\\302[\353\004\322_@\313\254\253\215S1\000\200\261\nH;L\013\202_n)6q\357\2538_-\302\252B\204v\277\254\373\3322Ca\020\243\0105\263\257\367\032\254\016\003""; }; ","ledgerHash: ""D!=\355\210\037\325\034/l\242\365\034!w\324\362\3252-\025\351\314\2334,\306Dd\037v\256""; ledgerSeq: 14; type: liBASE; nodes {;   nodedata: ""\000\000\000\016\001cEx]\211\377\330\302\001\313@D\264\016\334\r\034\035\\276\225\314|\234S*r\007\370x>\305D*\007b\276v\316\000\000\000\000\000\000\000\000\000\000\000\000\000\000\000\000\000\000\000\000\000\000\000\000\000\000\000\000\000\000\000\000\032\273""\014""\325\014\233\211\025\030\003\267*\335\360\233\033\\206Pqj\016!\273\210:/\371\345\010/\352\224&/\352\224'\n\000""; }; nodes {;   nodedata: ""h\315\350\215y\203\242]\371\235\232Pt&\325\210eZ\346\237XZ \277\2457n\221\336\253\245\317\002\304\206+8\t]\351\316\373|\311\263V\300\023\035\211\237\260\300\r\033u3a1\203\303\365\307k\347\006E\344\037@\210\363\010\336T\226\247'\204_{\261\370""1\235\2445\343\033Y!\212\201\341\272\225'\007*$\244&\336\343'\233i\332\374\245 {^\306-N\333\gE\006\347\212\331C\211Z\177\247\031\n0\261\nBJ\246\330\014\2051\313\\302[\353\004\322_@\313\254\253\215S1\000\200\261\nH;L\013\202_n)6q\357\2538_-\302\252B\204v\277\254\373\3322Ca\020\243\0105\263\257\367\032\254\016\003""; }; "
1750587305883,1750587305883,0,1,3,2,TMStatusChange,"newEvent: neACCEPTED_LEDGER; ledgerSeq: 14; ledgerHash: ""D!=\355\210\037\325\034/l\242\365\034!w\324\362\3252-\025\351\314\2334,\306Dd\037v\256""; ledgerHashPrevious: ""\302\001\313@D\264\016\334\r\034\035\\276\225\314|\234S*r\007\370x>\305D*\007b\276v\316""; networkTime: 803902505; firstSeq: 9; lastSeq: 13; ","newEvent: neACCEPTED_LEDGER; ledgerSeq: 14; ledgerHash: ""D!=\355\210\037\325\034/l\242\365\034!w\324\362\3252-\025\351\314\2334,\306Dd\037v\256""; ledgerHashPrevious: ""\302\001\313@D\264\016\334\r\034\035\\276\225\314|\234S*r\007\370x>\305D*\007b\276v\316""; networkTime: 803902505; firstSeq: 9; lastSeq: 13; "
1750587305883,1750587305884,0,1,3,4,TMStatusChange,"newEvent: neACCEPTED_LEDGER; ledgerSeq: 14; ledgerHash: ""D!=\355\210\037\325\034/l\242\365\034!w\324\362\3252-\025\351\314\2334,\306Dd\037v\256""; ledgerHashPrevious: ""\302\001\313@D\264\016\334\r\034\035\\276\225\314|\234S*r\007\370x>\305D*\007b\276v\316""; networkTime: 803902505; firstSeq: 9; lastSeq: 13; ","newEvent: neACCEPTED_LEDGER; ledgerSeq: 14; ledgerHash: ""D!=\355\210\037\325\034/l\242\365\034!w\324\362\3252-\025\351\314\2334,\306Dd\037v\256""; ledgerHashPrevious: ""\302\001\313@D\264\016\334\r\034\035\\276\225\314|\234S*r\007\370x>\305D*\007b\276v\316""; networkTime: 803902505; firstSeq: 9; lastSeq: 13; "
1750587305885,1750587305885,0,1,3,0,TMValidation,"validation: """"\200\000\000\001&\000\000\000\016)/\352\224):\211l\014`\252m\212dQD!=\355\210\037\325\034/l\242\365\034!w\324\362\3252-\025\351\314\2334,\306Dd\037v\256P\027\000\000\000\000\000\000\000\000\000\000\000\000\000\000\000\000\000\000\000\000\000\000\000\000\000\000\000\000\000\000\000\000P\031\302\001\313@D\264\016\334\r\034\035\\276\225\314|\234S*r\007\370x>\305D*\007b\276v\316s!\003\325Q\255\224\274R@\312\253\262\347\352\034\346\347\242\215,\312\376=\277\353{\350\225\301\305`^, vG0E\002!\000\325\267\004FU\362\234\363\354\372\236\346>\3345\303K\024D\t\024\320/J\245\335\265f\3425\275A\002 5&\361'\Bo\274\334\236\252Yq\274\200/D\000\307\361\226\002\215\210Q\353\302{\020\tz\266""; ","validation: """"\200\000\000\001&\000\000\000\016)/\352\224):\211l\014`\252m\212dQD!=\355\210\037\325\034/l\242\365\034!w\324\362\3252-\025\351\314\2334,\306Dd\037v\256P\027\000\000\000\000\000\000\000\000\000\000\000\000\000\000\000\000\000\000\000\000\000\000\000\000\000\000\000\000\000\000\000\000P\031\302\001\313@D\264\016\334\r\034\035\\276\225\314|\234S*r\007\370x>\305D*\007b\276v\316s!\003\325Q\255\224\274R@\312\253\262\347\352\034\346\347\242\215,\312\376=\277\353{\350\225\301\305`^, vG0E\002!\000\325\267\004FU\362\234\363\354\372\236\346>\3345\303K\024D\t\024\320/J\245\335\265f\3425\275A\002 5&\361'\Bo\274\334\236\252Yq\274\200/D\000\307\361\226\002\215\210Q\353\302{\020\tz\266""; "
1750587305885,1750587305885,0,1,3,0,TMStatusChange,"newEvent: neACCEPTED_LEDGER; ledgerSeq: 14; ledgerHash: ""D!=\355\210\037\325\034/l\242\365\034!w\324\362\3252-\025\351\314\2334,\306Dd\037v\256""; ledgerHashPrevious: ""\302\001\313@D\264\016\334\r\034\035\\276\225\314|\234S*r\007\370x>\305D*\007b\276v\316""; networkTime: 803902505; firstSeq: 9; lastSeq: 13; ","newEvent: neACCEPTED_LEDGER; ledgerSeq: 14; ledgerHash: ""D!=\355\210\037\325\034/l\242\365\034!w\324\362\3252-\025\351\314\2334,\306Dd\037v\256""; ledgerHashPrevious: ""\302\001\313@D\264\016\334\r\034\035\\276\225\314|\234S*r\007\370x>\305D*\007b\276v\316""; networkTime: 803902505; firstSeq: 9; lastSeq: 13; "
1750587305885,1750587305885,0,1,3,1,TMStatusChange,"newEvent: neACCEPTED_LEDGER; ledgerSeq: 14; ledgerHash: ""D!=\355\210\037\325\034/l\242\365\034!w\324\362\3252-\025\351\314\2334,\306Dd\037v\256""; ledgerHashPrevious: ""\302\001\313@D\264\016\334\r\034\035\\276\225\314|\234S*r\007\370x>\305D*\007b\276v\316""; networkTime: 803902505; firstSeq: 9; lastSeq: 13; ","newEvent: neACCEPTED_LEDGER; ledgerSeq: 14; ledgerHash: ""D!=\355\210\037\325\034/l\242\365\034!w\324\362\3252-\025\351\314\2334,\306Dd\037v\256""; ledgerHashPrevious: ""\302\001\313@D\264\016\334\r\034\035\\276\225\314|\234S*r\007\370x>\305D*\007b\276v\316""; networkTime: 803902505; firstSeq: 9; lastSeq: 13; "
1750587305888,1750587305888,0,1,0,4,TMValidation,"validation: """"\200\000\000\001&\000\000\000\016)/\352\224):\211l\014`\252m\212dQD!=\355\210\037\325\034/l\242\365\034!w\324\362\3252-\025\351\314\2334,\306Dd\037v\256P\027\000\000\000\000\000\000\000\000\000\000\000\000\000\000\000\000\000\000\000\000\000\000\000\000\000\000\000\000\000\000\000\000P\031\302\001\313@D\264\016\334\r\034\035\\276\225\314|\234S*r\007\370x>\305D*\007b\276v\316s!\003\325Q\255\224\274R@\312\253\262\347\352\034\346\347\242\215,\312\376=\277\353{\350\225\301\305`^, vG0E\002!\000\325\267\004FU\362\234\363\354\372\236\346>\3345\303K\024D\t\024\320/J\245\335\265f\3425\275A\002 5&\361'\Bo\274\334\236\252Yq\274\200/D\000\307\361\226\002\215\210Q\353\302{\020\tz\266""; ","validation: """"\200\000\000\001&\000\000\000\016)/\352\224):\211l\014`\252m\212dQD!=\355\210\037\325\034/l\242\365\034!w\324\362\3252-\025\351\314\2334,\306Dd\037v\256P\027\000\000\000\000\000\000\000\000\000\000\000\000\000\000\000\000\000\000\000\000\000\000\000\000\000\000\000\000\000\000\000\000P\031\302\001\313@D\264\016\334\r\034\035\\276\225\314|\234S*r\007\370x>\305D*\007b\276v\316s!\003\325Q\255\224\274R@\312\253\262\347\352\034\346\347\242\215,\312\376=\277\353{\350\225\301\305`^, vG0E\002!\000\325\267\004FU\362\234\363\354\372\236\346>\3345\303K\024D\t\024\320/J\245\335\265f\3425\275A\002 5&\361'\Bo\274\334\236\252Yq\274\200/D\000\307\361\226\002\215\210Q\353\302{\020\tz\266""; "
1750587305888,1750587305888,0,1,0,1,TMValidation,"validation: """"\200\000\000\001&\000\000\000\016)/\352\224):\211l\014`\252m\212dQD!=\355\210\037\325\034/l\242\365\034!w\324\362\3252-\025\351\314\2334,\306Dd\037v\256P\027\000\000\000\000\000\000\000\000\000\000\000\000\000\000\000\000\000\000\000\000\000\000\000\000\000\000\000\000\000\000\000\000P\031\302\001\313@D\264\016\334\r\034\035\\276\225\314|\234S*r\007\370x>\305D*\007b\276v\316s!\003\325Q\255\224\274R@\312\253\262\347\352\034\346\347\242\215,\312\376=\277\353{\350\225\301\305`^, vG0E\002!\000\325\267\004FU\362\234\363\354\372\236\346>\3345\303K\024D\t\024\320/J\245\335\265f\3425\275A\002 5&\361'\Bo\274\334\236\252Yq\274\200/D\000\307\361\226\002\215\210Q\353\302{\020\tz\266""; ","validation: """"\200\000\000\001&\000\000\000\016)/\352\224):\211l\014`\252m\212dQD!=\355\210\037\325\034/l\242\365\034!w\324\362\3252-\025\351\314\2334,\306Dd\037v\256P\027\000\000\000\000\000\000\000\000\000\000\000\000\000\000\000\000\000\000\000\000\000\000\000\000\000\000\000\000\000\000\000\000P\031\302\001\313@D\264\016\334\r\034\035\\276\225\314|\234S*r\007\370x>\305D*\007b\276v\316s!\003\325Q\255\224\274R@\312\253\262\347\352\034\346\347\242\215,\312\376=\277\353{\350\225\301\305`^, vG0E\002!\000\325\267\004FU\362\234\363\354\372\236\346>\3345\303K\024D\t\024\320/J\245\335\265f\3425\275A\002 5&\361'\Bo\274\334\236\252Yq\274\200/D\000\307\361\226\002\215\210Q\353\302{\020\tz\266""; "
1750587305888,1750587305888,0,1,0,2,TMValidation,"validation: """"\200\000\000\001&\000\000\000\016)/\352\224):\211l\014`\252m\212dQD!=\355\210\037\325\034/l\242\365\034!w\324\362\3252-\025\351\314\2334,\306Dd\037v\256P\027\000\000\000\000\000\000\000\000\000\000\000\000\000\000\000\000\000\000\000\000\000\000\000\000\000\000\000\000\000\000\000\000P\031\302\001\313@D\264\016\334\r\034\035\\276\225\314|\234S*r\007\370x>\305D*\007b\276v\316s!\003\325Q\255\224\274R@\312\253\262\347\352\034\346\347\242\215,\312\376=\277\353{\350\225\301\305`^, vG0E\002!\000\325\267\004FU\362\234\363\354\372\236\346>\3345\303K\024D\t\024\320/J\245\335\265f\3425\275A\002 5&\361'\Bo\274\334\236\252Yq\274\200/D\000\307\361\226\002\215\210Q\353\302{\020\tz\266""; ","validation: """"\200\000\000\001&\000\000\000\016)/\352\224):\211l\014`\252m\212dQD!=\355\210\037\325\034/l\242\365\034!w\324\362\3252-\025\351\314\2334,\306Dd\037v\256P\027\000\000\000\000\000\000\000\000\000\000\000\000\000\000\000\000\000\000\000\000\000\000\000\000\000\000\000\000\000\000\000\000P\031\302\001\313@D\264\016\334\r\034\035\\276\225\314|\234S*r\007\370x>\305D*\007b\276v\316s!\003\325Q\255\224\274R@\312\253\262\347\352\034\346\347\242\215,\312\376=\277\353{\350\225\301\305`^, vG0E\002!\000\325\267\004FU\362\234\363\354\372\236\346>\3345\303K\024D\t\024\320/J\245\335\265f\3425\275A\002 5&\361'\Bo\274\334\236\252Yq\274\200/D\000\307\361\226\002\215\210Q\353\302{\020\tz\266""; "
1750587305890,1750587305890,0,1,4,3,TMValidation,"validation: """"\200\000\000\001&\000\000\000\016)/\352\224):\211l\014`\252m\212dQD!=\355\210\037\325\034/l\242\365\034!w\324\362\3252-\025\351\314\2334,\306Dd\037v\256P\027\000\000\000\000\000\000\000\000\000\000\000\000\000\000\000\000\000\000\000\000\000\000\000\000\000\000\000\000\000\000\000\000P\031\302\001\313@D\264\016\334\r\034\035\\276\225\314|\234S*r\007\370x>\305D*\007b\276v\316s!\003\325Q\255\224\274R@\312\253\262\347\352\034\346\347\242\215,\312\376=\277\353{\350\225\301\305`^, vG0E\002!\000\325\267\004FU\362\234\363\354\372\236\346>\3345\303K\024D\t\024\320/J\245\335\265f\3425\275A\002 5&\361'\Bo\274\334\236\252Yq\274\200/D\000\307\361\226\002\215\210Q\353\302{\020\tz\266""; ","validation: """"\200\000\000\001&\000\000\000\016)/\352\224):\211l\014`\252m\212dQD!=\355\210\037\325\034/l\242\365\034!w\324\362\3252-\025\351\314\2334,\306Dd\037v\256P\027\000\000\000\000\000\000\000\000\000\000\000\000\000\000\000\000\000\000\000\000\000\000\000\000\000\000\000\000\000\000\000\000P\031\302\001\313@D\264\016\334\r\034\035\\276\225\314|\234S*r\007\370x>\305D*\007b\276v\316s!\003\325Q\255\224\274R@\312\253\262\347\352\034\346\347\242\215,\312\376=\277\353{\350\225\301\305`^, vG0E\002!\000\325\267\004FU\362\234\363\354\372\236\346>\3345\303K\024D\t\024\320/J\245\335\265f\3425\275A\002 5&\361'\Bo\274\334\236\252Yq\274\200/D\000\307\361\226\002\215\210Q\353\302{\020\tz\266""; "
1750587305892,1750587305892,0,1,1,4,TMValidation,"validation: """"\200\000\000\001&\000\000\000\016)/\352\224):\211l\014`\252m\212dQD!=\355\210\037\325\034/l\242\365\034!w\324\362\3252-\025\351\314\2334,\306Dd\037v\256P\027\000\000\000\000\000\000\000\000\000\000\000\000\000\000\000\000\000\000\000\000\000\000\000\000\000\000\000\000\000\000\000\000P\031\302\001\313@D\264\016\334\r\034\035\\276\225\314|\234S*r\007\370x>\305D*\007b\276v\316s!\003\325Q\255\224\274R@\312\253\262\347\352\034\346\347\242\215,\312\376=\277\353{\350\225\301\305`^, vG0E\002!\000\325\267\004FU\362\234\363\354\372\236\346>\3345\303K\024D\t\024\320/J\245\335\265f\3425\275A\002 5&\361'\Bo\274\334\236\252Yq\274\200/D\000\307\361\226\002\215\210Q\353\302{\020\tz\266""; ","validation: """"\200\000\000\001&\000\000\000\016)/\352\224):\211l\014`\252m\212dQD!=\355\210\037\325\034/l\242\365\034!w\324\362\3252-\025\351\314\2334,\306Dd\037v\256P\027\000\000\000\000\000\000\000\000\000\000\000\000\000\000\000\000\000\000\000\000\000\000\000\000\000\000\000\000\000\000\000\000P\031\302\001\313@D\264\016\334\r\034\035\\276\225\314|\234S*r\007\370x>\305D*\007b\276v\316s!\003\325Q\255\224\274R@\312\253\262\347\352\034\346\347\242\215,\312\376=\277\353{\350\225\301\305`^, vG0E\002!\000\325\267\004FU\362\234\363\354\372\236\346>\3345\303K\024D\t\024\320/J\245\335\265f\3425\275A\002 5&\361'\Bo\274\334\236\252Yq\274\200/D\000\307\361\226\002\215\210Q\353\302{\020\tz\266""; "
1750587305892,1750587305892,0,1,4,2,TMValidation,"validation: """"\200\000\000\001&\000\000\000\016)/\352\224):\211l\014`\252m\212dQD!=\355\210\037\325\034/l\242\365\034!w\324\362\3252-\025\351\314\2334,\306Dd\037v\256P\027\000\000\000\000\000\000\000\000\000\000\000\000\000\000\000\000\000\000\000\000\000\000\000\000\000\000\000\000\000\000\000\000P\031\302\001\313@D\264\016\334\r\034\035\\276\225\314|\234S*r\007\370x>\305D*\007b\276v\316s!\003\325Q\255\224\274R@\312\253\262\347\352\034\346\347\242\215,\312\376=\277\353{\350\225\301\305`^, vG0E\002!\000\325\267\004FU\362\234\363\354\372\236\346>\3345\303K\024D\t\024\320/J\245\335\265f\3425\275A\002 5&\361'\Bo\274\334\236\252Yq\274\200/D\000\307\361\226\002\215\210Q\353\302{\020\tz\266""; ","validation: """"\200\000\000\001&\000\000\000\016)/\352\224):\211l\014`\252m\212dQD!=\355\210\037\325\034/l\242\365\034!w\324\362\3252-\025\351\314\2334,\306Dd\037v\256P\027\000\000\000\000\000\000\000\000\000\000\000\000\000\000\000\000\000\000\000\000\000\000\000\000\000\000\000\000\000\000\000\000P\031\302\001\313@D\264\016\334\r\034\035\\276\225\314|\234S*r\007\370x>\305D*\007b\276v\316s!\003\325Q\255\224\274R@\312\253\262\347\352\034\346\347\242\215,\312\376=\277\353{\350\225\301\305`^, vG0E\002!\000\325\267\004FU\362\234\363\354\372\236\346>\3345\303K\024D\t\024\320/J\245\335\265f\3425\275A\002 5&\361'\Bo\274\334\236\252Yq\274\200/D\000\307\361\226\002\215\210Q\353\302{\020\tz\266""; "
1750587305893,1750587305893,0,1,4,1,TMValidation,"validation: """"\200\000\000\001&\000\000\000\016)/\352\224):\211l\014`\252m\212dQD!=\355\210\037\325\034/l\242\365\034!w\324\362\3252-\025\351\314\2334,\306Dd\037v\256P\027\000\000\000\000\000\000\000\000\000\000\000\000\000\000\000\000\000\000\000\000\000\000\000\000\000\000\000\000\000\000\000\000P\031\302\001\313@D\264\016\334\r\034\035\\276\225\314|\234S*r\007\370x>\305D*\007b\276v\316s!\003\325Q\255\224\274R@\312\253\262\347\352\034\346\347\242\215,\312\376=\277\353{\350\225\301\305`^, vG0E\002!\000\325\267\004FU\362\234\363\354\372\236\346>\3345\303K\024D\t\024\320/J\245\335\265f\3425\275A\002 5&\361'\Bo\274\334\236\252Yq\274\200/D\000\307\361\226\002\215\210Q\353\302{\020\tz\266""; ","validation: """"\200\000\000\001&\000\000\000\016)/\352\224):\211l\014`\252m\212dQD!=\355\210\037\325\034/l\242\365\034!w\324\362\3252-\025\351\314\2334,\306Dd\037v\256P\027\000\000\000\000\000\000\000\000\000\000\000\000\000\000\000\000\000\000\000\000\000\000\000\000\000\000\000\000\000\000\000\000P\031\302\001\313@D\264\016\334\r\034\035\\276\225\314|\234S*r\007\370x>\305D*\007b\276v\316s!\003\325Q\255\224\274R@\312\253\262\347\352\034\346\347\242\215,\312\376=\277\353{\350\225\301\305`^, vG0E\002!\000\325\267\004FU\362\234\363\354\372\236\346>\3345\303K\024D\t\024\320/J\245\335\265f\3425\275A\002 5&\361'\Bo\274\334\236\252Yq\274\200/D\000\307\361\226\002\215\210Q\353\302{\020\tz\266""; "
1750587305891,1750587305891,0,1,1,3,TMValidation,"validation: """"\200\000\000\001&\000\000\000\016)/\352\224):\211l\014`\252m\212dQD!=\355\210\037\325\034/l\242\365\034!w\324\362\3252-\025\351\314\2334,\306Dd\037v\256P\027\000\000\000\000\000\000\000\000\000\000\000\000\000\000\000\000\000\000\000\000\000\000\000\000\000\000\000\000\000\000\000\000P\031\302\001\313@D\264\016\334\r\034\035\\276\225\314|\234S*r\007\370x>\305D*\007b\276v\316s!\003\325Q\255\224\274R@\312\253\262\347\352\034\346\347\242\215,\312\376=\277\353{\350\225\301\305`^, vG0E\002!\000\325\267\004FU\362\234\363\354\372\236\346>\3345\303K\024D\t\024\320/J\245\335\265f\3425\275A\002 5&\361'\Bo\274\334\236\252Yq\274\200/D\000\307\361\226\002\215\210Q\353\302{\020\tz\266""; ","validation: """"\200\000\000\001&\000\000\000\016)/\352\224):\211l\014`\252m\212dQD!=\355\210\037\325\034/l\242\365\034!w\324\362\3252-\025\351\314\2334,\306Dd\037v\256P\027\000\000\000\000\000\000\000\000\000\000\000\000\000\000\000\000\000\000\000\000\000\000\000\000\000\000\000\000\000\000\000\000P\031\302\001\313@D\264\016\334\r\034\035\\276\225\314|\234S*r\007\370x>\305D*\007b\276v\316s!\003\325Q\255\224\274R@\312\253\262\347\352\034\346\347\242\215,\312\376=\277\353{\350\225\301\305`^, vG0E\002!\000\325\267\004FU\362\234\363\354\372\236\346>\3345\303K\024D\t\024\320/J\245\335\265f\3425\275A\002 5&\361'\Bo\274\334\236\252Yq\274\200/D\000\307\361\226\002\215\210Q\353\302{\020\tz\266""; "
1750587305893,1750587305893,0,1,1,2,TMValidation,"validation: """"\200\000\000\001&\000\000\000\016)/\352\224):\211l\014`\252m\212dQD!=\355\210\037\325\034/l\242\365\034!w\324\362\3252-\025\351\314\2334,\306Dd\037v\256P\027\000\000\000\000\000\000\000\000\000\000\000\000\000\000\000\000\000\000\000\000\000\000\000\000\000\000\000\000\000\000\000\000P\031\302\001\313@D\264\016\334\r\034\035\\276\225\314|\234S*r\007\370x>\305D*\007b\276v\316s!\003\325Q\255\224\274R@\312\253\262\347\352\034\346\347\242\215,\312\376=\277\353{\350\225\301\305`^, vG0E\002!\000\325\267\004FU\362\234\363\354\372\236\346>\3345\303K\024D\t\024\320/J\245\335\265f\3425\275A\002 5&\361'\Bo\274\334\236\252Yq\274\200/D\000\307\361\226\002\215\210Q\353\302{\020\tz\266""; ","validation: """"\200\000\000\001&\000\000\000\016)/\352\224):\211l\014`\252m\212dQD!=\355\210\037\325\034/l\242\365\034!w\324\362\3252-\025\351\314\2334,\306Dd\037v\256P\027\000\000\000\000\000\000\000\000\000\000\000\000\000\000\000\000\000\000\000\000\000\000\000\000\000\000\000\000\000\000\000\000P\031\302\001\313@D\264\016\334\r\034\035\\276\225\314|\234S*r\007\370x>\305D*\007b\276v\316s!\003\325Q\255\224\274R@\312\253\262\347\352\034\346\347\242\215,\312\376=\277\353{\350\225\301\305`^, vG0E\002!\000\325\267\004FU\362\234\363\354\372\236\346>\3345\303K\024D\t\024\320/J\245\335\265f\3425\275A\002 5&\361'\Bo\274\334\236\252Yq\274\200/D\000\307\361\226\002\215\210Q\353\302{\020\tz\266""; "
1750587305894,1750587305894,0,1,2,3,TMValidation,"validation: """"\200\000\000\001&\000\000\000\016)/\352\224):\211l\014`\252m\212dQD!=\355\210\037\325\034/l\242\365\034!w\324\362\3252-\025\351\314\2334,\306Dd\037v\256P\027\000\000\000\000\000\000\000\000\000\000\000\000\000\000\000\000\000\000\000\000\000\000\000\000\000\000\000\000\000\000\000\000P\031\302\001\313@D\264\016\334\r\034\035\\276\225\314|\234S*r\007\370x>\305D*\007b\276v\316s!\003\325Q\255\224\274R@\312\253\262\347\352\034\346\347\242\215,\312\376=\277\353{\350\225\301\305`^, vG0E\002!\000\325\267\004FU\362\234\363\354\372\236\346>\3345\303K\024D\t\024\320/J\245\335\265f\3425\275A\002 5&\361'\Bo\274\334\236\252Yq\274\200/D\000\307\361\226\002\215\210Q\353\302{\020\tz\266""; ","validation: """"\200\000\000\001&\000\000\000\016)/\352\224):\211l\014`\252m\212dQD!=\355\210\037\325\034/l\242\365\034!w\324\362\3252-\025\351\314\2334,\306Dd\037v\256P\027\000\000\000\000\000\000\000\000\000\000\000\000\000\000\000\000\000\000\000\000\000\000\000\000\000\000\000\000\000\000\000\000P\031\302\001\313@D\264\016\334\r\034\035\\276\225\314|\234S*r\007\370x>\305D*\007b\276v\316s!\003\325Q\255\224\274R@\312\253\262\347\352\034\346\347\242\215,\312\376=\277\353{\350\225\301\305`^, vG0E\002!\000\325\267\004FU\362\234\363\354\372\236\346>\3345\303K\024D\t\024\320/J\245\335\265f\3425\275A\002 5&\361'\Bo\274\334\236\252Yq\274\200/D\000\307\361\226\002\215\210Q\353\302{\020\tz\266""; "
1750587305895,1750587305895,0,1,2,4,TMValidation,"validation: """"\200\000\000\001&\000\000\000\016)/\352\224):\211l\014`\252m\212dQD!=\355\210\037\325\034/l\242\365\034!w\324\362\3252-\025\351\314\2334,\306Dd\037v\256P\027\000\000\000\000\000\000\000\000\000\000\000\000\000\000\000\000\000\000\000\000\000\000\000\000\000\000\000\000\000\000\000\000P\031\302\001\313@D\264\016\334\r\034\035\\276\225\314|\234S*r\007\370x>\305D*\007b\276v\316s!\003\325Q\255\224\274R@\312\253\262\347\352\034\346\347\242\215,\312\376=\277\353{\350\225\301\305`^, vG0E\002!\000\325\267\004FU\362\234\363\354\372\236\346>\3345\303K\024D\t\024\320/J\245\335\265f\3425\275A\002 5&\361'\Bo\274\334\236\252Yq\274\200/D\000\307\361\226\002\215\210Q\353\302{\020\tz\266""; ","validation: """"\200\000\000\001&\000\000\000\016)/\352\224):\211l\014`\252m\212dQD!=\355\210\037\325\034/l\242\365\034!w\324\362\3252-\025\351\314\2334,\306Dd\037v\256P\027\000\000\000\000\000\000\000\000\000\000\000\000\000\000\000\000\000\000\000\000\000\000\000\000\000\000\000\000\000\000\000\000P\031\302\001\313@D\264\016\334\r\034\035\\276\225\314|\234S*r\007\370x>\305D*\007b\276v\316s!\003\325Q\255\224\274R@\312\253\262\347\352\034\346\347\242\215,\312\376=\277\353{\350\225\301\305`^, vG0E\002!\000\325\267\004FU\362\234\363\354\372\236\346>\3345\303K\024D\t\024\320/J\245\335\265f\3425\275A\002 5&\361'\Bo\274\334\236\252Yq\274\200/D\000\307\361\226\002\215\210Q\353\302{\020\tz\266""; "
1750587305896,1750587305896,0,1,2,1,TMValidation,"validation: """"\200\000\000\001&\000\000\000\016)/\352\224):\211l\014`\252m\212dQD!=\355\210\037\325\034/l\242\365\034!w\324\362\3252-\025\351\314\2334,\306Dd\037v\256P\027\000\000\000\000\000\000\000\000\000\000\000\000\000\000\000\000\000\000\000\000\000\000\000\000\000\000\000\000\000\000\000\000P\031\302\001\313@D\264\016\334\r\034\035\\276\225\314|\234S*r\007\370x>\305D*\007b\276v\316s!\003\325Q\255\224\274R@\312\253\262\347\352\034\346\347\242\215,\312\376=\277\353{\350\225\301\305`^, vG0E\002!\000\325\267\004FU\362\234\363\354\372\236\346>\3345\303K\024D\t\024\320/J\245\335\265f\3425\275A\002 5&\361'\Bo\274\334\236\252Yq\274\200/D\000\307\361\226\002\215\210Q\353\302{\020\tz\266""; ","validation: """"\200\000\000\001&\000\000\000\016)/\352\224):\211l\014`\252m\212dQD!=\355\210\037\325\034/l\242\365\034!w\324\362\3252-\025\351\314\2334,\306Dd\037v\256P\027\000\000\000\000\000\000\000\000\000\000\000\000\000\000\000\000\000\000\000\000\000\000\000\000\000\000\000\000\000\000\000\000P\031\302\001\313@D\264\016\334\r\034\035\\276\225\314|\234S*r\007\370x>\305D*\007b\276v\316s!\003\325Q\255\224\274R@\312\253\262\347\352\034\346\347\242\215,\312\376=\277\353{\350\225\301\305`^, vG0E\002!\000\325\267\004FU\362\234\363\354\372\236\346>\3345\303K\024D\t\024\320/J\245\335\265f\3425\275A\002 5&\361'\Bo\274\334\236\252Yq\274\200/D\000\307\361\226\002\215\210Q\353\302{\020\tz\266""; "
1750587305896,1750587305896,0,1,3,4,TMValidation,"validation: """"\200\000\000\001&\000\000\000\016)/\352\224):\211l\014`\252m\212dQD!=\355\210\037\325\034/l\242\365\034!w\324\362\3252-\025\351\314\2334,\306Dd\037v\256P\027\000\000\000\000\000\000\000\000\000\000\000\000\000\000\000\000\000\000\000\000\000\000\000\000\000\000\000\000\000\000\000\000P\031\302\001\313@D\264\016\334\r\034\035\\276\225\314|\234S*r\007\370x>\305D*\007b\276v\316s!\003\325Q\255\224\274R@\312\253\262\347\352\034\346\347\242\215,\312\376=\277\353{\350\225\301\305`^, vG0E\002!\000\325\267\004FU\362\234\363\354\372\236\346>\3345\303K\024D\t\024\320/J\245\335\265f\3425\275A\002 5&\361'\Bo\274\334\236\252Yq\274\200/D\000\307\361\226\002\215\210Q\353\302{\020\tz\266""; ","validation: """"\200\000\000\001&\000\000\000\016)/\352\224):\211l\014`\252m\212dQD!=\355\210\037\325\034/l\242\365\034!w\324\362\3252-\025\351\314\2334,\306Dd\037v\256P\027\000\000\000\000\000\000\000\000\000\000\000\000\000\000\000\000\000\000\000\000\000\000\000\000\000\000\000\000\000\000\000\000P\031\302\001\313@D\264\016\334\r\034\035\\276\225\314|\234S*r\007\370x>\305D*\007b\276v\316s!\003\325Q\255\224\274R@\312\253\262\347\352\034\346\347\242\215,\312\376=\277\353{\350\225\301\305`^, vG0E\002!\000\325\267\004FU\362\234\363\354\372\236\346>\3345\303K\024D\t\024\320/J\245\335\265f\3425\275A\002 5&\361'\Bo\274\334\236\252Yq\274\200/D\000\307\361\226\002\215\210Q\353\302{\020\tz\266""; "
1750587305897,1750587305897,0,1,3,1,TMValidation,"validation: """"\200\000\000\001&\000\000\000\016)/\352\224):\211l\014`\252m\212dQD!=\355\210\037\325\034/l\242\365\034!w\324\362\3252-\025\351\314\2334,\306Dd\037v\256P\027\000\000\000\000\000\000\000\000\000\000\000\000\000\000\000\000\000\000\000\000\000\000\000\000\000\000\000\000\000\000\000\000P\031\302\001\313@D\264\016\334\r\034\035\\276\225\314|\234S*r\007\370x>\305D*\007b\276v\316s!\003\325Q\255\224\274R@\312\253\262\347\352\034\346\347\242\215,\312\376=\277\353{\350\225\301\305`^, vG0E\002!\000\325\267\004FU\362\234\363\354\372\236\346>\3345\303K\024D\t\024\320/J\245\335\265f\3425\275A\002 5&\361'\Bo\274\334\236\252Yq\274\200/D\000\307\361\226\002\215\210Q\353\302{\020\tz\266""; ","validation: """"\200\000\000\001&\000\000\000\016)/\352\224):\211l\014`\252m\212dQD!=\355\210\037\325\034/l\242\365\034!w\324\362\3252-\025\351\314\2334,\306Dd\037v\256P\027\000\000\000\000\000\000\000\000\000\000\000\000\000\000\000\000\000\000\000\000\000\000\000\000\000\000\000\000\000\000\000\000P\031\302\001\313@D\264\016\334\r\034\035\\276\225\314|\234S*r\007\370x>\305D*\007b\276v\316s!\003\325Q\255\224\274R@\312\253\262\347\352\034\346\347\242\215,\312\376=\277\353{\350\225\301\305`^, vG0E\002!\000\325\267\004FU\362\234\363\354\372\236\346>\3345\303K\024D\t\024\320/J\245\335\265f\3425\275A\002 5&\361'\Bo\274\334\236\252Yq\274\200/D\000\307\361\226\002\215\210Q\353\302{\020\tz\266""; "
1750587305899,1750587305899,0,1,3,2,TMValidation,"validation: """"\200\000\000\001&\000\000\000\016)/\352\224):\211l\014`\252m\212dQD!=\355\210\037\325\034/l\242\365\034!w\324\362\3252-\025\351\314\2334,\306Dd\037v\256P\027\000\000\000\000\000\000\000\000\000\000\000\000\000\000\000\000\000\000\000\000\000\000\000\000\000\000\000\000\000\000\000\000P\031\302\001\313@D\264\016\334\r\034\035\\276\225\314|\234S*r\007\370x>\305D*\007b\276v\316s!\003\325Q\255\224\274R@\312\253\262\347\352\034\346\347\242\215,\312\376=\277\353{\350\225\301\305`^, vG0E\002!\000\325\267\004FU\362\234\363\354\372\236\346>\3345\303K\024D\t\024\320/J\245\335\265f\3425\275A\002 5&\361'\Bo\274\334\236\252Yq\274\200/D\000\307\361\226\002\215\210Q\353\302{\020\tz\266""; ","validation: """"\200\000\000\001&\000\000\000\016)/\352\224):\211l\014`\252m\212dQD!=\355\210\037\325\034/l\242\365\034!w\324\362\3252-\025\351\314\2334,\306Dd\037v\256P\027\000\000\000\000\000\000\000\000\000\000\000\000\000\000\000\000\000\000\000\000\000\000\000\000\000\000\000\000\000\000\000\000P\031\302\001\313@D\264\016\334\r\034\035\\276\225\314|\234S*r\007\370x>\305D*\007b\276v\316s!\003\325Q\255\224\274R@\312\253\262\347\352\034\346\347\242\215,\312\376=\277\353{\350\225\301\305`^, vG0E\002!\000\325\267\004FU\362\234\363\354\372\236\346>\3345\303K\024D\t\024\320/J\245\335\265f\3425\275A\002 5&\361'\Bo\274\334\236\252Yq\274\200/D\000\307\361\226\002\215\210Q\353\302{\020\tz\266""; "
1750587306016,1750587306017,0,1,0,3,TMValidation,"validation: """"\200\000\000\001&\000\000\000\016)/\352\224*:I\203w\200\211\SGQD!=\355\210\037\325\034/l\242\365\034!w\324\362\3252-\025\351\314\2334,\306Dd\037v\256P\027\000\000\000\000\000\000\000\000\000\000\000\000\000\000\000\000\000\000\000\000\000\000\000\000\000\000\000\000\000\000\000\000P\031\302\001\313@D\264\016\334\r\034\035\\276\225\314|\234S*r\007\370x>\305D*\007b\276v\316s!\002\347\243J\206W\025ML\260\226\0163\217\250\337\325W\253\356*O\245Z\271\234\207C\274\375`\335\311vG0E\002!\000\333\263\3256\211\346[\357\304\[\325\027\277|M\224\363\3270\357\330$\227\244\246\2117A\206[\247\002 _F\205\000""\207#\003\357\253\212.J0\205\001\217y\252K\207\346pb5\033\225\363\206j;]""; ","validation: """"\200\000\000\001&\000\000\000\016)/\352\224*:I\203w\200\211\SGQD!=\355\210\037\325\034/l\242\365\034!w\324\362\3252-\025\351\314\2334,\306Dd\037v\256P\027\000\000\000\000\000\000\000\000\000\000\000\000\000\000\000\000\000\000\000\000\000\000\000\000\000\000\000\000\000\000\000\000P\031\302\001\313@D\264\016\334\r\034\035\\276\225\314|\234S*r\007\370x>\305D*\007b\276v\316s!\002\347\243J\206W\025ML\260\226\0163\217\250\337\325W\253\356*O\245Z\271\234\207C\274\375`\335\311vG0E\002!\000\333\263\3256\211\346[\357\304\[\325\027\277|M\224\363\3270\357\330$\227\244\246\2117A\206[\247\002 _F\205\000""\207#\003\357\253\212.J0\205\001\217y\252K\207\346pb5\033\225\363\206j;]""; "
1750587306018,1750587306018,0,1,0,4,TMValidation,"validation: """"\200\000\000\001&\000\000\000\016)/\352\224*:I\203w\200\211\SGQD!=\355\210\037\325\034/l\242\365\034!w\324\362\3252-\025\351\314\2334,\306Dd\037v\256P\027\000\000\000\000\000\000\000\000\000\000\000\000\000\000\000\000\000\000\000\000\000\000\000\000\000\000\000\000\000\000\000\000P\031\302\001\313@D\264\016\334\r\034\035\\276\225\314|\234S*r\007\370x>\305D*\007b\276v\316s!\002\347\243J\206W\025ML\260\226\0163\217\250\337\325W\253\356*O\245Z\271\234\207C\274\375`\335\311vG0E\002!\000\333\263\3256\211\346[\357\304\[\325\027\277|M\224\363\3270\357\330$\227\244\246\2117A\206[\247\002 _F\205\000""\207#\003\357\253\212.J0\205\001\217y\252K\207\346pb5\033\225\363\206j;]""; ","validation: """"\200\000\000\001&\000\000\000\016)/\352\224*:I\203w\200\211\SGQD!=\355\210\037\325\034/l\242\365\034!w\324\362\3252-\025\351\314\2334,\306Dd\037v\256P\027\000\000\000\000\000\000\000\000\000\000\000\000\000\000\000\000\000\000\000\000\000\000\000\000\000\000\000\000\000\000\000\000P\031\302\001\313@D\264\016\334\r\034\035\\276\225\314|\234S*r\007\370x>\305D*\007b\276v\316s!\002\347\243J\206W\025ML\260\226\0163\217\250\337\325W\253\356*O\245Z\271\234\207C\274\375`\335\311vG0E\002!\000\333\263\3256\211\346[\357\304\[\325\027\277|M\224\363\3270\357\330$\227\244\246\2117A\206[\247\002 _F\205\000""\207#\003\357\253\212.J0\205\001\217y\252K\207\346pb5\033\225\363\206j;]""; "
1750587306019,1750587306020,0,1,0,3,TMStatusChange,"newEvent: neACCEPTED_LEDGER; ledgerSeq: 14; ledgerHash: ""D!=\355\210\037\325\034/l\242\365\034!w\324\362\3252-\025\351\314\2334,\306Dd\037v\256""; ledgerHashPrevious: ""\302\001\313@D\264\016\334\r\034\035\\276\225\314|\234S*r\007\370x>\305D*\007b\276v\316""; networkTime: 803902506; firstSeq: 9; lastSeq: 13; ","newEvent: neACCEPTED_LEDGER; ledgerSeq: 14; ledgerHash: ""D!=\355\210\037\325\034/l\242\365\034!w\324\362\3252-\025\351\314\2334,\306Dd\037v\256""; ledgerHashPrevious: ""\302\001\313@D\264\016\334\r\034\035\\276\225\314|\234S*r\007\370x>\305D*\007b\276v\316""; networkTime: 803902506; firstSeq: 9; lastSeq: 13; "
1750587306019,1750587306019,0,1,0,4,TMStatusChange,"newEvent: neACCEPTED_LEDGER; ledgerSeq: 14; ledgerHash: ""D!=\355\210\037\325\034/l\242\365\034!w\324\362\3252-\025\351\314\2334,\306Dd\037v\256""; ledgerHashPrevious: ""\302\001\313@D\264\016\334\r\034\035\\276\225\314|\234S*r\007\370x>\305D*\007b\276v\316""; networkTime: 803902506; firstSeq: 9; lastSeq: 13; ","newEvent: neACCEPTED_LEDGER; ledgerSeq: 14; ledgerHash: ""D!=\355\210\037\325\034/l\242\365\034!w\324\362\3252-\025\351\314\2334,\306Dd\037v\256""; ledgerHashPrevious: ""\302\001\313@D\264\016\334\r\034\035\\276\225\314|\234S*r\007\370x>\305D*\007b\276v\316""; networkTime: 803902506; firstSeq: 9; lastSeq: 13; "
1750587306019,1750587306019,0,1,0,2,TMValidation,"validation: """"\200\000\000\001&\000\000\000\016)/\352\224*:I\203w\200\211\SGQD!=\355\210\037\325\034/l\242\365\034!w\324\362\3252-\025\351\314\2334,\306Dd\037v\256P\027\000\000\000\000\000\000\000\000\000\000\000\000\000\000\000\000\000\000\000\000\000\000\000\000\000\000\000\000\000\000\000\000P\031\302\001\313@D\264\016\334\r\034\035\\276\225\314|\234S*r\007\370x>\305D*\007b\276v\316s!\002\347\243J\206W\025ML\260\226\0163\217\250\337\325W\253\356*O\245Z\271\234\207C\274\375`\335\311vG0E\002!\000\333\263\3256\211\346[\357\304\[\325\027\277|M\224\363\3270\357\330$\227\244\246\2117A\206[\247\002 _F\205\000""\207#\003\357\253\212.J0\205\001\217y\252K\207\346pb5\033\225\363\206j;]""; ","validation: """"\200\000\000\001&\000\000\000\016)/\352\224*:I\203w\200\211\SGQD!=\355\210\037\325\034/l\242\365\034!w\324\362\3252-\025\351\314\2334,\306Dd\037v\256P\027\000\000\000\000\000\000\000\000\000\000\000\000\000\000\000\000\000\000\000\000\000\000\000\000\000\000\000\000\000\000\000\000P\031\302\001\313@D\264\016\334\r\034\035\\276\225\314|\234S*r\007\370x>\305D*\007b\276v\316s!\002\347\243J\206W\025ML\260\226\0163\217\250\337\325W\253\356*O\245Z\271\234\207C\274\375`\335\311vG0E\002!\000\333\263\3256\211\346[\357\304\[\325\027\277|M\224\363\3270\357\330$\227\244\246\2117A\206[\247\002 _F\205\000""\207#\003\357\253\212.J0\205\001\217y\252K\207\346pb5\033\225\363\206j;]""; "
1750587306021,1750587306021,0,1,0,2,TMStatusChange,"newEvent: neACCEPTED_LEDGER; ledgerSeq: 14; ledgerHash: ""D!=\355\210\037\325\034/l\242\365\034!w\324\362\3252-\025\351\314\2334,\306Dd\037v\256""; ledgerHashPrevious: ""\302\001\313@D\264\016\334\r\034\035\\276\225\314|\234S*r\007\370x>\305D*\007b\276v\316""; networkTime: 803902506; firstSeq: 9; lastSeq: 13; ","newEvent: neACCEPTED_LEDGER; ledgerSeq: 14; ledgerHash: ""D!=\355\210\037\325\034/l\242\365\034!w\324\362\3252-\025\351\314\2334,\306Dd\037v\256""; ledgerHashPrevious: ""\302\001\313@D\264\016\334\r\034\035\\276\225\314|\234S*r\007\370x>\305D*\007b\276v\316""; networkTime: 803902506; firstSeq: 9; lastSeq: 13; "
1750587306021,1750587306021,0,1,0,1,TMValidation,"validation: """"\200\000\000\001&\000\000\000\016)/\352\224*:I\203w\200\211\SGQD!=\355\210\037\325\034/l\242\365\034!w\324\362\3252-\025\351\314\2334,\306Dd\037v\256P\027\000\000\000\000\000\000\000\000\000\000\000\000\000\000\000\000\000\000\000\000\000\000\000\000\000\000\000\000\000\000\000\000P\031\302\001\313@D\264\016\334\r\034\035\\276\225\314|\234S*r\007\370x>\305D*\007b\276v\316s!\002\347\243J\206W\025ML\260\226\0163\217\250\337\325W\253\356*O\245Z\271\234\207C\274\375`\335\311vG0E\002!\000\333\263\3256\211\346[\357\304\[\325\027\277|M\224\363\3270\357\330$\227\244\246\2117A\206[\247\002 _F\205\000""\207#\003\357\253\212.J0\205\001\217y\252K\207\346pb5\033\225\363\206j;]""; ","validation: """"\200\000\000\001&\000\000\000\016)/\352\224*:I\203w\200\211\SGQD!=\355\210\037\325\034/l\242\365\034!w\324\362\3252-\025\351\314\2334,\306Dd\037v\256P\027\000\000\000\000\000\000\000\000\000\000\000\000\000\000\000\000\000\000\000\000\000\000\000\000\000\000\000\000\000\000\000\000P\031\302\001\313@D\264\016\334\r\034\035\\276\225\314|\234S*r\007\370x>\305D*\007b\276v\316s!\002\347\243J\206W\025ML\260\226\0163\217\250\337\325W\253\356*O\245Z\271\234\207C\274\375`\335\311vG0E\002!\000\333\263\3256\211\346[\357\304\[\325\027\277|M\224\363\3270\357\330$\227\244\246\2117A\206[\247\002 _F\205\000""\207#\003\357\253\212.J0\205\001\217y\252K\207\346pb5\033\225\363\206j;]""; "
1750587306022,1750587306022,0,1,3,2,TMValidation,"validation: """"\200\000\000\001&\000\000\000\016)/\352\224*:I\203w\200\211\SGQD!=\355\210\037\325\034/l\242\365\034!w\324\362\3252-\025\351\314\2334,\306Dd\037v\256P\027\000\000\000\000\000\000\000\000\000\000\000\000\000\000\000\000\000\000\000\000\000\000\000\000\000\000\000\000\000\000\000\000P\031\302\001\313@D\264\016\334\r\034\035\\276\225\314|\234S*r\007\370x>\305D*\007b\276v\316s!\002\347\243J\206W\025ML\260\226\0163\217\250\337\325W\253\356*O\245Z\271\234\207C\274\375`\335\311vG0E\002!\000\333\263\3256\211\346[\357\304\[\325\027\277|M\224\363\3270\357\330$\227\244\246\2117A\206[\247\002 _F\205\000""\207#\003\357\253\212.J0\205\001\217y\252K\207\346pb5\033\225\363\206j;]""; ","validation: """"\200\000\000\001&\000\000\000\016)/\352\224*:I\203w\200\211\SGQD!=\355\210\037\325\034/l\242\365\034!w\324\362\3252-\025\351\314\2334,\306Dd\037v\256P\027\000\000\000\000\000\000\000\000\000\000\000\000\000\000\000\000\000\000\000\000\000\000\000\000\000\000\000\000\000\000\000\000P\031\302\001\313@D\264\016\334\r\034\035\\276\225\314|\234S*r\007\370x>\305D*\007b\276v\316s!\002\347\243J\206W\025ML\260\226\0163\217\250\337\325W\253\356*O\245Z\271\234\207C\274\375`\335\311vG0E\002!\000\333\263\3256\211\346[\357\304\[\325\027\277|M\224\363\3270\357\330$\227\244\246\2117A\206[\247\002 _F\205\000""\207#\003\357\253\212.J0\205\001\217y\252K\207\346pb5\033\225\363\206j;]""; "
1750587306022,1750587306022,0,1,3,4,TMValidation,"validation: """"\200\000\000\001&\000\000\000\016)/\352\224*:I\203w\200\211\SGQD!=\355\210\037\325\034/l\242\365\034!w\324\362\3252-\025\351\314\2334,\306Dd\037v\256P\027\000\000\000\000\000\000\000\000\000\000\000\000\000\000\000\000\000\000\000\000\000\000\000\000\000\000\000\000\000\000\000\000P\031\302\001\313@D\264\016\334\r\034\035\\276\225\314|\234S*r\007\370x>\305D*\007b\276v\316s!\002\347\243J\206W\025ML\260\226\0163\217\250\337\325W\253\356*O\245Z\271\234\207C\274\375`\335\311vG0E\002!\000\333\263\3256\211\346[\357\304\[\325\027\277|M\224\363\3270\357\330$\227\244\246\2117A\206[\247\002 _F\205\000""\207#\003\357\253\212.J0\205\001\217y\252K\207\346pb5\033\225\363\206j;]""; ","validation: """"\200\000\000\001&\000\000\000\016)/\352\224*:I\203w\200\211\SGQD!=\355\210\037\325\034/l\242\365\034!w\324\362\3252-\025\351\314\2334,\306Dd\037v\256P\027\000\000\000\000\000\000\000\000\000\000\000\000\000\000\000\000\000\000\000\000\000\000\000\000\000\000\000\000\000\000\000\000P\031\302\001\313@D\264\016\334\r\034\035\\276\225\314|\234S*r\007\370x>\305D*\007b\276v\316s!\002\347\243J\206W\025ML\260\226\0163\217\250\337\325W\253\356*O\245Z\271\234\207C\274\375`\335\311vG0E\002!\000\333\263\3256\211\346[\357\304\[\325\027\277|M\224\363\3270\357\330$\227\244\246\2117A\206[\247\002 _F\205\000""\207#\003\357\253\212.J0\205\001\217y\252K\207\346pb5\033\225\363\206j;]""; "
1750587306022,1750587306022,0,1,0,1,TMStatusChange,"newEvent: neACCEPTED_LEDGER; ledgerSeq: 14; ledgerHash: ""D!=\355\210\037\325\034/l\242\365\034!w\324\362\3252-\025\351\314\2334,\306Dd\037v\256""; ledgerHashPrevious: ""\302\001\313@D\264\016\334\r\034\035\\276\225\314|\234S*r\007\370x>\305D*\007b\276v\316""; networkTime: 803902506; firstSeq: 9; lastSeq: 13; ","newEvent: neACCEPTED_LEDGER; ledgerSeq: 14; ledgerHash: ""D!=\355\210\037\325\034/l\242\365\034!w\324\362\3252-\025\351\314\2334,\306Dd\037v\256""; ledgerHashPrevious: ""\302\001\313@D\264\016\334\r\034\035\\276\225\314|\234S*r\007\370x>\305D*\007b\276v\316""; networkTime: 803902506; firstSeq: 9; lastSeq: 13; "
1750587306023,1750587306023,0,1,3,1,TMValidation,"validation: """"\200\000\000\001&\000\000\000\016)/\352\224*:I\203w\200\211\SGQD!=\355\210\037\325\034/l\242\365\034!w\324\362\3252-\025\351\314\2334,\306Dd\037v\256P\027\000\000\000\000\000\000\000\000\000\000\000\000\000\000\000\000\000\000\000\000\000\000\000\000\000\000\000\000\000\000\000\000P\031\302\001\313@D\264\016\334\r\034\035\\276\225\314|\234S*r\007\370x>\305D*\007b\276v\316s!\002\347\243J\206W\025ML\260\226\0163\217\250\337\325W\253\356*O\245Z\271\234\207C\274\375`\335\311vG0E\002!\000\333\263\3256\211\346[\357\304\[\325\027\277|M\224\363\3270\357\330$\227\244\246\2117A\206[\247\002 _F\205\000""\207#\003\357\253\212.J0\205\001\217y\252K\207\346pb5\033\225\363\206j;]""; ","validation: """"\200\000\000\001&\000\000\000\016)/\352\224*:I\203w\200\211\SGQD!=\355\210\037\325\034/l\242\365\034!w\324\362\3252-\025\351\314\2334,\306Dd\037v\256P\027\000\000\000\000\000\000\000\000\000\000\000\000\000\000\000\000\000\000\000\000\000\000\000\000\000\000\000\000\000\000\000\000P\031\302\001\313@D\264\016\334\r\034\035\\276\225\314|\234S*r\007\370x>\305D*\007b\276v\316s!\002\347\243J\206W\025ML\260\226\0163\217\250\337\325W\253\356*O\245Z\271\234\207C\274\375`\335\311vG0E\002!\000\333\263\3256\211\346[\357\304\[\325\027\277|M\224\363\3270\357\330$\227\244\246\2117A\206[\247\002 _F\205\000""\207#\003\357\253\212.J0\205\001\217y\252K\207\346pb5\033\225\363\206j;]""; "
1750587306024,1750587306024,0,1,4,3,TMValidation,"validation: """"\200\000\000\001&\000\000\000\016)/\352\224*:I\203w\200\211\SGQD!=\355\210\037\325\034/l\242\365\034!w\324\362\3252-\025\351\314\2334,\306Dd\037v\256P\027\000\000\000\000\000\000\000\000\000\000\000\000\000\000\000\000\000\000\000\000\000\000\000\000\000\000\000\000\000\000\000\000P\031\302\001\313@D\264\016\334\r\034\035\\276\225\314|\234S*r\007\370x>\305D*\007b\276v\316s!\002\347\243J\206W\025ML\260\226\0163\217\250\337\325W\253\356*O\245Z\271\234\207C\274\375`\335\311vG0E\002!\000\333\263\3256\211\346[\357\304\[\325\027\277|M\224\363\3270\357\330$\227\244\246\2117A\206[\247\002 _F\205\000""\207#\003\357\253\212.J0\205\001\217y\252K\207\346pb5\033\225\363\206j;]""; ","validation: """"\200\000\000\001&\000\000\000\016)/\352\224*:I\203w\200\211\SGQD!=\355\210\037\325\034/l\242\365\034!w\324\362\3252-\025\351\314\2334,\306Dd\037v\256P\027\000\000\000\000\000\000\000\000\000\000\000\000\000\000\000\000\000\000\000\000\000\000\000\000\000\000\000\000\000\000\000\000P\031\302\001\313@D\264\016\334\r\034\035\\276\225\314|\234S*r\007\370x>\305D*\007b\276v\316s!\002\347\243J\206W\025ML\260\226\0163\217\250\337\325W\253\356*O\245Z\271\234\207C\274\375`\335\311vG0E\002!\000\333\263\3256\211\346[\357\304\[\325\027\277|M\224\363\3270\357\330$\227\244\246\2117A\206[\247\002 _F\205\000""\207#\003\357\253\212.J0\205\001\217y\252K\207\346pb5\033\225\363\206j;]""; "
1750587306025,1750587306025,0,1,4,1,TMValidation,"validation: """"\200\000\000\001&\000\000\000\016)/\352\224*:I\203w\200\211\SGQD!=\355\210\037\325\034/l\242\365\034!w\324\362\3252-\025\351\314\2334,\306Dd\037v\256P\027\000\000\000\000\000\000\000\000\000\000\000\000\000\000\000\000\000\000\000\000\000\000\000\000\000\000\000\000\000\000\000\000P\031\302\001\313@D\264\016\334\r\034\035\\276\225\314|\234S*r\007\370x>\305D*\007b\276v\316s!\002\347\243J\206W\025ML\260\226\0163\217\250\337\325W\253\356*O\245Z\271\234\207C\274\375`\335\311vG0E\002!\000\333\263\3256\211\346[\357\304\[\325\027\277|M\224\363\3270\357\330$\227\244\246\2117A\206[\247\002 _F\205\000""\207#\003\357\253\212.J0\205\001\217y\252K\207\346pb5\033\225\363\206j;]""; ","validation: """"\200\000\000\001&\000\000\000\016)/\352\224*:I\203w\200\211\SGQD!=\355\210\037\325\034/l\242\365\034!w\324\362\3252-\025\351\314\2334,\306Dd\037v\256P\027\000\000\000\000\000\000\000\000\000\000\000\000\000\000\000\000\000\000\000\000\000\000\000\000\000\000\000\000\000\000\000\000P\031\302\001\313@D\264\016\334\r\034\035\\276\225\314|\234S*r\007\370x>\305D*\007b\276v\316s!\002\347\243J\206W\025ML\260\226\0163\217\250\337\325W\253\356*O\245Z\271\234\207C\274\375`\335\311vG0E\002!\000\333\263\3256\211\346[\357\304\[\325\027\277|M\224\363\3270\357\330$\227\244\246\2117A\206[\247\002 _F\205\000""\207#\003\357\253\212.J0\205\001\217y\252K\207\346pb5\033\225\363\206j;]""; "
1750587306025,1750587306025,0,1,4,2,TMValidation,"validation: """"\200\000\000\001&\000\000\000\016)/\352\224*:I\203w\200\211\SGQD!=\355\210\037\325\034/l\242\365\034!w\324\362\3252-\025\351\314\2334,\306Dd\037v\256P\027\000\000\000\000\000\000\000\000\000\000\000\000\000\000\000\000\000\000\000\000\000\000\000\000\000\000\000\000\000\000\000\000P\031\302\001\313@D\264\016\334\r\034\035\\276\225\314|\234S*r\007\370x>\305D*\007b\276v\316s!\002\347\243J\206W\025ML\260\226\0163\217\250\337\325W\253\356*O\245Z\271\234\207C\274\375`\335\311vG0E\002!\000\333\263\3256\211\346[\357\304\[\325\027\277|M\224\363\3270\357\330$\227\244\246\2117A\206[\247\002 _F\205\000""\207#\003\357\253\212.J0\205\001\217y\252K\207\346pb5\033\225\363\206j;]""; ","validation: """"\200\000\000\001&\000\000\000\016)/\352\224*:I\203w\200\211\SGQD!=\355\210\037\325\034/l\242\365\034!w\324\362\3252-\025\351\314\2334,\306Dd\037v\256P\027\000\000\000\000\000\000\000\000\000\000\000\000\000\000\000\000\000\000\000\000\000\000\000\000\000\000\000\000\000\000\000\000P\031\302\001\313@D\264\016\334\r\034\035\\276\225\314|\234S*r\007\370x>\305D*\007b\276v\316s!\002\347\243J\206W\025ML\260\226\0163\217\250\337\325W\253\356*O\245Z\271\234\207C\274\375`\335\311vG0E\002!\000\333\263\3256\211\346[\357\304\[\325\027\277|M\224\363\3270\357\330$\227\244\246\2117A\206[\247\002 _F\205\000""\207#\003\357\253\212.J0\205\001\217y\252K\207\346pb5\033\225\363\206j;]""; "
1750587306026,1750587306027,0,1,2,1,TMValidation,"validation: """"\200\000\000\001&\000\000\000\016)/\352\224*:I\203w\200\211\SGQD!=\355\210\037\325\034/l\242\365\034!w\324\362\3252-\025\351\314\2334,\306Dd\037v\256P\027\000\000\000\000\000\000\000\000\000\000\000\000\000\000\000\000\000\000\000\000\000\000\000\000\000\000\000\000\000\000\000\000P\031\302\001\313@D\264\016\334\r\034\035\\276\225\314|\234S*r\007\370x>\305D*\007b\276v\316s!\002\347\243J\206W\025ML\260\226\0163\217\250\337\325W\253\356*O\245Z\271\234\207C\274\375`\335\311vG0E\002!\000\333\263\3256\211\346[\357\304\[\325\027\277|M\224\363\3270\357\330$\227\244\246\2117A\206[\247\002 _F\205\000""\207#\003\357\253\212.J0\205\001\217y\252K\207\346pb5\033\225\363\206j;]""; ","validation: """"\200\000\000\001&\000\000\000\016)/\352\224*:I\203w\200\211\SGQD!=\355\210\037\325\034/l\242\365\034!w\324\362\3252-\025\351\314\2334,\306Dd\037v\256P\027\000\000\000\000\000\000\000\000\000\000\000\000\000\000\000\000\000\000\000\000\000\000\000\000\000\000\000\000\000\000\000\000P\031\302\001\313@D\264\016\334\r\034\035\\276\225\314|\234S*r\007\370x>\305D*\007b\276v\316s!\002\347\243J\206W\025ML\260\226\0163\217\250\337\325W\253\356*O\245Z\271\234\207C\274\375`\335\311vG0E\002!\000\333\263\3256\211\346[\357\304\[\325\027\277|M\224\363\3270\357\330$\227\244\246\2117A\206[\247\002 _F\205\000""\207#\003\357\253\212.J0\205\001\217y\252K\207\346pb5\033\225\363\206j;]""; "
1750587306027,1750587306027,0,1,2,4,TMValidation,"validation: """"\200\000\000\001&\000\000\000\016)/\352\224*:I\203w\200\211\SGQD!=\355\210\037\325\034/l\242\365\034!w\324\362\3252-\025\351\314\2334,\306Dd\037v\256P\027\000\000\000\000\000\000\000\000\000\000\000\000\000\000\000\000\000\000\000\000\000\000\000\000\000\000\000\000\000\000\000\000P\031\302\001\313@D\264\016\334\r\034\035\\276\225\314|\234S*r\007\370x>\305D*\007b\276v\316s!\002\347\243J\206W\025ML\260\226\0163\217\250\337\325W\253\356*O\245Z\271\234\207C\274\375`\335\311vG0E\002!\000\333\263\3256\211\346[\357\304\[\325\027\277|M\224\363\3270\357\330$\227\244\246\2117A\206[\247\002 _F\205\000""\207#\003\357\253\212.J0\205\001\217y\252K\207\346pb5\033\225\363\206j;]""; ","validation: """"\200\000\000\001&\000\000\000\016)/\352\224*:I\203w\200\211\SGQD!=\355\210\037\325\034/l\242\365\034!w\324\362\3252-\025\351\314\2334,\306Dd\037v\256P\027\000\000\000\000\000\000\000\000\000\000\000\000\000\000\000\000\000\000\000\000\000\000\000\000\000\000\000\000\000\000\000\000P\031\302\001\313@D\264\016\334\r\034\035\\276\225\314|\234S*r\007\370x>\305D*\007b\276v\316s!\002\347\243J\206W\025ML\260\226\0163\217\250\337\325W\253\356*O\245Z\271\234\207C\274\375`\335\311vG0E\002!\000\333\263\3256\211\346[\357\304\[\325\027\277|M\224\363\3270\357\330$\227\244\246\2117A\206[\247\002 _F\205\000""\207#\003\357\253\212.J0\205\001\217y\252K\207\346pb5\033\225\363\206j;]""; "
1750587306027,1750587306027,0,1,2,3,TMValidation,"validation: """"\200\000\000\001&\000\000\000\016)/\352\224*:I\203w\200\211\SGQD!=\355\210\037\325\034/l\242\365\034!w\324\362\3252-\025\351\314\2334,\306Dd\037v\256P\027\000\000\000\000\000\000\000\000\000\000\000\000\000\000\000\000\000\000\000\000\000\000\000\000\000\000\000\000\000\000\000\000P\031\302\001\313@D\264\016\334\r\034\035\\276\225\314|\234S*r\007\370x>\305D*\007b\276v\316s!\002\347\243J\206W\025ML\260\226\0163\217\250\337\325W\253\356*O\245Z\271\234\207C\274\375`\335\311vG0E\002!\000\333\263\3256\211\346[\357\304\[\325\027\277|M\224\363\3270\357\330$\227\244\246\2117A\206[\247\002 _F\205\000""\207#\003\357\253\212.J0\205\001\217y\252K\207\346pb5\033\225\363\206j;]""; ","validation: """"\200\000\000\001&\000\000\000\016)/\352\224*:I\203w\200\211\SGQD!=\355\210\037\325\034/l\242\365\034!w\324\362\3252-\025\351\314\2334,\306Dd\037v\256P\027\000\000\000\000\000\000\000\000\000\000\000\000\000\000\000\000\000\000\000\000\000\000\000\000\000\000\000\000\000\000\000\000P\031\302\001\313@D\264\016\334\r\034\035\\276\225\314|\234S*r\007\370x>\305D*\007b\276v\316s!\002\347\243J\206W\025ML\260\226\0163\217\250\337\325W\253\356*O\245Z\271\234\207C\274\375`\335\311vG0E\002!\000\333\263\3256\211\346[\357\304\[\325\027\277|M\224\363\3270\357\330$\227\244\246\2117A\206[\247\002 _F\205\000""\207#\003\357\253\212.J0\205\001\217y\252K\207\346pb5\033\225\363\206j;]""; "
1750587306028,1750587306028,0,1,1,4,TMValidation,"validation: """"\200\000\000\001&\000\000\000\016)/\352\224*:I\203w\200\211\SGQD!=\355\210\037\325\034/l\242\365\034!w\324\362\3252-\025\351\314\2334,\306Dd\037v\256P\027\000\000\000\000\000\000\000\000\000\000\000\000\000\000\000\000\000\000\000\000\000\000\000\000\000\000\000\000\000\000\000\000P\031\302\001\313@D\264\016\334\r\034\035\\276\225\314|\234S*r\007\370x>\305D*\007b\276v\316s!\002\347\243J\206W\025ML\260\226\0163\217\250\337\325W\253\356*O\245Z\271\234\207C\274\375`\335\311vG0E\002!\000\333\263\3256\211\346[\357\304\[\325\027\277|M\224\363\3270\357\330$\227\244\246\2117A\206[\247\002 _F\205\000""\207#\003\357\253\212.J0\205\001\217y\252K\207\346pb5\033\225\363\206j;]""; ","validation: """"\200\000\000\001&\000\000\000\016)/\352\224*:I\203w\200\211\SGQD!=\355\210\037\325\034/l\242\365\034!w\324\362\3252-\025\351\314\2334,\306Dd\037v\256P\027\000\000\000\000\000\000\000\000\000\000\000\000\000\000\000\000\000\000\000\000\000\000\000\000\000\000\000\000\000\000\000\000P\031\302\001\313@D\264\016\334\r\034\035\\276\225\314|\234S*r\007\370x>\305D*\007b\276v\316s!\002\347\243J\206W\025ML\260\226\0163\217\250\337\325W\253\356*O\245Z\271\234\207C\274\375`\335\311vG0E\002!\000\333\263\3256\211\346[\357\304\[\325\027\277|M\224\363\3270\357\330$\227\244\246\2117A\206[\247\002 _F\205\000""\207#\003\357\253\212.J0\205\001\217y\252K\207\346pb5\033\225\363\206j;]""; "
1750587306029,1750587306029,0,1,1,3,TMValidation,"validation: """"\200\000\000\001&\000\000\000\016)/\352\224*:I\203w\200\211\SGQD!=\355\210\037\325\034/l\242\365\034!w\324\362\3252-\025\351\314\2334,\306Dd\037v\256P\027\000\000\000\000\000\000\000\000\000\000\000\000\000\000\000\000\000\000\000\000\000\000\000\000\000\000\000\000\000\000\000\000P\031\302\001\313@D\264\016\334\r\034\035\\276\225\314|\234S*r\007\370x>\305D*\007b\276v\316s!\002\347\243J\206W\025ML\260\226\0163\217\250\337\325W\253\356*O\245Z\271\234\207C\274\375`\335\311vG0E\002!\000\333\263\3256\211\346[\357\304\[\325\027\277|M\224\363\3270\357\330$\227\244\246\2117A\206[\247\002 _F\205\000""\207#\003\357\253\212.J0\205\001\217y\252K\207\346pb5\033\225\363\206j;]""; ","validation: """"\200\000\000\001&\000\000\000\016)/\352\224*:I\203w\200\211\SGQD!=\355\210\037\325\034/l\242\365\034!w\324\362\3252-\025\351\314\2334,\306Dd\037v\256P\027\000\000\000\000\000\000\000\000\000\000\000\000\000\000\000\000\000\000\000\000\000\000\000\000\000\000\000\000\000\000\000\000P\031\302\001\313@D\264\016\334\r\034\035\\276\225\314|\234S*r\007\370x>\305D*\007b\276v\316s!\002\347\243J\206W\025ML\260\226\0163\217\250\337\325W\253\356*O\245Z\271\234\207C\274\375`\335\311vG0E\002!\000\333\263\3256\211\346[\357\304\[\325\027\277|M\224\363\3270\357\330$\227\244\246\2117A\206[\247\002 _F\205\000""\207#\003\357\253\212.J0\205\001\217y\252K\207\346pb5\033\225\363\206j;]""; "
1750587306029,1750587306029,0,1,1,2,TMValidation,"validation: """"\200\000\000\001&\000\000\000\016)/\352\224*:I\203w\200\211\SGQD!=\355\210\037\325\034/l\242\365\034!w\324\362\3252-\025\351\314\2334,\306Dd\037v\256P\027\000\000\000\000\000\000\000\000\000\000\000\000\000\000\000\000\000\000\000\000\000\000\000\000\000\000\000\000\000\000\000\000P\031\302\001\313@D\264\016\334\r\034\035\\276\225\314|\234S*r\007\370x>\305D*\007b\276v\316s!\002\347\243J\206W\025ML\260\226\0163\217\250\337\325W\253\356*O\245Z\271\234\207C\274\375`\335\311vG0E\002!\000\333\263\3256\211\346[\357\304\[\325\027\277|M\224\363\3270\357\330$\227\244\246\2117A\206[\247\002 _F\205\000""\207#\003\357\253\212.J0\205\001\217y\252K\207\346pb5\033\225\363\206j;]""; ","validation: """"\200\000\000\001&\000\000\000\016)/\352\224*:I\203w\200\211\SGQD!=\355\210\037\325\034/l\242\365\034!w\324\362\3252-\025\351\314\2334,\306Dd\037v\256P\027\000\000\000\000\000\000\000\000\000\000\000\000\000\000\000\000\000\000\000\000\000\000\000\000\000\000\000\000\000\000\000\000P\031\302\001\313@D\264\016\334\r\034\035\\276\225\314|\234S*r\007\370x>\305D*\007b\276v\316s!\002\347\243J\206W\025ML\260\226\0163\217\250\337\325W\253\356*O\245Z\271\234\207C\274\375`\335\311vG0E\002!\000\333\263\3256\211\346[\357\304\[\325\027\277|M\224\363\3270\357\330$\227\244\246\2117A\206[\247\002 _F\205\000""\207#\003\357\253\212.J0\205\001\217y\252K\207\346pb5\033\225\363\206j;]""; "
1750587306297,1750587306298,0,1,2,4,TMStatusChange,"newEvent: neACCEPTED_LEDGER; ledgerSeq: 14; ledgerHash: ""D!=\355\210\037\325\034/l\242\365\034!w\324\362\3252-\025\351\314\2334,\306Dd\037v\256""; ledgerHashPrevious: ""\302\001\313@D\264\016\334\r\034\035\\276\225\314|\234S*r\007\370x>\305D*\007b\276v\316""; networkTime: 803902506; firstSeq: 1; lastSeq: 13; ","newEvent: neACCEPTED_LEDGER; ledgerSeq: 14; ledgerHash: ""D!=\355\210\037\325\034/l\242\365\034!w\324\362\3252-\025\351\314\2334,\306Dd\037v\256""; ledgerHashPrevious: ""\302\001\313@D\264\016\334\r\034\035\\276\225\314|\234S*r\007\370x>\305D*\007b\276v\316""; networkTime: 803902506; firstSeq: 1; lastSeq: 13; "
1750587306299,1750587306299,0,1,2,0,TMStatusChange,"newEvent: neACCEPTED_LEDGER; ledgerSeq: 14; ledgerHash: ""D!=\355\210\037\325\034/l\242\365\034!w\324\362\3252-\025\351\314\2334,\306Dd\037v\256""; ledgerHashPrevious: ""\302\001\313@D\264\016\334\r\034\035\\276\225\314|\234S*r\007\370x>\305D*\007b\276v\316""; networkTime: 803902506; firstSeq: 1; lastSeq: 13; ","newEvent: neACCEPTED_LEDGER; ledgerSeq: 14; ledgerHash: ""D!=\355\210\037\325\034/l\242\365\034!w\324\362\3252-\025\351\314\2334,\306Dd\037v\256""; ledgerHashPrevious: ""\302\001\313@D\264\016\334\r\034\035\\276\225\314|\234S*r\007\370x>\305D*\007b\276v\316""; networkTime: 803902506; firstSeq: 1; lastSeq: 13; "
1750587306299,1750587306299,0,1,2,1,TMStatusChange,"newEvent: neACCEPTED_LEDGER; ledgerSeq: 14; ledgerHash: ""D!=\355\210\037\325\034/l\242\365\034!w\324\362\3252-\025\351\314\2334,\306Dd\037v\256""; ledgerHashPrevious: ""\302\001\313@D\264\016\334\r\034\035\\276\225\314|\234S*r\007\370x>\305D*\007b\276v\316""; networkTime: 803902506; firstSeq: 1; lastSeq: 13; ","newEvent: neACCEPTED_LEDGER; ledgerSeq: 14; ledgerHash: ""D!=\355\210\037\325\034/l\242\365\034!w\324\362\3252-\025\351\314\2334,\306Dd\037v\256""; ledgerHashPrevious: ""\302\001\313@D\264\016\334\r\034\035\\276\225\314|\234S*r\007\370x>\305D*\007b\276v\316""; networkTime: 803902506; firstSeq: 1; lastSeq: 13; "
1750587306299,1750587306299,0,1,2,3,TMStatusChange,"newEvent: neACCEPTED_LEDGER; ledgerSeq: 14; ledgerHash: ""D!=\355\210\037\325\034/l\242\365\034!w\324\362\3252-\025\351\314\2334,\306Dd\037v\256""; ledgerHashPrevious: ""\302\001\313@D\264\016\334\r\034\035\\276\225\314|\234S*r\007\370x>\305D*\007b\276v\316""; networkTime: 803902506; firstSeq: 1; lastSeq: 13; ","newEvent: neACCEPTED_LEDGER; ledgerSeq: 14; ledgerHash: ""D!=\355\210\037\325\034/l\242\365\034!w\324\362\3252-\025\351\314\2334,\306Dd\037v\256""; ledgerHashPrevious: ""\302\001\313@D\264\016\334\r\034\035\\276\225\314|\234S*r\007\370x>\305D*\007b\276v\316""; networkTime: 803902506; firstSeq: 1; lastSeq: 13; "
1750587306338,1750587306338,0,1,2,3,TMValidation,"validation: """"\200\000\000\001&\000\000\000\016)/\352\224*:Q\231\304\227'3\313\030QD!=\355\210\037\325\034/l\242\365\034!w\324\362\3252-\025\351\314\2334,\306Dd\037v\256P\027\000\000\000\000\000\000\000\000\000\000\000\000\000\000\000\000\000\000\000\000\000\000\000\000\000\000\000\000\000\000\000\000P\031\302\001\313@D\264\016\334\r\034\035\\276\225\314|\234S*r\007\370x>\305D*\007b\276v\316s!\003ql\302)\235\321\t\213\224\356\374%%\311\327\037\374\304\t\335\2359\344\233\035]\347<u\236\364\222vG0E\002!\000\201\220#\232\317\234\257DL\245\363\3156\001\225\204\235\262\232\361\236\205\235\305""\000if&Q\274$\002 s\017U\2519\214\215\031Z\220\372\266\351\344n\327\026ge5{\037\343\244\017\027;\306\371\204\021\350""; ","validation: """"\200\000\000\001&\000\000\000\016)/\352\224*:Q\231\304\227'3\313\030QD!=\355\210\037\325\034/l\242\365\034!w\324\362\3252-\025\351\314\2334,\306Dd\037v\256P\027\000\000\000\000\000\000\000\000\000\000\000\000\000\000\000\000\000\000\000\000\000\000\000\000\000\000\000\000\000\000\000\000P\031\302\001\313@D\264\016\334\r\034\035\\276\225\314|\234S*r\007\370x>\305D*\007b\276v\316s!\003ql\302)\235\321\t\213\224\356\374%%\311\327\037\374\304\t\335\2359\344\233\035]\347<u\236\364\222vG0E\002!\000\201\220#\232\317\234\257DL\245\363\3156\001\225\204\235\262\232\361\236\205\235\305""\000if&Q\274$\002 s\017U\2519\214\215\031Z\220\372\266\351\344n\327\026ge5{\037\343\244\017\027;\306\371\204\021\350""; "
1750587306339,1750587306339,0,1,2,0,TMValidation,"validation: """"\200\000\000\001&\000\000\000\016)/\352\224*:Q\231\304\227'3\313\030QD!=\355\210\037\325\034/l\242\365\034!w\324\362\3252-\025\351\314\2334,\306Dd\037v\256P\027\000\000\000\000\000\000\000\000\000\000\000\000\000\000\000\000\000\000\000\000\000\000\000\000\000\000\000\000\000\000\000\000P\031\302\001\313@D\264\016\334\r\034\035\\276\225\314|\234S*r\007\370x>\305D*\007b\276v\316s!\003ql\302)\235\321\t\213\224\356\374%%\311\327\037\374\304\t\335\2359\344\233\035]\347<u\236\364\222vG0E\002!\000\201\220#\232\317\234\257DL\245\363\3156\001\225\204\235\262\232\361\236\205\235\305""\000if&Q\274$\002 s\017U\2519\214\215\031Z\220\372\266\351\344n\327\026ge5{\037\343\244\017\027;\306\371\204\021\350""; ","validation: """"\200\000\000\001&\000\000\000\016)/\352\224*:Q\231\304\227'3\313\030QD!=\355\210\037\325\034/l\242\365\034!w\324\362\3252-\025\351\314\2334,\306Dd\037v\256P\027\000\000\000\000\000\000\000\000\000\000\000\000\000\000\000\000\000\000\000\000\000\000\000\000\000\000\000\000\000\000\000\000P\031\302\001\313@D\264\016\334\r\034\035\\276\225\314|\234S*r\007\370x>\305D*\007b\276v\316s!\003ql\302)\235\321\t\213\224\356\374%%\311\327\037\374\304\t\335\2359\344\233\035]\347<u\236\364\222vG0E\002!\000\201\220#\232\317\234\257DL\245\363\3156\001\225\204\235\262\232\361\236\205\235\305""\000if&Q\274$\002 s\017U\2519\214\215\031Z\220\372\266\351\344n\327\026ge5{\037\343\244\017\027;\306\371\204\021\350""; "
1750587306340,1750587306340,0,1,2,1,TMValidation,"validation: """"\200\000\000\001&\000\000\000\016)/\352\224*:Q\231\304\227'3\313\030QD!=\355\210\037\325\034/l\242\365\034!w\324\362\3252-\025\351\314\2334,\306Dd\037v\256P\027\000\000\000\000\000\000\000\000\000\000\000\000\000\000\000\000\000\000\000\000\000\000\000\000\000\000\000\000\000\000\000\000P\031\302\001\313@D\264\016\334\r\034\035\\276\225\314|\234S*r\007\370x>\305D*\007b\276v\316s!\003ql\302)\235\321\t\213\224\356\374%%\311\327\037\374\304\t\335\2359\344\233\035]\347<u\236\364\222vG0E\002!\000\201\220#\232\317\234\257DL\245\363\3156\001\225\204\235\262\232\361\236\205\235\305""\000if&Q\274$\002 s\017U\2519\214\215\031Z\220\372\266\351\344n\327\026ge5{\037\343\244\017\027;\306\371\204\021\350""; ","validation: """"\200\000\000\001&\000\000\000\016)/\352\224*:Q\231\304\227'3\313\030QD!=\355\210\037\325\034/l\242\365\034!w\324\362\3252-\025\351\314\2334,\306Dd\037v\256P\027\000\000\000\000\000\000\000\000\000\000\000\000\000\000\000\000\000\000\000\000\000\000\000\000\000\000\000\000\000\000\000\000P\031\302\001\313@D\264\016\334\r\034\035\\276\225\314|\234S*r\007\370x>\305D*\007b\276v\316s!\003ql\302)\235\321\t\213\224\356\374%%\311\327\037\374\304\t\335\2359\344\233\035]\347<u\236\364\222vG0E\002!\000\201\220#\232\317\234\257DL\245\363\3156\001\225\204\235\262\232\361\236\205\235\305""\000if&Q\274$\002 s\017U\2519\214\215\031Z\220\372\266\351\344n\327\026ge5{\037\343\244\017\027;\306\371\204\021\350""; "
1750587306340,1750587306340,0,1,2,4,TMValidation,"validation: """"\200\000\000\001&\000\000\000\016)/\352\224*:Q\231\304\227'3\313\030QD!=\355\210\037\325\034/l\242\365\034!w\324\362\3252-\025\351\314\2334,\306Dd\037v\256P\027\000\000\000\000\000\000\000\000\000\000\000\000\000\000\000\000\000\000\000\000\000\000\000\000\000\000\000\000\000\000\000\000P\031\302\001\313@D\264\016\334\r\034\035\\276\225\314|\234S*r\007\370x>\305D*\007b\276v\316s!\003ql\302)\235\321\t\213\224\356\374%%\311\327\037\374\304\t\335\2359\344\233\035]\347<u\236\364\222vG0E\002!\000\201\220#\232\317\234\257DL\245\363\3156\001\225\204\235\262\232\361\236\205\235\305""\000if&Q\274$\002 s\017U\2519\214\215\031Z\220\372\266\351\344n\327\026ge5{\037\343\244\017\027;\306\371\204\021\350""; ","validation: """"\200\000\000\001&\000\000\000\016)/\352\224*:Q\231\304\227'3\313\030QD!=\355\210\037\325\034/l\242\365\034!w\324\362\3252-\025\351\314\2334,\306Dd\037v\256P\027\000\000\000\000\000\000\000\000\000\000\000\000\000\000\000\000\000\000\000\000\000\000\000\000\000\000\000\000\000\000\000\000P\031\302\001\313@D\264\016\334\r\034\035\\276\225\314|\234S*r\007\370x>\305D*\007b\276v\316s!\003ql\302)\235\321\t\213\224\356\374%%\311\327\037\374\304\t\335\2359\344\233\035]\347<u\236\364\222vG0E\002!\000\201\220#\232\317\234\257DL\245\363\3156\001\225\204\235\262\232\361\236\205\235\305""\000if&Q\274$\002 s\017U\2519\214\215\031Z\220\372\266\351\344n\327\026ge5{\037\343\244\017\027;\306\371\204\021\350""; "
1750587306341,1750587306341,0,1,3,0,TMValidation,"validation: """"\200\000\000\001&\000\000\000\016)/\352\224*:Q\231\304\227'3\313\030QD!=\355\210\037\325\034/l\242\365\034!w\324\362\3252-\025\351\314\2334,\306Dd\037v\256P\027\000\000\000\000\000\000\000\000\000\000\000\000\000\000\000\000\000\000\000\000\000\000\000\000\000\000\000\000\000\000\000\000P\031\302\001\313@D\264\016\334\r\034\035\\276\225\314|\234S*r\007\370x>\305D*\007b\276v\316s!\003ql\302)\235\321\t\213\224\356\374%%\311\327\037\374\304\t\335\2359\344\233\035]\347<u\236\364\222vG0E\002!\000\201\220#\232\317\234\257DL\245\363\3156\001\225\204\235\262\232\361\236\205\235\305""\000if&Q\274$\002 s\017U\2519\214\215\031Z\220\372\266\351\344n\327\026ge5{\037\343\244\017\027;\306\371\204\021\350""; ","validation: """"\200\000\000\001&\000\000\000\016)/\352\224*:Q\231\304\227'3\313\030QD!=\355\210\037\325\034/l\242\365\034!w\324\362\3252-\025\351\314\2334,\306Dd\037v\256P\027\000\000\000\000\000\000\000\000\000\000\000\000\000\000\000\000\000\000\000\000\000\000\000\000\000\000\000\000\000\000\000\000P\031\302\001\313@D\264\016\334\r\034\035\\276\225\314|\234S*r\007\370x>\305D*\007b\276v\316s!\003ql\302)\235\321\t\213\224\356\374%%\311\327\037\374\304\t\335\2359\344\233\035]\347<u\236\364\222vG0E\002!\000\201\220#\232\317\234\257DL\245\363\3156\001\225\204\235\262\232\361\236\205\235\305""\000if&Q\274$\002 s\017U\2519\214\215\031Z\220\372\266\351\344n\327\026ge5{\037\343\244\017\027;\306\371\204\021\350""; "
1750587306343,1750587306343,0,1,3,1,TMValidation,"validation: """"\200\000\000\001&\000\000\000\016)/\352\224*:Q\231\304\227'3\313\030QD!=\355\210\037\325\034/l\242\365\034!w\324\362\3252-\025\351\314\2334,\306Dd\037v\256P\027\000\000\000\000\000\000\000\000\000\000\000\000\000\000\000\000\000\000\000\000\000\000\000\000\000\000\000\000\000\000\000\000P\031\302\001\313@D\264\016\334\r\034\035\\276\225\314|\234S*r\007\370x>\305D*\007b\276v\316s!\003ql\302)\235\321\t\213\224\356\374%%\311\327\037\374\304\t\335\2359\344\233\035]\347<u\236\364\222vG0E\002!\000\201\220#\232\317\234\257DL\245\363\3156\001\225\204\235\262\232\361\236\205\235\305""\000if&Q\274$\002 s\017U\2519\214\215\031Z\220\372\266\351\344n\327\026ge5{\037\343\244\017\027;\306\371\204\021\350""; ","validation: """"\200\000\000\001&\000\000\000\016)/\352\224*:Q\231\304\227'3\313\030QD!=\355\210\037\325\034/l\242\365\034!w\324\362\3252-\025\351\314\2334,\306Dd\037v\256P\027\000\000\000\000\000\000\000\000\000\000\000\000\000\000\000\000\000\000\000\000\000\000\000\000\000\000\000\000\000\000\000\000P\031\302\001\313@D\264\016\334\r\034\035\\276\225\314|\234S*r\007\370x>\305D*\007b\276v\316s!\003ql\302)\235\321\t\213\224\356\374%%\311\327\037\374\304\t\335\2359\344\233\035]\347<u\236\364\222vG0E\002!\000\201\220#\232\317\234\257DL\245\363\3156\001\225\204\235\262\232\361\236\205\235\305""\000if&Q\274$\002 s\017U\2519\214\215\031Z\220\372\266\351\344n\327\026ge5{\037\343\244\017\027;\306\371\204\021\350""; "
1750587306343,1750587306343,0,1,3,4,TMValidation,"validation: """"\200\000\000\001&\000\000\000\016)/\352\224*:Q\231\304\227'3\313\030QD!=\355\210\037\325\034/l\242\365\034!w\324\362\3252-\025\351\314\2334,\306Dd\037v\256P\027\000\000\000\000\000\000\000\000\000\000\000\000\000\000\000\000\000\000\000\000\000\000\000\000\000\000\000\000\000\000\000\000P\031\302\001\313@D\264\016\334\r\034\035\\276\225\314|\234S*r\007\370x>\305D*\007b\276v\316s!\003ql\302)\235\321\t\213\224\356\374%%\311\327\037\374\304\t\335\2359\344\233\035]\347<u\236\364\222vG0E\002!\000\201\220#\232\317\234\257DL\245\363\3156\001\225\204\235\262\232\361\236\205\235\305""\000if&Q\274$\002 s\017U\2519\214\215\031Z\220\372\266\351\344n\327\026ge5{\037\343\244\017\027;\306\371\204\021\350""; ","validation: """"\200\000\000\001&\000\000\000\016)/\352\224*:Q\231\304\227'3\313\030QD!=\355\210\037\325\034/l\242\365\034!w\324\362\3252-\025\351\314\2334,\306Dd\037v\256P\027\000\000\000\000\000\000\000\000\000\000\000\000\000\000\000\000\000\000\000\000\000\000\000\000\000\000\000\000\000\000\000\000P\031\302\001\313@D\264\016\334\r\034\035\\276\225\314|\234S*r\007\370x>\305D*\007b\276v\316s!\003ql\302)\235\321\t\213\224\356\374%%\311\327\037\374\304\t\335\2359\344\233\035]\347<u\236\364\222vG0E\002!\000\201\220#\232\317\234\257DL\245\363\3156\001\225\204\235\262\232\361\236\205\235\305""\000if&Q\274$\002 s\017U\2519\214\215\031Z\220\372\266\351\344n\327\026ge5{\037\343\244\017\027;\306\371\204\021\350""; "
1750587306343,1750587306343,0,1,0,3,TMValidation,"validation: """"\200\000\000\001&\000\000\000\016)/\352\224*:Q\231\304\227'3\313\030QD!=\355\210\037\325\034/l\242\365\034!w\324\362\3252-\025\351\314\2334,\306Dd\037v\256P\027\000\000\000\000\000\000\000\000\000\000\000\000\000\000\000\000\000\000\000\000\000\000\000\000\000\000\000\000\000\000\000\000P\031\302\001\313@D\264\016\334\r\034\035\\276\225\314|\234S*r\007\370x>\305D*\007b\276v\316s!\003ql\302)\235\321\t\213\224\356\374%%\311\327\037\374\304\t\335\2359\344\233\035]\347<u\236\364\222vG0E\002!\000\201\220#\232\317\234\257DL\245\363\3156\001\225\204\235\262\232\361\236\205\235\305""\000if&Q\274$\002 s\017U\2519\214\215\031Z\220\372\266\351\344n\327\026ge5{\037\343\244\017\027;\306\371\204\021\350""; ","validation: """"\200\000\000\001&\000\000\000\016)/\352\224*:Q\231\304\227'3\313\030QD!=\355\210\037\325\034/l\242\365\034!w\324\362\3252-\025\351\314\2334,\306Dd\037v\256P\027\000\000\000\000\000\000\000\000\000\000\000\000\000\000\000\000\000\000\000\000\000\000\000\000\000\000\000\000\000\000\000\000P\031\302\001\313@D\264\016\334\r\034\035\\276\225\314|\234S*r\007\370x>\305D*\007b\276v\316s!\003ql\302)\235\321\t\213\224\356\374%%\311\327\037\374\304\t\335\2359\344\233\035]\347<u\236\364\222vG0E\002!\000\201\220#\232\317\234\257DL\245\363\3156\001\225\204\235\262\232\361\236\205\235\305""\000if&Q\274$\002 s\017U\2519\214\215\031Z\220\372\266\351\344n\327\026ge5{\037\343\244\017\027;\306\371\204\021\350""; "
1750587306345,1750587306345,0,1,0,1,TMValidation,"validation: """"\200\000\000\001&\000\000\000\016)/\352\224*:Q\231\304\227'3\313\030QD!=\355\210\037\325\034/l\242\365\034!w\324\362\3252-\025\351\314\2334,\306Dd\037v\256P\027\000\000\000\000\000\000\000\000\000\000\000\000\000\000\000\000\000\000\000\000\000\000\000\000\000\000\000\000\000\000\000\000P\031\302\001\313@D\264\016\334\r\034\035\\276\225\314|\234S*r\007\370x>\305D*\007b\276v\316s!\003ql\302)\235\321\t\213\224\356\374%%\311\327\037\374\304\t\335\2359\344\233\035]\347<u\236\364\222vG0E\002!\000\201\220#\232\317\234\257DL\245\363\3156\001\225\204\235\262\232\361\236\205\235\305""\000if&Q\274$\002 s\017U\2519\214\215\031Z\220\372\266\351\344n\327\026ge5{\037\343\244\017\027;\306\371\204\021\350""; ","validation: """"\200\000\000\001&\000\000\000\016)/\352\224*:Q\231\304\227'3\313\030QD!=\355\210\037\325\034/l\242\365\034!w\324\362\3252-\025\351\314\2334,\306Dd\037v\256P\027\000\000\000\000\000\000\000\000\000\000\000\000\000\000\000\000\000\000\000\000\000\000\000\000\000\000\000\000\000\000\000\000P\031\302\001\313@D\264\016\334\r\034\035\\276\225\314|\234S*r\007\370x>\305D*\007b\276v\316s!\003ql\302)\235\321\t\213\224\356\374%%\311\327\037\374\304\t\335\2359\344\233\035]\347<u\236\364\222vG0E\002!\000\201\220#\232\317\234\257DL\245\363\3156\001\225\204\235\262\232\361\236\205\235\305""\000if&Q\274$\002 s\017U\2519\214\215\031Z\220\372\266\351\344n\327\026ge5{\037\343\244\017\027;\306\371\204\021\350""; "
1750587306346,1750587306346,0,1,1,4,TMValidation,"validation: """"\200\000\000\001&\000\000\000\016)/\352\224*:Q\231\304\227'3\313\030QD!=\355\210\037\325\034/l\242\365\034!w\324\362\3252-\025\351\314\2334,\306Dd\037v\256P\027\000\000\000\000\000\000\000\000\000\000\000\000\000\000\000\000\000\000\000\000\000\000\000\000\000\000\000\000\000\000\000\000P\031\302\001\313@D\264\016\334\r\034\035\\276\225\314|\234S*r\007\370x>\305D*\007b\276v\316s!\003ql\302)\235\321\t\213\224\356\374%%\311\327\037\374\304\t\335\2359\344\233\035]\347<u\236\364\222vG0E\002!\000\201\220#\232\317\234\257DL\245\363\3156\001\225\204\235\262\232\361\236\205\235\305""\000if&Q\274$\002 s\017U\2519\214\215\031Z\220\372\266\351\344n\327\026ge5{\037\343\244\017\027;\306\371\204\021\350""; ","validation: """"\200\000\000\001&\000\000\000\016)/\352\224*:Q\231\304\227'3\313\030QD!=\355\210\037\325\034/l\242\365\034!w\324\362\3252-\025\351\314\2334,\306Dd\037v\256P\027\000\000\000\000\000\000\000\000\000\000\000\000\000\000\000\000\000\000\000\000\000\000\000\000\000\000\000\000\000\000\000\000P\031\302\001\313@D\264\016\334\r\034\035\\276\225\314|\234S*r\007\370x>\305D*\007b\276v\316s!\003ql\302)\235\321\t\213\224\356\374%%\311\327\037\374\304\t\335\2359\344\233\035]\347<u\236\364\222vG0E\002!\000\201\220#\232\317\234\257DL\245\363\3156\001\225\204\235\262\232\361\236\205\235\305""\000if&Q\274$\002 s\017U\2519\214\215\031Z\220\372\266\351\344n\327\026ge5{\037\343\244\017\027;\306\371\204\021\350""; "
1750587306346,1750587306346,0,1,4,3,TMValidation,"validation: """"\200\000\000\001&\000\000\000\016)/\352\224*:Q\231\304\227'3\313\030QD!=\355\210\037\325\034/l\242\365\034!w\324\362\3252-\025\351\314\2334,\306Dd\037v\256P\027\000\000\000\000\000\000\000\000\000\000\000\000\000\000\000\000\000\000\000\000\000\000\000\000\000\000\000\000\000\000\000\000P\031\302\001\313@D\264\016\334\r\034\035\\276\225\314|\234S*r\007\370x>\305D*\007b\276v\316s!\003ql\302)\235\321\t\213\224\356\374%%\311\327\037\374\304\t\335\2359\344\233\035]\347<u\236\364\222vG0E\002!\000\201\220#\232\317\234\257DL\245\363\3156\001\225\204\235\262\232\361\236\205\235\305""\000if&Q\274$\002 s\017U\2519\214\215\031Z\220\372\266\351\344n\327\026ge5{\037\343\244\017\027;\306\371\204\021\350""; ","validation: """"\200\000\000\001&\000\000\000\016)/\352\224*:Q\231\304\227'3\313\030QD!=\355\210\037\325\034/l\242\365\034!w\324\362\3252-\025\351\314\2334,\306Dd\037v\256P\027\000\000\000\000\000\000\000\000\000\000\000\000\000\000\000\000\000\000\000\000\000\000\000\000\000\000\000\000\000\000\000\000P\031\302\001\313@D\264\016\334\r\034\035\\276\225\314|\234S*r\007\370x>\305D*\007b\276v\316s!\003ql\302)\235\321\t\213\224\356\374%%\311\327\037\374\304\t\335\2359\344\233\035]\347<u\236\364\222vG0E\002!\000\201\220#\232\317\234\257DL\245\363\3156\001\225\204\235\262\232\361\236\205\235\305""\000if&Q\274$\002 s\017U\2519\214\215\031Z\220\372\266\351\344n\327\026ge5{\037\343\244\017\027;\306\371\204\021\350""; "
1750587306347,1750587306347,0,1,1,3,TMValidation,"validation: """"\200\000\000\001&\000\000\000\016)/\352\224*:Q\231\304\227'3\313\030QD!=\355\210\037\325\034/l\242\365\034!w\324\362\3252-\025\351\314\2334,\306Dd\037v\256P\027\000\000\000\000\000\000\000\000\000\000\000\000\000\000\000\000\000\000\000\000\000\000\000\000\000\000\000\000\000\000\000\000P\031\302\001\313@D\264\016\334\r\034\035\\276\225\314|\234S*r\007\370x>\305D*\007b\276v\316s!\003ql\302)\235\321\t\213\224\356\374%%\311\327\037\374\304\t\335\2359\344\233\035]\347<u\236\364\222vG0E\002!\000\201\220#\232\317\234\257DL\245\363\3156\001\225\204\235\262\232\361\236\205\235\305""\000if&Q\274$\002 s\017U\2519\214\215\031Z\220\372\266\351\344n\327\026ge5{\037\343\244\017\027;\306\371\204\021\350""; ","validation: """"\200\000\000\001&\000\000\000\016)/\352\224*:Q\231\304\227'3\313\030QD!=\355\210\037\325\034/l\242\365\034!w\324\362\3252-\025\351\314\2334,\306Dd\037v\256P\027\000\000\000\000\000\000\000\000\000\000\000\000\000\000\000\000\000\000\000\000\000\000\000\000\000\000\000\000\000\000\000\000P\031\302\001\313@D\264\016\334\r\034\035\\276\225\314|\234S*r\007\370x>\305D*\007b\276v\316s!\003ql\302)\235\321\t\213\224\356\374%%\311\327\037\374\304\t\335\2359\344\233\035]\347<u\236\364\222vG0E\002!\000\201\220#\232\317\234\257DL\245\363\3156\001\225\204\235\262\232\361\236\205\235\305""\000if&Q\274$\002 s\017U\2519\214\215\031Z\220\372\266\351\344n\327\026ge5{\037\343\244\017\027;\306\371\204\021\350""; "
1750587306347,1750587306347,0,1,4,0,TMValidation,"validation: """"\200\000\000\001&\000\000\000\016)/\352\224*:Q\231\304\227'3\313\030QD!=\355\210\037\325\034/l\242\365\034!w\324\362\3252-\025\351\314\2334,\306Dd\037v\256P\027\000\000\000\000\000\000\000\000\000\000\000\000\000\000\000\000\000\000\000\000\000\000\000\000\000\000\000\000\000\000\000\000P\031\302\001\313@D\264\016\334\r\034\035\\276\225\314|\234S*r\007\370x>\305D*\007b\276v\316s!\003ql\302)\235\321\t\213\224\356\374%%\311\327\037\374\304\t\335\2359\344\233\035]\347<u\236\364\222vG0E\002!\000\201\220#\232\317\234\257DL\245\363\3156\001\225\204\235\262\232\361\236\205\235\305""\000if&Q\274$\002 s\017U\2519\214\215\031Z\220\372\266\351\344n\327\026ge5{\037\343\244\017\027;\306\371\204\021\350""; ","validation: """"\200\000\000\001&\000\000\000\016)/\352\224*:Q\231\304\227'3\313\030QD!=\355\210\037\325\034/l\242\365\034!w\324\362\3252-\025\351\314\2334,\306Dd\037v\256P\027\000\000\000\000\000\000\000\000\000\000\000\000\000\000\000\000\000\000\000\000\000\000\000\000\000\000\000\000\000\000\000\000P\031\302\001\313@D\264\016\334\r\034\035\\276\225\314|\234S*r\007\370x>\305D*\007b\276v\316s!\003ql\302)\235\321\t\213\224\356\374%%\311\327\037\374\304\t\335\2359\344\233\035]\347<u\236\364\222vG0E\002!\000\201\220#\232\317\234\257DL\245\363\3156\001\225\204\235\262\232\361\236\205\235\305""\000if&Q\274$\002 s\017U\2519\214\215\031Z\220\372\266\351\344n\327\026ge5{\037\343\244\017\027;\306\371\204\021\350""; "
1750587306347,1750587306348,0,1,0,4,TMValidation,"validation: """"\200\000\000\001&\000\000\000\016)/\352\224*:Q\231\304\227'3\313\030QD!=\355\210\037\325\034/l\242\365\034!w\324\362\3252-\025\351\314\2334,\306Dd\037v\256P\027\000\000\000\000\000\000\000\000\000\000\000\000\000\000\000\000\000\000\000\000\000\000\000\000\000\000\000\000\000\000\000\000P\031\302\001\313@D\264\016\334\r\034\035\\276\225\314|\234S*r\007\370x>\305D*\007b\276v\316s!\003ql\302)\235\321\t\213\224\356\374%%\311\327\037\374\304\t\335\2359\344\233\035]\347<u\236\364\222vG0E\002!\000\201\220#\232\317\234\257DL\245\363\3156\001\225\204\235\262\232\361\236\205\235\305""\000if&Q\274$\002 s\017U\2519\214\215\031Z\220\372\266\351\344n\327\026ge5{\037\343\244\017\027;\306\371\204\021\350""; ","validation: """"\200\000\000\001&\000\000\000\016)/\352\224*:Q\231\304\227'3\313\030QD!=\355\210\037\325\034/l\242\365\034!w\324\362\3252-\025\351\314\2334,\306Dd\037v\256P\027\000\000\000\000\000\000\000\000\000\000\000\000\000\000\000\000\000\000\000\000\000\000\000\000\000\000\000\000\000\000\000\000P\031\302\001\313@D\264\016\334\r\034\035\\276\225\314|\234S*r\007\370x>\305D*\007b\276v\316s!\003ql\302)\235\321\t\213\224\356\374%%\311\327\037\374\304\t\335\2359\344\233\035]\347<u\236\364\222vG0E\002!\000\201\220#\232\317\234\257DL\245\363\3156\001\225\204\235\262\232\361\236\205\235\305""\000if&Q\274$\002 s\017U\2519\214\215\031Z\220\372\266\351\344n\327\026ge5{\037\343\244\017\027;\306\371\204\021\350""; "
1750587306348,1750587306348,0,1,1,0,TMValidation,"validation: """"\200\000\000\001&\000\000\000\016)/\352\224*:Q\231\304\227'3\313\030QD!=\355\210\037\325\034/l\242\365\034!w\324\362\3252-\025\351\314\2334,\306Dd\037v\256P\027\000\000\000\000\000\000\000\000\000\000\000\000\000\000\000\000\000\000\000\000\000\000\000\000\000\000\000\000\000\000\000\000P\031\302\001\313@D\264\016\334\r\034\035\\276\225\314|\234S*r\007\370x>\305D*\007b\276v\316s!\003ql\302)\235\321\t\213\224\356\374%%\311\327\037\374\304\t\335\2359\344\233\035]\347<u\236\364\222vG0E\002!\000\201\220#\232\317\234\257DL\245\363\3156\001\225\204\235\262\232\361\236\205\235\305""\000if&Q\274$\002 s\017U\2519\214\215\031Z\220\372\266\351\344n\327\026ge5{\037\343\244\017\027;\306\371\204\021\350""; ","validation: """"\200\000\000\001&\000\000\000\016)/\352\224*:Q\231\304\227'3\313\030QD!=\355\210\037\325\034/l\242\365\034!w\324\362\3252-\025\351\314\2334,\306Dd\037v\256P\027\000\000\000\000\000\000\000\000\000\000\000\000\000\000\000\000\000\000\000\000\000\000\000\000\000\000\000\000\000\000\000\000P\031\302\001\313@D\264\016\334\r\034\035\\276\225\314|\234S*r\007\370x>\305D*\007b\276v\316s!\003ql\302)\235\321\t\213\224\356\374%%\311\327\037\374\304\t\335\2359\344\233\035]\347<u\236\364\222vG0E\002!\000\201\220#\232\317\234\257DL\245\363\3156\001\225\204\235\262\232\361\236\205\235\305""\000if&Q\274$\002 s\017U\2519\214\215\031Z\220\372\266\351\344n\327\026ge5{\037\343\244\017\027;\306\371\204\021\350""; "
1750587306348,1750587306348,0,1,4,1,TMValidation,"validation: """"\200\000\000\001&\000\000\000\016)/\352\224*:Q\231\304\227'3\313\030QD!=\355\210\037\325\034/l\242\365\034!w\324\362\3252-\025\351\314\2334,\306Dd\037v\256P\027\000\000\000\000\000\000\000\000\000\000\000\000\000\000\000\000\000\000\000\000\000\000\000\000\000\000\000\000\000\000\000\000P\031\302\001\313@D\264\016\334\r\034\035\\276\225\314|\234S*r\007\370x>\305D*\007b\276v\316s!\003ql\302)\235\321\t\213\224\356\374%%\311\327\037\374\304\t\335\2359\344\233\035]\347<u\236\364\222vG0E\002!\000\201\220#\232\317\234\257DL\245\363\3156\001\225\204\235\262\232\361\236\205\235\305""\000if&Q\274$\002 s\017U\2519\214\215\031Z\220\372\266\351\344n\327\026ge5{\037\343\244\017\027;\306\371\204\021\350""; ","validation: """"\200\000\000\001&\000\000\000\016)/\352\224*:Q\231\304\227'3\313\030QD!=\355\210\037\325\034/l\242\365\034!w\324\362\3252-\025\351\314\2334,\306Dd\037v\256P\027\000\000\000\000\000\000\000\000\000\000\000\000\000\000\000\000\000\000\000\000\000\000\000\000\000\000\000\000\000\000\000\000P\031\302\001\313@D\264\016\334\r\034\035\\276\225\314|\234S*r\007\370x>\305D*\007b\276v\316s!\003ql\302)\235\321\t\213\224\356\374%%\311\327\037\374\304\t\335\2359\344\233\035]\347<u\236\364\222vG0E\002!\000\201\220#\232\317\234\257DL\245\363\3156\001\225\204\235\262\232\361\236\205\235\305""\000if&Q\274$\002 s\017U\2519\214\215\031Z\220\372\266\351\344n\327\026ge5{\037\343\244\017\027;\306\371\204\021\350""; "
1750587306452,1750587306489,0,1,1,4,TMStatusChange,"newEvent: neCLOSING_LEDGER; ledgerSeq: 14; ledgerHash: ""D!=\355\210\037\325\034/l\242\365\034!w\324\362\3252-\025\351\314\2334,\306Dd\037v\256""; ledgerHashPrevious: ""\302\001\313@D\264\016\334\r\034\035\\276\225\314|\234S*r\007\370x>\305D*\007b\276v\316""; networkTime: 803902506; firstSeq: 1; lastSeq: 14; ","newEvent: neCLOSING_LEDGER; ledgerSeq: 14; ledgerHash: ""D!=\355\210\037\325\034/l\242\365\034!w\324\362\3252-\025\351\314\2334,\306Dd\037v\256""; ledgerHashPrevious: ""\302\001\313@D\264\016\334\r\034\035\\276\225\314|\234S*r\007\370x>\305D*\007b\276v\316""; networkTime: 803902506; firstSeq: 1; lastSeq: 14; "
1750587306453,1750587306490,0,1,1,0,TMStatusChange,"newEvent: neCLOSING_LEDGER; ledgerSeq: 14; ledgerHash: ""D!=\355\210\037\325\034/l\242\365\034!w\324\362\3252-\025\351\314\2334,\306Dd\037v\256""; ledgerHashPrevious: ""\302\001\313@D\264\016\334\r\034\035\\276\225\314|\234S*r\007\370x>\305D*\007b\276v\316""; networkTime: 803902506; firstSeq: 1; lastSeq: 14; ","newEvent: neCLOSING_LEDGER; ledgerSeq: 14; ledgerHash: ""D!=\355\210\037\325\034/l\242\365\034!w\324\362\3252-\025\351\314\2334,\306Dd\037v\256""; ledgerHashPrevious: ""\302\001\313@D\264\016\334\r\034\035\\276\225\314|\234S*r\007\370x>\305D*\007b\276v\316""; networkTime: 803902506; firstSeq: 1; lastSeq: 14; "
1750587306454,1750587306490,0,1,1,2,TMStatusChange,"newEvent: neCLOSING_LEDGER; ledgerSeq: 14; ledgerHash: ""D!=\355\210\037\325\034/l\242\365\034!w\324\362\3252-\025\351\314\2334,\306Dd\037v\256""; ledgerHashPrevious: ""\302\001\313@D\264\016\334\r\034\035\\276\225\314|\234S*r\007\370x>\305D*\007b\276v\316""; networkTime: 803902506; firstSeq: 1; lastSeq: 14; ","newEvent: neCLOSING_LEDGER; ledgerSeq: 14; ledgerHash: ""D!=\355\210\037\325\034/l\242\365\034!w\324\362\3252-\025\351\314\2334,\306Dd\037v\256""; ledgerHashPrevious: ""\302\001\313@D\264\016\334\r\034\035\\276\225\314|\234S*r\007\370x>\305D*\007b\276v\316""; networkTime: 803902506; firstSeq: 1; lastSeq: 14; "
1750587306454,1750587306490,0,1,1,3,TMStatusChange,"newEvent: neCLOSING_LEDGER; ledgerSeq: 14; ledgerHash: ""D!=\355\210\037\325\034/l\242\365\034!w\324\362\3252-\025\351\314\2334,\306Dd\037v\256""; ledgerHashPrevious: ""\302\001\313@D\264\016\334\r\034\035\\276\225\314|\234S*r\007\370x>\305D*\007b\276v\316""; networkTime: 803902506; firstSeq: 1; lastSeq: 14; ","newEvent: neCLOSING_LEDGER; ledgerSeq: 14; ledgerHash: ""D!=\355\210\037\325\034/l\242\365\034!w\324\362\3252-\025\351\314\2334,\306Dd\037v\256""; ledgerHashPrevious: ""\302\001\313@D\264\016\334\r\034\035\\276\225\314|\234S*r\007\370x>\305D*\007b\276v\316""; networkTime: 803902506; firstSeq: 1; lastSeq: 14; "
1750587306496,1750587306496,0,1,1,0,TMProposeSet,"proposeSeq: 0; currentTxHash: ""\000\000\000\000\000\000\000\000\000\000\000\000\000\000\000\000\000\000\000\000\000\000\000\000\000\000\000\000\000\000\000\000""; nodePubKey: ""\003\343\005\311u\203\370\0338\3174\324\010\006\301\251\177\261\304eOX\262)FA-\022r\263wm\024""; closeTime: 803902506; signature: ""0D\002 0d\325\264\371y\3272\240\330\277\240\335d=_\214\2751\201\031Se\337{$%\375\231\227z\246\002 m\032>3g""\255A#\241\314\360\355\306a\317\003\006u\213\3158\336\303\303\262\301N\233*\t)""; previousledger: ""D!=\355\210\037\325\034/l\242\365\034!w\324\362\3252-\025\351\314\2334,\306Dd\037v\256""; ","proposeSeq: 0; currentTxHash: ""\000\000\000\000\000\000\000\000\000\000\000\000\000\000\000\000\000\000\000\000\000\000\000\000\000\000\000\000\000\000\000\000""; nodePubKey: ""\003\343\005\311u\203\370\0338\3174\324\010\006\301\251\177\261\304eOX\262)FA-\022r\263wm\024""; closeTime: 803902506; signature: ""0D\002 0d\325\264\371y\3272\240\330\277\240\335d=_\214\2751\201\031Se\337{$%\375\231\227z\246\002 m\032>3g""\255A#\241\314\360\355\306a\317\003\006u\213\3158\336\303\303\262\301N\233*\t)""; previousledger: ""D!=\355\210\037\325\034/l\242\365\034!w\324\362\3252-\025\351\314\2334,\306Dd\037v\256""; "
1750587306496,1750587306497,0,1,1,3,TMProposeSet,"proposeSeq: 0; currentTxHash: ""\000\000\000\000\000\000\000\000\000\000\000\000\000\000\000\000\000\000\000\000\000\000\000\000\000\000\000\000\000\000\000\000""; nodePubKey: ""\003\343\005\311u\203\370\0338\3174\324\010\006\301\251\177\261\304eOX\262)FA-\022r\263wm\024""; closeTime: 803902506; signature: ""0D\002 0d\325\264\371y\3272\240\330\277\240\335d=_\214\2751\201\031Se\337{$%\375\231\227z\246\002 m\032>3g""\255A#\241\314\360\355\306a\317\003\006u\213\3158\336\303\303\262\301N\233*\t)""; previousledger: ""D!=\355\210\037\325\034/l\242\365\034!w\324\362\3252-\025\351\314\2334,\306Dd\037v\256""; ","proposeSeq: 0; currentTxHash: ""\000\000\000\000\000\000\000\000\000\000\000\000\000\000\000\000\000\000\000\000\000\000\000\000\000\000\000\000\000\000\000\000""; nodePubKey: ""\003\343\005\311u\203\370\0338\3174\324\010\006\301\251\177\261\304eOX\262)FA-\022r\263wm\024""; closeTime: 803902506; signature: ""0D\002 0d\325\264\371y\3272\240\330\277\240\335d=_\214\2751\201\031Se\337{$%\375\231\227z\246\002 m\032>3g""\255A#\241\314\360\355\306a\317\003\006u\213\3158\336\303\303\262\301N\233*\t)""; previousledger: ""D!=\355\210\037\325\034/l\242\365\034!w\324\362\3252-\025\351\314\2334,\306Dd\037v\256""; "
1750587306497,1750587306497,0,1,1,2,TMProposeSet,"proposeSeq: 0; currentTxHash: ""\000\000\000\000\000\000\000\000\000\000\000\000\000\000\000\000\000\000\000\000\000\000\000\000\000\000\000\000\000\000\000\000""; nodePubKey: ""\003\343\005\311u\203\370\0338\3174\324\010\006\301\251\177\261\304eOX\262)FA-\022r\263wm\024""; closeTime: 803902506; signature: ""0D\002 0d\325\264\371y\3272\240\330\277\240\335d=_\214\2751\201\031Se\337{$%\375\231\227z\246\002 m\032>3g""\255A#\241\314\360\355\306a\317\003\006u\213\3158\336\303\303\262\301N\233*\t)""; previousledger: ""D!=\355\210\037\325\034/l\242\365\034!w\324\362\3252-\025\351\314\2334,\306Dd\037v\256""; ","proposeSeq: 0; currentTxHash: ""\000\000\000\000\000\000\000\000\000\000\000\000\000\000\000\000\000\000\000\000\000\000\000\000\000\000\000\000\000\000\000\000""; nodePubKey: ""\003\343\005\311u\203\370\0338\3174\324\010\006\301\251\177\261\304eOX\262)FA-\022r\263wm\024""; closeTime: 803902506; signature: ""0D\002 0d\325\264\371y\3272\240\330\277\240\335d=_\214\2751\201\031Se\337{$%\375\231\227z\246\002 m\032>3g""\255A#\241\314\360\355\306a\317\003\006u\213\3158\336\303\303\262\301N\233*\t)""; previousledger: ""D!=\355\210\037\325\034/l\242\365\034!w\324\362\3252-\025\351\314\2334,\306Dd\037v\256""; "
1750587306497,1750587306497,0,1,1,4,TMProposeSet,"proposeSeq: 0; currentTxHash: ""\000\000\000\000\000\000\000\000\000\000\000\000\000\000\000\000\000\000\000\000\000\000\000\000\000\000\000\000\000\000\000\000""; nodePubKey: ""\003\343\005\311u\203\370\0338\3174\324\010\006\301\251\177\261\304eOX\262)FA-\022r\263wm\024""; closeTime: 803902506; signature: ""0D\002 0d\325\264\371y\3272\240\330\277\240\335d=_\214\2751\201\031Se\337{$%\375\231\227z\246\002 m\032>3g""\255A#\241\314\360\355\306a\317\003\006u\213\3158\336\303\303\262\301N\233*\t)""; previousledger: ""D!=\355\210\037\325\034/l\242\365\034!w\324\362\3252-\025\351\314\2334,\306Dd\037v\256""; ","proposeSeq: 0; currentTxHash: ""\000\000\000\000\000\000\000\000\000\000\000\000\000\000\000\000\000\000\000\000\000\000\000\000\000\000\000\000\000\000\000\000""; nodePubKey: ""\003\343\005\311u\203\370\0338\3174\324\010\006\301\251\177\261\304eOX\262)FA-\022r\263wm\024""; closeTime: 803902506; signature: ""0D\002 0d\325\264\371y\3272\240\330\277\240\335d=_\214\2751\201\031Se\337{$%\375\231\227z\246\002 m\032>3g""\255A#\241\314\360\355\306a\317\003\006u\213\3158\336\303\303\262\301N\233*\t)""; previousledger: ""D!=\355\210\037\325\034/l\242\365\034!w\324\362\3252-\025\351\314\2334,\306Dd\037v\256""; "
1750587306499,1750587306499,0,1,0,3,TMProposeSet,"proposeSeq: 0; currentTxHash: ""\000\000\000\000\000\000\000\000\000\000\000\000\000\000\000\000\000\000\000\000\000\000\000\000\000\000\000\000\000\000\000\000""; nodePubKey: ""\003\343\005\311u\203\370\0338\3174\324\010\006\301\251\177\261\304eOX\262)FA-\022r\263wm\024""; closeTime: 803902506; signature: ""0D\002 0d\325\264\371y\3272\240\330\277\240\335d=_\214\2751\201\031Se\337{$%\375\231\227z\246\002 m\032>3g""\255A#\241\314\360\355\306a\317\003\006u\213\3158\336\303\303\262\301N\233*\t)""; previousledger: ""D!=\355\210\037\325\034/l\242\365\034!w\324\362\3252-\025\351\314\2334,\306Dd\037v\256""; ","proposeSeq: 0; currentTxHash: ""\000\000\000\000\000\000\000\000\000\000\000\000\000\000\000\000\000\000\000\000\000\000\000\000\000\000\000\000\000\000\000\000""; nodePubKey: ""\003\343\005\311u\203\370\0338\3174\324\010\006\301\251\177\261\304eOX\262)FA-\022r\263wm\024""; closeTime: 803902506; signature: ""0D\002 0d\325\264\371y\3272\240\330\277\240\335d=_\214\2751\201\031Se\337{$%\375\231\227z\246\002 m\032>3g""\255A#\241\314\360\355\306a\317\003\006u\213\3158\336\303\303\262\301N\233*\t)""; previousledger: ""D!=\355\210\037\325\034/l\242\365\034!w\324\362\3252-\025\351\314\2334,\306Dd\037v\256""; "
1750587306500,1750587306500,0,1,0,4,TMProposeSet,"proposeSeq: 0; currentTxHash: ""\000\000\000\000\000\000\000\000\000\000\000\000\000\000\000\000\000\000\000\000\000\000\000\000\000\000\000\000\000\000\000\000""; nodePubKey: ""\003\343\005\311u\203\370\0338\3174\324\010\006\301\251\177\261\304eOX\262)FA-\022r\263wm\024""; closeTime: 803902506; signature: ""0D\002 0d\325\264\371y\3272\240\330\277\240\335d=_\214\2751\201\031Se\337{$%\375\231\227z\246\002 m\032>3g""\255A#\241\314\360\355\306a\317\003\006u\213\3158\336\303\303\262\301N\233*\t)""; previousledger: ""D!=\355\210\037\325\034/l\242\365\034!w\324\362\3252-\025\351\314\2334,\306Dd\037v\256""; ","proposeSeq: 0; currentTxHash: ""\000\000\000\000\000\000\000\000\000\000\000\000\000\000\000\000\000\000\000\000\000\000\000\000\000\000\000\000\000\000\000\000""; nodePubKey: ""\003\343\005\311u\203\370\0338\3174\324\010\006\301\251\177\261\304eOX\262)FA-\022r\263wm\024""; closeTime: 803902506; signature: ""0D\002 0d\325\264\371y\3272\240\330\277\240\335d=_\214\2751\201\031Se\337{$%\375\231\227z\246\002 m\032>3g""\255A#\241\314\360\355\306a\317\003\006u\213\3158\336\303\303\262\301N\233*\t)""; previousledger: ""D!=\355\210\037\325\034/l\242\365\034!w\324\362\3252-\025\351\314\2334,\306Dd\037v\256""; "
1750587306500,1750587306501,0,1,3,4,TMProposeSet,"proposeSeq: 0; currentTxHash: ""\000\000\000\000\000\000\000\000\000\000\000\000\000\000\000\000\000\000\000\000\000\000\000\000\000\000\000\000\000\000\000\000""; nodePubKey: ""\003\343\005\311u\203\370\0338\3174\324\010\006\301\251\177\261\304eOX\262)FA-\022r\263wm\024""; closeTime: 803902506; signature: ""0D\002 0d\325\264\371y\3272\240\330\277\240\335d=_\214\2751\201\031Se\337{$%\375\231\227z\246\002 m\032>3g""\255A#\241\314\360\355\306a\317\003\006u\213\3158\336\303\303\262\301N\233*\t)""; previousledger: ""D!=\355\210\037\325\034/l\242\365\034!w\324\362\3252-\025\351\314\2334,\306Dd\037v\256""; ","proposeSeq: 0; currentTxHash: ""\000\000\000\000\000\000\000\000\000\000\000\000\000\000\000\000\000\000\000\000\000\000\000\000\000\000\000\000\000\000\000\000""; nodePubKey: ""\003\343\005\311u\203\370\0338\3174\324\010\006\301\251\177\261\304eOX\262)FA-\022r\263wm\024""; closeTime: 803902506; signature: ""0D\002 0d\325\264\371y\3272\240\330\277\240\335d=_\214\2751\201\031Se\337{$%\375\231\227z\246\002 m\032>3g""\255A#\241\314\360\355\306a\317\003\006u\213\3158\336\303\303\262\301N\233*\t)""; previousledger: ""D!=\355\210\037\325\034/l\242\365\034!w\324\362\3252-\025\351\314\2334,\306Dd\037v\256""; "
1750587306501,1750587306501,0,1,3,0,TMProposeSet,"proposeSeq: 0; currentTxHash: ""\000\000\000\000\000\000\000\000\000\000\000\000\000\000\000\000\000\000\000\000\000\000\000\000\000\000\000\000\000\000\000\000""; nodePubKey: ""\003\343\005\311u\203\370\0338\3174\324\010\006\301\251\177\261\304eOX\262)FA-\022r\263wm\024""; closeTime: 803902506; signature: ""0D\002 0d\325\264\371y\3272\240\330\277\240\335d=_\214\2751\201\031Se\337{$%\375\231\227z\246\002 m\032>3g""\255A#\241\314\360\355\306a\317\003\006u\213\3158\336\303\303\262\301N\233*\t)""; previousledger: ""D!=\355\210\037\325\034/l\242\365\034!w\324\362\3252-\025\351\314\2334,\306Dd\037v\256""; ","proposeSeq: 0; currentTxHash: ""\000\000\000\000\000\000\000\000\000\000\000\000\000\000\000\000\000\000\000\000\000\000\000\000\000\000\000\000\000\000\000\000""; nodePubKey: ""\003\343\005\311u\203\370\0338\3174\324\010\006\301\251\177\261\304eOX\262)FA-\022r\263wm\024""; closeTime: 803902506; signature: ""0D\002 0d\325\264\371y\3272\240\330\277\240\335d=_\214\2751\201\031Se\337{$%\375\231\227z\246\002 m\032>3g""\255A#\241\314\360\355\306a\317\003\006u\213\3158\336\303\303\262\301N\233*\t)""; previousledger: ""D!=\355\210\037\325\034/l\242\365\034!w\324\362\3252-\025\351\314\2334,\306Dd\037v\256""; "
1750587306501,1750587306501,0,1,0,2,TMProposeSet,"proposeSeq: 0; currentTxHash: ""\000\000\000\000\000\000\000\000\000\000\000\000\000\000\000\000\000\000\000\000\000\000\000\000\000\000\000\000\000\000\000\000""; nodePubKey: ""\003\343\005\311u\203\370\0338\3174\324\010\006\301\251\177\261\304eOX\262)FA-\022r\263wm\024""; closeTime: 803902506; signature: ""0D\002 0d\325\264\371y\3272\240\330\277\240\335d=_\214\2751\201\031Se\337{$%\375\231\227z\246\002 m\032>3g""\255A#\241\314\360\355\306a\317\003\006u\213\3158\336\303\303\262\301N\233*\t)""; previousledger: ""D!=\355\210\037\325\034/l\242\365\034!w\324\362\3252-\025\351\314\2334,\306Dd\037v\256""; ","proposeSeq: 0; currentTxHash: ""\000\000\000\000\000\000\000\000\000\000\000\000\000\000\000\000\000\000\000\000\000\000\000\000\000\000\000\000\000\000\000\000""; nodePubKey: ""\003\343\005\311u\203\370\0338\3174\324\010\006\301\251\177\261\304eOX\262)FA-\022r\263wm\024""; closeTime: 803902506; signature: ""0D\002 0d\325\264\371y\3272\240\330\277\240\335d=_\214\2751\201\031Se\337{$%\375\231\227z\246\002 m\032>3g""\255A#\241\314\360\355\306a\317\003\006u\213\3158\336\303\303\262\301N\233*\t)""; previousledger: ""D!=\355\210\037\325\034/l\242\365\034!w\324\362\3252-\025\351\314\2334,\306Dd\037v\256""; "
1750587306502,1750587306502,0,1,3,2,TMProposeSet,"proposeSeq: 0; currentTxHash: ""\000\000\000\000\000\000\000\000\000\000\000\000\000\000\000\000\000\000\000\000\000\000\000\000\000\000\000\000\000\000\000\000""; nodePubKey: ""\003\343\005\311u\203\370\0338\3174\324\010\006\301\251\177\261\304eOX\262)FA-\022r\263wm\024""; closeTime: 803902506; signature: ""0D\002 0d\325\264\371y\3272\240\330\277\240\335d=_\214\2751\201\031Se\337{$%\375\231\227z\246\002 m\032>3g""\255A#\241\314\360\355\306a\317\003\006u\213\3158\336\303\303\262\301N\233*\t)""; previousledger: ""D!=\355\210\037\325\034/l\242\365\034!w\324\362\3252-\025\351\314\2334,\306Dd\037v\256""; ","proposeSeq: 0; currentTxHash: ""\000\000\000\000\000\000\000\000\000\000\000\000\000\000\000\000\000\000\000\000\000\000\000\000\000\000\000\000\000\000\000\000""; nodePubKey: ""\003\343\005\311u\203\370\0338\3174\324\010\006\301\251\177\261\304eOX\262)FA-\022r\263wm\024""; closeTime: 803902506; signature: ""0D\002 0d\325\264\371y\3272\240\330\277\240\335d=_\214\2751\201\031Se\337{$%\375\231\227z\246\002 m\032>3g""\255A#\241\314\360\355\306a\317\003\006u\213\3158\336\303\303\262\301N\233*\t)""; previousledger: ""D!=\355\210\037\325\034/l\242\365\034!w\324\362\3252-\025\351\314\2334,\306Dd\037v\256""; "
1750587306502,1750587306502,0,1,2,4,TMProposeSet,"proposeSeq: 0; currentTxHash: ""\000\000\000\000\000\000\000\000\000\000\000\000\000\000\000\000\000\000\000\000\000\000\000\000\000\000\000\000\000\000\000\000""; nodePubKey: ""\003\343\005\311u\203\370\0338\3174\324\010\006\301\251\177\261\304eOX\262)FA-\022r\263wm\024""; closeTime: 803902506; signature: ""0D\002 0d\325\264\371y\3272\240\330\277\240\335d=_\214\2751\201\031Se\337{$%\375\231\227z\246\002 m\032>3g""\255A#\241\314\360\355\306a\317\003\006u\213\3158\336\303\303\262\301N\233*\t)""; previousledger: ""D!=\355\210\037\325\034/l\242\365\034!w\324\362\3252-\025\351\314\2334,\306Dd\037v\256""; ","proposeSeq: 0; currentTxHash: ""\000\000\000\000\000\000\000\000\000\000\000\000\000\000\000\000\000\000\000\000\000\000\000\000\000\000\000\000\000\000\000\000""; nodePubKey: ""\003\343\005\311u\203\370\0338\3174\324\010\006\301\251\177\261\304eOX\262)FA-\022r\263wm\024""; closeTime: 803902506; signature: ""0D\002 0d\325\264\371y\3272\240\330\277\240\335d=_\214\2751\201\031Se\337{$%\375\231\227z\246\002 m\032>3g""\255A#\241\314\360\355\306a\317\003\006u\213\3158\336\303\303\262\301N\233*\t)""; previousledger: ""D!=\355\210\037\325\034/l\242\365\034!w\324\362\3252-\025\351\314\2334,\306Dd\037v\256""; "
1750587306503,1750587306503,0,1,2,0,TMProposeSet,"proposeSeq: 0; currentTxHash: ""\000\000\000\000\000\000\000\000\000\000\000\000\000\000\000\000\000\000\000\000\000\000\000\000\000\000\000\000\000\000\000\000""; nodePubKey: ""\003\343\005\311u\203\370\0338\3174\324\010\006\301\251\177\261\304eOX\262)FA-\022r\263wm\024""; closeTime: 803902506; signature: ""0D\002 0d\325\264\371y\3272\240\330\277\240\335d=_\214\2751\201\031Se\337{$%\375\231\227z\246\002 m\032>3g""\255A#\241\314\360\355\306a\317\003\006u\213\3158\336\303\303\262\301N\233*\t)""; previousledger: ""D!=\355\210\037\325\034/l\242\365\034!w\324\362\3252-\025\351\314\2334,\306Dd\037v\256""; ","proposeSeq: 0; currentTxHash: ""\000\000\000\000\000\000\000\000\000\000\000\000\000\000\000\000\000\000\000\000\000\000\000\000\000\000\000\000\000\000\000\000""; nodePubKey: ""\003\343\005\311u\203\370\0338\3174\324\010\006\301\251\177\261\304eOX\262)FA-\022r\263wm\024""; closeTime: 803902506; signature: ""0D\002 0d\325\264\371y\3272\240\330\277\240\335d=_\214\2751\201\031Se\337{$%\375\231\227z\246\002 m\032>3g""\255A#\241\314\360\355\306a\317\003\006u\213\3158\336\303\303\262\301N\233*\t)""; previousledger: ""D!=\355\210\037\325\034/l\242\365\034!w\324\362\3252-\025\351\314\2334,\306Dd\037v\256""; "
1750587306503,1750587306503,0,1,2,3,TMProposeSet,"proposeSeq: 0; currentTxHash: ""\000\000\000\000\000\000\000\000\000\000\000\000\000\000\000\000\000\000\000\000\000\000\000\000\000\000\000\000\000\000\000\000""; nodePubKey: ""\003\343\005\311u\203\370\0338\3174\324\010\006\301\251\177\261\304eOX\262)FA-\022r\263wm\024""; closeTime: 803902506; signature: ""0D\002 0d\325\264\371y\3272\240\330\277\240\335d=_\214\2751\201\031Se\337{$%\375\231\227z\246\002 m\032>3g""\255A#\241\314\360\355\306a\317\003\006u\213\3158\336\303\303\262\301N\233*\t)""; previousledger: ""D!=\355\210\037\325\034/l\242\365\034!w\324\362\3252-\025\351\314\2334,\306Dd\037v\256""; ","proposeSeq: 0; currentTxHash: ""\000\000\000\000\000\000\000\000\000\000\000\000\000\000\000\000\000\000\000\000\000\000\000\000\000\000\000\000\000\000\000\000""; nodePubKey: ""\003\343\005\311u\203\370\0338\3174\324\010\006\301\251\177\261\304eOX\262)FA-\022r\263wm\024""; closeTime: 803902506; signature: ""0D\002 0d\325\264\371y\3272\240\330\277\240\335d=_\214\2751\201\031Se\337{$%\375\231\227z\246\002 m\032>3g""\255A#\241\314\360\355\306a\317\003\006u\213\3158\336\303\303\262\301N\233*\t)""; previousledger: ""D!=\355\210\037\325\034/l\242\365\034!w\324\362\3252-\025\351\314\2334,\306Dd\037v\256""; "
1750587306768,1750587306768,0,1,4,2,TMStatusChange,"newEvent: neACCEPTED_LEDGER; ledgerSeq: 14; ledgerHash: ""D!=\355\210\037\325\034/l\242\365\034!w\324\362\3252-\025\351\314\2334,\306Dd\037v\256""; ledgerHashPrevious: ""\302\001\313@D\264\016\334\r\034\035\\276\225\314|\234S*r\007\370x>\305D*\007b\276v\316""; networkTime: 803902506; firstSeq: 1; lastSeq: 13; ","newEvent: neACCEPTED_LEDGER; ledgerSeq: 14; ledgerHash: ""D!=\355\210\037\325\034/l\242\365\034!w\324\362\3252-\025\351\314\2334,\306Dd\037v\256""; ledgerHashPrevious: ""\302\001\313@D\264\016\334\r\034\035\\276\225\314|\234S*r\007\370x>\305D*\007b\276v\316""; networkTime: 803902506; firstSeq: 1; lastSeq: 13; "
1750587306768,1750587306768,0,1,4,3,TMStatusChange,"newEvent: neACCEPTED_LEDGER; ledgerSeq: 14; ledgerHash: ""D!=\355\210\037\325\034/l\242\365\034!w\324\362\3252-\025\351\314\2334,\306Dd\037v\256""; ledgerHashPrevious: ""\302\001\313@D\264\016\334\r\034\035\\276\225\314|\234S*r\007\370x>\305D*\007b\276v\316""; networkTime: 803902506; firstSeq: 1; lastSeq: 13; ","newEvent: neACCEPTED_LEDGER; ledgerSeq: 14; ledgerHash: ""D!=\355\210\037\325\034/l\242\365\034!w\324\362\3252-\025\351\314\2334,\306Dd\037v\256""; ledgerHashPrevious: ""\302\001\313@D\264\016\334\r\034\035\\276\225\314|\234S*r\007\370x>\305D*\007b\276v\316""; networkTime: 803902506; firstSeq: 1; lastSeq: 13; "
1750587306769,1750587306769,0,1,4,0,TMStatusChange,"newEvent: neACCEPTED_LEDGER; ledgerSeq: 14; ledgerHash: ""D!=\355\210\037\325\034/l\242\365\034!w\324\362\3252-\025\351\314\2334,\306Dd\037v\256""; ledgerHashPrevious: ""\302\001\313@D\264\016\334\r\034\035\\276\225\314|\234S*r\007\370x>\305D*\007b\276v\316""; networkTime: 803902506; firstSeq: 1; lastSeq: 13; ","newEvent: neACCEPTED_LEDGER; ledgerSeq: 14; ledgerHash: ""D!=\355\210\037\325\034/l\242\365\034!w\324\362\3252-\025\351\314\2334,\306Dd\037v\256""; ledgerHashPrevious: ""\302\001\313@D\264\016\334\r\034\035\\276\225\314|\234S*r\007\370x>\305D*\007b\276v\316""; networkTime: 803902506; firstSeq: 1; lastSeq: 13; "
1750587306769,1750587306769,0,1,4,1,TMStatusChange,"newEvent: neACCEPTED_LEDGER; ledgerSeq: 14; ledgerHash: ""D!=\355\210\037\325\034/l\242\365\034!w\324\362\3252-\025\351\314\2334,\306Dd\037v\256""; ledgerHashPrevious: ""\302\001\313@D\264\016\334\r\034\035\\276\225\314|\234S*r\007\370x>\305D*\007b\276v\316""; networkTime: 803902506; firstSeq: 1; lastSeq: 13; ","newEvent: neACCEPTED_LEDGER; ledgerSeq: 14; ledgerHash: ""D!=\355\210\037\325\034/l\242\365\034!w\324\362\3252-\025\351\314\2334,\306Dd\037v\256""; ledgerHashPrevious: ""\302\001\313@D\264\016\334\r\034\035\\276\225\314|\234S*r\007\370x>\305D*\007b\276v\316""; networkTime: 803902506; firstSeq: 1; lastSeq: 13; "
1750587306810,1750587306810,0,1,4,1,TMValidation,"validation: """"\200\000\000\001&\000\000\000\016)/\352\224*:v|\203\267)\257\206\032QD!=\355\210\037\325\034/l\242\365\034!w\324\362\3252-\025\351\314\2334,\306Dd\037v\256P\027\000\000\000\000\000\000\000\000\000\000\000\000\000\000\000\000\000\000\000\000\000\000\000\000\000\000\000\000\000\000\000\000P\031\302\001\313@D\264\016\334\r\034\035\\276\225\314|\234S*r\007\370x>\305D*\007b\276v\316s!\003.\200\224\215?)t\306\315\242\313\251\255\302\204=\232.\271%}\013\024s\024\002@\216l""\241FvG0E\002!\000\325\231X#\355\223\241K~\032\323@\302\252\354\2700K\004Yy#*\217\353\352\010\266\377y\3701\002 \005\005\334\363\013'\177\005\347\366\256\215YinN\376\242\010\010\324~\237\033\256\366&\214s\035\261\223""; ","validation: """"\200\000\000\001&\000\000\000\016)/\352\224*:v|\203\267)\257\206\032QD!=\355\210\037\325\034/l\242\365\034!w\324\362\3252-\025\351\314\2334,\306Dd\037v\256P\027\000\000\000\000\000\000\000\000\000\000\000\000\000\000\000\000\000\000\000\000\000\000\000\000\000\000\000\000\000\000\000\000P\031\302\001\313@D\264\016\334\r\034\035\\276\225\314|\234S*r\007\370x>\305D*\007b\276v\316s!\003.\200\224\215?)t\306\315\242\313\251\255\302\204=\232.\271%}\013\024s\024\002@\216l""\241FvG0E\002!\000\325\231X#\355\223\241K~\032\323@\302\252\354\2700K\004Yy#*\217\353\352\010\266\377y\3701\002 \005\005\334\363\013'\177\005\347\366\256\215YinN\376\242\010\010\324~\237\033\256\366&\214s\035\261\223""; "
1750587306811,1750587306811,0,1,4,2,TMValidation,"validation: """"\200\000\000\001&\000\000\000\016)/\352\224*:v|\203\267)\257\206\032QD!=\355\210\037\325\034/l\242\365\034!w\324\362\3252-\025\351\314\2334,\306Dd\037v\256P\027\000\000\000\000\000\000\000\000\000\000\000\000\000\000\000\000\000\000\000\000\000\000\000\000\000\000\000\000\000\000\000\000P\031\302\001\313@D\264\016\334\r\034\035\\276\225\314|\234S*r\007\370x>\305D*\007b\276v\316s!\003.\200\224\215?)t\306\315\242\313\251\255\302\204=\232.\271%}\013\024s\024\002@\216l""\241FvG0E\002!\000\325\231X#\355\223\241K~\032\323@\302\252\354\2700K\004Yy#*\217\353\352\010\266\377y\3701\002 \005\005\334\363\013'\177\005\347\366\256\215YinN\376\242\010\010\324~\237\033\256\366&\214s\035\261\223""; ","validation: """"\200\000\000\001&\000\000\000\016)/\352\224*:v|\203\267)\257\206\032QD!=\355\210\037\325\034/l\242\365\034!w\324\362\3252-\025\351\314\2334,\306Dd\037v\256P\027\000\000\000\000\000\000\000\000\000\000\000\000\000\000\000\000\000\000\000\000\000\000\000\000\000\000\000\000\000\000\000\000P\031\302\001\313@D\264\016\334\r\034\035\\276\225\314|\234S*r\007\370x>\305D*\007b\276v\316s!\003.\200\224\215?)t\306\315\242\313\251\255\302\204=\232.\271%}\013\024s\024\002@\216l""\241FvG0E\002!\000\325\231X#\355\223\241K~\032\323@\302\252\354\2700K\004Yy#*\217\353\352\010\266\377y\3701\002 \005\005\334\363\013'\177\005\347\366\256\215YinN\376\242\010\010\324~\237\033\256\366&\214s\035\261\223""; "
1750587306811,1750587306811,0,1,4,0,TMValidation,"validation: """"\200\000\000\001&\000\000\000\016)/\352\224*:v|\203\267)\257\206\032QD!=\355\210\037\325\034/l\242\365\034!w\324\362\3252-\025\351\314\2334,\306Dd\037v\256P\027\000\000\000\000\000\000\000\000\000\000\000\000\000\000\000\000\000\000\000\000\000\000\000\000\000\000\000\000\000\000\000\000P\031\302\001\313@D\264\016\334\r\034\035\\276\225\314|\234S*r\007\370x>\305D*\007b\276v\316s!\003.\200\224\215?)t\306\315\242\313\251\255\302\204=\232.\271%}\013\024s\024\002@\216l""\241FvG0E\002!\000\325\231X#\355\223\241K~\032\323@\302\252\354\2700K\004Yy#*\217\353\352\010\266\377y\3701\002 \005\005\334\363\013'\177\005\347\366\256\215YinN\376\242\010\010\324~\237\033\256\366&\214s\035\261\223""; ","validation: """"\200\000\000\001&\000\000\000\016)/\352\224*:v|\203\267)\257\206\032QD!=\355\210\037\325\034/l\242\365\034!w\324\362\3252-\025\351\314\2334,\306Dd\037v\256P\027\000\000\000\000\000\000\000\000\000\000\000\000\000\000\000\000\000\000\000\000\000\000\000\000\000\000\000\000\000\000\000\000P\031\302\001\313@D\264\016\334\r\034\035\\276\225\314|\234S*r\007\370x>\305D*\007b\276v\316s!\003.\200\224\215?)t\306\315\242\313\251\255\302\204=\232.\271%}\013\024s\024\002@\216l""\241FvG0E\002!\000\325\231X#\355\223\241K~\032\323@\302\252\354\2700K\004Yy#*\217\353\352\010\266\377y\3701\002 \005\005\334\363\013'\177\005\347\366\256\215YinN\376\242\010\010\324~\237\033\256\366&\214s\035\261\223""; "
1750587306811,1750587306812,0,1,4,3,TMValidation,"validation: """"\200\000\000\001&\000\000\000\016)/\352\224*:v|\203\267)\257\206\032QD!=\355\210\037\325\034/l\242\365\034!w\324\362\3252-\025\351\314\2334,\306Dd\037v\256P\027\000\000\000\000\000\000\000\000\000\000\000\000\000\000\000\000\000\000\000\000\000\000\000\000\000\000\000\000\000\000\000\000P\031\302\001\313@D\264\016\334\r\034\035\\276\225\314|\234S*r\007\370x>\305D*\007b\276v\316s!\003.\200\224\215?)t\306\315\242\313\251\255\302\204=\232.\271%}\013\024s\024\002@\216l""\241FvG0E\002!\000\325\231X#\355\223\241K~\032\323@\302\252\354\2700K\004Yy#*\217\353\352\010\266\377y\3701\002 \005\005\334\363\013'\177\005\347\366\256\215YinN\376\242\010\010\324~\237\033\256\366&\214s\035\261\223""; ","validation: """"\200\000\000\001&\000\000\000\016)/\352\224*:v|\203\267)\257\206\032QD!=\355\210\037\325\034/l\242\365\034!w\324\362\3252-\025\351\314\2334,\306Dd\037v\256P\027\000\000\000\000\000\000\000\000\000\000\000\000\000\000\000\000\000\000\000\000\000\000\000\000\000\000\000\000\000\000\000\000P\031\302\001\313@D\264\016\334\r\034\035\\276\225\314|\234S*r\007\370x>\305D*\007b\276v\316s!\003.\200\224\215?)t\306\315\242\313\251\255\302\204=\232.\271%}\013\024s\024\002@\216l""\241FvG0E\002!\000\325\231X#\355\223\241K~\032\323@\302\252\354\2700K\004Yy#*\217\353\352\010\266\377y\3701\002 \005\005\334\363\013'\177\005\347\366\256\215YinN\376\242\010\010\324~\237\033\256\366&\214s\035\261\223""; "
1750587306813,1750587306814,0,1,1,0,TMValidation,"validation: """"\200\000\000\001&\000\000\000\016)/\352\224*:v|\203\267)\257\206\032QD!=\355\210\037\325\034/l\242\365\034!w\324\362\3252-\025\351\314\2334,\306Dd\037v\256P\027\000\000\000\000\000\000\000\000\000\000\000\000\000\000\000\000\000\000\000\000\000\000\000\000\000\000\000\000\000\000\000\000P\031\302\001\313@D\264\016\334\r\034\035\\276\225\314|\234S*r\007\370x>\305D*\007b\276v\316s!\003.\200\224\215?)t\306\315\242\313\251\255\302\204=\232.\271%}\013\024s\024\002@\216l""\241FvG0E\002!\000\325\231X#\355\223\241K~\032\323@\302\252\354\2700K\004Yy#*\217\353\352\010\266\377y\3701\002 \005\005\334\363\013'\177\005\347\366\256\215YinN\376\242\010\010\324~\237\033\256\366&\214s\035\261\223""; ","validation: """"\200\000\000\001&\000\000\000\016)/\352\224*:v|\203\267)\257\206\032QD!=\355\210\037\325\034/l\242\365\034!w\324\362\3252-\025\351\314\2334,\306Dd\037v\256P\027\000\000\000\000\000\000\000\000\000\000\000\000\000\000\000\000\000\000\000\000\000\000\000\000\000\000\000\000\000\000\000\000P\031\302\001\313@D\264\016\334\r\034\035\\276\225\314|\234S*r\007\370x>\305D*\007b\276v\316s!\003.\200\224\215?)t\306\315\242\313\251\255\302\204=\232.\271%}\013\024s\024\002@\216l""\241FvG0E\002!\000\325\231X#\355\223\241K~\032\323@\302\252\354\2700K\004Yy#*\217\353\352\010\266\377y\3701\002 \005\005\334\363\013'\177\005\347\366\256\215YinN\376\242\010\010\324~\237\033\256\366&\214s\035\261\223""; "
1750587306814,1750587306814,0,1,1,3,TMValidation,"validation: """"\200\000\000\001&\000\000\000\016)/\352\224*:v|\203\267)\257\206\032QD!=\355\210\037\325\034/l\242\365\034!w\324\362\3252-\025\351\314\2334,\306Dd\037v\256P\027\000\000\000\000\000\000\000\000\000\000\000\000\000\000\000\000\000\000\000\000\000\000\000\000\000\000\000\000\000\000\000\000P\031\302\001\313@D\264\016\334\r\034\035\\276\225\314|\234S*r\007\370x>\305D*\007b\276v\316s!\003.\200\224\215?)t\306\315\242\313\251\255\302\204=\232.\271%}\013\024s\024\002@\216l""\241FvG0E\002!\000\325\231X#\355\223\241K~\032\323@\302\252\354\2700K\004Yy#*\217\353\352\010\266\377y\3701\002 \005\005\334\363\013'\177\005\347\366\256\215YinN\376\242\010\010\324~\237\033\256\366&\214s\035\261\223""; ","validation: """"\200\000\000\001&\000\000\000\016)/\352\224*:v|\203\267)\257\206\032QD!=\355\210\037\325\034/l\242\365\034!w\324\362\3252-\025\351\314\2334,\306Dd\037v\256P\027\000\000\000\000\000\000\000\000\000\000\000\000\000\000\000\000\000\000\000\000\000\000\000\000\000\000\000\000\000\000\000\000P\031\302\001\313@D\264\016\334\r\034\035\\276\225\314|\234S*r\007\370x>\305D*\007b\276v\316s!\003.\200\224\215?)t\306\315\242\313\251\255\302\204=\232.\271%}\013\024s\024\002@\216l""\241FvG0E\002!\000\325\231X#\355\223\241K~\032\323@\302\252\354\2700K\004Yy#*\217\353\352\010\266\377y\3701\002 \005\005\334\363\013'\177\005\347\366\256\215YinN\376\242\010\010\324~\237\033\256\366&\214s\035\261\223""; "
1750587306816,1750587306816,0,1,2,1,TMValidation,"validation: """"\200\000\000\001&\000\000\000\016)/\352\224*:v|\203\267)\257\206\032QD!=\355\210\037\325\034/l\242\365\034!w\324\362\3252-\025\351\314\2334,\306Dd\037v\256P\027\000\000\000\000\000\000\000\000\000\000\000\000\000\000\000\000\000\000\000\000\000\000\000\000\000\000\000\000\000\000\000\000P\031\302\001\313@D\264\016\334\r\034\035\\276\225\314|\234S*r\007\370x>\305D*\007b\276v\316s!\003.\200\224\215?)t\306\315\242\313\251\255\302\204=\232.\271%}\013\024s\024\002@\216l""\241FvG0E\002!\000\325\231X#\355\223\241K~\032\323@\302\252\354\2700K\004Yy#*\217\353\352\010\266\377y\3701\002 \005\005\334\363\013'\177\005\347\366\256\215YinN\376\242\010\010\324~\237\033\256\366&\214s\035\261\223""; ","validation: """"\200\000\000\001&\000\000\000\016)/\352\224*:v|\203\267)\257\206\032QD!=\355\210\037\325\034/l\242\365\034!w\324\362\3252-\025\351\314\2334,\306Dd\037v\256P\027\000\000\000\000\000\000\000\000\000\000\000\000\000\000\000\000\000\000\000\000\000\000\000\000\000\000\000\000\000\000\000\000P\031\302\001\313@D\264\016\334\r\034\035\\276\225\314|\234S*r\007\370x>\305D*\007b\276v\316s!\003.\200\224\215?)t\306\315\242\313\251\255\302\204=\232.\271%}\013\024s\024\002@\216l""\241FvG0E\002!\000\325\231X#\355\223\241K~\032\323@\302\252\354\2700K\004Yy#*\217\353\352\010\266\377y\3701\002 \005\005\334\363\013'\177\005\347\366\256\215YinN\376\242\010\010\324~\237\033\256\366&\214s\035\261\223""; "
1750587306816,1750587306816,0,1,2,3,TMValidation,"validation: """"\200\000\000\001&\000\000\000\016)/\352\224*:v|\203\267)\257\206\032QD!=\355\210\037\325\034/l\242\365\034!w\324\362\3252-\025\351\314\2334,\306Dd\037v\256P\027\000\000\000\000\000\000\000\000\000\000\000\000\000\000\000\000\000\000\000\000\000\000\000\000\000\000\000\000\000\000\000\000P\031\302\001\313@D\264\016\334\r\034\035\\276\225\314|\234S*r\007\370x>\305D*\007b\276v\316s!\003.\200\224\215?)t\306\315\242\313\251\255\302\204=\232.\271%}\013\024s\024\002@\216l""\241FvG0E\002!\000\325\231X#\355\223\241K~\032\323@\302\252\354\2700K\004Yy#*\217\353\352\010\266\377y\3701\002 \005\005\334\363\013'\177\005\347\366\256\215YinN\376\242\010\010\324~\237\033\256\366&\214s\035\261\223""; ","validation: """"\200\000\000\001&\000\000\000\016)/\352\224*:v|\203\267)\257\206\032QD!=\355\210\037\325\034/l\242\365\034!w\324\362\3252-\025\351\314\2334,\306Dd\037v\256P\027\000\000\000\000\000\000\000\000\000\000\000\000\000\000\000\000\000\000\000\000\000\000\000\000\000\000\000\000\000\000\000\000P\031\302\001\313@D\264\016\334\r\034\035\\276\225\314|\234S*r\007\370x>\305D*\007b\276v\316s!\003.\200\224\215?)t\306\315\242\313\251\255\302\204=\232.\271%}\013\024s\024\002@\216l""\241FvG0E\002!\000\325\231X#\355\223\241K~\032\323@\302\252\354\2700K\004Yy#*\217\353\352\010\266\377y\3701\002 \005\005\334\363\013'\177\005\347\366\256\215YinN\376\242\010\010\324~\237\033\256\366&\214s\035\261\223""; "
1750587306816,1750587306816,0,1,2,0,TMValidation,"validation: """"\200\000\000\001&\000\000\000\016)/\352\224*:v|\203\267)\257\206\032QD!=\355\210\037\325\034/l\242\365\034!w\324\362\3252-\025\351\314\2334,\306Dd\037v\256P\027\000\000\000\000\000\000\000\000\000\000\000\000\000\000\000\000\000\000\000\000\000\000\000\000\000\000\000\000\000\000\000\000P\031\302\001\313@D\264\016\334\r\034\035\\276\225\314|\234S*r\007\370x>\305D*\007b\276v\316s!\003.\200\224\215?)t\306\315\242\313\251\255\302\204=\232.\271%}\013\024s\024\002@\216l""\241FvG0E\002!\000\325\231X#\355\223\241K~\032\323@\302\252\354\2700K\004Yy#*\217\353\352\010\266\377y\3701\002 \005\005\334\363\013'\177\005\347\366\256\215YinN\376\242\010\010\324~\237\033\256\366&\214s\035\261\223""; ","validation: """"\200\000\000\001&\000\000\000\016)/\352\224*:v|\203\267)\257\206\032QD!=\355\210\037\325\034/l\242\365\034!w\324\362\3252-\025\351\314\2334,\306Dd\037v\256P\027\000\000\000\000\000\000\000\000\000\000\000\000\000\000\000\000\000\000\000\000\000\000\000\000\000\000\000\000\000\000\000\000P\031\302\001\313@D\264\016\334\r\034\035\\276\225\314|\234S*r\007\370x>\305D*\007b\276v\316s!\003.\200\224\215?)t\306\315\242\313\251\255\302\204=\232.\271%}\013\024s\024\002@\216l""\241FvG0E\002!\000\325\231X#\355\223\241K~\032\323@\302\252\354\2700K\004Yy#*\217\353\352\010\266\377y\3701\002 \005\005\334\363\013'\177\005\347\366\256\215YinN\376\242\010\010\324~\237\033\256\366&\214s\035\261\223""; "
1750587306815,1750587306815,0,1,1,2,TMValidation,"validation: """"\200\000\000\001&\000\000\000\016)/\352\224*:v|\203\267)\257\206\032QD!=\355\210\037\325\034/l\242\365\034!w\324\362\3252-\025\351\314\2334,\306Dd\037v\256P\027\000\000\000\000\000\000\000\000\000\000\000\000\000\000\000\000\000\000\000\000\000\000\000\000\000\000\000\000\000\000\000\000P\031\302\001\313@D\264\016\334\r\034\035\\276\225\314|\234S*r\007\370x>\305D*\007b\276v\316s!\003.\200\224\215?)t\306\315\242\313\251\255\302\204=\232.\271%}\013\024s\024\002@\216l""\241FvG0E\002!\000\325\231X#\355\223\241K~\032\323@\302\252\354\2700K\004Yy#*\217\353\352\010\266\377y\3701\002 \005\005\334\363\013'\177\005\347\366\256\215YinN\376\242\010\010\324~\237\033\256\366&\214s\035\261\223""; ","validation: """"\200\000\000\001&\000\000\000\016)/\352\224*:v|\203\267)\257\206\032QD!=\355\210\037\325\034/l\242\365\034!w\324\362\3252-\025\351\314\2334,\306Dd\037v\256P\027\000\000\000\000\000\000\000\000\000\000\000\000\000\000\000\000\000\000\000\000\000\000\000\000\000\000\000\000\000\000\000\000P\031\302\001\313@D\264\016\334\r\034\035\\276\225\314|\234S*r\007\370x>\305D*\007b\276v\316s!\003.\200\224\215?)t\306\315\242\313\251\255\302\204=\232.\271%}\013\024s\024\002@\216l""\241FvG0E\002!\000\325\231X#\355\223\241K~\032\323@\302\252\354\2700K\004Yy#*\217\353\352\010\266\377y\3701\002 \005\005\334\363\013'\177\005\347\366\256\215YinN\376\242\010\010\324~\237\033\256\366&\214s\035\261\223""; "
1750587306818,1750587306818,0,1,0,2,TMValidation,"validation: """"\200\000\000\001&\000\000\000\016)/\352\224*:v|\203\267)\257\206\032QD!=\355\210\037\325\034/l\242\365\034!w\324\362\3252-\025\351\314\2334,\306Dd\037v\256P\027\000\000\000\000\000\000\000\000\000\000\000\000\000\000\000\000\000\000\000\000\000\000\000\000\000\000\000\000\000\000\000\000P\031\302\001\313@D\264\016\334\r\034\035\\276\225\314|\234S*r\007\370x>\305D*\007b\276v\316s!\003.\200\224\215?)t\306\315\242\313\251\255\302\204=\232.\271%}\013\024s\024\002@\216l""\241FvG0E\002!\000\325\231X#\355\223\241K~\032\323@\302\252\354\2700K\004Yy#*\217\353\352\010\266\377y\3701\002 \005\005\334\363\013'\177\005\347\366\256\215YinN\376\242\010\010\324~\237\033\256\366&\214s\035\261\223""; ","validation: """"\200\000\000\001&\000\000\000\016)/\352\224*:v|\203\267)\257\206\032QD!=\355\210\037\325\034/l\242\365\034!w\324\362\3252-\025\351\314\2334,\306Dd\037v\256P\027\000\000\000\000\000\000\000\000\000\000\000\000\000\000\000\000\000\000\000\000\000\000\000\000\000\000\000\000\000\000\000\000P\031\302\001\313@D\264\016\334\r\034\035\\276\225\314|\234S*r\007\370x>\305D*\007b\276v\316s!\003.\200\224\215?)t\306\315\242\313\251\255\302\204=\232.\271%}\013\024s\024\002@\216l""\241FvG0E\002!\000\325\231X#\355\223\241K~\032\323@\302\252\354\2700K\004Yy#*\217\353\352\010\266\377y\3701\002 \005\005\334\363\013'\177\005\347\366\256\215YinN\376\242\010\010\324~\237\033\256\366&\214s\035\261\223""; "
1750587306818,1750587306818,0,1,0,3,TMValidation,"validation: """"\200\000\000\001&\000\000\000\016)/\352\224*:v|\203\267)\257\206\032QD!=\355\210\037\325\034/l\242\365\034!w\324\362\3252-\025\351\314\2334,\306Dd\037v\256P\027\000\000\000\000\000\000\000\000\000\000\000\000\000\000\000\000\000\000\000\000\000\000\000\000\000\000\000\000\000\000\000\000P\031\302\001\313@D\264\016\334\r\034\035\\276\225\314|\234S*r\007\370x>\305D*\007b\276v\316s!\003.\200\224\215?)t\306\315\242\313\251\255\302\204=\232.\271%}\013\024s\024\002@\216l""\241FvG0E\002!\000\325\231X#\355\223\241K~\032\323@\302\252\354\2700K\004Yy#*\217\353\352\010\266\377y\3701\002 \005\005\334\363\013'\177\005\347\366\256\215YinN\376\242\010\010\324~\237\033\256\366&\214s\035\261\223""; ","validation: """"\200\000\000\001&\000\000\000\016)/\352\224*:v|\203\267)\257\206\032QD!=\355\210\037\325\034/l\242\365\034!w\324\362\3252-\025\351\314\2334,\306Dd\037v\256P\027\000\000\000\000\000\000\000\000\000\000\000\000\000\000\000\000\000\000\000\000\000\000\000\000\000\000\000\000\000\000\000\000P\031\302\001\313@D\264\016\334\r\034\035\\276\225\314|\234S*r\007\370x>\305D*\007b\276v\316s!\003.\200\224\215?)t\306\315\242\313\251\255\302\204=\232.\271%}\013\024s\024\002@\216l""\241FvG0E\002!\000\325\231X#\355\223\241K~\032\323@\302\252\354\2700K\004Yy#*\217\353\352\010\266\377y\3701\002 \005\005\334\363\013'\177\005\347\366\256\215YinN\376\242\010\010\324~\237\033\256\366&\214s\035\261\223""; "
1750587306819,1750587306819,0,1,3,2,TMValidation,"validation: """"\200\000\000\001&\000\000\000\016)/\352\224*:v|\203\267)\257\206\032QD!=\355\210\037\325\034/l\242\365\034!w\324\362\3252-\025\351\314\2334,\306Dd\037v\256P\027\000\000\000\000\000\000\000\000\000\000\000\000\000\000\000\000\000\000\000\000\000\000\000\000\000\000\000\000\000\000\000\000P\031\302\001\313@D\264\016\334\r\034\035\\276\225\314|\234S*r\007\370x>\305D*\007b\276v\316s!\003.\200\224\215?)t\306\315\242\313\251\255\302\204=\232.\271%}\013\024s\024\002@\216l""\241FvG0E\002!\000\325\231X#\355\223\241K~\032\323@\302\252\354\2700K\004Yy#*\217\353\352\010\266\377y\3701\002 \005\005\334\363\013'\177\005\347\366\256\215YinN\376\242\010\010\324~\237\033\256\366&\214s\035\261\223""; ","validation: """"\200\000\000\001&\000\000\000\016)/\352\224*:v|\203\267)\257\206\032QD!=\355\210\037\325\034/l\242\365\034!w\324\362\3252-\025\351\314\2334,\306Dd\037v\256P\027\000\000\000\000\000\000\000\000\000\000\000\000\000\000\000\000\000\000\000\000\000\000\000\000\000\000\000\000\000\000\000\000P\031\302\001\313@D\264\016\334\r\034\035\\276\225\314|\234S*r\007\370x>\305D*\007b\276v\316s!\003.\200\224\215?)t\306\315\242\313\251\255\302\204=\232.\271%}\013\024s\024\002@\216l""\241FvG0E\002!\000\325\231X#\355\223\241K~\032\323@\302\252\354\2700K\004Yy#*\217\353\352\010\266\377y\3701\002 \005\005\334\363\013'\177\005\347\366\256\215YinN\376\242\010\010\324~\237\033\256\366&\214s\035\261\223""; "
1750587306819,1750587306819,0,1,3,1,TMValidation,"validation: """"\200\000\000\001&\000\000\000\016)/\352\224*:v|\203\267)\257\206\032QD!=\355\210\037\325\034/l\242\365\034!w\324\362\3252-\025\351\314\2334,\306Dd\037v\256P\027\000\000\000\000\000\000\000\000\000\000\000\000\000\000\000\000\000\000\000\000\000\000\000\000\000\000\000\000\000\000\000\000P\031\302\001\313@D\264\016\334\r\034\035\\276\225\314|\234S*r\007\370x>\305D*\007b\276v\316s!\003.\200\224\215?)t\306\315\242\313\251\255\302\204=\232.\271%}\013\024s\024\002@\216l""\241FvG0E\002!\000\325\231X#\355\223\241K~\032\323@\302\252\354\2700K\004Yy#*\217\353\352\010\266\377y\3701\002 \005\005\334\363\013'\177\005\347\366\256\215YinN\376\242\010\010\324~\237\033\256\366&\214s\035\261\223""; ","validation: """"\200\000\000\001&\000\000\000\016)/\352\224*:v|\203\267)\257\206\032QD!=\355\210\037\325\034/l\242\365\034!w\324\362\3252-\025\351\314\2334,\306Dd\037v\256P\027\000\000\000\000\000\000\000\000\000\000\000\000\000\000\000\000\000\000\000\000\000\000\000\000\000\000\000\000\000\000\000\000P\031\302\001\313@D\264\016\334\r\034\035\\276\225\314|\234S*r\007\370x>\305D*\007b\276v\316s!\003.\200\224\215?)t\306\315\242\313\251\255\302\204=\232.\271%}\013\024s\024\002@\216l""\241FvG0E\002!\000\325\231X#\355\223\241K~\032\323@\302\252\354\2700K\004Yy#*\217\353\352\010\266\377y\3701\002 \005\005\334\363\013'\177\005\347\366\256\215YinN\376\242\010\010\324~\237\033\256\366&\214s\035\261\223""; "
1750587306820,1750587306820,0,1,0,1,TMValidation,"validation: """"\200\000\000\001&\000\000\000\016)/\352\224*:v|\203\267)\257\206\032QD!=\355\210\037\325\034/l\242\365\034!w\324\362\3252-\025\351\314\2334,\306Dd\037v\256P\027\000\000\000\000\000\000\000\000\000\000\000\000\000\000\000\000\000\000\000\000\000\000\000\000\000\000\000\000\000\000\000\000P\031\302\001\313@D\264\016\334\r\034\035\\276\225\314|\234S*r\007\370x>\305D*\007b\276v\316s!\003.\200\224\215?)t\306\315\242\313\251\255\302\204=\232.\271%}\013\024s\024\002@\216l""\241FvG0E\002!\000\325\231X#\355\223\241K~\032\323@\302\252\354\2700K\004Yy#*\217\353\352\010\266\377y\3701\002 \005\005\334\363\013'\177\005\347\366\256\215YinN\376\242\010\010\324~\237\033\256\366&\214s\035\261\223""; ","validation: """"\200\000\000\001&\000\000\000\016)/\352\224*:v|\203\267)\257\206\032QD!=\355\210\037\325\034/l\242\365\034!w\324\362\3252-\025\351\314\2334,\306Dd\037v\256P\027\000\000\000\000\000\000\000\000\000\000\000\000\000\000\000\000\000\000\000\000\000\000\000\000\000\000\000\000\000\000\000\000P\031\302\001\313@D\264\016\334\r\034\035\\276\225\314|\234S*r\007\370x>\305D*\007b\276v\316s!\003.\200\224\215?)t\306\315\242\313\251\255\302\204=\232.\271%}\013\024s\024\002@\216l""\241FvG0E\002!\000\325\231X#\355\223\241K~\032\323@\302\252\354\2700K\004Yy#*\217\353\352\010\266\377y\3701\002 \005\005\334\363\013'\177\005\347\366\256\215YinN\376\242\010\010\324~\237\033\256\366&\214s\035\261\223""; "
1750587306820,1750587306821,0,1,3,0,TMValidation,"validation: """"\200\000\000\001&\000\000\000\016)/\352\224*:v|\203\267)\257\206\032QD!=\355\210\037\325\034/l\242\365\034!w\324\362\3252-\025\351\314\2334,\306Dd\037v\256P\027\000\000\000\000\000\000\000\000\000\000\000\000\000\000\000\000\000\000\000\000\000\000\000\000\000\000\000\000\000\000\000\000P\031\302\001\313@D\264\016\334\r\034\035\\276\225\314|\234S*r\007\370x>\305D*\007b\276v\316s!\003.\200\224\215?)t\306\315\242\313\251\255\302\204=\232.\271%}\013\024s\024\002@\216l""\241FvG0E\002!\000\325\231X#\355\223\241K~\032\323@\302\252\354\2700K\004Yy#*\217\353\352\010\266\377y\3701\002 \005\005\334\363\013'\177\005\347\366\256\215YinN\376\242\010\010\324~\237\033\256\366&\214s\035\261\223""; ","validation: """"\200\000\000\001&\000\000\000\016)/\352\224*:v|\203\267)\257\206\032QD!=\355\210\037\325\034/l\242\365\034!w\324\362\3252-\025\351\314\2334,\306Dd\037v\256P\027\000\000\000\000\000\000\000\000\000\000\000\000\000\000\000\000\000\000\000\000\000\000\000\000\000\000\000\000\000\000\000\000P\031\302\001\313@D\264\016\334\r\034\035\\276\225\314|\234S*r\007\370x>\305D*\007b\276v\316s!\003.\200\224\215?)t\306\315\242\313\251\255\302\204=\232.\271%}\013\024s\024\002@\216l""\241FvG0E\002!\000\325\231X#\355\223\241K~\032\323@\302\252\354\2700K\004Yy#*\217\353\352\010\266\377y\3701\002 \005\005\334\363\013'\177\005\347\366\256\215YinN\376\242\010\010\324~\237\033\256\366&\214s\035\261\223""; "
1750587306885,1750587306885,0,1,3,4,TMProposeSet,"proposeSeq: 0; currentTxHash: ""\000\000\000\000\000\000\000\000\000\000\000\000\000\000\000\000\000\000\000\000\000\000\000\000\000\000\000\000\000\000\000\000""; nodePubKey: ""\003\325Q\255\224\274R@\312\253\262\347\352\034\346\347\242\215,\312\376=\277\353{\350\225\301\305`^, ""; closeTime: 803902506; signature: ""0E\002!\000\337\332\033\267\257\264WY\217\030\251\013%h\257\325>d\n\227\244O2o$\037=`t\225\262\315\002 7\335\223`\0208\241\001LM\222\223\246\335s\351T\374\237\357\357O\355!\222;w\371\222\220Lp""; previousledger: ""D!=\355\210\037\325\034/l\242\365\034!w\324\362\3252-\025\351\314\2334,\306Dd\037v\256""; ","proposeSeq: 0; currentTxHash: ""\000\000\000\000\000\000\000\000\000\000\000\000\000\000\000\000\000\000\000\000\000\000\000\000\000\000\000\000\000\000\000\000""; nodePubKey: ""\003\325Q\255\224\274R@\312\253\262\347\352\034\346\347\242\215,\312\376=\277\353{\350\225\301\305`^, ""; closeTime: 803902506; signature: ""0E\002!\000\337\332\033\267\257\264WY\217\030\251\013%h\257\325>d\n\227\244O2o$\037=`t\225\262\315\002 7\335\223`\0208\241\001LM\222\223\246\335s\351T\374\237\357\357O\355!\222;w\371\222\220Lp""; previousledger: ""D!=\355\210\037\325\034/l\242\365\034!w\324\362\3252-\025\351\314\2334,\306Dd\037v\256""; "
1750587306888,1750587306888,0,1,4,2,TMProposeSet,"proposeSeq: 0; currentTxHash: ""\000\000\000\000\000\000\000\000\000\000\000\000\000\000\000\000\000\000\000\000\000\000\000\000\000\000\000\000\000\000\000\000""; nodePubKey: ""\003\325Q\255\224\274R@\312\253\262\347\352\034\346\347\242\215,\312\376=\277\353{\350\225\301\305`^, ""; closeTime: 803902506; signature: ""0E\002!\000\337\332\033\267\257\264WY\217\030\251\013%h\257\325>d\n\227\244O2o$\037=`t\225\262\315\002 7\335\223`\0208\241\001LM\222\223\246\335s\351T\374\237\357\357O\355!\222;w\371\222\220Lp""; previousledger: ""D!=\355\210\037\325\034/l\242\365\034!w\324\362\3252-\025\351\314\2334,\306Dd\037v\256""; ","proposeSeq: 0; currentTxHash: ""\000\000\000\000\000\000\000\000\000\000\000\000\000\000\000\000\000\000\000\000\000\000\000\000\000\000\000\000\000\000\000\000""; nodePubKey: ""\003\325Q\255\224\274R@\312\253\262\347\352\034\346\347\242\215,\312\376=\277\353{\350\225\301\305`^, ""; closeTime: 803902506; signature: ""0E\002!\000\337\332\033\267\257\264WY\217\030\251\013%h\257\325>d\n\227\244O2o$\037=`t\225\262\315\002 7\335\223`\0208\241\001LM\222\223\246\335s\351T\374\237\357\357O\355!\222;w\371\222\220Lp""; previousledger: ""D!=\355\210\037\325\034/l\242\365\034!w\324\362\3252-\025\351\314\2334,\306Dd\037v\256""; "
1750587306889,1750587306889,0,1,4,1,TMProposeSet,"proposeSeq: 0; currentTxHash: ""\000\000\000\000\000\000\000\000\000\000\000\000\000\000\000\000\000\000\000\000\000\000\000\000\000\000\000\000\000\000\000\000""; nodePubKey: ""\003\325Q\255\224\274R@\312\253\262\347\352\034\346\347\242\215,\312\376=\277\353{\350\225\301\305`^, ""; closeTime: 803902506; signature: ""0E\002!\000\337\332\033\267\257\264WY\217\030\251\013%h\257\325>d\n\227\244O2o$\037=`t\225\262\315\002 7\335\223`\0208\241\001LM\222\223\246\335s\351T\374\237\357\357O\355!\222;w\371\222\220Lp""; previousledger: ""D!=\355\210\037\325\034/l\242\365\034!w\324\362\3252-\025\351\314\2334,\306Dd\037v\256""; ","proposeSeq: 0; currentTxHash: ""\000\000\000\000\000\000\000\000\000\000\000\000\000\000\000\000\000\000\000\000\000\000\000\000\000\000\000\000\000\000\000\000""; nodePubKey: ""\003\325Q\255\224\274R@\312\253\262\347\352\034\346\347\242\215,\312\376=\277\353{\350\225\301\305`^, ""; closeTime: 803902506; signature: ""0E\002!\000\337\332\033\267\257\264WY\217\030\251\013%h\257\325>d\n\227\244O2o$\037=`t\225\262\315\002 7\335\223`\0208\241\001LM\222\223\246\335s\351T\374\237\357\357O\355!\222;w\371\222\220Lp""; previousledger: ""D!=\355\210\037\325\034/l\242\365\034!w\324\362\3252-\025\351\314\2334,\306Dd\037v\256""; "
1750587306889,1750587306889,0,1,4,0,TMProposeSet,"proposeSeq: 0; currentTxHash: ""\000\000\000\000\000\000\000\000\000\000\000\000\000\000\000\000\000\000\000\000\000\000\000\000\000\000\000\000\000\000\000\000""; nodePubKey: ""\003\325Q\255\224\274R@\312\253\262\347\352\034\346\347\242\215,\312\376=\277\353{\350\225\301\305`^, ""; closeTime: 803902506; signature: ""0E\002!\000\337\332\033\267\257\264WY\217\030\251\013%h\257\325>d\n\227\244O2o$\037=`t\225\262\315\002 7\335\223`\0208\241\001LM\222\223\246\335s\351T\374\237\357\357O\355!\222;w\371\222\220Lp""; previousledger: ""D!=\355\210\037\325\034/l\242\365\034!w\324\362\3252-\025\351\314\2334,\306Dd\037v\256""; ","proposeSeq: 0; currentTxHash: ""\000\000\000\000\000\000\000\000\000\000\000\000\000\000\000\000\000\000\000\000\000\000\000\000\000\000\000\000\000\000\000\000""; nodePubKey: ""\003\325Q\255\224\274R@\312\253\262\347\352\034\346\347\242\215,\312\376=\277\353{\350\225\301\305`^, ""; closeTime: 803902506; signature: ""0E\002!\000\337\332\033\267\257\264WY\217\030\251\013%h\257\325>d\n\227\244O2o$\037=`t\225\262\315\002 7\335\223`\0208\241\001LM\222\223\246\335s\351T\374\237\357\357O\355!\222;w\371\222\220Lp""; previousledger: ""D!=\355\210\037\325\034/l\242\365\034!w\324\362\3252-\025\351\314\2334,\306Dd\037v\256""; "
1750587306890,1750587306890,0,1,2,3,TMProposeSet,"proposeSeq: 0; currentTxHash: ""\000\000\000\000\000\000\000\000\000\000\000\000\000\000\000\000\000\000\000\000\000\000\000\000\000\000\000\000\000\000\000\000""; nodePubKey: ""\003\325Q\255\224\274R@\312\253\262\347\352\034\346\347\242\215,\312\376=\277\353{\350\225\301\305`^, ""; closeTime: 803902506; signature: ""0E\002!\000\337\332\033\267\257\264WY\217\030\251\013%h\257\325>d\n\227\244O2o$\037=`t\225\262\315\002 7\335\223`\0208\241\001LM\222\223\246\335s\351T\374\237\357\357O\355!\222;w\371\222\220Lp""; previousledger: ""D!=\355\210\037\325\034/l\242\365\034!w\324\362\3252-\025\351\314\2334,\306Dd\037v\256""; ","proposeSeq: 0; currentTxHash: ""\000\000\000\000\000\000\000\000\000\000\000\000\000\000\000\000\000\000\000\000\000\000\000\000\000\000\000\000\000\000\000\000""; nodePubKey: ""\003\325Q\255\224\274R@\312\253\262\347\352\034\346\347\242\215,\312\376=\277\353{\350\225\301\305`^, ""; closeTime: 803902506; signature: ""0E\002!\000\337\332\033\267\257\264WY\217\030\251\013%h\257\325>d\n\227\244O2o$\037=`t\225\262\315\002 7\335\223`\0208\241\001LM\222\223\246\335s\351T\374\237\357\357O\355!\222;w\371\222\220Lp""; previousledger: ""D!=\355\210\037\325\034/l\242\365\034!w\324\362\3252-\025\351\314\2334,\306Dd\037v\256""; "
1750587306891,1750587306891,0,1,2,1,TMProposeSet,"proposeSeq: 0; currentTxHash: ""\000\000\000\000\000\000\000\000\000\000\000\000\000\000\000\000\000\000\000\000\000\000\000\000\000\000\000\000\000\000\000\000""; nodePubKey: ""\003\325Q\255\224\274R@\312\253\262\347\352\034\346\347\242\215,\312\376=\277\353{\350\225\301\305`^, ""; closeTime: 803902506; signature: ""0E\002!\000\337\332\033\267\257\264WY\217\030\251\013%h\257\325>d\n\227\244O2o$\037=`t\225\262\315\002 7\335\223`\0208\241\001LM\222\223\246\335s\351T\374\237\357\357O\355!\222;w\371\222\220Lp""; previousledger: ""D!=\355\210\037\325\034/l\242\365\034!w\324\362\3252-\025\351\314\2334,\306Dd\037v\256""; ","proposeSeq: 0; currentTxHash: ""\000\000\000\000\000\000\000\000\000\000\000\000\000\000\000\000\000\000\000\000\000\000\000\000\000\000\000\000\000\000\000\000""; nodePubKey: ""\003\325Q\255\224\274R@\312\253\262\347\352\034\346\347\242\215,\312\376=\277\353{\350\225\301\305`^, ""; closeTime: 803902506; signature: ""0E\002!\000\337\332\033\267\257\264WY\217\030\251\013%h\257\325>d\n\227\244O2o$\037=`t\225\262\315\002 7\335\223`\0208\241\001LM\222\223\246\335s\351T\374\237\357\357O\355!\222;w\371\222\220Lp""; previousledger: ""D!=\355\210\037\325\034/l\242\365\034!w\324\362\3252-\025\351\314\2334,\306Dd\037v\256""; "
1750587306891,1750587306891,0,1,2,0,TMProposeSet,"proposeSeq: 0; currentTxHash: ""\000\000\000\000\000\000\000\000\000\000\000\000\000\000\000\000\000\000\000\000\000\000\000\000\000\000\000\000\000\000\000\000""; nodePubKey: ""\003\325Q\255\224\274R@\312\253\262\347\352\034\346\347\242\215,\312\376=\277\353{\350\225\301\305`^, ""; closeTime: 803902506; signature: ""0E\002!\000\337\332\033\267\257\264WY\217\030\251\013%h\257\325>d\n\227\244O2o$\037=`t\225\262\315\002 7\335\223`\0208\241\001LM\222\223\246\335s\351T\374\237\357\357O\355!\222;w\371\222\220Lp""; previousledger: ""D!=\355\210\037\325\034/l\242\365\034!w\324\362\3252-\025\351\314\2334,\306Dd\037v\256""; ","proposeSeq: 0; currentTxHash: ""\000\000\000\000\000\000\000\000\000\000\000\000\000\000\000\000\000\000\000\000\000\000\000\000\000\000\000\000\000\000\000\000""; nodePubKey: ""\003\325Q\255\224\274R@\312\253\262\347\352\034\346\347\242\215,\312\376=\277\353{\350\225\301\305`^, ""; closeTime: 803902506; signature: ""0E\002!\000\337\332\033\267\257\264WY\217\030\251\013%h\257\325>d\n\227\244O2o$\037=`t\225\262\315\002 7\335\223`\0208\241\001LM\222\223\246\335s\351T\374\237\357\357O\355!\222;w\371\222\220Lp""; previousledger: ""D!=\355\210\037\325\034/l\242\365\034!w\324\362\3252-\025\351\314\2334,\306Dd\037v\256""; "
1750587306892,1750587306892,0,1,1,0,TMProposeSet,"proposeSeq: 0; currentTxHash: ""\000\000\000\000\000\000\000\000\000\000\000\000\000\000\000\000\000\000\000\000\000\000\000\000\000\000\000\000\000\000\000\000""; nodePubKey: ""\003\325Q\255\224\274R@\312\253\262\347\352\034\346\347\242\215,\312\376=\277\353{\350\225\301\305`^, ""; closeTime: 803902506; signature: ""0E\002!\000\337\332\033\267\257\264WY\217\030\251\013%h\257\325>d\n\227\244O2o$\037=`t\225\262\315\002 7\335\223`\0208\241\001LM\222\223\246\335s\351T\374\237\357\357O\355!\222;w\371\222\220Lp""; previousledger: ""D!=\355\210\037\325\034/l\242\365\034!w\324\362\3252-\025\351\314\2334,\306Dd\037v\256""; ","proposeSeq: 0; currentTxHash: ""\000\000\000\000\000\000\000\000\000\000\000\000\000\000\000\000\000\000\000\000\000\000\000\000\000\000\000\000\000\000\000\000""; nodePubKey: ""\003\325Q\255\224\274R@\312\253\262\347\352\034\346\347\242\215,\312\376=\277\353{\350\225\301\305`^, ""; closeTime: 803902506; signature: ""0E\002!\000\337\332\033\267\257\264WY\217\030\251\013%h\257\325>d\n\227\244O2o$\037=`t\225\262\315\002 7\335\223`\0208\241\001LM\222\223\246\335s\351T\374\237\357\357O\355!\222;w\371\222\220Lp""; previousledger: ""D!=\355\210\037\325\034/l\242\365\034!w\324\362\3252-\025\351\314\2334,\306Dd\037v\256""; "
1750587306893,1750587306893,0,1,1,3,TMProposeSet,"proposeSeq: 0; currentTxHash: ""\000\000\000\000\000\000\000\000\000\000\000\000\000\000\000\000\000\000\000\000\000\000\000\000\000\000\000\000\000\000\000\000""; nodePubKey: ""\003\325Q\255\224\274R@\312\253\262\347\352\034\346\347\242\215,\312\376=\277\353{\350\225\301\305`^, ""; closeTime: 803902506; signature: ""0E\002!\000\337\332\033\267\257\264WY\217\030\251\013%h\257\325>d\n\227\244O2o$\037=`t\225\262\315\002 7\335\223`\0208\241\001LM\222\223\246\335s\351T\374\237\357\357O\355!\222;w\371\222\220Lp""; previousledger: ""D!=\355\210\037\325\034/l\242\365\034!w\324\362\3252-\025\351\314\2334,\306Dd\037v\256""; ","proposeSeq: 0; currentTxHash: ""\000\000\000\000\000\000\000\000\000\000\000\000\000\000\000\000\000\000\000\000\000\000\000\000\000\000\000\000\000\000\000\000""; nodePubKey: ""\003\325Q\255\224\274R@\312\253\262\347\352\034\346\347\242\215,\312\376=\277\353{\350\225\301\305`^, ""; closeTime: 803902506; signature: ""0E\002!\000\337\332\033\267\257\264WY\217\030\251\013%h\257\325>d\n\227\244O2o$\037=`t\225\262\315\002 7\335\223`\0208\241\001LM\222\223\246\335s\351T\374\237\357\357O\355!\222;w\371\222\220Lp""; previousledger: ""D!=\355\210\037\325\034/l\242\365\034!w\324\362\3252-\025\351\314\2334,\306Dd\037v\256""; "
1750587306894,1750587306894,0,1,1,2,TMProposeSet,"proposeSeq: 0; currentTxHash: ""\000\000\000\000\000\000\000\000\000\000\000\000\000\000\000\000\000\000\000\000\000\000\000\000\000\000\000\000\000\000\000\000""; nodePubKey: ""\003\325Q\255\224\274R@\312\253\262\347\352\034\346\347\242\215,\312\376=\277\353{\350\225\301\305`^, ""; closeTime: 803902506; signature: ""0E\002!\000\337\332\033\267\257\264WY\217\030\251\013%h\257\325>d\n\227\244O2o$\037=`t\225\262\315\002 7\335\223`\0208\241\001LM\222\223\246\335s\351T\374\237\357\357O\355!\222;w\371\222\220Lp""; previousledger: ""D!=\355\210\037\325\034/l\242\365\034!w\324\362\3252-\025\351\314\2334,\306Dd\037v\256""; ","proposeSeq: 0; currentTxHash: ""\000\000\000\000\000\000\000\000\000\000\000\000\000\000\000\000\000\000\000\000\000\000\000\000\000\000\000\000\000\000\000\000""; nodePubKey: ""\003\325Q\255\224\274R@\312\253\262\347\352\034\346\347\242\215,\312\376=\277\353{\350\225\301\305`^, ""; closeTime: 803902506; signature: ""0E\002!\000\337\332\033\267\257\264WY\217\030\251\013%h\257\325>d\n\227\244O2o$\037=`t\225\262\315\002 7\335\223`\0208\241\001LM\222\223\246\335s\351T\374\237\357\357O\355!\222;w\371\222\220Lp""; previousledger: ""D!=\355\210\037\325\034/l\242\365\034!w\324\362\3252-\025\351\314\2334,\306Dd\037v\256""; "
1750587306895,1750587306895,0,1,3,2,TMProposeSet,"proposeSeq: 0; currentTxHash: ""\000\000\000\000\000\000\000\000\000\000\000\000\000\000\000\000\000\000\000\000\000\000\000\000\000\000\000\000\000\000\000\000""; nodePubKey: ""\003\325Q\255\224\274R@\312\253\262\347\352\034\346\347\242\215,\312\376=\277\353{\350\225\301\305`^, ""; closeTime: 803902506; signature: ""0E\002!\000\337\332\033\267\257\264WY\217\030\251\013%h\257\325>d\n\227\244O2o$\037=`t\225\262\315\002 7\335\223`\0208\241\001LM\222\223\246\335s\351T\374\237\357\357O\355!\222;w\371\222\220Lp""; previousledger: ""D!=\355\210\037\325\034/l\242\365\034!w\324\362\3252-\025\351\314\2334,\306Dd\037v\256""; ","proposeSeq: 0; currentTxHash: ""\000\000\000\000\000\000\000\000\000\000\000\000\000\000\000\000\000\000\000\000\000\000\000\000\000\000\000\000\000\000\000\000""; nodePubKey: ""\003\325Q\255\224\274R@\312\253\262\347\352\034\346\347\242\215,\312\376=\277\353{\350\225\301\305`^, ""; closeTime: 803902506; signature: ""0E\002!\000\337\332\033\267\257\264WY\217\030\251\013%h\257\325>d\n\227\244O2o$\037=`t\225\262\315\002 7\335\223`\0208\241\001LM\222\223\246\335s\351T\374\237\357\357O\355!\222;w\371\222\220Lp""; previousledger: ""D!=\355\210\037\325\034/l\242\365\034!w\324\362\3252-\025\351\314\2334,\306Dd\037v\256""; "
1750587306895,1750587306895,0,1,0,3,TMProposeSet,"proposeSeq: 0; currentTxHash: ""\000\000\000\000\000\000\000\000\000\000\000\000\000\000\000\000\000\000\000\000\000\000\000\000\000\000\000\000\000\000\000\000""; nodePubKey: ""\003\325Q\255\224\274R@\312\253\262\347\352\034\346\347\242\215,\312\376=\277\353{\350\225\301\305`^, ""; closeTime: 803902506; signature: ""0E\002!\000\337\332\033\267\257\264WY\217\030\251\013%h\257\325>d\n\227\244O2o$\037=`t\225\262\315\002 7\335\223`\0208\241\001LM\222\223\246\335s\351T\374\237\357\357O\355!\222;w\371\222\220Lp""; previousledger: ""D!=\355\210\037\325\034/l\242\365\034!w\324\362\3252-\025\351\314\2334,\306Dd\037v\256""; ","proposeSeq: 0; currentTxHash: ""\000\000\000\000\000\000\000\000\000\000\000\000\000\000\000\000\000\000\000\000\000\000\000\000\000\000\000\000\000\000\000\000""; nodePubKey: ""\003\325Q\255\224\274R@\312\253\262\347\352\034\346\347\242\215,\312\376=\277\353{\350\225\301\305`^, ""; closeTime: 803902506; signature: ""0E\002!\000\337\332\033\267\257\264WY\217\030\251\013%h\257\325>d\n\227\244O2o$\037=`t\225\262\315\002 7\335\223`\0208\241\001LM\222\223\246\335s\351T\374\237\357\357O\355!\222;w\371\222\220Lp""; previousledger: ""D!=\355\210\037\325\034/l\242\365\034!w\324\362\3252-\025\351\314\2334,\306Dd\037v\256""; "
1750587306896,1750587306896,0,1,0,2,TMProposeSet,"proposeSeq: 0; currentTxHash: ""\000\000\000\000\000\000\000\000\000\000\000\000\000\000\000\000\000\000\000\000\000\000\000\000\000\000\000\000\000\000\000\000""; nodePubKey: ""\003\325Q\255\224\274R@\312\253\262\347\352\034\346\347\242\215,\312\376=\277\353{\350\225\301\305`^, ""; closeTime: 803902506; signature: ""0E\002!\000\337\332\033\267\257\264WY\217\030\251\013%h\257\325>d\n\227\244O2o$\037=`t\225\262\315\002 7\335\223`\0208\241\001LM\222\223\246\335s\351T\374\237\357\357O\355!\222;w\371\222\220Lp""; previousledger: ""D!=\355\210\037\325\034/l\242\365\034!w\324\362\3252-\025\351\314\2334,\306Dd\037v\256""; ","proposeSeq: 0; currentTxHash: ""\000\000\000\000\000\000\000\000\000\000\000\000\000\000\000\000\000\000\000\000\000\000\000\000\000\000\000\000\000\000\000\000""; nodePubKey: ""\003\325Q\255\224\274R@\312\253\262\347\352\034\346\347\242\215,\312\376=\277\353{\350\225\301\305`^, ""; closeTime: 803902506; signature: ""0E\002!\000\337\332\033\267\257\264WY\217\030\251\013%h\257\325>d\n\227\244O2o$\037=`t\225\262\315\002 7\335\223`\0208\241\001LM\222\223\246\335s\351T\374\237\357\357O\355!\222;w\371\222\220Lp""; previousledger: ""D!=\355\210\037\325\034/l\242\365\034!w\324\362\3252-\025\351\314\2334,\306Dd\037v\256""; "
1750587306896,1750587306896,0,1,0,1,TMProposeSet,"proposeSeq: 0; currentTxHash: ""\000\000\000\000\000\000\000\000\000\000\000\000\000\000\000\000\000\000\000\000\000\000\000\000\000\000\000\000\000\000\000\000""; nodePubKey: ""\003\325Q\255\224\274R@\312\253\262\347\352\034\346\347\242\215,\312\376=\277\353{\350\225\301\305`^, ""; closeTime: 803902506; signature: ""0E\002!\000\337\332\033\267\257\264WY\217\030\251\013%h\257\325>d\n\227\244O2o$\037=`t\225\262\315\002 7\335\223`\0208\241\001LM\222\223\246\335s\351T\374\237\357\357O\355!\222;w\371\222\220Lp""; previousledger: ""D!=\355\210\037\325\034/l\242\365\034!w\324\362\3252-\025\351\314\2334,\306Dd\037v\256""; ","proposeSeq: 0; currentTxHash: ""\000\000\000\000\000\000\000\000\000\000\000\000\000\000\000\000\000\000\000\000\000\000\000\000\000\000\000\000\000\000\000\000""; nodePubKey: ""\003\325Q\255\224\274R@\312\253\262\347\352\034\346\347\242\215,\312\376=\277\353{\350\225\301\305`^, ""; closeTime: 803902506; signature: ""0E\002!\000\337\332\033\267\257\264WY\217\030\251\013%h\257\325>d\n\227\244O2o$\037=`t\225\262\315\002 7\335\223`\0208\241\001LM\222\223\246\335s\351T\374\237\357\357O\355!\222;w\371\222\220Lp""; previousledger: ""D!=\355\210\037\325\034/l\242\365\034!w\324\362\3252-\025\351\314\2334,\306Dd\037v\256""; "
1750587306898,1750587306898,0,1,3,1,TMProposeSet,"proposeSeq: 0; currentTxHash: ""\000\000\000\000\000\000\000\000\000\000\000\000\000\000\000\000\000\000\000\000\000\000\000\000\000\000\000\000\000\000\000\000""; nodePubKey: ""\003\325Q\255\224\274R@\312\253\262\347\352\034\346\347\242\215,\312\376=\277\353{\350\225\301\305`^, ""; closeTime: 803902506; signature: ""0E\002!\000\337\332\033\267\257\264WY\217\030\251\013%h\257\325>d\n\227\244O2o$\037=`t\225\262\315\002 7\335\223`\0208\241\001LM\222\223\246\335s\351T\374\237\357\357O\355!\222;w\371\222\220Lp""; previousledger: ""D!=\355\210\037\325\034/l\242\365\034!w\324\362\3252-\025\351\314\2334,\306Dd\037v\256""; ","proposeSeq: 0; currentTxHash: ""\000\000\000\000\000\000\000\000\000\000\000\000\000\000\000\000\000\000\000\000\000\000\000\000\000\000\000\000\000\000\000\000""; nodePubKey: ""\003\325Q\255\224\274R@\312\253\262\347\352\034\346\347\242\215,\312\376=\277\353{\350\225\301\305`^, ""; closeTime: 803902506; signature: ""0E\002!\000\337\332\033\267\257\264WY\217\030\251\013%h\257\325>d\n\227\244O2o$\037=`t\225\262\315\002 7\335\223`\0208\241\001LM\222\223\246\335s\351T\374\237\357\357O\355!\222;w\371\222\220Lp""; previousledger: ""D!=\355\210\037\325\034/l\242\365\034!w\324\362\3252-\025\351\314\2334,\306Dd\037v\256""; "
1750587306900,1750587306900,0,1,3,0,TMProposeSet,"proposeSeq: 0; currentTxHash: ""\000\000\000\000\000\000\000\000\000\000\000\000\000\000\000\000\000\000\000\000\000\000\000\000\000\000\000\000\000\000\000\000""; nodePubKey: ""\003\325Q\255\224\274R@\312\253\262\347\352\034\346\347\242\215,\312\376=\277\353{\350\225\301\305`^, ""; closeTime: 803902506; signature: ""0E\002!\000\337\332\033\267\257\264WY\217\030\251\013%h\257\325>d\n\227\244O2o$\037=`t\225\262\315\002 7\335\223`\0208\241\001LM\222\223\246\335s\351T\374\237\357\357O\355!\222;w\371\222\220Lp""; previousledger: ""D!=\355\210\037\325\034/l\242\365\034!w\324\362\3252-\025\351\314\2334,\306Dd\037v\256""; ","proposeSeq: 0; currentTxHash: ""\000\000\000\000\000\000\000\000\000\000\000\000\000\000\000\000\000\000\000\000\000\000\000\000\000\000\000\000\000\000\000\000""; nodePubKey: ""\003\325Q\255\224\274R@\312\253\262\347\352\034\346\347\242\215,\312\376=\277\353{\350\225\301\305`^, ""; closeTime: 803902506; signature: ""0E\002!\000\337\332\033\267\257\264WY\217\030\251\013%h\257\325>d\n\227\244O2o$\037=`t\225\262\315\002 7\335\223`\0208\241\001LM\222\223\246\335s\351T\374\237\357\357O\355!\222;w\371\222\220Lp""; previousledger: ""D!=\355\210\037\325\034/l\242\365\034!w\324\362\3252-\025\351\314\2334,\306Dd\037v\256""; "
1750587306883,1750587306960,0,1,3,2,TMStatusChange,"newEvent: neCLOSING_LEDGER; ledgerSeq: 14; ledgerHash: ""D!=\355\210\037\325\034/l\242\365\034!w\324\362\3252-\025\351\314\2334,\306Dd\037v\256""; ledgerHashPrevious: ""\302\001\313@D\264\016\334\r\034\035\\276\225\314|\234S*r\007\370x>\305D*\007b\276v\316""; networkTime: 803902506; firstSeq: 9; lastSeq: 14; ","newEvent: neCLOSING_LEDGER; ledgerSeq: 14; ledgerHash: ""D!=\355\210\037\325\034/l\242\365\034!w\324\362\3252-\025\351\314\2334,\306Dd\037v\256""; ledgerHashPrevious: ""\302\001\313@D\264\016\334\r\034\035\\276\225\314|\234S*r\007\370x>\305D*\007b\276v\316""; networkTime: 803902506; firstSeq: 9; lastSeq: 14; "
1750587306883,1750587306960,0,1,3,4,TMStatusChange,"newEvent: neCLOSING_LEDGER; ledgerSeq: 14; ledgerHash: ""D!=\355\210\037\325\034/l\242\365\034!w\324\362\3252-\025\351\314\2334,\306Dd\037v\256""; ledgerHashPrevious: ""\302\001\313@D\264\016\334\r\034\035\\276\225\314|\234S*r\007\370x>\305D*\007b\276v\316""; networkTime: 803902506; firstSeq: 9; lastSeq: 14; ","newEvent: neCLOSING_LEDGER; ledgerSeq: 14; ledgerHash: ""D!=\355\210\037\325\034/l\242\365\034!w\324\362\3252-\025\351\314\2334,\306Dd\037v\256""; ledgerHashPrevious: ""\302\001\313@D\264\016\334\r\034\035\\276\225\314|\234S*r\007\370x>\305D*\007b\276v\316""; networkTime: 803902506; firstSeq: 9; lastSeq: 14; "
1750587306885,1750587306960,0,1,3,0,TMStatusChange,"newEvent: neCLOSING_LEDGER; ledgerSeq: 14; ledgerHash: ""D!=\355\210\037\325\034/l\242\365\034!w\324\362\3252-\025\351\314\2334,\306Dd\037v\256""; ledgerHashPrevious: ""\302\001\313@D\264\016\334\r\034\035\\276\225\314|\234S*r\007\370x>\305D*\007b\276v\316""; networkTime: 803902506; firstSeq: 9; lastSeq: 14; ","newEvent: neCLOSING_LEDGER; ledgerSeq: 14; ledgerHash: ""D!=\355\210\037\325\034/l\242\365\034!w\324\362\3252-\025\351\314\2334,\306Dd\037v\256""; ledgerHashPrevious: ""\302\001\313@D\264\016\334\r\034\035\\276\225\314|\234S*r\007\370x>\305D*\007b\276v\316""; networkTime: 803902506; firstSeq: 9; lastSeq: 14; "
1750587306885,1750587306961,0,1,3,1,TMStatusChange,"newEvent: neCLOSING_LEDGER; ledgerSeq: 14; ledgerHash: ""D!=\355\210\037\325\034/l\242\365\034!w\324\362\3252-\025\351\314\2334,\306Dd\037v\256""; ledgerHashPrevious: ""\302\001\313@D\264\016\334\r\034\035\\276\225\314|\234S*r\007\370x>\305D*\007b\276v\316""; networkTime: 803902506; firstSeq: 9; lastSeq: 14; ","newEvent: neCLOSING_LEDGER; ledgerSeq: 14; ledgerHash: ""D!=\355\210\037\325\034/l\242\365\034!w\324\362\3252-\025\351\314\2334,\306Dd\037v\256""; ledgerHashPrevious: ""\302\001\313@D\264\016\334\r\034\035\\276\225\314|\234S*r\007\370x>\305D*\007b\276v\316""; networkTime: 803902506; firstSeq: 9; lastSeq: 14; "
1750587307019,1750587307019,0,1,0,4,TMProposeSet,"proposeSeq: 0; currentTxHash: ""\000\000\000\000\000\000\000\000\000\000\000\000\000\000\000\000\000\000\000\000\000\000\000\000\000\000\000\000\000\000\000\000""; nodePubKey: ""\002\347\243J\206W\025ML\260\226\0163\217\250\337\325W\253\356*O\245Z\271\234\207C\274\375`\335\311""; closeTime: 803902507; signature: ""0D\002 \034d\220\017\276\304\254\361\236\217\30241+J\320\003\333\372\013v>\366\357g\257\373G\363\256\306b\002 c\002%J\360\342\033\314\224?\240\232\014\201U\241Bs\031,W\333\236\320_\243q\244\317\261'\307""; previousledger: ""D!=\355\210\037\325\034/l\242\365\034!w\324\362\3252-\025\351\314\2334,\306Dd\037v\256""; ","proposeSeq: 0; currentTxHash: ""\000\000\000\000\000\000\000\000\000\000\000\000\000\000\000\000\000\000\000\000\000\000\000\000\000\000\000\000\000\000\000\000""; nodePubKey: ""\002\347\243J\206W\025ML\260\226\0163\217\250\337\325W\253\356*O\245Z\271\234\207C\274\375`\335\311""; closeTime: 803902507; signature: ""0D\002 \034d\220\017\276\304\254\361\236\217\30241+J\320\003\333\372\013v>\366\357g\257\373G\363\256\306b\002 c\002%J\360\342\033\314\224?\240\232\014\201U\241Bs\031,W\333\236\320_\243q\244\317\261'\307""; previousledger: ""D!=\355\210\037\325\034/l\242\365\034!w\324\362\3252-\025\351\314\2334,\306Dd\037v\256""; "
1750587307021,1750587307021,0,1,4,3,TMProposeSet,"proposeSeq: 0; currentTxHash: ""\000\000\000\000\000\000\000\000\000\000\000\000\000\000\000\000\000\000\000\000\000\000\000\000\000\000\000\000\000\000\000\000""; nodePubKey: ""\002\347\243J\206W\025ML\260\226\0163\217\250\337\325W\253\356*O\245Z\271\234\207C\274\375`\335\311""; closeTime: 803902507; signature: ""0D\002 \034d\220\017\276\304\254\361\236\217\30241+J\320\003\333\372\013v>\366\357g\257\373G\363\256\306b\002 c\002%J\360\342\033\314\224?\240\232\014\201U\241Bs\031,W\333\236\320_\243q\244\317\261'\307""; previousledger: ""D!=\355\210\037\325\034/l\242\365\034!w\324\362\3252-\025\351\314\2334,\306Dd\037v\256""; ","proposeSeq: 0; currentTxHash: ""\000\000\000\000\000\000\000\000\000\000\000\000\000\000\000\000\000\000\000\000\000\000\000\000\000\000\000\000\000\000\000\000""; nodePubKey: ""\002\347\243J\206W\025ML\260\226\0163\217\250\337\325W\253\356*O\245Z\271\234\207C\274\375`\335\311""; closeTime: 803902507; signature: ""0D\002 \034d\220\017\276\304\254\361\236\217\30241+J\320\003\333\372\013v>\366\357g\257\373G\363\256\306b\002 c\002%J\360\342\033\314\224?\240\232\014\201U\241Bs\031,W\333\236\320_\243q\244\317\261'\307""; previousledger: ""D!=\355\210\037\325\034/l\242\365\034!w\324\362\3252-\025\351\314\2334,\306Dd\037v\256""; "
1750587307022,1750587307022,0,1,4,1,TMProposeSet,"proposeSeq: 0; currentTxHash: ""\000\000\000\000\000\000\000\000\000\000\000\000\000\000\000\000\000\000\000\000\000\000\000\000\000\000\000\000\000\000\000\000""; nodePubKey: ""\002\347\243J\206W\025ML\260\226\0163\217\250\337\325W\253\356*O\245Z\271\234\207C\274\375`\335\311""; closeTime: 803902507; signature: ""0D\002 \034d\220\017\276\304\254\361\236\217\30241+J\320\003\333\372\013v>\366\357g\257\373G\363\256\306b\002 c\002%J\360\342\033\314\224?\240\232\014\201U\241Bs\031,W\333\236\320_\243q\244\317\261'\307""; previousledger: ""D!=\355\210\037\325\034/l\242\365\034!w\324\362\3252-\025\351\314\2334,\306Dd\037v\256""; ","proposeSeq: 0; currentTxHash: ""\000\000\000\000\000\000\000\000\000\000\000\000\000\000\000\000\000\000\000\000\000\000\000\000\000\000\000\000\000\000\000\000""; nodePubKey: ""\002\347\243J\206W\025ML\260\226\0163\217\250\337\325W\253\356*O\245Z\271\234\207C\274\375`\335\311""; closeTime: 803902507; signature: ""0D\002 \034d\220\017\276\304\254\361\236\217\30241+J\320\003\333\372\013v>\366\357g\257\373G\363\256\306b\002 c\002%J\360\342\033\314\224?\240\232\014\201U\241Bs\031,W\333\236\320_\243q\244\317\261'\307""; previousledger: ""D!=\355\210\037\325\034/l\242\365\034!w\324\362\3252-\025\351\314\2334,\306Dd\037v\256""; "
1750587307022,1750587307022,0,1,4,2,TMProposeSet,"proposeSeq: 0; currentTxHash: ""\000\000\000\000\000\000\000\000\000\000\000\000\000\000\000\000\000\000\000\000\000\000\000\000\000\000\000\000\000\000\000\000""; nodePubKey: ""\002\347\243J\206W\025ML\260\226\0163\217\250\337\325W\253\356*O\245Z\271\234\207C\274\375`\335\311""; closeTime: 803902507; signature: ""0D\002 \034d\220\017\276\304\254\361\236\217\30241+J\320\003\333\372\013v>\366\357g\257\373G\363\256\306b\002 c\002%J\360\342\033\314\224?\240\232\014\201U\241Bs\031,W\333\236\320_\243q\244\317\261'\307""; previousledger: ""D!=\355\210\037\325\034/l\242\365\034!w\324\362\3252-\025\351\314\2334,\306Dd\037v\256""; ","proposeSeq: 0; currentTxHash: ""\000\000\000\000\000\000\000\000\000\000\000\000\000\000\000\000\000\000\000\000\000\000\000\000\000\000\000\000\000\000\000\000""; nodePubKey: ""\002\347\243J\206W\025ML\260\226\0163\217\250\337\325W\253\356*O\245Z\271\234\207C\274\375`\335\311""; closeTime: 803902507; signature: ""0D\002 \034d\220\017\276\304\254\361\236\217\30241+J\320\003\333\372\013v>\366\357g\257\373G\363\256\306b\002 c\002%J\360\342\033\314\224?\240\232\014\201U\241Bs\031,W\333\236\320_\243q\244\317\261'\307""; previousledger: ""D!=\355\210\037\325\034/l\242\365\034!w\324\362\3252-\025\351\314\2334,\306Dd\037v\256""; "
1750587307024,1750587307024,0,1,3,2,TMProposeSet,"proposeSeq: 0; currentTxHash: ""\000\000\000\000\000\000\000\000\000\000\000\000\000\000\000\000\000\000\000\000\000\000\000\000\000\000\000\000\000\000\000\000""; nodePubKey: ""\002\347\243J\206W\025ML\260\226\0163\217\250\337\325W\253\356*O\245Z\271\234\207C\274\375`\335\311""; closeTime: 803902507; signature: ""0D\002 \034d\220\017\276\304\254\361\236\217\30241+J\320\003\333\372\013v>\366\357g\257\373G\363\256\306b\002 c\002%J\360\342\033\314\224?\240\232\014\201U\241Bs\031,W\333\236\320_\243q\244\317\261'\307""; previousledger: ""D!=\355\210\037\325\034/l\242\365\034!w\324\362\3252-\025\351\314\2334,\306Dd\037v\256""; ","proposeSeq: 0; currentTxHash: ""\000\000\000\000\000\000\000\000\000\000\000\000\000\000\000\000\000\000\000\000\000\000\000\000\000\000\000\000\000\000\000\000""; nodePubKey: ""\002\347\243J\206W\025ML\260\226\0163\217\250\337\325W\253\356*O\245Z\271\234\207C\274\375`\335\311""; closeTime: 803902507; signature: ""0D\002 \034d\220\017\276\304\254\361\236\217\30241+J\320\003\333\372\013v>\366\357g\257\373G\363\256\306b\002 c\002%J\360\342\033\314\224?\240\232\014\201U\241Bs\031,W\333\236\320_\243q\244\317\261'\307""; previousledger: ""D!=\355\210\037\325\034/l\242\365\034!w\324\362\3252-\025\351\314\2334,\306Dd\037v\256""; "
1750587307024,1750587307024,0,1,3,1,TMProposeSet,"proposeSeq: 0; currentTxHash: ""\000\000\000\000\000\000\000\000\000\000\000\000\000\000\000\000\000\000\000\000\000\000\000\000\000\000\000\000\000\000\000\000""; nodePubKey: ""\002\347\243J\206W\025ML\260\226\0163\217\250\337\325W\253\356*O\245Z\271\234\207C\274\375`\335\311""; closeTime: 803902507; signature: ""0D\002 \034d\220\017\276\304\254\361\236\217\30241+J\320\003\333\372\013v>\366\357g\257\373G\363\256\306b\002 c\002%J\360\342\033\314\224?\240\232\014\201U\241Bs\031,W\333\236\320_\243q\244\317\261'\307""; previousledger: ""D!=\355\210\037\325\034/l\242\365\034!w\324\362\3252-\025\351\314\2334,\306Dd\037v\256""; ","proposeSeq: 0; currentTxHash: ""\000\000\000\000\000\000\000\000\000\000\000\000\000\000\000\000\000\000\000\000\000\000\000\000\000\000\000\000\000\000\000\000""; nodePubKey: ""\002\347\243J\206W\025ML\260\226\0163\217\250\337\325W\253\356*O\245Z\271\234\207C\274\375`\335\311""; closeTime: 803902507; signature: ""0D\002 \034d\220\017\276\304\254\361\236\217\30241+J\320\003\333\372\013v>\366\357g\257\373G\363\256\306b\002 c\002%J\360\342\033\314\224?\240\232\014\201U\241Bs\031,W\333\236\320_\243q\244\317\261'\307""; previousledger: ""D!=\355\210\037\325\034/l\242\365\034!w\324\362\3252-\025\351\314\2334,\306Dd\037v\256""; "
1750587307025,1750587307025,0,1,1,3,TMProposeSet,"proposeSeq: 0; currentTxHash: ""\000\000\000\000\000\000\000\000\000\000\000\000\000\000\000\000\000\000\000\000\000\000\000\000\000\000\000\000\000\000\000\000""; nodePubKey: ""\002\347\243J\206W\025ML\260\226\0163\217\250\337\325W\253\356*O\245Z\271\234\207C\274\375`\335\311""; closeTime: 803902507; signature: ""0D\002 \034d\220\017\276\304\254\361\236\217\30241+J\320\003\333\372\013v>\366\357g\257\373G\363\256\306b\002 c\002%J\360\342\033\314\224?\240\232\014\201U\241Bs\031,W\333\236\320_\243q\244\317\261'\307""; previousledger: ""D!=\355\210\037\325\034/l\242\365\034!w\324\362\3252-\025\351\314\2334,\306Dd\037v\256""; ","proposeSeq: 0; currentTxHash: ""\000\000\000\000\000\000\000\000\000\000\000\000\000\000\000\000\000\000\000\000\000\000\000\000\000\000\000\000\000\000\000\000""; nodePubKey: ""\002\347\243J\206W\025ML\260\226\0163\217\250\337\325W\253\356*O\245Z\271\234\207C\274\375`\335\311""; closeTime: 803902507; signature: ""0D\002 \034d\220\017\276\304\254\361\236\217\30241+J\320\003\333\372\013v>\366\357g\257\373G\363\256\306b\002 c\002%J\360\342\033\314\224?\240\232\014\201U\241Bs\031,W\333\236\320_\243q\244\317\261'\307""; previousledger: ""D!=\355\210\037\325\034/l\242\365\034!w\324\362\3252-\025\351\314\2334,\306Dd\037v\256""; "
1750587307025,1750587307026,0,1,3,0,TMProposeSet,"proposeSeq: 0; currentTxHash: ""\000\000\000\000\000\000\000\000\000\000\000\000\000\000\000\000\000\000\000\000\000\000\000\000\000\000\000\000\000\000\000\000""; nodePubKey: ""\002\347\243J\206W\025ML\260\226\0163\217\250\337\325W\253\356*O\245Z\271\234\207C\274\375`\335\311""; closeTime: 803902507; signature: ""0D\002 \034d\220\017\276\304\254\361\236\217\30241+J\320\003\333\372\013v>\366\357g\257\373G\363\256\306b\002 c\002%J\360\342\033\314\224?\240\232\014\201U\241Bs\031,W\333\236\320_\243q\244\317\261'\307""; previousledger: ""D!=\355\210\037\325\034/l\242\365\034!w\324\362\3252-\025\351\314\2334,\306Dd\037v\256""; ","proposeSeq: 0; currentTxHash: ""\000\000\000\000\000\000\000\000\000\000\000\000\000\000\000\000\000\000\000\000\000\000\000\000\000\000\000\000\000\000\000\000""; nodePubKey: ""\002\347\243J\206W\025ML\260\226\0163\217\250\337\325W\253\356*O\245Z\271\234\207C\274\375`\335\311""; closeTime: 803902507; signature: ""0D\002 \034d\220\017\276\304\254\361\236\217\30241+J\320\003\333\372\013v>\366\357g\257\373G\363\256\306b\002 c\002%J\360\342\033\314\224?\240\232\014\201U\241Bs\031,W\333\236\320_\243q\244\317\261'\307""; previousledger: ""D!=\355\210\037\325\034/l\242\365\034!w\324\362\3252-\025\351\314\2334,\306Dd\037v\256""; "
1750587307026,1750587307026,0,1,2,3,TMProposeSet,"proposeSeq: 0; currentTxHash: ""\000\000\000\000\000\000\000\000\000\000\000\000\000\000\000\000\000\000\000\000\000\000\000\000\000\000\000\000\000\000\000\000""; nodePubKey: ""\002\347\243J\206W\025ML\260\226\0163\217\250\337\325W\253\356*O\245Z\271\234\207C\274\375`\335\311""; closeTime: 803902507; signature: ""0D\002 \034d\220\017\276\304\254\361\236\217\30241+J\320\003\333\372\013v>\366\357g\257\373G\363\256\306b\002 c\002%J\360\342\033\314\224?\240\232\014\201U\241Bs\031,W\333\236\320_\243q\244\317\261'\307""; previousledger: ""D!=\355\210\037\325\034/l\242\365\034!w\324\362\3252-\025\351\314\2334,\306Dd\037v\256""; ","proposeSeq: 0; currentTxHash: ""\000\000\000\000\000\000\000\000\000\000\000\000\000\000\000\000\000\000\000\000\000\000\000\000\000\000\000\000\000\000\000\000""; nodePubKey: ""\002\347\243J\206W\025ML\260\226\0163\217\250\337\325W\253\356*O\245Z\271\234\207C\274\375`\335\311""; closeTime: 803902507; signature: ""0D\002 \034d\220\017\276\304\254\361\236\217\30241+J\320\003\333\372\013v>\366\357g\257\373G\363\256\306b\002 c\002%J\360\342\033\314\224?\240\232\014\201U\241Bs\031,W\333\236\320_\243q\244\317\261'\307""; previousledger: ""D!=\355\210\037\325\034/l\242\365\034!w\324\362\3252-\025\351\314\2334,\306Dd\037v\256""; "
1750587307027,1750587307027,0,1,1,2,TMProposeSet,"proposeSeq: 0; currentTxHash: ""\000\000\000\000\000\000\000\000\000\000\000\000\000\000\000\000\000\000\000\000\000\000\000\000\000\000\000\000\000\000\000\000""; nodePubKey: ""\002\347\243J\206W\025ML\260\226\0163\217\250\337\325W\253\356*O\245Z\271\234\207C\274\375`\335\311""; closeTime: 803902507; signature: ""0D\002 \034d\220\017\276\304\254\361\236\217\30241+J\320\003\333\372\013v>\366\357g\257\373G\363\256\306b\002 c\002%J\360\342\033\314\224?\240\232\014\201U\241Bs\031,W\333\236\320_\243q\244\317\261'\307""; previousledger: ""D!=\355\210\037\325\034/l\242\365\034!w\324\362\3252-\025\351\314\2334,\306Dd\037v\256""; ","proposeSeq: 0; currentTxHash: ""\000\000\000\000\000\000\000\000\000\000\000\000\000\000\000\000\000\000\000\000\000\000\000\000\000\000\000\000\000\000\000\000""; nodePubKey: ""\002\347\243J\206W\025ML\260\226\0163\217\250\337\325W\253\356*O\245Z\271\234\207C\274\375`\335\311""; closeTime: 803902507; signature: ""0D\002 \034d\220\017\276\304\254\361\236\217\30241+J\320\003\333\372\013v>\366\357g\257\373G\363\256\306b\002 c\002%J\360\342\033\314\224?\240\232\014\201U\241Bs\031,W\333\236\320_\243q\244\317\261'\307""; previousledger: ""D!=\355\210\037\325\034/l\242\365\034!w\324\362\3252-\025\351\314\2334,\306Dd\037v\256""; "
1750587307027,1750587307027,0,1,2,0,TMProposeSet,"proposeSeq: 0; currentTxHash: ""\000\000\000\000\000\000\000\000\000\000\000\000\000\000\000\000\000\000\000\000\000\000\000\000\000\000\000\000\000\000\000\000""; nodePubKey: ""\002\347\243J\206W\025ML\260\226\0163\217\250\337\325W\253\356*O\245Z\271\234\207C\274\375`\335\311""; closeTime: 803902507; signature: ""0D\002 \034d\220\017\276\304\254\361\236\217\30241+J\320\003\333\372\013v>\366\357g\257\373G\363\256\306b\002 c\002%J\360\342\033\314\224?\240\232\014\201U\241Bs\031,W\333\236\320_\243q\244\317\261'\307""; previousledger: ""D!=\355\210\037\325\034/l\242\365\034!w\324\362\3252-\025\351\314\2334,\306Dd\037v\256""; ","proposeSeq: 0; currentTxHash: ""\000\000\000\000\000\000\000\000\000\000\000\000\000\000\000\000\000\000\000\000\000\000\000\000\000\000\000\000\000\000\000\000""; nodePubKey: ""\002\347\243J\206W\025ML\260\226\0163\217\250\337\325W\253\356*O\245Z\271\234\207C\274\375`\335\311""; closeTime: 803902507; signature: ""0D\002 \034d\220\017\276\304\254\361\236\217\30241+J\320\003\333\372\013v>\366\357g\257\373G\363\256\306b\002 c\002%J\360\342\033\314\224?\240\232\014\201U\241Bs\031,W\333\236\320_\243q\244\317\261'\307""; previousledger: ""D!=\355\210\037\325\034/l\242\365\034!w\324\362\3252-\025\351\314\2334,\306Dd\037v\256""; "
1750587307028,1750587307028,0,1,1,0,TMProposeSet,"proposeSeq: 0; currentTxHash: ""\000\000\000\000\000\000\000\000\000\000\000\000\000\000\000\000\000\000\000\000\000\000\000\000\000\000\000\000\000\000\000\000""; nodePubKey: ""\002\347\243J\206W\025ML\260\226\0163\217\250\337\325W\253\356*O\245Z\271\234\207C\274\375`\335\311""; closeTime: 803902507; signature: ""0D\002 \034d\220\017\276\304\254\361\236\217\30241+J\320\003\333\372\013v>\366\357g\257\373G\363\256\306b\002 c\002%J\360\342\033\314\224?\240\232\014\201U\241Bs\031,W\333\236\320_\243q\244\317\261'\307""; previousledger: ""D!=\355\210\037\325\034/l\242\365\034!w\324\362\3252-\025\351\314\2334,\306Dd\037v\256""; ","proposeSeq: 0; currentTxHash: ""\000\000\000\000\000\000\000\000\000\000\000\000\000\000\000\000\000\000\000\000\000\000\000\000\000\000\000\000\000\000\000\000""; nodePubKey: ""\002\347\243J\206W\025ML\260\226\0163\217\250\337\325W\253\356*O\245Z\271\234\207C\274\375`\335\311""; closeTime: 803902507; signature: ""0D\002 \034d\220\017\276\304\254\361\236\217\30241+J\320\003\333\372\013v>\366\357g\257\373G\363\256\306b\002 c\002%J\360\342\033\314\224?\240\232\014\201U\241Bs\031,W\333\236\320_\243q\244\317\261'\307""; previousledger: ""D!=\355\210\037\325\034/l\242\365\034!w\324\362\3252-\025\351\314\2334,\306Dd\037v\256""; "
1750587307028,1750587307028,0,1,2,1,TMProposeSet,"proposeSeq: 0; currentTxHash: ""\000\000\000\000\000\000\000\000\000\000\000\000\000\000\000\000\000\000\000\000\000\000\000\000\000\000\000\000\000\000\000\000""; nodePubKey: ""\002\347\243J\206W\025ML\260\226\0163\217\250\337\325W\253\356*O\245Z\271\234\207C\274\375`\335\311""; closeTime: 803902507; signature: ""0D\002 \034d\220\017\276\304\254\361\236\217\30241+J\320\003\333\372\013v>\366\357g\257\373G\363\256\306b\002 c\002%J\360\342\033\314\224?\240\232\014\201U\241Bs\031,W\333\236\320_\243q\244\317\261'\307""; previousledger: ""D!=\355\210\037\325\034/l\242\365\034!w\324\362\3252-\025\351\314\2334,\306Dd\037v\256""; ","proposeSeq: 0; currentTxHash: ""\000\000\000\000\000\000\000\000\000\000\000\000\000\000\000\000\000\000\000\000\000\000\000\000\000\000\000\000\000\000\000\000""; nodePubKey: ""\002\347\243J\206W\025ML\260\226\0163\217\250\337\325W\253\356*O\245Z\271\234\207C\274\375`\335\311""; closeTime: 803902507; signature: ""0D\002 \034d\220\017\276\304\254\361\236\217\30241+J\320\003\333\372\013v>\366\357g\257\373G\363\256\306b\002 c\002%J\360\342\033\314\224?\240\232\014\201U\241Bs\031,W\333\236\320_\243q\244\317\261'\307""; previousledger: ""D!=\355\210\037\325\034/l\242\365\034!w\324\362\3252-\025\351\314\2334,\306Dd\037v\256""; "
1750587307030,1750587307030,0,1,0,3,TMProposeSet,"proposeSeq: 0; currentTxHash: ""\000\000\000\000\000\000\000\000\000\000\000\000\000\000\000\000\000\000\000\000\000\000\000\000\000\000\000\000\000\000\000\000""; nodePubKey: ""\002\347\243J\206W\025ML\260\226\0163\217\250\337\325W\253\356*O\245Z\271\234\207C\274\375`\335\311""; closeTime: 803902507; signature: ""0D\002 \034d\220\017\276\304\254\361\236\217\30241+J\320\003\333\372\013v>\366\357g\257\373G\363\256\306b\002 c\002%J\360\342\033\314\224?\240\232\014\201U\241Bs\031,W\333\236\320_\243q\244\317\261'\307""; previousledger: ""D!=\355\210\037\325\034/l\242\365\034!w\324\362\3252-\025\351\314\2334,\306Dd\037v\256""; ","proposeSeq: 0; currentTxHash: ""\000\000\000\000\000\000\000\000\000\000\000\000\000\000\000\000\000\000\000\000\000\000\000\000\000\000\000\000\000\000\000\000""; nodePubKey: ""\002\347\243J\206W\025ML\260\226\0163\217\250\337\325W\253\356*O\245Z\271\234\207C\274\375`\335\311""; closeTime: 803902507; signature: ""0D\002 \034d\220\017\276\304\254\361\236\217\30241+J\320\003\333\372\013v>\366\357g\257\373G\363\256\306b\002 c\002%J\360\342\033\314\224?\240\232\014\201U\241Bs\031,W\333\236\320_\243q\244\317\261'\307""; previousledger: ""D!=\355\210\037\325\034/l\242\365\034!w\324\362\3252-\025\351\314\2334,\306Dd\037v\256""; "
1750587307031,1750587307031,0,1,0,2,TMProposeSet,"proposeSeq: 0; currentTxHash: ""\000\000\000\000\000\000\000\000\000\000\000\000\000\000\000\000\000\000\000\000\000\000\000\000\000\000\000\000\000\000\000\000""; nodePubKey: ""\002\347\243J\206W\025ML\260\226\0163\217\250\337\325W\253\356*O\245Z\271\234\207C\274\375`\335\311""; closeTime: 803902507; signature: ""0D\002 \034d\220\017\276\304\254\361\236\217\30241+J\320\003\333\372\013v>\366\357g\257\373G\363\256\306b\002 c\002%J\360\342\033\314\224?\240\232\014\201U\241Bs\031,W\333\236\320_\243q\244\317\261'\307""; previousledger: ""D!=\355\210\037\325\034/l\242\365\034!w\324\362\3252-\025\351\314\2334,\306Dd\037v\256""; ","proposeSeq: 0; currentTxHash: ""\000\000\000\000\000\000\000\000\000\000\000\000\000\000\000\000\000\000\000\000\000\000\000\000\000\000\000\000\000\000\000\000""; nodePubKey: ""\002\347\243J\206W\025ML\260\226\0163\217\250\337\325W\253\356*O\245Z\271\234\207C\274\375`\335\311""; closeTime: 803902507; signature: ""0D\002 \034d\220\017\276\304\254\361\236\217\30241+J\320\003\333\372\013v>\366\357g\257\373G\363\256\306b\002 c\002%J\360\342\033\314\224?\240\232\014\201U\241Bs\031,W\333\236\320_\243q\244\317\261'\307""; previousledger: ""D!=\355\210\037\325\034/l\242\365\034!w\324\362\3252-\025\351\314\2334,\306Dd\037v\256""; "
1750587307032,1750587307032,0,1,0,1,TMProposeSet,"proposeSeq: 0; currentTxHash: ""\000\000\000\000\000\000\000\000\000\000\000\000\000\000\000\000\000\000\000\000\000\000\000\000\000\000\000\000\000\000\000\000""; nodePubKey: ""\002\347\243J\206W\025ML\260\226\0163\217\250\337\325W\253\356*O\245Z\271\234\207C\274\375`\335\311""; closeTime: 803902507; signature: ""0D\002 \034d\220\017\276\304\254\361\236\217\30241+J\320\003\333\372\013v>\366\357g\257\373G\363\256\306b\002 c\002%J\360\342\033\314\224?\240\232\014\201U\241Bs\031,W\333\236\320_\243q\244\317\261'\307""; previousledger: ""D!=\355\210\037\325\034/l\242\365\034!w\324\362\3252-\025\351\314\2334,\306Dd\037v\256""; ","proposeSeq: 0; currentTxHash: ""\000\000\000\000\000\000\000\000\000\000\000\000\000\000\000\000\000\000\000\000\000\000\000\000\000\000\000\000\000\000\000\000""; nodePubKey: ""\002\347\243J\206W\025ML\260\226\0163\217\250\337\325W\253\356*O\245Z\271\234\207C\274\375`\335\311""; closeTime: 803902507; signature: ""0D\002 \034d\220\017\276\304\254\361\236\217\30241+J\320\003\333\372\013v>\366\357g\257\373G\363\256\306b\002 c\002%J\360\342\033\314\224?\240\232\014\201U\241Bs\031,W\333\236\320_\243q\244\317\261'\307""; previousledger: ""D!=\355\210\037\325\034/l\242\365\034!w\324\362\3252-\025\351\314\2334,\306Dd\037v\256""; "
1750587307016,1750587307062,0,1,0,3,TMStatusChange,"newEvent: neCLOSING_LEDGER; ledgerSeq: 14; ledgerHash: ""D!=\355\210\037\325\034/l\242\365\034!w\324\362\3252-\025\351\314\2334,\306Dd\037v\256""; ledgerHashPrevious: ""\302\001\313@D\264\016\334\r\034\035\\276\225\314|\234S*r\007\370x>\305D*\007b\276v\316""; networkTime: 803902507; firstSeq: 9; lastSeq: 14; ","newEvent: neCLOSING_LEDGER; ledgerSeq: 14; ledgerHash: ""D!=\355\210\037\325\034/l\242\365\034!w\324\362\3252-\025\351\314\2334,\306Dd\037v\256""; ledgerHashPrevious: ""\302\001\313@D\264\016\334\r\034\035\\276\225\314|\234S*r\007\370x>\305D*\007b\276v\316""; networkTime: 803902507; firstSeq: 9; lastSeq: 14; "
1750587307018,1750587307063,0,1,0,2,TMStatusChange,"newEvent: neCLOSING_LEDGER; ledgerSeq: 14; ledgerHash: ""D!=\355\210\037\325\034/l\242\365\034!w\324\362\3252-\025\351\314\2334,\306Dd\037v\256""; ledgerHashPrevious: ""\302\001\313@D\264\016\334\r\034\035\\276\225\314|\234S*r\007\370x>\305D*\007b\276v\316""; networkTime: 803902507; firstSeq: 9; lastSeq: 14; ","newEvent: neCLOSING_LEDGER; ledgerSeq: 14; ledgerHash: ""D!=\355\210\037\325\034/l\242\365\034!w\324\362\3252-\025\351\314\2334,\306Dd\037v\256""; ledgerHashPrevious: ""\302\001\313@D\264\016\334\r\034\035\\276\225\314|\234S*r\007\370x>\305D*\007b\276v\316""; networkTime: 803902507; firstSeq: 9; lastSeq: 14; "
1750587307018,1750587307064,0,1,0,4,TMStatusChange,"newEvent: neCLOSING_LEDGER; ledgerSeq: 14; ledgerHash: ""D!=\355\210\037\325\034/l\242\365\034!w\324\362\3252-\025\351\314\2334,\306Dd\037v\256""; ledgerHashPrevious: ""\302\001\313@D\264\016\334\r\034\035\\276\225\314|\234S*r\007\370x>\305D*\007b\276v\316""; networkTime: 803902507; firstSeq: 9; lastSeq: 14; ","newEvent: neCLOSING_LEDGER; ledgerSeq: 14; ledgerHash: ""D!=\355\210\037\325\034/l\242\365\034!w\324\362\3252-\025\351\314\2334,\306Dd\037v\256""; ledgerHashPrevious: ""\302\001\313@D\264\016\334\r\034\035\\276\225\314|\234S*r\007\370x>\305D*\007b\276v\316""; networkTime: 803902507; firstSeq: 9; lastSeq: 14; "
1750587307019,1750587307064,0,1,0,1,TMStatusChange,"newEvent: neCLOSING_LEDGER; ledgerSeq: 14; ledgerHash: ""D!=\355\210\037\325\034/l\242\365\034!w\324\362\3252-\025\351\314\2334,\306Dd\037v\256""; ledgerHashPrevious: ""\302\001\313@D\264\016\334\r\034\035\\276\225\314|\234S*r\007\370x>\305D*\007b\276v\316""; networkTime: 803902507; firstSeq: 9; lastSeq: 14; ","newEvent: neCLOSING_LEDGER; ledgerSeq: 14; ledgerHash: ""D!=\355\210\037\325\034/l\242\365\034!w\324\362\3252-\025\351\314\2334,\306Dd\037v\256""; ledgerHashPrevious: ""\302\001\313@D\264\016\334\r\034\035\\276\225\314|\234S*r\007\370x>\305D*\007b\276v\316""; networkTime: 803902507; firstSeq: 9; lastSeq: 14; "
1750587307298,1750587307298,0,1,2,4,TMProposeSet,"proposeSeq: 0; currentTxHash: ""\000\000\000\000\000\000\000\000\000\000\000\000\000\000\000\000\000\000\000\000\000\000\000\000\000\000\000\000\000\000\000\000""; nodePubKey: ""\003ql\302)\235\321\t\213\224\356\374%%\311\327\037\374\304\t\335\2359\344\233\035]\347<u\236\364\222""; closeTime: 803902507; signature: ""0E\002!\000\312|\202P\375\270Z=\212\312\237\013\201\347(8\321i?l2\275v\3105\2014m\351\342\226\016\002 |\226\237/\335\255\001\2503\2639\322}\215\321\276G6\243\344\027\213\260\022\346\235U \330\365\376\373""; previousledger: ""D!=\355\210\037\325\034/l\242\365\034!w\324\362\3252-\025\351\314\2334,\306Dd\037v\256""; ","proposeSeq: 0; currentTxHash: ""\000\000\000\000\000\000\000\000\000\000\000\000\000\000\000\000\000\000\000\000\000\000\000\000\000\000\000\000\000\000\000\000""; nodePubKey: ""\003ql\302)\235\321\t\213\224\356\374%%\311\327\037\374\304\t\335\2359\344\233\035]\347<u\236\364\222""; closeTime: 803902507; signature: ""0E\002!\000\312|\202P\375\270Z=\212\312\237\013\201\347(8\321i?l2\275v\3105\2014m\351\342\226\016\002 |\226\237/\335\255\001\2503\2639\322}\215\321\276G6\243\344\027\213\260\022\346\235U \330\365\376\373""; previousledger: ""D!=\355\210\037\325\034/l\242\365\034!w\324\362\3252-\025\351\314\2334,\306Dd\037v\256""; "
1750587307302,1750587307302,0,1,4,3,TMProposeSet,"proposeSeq: 0; currentTxHash: ""\000\000\000\000\000\000\000\000\000\000\000\000\000\000\000\000\000\000\000\000\000\000\000\000\000\000\000\000\000\000\000\000""; nodePubKey: ""\003ql\302)\235\321\t\213\224\356\374%%\311\327\037\374\304\t\335\2359\344\233\035]\347<u\236\364\222""; closeTime: 803902507; signature: ""0E\002!\000\312|\202P\375\270Z=\212\312\237\013\201\347(8\321i?l2\275v\3105\2014m\351\342\226\016\002 |\226\237/\335\255\001\2503\2639\322}\215\321\276G6\243\344\027\213\260\022\346\235U \330\365\376\373""; previousledger: ""D!=\355\210\037\325\034/l\242\365\034!w\324\362\3252-\025\351\314\2334,\306Dd\037v\256""; ","proposeSeq: 0; currentTxHash: ""\000\000\000\000\000\000\000\000\000\000\000\000\000\000\000\000\000\000\000\000\000\000\000\000\000\000\000\000\000\000\000\000""; nodePubKey: ""\003ql\302)\235\321\t\213\224\356\374%%\311\327\037\374\304\t\335\2359\344\233\035]\347<u\236\364\222""; closeTime: 803902507; signature: ""0E\002!\000\312|\202P\375\270Z=\212\312\237\013\201\347(8\321i?l2\275v\3105\2014m\351\342\226\016\002 |\226\237/\335\255\001\2503\2639\322}\215\321\276G6\243\344\027\213\260\022\346\235U \330\365\376\373""; previousledger: ""D!=\355\210\037\325\034/l\242\365\034!w\324\362\3252-\025\351\314\2334,\306Dd\037v\256""; "
1750587307303,1750587307303,0,1,4,1,TMProposeSet,"proposeSeq: 0; currentTxHash: ""\000\000\000\000\000\000\000\000\000\000\000\000\000\000\000\000\000\000\000\000\000\000\000\000\000\000\000\000\000\000\000\000""; nodePubKey: ""\003ql\302)\235\321\t\213\224\356\374%%\311\327\037\374\304\t\335\2359\344\233\035]\347<u\236\364\222""; closeTime: 803902507; signature: ""0E\002!\000\312|\202P\375\270Z=\212\312\237\013\201\347(8\321i?l2\275v\3105\2014m\351\342\226\016\002 |\226\237/\335\255\001\2503\2639\322}\215\321\276G6\243\344\027\213\260\022\346\235U \330\365\376\373""; previousledger: ""D!=\355\210\037\325\034/l\242\365\034!w\324\362\3252-\025\351\314\2334,\306Dd\037v\256""; ","proposeSeq: 0; currentTxHash: ""\000\000\000\000\000\000\000\000\000\000\000\000\000\000\000\000\000\000\000\000\000\000\000\000\000\000\000\000\000\000\000\000""; nodePubKey: ""\003ql\302)\235\321\t\213\224\356\374%%\311\327\037\374\304\t\335\2359\344\233\035]\347<u\236\364\222""; closeTime: 803902507; signature: ""0E\002!\000\312|\202P\375\270Z=\212\312\237\013\201\347(8\321i?l2\275v\3105\2014m\351\342\226\016\002 |\226\237/\335\255\001\2503\2639\322}\215\321\276G6\243\344\027\213\260\022\346\235U \330\365\376\373""; previousledger: ""D!=\355\210\037\325\034/l\242\365\034!w\324\362\3252-\025\351\314\2334,\306Dd\037v\256""; "
1750587307303,1750587307303,0,1,4,0,TMProposeSet,"proposeSeq: 0; currentTxHash: ""\000\000\000\000\000\000\000\000\000\000\000\000\000\000\000\000\000\000\000\000\000\000\000\000\000\000\000\000\000\000\000\000""; nodePubKey: ""\003ql\302)\235\321\t\213\224\356\374%%\311\327\037\374\304\t\335\2359\344\233\035]\347<u\236\364\222""; closeTime: 803902507; signature: ""0E\002!\000\312|\202P\375\270Z=\212\312\237\013\201\347(8\321i?l2\275v\3105\2014m\351\342\226\016\002 |\226\237/\335\255\001\2503\2639\322}\215\321\276G6\243\344\027\213\260\022\346\235U \330\365\376\373""; previousledger: ""D!=\355\210\037\325\034/l\242\365\034!w\324\362\3252-\025\351\314\2334,\306Dd\037v\256""; ","proposeSeq: 0; currentTxHash: ""\000\000\000\000\000\000\000\000\000\000\000\000\000\000\000\000\000\000\000\000\000\000\000\000\000\000\000\000\000\000\000\000""; nodePubKey: ""\003ql\302)\235\321\t\213\224\356\374%%\311\327\037\374\304\t\335\2359\344\233\035]\347<u\236\364\222""; closeTime: 803902507; signature: ""0E\002!\000\312|\202P\375\270Z=\212\312\237\013\201\347(8\321i?l2\275v\3105\2014m\351\342\226\016\002 |\226\237/\335\255\001\2503\2639\322}\215\321\276G6\243\344\027\213\260\022\346\235U \330\365\376\373""; previousledger: ""D!=\355\210\037\325\034/l\242\365\034!w\324\362\3252-\025\351\314\2334,\306Dd\037v\256""; "
1750587307305,1750587307305,0,1,3,2,TMProposeSet,"proposeSeq: 0; currentTxHash: ""\000\000\000\000\000\000\000\000\000\000\000\000\000\000\000\000\000\000\000\000\000\000\000\000\000\000\000\000\000\000\000\000""; nodePubKey: ""\003ql\302)\235\321\t\213\224\356\374%%\311\327\037\374\304\t\335\2359\344\233\035]\347<u\236\364\222""; closeTime: 803902507; signature: ""0E\002!\000\312|\202P\375\270Z=\212\312\237\013\201\347(8\321i?l2\275v\3105\2014m\351\342\226\016\002 |\226\237/\335\255\001\2503\2639\322}\215\321\276G6\243\344\027\213\260\022\346\235U \330\365\376\373""; previousledger: ""D!=\355\210\037\325\034/l\242\365\034!w\324\362\3252-\025\351\314\2334,\306Dd\037v\256""; ","proposeSeq: 0; currentTxHash: ""\000\000\000\000\000\000\000\000\000\000\000\000\000\000\000\000\000\000\000\000\000\000\000\000\000\000\000\000\000\000\000\000""; nodePubKey: ""\003ql\302)\235\321\t\213\224\356\374%%\311\327\037\374\304\t\335\2359\344\233\035]\347<u\236\364\222""; closeTime: 803902507; signature: ""0E\002!\000\312|\202P\375\270Z=\212\312\237\013\201\347(8\321i?l2\275v\3105\2014m\351\342\226\016\002 |\226\237/\335\255\001\2503\2639\322}\215\321\276G6\243\344\027\213\260\022\346\235U \330\365\376\373""; previousledger: ""D!=\355\210\037\325\034/l\242\365\034!w\324\362\3252-\025\351\314\2334,\306Dd\037v\256""; "
1750587307306,1750587307306,0,1,1,0,TMProposeSet,"proposeSeq: 0; currentTxHash: ""\000\000\000\000\000\000\000\000\000\000\000\000\000\000\000\000\000\000\000\000\000\000\000\000\000\000\000\000\000\000\000\000""; nodePubKey: ""\003ql\302)\235\321\t\213\224\356\374%%\311\327\037\374\304\t\335\2359\344\233\035]\347<u\236\364\222""; closeTime: 803902507; signature: ""0E\002!\000\312|\202P\375\270Z=\212\312\237\013\201\347(8\321i?l2\275v\3105\2014m\351\342\226\016\002 |\226\237/\335\255\001\2503\2639\322}\215\321\276G6\243\344\027\213\260\022\346\235U \330\365\376\373""; previousledger: ""D!=\355\210\037\325\034/l\242\365\034!w\324\362\3252-\025\351\314\2334,\306Dd\037v\256""; ","proposeSeq: 0; currentTxHash: ""\000\000\000\000\000\000\000\000\000\000\000\000\000\000\000\000\000\000\000\000\000\000\000\000\000\000\000\000\000\000\000\000""; nodePubKey: ""\003ql\302)\235\321\t\213\224\356\374%%\311\327\037\374\304\t\335\2359\344\233\035]\347<u\236\364\222""; closeTime: 803902507; signature: ""0E\002!\000\312|\202P\375\270Z=\212\312\237\013\201\347(8\321i?l2\275v\3105\2014m\351\342\226\016\002 |\226\237/\335\255\001\2503\2639\322}\215\321\276G6\243\344\027\213\260\022\346\235U \330\365\376\373""; previousledger: ""D!=\355\210\037\325\034/l\242\365\034!w\324\362\3252-\025\351\314\2334,\306Dd\037v\256""; "
1750587307306,1750587307306,0,1,3,0,TMProposeSet,"proposeSeq: 0; currentTxHash: ""\000\000\000\000\000\000\000\000\000\000\000\000\000\000\000\000\000\000\000\000\000\000\000\000\000\000\000\000\000\000\000\000""; nodePubKey: ""\003ql\302)\235\321\t\213\224\356\374%%\311\327\037\374\304\t\335\2359\344\233\035]\347<u\236\364\222""; closeTime: 803902507; signature: ""0E\002!\000\312|\202P\375\270Z=\212\312\237\013\201\347(8\321i?l2\275v\3105\2014m\351\342\226\016\002 |\226\237/\335\255\001\2503\2639\322}\215\321\276G6\243\344\027\213\260\022\346\235U \330\365\376\373""; previousledger: ""D!=\355\210\037\325\034/l\242\365\034!w\324\362\3252-\025\351\314\2334,\306Dd\037v\256""; ","proposeSeq: 0; currentTxHash: ""\000\000\000\000\000\000\000\000\000\000\000\000\000\000\000\000\000\000\000\000\000\000\000\000\000\000\000\000\000\000\000\000""; nodePubKey: ""\003ql\302)\235\321\t\213\224\356\374%%\311\327\037\374\304\t\335\2359\344\233\035]\347<u\236\364\222""; closeTime: 803902507; signature: ""0E\002!\000\312|\202P\375\270Z=\212\312\237\013\201\347(8\321i?l2\275v\3105\2014m\351\342\226\016\002 |\226\237/\335\255\001\2503\2639\322}\215\321\276G6\243\344\027\213\260\022\346\235U \330\365\376\373""; previousledger: ""D!=\355\210\037\325\034/l\242\365\034!w\324\362\3252-\025\351\314\2334,\306Dd\037v\256""; "
1750587307306,1750587307307,0,1,3,1,TMProposeSet,"proposeSeq: 0; currentTxHash: ""\000\000\000\000\000\000\000\000\000\000\000\000\000\000\000\000\000\000\000\000\000\000\000\000\000\000\000\000\000\000\000\000""; nodePubKey: ""\003ql\302)\235\321\t\213\224\356\374%%\311\327\037\374\304\t\335\2359\344\233\035]\347<u\236\364\222""; closeTime: 803902507; signature: ""0E\002!\000\312|\202P\375\270Z=\212\312\237\013\201\347(8\321i?l2\275v\3105\2014m\351\342\226\016\002 |\226\237/\335\255\001\2503\2639\322}\215\321\276G6\243\344\027\213\260\022\346\235U \330\365\376\373""; previousledger: ""D!=\355\210\037\325\034/l\242\365\034!w\324\362\3252-\025\351\314\2334,\306Dd\037v\256""; ","proposeSeq: 0; currentTxHash: ""\000\000\000\000\000\000\000\000\000\000\000\000\000\000\000\000\000\000\000\000\000\000\000\000\000\000\000\000\000\000\000\000""; nodePubKey: ""\003ql\302)\235\321\t\213\224\356\374%%\311\327\037\374\304\t\335\2359\344\233\035]\347<u\236\364\222""; closeTime: 803902507; signature: ""0E\002!\000\312|\202P\375\270Z=\212\312\237\013\201\347(8\321i?l2\275v\3105\2014m\351\342\226\016\002 |\226\237/\335\255\001\2503\2639\322}\215\321\276G6\243\344\027\213\260\022\346\235U \330\365\376\373""; previousledger: ""D!=\355\210\037\325\034/l\242\365\034!w\324\362\3252-\025\351\314\2334,\306Dd\037v\256""; "
1750587307308,1750587307308,0,1,1,2,TMProposeSet,"proposeSeq: 0; currentTxHash: ""\000\000\000\000\000\000\000\000\000\000\000\000\000\000\000\000\000\000\000\000\000\000\000\000\000\000\000\000\000\000\000\000""; nodePubKey: ""\003ql\302)\235\321\t\213\224\356\374%%\311\327\037\374\304\t\335\2359\344\233\035]\347<u\236\364\222""; closeTime: 803902507; signature: ""0E\002!\000\312|\202P\375\270Z=\212\312\237\013\201\347(8\321i?l2\275v\3105\2014m\351\342\226\016\002 |\226\237/\335\255\001\2503\2639\322}\215\321\276G6\243\344\027\213\260\022\346\235U \330\365\376\373""; previousledger: ""D!=\355\210\037\325\034/l\242\365\034!w\324\362\3252-\025\351\314\2334,\306Dd\037v\256""; ","proposeSeq: 0; currentTxHash: ""\000\000\000\000\000\000\000\000\000\000\000\000\000\000\000\000\000\000\000\000\000\000\000\000\000\000\000\000\000\000\000\000""; nodePubKey: ""\003ql\302)\235\321\t\213\224\356\374%%\311\327\037\374\304\t\335\2359\344\233\035]\347<u\236\364\222""; closeTime: 803902507; signature: ""0E\002!\000\312|\202P\375\270Z=\212\312\237\013\201\347(8\321i?l2\275v\3105\2014m\351\342\226\016\002 |\226\237/\335\255\001\2503\2639\322}\215\321\276G6\243\344\027\213\260\022\346\235U \330\365\376\373""; previousledger: ""D!=\355\210\037\325\034/l\242\365\034!w\324\362\3252-\025\351\314\2334,\306Dd\037v\256""; "
1750587307308,1750587307308,0,1,1,3,TMProposeSet,"proposeSeq: 0; currentTxHash: ""\000\000\000\000\000\000\000\000\000\000\000\000\000\000\000\000\000\000\000\000\000\000\000\000\000\000\000\000\000\000\000\000""; nodePubKey: ""\003ql\302)\235\321\t\213\224\356\374%%\311\327\037\374\304\t\335\2359\344\233\035]\347<u\236\364\222""; closeTime: 803902507; signature: ""0E\002!\000\312|\202P\375\270Z=\212\312\237\013\201\347(8\321i?l2\275v\3105\2014m\351\342\226\016\002 |\226\237/\335\255\001\2503\2639\322}\215\321\276G6\243\344\027\213\260\022\346\235U \330\365\376\373""; previousledger: ""D!=\355\210\037\325\034/l\242\365\034!w\324\362\3252-\025\351\314\2334,\306Dd\037v\256""; ","proposeSeq: 0; currentTxHash: ""\000\000\000\000\000\000\000\000\000\000\000\000\000\000\000\000\000\000\000\000\000\000\000\000\000\000\000\000\000\000\000\000""; nodePubKey: ""\003ql\302)\235\321\t\213\224\356\374%%\311\327\037\374\304\t\335\2359\344\233\035]\347<u\236\364\222""; closeTime: 803902507; signature: ""0E\002!\000\312|\202P\375\270Z=\212\312\237\013\201\347(8\321i?l2\275v\3105\2014m\351\342\226\016\002 |\226\237/\335\255\001\2503\2639\322}\215\321\276G6\243\344\027\213\260\022\346\235U \330\365\376\373""; previousledger: ""D!=\355\210\037\325\034/l\242\365\034!w\324\362\3252-\025\351\314\2334,\306Dd\037v\256""; "
1750587307309,1750587307309,0,1,0,3,TMProposeSet,"proposeSeq: 0; currentTxHash: ""\000\000\000\000\000\000\000\000\000\000\000\000\000\000\000\000\000\000\000\000\000\000\000\000\000\000\000\000\000\000\000\000""; nodePubKey: ""\003ql\302)\235\321\t\213\224\356\374%%\311\327\037\374\304\t\335\2359\344\233\035]\347<u\236\364\222""; closeTime: 803902507; signature: ""0E\002!\000\312|\202P\375\270Z=\212\312\237\013\201\347(8\321i?l2\275v\3105\2014m\351\342\226\016\002 |\226\237/\335\255\001\2503\2639\322}\215\321\276G6\243\344\027\213\260\022\346\235U \330\365\376\373""; previousledger: ""D!=\355\210\037\325\034/l\242\365\034!w\324\362\3252-\025\351\314\2334,\306Dd\037v\256""; ","proposeSeq: 0; currentTxHash: ""\000\000\000\000\000\000\000\000\000\000\000\000\000\000\000\000\000\000\000\000\000\000\000\000\000\000\000\000\000\000\000\000""; nodePubKey: ""\003ql\302)\235\321\t\213\224\356\374%%\311\327\037\374\304\t\335\2359\344\233\035]\347<u\236\364\222""; closeTime: 803902507; signature: ""0E\002!\000\312|\202P\375\270Z=\212\312\237\013\201\347(8\321i?l2\275v\3105\2014m\351\342\226\016\002 |\226\237/\335\255\001\2503\2639\322}\215\321\276G6\243\344\027\213\260\022\346\235U \330\365\376\373""; previousledger: ""D!=\355\210\037\325\034/l\242\365\034!w\324\362\3252-\025\351\314\2334,\306Dd\037v\256""; "
1750587307310,1750587307310,0,1,0,1,TMProposeSet,"proposeSeq: 0; currentTxHash: ""\000\000\000\000\000\000\000\000\000\000\000\000\000\000\000\000\000\000\000\000\000\000\000\000\000\000\000\000\000\000\000\000""; nodePubKey: ""\003ql\302)\235\321\t\213\224\356\374%%\311\327\037\374\304\t\335\2359\344\233\035]\347<u\236\364\222""; closeTime: 803902507; signature: ""0E\002!\000\312|\202P\375\270Z=\212\312\237\013\201\347(8\321i?l2\275v\3105\2014m\351\342\226\016\002 |\226\237/\335\255\001\2503\2639\322}\215\321\276G6\243\344\027\213\260\022\346\235U \330\365\376\373""; previousledger: ""D!=\355\210\037\325\034/l\242\365\034!w\324\362\3252-\025\351\314\2334,\306Dd\037v\256""; ","proposeSeq: 0; currentTxHash: ""\000\000\000\000\000\000\000\000\000\000\000\000\000\000\000\000\000\000\000\000\000\000\000\000\000\000\000\000\000\000\000\000""; nodePubKey: ""\003ql\302)\235\321\t\213\224\356\374%%\311\327\037\374\304\t\335\2359\344\233\035]\347<u\236\364\222""; closeTime: 803902507; signature: ""0E\002!\000\312|\202P\375\270Z=\212\312\237\013\201\347(8\321i?l2\275v\3105\2014m\351\342\226\016\002 |\226\237/\335\255\001\2503\2639\322}\215\321\276G6\243\344\027\213\260\022\346\235U \330\365\376\373""; previousledger: ""D!=\355\210\037\325\034/l\242\365\034!w\324\362\3252-\025\351\314\2334,\306Dd\037v\256""; "
1750587307311,1750587307311,0,1,0,2,TMProposeSet,"proposeSeq: 0; currentTxHash: ""\000\000\000\000\000\000\000\000\000\000\000\000\000\000\000\000\000\000\000\000\000\000\000\000\000\000\000\000\000\000\000\000""; nodePubKey: ""\003ql\302)\235\321\t\213\224\356\374%%\311\327\037\374\304\t\335\2359\344\233\035]\347<u\236\364\222""; closeTime: 803902507; signature: ""0E\002!\000\312|\202P\375\270Z=\212\312\237\013\201\347(8\321i?l2\275v\3105\2014m\351\342\226\016\002 |\226\237/\335\255\001\2503\2639\322}\215\321\276G6\243\344\027\213\260\022\346\235U \330\365\376\373""; previousledger: ""D!=\355\210\037\325\034/l\242\365\034!w\324\362\3252-\025\351\314\2334,\306Dd\037v\256""; ","proposeSeq: 0; currentTxHash: ""\000\000\000\000\000\000\000\000\000\000\000\000\000\000\000\000\000\000\000\000\000\000\000\000\000\000\000\000\000\000\000\000""; nodePubKey: ""\003ql\302)\235\321\t\213\224\356\374%%\311\327\037\374\304\t\335\2359\344\233\035]\347<u\236\364\222""; closeTime: 803902507; signature: ""0E\002!\000\312|\202P\375\270Z=\212\312\237\013\201\347(8\321i?l2\275v\3105\2014m\351\342\226\016\002 |\226\237/\335\255\001\2503\2639\322}\215\321\276G6\243\344\027\213\260\022\346\235U \330\365\376\373""; previousledger: ""D!=\355\210\037\325\034/l\242\365\034!w\324\362\3252-\025\351\314\2334,\306Dd\037v\256""; "
1750587307311,1750587307312,0,1,2,3,TMProposeSet,"proposeSeq: 0; currentTxHash: ""\000\000\000\000\000\000\000\000\000\000\000\000\000\000\000\000\000\000\000\000\000\000\000\000\000\000\000\000\000\000\000\000""; nodePubKey: ""\003ql\302)\235\321\t\213\224\356\374%%\311\327\037\374\304\t\335\2359\344\233\035]\347<u\236\364\222""; closeTime: 803902507; signature: ""0E\002!\000\312|\202P\375\270Z=\212\312\237\013\201\347(8\321i?l2\275v\3105\2014m\351\342\226\016\002 |\226\237/\335\255\001\2503\2639\322}\215\321\276G6\243\344\027\213\260\022\346\235U \330\365\376\373""; previousledger: ""D!=\355\210\037\325\034/l\242\365\034!w\324\362\3252-\025\351\314\2334,\306Dd\037v\256""; ","proposeSeq: 0; currentTxHash: ""\000\000\000\000\000\000\000\000\000\000\000\000\000\000\000\000\000\000\000\000\000\000\000\000\000\000\000\000\000\000\000\000""; nodePubKey: ""\003ql\302)\235\321\t\213\224\356\374%%\311\327\037\374\304\t\335\2359\344\233\035]\347<u\236\364\222""; closeTime: 803902507; signature: ""0E\002!\000\312|\202P\375\270Z=\212\312\237\013\201\347(8\321i?l2\275v\3105\2014m\351\342\226\016\002 |\226\237/\335\255\001\2503\2639\322}\215\321\276G6\243\344\027\213\260\022\346\235U \330\365\376\373""; previousledger: ""D!=\355\210\037\325\034/l\242\365\034!w\324\362\3252-\025\351\314\2334,\306Dd\037v\256""; "
1750587307313,1750587307314,0,1,2,1,TMProposeSet,"proposeSeq: 0; currentTxHash: ""\000\000\000\000\000\000\000\000\000\000\000\000\000\000\000\000\000\000\000\000\000\000\000\000\000\000\000\000\000\000\000\000""; nodePubKey: ""\003ql\302)\235\321\t\213\224\356\374%%\311\327\037\374\304\t\335\2359\344\233\035]\347<u\236\364\222""; closeTime: 803902507; signature: ""0E\002!\000\312|\202P\375\270Z=\212\312\237\013\201\347(8\321i?l2\275v\3105\2014m\351\342\226\016\002 |\226\237/\335\255\001\2503\2639\322}\215\321\276G6\243\344\027\213\260\022\346\235U \330\365\376\373""; previousledger: ""D!=\355\210\037\325\034/l\242\365\034!w\324\362\3252-\025\351\314\2334,\306Dd\037v\256""; ","proposeSeq: 0; currentTxHash: ""\000\000\000\000\000\000\000\000\000\000\000\000\000\000\000\000\000\000\000\000\000\000\000\000\000\000\000\000\000\000\000\000""; nodePubKey: ""\003ql\302)\235\321\t\213\224\356\374%%\311\327\037\374\304\t\335\2359\344\233\035]\347<u\236\364\222""; closeTime: 803902507; signature: ""0E\002!\000\312|\202P\375\270Z=\212\312\237\013\201\347(8\321i?l2\275v\3105\2014m\351\342\226\016\002 |\226\237/\335\255\001\2503\2639\322}\215\321\276G6\243\344\027\213\260\022\346\235U \330\365\376\373""; previousledger: ""D!=\355\210\037\325\034/l\242\365\034!w\324\362\3252-\025\351\314\2334,\306Dd\037v\256""; "
1750587307315,1750587307315,0,1,2,0,TMProposeSet,"proposeSeq: 0; currentTxHash: ""\000\000\000\000\000\000\000\000\000\000\000\000\000\000\000\000\000\000\000\000\000\000\000\000\000\000\000\000\000\000\000\000""; nodePubKey: ""\003ql\302)\235\321\t\213\224\356\374%%\311\327\037\374\304\t\335\2359\344\233\035]\347<u\236\364\222""; closeTime: 803902507; signature: ""0E\002!\000\312|\202P\375\270Z=\212\312\237\013\201\347(8\321i?l2\275v\3105\2014m\351\342\226\016\002 |\226\237/\335\255\001\2503\2639\322}\215\321\276G6\243\344\027\213\260\022\346\235U \330\365\376\373""; previousledger: ""D!=\355\210\037\325\034/l\242\365\034!w\324\362\3252-\025\351\314\2334,\306Dd\037v\256""; ","proposeSeq: 0; currentTxHash: ""\000\000\000\000\000\000\000\000\000\000\000\000\000\000\000\000\000\000\000\000\000\000\000\000\000\000\000\000\000\000\000\000""; nodePubKey: ""\003ql\302)\235\321\t\213\224\356\374%%\311\327\037\374\304\t\335\2359\344\233\035]\347<u\236\364\222""; closeTime: 803902507; signature: ""0E\002!\000\312|\202P\375\270Z=\212\312\237\013\201\347(8\321i?l2\275v\3105\2014m\351\342\226\016\002 |\226\237/\335\255\001\2503\2639\322}\215\321\276G6\243\344\027\213\260\022\346\235U \330\365\376\373""; previousledger: ""D!=\355\210\037\325\034/l\242\365\034!w\324\362\3252-\025\351\314\2334,\306Dd\037v\256""; "
1750587307296,1750587307371,0,1,2,3,TMStatusChange,"newEvent: neCLOSING_LEDGER; ledgerSeq: 14; ledgerHash: ""D!=\355\210\037\325\034/l\242\365\034!w\324\362\3252-\025\351\314\2334,\306Dd\037v\256""; ledgerHashPrevious: ""\302\001\313@D\264\016\334\r\034\035\\276\225\314|\234S*r\007\370x>\305D*\007b\276v\316""; networkTime: 803902507; firstSeq: 1; lastSeq: 14; ","newEvent: neCLOSING_LEDGER; ledgerSeq: 14; ledgerHash: ""D!=\355\210\037\325\034/l\242\365\034!w\324\362\3252-\025\351\314\2334,\306Dd\037v\256""; ledgerHashPrevious: ""\302\001\313@D\264\016\334\r\034\035\\276\225\314|\234S*r\007\370x>\305D*\007b\276v\316""; networkTime: 803902507; firstSeq: 1; lastSeq: 14; "
1750587307298,1750587307372,0,1,2,4,TMStatusChange,"newEvent: neCLOSING_LEDGER; ledgerSeq: 14; ledgerHash: ""D!=\355\210\037\325\034/l\242\365\034!w\324\362\3252-\025\351\314\2334,\306Dd\037v\256""; ledgerHashPrevious: ""\302\001\313@D\264\016\334\r\034\035\\276\225\314|\234S*r\007\370x>\305D*\007b\276v\316""; networkTime: 803902507; firstSeq: 1; lastSeq: 14; ","newEvent: neCLOSING_LEDGER; ledgerSeq: 14; ledgerHash: ""D!=\355\210\037\325\034/l\242\365\034!w\324\362\3252-\025\351\314\2334,\306Dd\037v\256""; ledgerHashPrevious: ""\302\001\313@D\264\016\334\r\034\035\\276\225\314|\234S*r\007\370x>\305D*\007b\276v\316""; networkTime: 803902507; firstSeq: 1; lastSeq: 14; "
1750587307298,1750587307372,0,1,2,0,TMStatusChange,"newEvent: neCLOSING_LEDGER; ledgerSeq: 14; ledgerHash: ""D!=\355\210\037\325\034/l\242\365\034!w\324\362\3252-\025\351\314\2334,\306Dd\037v\256""; ledgerHashPrevious: ""\302\001\313@D\264\016\334\r\034\035\\276\225\314|\234S*r\007\370x>\305D*\007b\276v\316""; networkTime: 803902507; firstSeq: 1; lastSeq: 14; ","newEvent: neCLOSING_LEDGER; ledgerSeq: 14; ledgerHash: ""D!=\355\210\037\325\034/l\242\365\034!w\324\362\3252-\025\351\314\2334,\306Dd\037v\256""; ledgerHashPrevious: ""\302\001\313@D\264\016\334\r\034\035\\276\225\314|\234S*r\007\370x>\305D*\007b\276v\316""; networkTime: 803902507; firstSeq: 1; lastSeq: 14; "
1750587307299,1750587307373,0,1,2,1,TMStatusChange,"newEvent: neCLOSING_LEDGER; ledgerSeq: 14; ledgerHash: ""D!=\355\210\037\325\034/l\242\365\034!w\324\362\3252-\025\351\314\2334,\306Dd\037v\256""; ledgerHashPrevious: ""\302\001\313@D\264\016\334\r\034\035\\276\225\314|\234S*r\007\370x>\305D*\007b\276v\316""; networkTime: 803902507; firstSeq: 1; lastSeq: 14; ","newEvent: neCLOSING_LEDGER; ledgerSeq: 14; ledgerHash: ""D!=\355\210\037\325\034/l\242\365\034!w\324\362\3252-\025\351\314\2334,\306Dd\037v\256""; ledgerHashPrevious: ""\302\001\313@D\264\016\334\r\034\035\\276\225\314|\234S*r\007\370x>\305D*\007b\276v\316""; networkTime: 803902507; firstSeq: 1; lastSeq: 14; "
1750587307768,1750587307768,0,1,4,2,TMProposeSet,"proposeSeq: 0; currentTxHash: ""\000\000\000\000\000\000\000\000\000\000\000\000\000\000\000\000\000\000\000\000\000\000\000\000\000\000\000\000\000\000\000\000""; nodePubKey: ""\003.\200\224\215?)t\306\315\242\313\251\255\302\204=\232.\271%}\013\024s\024\002@\216l""\241F""; closeTime: 803902507; signature: ""0D\002 B\373$\333\000\311\277\220\002\314\336\2434&\005\346\235\003P\340?\347?\235\221}A\251\270\201\371\250\002 V\340\270\006P\034X\202\001E2s%gt>\370\337\205z\034\314\273\353\221\262H\026~\005\004L""; previousledger: ""D!=\355\210\037\325\034/l\242\365\034!w\324\362\3252-\025\351\314\2334,\306Dd\037v\256""; ","proposeSeq: 0; currentTxHash: ""\000\000\000\000\000\000\000\000\000\000\000\000\000\000\000\000\000\000\000\000\000\000\000\000\000\000\000\000\000\000\000\000""; nodePubKey: ""\003.\200\224\215?)t\306\315\242\313\251\255\302\204=\232.\271%}\013\024s\024\002@\216l""\241F""; closeTime: 803902507; signature: ""0D\002 B\373$\333\000\311\277\220\002\314\336\2434&\005\346\235\003P\340?\347?\235\221}A\251\270\201\371\250\002 V\340\270\006P\034X\202\001E2s%gt>\370\337\205z\034\314\273\353\221\262H\026~\005\004L""; previousledger: ""D!=\355\210\037\325\034/l\242\365\034!w\324\362\3252-\025\351\314\2334,\306Dd\037v\256""; "
1750587307773,1750587307773,0,1,4,0,TMProposeSet,"proposeSeq: 0; currentTxHash: ""\000\000\000\000\000\000\000\000\000\000\000\000\000\000\000\000\000\000\000\000\000\000\000\000\000\000\000\000\000\000\000\000""; nodePubKey: ""\003.\200\224\215?)t\306\315\242\313\251\255\302\204=\232.\271%}\013\024s\024\002@\216l""\241F""; closeTime: 803902507; signature: ""0D\002 B\373$\333\000\311\277\220\002\314\336\2434&\005\346\235\003P\340?\347?\235\221}A\251\270\201\371\250\002 V\340\270\006P\034X\202\001E2s%gt>\370\337\205z\034\314\273\353\221\262H\026~\005\004L""; previousledger: ""D!=\355\210\037\325\034/l\242\365\034!w\324\362\3252-\025\351\314\2334,\306Dd\037v\256""; ","proposeSeq: 0; currentTxHash: ""\000\000\000\000\000\000\000\000\000\000\000\000\000\000\000\000\000\000\000\000\000\000\000\000\000\000\000\000\000\000\000\000""; nodePubKey: ""\003.\200\224\215?)t\306\315\242\313\251\255\302\204=\232.\271%}\013\024s\024\002@\216l""\241F""; closeTime: 803902507; signature: ""0D\002 B\373$\333\000\311\277\220\002\314\336\2434&\005\346\235\003P\340?\347?\235\221}A\251\270\201\371\250\002 V\340\270\006P\034X\202\001E2s%gt>\370\337\205z\034\314\273\353\221\262H\026~\005\004L""; previousledger: ""D!=\355\210\037\325\034/l\242\365\034!w\324\362\3252-\025\351\314\2334,\306Dd\037v\256""; "
1750587307771,1750587307771,0,1,4,3,TMProposeSet,"proposeSeq: 0; currentTxHash: ""\000\000\000\000\000\000\000\000\000\000\000\000\000\000\000\000\000\000\000\000\000\000\000\000\000\000\000\000\000\000\000\000""; nodePubKey: ""\003.\200\224\215?)t\306\315\242\313\251\255\302\204=\232.\271%}\013\024s\024\002@\216l""\241F""; closeTime: 803902507; signature: ""0D\002 B\373$\333\000\311\277\220\002\314\336\2434&\005\346\235\003P\340?\347?\235\221}A\251\270\201\371\250\002 V\340\270\006P\034X\202\001E2s%gt>\370\337\205z\034\314\273\353\221\262H\026~\005\004L""; previousledger: ""D!=\355\210\037\325\034/l\242\365\034!w\324\362\3252-\025\351\314\2334,\306Dd\037v\256""; ","proposeSeq: 0; currentTxHash: ""\000\000\000\000\000\000\000\000\000\000\000\000\000\000\000\000\000\000\000\000\000\000\000\000\000\000\000\000\000\000\000\000""; nodePubKey: ""\003.\200\224\215?)t\306\315\242\313\251\255\302\204=\232.\271%}\013\024s\024\002@\216l""\241F""; closeTime: 803902507; signature: ""0D\002 B\373$\333\000\311\277\220\002\314\336\2434&\005\346\235\003P\340?\347?\235\221}A\251\270\201\371\250\002 V\340\270\006P\034X\202\001E2s%gt>\370\337\205z\034\314\273\353\221\262H\026~\005\004L""; previousledger: ""D!=\355\210\037\325\034/l\242\365\034!w\324\362\3252-\025\351\314\2334,\306Dd\037v\256""; "
1750587307773,1750587307774,0,1,4,1,TMProposeSet,"proposeSeq: 0; currentTxHash: ""\000\000\000\000\000\000\000\000\000\000\000\000\000\000\000\000\000\000\000\000\000\000\000\000\000\000\000\000\000\000\000\000""; nodePubKey: ""\003.\200\224\215?)t\306\315\242\313\251\255\302\204=\232.\271%}\013\024s\024\002@\216l""\241F""; closeTime: 803902507; signature: ""0D\002 B\373$\333\000\311\277\220\002\314\336\2434&\005\346\235\003P\340?\347?\235\221}A\251\270\201\371\250\002 V\340\270\006P\034X\202\001E2s%gt>\370\337\205z\034\314\273\353\221\262H\026~\005\004L""; previousledger: ""D!=\355\210\037\325\034/l\242\365\034!w\324\362\3252-\025\351\314\2334,\306Dd\037v\256""; ","proposeSeq: 0; currentTxHash: ""\000\000\000\000\000\000\000\000\000\000\000\000\000\000\000\000\000\000\000\000\000\000\000\000\000\000\000\000\000\000\000\000""; nodePubKey: ""\003.\200\224\215?)t\306\315\242\313\251\255\302\204=\232.\271%}\013\024s\024\002@\216l""\241F""; closeTime: 803902507; signature: ""0D\002 B\373$\333\000\311\277\220\002\314\336\2434&\005\346\235\003P\340?\347?\235\221}A\251\270\201\371\250\002 V\340\270\006P\034X\202\001E2s%gt>\370\337\205z\034\314\273\353\221\262H\026~\005\004L""; previousledger: ""D!=\355\210\037\325\034/l\242\365\034!w\324\362\3252-\025\351\314\2334,\306Dd\037v\256""; "
1750587307776,1750587307776,0,1,2,3,TMProposeSet,"proposeSeq: 0; currentTxHash: ""\000\000\000\000\000\000\000\000\000\000\000\000\000\000\000\000\000\000\000\000\000\000\000\000\000\000\000\000\000\000\000\000""; nodePubKey: ""\003.\200\224\215?)t\306\315\242\313\251\255\302\204=\232.\271%}\013\024s\024\002@\216l""\241F""; closeTime: 803902507; signature: ""0D\002 B\373$\333\000\311\277\220\002\314\336\2434&\005\346\235\003P\340?\347?\235\221}A\251\270\201\371\250\002 V\340\270\006P\034X\202\001E2s%gt>\370\337\205z\034\314\273\353\221\262H\026~\005\004L""; previousledger: ""D!=\355\210\037\325\034/l\242\365\034!w\324\362\3252-\025\351\314\2334,\306Dd\037v\256""; ","proposeSeq: 0; currentTxHash: ""\000\000\000\000\000\000\000\000\000\000\000\000\000\000\000\000\000\000\000\000\000\000\000\000\000\000\000\000\000\000\000\000""; nodePubKey: ""\003.\200\224\215?)t\306\315\242\313\251\255\302\204=\232.\271%}\013\024s\024\002@\216l""\241F""; closeTime: 803902507; signature: ""0D\002 B\373$\333\000\311\277\220\002\314\336\2434&\005\346\235\003P\340?\347?\235\221}A\251\270\201\371\250\002 V\340\270\006P\034X\202\001E2s%gt>\370\337\205z\034\314\273\353\221\262H\026~\005\004L""; previousledger: ""D!=\355\210\037\325\034/l\242\365\034!w\324\362\3252-\025\351\314\2334,\306Dd\037v\256""; "
1750587307776,1750587307776,0,1,2,1,TMProposeSet,"proposeSeq: 0; currentTxHash: ""\000\000\000\000\000\000\000\000\000\000\000\000\000\000\000\000\000\000\000\000\000\000\000\000\000\000\000\000\000\000\000\000""; nodePubKey: ""\003.\200\224\215?)t\306\315\242\313\251\255\302\204=\232.\271%}\013\024s\024\002@\216l""\241F""; closeTime: 803902507; signature: ""0D\002 B\373$\333\000\311\277\220\002\314\336\2434&\005\346\235\003P\340?\347?\235\221}A\251\270\201\371\250\002 V\340\270\006P\034X\202\001E2s%gt>\370\337\205z\034\314\273\353\221\262H\026~\005\004L""; previousledger: ""D!=\355\210\037\325\034/l\242\365\034!w\324\362\3252-\025\351\314\2334,\306Dd\037v\256""; ","proposeSeq: 0; currentTxHash: ""\000\000\000\000\000\000\000\000\000\000\000\000\000\000\000\000\000\000\000\000\000\000\000\000\000\000\000\000\000\000\000\000""; nodePubKey: ""\003.\200\224\215?)t\306\315\242\313\251\255\302\204=\232.\271%}\013\024s\024\002@\216l""\241F""; closeTime: 803902507; signature: ""0D\002 B\373$\333\000\311\277\220\002\314\336\2434&\005\346\235\003P\340?\347?\235\221}A\251\270\201\371\250\002 V\340\270\006P\034X\202\001E2s%gt>\370\337\205z\034\314\273\353\221\262H\026~\005\004L""; previousledger: ""D!=\355\210\037\325\034/l\242\365\034!w\324\362\3252-\025\351\314\2334,\306Dd\037v\256""; "
1750587307776,1750587307777,0,1,2,0,TMProposeSet,"proposeSeq: 0; currentTxHash: ""\000\000\000\000\000\000\000\000\000\000\000\000\000\000\000\000\000\000\000\000\000\000\000\000\000\000\000\000\000\000\000\000""; nodePubKey: ""\003.\200\224\215?)t\306\315\242\313\251\255\302\204=\232.\271%}\013\024s\024\002@\216l""\241F""; closeTime: 803902507; signature: ""0D\002 B\373$\333\000\311\277\220\002\314\336\2434&\005\346\235\003P\340?\347?\235\221}A\251\270\201\371\250\002 V\340\270\006P\034X\202\001E2s%gt>\370\337\205z\034\314\273\353\221\262H\026~\005\004L""; previousledger: ""D!=\355\210\037\325\034/l\242\365\034!w\324\362\3252-\025\351\314\2334,\306Dd\037v\256""; ","proposeSeq: 0; currentTxHash: ""\000\000\000\000\000\000\000\000\000\000\000\000\000\000\000\000\000\000\000\000\000\000\000\000\000\000\000\000\000\000\000\000""; nodePubKey: ""\003.\200\224\215?)t\306\315\242\313\251\255\302\204=\232.\271%}\013\024s\024\002@\216l""\241F""; closeTime: 803902507; signature: ""0D\002 B\373$\333\000\311\277\220\002\314\336\2434&\005\346\235\003P\340?\347?\235\221}A\251\270\201\371\250\002 V\340\270\006P\034X\202\001E2s%gt>\370\337\205z\034\314\273\353\221\262H\026~\005\004L""; previousledger: ""D!=\355\210\037\325\034/l\242\365\034!w\324\362\3252-\025\351\314\2334,\306Dd\037v\256""; "
1750587307777,1750587307777,0,1,0,3,TMProposeSet,"proposeSeq: 0; currentTxHash: ""\000\000\000\000\000\000\000\000\000\000\000\000\000\000\000\000\000\000\000\000\000\000\000\000\000\000\000\000\000\000\000\000""; nodePubKey: ""\003.\200\224\215?)t\306\315\242\313\251\255\302\204=\232.\271%}\013\024s\024\002@\216l""\241F""; closeTime: 803902507; signature: ""0D\002 B\373$\333\000\311\277\220\002\314\336\2434&\005\346\235\003P\340?\347?\235\221}A\251\270\201\371\250\002 V\340\270\006P\034X\202\001E2s%gt>\370\337\205z\034\314\273\353\221\262H\026~\005\004L""; previousledger: ""D!=\355\210\037\325\034/l\242\365\034!w\324\362\3252-\025\351\314\2334,\306Dd\037v\256""; ","proposeSeq: 0; currentTxHash: ""\000\000\000\000\000\000\000\000\000\000\000\000\000\000\000\000\000\000\000\000\000\000\000\000\000\000\000\000\000\000\000\000""; nodePubKey: ""\003.\200\224\215?)t\306\315\242\313\251\255\302\204=\232.\271%}\013\024s\024\002@\216l""\241F""; closeTime: 803902507; signature: ""0D\002 B\373$\333\000\311\277\220\002\314\336\2434&\005\346\235\003P\340?\347?\235\221}A\251\270\201\371\250\002 V\340\270\006P\034X\202\001E2s%gt>\370\337\205z\034\314\273\353\221\262H\026~\005\004L""; previousledger: ""D!=\355\210\037\325\034/l\242\365\034!w\324\362\3252-\025\351\314\2334,\306Dd\037v\256""; "
1750587307778,1750587307778,0,1,0,1,TMProposeSet,"proposeSeq: 0; currentTxHash: ""\000\000\000\000\000\000\000\000\000\000\000\000\000\000\000\000\000\000\000\000\000\000\000\000\000\000\000\000\000\000\000\000""; nodePubKey: ""\003.\200\224\215?)t\306\315\242\313\251\255\302\204=\232.\271%}\013\024s\024\002@\216l""\241F""; closeTime: 803902507; signature: ""0D\002 B\373$\333\000\311\277\220\002\314\336\2434&\005\346\235\003P\340?\347?\235\221}A\251\270\201\371\250\002 V\340\270\006P\034X\202\001E2s%gt>\370\337\205z\034\314\273\353\221\262H\026~\005\004L""; previousledger: ""D!=\355\210\037\325\034/l\242\365\034!w\324\362\3252-\025\351\314\2334,\306Dd\037v\256""; ","proposeSeq: 0; currentTxHash: ""\000\000\000\000\000\000\000\000\000\000\000\000\000\000\000\000\000\000\000\000\000\000\000\000\000\000\000\000\000\000\000\000""; nodePubKey: ""\003.\200\224\215?)t\306\315\242\313\251\255\302\204=\232.\271%}\013\024s\024\002@\216l""\241F""; closeTime: 803902507; signature: ""0D\002 B\373$\333\000\311\277\220\002\314\336\2434&\005\346\235\003P\340?\347?\235\221}A\251\270\201\371\250\002 V\340\270\006P\034X\202\001E2s%gt>\370\337\205z\034\314\273\353\221\262H\026~\005\004L""; previousledger: ""D!=\355\210\037\325\034/l\242\365\034!w\324\362\3252-\025\351\314\2334,\306Dd\037v\256""; "
1750587307778,1750587307778,0,1,0,2,TMProposeSet,"proposeSeq: 0; currentTxHash: ""\000\000\000\000\000\000\000\000\000\000\000\000\000\000\000\000\000\000\000\000\000\000\000\000\000\000\000\000\000\000\000\000""; nodePubKey: ""\003.\200\224\215?)t\306\315\242\313\251\255\302\204=\232.\271%}\013\024s\024\002@\216l""\241F""; closeTime: 803902507; signature: ""0D\002 B\373$\333\000\311\277\220\002\314\336\2434&\005\346\235\003P\340?\347?\235\221}A\251\270\201\371\250\002 V\340\270\006P\034X\202\001E2s%gt>\370\337\205z\034\314\273\353\221\262H\026~\005\004L""; previousledger: ""D!=\355\210\037\325\034/l\242\365\034!w\324\362\3252-\025\351\314\2334,\306Dd\037v\256""; ","proposeSeq: 0; currentTxHash: ""\000\000\000\000\000\000\000\000\000\000\000\000\000\000\000\000\000\000\000\000\000\000\000\000\000\000\000\000\000\000\000\000""; nodePubKey: ""\003.\200\224\215?)t\306\315\242\313\251\255\302\204=\232.\271%}\013\024s\024\002@\216l""\241F""; closeTime: 803902507; signature: ""0D\002 B\373$\333\000\311\277\220\002\314\336\2434&\005\346\235\003P\340?\347?\235\221}A\251\270\201\371\250\002 V\340\270\006P\034X\202\001E2s%gt>\370\337\205z\034\314\273\353\221\262H\026~\005\004L""; previousledger: ""D!=\355\210\037\325\034/l\242\365\034!w\324\362\3252-\025\351\314\2334,\306Dd\037v\256""; "
1750587307779,1750587307779,0,1,3,1,TMProposeSet,"proposeSeq: 0; currentTxHash: ""\000\000\000\000\000\000\000\000\000\000\000\000\000\000\000\000\000\000\000\000\000\000\000\000\000\000\000\000\000\000\000\000""; nodePubKey: ""\003.\200\224\215?)t\306\315\242\313\251\255\302\204=\232.\271%}\013\024s\024\002@\216l""\241F""; closeTime: 803902507; signature: ""0D\002 B\373$\333\000\311\277\220\002\314\336\2434&\005\346\235\003P\340?\347?\235\221}A\251\270\201\371\250\002 V\340\270\006P\034X\202\001E2s%gt>\370\337\205z\034\314\273\353\221\262H\026~\005\004L""; previousledger: ""D!=\355\210\037\325\034/l\242\365\034!w\324\362\3252-\025\351\314\2334,\306Dd\037v\256""; ","proposeSeq: 0; currentTxHash: ""\000\000\000\000\000\000\000\000\000\000\000\000\000\000\000\000\000\000\000\000\000\000\000\000\000\000\000\000\000\000\000\000""; nodePubKey: ""\003.\200\224\215?)t\306\315\242\313\251\255\302\204=\232.\271%}\013\024s\024\002@\216l""\241F""; closeTime: 803902507; signature: ""0D\002 B\373$\333\000\311\277\220\002\314\336\2434&\005\346\235\003P\340?\347?\235\221}A\251\270\201\371\250\002 V\340\270\006P\034X\202\001E2s%gt>\370\337\205z\034\314\273\353\221\262H\026~\005\004L""; previousledger: ""D!=\355\210\037\325\034/l\242\365\034!w\324\362\3252-\025\351\314\2334,\306Dd\037v\256""; "
1750587307780,1750587307780,0,1,3,0,TMProposeSet,"proposeSeq: 0; currentTxHash: ""\000\000\000\000\000\000\000\000\000\000\000\000\000\000\000\000\000\000\000\000\000\000\000\000\000\000\000\000\000\000\000\000""; nodePubKey: ""\003.\200\224\215?)t\306\315\242\313\251\255\302\204=\232.\271%}\013\024s\024\002@\216l""\241F""; closeTime: 803902507; signature: ""0D\002 B\373$\333\000\311\277\220\002\314\336\2434&\005\346\235\003P\340?\347?\235\221}A\251\270\201\371\250\002 V\340\270\006P\034X\202\001E2s%gt>\370\337\205z\034\314\273\353\221\262H\026~\005\004L""; previousledger: ""D!=\355\210\037\325\034/l\242\365\034!w\324\362\3252-\025\351\314\2334,\306Dd\037v\256""; ","proposeSeq: 0; currentTxHash: ""\000\000\000\000\000\000\000\000\000\000\000\000\000\000\000\000\000\000\000\000\000\000\000\000\000\000\000\000\000\000\000\000""; nodePubKey: ""\003.\200\224\215?)t\306\315\242\313\251\255\302\204=\232.\271%}\013\024s\024\002@\216l""\241F""; closeTime: 803902507; signature: ""0D\002 B\373$\333\000\311\277\220\002\314\336\2434&\005\346\235\003P\340?\347?\235\221}A\251\270\201\371\250\002 V\340\270\006P\034X\202\001E2s%gt>\370\337\205z\034\314\273\353\221\262H\026~\005\004L""; previousledger: ""D!=\355\210\037\325\034/l\242\365\034!w\324\362\3252-\025\351\314\2334,\306Dd\037v\256""; "
1750587307780,1750587307780,0,1,3,2,TMProposeSet,"proposeSeq: 0; currentTxHash: ""\000\000\000\000\000\000\000\000\000\000\000\000\000\000\000\000\000\000\000\000\000\000\000\000\000\000\000\000\000\000\000\000""; nodePubKey: ""\003.\200\224\215?)t\306\315\242\313\251\255\302\204=\232.\271%}\013\024s\024\002@\216l""\241F""; closeTime: 803902507; signature: ""0D\002 B\373$\333\000\311\277\220\002\314\336\2434&\005\346\235\003P\340?\347?\235\221}A\251\270\201\371\250\002 V\340\270\006P\034X\202\001E2s%gt>\370\337\205z\034\314\273\353\221\262H\026~\005\004L""; previousledger: ""D!=\355\210\037\325\034/l\242\365\034!w\324\362\3252-\025\351\314\2334,\306Dd\037v\256""; ","proposeSeq: 0; currentTxHash: ""\000\000\000\000\000\000\000\000\000\000\000\000\000\000\000\000\000\000\000\000\000\000\000\000\000\000\000\000\000\000\000\000""; nodePubKey: ""\003.\200\224\215?)t\306\315\242\313\251\255\302\204=\232.\271%}\013\024s\024\002@\216l""\241F""; closeTime: 803902507; signature: ""0D\002 B\373$\333\000\311\277\220\002\314\336\2434&\005\346\235\003P\340?\347?\235\221}A\251\270\201\371\250\002 V\340\270\006P\034X\202\001E2s%gt>\370\337\205z\034\314\273\353\221\262H\026~\005\004L""; previousledger: ""D!=\355\210\037\325\034/l\242\365\034!w\324\362\3252-\025\351\314\2334,\306Dd\037v\256""; "
1750587307780,1750587307780,0,1,1,3,TMProposeSet,"proposeSeq: 0; currentTxHash: ""\000\000\000\000\000\000\000\000\000\000\000\000\000\000\000\000\000\000\000\000\000\000\000\000\000\000\000\000\000\000\000\000""; nodePubKey: ""\003.\200\224\215?)t\306\315\242\313\251\255\302\204=\232.\271%}\013\024s\024\002@\216l""\241F""; closeTime: 803902507; signature: ""0D\002 B\373$\333\000\311\277\220\002\314\336\2434&\005\346\235\003P\340?\347?\235\221}A\251\270\201\371\250\002 V\340\270\006P\034X\202\001E2s%gt>\370\337\205z\034\314\273\353\221\262H\026~\005\004L""; previousledger: ""D!=\355\210\037\325\034/l\242\365\034!w\324\362\3252-\025\351\314\2334,\306Dd\037v\256""; ","proposeSeq: 0; currentTxHash: ""\000\000\000\000\000\000\000\000\000\000\000\000\000\000\000\000\000\000\000\000\000\000\000\000\000\000\000\000\000\000\000\000""; nodePubKey: ""\003.\200\224\215?)t\306\315\242\313\251\255\302\204=\232.\271%}\013\024s\024\002@\216l""\241F""; closeTime: 803902507; signature: ""0D\002 B\373$\333\000\311\277\220\002\314\336\2434&\005\346\235\003P\340?\347?\235\221}A\251\270\201\371\250\002 V\340\270\006P\034X\202\001E2s%gt>\370\337\205z\034\314\273\353\221\262H\026~\005\004L""; previousledger: ""D!=\355\210\037\325\034/l\242\365\034!w\324\362\3252-\025\351\314\2334,\306Dd\037v\256""; "
1750587307781,1750587307781,0,1,1,0,TMProposeSet,"proposeSeq: 0; currentTxHash: ""\000\000\000\000\000\000\000\000\000\000\000\000\000\000\000\000\000\000\000\000\000\000\000\000\000\000\000\000\000\000\000\000""; nodePubKey: ""\003.\200\224\215?)t\306\315\242\313\251\255\302\204=\232.\271%}\013\024s\024\002@\216l""\241F""; closeTime: 803902507; signature: ""0D\002 B\373$\333\000\311\277\220\002\314\336\2434&\005\346\235\003P\340?\347?\235\221}A\251\270\201\371\250\002 V\340\270\006P\034X\202\001E2s%gt>\370\337\205z\034\314\273\353\221\262H\026~\005\004L""; previousledger: ""D!=\355\210\037\325\034/l\242\365\034!w\324\362\3252-\025\351\314\2334,\306Dd\037v\256""; ","proposeSeq: 0; currentTxHash: ""\000\000\000\000\000\000\000\000\000\000\000\000\000\000\000\000\000\000\000\000\000\000\000\000\000\000\000\000\000\000\000\000""; nodePubKey: ""\003.\200\224\215?)t\306\315\242\313\251\255\302\204=\232.\271%}\013\024s\024\002@\216l""\241F""; closeTime: 803902507; signature: ""0D\002 B\373$\333\000\311\277\220\002\314\336\2434&\005\346\235\003P\340?\347?\235\221}A\251\270\201\371\250\002 V\340\270\006P\034X\202\001E2s%gt>\370\337\205z\034\314\273\353\221\262H\026~\005\004L""; previousledger: ""D!=\355\210\037\325\034/l\242\365\034!w\324\362\3252-\025\351\314\2334,\306Dd\037v\256""; "
1750587307781,1750587307781,0,1,1,2,TMProposeSet,"proposeSeq: 0; currentTxHash: ""\000\000\000\000\000\000\000\000\000\000\000\000\000\000\000\000\000\000\000\000\000\000\000\000\000\000\000\000\000\000\000\000""; nodePubKey: ""\003.\200\224\215?)t\306\315\242\313\251\255\302\204=\232.\271%}\013\024s\024\002@\216l""\241F""; closeTime: 803902507; signature: ""0D\002 B\373$\333\000\311\277\220\002\314\336\2434&\005\346\235\003P\340?\347?\235\221}A\251\270\201\371\250\002 V\340\270\006P\034X\202\001E2s%gt>\370\337\205z\034\314\273\353\221\262H\026~\005\004L""; previousledger: ""D!=\355\210\037\325\034/l\242\365\034!w\324\362\3252-\025\351\314\2334,\306Dd\037v\256""; ","proposeSeq: 0; currentTxHash: ""\000\000\000\000\000\000\000\000\000\000\000\000\000\000\000\000\000\000\000\000\000\000\000\000\000\000\000\000\000\000\000\000""; nodePubKey: ""\003.\200\224\215?)t\306\315\242\313\251\255\302\204=\232.\271%}\013\024s\024\002@\216l""\241F""; closeTime: 803902507; signature: ""0D\002 B\373$\333\000\311\277\220\002\314\336\2434&\005\346\235\003P\340?\347?\235\221}A\251\270\201\371\250\002 V\340\270\006P\034X\202\001E2s%gt>\370\337\205z\034\314\273\353\221\262H\026~\005\004L""; previousledger: ""D!=\355\210\037\325\034/l\242\365\034!w\324\362\3252-\025\351\314\2334,\306Dd\037v\256""; "
1750587307769,1750587307847,0,1,4,0,TMStatusChange,"newEvent: neCLOSING_LEDGER; ledgerSeq: 14; ledgerHash: ""D!=\355\210\037\325\034/l\242\365\034!w\324\362\3252-\025\351\314\2334,\306Dd\037v\256""; ledgerHashPrevious: ""\302\001\313@D\264\016\334\r\034\035\\276\225\314|\234S*r\007\370x>\305D*\007b\276v\316""; networkTime: 803902507; firstSeq: 1; lastSeq: 14; ","newEvent: neCLOSING_LEDGER; ledgerSeq: 14; ledgerHash: ""D!=\355\210\037\325\034/l\242\365\034!w\324\362\3252-\025\351\314\2334,\306Dd\037v\256""; ledgerHashPrevious: ""\302\001\313@D\264\016\334\r\034\035\\276\225\314|\234S*r\007\370x>\305D*\007b\276v\316""; networkTime: 803902507; firstSeq: 1; lastSeq: 14; "
1750587307771,1750587307847,0,1,4,2,TMStatusChange,"newEvent: neCLOSING_LEDGER; ledgerSeq: 14; ledgerHash: ""D!=\355\210\037\325\034/l\242\365\034!w\324\362\3252-\025\351\314\2334,\306Dd\037v\256""; ledgerHashPrevious: ""\302\001\313@D\264\016\334\r\034\035\\276\225\314|\234S*r\007\370x>\305D*\007b\276v\316""; networkTime: 803902507; firstSeq: 1; lastSeq: 14; ","newEvent: neCLOSING_LEDGER; ledgerSeq: 14; ledgerHash: ""D!=\355\210\037\325\034/l\242\365\034!w\324\362\3252-\025\351\314\2334,\306Dd\037v\256""; ledgerHashPrevious: ""\302\001\313@D\264\016\334\r\034\035\\276\225\314|\234S*r\007\370x>\305D*\007b\276v\316""; networkTime: 803902507; firstSeq: 1; lastSeq: 14; "
1750587307772,1750587307848,0,1,4,3,TMStatusChange,"newEvent: neCLOSING_LEDGER; ledgerSeq: 14; ledgerHash: ""D!=\355\210\037\325\034/l\242\365\034!w\324\362\3252-\025\351\314\2334,\306Dd\037v\256""; ledgerHashPrevious: ""\302\001\313@D\264\016\334\r\034\035\\276\225\314|\234S*r\007\370x>\305D*\007b\276v\316""; networkTime: 803902507; firstSeq: 1; lastSeq: 14; ","newEvent: neCLOSING_LEDGER; ledgerSeq: 14; ledgerHash: ""D!=\355\210\037\325\034/l\242\365\034!w\324\362\3252-\025\351\314\2334,\306Dd\037v\256""; ledgerHashPrevious: ""\302\001\313@D\264\016\334\r\034\035\\276\225\314|\234S*r\007\370x>\305D*\007b\276v\316""; networkTime: 803902507; firstSeq: 1; lastSeq: 14; "
1750587307774,1750587307848,0,1,4,1,TMStatusChange,"newEvent: neCLOSING_LEDGER; ledgerSeq: 14; ledgerHash: ""D!=\355\210\037\325\034/l\242\365\034!w\324\362\3252-\025\351\314\2334,\306Dd\037v\256""; ledgerHashPrevious: ""\302\001\313@D\264\016\334\r\034\035\\276\225\314|\234S*r\007\370x>\305D*\007b\276v\316""; networkTime: 803902507; firstSeq: 1; lastSeq: 14; ","newEvent: neCLOSING_LEDGER; ledgerSeq: 14; ledgerHash: ""D!=\355\210\037\325\034/l\242\365\034!w\324\362\3252-\025\351\314\2334,\306Dd\037v\256""; ledgerHashPrevious: ""\302\001\313@D\264\016\334\r\034\035\\276\225\314|\234S*r\007\370x>\305D*\007b\276v\316""; networkTime: 803902507; firstSeq: 1; lastSeq: 14; "
1750587308454,1750587308455,0,1,1,4,TMStatusChange,"newEvent: neACCEPTED_LEDGER; ledgerSeq: 15; ledgerHash: ""\345X\002=\033c\255\253\226\014-o\364!\262f\370\222\250\377\220&p\343\245\3604Op\353\317\305""; ledgerHashPrevious: ""D!=\355\210\037\325\034/l\242\365\034!w\324\362\3252-\025\351\314\2334,\306Dd\037v\256""; networkTime: 803902508; firstSeq: 1; lastSeq: 14; ","newEvent: neACCEPTED_LEDGER; ledgerSeq: 15; ledgerHash: ""\345X\002=\033c\255\253\226\014-o\364!\262f\370\222\250\377\220&p\343\245\3604Op\353\317\305""; ledgerHashPrevious: ""D!=\355\210\037\325\034/l\242\365\034!w\324\362\3252-\025\351\314\2334,\306Dd\037v\256""; networkTime: 803902508; firstSeq: 1; lastSeq: 14; "
1750587308455,1750587308455,0,1,1,2,TMStatusChange,"newEvent: neACCEPTED_LEDGER; ledgerSeq: 15; ledgerHash: ""\345X\002=\033c\255\253\226\014-o\364!\262f\370\222\250\377\220&p\343\245\3604Op\353\317\305""; ledgerHashPrevious: ""D!=\355\210\037\325\034/l\242\365\034!w\324\362\3252-\025\351\314\2334,\306Dd\037v\256""; networkTime: 803902508; firstSeq: 1; lastSeq: 14; ","newEvent: neACCEPTED_LEDGER; ledgerSeq: 15; ledgerHash: ""\345X\002=\033c\255\253\226\014-o\364!\262f\370\222\250\377\220&p\343\245\3604Op\353\317\305""; ledgerHashPrevious: ""D!=\355\210\037\325\034/l\242\365\034!w\324\362\3252-\025\351\314\2334,\306Dd\037v\256""; networkTime: 803902508; firstSeq: 1; lastSeq: 14; "
1750587308455,1750587308455,0,1,1,3,TMStatusChange,"newEvent: neACCEPTED_LEDGER; ledgerSeq: 15; ledgerHash: ""\345X\002=\033c\255\253\226\014-o\364!\262f\370\222\250\377\220&p\343\245\3604Op\353\317\305""; ledgerHashPrevious: ""D!=\355\210\037\325\034/l\242\365\034!w\324\362\3252-\025\351\314\2334,\306Dd\037v\256""; networkTime: 803902508; firstSeq: 1; lastSeq: 14; ","newEvent: neACCEPTED_LEDGER; ledgerSeq: 15; ledgerHash: ""\345X\002=\033c\255\253\226\014-o\364!\262f\370\222\250\377\220&p\343\245\3604Op\353\317\305""; ledgerHashPrevious: ""D!=\355\210\037\325\034/l\242\365\034!w\324\362\3252-\025\351\314\2334,\306Dd\037v\256""; networkTime: 803902508; firstSeq: 1; lastSeq: 14; "
1750587308455,1750587308455,0,1,1,4,TMValidation,"validation: """"\200\000\000\001&\000\000\000\017)/\352\224,:?HT\314/\177\320^Q\345X\002=\033c\255\253\226\014-o\364!\262f\370\222\250\377\220&p\343\245\3604Op\353\317\305P\027\000\000\000\000\000\000\000\000\000\000\000\000\000\000\000\000\000\000\000\000\000\000\000\000\000\000\000\000\000\000\000\000P\031D!=\355\210\037\325\034/l\242\365\034!w\324\362\3252-\025\351\314\2334,\306Dd\037v\256s!\003\343\005\311u\203\370\0338\3174\324\010\006\301\251\177\261\304eOX\262)FA-\022r\263wm\024vG0E\002!\000\225Y\365\0018'\373ti\253o\241\371\300!\325[!! \375:|\237\356W\206\337\037e\347\210\002 \007\213\025\352\302\007H5U\327G$\227\005\350V\377\370}\021ekh;w \206i{~\004`""; ","validation: """"\200\000\000\001&\000\000\000\017)/\352\224,:?HT\314/\177\320^Q\345X\002=\033c\255\253\226\014-o\364!\262f\370\222\250\377\220&p\343\245\3604Op\353\317\305P\027\000\000\000\000\000\000\000\000\000\000\000\000\000\000\000\000\000\000\000\000\000\000\000\000\000\000\000\000\000\000\000\000P\031D!=\355\210\037\325\034/l\242\365\034!w\324\362\3252-\025\351\314\2334,\306Dd\037v\256s!\003\343\005\311u\203\370\0338\3174\324\010\006\301\251\177\261\304eOX\262)FA-\022r\263wm\024vG0E\002!\000\225Y\365\0018'\373ti\253o\241\371\300!\325[!! \375:|\237\356W\206\337\037e\347\210\002 \007\213\025\352\302\007H5U\327G$\227\005\350V\377\370}\021ekh;w \206i{~\004`""; "
1750587308456,1750587308456,0,1,1,0,TMStatusChange,"newEvent: neACCEPTED_LEDGER; ledgerSeq: 15; ledgerHash: ""\345X\002=\033c\255\253\226\014-o\364!\262f\370\222\250\377\220&p\343\245\3604Op\353\317\305""; ledgerHashPrevious: ""D!=\355\210\037\325\034/l\242\365\034!w\324\362\3252-\025\351\314\2334,\306Dd\037v\256""; networkTime: 803902508; firstSeq: 1; lastSeq: 14; ","newEvent: neACCEPTED_LEDGER; ledgerSeq: 15; ledgerHash: ""\345X\002=\033c\255\253\226\014-o\364!\262f\370\222\250\377\220&p\343\245\3604Op\353\317\305""; ledgerHashPrevious: ""D!=\355\210\037\325\034/l\242\365\034!w\324\362\3252-\025\351\314\2334,\306Dd\037v\256""; networkTime: 803902508; firstSeq: 1; lastSeq: 14; "
1750587308459,1750587308459,0,1,4,3,TMValidation,"validation: """"\200\000\000\001&\000\000\000\017)/\352\224,:?HT\314/\177\320^Q\345X\002=\033c\255\253\226\014-o\364!\262f\370\222\250\377\220&p\343\245\3604Op\353\317\305P\027\000\000\000\000\000\000\000\000\000\000\000\000\000\000\000\000\000\000\000\000\000\000\000\000\000\000\000\000\000\000\000\000P\031D!=\355\210\037\325\034/l\242\365\034!w\324\362\3252-\025\351\314\2334,\306Dd\037v\256s!\003\343\005\311u\203\370\0338\3174\324\010\006\301\251\177\261\304eOX\262)FA-\022r\263wm\024vG0E\002!\000\225Y\365\0018'\373ti\253o\241\371\300!\325[!! \375:|\237\356W\206\337\037e\347\210\002 \007\213\025\352\302\007H5U\327G$\227\005\350V\377\370}\021ekh;w \206i{~\004`""; ","validation: """"\200\000\000\001&\000\000\000\017)/\352\224,:?HT\314/\177\320^Q\345X\002=\033c\255\253\226\014-o\364!\262f\370\222\250\377\220&p\343\245\3604Op\353\317\305P\027\000\000\000\000\000\000\000\000\000\000\000\000\000\000\000\000\000\000\000\000\000\000\000\000\000\000\000\000\000\000\000\000P\031D!=\355\210\037\325\034/l\242\365\034!w\324\362\3252-\025\351\314\2334,\306Dd\037v\256s!\003\343\005\311u\203\370\0338\3174\324\010\006\301\251\177\261\304eOX\262)FA-\022r\263wm\024vG0E\002!\000\225Y\365\0018'\373ti\253o\241\371\300!\325[!! \375:|\237\356W\206\337\037e\347\210\002 \007\213\025\352\302\007H5U\327G$\227\005\350V\377\370}\021ekh;w \206i{~\004`""; "
1750587308460,1750587308460,0,1,4,0,TMValidation,"validation: """"\200\000\000\001&\000\000\000\017)/\352\224,:?HT\314/\177\320^Q\345X\002=\033c\255\253\226\014-o\364!\262f\370\222\250\377\220&p\343\245\3604Op\353\317\305P\027\000\000\000\000\000\000\000\000\000\000\000\000\000\000\000\000\000\000\000\000\000\000\000\000\000\000\000\000\000\000\000\000P\031D!=\355\210\037\325\034/l\242\365\034!w\324\362\3252-\025\351\314\2334,\306Dd\037v\256s!\003\343\005\311u\203\370\0338\3174\324\010\006\301\251\177\261\304eOX\262)FA-\022r\263wm\024vG0E\002!\000\225Y\365\0018'\373ti\253o\241\371\300!\325[!! \375:|\237\356W\206\337\037e\347\210\002 \007\213\025\352\302\007H5U\327G$\227\005\350V\377\370}\021ekh;w \206i{~\004`""; ","validation: """"\200\000\000\001&\000\000\000\017)/\352\224,:?HT\314/\177\320^Q\345X\002=\033c\255\253\226\014-o\364!\262f\370\222\250\377\220&p\343\245\3604Op\353\317\305P\027\000\000\000\000\000\000\000\000\000\000\000\000\000\000\000\000\000\000\000\000\000\000\000\000\000\000\000\000\000\000\000\000P\031D!=\355\210\037\325\034/l\242\365\034!w\324\362\3252-\025\351\314\2334,\306Dd\037v\256s!\003\343\005\311u\203\370\0338\3174\324\010\006\301\251\177\261\304eOX\262)FA-\022r\263wm\024vG0E\002!\000\225Y\365\0018'\373ti\253o\241\371\300!\325[!! \375:|\237\356W\206\337\037e\347\210\002 \007\213\025\352\302\007H5U\327G$\227\005\350V\377\370}\021ekh;w \206i{~\004`""; "
1750587308461,1750587308461,0,1,4,3,TMGetLedger,"itype: liBASE; ledgerHash: ""\345X\002=\033c\255\253\226\014-o\364!\262f\370\222\250\377\220&p\343\245\3604Op\353\317\305""; ","itype: liBASE; ledgerHash: ""\345X\002=\033c\255\253\226\014-o\364!\262f\370\222\250\377\220&p\343\245\3604Op\353\317\305""; "
1750587308459,1750587308459,0,1,4,2,TMGetLedger,"itype: liBASE; ledgerHash: ""\345X\002=\033c\255\253\226\014-o\364!\262f\370\222\250\377\220&p\343\245\3604Op\353\317\305""; ","itype: liBASE; ledgerHash: ""\345X\002=\033c\255\253\226\014-o\364!\262f\370\222\250\377\220&p\343\245\3604Op\353\317\305""; "
1750587308460,1750587308460,0,1,4,2,TMValidation,"validation: """"\200\000\000\001&\000\000\000\017)/\352\224,:?HT\314/\177\320^Q\345X\002=\033c\255\253\226\014-o\364!\262f\370\222\250\377\220&p\343\245\3604Op\353\317\305P\027\000\000\000\000\000\000\000\000\000\000\000\000\000\000\000\000\000\000\000\000\000\000\000\000\000\000\000\000\000\000\000\000P\031D!=\355\210\037\325\034/l\242\365\034!w\324\362\3252-\025\351\314\2334,\306Dd\037v\256s!\003\343\005\311u\203\370\0338\3174\324\010\006\301\251\177\261\304eOX\262)FA-\022r\263wm\024vG0E\002!\000\225Y\365\0018'\373ti\253o\241\371\300!\325[!! \375:|\237\356W\206\337\037e\347\210\002 \007\213\025\352\302\007H5U\327G$\227\005\350V\377\370}\021ekh;w \206i{~\004`""; ","validation: """"\200\000\000\001&\000\000\000\017)/\352\224,:?HT\314/\177\320^Q\345X\002=\033c\255\253\226\014-o\364!\262f\370\222\250\377\220&p\343\245\3604Op\353\317\305P\027\000\000\000\000\000\000\000\000\000\000\000\000\000\000\000\000\000\000\000\000\000\000\000\000\000\000\000\000\000\000\000\000P\031D!=\355\210\037\325\034/l\242\365\034!w\324\362\3252-\025\351\314\2334,\306Dd\037v\256s!\003\343\005\311u\203\370\0338\3174\324\010\006\301\251\177\261\304eOX\262)FA-\022r\263wm\024vG0E\002!\000\225Y\365\0018'\373ti\253o\241\371\300!\325[!! \375:|\237\356W\206\337\037e\347\210\002 \007\213\025\352\302\007H5U\327G$\227\005\350V\377\370}\021ekh;w \206i{~\004`""; "
1750587308462,1750587308462,0,1,4,0,TMGetLedger,"itype: liBASE; ledgerHash: ""\345X\002=\033c\255\253\226\014-o\364!\262f\370\222\250\377\220&p\343\245\3604Op\353\317\305""; ","itype: liBASE; ledgerHash: ""\345X\002=\033c\255\253\226\014-o\364!\262f\370\222\250\377\220&p\343\245\3604Op\353\317\305""; "
1750587308462,1750587308462,0,1,4,1,TMGetLedger,"itype: liBASE; ledgerHash: ""\345X\002=\033c\255\253\226\014-o\364!\262f\370\222\250\377\220&p\343\245\3604Op\353\317\305""; queryType: qtINDIRECT; ","itype: liBASE; ledgerHash: ""\345X\002=\033c\255\253\226\014-o\364!\262f\370\222\250\377\220&p\343\245\3604Op\353\317\305""; queryType: qtINDIRECT; "
1750587308462,1750587308462,0,1,4,1,TMGetLedger,"itype: liBASE; ledgerHash: ""\345X\002=\033c\255\253\226\014-o\364!\262f\370\222\250\377\220&p\343\245\3604Op\353\317\305""; ","itype: liBASE; ledgerHash: ""\345X\002=\033c\255\253\226\014-o\364!\262f\370\222\250\377\220&p\343\245\3604Op\353\317\305""; "
1750587308463,1750587308463,0,1,4,0,TMGetLedger,"itype: liBASE; ledgerHash: ""\345X\002=\033c\255\253\226\014-o\364!\262f\370\222\250\377\220&p\343\245\3604Op\353\317\305""; queryType: qtINDIRECT; ","itype: liBASE; ledgerHash: ""\345X\002=\033c\255\253\226\014-o\364!\262f\370\222\250\377\220&p\343\245\3604Op\353\317\305""; queryType: qtINDIRECT; "
1750587308463,1750587308463,0,1,4,2,TMGetLedger,"itype: liBASE; ledgerHash: ""\345X\002=\033c\255\253\226\014-o\364!\262f\370\222\250\377\220&p\343\245\3604Op\353\317\305""; queryType: qtINDIRECT; ","itype: liBASE; ledgerHash: ""\345X\002=\033c\255\253\226\014-o\364!\262f\370\222\250\377\220&p\343\245\3604Op\353\317\305""; queryType: qtINDIRECT; "
1750587308463,1750587308463,0,1,4,3,TMGetLedger,"itype: liBASE; ledgerHash: ""\345X\002=\033c\255\253\226\014-o\364!\262f\370\222\250\377\220&p\343\245\3604Op\353\317\305""; queryType: qtINDIRECT; ","itype: liBASE; ledgerHash: ""\345X\002=\033c\255\253\226\014-o\364!\262f\370\222\250\377\220&p\343\245\3604Op\353\317\305""; queryType: qtINDIRECT; "
1750587308464,1750587308464,0,1,3,1,TMValidation,"validation: """"\200\000\000\001&\000\000\000\017)/\352\224,:?HT\314/\177\320^Q\345X\002=\033c\255\253\226\014-o\364!\262f\370\222\250\377\220&p\343\245\3604Op\353\317\305P\027\000\000\000\000\000\000\000\000\000\000\000\000\000\000\000\000\000\000\000\000\000\000\000\000\000\000\000\000\000\000\000\000P\031D!=\355\210\037\325\034/l\242\365\034!w\324\362\3252-\025\351\314\2334,\306Dd\037v\256s!\003\343\005\311u\203\370\0338\3174\324\010\006\301\251\177\261\304eOX\262)FA-\022r\263wm\024vG0E\002!\000\225Y\365\0018'\373ti\253o\241\371\300!\325[!! \375:|\237\356W\206\337\037e\347\210\002 \007\213\025\352\302\007H5U\327G$\227\005\350V\377\370}\021ekh;w \206i{~\004`""; ","validation: """"\200\000\000\001&\000\000\000\017)/\352\224,:?HT\314/\177\320^Q\345X\002=\033c\255\253\226\014-o\364!\262f\370\222\250\377\220&p\343\245\3604Op\353\317\305P\027\000\000\000\000\000\000\000\000\000\000\000\000\000\000\000\000\000\000\000\000\000\000\000\000\000\000\000\000\000\000\000\000P\031D!=\355\210\037\325\034/l\242\365\034!w\324\362\3252-\025\351\314\2334,\306Dd\037v\256s!\003\343\005\311u\203\370\0338\3174\324\010\006\301\251\177\261\304eOX\262)FA-\022r\263wm\024vG0E\002!\000\225Y\365\0018'\373ti\253o\241\371\300!\325[!! \375:|\237\356W\206\337\037e\347\210\002 \007\213\025\352\302\007H5U\327G$\227\005\350V\377\370}\021ekh;w \206i{~\004`""; "
1750587308464,1750587308464,0,1,3,0,TMValidation,"validation: """"\200\000\000\001&\000\000\000\017)/\352\224,:?HT\314/\177\320^Q\345X\002=\033c\255\253\226\014-o\364!\262f\370\222\250\377\220&p\343\245\3604Op\353\317\305P\027\000\000\000\000\000\000\000\000\000\000\000\000\000\000\000\000\000\000\000\000\000\000\000\000\000\000\000\000\000\000\000\000P\031D!=\355\210\037\325\034/l\242\365\034!w\324\362\3252-\025\351\314\2334,\306Dd\037v\256s!\003\343\005\311u\203\370\0338\3174\324\010\006\301\251\177\261\304eOX\262)FA-\022r\263wm\024vG0E\002!\000\225Y\365\0018'\373ti\253o\241\371\300!\325[!! \375:|\237\356W\206\337\037e\347\210\002 \007\213\025\352\302\007H5U\327G$\227\005\350V\377\370}\021ekh;w \206i{~\004`""; ","validation: """"\200\000\000\001&\000\000\000\017)/\352\224,:?HT\314/\177\320^Q\345X\002=\033c\255\253\226\014-o\364!\262f\370\222\250\377\220&p\343\245\3604Op\353\317\305P\027\000\000\000\000\000\000\000\000\000\000\000\000\000\000\000\000\000\000\000\000\000\000\000\000\000\000\000\000\000\000\000\000P\031D!=\355\210\037\325\034/l\242\365\034!w\324\362\3252-\025\351\314\2334,\306Dd\037v\256s!\003\343\005\311u\203\370\0338\3174\324\010\006\301\251\177\261\304eOX\262)FA-\022r\263wm\024vG0E\002!\000\225Y\365\0018'\373ti\253o\241\371\300!\325[!! \375:|\237\356W\206\337\037e\347\210\002 \007\213\025\352\302\007H5U\327G$\227\005\350V\377\370}\021ekh;w \206i{~\004`""; "
1750587308464,1750587308464,0,1,3,2,TMValidation,"validation: """"\200\000\000\001&\000\000\000\017)/\352\224,:?HT\314/\177\320^Q\345X\002=\033c\255\253\226\014-o\364!\262f\370\222\250\377\220&p\343\245\3604Op\353\317\305P\027\000\000\000\000\000\000\000\000\000\000\000\000\000\000\000\000\000\000\000\000\000\000\000\000\000\000\000\000\000\000\000\000P\031D!=\355\210\037\325\034/l\242\365\034!w\324\362\3252-\025\351\314\2334,\306Dd\037v\256s!\003\343\005\311u\203\370\0338\3174\324\010\006\301\251\177\261\304eOX\262)FA-\022r\263wm\024vG0E\002!\000\225Y\365\0018'\373ti\253o\241\371\300!\325[!! \375:|\237\356W\206\337\037e\347\210\002 \007\213\025\352\302\007H5U\327G$\227\005\350V\377\370}\021ekh;w \206i{~\004`""; ","validation: """"\200\000\000\001&\000\000\000\017)/\352\224,:?HT\314/\177\320^Q\345X\002=\033c\255\253\226\014-o\364!\262f\370\222\250\377\220&p\343\245\3604Op\353\317\305P\027\000\000\000\000\000\000\000\000\000\000\000\000\000\000\000\000\000\000\000\000\000\000\000\000\000\000\000\000\000\000\000\000P\031D!=\355\210\037\325\034/l\242\365\034!w\324\362\3252-\025\351\314\2334,\306Dd\037v\256s!\003\343\005\311u\203\370\0338\3174\324\010\006\301\251\177\261\304eOX\262)FA-\022r\263wm\024vG0E\002!\000\225Y\365\0018'\373ti\253o\241\371\300!\325[!! \375:|\237\356W\206\337\037e\347\210\002 \007\213\025\352\302\007H5U\327G$\227\005\350V\377\370}\021ekh;w \206i{~\004`""; "
1750587308465,1750587308465,0,1,3,4,TMGetLedger,"itype: liBASE; ledgerHash: ""\345X\002=\033c\255\253\226\014-o\364!\262f\370\222\250\377\220&p\343\245\3604Op\353\317\305""; ","itype: liBASE; ledgerHash: ""\345X\002=\033c\255\253\226\014-o\364!\262f\370\222\250\377\220&p\343\245\3604Op\353\317\305""; "
1750587308466,1750587308466,0,1,3,4,TMGetLedger,"itype: liBASE; ledgerHash: ""\345X\002=\033c\255\253\226\014-o\364!\262f\370\222\250\377\220&p\343\245\3604Op\353\317\305""; queryType: qtINDIRECT; ","itype: liBASE; ledgerHash: ""\345X\002=\033c\255\253\226\014-o\364!\262f\370\222\250\377\220&p\343\245\3604Op\353\317\305""; queryType: qtINDIRECT; "
1750587308466,1750587308466,0,1,0,2,TMValidation,"validation: """"\200\000\000\001&\000\000\000\017)/\352\224,:?HT\314/\177\320^Q\345X\002=\033c\255\253\226\014-o\364!\262f\370\222\250\377\220&p\343\245\3604Op\353\317\305P\027\000\000\000\000\000\000\000\000\000\000\000\000\000\000\000\000\000\000\000\000\000\000\000\000\000\000\000\000\000\000\000\000P\031D!=\355\210\037\325\034/l\242\365\034!w\324\362\3252-\025\351\314\2334,\306Dd\037v\256s!\003\343\005\311u\203\370\0338\3174\324\010\006\301\251\177\261\304eOX\262)FA-\022r\263wm\024vG0E\002!\000\225Y\365\0018'\373ti\253o\241\371\300!\325[!! \375:|\237\356W\206\337\037e\347\210\002 \007\213\025\352\302\007H5U\327G$\227\005\350V\377\370}\021ekh;w \206i{~\004`""; ","validation: """"\200\000\000\001&\000\000\000\017)/\352\224,:?HT\314/\177\320^Q\345X\002=\033c\255\253\226\014-o\364!\262f\370\222\250\377\220&p\343\245\3604Op\353\317\305P\027\000\000\000\000\000\000\000\000\000\000\000\000\000\000\000\000\000\000\000\000\000\000\000\000\000\000\000\000\000\000\000\000P\031D!=\355\210\037\325\034/l\242\365\034!w\324\362\3252-\025\351\314\2334,\306Dd\037v\256s!\003\343\005\311u\203\370\0338\3174\324\010\006\301\251\177\261\304eOX\262)FA-\022r\263wm\024vG0E\002!\000\225Y\365\0018'\373ti\253o\241\371\300!\325[!! \375:|\237\356W\206\337\037e\347\210\002 \007\213\025\352\302\007H5U\327G$\227\005\350V\377\370}\021ekh;w \206i{~\004`""; "
1750587308467,1750587308467,0,1,0,3,TMValidation,"validation: """"\200\000\000\001&\000\000\000\017)/\352\224,:?HT\314/\177\320^Q\345X\002=\033c\255\253\226\014-o\364!\262f\370\222\250\377\220&p\343\245\3604Op\353\317\305P\027\000\000\000\000\000\000\000\000\000\000\000\000\000\000\000\000\000\000\000\000\000\000\000\000\000\000\000\000\000\000\000\000P\031D!=\355\210\037\325\034/l\242\365\034!w\324\362\3252-\025\351\314\2334,\306Dd\037v\256s!\003\343\005\311u\203\370\0338\3174\324\010\006\301\251\177\261\304eOX\262)FA-\022r\263wm\024vG0E\002!\000\225Y\365\0018'\373ti\253o\241\371\300!\325[!! \375:|\237\356W\206\337\037e\347\210\002 \007\213\025\352\302\007H5U\327G$\227\005\350V\377\370}\021ekh;w \206i{~\004`""; ","validation: """"\200\000\000\001&\000\000\000\017)/\352\224,:?HT\314/\177\320^Q\345X\002=\033c\255\253\226\014-o\364!\262f\370\222\250\377\220&p\343\245\3604Op\353\317\305P\027\000\000\000\000\000\000\000\000\000\000\000\000\000\000\000\000\000\000\000\000\000\000\000\000\000\000\000\000\000\000\000\000P\031D!=\355\210\037\325\034/l\242\365\034!w\324\362\3252-\025\351\314\2334,\306Dd\037v\256s!\003\343\005\311u\203\370\0338\3174\324\010\006\301\251\177\261\304eOX\262)FA-\022r\263wm\024vG0E\002!\000\225Y\365\0018'\373ti\253o\241\371\300!\325[!! \375:|\237\356W\206\337\037e\347\210\002 \007\213\025\352\302\007H5U\327G$\227\005\350V\377\370}\021ekh;w \206i{~\004`""; "
1750587308467,1750587308467,0,1,0,1,TMValidation,"validation: """"\200\000\000\001&\000\000\000\017)/\352\224,:?HT\314/\177\320^Q\345X\002=\033c\255\253\226\014-o\364!\262f\370\222\250\377\220&p\343\245\3604Op\353\317\305P\027\000\000\000\000\000\000\000\000\000\000\000\000\000\000\000\000\000\000\000\000\000\000\000\000\000\000\000\000\000\000\000\000P\031D!=\355\210\037\325\034/l\242\365\034!w\324\362\3252-\025\351\314\2334,\306Dd\037v\256s!\003\343\005\311u\203\370\0338\3174\324\010\006\301\251\177\261\304eOX\262)FA-\022r\263wm\024vG0E\002!\000\225Y\365\0018'\373ti\253o\241\371\300!\325[!! \375:|\237\356W\206\337\037e\347\210\002 \007\213\025\352\302\007H5U\327G$\227\005\350V\377\370}\021ekh;w \206i{~\004`""; ","validation: """"\200\000\000\001&\000\000\000\017)/\352\224,:?HT\314/\177\320^Q\345X\002=\033c\255\253\226\014-o\364!\262f\370\222\250\377\220&p\343\245\3604Op\353\317\305P\027\000\000\000\000\000\000\000\000\000\000\000\000\000\000\000\000\000\000\000\000\000\000\000\000\000\000\000\000\000\000\000\000P\031D!=\355\210\037\325\034/l\242\365\034!w\324\362\3252-\025\351\314\2334,\306Dd\037v\256s!\003\343\005\311u\203\370\0338\3174\324\010\006\301\251\177\261\304eOX\262)FA-\022r\263wm\024vG0E\002!\000\225Y\365\0018'\373ti\253o\241\371\300!\325[!! \375:|\237\356W\206\337\037e\347\210\002 \007\213\025\352\302\007H5U\327G$\227\005\350V\377\370}\021ekh;w \206i{~\004`""; "
1750587308468,1750587308468,0,1,0,4,TMGetLedger,"itype: liBASE; ledgerHash: ""\345X\002=\033c\255\253\226\014-o\364!\262f\370\222\250\377\220&p\343\245\3604Op\353\317\305""; queryType: qtINDIRECT; ","itype: liBASE; ledgerHash: ""\345X\002=\033c\255\253\226\014-o\364!\262f\370\222\250\377\220&p\343\245\3604Op\353\317\305""; queryType: qtINDIRECT; "
1750587308468,1750587308468,0,1,0,4,TMGetLedger,"itype: liBASE; ledgerHash: ""\345X\002=\033c\255\253\226\014-o\364!\262f\370\222\250\377\220&p\343\245\3604Op\353\317\305""; ","itype: liBASE; ledgerHash: ""\345X\002=\033c\255\253\226\014-o\364!\262f\370\222\250\377\220&p\343\245\3604Op\353\317\305""; "
1750587308469,1750587308469,0,1,2,3,TMValidation,"validation: """"\200\000\000\001&\000\000\000\017)/\352\224,:?HT\314/\177\320^Q\345X\002=\033c\255\253\226\014-o\364!\262f\370\222\250\377\220&p\343\245\3604Op\353\317\305P\027\000\000\000\000\000\000\000\000\000\000\000\000\000\000\000\000\000\000\000\000\000\000\000\000\000\000\000\000\000\000\000\000P\031D!=\355\210\037\325\034/l\242\365\034!w\324\362\3252-\025\351\314\2334,\306Dd\037v\256s!\003\343\005\311u\203\370\0338\3174\324\010\006\301\251\177\261\304eOX\262)FA-\022r\263wm\024vG0E\002!\000\225Y\365\0018'\373ti\253o\241\371\300!\325[!! \375:|\237\356W\206\337\037e\347\210\002 \007\213\025\352\302\007H5U\327G$\227\005\350V\377\370}\021ekh;w \206i{~\004`""; ","validation: """"\200\000\000\001&\000\000\000\017)/\352\224,:?HT\314/\177\320^Q\345X\002=\033c\255\253\226\014-o\364!\262f\370\222\250\377\220&p\343\245\3604Op\353\317\305P\027\000\000\000\000\000\000\000\000\000\000\000\000\000\000\000\000\000\000\000\000\000\000\000\000\000\000\000\000\000\000\000\000P\031D!=\355\210\037\325\034/l\242\365\034!w\324\362\3252-\025\351\314\2334,\306Dd\037v\256s!\003\343\005\311u\203\370\0338\3174\324\010\006\301\251\177\261\304eOX\262)FA-\022r\263wm\024vG0E\002!\000\225Y\365\0018'\373ti\253o\241\371\300!\325[!! \375:|\237\356W\206\337\037e\347\210\002 \007\213\025\352\302\007H5U\327G$\227\005\350V\377\370}\021ekh;w \206i{~\004`""; "
1750587308469,1750587308470,0,1,2,4,TMGetLedger,"itype: liBASE; ledgerHash: ""\345X\002=\033c\255\253\226\014-o\364!\262f\370\222\250\377\220&p\343\245\3604Op\353\317\305""; ","itype: liBASE; ledgerHash: ""\345X\002=\033c\255\253\226\014-o\364!\262f\370\222\250\377\220&p\343\245\3604Op\353\317\305""; "
1750587308470,1750587308470,0,1,2,1,TMValidation,"validation: """"\200\000\000\001&\000\000\000\017)/\352\224,:?HT\314/\177\320^Q\345X\002=\033c\255\253\226\014-o\364!\262f\370\222\250\377\220&p\343\245\3604Op\353\317\305P\027\000\000\000\000\000\000\000\000\000\000\000\000\000\000\000\000\000\000\000\000\000\000\000\000\000\000\000\000\000\000\000\000P\031D!=\355\210\037\325\034/l\242\365\034!w\324\362\3252-\025\351\314\2334,\306Dd\037v\256s!\003\343\005\311u\203\370\0338\3174\324\010\006\301\251\177\261\304eOX\262)FA-\022r\263wm\024vG0E\002!\000\225Y\365\0018'\373ti\253o\241\371\300!\325[!! \375:|\237\356W\206\337\037e\347\210\002 \007\213\025\352\302\007H5U\327G$\227\005\350V\377\370}\021ekh;w \206i{~\004`""; ","validation: """"\200\000\000\001&\000\000\000\017)/\352\224,:?HT\314/\177\320^Q\345X\002=\033c\255\253\226\014-o\364!\262f\370\222\250\377\220&p\343\245\3604Op\353\317\305P\027\000\000\000\000\000\000\000\000\000\000\000\000\000\000\000\000\000\000\000\000\000\000\000\000\000\000\000\000\000\000\000\000P\031D!=\355\210\037\325\034/l\242\365\034!w\324\362\3252-\025\351\314\2334,\306Dd\037v\256s!\003\343\005\311u\203\370\0338\3174\324\010\006\301\251\177\261\304eOX\262)FA-\022r\263wm\024vG0E\002!\000\225Y\365\0018'\373ti\253o\241\371\300!\325[!! \375:|\237\356W\206\337\037e\347\210\002 \007\213\025\352\302\007H5U\327G$\227\005\350V\377\370}\021ekh;w \206i{~\004`""; "
1750587308470,1750587308471,0,1,2,0,TMValidation,"validation: """"\200\000\000\001&\000\000\000\017)/\352\224,:?HT\314/\177\320^Q\345X\002=\033c\255\253\226\014-o\364!\262f\370\222\250\377\220&p\343\245\3604Op\353\317\305P\027\000\000\000\000\000\000\000\000\000\000\000\000\000\000\000\000\000\000\000\000\000\000\000\000\000\000\000\000\000\000\000\000P\031D!=\355\210\037\325\034/l\242\365\034!w\324\362\3252-\025\351\314\2334,\306Dd\037v\256s!\003\343\005\311u\203\370\0338\3174\324\010\006\301\251\177\261\304eOX\262)FA-\022r\263wm\024vG0E\002!\000\225Y\365\0018'\373ti\253o\241\371\300!\325[!! \375:|\237\356W\206\337\037e\347\210\002 \007\213\025\352\302\007H5U\327G$\227\005\350V\377\370}\021ekh;w \206i{~\004`""; ","validation: """"\200\000\000\001&\000\000\000\017)/\352\224,:?HT\314/\177\320^Q\345X\002=\033c\255\253\226\014-o\364!\262f\370\222\250\377\220&p\343\245\3604Op\353\317\305P\027\000\000\000\000\000\000\000\000\000\000\000\000\000\000\000\000\000\000\000\000\000\000\000\000\000\000\000\000\000\000\000\000P\031D!=\355\210\037\325\034/l\242\365\034!w\324\362\3252-\025\351\314\2334,\306Dd\037v\256s!\003\343\005\311u\203\370\0338\3174\324\010\006\301\251\177\261\304eOX\262)FA-\022r\263wm\024vG0E\002!\000\225Y\365\0018'\373ti\253o\241\371\300!\325[!! \375:|\237\356W\206\337\037e\347\210\002 \007\213\025\352\302\007H5U\327G$\227\005\350V\377\370}\021ekh;w \206i{~\004`""; "
1750587308471,1750587308471,0,1,2,4,TMGetLedger,"itype: liBASE; ledgerHash: ""\345X\002=\033c\255\253\226\014-o\364!\262f\370\222\250\377\220&p\343\245\3604Op\353\317\305""; queryType: qtINDIRECT; ","itype: liBASE; ledgerHash: ""\345X\002=\033c\255\253\226\014-o\364!\262f\370\222\250\377\220&p\343\245\3604Op\353\317\305""; queryType: qtINDIRECT; "
1750587308471,1750587308472,0,1,1,4,TMLedgerData,"ledgerHash: ""\345X\002=\033c\255\253\226\014-o\364!\262f\370\222\250\377\220&p\343\245\3604Op\353\317\305""; ledgerSeq: 15; type: liBASE; nodes {;   nodedata: ""\000\000\000\017\001cEx]\211\377\330D!=\355\210\037\325\034/l\242\365\034!w\324\362\3252-\025\351\314\2334,\306Dd\037v\256\000\000\000\000\000\000\000\000\000\000\000\000\000\000\000\000\000\000\000\000\000\000\000\000\000\000\000\000\000\000\000\000\272\312\210\346u\346C\000\261\331\177\321m\357mF\327\331\245T\202uI\351\303B\201\262\250\354\263\241/\352\224'/\352\224.\n\000""; }; nodes {;   nodedata: ""h\315\350\215y\203\242]\371\235\232Pt&\325\210eZ\346\237XZ \277\2457n\221\336\253\245\317\002\304\206+8\t]\351\316\373|\311\263V\300\023\035\211\237\260\300\r\033u3a1\203\303\365\307k\347\006E\344\037@\210\363\010\336T\226\247'\204_{\261\370""1\235\2445\343\033Y!\212\201\341\272\225'\007*$\244&\336\343'\233i\332\374\245 {^\306-N\333\gE\006\347\212\331C\211Z\177\247\031\nu\246\032\362\231\202\336\222<\246\245\024GH\346Uz~a\244\321\260\0260\246=$\361\202Q\001\355\013\202_n)6q\357\2538_-\302\252B\204v\277\254\373\3322Ca\020\243\0105\263\257\367\032\254\016\003""; }; ","ledgerHash: ""\345X\002=\033c\255\253\226\014-o\364!\262f\370\222\250\377\220&p\343\245\3604Op\353\317\305""; ledgerSeq: 15; type: liBASE; nodes {;   nodedata: ""\000\000\000\017\001cEx]\211\377\330D!=\355\210\037\325\034/l\242\365\034!w\324\362\3252-\025\351\314\2334,\306Dd\037v\256\000\000\000\000\000\000\000\000\000\000\000\000\000\000\000\000\000\000\000\000\000\000\000\000\000\000\000\000\000\000\000\000\272\312\210\346u\346C\000\261\331\177\321m\357mF\327\331\245T\202uI\351\303B\201\262\250\354\263\241/\352\224'/\352\224.\n\000""; }; nodes {;   nodedata: ""h\315\350\215y\203\242]\371\235\232Pt&\325\210eZ\346\237XZ \277\2457n\221\336\253\245\317\002\304\206+8\t]\351\316\373|\311\263V\300\023\035\211\237\260\300\r\033u3a1\203\303\365\307k\347\006E\344\037@\210\363\010\336T\226\247'\204_{\261\370""1\235\2445\343\033Y!\212\201\341\272\225'\007*$\244&\336\343'\233i\332\374\245 {^\306-N\333\gE\006\347\212\331C\211Z\177\247\031\nu\246\032\362\231\202\336\222<\246\245\024GH\346Uz~a\244\321\260\0260\246=$\361\202Q\001\355\013\202_n)6q\357\2538_-\302\252B\204v\277\254\373\3322Ca\020\243\0105\263\257\367\032\254\016\003""; }; "
1750587308472,1750587308472,0,1,1,3,TMValidation,"validation: """"\200\000\000\001&\000\000\000\017)/\352\224,:?HT\314/\177\320^Q\345X\002=\033c\255\253\226\014-o\364!\262f\370\222\250\377\220&p\343\245\3604Op\353\317\305P\027\000\000\000\000\000\000\000\000\000\000\000\000\000\000\000\000\000\000\000\000\000\000\000\000\000\000\000\000\000\000\000\000P\031D!=\355\210\037\325\034/l\242\365\034!w\324\362\3252-\025\351\314\2334,\306Dd\037v\256s!\003\343\005\311u\203\370\0338\3174\324\010\006\301\251\177\261\304eOX\262)FA-\022r\263wm\024vG0E\002!\000\225Y\365\0018'\373ti\253o\241\371\300!\325[!! \375:|\237\356W\206\337\037e\347\210\002 \007\213\025\352\302\007H5U\327G$\227\005\350V\377\370}\021ekh;w \206i{~\004`""; ","validation: """"\200\000\000\001&\000\000\000\017)/\352\224,:?HT\314/\177\320^Q\345X\002=\033c\255\253\226\014-o\364!\262f\370\222\250\377\220&p\343\245\3604Op\353\317\305P\027\000\000\000\000\000\000\000\000\000\000\000\000\000\000\000\000\000\000\000\000\000\000\000\000\000\000\000\000\000\000\000\000P\031D!=\355\210\037\325\034/l\242\365\034!w\324\362\3252-\025\351\314\2334,\306Dd\037v\256s!\003\343\005\311u\203\370\0338\3174\324\010\006\301\251\177\261\304eOX\262)FA-\022r\263wm\024vG0E\002!\000\225Y\365\0018'\373ti\253o\241\371\300!\325[!! \375:|\237\356W\206\337\037e\347\210\002 \007\213\025\352\302\007H5U\327G$\227\005\350V\377\370}\021ekh;w \206i{~\004`""; "
1750587308473,1750587308473,0,1,0,3,TMGetLedger,"itype: liBASE; ledgerHash: ""\345X\002=\033c\255\253\226\014-o\364!\262f\370\222\250\377\220&p\343\245\3604Op\353\317\305""; ","itype: liBASE; ledgerHash: ""\345X\002=\033c\255\253\226\014-o\364!\262f\370\222\250\377\220&p\343\245\3604Op\353\317\305""; "
1750587308473,1750587308473,0,1,0,3,TMGetLedger,"itype: liBASE; ledgerHash: ""\345X\002=\033c\255\253\226\014-o\364!\262f\370\222\250\377\220&p\343\245\3604Op\353\317\305""; queryType: qtINDIRECT; ","itype: liBASE; ledgerHash: ""\345X\002=\033c\255\253\226\014-o\364!\262f\370\222\250\377\220&p\343\245\3604Op\353\317\305""; queryType: qtINDIRECT; "
1750587308474,1750587308474,0,1,2,3,TMGetLedger,"itype: liBASE; ledgerHash: ""\345X\002=\033c\255\253\226\014-o\364!\262f\370\222\250\377\220&p\343\245\3604Op\353\317\305""; queryType: qtINDIRECT; ","itype: liBASE; ledgerHash: ""\345X\002=\033c\255\253\226\014-o\364!\262f\370\222\250\377\220&p\343\245\3604Op\353\317\305""; queryType: qtINDIRECT; "
1750587308474,1750587308475,0,1,2,0,TMGetLedger,"itype: liBASE; ledgerHash: ""\345X\002=\033c\255\253\226\014-o\364!\262f\370\222\250\377\220&p\343\245\3604Op\353\317\305""; queryType: qtINDIRECT; ","itype: liBASE; ledgerHash: ""\345X\002=\033c\255\253\226\014-o\364!\262f\370\222\250\377\220&p\343\245\3604Op\353\317\305""; queryType: qtINDIRECT; "
1750587308475,1750587308475,0,1,2,3,TMGetLedger,"itype: liBASE; ledgerHash: ""\345X\002=\033c\255\253\226\014-o\364!\262f\370\222\250\377\220&p\343\245\3604Op\353\317\305""; ","itype: liBASE; ledgerHash: ""\345X\002=\033c\255\253\226\014-o\364!\262f\370\222\250\377\220&p\343\245\3604Op\353\317\305""; "
1750587308475,1750587308475,0,1,2,0,TMGetLedger,"itype: liBASE; ledgerHash: ""\345X\002=\033c\255\253\226\014-o\364!\262f\370\222\250\377\220&p\343\245\3604Op\353\317\305""; ","itype: liBASE; ledgerHash: ""\345X\002=\033c\255\253\226\014-o\364!\262f\370\222\250\377\220&p\343\245\3604Op\353\317\305""; "
1750587308476,1750587308476,0,1,4,1,TMGetLedger,"itype: liBASE; ledgerHash: ""\345X\002=\033c\255\253\226\014-o\364!\262f\370\222\250\377\220&p\343\245\3604Op\353\317\305""; requestCookie: 4; queryType: qtINDIRECT; ","itype: liBASE; ledgerHash: ""\345X\002=\033c\255\253\226\014-o\364!\262f\370\222\250\377\220&p\343\245\3604Op\353\317\305""; requestCookie: 4; queryType: qtINDIRECT; "
1750587308476,1750587308476,0,1,3,0,TMGetLedger,"itype: liBASE; ledgerHash: ""\345X\002=\033c\255\253\226\014-o\364!\262f\370\222\250\377\220&p\343\245\3604Op\353\317\305""; queryType: qtINDIRECT; ","itype: liBASE; ledgerHash: ""\345X\002=\033c\255\253\226\014-o\364!\262f\370\222\250\377\220&p\343\245\3604Op\353\317\305""; queryType: qtINDIRECT; "
1750587308477,1750587308477,0,1,3,0,TMGetLedger,"itype: liBASE; ledgerHash: ""\345X\002=\033c\255\253\226\014-o\364!\262f\370\222\250\377\220&p\343\245\3604Op\353\317\305""; ","itype: liBASE; ledgerHash: ""\345X\002=\033c\255\253\226\014-o\364!\262f\370\222\250\377\220&p\343\245\3604Op\353\317\305""; "
1750587308477,1750587308477,0,1,1,0,TMValidation,"validation: """"\200\000\000\001&\000\000\000\017)/\352\224,:?HT\314/\177\320^Q\345X\002=\033c\255\253\226\014-o\364!\262f\370\222\250\377\220&p\343\245\3604Op\353\317\305P\027\000\000\000\000\000\000\000\000\000\000\000\000\000\000\000\000\000\000\000\000\000\000\000\000\000\000\000\000\000\000\000\000P\031D!=\355\210\037\325\034/l\242\365\034!w\324\362\3252-\025\351\314\2334,\306Dd\037v\256s!\003\343\005\311u\203\370\0338\3174\324\010\006\301\251\177\261\304eOX\262)FA-\022r\263wm\024vG0E\002!\000\225Y\365\0018'\373ti\253o\241\371\300!\325[!! \375:|\237\356W\206\337\037e\347\210\002 \007\213\025\352\302\007H5U\327G$\227\005\350V\377\370}\021ekh;w \206i{~\004`""; ","validation: """"\200\000\000\001&\000\000\000\017)/\352\224,:?HT\314/\177\320^Q\345X\002=\033c\255\253\226\014-o\364!\262f\370\222\250\377\220&p\343\245\3604Op\353\317\305P\027\000\000\000\000\000\000\000\000\000\000\000\000\000\000\000\000\000\000\000\000\000\000\000\000\000\000\000\000\000\000\000\000P\031D!=\355\210\037\325\034/l\242\365\034!w\324\362\3252-\025\351\314\2334,\306Dd\037v\256s!\003\343\005\311u\203\370\0338\3174\324\010\006\301\251\177\261\304eOX\262)FA-\022r\263wm\024vG0E\002!\000\225Y\365\0018'\373ti\253o\241\371\300!\325[!! \375:|\237\356W\206\337\037e\347\210\002 \007\213\025\352\302\007H5U\327G$\227\005\350V\377\370}\021ekh;w \206i{~\004`""; "
1750587308478,1750587308478,0,1,3,2,TMGetLedger,"itype: liBASE; ledgerHash: ""\345X\002=\033c\255\253\226\014-o\364!\262f\370\222\250\377\220&p\343\245\3604Op\353\317\305""; queryType: qtINDIRECT; ","itype: liBASE; ledgerHash: ""\345X\002=\033c\255\253\226\014-o\364!\262f\370\222\250\377\220&p\343\245\3604Op\353\317\305""; queryType: qtINDIRECT; "
1750587308478,1750587308478,0,1,4,1,TMGetLedger,"itype: liBASE; ledgerHash: ""\345X\002=\033c\255\253\226\014-o\364!\262f\370\222\250\377\220&p\343\245\3604Op\353\317\305""; requestCookie: 1; queryType: qtINDIRECT; ","itype: liBASE; ledgerHash: ""\345X\002=\033c\255\253\226\014-o\364!\262f\370\222\250\377\220&p\343\245\3604Op\353\317\305""; requestCookie: 1; queryType: qtINDIRECT; "
1750587308479,1750587308479,0,1,3,2,TMGetLedger,"itype: liBASE; ledgerHash: ""\345X\002=\033c\255\253\226\014-o\364!\262f\370\222\250\377\220&p\343\245\3604Op\353\317\305""; ","itype: liBASE; ledgerHash: ""\345X\002=\033c\255\253\226\014-o\364!\262f\370\222\250\377\220&p\343\245\3604Op\353\317\305""; "
1750587308479,1750587308479,0,1,1,2,TMValidation,"validation: """"\200\000\000\001&\000\000\000\017)/\352\224,:?HT\314/\177\320^Q\345X\002=\033c\255\253\226\014-o\364!\262f\370\222\250\377\220&p\343\245\3604Op\353\317\305P\027\000\000\000\000\000\000\000\000\000\000\000\000\000\000\000\000\000\000\000\000\000\000\000\000\000\000\000\000\000\000\000\000P\031D!=\355\210\037\325\034/l\242\365\034!w\324\362\3252-\025\351\314\2334,\306Dd\037v\256s!\003\343\005\311u\203\370\0338\3174\324\010\006\301\251\177\261\304eOX\262)FA-\022r\263wm\024vG0E\002!\000\225Y\365\0018'\373ti\253o\241\371\300!\325[!! \375:|\237\356W\206\337\037e\347\210\002 \007\213\025\352\302\007H5U\327G$\227\005\350V\377\370}\021ekh;w \206i{~\004`""; ","validation: """"\200\000\000\001&\000\000\000\017)/\352\224,:?HT\314/\177\320^Q\345X\002=\033c\255\253\226\014-o\364!\262f\370\222\250\377\220&p\343\245\3604Op\353\317\305P\027\000\000\000\000\000\000\000\000\000\000\000\000\000\000\000\000\000\000\000\000\000\000\000\000\000\000\000\000\000\000\000\000P\031D!=\355\210\037\325\034/l\242\365\034!w\324\362\3252-\025\351\314\2334,\306Dd\037v\256s!\003\343\005\311u\203\370\0338\3174\324\010\006\301\251\177\261\304eOX\262)FA-\022r\263wm\024vG0E\002!\000\225Y\365\0018'\373ti\253o\241\371\300!\325[!! \375:|\237\356W\206\337\037e\347\210\002 \007\213\025\352\302\007H5U\327G$\227\005\350V\377\370}\021ekh;w \206i{~\004`""; "
1750587308479,1750587308479,0,1,0,2,TMGetLedger,"itype: liBASE; ledgerHash: ""\345X\002=\033c\255\253\226\014-o\364!\262f\370\222\250\377\220&p\343\245\3604Op\353\317\305""; queryType: qtINDIRECT; ","itype: liBASE; ledgerHash: ""\345X\002=\033c\255\253\226\014-o\364!\262f\370\222\250\377\220&p\343\245\3604Op\353\317\305""; queryType: qtINDIRECT; "
1750587308480,1750587308480,0,1,0,2,TMGetLedger,"itype: liBASE; ledgerHash: ""\345X\002=\033c\255\253\226\014-o\364!\262f\370\222\250\377\220&p\343\245\3604Op\353\317\305""; ","itype: liBASE; ledgerHash: ""\345X\002=\033c\255\253\226\014-o\364!\262f\370\222\250\377\220&p\343\245\3604Op\353\317\305""; "
1750587308480,1750587308480,0,1,4,1,TMGetLedger,"itype: liBASE; ledgerHash: ""\345X\002=\033c\255\253\226\014-o\364!\262f\370\222\250\377\220&p\343\245\3604Op\353\317\305""; requestCookie: 3; queryType: qtINDIRECT; ","itype: liBASE; ledgerHash: ""\345X\002=\033c\255\253\226\014-o\364!\262f\370\222\250\377\220&p\343\245\3604Op\353\317\305""; requestCookie: 3; queryType: qtINDIRECT; "
1750587308480,1750587308480,0,1,4,1,TMGetLedger,"itype: liAS_NODE; ledgerHash: ""\345X\002=\033c\255\253\226\014-o\364!\262f\370\222\250\377\220&p\343\245\3604Op\353\317\305""; ledgerSeq: 15; nodeIDs: ""\260\000\000\000\000\000\000\000\000\000\000\000\000\000\000\000\000\000\000\000\000\000\000\000\000\000\000\000\000\000\000\000\001""; queryType: qtINDIRECT; queryDepth: 1; ","itype: liAS_NODE; ledgerHash: ""\345X\002=\033c\255\253\226\014-o\364!\262f\370\222\250\377\220&p\343\245\3604Op\353\317\305""; ledgerSeq: 15; nodeIDs: ""\260\000\000\000\000\000\000\000\000\000\000\000\000\000\000\000\000\000\000\000\000\000\000\000\000\000\000\000\000\000\000\000\001""; queryType: qtINDIRECT; queryDepth: 1; "
1750587308481,1750587308481,0,1,3,1,TMGetLedger,"itype: liBASE; ledgerHash: ""\345X\002=\033c\255\253\226\014-o\364!\262f\370\222\250\377\220&p\343\245\3604Op\353\317\305""; ","itype: liBASE; ledgerHash: ""\345X\002=\033c\255\253\226\014-o\364!\262f\370\222\250\377\220&p\343\245\3604Op\353\317\305""; "
1750587308481,1750587308481,0,1,3,1,TMGetLedger,"itype: liBASE; ledgerHash: ""\345X\002=\033c\255\253\226\014-o\364!\262f\370\222\250\377\220&p\343\245\3604Op\353\317\305""; requestCookie: 5; queryType: qtINDIRECT; ","itype: liBASE; ledgerHash: ""\345X\002=\033c\255\253\226\014-o\364!\262f\370\222\250\377\220&p\343\245\3604Op\353\317\305""; requestCookie: 5; queryType: qtINDIRECT; "
1750587308482,1750587308482,0,1,3,1,TMGetLedger,"itype: liBASE; ledgerHash: ""\345X\002=\033c\255\253\226\014-o\364!\262f\370\222\250\377\220&p\343\245\3604Op\353\317\305""; queryType: qtINDIRECT; ","itype: liBASE; ledgerHash: ""\345X\002=\033c\255\253\226\014-o\364!\262f\370\222\250\377\220&p\343\245\3604Op\353\317\305""; queryType: qtINDIRECT; "
1750587308482,1750587308482,0,1,1,4,TMLedgerData,"ledgerHash: ""\345X\002=\033c\255\253\226\014-o\364!\262f\370\222\250\377\220&p\343\245\3604Op\353\317\305""; ledgerSeq: 15; type: liBASE; nodes {;   nodedata: ""\000\000\000\017\001cEx]\211\377\330D!=\355\210\037\325\034/l\242\365\034!w\324\362\3252-\025\351\314\2334,\306Dd\037v\256\000\000\000\000\000\000\000\000\000\000\000\000\000\000\000\000\000\000\000\000\000\000\000\000\000\000\000\000\000\000\000\000\272\312\210\346u\346C\000\261\331\177\321m\357mF\327\331\245T\202uI\351\303B\201\262\250\354\263\241/\352\224'/\352\224.\n\000""; }; nodes {;   nodedata: ""h\315\350\215y\203\242]\371\235\232Pt&\325\210eZ\346\237XZ \277\2457n\221\336\253\245\317\002\304\206+8\t]\351\316\373|\311\263V\300\023\035\211\237\260\300\r\033u3a1\203\303\365\307k\347\006E\344\037@\210\363\010\336T\226\247'\204_{\261\370""1\235\2445\343\033Y!\212\201\341\272\225'\007*$\244&\336\343'\233i\332\374\245 {^\306-N\333\gE\006\347\212\331C\211Z\177\247\031\nu\246\032\362\231\202\336\222<\246\245\024GH\346Uz~a\244\321\260\0260\246=$\361\202Q\001\355\013\202_n)6q\357\2538_-\302\252B\204v\277\254\373\3322Ca\020\243\0105\263\257\367\032\254\016\003""; }; ","ledgerHash: ""\345X\002=\033c\255\253\226\014-o\364!\262f\370\222\250\377\220&p\343\245\3604Op\353\317\305""; ledgerSeq: 15; type: liBASE; nodes {;   nodedata: ""\000\000\000\017\001cEx]\211\377\330D!=\355\210\037\325\034/l\242\365\034!w\324\362\3252-\025\351\314\2334,\306Dd\037v\256\000\000\000\000\000\000\000\000\000\000\000\000\000\000\000\000\000\000\000\000\000\000\000\000\000\000\000\000\000\000\000\000\272\312\210\346u\346C\000\261\331\177\321m\357mF\327\331\245T\202uI\351\303B\201\262\250\354\263\241/\352\224'/\352\224.\n\000""; }; nodes {;   nodedata: ""h\315\350\215y\203\242]\371\235\232Pt&\325\210eZ\346\237XZ \277\2457n\221\336\253\245\317\002\304\206+8\t]\351\316\373|\311\263V\300\023\035\211\237\260\300\r\033u3a1\203\303\365\307k\347\006E\344\037@\210\363\010\336T\226\247'\204_{\261\370""1\235\2445\343\033Y!\212\201\341\272\225'\007*$\244&\336\343'\233i\332\374\245 {^\306-N\333\gE\006\347\212\331C\211Z\177\247\031\nu\246\032\362\231\202\336\222<\246\245\024GH\346Uz~a\244\321\260\0260\246=$\361\202Q\001\355\013\202_n)6q\357\2538_-\302\252B\204v\277\254\373\3322Ca\020\243\0105\263\257\367\032\254\016\003""; }; "
1750587308484,1750587308484,0,1,0,1,TMGetLedger,"itype: liBASE; ledgerHash: ""\345X\002=\033c\255\253\226\014-o\364!\262f\370\222\250\377\220&p\343\245\3604Op\353\317\305""; ","itype: liBASE; ledgerHash: ""\345X\002=\033c\255\253\226\014-o\364!\262f\370\222\250\377\220&p\343\245\3604Op\353\317\305""; "
1750587308484,1750587308484,0,1,0,1,TMGetLedger,"itype: liBASE; ledgerHash: ""\345X\002=\033c\255\253\226\014-o\364!\262f\370\222\250\377\220&p\343\245\3604Op\353\317\305""; queryType: qtINDIRECT; ","itype: liBASE; ledgerHash: ""\345X\002=\033c\255\253\226\014-o\364!\262f\370\222\250\377\220&p\343\245\3604Op\353\317\305""; queryType: qtINDIRECT; "
1750587308485,1750587308485,0,1,0,1,TMGetLedger,"itype: liBASE; ledgerHash: ""\345X\002=\033c\255\253\226\014-o\364!\262f\370\222\250\377\220&p\343\245\3604Op\353\317\305""; requestCookie: 3; queryType: qtINDIRECT; ","itype: liBASE; ledgerHash: ""\345X\002=\033c\255\253\226\014-o\364!\262f\370\222\250\377\220&p\343\245\3604Op\353\317\305""; requestCookie: 3; queryType: qtINDIRECT; "
1750587308485,1750587308485,0,1,0,1,TMGetLedger,"itype: liBASE; ledgerHash: ""\345X\002=\033c\255\253\226\014-o\364!\262f\370\222\250\377\220&p\343\245\3604Op\353\317\305""; requestCookie: 5; queryType: qtINDIRECT; ","itype: liBASE; ledgerHash: ""\345X\002=\033c\255\253\226\014-o\364!\262f\370\222\250\377\220&p\343\245\3604Op\353\317\305""; requestCookie: 5; queryType: qtINDIRECT; "
1750587308486,1750587308486,0,1,0,1,TMGetLedger,"itype: liBASE; ledgerHash: ""\345X\002=\033c\255\253\226\014-o\364!\262f\370\222\250\377\220&p\343\245\3604Op\353\317\305""; requestCookie: 4; queryType: qtINDIRECT; ","itype: liBASE; ledgerHash: ""\345X\002=\033c\255\253\226\014-o\364!\262f\370\222\250\377\220&p\343\245\3604Op\353\317\305""; requestCookie: 4; queryType: qtINDIRECT; "
1750587308486,1750587308486,0,1,1,4,TMLedgerData,"ledgerHash: ""\345X\002=\033c\255\253\226\014-o\364!\262f\370\222\250\377\220&p\343\245\3604Op\353\317\305""; ledgerSeq: 15; type: liBASE; nodes {;   nodedata: ""\000\000\000\017\001cEx]\211\377\330D!=\355\210\037\325\034/l\242\365\034!w\324\362\3252-\025\351\314\2334,\306Dd\037v\256\000\000\000\000\000\000\000\000\000\000\000\000\000\000\000\000\000\000\000\000\000\000\000\000\000\000\000\000\000\000\000\000\272\312\210\346u\346C\000\261\331\177\321m\357mF\327\331\245T\202uI\351\303B\201\262\250\354\263\241/\352\224'/\352\224.\n\000""; }; nodes {;   nodedata: ""h\315\350\215y\203\242]\371\235\232Pt&\325\210eZ\346\237XZ \277\2457n\221\336\253\245\317\002\304\206+8\t]\351\316\373|\311\263V\300\023\035\211\237\260\300\r\033u3a1\203\303\365\307k\347\006E\344\037@\210\363\010\336T\226\247'\204_{\261\370""1\235\2445\343\033Y!\212\201\341\272\225'\007*$\244&\336\343'\233i\332\374\245 {^\306-N\333\gE\006\347\212\331C\211Z\177\247\031\nu\246\032\362\231\202\336\222<\246\245\024GH\346Uz~a\244\321\260\0260\246=$\361\202Q\001\355\013\202_n)6q\357\2538_-\302\252B\204v\277\254\373\3322Ca\020\243\0105\263\257\367\032\254\016\003""; }; requestCookie: 4; ","ledgerHash: ""\345X\002=\033c\255\253\226\014-o\364!\262f\370\222\250\377\220&p\343\245\3604Op\353\317\305""; ledgerSeq: 15; type: liBASE; nodes {;   nodedata: ""\000\000\000\017\001cEx]\211\377\330D!=\355\210\037\325\034/l\242\365\034!w\324\362\3252-\025\351\314\2334,\306Dd\037v\256\000\000\000\000\000\000\000\000\000\000\000\000\000\000\000\000\000\000\000\000\000\000\000\000\000\000\000\000\000\000\000\000\272\312\210\346u\346C\000\261\331\177\321m\357mF\327\331\245T\202uI\351\303B\201\262\250\354\263\241/\352\224'/\352\224.\n\000""; }; nodes {;   nodedata: ""h\315\350\215y\203\242]\371\235\232Pt&\325\210eZ\346\237XZ \277\2457n\221\336\253\245\317\002\304\206+8\t]\351\316\373|\311\263V\300\023\035\211\237\260\300\r\033u3a1\203\303\365\307k\347\006E\344\037@\210\363\010\336T\226\247'\204_{\261\370""1\235\2445\343\033Y!\212\201\341\272\225'\007*$\244&\336\343'\233i\332\374\245 {^\306-N\333\gE\006\347\212\331C\211Z\177\247\031\nu\246\032\362\231\202\336\222<\246\245\024GH\346Uz~a\244\321\260\0260\246=$\361\202Q\001\355\013\202_n)6q\357\2538_-\302\252B\204v\277\254\373\3322Ca\020\243\0105\263\257\367\032\254\016\003""; }; requestCookie: 4; "
1750587308487,1750587308487,0,1,2,1,TMGetLedger,"itype: liBASE; ledgerHash: ""\345X\002=\033c\255\253\226\014-o\364!\262f\370\222\250\377\220&p\343\245\3604Op\353\317\305""; ","itype: liBASE; ledgerHash: ""\345X\002=\033c\255\253\226\014-o\364!\262f\370\222\250\377\220&p\343\245\3604Op\353\317\305""; "
1750587308487,1750587308487,0,1,2,1,TMGetLedger,"itype: liBASE; ledgerHash: ""\345X\002=\033c\255\253\226\014-o\364!\262f\370\222\250\377\220&p\343\245\3604Op\353\317\305""; queryType: qtINDIRECT; ","itype: liBASE; ledgerHash: ""\345X\002=\033c\255\253\226\014-o\364!\262f\370\222\250\377\220&p\343\245\3604Op\353\317\305""; queryType: qtINDIRECT; "
1750587308488,1750587308488,0,1,2,1,TMGetLedger,"itype: liBASE; ledgerHash: ""\345X\002=\033c\255\253\226\014-o\364!\262f\370\222\250\377\220&p\343\245\3604Op\353\317\305""; requestCookie: 4; queryType: qtINDIRECT; ","itype: liBASE; ledgerHash: ""\345X\002=\033c\255\253\226\014-o\364!\262f\370\222\250\377\220&p\343\245\3604Op\353\317\305""; requestCookie: 4; queryType: qtINDIRECT; "
1750587308488,1750587308488,0,1,2,1,TMGetLedger,"itype: liBASE; ledgerHash: ""\345X\002=\033c\255\253\226\014-o\364!\262f\370\222\250\377\220&p\343\245\3604Op\353\317\305""; requestCookie: 5; queryType: qtINDIRECT; ","itype: liBASE; ledgerHash: ""\345X\002=\033c\255\253\226\014-o\364!\262f\370\222\250\377\220&p\343\245\3604Op\353\317\305""; requestCookie: 5; queryType: qtINDIRECT; "
1750587308489,1750587308489,0,1,1,4,TMLedgerData,"ledgerHash: ""\345X\002=\033c\255\253\226\014-o\364!\262f\370\222\250\377\220&p\343\245\3604Op\353\317\305""; ledgerSeq: 15; type: liBASE; nodes {;   nodedata: ""\000\000\000\017\001cEx]\211\377\330D!=\355\210\037\325\034/l\242\365\034!w\324\362\3252-\025\351\314\2334,\306Dd\037v\256\000\000\000\000\000\000\000\000\000\000\000\000\000\000\000\000\000\000\000\000\000\000\000\000\000\000\000\000\000\000\000\000\272\312\210\346u\346C\000\261\331\177\321m\357mF\327\331\245T\202uI\351\303B\201\262\250\354\263\241/\352\224'/\352\224.\n\000""; }; nodes {;   nodedata: ""h\315\350\215y\203\242]\371\235\232Pt&\325\210eZ\346\237XZ \277\2457n\221\336\253\245\317\002\304\206+8\t]\351\316\373|\311\263V\300\023\035\211\237\260\300\r\033u3a1\203\303\365\307k\347\006E\344\037@\210\363\010\336T\226\247'\204_{\261\370""1\235\2445\343\033Y!\212\201\341\272\225'\007*$\244&\336\343'\233i\332\374\245 {^\306-N\333\gE\006\347\212\331C\211Z\177\247\031\nu\246\032\362\231\202\336\222<\246\245\024GH\346Uz~a\244\321\260\0260\246=$\361\202Q\001\355\013\202_n)6q\357\2538_-\302\252B\204v\277\254\373\3322Ca\020\243\0105\263\257\367\032\254\016\003""; }; requestCookie: 1; ","ledgerHash: ""\345X\002=\033c\255\253\226\014-o\364!\262f\370\222\250\377\220&p\343\245\3604Op\353\317\305""; ledgerSeq: 15; type: liBASE; nodes {;   nodedata: ""\000\000\000\017\001cEx]\211\377\330D!=\355\210\037\325\034/l\242\365\034!w\324\362\3252-\025\351\314\2334,\306Dd\037v\256\000\000\000\000\000\000\000\000\000\000\000\000\000\000\000\000\000\000\000\000\000\000\000\000\000\000\000\000\000\000\000\000\272\312\210\346u\346C\000\261\331\177\321m\357mF\327\331\245T\202uI\351\303B\201\262\250\354\263\241/\352\224'/\352\224.\n\000""; }; nodes {;   nodedata: ""h\315\350\215y\203\242]\371\235\232Pt&\325\210eZ\346\237XZ \277\2457n\221\336\253\245\317\002\304\206+8\t]\351\316\373|\311\263V\300\023\035\211\237\260\300\r\033u3a1\203\303\365\307k\347\006E\344\037@\210\363\010\336T\226\247'\204_{\261\370""1\235\2445\343\033Y!\212\201\341\272\225'\007*$\244&\336\343'\233i\332\374\245 {^\306-N\333\gE\006\347\212\331C\211Z\177\247\031\nu\246\032\362\231\202\336\222<\246\245\024GH\346Uz~a\244\321\260\0260\246=$\361\202Q\001\355\013\202_n)6q\357\2538_-\302\252B\204v\277\254\373\3322Ca\020\243\0105\263\257\367\032\254\016\003""; }; requestCookie: 1; "
1750587308490,1750587308490,0,1,1,4,TMLedgerData,"ledgerHash: ""\345X\002=\033c\255\253\226\014-o\364!\262f\370\222\250\377\220&p\343\245\3604Op\353\317\305""; ledgerSeq: 15; type: liBASE; nodes {;   nodedata: ""\000\000\000\017\001cEx]\211\377\330D!=\355\210\037\325\034/l\242\365\034!w\324\362\3252-\025\351\314\2334,\306Dd\037v\256\000\000\000\000\000\000\000\000\000\000\000\000\000\000\000\000\000\000\000\000\000\000\000\000\000\000\000\000\000\000\000\000\272\312\210\346u\346C\000\261\331\177\321m\357mF\327\331\245T\202uI\351\303B\201\262\250\354\263\241/\352\224'/\352\224.\n\000""; }; nodes {;   nodedata: ""h\315\350\215y\203\242]\371\235\232Pt&\325\210eZ\346\237XZ \277\2457n\221\336\253\245\317\002\304\206+8\t]\351\316\373|\311\263V\300\023\035\211\237\260\300\r\033u3a1\203\303\365\307k\347\006E\344\037@\210\363\010\336T\226\247'\204_{\261\370""1\235\2445\343\033Y!\212\201\341\272\225'\007*$\244&\336\343'\233i\332\374\245 {^\306-N\333\gE\006\347\212\331C\211Z\177\247\031\nu\246\032\362\231\202\336\222<\246\245\024GH\346Uz~a\244\321\260\0260\246=$\361\202Q\001\355\013\202_n)6q\357\2538_-\302\252B\204v\277\254\373\3322Ca\020\243\0105\263\257\367\032\254\016\003""; }; requestCookie: 3; ","ledgerHash: ""\345X\002=\033c\255\253\226\014-o\364!\262f\370\222\250\377\220&p\343\245\3604Op\353\317\305""; ledgerSeq: 15; type: liBASE; nodes {;   nodedata: ""\000\000\000\017\001cEx]\211\377\330D!=\355\210\037\325\034/l\242\365\034!w\324\362\3252-\025\351\314\2334,\306Dd\037v\256\000\000\000\000\000\000\000\000\000\000\000\000\000\000\000\000\000\000\000\000\000\000\000\000\000\000\000\000\000\000\000\000\272\312\210\346u\346C\000\261\331\177\321m\357mF\327\331\245T\202uI\351\303B\201\262\250\354\263\241/\352\224'/\352\224.\n\000""; }; nodes {;   nodedata: ""h\315\350\215y\203\242]\371\235\232Pt&\325\210eZ\346\237XZ \277\2457n\221\336\253\245\317\002\304\206+8\t]\351\316\373|\311\263V\300\023\035\211\237\260\300\r\033u3a1\203\303\365\307k\347\006E\344\037@\210\363\010\336T\226\247'\204_{\261\370""1\235\2445\343\033Y!\212\201\341\272\225'\007*$\244&\336\343'\233i\332\374\245 {^\306-N\333\gE\006\347\212\331C\211Z\177\247\031\nu\246\032\362\231\202\336\222<\246\245\024GH\346Uz~a\244\321\260\0260\246=$\361\202Q\001\355\013\202_n)6q\357\2538_-\302\252B\204v\277\254\373\3322Ca\020\243\0105\263\257\367\032\254\016\003""; }; requestCookie: 3; "
1750587308490,1750587308490,0,1,1,3,TMLedgerData,"ledgerHash: ""\345X\002=\033c\255\253\226\014-o\364!\262f\370\222\250\377\220&p\343\245\3604Op\353\317\305""; ledgerSeq: 15; type: liBASE; nodes {;   nodedata: ""\000\000\000\017\001cEx]\211\377\330D!=\355\210\037\325\034/l\242\365\034!w\324\362\3252-\025\351\314\2334,\306Dd\037v\256\000\000\000\000\000\000\000\000\000\000\000\000\000\000\000\000\000\000\000\000\000\000\000\000\000\000\000\000\000\000\000\000\272\312\210\346u\346C\000\261\331\177\321m\357mF\327\331\245T\202uI\351\303B\201\262\250\354\263\241/\352\224'/\352\224.\n\000""; }; nodes {;   nodedata: ""h\315\350\215y\203\242]\371\235\232Pt&\325\210eZ\346\237XZ \277\2457n\221\336\253\245\317\002\304\206+8\t]\351\316\373|\311\263V\300\023\035\211\237\260\300\r\033u3a1\203\303\365\307k\347\006E\344\037@\210\363\010\336T\226\247'\204_{\261\370""1\235\2445\343\033Y!\212\201\341\272\225'\007*$\244&\336\343'\233i\332\374\245 {^\306-N\333\gE\006\347\212\331C\211Z\177\247\031\nu\246\032\362\231\202\336\222<\246\245\024GH\346Uz~a\244\321\260\0260\246=$\361\202Q\001\355\013\202_n)6q\357\2538_-\302\252B\204v\277\254\373\3322Ca\020\243\0105\263\257\367\032\254\016\003""; }; ","ledgerHash: ""\345X\002=\033c\255\253\226\014-o\364!\262f\370\222\250\377\220&p\343\245\3604Op\353\317\305""; ledgerSeq: 15; type: liBASE; nodes {;   nodedata: ""\000\000\000\017\001cEx]\211\377\330D!=\355\210\037\325\034/l\242\365\034!w\324\362\3252-\025\351\314\2334,\306Dd\037v\256\000\000\000\000\000\000\000\000\000\000\000\000\000\000\000\000\000\000\000\000\000\000\000\000\000\000\000\000\000\000\000\000\272\312\210\346u\346C\000\261\331\177\321m\357mF\327\331\245T\202uI\351\303B\201\262\250\354\263\241/\352\224'/\352\224.\n\000""; }; nodes {;   nodedata: ""h\315\350\215y\203\242]\371\235\232Pt&\325\210eZ\346\237XZ \277\2457n\221\336\253\245\317\002\304\206+8\t]\351\316\373|\311\263V\300\023\035\211\237\260\300\r\033u3a1\203\303\365\307k\347\006E\344\037@\210\363\010\336T\226\247'\204_{\261\370""1\235\2445\343\033Y!\212\201\341\272\225'\007*$\244&\336\343'\233i\332\374\245 {^\306-N\333\gE\006\347\212\331C\211Z\177\247\031\nu\246\032\362\231\202\336\222<\246\245\024GH\346Uz~a\244\321\260\0260\246=$\361\202Q\001\355\013\202_n)6q\357\2538_-\302\252B\204v\277\254\373\3322Ca\020\243\0105\263\257\367\032\254\016\003""; }; "
1750587308491,1750587308491,0,1,1,3,TMLedgerData,"ledgerHash: ""\345X\002=\033c\255\253\226\014-o\364!\262f\370\222\250\377\220&p\343\245\3604Op\353\317\305""; ledgerSeq: 15; type: liBASE; nodes {;   nodedata: ""\000\000\000\017\001cEx]\211\377\330D!=\355\210\037\325\034/l\242\365\034!w\324\362\3252-\025\351\314\2334,\306Dd\037v\256\000\000\000\000\000\000\000\000\000\000\000\000\000\000\000\000\000\000\000\000\000\000\000\000\000\000\000\000\000\000\000\000\272\312\210\346u\346C\000\261\331\177\321m\357mF\327\331\245T\202uI\351\303B\201\262\250\354\263\241/\352\224'/\352\224.\n\000""; }; nodes {;   nodedata: ""h\315\350\215y\203\242]\371\235\232Pt&\325\210eZ\346\237XZ \277\2457n\221\336\253\245\317\002\304\206+8\t]\351\316\373|\311\263V\300\023\035\211\237\260\300\r\033u3a1\203\303\365\307k\347\006E\344\037@\210\363\010\336T\226\247'\204_{\261\370""1\235\2445\343\033Y!\212\201\341\272\225'\007*$\244&\336\343'\233i\332\374\245 {^\306-N\333\gE\006\347\212\331C\211Z\177\247\031\nu\246\032\362\231\202\336\222<\246\245\024GH\346Uz~a\244\321\260\0260\246=$\361\202Q\001\355\013\202_n)6q\357\2538_-\302\252B\204v\277\254\373\3322Ca\020\243\0105\263\257\367\032\254\016\003""; }; requestCookie: 5; ","ledgerHash: ""\345X\002=\033c\255\253\226\014-o\364!\262f\370\222\250\377\220&p\343\245\3604Op\353\317\305""; ledgerSeq: 15; type: liBASE; nodes {;   nodedata: ""\000\000\000\017\001cEx]\211\377\330D!=\355\210\037\325\034/l\242\365\034!w\324\362\3252-\025\351\314\2334,\306Dd\037v\256\000\000\000\000\000\000\000\000\000\000\000\000\000\000\000\000\000\000\000\000\000\000\000\000\000\000\000\000\000\000\000\000\272\312\210\346u\346C\000\261\331\177\321m\357mF\327\331\245T\202uI\351\303B\201\262\250\354\263\241/\352\224'/\352\224.\n\000""; }; nodes {;   nodedata: ""h\315\350\215y\203\242]\371\235\232Pt&\325\210eZ\346\237XZ \277\2457n\221\336\253\245\317\002\304\206+8\t]\351\316\373|\311\263V\300\023\035\211\237\260\300\r\033u3a1\203\303\365\307k\347\006E\344\037@\210\363\010\336T\226\247'\204_{\261\370""1\235\2445\343\033Y!\212\201\341\272\225'\007*$\244&\336\343'\233i\332\374\245 {^\306-N\333\gE\006\347\212\331C\211Z\177\247\031\nu\246\032\362\231\202\336\222<\246\245\024GH\346Uz~a\244\321\260\0260\246=$\361\202Q\001\355\013\202_n)6q\357\2538_-\302\252B\204v\277\254\373\3322Ca\020\243\0105\263\257\367\032\254\016\003""; }; requestCookie: 5; "
1750587308491,1750587308492,0,1,1,3,TMLedgerData,"ledgerHash: ""\345X\002=\033c\255\253\226\014-o\364!\262f\370\222\250\377\220&p\343\245\3604Op\353\317\305""; ledgerSeq: 15; type: liBASE; nodes {;   nodedata: ""\000\000\000\017\001cEx]\211\377\330D!=\355\210\037\325\034/l\242\365\034!w\324\362\3252-\025\351\314\2334,\306Dd\037v\256\000\000\000\000\000\000\000\000\000\000\000\000\000\000\000\000\000\000\000\000\000\000\000\000\000\000\000\000\000\000\000\000\272\312\210\346u\346C\000\261\331\177\321m\357mF\327\331\245T\202uI\351\303B\201\262\250\354\263\241/\352\224'/\352\224.\n\000""; }; nodes {;   nodedata: ""h\315\350\215y\203\242]\371\235\232Pt&\325\210eZ\346\237XZ \277\2457n\221\336\253\245\317\002\304\206+8\t]\351\316\373|\311\263V\300\023\035\211\237\260\300\r\033u3a1\203\303\365\307k\347\006E\344\037@\210\363\010\336T\226\247'\204_{\261\370""1\235\2445\343\033Y!\212\201\341\272\225'\007*$\244&\336\343'\233i\332\374\245 {^\306-N\333\gE\006\347\212\331C\211Z\177\247\031\nu\246\032\362\231\202\336\222<\246\245\024GH\346Uz~a\244\321\260\0260\246=$\361\202Q\001\355\013\202_n)6q\357\2538_-\302\252B\204v\277\254\373\3322Ca\020\243\0105\263\257\367\032\254\016\003""; }; ","ledgerHash: ""\345X\002=\033c\255\253\226\014-o\364!\262f\370\222\250\377\220&p\343\245\3604Op\353\317\305""; ledgerSeq: 15; type: liBASE; nodes {;   nodedata: ""\000\000\000\017\001cEx]\211\377\330D!=\355\210\037\325\034/l\242\365\034!w\324\362\3252-\025\351\314\2334,\306Dd\037v\256\000\000\000\000\000\000\000\000\000\000\000\000\000\000\000\000\000\000\000\000\000\000\000\000\000\000\000\000\000\000\000\000\272\312\210\346u\346C\000\261\331\177\321m\357mF\327\331\245T\202uI\351\303B\201\262\250\354\263\241/\352\224'/\352\224.\n\000""; }; nodes {;   nodedata: ""h\315\350\215y\203\242]\371\235\232Pt&\325\210eZ\346\237XZ \277\2457n\221\336\253\245\317\002\304\206+8\t]\351\316\373|\311\263V\300\023\035\211\237\260\300\r\033u3a1\203\303\365\307k\347\006E\344\037@\210\363\010\336T\226\247'\204_{\261\370""1\235\2445\343\033Y!\212\201\341\272\225'\007*$\244&\336\343'\233i\332\374\245 {^\306-N\333\gE\006\347\212\331C\211Z\177\247\031\nu\246\032\362\231\202\336\222<\246\245\024GH\346Uz~a\244\321\260\0260\246=$\361\202Q\001\355\013\202_n)6q\357\2538_-\302\252B\204v\277\254\373\3322Ca\020\243\0105\263\257\367\032\254\016\003""; }; "
1750587308492,1750587308492,0,1,1,0,TMLedgerData,"ledgerHash: ""\345X\002=\033c\255\253\226\014-o\364!\262f\370\222\250\377\220&p\343\245\3604Op\353\317\305""; ledgerSeq: 15; type: liBASE; nodes {;   nodedata: ""\000\000\000\017\001cEx]\211\377\330D!=\355\210\037\325\034/l\242\365\034!w\324\362\3252-\025\351\314\2334,\306Dd\037v\256\000\000\000\000\000\000\000\000\000\000\000\000\000\000\000\000\000\000\000\000\000\000\000\000\000\000\000\000\000\000\000\000\272\312\210\346u\346C\000\261\331\177\321m\357mF\327\331\245T\202uI\351\303B\201\262\250\354\263\241/\352\224'/\352\224.\n\000""; }; nodes {;   nodedata: ""h\315\350\215y\203\242]\371\235\232Pt&\325\210eZ\346\237XZ \277\2457n\221\336\253\245\317\002\304\206+8\t]\351\316\373|\311\263V\300\023\035\211\237\260\300\r\033u3a1\203\303\365\307k\347\006E\344\037@\210\363\010\336T\226\247'\204_{\261\370""1\235\2445\343\033Y!\212\201\341\272\225'\007*$\244&\336\343'\233i\332\374\245 {^\306-N\333\gE\006\347\212\331C\211Z\177\247\031\nu\246\032\362\231\202\336\222<\246\245\024GH\346Uz~a\244\321\260\0260\246=$\361\202Q\001\355\013\202_n)6q\357\2538_-\302\252B\204v\277\254\373\3322Ca\020\243\0105\263\257\367\032\254\016\003""; }; ","ledgerHash: ""\345X\002=\033c\255\253\226\014-o\364!\262f\370\222\250\377\220&p\343\245\3604Op\353\317\305""; ledgerSeq: 15; type: liBASE; nodes {;   nodedata: ""\000\000\000\017\001cEx]\211\377\330D!=\355\210\037\325\034/l\242\365\034!w\324\362\3252-\025\351\314\2334,\306Dd\037v\256\000\000\000\000\000\000\000\000\000\000\000\000\000\000\000\000\000\000\000\000\000\000\000\000\000\000\000\000\000\000\000\000\272\312\210\346u\346C\000\261\331\177\321m\357mF\327\331\245T\202uI\351\303B\201\262\250\354\263\241/\352\224'/\352\224.\n\000""; }; nodes {;   nodedata: ""h\315\350\215y\203\242]\371\235\232Pt&\325\210eZ\346\237XZ \277\2457n\221\336\253\245\317\002\304\206+8\t]\351\316\373|\311\263V\300\023\035\211\237\260\300\r\033u3a1\203\303\365\307k\347\006E\344\037@\210\363\010\336T\226\247'\204_{\261\370""1\235\2445\343\033Y!\212\201\341\272\225'\007*$\244&\336\343'\233i\332\374\245 {^\306-N\333\gE\006\347\212\331C\211Z\177\247\031\nu\246\032\362\231\202\336\222<\246\245\024GH\346Uz~a\244\321\260\0260\246=$\361\202Q\001\355\013\202_n)6q\357\2538_-\302\252B\204v\277\254\373\3322Ca\020\243\0105\263\257\367\032\254\016\003""; }; "
1750587308492,1750587308492,0,1,1,0,TMLedgerData,"ledgerHash: ""\345X\002=\033c\255\253\226\014-o\364!\262f\370\222\250\377\220&p\343\245\3604Op\353\317\305""; ledgerSeq: 15; type: liBASE; nodes {;   nodedata: ""\000\000\000\017\001cEx]\211\377\330D!=\355\210\037\325\034/l\242\365\034!w\324\362\3252-\025\351\314\2334,\306Dd\037v\256\000\000\000\000\000\000\000\000\000\000\000\000\000\000\000\000\000\000\000\000\000\000\000\000\000\000\000\000\000\000\000\000\272\312\210\346u\346C\000\261\331\177\321m\357mF\327\331\245T\202uI\351\303B\201\262\250\354\263\241/\352\224'/\352\224.\n\000""; }; nodes {;   nodedata: ""h\315\350\215y\203\242]\371\235\232Pt&\325\210eZ\346\237XZ \277\2457n\221\336\253\245\317\002\304\206+8\t]\351\316\373|\311\263V\300\023\035\211\237\260\300\r\033u3a1\203\303\365\307k\347\006E\344\037@\210\363\010\336T\226\247'\204_{\261\370""1\235\2445\343\033Y!\212\201\341\272\225'\007*$\244&\336\343'\233i\332\374\245 {^\306-N\333\gE\006\347\212\331C\211Z\177\247\031\nu\246\032\362\231\202\336\222<\246\245\024GH\346Uz~a\244\321\260\0260\246=$\361\202Q\001\355\013\202_n)6q\357\2538_-\302\252B\204v\277\254\373\3322Ca\020\243\0105\263\257\367\032\254\016\003""; }; ","ledgerHash: ""\345X\002=\033c\255\253\226\014-o\364!\262f\370\222\250\377\220&p\343\245\3604Op\353\317\305""; ledgerSeq: 15; type: liBASE; nodes {;   nodedata: ""\000\000\000\017\001cEx]\211\377\330D!=\355\210\037\325\034/l\242\365\034!w\324\362\3252-\025\351\314\2334,\306Dd\037v\256\000\000\000\000\000\000\000\000\000\000\000\000\000\000\000\000\000\000\000\000\000\000\000\000\000\000\000\000\000\000\000\000\272\312\210\346u\346C\000\261\331\177\321m\357mF\327\331\245T\202uI\351\303B\201\262\250\354\263\241/\352\224'/\352\224.\n\000""; }; nodes {;   nodedata: ""h\315\350\215y\203\242]\371\235\232Pt&\325\210eZ\346\237XZ \277\2457n\221\336\253\245\317\002\304\206+8\t]\351\316\373|\311\263V\300\023\035\211\237\260\300\r\033u3a1\203\303\365\307k\347\006E\344\037@\210\363\010\336T\226\247'\204_{\261\370""1\235\2445\343\033Y!\212\201\341\272\225'\007*$\244&\336\343'\233i\332\374\245 {^\306-N\333\gE\006\347\212\331C\211Z\177\247\031\nu\246\032\362\231\202\336\222<\246\245\024GH\346Uz~a\244\321\260\0260\246=$\361\202Q\001\355\013\202_n)6q\357\2538_-\302\252B\204v\277\254\373\3322Ca\020\243\0105\263\257\367\032\254\016\003""; }; "
1750587308493,1750587308493,0,1,1,0,TMLedgerData,"ledgerHash: ""\345X\002=\033c\255\253\226\014-o\364!\262f\370\222\250\377\220&p\343\245\3604Op\353\317\305""; ledgerSeq: 15; type: liBASE; nodes {;   nodedata: ""\000\000\000\017\001cEx]\211\377\330D!=\355\210\037\325\034/l\242\365\034!w\324\362\3252-\025\351\314\2334,\306Dd\037v\256\000\000\000\000\000\000\000\000\000\000\000\000\000\000\000\000\000\000\000\000\000\000\000\000\000\000\000\000\000\000\000\000\272\312\210\346u\346C\000\261\331\177\321m\357mF\327\331\245T\202uI\351\303B\201\262\250\354\263\241/\352\224'/\352\224.\n\000""; }; nodes {;   nodedata: ""h\315\350\215y\203\242]\371\235\232Pt&\325\210eZ\346\237XZ \277\2457n\221\336\253\245\317\002\304\206+8\t]\351\316\373|\311\263V\300\023\035\211\237\260\300\r\033u3a1\203\303\365\307k\347\006E\344\037@\210\363\010\336T\226\247'\204_{\261\370""1\235\2445\343\033Y!\212\201\341\272\225'\007*$\244&\336\343'\233i\332\374\245 {^\306-N\333\gE\006\347\212\331C\211Z\177\247\031\nu\246\032\362\231\202\336\222<\246\245\024GH\346Uz~a\244\321\260\0260\246=$\361\202Q\001\355\013\202_n)6q\357\2538_-\302\252B\204v\277\254\373\3322Ca\020\243\0105\263\257\367\032\254\016\003""; }; requestCookie: 3; ","ledgerHash: ""\345X\002=\033c\255\253\226\014-o\364!\262f\370\222\250\377\220&p\343\245\3604Op\353\317\305""; ledgerSeq: 15; type: liBASE; nodes {;   nodedata: ""\000\000\000\017\001cEx]\211\377\330D!=\355\210\037\325\034/l\242\365\034!w\324\362\3252-\025\351\314\2334,\306Dd\037v\256\000\000\000\000\000\000\000\000\000\000\000\000\000\000\000\000\000\000\000\000\000\000\000\000\000\000\000\000\000\000\000\000\272\312\210\346u\346C\000\261\331\177\321m\357mF\327\331\245T\202uI\351\303B\201\262\250\354\263\241/\352\224'/\352\224.\n\000""; }; nodes {;   nodedata: ""h\315\350\215y\203\242]\371\235\232Pt&\325\210eZ\346\237XZ \277\2457n\221\336\253\245\317\002\304\206+8\t]\351\316\373|\311\263V\300\023\035\211\237\260\300\r\033u3a1\203\303\365\307k\347\006E\344\037@\210\363\010\336T\226\247'\204_{\261\370""1\235\2445\343\033Y!\212\201\341\272\225'\007*$\244&\336\343'\233i\332\374\245 {^\306-N\333\gE\006\347\212\331C\211Z\177\247\031\nu\246\032\362\231\202\336\222<\246\245\024GH\346Uz~a\244\321\260\0260\246=$\361\202Q\001\355\013\202_n)6q\357\2538_-\302\252B\204v\277\254\373\3322Ca\020\243\0105\263\257\367\032\254\016\003""; }; requestCookie: 3; "
1750587308494,1750587308494,0,1,1,0,TMLedgerData,"ledgerHash: ""\345X\002=\033c\255\253\226\014-o\364!\262f\370\222\250\377\220&p\343\245\3604Op\353\317\305""; ledgerSeq: 15; type: liBASE; nodes {;   nodedata: ""\000\000\000\017\001cEx]\211\377\330D!=\355\210\037\325\034/l\242\365\034!w\324\362\3252-\025\351\314\2334,\306Dd\037v\256\000\000\000\000\000\000\000\000\000\000\000\000\000\000\000\000\000\000\000\000\000\000\000\000\000\000\000\000\000\000\000\000\272\312\210\346u\346C\000\261\331\177\321m\357mF\327\331\245T\202uI\351\303B\201\262\250\354\263\241/\352\224'/\352\224.\n\000""; }; nodes {;   nodedata: ""h\315\350\215y\203\242]\371\235\232Pt&\325\210eZ\346\237XZ \277\2457n\221\336\253\245\317\002\304\206+8\t]\351\316\373|\311\263V\300\023\035\211\237\260\300\r\033u3a1\203\303\365\307k\347\006E\344\037@\210\363\010\336T\226\247'\204_{\261\370""1\235\2445\343\033Y!\212\201\341\272\225'\007*$\244&\336\343'\233i\332\374\245 {^\306-N\333\gE\006\347\212\331C\211Z\177\247\031\nu\246\032\362\231\202\336\222<\246\245\024GH\346Uz~a\244\321\260\0260\246=$\361\202Q\001\355\013\202_n)6q\357\2538_-\302\252B\204v\277\254\373\3322Ca\020\243\0105\263\257\367\032\254\016\003""; }; requestCookie: 5; ","ledgerHash: ""\345X\002=\033c\255\253\226\014-o\364!\262f\370\222\250\377\220&p\343\245\3604Op\353\317\305""; ledgerSeq: 15; type: liBASE; nodes {;   nodedata: ""\000\000\000\017\001cEx]\211\377\330D!=\355\210\037\325\034/l\242\365\034!w\324\362\3252-\025\351\314\2334,\306Dd\037v\256\000\000\000\000\000\000\000\000\000\000\000\000\000\000\000\000\000\000\000\000\000\000\000\000\000\000\000\000\000\000\000\000\272\312\210\346u\346C\000\261\331\177\321m\357mF\327\331\245T\202uI\351\303B\201\262\250\354\263\241/\352\224'/\352\224.\n\000""; }; nodes {;   nodedata: ""h\315\350\215y\203\242]\371\235\232Pt&\325\210eZ\346\237XZ \277\2457n\221\336\253\245\317\002\304\206+8\t]\351\316\373|\311\263V\300\023\035\211\237\260\300\r\033u3a1\203\303\365\307k\347\006E\344\037@\210\363\010\336T\226\247'\204_{\261\370""1\235\2445\343\033Y!\212\201\341\272\225'\007*$\244&\336\343'\233i\332\374\245 {^\306-N\333\gE\006\347\212\331C\211Z\177\247\031\nu\246\032\362\231\202\336\222<\246\245\024GH\346Uz~a\244\321\260\0260\246=$\361\202Q\001\355\013\202_n)6q\357\2538_-\302\252B\204v\277\254\373\3322Ca\020\243\0105\263\257\367\032\254\016\003""; }; requestCookie: 5; "
1750587308495,1750587308495,0,1,4,3,TMLedgerData,"ledgerHash: ""\345X\002=\033c\255\253\226\014-o\364!\262f\370\222\250\377\220&p\343\245\3604Op\353\317\305""; ledgerSeq: 15; type: liBASE; nodes {;   nodedata: ""\000\000\000\017\001cEx]\211\377\330D!=\355\210\037\325\034/l\242\365\034!w\324\362\3252-\025\351\314\2334,\306Dd\037v\256\000\000\000\000\000\000\000\000\000\000\000\000\000\000\000\000\000\000\000\000\000\000\000\000\000\000\000\000\000\000\000\000\272\312\210\346u\346C\000\261\331\177\321m\357mF\327\331\245T\202uI\351\303B\201\262\250\354\263\241/\352\224'/\352\224.\n\000""; }; nodes {;   nodedata: ""h\315\350\215y\203\242]\371\235\232Pt&\325\210eZ\346\237XZ \277\2457n\221\336\253\245\317\002\304\206+8\t]\351\316\373|\311\263V\300\023\035\211\237\260\300\r\033u3a1\203\303\365\307k\347\006E\344\037@\210\363\010\336T\226\247'\204_{\261\370""1\235\2445\343\033Y!\212\201\341\272\225'\007*$\244&\336\343'\233i\332\374\245 {^\306-N\333\gE\006\347\212\331C\211Z\177\247\031\nu\246\032\362\231\202\336\222<\246\245\024GH\346Uz~a\244\321\260\0260\246=$\361\202Q\001\355\013\202_n)6q\357\2538_-\302\252B\204v\277\254\373\3322Ca\020\243\0105\263\257\367\032\254\016\003""; }; ","ledgerHash: ""\345X\002=\033c\255\253\226\014-o\364!\262f\370\222\250\377\220&p\343\245\3604Op\353\317\305""; ledgerSeq: 15; type: liBASE; nodes {;   nodedata: ""\000\000\000\017\001cEx]\211\377\330D!=\355\210\037\325\034/l\242\365\034!w\324\362\3252-\025\351\314\2334,\306Dd\037v\256\000\000\000\000\000\000\000\000\000\000\000\000\000\000\000\000\000\000\000\000\000\000\000\000\000\000\000\000\000\000\000\000\272\312\210\346u\346C\000\261\331\177\321m\357mF\327\331\245T\202uI\351\303B\201\262\250\354\263\241/\352\224'/\352\224.\n\000""; }; nodes {;   nodedata: ""h\315\350\215y\203\242]\371\235\232Pt&\325\210eZ\346\237XZ \277\2457n\221\336\253\245\317\002\304\206+8\t]\351\316\373|\311\263V\300\023\035\211\237\260\300\r\033u3a1\203\303\365\307k\347\006E\344\037@\210\363\010\336T\226\247'\204_{\261\370""1\235\2445\343\033Y!\212\201\341\272\225'\007*$\244&\336\343'\233i\332\374\245 {^\306-N\333\gE\006\347\212\331C\211Z\177\247\031\nu\246\032\362\231\202\336\222<\246\245\024GH\346Uz~a\244\321\260\0260\246=$\361\202Q\001\355\013\202_n)6q\357\2538_-\302\252B\204v\277\254\373\3322Ca\020\243\0105\263\257\367\032\254\016\003""; }; "
1750587308495,1750587308496,0,1,1,2,TMLedgerData,"ledgerHash: ""\345X\002=\033c\255\253\226\014-o\364!\262f\370\222\250\377\220&p\343\245\3604Op\353\317\305""; ledgerSeq: 15; type: liBASE; nodes {;   nodedata: ""\000\000\000\017\001cEx]\211\377\330D!=\355\210\037\325\034/l\242\365\034!w\324\362\3252-\025\351\314\2334,\306Dd\037v\256\000\000\000\000\000\000\000\000\000\000\000\000\000\000\000\000\000\000\000\000\000\000\000\000\000\000\000\000\000\000\000\000\272\312\210\346u\346C\000\261\331\177\321m\357mF\327\331\245T\202uI\351\303B\201\262\250\354\263\241/\352\224'/\352\224.\n\000""; }; nodes {;   nodedata: ""h\315\350\215y\203\242]\371\235\232Pt&\325\210eZ\346\237XZ \277\2457n\221\336\253\245\317\002\304\206+8\t]\351\316\373|\311\263V\300\023\035\211\237\260\300\r\033u3a1\203\303\365\307k\347\006E\344\037@\210\363\010\336T\226\247'\204_{\261\370""1\235\2445\343\033Y!\212\201\341\272\225'\007*$\244&\336\343'\233i\332\374\245 {^\306-N\333\gE\006\347\212\331C\211Z\177\247\031\nu\246\032\362\231\202\336\222<\246\245\024GH\346Uz~a\244\321\260\0260\246=$\361\202Q\001\355\013\202_n)6q\357\2538_-\302\252B\204v\277\254\373\3322Ca\020\243\0105\263\257\367\032\254\016\003""; }; ","ledgerHash: ""\345X\002=\033c\255\253\226\014-o\364!\262f\370\222\250\377\220&p\343\245\3604Op\353\317\305""; ledgerSeq: 15; type: liBASE; nodes {;   nodedata: ""\000\000\000\017\001cEx]\211\377\330D!=\355\210\037\325\034/l\242\365\034!w\324\362\3252-\025\351\314\2334,\306Dd\037v\256\000\000\000\000\000\000\000\000\000\000\000\000\000\000\000\000\000\000\000\000\000\000\000\000\000\000\000\000\000\000\000\000\272\312\210\346u\346C\000\261\331\177\321m\357mF\327\331\245T\202uI\351\303B\201\262\250\354\263\241/\352\224'/\352\224.\n\000""; }; nodes {;   nodedata: ""h\315\350\215y\203\242]\371\235\232Pt&\325\210eZ\346\237XZ \277\2457n\221\336\253\245\317\002\304\206+8\t]\351\316\373|\311\263V\300\023\035\211\237\260\300\r\033u3a1\203\303\365\307k\347\006E\344\037@\210\363\010\336T\226\247'\204_{\261\370""1\235\2445\343\033Y!\212\201\341\272\225'\007*$\244&\336\343'\233i\332\374\245 {^\306-N\333\gE\006\347\212\331C\211Z\177\247\031\nu\246\032\362\231\202\336\222<\246\245\024GH\346Uz~a\244\321\260\0260\246=$\361\202Q\001\355\013\202_n)6q\357\2538_-\302\252B\204v\277\254\373\3322Ca\020\243\0105\263\257\367\032\254\016\003""; }; "
1750587308496,1750587308497,0,1,1,2,TMLedgerData,"ledgerHash: ""\345X\002=\033c\255\253\226\014-o\364!\262f\370\222\250\377\220&p\343\245\3604Op\353\317\305""; ledgerSeq: 15; type: liBASE; nodes {;   nodedata: ""\000\000\000\017\001cEx]\211\377\330D!=\355\210\037\325\034/l\242\365\034!w\324\362\3252-\025\351\314\2334,\306Dd\037v\256\000\000\000\000\000\000\000\000\000\000\000\000\000\000\000\000\000\000\000\000\000\000\000\000\000\000\000\000\000\000\000\000\272\312\210\346u\346C\000\261\331\177\321m\357mF\327\331\245T\202uI\351\303B\201\262\250\354\263\241/\352\224'/\352\224.\n\000""; }; nodes {;   nodedata: ""h\315\350\215y\203\242]\371\235\232Pt&\325\210eZ\346\237XZ \277\2457n\221\336\253\245\317\002\304\206+8\t]\351\316\373|\311\263V\300\023\035\211\237\260\300\r\033u3a1\203\303\365\307k\347\006E\344\037@\210\363\010\336T\226\247'\204_{\261\370""1\235\2445\343\033Y!\212\201\341\272\225'\007*$\244&\336\343'\233i\332\374\245 {^\306-N\333\gE\006\347\212\331C\211Z\177\247\031\nu\246\032\362\231\202\336\222<\246\245\024GH\346Uz~a\244\321\260\0260\246=$\361\202Q\001\355\013\202_n)6q\357\2538_-\302\252B\204v\277\254\373\3322Ca\020\243\0105\263\257\367\032\254\016\003""; }; ","ledgerHash: ""\345X\002=\033c\255\253\226\014-o\364!\262f\370\222\250\377\220&p\343\245\3604Op\353\317\305""; ledgerSeq: 15; type: liBASE; nodes {;   nodedata: ""\000\000\000\017\001cEx]\211\377\330D!=\355\210\037\325\034/l\242\365\034!w\324\362\3252-\025\351\314\2334,\306Dd\037v\256\000\000\000\000\000\000\000\000\000\000\000\000\000\000\000\000\000\000\000\000\000\000\000\000\000\000\000\000\000\000\000\000\272\312\210\346u\346C\000\261\331\177\321m\357mF\327\331\245T\202uI\351\303B\201\262\250\354\263\241/\352\224'/\352\224.\n\000""; }; nodes {;   nodedata: ""h\315\350\215y\203\242]\371\235\232Pt&\325\210eZ\346\237XZ \277\2457n\221\336\253\245\317\002\304\206+8\t]\351\316\373|\311\263V\300\023\035\211\237\260\300\r\033u3a1\203\303\365\307k\347\006E\344\037@\210\363\010\336T\226\247'\204_{\261\370""1\235\2445\343\033Y!\212\201\341\272\225'\007*$\244&\336\343'\233i\332\374\245 {^\306-N\333\gE\006\347\212\331C\211Z\177\247\031\nu\246\032\362\231\202\336\222<\246\245\024GH\346Uz~a\244\321\260\0260\246=$\361\202Q\001\355\013\202_n)6q\357\2538_-\302\252B\204v\277\254\373\3322Ca\020\243\0105\263\257\367\032\254\016\003""; }; "
1750587308497,1750587308497,0,1,1,2,TMLedgerData,"ledgerHash: ""\345X\002=\033c\255\253\226\014-o\364!\262f\370\222\250\377\220&p\343\245\3604Op\353\317\305""; ledgerSeq: 15; type: liBASE; nodes {;   nodedata: ""\000\000\000\017\001cEx]\211\377\330D!=\355\210\037\325\034/l\242\365\034!w\324\362\3252-\025\351\314\2334,\306Dd\037v\256\000\000\000\000\000\000\000\000\000\000\000\000\000\000\000\000\000\000\000\000\000\000\000\000\000\000\000\000\000\000\000\000\272\312\210\346u\346C\000\261\331\177\321m\357mF\327\331\245T\202uI\351\303B\201\262\250\354\263\241/\352\224'/\352\224.\n\000""; }; nodes {;   nodedata: ""h\315\350\215y\203\242]\371\235\232Pt&\325\210eZ\346\237XZ \277\2457n\221\336\253\245\317\002\304\206+8\t]\351\316\373|\311\263V\300\023\035\211\237\260\300\r\033u3a1\203\303\365\307k\347\006E\344\037@\210\363\010\336T\226\247'\204_{\261\370""1\235\2445\343\033Y!\212\201\341\272\225'\007*$\244&\336\343'\233i\332\374\245 {^\306-N\333\gE\006\347\212\331C\211Z\177\247\031\nu\246\032\362\231\202\336\222<\246\245\024GH\346Uz~a\244\321\260\0260\246=$\361\202Q\001\355\013\202_n)6q\357\2538_-\302\252B\204v\277\254\373\3322Ca\020\243\0105\263\257\367\032\254\016\003""; }; requestCookie: 4; ","ledgerHash: ""\345X\002=\033c\255\253\226\014-o\364!\262f\370\222\250\377\220&p\343\245\3604Op\353\317\305""; ledgerSeq: 15; type: liBASE; nodes {;   nodedata: ""\000\000\000\017\001cEx]\211\377\330D!=\355\210\037\325\034/l\242\365\034!w\324\362\3252-\025\351\314\2334,\306Dd\037v\256\000\000\000\000\000\000\000\000\000\000\000\000\000\000\000\000\000\000\000\000\000\000\000\000\000\000\000\000\000\000\000\000\272\312\210\346u\346C\000\261\331\177\321m\357mF\327\331\245T\202uI\351\303B\201\262\250\354\263\241/\352\224'/\352\224.\n\000""; }; nodes {;   nodedata: ""h\315\350\215y\203\242]\371\235\232Pt&\325\210eZ\346\237XZ \277\2457n\221\336\253\245\317\002\304\206+8\t]\351\316\373|\311\263V\300\023\035\211\237\260\300\r\033u3a1\203\303\365\307k\347\006E\344\037@\210\363\010\336T\226\247'\204_{\261\370""1\235\2445\343\033Y!\212\201\341\272\225'\007*$\244&\336\343'\233i\332\374\245 {^\306-N\333\gE\006\347\212\331C\211Z\177\247\031\nu\246\032\362\231\202\336\222<\246\245\024GH\346Uz~a\244\321\260\0260\246=$\361\202Q\001\355\013\202_n)6q\357\2538_-\302\252B\204v\277\254\373\3322Ca\020\243\0105\263\257\367\032\254\016\003""; }; requestCookie: 4; "
1750587308498,1750587308498,0,1,1,2,TMLedgerData,"ledgerHash: ""\345X\002=\033c\255\253\226\014-o\364!\262f\370\222\250\377\220&p\343\245\3604Op\353\317\305""; ledgerSeq: 15; type: liBASE; nodes {;   nodedata: ""\000\000\000\017\001cEx]\211\377\330D!=\355\210\037\325\034/l\242\365\034!w\324\362\3252-\025\351\314\2334,\306Dd\037v\256\000\000\000\000\000\000\000\000\000\000\000\000\000\000\000\000\000\000\000\000\000\000\000\000\000\000\000\000\000\000\000\000\272\312\210\346u\346C\000\261\331\177\321m\357mF\327\331\245T\202uI\351\303B\201\262\250\354\263\241/\352\224'/\352\224.\n\000""; }; nodes {;   nodedata: ""h\315\350\215y\203\242]\371\235\232Pt&\325\210eZ\346\237XZ \277\2457n\221\336\253\245\317\002\304\206+8\t]\351\316\373|\311\263V\300\023\035\211\237\260\300\r\033u3a1\203\303\365\307k\347\006E\344\037@\210\363\010\336T\226\247'\204_{\261\370""1\235\2445\343\033Y!\212\201\341\272\225'\007*$\244&\336\343'\233i\332\374\245 {^\306-N\333\gE\006\347\212\331C\211Z\177\247\031\nu\246\032\362\231\202\336\222<\246\245\024GH\346Uz~a\244\321\260\0260\246=$\361\202Q\001\355\013\202_n)6q\357\2538_-\302\252B\204v\277\254\373\3322Ca\020\243\0105\263\257\367\032\254\016\003""; }; requestCookie: 5; ","ledgerHash: ""\345X\002=\033c\255\253\226\014-o\364!\262f\370\222\250\377\220&p\343\245\3604Op\353\317\305""; ledgerSeq: 15; type: liBASE; nodes {;   nodedata: ""\000\000\000\017\001cEx]\211\377\330D!=\355\210\037\325\034/l\242\365\034!w\324\362\3252-\025\351\314\2334,\306Dd\037v\256\000\000\000\000\000\000\000\000\000\000\000\000\000\000\000\000\000\000\000\000\000\000\000\000\000\000\000\000\000\000\000\000\272\312\210\346u\346C\000\261\331\177\321m\357mF\327\331\245T\202uI\351\303B\201\262\250\354\263\241/\352\224'/\352\224.\n\000""; }; nodes {;   nodedata: ""h\315\350\215y\203\242]\371\235\232Pt&\325\210eZ\346\237XZ \277\2457n\221\336\253\245\317\002\304\206+8\t]\351\316\373|\311\263V\300\023\035\211\237\260\300\r\033u3a1\203\303\365\307k\347\006E\344\037@\210\363\010\336T\226\247'\204_{\261\370""1\235\2445\343\033Y!\212\201\341\272\225'\007*$\244&\336\343'\233i\332\374\245 {^\306-N\333\gE\006\347\212\331C\211Z\177\247\031\nu\246\032\362\231\202\336\222<\246\245\024GH\346Uz~a\244\321\260\0260\246=$\361\202Q\001\355\013\202_n)6q\357\2538_-\302\252B\204v\277\254\373\3322Ca\020\243\0105\263\257\367\032\254\016\003""; }; requestCookie: 5; "
1750587308499,1750587308499,0,1,4,0,TMLedgerData,"ledgerHash: ""\345X\002=\033c\255\253\226\014-o\364!\262f\370\222\250\377\220&p\343\245\3604Op\353\317\305""; ledgerSeq: 15; type: liBASE; nodes {;   nodedata: ""\000\000\000\017\001cEx]\211\377\330D!=\355\210\037\325\034/l\242\365\034!w\324\362\3252-\025\351\314\2334,\306Dd\037v\256\000\000\000\000\000\000\000\000\000\000\000\000\000\000\000\000\000\000\000\000\000\000\000\000\000\000\000\000\000\000\000\000\272\312\210\346u\346C\000\261\331\177\321m\357mF\327\331\245T\202uI\351\303B\201\262\250\354\263\241/\352\224'/\352\224.\n\000""; }; nodes {;   nodedata: ""h\315\350\215y\203\242]\371\235\232Pt&\325\210eZ\346\237XZ \277\2457n\221\336\253\245\317\002\304\206+8\t]\351\316\373|\311\263V\300\023\035\211\237\260\300\r\033u3a1\203\303\365\307k\347\006E\344\037@\210\363\010\336T\226\247'\204_{\261\370""1\235\2445\343\033Y!\212\201\341\272\225'\007*$\244&\336\343'\233i\332\374\245 {^\306-N\333\gE\006\347\212\331C\211Z\177\247\031\nu\246\032\362\231\202\336\222<\246\245\024GH\346Uz~a\244\321\260\0260\246=$\361\202Q\001\355\013\202_n)6q\357\2538_-\302\252B\204v\277\254\373\3322Ca\020\243\0105\263\257\367\032\254\016\003""; }; ","ledgerHash: ""\345X\002=\033c\255\253\226\014-o\364!\262f\370\222\250\377\220&p\343\245\3604Op\353\317\305""; ledgerSeq: 15; type: liBASE; nodes {;   nodedata: ""\000\000\000\017\001cEx]\211\377\330D!=\355\210\037\325\034/l\242\365\034!w\324\362\3252-\025\351\314\2334,\306Dd\037v\256\000\000\000\000\000\000\000\000\000\000\000\000\000\000\000\000\000\000\000\000\000\000\000\000\000\000\000\000\000\000\000\000\272\312\210\346u\346C\000\261\331\177\321m\357mF\327\331\245T\202uI\351\303B\201\262\250\354\263\241/\352\224'/\352\224.\n\000""; }; nodes {;   nodedata: ""h\315\350\215y\203\242]\371\235\232Pt&\325\210eZ\346\237XZ \277\2457n\221\336\253\245\317\002\304\206+8\t]\351\316\373|\311\263V\300\023\035\211\237\260\300\r\033u3a1\203\303\365\307k\347\006E\344\037@\210\363\010\336T\226\247'\204_{\261\370""1\235\2445\343\033Y!\212\201\341\272\225'\007*$\244&\336\343'\233i\332\374\245 {^\306-N\333\gE\006\347\212\331C\211Z\177\247\031\nu\246\032\362\231\202\336\222<\246\245\024GH\346Uz~a\244\321\260\0260\246=$\361\202Q\001\355\013\202_n)6q\357\2538_-\302\252B\204v\277\254\373\3322Ca\020\243\0105\263\257\367\032\254\016\003""; }; "
1750587308499,1750587308499,0,1,4,2,TMLedgerData,"ledgerHash: ""\345X\002=\033c\255\253\226\014-o\364!\262f\370\222\250\377\220&p\343\245\3604Op\353\317\305""; ledgerSeq: 15; type: liBASE; nodes {;   nodedata: ""\000\000\000\017\001cEx]\211\377\330D!=\355\210\037\325\034/l\242\365\034!w\324\362\3252-\025\351\314\2334,\306Dd\037v\256\000\000\000\000\000\000\000\000\000\000\000\000\000\000\000\000\000\000\000\000\000\000\000\000\000\000\000\000\000\000\000\000\272\312\210\346u\346C\000\261\331\177\321m\357mF\327\331\245T\202uI\351\303B\201\262\250\354\263\241/\352\224'/\352\224.\n\000""; }; nodes {;   nodedata: ""h\315\350\215y\203\242]\371\235\232Pt&\325\210eZ\346\237XZ \277\2457n\221\336\253\245\317\002\304\206+8\t]\351\316\373|\311\263V\300\023\035\211\237\260\300\r\033u3a1\203\303\365\307k\347\006E\344\037@\210\363\010\336T\226\247'\204_{\261\370""1\235\2445\343\033Y!\212\201\341\272\225'\007*$\244&\336\343'\233i\332\374\245 {^\306-N\333\gE\006\347\212\331C\211Z\177\247\031\nu\246\032\362\231\202\336\222<\246\245\024GH\346Uz~a\244\321\260\0260\246=$\361\202Q\001\355\013\202_n)6q\357\2538_-\302\252B\204v\277\254\373\3322Ca\020\243\0105\263\257\367\032\254\016\003""; }; ","ledgerHash: ""\345X\002=\033c\255\253\226\014-o\364!\262f\370\222\250\377\220&p\343\245\3604Op\353\317\305""; ledgerSeq: 15; type: liBASE; nodes {;   nodedata: ""\000\000\000\017\001cEx]\211\377\330D!=\355\210\037\325\034/l\242\365\034!w\324\362\3252-\025\351\314\2334,\306Dd\037v\256\000\000\000\000\000\000\000\000\000\000\000\000\000\000\000\000\000\000\000\000\000\000\000\000\000\000\000\000\000\000\000\000\272\312\210\346u\346C\000\261\331\177\321m\357mF\327\331\245T\202uI\351\303B\201\262\250\354\263\241/\352\224'/\352\224.\n\000""; }; nodes {;   nodedata: ""h\315\350\215y\203\242]\371\235\232Pt&\325\210eZ\346\237XZ \277\2457n\221\336\253\245\317\002\304\206+8\t]\351\316\373|\311\263V\300\023\035\211\237\260\300\r\033u3a1\203\303\365\307k\347\006E\344\037@\210\363\010\336T\226\247'\204_{\261\370""1\235\2445\343\033Y!\212\201\341\272\225'\007*$\244&\336\343'\233i\332\374\245 {^\306-N\333\gE\006\347\212\331C\211Z\177\247\031\nu\246\032\362\231\202\336\222<\246\245\024GH\346Uz~a\244\321\260\0260\246=$\361\202Q\001\355\013\202_n)6q\357\2538_-\302\252B\204v\277\254\373\3322Ca\020\243\0105\263\257\367\032\254\016\003""; }; "
1750587308500,1750587308500,0,1,3,1,TMGetLedger,"itype: liBASE; ledgerHash: ""\345X\002=\033c\255\253\226\014-o\364!\262f\370\222\250\377\220&p\343\245\3604Op\353\317\305""; requestCookie: 4; queryType: qtINDIRECT; ","itype: liBASE; ledgerHash: ""\345X\002=\033c\255\253\226\014-o\364!\262f\370\222\250\377\220&p\343\245\3604Op\353\317\305""; requestCookie: 4; queryType: qtINDIRECT; "
1750587308500,1750587308500,0,1,3,1,TMGetLedger,"itype: liBASE; ledgerHash: ""\345X\002=\033c\255\253\226\014-o\364!\262f\370\222\250\377\220&p\343\245\3604Op\353\317\305""; requestCookie: 2; queryType: qtINDIRECT; ","itype: liBASE; ledgerHash: ""\345X\002=\033c\255\253\226\014-o\364!\262f\370\222\250\377\220&p\343\245\3604Op\353\317\305""; requestCookie: 2; queryType: qtINDIRECT; "
1750587308501,1750587308501,0,1,3,1,TMGetLedger,"itype: liAS_NODE; ledgerHash: ""\345X\002=\033c\255\253\226\014-o\364!\262f\370\222\250\377\220&p\343\245\3604Op\353\317\305""; ledgerSeq: 15; nodeIDs: ""\260\000\000\000\000\000\000\000\000\000\000\000\000\000\000\000\000\000\000\000\000\000\000\000\000\000\000\000\000\000\000\000\001""; queryType: qtINDIRECT; queryDepth: 1; ","itype: liAS_NODE; ledgerHash: ""\345X\002=\033c\255\253\226\014-o\364!\262f\370\222\250\377\220&p\343\245\3604Op\353\317\305""; ledgerSeq: 15; nodeIDs: ""\260\000\000\000\000\000\000\000\000\000\000\000\000\000\000\000\000\000\000\000\000\000\000\000\000\000\000\000\000\000\000\000\001""; queryType: qtINDIRECT; queryDepth: 1; "
1750587308501,1750587308501,0,1,3,4,TMLedgerData,"ledgerHash: ""\345X\002=\033c\255\253\226\014-o\364!\262f\370\222\250\377\220&p\343\245\3604Op\353\317\305""; ledgerSeq: 15; type: liBASE; nodes {;   nodedata: ""\000\000\000\017\001cEx]\211\377\330D!=\355\210\037\325\034/l\242\365\034!w\324\362\3252-\025\351\314\2334,\306Dd\037v\256\000\000\000\000\000\000\000\000\000\000\000\000\000\000\000\000\000\000\000\000\000\000\000\000\000\000\000\000\000\000\000\000\272\312\210\346u\346C\000\261\331\177\321m\357mF\327\331\245T\202uI\351\303B\201\262\250\354\263\241/\352\224'/\352\224.\n\000""; }; nodes {;   nodedata: ""h\315\350\215y\203\242]\371\235\232Pt&\325\210eZ\346\237XZ \277\2457n\221\336\253\245\317\002\304\206+8\t]\351\316\373|\311\263V\300\023\035\211\237\260\300\r\033u3a1\203\303\365\307k\347\006E\344\037@\210\363\010\336T\226\247'\204_{\261\370""1\235\2445\343\033Y!\212\201\341\272\225'\007*$\244&\336\343'\233i\332\374\245 {^\306-N\333\gE\006\347\212\331C\211Z\177\247\031\nu\246\032\362\231\202\336\222<\246\245\024GH\346Uz~a\244\321\260\0260\246=$\361\202Q\001\355\013\202_n)6q\357\2538_-\302\252B\204v\277\254\373\3322Ca\020\243\0105\263\257\367\032\254\016\003""; }; ","ledgerHash: ""\345X\002=\033c\255\253\226\014-o\364!\262f\370\222\250\377\220&p\343\245\3604Op\353\317\305""; ledgerSeq: 15; type: liBASE; nodes {;   nodedata: ""\000\000\000\017\001cEx]\211\377\330D!=\355\210\037\325\034/l\242\365\034!w\324\362\3252-\025\351\314\2334,\306Dd\037v\256\000\000\000\000\000\000\000\000\000\000\000\000\000\000\000\000\000\000\000\000\000\000\000\000\000\000\000\000\000\000\000\000\272\312\210\346u\346C\000\261\331\177\321m\357mF\327\331\245T\202uI\351\303B\201\262\250\354\263\241/\352\224'/\352\224.\n\000""; }; nodes {;   nodedata: ""h\315\350\215y\203\242]\371\235\232Pt&\325\210eZ\346\237XZ \277\2457n\221\336\253\245\317\002\304\206+8\t]\351\316\373|\311\263V\300\023\035\211\237\260\300\r\033u3a1\203\303\365\307k\347\006E\344\037@\210\363\010\336T\226\247'\204_{\261\370""1\235\2445\343\033Y!\212\201\341\272\225'\007*$\244&\336\343'\233i\332\374\245 {^\306-N\333\gE\006\347\212\331C\211Z\177\247\031\nu\246\032\362\231\202\336\222<\246\245\024GH\346Uz~a\244\321\260\0260\246=$\361\202Q\001\355\013\202_n)6q\357\2538_-\302\252B\204v\277\254\373\3322Ca\020\243\0105\263\257\367\032\254\016\003""; }; "
1750587308502,1750587308502,0,1,0,1,TMGetLedger,"itype: liAS_NODE; ledgerHash: ""\345X\002=\033c\255\253\226\014-o\364!\262f\370\222\250\377\220&p\343\245\3604Op\353\317\305""; ledgerSeq: 15; nodeIDs: ""\260\000\000\000\000\000\000\000\000\000\000\000\000\000\000\000\000\000\000\000\000\000\000\000\000\000\000\000\000\000\000\000\001""; queryType: qtINDIRECT; queryDepth: 1; ","itype: liAS_NODE; ledgerHash: ""\345X\002=\033c\255\253\226\014-o\364!\262f\370\222\250\377\220&p\343\245\3604Op\353\317\305""; ledgerSeq: 15; nodeIDs: ""\260\000\000\000\000\000\000\000\000\000\000\000\000\000\000\000\000\000\000\000\000\000\000\000\000\000\000\000\000\000\000\000\001""; queryType: qtINDIRECT; queryDepth: 1; "
1750587308502,1750587308503,0,1,0,2,TMLedgerData,"ledgerHash: ""\345X\002=\033c\255\253\226\014-o\364!\262f\370\222\250\377\220&p\343\245\3604Op\353\317\305""; ledgerSeq: 15; type: liBASE; nodes {;   nodedata: ""\000\000\000\017\001cEx]\211\377\330D!=\355\210\037\325\034/l\242\365\034!w\324\362\3252-\025\351\314\2334,\306Dd\037v\256\000\000\000\000\000\000\000\000\000\000\000\000\000\000\000\000\000\000\000\000\000\000\000\000\000\000\000\000\000\000\000\000\272\312\210\346u\346C\000\261\331\177\321m\357mF\327\331\245T\202uI\351\303B\201\262\250\354\263\241/\352\224'/\352\224.\n\000""; }; nodes {;   nodedata: ""h\315\350\215y\203\242]\371\235\232Pt&\325\210eZ\346\237XZ \277\2457n\221\336\253\245\317\002\304\206+8\t]\351\316\373|\311\263V\300\023\035\211\237\260\300\r\033u3a1\203\303\365\307k\347\006E\344\037@\210\363\010\336T\226\247'\204_{\261\370""1\235\2445\343\033Y!\212\201\341\272\225'\007*$\244&\336\343'\233i\332\374\245 {^\306-N\333\gE\006\347\212\331C\211Z\177\247\031\nu\246\032\362\231\202\336\222<\246\245\024GH\346Uz~a\244\321\260\0260\246=$\361\202Q\001\355\013\202_n)6q\357\2538_-\302\252B\204v\277\254\373\3322Ca\020\243\0105\263\257\367\032\254\016\003""; }; ","ledgerHash: ""\345X\002=\033c\255\253\226\014-o\364!\262f\370\222\250\377\220&p\343\245\3604Op\353\317\305""; ledgerSeq: 15; type: liBASE; nodes {;   nodedata: ""\000\000\000\017\001cEx]\211\377\330D!=\355\210\037\325\034/l\242\365\034!w\324\362\3252-\025\351\314\2334,\306Dd\037v\256\000\000\000\000\000\000\000\000\000\000\000\000\000\000\000\000\000\000\000\000\000\000\000\000\000\000\000\000\000\000\000\000\272\312\210\346u\346C\000\261\331\177\321m\357mF\327\331\245T\202uI\351\303B\201\262\250\354\263\241/\352\224'/\352\224.\n\000""; }; nodes {;   nodedata: ""h\315\350\215y\203\242]\371\235\232Pt&\325\210eZ\346\237XZ \277\2457n\221\336\253\245\317\002\304\206+8\t]\351\316\373|\311\263V\300\023\035\211\237\260\300\r\033u3a1\203\303\365\307k\347\006E\344\037@\210\363\010\336T\226\247'\204_{\261\370""1\235\2445\343\033Y!\212\201\341\272\225'\007*$\244&\336\343'\233i\332\374\245 {^\306-N\333\gE\006\347\212\331C\211Z\177\247\031\nu\246\032\362\231\202\336\222<\246\245\024GH\346Uz~a\244\321\260\0260\246=$\361\202Q\001\355\013\202_n)6q\357\2538_-\302\252B\204v\277\254\373\3322Ca\020\243\0105\263\257\367\032\254\016\003""; }; "
1750587308503,1750587308503,0,1,0,4,TMLedgerData,"ledgerHash: ""\345X\002=\033c\255\253\226\014-o\364!\262f\370\222\250\377\220&p\343\245\3604Op\353\317\305""; ledgerSeq: 15; type: liBASE; nodes {;   nodedata: ""\000\000\000\017\001cEx]\211\377\330D!=\355\210\037\325\034/l\242\365\034!w\324\362\3252-\025\351\314\2334,\306Dd\037v\256\000\000\000\000\000\000\000\000\000\000\000\000\000\000\000\000\000\000\000\000\000\000\000\000\000\000\000\000\000\000\000\000\272\312\210\346u\346C\000\261\331\177\321m\357mF\327\331\245T\202uI\351\303B\201\262\250\354\263\241/\352\224'/\352\224.\n\000""; }; nodes {;   nodedata: ""h\315\350\215y\203\242]\371\235\232Pt&\325\210eZ\346\237XZ \277\2457n\221\336\253\245\317\002\304\206+8\t]\351\316\373|\311\263V\300\023\035\211\237\260\300\r\033u3a1\203\303\365\307k\347\006E\344\037@\210\363\010\336T\226\247'\204_{\261\370""1\235\2445\343\033Y!\212\201\341\272\225'\007*$\244&\336\343'\233i\332\374\245 {^\306-N\333\gE\006\347\212\331C\211Z\177\247\031\nu\246\032\362\231\202\336\222<\246\245\024GH\346Uz~a\244\321\260\0260\246=$\361\202Q\001\355\013\202_n)6q\357\2538_-\302\252B\204v\277\254\373\3322Ca\020\243\0105\263\257\367\032\254\016\003""; }; ","ledgerHash: ""\345X\002=\033c\255\253\226\014-o\364!\262f\370\222\250\377\220&p\343\245\3604Op\353\317\305""; ledgerSeq: 15; type: liBASE; nodes {;   nodedata: ""\000\000\000\017\001cEx]\211\377\330D!=\355\210\037\325\034/l\242\365\034!w\324\362\3252-\025\351\314\2334,\306Dd\037v\256\000\000\000\000\000\000\000\000\000\000\000\000\000\000\000\000\000\000\000\000\000\000\000\000\000\000\000\000\000\000\000\000\272\312\210\346u\346C\000\261\331\177\321m\357mF\327\331\245T\202uI\351\303B\201\262\250\354\263\241/\352\224'/\352\224.\n\000""; }; nodes {;   nodedata: ""h\315\350\215y\203\242]\371\235\232Pt&\325\210eZ\346\237XZ \277\2457n\221\336\253\245\317\002\304\206+8\t]\351\316\373|\311\263V\300\023\035\211\237\260\300\r\033u3a1\203\303\365\307k\347\006E\344\037@\210\363\010\336T\226\247'\204_{\261\370""1\235\2445\343\033Y!\212\201\341\272\225'\007*$\244&\336\343'\233i\332\374\245 {^\306-N\333\gE\006\347\212\331C\211Z\177\247\031\nu\246\032\362\231\202\336\222<\246\245\024GH\346Uz~a\244\321\260\0260\246=$\361\202Q\001\355\013\202_n)6q\357\2538_-\302\252B\204v\277\254\373\3322Ca\020\243\0105\263\257\367\032\254\016\003""; }; "
1750587308504,1750587308504,0,1,2,1,TMGetLedger,"itype: liBASE; ledgerHash: ""\345X\002=\033c\255\253\226\014-o\364!\262f\370\222\250\377\220&p\343\245\3604Op\353\317\305""; requestCookie: 2; queryType: qtINDIRECT; ","itype: liBASE; ledgerHash: ""\345X\002=\033c\255\253\226\014-o\364!\262f\370\222\250\377\220&p\343\245\3604Op\353\317\305""; requestCookie: 2; queryType: qtINDIRECT; "
1750587308504,1750587308504,0,1,2,1,TMGetLedger,"itype: liAS_NODE; ledgerHash: ""\345X\002=\033c\255\253\226\014-o\364!\262f\370\222\250\377\220&p\343\245\3604Op\353\317\305""; ledgerSeq: 15; nodeIDs: ""\260\000\000\000\000\000\000\000\000\000\000\000\000\000\000\000\000\000\000\000\000\000\000\000\000\000\000\000\000\000\000\000\001""; queryType: qtINDIRECT; queryDepth: 1; ","itype: liAS_NODE; ledgerHash: ""\345X\002=\033c\255\253\226\014-o\364!\262f\370\222\250\377\220&p\343\245\3604Op\353\317\305""; ledgerSeq: 15; nodeIDs: ""\260\000\000\000\000\000\000\000\000\000\000\000\000\000\000\000\000\000\000\000\000\000\000\000\000\000\000\000\000\000\000\000\001""; queryType: qtINDIRECT; queryDepth: 1; "
1750587308505,1750587308505,0,1,2,3,TMLedgerData,"ledgerHash: ""\345X\002=\033c\255\253\226\014-o\364!\262f\370\222\250\377\220&p\343\245\3604Op\353\317\305""; ledgerSeq: 15; type: liBASE; nodes {;   nodedata: ""\000\000\000\017\001cEx]\211\377\330D!=\355\210\037\325\034/l\242\365\034!w\324\362\3252-\025\351\314\2334,\306Dd\037v\256\000\000\000\000\000\000\000\000\000\000\000\000\000\000\000\000\000\000\000\000\000\000\000\000\000\000\000\000\000\000\000\000\272\312\210\346u\346C\000\261\331\177\321m\357mF\327\331\245T\202uI\351\303B\201\262\250\354\263\241/\352\224'/\352\224.\n\000""; }; nodes {;   nodedata: ""h\315\350\215y\203\242]\371\235\232Pt&\325\210eZ\346\237XZ \277\2457n\221\336\253\245\317\002\304\206+8\t]\351\316\373|\311\263V\300\023\035\211\237\260\300\r\033u3a1\203\303\365\307k\347\006E\344\037@\210\363\010\336T\226\247'\204_{\261\370""1\235\2445\343\033Y!\212\201\341\272\225'\007*$\244&\336\343'\233i\332\374\245 {^\306-N\333\gE\006\347\212\331C\211Z\177\247\031\nu\246\032\362\231\202\336\222<\246\245\024GH\346Uz~a\244\321\260\0260\246=$\361\202Q\001\355\013\202_n)6q\357\2538_-\302\252B\204v\277\254\373\3322Ca\020\243\0105\263\257\367\032\254\016\003""; }; ","ledgerHash: ""\345X\002=\033c\255\253\226\014-o\364!\262f\370\222\250\377\220&p\343\245\3604Op\353\317\305""; ledgerSeq: 15; type: liBASE; nodes {;   nodedata: ""\000\000\000\017\001cEx]\211\377\330D!=\355\210\037\325\034/l\242\365\034!w\324\362\3252-\025\351\314\2334,\306Dd\037v\256\000\000\000\000\000\000\000\000\000\000\000\000\000\000\000\000\000\000\000\000\000\000\000\000\000\000\000\000\000\000\000\000\272\312\210\346u\346C\000\261\331\177\321m\357mF\327\331\245T\202uI\351\303B\201\262\250\354\263\241/\352\224'/\352\224.\n\000""; }; nodes {;   nodedata: ""h\315\350\215y\203\242]\371\235\232Pt&\325\210eZ\346\237XZ \277\2457n\221\336\253\245\317\002\304\206+8\t]\351\316\373|\311\263V\300\023\035\211\237\260\300\r\033u3a1\203\303\365\307k\347\006E\344\037@\210\363\010\336T\226\247'\204_{\261\370""1\235\2445\343\033Y!\212\201\341\272\225'\007*$\244&\336\343'\233i\332\374\245 {^\306-N\333\gE\006\347\212\331C\211Z\177\247\031\nu\246\032\362\231\202\336\222<\246\245\024GH\346Uz~a\244\321\260\0260\246=$\361\202Q\001\355\013\202_n)6q\357\2538_-\302\252B\204v\277\254\373\3322Ca\020\243\0105\263\257\367\032\254\016\003""; }; "
1750587308505,1750587308506,0,1,2,4,TMLedgerData,"ledgerHash: ""\345X\002=\033c\255\253\226\014-o\364!\262f\370\222\250\377\220&p\343\245\3604Op\353\317\305""; ledgerSeq: 15; type: liBASE; nodes {;   nodedata: ""\000\000\000\017\001cEx]\211\377\330D!=\355\210\037\325\034/l\242\365\034!w\324\362\3252-\025\351\314\2334,\306Dd\037v\256\000\000\000\000\000\000\000\000\000\000\000\000\000\000\000\000\000\000\000\000\000\000\000\000\000\000\000\000\000\000\000\000\272\312\210\346u\346C\000\261\331\177\321m\357mF\327\331\245T\202uI\351\303B\201\262\250\354\263\241/\352\224'/\352\224.\n\000""; }; nodes {;   nodedata: ""h\315\350\215y\203\242]\371\235\232Pt&\325\210eZ\346\237XZ \277\2457n\221\336\253\245\317\002\304\206+8\t]\351\316\373|\311\263V\300\023\035\211\237\260\300\r\033u3a1\203\303\365\307k\347\006E\344\037@\210\363\010\336T\226\247'\204_{\261\370""1\235\2445\343\033Y!\212\201\341\272\225'\007*$\244&\336\343'\233i\332\374\245 {^\306-N\333\gE\006\347\212\331C\211Z\177\247\031\nu\246\032\362\231\202\336\222<\246\245\024GH\346Uz~a\244\321\260\0260\246=$\361\202Q\001\355\013\202_n)6q\357\2538_-\302\252B\204v\277\254\373\3322Ca\020\243\0105\263\257\367\032\254\016\003""; }; ","ledgerHash: ""\345X\002=\033c\255\253\226\014-o\364!\262f\370\222\250\377\220&p\343\245\3604Op\353\317\305""; ledgerSeq: 15; type: liBASE; nodes {;   nodedata: ""\000\000\000\017\001cEx]\211\377\330D!=\355\210\037\325\034/l\242\365\034!w\324\362\3252-\025\351\314\2334,\306Dd\037v\256\000\000\000\000\000\000\000\000\000\000\000\000\000\000\000\000\000\000\000\000\000\000\000\000\000\000\000\000\000\000\000\000\272\312\210\346u\346C\000\261\331\177\321m\357mF\327\331\245T\202uI\351\303B\201\262\250\354\263\241/\352\224'/\352\224.\n\000""; }; nodes {;   nodedata: ""h\315\350\215y\203\242]\371\235\232Pt&\325\210eZ\346\237XZ \277\2457n\221\336\253\245\317\002\304\206+8\t]\351\316\373|\311\263V\300\023\035\211\237\260\300\r\033u3a1\203\303\365\307k\347\006E\344\037@\210\363\010\336T\226\247'\204_{\261\370""1\235\2445\343\033Y!\212\201\341\272\225'\007*$\244&\336\343'\233i\332\374\245 {^\306-N\333\gE\006\347\212\331C\211Z\177\247\031\nu\246\032\362\231\202\336\222<\246\245\024GH\346Uz~a\244\321\260\0260\246=$\361\202Q\001\355\013\202_n)6q\357\2538_-\302\252B\204v\277\254\373\3322Ca\020\243\0105\263\257\367\032\254\016\003""; }; "
1750587308506,1750587308506,0,1,1,3,TMLedgerData,"ledgerHash: ""\345X\002=\033c\255\253\226\014-o\364!\262f\370\222\250\377\220&p\343\245\3604Op\353\317\305""; ledgerSeq: 15; type: liBASE; nodes {;   nodedata: ""\000\000\000\017\001cEx]\211\377\330D!=\355\210\037\325\034/l\242\365\034!w\324\362\3252-\025\351\314\2334,\306Dd\037v\256\000\000\000\000\000\000\000\000\000\000\000\000\000\000\000\000\000\000\000\000\000\000\000\000\000\000\000\000\000\000\000\000\272\312\210\346u\346C\000\261\331\177\321m\357mF\327\331\245T\202uI\351\303B\201\262\250\354\263\241/\352\224'/\352\224.\n\000""; }; nodes {;   nodedata: ""h\315\350\215y\203\242]\371\235\232Pt&\325\210eZ\346\237XZ \277\2457n\221\336\253\245\317\002\304\206+8\t]\351\316\373|\311\263V\300\023\035\211\237\260\300\r\033u3a1\203\303\365\307k\347\006E\344\037@\210\363\010\336T\226\247'\204_{\261\370""1\235\2445\343\033Y!\212\201\341\272\225'\007*$\244&\336\343'\233i\332\374\245 {^\306-N\333\gE\006\347\212\331C\211Z\177\247\031\nu\246\032\362\231\202\336\222<\246\245\024GH\346Uz~a\244\321\260\0260\246=$\361\202Q\001\355\013\202_n)6q\357\2538_-\302\252B\204v\277\254\373\3322Ca\020\243\0105\263\257\367\032\254\016\003""; }; requestCookie: 4; ","ledgerHash: ""\345X\002=\033c\255\253\226\014-o\364!\262f\370\222\250\377\220&p\343\245\3604Op\353\317\305""; ledgerSeq: 15; type: liBASE; nodes {;   nodedata: ""\000\000\000\017\001cEx]\211\377\330D!=\355\210\037\325\034/l\242\365\034!w\324\362\3252-\025\351\314\2334,\306Dd\037v\256\000\000\000\000\000\000\000\000\000\000\000\000\000\000\000\000\000\000\000\000\000\000\000\000\000\000\000\000\000\000\000\000\272\312\210\346u\346C\000\261\331\177\321m\357mF\327\331\245T\202uI\351\303B\201\262\250\354\263\241/\352\224'/\352\224.\n\000""; }; nodes {;   nodedata: ""h\315\350\215y\203\242]\371\235\232Pt&\325\210eZ\346\237XZ \277\2457n\221\336\253\245\317\002\304\206+8\t]\351\316\373|\311\263V\300\023\035\211\237\260\300\r\033u3a1\203\303\365\307k\347\006E\344\037@\210\363\010\336T\226\247'\204_{\261\370""1\235\2445\343\033Y!\212\201\341\272\225'\007*$\244&\336\343'\233i\332\374\245 {^\306-N\333\gE\006\347\212\331C\211Z\177\247\031\nu\246\032\362\231\202\336\222<\246\245\024GH\346Uz~a\244\321\260\0260\246=$\361\202Q\001\355\013\202_n)6q\357\2538_-\302\252B\204v\277\254\373\3322Ca\020\243\0105\263\257\367\032\254\016\003""; }; requestCookie: 4; "
1750587308507,1750587308507,0,1,1,3,TMLedgerData,"ledgerHash: ""\345X\002=\033c\255\253\226\014-o\364!\262f\370\222\250\377\220&p\343\245\3604Op\353\317\305""; ledgerSeq: 15; type: liBASE; nodes {;   nodedata: ""\000\000\000\017\001cEx]\211\377\330D!=\355\210\037\325\034/l\242\365\034!w\324\362\3252-\025\351\314\2334,\306Dd\037v\256\000\000\000\000\000\000\000\000\000\000\000\000\000\000\000\000\000\000\000\000\000\000\000\000\000\000\000\000\000\000\000\000\272\312\210\346u\346C\000\261\331\177\321m\357mF\327\331\245T\202uI\351\303B\201\262\250\354\263\241/\352\224'/\352\224.\n\000""; }; nodes {;   nodedata: ""h\315\350\215y\203\242]\371\235\232Pt&\325\210eZ\346\237XZ \277\2457n\221\336\253\245\317\002\304\206+8\t]\351\316\373|\311\263V\300\023\035\211\237\260\300\r\033u3a1\203\303\365\307k\347\006E\344\037@\210\363\010\336T\226\247'\204_{\261\370""1\235\2445\343\033Y!\212\201\341\272\225'\007*$\244&\336\343'\233i\332\374\245 {^\306-N\333\gE\006\347\212\331C\211Z\177\247\031\nu\246\032\362\231\202\336\222<\246\245\024GH\346Uz~a\244\321\260\0260\246=$\361\202Q\001\355\013\202_n)6q\357\2538_-\302\252B\204v\277\254\373\3322Ca\020\243\0105\263\257\367\032\254\016\003""; }; requestCookie: 2; ","ledgerHash: ""\345X\002=\033c\255\253\226\014-o\364!\262f\370\222\250\377\220&p\343\245\3604Op\353\317\305""; ledgerSeq: 15; type: liBASE; nodes {;   nodedata: ""\000\000\000\017\001cEx]\211\377\330D!=\355\210\037\325\034/l\242\365\034!w\324\362\3252-\025\351\314\2334,\306Dd\037v\256\000\000\000\000\000\000\000\000\000\000\000\000\000\000\000\000\000\000\000\000\000\000\000\000\000\000\000\000\000\000\000\000\272\312\210\346u\346C\000\261\331\177\321m\357mF\327\331\245T\202uI\351\303B\201\262\250\354\263\241/\352\224'/\352\224.\n\000""; }; nodes {;   nodedata: ""h\315\350\215y\203\242]\371\235\232Pt&\325\210eZ\346\237XZ \277\2457n\221\336\253\245\317\002\304\206+8\t]\351\316\373|\311\263V\300\023\035\211\237\260\300\r\033u3a1\203\303\365\307k\347\006E\344\037@\210\363\010\336T\226\247'\204_{\261\370""1\235\2445\343\033Y!\212\201\341\272\225'\007*$\244&\336\343'\233i\332\374\245 {^\306-N\333\gE\006\347\212\331C\211Z\177\247\031\nu\246\032\362\231\202\336\222<\246\245\024GH\346Uz~a\244\321\260\0260\246=$\361\202Q\001\355\013\202_n)6q\357\2538_-\302\252B\204v\277\254\373\3322Ca\020\243\0105\263\257\367\032\254\016\003""; }; requestCookie: 2; "
1750587308507,1750587308507,0,1,1,3,TMLedgerData,"ledgerHash: ""\345X\002=\033c\255\253\226\014-o\364!\262f\370\222\250\377\220&p\343\245\3604Op\353\317\305""; ledgerSeq: 15; type: liAS_NODE; nodes {;   nodedata: ""\021\000h""\000\000\000\000 \033\000\000\000\016\002\023\302\037\330\356GuH\375\327!\255\371\r\231\262R\256J\034\222\241\355X\265E\241^W\225\304\014\361CX-}\351f\032\255\274\334m\326c\017\014ao[\342\230\003\245\245\3341Hm\326^\017jy\335\261\214.\207\210%\003 \010ML\347\200R\304&\320_\215\226\344\334\033\354\2002\255\216\332\317\255\034\017T\270\242(,&\233\326\374o\306[\235\317>\021e\005s\261\371l\216\017\003\032\017J\217\244W<\241'\332/+\360Bx\036+\210j\237K%\340]\246E\2434\264K\036\030qP\317\315\336\325\007\372\373$P*|\321\342\002\026\n\3215\340\3203\200x\327D\301]5\237\247Yz\3711!L\214\221=\252\002\267\225zg\264\253\271T\346ji\003\235\236Pis\264\375\222|H\344\261g?[g\311\347s\234ae\204\263\365U\334\372D\354\345\276\201f\035\271%#\375\245\314.""\373\330&\3746\354@[\274\202\021\202\373Vi\243\n\325\250\005e\360""m\346'\311@\343\016$L\346\334\360<w\317\351\2337\023\262\336W\254\222\315\335\317oP\221\031g\037\220\357Ft\030n\306\370\n\354\226\365\346\276\322i\233\014\037\027Z\351\022\216@=S\205\334\033\374\234n\r\270\210]\013\203\356\024\366\354\260\007L\324\236aQ\361\020X\372\353 3\347\310*\253\021gT!>\003\325\254,\003\367\204\031\331\255\240\304J\342j\272\270\274\360\307\356\347\200Ywm#\014\233\301\022L\232T\033N\341\232\325\233\227\313\307\302\001\313@D\264\016\334\r\034\035\\276\225\314|\234S*r\007\370x>\305D*\007b\276v\316D!=\355\210\037\325\034/l\242\365\034!w\324\362\3252-\025\351\314\2334,\306Dd\037v\256\264\227\2326\315\307\363\323\325\303\032N\256*\307\327 \235\332\207u\210\271\257\306g\231i*\260\326k\001"";   nodeid: ""\260\000\000\000\000\000\000\000\000\000\000\000\000\000\000\000\000\000\000\000\000\000\000\000\000\000\000\000\000\000\000\000\001""; }; ","ledgerHash: ""\345X\002=\033c\255\253\226\014-o\364!\262f\370\222\250\377\220&p\343\245\3604Op\353\317\305""; ledgerSeq: 15; type: liAS_NODE; nodes {;   nodedata: ""\021\000h""\000\000\000\000 \033\000\000\000\016\002\023\302\037\330\356GuH\375\327!\255\371\r\231\262R\256J\034\222\241\355X\265E\241^W\225\304\014\361CX-}\351f\032\255\274\334m\326c\017\014ao[\342\230\003\245\245\3341Hm\326^\017jy\335\261\214.\207\210%\003 \010ML\347\200R\304&\320_\215\226\344\334\033\354\2002\255\216\332\317\255\034\017T\270\242(,&\233\326\374o\306[\235\317>\021e\005s\261\371l\216\017\003\032\017J\217\244W<\241'\332/+\360Bx\036+\210j\237K%\340]\246E\2434\264K\036\030qP\317\315\336\325\007\372\373$P*|\321\342\002\026\n\3215\340\3203\200x\327D\301]5\237\247Yz\3711!L\214\221=\252\002\267\225zg\264\253\271T\346ji\003\235\236Pis\264\375\222|H\344\261g?[g\311\347s\234ae\204\263\365U\334\372D\354\345\276\201f\035\271%#\375\245\314.""\373\330&\3746\354@[\274\202\021\202\373Vi\243\n\325\250\005e\360""m\346'\311@\343\016$L\346\334\360<w\317\351\2337\023\262\336W\254\222\315\335\317oP\221\031g\037\220\357Ft\030n\306\370\n\354\226\365\346\276\322i\233\014\037\027Z\351\022\216@=S\205\334\033\374\234n\r\270\210]\013\203\356\024\366\354\260\007L\324\236aQ\361\020X\372\353 3\347\310*\253\021gT!>\003\325\254,\003\367\204\031\331\255\240\304J\342j\272\270\274\360\307\356\347\200Ywm#\014\233\301\022L\232T\033N\341\232\325\233\227\313\307\302\001\313@D\264\016\334\r\034\035\\276\225\314|\234S*r\007\370x>\305D*\007b\276v\316D!=\355\210\037\325\034/l\242\365\034!w\324\362\3252-\025\351\314\2334,\306Dd\037v\256\264\227\2326\315\307\363\323\325\303\032N\256*\307\327 \235\332\207u\210\271\257\306g\231i*\260\326k\001"";   nodeid: ""\260\000\000\000\000\000\000\000\000\000\000\000\000\000\000\000\000\000\000\000\000\000\000\000\000\000\000\000\000\000\000\000\001""; }; "
1750587308508,1750587308509,0,1,1,0,TMLedgerData,"ledgerHash: ""\345X\002=\033c\255\253\226\014-o\364!\262f\370\222\250\377\220&p\343\245\3604Op\353\317\305""; ledgerSeq: 15; type: liBASE; nodes {;   nodedata: ""\000\000\000\017\001cEx]\211\377\330D!=\355\210\037\325\034/l\242\365\034!w\324\362\3252-\025\351\314\2334,\306Dd\037v\256\000\000\000\000\000\000\000\000\000\000\000\000\000\000\000\000\000\000\000\000\000\000\000\000\000\000\000\000\000\000\000\000\272\312\210\346u\346C\000\261\331\177\321m\357mF\327\331\245T\202uI\351\303B\201\262\250\354\263\241/\352\224'/\352\224.\n\000""; }; nodes {;   nodedata: ""h\315\350\215y\203\242]\371\235\232Pt&\325\210eZ\346\237XZ \277\2457n\221\336\253\245\317\002\304\206+8\t]\351\316\373|\311\263V\300\023\035\211\237\260\300\r\033u3a1\203\303\365\307k\347\006E\344\037@\210\363\010\336T\226\247'\204_{\261\370""1\235\2445\343\033Y!\212\201\341\272\225'\007*$\244&\336\343'\233i\332\374\245 {^\306-N\333\gE\006\347\212\331C\211Z\177\247\031\nu\246\032\362\231\202\336\222<\246\245\024GH\346Uz~a\244\321\260\0260\246=$\361\202Q\001\355\013\202_n)6q\357\2538_-\302\252B\204v\277\254\373\3322Ca\020\243\0105\263\257\367\032\254\016\003""; }; requestCookie: 4; ","ledgerHash: ""\345X\002=\033c\255\253\226\014-o\364!\262f\370\222\250\377\220&p\343\245\3604Op\353\317\305""; ledgerSeq: 15; type: liBASE; nodes {;   nodedata: ""\000\000\000\017\001cEx]\211\377\330D!=\355\210\037\325\034/l\242\365\034!w\324\362\3252-\025\351\314\2334,\306Dd\037v\256\000\000\000\000\000\000\000\000\000\000\000\000\000\000\000\000\000\000\000\000\000\000\000\000\000\000\000\000\000\000\000\000\272\312\210\346u\346C\000\261\331\177\321m\357mF\327\331\245T\202uI\351\303B\201\262\250\354\263\241/\352\224'/\352\224.\n\000""; }; nodes {;   nodedata: ""h\315\350\215y\203\242]\371\235\232Pt&\325\210eZ\346\237XZ \277\2457n\221\336\253\245\317\002\304\206+8\t]\351\316\373|\311\263V\300\023\035\211\237\260\300\r\033u3a1\203\303\365\307k\347\006E\344\037@\210\363\010\336T\226\247'\204_{\261\370""1\235\2445\343\033Y!\212\201\341\272\225'\007*$\244&\336\343'\233i\332\374\245 {^\306-N\333\gE\006\347\212\331C\211Z\177\247\031\nu\246\032\362\231\202\336\222<\246\245\024GH\346Uz~a\244\321\260\0260\246=$\361\202Q\001\355\013\202_n)6q\357\2538_-\302\252B\204v\277\254\373\3322Ca\020\243\0105\263\257\367\032\254\016\003""; }; requestCookie: 4; "
1750587308510,1750587308510,0,1,1,2,TMLedgerData,"ledgerHash: ""\345X\002=\033c\255\253\226\014-o\364!\262f\370\222\250\377\220&p\343\245\3604Op\353\317\305""; ledgerSeq: 15; type: liBASE; nodes {;   nodedata: ""\000\000\000\017\001cEx]\211\377\330D!=\355\210\037\325\034/l\242\365\034!w\324\362\3252-\025\351\314\2334,\306Dd\037v\256\000\000\000\000\000\000\000\000\000\000\000\000\000\000\000\000\000\000\000\000\000\000\000\000\000\000\000\000\000\000\000\000\272\312\210\346u\346C\000\261\331\177\321m\357mF\327\331\245T\202uI\351\303B\201\262\250\354\263\241/\352\224'/\352\224.\n\000""; }; nodes {;   nodedata: ""h\315\350\215y\203\242]\371\235\232Pt&\325\210eZ\346\237XZ \277\2457n\221\336\253\245\317\002\304\206+8\t]\351\316\373|\311\263V\300\023\035\211\237\260\300\r\033u3a1\203\303\365\307k\347\006E\344\037@\210\363\010\336T\226\247'\204_{\261\370""1\235\2445\343\033Y!\212\201\341\272\225'\007*$\244&\336\343'\233i\332\374\245 {^\306-N\333\gE\006\347\212\331C\211Z\177\247\031\nu\246\032\362\231\202\336\222<\246\245\024GH\346Uz~a\244\321\260\0260\246=$\361\202Q\001\355\013\202_n)6q\357\2538_-\302\252B\204v\277\254\373\3322Ca\020\243\0105\263\257\367\032\254\016\003""; }; requestCookie: 2; ","ledgerHash: ""\345X\002=\033c\255\253\226\014-o\364!\262f\370\222\250\377\220&p\343\245\3604Op\353\317\305""; ledgerSeq: 15; type: liBASE; nodes {;   nodedata: ""\000\000\000\017\001cEx]\211\377\330D!=\355\210\037\325\034/l\242\365\034!w\324\362\3252-\025\351\314\2334,\306Dd\037v\256\000\000\000\000\000\000\000\000\000\000\000\000\000\000\000\000\000\000\000\000\000\000\000\000\000\000\000\000\000\000\000\000\272\312\210\346u\346C\000\261\331\177\321m\357mF\327\331\245T\202uI\351\303B\201\262\250\354\263\241/\352\224'/\352\224.\n\000""; }; nodes {;   nodedata: ""h\315\350\215y\203\242]\371\235\232Pt&\325\210eZ\346\237XZ \277\2457n\221\336\253\245\317\002\304\206+8\t]\351\316\373|\311\263V\300\023\035\211\237\260\300\r\033u3a1\203\303\365\307k\347\006E\344\037@\210\363\010\336T\226\247'\204_{\261\370""1\235\2445\343\033Y!\212\201\341\272\225'\007*$\244&\336\343'\233i\332\374\245 {^\306-N\333\gE\006\347\212\331C\211Z\177\247\031\nu\246\032\362\231\202\336\222<\246\245\024GH\346Uz~a\244\321\260\0260\246=$\361\202Q\001\355\013\202_n)6q\357\2538_-\302\252B\204v\277\254\373\3322Ca\020\243\0105\263\257\367\032\254\016\003""; }; requestCookie: 2; "
1750587308510,1750587308510,0,1,1,2,TMLedgerData,"ledgerHash: ""\345X\002=\033c\255\253\226\014-o\364!\262f\370\222\250\377\220&p\343\245\3604Op\353\317\305""; ledgerSeq: 15; type: liAS_NODE; nodes {;   nodedata: ""\021\000h""\000\000\000\000 \033\000\000\000\016\002\023\302\037\330\356GuH\375\327!\255\371\r\231\262R\256J\034\222\241\355X\265E\241^W\225\304\014\361CX-}\351f\032\255\274\334m\326c\017\014ao[\342\230\003\245\245\3341Hm\326^\017jy\335\261\214.\207\210%\003 \010ML\347\200R\304&\320_\215\226\344\334\033\354\2002\255\216\332\317\255\034\017T\270\242(,&\233\326\374o\306[\235\317>\021e\005s\261\371l\216\017\003\032\017J\217\244W<\241'\332/+\360Bx\036+\210j\237K%\340]\246E\2434\264K\036\030qP\317\315\336\325\007\372\373$P*|\321\342\002\026\n\3215\340\3203\200x\327D\301]5\237\247Yz\3711!L\214\221=\252\002\267\225zg\264\253\271T\346ji\003\235\236Pis\264\375\222|H\344\261g?[g\311\347s\234ae\204\263\365U\334\372D\354\345\276\201f\035\271%#\375\245\314.""\373\330&\3746\354@[\274\202\021\202\373Vi\243\n\325\250\005e\360""m\346'\311@\343\016$L\346\334\360<w\317\351\2337\023\262\336W\254\222\315\335\317oP\221\031g\037\220\357Ft\030n\306\370\n\354\226\365\346\276\322i\233\014\037\027Z\351\022\216@=S\205\334\033\374\234n\r\270\210]\013\203\356\024\366\354\260\007L\324\236aQ\361\020X\372\353 3\347\310*\253\021gT!>\003\325\254,\003\367\204\031\331\255\240\304J\342j\272\270\274\360\307\356\347\200Ywm#\014\233\301\022L\232T\033N\341\232\325\233\227\313\307\302\001\313@D\264\016\334\r\034\035\\276\225\314|\234S*r\007\370x>\305D*\007b\276v\316D!=\355\210\037\325\034/l\242\365\034!w\324\362\3252-\025\351\314\2334,\306Dd\037v\256\264\227\2326\315\307\363\323\325\303\032N\256*\307\327 \235\332\207u\210\271\257\306g\231i*\260\326k\001"";   nodeid: ""\260\000\000\000\000\000\000\000\000\000\000\000\000\000\000\000\000\000\000\000\000\000\000\000\000\000\000\000\000\000\000\000\001""; }; ","ledgerHash: ""\345X\002=\033c\255\253\226\014-o\364!\262f\370\222\250\377\220&p\343\245\3604Op\353\317\305""; ledgerSeq: 15; type: liAS_NODE; nodes {;   nodedata: ""\021\000h""\000\000\000\000 \033\000\000\000\016\002\023\302\037\330\356GuH\375\327!\255\371\r\231\262R\256J\034\222\241\355X\265E\241^W\225\304\014\361CX-}\351f\032\255\274\334m\326c\017\014ao[\342\230\003\245\245\3341Hm\326^\017jy\335\261\214.\207\210%\003 \010ML\347\200R\304&\320_\215\226\344\334\033\354\2002\255\216\332\317\255\034\017T\270\242(,&\233\326\374o\306[\235\317>\021e\005s\261\371l\216\017\003\032\017J\217\244W<\241'\332/+\360Bx\036+\210j\237K%\340]\246E\2434\264K\036\030qP\317\315\336\325\007\372\373$P*|\321\342\002\026\n\3215\340\3203\200x\327D\301]5\237\247Yz\3711!L\214\221=\252\002\267\225zg\264\253\271T\346ji\003\235\236Pis\264\375\222|H\344\261g?[g\311\347s\234ae\204\263\365U\334\372D\354\345\276\201f\035\271%#\375\245\314.""\373\330&\3746\354@[\274\202\021\202\373Vi\243\n\325\250\005e\360""m\346'\311@\343\016$L\346\334\360<w\317\351\2337\023\262\336W\254\222\315\335\317oP\221\031g\037\220\357Ft\030n\306\370\n\354\226\365\346\276\322i\233\014\037\027Z\351\022\216@=S\205\334\033\374\234n\r\270\210]\013\203\356\024\366\354\260\007L\324\236aQ\361\020X\372\353 3\347\310*\253\021gT!>\003\325\254,\003\367\204\031\331\255\240\304J\342j\272\270\274\360\307\356\347\200Ywm#\014\233\301\022L\232T\033N\341\232\325\233\227\313\307\302\001\313@D\264\016\334\r\034\035\\276\225\314|\234S*r\007\370x>\305D*\007b\276v\316D!=\355\210\037\325\034/l\242\365\034!w\324\362\3252-\025\351\314\2334,\306Dd\037v\256\264\227\2326\315\307\363\323\325\303\032N\256*\307\327 \235\332\207u\210\271\257\306g\231i*\260\326k\001"";   nodeid: ""\260\000\000\000\000\000\000\000\000\000\000\000\000\000\000\000\000\000\000\000\000\000\000\000\000\000\000\000\000\000\000\000\001""; }; "
1750587308511,1750587308512,0,1,3,2,TMLedgerData,"ledgerHash: ""\345X\002=\033c\255\253\226\014-o\364!\262f\370\222\250\377\220&p\343\245\3604Op\353\317\305""; ledgerSeq: 15; type: liBASE; nodes {;   nodedata: ""\000\000\000\017\001cEx]\211\377\330D!=\355\210\037\325\034/l\242\365\034!w\324\362\3252-\025\351\314\2334,\306Dd\037v\256\000\000\000\000\000\000\000\000\000\000\000\000\000\000\000\000\000\000\000\000\000\000\000\000\000\000\000\000\000\000\000\000\272\312\210\346u\346C\000\261\331\177\321m\357mF\327\331\245T\202uI\351\303B\201\262\250\354\263\241/\352\224'/\352\224.\n\000""; }; nodes {;   nodedata: ""h\315\350\215y\203\242]\371\235\232Pt&\325\210eZ\346\237XZ \277\2457n\221\336\253\245\317\002\304\206+8\t]\351\316\373|\311\263V\300\023\035\211\237\260\300\r\033u3a1\203\303\365\307k\347\006E\344\037@\210\363\010\336T\226\247'\204_{\261\370""1\235\2445\343\033Y!\212\201\341\272\225'\007*$\244&\336\343'\233i\332\374\245 {^\306-N\333\gE\006\347\212\331C\211Z\177\247\031\nu\246\032\362\231\202\336\222<\246\245\024GH\346Uz~a\244\321\260\0260\246=$\361\202Q\001\355\013\202_n)6q\357\2538_-\302\252B\204v\277\254\373\3322Ca\020\243\0105\263\257\367\032\254\016\003""; }; ","ledgerHash: ""\345X\002=\033c\255\253\226\014-o\364!\262f\370\222\250\377\220&p\343\245\3604Op\353\317\305""; ledgerSeq: 15; type: liBASE; nodes {;   nodedata: ""\000\000\000\017\001cEx]\211\377\330D!=\355\210\037\325\034/l\242\365\034!w\324\362\3252-\025\351\314\2334,\306Dd\037v\256\000\000\000\000\000\000\000\000\000\000\000\000\000\000\000\000\000\000\000\000\000\000\000\000\000\000\000\000\000\000\000\000\272\312\210\346u\346C\000\261\331\177\321m\357mF\327\331\245T\202uI\351\303B\201\262\250\354\263\241/\352\224'/\352\224.\n\000""; }; nodes {;   nodedata: ""h\315\350\215y\203\242]\371\235\232Pt&\325\210eZ\346\237XZ \277\2457n\221\336\253\245\317\002\304\206+8\t]\351\316\373|\311\263V\300\023\035\211\237\260\300\r\033u3a1\203\303\365\307k\347\006E\344\037@\210\363\010\336T\226\247'\204_{\261\370""1\235\2445\343\033Y!\212\201\341\272\225'\007*$\244&\336\343'\233i\332\374\245 {^\306-N\333\gE\006\347\212\331C\211Z\177\247\031\nu\246\032\362\231\202\336\222<\246\245\024GH\346Uz~a\244\321\260\0260\246=$\361\202Q\001\355\013\202_n)6q\357\2538_-\302\252B\204v\277\254\373\3322Ca\020\243\0105\263\257\367\032\254\016\003""; }; "
1750587308512,1750587308512,0,1,3,0,TMLedgerData,"ledgerHash: ""\345X\002=\033c\255\253\226\014-o\364!\262f\370\222\250\377\220&p\343\245\3604Op\353\317\305""; ledgerSeq: 15; type: liBASE; nodes {;   nodedata: ""\000\000\000\017\001cEx]\211\377\330D!=\355\210\037\325\034/l\242\365\034!w\324\362\3252-\025\351\314\2334,\306Dd\037v\256\000\000\000\000\000\000\000\000\000\000\000\000\000\000\000\000\000\000\000\000\000\000\000\000\000\000\000\000\000\000\000\000\272\312\210\346u\346C\000\261\331\177\321m\357mF\327\331\245T\202uI\351\303B\201\262\250\354\263\241/\352\224'/\352\224.\n\000""; }; nodes {;   nodedata: ""h\315\350\215y\203\242]\371\235\232Pt&\325\210eZ\346\237XZ \277\2457n\221\336\253\245\317\002\304\206+8\t]\351\316\373|\311\263V\300\023\035\211\237\260\300\r\033u3a1\203\303\365\307k\347\006E\344\037@\210\363\010\336T\226\247'\204_{\261\370""1\235\2445\343\033Y!\212\201\341\272\225'\007*$\244&\336\343'\233i\332\374\245 {^\306-N\333\gE\006\347\212\331C\211Z\177\247\031\nu\246\032\362\231\202\336\222<\246\245\024GH\346Uz~a\244\321\260\0260\246=$\361\202Q\001\355\013\202_n)6q\357\2538_-\302\252B\204v\277\254\373\3322Ca\020\243\0105\263\257\367\032\254\016\003""; }; ","ledgerHash: ""\345X\002=\033c\255\253\226\014-o\364!\262f\370\222\250\377\220&p\343\245\3604Op\353\317\305""; ledgerSeq: 15; type: liBASE; nodes {;   nodedata: ""\000\000\000\017\001cEx]\211\377\330D!=\355\210\037\325\034/l\242\365\034!w\324\362\3252-\025\351\314\2334,\306Dd\037v\256\000\000\000\000\000\000\000\000\000\000\000\000\000\000\000\000\000\000\000\000\000\000\000\000\000\000\000\000\000\000\000\000\272\312\210\346u\346C\000\261\331\177\321m\357mF\327\331\245T\202uI\351\303B\201\262\250\354\263\241/\352\224'/\352\224.\n\000""; }; nodes {;   nodedata: ""h\315\350\215y\203\242]\371\235\232Pt&\325\210eZ\346\237XZ \277\2457n\221\336\253\245\317\002\304\206+8\t]\351\316\373|\311\263V\300\023\035\211\237\260\300\r\033u3a1\203\303\365\307k\347\006E\344\037@\210\363\010\336T\226\247'\204_{\261\370""1\235\2445\343\033Y!\212\201\341\272\225'\007*$\244&\336\343'\233i\332\374\245 {^\306-N\333\gE\006\347\212\331C\211Z\177\247\031\nu\246\032\362\231\202\336\222<\246\245\024GH\346Uz~a\244\321\260\0260\246=$\361\202Q\001\355\013\202_n)6q\357\2538_-\302\252B\204v\277\254\373\3322Ca\020\243\0105\263\257\367\032\254\016\003""; }; "
1750587308513,1750587308513,0,1,0,3,TMLedgerData,"ledgerHash: ""\345X\002=\033c\255\253\226\014-o\364!\262f\370\222\250\377\220&p\343\245\3604Op\353\317\305""; ledgerSeq: 15; type: liBASE; nodes {;   nodedata: ""\000\000\000\017\001cEx]\211\377\330D!=\355\210\037\325\034/l\242\365\034!w\324\362\3252-\025\351\314\2334,\306Dd\037v\256\000\000\000\000\000\000\000\000\000\000\000\000\000\000\000\000\000\000\000\000\000\000\000\000\000\000\000\000\000\000\000\000\272\312\210\346u\346C\000\261\331\177\321m\357mF\327\331\245T\202uI\351\303B\201\262\250\354\263\241/\352\224'/\352\224.\n\000""; }; nodes {;   nodedata: ""h\315\350\215y\203\242]\371\235\232Pt&\325\210eZ\346\237XZ \277\2457n\221\336\253\245\317\002\304\206+8\t]\351\316\373|\311\263V\300\023\035\211\237\260\300\r\033u3a1\203\303\365\307k\347\006E\344\037@\210\363\010\336T\226\247'\204_{\261\370""1\235\2445\343\033Y!\212\201\341\272\225'\007*$\244&\336\343'\233i\332\374\245 {^\306-N\333\gE\006\347\212\331C\211Z\177\247\031\nu\246\032\362\231\202\336\222<\246\245\024GH\346Uz~a\244\321\260\0260\246=$\361\202Q\001\355\013\202_n)6q\357\2538_-\302\252B\204v\277\254\373\3322Ca\020\243\0105\263\257\367\032\254\016\003""; }; ","ledgerHash: ""\345X\002=\033c\255\253\226\014-o\364!\262f\370\222\250\377\220&p\343\245\3604Op\353\317\305""; ledgerSeq: 15; type: liBASE; nodes {;   nodedata: ""\000\000\000\017\001cEx]\211\377\330D!=\355\210\037\325\034/l\242\365\034!w\324\362\3252-\025\351\314\2334,\306Dd\037v\256\000\000\000\000\000\000\000\000\000\000\000\000\000\000\000\000\000\000\000\000\000\000\000\000\000\000\000\000\000\000\000\000\272\312\210\346u\346C\000\261\331\177\321m\357mF\327\331\245T\202uI\351\303B\201\262\250\354\263\241/\352\224'/\352\224.\n\000""; }; nodes {;   nodedata: ""h\315\350\215y\203\242]\371\235\232Pt&\325\210eZ\346\237XZ \277\2457n\221\336\253\245\317\002\304\206+8\t]\351\316\373|\311\263V\300\023\035\211\237\260\300\r\033u3a1\203\303\365\307k\347\006E\344\037@\210\363\010\336T\226\247'\204_{\261\370""1\235\2445\343\033Y!\212\201\341\272\225'\007*$\244&\336\343'\233i\332\374\245 {^\306-N\333\gE\006\347\212\331C\211Z\177\247\031\nu\246\032\362\231\202\336\222<\246\245\024GH\346Uz~a\244\321\260\0260\246=$\361\202Q\001\355\013\202_n)6q\357\2538_-\302\252B\204v\277\254\373\3322Ca\020\243\0105\263\257\367\032\254\016\003""; }; "
1750587308513,1750587308514,0,1,2,0,TMLedgerData,"ledgerHash: ""\345X\002=\033c\255\253\226\014-o\364!\262f\370\222\250\377\220&p\343\245\3604Op\353\317\305""; ledgerSeq: 15; type: liBASE; nodes {;   nodedata: ""\000\000\000\017\001cEx]\211\377\330D!=\355\210\037\325\034/l\242\365\034!w\324\362\3252-\025\351\314\2334,\306Dd\037v\256\000\000\000\000\000\000\000\000\000\000\000\000\000\000\000\000\000\000\000\000\000\000\000\000\000\000\000\000\000\000\000\000\272\312\210\346u\346C\000\261\331\177\321m\357mF\327\331\245T\202uI\351\303B\201\262\250\354\263\241/\352\224'/\352\224.\n\000""; }; nodes {;   nodedata: ""h\315\350\215y\203\242]\371\235\232Pt&\325\210eZ\346\237XZ \277\2457n\221\336\253\245\317\002\304\206+8\t]\351\316\373|\311\263V\300\023\035\211\237\260\300\r\033u3a1\203\303\365\307k\347\006E\344\037@\210\363\010\336T\226\247'\204_{\261\370""1\235\2445\343\033Y!\212\201\341\272\225'\007*$\244&\336\343'\233i\332\374\245 {^\306-N\333\gE\006\347\212\331C\211Z\177\247\031\nu\246\032\362\231\202\336\222<\246\245\024GH\346Uz~a\244\321\260\0260\246=$\361\202Q\001\355\013\202_n)6q\357\2538_-\302\252B\204v\277\254\373\3322Ca\020\243\0105\263\257\367\032\254\016\003""; }; ","ledgerHash: ""\345X\002=\033c\255\253\226\014-o\364!\262f\370\222\250\377\220&p\343\245\3604Op\353\317\305""; ledgerSeq: 15; type: liBASE; nodes {;   nodedata: ""\000\000\000\017\001cEx]\211\377\330D!=\355\210\037\325\034/l\242\365\034!w\324\362\3252-\025\351\314\2334,\306Dd\037v\256\000\000\000\000\000\000\000\000\000\000\000\000\000\000\000\000\000\000\000\000\000\000\000\000\000\000\000\000\000\000\000\000\272\312\210\346u\346C\000\261\331\177\321m\357mF\327\331\245T\202uI\351\303B\201\262\250\354\263\241/\352\224'/\352\224.\n\000""; }; nodes {;   nodedata: ""h\315\350\215y\203\242]\371\235\232Pt&\325\210eZ\346\237XZ \277\2457n\221\336\253\245\317\002\304\206+8\t]\351\316\373|\311\263V\300\023\035\211\237\260\300\r\033u3a1\203\303\365\307k\347\006E\344\037@\210\363\010\336T\226\247'\204_{\261\370""1\235\2445\343\033Y!\212\201\341\272\225'\007*$\244&\336\343'\233i\332\374\245 {^\306-N\333\gE\006\347\212\331C\211Z\177\247\031\nu\246\032\362\231\202\336\222<\246\245\024GH\346Uz~a\244\321\260\0260\246=$\361\202Q\001\355\013\202_n)6q\357\2538_-\302\252B\204v\277\254\373\3322Ca\020\243\0105\263\257\367\032\254\016\003""; }; "
1750587308530,1750587308530,0,1,1,4,TMLedgerData,"ledgerHash: ""\345X\002=\033c\255\253\226\014-o\364!\262f\370\222\250\377\220&p\343\245\3604Op\353\317\305""; ledgerSeq: 15; type: liAS_NODE; nodes {;   nodedata: ""\021\000h""\000\000\000\000 \033\000\000\000\016\002\023\302\037\330\356GuH\375\327!\255\371\r\231\262R\256J\034\222\241\355X\265E\241^W\225\304\014\361CX-}\351f\032\255\274\334m\326c\017\014ao[\342\230\003\245\245\3341Hm\326^\017jy\335\261\214.\207\210%\003 \010ML\347\200R\304&\320_\215\226\344\334\033\354\2002\255\216\332\317\255\034\017T\270\242(,&\233\326\374o\306[\235\317>\021e\005s\261\371l\216\017\003\032\017J\217\244W<\241'\332/+\360Bx\036+\210j\237K%\340]\246E\2434\264K\036\030qP\317\315\336\325\007\372\373$P*|\321\342\002\026\n\3215\340\3203\200x\327D\301]5\237\247Yz\3711!L\214\221=\252\002\267\225zg\264\253\271T\346ji\003\235\236Pis\264\375\222|H\344\261g?[g\311\347s\234ae\204\263\365U\334\372D\354\345\276\201f\035\271%#\375\245\314.""\373\330&\3746\354@[\274\202\021\202\373Vi\243\n\325\250\005e\360""m\346'\311@\343\016$L\346\334\360<w\317\351\2337\023\262\336W\254\222\315\335\317oP\221\031g\037\220\357Ft\030n\306\370\n\354\226\365\346\276\322i\233\014\037\027Z\351\022\216@=S\205\334\033\374\234n\r\270\210]\013\203\356\024\366\354\260\007L\324\236aQ\361\020X\372\353 3\347\310*\253\021gT!>\003\325\254,\003\367\204\031\331\255\240\304J\342j\272\270\274\360\307\356\347\200Ywm#\014\233\301\022L\232T\033N\341\232\325\233\227\313\307\302\001\313@D\264\016\334\r\034\035\\276\225\314|\234S*r\007\370x>\305D*\007b\276v\316D!=\355\210\037\325\034/l\242\365\034!w\324\362\3252-\025\351\314\2334,\306Dd\037v\256\264\227\2326\315\307\363\323\325\303\032N\256*\307\327 \235\332\207u\210\271\257\306g\231i*\260\326k\001"";   nodeid: ""\260\000\000\000\000\000\000\000\000\000\000\000\000\000\000\000\000\000\000\000\000\000\000\000\000\000\000\000\000\000\000\000\001""; }; ","ledgerHash: ""\345X\002=\033c\255\253\226\014-o\364!\262f\370\222\250\377\220&p\343\245\3604Op\353\317\305""; ledgerSeq: 15; type: liAS_NODE; nodes {;   nodedata: ""\021\000h""\000\000\000\000 \033\000\000\000\016\002\023\302\037\330\356GuH\375\327!\255\371\r\231\262R\256J\034\222\241\355X\265E\241^W\225\304\014\361CX-}\351f\032\255\274\334m\326c\017\014ao[\342\230\003\245\245\3341Hm\326^\017jy\335\261\214.\207\210%\003 \010ML\347\200R\304&\320_\215\226\344\334\033\354\2002\255\216\332\317\255\034\017T\270\242(,&\233\326\374o\306[\235\317>\021e\005s\261\371l\216\017\003\032\017J\217\244W<\241'\332/+\360Bx\036+\210j\237K%\340]\246E\2434\264K\036\030qP\317\315\336\325\007\372\373$P*|\321\342\002\026\n\3215\340\3203\200x\327D\301]5\237\247Yz\3711!L\214\221=\252\002\267\225zg\264\253\271T\346ji\003\235\236Pis\264\375\222|H\344\261g?[g\311\347s\234ae\204\263\365U\334\372D\354\345\276\201f\035\271%#\375\245\314.""\373\330&\3746\354@[\274\202\021\202\373Vi\243\n\325\250\005e\360""m\346'\311@\343\016$L\346\334\360<w\317\351\2337\023\262\336W\254\222\315\335\317oP\221\031g\037\220\357Ft\030n\306\370\n\354\226\365\346\276\322i\233\014\037\027Z\351\022\216@=S\205\334\033\374\234n\r\270\210]\013\203\356\024\366\354\260\007L\324\236aQ\361\020X\372\353 3\347\310*\253\021gT!>\003\325\254,\003\367\204\031\331\255\240\304J\342j\272\270\274\360\307\356\347\200Ywm#\014\233\301\022L\232T\033N\341\232\325\233\227\313\307\302\001\313@D\264\016\334\r\034\035\\276\225\314|\234S*r\007\370x>\305D*\007b\276v\316D!=\355\210\037\325\034/l\242\365\034!w\324\362\3252-\025\351\314\2334,\306Dd\037v\256\264\227\2326\315\307\363\323\325\303\032N\256*\307\327 \235\332\207u\210\271\257\306g\231i*\260\326k\001"";   nodeid: ""\260\000\000\000\000\000\000\000\000\000\000\000\000\000\000\000\000\000\000\000\000\000\000\000\000\000\000\000\000\000\000\000\001""; }; "
1750587308549,1750587308550,0,1,1,0,TMLedgerData,"ledgerHash: ""\345X\002=\033c\255\253\226\014-o\364!\262f\370\222\250\377\220&p\343\245\3604Op\353\317\305""; ledgerSeq: 15; type: liAS_NODE; nodes {;   nodedata: ""\021\000h""\000\000\000\000 \033\000\000\000\016\002\023\302\037\330\356GuH\375\327!\255\371\r\231\262R\256J\034\222\241\355X\265E\241^W\225\304\014\361CX-}\351f\032\255\274\334m\326c\017\014ao[\342\230\003\245\245\3341Hm\326^\017jy\335\261\214.\207\210%\003 \010ML\347\200R\304&\320_\215\226\344\334\033\354\2002\255\216\332\317\255\034\017T\270\242(,&\233\326\374o\306[\235\317>\021e\005s\261\371l\216\017\003\032\017J\217\244W<\241'\332/+\360Bx\036+\210j\237K%\340]\246E\2434\264K\036\030qP\317\315\336\325\007\372\373$P*|\321\342\002\026\n\3215\340\3203\200x\327D\301]5\237\247Yz\3711!L\214\221=\252\002\267\225zg\264\253\271T\346ji\003\235\236Pis\264\375\222|H\344\261g?[g\311\347s\234ae\204\263\365U\334\372D\354\345\276\201f\035\271%#\375\245\314.""\373\330&\3746\354@[\274\202\021\202\373Vi\243\n\325\250\005e\360""m\346'\311@\343\016$L\346\334\360<w\317\351\2337\023\262\336W\254\222\315\335\317oP\221\031g\037\220\357Ft\030n\306\370\n\354\226\365\346\276\322i\233\014\037\027Z\351\022\216@=S\205\334\033\374\234n\r\270\210]\013\203\356\024\366\354\260\007L\324\236aQ\361\020X\372\353 3\347\310*\253\021gT!>\003\325\254,\003\367\204\031\331\255\240\304J\342j\272\270\274\360\307\356\347\200Ywm#\014\233\301\022L\232T\033N\341\232\325\233\227\313\307\302\001\313@D\264\016\334\r\034\035\\276\225\314|\234S*r\007\370x>\305D*\007b\276v\316D!=\355\210\037\325\034/l\242\365\034!w\324\362\3252-\025\351\314\2334,\306Dd\037v\256\264\227\2326\315\307\363\323\325\303\032N\256*\307\327 \235\332\207u\210\271\257\306g\231i*\260\326k\001"";   nodeid: ""\260\000\000\000\000\000\000\000\000\000\000\000\000\000\000\000\000\000\000\000\000\000\000\000\000\000\000\000\000\000\000\000\001""; }; ","ledgerHash: ""\345X\002=\033c\255\253\226\014-o\364!\262f\370\222\250\377\220&p\343\245\3604Op\353\317\305""; ledgerSeq: 15; type: liAS_NODE; nodes {;   nodedata: ""\021\000h""\000\000\000\000 \033\000\000\000\016\002\023\302\037\330\356GuH\375\327!\255\371\r\231\262R\256J\034\222\241\355X\265E\241^W\225\304\014\361CX-}\351f\032\255\274\334m\326c\017\014ao[\342\230\003\245\245\3341Hm\326^\017jy\335\261\214.\207\210%\003 \010ML\347\200R\304&\320_\215\226\344\334\033\354\2002\255\216\332\317\255\034\017T\270\242(,&\233\326\374o\306[\235\317>\021e\005s\261\371l\216\017\003\032\017J\217\244W<\241'\332/+\360Bx\036+\210j\237K%\340]\246E\2434\264K\036\030qP\317\315\336\325\007\372\373$P*|\321\342\002\026\n\3215\340\3203\200x\327D\301]5\237\247Yz\3711!L\214\221=\252\002\267\225zg\264\253\271T\346ji\003\235\236Pis\264\375\222|H\344\261g?[g\311\347s\234ae\204\263\365U\334\372D\354\345\276\201f\035\271%#\375\245\314.""\373\330&\3746\354@[\274\202\021\202\373Vi\243\n\325\250\005e\360""m\346'\311@\343\016$L\346\334\360<w\317\351\2337\023\262\336W\254\222\315\335\317oP\221\031g\037\220\357Ft\030n\306\370\n\354\226\365\346\276\322i\233\014\037\027Z\351\022\216@=S\205\334\033\374\234n\r\270\210]\013\203\356\024\366\354\260\007L\324\236aQ\361\020X\372\353 3\347\310*\253\021gT!>\003\325\254,\003\367\204\031\331\255\240\304J\342j\272\270\274\360\307\356\347\200Ywm#\014\233\301\022L\232T\033N\341\232\325\233\227\313\307\302\001\313@D\264\016\334\r\034\035\\276\225\314|\234S*r\007\370x>\305D*\007b\276v\316D!=\355\210\037\325\034/l\242\365\034!w\324\362\3252-\025\351\314\2334,\306Dd\037v\256\264\227\2326\315\307\363\323\325\303\032N\256*\307\327 \235\332\207u\210\271\257\306g\231i*\260\326k\001"";   nodeid: ""\260\000\000\000\000\000\000\000\000\000\000\000\000\000\000\000\000\000\000\000\000\000\000\000\000\000\000\000\000\000\000\000\001""; }; "
1750587308885,1750587308885,0,1,3,2,TMValidation,"validation: """"\200\000\000\001&\000\000\000\017)/\352\224,:\211l\014`\252m\212dQ\345X\002=\033c\255\253\226\014-o\364!\262f\370\222\250\377\220&p\343\245\3604Op\353\317\305P\027\000\000\000\000\000\000\000\000\000\000\000\000\000\000\000\000\000\000\000\000\000\000\000\000\000\000\000\000\000\000\000\000P\031D!=\355\210\037\325\034/l\242\365\034!w\324\362\3252-\025\351\314\2334,\306Dd\037v\256s!\003\325Q\255\224\274R@\312\253\262\347\352\034\346\347\242\215,\312\376=\277\353{\350\225\301\305`^, vG0E\002!\000\267Y\253&?#1u\231)\341N\335:d\017oy\270\363\207\320\253D\377\252/[_^\323\246\002 \021\013\201\364\3222;\240aIt&\350\246\032]\340\323\243\035H5Hv\250yr\026\246j\3639""; ","validation: """"\200\000\000\001&\000\000\000\017)/\352\224,:\211l\014`\252m\212dQ\345X\002=\033c\255\253\226\014-o\364!\262f\370\222\250\377\220&p\343\245\3604Op\353\317\305P\027\000\000\000\000\000\000\000\000\000\000\000\000\000\000\000\000\000\000\000\000\000\000\000\000\000\000\000\000\000\000\000\000P\031D!=\355\210\037\325\034/l\242\365\034!w\324\362\3252-\025\351\314\2334,\306Dd\037v\256s!\003\325Q\255\224\274R@\312\253\262\347\352\034\346\347\242\215,\312\376=\277\353{\350\225\301\305`^, vG0E\002!\000\267Y\253&?#1u\231)\341N\335:d\017oy\270\363\207\320\253D\377\252/[_^\323\246\002 \021\013\201\364\3222;\240aIt&\350\246\032]\340\323\243\035H5Hv\250yr\026\246j\3639""; "
1750587308886,1750587308887,0,1,3,1,TMStatusChange,"newEvent: neACCEPTED_LEDGER; ledgerSeq: 15; ledgerHash: ""\345X\002=\033c\255\253\226\014-o\364!\262f\370\222\250\377\220&p\343\245\3604Op\353\317\305""; ledgerHashPrevious: ""D!=\355\210\037\325\034/l\242\365\034!w\324\362\3252-\025\351\314\2334,\306Dd\037v\256""; networkTime: 803902508; firstSeq: 9; lastSeq: 14; ","newEvent: neACCEPTED_LEDGER; ledgerSeq: 15; ledgerHash: ""\345X\002=\033c\255\253\226\014-o\364!\262f\370\222\250\377\220&p\343\245\3604Op\353\317\305""; ledgerHashPrevious: ""D!=\355\210\037\325\034/l\242\365\034!w\324\362\3252-\025\351\314\2334,\306Dd\037v\256""; networkTime: 803902508; firstSeq: 9; lastSeq: 14; "
1750587308887,1750587308887,0,1,3,2,TMStatusChange,"newEvent: neACCEPTED_LEDGER; ledgerSeq: 15; ledgerHash: ""\345X\002=\033c\255\253\226\014-o\364!\262f\370\222\250\377\220&p\343\245\3604Op\353\317\305""; ledgerHashPrevious: ""D!=\355\210\037\325\034/l\242\365\034!w\324\362\3252-\025\351\314\2334,\306Dd\037v\256""; networkTime: 803902508; firstSeq: 9; lastSeq: 14; ","newEvent: neACCEPTED_LEDGER; ledgerSeq: 15; ledgerHash: ""\345X\002=\033c\255\253\226\014-o\364!\262f\370\222\250\377\220&p\343\245\3604Op\353\317\305""; ledgerHashPrevious: ""D!=\355\210\037\325\034/l\242\365\034!w\324\362\3252-\025\351\314\2334,\306Dd\037v\256""; networkTime: 803902508; firstSeq: 9; lastSeq: 14; "
1750587308887,1750587308887,0,1,3,4,TMStatusChange,"newEvent: neACCEPTED_LEDGER; ledgerSeq: 15; ledgerHash: ""\345X\002=\033c\255\253\226\014-o\364!\262f\370\222\250\377\220&p\343\245\3604Op\353\317\305""; ledgerHashPrevious: ""D!=\355\210\037\325\034/l\242\365\034!w\324\362\3252-\025\351\314\2334,\306Dd\037v\256""; networkTime: 803902508; firstSeq: 9; lastSeq: 14; ","newEvent: neACCEPTED_LEDGER; ledgerSeq: 15; ledgerHash: ""\345X\002=\033c\255\253\226\014-o\364!\262f\370\222\250\377\220&p\343\245\3604Op\353\317\305""; ledgerHashPrevious: ""D!=\355\210\037\325\034/l\242\365\034!w\324\362\3252-\025\351\314\2334,\306Dd\037v\256""; networkTime: 803902508; firstSeq: 9; lastSeq: 14; "
1750587308887,1750587308887,0,1,3,0,TMStatusChange,"newEvent: neACCEPTED_LEDGER; ledgerSeq: 15; ledgerHash: ""\345X\002=\033c\255\253\226\014-o\364!\262f\370\222\250\377\220&p\343\245\3604Op\353\317\305""; ledgerHashPrevious: ""D!=\355\210\037\325\034/l\242\365\034!w\324\362\3252-\025\351\314\2334,\306Dd\037v\256""; networkTime: 803902508; firstSeq: 9; lastSeq: 14; ","newEvent: neACCEPTED_LEDGER; ledgerSeq: 15; ledgerHash: ""\345X\002=\033c\255\253\226\014-o\364!\262f\370\222\250\377\220&p\343\245\3604Op\353\317\305""; ledgerHashPrevious: ""D!=\355\210\037\325\034/l\242\365\034!w\324\362\3252-\025\351\314\2334,\306Dd\037v\256""; networkTime: 803902508; firstSeq: 9; lastSeq: 14; "
1750587308889,1750587308889,0,1,2,4,TMValidation,"validation: """"\200\000\000\001&\000\000\000\017)/\352\224,:\211l\014`\252m\212dQ\345X\002=\033c\255\253\226\014-o\364!\262f\370\222\250\377\220&p\343\245\3604Op\353\317\305P\027\000\000\000\000\000\000\000\000\000\000\000\000\000\000\000\000\000\000\000\000\000\000\000\000\000\000\000\000\000\000\000\000P\031D!=\355\210\037\325\034/l\242\365\034!w\324\362\3252-\025\351\314\2334,\306Dd\037v\256s!\003\325Q\255\224\274R@\312\253\262\347\352\034\346\347\242\215,\312\376=\277\353{\350\225\301\305`^, vG0E\002!\000\267Y\253&?#1u\231)\341N\335:d\017oy\270\363\207\320\253D\377\252/[_^\323\246\002 \021\013\201\364\3222;\240aIt&\350\246\032]\340\323\243\035H5Hv\250yr\026\246j\3639""; ","validation: """"\200\000\000\001&\000\000\000\017)/\352\224,:\211l\014`\252m\212dQ\345X\002=\033c\255\253\226\014-o\364!\262f\370\222\250\377\220&p\343\245\3604Op\353\317\305P\027\000\000\000\000\000\000\000\000\000\000\000\000\000\000\000\000\000\000\000\000\000\000\000\000\000\000\000\000\000\000\000\000P\031D!=\355\210\037\325\034/l\242\365\034!w\324\362\3252-\025\351\314\2334,\306Dd\037v\256s!\003\325Q\255\224\274R@\312\253\262\347\352\034\346\347\242\215,\312\376=\277\353{\350\225\301\305`^, vG0E\002!\000\267Y\253&?#1u\231)\341N\335:d\017oy\270\363\207\320\253D\377\252/[_^\323\246\002 \021\013\201\364\3222;\240aIt&\350\246\032]\340\323\243\035H5Hv\250yr\026\246j\3639""; "
1750587308889,1750587308889,0,1,2,0,TMValidation,"validation: """"\200\000\000\001&\000\000\000\017)/\352\224,:\211l\014`\252m\212dQ\345X\002=\033c\255\253\226\014-o\364!\262f\370\222\250\377\220&p\343\245\3604Op\353\317\305P\027\000\000\000\000\000\000\000\000\000\000\000\000\000\000\000\000\000\000\000\000\000\000\000\000\000\000\000\000\000\000\000\000P\031D!=\355\210\037\325\034/l\242\365\034!w\324\362\3252-\025\351\314\2334,\306Dd\037v\256s!\003\325Q\255\224\274R@\312\253\262\347\352\034\346\347\242\215,\312\376=\277\353{\350\225\301\305`^, vG0E\002!\000\267Y\253&?#1u\231)\341N\335:d\017oy\270\363\207\320\253D\377\252/[_^\323\246\002 \021\013\201\364\3222;\240aIt&\350\246\032]\340\323\243\035H5Hv\250yr\026\246j\3639""; ","validation: """"\200\000\000\001&\000\000\000\017)/\352\224,:\211l\014`\252m\212dQ\345X\002=\033c\255\253\226\014-o\364!\262f\370\222\250\377\220&p\343\245\3604Op\353\317\305P\027\000\000\000\000\000\000\000\000\000\000\000\000\000\000\000\000\000\000\000\000\000\000\000\000\000\000\000\000\000\000\000\000P\031D!=\355\210\037\325\034/l\242\365\034!w\324\362\3252-\025\351\314\2334,\306Dd\037v\256s!\003\325Q\255\224\274R@\312\253\262\347\352\034\346\347\242\215,\312\376=\277\353{\350\225\301\305`^, vG0E\002!\000\267Y\253&?#1u\231)\341N\335:d\017oy\270\363\207\320\253D\377\252/[_^\323\246\002 \021\013\201\364\3222;\240aIt&\350\246\032]\340\323\243\035H5Hv\250yr\026\246j\3639""; "
1750587308890,1750587308890,0,1,2,1,TMValidation,"validation: """"\200\000\000\001&\000\000\000\017)/\352\224,:\211l\014`\252m\212dQ\345X\002=\033c\255\253\226\014-o\364!\262f\370\222\250\377\220&p\343\245\3604Op\353\317\305P\027\000\000\000\000\000\000\000\000\000\000\000\000\000\000\000\000\000\000\000\000\000\000\000\000\000\000\000\000\000\000\000\000P\031D!=\355\210\037\325\034/l\242\365\034!w\324\362\3252-\025\351\314\2334,\306Dd\037v\256s!\003\325Q\255\224\274R@\312\253\262\347\352\034\346\347\242\215,\312\376=\277\353{\350\225\301\305`^, vG0E\002!\000\267Y\253&?#1u\231)\341N\335:d\017oy\270\363\207\320\253D\377\252/[_^\323\246\002 \021\013\201\364\3222;\240aIt&\350\246\032]\340\323\243\035H5Hv\250yr\026\246j\3639""; ","validation: """"\200\000\000\001&\000\000\000\017)/\352\224,:\211l\014`\252m\212dQ\345X\002=\033c\255\253\226\014-o\364!\262f\370\222\250\377\220&p\343\245\3604Op\353\317\305P\027\000\000\000\000\000\000\000\000\000\000\000\000\000\000\000\000\000\000\000\000\000\000\000\000\000\000\000\000\000\000\000\000P\031D!=\355\210\037\325\034/l\242\365\034!w\324\362\3252-\025\351\314\2334,\306Dd\037v\256s!\003\325Q\255\224\274R@\312\253\262\347\352\034\346\347\242\215,\312\376=\277\353{\350\225\301\305`^, vG0E\002!\000\267Y\253&?#1u\231)\341N\335:d\017oy\270\363\207\320\253D\377\252/[_^\323\246\002 \021\013\201\364\3222;\240aIt&\350\246\032]\340\323\243\035H5Hv\250yr\026\246j\3639""; "
1750587308894,1750587308894,0,1,4,0,TMValidation,"validation: """"\200\000\000\001&\000\000\000\017)/\352\224,:\211l\014`\252m\212dQ\345X\002=\033c\255\253\226\014-o\364!\262f\370\222\250\377\220&p\343\245\3604Op\353\317\305P\027\000\000\000\000\000\000\000\000\000\000\000\000\000\000\000\000\000\000\000\000\000\000\000\000\000\000\000\000\000\000\000\000P\031D!=\355\210\037\325\034/l\242\365\034!w\324\362\3252-\025\351\314\2334,\306Dd\037v\256s!\003\325Q\255\224\274R@\312\253\262\347\352\034\346\347\242\215,\312\376=\277\353{\350\225\301\305`^, vG0E\002!\000\267Y\253&?#1u\231)\341N\335:d\017oy\270\363\207\320\253D\377\252/[_^\323\246\002 \021\013\201\364\3222;\240aIt&\350\246\032]\340\323\243\035H5Hv\250yr\026\246j\3639""; ","validation: """"\200\000\000\001&\000\000\000\017)/\352\224,:\211l\014`\252m\212dQ\345X\002=\033c\255\253\226\014-o\364!\262f\370\222\250\377\220&p\343\245\3604Op\353\317\305P\027\000\000\000\000\000\000\000\000\000\000\000\000\000\000\000\000\000\000\000\000\000\000\000\000\000\000\000\000\000\000\000\000P\031D!=\355\210\037\325\034/l\242\365\034!w\324\362\3252-\025\351\314\2334,\306Dd\037v\256s!\003\325Q\255\224\274R@\312\253\262\347\352\034\346\347\242\215,\312\376=\277\353{\350\225\301\305`^, vG0E\002!\000\267Y\253&?#1u\231)\341N\335:d\017oy\270\363\207\320\253D\377\252/[_^\323\246\002 \021\013\201\364\3222;\240aIt&\350\246\032]\340\323\243\035H5Hv\250yr\026\246j\3639""; "
1750587308895,1750587308896,0,1,0,4,TMValidation,"validation: """"\200\000\000\001&\000\000\000\017)/\352\224,:\211l\014`\252m\212dQ\345X\002=\033c\255\253\226\014-o\364!\262f\370\222\250\377\220&p\343\245\3604Op\353\317\305P\027\000\000\000\000\000\000\000\000\000\000\000\000\000\000\000\000\000\000\000\000\000\000\000\000\000\000\000\000\000\000\000\000P\031D!=\355\210\037\325\034/l\242\365\034!w\324\362\3252-\025\351\314\2334,\306Dd\037v\256s!\003\325Q\255\224\274R@\312\253\262\347\352\034\346\347\242\215,\312\376=\277\353{\350\225\301\305`^, vG0E\002!\000\267Y\253&?#1u\231)\341N\335:d\017oy\270\363\207\320\253D\377\252/[_^\323\246\002 \021\013\201\364\3222;\240aIt&\350\246\032]\340\323\243\035H5Hv\250yr\026\246j\3639""; ","validation: """"\200\000\000\001&\000\000\000\017)/\352\224,:\211l\014`\252m\212dQ\345X\002=\033c\255\253\226\014-o\364!\262f\370\222\250\377\220&p\343\245\3604Op\353\317\305P\027\000\000\000\000\000\000\000\000\000\000\000\000\000\000\000\000\000\000\000\000\000\000\000\000\000\000\000\000\000\000\000\000P\031D!=\355\210\037\325\034/l\242\365\034!w\324\362\3252-\025\351\314\2334,\306Dd\037v\256s!\003\325Q\255\224\274R@\312\253\262\347\352\034\346\347\242\215,\312\376=\277\353{\350\225\301\305`^, vG0E\002!\000\267Y\253&?#1u\231)\341N\335:d\017oy\270\363\207\320\253D\377\252/[_^\323\246\002 \021\013\201\364\3222;\240aIt&\350\246\032]\340\323\243\035H5Hv\250yr\026\246j\3639""; "
1750587308896,1750587308896,0,1,0,1,TMValidation,"validation: """"\200\000\000\001&\000\000\000\017)/\352\224,:\211l\014`\252m\212dQ\345X\002=\033c\255\253\226\014-o\364!\262f\370\222\250\377\220&p\343\245\3604Op\353\317\305P\027\000\000\000\000\000\000\000\000\000\000\000\000\000\000\000\000\000\000\000\000\000\000\000\000\000\000\000\000\000\000\000\000P\031D!=\355\210\037\325\034/l\242\365\034!w\324\362\3252-\025\351\314\2334,\306Dd\037v\256s!\003\325Q\255\224\274R@\312\253\262\347\352\034\346\347\242\215,\312\376=\277\353{\350\225\301\305`^, vG0E\002!\000\267Y\253&?#1u\231)\341N\335:d\017oy\270\363\207\320\253D\377\252/[_^\323\246\002 \021\013\201\364\3222;\240aIt&\350\246\032]\340\323\243\035H5Hv\250yr\026\246j\3639""; ","validation: """"\200\000\000\001&\000\000\000\017)/\352\224,:\211l\014`\252m\212dQ\345X\002=\033c\255\253\226\014-o\364!\262f\370\222\250\377\220&p\343\245\3604Op\353\317\305P\027\000\000\000\000\000\000\000\000\000\000\000\000\000\000\000\000\000\000\000\000\000\000\000\000\000\000\000\000\000\000\000\000P\031D!=\355\210\037\325\034/l\242\365\034!w\324\362\3252-\025\351\314\2334,\306Dd\037v\256s!\003\325Q\255\224\274R@\312\253\262\347\352\034\346\347\242\215,\312\376=\277\353{\350\225\301\305`^, vG0E\002!\000\267Y\253&?#1u\231)\341N\335:d\017oy\270\363\207\320\253D\377\252/[_^\323\246\002 \021\013\201\364\3222;\240aIt&\350\246\032]\340\323\243\035H5Hv\250yr\026\246j\3639""; "
1750587308896,1750587308896,0,1,4,3,TMValidation,"validation: """"\200\000\000\001&\000\000\000\017)/\352\224,:\211l\014`\252m\212dQ\345X\002=\033c\255\253\226\014-o\364!\262f\370\222\250\377\220&p\343\245\3604Op\353\317\305P\027\000\000\000\000\000\000\000\000\000\000\000\000\000\000\000\000\000\000\000\000\000\000\000\000\000\000\000\000\000\000\000\000P\031D!=\355\210\037\325\034/l\242\365\034!w\324\362\3252-\025\351\314\2334,\306Dd\037v\256s!\003\325Q\255\224\274R@\312\253\262\347\352\034\346\347\242\215,\312\376=\277\353{\350\225\301\305`^, vG0E\002!\000\267Y\253&?#1u\231)\341N\335:d\017oy\270\363\207\320\253D\377\252/[_^\323\246\002 \021\013\201\364\3222;\240aIt&\350\246\032]\340\323\243\035H5Hv\250yr\026\246j\3639""; ","validation: """"\200\000\000\001&\000\000\000\017)/\352\224,:\211l\014`\252m\212dQ\345X\002=\033c\255\253\226\014-o\364!\262f\370\222\250\377\220&p\343\245\3604Op\353\317\305P\027\000\000\000\000\000\000\000\000\000\000\000\000\000\000\000\000\000\000\000\000\000\000\000\000\000\000\000\000\000\000\000\000P\031D!=\355\210\037\325\034/l\242\365\034!w\324\362\3252-\025\351\314\2334,\306Dd\037v\256s!\003\325Q\255\224\274R@\312\253\262\347\352\034\346\347\242\215,\312\376=\277\353{\350\225\301\305`^, vG0E\002!\000\267Y\253&?#1u\231)\341N\335:d\017oy\270\363\207\320\253D\377\252/[_^\323\246\002 \021\013\201\364\3222;\240aIt&\350\246\032]\340\323\243\035H5Hv\250yr\026\246j\3639""; "
1750587308896,1750587308896,0,1,0,3,TMValidation,"validation: """"\200\000\000\001&\000\000\000\017)/\352\224,:\211l\014`\252m\212dQ\345X\002=\033c\255\253\226\014-o\364!\262f\370\222\250\377\220&p\343\245\3604Op\353\317\305P\027\000\000\000\000\000\000\000\000\000\000\000\000\000\000\000\000\000\000\000\000\000\000\000\000\000\000\000\000\000\000\000\000P\031D!=\355\210\037\325\034/l\242\365\034!w\324\362\3252-\025\351\314\2334,\306Dd\037v\256s!\003\325Q\255\224\274R@\312\253\262\347\352\034\346\347\242\215,\312\376=\277\353{\350\225\301\305`^, vG0E\002!\000\267Y\253&?#1u\231)\341N\335:d\017oy\270\363\207\320\253D\377\252/[_^\323\246\002 \021\013\201\364\3222;\240aIt&\350\246\032]\340\323\243\035H5Hv\250yr\026\246j\3639""; ","validation: """"\200\000\000\001&\000\000\000\017)/\352\224,:\211l\014`\252m\212dQ\345X\002=\033c\255\253\226\014-o\364!\262f\370\222\250\377\220&p\343\245\3604Op\353\317\305P\027\000\000\000\000\000\000\000\000\000\000\000\000\000\000\000\000\000\000\000\000\000\000\000\000\000\000\000\000\000\000\000\000P\031D!=\355\210\037\325\034/l\242\365\034!w\324\362\3252-\025\351\314\2334,\306Dd\037v\256s!\003\325Q\255\224\274R@\312\253\262\347\352\034\346\347\242\215,\312\376=\277\353{\350\225\301\305`^, vG0E\002!\000\267Y\253&?#1u\231)\341N\335:d\017oy\270\363\207\320\253D\377\252/[_^\323\246\002 \021\013\201\364\3222;\240aIt&\350\246\032]\340\323\243\035H5Hv\250yr\026\246j\3639""; "
1750587308896,1750587308897,0,1,4,1,TMValidation,"validation: """"\200\000\000\001&\000\000\000\017)/\352\224,:\211l\014`\252m\212dQ\345X\002=\033c\255\253\226\014-o\364!\262f\370\222\250\377\220&p\343\245\3604Op\353\317\305P\027\000\000\000\000\000\000\000\000\000\000\000\000\000\000\000\000\000\000\000\000\000\000\000\000\000\000\000\000\000\000\000\000P\031D!=\355\210\037\325\034/l\242\365\034!w\324\362\3252-\025\351\314\2334,\306Dd\037v\256s!\003\325Q\255\224\274R@\312\253\262\347\352\034\346\347\242\215,\312\376=\277\353{\350\225\301\305`^, vG0E\002!\000\267Y\253&?#1u\231)\341N\335:d\017oy\270\363\207\320\253D\377\252/[_^\323\246\002 \021\013\201\364\3222;\240aIt&\350\246\032]\340\323\243\035H5Hv\250yr\026\246j\3639""; ","validation: """"\200\000\000\001&\000\000\000\017)/\352\224,:\211l\014`\252m\212dQ\345X\002=\033c\255\253\226\014-o\364!\262f\370\222\250\377\220&p\343\245\3604Op\353\317\305P\027\000\000\000\000\000\000\000\000\000\000\000\000\000\000\000\000\000\000\000\000\000\000\000\000\000\000\000\000\000\000\000\000P\031D!=\355\210\037\325\034/l\242\365\034!w\324\362\3252-\025\351\314\2334,\306Dd\037v\256s!\003\325Q\255\224\274R@\312\253\262\347\352\034\346\347\242\215,\312\376=\277\353{\350\225\301\305`^, vG0E\002!\000\267Y\253&?#1u\231)\341N\335:d\017oy\270\363\207\320\253D\377\252/[_^\323\246\002 \021\013\201\364\3222;\240aIt&\350\246\032]\340\323\243\035H5Hv\250yr\026\246j\3639""; "
1750587308898,1750587308898,0,1,1,4,TMValidation,"validation: """"\200\000\000\001&\000\000\000\017)/\352\224,:\211l\014`\252m\212dQ\345X\002=\033c\255\253\226\014-o\364!\262f\370\222\250\377\220&p\343\245\3604Op\353\317\305P\027\000\000\000\000\000\000\000\000\000\000\000\000\000\000\000\000\000\000\000\000\000\000\000\000\000\000\000\000\000\000\000\000P\031D!=\355\210\037\325\034/l\242\365\034!w\324\362\3252-\025\351\314\2334,\306Dd\037v\256s!\003\325Q\255\224\274R@\312\253\262\347\352\034\346\347\242\215,\312\376=\277\353{\350\225\301\305`^, vG0E\002!\000\267Y\253&?#1u\231)\341N\335:d\017oy\270\363\207\320\253D\377\252/[_^\323\246\002 \021\013\201\364\3222;\240aIt&\350\246\032]\340\323\243\035H5Hv\250yr\026\246j\3639""; ","validation: """"\200\000\000\001&\000\000\000\017)/\352\224,:\211l\014`\252m\212dQ\345X\002=\033c\255\253\226\014-o\364!\262f\370\222\250\377\220&p\343\245\3604Op\353\317\305P\027\000\000\000\000\000\000\000\000\000\000\000\000\000\000\000\000\000\000\000\000\000\000\000\000\000\000\000\000\000\000\000\000P\031D!=\355\210\037\325\034/l\242\365\034!w\324\362\3252-\025\351\314\2334,\306Dd\037v\256s!\003\325Q\255\224\274R@\312\253\262\347\352\034\346\347\242\215,\312\376=\277\353{\350\225\301\305`^, vG0E\002!\000\267Y\253&?#1u\231)\341N\335:d\017oy\270\363\207\320\253D\377\252/[_^\323\246\002 \021\013\201\364\3222;\240aIt&\350\246\032]\340\323\243\035H5Hv\250yr\026\246j\3639""; "
1750587308899,1750587308899,0,1,1,0,TMValidation,"validation: """"\200\000\000\001&\000\000\000\017)/\352\224,:\211l\014`\252m\212dQ\345X\002=\033c\255\253\226\014-o\364!\262f\370\222\250\377\220&p\343\245\3604Op\353\317\305P\027\000\000\000\000\000\000\000\000\000\000\000\000\000\000\000\000\000\000\000\000\000\000\000\000\000\000\000\000\000\000\000\000P\031D!=\355\210\037\325\034/l\242\365\034!w\324\362\3252-\025\351\314\2334,\306Dd\037v\256s!\003\325Q\255\224\274R@\312\253\262\347\352\034\346\347\242\215,\312\376=\277\353{\350\225\301\305`^, vG0E\002!\000\267Y\253&?#1u\231)\341N\335:d\017oy\270\363\207\320\253D\377\252/[_^\323\246\002 \021\013\201\364\3222;\240aIt&\350\246\032]\340\323\243\035H5Hv\250yr\026\246j\3639""; ","validation: """"\200\000\000\001&\000\000\000\017)/\352\224,:\211l\014`\252m\212dQ\345X\002=\033c\255\253\226\014-o\364!\262f\370\222\250\377\220&p\343\245\3604Op\353\317\305P\027\000\000\000\000\000\000\000\000\000\000\000\000\000\000\000\000\000\000\000\000\000\000\000\000\000\000\000\000\000\000\000\000P\031D!=\355\210\037\325\034/l\242\365\034!w\324\362\3252-\025\351\314\2334,\306Dd\037v\256s!\003\325Q\255\224\274R@\312\253\262\347\352\034\346\347\242\215,\312\376=\277\353{\350\225\301\305`^, vG0E\002!\000\267Y\253&?#1u\231)\341N\335:d\017oy\270\363\207\320\253D\377\252/[_^\323\246\002 \021\013\201\364\3222;\240aIt&\350\246\032]\340\323\243\035H5Hv\250yr\026\246j\3639""; "
1750587308899,1750587308899,0,1,1,3,TMValidation,"validation: """"\200\000\000\001&\000\000\000\017)/\352\224,:\211l\014`\252m\212dQ\345X\002=\033c\255\253\226\014-o\364!\262f\370\222\250\377\220&p\343\245\3604Op\353\317\305P\027\000\000\000\000\000\000\000\000\000\000\000\000\000\000\000\000\000\000\000\000\000\000\000\000\000\000\000\000\000\000\000\000P\031D!=\355\210\037\325\034/l\242\365\034!w\324\362\3252-\025\351\314\2334,\306Dd\037v\256s!\003\325Q\255\224\274R@\312\253\262\347\352\034\346\347\242\215,\312\376=\277\353{\350\225\301\305`^, vG0E\002!\000\267Y\253&?#1u\231)\341N\335:d\017oy\270\363\207\320\253D\377\252/[_^\323\246\002 \021\013\201\364\3222;\240aIt&\350\246\032]\340\323\243\035H5Hv\250yr\026\246j\3639""; ","validation: """"\200\000\000\001&\000\000\000\017)/\352\224,:\211l\014`\252m\212dQ\345X\002=\033c\255\253\226\014-o\364!\262f\370\222\250\377\220&p\343\245\3604Op\353\317\305P\027\000\000\000\000\000\000\000\000\000\000\000\000\000\000\000\000\000\000\000\000\000\000\000\000\000\000\000\000\000\000\000\000P\031D!=\355\210\037\325\034/l\242\365\034!w\324\362\3252-\025\351\314\2334,\306Dd\037v\256s!\003\325Q\255\224\274R@\312\253\262\347\352\034\346\347\242\215,\312\376=\277\353{\350\225\301\305`^, vG0E\002!\000\267Y\253&?#1u\231)\341N\335:d\017oy\270\363\207\320\253D\377\252/[_^\323\246\002 \021\013\201\364\3222;\240aIt&\350\246\032]\340\323\243\035H5Hv\250yr\026\246j\3639""; "
1750587308901,1750587308901,0,1,3,4,TMValidation,"validation: """"\200\000\000\001&\000\000\000\017)/\352\224,:\211l\014`\252m\212dQ\345X\002=\033c\255\253\226\014-o\364!\262f\370\222\250\377\220&p\343\245\3604Op\353\317\305P\027\000\000\000\000\000\000\000\000\000\000\000\000\000\000\000\000\000\000\000\000\000\000\000\000\000\000\000\000\000\000\000\000P\031D!=\355\210\037\325\034/l\242\365\034!w\324\362\3252-\025\351\314\2334,\306Dd\037v\256s!\003\325Q\255\224\274R@\312\253\262\347\352\034\346\347\242\215,\312\376=\277\353{\350\225\301\305`^, vG0E\002!\000\267Y\253&?#1u\231)\341N\335:d\017oy\270\363\207\320\253D\377\252/[_^\323\246\002 \021\013\201\364\3222;\240aIt&\350\246\032]\340\323\243\035H5Hv\250yr\026\246j\3639""; ","validation: """"\200\000\000\001&\000\000\000\017)/\352\224,:\211l\014`\252m\212dQ\345X\002=\033c\255\253\226\014-o\364!\262f\370\222\250\377\220&p\343\245\3604Op\353\317\305P\027\000\000\000\000\000\000\000\000\000\000\000\000\000\000\000\000\000\000\000\000\000\000\000\000\000\000\000\000\000\000\000\000P\031D!=\355\210\037\325\034/l\242\365\034!w\324\362\3252-\025\351\314\2334,\306Dd\037v\256s!\003\325Q\255\224\274R@\312\253\262\347\352\034\346\347\242\215,\312\376=\277\353{\350\225\301\305`^, vG0E\002!\000\267Y\253&?#1u\231)\341N\335:d\017oy\270\363\207\320\253D\377\252/[_^\323\246\002 \021\013\201\364\3222;\240aIt&\350\246\032]\340\323\243\035H5Hv\250yr\026\246j\3639""; "
1750587308902,1750587308902,0,1,3,0,TMValidation,"validation: """"\200\000\000\001&\000\000\000\017)/\352\224,:\211l\014`\252m\212dQ\345X\002=\033c\255\253\226\014-o\364!\262f\370\222\250\377\220&p\343\245\3604Op\353\317\305P\027\000\000\000\000\000\000\000\000\000\000\000\000\000\000\000\000\000\000\000\000\000\000\000\000\000\000\000\000\000\000\000\000P\031D!=\355\210\037\325\034/l\242\365\034!w\324\362\3252-\025\351\314\2334,\306Dd\037v\256s!\003\325Q\255\224\274R@\312\253\262\347\352\034\346\347\242\215,\312\376=\277\353{\350\225\301\305`^, vG0E\002!\000\267Y\253&?#1u\231)\341N\335:d\017oy\270\363\207\320\253D\377\252/[_^\323\246\002 \021\013\201\364\3222;\240aIt&\350\246\032]\340\323\243\035H5Hv\250yr\026\246j\3639""; ","validation: """"\200\000\000\001&\000\000\000\017)/\352\224,:\211l\014`\252m\212dQ\345X\002=\033c\255\253\226\014-o\364!\262f\370\222\250\377\220&p\343\245\3604Op\353\317\305P\027\000\000\000\000\000\000\000\000\000\000\000\000\000\000\000\000\000\000\000\000\000\000\000\000\000\000\000\000\000\000\000\000P\031D!=\355\210\037\325\034/l\242\365\034!w\324\362\3252-\025\351\314\2334,\306Dd\037v\256s!\003\325Q\255\224\274R@\312\253\262\347\352\034\346\347\242\215,\312\376=\277\353{\350\225\301\305`^, vG0E\002!\000\267Y\253&?#1u\231)\341N\335:d\017oy\270\363\207\320\253D\377\252/[_^\323\246\002 \021\013\201\364\3222;\240aIt&\350\246\032]\340\323\243\035H5Hv\250yr\026\246j\3639""; "
1750587308903,1750587308903,0,1,3,1,TMValidation,"validation: """"\200\000\000\001&\000\000\000\017)/\352\224,:\211l\014`\252m\212dQ\345X\002=\033c\255\253\226\014-o\364!\262f\370\222\250\377\220&p\343\245\3604Op\353\317\305P\027\000\000\000\000\000\000\000\000\000\000\000\000\000\000\000\000\000\000\000\000\000\000\000\000\000\000\000\000\000\000\000\000P\031D!=\355\210\037\325\034/l\242\365\034!w\324\362\3252-\025\351\314\2334,\306Dd\037v\256s!\003\325Q\255\224\274R@\312\253\262\347\352\034\346\347\242\215,\312\376=\277\353{\350\225\301\305`^, vG0E\002!\000\267Y\253&?#1u\231)\341N\335:d\017oy\270\363\207\320\253D\377\252/[_^\323\246\002 \021\013\201\364\3222;\240aIt&\350\246\032]\340\323\243\035H5Hv\250yr\026\246j\3639""; ","validation: """"\200\000\000\001&\000\000\000\017)/\352\224,:\211l\014`\252m\212dQ\345X\002=\033c\255\253\226\014-o\364!\262f\370\222\250\377\220&p\343\245\3604Op\353\317\305P\027\000\000\000\000\000\000\000\000\000\000\000\000\000\000\000\000\000\000\000\000\000\000\000\000\000\000\000\000\000\000\000\000P\031D!=\355\210\037\325\034/l\242\365\034!w\324\362\3252-\025\351\314\2334,\306Dd\037v\256s!\003\325Q\255\224\274R@\312\253\262\347\352\034\346\347\242\215,\312\376=\277\353{\350\225\301\305`^, vG0E\002!\000\267Y\253&?#1u\231)\341N\335:d\017oy\270\363\207\320\253D\377\252/[_^\323\246\002 \021\013\201\364\3222;\240aIt&\350\246\032]\340\323\243\035H5Hv\250yr\026\246j\3639""; "
1750587309019,1750587309019,0,1,0,3,TMStatusChange,"newEvent: neACCEPTED_LEDGER; ledgerSeq: 15; ledgerHash: ""\345X\002=\033c\255\253\226\014-o\364!\262f\370\222\250\377\220&p\343\245\3604Op\353\317\305""; ledgerHashPrevious: ""D!=\355\210\037\325\034/l\242\365\034!w\324\362\3252-\025\351\314\2334,\306Dd\037v\256""; networkTime: 803902509; firstSeq: 9; lastSeq: 14; ","newEvent: neACCEPTED_LEDGER; ledgerSeq: 15; ledgerHash: ""\345X\002=\033c\255\253\226\014-o\364!\262f\370\222\250\377\220&p\343\245\3604Op\353\317\305""; ledgerHashPrevious: ""D!=\355\210\037\325\034/l\242\365\034!w\324\362\3252-\025\351\314\2334,\306Dd\037v\256""; networkTime: 803902509; firstSeq: 9; lastSeq: 14; "
1750587309019,1750587309019,0,1,0,4,TMStatusChange,"newEvent: neACCEPTED_LEDGER; ledgerSeq: 15; ledgerHash: ""\345X\002=\033c\255\253\226\014-o\364!\262f\370\222\250\377\220&p\343\245\3604Op\353\317\305""; ledgerHashPrevious: ""D!=\355\210\037\325\034/l\242\365\034!w\324\362\3252-\025\351\314\2334,\306Dd\037v\256""; networkTime: 803902509; firstSeq: 9; lastSeq: 14; ","newEvent: neACCEPTED_LEDGER; ledgerSeq: 15; ledgerHash: ""\345X\002=\033c\255\253\226\014-o\364!\262f\370\222\250\377\220&p\343\245\3604Op\353\317\305""; ledgerHashPrevious: ""D!=\355\210\037\325\034/l\242\365\034!w\324\362\3252-\025\351\314\2334,\306Dd\037v\256""; networkTime: 803902509; firstSeq: 9; lastSeq: 14; "
1750587309019,1750587309019,0,1,0,1,TMStatusChange,"newEvent: neACCEPTED_LEDGER; ledgerSeq: 15; ledgerHash: ""\345X\002=\033c\255\253\226\014-o\364!\262f\370\222\250\377\220&p\343\245\3604Op\353\317\305""; ledgerHashPrevious: ""D!=\355\210\037\325\034/l\242\365\034!w\324\362\3252-\025\351\314\2334,\306Dd\037v\256""; networkTime: 803902509; firstSeq: 9; lastSeq: 14; ","newEvent: neACCEPTED_LEDGER; ledgerSeq: 15; ledgerHash: ""\345X\002=\033c\255\253\226\014-o\364!\262f\370\222\250\377\220&p\343\245\3604Op\353\317\305""; ledgerHashPrevious: ""D!=\355\210\037\325\034/l\242\365\034!w\324\362\3252-\025\351\314\2334,\306Dd\037v\256""; networkTime: 803902509; firstSeq: 9; lastSeq: 14; "
1750587309020,1750587309020,0,1,0,2,TMStatusChange,"newEvent: neACCEPTED_LEDGER; ledgerSeq: 15; ledgerHash: ""\345X\002=\033c\255\253\226\014-o\364!\262f\370\222\250\377\220&p\343\245\3604Op\353\317\305""; ledgerHashPrevious: ""D!=\355\210\037\325\034/l\242\365\034!w\324\362\3252-\025\351\314\2334,\306Dd\037v\256""; networkTime: 803902509; firstSeq: 9; lastSeq: 14; ","newEvent: neACCEPTED_LEDGER; ledgerSeq: 15; ledgerHash: ""\345X\002=\033c\255\253\226\014-o\364!\262f\370\222\250\377\220&p\343\245\3604Op\353\317\305""; ledgerHashPrevious: ""D!=\355\210\037\325\034/l\242\365\034!w\324\362\3252-\025\351\314\2334,\306Dd\037v\256""; networkTime: 803902509; firstSeq: 9; lastSeq: 14; "
1750587309062,1750587309062,0,1,0,4,TMValidation,"validation: """"\200\000\000\001&\000\000\000\017)/\352\224-:I\203w\200\211\SGQ\345X\002=\033c\255\253\226\014-o\364!\262f\370\222\250\377\220&p\343\245\3604Op\353\317\305P\027\000\000\000\000\000\000\000\000\000\000\000\000\000\000\000\000\000\000\000\000\000\000\000\000\000\000\000\000\000\000\000\000P\031D!=\355\210\037\325\034/l\242\365\034!w\324\362\3252-\025\351\314\2334,\306Dd\037v\256s!\002\347\243J\206W\025ML\260\226\0163\217\250\337\325W\253\356*O\245Z\271\234\207C\274\375`\335\311vF0D\002 I\301;\230\257\tB\000\211l\263&s\334\362\025\243 \301\241\333P%\341rE\254\2163R\307Q\002 n\270\026\246\377\033\346.``B\234\273\244\030\210\303J\366\027\022B+\270\304/\204{\233\035\3244""; ","validation: """"\200\000\000\001&\000\000\000\017)/\352\224-:I\203w\200\211\SGQ\345X\002=\033c\255\253\226\014-o\364!\262f\370\222\250\377\220&p\343\245\3604Op\353\317\305P\027\000\000\000\000\000\000\000\000\000\000\000\000\000\000\000\000\000\000\000\000\000\000\000\000\000\000\000\000\000\000\000\000P\031D!=\355\210\037\325\034/l\242\365\034!w\324\362\3252-\025\351\314\2334,\306Dd\037v\256s!\002\347\243J\206W\025ML\260\226\0163\217\250\337\325W\253\356*O\245Z\271\234\207C\274\375`\335\311vF0D\002 I\301;\230\257\tB\000\211l\263&s\334\362\025\243 \301\241\333P%\341rE\254\2163R\307Q\002 n\270\026\246\377\033\346.``B\234\273\244\030\210\303J\366\027\022B+\270\304/\204{\233\035\3244""; "
1750587309063,1750587309063,0,1,0,3,TMValidation,"validation: """"\200\000\000\001&\000\000\000\017)/\352\224-:I\203w\200\211\SGQ\345X\002=\033c\255\253\226\014-o\364!\262f\370\222\250\377\220&p\343\245\3604Op\353\317\305P\027\000\000\000\000\000\000\000\000\000\000\000\000\000\000\000\000\000\000\000\000\000\000\000\000\000\000\000\000\000\000\000\000P\031D!=\355\210\037\325\034/l\242\365\034!w\324\362\3252-\025\351\314\2334,\306Dd\037v\256s!\002\347\243J\206W\025ML\260\226\0163\217\250\337\325W\253\356*O\245Z\271\234\207C\274\375`\335\311vF0D\002 I\301;\230\257\tB\000\211l\263&s\334\362\025\243 \301\241\333P%\341rE\254\2163R\307Q\002 n\270\026\246\377\033\346.``B\234\273\244\030\210\303J\366\027\022B+\270\304/\204{\233\035\3244""; ","validation: """"\200\000\000\001&\000\000\000\017)/\352\224-:I\203w\200\211\SGQ\345X\002=\033c\255\253\226\014-o\364!\262f\370\222\250\377\220&p\343\245\3604Op\353\317\305P\027\000\000\000\000\000\000\000\000\000\000\000\000\000\000\000\000\000\000\000\000\000\000\000\000\000\000\000\000\000\000\000\000P\031D!=\355\210\037\325\034/l\242\365\034!w\324\362\3252-\025\351\314\2334,\306Dd\037v\256s!\002\347\243J\206W\025ML\260\226\0163\217\250\337\325W\253\356*O\245Z\271\234\207C\274\375`\335\311vF0D\002 I\301;\230\257\tB\000\211l\263&s\334\362\025\243 \301\241\333P%\341rE\254\2163R\307Q\002 n\270\026\246\377\033\346.``B\234\273\244\030\210\303J\366\027\022B+\270\304/\204{\233\035\3244""; "
1750587309063,1750587309064,0,1,0,2,TMValidation,"validation: """"\200\000\000\001&\000\000\000\017)/\352\224-:I\203w\200\211\SGQ\345X\002=\033c\255\253\226\014-o\364!\262f\370\222\250\377\220&p\343\245\3604Op\353\317\305P\027\000\000\000\000\000\000\000\000\000\000\000\000\000\000\000\000\000\000\000\000\000\000\000\000\000\000\000\000\000\000\000\000P\031D!=\355\210\037\325\034/l\242\365\034!w\324\362\3252-\025\351\314\2334,\306Dd\037v\256s!\002\347\243J\206W\025ML\260\226\0163\217\250\337\325W\253\356*O\245Z\271\234\207C\274\375`\335\311vF0D\002 I\301;\230\257\tB\000\211l\263&s\334\362\025\243 \301\241\333P%\341rE\254\2163R\307Q\002 n\270\026\246\377\033\346.``B\234\273\244\030\210\303J\366\027\022B+\270\304/\204{\233\035\3244""; ","validation: """"\200\000\000\001&\000\000\000\017)/\352\224-:I\203w\200\211\SGQ\345X\002=\033c\255\253\226\014-o\364!\262f\370\222\250\377\220&p\343\245\3604Op\353\317\305P\027\000\000\000\000\000\000\000\000\000\000\000\000\000\000\000\000\000\000\000\000\000\000\000\000\000\000\000\000\000\000\000\000P\031D!=\355\210\037\325\034/l\242\365\034!w\324\362\3252-\025\351\314\2334,\306Dd\037v\256s!\002\347\243J\206W\025ML\260\226\0163\217\250\337\325W\253\356*O\245Z\271\234\207C\274\375`\335\311vF0D\002 I\301;\230\257\tB\000\211l\263&s\334\362\025\243 \301\241\333P%\341rE\254\2163R\307Q\002 n\270\026\246\377\033\346.``B\234\273\244\030\210\303J\366\027\022B+\270\304/\204{\233\035\3244""; "
1750587309064,1750587309065,0,1,4,1,TMValidation,"validation: """"\200\000\000\001&\000\000\000\017)/\352\224-:I\203w\200\211\SGQ\345X\002=\033c\255\253\226\014-o\364!\262f\370\222\250\377\220&p\343\245\3604Op\353\317\305P\027\000\000\000\000\000\000\000\000\000\000\000\000\000\000\000\000\000\000\000\000\000\000\000\000\000\000\000\000\000\000\000\000P\031D!=\355\210\037\325\034/l\242\365\034!w\324\362\3252-\025\351\314\2334,\306Dd\037v\256s!\002\347\243J\206W\025ML\260\226\0163\217\250\337\325W\253\356*O\245Z\271\234\207C\274\375`\335\311vF0D\002 I\301;\230\257\tB\000\211l\263&s\334\362\025\243 \301\241\333P%\341rE\254\2163R\307Q\002 n\270\026\246\377\033\346.``B\234\273\244\030\210\303J\366\027\022B+\270\304/\204{\233\035\3244""; ","validation: """"\200\000\000\001&\000\000\000\017)/\352\224-:I\203w\200\211\SGQ\345X\002=\033c\255\253\226\014-o\364!\262f\370\222\250\377\220&p\343\245\3604Op\353\317\305P\027\000\000\000\000\000\000\000\000\000\000\000\000\000\000\000\000\000\000\000\000\000\000\000\000\000\000\000\000\000\000\000\000P\031D!=\355\210\037\325\034/l\242\365\034!w\324\362\3252-\025\351\314\2334,\306Dd\037v\256s!\002\347\243J\206W\025ML\260\226\0163\217\250\337\325W\253\356*O\245Z\271\234\207C\274\375`\335\311vF0D\002 I\301;\230\257\tB\000\211l\263&s\334\362\025\243 \301\241\333P%\341rE\254\2163R\307Q\002 n\270\026\246\377\033\346.``B\234\273\244\030\210\303J\366\027\022B+\270\304/\204{\233\035\3244""; "
1750587309066,1750587309066,0,1,4,3,TMValidation,"validation: """"\200\000\000\001&\000\000\000\017)/\352\224-:I\203w\200\211\SGQ\345X\002=\033c\255\253\226\014-o\364!\262f\370\222\250\377\220&p\343\245\3604Op\353\317\305P\027\000\000\000\000\000\000\000\000\000\000\000\000\000\000\000\000\000\000\000\000\000\000\000\000\000\000\000\000\000\000\000\000P\031D!=\355\210\037\325\034/l\242\365\034!w\324\362\3252-\025\351\314\2334,\306Dd\037v\256s!\002\347\243J\206W\025ML\260\226\0163\217\250\337\325W\253\356*O\245Z\271\234\207C\274\375`\335\311vF0D\002 I\301;\230\257\tB\000\211l\263&s\334\362\025\243 \301\241\333P%\341rE\254\2163R\307Q\002 n\270\026\246\377\033\346.``B\234\273\244\030\210\303J\366\027\022B+\270\304/\204{\233\035\3244""; ","validation: """"\200\000\000\001&\000\000\000\017)/\352\224-:I\203w\200\211\SGQ\345X\002=\033c\255\253\226\014-o\364!\262f\370\222\250\377\220&p\343\245\3604Op\353\317\305P\027\000\000\000\000\000\000\000\000\000\000\000\000\000\000\000\000\000\000\000\000\000\000\000\000\000\000\000\000\000\000\000\000P\031D!=\355\210\037\325\034/l\242\365\034!w\324\362\3252-\025\351\314\2334,\306Dd\037v\256s!\002\347\243J\206W\025ML\260\226\0163\217\250\337\325W\253\356*O\245Z\271\234\207C\274\375`\335\311vF0D\002 I\301;\230\257\tB\000\211l\263&s\334\362\025\243 \301\241\333P%\341rE\254\2163R\307Q\002 n\270\026\246\377\033\346.``B\234\273\244\030\210\303J\366\027\022B+\270\304/\204{\233\035\3244""; "
1750587309065,1750587309065,0,1,0,1,TMValidation,"validation: """"\200\000\000\001&\000\000\000\017)/\352\224-:I\203w\200\211\SGQ\345X\002=\033c\255\253\226\014-o\364!\262f\370\222\250\377\220&p\343\245\3604Op\353\317\305P\027\000\000\000\000\000\000\000\000\000\000\000\000\000\000\000\000\000\000\000\000\000\000\000\000\000\000\000\000\000\000\000\000P\031D!=\355\210\037\325\034/l\242\365\034!w\324\362\3252-\025\351\314\2334,\306Dd\037v\256s!\002\347\243J\206W\025ML\260\226\0163\217\250\337\325W\253\356*O\245Z\271\234\207C\274\375`\335\311vF0D\002 I\301;\230\257\tB\000\211l\263&s\334\362\025\243 \301\241\333P%\341rE\254\2163R\307Q\002 n\270\026\246\377\033\346.``B\234\273\244\030\210\303J\366\027\022B+\270\304/\204{\233\035\3244""; ","validation: """"\200\000\000\001&\000\000\000\017)/\352\224-:I\203w\200\211\SGQ\345X\002=\033c\255\253\226\014-o\364!\262f\370\222\250\377\220&p\343\245\3604Op\353\317\305P\027\000\000\000\000\000\000\000\000\000\000\000\000\000\000\000\000\000\000\000\000\000\000\000\000\000\000\000\000\000\000\000\000P\031D!=\355\210\037\325\034/l\242\365\034!w\324\362\3252-\025\351\314\2334,\306Dd\037v\256s!\002\347\243J\206W\025ML\260\226\0163\217\250\337\325W\253\356*O\245Z\271\234\207C\274\375`\335\311vF0D\002 I\301;\230\257\tB\000\211l\263&s\334\362\025\243 \301\241\333P%\341rE\254\2163R\307Q\002 n\270\026\246\377\033\346.``B\234\273\244\030\210\303J\366\027\022B+\270\304/\204{\233\035\3244""; "
1750587309066,1750587309066,0,1,4,2,TMValidation,"validation: """"\200\000\000\001&\000\000\000\017)/\352\224-:I\203w\200\211\SGQ\345X\002=\033c\255\253\226\014-o\364!\262f\370\222\250\377\220&p\343\245\3604Op\353\317\305P\027\000\000\000\000\000\000\000\000\000\000\000\000\000\000\000\000\000\000\000\000\000\000\000\000\000\000\000\000\000\000\000\000P\031D!=\355\210\037\325\034/l\242\365\034!w\324\362\3252-\025\351\314\2334,\306Dd\037v\256s!\002\347\243J\206W\025ML\260\226\0163\217\250\337\325W\253\356*O\245Z\271\234\207C\274\375`\335\311vF0D\002 I\301;\230\257\tB\000\211l\263&s\334\362\025\243 \301\241\333P%\341rE\254\2163R\307Q\002 n\270\026\246\377\033\346.``B\234\273\244\030\210\303J\366\027\022B+\270\304/\204{\233\035\3244""; ","validation: """"\200\000\000\001&\000\000\000\017)/\352\224-:I\203w\200\211\SGQ\345X\002=\033c\255\253\226\014-o\364!\262f\370\222\250\377\220&p\343\245\3604Op\353\317\305P\027\000\000\000\000\000\000\000\000\000\000\000\000\000\000\000\000\000\000\000\000\000\000\000\000\000\000\000\000\000\000\000\000P\031D!=\355\210\037\325\034/l\242\365\034!w\324\362\3252-\025\351\314\2334,\306Dd\037v\256s!\002\347\243J\206W\025ML\260\226\0163\217\250\337\325W\253\356*O\245Z\271\234\207C\274\375`\335\311vF0D\002 I\301;\230\257\tB\000\211l\263&s\334\362\025\243 \301\241\333P%\341rE\254\2163R\307Q\002 n\270\026\246\377\033\346.``B\234\273\244\030\210\303J\366\027\022B+\270\304/\204{\233\035\3244""; "
1750587309066,1750587309066,0,1,3,4,TMValidation,"validation: """"\200\000\000\001&\000\000\000\017)/\352\224-:I\203w\200\211\SGQ\345X\002=\033c\255\253\226\014-o\364!\262f\370\222\250\377\220&p\343\245\3604Op\353\317\305P\027\000\000\000\000\000\000\000\000\000\000\000\000\000\000\000\000\000\000\000\000\000\000\000\000\000\000\000\000\000\000\000\000P\031D!=\355\210\037\325\034/l\242\365\034!w\324\362\3252-\025\351\314\2334,\306Dd\037v\256s!\002\347\243J\206W\025ML\260\226\0163\217\250\337\325W\253\356*O\245Z\271\234\207C\274\375`\335\311vF0D\002 I\301;\230\257\tB\000\211l\263&s\334\362\025\243 \301\241\333P%\341rE\254\2163R\307Q\002 n\270\026\246\377\033\346.``B\234\273\244\030\210\303J\366\027\022B+\270\304/\204{\233\035\3244""; ","validation: """"\200\000\000\001&\000\000\000\017)/\352\224-:I\203w\200\211\SGQ\345X\002=\033c\255\253\226\014-o\364!\262f\370\222\250\377\220&p\343\245\3604Op\353\317\305P\027\000\000\000\000\000\000\000\000\000\000\000\000\000\000\000\000\000\000\000\000\000\000\000\000\000\000\000\000\000\000\000\000P\031D!=\355\210\037\325\034/l\242\365\034!w\324\362\3252-\025\351\314\2334,\306Dd\037v\256s!\002\347\243J\206W\025ML\260\226\0163\217\250\337\325W\253\356*O\245Z\271\234\207C\274\375`\335\311vF0D\002 I\301;\230\257\tB\000\211l\263&s\334\362\025\243 \301\241\333P%\341rE\254\2163R\307Q\002 n\270\026\246\377\033\346.``B\234\273\244\030\210\303J\366\027\022B+\270\304/\204{\233\035\3244""; "
1750587309067,1750587309068,0,1,3,1,TMValidation,"validation: """"\200\000\000\001&\000\000\000\017)/\352\224-:I\203w\200\211\SGQ\345X\002=\033c\255\253\226\014-o\364!\262f\370\222\250\377\220&p\343\245\3604Op\353\317\305P\027\000\000\000\000\000\000\000\000\000\000\000\000\000\000\000\000\000\000\000\000\000\000\000\000\000\000\000\000\000\000\000\000P\031D!=\355\210\037\325\034/l\242\365\034!w\324\362\3252-\025\351\314\2334,\306Dd\037v\256s!\002\347\243J\206W\025ML\260\226\0163\217\250\337\325W\253\356*O\245Z\271\234\207C\274\375`\335\311vF0D\002 I\301;\230\257\tB\000\211l\263&s\334\362\025\243 \301\241\333P%\341rE\254\2163R\307Q\002 n\270\026\246\377\033\346.``B\234\273\244\030\210\303J\366\027\022B+\270\304/\204{\233\035\3244""; ","validation: """"\200\000\000\001&\000\000\000\017)/\352\224-:I\203w\200\211\SGQ\345X\002=\033c\255\253\226\014-o\364!\262f\370\222\250\377\220&p\343\245\3604Op\353\317\305P\027\000\000\000\000\000\000\000\000\000\000\000\000\000\000\000\000\000\000\000\000\000\000\000\000\000\000\000\000\000\000\000\000P\031D!=\355\210\037\325\034/l\242\365\034!w\324\362\3252-\025\351\314\2334,\306Dd\037v\256s!\002\347\243J\206W\025ML\260\226\0163\217\250\337\325W\253\356*O\245Z\271\234\207C\274\375`\335\311vF0D\002 I\301;\230\257\tB\000\211l\263&s\334\362\025\243 \301\241\333P%\341rE\254\2163R\307Q\002 n\270\026\246\377\033\346.``B\234\273\244\030\210\303J\366\027\022B+\270\304/\204{\233\035\3244""; "
1750587309068,1750587309068,0,1,3,2,TMValidation,"validation: """"\200\000\000\001&\000\000\000\017)/\352\224-:I\203w\200\211\SGQ\345X\002=\033c\255\253\226\014-o\364!\262f\370\222\250\377\220&p\343\245\3604Op\353\317\305P\027\000\000\000\000\000\000\000\000\000\000\000\000\000\000\000\000\000\000\000\000\000\000\000\000\000\000\000\000\000\000\000\000P\031D!=\355\210\037\325\034/l\242\365\034!w\324\362\3252-\025\351\314\2334,\306Dd\037v\256s!\002\347\243J\206W\025ML\260\226\0163\217\250\337\325W\253\356*O\245Z\271\234\207C\274\375`\335\311vF0D\002 I\301;\230\257\tB\000\211l\263&s\334\362\025\243 \301\241\333P%\341rE\254\2163R\307Q\002 n\270\026\246\377\033\346.``B\234\273\244\030\210\303J\366\027\022B+\270\304/\204{\233\035\3244""; ","validation: """"\200\000\000\001&\000\000\000\017)/\352\224-:I\203w\200\211\SGQ\345X\002=\033c\255\253\226\014-o\364!\262f\370\222\250\377\220&p\343\245\3604Op\353\317\305P\027\000\000\000\000\000\000\000\000\000\000\000\000\000\000\000\000\000\000\000\000\000\000\000\000\000\000\000\000\000\000\000\000P\031D!=\355\210\037\325\034/l\242\365\034!w\324\362\3252-\025\351\314\2334,\306Dd\037v\256s!\002\347\243J\206W\025ML\260\226\0163\217\250\337\325W\253\356*O\245Z\271\234\207C\274\375`\335\311vF0D\002 I\301;\230\257\tB\000\211l\263&s\334\362\025\243 \301\241\333P%\341rE\254\2163R\307Q\002 n\270\026\246\377\033\346.``B\234\273\244\030\210\303J\366\027\022B+\270\304/\204{\233\035\3244""; "
1750587309068,1750587309069,0,1,2,4,TMValidation,"validation: """"\200\000\000\001&\000\000\000\017)/\352\224-:I\203w\200\211\SGQ\345X\002=\033c\255\253\226\014-o\364!\262f\370\222\250\377\220&p\343\245\3604Op\353\317\305P\027\000\000\000\000\000\000\000\000\000\000\000\000\000\000\000\000\000\000\000\000\000\000\000\000\000\000\000\000\000\000\000\000P\031D!=\355\210\037\325\034/l\242\365\034!w\324\362\3252-\025\351\314\2334,\306Dd\037v\256s!\002\347\243J\206W\025ML\260\226\0163\217\250\337\325W\253\356*O\245Z\271\234\207C\274\375`\335\311vF0D\002 I\301;\230\257\tB\000\211l\263&s\334\362\025\243 \301\241\333P%\341rE\254\2163R\307Q\002 n\270\026\246\377\033\346.``B\234\273\244\030\210\303J\366\027\022B+\270\304/\204{\233\035\3244""; ","validation: """"\200\000\000\001&\000\000\000\017)/\352\224-:I\203w\200\211\SGQ\345X\002=\033c\255\253\226\014-o\364!\262f\370\222\250\377\220&p\343\245\3604Op\353\317\305P\027\000\000\000\000\000\000\000\000\000\000\000\000\000\000\000\000\000\000\000\000\000\000\000\000\000\000\000\000\000\000\000\000P\031D!=\355\210\037\325\034/l\242\365\034!w\324\362\3252-\025\351\314\2334,\306Dd\037v\256s!\002\347\243J\206W\025ML\260\226\0163\217\250\337\325W\253\356*O\245Z\271\234\207C\274\375`\335\311vF0D\002 I\301;\230\257\tB\000\211l\263&s\334\362\025\243 \301\241\333P%\341rE\254\2163R\307Q\002 n\270\026\246\377\033\346.``B\234\273\244\030\210\303J\366\027\022B+\270\304/\204{\233\035\3244""; "
1750587309069,1750587309069,0,1,2,3,TMValidation,"validation: """"\200\000\000\001&\000\000\000\017)/\352\224-:I\203w\200\211\SGQ\345X\002=\033c\255\253\226\014-o\364!\262f\370\222\250\377\220&p\343\245\3604Op\353\317\305P\027\000\000\000\000\000\000\000\000\000\000\000\000\000\000\000\000\000\000\000\000\000\000\000\000\000\000\000\000\000\000\000\000P\031D!=\355\210\037\325\034/l\242\365\034!w\324\362\3252-\025\351\314\2334,\306Dd\037v\256s!\002\347\243J\206W\025ML\260\226\0163\217\250\337\325W\253\356*O\245Z\271\234\207C\274\375`\335\311vF0D\002 I\301;\230\257\tB\000\211l\263&s\334\362\025\243 \301\241\333P%\341rE\254\2163R\307Q\002 n\270\026\246\377\033\346.``B\234\273\244\030\210\303J\366\027\022B+\270\304/\204{\233\035\3244""; ","validation: """"\200\000\000\001&\000\000\000\017)/\352\224-:I\203w\200\211\SGQ\345X\002=\033c\255\253\226\014-o\364!\262f\370\222\250\377\220&p\343\245\3604Op\353\317\305P\027\000\000\000\000\000\000\000\000\000\000\000\000\000\000\000\000\000\000\000\000\000\000\000\000\000\000\000\000\000\000\000\000P\031D!=\355\210\037\325\034/l\242\365\034!w\324\362\3252-\025\351\314\2334,\306Dd\037v\256s!\002\347\243J\206W\025ML\260\226\0163\217\250\337\325W\253\356*O\245Z\271\234\207C\274\375`\335\311vF0D\002 I\301;\230\257\tB\000\211l\263&s\334\362\025\243 \301\241\333P%\341rE\254\2163R\307Q\002 n\270\026\246\377\033\346.``B\234\273\244\030\210\303J\366\027\022B+\270\304/\204{\233\035\3244""; "
1750587309069,1750587309069,0,1,2,1,TMValidation,"validation: """"\200\000\000\001&\000\000\000\017)/\352\224-:I\203w\200\211\SGQ\345X\002=\033c\255\253\226\014-o\364!\262f\370\222\250\377\220&p\343\245\3604Op\353\317\305P\027\000\000\000\000\000\000\000\000\000\000\000\000\000\000\000\000\000\000\000\000\000\000\000\000\000\000\000\000\000\000\000\000P\031D!=\355\210\037\325\034/l\242\365\034!w\324\362\3252-\025\351\314\2334,\306Dd\037v\256s!\002\347\243J\206W\025ML\260\226\0163\217\250\337\325W\253\356*O\245Z\271\234\207C\274\375`\335\311vF0D\002 I\301;\230\257\tB\000\211l\263&s\334\362\025\243 \301\241\333P%\341rE\254\2163R\307Q\002 n\270\026\246\377\033\346.``B\234\273\244\030\210\303J\366\027\022B+\270\304/\204{\233\035\3244""; ","validation: """"\200\000\000\001&\000\000\000\017)/\352\224-:I\203w\200\211\SGQ\345X\002=\033c\255\253\226\014-o\364!\262f\370\222\250\377\220&p\343\245\3604Op\353\317\305P\027\000\000\000\000\000\000\000\000\000\000\000\000\000\000\000\000\000\000\000\000\000\000\000\000\000\000\000\000\000\000\000\000P\031D!=\355\210\037\325\034/l\242\365\034!w\324\362\3252-\025\351\314\2334,\306Dd\037v\256s!\002\347\243J\206W\025ML\260\226\0163\217\250\337\325W\253\356*O\245Z\271\234\207C\274\375`\335\311vF0D\002 I\301;\230\257\tB\000\211l\263&s\334\362\025\243 \301\241\333P%\341rE\254\2163R\307Q\002 n\270\026\246\377\033\346.``B\234\273\244\030\210\303J\366\027\022B+\270\304/\204{\233\035\3244""; "
1750587309070,1750587309070,0,1,1,2,TMValidation,"validation: """"\200\000\000\001&\000\000\000\017)/\352\224-:I\203w\200\211\SGQ\345X\002=\033c\255\253\226\014-o\364!\262f\370\222\250\377\220&p\343\245\3604Op\353\317\305P\027\000\000\000\000\000\000\000\000\000\000\000\000\000\000\000\000\000\000\000\000\000\000\000\000\000\000\000\000\000\000\000\000P\031D!=\355\210\037\325\034/l\242\365\034!w\324\362\3252-\025\351\314\2334,\306Dd\037v\256s!\002\347\243J\206W\025ML\260\226\0163\217\250\337\325W\253\356*O\245Z\271\234\207C\274\375`\335\311vF0D\002 I\301;\230\257\tB\000\211l\263&s\334\362\025\243 \301\241\333P%\341rE\254\2163R\307Q\002 n\270\026\246\377\033\346.``B\234\273\244\030\210\303J\366\027\022B+\270\304/\204{\233\035\3244""; ","validation: """"\200\000\000\001&\000\000\000\017)/\352\224-:I\203w\200\211\SGQ\345X\002=\033c\255\253\226\014-o\364!\262f\370\222\250\377\220&p\343\245\3604Op\353\317\305P\027\000\000\000\000\000\000\000\000\000\000\000\000\000\000\000\000\000\000\000\000\000\000\000\000\000\000\000\000\000\000\000\000P\031D!=\355\210\037\325\034/l\242\365\034!w\324\362\3252-\025\351\314\2334,\306Dd\037v\256s!\002\347\243J\206W\025ML\260\226\0163\217\250\337\325W\253\356*O\245Z\271\234\207C\274\375`\335\311vF0D\002 I\301;\230\257\tB\000\211l\263&s\334\362\025\243 \301\241\333P%\341rE\254\2163R\307Q\002 n\270\026\246\377\033\346.``B\234\273\244\030\210\303J\366\027\022B+\270\304/\204{\233\035\3244""; "
1750587309070,1750587309070,0,1,1,3,TMValidation,"validation: """"\200\000\000\001&\000\000\000\017)/\352\224-:I\203w\200\211\SGQ\345X\002=\033c\255\253\226\014-o\364!\262f\370\222\250\377\220&p\343\245\3604Op\353\317\305P\027\000\000\000\000\000\000\000\000\000\000\000\000\000\000\000\000\000\000\000\000\000\000\000\000\000\000\000\000\000\000\000\000P\031D!=\355\210\037\325\034/l\242\365\034!w\324\362\3252-\025\351\314\2334,\306Dd\037v\256s!\002\347\243J\206W\025ML\260\226\0163\217\250\337\325W\253\356*O\245Z\271\234\207C\274\375`\335\311vF0D\002 I\301;\230\257\tB\000\211l\263&s\334\362\025\243 \301\241\333P%\341rE\254\2163R\307Q\002 n\270\026\246\377\033\346.``B\234\273\244\030\210\303J\366\027\022B+\270\304/\204{\233\035\3244""; ","validation: """"\200\000\000\001&\000\000\000\017)/\352\224-:I\203w\200\211\SGQ\345X\002=\033c\255\253\226\014-o\364!\262f\370\222\250\377\220&p\343\245\3604Op\353\317\305P\027\000\000\000\000\000\000\000\000\000\000\000\000\000\000\000\000\000\000\000\000\000\000\000\000\000\000\000\000\000\000\000\000P\031D!=\355\210\037\325\034/l\242\365\034!w\324\362\3252-\025\351\314\2334,\306Dd\037v\256s!\002\347\243J\206W\025ML\260\226\0163\217\250\337\325W\253\356*O\245Z\271\234\207C\274\375`\335\311vF0D\002 I\301;\230\257\tB\000\211l\263&s\334\362\025\243 \301\241\333P%\341rE\254\2163R\307Q\002 n\270\026\246\377\033\346.``B\234\273\244\030\210\303J\366\027\022B+\270\304/\204{\233\035\3244""; "
1750587309071,1750587309071,0,1,1,0,TMValidation,"validation: """"\200\000\000\001&\000\000\000\017)/\352\224-:I\203w\200\211\SGQ\345X\002=\033c\255\253\226\014-o\364!\262f\370\222\250\377\220&p\343\245\3604Op\353\317\305P\027\000\000\000\000\000\000\000\000\000\000\000\000\000\000\000\000\000\000\000\000\000\000\000\000\000\000\000\000\000\000\000\000P\031D!=\355\210\037\325\034/l\242\365\034!w\324\362\3252-\025\351\314\2334,\306Dd\037v\256s!\002\347\243J\206W\025ML\260\226\0163\217\250\337\325W\253\356*O\245Z\271\234\207C\274\375`\335\311vF0D\002 I\301;\230\257\tB\000\211l\263&s\334\362\025\243 \301\241\333P%\341rE\254\2163R\307Q\002 n\270\026\246\377\033\346.``B\234\273\244\030\210\303J\366\027\022B+\270\304/\204{\233\035\3244""; ","validation: """"\200\000\000\001&\000\000\000\017)/\352\224-:I\203w\200\211\SGQ\345X\002=\033c\255\253\226\014-o\364!\262f\370\222\250\377\220&p\343\245\3604Op\353\317\305P\027\000\000\000\000\000\000\000\000\000\000\000\000\000\000\000\000\000\000\000\000\000\000\000\000\000\000\000\000\000\000\000\000P\031D!=\355\210\037\325\034/l\242\365\034!w\324\362\3252-\025\351\314\2334,\306Dd\037v\256s!\002\347\243J\206W\025ML\260\226\0163\217\250\337\325W\253\356*O\245Z\271\234\207C\274\375`\335\311vF0D\002 I\301;\230\257\tB\000\211l\263&s\334\362\025\243 \301\241\333P%\341rE\254\2163R\307Q\002 n\270\026\246\377\033\346.``B\234\273\244\030\210\303J\366\027\022B+\270\304/\204{\233\035\3244""; "
1750587309297,1750587309297,0,1,2,0,TMValidation,"validation: """"\200\000\000\001&\000\000\000\017)/\352\224-:Q\231\304\227'3\313\030Q\345X\002=\033c\255\253\226\014-o\364!\262f\370\222\250\377\220&p\343\245\3604Op\353\317\305P\027\000\000\000\000\000\000\000\000\000\000\000\000\000\000\000\000\000\000\000\000\000\000\000\000\000\000\000\000\000\000\000\000P\031D!=\355\210\037\325\034/l\242\365\034!w\324\362\3252-\025\351\314\2334,\306Dd\037v\256s!\003ql\302)\235\321\t\213\224\356\374%%\311\327\037\374\304\t\335\2359\344\233\035]\347<u\236\364\222vG0E\002!\000\363[\314\370-\022\275\214\265U\315\344\332b\2743\250\333'Oi~3z\262K\344Z\313!\003\302\002 \017\27798A\265\300\262!`\262\376]\225\370\013\331\210x\376\026\326&\030'\313\362\261yL\331h""; ","validation: """"\200\000\000\001&\000\000\000\017)/\352\224-:Q\231\304\227'3\313\030Q\345X\002=\033c\255\253\226\014-o\364!\262f\370\222\250\377\220&p\343\245\3604Op\353\317\305P\027\000\000\000\000\000\000\000\000\000\000\000\000\000\000\000\000\000\000\000\000\000\000\000\000\000\000\000\000\000\000\000\000P\031D!=\355\210\037\325\034/l\242\365\034!w\324\362\3252-\025\351\314\2334,\306Dd\037v\256s!\003ql\302)\235\321\t\213\224\356\374%%\311\327\037\374\304\t\335\2359\344\233\035]\347<u\236\364\222vG0E\002!\000\363[\314\370-\022\275\214\265U\315\344\332b\2743\250\333'Oi~3z\262K\344Z\313!\003\302\002 \017\27798A\265\300\262!`\262\376]\225\370\013\331\210x\376\026\326&\030'\313\362\261yL\331h""; "
1750587309297,1750587309298,0,1,2,4,TMStatusChange,"newEvent: neACCEPTED_LEDGER; ledgerSeq: 15; ledgerHash: ""\345X\002=\033c\255\253\226\014-o\364!\262f\370\222\250\377\220&p\343\245\3604Op\353\317\305""; ledgerHashPrevious: ""D!=\355\210\037\325\034/l\242\365\034!w\324\362\3252-\025\351\314\2334,\306Dd\037v\256""; networkTime: 803902509; firstSeq: 1; lastSeq: 14; ","newEvent: neACCEPTED_LEDGER; ledgerSeq: 15; ledgerHash: ""\345X\002=\033c\255\253\226\014-o\364!\262f\370\222\250\377\220&p\343\245\3604Op\353\317\305""; ledgerHashPrevious: ""D!=\355\210\037\325\034/l\242\365\034!w\324\362\3252-\025\351\314\2334,\306Dd\037v\256""; networkTime: 803902509; firstSeq: 1; lastSeq: 14; "
1750587309299,1750587309299,0,1,2,1,TMStatusChange,"newEvent: neACCEPTED_LEDGER; ledgerSeq: 15; ledgerHash: ""\345X\002=\033c\255\253\226\014-o\364!\262f\370\222\250\377\220&p\343\245\3604Op\353\317\305""; ledgerHashPrevious: ""D!=\355\210\037\325\034/l\242\365\034!w\324\362\3252-\025\351\314\2334,\306Dd\037v\256""; networkTime: 803902509; firstSeq: 1; lastSeq: 14; ","newEvent: neACCEPTED_LEDGER; ledgerSeq: 15; ledgerHash: ""\345X\002=\033c\255\253\226\014-o\364!\262f\370\222\250\377\220&p\343\245\3604Op\353\317\305""; ledgerHashPrevious: ""D!=\355\210\037\325\034/l\242\365\034!w\324\362\3252-\025\351\314\2334,\306Dd\037v\256""; networkTime: 803902509; firstSeq: 1; lastSeq: 14; "
1750587309299,1750587309299,0,1,2,3,TMStatusChange,"newEvent: neACCEPTED_LEDGER; ledgerSeq: 15; ledgerHash: ""\345X\002=\033c\255\253\226\014-o\364!\262f\370\222\250\377\220&p\343\245\3604Op\353\317\305""; ledgerHashPrevious: ""D!=\355\210\037\325\034/l\242\365\034!w\324\362\3252-\025\351\314\2334,\306Dd\037v\256""; networkTime: 803902509; firstSeq: 1; lastSeq: 14; ","newEvent: neACCEPTED_LEDGER; ledgerSeq: 15; ledgerHash: ""\345X\002=\033c\255\253\226\014-o\364!\262f\370\222\250\377\220&p\343\245\3604Op\353\317\305""; ledgerHashPrevious: ""D!=\355\210\037\325\034/l\242\365\034!w\324\362\3252-\025\351\314\2334,\306Dd\037v\256""; networkTime: 803902509; firstSeq: 1; lastSeq: 14; "
1750587309300,1750587309300,0,1,2,0,TMStatusChange,"newEvent: neACCEPTED_LEDGER; ledgerSeq: 15; ledgerHash: ""\345X\002=\033c\255\253\226\014-o\364!\262f\370\222\250\377\220&p\343\245\3604Op\353\317\305""; ledgerHashPrevious: ""D!=\355\210\037\325\034/l\242\365\034!w\324\362\3252-\025\351\314\2334,\306Dd\037v\256""; networkTime: 803902509; firstSeq: 1; lastSeq: 14; ","newEvent: neACCEPTED_LEDGER; ledgerSeq: 15; ledgerHash: ""\345X\002=\033c\255\253\226\014-o\364!\262f\370\222\250\377\220&p\343\245\3604Op\353\317\305""; ledgerHashPrevious: ""D!=\355\210\037\325\034/l\242\365\034!w\324\362\3252-\025\351\314\2334,\306Dd\037v\256""; networkTime: 803902509; firstSeq: 1; lastSeq: 14; "
1750587309301,1750587309301,0,1,0,4,TMValidation,"validation: """"\200\000\000\001&\000\000\000\017)/\352\224-:Q\231\304\227'3\313\030Q\345X\002=\033c\255\253\226\014-o\364!\262f\370\222\250\377\220&p\343\245\3604Op\353\317\305P\027\000\000\000\000\000\000\000\000\000\000\000\000\000\000\000\000\000\000\000\000\000\000\000\000\000\000\000\000\000\000\000\000P\031D!=\355\210\037\325\034/l\242\365\034!w\324\362\3252-\025\351\314\2334,\306Dd\037v\256s!\003ql\302)\235\321\t\213\224\356\374%%\311\327\037\374\304\t\335\2359\344\233\035]\347<u\236\364\222vG0E\002!\000\363[\314\370-\022\275\214\265U\315\344\332b\2743\250\333'Oi~3z\262K\344Z\313!\003\302\002 \017\27798A\265\300\262!`\262\376]\225\370\013\331\210x\376\026\326&\030'\313\362\261yL\331h""; ","validation: """"\200\000\000\001&\000\000\000\017)/\352\224-:Q\231\304\227'3\313\030Q\345X\002=\033c\255\253\226\014-o\364!\262f\370\222\250\377\220&p\343\245\3604Op\353\317\305P\027\000\000\000\000\000\000\000\000\000\000\000\000\000\000\000\000\000\000\000\000\000\000\000\000\000\000\000\000\000\000\000\000P\031D!=\355\210\037\325\034/l\242\365\034!w\324\362\3252-\025\351\314\2334,\306Dd\037v\256s!\003ql\302)\235\321\t\213\224\356\374%%\311\327\037\374\304\t\335\2359\344\233\035]\347<u\236\364\222vG0E\002!\000\363[\314\370-\022\275\214\265U\315\344\332b\2743\250\333'Oi~3z\262K\344Z\313!\003\302\002 \017\27798A\265\300\262!`\262\376]\225\370\013\331\210x\376\026\326&\030'\313\362\261yL\331h""; "
1750587309302,1750587309302,0,1,0,3,TMValidation,"validation: """"\200\000\000\001&\000\000\000\017)/\352\224-:Q\231\304\227'3\313\030Q\345X\002=\033c\255\253\226\014-o\364!\262f\370\222\250\377\220&p\343\245\3604Op\353\317\305P\027\000\000\000\000\000\000\000\000\000\000\000\000\000\000\000\000\000\000\000\000\000\000\000\000\000\000\000\000\000\000\000\000P\031D!=\355\210\037\325\034/l\242\365\034!w\324\362\3252-\025\351\314\2334,\306Dd\037v\256s!\003ql\302)\235\321\t\213\224\356\374%%\311\327\037\374\304\t\335\2359\344\233\035]\347<u\236\364\222vG0E\002!\000\363[\314\370-\022\275\214\265U\315\344\332b\2743\250\333'Oi~3z\262K\344Z\313!\003\302\002 \017\27798A\265\300\262!`\262\376]\225\370\013\331\210x\376\026\326&\030'\313\362\261yL\331h""; ","validation: """"\200\000\000\001&\000\000\000\017)/\352\224-:Q\231\304\227'3\313\030Q\345X\002=\033c\255\253\226\014-o\364!\262f\370\222\250\377\220&p\343\245\3604Op\353\317\305P\027\000\000\000\000\000\000\000\000\000\000\000\000\000\000\000\000\000\000\000\000\000\000\000\000\000\000\000\000\000\000\000\000P\031D!=\355\210\037\325\034/l\242\365\034!w\324\362\3252-\025\351\314\2334,\306Dd\037v\256s!\003ql\302)\235\321\t\213\224\356\374%%\311\327\037\374\304\t\335\2359\344\233\035]\347<u\236\364\222vG0E\002!\000\363[\314\370-\022\275\214\265U\315\344\332b\2743\250\333'Oi~3z\262K\344Z\313!\003\302\002 \017\27798A\265\300\262!`\262\376]\225\370\013\331\210x\376\026\326&\030'\313\362\261yL\331h""; "
1750587309303,1750587309303,0,1,0,1,TMValidation,"validation: """"\200\000\000\001&\000\000\000\017)/\352\224-:Q\231\304\227'3\313\030Q\345X\002=\033c\255\253\226\014-o\364!\262f\370\222\250\377\220&p\343\245\3604Op\353\317\305P\027\000\000\000\000\000\000\000\000\000\000\000\000\000\000\000\000\000\000\000\000\000\000\000\000\000\000\000\000\000\000\000\000P\031D!=\355\210\037\325\034/l\242\365\034!w\324\362\3252-\025\351\314\2334,\306Dd\037v\256s!\003ql\302)\235\321\t\213\224\356\374%%\311\327\037\374\304\t\335\2359\344\233\035]\347<u\236\364\222vG0E\002!\000\363[\314\370-\022\275\214\265U\315\344\332b\2743\250\333'Oi~3z\262K\344Z\313!\003\302\002 \017\27798A\265\300\262!`\262\376]\225\370\013\331\210x\376\026\326&\030'\313\362\261yL\331h""; ","validation: """"\200\000\000\001&\000\000\000\017)/\352\224-:Q\231\304\227'3\313\030Q\345X\002=\033c\255\253\226\014-o\364!\262f\370\222\250\377\220&p\343\245\3604Op\353\317\305P\027\000\000\000\000\000\000\000\000\000\000\000\000\000\000\000\000\000\000\000\000\000\000\000\000\000\000\000\000\000\000\000\000P\031D!=\355\210\037\325\034/l\242\365\034!w\324\362\3252-\025\351\314\2334,\306Dd\037v\256s!\003ql\302)\235\321\t\213\224\356\374%%\311\327\037\374\304\t\335\2359\344\233\035]\347<u\236\364\222vG0E\002!\000\363[\314\370-\022\275\214\265U\315\344\332b\2743\250\333'Oi~3z\262K\344Z\313!\003\302\002 \017\27798A\265\300\262!`\262\376]\225\370\013\331\210x\376\026\326&\030'\313\362\261yL\331h""; "
1750587309305,1750587309305,0,1,4,3,TMValidation,"validation: """"\200\000\000\001&\000\000\000\017)/\352\224-:Q\231\304\227'3\313\030Q\345X\002=\033c\255\253\226\014-o\364!\262f\370\222\250\377\220&p\343\245\3604Op\353\317\305P\027\000\000\000\000\000\000\000\000\000\000\000\000\000\000\000\000\000\000\000\000\000\000\000\000\000\000\000\000\000\000\000\000P\031D!=\355\210\037\325\034/l\242\365\034!w\324\362\3252-\025\351\314\2334,\306Dd\037v\256s!\003ql\302)\235\321\t\213\224\356\374%%\311\327\037\374\304\t\335\2359\344\233\035]\347<u\236\364\222vG0E\002!\000\363[\314\370-\022\275\214\265U\315\344\332b\2743\250\333'Oi~3z\262K\344Z\313!\003\302\002 \017\27798A\265\300\262!`\262\376]\225\370\013\331\210x\376\026\326&\030'\313\362\261yL\331h""; ","validation: """"\200\000\000\001&\000\000\000\017)/\352\224-:Q\231\304\227'3\313\030Q\345X\002=\033c\255\253\226\014-o\364!\262f\370\222\250\377\220&p\343\245\3604Op\353\317\305P\027\000\000\000\000\000\000\000\000\000\000\000\000\000\000\000\000\000\000\000\000\000\000\000\000\000\000\000\000\000\000\000\000P\031D!=\355\210\037\325\034/l\242\365\034!w\324\362\3252-\025\351\314\2334,\306Dd\037v\256s!\003ql\302)\235\321\t\213\224\356\374%%\311\327\037\374\304\t\335\2359\344\233\035]\347<u\236\364\222vG0E\002!\000\363[\314\370-\022\275\214\265U\315\344\332b\2743\250\333'Oi~3z\262K\344Z\313!\003\302\002 \017\27798A\265\300\262!`\262\376]\225\370\013\331\210x\376\026\326&\030'\313\362\261yL\331h""; "
1750587309306,1750587309306,0,1,4,2,TMValidation,"validation: """"\200\000\000\001&\000\000\000\017)/\352\224-:Q\231\304\227'3\313\030Q\345X\002=\033c\255\253\226\014-o\364!\262f\370\222\250\377\220&p\343\245\3604Op\353\317\305P\027\000\000\000\000\000\000\000\000\000\000\000\000\000\000\000\000\000\000\000\000\000\000\000\000\000\000\000\000\000\000\000\000P\031D!=\355\210\037\325\034/l\242\365\034!w\324\362\3252-\025\351\314\2334,\306Dd\037v\256s!\003ql\302)\235\321\t\213\224\356\374%%\311\327\037\374\304\t\335\2359\344\233\035]\347<u\236\364\222vG0E\002!\000\363[\314\370-\022\275\214\265U\315\344\332b\2743\250\333'Oi~3z\262K\344Z\313!\003\302\002 \017\27798A\265\300\262!`\262\376]\225\370\013\331\210x\376\026\326&\030'\313\362\261yL\331h""; ","validation: """"\200\000\000\001&\000\000\000\017)/\352\224-:Q\231\304\227'3\313\030Q\345X\002=\033c\255\253\226\014-o\364!\262f\370\222\250\377\220&p\343\245\3604Op\353\317\305P\027\000\000\000\000\000\000\000\000\000\000\000\000\000\000\000\000\000\000\000\000\000\000\000\000\000\000\000\000\000\000\000\000P\031D!=\355\210\037\325\034/l\242\365\034!w\324\362\3252-\025\351\314\2334,\306Dd\037v\256s!\003ql\302)\235\321\t\213\224\356\374%%\311\327\037\374\304\t\335\2359\344\233\035]\347<u\236\364\222vG0E\002!\000\363[\314\370-\022\275\214\265U\315\344\332b\2743\250\333'Oi~3z\262K\344Z\313!\003\302\002 \017\27798A\265\300\262!`\262\376]\225\370\013\331\210x\376\026\326&\030'\313\362\261yL\331h""; "
1750587309307,1750587309307,0,1,4,1,TMValidation,"validation: """"\200\000\000\001&\000\000\000\017)/\352\224-:Q\231\304\227'3\313\030Q\345X\002=\033c\255\253\226\014-o\364!\262f\370\222\250\377\220&p\343\245\3604Op\353\317\305P\027\000\000\000\000\000\000\000\000\000\000\000\000\000\000\000\000\000\000\000\000\000\000\000\000\000\000\000\000\000\000\000\000P\031D!=\355\210\037\325\034/l\242\365\034!w\324\362\3252-\025\351\314\2334,\306Dd\037v\256s!\003ql\302)\235\321\t\213\224\356\374%%\311\327\037\374\304\t\335\2359\344\233\035]\347<u\236\364\222vG0E\002!\000\363[\314\370-\022\275\214\265U\315\344\332b\2743\250\333'Oi~3z\262K\344Z\313!\003\302\002 \017\27798A\265\300\262!`\262\376]\225\370\013\331\210x\376\026\326&\030'\313\362\261yL\331h""; ","validation: """"\200\000\000\001&\000\000\000\017)/\352\224-:Q\231\304\227'3\313\030Q\345X\002=\033c\255\253\226\014-o\364!\262f\370\222\250\377\220&p\343\245\3604Op\353\317\305P\027\000\000\000\000\000\000\000\000\000\000\000\000\000\000\000\000\000\000\000\000\000\000\000\000\000\000\000\000\000\000\000\000P\031D!=\355\210\037\325\034/l\242\365\034!w\324\362\3252-\025\351\314\2334,\306Dd\037v\256s!\003ql\302)\235\321\t\213\224\356\374%%\311\327\037\374\304\t\335\2359\344\233\035]\347<u\236\364\222vG0E\002!\000\363[\314\370-\022\275\214\265U\315\344\332b\2743\250\333'Oi~3z\262K\344Z\313!\003\302\002 \017\27798A\265\300\262!`\262\376]\225\370\013\331\210x\376\026\326&\030'\313\362\261yL\331h""; "
1750587309308,1750587309308,0,1,3,4,TMValidation,"validation: """"\200\000\000\001&\000\000\000\017)/\352\224-:Q\231\304\227'3\313\030Q\345X\002=\033c\255\253\226\014-o\364!\262f\370\222\250\377\220&p\343\245\3604Op\353\317\305P\027\000\000\000\000\000\000\000\000\000\000\000\000\000\000\000\000\000\000\000\000\000\000\000\000\000\000\000\000\000\000\000\000P\031D!=\355\210\037\325\034/l\242\365\034!w\324\362\3252-\025\351\314\2334,\306Dd\037v\256s!\003ql\302)\235\321\t\213\224\356\374%%\311\327\037\374\304\t\335\2359\344\233\035]\347<u\236\364\222vG0E\002!\000\363[\314\370-\022\275\214\265U\315\344\332b\2743\250\333'Oi~3z\262K\344Z\313!\003\302\002 \017\27798A\265\300\262!`\262\376]\225\370\013\331\210x\376\026\326&\030'\313\362\261yL\331h""; ","validation: """"\200\000\000\001&\000\000\000\017)/\352\224-:Q\231\304\227'3\313\030Q\345X\002=\033c\255\253\226\014-o\364!\262f\370\222\250\377\220&p\343\245\3604Op\353\317\305P\027\000\000\000\000\000\000\000\000\000\000\000\000\000\000\000\000\000\000\000\000\000\000\000\000\000\000\000\000\000\000\000\000P\031D!=\355\210\037\325\034/l\242\365\034!w\324\362\3252-\025\351\314\2334,\306Dd\037v\256s!\003ql\302)\235\321\t\213\224\356\374%%\311\327\037\374\304\t\335\2359\344\233\035]\347<u\236\364\222vG0E\002!\000\363[\314\370-\022\275\214\265U\315\344\332b\2743\250\333'Oi~3z\262K\344Z\313!\003\302\002 \017\27798A\265\300\262!`\262\376]\225\370\013\331\210x\376\026\326&\030'\313\362\261yL\331h""; "
1750587309308,1750587309308,0,1,3,2,TMValidation,"validation: """"\200\000\000\001&\000\000\000\017)/\352\224-:Q\231\304\227'3\313\030Q\345X\002=\033c\255\253\226\014-o\364!\262f\370\222\250\377\220&p\343\245\3604Op\353\317\305P\027\000\000\000\000\000\000\000\000\000\000\000\000\000\000\000\000\000\000\000\000\000\000\000\000\000\000\000\000\000\000\000\000P\031D!=\355\210\037\325\034/l\242\365\034!w\324\362\3252-\025\351\314\2334,\306Dd\037v\256s!\003ql\302)\235\321\t\213\224\356\374%%\311\327\037\374\304\t\335\2359\344\233\035]\347<u\236\364\222vG0E\002!\000\363[\314\370-\022\275\214\265U\315\344\332b\2743\250\333'Oi~3z\262K\344Z\313!\003\302\002 \017\27798A\265\300\262!`\262\376]\225\370\013\331\210x\376\026\326&\030'\313\362\261yL\331h""; ","validation: """"\200\000\000\001&\000\000\000\017)/\352\224-:Q\231\304\227'3\313\030Q\345X\002=\033c\255\253\226\014-o\364!\262f\370\222\250\377\220&p\343\245\3604Op\353\317\305P\027\000\000\000\000\000\000\000\000\000\000\000\000\000\000\000\000\000\000\000\000\000\000\000\000\000\000\000\000\000\000\000\000P\031D!=\355\210\037\325\034/l\242\365\034!w\324\362\3252-\025\351\314\2334,\306Dd\037v\256s!\003ql\302)\235\321\t\213\224\356\374%%\311\327\037\374\304\t\335\2359\344\233\035]\347<u\236\364\222vG0E\002!\000\363[\314\370-\022\275\214\265U\315\344\332b\2743\250\333'Oi~3z\262K\344Z\313!\003\302\002 \017\27798A\265\300\262!`\262\376]\225\370\013\331\210x\376\026\326&\030'\313\362\261yL\331h""; "
1750587309309,1750587309309,0,1,3,1,TMValidation,"validation: """"\200\000\000\001&\000\000\000\017)/\352\224-:Q\231\304\227'3\313\030Q\345X\002=\033c\255\253\226\014-o\364!\262f\370\222\250\377\220&p\343\245\3604Op\353\317\305P\027\000\000\000\000\000\000\000\000\000\000\000\000\000\000\000\000\000\000\000\000\000\000\000\000\000\000\000\000\000\000\000\000P\031D!=\355\210\037\325\034/l\242\365\034!w\324\362\3252-\025\351\314\2334,\306Dd\037v\256s!\003ql\302)\235\321\t\213\224\356\374%%\311\327\037\374\304\t\335\2359\344\233\035]\347<u\236\364\222vG0E\002!\000\363[\314\370-\022\275\214\265U\315\344\332b\2743\250\333'Oi~3z\262K\344Z\313!\003\302\002 \017\27798A\265\300\262!`\262\376]\225\370\013\331\210x\376\026\326&\030'\313\362\261yL\331h""; ","validation: """"\200\000\000\001&\000\000\000\017)/\352\224-:Q\231\304\227'3\313\030Q\345X\002=\033c\255\253\226\014-o\364!\262f\370\222\250\377\220&p\343\245\3604Op\353\317\305P\027\000\000\000\000\000\000\000\000\000\000\000\000\000\000\000\000\000\000\000\000\000\000\000\000\000\000\000\000\000\000\000\000P\031D!=\355\210\037\325\034/l\242\365\034!w\324\362\3252-\025\351\314\2334,\306Dd\037v\256s!\003ql\302)\235\321\t\213\224\356\374%%\311\327\037\374\304\t\335\2359\344\233\035]\347<u\236\364\222vG0E\002!\000\363[\314\370-\022\275\214\265U\315\344\332b\2743\250\333'Oi~3z\262K\344Z\313!\003\302\002 \017\27798A\265\300\262!`\262\376]\225\370\013\331\210x\376\026\326&\030'\313\362\261yL\331h""; "
1750587309310,1750587309310,0,1,1,4,TMValidation,"validation: """"\200\000\000\001&\000\000\000\017)/\352\224-:Q\231\304\227'3\313\030Q\345X\002=\033c\255\253\226\014-o\364!\262f\370\222\250\377\220&p\343\245\3604Op\353\317\305P\027\000\000\000\000\000\000\000\000\000\000\000\000\000\000\000\000\000\000\000\000\000\000\000\000\000\000\000\000\000\000\000\000P\031D!=\355\210\037\325\034/l\242\365\034!w\324\362\3252-\025\351\314\2334,\306Dd\037v\256s!\003ql\302)\235\321\t\213\224\356\374%%\311\327\037\374\304\t\335\2359\344\233\035]\347<u\236\364\222vG0E\002!\000\363[\314\370-\022\275\214\265U\315\344\332b\2743\250\333'Oi~3z\262K\344Z\313!\003\302\002 \017\27798A\265\300\262!`\262\376]\225\370\013\331\210x\376\026\326&\030'\313\362\261yL\331h""; ","validation: """"\200\000\000\001&\000\000\000\017)/\352\224-:Q\231\304\227'3\313\030Q\345X\002=\033c\255\253\226\014-o\364!\262f\370\222\250\377\220&p\343\245\3604Op\353\317\305P\027\000\000\000\000\000\000\000\000\000\000\000\000\000\000\000\000\000\000\000\000\000\000\000\000\000\000\000\000\000\000\000\000P\031D!=\355\210\037\325\034/l\242\365\034!w\324\362\3252-\025\351\314\2334,\306Dd\037v\256s!\003ql\302)\235\321\t\213\224\356\374%%\311\327\037\374\304\t\335\2359\344\233\035]\347<u\236\364\222vG0E\002!\000\363[\314\370-\022\275\214\265U\315\344\332b\2743\250\333'Oi~3z\262K\344Z\313!\003\302\002 \017\27798A\265\300\262!`\262\376]\225\370\013\331\210x\376\026\326&\030'\313\362\261yL\331h""; "
1750587309311,1750587309311,0,1,1,3,TMValidation,"validation: """"\200\000\000\001&\000\000\000\017)/\352\224-:Q\231\304\227'3\313\030Q\345X\002=\033c\255\253\226\014-o\364!\262f\370\222\250\377\220&p\343\245\3604Op\353\317\305P\027\000\000\000\000\000\000\000\000\000\000\000\000\000\000\000\000\000\000\000\000\000\000\000\000\000\000\000\000\000\000\000\000P\031D!=\355\210\037\325\034/l\242\365\034!w\324\362\3252-\025\351\314\2334,\306Dd\037v\256s!\003ql\302)\235\321\t\213\224\356\374%%\311\327\037\374\304\t\335\2359\344\233\035]\347<u\236\364\222vG0E\002!\000\363[\314\370-\022\275\214\265U\315\344\332b\2743\250\333'Oi~3z\262K\344Z\313!\003\302\002 \017\27798A\265\300\262!`\262\376]\225\370\013\331\210x\376\026\326&\030'\313\362\261yL\331h""; ","validation: """"\200\000\000\001&\000\000\000\017)/\352\224-:Q\231\304\227'3\313\030Q\345X\002=\033c\255\253\226\014-o\364!\262f\370\222\250\377\220&p\343\245\3604Op\353\317\305P\027\000\000\000\000\000\000\000\000\000\000\000\000\000\000\000\000\000\000\000\000\000\000\000\000\000\000\000\000\000\000\000\000P\031D!=\355\210\037\325\034/l\242\365\034!w\324\362\3252-\025\351\314\2334,\306Dd\037v\256s!\003ql\302)\235\321\t\213\224\356\374%%\311\327\037\374\304\t\335\2359\344\233\035]\347<u\236\364\222vG0E\002!\000\363[\314\370-\022\275\214\265U\315\344\332b\2743\250\333'Oi~3z\262K\344Z\313!\003\302\002 \017\27798A\265\300\262!`\262\376]\225\370\013\331\210x\376\026\326&\030'\313\362\261yL\331h""; "
1750587309311,1750587309311,0,1,1,2,TMValidation,"validation: """"\200\000\000\001&\000\000\000\017)/\352\224-:Q\231\304\227'3\313\030Q\345X\002=\033c\255\253\226\014-o\364!\262f\370\222\250\377\220&p\343\245\3604Op\353\317\305P\027\000\000\000\000\000\000\000\000\000\000\000\000\000\000\000\000\000\000\000\000\000\000\000\000\000\000\000\000\000\000\000\000P\031D!=\355\210\037\325\034/l\242\365\034!w\324\362\3252-\025\351\314\2334,\306Dd\037v\256s!\003ql\302)\235\321\t\213\224\356\374%%\311\327\037\374\304\t\335\2359\344\233\035]\347<u\236\364\222vG0E\002!\000\363[\314\370-\022\275\214\265U\315\344\332b\2743\250\333'Oi~3z\262K\344Z\313!\003\302\002 \017\27798A\265\300\262!`\262\376]\225\370\013\331\210x\376\026\326&\030'\313\362\261yL\331h""; ","validation: """"\200\000\000\001&\000\000\000\017)/\352\224-:Q\231\304\227'3\313\030Q\345X\002=\033c\255\253\226\014-o\364!\262f\370\222\250\377\220&p\343\245\3604Op\353\317\305P\027\000\000\000\000\000\000\000\000\000\000\000\000\000\000\000\000\000\000\000\000\000\000\000\000\000\000\000\000\000\000\000\000P\031D!=\355\210\037\325\034/l\242\365\034!w\324\362\3252-\025\351\314\2334,\306Dd\037v\256s!\003ql\302)\235\321\t\213\224\356\374%%\311\327\037\374\304\t\335\2359\344\233\035]\347<u\236\364\222vG0E\002!\000\363[\314\370-\022\275\214\265U\315\344\332b\2743\250\333'Oi~3z\262K\344Z\313!\003\302\002 \017\27798A\265\300\262!`\262\376]\225\370\013\331\210x\376\026\326&\030'\313\362\261yL\331h""; "
1750587309313,1750587309313,0,1,2,4,TMValidation,"validation: """"\200\000\000\001&\000\000\000\017)/\352\224-:Q\231\304\227'3\313\030Q\345X\002=\033c\255\253\226\014-o\364!\262f\370\222\250\377\220&p\343\245\3604Op\353\317\305P\027\000\000\000\000\000\000\000\000\000\000\000\000\000\000\000\000\000\000\000\000\000\000\000\000\000\000\000\000\000\000\000\000P\031D!=\355\210\037\325\034/l\242\365\034!w\324\362\3252-\025\351\314\2334,\306Dd\037v\256s!\003ql\302)\235\321\t\213\224\356\374%%\311\327\037\374\304\t\335\2359\344\233\035]\347<u\236\364\222vG0E\002!\000\363[\314\370-\022\275\214\265U\315\344\332b\2743\250\333'Oi~3z\262K\344Z\313!\003\302\002 \017\27798A\265\300\262!`\262\376]\225\370\013\331\210x\376\026\326&\030'\313\362\261yL\331h""; ","validation: """"\200\000\000\001&\000\000\000\017)/\352\224-:Q\231\304\227'3\313\030Q\345X\002=\033c\255\253\226\014-o\364!\262f\370\222\250\377\220&p\343\245\3604Op\353\317\305P\027\000\000\000\000\000\000\000\000\000\000\000\000\000\000\000\000\000\000\000\000\000\000\000\000\000\000\000\000\000\000\000\000P\031D!=\355\210\037\325\034/l\242\365\034!w\324\362\3252-\025\351\314\2334,\306Dd\037v\256s!\003ql\302)\235\321\t\213\224\356\374%%\311\327\037\374\304\t\335\2359\344\233\035]\347<u\236\364\222vG0E\002!\000\363[\314\370-\022\275\214\265U\315\344\332b\2743\250\333'Oi~3z\262K\344Z\313!\003\302\002 \017\27798A\265\300\262!`\262\376]\225\370\013\331\210x\376\026\326&\030'\313\362\261yL\331h""; "
1750587309313,1750587309313,0,1,2,3,TMValidation,"validation: """"\200\000\000\001&\000\000\000\017)/\352\224-:Q\231\304\227'3\313\030Q\345X\002=\033c\255\253\226\014-o\364!\262f\370\222\250\377\220&p\343\245\3604Op\353\317\305P\027\000\000\000\000\000\000\000\000\000\000\000\000\000\000\000\000\000\000\000\000\000\000\000\000\000\000\000\000\000\000\000\000P\031D!=\355\210\037\325\034/l\242\365\034!w\324\362\3252-\025\351\314\2334,\306Dd\037v\256s!\003ql\302)\235\321\t\213\224\356\374%%\311\327\037\374\304\t\335\2359\344\233\035]\347<u\236\364\222vG0E\002!\000\363[\314\370-\022\275\214\265U\315\344\332b\2743\250\333'Oi~3z\262K\344Z\313!\003\302\002 \017\27798A\265\300\262!`\262\376]\225\370\013\331\210x\376\026\326&\030'\313\362\261yL\331h""; ","validation: """"\200\000\000\001&\000\000\000\017)/\352\224-:Q\231\304\227'3\313\030Q\345X\002=\033c\255\253\226\014-o\364!\262f\370\222\250\377\220&p\343\245\3604Op\353\317\305P\027\000\000\000\000\000\000\000\000\000\000\000\000\000\000\000\000\000\000\000\000\000\000\000\000\000\000\000\000\000\000\000\000P\031D!=\355\210\037\325\034/l\242\365\034!w\324\362\3252-\025\351\314\2334,\306Dd\037v\256s!\003ql\302)\235\321\t\213\224\356\374%%\311\327\037\374\304\t\335\2359\344\233\035]\347<u\236\364\222vG0E\002!\000\363[\314\370-\022\275\214\265U\315\344\332b\2743\250\333'Oi~3z\262K\344Z\313!\003\302\002 \017\27798A\265\300\262!`\262\376]\225\370\013\331\210x\376\026\326&\030'\313\362\261yL\331h""; "
1750587309315,1750587309315,0,1,2,1,TMValidation,"validation: """"\200\000\000\001&\000\000\000\017)/\352\224-:Q\231\304\227'3\313\030Q\345X\002=\033c\255\253\226\014-o\364!\262f\370\222\250\377\220&p\343\245\3604Op\353\317\305P\027\000\000\000\000\000\000\000\000\000\000\000\000\000\000\000\000\000\000\000\000\000\000\000\000\000\000\000\000\000\000\000\000P\031D!=\355\210\037\325\034/l\242\365\034!w\324\362\3252-\025\351\314\2334,\306Dd\037v\256s!\003ql\302)\235\321\t\213\224\356\374%%\311\327\037\374\304\t\335\2359\344\233\035]\347<u\236\364\222vG0E\002!\000\363[\314\370-\022\275\214\265U\315\344\332b\2743\250\333'Oi~3z\262K\344Z\313!\003\302\002 \017\27798A\265\300\262!`\262\376]\225\370\013\331\210x\376\026\326&\030'\313\362\261yL\331h""; ","validation: """"\200\000\000\001&\000\000\000\017)/\352\224-:Q\231\304\227'3\313\030Q\345X\002=\033c\255\253\226\014-o\364!\262f\370\222\250\377\220&p\343\245\3604Op\353\317\305P\027\000\000\000\000\000\000\000\000\000\000\000\000\000\000\000\000\000\000\000\000\000\000\000\000\000\000\000\000\000\000\000\000P\031D!=\355\210\037\325\034/l\242\365\034!w\324\362\3252-\025\351\314\2334,\306Dd\037v\256s!\003ql\302)\235\321\t\213\224\356\374%%\311\327\037\374\304\t\335\2359\344\233\035]\347<u\236\364\222vG0E\002!\000\363[\314\370-\022\275\214\265U\315\344\332b\2743\250\333'Oi~3z\262K\344Z\313!\003\302\002 \017\27798A\265\300\262!`\262\376]\225\370\013\331\210x\376\026\326&\030'\313\362\261yL\331h""; "
1750587309495,1750587309495,0,1,1,4,TMProposeSet,"proposeSeq: 0; currentTxHash: ""\000\000\000\000\000\000\000\000\000\000\000\000\000\000\000\000\000\000\000\000\000\000\000\000\000\000\000\000\000\000\000\000""; nodePubKey: ""\003\343\005\311u\203\370\0338\3174\324\010\006\301\251\177\261\304eOX\262)FA-\022r\263wm\024""; closeTime: 803902509; signature: ""0E\002!\000\347s\365\236;\356u\305\270l\376M\222\216\322Ui5*\242\000\001\260\253)m\244\216?\312\257\200\002 r\013&\255\014\200rPa\357\301~\320\365i\036\313T\231\310\325\263\310G\034\263\354z\267\326Z\315""; previousledger: ""\345X\002=\033c\255\253\226\014-o\364!\262f\370\222\250\377\220&p\343\245\3604Op\353\317\305""; ","proposeSeq: 0; currentTxHash: ""\000\000\000\000\000\000\000\000\000\000\000\000\000\000\000\000\000\000\000\000\000\000\000\000\000\000\000\000\000\000\000\000""; nodePubKey: ""\003\343\005\311u\203\370\0338\3174\324\010\006\301\251\177\261\304eOX\262)FA-\022r\263wm\024""; closeTime: 803902509; signature: ""0E\002!\000\347s\365\236;\356u\305\270l\376M\222\216\322Ui5*\242\000\001\260\253)m\244\216?\312\257\200\002 r\013&\255\014\200rPa\357\301~\320\365i\036\313T\231\310\325\263\310G\034\263\354z\267\326Z\315""; previousledger: ""\345X\002=\033c\255\253\226\014-o\364!\262f\370\222\250\377\220&p\343\245\3604Op\353\317\305""; "
1750587309496,1750587309496,0,1,1,0,TMProposeSet,"proposeSeq: 0; currentTxHash: ""\000\000\000\000\000\000\000\000\000\000\000\000\000\000\000\000\000\000\000\000\000\000\000\000\000\000\000\000\000\000\000\000""; nodePubKey: ""\003\343\005\311u\203\370\0338\3174\324\010\006\301\251\177\261\304eOX\262)FA-\022r\263wm\024""; closeTime: 803902509; signature: ""0E\002!\000\347s\365\236;\356u\305\270l\376M\222\216\322Ui5*\242\000\001\260\253)m\244\216?\312\257\200\002 r\013&\255\014\200rPa\357\301~\320\365i\036\313T\231\310\325\263\310G\034\263\354z\267\326Z\315""; previousledger: ""\345X\002=\033c\255\253\226\014-o\364!\262f\370\222\250\377\220&p\343\245\3604Op\353\317\305""; ","proposeSeq: 0; currentTxHash: ""\000\000\000\000\000\000\000\000\000\000\000\000\000\000\000\000\000\000\000\000\000\000\000\000\000\000\000\000\000\000\000\000""; nodePubKey: ""\003\343\005\311u\203\370\0338\3174\324\010\006\301\251\177\261\304eOX\262)FA-\022r\263wm\024""; closeTime: 803902509; signature: ""0E\002!\000\347s\365\236;\356u\305\270l\376M\222\216\322Ui5*\242\000\001\260\253)m\244\216?\312\257\200\002 r\013&\255\014\200rPa\357\301~\320\365i\036\313T\231\310\325\263\310G\034\263\354z\267\326Z\315""; previousledger: ""\345X\002=\033c\255\253\226\014-o\364!\262f\370\222\250\377\220&p\343\245\3604Op\353\317\305""; "
1750587309496,1750587309496,0,1,1,3,TMProposeSet,"proposeSeq: 0; currentTxHash: ""\000\000\000\000\000\000\000\000\000\000\000\000\000\000\000\000\000\000\000\000\000\000\000\000\000\000\000\000\000\000\000\000""; nodePubKey: ""\003\343\005\311u\203\370\0338\3174\324\010\006\301\251\177\261\304eOX\262)FA-\022r\263wm\024""; closeTime: 803902509; signature: ""0E\002!\000\347s\365\236;\356u\305\270l\376M\222\216\322Ui5*\242\000\001\260\253)m\244\216?\312\257\200\002 r\013&\255\014\200rPa\357\301~\320\365i\036\313T\231\310\325\263\310G\034\263\354z\267\326Z\315""; previousledger: ""\345X\002=\033c\255\253\226\014-o\364!\262f\370\222\250\377\220&p\343\245\3604Op\353\317\305""; ","proposeSeq: 0; currentTxHash: ""\000\000\000\000\000\000\000\000\000\000\000\000\000\000\000\000\000\000\000\000\000\000\000\000\000\000\000\000\000\000\000\000""; nodePubKey: ""\003\343\005\311u\203\370\0338\3174\324\010\006\301\251\177\261\304eOX\262)FA-\022r\263wm\024""; closeTime: 803902509; signature: ""0E\002!\000\347s\365\236;\356u\305\270l\376M\222\216\322Ui5*\242\000\001\260\253)m\244\216?\312\257\200\002 r\013&\255\014\200rPa\357\301~\320\365i\036\313T\231\310\325\263\310G\034\263\354z\267\326Z\315""; previousledger: ""\345X\002=\033c\255\253\226\014-o\364!\262f\370\222\250\377\220&p\343\245\3604Op\353\317\305""; "
1750587309496,1750587309497,0,1,1,2,TMProposeSet,"proposeSeq: 0; currentTxHash: ""\000\000\000\000\000\000\000\000\000\000\000\000\000\000\000\000\000\000\000\000\000\000\000\000\000\000\000\000\000\000\000\000""; nodePubKey: ""\003\343\005\311u\203\370\0338\3174\324\010\006\301\251\177\261\304eOX\262)FA-\022r\263wm\024""; closeTime: 803902509; signature: ""0E\002!\000\347s\365\236;\356u\305\270l\376M\222\216\322Ui5*\242\000\001\260\253)m\244\216?\312\257\200\002 r\013&\255\014\200rPa\357\301~\320\365i\036\313T\231\310\325\263\310G\034\263\354z\267\326Z\315""; previousledger: ""\345X\002=\033c\255\253\226\014-o\364!\262f\370\222\250\377\220&p\343\245\3604Op\353\317\305""; ","proposeSeq: 0; currentTxHash: ""\000\000\000\000\000\000\000\000\000\000\000\000\000\000\000\000\000\000\000\000\000\000\000\000\000\000\000\000\000\000\000\000""; nodePubKey: ""\003\343\005\311u\203\370\0338\3174\324\010\006\301\251\177\261\304eOX\262)FA-\022r\263wm\024""; closeTime: 803902509; signature: ""0E\002!\000\347s\365\236;\356u\305\270l\376M\222\216\322Ui5*\242\000\001\260\253)m\244\216?\312\257\200\002 r\013&\255\014\200rPa\357\301~\320\365i\036\313T\231\310\325\263\310G\034\263\354z\267\326Z\315""; previousledger: ""\345X\002=\033c\255\253\226\014-o\364!\262f\370\222\250\377\220&p\343\245\3604Op\353\317\305""; "
1750587309499,1750587309499,0,1,0,2,TMProposeSet,"proposeSeq: 0; currentTxHash: ""\000\000\000\000\000\000\000\000\000\000\000\000\000\000\000\000\000\000\000\000\000\000\000\000\000\000\000\000\000\000\000\000""; nodePubKey: ""\003\343\005\311u\203\370\0338\3174\324\010\006\301\251\177\261\304eOX\262)FA-\022r\263wm\024""; closeTime: 803902509; signature: ""0E\002!\000\347s\365\236;\356u\305\270l\376M\222\216\322Ui5*\242\000\001\260\253)m\244\216?\312\257\200\002 r\013&\255\014\200rPa\357\301~\320\365i\036\313T\231\310\325\263\310G\034\263\354z\267\326Z\315""; previousledger: ""\345X\002=\033c\255\253\226\014-o\364!\262f\370\222\250\377\220&p\343\245\3604Op\353\317\305""; ","proposeSeq: 0; currentTxHash: ""\000\000\000\000\000\000\000\000\000\000\000\000\000\000\000\000\000\000\000\000\000\000\000\000\000\000\000\000\000\000\000\000""; nodePubKey: ""\003\343\005\311u\203\370\0338\3174\324\010\006\301\251\177\261\304eOX\262)FA-\022r\263wm\024""; closeTime: 803902509; signature: ""0E\002!\000\347s\365\236;\356u\305\270l\376M\222\216\322Ui5*\242\000\001\260\253)m\244\216?\312\257\200\002 r\013&\255\014\200rPa\357\301~\320\365i\036\313T\231\310\325\263\310G\034\263\354z\267\326Z\315""; previousledger: ""\345X\002=\033c\255\253\226\014-o\364!\262f\370\222\250\377\220&p\343\245\3604Op\353\317\305""; "
1750587309500,1750587309500,0,1,3,4,TMProposeSet,"proposeSeq: 0; currentTxHash: ""\000\000\000\000\000\000\000\000\000\000\000\000\000\000\000\000\000\000\000\000\000\000\000\000\000\000\000\000\000\000\000\000""; nodePubKey: ""\003\343\005\311u\203\370\0338\3174\324\010\006\301\251\177\261\304eOX\262)FA-\022r\263wm\024""; closeTime: 803902509; signature: ""0E\002!\000\347s\365\236;\356u\305\270l\376M\222\216\322Ui5*\242\000\001\260\253)m\244\216?\312\257\200\002 r\013&\255\014\200rPa\357\301~\320\365i\036\313T\231\310\325\263\310G\034\263\354z\267\326Z\315""; previousledger: ""\345X\002=\033c\255\253\226\014-o\364!\262f\370\222\250\377\220&p\343\245\3604Op\353\317\305""; ","proposeSeq: 0; currentTxHash: ""\000\000\000\000\000\000\000\000\000\000\000\000\000\000\000\000\000\000\000\000\000\000\000\000\000\000\000\000\000\000\000\000""; nodePubKey: ""\003\343\005\311u\203\370\0338\3174\324\010\006\301\251\177\261\304eOX\262)FA-\022r\263wm\024""; closeTime: 803902509; signature: ""0E\002!\000\347s\365\236;\356u\305\270l\376M\222\216\322Ui5*\242\000\001\260\253)m\244\216?\312\257\200\002 r\013&\255\014\200rPa\357\301~\320\365i\036\313T\231\310\325\263\310G\034\263\354z\267\326Z\315""; previousledger: ""\345X\002=\033c\255\253\226\014-o\364!\262f\370\222\250\377\220&p\343\245\3604Op\353\317\305""; "
1750587309500,1750587309500,0,1,0,4,TMProposeSet,"proposeSeq: 0; currentTxHash: ""\000\000\000\000\000\000\000\000\000\000\000\000\000\000\000\000\000\000\000\000\000\000\000\000\000\000\000\000\000\000\000\000""; nodePubKey: ""\003\343\005\311u\203\370\0338\3174\324\010\006\301\251\177\261\304eOX\262)FA-\022r\263wm\024""; closeTime: 803902509; signature: ""0E\002!\000\347s\365\236;\356u\305\270l\376M\222\216\322Ui5*\242\000\001\260\253)m\244\216?\312\257\200\002 r\013&\255\014\200rPa\357\301~\320\365i\036\313T\231\310\325\263\310G\034\263\354z\267\326Z\315""; previousledger: ""\345X\002=\033c\255\253\226\014-o\364!\262f\370\222\250\377\220&p\343\245\3604Op\353\317\305""; ","proposeSeq: 0; currentTxHash: ""\000\000\000\000\000\000\000\000\000\000\000\000\000\000\000\000\000\000\000\000\000\000\000\000\000\000\000\000\000\000\000\000""; nodePubKey: ""\003\343\005\311u\203\370\0338\3174\324\010\006\301\251\177\261\304eOX\262)FA-\022r\263wm\024""; closeTime: 803902509; signature: ""0E\002!\000\347s\365\236;\356u\305\270l\376M\222\216\322Ui5*\242\000\001\260\253)m\244\216?\312\257\200\002 r\013&\255\014\200rPa\357\301~\320\365i\036\313T\231\310\325\263\310G\034\263\354z\267\326Z\315""; previousledger: ""\345X\002=\033c\255\253\226\014-o\364!\262f\370\222\250\377\220&p\343\245\3604Op\353\317\305""; "
1750587309501,1750587309502,0,1,3,2,TMProposeSet,"proposeSeq: 0; currentTxHash: ""\000\000\000\000\000\000\000\000\000\000\000\000\000\000\000\000\000\000\000\000\000\000\000\000\000\000\000\000\000\000\000\000""; nodePubKey: ""\003\343\005\311u\203\370\0338\3174\324\010\006\301\251\177\261\304eOX\262)FA-\022r\263wm\024""; closeTime: 803902509; signature: ""0E\002!\000\347s\365\236;\356u\305\270l\376M\222\216\322Ui5*\242\000\001\260\253)m\244\216?\312\257\200\002 r\013&\255\014\200rPa\357\301~\320\365i\036\313T\231\310\325\263\310G\034\263\354z\267\326Z\315""; previousledger: ""\345X\002=\033c\255\253\226\014-o\364!\262f\370\222\250\377\220&p\343\245\3604Op\353\317\305""; ","proposeSeq: 0; currentTxHash: ""\000\000\000\000\000\000\000\000\000\000\000\000\000\000\000\000\000\000\000\000\000\000\000\000\000\000\000\000\000\000\000\000""; nodePubKey: ""\003\343\005\311u\203\370\0338\3174\324\010\006\301\251\177\261\304eOX\262)FA-\022r\263wm\024""; closeTime: 803902509; signature: ""0E\002!\000\347s\365\236;\356u\305\270l\376M\222\216\322Ui5*\242\000\001\260\253)m\244\216?\312\257\200\002 r\013&\255\014\200rPa\357\301~\320\365i\036\313T\231\310\325\263\310G\034\263\354z\267\326Z\315""; previousledger: ""\345X\002=\033c\255\253\226\014-o\364!\262f\370\222\250\377\220&p\343\245\3604Op\353\317\305""; "
1750587309502,1750587309502,0,1,0,3,TMProposeSet,"proposeSeq: 0; currentTxHash: ""\000\000\000\000\000\000\000\000\000\000\000\000\000\000\000\000\000\000\000\000\000\000\000\000\000\000\000\000\000\000\000\000""; nodePubKey: ""\003\343\005\311u\203\370\0338\3174\324\010\006\301\251\177\261\304eOX\262)FA-\022r\263wm\024""; closeTime: 803902509; signature: ""0E\002!\000\347s\365\236;\356u\305\270l\376M\222\216\322Ui5*\242\000\001\260\253)m\244\216?\312\257\200\002 r\013&\255\014\200rPa\357\301~\320\365i\036\313T\231\310\325\263\310G\034\263\354z\267\326Z\315""; previousledger: ""\345X\002=\033c\255\253\226\014-o\364!\262f\370\222\250\377\220&p\343\245\3604Op\353\317\305""; ","proposeSeq: 0; currentTxHash: ""\000\000\000\000\000\000\000\000\000\000\000\000\000\000\000\000\000\000\000\000\000\000\000\000\000\000\000\000\000\000\000\000""; nodePubKey: ""\003\343\005\311u\203\370\0338\3174\324\010\006\301\251\177\261\304eOX\262)FA-\022r\263wm\024""; closeTime: 803902509; signature: ""0E\002!\000\347s\365\236;\356u\305\270l\376M\222\216\322Ui5*\242\000\001\260\253)m\244\216?\312\257\200\002 r\013&\255\014\200rPa\357\301~\320\365i\036\313T\231\310\325\263\310G\034\263\354z\267\326Z\315""; previousledger: ""\345X\002=\033c\255\253\226\014-o\364!\262f\370\222\250\377\220&p\343\245\3604Op\353\317\305""; "
1750587309502,1750587309502,0,1,2,3,TMProposeSet,"proposeSeq: 0; currentTxHash: ""\000\000\000\000\000\000\000\000\000\000\000\000\000\000\000\000\000\000\000\000\000\000\000\000\000\000\000\000\000\000\000\000""; nodePubKey: ""\003\343\005\311u\203\370\0338\3174\324\010\006\301\251\177\261\304eOX\262)FA-\022r\263wm\024""; closeTime: 803902509; signature: ""0E\002!\000\347s\365\236;\356u\305\270l\376M\222\216\322Ui5*\242\000\001\260\253)m\244\216?\312\257\200\002 r\013&\255\014\200rPa\357\301~\320\365i\036\313T\231\310\325\263\310G\034\263\354z\267\326Z\315""; previousledger: ""\345X\002=\033c\255\253\226\014-o\364!\262f\370\222\250\377\220&p\343\245\3604Op\353\317\305""; ","proposeSeq: 0; currentTxHash: ""\000\000\000\000\000\000\000\000\000\000\000\000\000\000\000\000\000\000\000\000\000\000\000\000\000\000\000\000\000\000\000\000""; nodePubKey: ""\003\343\005\311u\203\370\0338\3174\324\010\006\301\251\177\261\304eOX\262)FA-\022r\263wm\024""; closeTime: 803902509; signature: ""0E\002!\000\347s\365\236;\356u\305\270l\376M\222\216\322Ui5*\242\000\001\260\253)m\244\216?\312\257\200\002 r\013&\255\014\200rPa\357\301~\320\365i\036\313T\231\310\325\263\310G\034\263\354z\267\326Z\315""; previousledger: ""\345X\002=\033c\255\253\226\014-o\364!\262f\370\222\250\377\220&p\343\245\3604Op\353\317\305""; "
1750587309502,1750587309502,0,1,3,0,TMProposeSet,"proposeSeq: 0; currentTxHash: ""\000\000\000\000\000\000\000\000\000\000\000\000\000\000\000\000\000\000\000\000\000\000\000\000\000\000\000\000\000\000\000\000""; nodePubKey: ""\003\343\005\311u\203\370\0338\3174\324\010\006\301\251\177\261\304eOX\262)FA-\022r\263wm\024""; closeTime: 803902509; signature: ""0E\002!\000\347s\365\236;\356u\305\270l\376M\222\216\322Ui5*\242\000\001\260\253)m\244\216?\312\257\200\002 r\013&\255\014\200rPa\357\301~\320\365i\036\313T\231\310\325\263\310G\034\263\354z\267\326Z\315""; previousledger: ""\345X\002=\033c\255\253\226\014-o\364!\262f\370\222\250\377\220&p\343\245\3604Op\353\317\305""; ","proposeSeq: 0; currentTxHash: ""\000\000\000\000\000\000\000\000\000\000\000\000\000\000\000\000\000\000\000\000\000\000\000\000\000\000\000\000\000\000\000\000""; nodePubKey: ""\003\343\005\311u\203\370\0338\3174\324\010\006\301\251\177\261\304eOX\262)FA-\022r\263wm\024""; closeTime: 803902509; signature: ""0E\002!\000\347s\365\236;\356u\305\270l\376M\222\216\322Ui5*\242\000\001\260\253)m\244\216?\312\257\200\002 r\013&\255\014\200rPa\357\301~\320\365i\036\313T\231\310\325\263\310G\034\263\354z\267\326Z\315""; previousledger: ""\345X\002=\033c\255\253\226\014-o\364!\262f\370\222\250\377\220&p\343\245\3604Op\353\317\305""; "
1750587309503,1750587309503,0,1,2,4,TMProposeSet,"proposeSeq: 0; currentTxHash: ""\000\000\000\000\000\000\000\000\000\000\000\000\000\000\000\000\000\000\000\000\000\000\000\000\000\000\000\000\000\000\000\000""; nodePubKey: ""\003\343\005\311u\203\370\0338\3174\324\010\006\301\251\177\261\304eOX\262)FA-\022r\263wm\024""; closeTime: 803902509; signature: ""0E\002!\000\347s\365\236;\356u\305\270l\376M\222\216\322Ui5*\242\000\001\260\253)m\244\216?\312\257\200\002 r\013&\255\014\200rPa\357\301~\320\365i\036\313T\231\310\325\263\310G\034\263\354z\267\326Z\315""; previousledger: ""\345X\002=\033c\255\253\226\014-o\364!\262f\370\222\250\377\220&p\343\245\3604Op\353\317\305""; ","proposeSeq: 0; currentTxHash: ""\000\000\000\000\000\000\000\000\000\000\000\000\000\000\000\000\000\000\000\000\000\000\000\000\000\000\000\000\000\000\000\000""; nodePubKey: ""\003\343\005\311u\203\370\0338\3174\324\010\006\301\251\177\261\304eOX\262)FA-\022r\263wm\024""; closeTime: 803902509; signature: ""0E\002!\000\347s\365\236;\356u\305\270l\376M\222\216\322Ui5*\242\000\001\260\253)m\244\216?\312\257\200\002 r\013&\255\014\200rPa\357\301~\320\365i\036\313T\231\310\325\263\310G\034\263\354z\267\326Z\315""; previousledger: ""\345X\002=\033c\255\253\226\014-o\364!\262f\370\222\250\377\220&p\343\245\3604Op\353\317\305""; "
1750587309503,1750587309504,0,1,2,0,TMProposeSet,"proposeSeq: 0; currentTxHash: ""\000\000\000\000\000\000\000\000\000\000\000\000\000\000\000\000\000\000\000\000\000\000\000\000\000\000\000\000\000\000\000\000""; nodePubKey: ""\003\343\005\311u\203\370\0338\3174\324\010\006\301\251\177\261\304eOX\262)FA-\022r\263wm\024""; closeTime: 803902509; signature: ""0E\002!\000\347s\365\236;\356u\305\270l\376M\222\216\322Ui5*\242\000\001\260\253)m\244\216?\312\257\200\002 r\013&\255\014\200rPa\357\301~\320\365i\036\313T\231\310\325\263\310G\034\263\354z\267\326Z\315""; previousledger: ""\345X\002=\033c\255\253\226\014-o\364!\262f\370\222\250\377\220&p\343\245\3604Op\353\317\305""; ","proposeSeq: 0; currentTxHash: ""\000\000\000\000\000\000\000\000\000\000\000\000\000\000\000\000\000\000\000\000\000\000\000\000\000\000\000\000\000\000\000\000""; nodePubKey: ""\003\343\005\311u\203\370\0338\3174\324\010\006\301\251\177\261\304eOX\262)FA-\022r\263wm\024""; closeTime: 803902509; signature: ""0E\002!\000\347s\365\236;\356u\305\270l\376M\222\216\322Ui5*\242\000\001\260\253)m\244\216?\312\257\200\002 r\013&\255\014\200rPa\357\301~\320\365i\036\313T\231\310\325\263\310G\034\263\354z\267\326Z\315""; previousledger: ""\345X\002=\033c\255\253\226\014-o\364!\262f\370\222\250\377\220&p\343\245\3604Op\353\317\305""; "
1750587309453,1750587309528,0,1,1,4,TMStatusChange,"newEvent: neCLOSING_LEDGER; ledgerSeq: 15; ledgerHash: ""\345X\002=\033c\255\253\226\014-o\364!\262f\370\222\250\377\220&p\343\245\3604Op\353\317\305""; ledgerHashPrevious: ""D!=\355\210\037\325\034/l\242\365\034!w\324\362\3252-\025\351\314\2334,\306Dd\037v\256""; networkTime: 803902509; firstSeq: 1; lastSeq: 15; ","newEvent: neCLOSING_LEDGER; ledgerSeq: 15; ledgerHash: ""\345X\002=\033c\255\253\226\014-o\364!\262f\370\222\250\377\220&p\343\245\3604Op\353\317\305""; ledgerHashPrevious: ""D!=\355\210\037\325\034/l\242\365\034!w\324\362\3252-\025\351\314\2334,\306Dd\037v\256""; networkTime: 803902509; firstSeq: 1; lastSeq: 15; "
1750587309455,1750587309529,0,1,1,2,TMStatusChange,"newEvent: neCLOSING_LEDGER; ledgerSeq: 15; ledgerHash: ""\345X\002=\033c\255\253\226\014-o\364!\262f\370\222\250\377\220&p\343\245\3604Op\353\317\305""; ledgerHashPrevious: ""D!=\355\210\037\325\034/l\242\365\034!w\324\362\3252-\025\351\314\2334,\306Dd\037v\256""; networkTime: 803902509; firstSeq: 1; lastSeq: 15; ","newEvent: neCLOSING_LEDGER; ledgerSeq: 15; ledgerHash: ""\345X\002=\033c\255\253\226\014-o\364!\262f\370\222\250\377\220&p\343\245\3604Op\353\317\305""; ledgerHashPrevious: ""D!=\355\210\037\325\034/l\242\365\034!w\324\362\3252-\025\351\314\2334,\306Dd\037v\256""; networkTime: 803902509; firstSeq: 1; lastSeq: 15; "
1750587309455,1750587309529,0,1,1,3,TMStatusChange,"newEvent: neCLOSING_LEDGER; ledgerSeq: 15; ledgerHash: ""\345X\002=\033c\255\253\226\014-o\364!\262f\370\222\250\377\220&p\343\245\3604Op\353\317\305""; ledgerHashPrevious: ""D!=\355\210\037\325\034/l\242\365\034!w\324\362\3252-\025\351\314\2334,\306Dd\037v\256""; networkTime: 803902509; firstSeq: 1; lastSeq: 15; ","newEvent: neCLOSING_LEDGER; ledgerSeq: 15; ledgerHash: ""\345X\002=\033c\255\253\226\014-o\364!\262f\370\222\250\377\220&p\343\245\3604Op\353\317\305""; ledgerHashPrevious: ""D!=\355\210\037\325\034/l\242\365\034!w\324\362\3252-\025\351\314\2334,\306Dd\037v\256""; networkTime: 803902509; firstSeq: 1; lastSeq: 15; "
1750587309454,1750587309528,0,1,1,0,TMStatusChange,"newEvent: neCLOSING_LEDGER; ledgerSeq: 15; ledgerHash: ""\345X\002=\033c\255\253\226\014-o\364!\262f\370\222\250\377\220&p\343\245\3604Op\353\317\305""; ledgerHashPrevious: ""D!=\355\210\037\325\034/l\242\365\034!w\324\362\3252-\025\351\314\2334,\306Dd\037v\256""; networkTime: 803902509; firstSeq: 1; lastSeq: 15; ","newEvent: neCLOSING_LEDGER; ledgerSeq: 15; ledgerHash: ""\345X\002=\033c\255\253\226\014-o\364!\262f\370\222\250\377\220&p\343\245\3604Op\353\317\305""; ledgerHashPrevious: ""D!=\355\210\037\325\034/l\242\365\034!w\324\362\3252-\025\351\314\2334,\306Dd\037v\256""; networkTime: 803902509; firstSeq: 1; lastSeq: 15; "
1750587309769,1750587309769,0,1,4,3,TMStatusChange,"newEvent: neACCEPTED_LEDGER; ledgerSeq: 15; ledgerHash: ""\345X\002=\033c\255\253\226\014-o\364!\262f\370\222\250\377\220&p\343\245\3604Op\353\317\305""; ledgerHashPrevious: ""D!=\355\210\037\325\034/l\242\365\034!w\324\362\3252-\025\351\314\2334,\306Dd\037v\256""; networkTime: 803902509; firstSeq: 1; lastSeq: 14; ","newEvent: neACCEPTED_LEDGER; ledgerSeq: 15; ledgerHash: ""\345X\002=\033c\255\253\226\014-o\364!\262f\370\222\250\377\220&p\343\245\3604Op\353\317\305""; ledgerHashPrevious: ""D!=\355\210\037\325\034/l\242\365\034!w\324\362\3252-\025\351\314\2334,\306Dd\037v\256""; networkTime: 803902509; firstSeq: 1; lastSeq: 14; "
1750587309770,1750587309770,0,1,4,1,TMStatusChange,"newEvent: neACCEPTED_LEDGER; ledgerSeq: 15; ledgerHash: ""\345X\002=\033c\255\253\226\014-o\364!\262f\370\222\250\377\220&p\343\245\3604Op\353\317\305""; ledgerHashPrevious: ""D!=\355\210\037\325\034/l\242\365\034!w\324\362\3252-\025\351\314\2334,\306Dd\037v\256""; networkTime: 803902509; firstSeq: 1; lastSeq: 14; ","newEvent: neACCEPTED_LEDGER; ledgerSeq: 15; ledgerHash: ""\345X\002=\033c\255\253\226\014-o\364!\262f\370\222\250\377\220&p\343\245\3604Op\353\317\305""; ledgerHashPrevious: ""D!=\355\210\037\325\034/l\242\365\034!w\324\362\3252-\025\351\314\2334,\306Dd\037v\256""; networkTime: 803902509; firstSeq: 1; lastSeq: 14; "
1750587309770,1750587309770,0,1,4,2,TMStatusChange,"newEvent: neACCEPTED_LEDGER; ledgerSeq: 15; ledgerHash: ""\345X\002=\033c\255\253\226\014-o\364!\262f\370\222\250\377\220&p\343\245\3604Op\353\317\305""; ledgerHashPrevious: ""D!=\355\210\037\325\034/l\242\365\034!w\324\362\3252-\025\351\314\2334,\306Dd\037v\256""; networkTime: 803902509; firstSeq: 1; lastSeq: 14; ","newEvent: neACCEPTED_LEDGER; ledgerSeq: 15; ledgerHash: ""\345X\002=\033c\255\253\226\014-o\364!\262f\370\222\250\377\220&p\343\245\3604Op\353\317\305""; ledgerHashPrevious: ""D!=\355\210\037\325\034/l\242\365\034!w\324\362\3252-\025\351\314\2334,\306Dd\037v\256""; networkTime: 803902509; firstSeq: 1; lastSeq: 14; "
1750587309770,1750587309770,0,1,4,0,TMStatusChange,"newEvent: neACCEPTED_LEDGER; ledgerSeq: 15; ledgerHash: ""\345X\002=\033c\255\253\226\014-o\364!\262f\370\222\250\377\220&p\343\245\3604Op\353\317\305""; ledgerHashPrevious: ""D!=\355\210\037\325\034/l\242\365\034!w\324\362\3252-\025\351\314\2334,\306Dd\037v\256""; networkTime: 803902509; firstSeq: 1; lastSeq: 14; ","newEvent: neACCEPTED_LEDGER; ledgerSeq: 15; ledgerHash: ""\345X\002=\033c\255\253\226\014-o\364!\262f\370\222\250\377\220&p\343\245\3604Op\353\317\305""; ledgerHashPrevious: ""D!=\355\210\037\325\034/l\242\365\034!w\324\362\3252-\025\351\314\2334,\306Dd\037v\256""; networkTime: 803902509; firstSeq: 1; lastSeq: 14; "
1750587309810,1750587309811,0,1,4,3,TMValidation,"validation: """"\200\000\000\001&\000\000\000\017)/\352\224-:v|\203\267)\257\206\032Q\345X\002=\033c\255\253\226\014-o\364!\262f\370\222\250\377\220&p\343\245\3604Op\353\317\305P\027\000\000\000\000\000\000\000\000\000\000\000\000\000\000\000\000\000\000\000\000\000\000\000\000\000\000\000\000\000\000\000\000P\031D!=\355\210\037\325\034/l\242\365\034!w\324\362\3252-\025\351\314\2334,\306Dd\037v\256s!\003.\200\224\215?)t\306\315\242\313\251\255\302\204=\232.\271%}\013\024s\024\002@\216l""\241FvG0E\002!\000\251\000\024\271#\307C \2508\231\310\014\016T\254n\214\001\271\004\362\251\236\377\336{L\357\036\216\357\002 `\221\222\345F(\345\251\227\033\202\303\355\305\237\006\234E\265$\334\237\247\200h\377\317\377\262\300\216\021""; ","validation: """"\200\000\000\001&\000\000\000\017)/\352\224-:v|\203\267)\257\206\032Q\345X\002=\033c\255\253\226\014-o\364!\262f\370\222\250\377\220&p\343\245\3604Op\353\317\305P\027\000\000\000\000\000\000\000\000\000\000\000\000\000\000\000\000\000\000\000\000\000\000\000\000\000\000\000\000\000\000\000\000P\031D!=\355\210\037\325\034/l\242\365\034!w\324\362\3252-\025\351\314\2334,\306Dd\037v\256s!\003.\200\224\215?)t\306\315\242\313\251\255\302\204=\232.\271%}\013\024s\024\002@\216l""\241FvG0E\002!\000\251\000\024\271#\307C \2508\231\310\014\016T\254n\214\001\271\004\362\251\236\377\336{L\357\036\216\357\002 `\221\222\345F(\345\251\227\033\202\303\355\305\237\006\234E\265$\334\237\247\200h\377\317\377\262\300\216\021""; "
1750587309811,1750587309812,0,1,4,1,TMValidation,"validation: """"\200\000\000\001&\000\000\000\017)/\352\224-:v|\203\267)\257\206\032Q\345X\002=\033c\255\253\226\014-o\364!\262f\370\222\250\377\220&p\343\245\3604Op\353\317\305P\027\000\000\000\000\000\000\000\000\000\000\000\000\000\000\000\000\000\000\000\000\000\000\000\000\000\000\000\000\000\000\000\000P\031D!=\355\210\037\325\034/l\242\365\034!w\324\362\3252-\025\351\314\2334,\306Dd\037v\256s!\003.\200\224\215?)t\306\315\242\313\251\255\302\204=\232.\271%}\013\024s\024\002@\216l""\241FvG0E\002!\000\251\000\024\271#\307C \2508\231\310\014\016T\254n\214\001\271\004\362\251\236\377\336{L\357\036\216\357\002 `\221\222\345F(\345\251\227\033\202\303\355\305\237\006\234E\265$\334\237\247\200h\377\317\377\262\300\216\021""; ","validation: """"\200\000\000\001&\000\000\000\017)/\352\224-:v|\203\267)\257\206\032Q\345X\002=\033c\255\253\226\014-o\364!\262f\370\222\250\377\220&p\343\245\3604Op\353\317\305P\027\000\000\000\000\000\000\000\000\000\000\000\000\000\000\000\000\000\000\000\000\000\000\000\000\000\000\000\000\000\000\000\000P\031D!=\355\210\037\325\034/l\242\365\034!w\324\362\3252-\025\351\314\2334,\306Dd\037v\256s!\003.\200\224\215?)t\306\315\242\313\251\255\302\204=\232.\271%}\013\024s\024\002@\216l""\241FvG0E\002!\000\251\000\024\271#\307C \2508\231\310\014\016T\254n\214\001\271\004\362\251\236\377\336{L\357\036\216\357\002 `\221\222\345F(\345\251\227\033\202\303\355\305\237\006\234E\265$\334\237\247\200h\377\317\377\262\300\216\021""; "
1750587309811,1750587309811,0,1,4,0,TMValidation,"validation: """"\200\000\000\001&\000\000\000\017)/\352\224-:v|\203\267)\257\206\032Q\345X\002=\033c\255\253\226\014-o\364!\262f\370\222\250\377\220&p\343\245\3604Op\353\317\305P\027\000\000\000\000\000\000\000\000\000\000\000\000\000\000\000\000\000\000\000\000\000\000\000\000\000\000\000\000\000\000\000\000P\031D!=\355\210\037\325\034/l\242\365\034!w\324\362\3252-\025\351\314\2334,\306Dd\037v\256s!\003.\200\224\215?)t\306\315\242\313\251\255\302\204=\232.\271%}\013\024s\024\002@\216l""\241FvG0E\002!\000\251\000\024\271#\307C \2508\231\310\014\016T\254n\214\001\271\004\362\251\236\377\336{L\357\036\216\357\002 `\221\222\345F(\345\251\227\033\202\303\355\305\237\006\234E\265$\334\237\247\200h\377\317\377\262\300\216\021""; ","validation: """"\200\000\000\001&\000\000\000\017)/\352\224-:v|\203\267)\257\206\032Q\345X\002=\033c\255\253\226\014-o\364!\262f\370\222\250\377\220&p\343\245\3604Op\353\317\305P\027\000\000\000\000\000\000\000\000\000\000\000\000\000\000\000\000\000\000\000\000\000\000\000\000\000\000\000\000\000\000\000\000P\031D!=\355\210\037\325\034/l\242\365\034!w\324\362\3252-\025\351\314\2334,\306Dd\037v\256s!\003.\200\224\215?)t\306\315\242\313\251\255\302\204=\232.\271%}\013\024s\024\002@\216l""\241FvG0E\002!\000\251\000\024\271#\307C \2508\231\310\014\016T\254n\214\001\271\004\362\251\236\377\336{L\357\036\216\357\002 `\221\222\345F(\345\251\227\033\202\303\355\305\237\006\234E\265$\334\237\247\200h\377\317\377\262\300\216\021""; "
1750587309812,1750587309812,0,1,4,2,TMValidation,"validation: """"\200\000\000\001&\000\000\000\017)/\352\224-:v|\203\267)\257\206\032Q\345X\002=\033c\255\253\226\014-o\364!\262f\370\222\250\377\220&p\343\245\3604Op\353\317\305P\027\000\000\000\000\000\000\000\000\000\000\000\000\000\000\000\000\000\000\000\000\000\000\000\000\000\000\000\000\000\000\000\000P\031D!=\355\210\037\325\034/l\242\365\034!w\324\362\3252-\025\351\314\2334,\306Dd\037v\256s!\003.\200\224\215?)t\306\315\242\313\251\255\302\204=\232.\271%}\013\024s\024\002@\216l""\241FvG0E\002!\000\251\000\024\271#\307C \2508\231\310\014\016T\254n\214\001\271\004\362\251\236\377\336{L\357\036\216\357\002 `\221\222\345F(\345\251\227\033\202\303\355\305\237\006\234E\265$\334\237\247\200h\377\317\377\262\300\216\021""; ","validation: """"\200\000\000\001&\000\000\000\017)/\352\224-:v|\203\267)\257\206\032Q\345X\002=\033c\255\253\226\014-o\364!\262f\370\222\250\377\220&p\343\245\3604Op\353\317\305P\027\000\000\000\000\000\000\000\000\000\000\000\000\000\000\000\000\000\000\000\000\000\000\000\000\000\000\000\000\000\000\000\000P\031D!=\355\210\037\325\034/l\242\365\034!w\324\362\3252-\025\351\314\2334,\306Dd\037v\256s!\003.\200\224\215?)t\306\315\242\313\251\255\302\204=\232.\271%}\013\024s\024\002@\216l""\241FvG0E\002!\000\251\000\024\271#\307C \2508\231\310\014\016T\254n\214\001\271\004\362\251\236\377\336{L\357\036\216\357\002 `\221\222\345F(\345\251\227\033\202\303\355\305\237\006\234E\265$\334\237\247\200h\377\317\377\262\300\216\021""; "
1750587309813,1750587309813,0,1,3,2,TMValidation,"validation: """"\200\000\000\001&\000\000\000\017)/\352\224-:v|\203\267)\257\206\032Q\345X\002=\033c\255\253\226\014-o\364!\262f\370\222\250\377\220&p\343\245\3604Op\353\317\305P\027\000\000\000\000\000\000\000\000\000\000\000\000\000\000\000\000\000\000\000\000\000\000\000\000\000\000\000\000\000\000\000\000P\031D!=\355\210\037\325\034/l\242\365\034!w\324\362\3252-\025\351\314\2334,\306Dd\037v\256s!\003.\200\224\215?)t\306\315\242\313\251\255\302\204=\232.\271%}\013\024s\024\002@\216l""\241FvG0E\002!\000\251\000\024\271#\307C \2508\231\310\014\016T\254n\214\001\271\004\362\251\236\377\336{L\357\036\216\357\002 `\221\222\345F(\345\251\227\033\202\303\355\305\237\006\234E\265$\334\237\247\200h\377\317\377\262\300\216\021""; ","validation: """"\200\000\000\001&\000\000\000\017)/\352\224-:v|\203\267)\257\206\032Q\345X\002=\033c\255\253\226\014-o\364!\262f\370\222\250\377\220&p\343\245\3604Op\353\317\305P\027\000\000\000\000\000\000\000\000\000\000\000\000\000\000\000\000\000\000\000\000\000\000\000\000\000\000\000\000\000\000\000\000P\031D!=\355\210\037\325\034/l\242\365\034!w\324\362\3252-\025\351\314\2334,\306Dd\037v\256s!\003.\200\224\215?)t\306\315\242\313\251\255\302\204=\232.\271%}\013\024s\024\002@\216l""\241FvG0E\002!\000\251\000\024\271#\307C \2508\231\310\014\016T\254n\214\001\271\004\362\251\236\377\336{L\357\036\216\357\002 `\221\222\345F(\345\251\227\033\202\303\355\305\237\006\234E\265$\334\237\247\200h\377\317\377\262\300\216\021""; "
1750587309814,1750587309814,0,1,3,0,TMValidation,"validation: """"\200\000\000\001&\000\000\000\017)/\352\224-:v|\203\267)\257\206\032Q\345X\002=\033c\255\253\226\014-o\364!\262f\370\222\250\377\220&p\343\245\3604Op\353\317\305P\027\000\000\000\000\000\000\000\000\000\000\000\000\000\000\000\000\000\000\000\000\000\000\000\000\000\000\000\000\000\000\000\000P\031D!=\355\210\037\325\034/l\242\365\034!w\324\362\3252-\025\351\314\2334,\306Dd\037v\256s!\003.\200\224\215?)t\306\315\242\313\251\255\302\204=\232.\271%}\013\024s\024\002@\216l""\241FvG0E\002!\000\251\000\024\271#\307C \2508\231\310\014\016T\254n\214\001\271\004\362\251\236\377\336{L\357\036\216\357\002 `\221\222\345F(\345\251\227\033\202\303\355\305\237\006\234E\265$\334\237\247\200h\377\317\377\262\300\216\021""; ","validation: """"\200\000\000\001&\000\000\000\017)/\352\224-:v|\203\267)\257\206\032Q\345X\002=\033c\255\253\226\014-o\364!\262f\370\222\250\377\220&p\343\245\3604Op\353\317\305P\027\000\000\000\000\000\000\000\000\000\000\000\000\000\000\000\000\000\000\000\000\000\000\000\000\000\000\000\000\000\000\000\000P\031D!=\355\210\037\325\034/l\242\365\034!w\324\362\3252-\025\351\314\2334,\306Dd\037v\256s!\003.\200\224\215?)t\306\315\242\313\251\255\302\204=\232.\271%}\013\024s\024\002@\216l""\241FvG0E\002!\000\251\000\024\271#\307C \2508\231\310\014\016T\254n\214\001\271\004\362\251\236\377\336{L\357\036\216\357\002 `\221\222\345F(\345\251\227\033\202\303\355\305\237\006\234E\265$\334\237\247\200h\377\317\377\262\300\216\021""; "
1750587309815,1750587309815,0,1,1,2,TMValidation,"validation: """"\200\000\000\001&\000\000\000\017)/\352\224-:v|\203\267)\257\206\032Q\345X\002=\033c\255\253\226\014-o\364!\262f\370\222\250\377\220&p\343\245\3604Op\353\317\305P\027\000\000\000\000\000\000\000\000\000\000\000\000\000\000\000\000\000\000\000\000\000\000\000\000\000\000\000\000\000\000\000\000P\031D!=\355\210\037\325\034/l\242\365\034!w\324\362\3252-\025\351\314\2334,\306Dd\037v\256s!\003.\200\224\215?)t\306\315\242\313\251\255\302\204=\232.\271%}\013\024s\024\002@\216l""\241FvG0E\002!\000\251\000\024\271#\307C \2508\231\310\014\016T\254n\214\001\271\004\362\251\236\377\336{L\357\036\216\357\002 `\221\222\345F(\345\251\227\033\202\303\355\305\237\006\234E\265$\334\237\247\200h\377\317\377\262\300\216\021""; ","validation: """"\200\000\000\001&\000\000\000\017)/\352\224-:v|\203\267)\257\206\032Q\345X\002=\033c\255\253\226\014-o\364!\262f\370\222\250\377\220&p\343\245\3604Op\353\317\305P\027\000\000\000\000\000\000\000\000\000\000\000\000\000\000\000\000\000\000\000\000\000\000\000\000\000\000\000\000\000\000\000\000P\031D!=\355\210\037\325\034/l\242\365\034!w\324\362\3252-\025\351\314\2334,\306Dd\037v\256s!\003.\200\224\215?)t\306\315\242\313\251\255\302\204=\232.\271%}\013\024s\024\002@\216l""\241FvG0E\002!\000\251\000\024\271#\307C \2508\231\310\014\016T\254n\214\001\271\004\362\251\236\377\336{L\357\036\216\357\002 `\221\222\345F(\345\251\227\033\202\303\355\305\237\006\234E\265$\334\237\247\200h\377\317\377\262\300\216\021""; "
1750587309816,1750587309816,0,1,1,0,TMValidation,"validation: """"\200\000\000\001&\000\000\000\017)/\352\224-:v|\203\267)\257\206\032Q\345X\002=\033c\255\253\226\014-o\364!\262f\370\222\250\377\220&p\343\245\3604Op\353\317\305P\027\000\000\000\000\000\000\000\000\000\000\000\000\000\000\000\000\000\000\000\000\000\000\000\000\000\000\000\000\000\000\000\000P\031D!=\355\210\037\325\034/l\242\365\034!w\324\362\3252-\025\351\314\2334,\306Dd\037v\256s!\003.\200\224\215?)t\306\315\242\313\251\255\302\204=\232.\271%}\013\024s\024\002@\216l""\241FvG0E\002!\000\251\000\024\271#\307C \2508\231\310\014\016T\254n\214\001\271\004\362\251\236\377\336{L\357\036\216\357\002 `\221\222\345F(\345\251\227\033\202\303\355\305\237\006\234E\265$\334\237\247\200h\377\317\377\262\300\216\021""; ","validation: """"\200\000\000\001&\000\000\000\017)/\352\224-:v|\203\267)\257\206\032Q\345X\002=\033c\255\253\226\014-o\364!\262f\370\222\250\377\220&p\343\245\3604Op\353\317\305P\027\000\000\000\000\000\000\000\000\000\000\000\000\000\000\000\000\000\000\000\000\000\000\000\000\000\000\000\000\000\000\000\000P\031D!=\355\210\037\325\034/l\242\365\034!w\324\362\3252-\025\351\314\2334,\306Dd\037v\256s!\003.\200\224\215?)t\306\315\242\313\251\255\302\204=\232.\271%}\013\024s\024\002@\216l""\241FvG0E\002!\000\251\000\024\271#\307C \2508\231\310\014\016T\254n\214\001\271\004\362\251\236\377\336{L\357\036\216\357\002 `\221\222\345F(\345\251\227\033\202\303\355\305\237\006\234E\265$\334\237\247\200h\377\317\377\262\300\216\021""; "
1750587309815,1750587309815,0,1,1,3,TMValidation,"validation: """"\200\000\000\001&\000\000\000\017)/\352\224-:v|\203\267)\257\206\032Q\345X\002=\033c\255\253\226\014-o\364!\262f\370\222\250\377\220&p\343\245\3604Op\353\317\305P\027\000\000\000\000\000\000\000\000\000\000\000\000\000\000\000\000\000\000\000\000\000\000\000\000\000\000\000\000\000\000\000\000P\031D!=\355\210\037\325\034/l\242\365\034!w\324\362\3252-\025\351\314\2334,\306Dd\037v\256s!\003.\200\224\215?)t\306\315\242\313\251\255\302\204=\232.\271%}\013\024s\024\002@\216l""\241FvG0E\002!\000\251\000\024\271#\307C \2508\231\310\014\016T\254n\214\001\271\004\362\251\236\377\336{L\357\036\216\357\002 `\221\222\345F(\345\251\227\033\202\303\355\305\237\006\234E\265$\334\237\247\200h\377\317\377\262\300\216\021""; ","validation: """"\200\000\000\001&\000\000\000\017)/\352\224-:v|\203\267)\257\206\032Q\345X\002=\033c\255\253\226\014-o\364!\262f\370\222\250\377\220&p\343\245\3604Op\353\317\305P\027\000\000\000\000\000\000\000\000\000\000\000\000\000\000\000\000\000\000\000\000\000\000\000\000\000\000\000\000\000\000\000\000P\031D!=\355\210\037\325\034/l\242\365\034!w\324\362\3252-\025\351\314\2334,\306Dd\037v\256s!\003.\200\224\215?)t\306\315\242\313\251\255\302\204=\232.\271%}\013\024s\024\002@\216l""\241FvG0E\002!\000\251\000\024\271#\307C \2508\231\310\014\016T\254n\214\001\271\004\362\251\236\377\336{L\357\036\216\357\002 `\221\222\345F(\345\251\227\033\202\303\355\305\237\006\234E\265$\334\237\247\200h\377\317\377\262\300\216\021""; "
1750587309815,1750587309815,0,1,3,1,TMValidation,"validation: """"\200\000\000\001&\000\000\000\017)/\352\224-:v|\203\267)\257\206\032Q\345X\002=\033c\255\253\226\014-o\364!\262f\370\222\250\377\220&p\343\245\3604Op\353\317\305P\027\000\000\000\000\000\000\000\000\000\000\000\000\000\000\000\000\000\000\000\000\000\000\000\000\000\000\000\000\000\000\000\000P\031D!=\355\210\037\325\034/l\242\365\034!w\324\362\3252-\025\351\314\2334,\306Dd\037v\256s!\003.\200\224\215?)t\306\315\242\313\251\255\302\204=\232.\271%}\013\024s\024\002@\216l""\241FvG0E\002!\000\251\000\024\271#\307C \2508\231\310\014\016T\254n\214\001\271\004\362\251\236\377\336{L\357\036\216\357\002 `\221\222\345F(\345\251\227\033\202\303\355\305\237\006\234E\265$\334\237\247\200h\377\317\377\262\300\216\021""; ","validation: """"\200\000\000\001&\000\000\000\017)/\352\224-:v|\203\267)\257\206\032Q\345X\002=\033c\255\253\226\014-o\364!\262f\370\222\250\377\220&p\343\245\3604Op\353\317\305P\027\000\000\000\000\000\000\000\000\000\000\000\000\000\000\000\000\000\000\000\000\000\000\000\000\000\000\000\000\000\000\000\000P\031D!=\355\210\037\325\034/l\242\365\034!w\324\362\3252-\025\351\314\2334,\306Dd\037v\256s!\003.\200\224\215?)t\306\315\242\313\251\255\302\204=\232.\271%}\013\024s\024\002@\216l""\241FvG0E\002!\000\251\000\024\271#\307C \2508\231\310\014\016T\254n\214\001\271\004\362\251\236\377\336{L\357\036\216\357\002 `\221\222\345F(\345\251\227\033\202\303\355\305\237\006\234E\265$\334\237\247\200h\377\317\377\262\300\216\021""; "
1750587309818,1750587309818,0,1,2,3,TMValidation,"validation: """"\200\000\000\001&\000\000\000\017)/\352\224-:v|\203\267)\257\206\032Q\345X\002=\033c\255\253\226\014-o\364!\262f\370\222\250\377\220&p\343\245\3604Op\353\317\305P\027\000\000\000\000\000\000\000\000\000\000\000\000\000\000\000\000\000\000\000\000\000\000\000\000\000\000\000\000\000\000\000\000P\031D!=\355\210\037\325\034/l\242\365\034!w\324\362\3252-\025\351\314\2334,\306Dd\037v\256s!\003.\200\224\215?)t\306\315\242\313\251\255\302\204=\232.\271%}\013\024s\024\002@\216l""\241FvG0E\002!\000\251\000\024\271#\307C \2508\231\310\014\016T\254n\214\001\271\004\362\251\236\377\336{L\357\036\216\357\002 `\221\222\345F(\345\251\227\033\202\303\355\305\237\006\234E\265$\334\237\247\200h\377\317\377\262\300\216\021""; ","validation: """"\200\000\000\001&\000\000\000\017)/\352\224-:v|\203\267)\257\206\032Q\345X\002=\033c\255\253\226\014-o\364!\262f\370\222\250\377\220&p\343\245\3604Op\353\317\305P\027\000\000\000\000\000\000\000\000\000\000\000\000\000\000\000\000\000\000\000\000\000\000\000\000\000\000\000\000\000\000\000\000P\031D!=\355\210\037\325\034/l\242\365\034!w\324\362\3252-\025\351\314\2334,\306Dd\037v\256s!\003.\200\224\215?)t\306\315\242\313\251\255\302\204=\232.\271%}\013\024s\024\002@\216l""\241FvG0E\002!\000\251\000\024\271#\307C \2508\231\310\014\016T\254n\214\001\271\004\362\251\236\377\336{L\357\036\216\357\002 `\221\222\345F(\345\251\227\033\202\303\355\305\237\006\234E\265$\334\237\247\200h\377\317\377\262\300\216\021""; "
1750587309817,1750587309817,0,1,0,3,TMValidation,"validation: """"\200\000\000\001&\000\000\000\017)/\352\224-:v|\203\267)\257\206\032Q\345X\002=\033c\255\253\226\014-o\364!\262f\370\222\250\377\220&p\343\245\3604Op\353\317\305P\027\000\000\000\000\000\000\000\000\000\000\000\000\000\000\000\000\000\000\000\000\000\000\000\000\000\000\000\000\000\000\000\000P\031D!=\355\210\037\325\034/l\242\365\034!w\324\362\3252-\025\351\314\2334,\306Dd\037v\256s!\003.\200\224\215?)t\306\315\242\313\251\255\302\204=\232.\271%}\013\024s\024\002@\216l""\241FvG0E\002!\000\251\000\024\271#\307C \2508\231\310\014\016T\254n\214\001\271\004\362\251\236\377\336{L\357\036\216\357\002 `\221\222\345F(\345\251\227\033\202\303\355\305\237\006\234E\265$\334\237\247\200h\377\317\377\262\300\216\021""; ","validation: """"\200\000\000\001&\000\000\000\017)/\352\224-:v|\203\267)\257\206\032Q\345X\002=\033c\255\253\226\014-o\364!\262f\370\222\250\377\220&p\343\245\3604Op\353\317\305P\027\000\000\000\000\000\000\000\000\000\000\000\000\000\000\000\000\000\000\000\000\000\000\000\000\000\000\000\000\000\000\000\000P\031D!=\355\210\037\325\034/l\242\365\034!w\324\362\3252-\025\351\314\2334,\306Dd\037v\256s!\003.\200\224\215?)t\306\315\242\313\251\255\302\204=\232.\271%}\013\024s\024\002@\216l""\241FvG0E\002!\000\251\000\024\271#\307C \2508\231\310\014\016T\254n\214\001\271\004\362\251\236\377\336{L\357\036\216\357\002 `\221\222\345F(\345\251\227\033\202\303\355\305\237\006\234E\265$\334\237\247\200h\377\317\377\262\300\216\021""; "
1750587309817,1750587309817,0,1,0,1,TMValidation,"validation: """"\200\000\000\001&\000\000\000\017)/\352\224-:v|\203\267)\257\206\032Q\345X\002=\033c\255\253\226\014-o\364!\262f\370\222\250\377\220&p\343\245\3604Op\353\317\305P\027\000\000\000\000\000\000\000\000\000\000\000\000\000\000\000\000\000\000\000\000\000\000\000\000\000\000\000\000\000\000\000\000P\031D!=\355\210\037\325\034/l\242\365\034!w\324\362\3252-\025\351\314\2334,\306Dd\037v\256s!\003.\200\224\215?)t\306\315\242\313\251\255\302\204=\232.\271%}\013\024s\024\002@\216l""\241FvG0E\002!\000\251\000\024\271#\307C \2508\231\310\014\016T\254n\214\001\271\004\362\251\236\377\336{L\357\036\216\357\002 `\221\222\345F(\345\251\227\033\202\303\355\305\237\006\234E\265$\334\237\247\200h\377\317\377\262\300\216\021""; ","validation: """"\200\000\000\001&\000\000\000\017)/\352\224-:v|\203\267)\257\206\032Q\345X\002=\033c\255\253\226\014-o\364!\262f\370\222\250\377\220&p\343\245\3604Op\353\317\305P\027\000\000\000\000\000\000\000\000\000\000\000\000\000\000\000\000\000\000\000\000\000\000\000\000\000\000\000\000\000\000\000\000P\031D!=\355\210\037\325\034/l\242\365\034!w\324\362\3252-\025\351\314\2334,\306Dd\037v\256s!\003.\200\224\215?)t\306\315\242\313\251\255\302\204=\232.\271%}\013\024s\024\002@\216l""\241FvG0E\002!\000\251\000\024\271#\307C \2508\231\310\014\016T\254n\214\001\271\004\362\251\236\377\336{L\357\036\216\357\002 `\221\222\345F(\345\251\227\033\202\303\355\305\237\006\234E\265$\334\237\247\200h\377\317\377\262\300\216\021""; "
1750587309818,1750587309818,0,1,0,2,TMValidation,"validation: """"\200\000\000\001&\000\000\000\017)/\352\224-:v|\203\267)\257\206\032Q\345X\002=\033c\255\253\226\014-o\364!\262f\370\222\250\377\220&p\343\245\3604Op\353\317\305P\027\000\000\000\000\000\000\000\000\000\000\000\000\000\000\000\000\000\000\000\000\000\000\000\000\000\000\000\000\000\000\000\000P\031D!=\355\210\037\325\034/l\242\365\034!w\324\362\3252-\025\351\314\2334,\306Dd\037v\256s!\003.\200\224\215?)t\306\315\242\313\251\255\302\204=\232.\271%}\013\024s\024\002@\216l""\241FvG0E\002!\000\251\000\024\271#\307C \2508\231\310\014\016T\254n\214\001\271\004\362\251\236\377\336{L\357\036\216\357\002 `\221\222\345F(\345\251\227\033\202\303\355\305\237\006\234E\265$\334\237\247\200h\377\317\377\262\300\216\021""; ","validation: """"\200\000\000\001&\000\000\000\017)/\352\224-:v|\203\267)\257\206\032Q\345X\002=\033c\255\253\226\014-o\364!\262f\370\222\250\377\220&p\343\245\3604Op\353\317\305P\027\000\000\000\000\000\000\000\000\000\000\000\000\000\000\000\000\000\000\000\000\000\000\000\000\000\000\000\000\000\000\000\000P\031D!=\355\210\037\325\034/l\242\365\034!w\324\362\3252-\025\351\314\2334,\306Dd\037v\256s!\003.\200\224\215?)t\306\315\242\313\251\255\302\204=\232.\271%}\013\024s\024\002@\216l""\241FvG0E\002!\000\251\000\024\271#\307C \2508\231\310\014\016T\254n\214\001\271\004\362\251\236\377\336{L\357\036\216\357\002 `\221\222\345F(\345\251\227\033\202\303\355\305\237\006\234E\265$\334\237\247\200h\377\317\377\262\300\216\021""; "
1750587309818,1750587309819,0,1,2,0,TMValidation,"validation: """"\200\000\000\001&\000\000\000\017)/\352\224-:v|\203\267)\257\206\032Q\345X\002=\033c\255\253\226\014-o\364!\262f\370\222\250\377\220&p\343\245\3604Op\353\317\305P\027\000\000\000\000\000\000\000\000\000\000\000\000\000\000\000\000\000\000\000\000\000\000\000\000\000\000\000\000\000\000\000\000P\031D!=\355\210\037\325\034/l\242\365\034!w\324\362\3252-\025\351\314\2334,\306Dd\037v\256s!\003.\200\224\215?)t\306\315\242\313\251\255\302\204=\232.\271%}\013\024s\024\002@\216l""\241FvG0E\002!\000\251\000\024\271#\307C \2508\231\310\014\016T\254n\214\001\271\004\362\251\236\377\336{L\357\036\216\357\002 `\221\222\345F(\345\251\227\033\202\303\355\305\237\006\234E\265$\334\237\247\200h\377\317\377\262\300\216\021""; ","validation: """"\200\000\000\001&\000\000\000\017)/\352\224-:v|\203\267)\257\206\032Q\345X\002=\033c\255\253\226\014-o\364!\262f\370\222\250\377\220&p\343\245\3604Op\353\317\305P\027\000\000\000\000\000\000\000\000\000\000\000\000\000\000\000\000\000\000\000\000\000\000\000\000\000\000\000\000\000\000\000\000P\031D!=\355\210\037\325\034/l\242\365\034!w\324\362\3252-\025\351\314\2334,\306Dd\037v\256s!\003.\200\224\215?)t\306\315\242\313\251\255\302\204=\232.\271%}\013\024s\024\002@\216l""\241FvG0E\002!\000\251\000\024\271#\307C \2508\231\310\014\016T\254n\214\001\271\004\362\251\236\377\336{L\357\036\216\357\002 `\221\222\345F(\345\251\227\033\202\303\355\305\237\006\234E\265$\334\237\247\200h\377\317\377\262\300\216\021""; "
1750587309819,1750587309819,0,1,2,1,TMValidation,"validation: """"\200\000\000\001&\000\000\000\017)/\352\224-:v|\203\267)\257\206\032Q\345X\002=\033c\255\253\226\014-o\364!\262f\370\222\250\377\220&p\343\245\3604Op\353\317\305P\027\000\000\000\000\000\000\000\000\000\000\000\000\000\000\000\000\000\000\000\000\000\000\000\000\000\000\000\000\000\000\000\000P\031D!=\355\210\037\325\034/l\242\365\034!w\324\362\3252-\025\351\314\2334,\306Dd\037v\256s!\003.\200\224\215?)t\306\315\242\313\251\255\302\204=\232.\271%}\013\024s\024\002@\216l""\241FvG0E\002!\000\251\000\024\271#\307C \2508\231\310\014\016T\254n\214\001\271\004\362\251\236\377\336{L\357\036\216\357\002 `\221\222\345F(\345\251\227\033\202\303\355\305\237\006\234E\265$\334\237\247\200h\377\317\377\262\300\216\021""; ","validation: """"\200\000\000\001&\000\000\000\017)/\352\224-:v|\203\267)\257\206\032Q\345X\002=\033c\255\253\226\014-o\364!\262f\370\222\250\377\220&p\343\245\3604Op\353\317\305P\027\000\000\000\000\000\000\000\000\000\000\000\000\000\000\000\000\000\000\000\000\000\000\000\000\000\000\000\000\000\000\000\000P\031D!=\355\210\037\325\034/l\242\365\034!w\324\362\3252-\025\351\314\2334,\306Dd\037v\256s!\003.\200\224\215?)t\306\315\242\313\251\255\302\204=\232.\271%}\013\024s\024\002@\216l""\241FvG0E\002!\000\251\000\024\271#\307C \2508\231\310\014\016T\254n\214\001\271\004\362\251\236\377\336{L\357\036\216\357\002 `\221\222\345F(\345\251\227\033\202\303\355\305\237\006\234E\265$\334\237\247\200h\377\317\377\262\300\216\021""; "
1750587309886,1750587309886,0,1,3,4,TMProposeSet,"proposeSeq: 0; currentTxHash: ""\000\000\000\000\000\000\000\000\000\000\000\000\000\000\000\000\000\000\000\000\000\000\000\000\000\000\000\000\000\000\000\000""; nodePubKey: ""\003\325Q\255\224\274R@\312\253\262\347\352\034\346\347\242\215,\312\376=\277\353{\350\225\301\305`^, ""; closeTime: 803902509; signature: ""0E\002!\000\350\217O\177\232\304W\003]\344B-\237\204\333\227\226\273\254\367\033Bx$\350y\0048'\213v\353\002 \016TB""m\214\340rU\212\343\244\310\360\245HL\354\n\323)\013\337\230""\217\3518\324\365t\002""; previousledger: ""\345X\002=\033c\255\253\226\014-o\364!\262f\370\222\250\377\220&p\343\245\3604Op\353\317\305""; ","proposeSeq: 0; currentTxHash: ""\000\000\000\000\000\000\000\000\000\000\000\000\000\000\000\000\000\000\000\000\000\000\000\000\000\000\000\000\000\000\000\000""; nodePubKey: ""\003\325Q\255\224\274R@\312\253\262\347\352\034\346\347\242\215,\312\376=\277\353{\350\225\301\305`^, ""; closeTime: 803902509; signature: ""0E\002!\000\350\217O\177\232\304W\003]\344B-\237\204\333\227\226\273\254\367\033Bx$\350y\0048'\213v\353\002 \016TB""m\214\340rU\212\343\244\310\360\245HL\354\n\323)\013\337\230""\217\3518\324\365t\002""; previousledger: ""\345X\002=\033c\255\253\226\014-o\364!\262f\370\222\250\377\220&p\343\245\3604Op\353\317\305""; "
1750587309888,1750587309888,0,1,4,1,TMProposeSet,"proposeSeq: 0; currentTxHash: ""\000\000\000\000\000\000\000\000\000\000\000\000\000\000\000\000\000\000\000\000\000\000\000\000\000\000\000\000\000\000\000\000""; nodePubKey: ""\003\325Q\255\224\274R@\312\253\262\347\352\034\346\347\242\215,\312\376=\277\353{\350\225\301\305`^, ""; closeTime: 803902509; signature: ""0E\002!\000\350\217O\177\232\304W\003]\344B-\237\204\333\227\226\273\254\367\033Bx$\350y\0048'\213v\353\002 \016TB""m\214\340rU\212\343\244\310\360\245HL\354\n\323)\013\337\230""\217\3518\324\365t\002""; previousledger: ""\345X\002=\033c\255\253\226\014-o\364!\262f\370\222\250\377\220&p\343\245\3604Op\353\317\305""; ","proposeSeq: 0; currentTxHash: ""\000\000\000\000\000\000\000\000\000\000\000\000\000\000\000\000\000\000\000\000\000\000\000\000\000\000\000\000\000\000\000\000""; nodePubKey: ""\003\325Q\255\224\274R@\312\253\262\347\352\034\346\347\242\215,\312\376=\277\353{\350\225\301\305`^, ""; closeTime: 803902509; signature: ""0E\002!\000\350\217O\177\232\304W\003]\344B-\237\204\333\227\226\273\254\367\033Bx$\350y\0048'\213v\353\002 \016TB""m\214\340rU\212\343\244\310\360\245HL\354\n\323)\013\337\230""\217\3518\324\365t\002""; previousledger: ""\345X\002=\033c\255\253\226\014-o\364!\262f\370\222\250\377\220&p\343\245\3604Op\353\317\305""; "
1750587309888,1750587309888,0,1,4,2,TMProposeSet,"proposeSeq: 0; currentTxHash: ""\000\000\000\000\000\000\000\000\000\000\000\000\000\000\000\000\000\000\000\000\000\000\000\000\000\000\000\000\000\000\000\000""; nodePubKey: ""\003\325Q\255\224\274R@\312\253\262\347\352\034\346\347\242\215,\312\376=\277\353{\350\225\301\305`^, ""; closeTime: 803902509; signature: ""0E\002!\000\350\217O\177\232\304W\003]\344B-\237\204\333\227\226\273\254\367\033Bx$\350y\0048'\213v\353\002 \016TB""m\214\340rU\212\343\244\310\360\245HL\354\n\323)\013\337\230""\217\3518\324\365t\002""; previousledger: ""\345X\002=\033c\255\253\226\014-o\364!\262f\370\222\250\377\220&p\343\245\3604Op\353\317\305""; ","proposeSeq: 0; currentTxHash: ""\000\000\000\000\000\000\000\000\000\000\000\000\000\000\000\000\000\000\000\000\000\000\000\000\000\000\000\000\000\000\000\000""; nodePubKey: ""\003\325Q\255\224\274R@\312\253\262\347\352\034\346\347\242\215,\312\376=\277\353{\350\225\301\305`^, ""; closeTime: 803902509; signature: ""0E\002!\000\350\217O\177\232\304W\003]\344B-\237\204\333\227\226\273\254\367\033Bx$\350y\0048'\213v\353\002 \016TB""m\214\340rU\212\343\244\310\360\245HL\354\n\323)\013\337\230""\217\3518\324\365t\002""; previousledger: ""\345X\002=\033c\255\253\226\014-o\364!\262f\370\222\250\377\220&p\343\245\3604Op\353\317\305""; "
1750587309889,1750587309889,0,1,4,0,TMProposeSet,"proposeSeq: 0; currentTxHash: ""\000\000\000\000\000\000\000\000\000\000\000\000\000\000\000\000\000\000\000\000\000\000\000\000\000\000\000\000\000\000\000\000""; nodePubKey: ""\003\325Q\255\224\274R@\312\253\262\347\352\034\346\347\242\215,\312\376=\277\353{\350\225\301\305`^, ""; closeTime: 803902509; signature: ""0E\002!\000\350\217O\177\232\304W\003]\344B-\237\204\333\227\226\273\254\367\033Bx$\350y\0048'\213v\353\002 \016TB""m\214\340rU\212\343\244\310\360\245HL\354\n\323)\013\337\230""\217\3518\324\365t\002""; previousledger: ""\345X\002=\033c\255\253\226\014-o\364!\262f\370\222\250\377\220&p\343\245\3604Op\353\317\305""; ","proposeSeq: 0; currentTxHash: ""\000\000\000\000\000\000\000\000\000\000\000\000\000\000\000\000\000\000\000\000\000\000\000\000\000\000\000\000\000\000\000\000""; nodePubKey: ""\003\325Q\255\224\274R@\312\253\262\347\352\034\346\347\242\215,\312\376=\277\353{\350\225\301\305`^, ""; closeTime: 803902509; signature: ""0E\002!\000\350\217O\177\232\304W\003]\344B-\237\204\333\227\226\273\254\367\033Bx$\350y\0048'\213v\353\002 \016TB""m\214\340rU\212\343\244\310\360\245HL\354\n\323)\013\337\230""\217\3518\324\365t\002""; previousledger: ""\345X\002=\033c\255\253\226\014-o\364!\262f\370\222\250\377\220&p\343\245\3604Op\353\317\305""; "
1750587309890,1750587309890,0,1,1,3,TMProposeSet,"proposeSeq: 0; currentTxHash: ""\000\000\000\000\000\000\000\000\000\000\000\000\000\000\000\000\000\000\000\000\000\000\000\000\000\000\000\000\000\000\000\000""; nodePubKey: ""\003\325Q\255\224\274R@\312\253\262\347\352\034\346\347\242\215,\312\376=\277\353{\350\225\301\305`^, ""; closeTime: 803902509; signature: ""0E\002!\000\350\217O\177\232\304W\003]\344B-\237\204\333\227\226\273\254\367\033Bx$\350y\0048'\213v\353\002 \016TB""m\214\340rU\212\343\244\310\360\245HL\354\n\323)\013\337\230""\217\3518\324\365t\002""; previousledger: ""\345X\002=\033c\255\253\226\014-o\364!\262f\370\222\250\377\220&p\343\245\3604Op\353\317\305""; ","proposeSeq: 0; currentTxHash: ""\000\000\000\000\000\000\000\000\000\000\000\000\000\000\000\000\000\000\000\000\000\000\000\000\000\000\000\000\000\000\000\000""; nodePubKey: ""\003\325Q\255\224\274R@\312\253\262\347\352\034\346\347\242\215,\312\376=\277\353{\350\225\301\305`^, ""; closeTime: 803902509; signature: ""0E\002!\000\350\217O\177\232\304W\003]\344B-\237\204\333\227\226\273\254\367\033Bx$\350y\0048'\213v\353\002 \016TB""m\214\340rU\212\343\244\310\360\245HL\354\n\323)\013\337\230""\217\3518\324\365t\002""; previousledger: ""\345X\002=\033c\255\253\226\014-o\364!\262f\370\222\250\377\220&p\343\245\3604Op\353\317\305""; "
1750587309891,1750587309891,0,1,1,2,TMProposeSet,"proposeSeq: 0; currentTxHash: ""\000\000\000\000\000\000\000\000\000\000\000\000\000\000\000\000\000\000\000\000\000\000\000\000\000\000\000\000\000\000\000\000""; nodePubKey: ""\003\325Q\255\224\274R@\312\253\262\347\352\034\346\347\242\215,\312\376=\277\353{\350\225\301\305`^, ""; closeTime: 803902509; signature: ""0E\002!\000\350\217O\177\232\304W\003]\344B-\237\204\333\227\226\273\254\367\033Bx$\350y\0048'\213v\353\002 \016TB""m\214\340rU\212\343\244\310\360\245HL\354\n\323)\013\337\230""\217\3518\324\365t\002""; previousledger: ""\345X\002=\033c\255\253\226\014-o\364!\262f\370\222\250\377\220&p\343\245\3604Op\353\317\305""; ","proposeSeq: 0; currentTxHash: ""\000\000\000\000\000\000\000\000\000\000\000\000\000\000\000\000\000\000\000\000\000\000\000\000\000\000\000\000\000\000\000\000""; nodePubKey: ""\003\325Q\255\224\274R@\312\253\262\347\352\034\346\347\242\215,\312\376=\277\353{\350\225\301\305`^, ""; closeTime: 803902509; signature: ""0E\002!\000\350\217O\177\232\304W\003]\344B-\237\204\333\227\226\273\254\367\033Bx$\350y\0048'\213v\353\002 \016TB""m\214\340rU\212\343\244\310\360\245HL\354\n\323)\013\337\230""\217\3518\324\365t\002""; previousledger: ""\345X\002=\033c\255\253\226\014-o\364!\262f\370\222\250\377\220&p\343\245\3604Op\353\317\305""; "
1750587309892,1750587309892,0,1,2,1,TMProposeSet,"proposeSeq: 0; currentTxHash: ""\000\000\000\000\000\000\000\000\000\000\000\000\000\000\000\000\000\000\000\000\000\000\000\000\000\000\000\000\000\000\000\000""; nodePubKey: ""\003\325Q\255\224\274R@\312\253\262\347\352\034\346\347\242\215,\312\376=\277\353{\350\225\301\305`^, ""; closeTime: 803902509; signature: ""0E\002!\000\350\217O\177\232\304W\003]\344B-\237\204\333\227\226\273\254\367\033Bx$\350y\0048'\213v\353\002 \016TB""m\214\340rU\212\343\244\310\360\245HL\354\n\323)\013\337\230""\217\3518\324\365t\002""; previousledger: ""\345X\002=\033c\255\253\226\014-o\364!\262f\370\222\250\377\220&p\343\245\3604Op\353\317\305""; ","proposeSeq: 0; currentTxHash: ""\000\000\000\000\000\000\000\000\000\000\000\000\000\000\000\000\000\000\000\000\000\000\000\000\000\000\000\000\000\000\000\000""; nodePubKey: ""\003\325Q\255\224\274R@\312\253\262\347\352\034\346\347\242\215,\312\376=\277\353{\350\225\301\305`^, ""; closeTime: 803902509; signature: ""0E\002!\000\350\217O\177\232\304W\003]\344B-\237\204\333\227\226\273\254\367\033Bx$\350y\0048'\213v\353\002 \016TB""m\214\340rU\212\343\244\310\360\245HL\354\n\323)\013\337\230""\217\3518\324\365t\002""; previousledger: ""\345X\002=\033c\255\253\226\014-o\364!\262f\370\222\250\377\220&p\343\245\3604Op\353\317\305""; "
1750587309891,1750587309891,0,1,1,0,TMProposeSet,"proposeSeq: 0; currentTxHash: ""\000\000\000\000\000\000\000\000\000\000\000\000\000\000\000\000\000\000\000\000\000\000\000\000\000\000\000\000\000\000\000\000""; nodePubKey: ""\003\325Q\255\224\274R@\312\253\262\347\352\034\346\347\242\215,\312\376=\277\353{\350\225\301\305`^, ""; closeTime: 803902509; signature: ""0E\002!\000\350\217O\177\232\304W\003]\344B-\237\204\333\227\226\273\254\367\033Bx$\350y\0048'\213v\353\002 \016TB""m\214\340rU\212\343\244\310\360\245HL\354\n\323)\013\337\230""\217\3518\324\365t\002""; previousledger: ""\345X\002=\033c\255\253\226\014-o\364!\262f\370\222\250\377\220&p\343\245\3604Op\353\317\305""; ","proposeSeq: 0; currentTxHash: ""\000\000\000\000\000\000\000\000\000\000\000\000\000\000\000\000\000\000\000\000\000\000\000\000\000\000\000\000\000\000\000\000""; nodePubKey: ""\003\325Q\255\224\274R@\312\253\262\347\352\034\346\347\242\215,\312\376=\277\353{\350\225\301\305`^, ""; closeTime: 803902509; signature: ""0E\002!\000\350\217O\177\232\304W\003]\344B-\237\204\333\227\226\273\254\367\033Bx$\350y\0048'\213v\353\002 \016TB""m\214\340rU\212\343\244\310\360\245HL\354\n\323)\013\337\230""\217\3518\324\365t\002""; previousledger: ""\345X\002=\033c\255\253\226\014-o\364!\262f\370\222\250\377\220&p\343\245\3604Op\353\317\305""; "
1750587309892,1750587309892,0,1,0,3,TMProposeSet,"proposeSeq: 0; currentTxHash: ""\000\000\000\000\000\000\000\000\000\000\000\000\000\000\000\000\000\000\000\000\000\000\000\000\000\000\000\000\000\000\000\000""; nodePubKey: ""\003\325Q\255\224\274R@\312\253\262\347\352\034\346\347\242\215,\312\376=\277\353{\350\225\301\305`^, ""; closeTime: 803902509; signature: ""0E\002!\000\350\217O\177\232\304W\003]\344B-\237\204\333\227\226\273\254\367\033Bx$\350y\0048'\213v\353\002 \016TB""m\214\340rU\212\343\244\310\360\245HL\354\n\323)\013\337\230""\217\3518\324\365t\002""; previousledger: ""\345X\002=\033c\255\253\226\014-o\364!\262f\370\222\250\377\220&p\343\245\3604Op\353\317\305""; ","proposeSeq: 0; currentTxHash: ""\000\000\000\000\000\000\000\000\000\000\000\000\000\000\000\000\000\000\000\000\000\000\000\000\000\000\000\000\000\000\000\000""; nodePubKey: ""\003\325Q\255\224\274R@\312\253\262\347\352\034\346\347\242\215,\312\376=\277\353{\350\225\301\305`^, ""; closeTime: 803902509; signature: ""0E\002!\000\350\217O\177\232\304W\003]\344B-\237\204\333\227\226\273\254\367\033Bx$\350y\0048'\213v\353\002 \016TB""m\214\340rU\212\343\244\310\360\245HL\354\n\323)\013\337\230""\217\3518\324\365t\002""; previousledger: ""\345X\002=\033c\255\253\226\014-o\364!\262f\370\222\250\377\220&p\343\245\3604Op\353\317\305""; "
1750587309892,1750587309893,0,1,2,0,TMProposeSet,"proposeSeq: 0; currentTxHash: ""\000\000\000\000\000\000\000\000\000\000\000\000\000\000\000\000\000\000\000\000\000\000\000\000\000\000\000\000\000\000\000\000""; nodePubKey: ""\003\325Q\255\224\274R@\312\253\262\347\352\034\346\347\242\215,\312\376=\277\353{\350\225\301\305`^, ""; closeTime: 803902509; signature: ""0E\002!\000\350\217O\177\232\304W\003]\344B-\237\204\333\227\226\273\254\367\033Bx$\350y\0048'\213v\353\002 \016TB""m\214\340rU\212\343\244\310\360\245HL\354\n\323)\013\337\230""\217\3518\324\365t\002""; previousledger: ""\345X\002=\033c\255\253\226\014-o\364!\262f\370\222\250\377\220&p\343\245\3604Op\353\317\305""; ","proposeSeq: 0; currentTxHash: ""\000\000\000\000\000\000\000\000\000\000\000\000\000\000\000\000\000\000\000\000\000\000\000\000\000\000\000\000\000\000\000\000""; nodePubKey: ""\003\325Q\255\224\274R@\312\253\262\347\352\034\346\347\242\215,\312\376=\277\353{\350\225\301\305`^, ""; closeTime: 803902509; signature: ""0E\002!\000\350\217O\177\232\304W\003]\344B-\237\204\333\227\226\273\254\367\033Bx$\350y\0048'\213v\353\002 \016TB""m\214\340rU\212\343\244\310\360\245HL\354\n\323)\013\337\230""\217\3518\324\365t\002""; previousledger: ""\345X\002=\033c\255\253\226\014-o\364!\262f\370\222\250\377\220&p\343\245\3604Op\353\317\305""; "
1750587309893,1750587309893,0,1,2,3,TMProposeSet,"proposeSeq: 0; currentTxHash: ""\000\000\000\000\000\000\000\000\000\000\000\000\000\000\000\000\000\000\000\000\000\000\000\000\000\000\000\000\000\000\000\000""; nodePubKey: ""\003\325Q\255\224\274R@\312\253\262\347\352\034\346\347\242\215,\312\376=\277\353{\350\225\301\305`^, ""; closeTime: 803902509; signature: ""0E\002!\000\350\217O\177\232\304W\003]\344B-\237\204\333\227\226\273\254\367\033Bx$\350y\0048'\213v\353\002 \016TB""m\214\340rU\212\343\244\310\360\245HL\354\n\323)\013\337\230""\217\3518\324\365t\002""; previousledger: ""\345X\002=\033c\255\253\226\014-o\364!\262f\370\222\250\377\220&p\343\245\3604Op\353\317\305""; ","proposeSeq: 0; currentTxHash: ""\000\000\000\000\000\000\000\000\000\000\000\000\000\000\000\000\000\000\000\000\000\000\000\000\000\000\000\000\000\000\000\000""; nodePubKey: ""\003\325Q\255\224\274R@\312\253\262\347\352\034\346\347\242\215,\312\376=\277\353{\350\225\301\305`^, ""; closeTime: 803902509; signature: ""0E\002!\000\350\217O\177\232\304W\003]\344B-\237\204\333\227\226\273\254\367\033Bx$\350y\0048'\213v\353\002 \016TB""m\214\340rU\212\343\244\310\360\245HL\354\n\323)\013\337\230""\217\3518\324\365t\002""; previousledger: ""\345X\002=\033c\255\253\226\014-o\364!\262f\370\222\250\377\220&p\343\245\3604Op\353\317\305""; "
1750587309893,1750587309893,0,1,0,2,TMProposeSet,"proposeSeq: 0; currentTxHash: ""\000\000\000\000\000\000\000\000\000\000\000\000\000\000\000\000\000\000\000\000\000\000\000\000\000\000\000\000\000\000\000\000""; nodePubKey: ""\003\325Q\255\224\274R@\312\253\262\347\352\034\346\347\242\215,\312\376=\277\353{\350\225\301\305`^, ""; closeTime: 803902509; signature: ""0E\002!\000\350\217O\177\232\304W\003]\344B-\237\204\333\227\226\273\254\367\033Bx$\350y\0048'\213v\353\002 \016TB""m\214\340rU\212\343\244\310\360\245HL\354\n\323)\013\337\230""\217\3518\324\365t\002""; previousledger: ""\345X\002=\033c\255\253\226\014-o\364!\262f\370\222\250\377\220&p\343\245\3604Op\353\317\305""; ","proposeSeq: 0; currentTxHash: ""\000\000\000\000\000\000\000\000\000\000\000\000\000\000\000\000\000\000\000\000\000\000\000\000\000\000\000\000\000\000\000\000""; nodePubKey: ""\003\325Q\255\224\274R@\312\253\262\347\352\034\346\347\242\215,\312\376=\277\353{\350\225\301\305`^, ""; closeTime: 803902509; signature: ""0E\002!\000\350\217O\177\232\304W\003]\344B-\237\204\333\227\226\273\254\367\033Bx$\350y\0048'\213v\353\002 \016TB""m\214\340rU\212\343\244\310\360\245HL\354\n\323)\013\337\230""\217\3518\324\365t\002""; previousledger: ""\345X\002=\033c\255\253\226\014-o\364!\262f\370\222\250\377\220&p\343\245\3604Op\353\317\305""; "
1750587309894,1750587309894,0,1,0,1,TMProposeSet,"proposeSeq: 0; currentTxHash: ""\000\000\000\000\000\000\000\000\000\000\000\000\000\000\000\000\000\000\000\000\000\000\000\000\000\000\000\000\000\000\000\000""; nodePubKey: ""\003\325Q\255\224\274R@\312\253\262\347\352\034\346\347\242\215,\312\376=\277\353{\350\225\301\305`^, ""; closeTime: 803902509; signature: ""0E\002!\000\350\217O\177\232\304W\003]\344B-\237\204\333\227\226\273\254\367\033Bx$\350y\0048'\213v\353\002 \016TB""m\214\340rU\212\343\244\310\360\245HL\354\n\323)\013\337\230""\217\3518\324\365t\002""; previousledger: ""\345X\002=\033c\255\253\226\014-o\364!\262f\370\222\250\377\220&p\343\245\3604Op\353\317\305""; ","proposeSeq: 0; currentTxHash: ""\000\000\000\000\000\000\000\000\000\000\000\000\000\000\000\000\000\000\000\000\000\000\000\000\000\000\000\000\000\000\000\000""; nodePubKey: ""\003\325Q\255\224\274R@\312\253\262\347\352\034\346\347\242\215,\312\376=\277\353{\350\225\301\305`^, ""; closeTime: 803902509; signature: ""0E\002!\000\350\217O\177\232\304W\003]\344B-\237\204\333\227\226\273\254\367\033Bx$\350y\0048'\213v\353\002 \016TB""m\214\340rU\212\343\244\310\360\245HL\354\n\323)\013\337\230""\217\3518\324\365t\002""; previousledger: ""\345X\002=\033c\255\253\226\014-o\364!\262f\370\222\250\377\220&p\343\245\3604Op\353\317\305""; "
1750587309894,1750587309894,0,1,3,1,TMProposeSet,"proposeSeq: 0; currentTxHash: ""\000\000\000\000\000\000\000\000\000\000\000\000\000\000\000\000\000\000\000\000\000\000\000\000\000\000\000\000\000\000\000\000""; nodePubKey: ""\003\325Q\255\224\274R@\312\253\262\347\352\034\346\347\242\215,\312\376=\277\353{\350\225\301\305`^, ""; closeTime: 803902509; signature: ""0E\002!\000\350\217O\177\232\304W\003]\344B-\237\204\333\227\226\273\254\367\033Bx$\350y\0048'\213v\353\002 \016TB""m\214\340rU\212\343\244\310\360\245HL\354\n\323)\013\337\230""\217\3518\324\365t\002""; previousledger: ""\345X\002=\033c\255\253\226\014-o\364!\262f\370\222\250\377\220&p\343\245\3604Op\353\317\305""; ","proposeSeq: 0; currentTxHash: ""\000\000\000\000\000\000\000\000\000\000\000\000\000\000\000\000\000\000\000\000\000\000\000\000\000\000\000\000\000\000\000\000""; nodePubKey: ""\003\325Q\255\224\274R@\312\253\262\347\352\034\346\347\242\215,\312\376=\277\353{\350\225\301\305`^, ""; closeTime: 803902509; signature: ""0E\002!\000\350\217O\177\232\304W\003]\344B-\237\204\333\227\226\273\254\367\033Bx$\350y\0048'\213v\353\002 \016TB""m\214\340rU\212\343\244\310\360\245HL\354\n\323)\013\337\230""\217\3518\324\365t\002""; previousledger: ""\345X\002=\033c\255\253\226\014-o\364!\262f\370\222\250\377\220&p\343\245\3604Op\353\317\305""; "
1750587309895,1750587309895,0,1,3,0,TMProposeSet,"proposeSeq: 0; currentTxHash: ""\000\000\000\000\000\000\000\000\000\000\000\000\000\000\000\000\000\000\000\000\000\000\000\000\000\000\000\000\000\000\000\000""; nodePubKey: ""\003\325Q\255\224\274R@\312\253\262\347\352\034\346\347\242\215,\312\376=\277\353{\350\225\301\305`^, ""; closeTime: 803902509; signature: ""0E\002!\000\350\217O\177\232\304W\003]\344B-\237\204\333\227\226\273\254\367\033Bx$\350y\0048'\213v\353\002 \016TB""m\214\340rU\212\343\244\310\360\245HL\354\n\323)\013\337\230""\217\3518\324\365t\002""; previousledger: ""\345X\002=\033c\255\253\226\014-o\364!\262f\370\222\250\377\220&p\343\245\3604Op\353\317\305""; ","proposeSeq: 0; currentTxHash: ""\000\000\000\000\000\000\000\000\000\000\000\000\000\000\000\000\000\000\000\000\000\000\000\000\000\000\000\000\000\000\000\000""; nodePubKey: ""\003\325Q\255\224\274R@\312\253\262\347\352\034\346\347\242\215,\312\376=\277\353{\350\225\301\305`^, ""; closeTime: 803902509; signature: ""0E\002!\000\350\217O\177\232\304W\003]\344B-\237\204\333\227\226\273\254\367\033Bx$\350y\0048'\213v\353\002 \016TB""m\214\340rU\212\343\244\310\360\245HL\354\n\323)\013\337\230""\217\3518\324\365t\002""; previousledger: ""\345X\002=\033c\255\253\226\014-o\364!\262f\370\222\250\377\220&p\343\245\3604Op\353\317\305""; "
1750587309896,1750587309896,0,1,3,2,TMProposeSet,"proposeSeq: 0; currentTxHash: ""\000\000\000\000\000\000\000\000\000\000\000\000\000\000\000\000\000\000\000\000\000\000\000\000\000\000\000\000\000\000\000\000""; nodePubKey: ""\003\325Q\255\224\274R@\312\253\262\347\352\034\346\347\242\215,\312\376=\277\353{\350\225\301\305`^, ""; closeTime: 803902509; signature: ""0E\002!\000\350\217O\177\232\304W\003]\344B-\237\204\333\227\226\273\254\367\033Bx$\350y\0048'\213v\353\002 \016TB""m\214\340rU\212\343\244\310\360\245HL\354\n\323)\013\337\230""\217\3518\324\365t\002""; previousledger: ""\345X\002=\033c\255\253\226\014-o\364!\262f\370\222\250\377\220&p\343\245\3604Op\353\317\305""; ","proposeSeq: 0; currentTxHash: ""\000\000\000\000\000\000\000\000\000\000\000\000\000\000\000\000\000\000\000\000\000\000\000\000\000\000\000\000\000\000\000\000""; nodePubKey: ""\003\325Q\255\224\274R@\312\253\262\347\352\034\346\347\242\215,\312\376=\277\353{\350\225\301\305`^, ""; closeTime: 803902509; signature: ""0E\002!\000\350\217O\177\232\304W\003]\344B-\237\204\333\227\226\273\254\367\033Bx$\350y\0048'\213v\353\002 \016TB""m\214\340rU\212\343\244\310\360\245HL\354\n\323)\013\337\230""\217\3518\324\365t\002""; previousledger: ""\345X\002=\033c\255\253\226\014-o\364!\262f\370\222\250\377\220&p\343\245\3604Op\353\317\305""; "
1750587309884,1750587309925,0,1,3,2,TMStatusChange,"newEvent: neCLOSING_LEDGER; ledgerSeq: 15; ledgerHash: ""\345X\002=\033c\255\253\226\014-o\364!\262f\370\222\250\377\220&p\343\245\3604Op\353\317\305""; ledgerHashPrevious: ""D!=\355\210\037\325\034/l\242\365\034!w\324\362\3252-\025\351\314\2334,\306Dd\037v\256""; networkTime: 803902509; firstSeq: 9; lastSeq: 15; ","newEvent: neCLOSING_LEDGER; ledgerSeq: 15; ledgerHash: ""\345X\002=\033c\255\253\226\014-o\364!\262f\370\222\250\377\220&p\343\245\3604Op\353\317\305""; ledgerHashPrevious: ""D!=\355\210\037\325\034/l\242\365\034!w\324\362\3252-\025\351\314\2334,\306Dd\037v\256""; networkTime: 803902509; firstSeq: 9; lastSeq: 15; "
1750587309886,1750587309925,0,1,3,0,TMStatusChange,"newEvent: neCLOSING_LEDGER; ledgerSeq: 15; ledgerHash: ""\345X\002=\033c\255\253\226\014-o\364!\262f\370\222\250\377\220&p\343\245\3604Op\353\317\305""; ledgerHashPrevious: ""D!=\355\210\037\325\034/l\242\365\034!w\324\362\3252-\025\351\314\2334,\306Dd\037v\256""; networkTime: 803902509; firstSeq: 9; lastSeq: 15; ","newEvent: neCLOSING_LEDGER; ledgerSeq: 15; ledgerHash: ""\345X\002=\033c\255\253\226\014-o\364!\262f\370\222\250\377\220&p\343\245\3604Op\353\317\305""; ledgerHashPrevious: ""D!=\355\210\037\325\034/l\242\365\034!w\324\362\3252-\025\351\314\2334,\306Dd\037v\256""; networkTime: 803902509; firstSeq: 9; lastSeq: 15; "
1750587309886,1750587309926,0,1,3,1,TMStatusChange,"newEvent: neCLOSING_LEDGER; ledgerSeq: 15; ledgerHash: ""\345X\002=\033c\255\253\226\014-o\364!\262f\370\222\250\377\220&p\343\245\3604Op\353\317\305""; ledgerHashPrevious: ""D!=\355\210\037\325\034/l\242\365\034!w\324\362\3252-\025\351\314\2334,\306Dd\037v\256""; networkTime: 803902509; firstSeq: 9; lastSeq: 15; ","newEvent: neCLOSING_LEDGER; ledgerSeq: 15; ledgerHash: ""\345X\002=\033c\255\253\226\014-o\364!\262f\370\222\250\377\220&p\343\245\3604Op\353\317\305""; ledgerHashPrevious: ""D!=\355\210\037\325\034/l\242\365\034!w\324\362\3252-\025\351\314\2334,\306Dd\037v\256""; networkTime: 803902509; firstSeq: 9; lastSeq: 15; "
1750587309886,1750587309926,0,1,3,4,TMStatusChange,"newEvent: neCLOSING_LEDGER; ledgerSeq: 15; ledgerHash: ""\345X\002=\033c\255\253\226\014-o\364!\262f\370\222\250\377\220&p\343\245\3604Op\353\317\305""; ledgerHashPrevious: ""D!=\355\210\037\325\034/l\242\365\034!w\324\362\3252-\025\351\314\2334,\306Dd\037v\256""; networkTime: 803902509; firstSeq: 9; lastSeq: 15; ","newEvent: neCLOSING_LEDGER; ledgerSeq: 15; ledgerHash: ""\345X\002=\033c\255\253\226\014-o\364!\262f\370\222\250\377\220&p\343\245\3604Op\353\317\305""; ledgerHashPrevious: ""D!=\355\210\037\325\034/l\242\365\034!w\324\362\3252-\025\351\314\2334,\306Dd\037v\256""; networkTime: 803902509; firstSeq: 9; lastSeq: 15; "
1750587310020,1750587310020,0,1,0,4,TMProposeSet,"proposeSeq: 0; currentTxHash: ""\000\000\000\000\000\000\000\000\000\000\000\000\000\000\000\000\000\000\000\000\000\000\000\000\000\000\000\000\000\000\000\000""; nodePubKey: ""\002\347\243J\206W\025ML\260\226\0163\217\250\337\325W\253\356*O\245Z\271\234\207C\274\375`\335\311""; closeTime: 803902510; signature: ""0E\002!\000\262\005\347}\257\320ku\322.\205&\366\367\027\006\033\243C\305\271H\340R\302\020;UZ\3678\256\002 \033Z\223\005\t~%\275\333\323e*\021\007\245\225'7\014zCC\333'R\344_\220\346\351\010\335""; previousledger: ""\345X\002=\033c\255\253\226\014-o\364!\262f\370\222\250\377\220&p\343\245\3604Op\353\317\305""; ","proposeSeq: 0; currentTxHash: ""\000\000\000\000\000\000\000\000\000\000\000\000\000\000\000\000\000\000\000\000\000\000\000\000\000\000\000\000\000\000\000\000""; nodePubKey: ""\002\347\243J\206W\025ML\260\226\0163\217\250\337\325W\253\356*O\245Z\271\234\207C\274\375`\335\311""; closeTime: 803902510; signature: ""0E\002!\000\262\005\347}\257\320ku\322.\205&\366\367\027\006\033\243C\305\271H\340R\302\020;UZ\3678\256\002 \033Z\223\005\t~%\275\333\323e*\021\007\245\225'7\014zCC\333'R\344_\220\346\351\010\335""; previousledger: ""\345X\002=\033c\255\253\226\014-o\364!\262f\370\222\250\377\220&p\343\245\3604Op\353\317\305""; "
1750587310023,1750587310023,0,1,4,3,TMProposeSet,"proposeSeq: 0; currentTxHash: ""\000\000\000\000\000\000\000\000\000\000\000\000\000\000\000\000\000\000\000\000\000\000\000\000\000\000\000\000\000\000\000\000""; nodePubKey: ""\002\347\243J\206W\025ML\260\226\0163\217\250\337\325W\253\356*O\245Z\271\234\207C\274\375`\335\311""; closeTime: 803902510; signature: ""0E\002!\000\262\005\347}\257\320ku\322.\205&\366\367\027\006\033\243C\305\271H\340R\302\020;UZ\3678\256\002 \033Z\223\005\t~%\275\333\323e*\021\007\245\225'7\014zCC\333'R\344_\220\346\351\010\335""; previousledger: ""\345X\002=\033c\255\253\226\014-o\364!\262f\370\222\250\377\220&p\343\245\3604Op\353\317\305""; ","proposeSeq: 0; currentTxHash: ""\000\000\000\000\000\000\000\000\000\000\000\000\000\000\000\000\000\000\000\000\000\000\000\000\000\000\000\000\000\000\000\000""; nodePubKey: ""\002\347\243J\206W\025ML\260\226\0163\217\250\337\325W\253\356*O\245Z\271\234\207C\274\375`\335\311""; closeTime: 803902510; signature: ""0E\002!\000\262\005\347}\257\320ku\322.\205&\366\367\027\006\033\243C\305\271H\340R\302\020;UZ\3678\256\002 \033Z\223\005\t~%\275\333\323e*\021\007\245\225'7\014zCC\333'R\344_\220\346\351\010\335""; previousledger: ""\345X\002=\033c\255\253\226\014-o\364!\262f\370\222\250\377\220&p\343\245\3604Op\353\317\305""; "
1750587310024,1750587310024,0,1,4,1,TMProposeSet,"proposeSeq: 0; currentTxHash: ""\000\000\000\000\000\000\000\000\000\000\000\000\000\000\000\000\000\000\000\000\000\000\000\000\000\000\000\000\000\000\000\000""; nodePubKey: ""\002\347\243J\206W\025ML\260\226\0163\217\250\337\325W\253\356*O\245Z\271\234\207C\274\375`\335\311""; closeTime: 803902510; signature: ""0E\002!\000\262\005\347}\257\320ku\322.\205&\366\367\027\006\033\243C\305\271H\340R\302\020;UZ\3678\256\002 \033Z\223\005\t~%\275\333\323e*\021\007\245\225'7\014zCC\333'R\344_\220\346\351\010\335""; previousledger: ""\345X\002=\033c\255\253\226\014-o\364!\262f\370\222\250\377\220&p\343\245\3604Op\353\317\305""; ","proposeSeq: 0; currentTxHash: ""\000\000\000\000\000\000\000\000\000\000\000\000\000\000\000\000\000\000\000\000\000\000\000\000\000\000\000\000\000\000\000\000""; nodePubKey: ""\002\347\243J\206W\025ML\260\226\0163\217\250\337\325W\253\356*O\245Z\271\234\207C\274\375`\335\311""; closeTime: 803902510; signature: ""0E\002!\000\262\005\347}\257\320ku\322.\205&\366\367\027\006\033\243C\305\271H\340R\302\020;UZ\3678\256\002 \033Z\223\005\t~%\275\333\323e*\021\007\245\225'7\014zCC\333'R\344_\220\346\351\010\335""; previousledger: ""\345X\002=\033c\255\253\226\014-o\364!\262f\370\222\250\377\220&p\343\245\3604Op\353\317\305""; "
1750587310023,1750587310023,0,1,4,2,TMProposeSet,"proposeSeq: 0; currentTxHash: ""\000\000\000\000\000\000\000\000\000\000\000\000\000\000\000\000\000\000\000\000\000\000\000\000\000\000\000\000\000\000\000\000""; nodePubKey: ""\002\347\243J\206W\025ML\260\226\0163\217\250\337\325W\253\356*O\245Z\271\234\207C\274\375`\335\311""; closeTime: 803902510; signature: ""0E\002!\000\262\005\347}\257\320ku\322.\205&\366\367\027\006\033\243C\305\271H\340R\302\020;UZ\3678\256\002 \033Z\223\005\t~%\275\333\323e*\021\007\245\225'7\014zCC\333'R\344_\220\346\351\010\335""; previousledger: ""\345X\002=\033c\255\253\226\014-o\364!\262f\370\222\250\377\220&p\343\245\3604Op\353\317\305""; ","proposeSeq: 0; currentTxHash: ""\000\000\000\000\000\000\000\000\000\000\000\000\000\000\000\000\000\000\000\000\000\000\000\000\000\000\000\000\000\000\000\000""; nodePubKey: ""\002\347\243J\206W\025ML\260\226\0163\217\250\337\325W\253\356*O\245Z\271\234\207C\274\375`\335\311""; closeTime: 803902510; signature: ""0E\002!\000\262\005\347}\257\320ku\322.\205&\366\367\027\006\033\243C\305\271H\340R\302\020;UZ\3678\256\002 \033Z\223\005\t~%\275\333\323e*\021\007\245\225'7\014zCC\333'R\344_\220\346\351\010\335""; previousledger: ""\345X\002=\033c\255\253\226\014-o\364!\262f\370\222\250\377\220&p\343\245\3604Op\353\317\305""; "
1750587310026,1750587310026,0,1,3,2,TMProposeSet,"proposeSeq: 0; currentTxHash: ""\000\000\000\000\000\000\000\000\000\000\000\000\000\000\000\000\000\000\000\000\000\000\000\000\000\000\000\000\000\000\000\000""; nodePubKey: ""\002\347\243J\206W\025ML\260\226\0163\217\250\337\325W\253\356*O\245Z\271\234\207C\274\375`\335\311""; closeTime: 803902510; signature: ""0E\002!\000\262\005\347}\257\320ku\322.\205&\366\367\027\006\033\243C\305\271H\340R\302\020;UZ\3678\256\002 \033Z\223\005\t~%\275\333\323e*\021\007\245\225'7\014zCC\333'R\344_\220\346\351\010\335""; previousledger: ""\345X\002=\033c\255\253\226\014-o\364!\262f\370\222\250\377\220&p\343\245\3604Op\353\317\305""; ","proposeSeq: 0; currentTxHash: ""\000\000\000\000\000\000\000\000\000\000\000\000\000\000\000\000\000\000\000\000\000\000\000\000\000\000\000\000\000\000\000\000""; nodePubKey: ""\002\347\243J\206W\025ML\260\226\0163\217\250\337\325W\253\356*O\245Z\271\234\207C\274\375`\335\311""; closeTime: 803902510; signature: ""0E\002!\000\262\005\347}\257\320ku\322.\205&\366\367\027\006\033\243C\305\271H\340R\302\020;UZ\3678\256\002 \033Z\223\005\t~%\275\333\323e*\021\007\245\225'7\014zCC\333'R\344_\220\346\351\010\335""; previousledger: ""\345X\002=\033c\255\253\226\014-o\364!\262f\370\222\250\377\220&p\343\245\3604Op\353\317\305""; "
1750587310026,1750587310026,0,1,3,0,TMProposeSet,"proposeSeq: 0; currentTxHash: ""\000\000\000\000\000\000\000\000\000\000\000\000\000\000\000\000\000\000\000\000\000\000\000\000\000\000\000\000\000\000\000\000""; nodePubKey: ""\002\347\243J\206W\025ML\260\226\0163\217\250\337\325W\253\356*O\245Z\271\234\207C\274\375`\335\311""; closeTime: 803902510; signature: ""0E\002!\000\262\005\347}\257\320ku\322.\205&\366\367\027\006\033\243C\305\271H\340R\302\020;UZ\3678\256\002 \033Z\223\005\t~%\275\333\323e*\021\007\245\225'7\014zCC\333'R\344_\220\346\351\010\335""; previousledger: ""\345X\002=\033c\255\253\226\014-o\364!\262f\370\222\250\377\220&p\343\245\3604Op\353\317\305""; ","proposeSeq: 0; currentTxHash: ""\000\000\000\000\000\000\000\000\000\000\000\000\000\000\000\000\000\000\000\000\000\000\000\000\000\000\000\000\000\000\000\000""; nodePubKey: ""\002\347\243J\206W\025ML\260\226\0163\217\250\337\325W\253\356*O\245Z\271\234\207C\274\375`\335\311""; closeTime: 803902510; signature: ""0E\002!\000\262\005\347}\257\320ku\322.\205&\366\367\027\006\033\243C\305\271H\340R\302\020;UZ\3678\256\002 \033Z\223\005\t~%\275\333\323e*\021\007\245\225'7\014zCC\333'R\344_\220\346\351\010\335""; previousledger: ""\345X\002=\033c\255\253\226\014-o\364!\262f\370\222\250\377\220&p\343\245\3604Op\353\317\305""; "
1750587310027,1750587310027,0,1,1,3,TMProposeSet,"proposeSeq: 0; currentTxHash: ""\000\000\000\000\000\000\000\000\000\000\000\000\000\000\000\000\000\000\000\000\000\000\000\000\000\000\000\000\000\000\000\000""; nodePubKey: ""\002\347\243J\206W\025ML\260\226\0163\217\250\337\325W\253\356*O\245Z\271\234\207C\274\375`\335\311""; closeTime: 803902510; signature: ""0E\002!\000\262\005\347}\257\320ku\322.\205&\366\367\027\006\033\243C\305\271H\340R\302\020;UZ\3678\256\002 \033Z\223\005\t~%\275\333\323e*\021\007\245\225'7\014zCC\333'R\344_\220\346\351\010\335""; previousledger: ""\345X\002=\033c\255\253\226\014-o\364!\262f\370\222\250\377\220&p\343\245\3604Op\353\317\305""; ","proposeSeq: 0; currentTxHash: ""\000\000\000\000\000\000\000\000\000\000\000\000\000\000\000\000\000\000\000\000\000\000\000\000\000\000\000\000\000\000\000\000""; nodePubKey: ""\002\347\243J\206W\025ML\260\226\0163\217\250\337\325W\253\356*O\245Z\271\234\207C\274\375`\335\311""; closeTime: 803902510; signature: ""0E\002!\000\262\005\347}\257\320ku\322.\205&\366\367\027\006\033\243C\305\271H\340R\302\020;UZ\3678\256\002 \033Z\223\005\t~%\275\333\323e*\021\007\245\225'7\014zCC\333'R\344_\220\346\351\010\335""; previousledger: ""\345X\002=\033c\255\253\226\014-o\364!\262f\370\222\250\377\220&p\343\245\3604Op\353\317\305""; "
1750587310027,1750587310027,0,1,3,1,TMProposeSet,"proposeSeq: 0; currentTxHash: ""\000\000\000\000\000\000\000\000\000\000\000\000\000\000\000\000\000\000\000\000\000\000\000\000\000\000\000\000\000\000\000\000""; nodePubKey: ""\002\347\243J\206W\025ML\260\226\0163\217\250\337\325W\253\356*O\245Z\271\234\207C\274\375`\335\311""; closeTime: 803902510; signature: ""0E\002!\000\262\005\347}\257\320ku\322.\205&\366\367\027\006\033\243C\305\271H\340R\302\020;UZ\3678\256\002 \033Z\223\005\t~%\275\333\323e*\021\007\245\225'7\014zCC\333'R\344_\220\346\351\010\335""; previousledger: ""\345X\002=\033c\255\253\226\014-o\364!\262f\370\222\250\377\220&p\343\245\3604Op\353\317\305""; ","proposeSeq: 0; currentTxHash: ""\000\000\000\000\000\000\000\000\000\000\000\000\000\000\000\000\000\000\000\000\000\000\000\000\000\000\000\000\000\000\000\000""; nodePubKey: ""\002\347\243J\206W\025ML\260\226\0163\217\250\337\325W\253\356*O\245Z\271\234\207C\274\375`\335\311""; closeTime: 803902510; signature: ""0E\002!\000\262\005\347}\257\320ku\322.\205&\366\367\027\006\033\243C\305\271H\340R\302\020;UZ\3678\256\002 \033Z\223\005\t~%\275\333\323e*\021\007\245\225'7\014zCC\333'R\344_\220\346\351\010\335""; previousledger: ""\345X\002=\033c\255\253\226\014-o\364!\262f\370\222\250\377\220&p\343\245\3604Op\353\317\305""; "
1750587310033,1750587310034,0,1,1,0,TMProposeSet,"proposeSeq: 0; currentTxHash: ""\000\000\000\000\000\000\000\000\000\000\000\000\000\000\000\000\000\000\000\000\000\000\000\000\000\000\000\000\000\000\000\000""; nodePubKey: ""\002\347\243J\206W\025ML\260\226\0163\217\250\337\325W\253\356*O\245Z\271\234\207C\274\375`\335\311""; closeTime: 803902510; signature: ""0E\002!\000\262\005\347}\257\320ku\322.\205&\366\367\027\006\033\243C\305\271H\340R\302\020;UZ\3678\256\002 \033Z\223\005\t~%\275\333\323e*\021\007\245\225'7\014zCC\333'R\344_\220\346\351\010\335""; previousledger: ""\345X\002=\033c\255\253\226\014-o\364!\262f\370\222\250\377\220&p\343\245\3604Op\353\317\305""; ","proposeSeq: 0; currentTxHash: ""\000\000\000\000\000\000\000\000\000\000\000\000\000\000\000\000\000\000\000\000\000\000\000\000\000\000\000\000\000\000\000\000""; nodePubKey: ""\002\347\243J\206W\025ML\260\226\0163\217\250\337\325W\253\356*O\245Z\271\234\207C\274\375`\335\311""; closeTime: 803902510; signature: ""0E\002!\000\262\005\347}\257\320ku\322.\205&\366\367\027\006\033\243C\305\271H\340R\302\020;UZ\3678\256\002 \033Z\223\005\t~%\275\333\323e*\021\007\245\225'7\014zCC\333'R\344_\220\346\351\010\335""; previousledger: ""\345X\002=\033c\255\253\226\014-o\364!\262f\370\222\250\377\220&p\343\245\3604Op\353\317\305""; "
1750587310057,1750587310057,0,1,1,2,TMProposeSet,"proposeSeq: 0; currentTxHash: ""\000\000\000\000\000\000\000\000\000\000\000\000\000\000\000\000\000\000\000\000\000\000\000\000\000\000\000\000\000\000\000\000""; nodePubKey: ""\002\347\243J\206W\025ML\260\226\0163\217\250\337\325W\253\356*O\245Z\271\234\207C\274\375`\335\311""; closeTime: 803902510; signature: ""0E\002!\000\262\005\347}\257\320ku\322.\205&\366\367\027\006\033\243C\305\271H\340R\302\020;UZ\3678\256\002 \033Z\223\005\t~%\275\333\323e*\021\007\245\225'7\014zCC\333'R\344_\220\346\351\010\335""; previousledger: ""\345X\002=\033c\255\253\226\014-o\364!\262f\370\222\250\377\220&p\343\245\3604Op\353\317\305""; ","proposeSeq: 0; currentTxHash: ""\000\000\000\000\000\000\000\000\000\000\000\000\000\000\000\000\000\000\000\000\000\000\000\000\000\000\000\000\000\000\000\000""; nodePubKey: ""\002\347\243J\206W\025ML\260\226\0163\217\250\337\325W\253\356*O\245Z\271\234\207C\274\375`\335\311""; closeTime: 803902510; signature: ""0E\002!\000\262\005\347}\257\320ku\322.\205&\366\367\027\006\033\243C\305\271H\340R\302\020;UZ\3678\256\002 \033Z\223\005\t~%\275\333\323e*\021\007\245\225'7\014zCC\333'R\344_\220\346\351\010\335""; previousledger: ""\345X\002=\033c\255\253\226\014-o\364!\262f\370\222\250\377\220&p\343\245\3604Op\353\317\305""; "
1750587310057,1750587310058,0,1,2,3,TMProposeSet,"proposeSeq: 0; currentTxHash: ""\000\000\000\000\000\000\000\000\000\000\000\000\000\000\000\000\000\000\000\000\000\000\000\000\000\000\000\000\000\000\000\000""; nodePubKey: ""\002\347\243J\206W\025ML\260\226\0163\217\250\337\325W\253\356*O\245Z\271\234\207C\274\375`\335\311""; closeTime: 803902510; signature: ""0E\002!\000\262\005\347}\257\320ku\322.\205&\366\367\027\006\033\243C\305\271H\340R\302\020;UZ\3678\256\002 \033Z\223\005\t~%\275\333\323e*\021\007\245\225'7\014zCC\333'R\344_\220\346\351\010\335""; previousledger: ""\345X\002=\033c\255\253\226\014-o\364!\262f\370\222\250\377\220&p\343\245\3604Op\353\317\305""; ","proposeSeq: 0; currentTxHash: ""\000\000\000\000\000\000\000\000\000\000\000\000\000\000\000\000\000\000\000\000\000\000\000\000\000\000\000\000\000\000\000\000""; nodePubKey: ""\002\347\243J\206W\025ML\260\226\0163\217\250\337\325W\253\356*O\245Z\271\234\207C\274\375`\335\311""; closeTime: 803902510; signature: ""0E\002!\000\262\005\347}\257\320ku\322.\205&\366\367\027\006\033\243C\305\271H\340R\302\020;UZ\3678\256\002 \033Z\223\005\t~%\275\333\323e*\021\007\245\225'7\014zCC\333'R\344_\220\346\351\010\335""; previousledger: ""\345X\002=\033c\255\253\226\014-o\364!\262f\370\222\250\377\220&p\343\245\3604Op\353\317\305""; "
1750587310059,1750587310059,0,1,2,0,TMProposeSet,"proposeSeq: 0; currentTxHash: ""\000\000\000\000\000\000\000\000\000\000\000\000\000\000\000\000\000\000\000\000\000\000\000\000\000\000\000\000\000\000\000\000""; nodePubKey: ""\002\347\243J\206W\025ML\260\226\0163\217\250\337\325W\253\356*O\245Z\271\234\207C\274\375`\335\311""; closeTime: 803902510; signature: ""0E\002!\000\262\005\347}\257\320ku\322.\205&\366\367\027\006\033\243C\305\271H\340R\302\020;UZ\3678\256\002 \033Z\223\005\t~%\275\333\323e*\021\007\245\225'7\014zCC\333'R\344_\220\346\351\010\335""; previousledger: ""\345X\002=\033c\255\253\226\014-o\364!\262f\370\222\250\377\220&p\343\245\3604Op\353\317\305""; ","proposeSeq: 0; currentTxHash: ""\000\000\000\000\000\000\000\000\000\000\000\000\000\000\000\000\000\000\000\000\000\000\000\000\000\000\000\000\000\000\000\000""; nodePubKey: ""\002\347\243J\206W\025ML\260\226\0163\217\250\337\325W\253\356*O\245Z\271\234\207C\274\375`\335\311""; closeTime: 803902510; signature: ""0E\002!\000\262\005\347}\257\320ku\322.\205&\366\367\027\006\033\243C\305\271H\340R\302\020;UZ\3678\256\002 \033Z\223\005\t~%\275\333\323e*\021\007\245\225'7\014zCC\333'R\344_\220\346\351\010\335""; previousledger: ""\345X\002=\033c\255\253\226\014-o\364!\262f\370\222\250\377\220&p\343\245\3604Op\353\317\305""; "
1750587310060,1750587310060,0,1,2,1,TMProposeSet,"proposeSeq: 0; currentTxHash: ""\000\000\000\000\000\000\000\000\000\000\000\000\000\000\000\000\000\000\000\000\000\000\000\000\000\000\000\000\000\000\000\000""; nodePubKey: ""\002\347\243J\206W\025ML\260\226\0163\217\250\337\325W\253\356*O\245Z\271\234\207C\274\375`\335\311""; closeTime: 803902510; signature: ""0E\002!\000\262\005\347}\257\320ku\322.\205&\366\367\027\006\033\243C\305\271H\340R\302\020;UZ\3678\256\002 \033Z\223\005\t~%\275\333\323e*\021\007\245\225'7\014zCC\333'R\344_\220\346\351\010\335""; previousledger: ""\345X\002=\033c\255\253\226\014-o\364!\262f\370\222\250\377\220&p\343\245\3604Op\353\317\305""; ","proposeSeq: 0; currentTxHash: ""\000\000\000\000\000\000\000\000\000\000\000\000\000\000\000\000\000\000\000\000\000\000\000\000\000\000\000\000\000\000\000\000""; nodePubKey: ""\002\347\243J\206W\025ML\260\226\0163\217\250\337\325W\253\356*O\245Z\271\234\207C\274\375`\335\311""; closeTime: 803902510; signature: ""0E\002!\000\262\005\347}\257\320ku\322.\205&\366\367\027\006\033\243C\305\271H\340R\302\020;UZ\3678\256\002 \033Z\223\005\t~%\275\333\323e*\021\007\245\225'7\014zCC\333'R\344_\220\346\351\010\335""; previousledger: ""\345X\002=\033c\255\253\226\014-o\364!\262f\370\222\250\377\220&p\343\245\3604Op\353\317\305""; "
1750587310060,1750587310061,0,1,0,3,TMProposeSet,"proposeSeq: 0; currentTxHash: ""\000\000\000\000\000\000\000\000\000\000\000\000\000\000\000\000\000\000\000\000\000\000\000\000\000\000\000\000\000\000\000\000""; nodePubKey: ""\002\347\243J\206W\025ML\260\226\0163\217\250\337\325W\253\356*O\245Z\271\234\207C\274\375`\335\311""; closeTime: 803902510; signature: ""0E\002!\000\262\005\347}\257\320ku\322.\205&\366\367\027\006\033\243C\305\271H\340R\302\020;UZ\3678\256\002 \033Z\223\005\t~%\275\333\323e*\021\007\245\225'7\014zCC\333'R\344_\220\346\351\010\335""; previousledger: ""\345X\002=\033c\255\253\226\014-o\364!\262f\370\222\250\377\220&p\343\245\3604Op\353\317\305""; ","proposeSeq: 0; currentTxHash: ""\000\000\000\000\000\000\000\000\000\000\000\000\000\000\000\000\000\000\000\000\000\000\000\000\000\000\000\000\000\000\000\000""; nodePubKey: ""\002\347\243J\206W\025ML\260\226\0163\217\250\337\325W\253\356*O\245Z\271\234\207C\274\375`\335\311""; closeTime: 803902510; signature: ""0E\002!\000\262\005\347}\257\320ku\322.\205&\366\367\027\006\033\243C\305\271H\340R\302\020;UZ\3678\256\002 \033Z\223\005\t~%\275\333\323e*\021\007\245\225'7\014zCC\333'R\344_\220\346\351\010\335""; previousledger: ""\345X\002=\033c\255\253\226\014-o\364!\262f\370\222\250\377\220&p\343\245\3604Op\353\317\305""; "
1750587310063,1750587310063,0,1,0,2,TMProposeSet,"proposeSeq: 0; currentTxHash: ""\000\000\000\000\000\000\000\000\000\000\000\000\000\000\000\000\000\000\000\000\000\000\000\000\000\000\000\000\000\000\000\000""; nodePubKey: ""\002\347\243J\206W\025ML\260\226\0163\217\250\337\325W\253\356*O\245Z\271\234\207C\274\375`\335\311""; closeTime: 803902510; signature: ""0E\002!\000\262\005\347}\257\320ku\322.\205&\366\367\027\006\033\243C\305\271H\340R\302\020;UZ\3678\256\002 \033Z\223\005\t~%\275\333\323e*\021\007\245\225'7\014zCC\333'R\344_\220\346\351\010\335""; previousledger: ""\345X\002=\033c\255\253\226\014-o\364!\262f\370\222\250\377\220&p\343\245\3604Op\353\317\305""; ","proposeSeq: 0; currentTxHash: ""\000\000\000\000\000\000\000\000\000\000\000\000\000\000\000\000\000\000\000\000\000\000\000\000\000\000\000\000\000\000\000\000""; nodePubKey: ""\002\347\243J\206W\025ML\260\226\0163\217\250\337\325W\253\356*O\245Z\271\234\207C\274\375`\335\311""; closeTime: 803902510; signature: ""0E\002!\000\262\005\347}\257\320ku\322.\205&\366\367\027\006\033\243C\305\271H\340R\302\020;UZ\3678\256\002 \033Z\223\005\t~%\275\333\323e*\021\007\245\225'7\014zCC\333'R\344_\220\346\351\010\335""; previousledger: ""\345X\002=\033c\255\253\226\014-o\364!\262f\370\222\250\377\220&p\343\245\3604Op\353\317\305""; "
1750587310066,1750587310066,0,1,0,1,TMProposeSet,"proposeSeq: 0; currentTxHash: ""\000\000\000\000\000\000\000\000\000\000\000\000\000\000\000\000\000\000\000\000\000\000\000\000\000\000\000\000\000\000\000\000""; nodePubKey: ""\002\347\243J\206W\025ML\260\226\0163\217\250\337\325W\253\356*O\245Z\271\234\207C\274\375`\335\311""; closeTime: 803902510; signature: ""0E\002!\000\262\005\347}\257\320ku\322.\205&\366\367\027\006\033\243C\305\271H\340R\302\020;UZ\3678\256\002 \033Z\223\005\t~%\275\333\323e*\021\007\245\225'7\014zCC\333'R\344_\220\346\351\010\335""; previousledger: ""\345X\002=\033c\255\253\226\014-o\364!\262f\370\222\250\377\220&p\343\245\3604Op\353\317\305""; ","proposeSeq: 0; currentTxHash: ""\000\000\000\000\000\000\000\000\000\000\000\000\000\000\000\000\000\000\000\000\000\000\000\000\000\000\000\000\000\000\000\000""; nodePubKey: ""\002\347\243J\206W\025ML\260\226\0163\217\250\337\325W\253\356*O\245Z\271\234\207C\274\375`\335\311""; closeTime: 803902510; signature: ""0E\002!\000\262\005\347}\257\320ku\322.\205&\366\367\027\006\033\243C\305\271H\340R\302\020;UZ\3678\256\002 \033Z\223\005\t~%\275\333\323e*\021\007\245\225'7\014zCC\333'R\344_\220\346\351\010\335""; previousledger: ""\345X\002=\033c\255\253\226\014-o\364!\262f\370\222\250\377\220&p\343\245\3604Op\353\317\305""; "
1750587310018,1750587310093,0,1,0,4,TMStatusChange,"newEvent: neCLOSING_LEDGER; ledgerSeq: 15; ledgerHash: ""\345X\002=\033c\255\253\226\014-o\364!\262f\370\222\250\377\220&p\343\245\3604Op\353\317\305""; ledgerHashPrevious: ""D!=\355\210\037\325\034/l\242\365\034!w\324\362\3252-\025\351\314\2334,\306Dd\037v\256""; networkTime: 803902510; firstSeq: 9; lastSeq: 15; ","newEvent: neCLOSING_LEDGER; ledgerSeq: 15; ledgerHash: ""\345X\002=\033c\255\253\226\014-o\364!\262f\370\222\250\377\220&p\343\245\3604Op\353\317\305""; ledgerHashPrevious: ""D!=\355\210\037\325\034/l\242\365\034!w\324\362\3252-\025\351\314\2334,\306Dd\037v\256""; networkTime: 803902510; firstSeq: 9; lastSeq: 15; "
1750587310020,1750587310094,0,1,0,3,TMStatusChange,"newEvent: neCLOSING_LEDGER; ledgerSeq: 15; ledgerHash: ""\345X\002=\033c\255\253\226\014-o\364!\262f\370\222\250\377\220&p\343\245\3604Op\353\317\305""; ledgerHashPrevious: ""D!=\355\210\037\325\034/l\242\365\034!w\324\362\3252-\025\351\314\2334,\306Dd\037v\256""; networkTime: 803902510; firstSeq: 9; lastSeq: 15; ","newEvent: neCLOSING_LEDGER; ledgerSeq: 15; ledgerHash: ""\345X\002=\033c\255\253\226\014-o\364!\262f\370\222\250\377\220&p\343\245\3604Op\353\317\305""; ledgerHashPrevious: ""D!=\355\210\037\325\034/l\242\365\034!w\324\362\3252-\025\351\314\2334,\306Dd\037v\256""; networkTime: 803902510; firstSeq: 9; lastSeq: 15; "
1750587310021,1750587310094,0,1,0,2,TMStatusChange,"newEvent: neCLOSING_LEDGER; ledgerSeq: 15; ledgerHash: ""\345X\002=\033c\255\253\226\014-o\364!\262f\370\222\250\377\220&p\343\245\3604Op\353\317\305""; ledgerHashPrevious: ""D!=\355\210\037\325\034/l\242\365\034!w\324\362\3252-\025\351\314\2334,\306Dd\037v\256""; networkTime: 803902510; firstSeq: 9; lastSeq: 15; ","newEvent: neCLOSING_LEDGER; ledgerSeq: 15; ledgerHash: ""\345X\002=\033c\255\253\226\014-o\364!\262f\370\222\250\377\220&p\343\245\3604Op\353\317\305""; ledgerHashPrevious: ""D!=\355\210\037\325\034/l\242\365\034!w\324\362\3252-\025\351\314\2334,\306Dd\037v\256""; networkTime: 803902510; firstSeq: 9; lastSeq: 15; "
1750587310021,1750587310095,0,1,0,1,TMStatusChange,"newEvent: neCLOSING_LEDGER; ledgerSeq: 15; ledgerHash: ""\345X\002=\033c\255\253\226\014-o\364!\262f\370\222\250\377\220&p\343\245\3604Op\353\317\305""; ledgerHashPrevious: ""D!=\355\210\037\325\034/l\242\365\034!w\324\362\3252-\025\351\314\2334,\306Dd\037v\256""; networkTime: 803902510; firstSeq: 9; lastSeq: 15; ","newEvent: neCLOSING_LEDGER; ledgerSeq: 15; ledgerHash: ""\345X\002=\033c\255\253\226\014-o\364!\262f\370\222\250\377\220&p\343\245\3604Op\353\317\305""; ledgerHashPrevious: ""D!=\355\210\037\325\034/l\242\365\034!w\324\362\3252-\025\351\314\2334,\306Dd\037v\256""; networkTime: 803902510; firstSeq: 9; lastSeq: 15; "
1750587310299,1750587310299,0,1,2,4,TMProposeSet,"proposeSeq: 0; currentTxHash: ""\000\000\000\000\000\000\000\000\000\000\000\000\000\000\000\000\000\000\000\000\000\000\000\000\000\000\000\000\000\000\000\000""; nodePubKey: ""\003ql\302)\235\321\t\213\224\356\374%%\311\327\037\374\304\t\335\2359\344\233\035]\347<u\236\364\222""; closeTime: 803902510; signature: ""0E\002!\000\211\311\275\2475\332\361r/\347\345\21050:\260`1\177\347\372 \177 \310Y^\361&}`\373\002 \007)\322\327\307\270,Y\323\217""\277\203D\310\341\275\214Q[W\0072\034rZ\324\322U&\227\306""; previousledger: ""\345X\002=\033c\255\253\226\014-o\364!\262f\370\222\250\377\220&p\343\245\3604Op\353\317\305""; ","proposeSeq: 0; currentTxHash: ""\000\000\000\000\000\000\000\000\000\000\000\000\000\000\000\000\000\000\000\000\000\000\000\000\000\000\000\000\000\000\000\000""; nodePubKey: ""\003ql\302)\235\321\t\213\224\356\374%%\311\327\037\374\304\t\335\2359\344\233\035]\347<u\236\364\222""; closeTime: 803902510; signature: ""0E\002!\000\211\311\275\2475\332\361r/\347\345\21050:\260`1\177\347\372 \177 \310Y^\361&}`\373\002 \007)\322\327\307\270,Y\323\217""\277\203D\310\341\275\214Q[W\0072\034rZ\324\322U&\227\306""; previousledger: ""\345X\002=\033c\255\253\226\014-o\364!\262f\370\222\250\377\220&p\343\245\3604Op\353\317\305""; "
1750587310303,1750587310303,0,1,4,3,TMProposeSet,"proposeSeq: 0; currentTxHash: ""\000\000\000\000\000\000\000\000\000\000\000\000\000\000\000\000\000\000\000\000\000\000\000\000\000\000\000\000\000\000\000\000""; nodePubKey: ""\003ql\302)\235\321\t\213\224\356\374%%\311\327\037\374\304\t\335\2359\344\233\035]\347<u\236\364\222""; closeTime: 803902510; signature: ""0E\002!\000\211\311\275\2475\332\361r/\347\345\21050:\260`1\177\347\372 \177 \310Y^\361&}`\373\002 \007)\322\327\307\270,Y\323\217""\277\203D\310\341\275\214Q[W\0072\034rZ\324\322U&\227\306""; previousledger: ""\345X\002=\033c\255\253\226\014-o\364!\262f\370\222\250\377\220&p\343\245\3604Op\353\317\305""; ","proposeSeq: 0; currentTxHash: ""\000\000\000\000\000\000\000\000\000\000\000\000\000\000\000\000\000\000\000\000\000\000\000\000\000\000\000\000\000\000\000\000""; nodePubKey: ""\003ql\302)\235\321\t\213\224\356\374%%\311\327\037\374\304\t\335\2359\344\233\035]\347<u\236\364\222""; closeTime: 803902510; signature: ""0E\002!\000\211\311\275\2475\332\361r/\347\345\21050:\260`1\177\347\372 \177 \310Y^\361&}`\373\002 \007)\322\327\307\270,Y\323\217""\277\203D\310\341\275\214Q[W\0072\034rZ\324\322U&\227\306""; previousledger: ""\345X\002=\033c\255\253\226\014-o\364!\262f\370\222\250\377\220&p\343\245\3604Op\353\317\305""; "
1750587310304,1750587310304,0,1,4,1,TMProposeSet,"proposeSeq: 0; currentTxHash: ""\000\000\000\000\000\000\000\000\000\000\000\000\000\000\000\000\000\000\000\000\000\000\000\000\000\000\000\000\000\000\000\000""; nodePubKey: ""\003ql\302)\235\321\t\213\224\356\374%%\311\327\037\374\304\t\335\2359\344\233\035]\347<u\236\364\222""; closeTime: 803902510; signature: ""0E\002!\000\211\311\275\2475\332\361r/\347\345\21050:\260`1\177\347\372 \177 \310Y^\361&}`\373\002 \007)\322\327\307\270,Y\323\217""\277\203D\310\341\275\214Q[W\0072\034rZ\324\322U&\227\306""; previousledger: ""\345X\002=\033c\255\253\226\014-o\364!\262f\370\222\250\377\220&p\343\245\3604Op\353\317\305""; ","proposeSeq: 0; currentTxHash: ""\000\000\000\000\000\000\000\000\000\000\000\000\000\000\000\000\000\000\000\000\000\000\000\000\000\000\000\000\000\000\000\000""; nodePubKey: ""\003ql\302)\235\321\t\213\224\356\374%%\311\327\037\374\304\t\335\2359\344\233\035]\347<u\236\364\222""; closeTime: 803902510; signature: ""0E\002!\000\211\311\275\2475\332\361r/\347\345\21050:\260`1\177\347\372 \177 \310Y^\361&}`\373\002 \007)\322\327\307\270,Y\323\217""\277\203D\310\341\275\214Q[W\0072\034rZ\324\322U&\227\306""; previousledger: ""\345X\002=\033c\255\253\226\014-o\364!\262f\370\222\250\377\220&p\343\245\3604Op\353\317\305""; "
1750587310304,1750587310304,0,1,4,0,TMProposeSet,"proposeSeq: 0; currentTxHash: ""\000\000\000\000\000\000\000\000\000\000\000\000\000\000\000\000\000\000\000\000\000\000\000\000\000\000\000\000\000\000\000\000""; nodePubKey: ""\003ql\302)\235\321\t\213\224\356\374%%\311\327\037\374\304\t\335\2359\344\233\035]\347<u\236\364\222""; closeTime: 803902510; signature: ""0E\002!\000\211\311\275\2475\332\361r/\347\345\21050:\260`1\177\347\372 \177 \310Y^\361&}`\373\002 \007)\322\327\307\270,Y\323\217""\277\203D\310\341\275\214Q[W\0072\034rZ\324\322U&\227\306""; previousledger: ""\345X\002=\033c\255\253\226\014-o\364!\262f\370\222\250\377\220&p\343\245\3604Op\353\317\305""; ","proposeSeq: 0; currentTxHash: ""\000\000\000\000\000\000\000\000\000\000\000\000\000\000\000\000\000\000\000\000\000\000\000\000\000\000\000\000\000\000\000\000""; nodePubKey: ""\003ql\302)\235\321\t\213\224\356\374%%\311\327\037\374\304\t\335\2359\344\233\035]\347<u\236\364\222""; closeTime: 803902510; signature: ""0E\002!\000\211\311\275\2475\332\361r/\347\345\21050:\260`1\177\347\372 \177 \310Y^\361&}`\373\002 \007)\322\327\307\270,Y\323\217""\277\203D\310\341\275\214Q[W\0072\034rZ\324\322U&\227\306""; previousledger: ""\345X\002=\033c\255\253\226\014-o\364!\262f\370\222\250\377\220&p\343\245\3604Op\353\317\305""; "
1750587310306,1750587310306,0,1,3,2,TMProposeSet,"proposeSeq: 0; currentTxHash: ""\000\000\000\000\000\000\000\000\000\000\000\000\000\000\000\000\000\000\000\000\000\000\000\000\000\000\000\000\000\000\000\000""; nodePubKey: ""\003ql\302)\235\321\t\213\224\356\374%%\311\327\037\374\304\t\335\2359\344\233\035]\347<u\236\364\222""; closeTime: 803902510; signature: ""0E\002!\000\211\311\275\2475\332\361r/\347\345\21050:\260`1\177\347\372 \177 \310Y^\361&}`\373\002 \007)\322\327\307\270,Y\323\217""\277\203D\310\341\275\214Q[W\0072\034rZ\324\322U&\227\306""; previousledger: ""\345X\002=\033c\255\253\226\014-o\364!\262f\370\222\250\377\220&p\343\245\3604Op\353\317\305""; ","proposeSeq: 0; currentTxHash: ""\000\000\000\000\000\000\000\000\000\000\000\000\000\000\000\000\000\000\000\000\000\000\000\000\000\000\000\000\000\000\000\000""; nodePubKey: ""\003ql\302)\235\321\t\213\224\356\374%%\311\327\037\374\304\t\335\2359\344\233\035]\347<u\236\364\222""; closeTime: 803902510; signature: ""0E\002!\000\211\311\275\2475\332\361r/\347\345\21050:\260`1\177\347\372 \177 \310Y^\361&}`\373\002 \007)\322\327\307\270,Y\323\217""\277\203D\310\341\275\214Q[W\0072\034rZ\324\322U&\227\306""; previousledger: ""\345X\002=\033c\255\253\226\014-o\364!\262f\370\222\250\377\220&p\343\245\3604Op\353\317\305""; "
1750587310306,1750587310306,0,1,3,1,TMProposeSet,"proposeSeq: 0; currentTxHash: ""\000\000\000\000\000\000\000\000\000\000\000\000\000\000\000\000\000\000\000\000\000\000\000\000\000\000\000\000\000\000\000\000""; nodePubKey: ""\003ql\302)\235\321\t\213\224\356\374%%\311\327\037\374\304\t\335\2359\344\233\035]\347<u\236\364\222""; closeTime: 803902510; signature: ""0E\002!\000\211\311\275\2475\332\361r/\347\345\21050:\260`1\177\347\372 \177 \310Y^\361&}`\373\002 \007)\322\327\307\270,Y\323\217""\277\203D\310\341\275\214Q[W\0072\034rZ\324\322U&\227\306""; previousledger: ""\345X\002=\033c\255\253\226\014-o\364!\262f\370\222\250\377\220&p\343\245\3604Op\353\317\305""; ","proposeSeq: 0; currentTxHash: ""\000\000\000\000\000\000\000\000\000\000\000\000\000\000\000\000\000\000\000\000\000\000\000\000\000\000\000\000\000\000\000\000""; nodePubKey: ""\003ql\302)\235\321\t\213\224\356\374%%\311\327\037\374\304\t\335\2359\344\233\035]\347<u\236\364\222""; closeTime: 803902510; signature: ""0E\002!\000\211\311\275\2475\332\361r/\347\345\21050:\260`1\177\347\372 \177 \310Y^\361&}`\373\002 \007)\322\327\307\270,Y\323\217""\277\203D\310\341\275\214Q[W\0072\034rZ\324\322U&\227\306""; previousledger: ""\345X\002=\033c\255\253\226\014-o\364!\262f\370\222\250\377\220&p\343\245\3604Op\353\317\305""; "
1750587310307,1750587310307,0,1,1,2,TMProposeSet,"proposeSeq: 0; currentTxHash: ""\000\000\000\000\000\000\000\000\000\000\000\000\000\000\000\000\000\000\000\000\000\000\000\000\000\000\000\000\000\000\000\000""; nodePubKey: ""\003ql\302)\235\321\t\213\224\356\374%%\311\327\037\374\304\t\335\2359\344\233\035]\347<u\236\364\222""; closeTime: 803902510; signature: ""0E\002!\000\211\311\275\2475\332\361r/\347\345\21050:\260`1\177\347\372 \177 \310Y^\361&}`\373\002 \007)\322\327\307\270,Y\323\217""\277\203D\310\341\275\214Q[W\0072\034rZ\324\322U&\227\306""; previousledger: ""\345X\002=\033c\255\253\226\014-o\364!\262f\370\222\250\377\220&p\343\245\3604Op\353\317\305""; ","proposeSeq: 0; currentTxHash: ""\000\000\000\000\000\000\000\000\000\000\000\000\000\000\000\000\000\000\000\000\000\000\000\000\000\000\000\000\000\000\000\000""; nodePubKey: ""\003ql\302)\235\321\t\213\224\356\374%%\311\327\037\374\304\t\335\2359\344\233\035]\347<u\236\364\222""; closeTime: 803902510; signature: ""0E\002!\000\211\311\275\2475\332\361r/\347\345\21050:\260`1\177\347\372 \177 \310Y^\361&}`\373\002 \007)\322\327\307\270,Y\323\217""\277\203D\310\341\275\214Q[W\0072\034rZ\324\322U&\227\306""; previousledger: ""\345X\002=\033c\255\253\226\014-o\364!\262f\370\222\250\377\220&p\343\245\3604Op\353\317\305""; "
1750587310308,1750587310308,0,1,0,1,TMProposeSet,"proposeSeq: 0; currentTxHash: ""\000\000\000\000\000\000\000\000\000\000\000\000\000\000\000\000\000\000\000\000\000\000\000\000\000\000\000\000\000\000\000\000""; nodePubKey: ""\003ql\302)\235\321\t\213\224\356\374%%\311\327\037\374\304\t\335\2359\344\233\035]\347<u\236\364\222""; closeTime: 803902510; signature: ""0E\002!\000\211\311\275\2475\332\361r/\347\345\21050:\260`1\177\347\372 \177 \310Y^\361&}`\373\002 \007)\322\327\307\270,Y\323\217""\277\203D\310\341\275\214Q[W\0072\034rZ\324\322U&\227\306""; previousledger: ""\345X\002=\033c\255\253\226\014-o\364!\262f\370\222\250\377\220&p\343\245\3604Op\353\317\305""; ","proposeSeq: 0; currentTxHash: ""\000\000\000\000\000\000\000\000\000\000\000\000\000\000\000\000\000\000\000\000\000\000\000\000\000\000\000\000\000\000\000\000""; nodePubKey: ""\003ql\302)\235\321\t\213\224\356\374%%\311\327\037\374\304\t\335\2359\344\233\035]\347<u\236\364\222""; closeTime: 803902510; signature: ""0E\002!\000\211\311\275\2475\332\361r/\347\345\21050:\260`1\177\347\372 \177 \310Y^\361&}`\373\002 \007)\322\327\307\270,Y\323\217""\277\203D\310\341\275\214Q[W\0072\034rZ\324\322U&\227\306""; previousledger: ""\345X\002=\033c\255\253\226\014-o\364!\262f\370\222\250\377\220&p\343\245\3604Op\353\317\305""; "
1750587310307,1750587310307,0,1,3,0,TMProposeSet,"proposeSeq: 0; currentTxHash: ""\000\000\000\000\000\000\000\000\000\000\000\000\000\000\000\000\000\000\000\000\000\000\000\000\000\000\000\000\000\000\000\000""; nodePubKey: ""\003ql\302)\235\321\t\213\224\356\374%%\311\327\037\374\304\t\335\2359\344\233\035]\347<u\236\364\222""; closeTime: 803902510; signature: ""0E\002!\000\211\311\275\2475\332\361r/\347\345\21050:\260`1\177\347\372 \177 \310Y^\361&}`\373\002 \007)\322\327\307\270,Y\323\217""\277\203D\310\341\275\214Q[W\0072\034rZ\324\322U&\227\306""; previousledger: ""\345X\002=\033c\255\253\226\014-o\364!\262f\370\222\250\377\220&p\343\245\3604Op\353\317\305""; ","proposeSeq: 0; currentTxHash: ""\000\000\000\000\000\000\000\000\000\000\000\000\000\000\000\000\000\000\000\000\000\000\000\000\000\000\000\000\000\000\000\000""; nodePubKey: ""\003ql\302)\235\321\t\213\224\356\374%%\311\327\037\374\304\t\335\2359\344\233\035]\347<u\236\364\222""; closeTime: 803902510; signature: ""0E\002!\000\211\311\275\2475\332\361r/\347\345\21050:\260`1\177\347\372 \177 \310Y^\361&}`\373\002 \007)\322\327\307\270,Y\323\217""\277\203D\310\341\275\214Q[W\0072\034rZ\324\322U&\227\306""; previousledger: ""\345X\002=\033c\255\253\226\014-o\364!\262f\370\222\250\377\220&p\343\245\3604Op\353\317\305""; "
1750587310308,1750587310308,0,1,1,0,TMProposeSet,"proposeSeq: 0; currentTxHash: ""\000\000\000\000\000\000\000\000\000\000\000\000\000\000\000\000\000\000\000\000\000\000\000\000\000\000\000\000\000\000\000\000""; nodePubKey: ""\003ql\302)\235\321\t\213\224\356\374%%\311\327\037\374\304\t\335\2359\344\233\035]\347<u\236\364\222""; closeTime: 803902510; signature: ""0E\002!\000\211\311\275\2475\332\361r/\347\345\21050:\260`1\177\347\372 \177 \310Y^\361&}`\373\002 \007)\322\327\307\270,Y\323\217""\277\203D\310\341\275\214Q[W\0072\034rZ\324\322U&\227\306""; previousledger: ""\345X\002=\033c\255\253\226\014-o\364!\262f\370\222\250\377\220&p\343\245\3604Op\353\317\305""; ","proposeSeq: 0; currentTxHash: ""\000\000\000\000\000\000\000\000\000\000\000\000\000\000\000\000\000\000\000\000\000\000\000\000\000\000\000\000\000\000\000\000""; nodePubKey: ""\003ql\302)\235\321\t\213\224\356\374%%\311\327\037\374\304\t\335\2359\344\233\035]\347<u\236\364\222""; closeTime: 803902510; signature: ""0E\002!\000\211\311\275\2475\332\361r/\347\345\21050:\260`1\177\347\372 \177 \310Y^\361&}`\373\002 \007)\322\327\307\270,Y\323\217""\277\203D\310\341\275\214Q[W\0072\034rZ\324\322U&\227\306""; previousledger: ""\345X\002=\033c\255\253\226\014-o\364!\262f\370\222\250\377\220&p\343\245\3604Op\353\317\305""; "
1750587310307,1750587310307,0,1,1,3,TMProposeSet,"proposeSeq: 0; currentTxHash: ""\000\000\000\000\000\000\000\000\000\000\000\000\000\000\000\000\000\000\000\000\000\000\000\000\000\000\000\000\000\000\000\000""; nodePubKey: ""\003ql\302)\235\321\t\213\224\356\374%%\311\327\037\374\304\t\335\2359\344\233\035]\347<u\236\364\222""; closeTime: 803902510; signature: ""0E\002!\000\211\311\275\2475\332\361r/\347\345\21050:\260`1\177\347\372 \177 \310Y^\361&}`\373\002 \007)\322\327\307\270,Y\323\217""\277\203D\310\341\275\214Q[W\0072\034rZ\324\322U&\227\306""; previousledger: ""\345X\002=\033c\255\253\226\014-o\364!\262f\370\222\250\377\220&p\343\245\3604Op\353\317\305""; ","proposeSeq: 0; currentTxHash: ""\000\000\000\000\000\000\000\000\000\000\000\000\000\000\000\000\000\000\000\000\000\000\000\000\000\000\000\000\000\000\000\000""; nodePubKey: ""\003ql\302)\235\321\t\213\224\356\374%%\311\327\037\374\304\t\335\2359\344\233\035]\347<u\236\364\222""; closeTime: 803902510; signature: ""0E\002!\000\211\311\275\2475\332\361r/\347\345\21050:\260`1\177\347\372 \177 \310Y^\361&}`\373\002 \007)\322\327\307\270,Y\323\217""\277\203D\310\341\275\214Q[W\0072\034rZ\324\322U&\227\306""; previousledger: ""\345X\002=\033c\255\253\226\014-o\364!\262f\370\222\250\377\220&p\343\245\3604Op\353\317\305""; "
1750587310309,1750587310309,0,1,0,3,TMProposeSet,"proposeSeq: 0; currentTxHash: ""\000\000\000\000\000\000\000\000\000\000\000\000\000\000\000\000\000\000\000\000\000\000\000\000\000\000\000\000\000\000\000\000""; nodePubKey: ""\003ql\302)\235\321\t\213\224\356\374%%\311\327\037\374\304\t\335\2359\344\233\035]\347<u\236\364\222""; closeTime: 803902510; signature: ""0E\002!\000\211\311\275\2475\332\361r/\347\345\21050:\260`1\177\347\372 \177 \310Y^\361&}`\373\002 \007)\322\327\307\270,Y\323\217""\277\203D\310\341\275\214Q[W\0072\034rZ\324\322U&\227\306""; previousledger: ""\345X\002=\033c\255\253\226\014-o\364!\262f\370\222\250\377\220&p\343\245\3604Op\353\317\305""; ","proposeSeq: 0; currentTxHash: ""\000\000\000\000\000\000\000\000\000\000\000\000\000\000\000\000\000\000\000\000\000\000\000\000\000\000\000\000\000\000\000\000""; nodePubKey: ""\003ql\302)\235\321\t\213\224\356\374%%\311\327\037\374\304\t\335\2359\344\233\035]\347<u\236\364\222""; closeTime: 803902510; signature: ""0E\002!\000\211\311\275\2475\332\361r/\347\345\21050:\260`1\177\347\372 \177 \310Y^\361&}`\373\002 \007)\322\327\307\270,Y\323\217""\277\203D\310\341\275\214Q[W\0072\034rZ\324\322U&\227\306""; previousledger: ""\345X\002=\033c\255\253\226\014-o\364!\262f\370\222\250\377\220&p\343\245\3604Op\353\317\305""; "
1750587310309,1750587310309,0,1,2,3,TMProposeSet,"proposeSeq: 0; currentTxHash: ""\000\000\000\000\000\000\000\000\000\000\000\000\000\000\000\000\000\000\000\000\000\000\000\000\000\000\000\000\000\000\000\000""; nodePubKey: ""\003ql\302)\235\321\t\213\224\356\374%%\311\327\037\374\304\t\335\2359\344\233\035]\347<u\236\364\222""; closeTime: 803902510; signature: ""0E\002!\000\211\311\275\2475\332\361r/\347\345\21050:\260`1\177\347\372 \177 \310Y^\361&}`\373\002 \007)\322\327\307\270,Y\323\217""\277\203D\310\341\275\214Q[W\0072\034rZ\324\322U&\227\306""; previousledger: ""\345X\002=\033c\255\253\226\014-o\364!\262f\370\222\250\377\220&p\343\245\3604Op\353\317\305""; ","proposeSeq: 0; currentTxHash: ""\000\000\000\000\000\000\000\000\000\000\000\000\000\000\000\000\000\000\000\000\000\000\000\000\000\000\000\000\000\000\000\000""; nodePubKey: ""\003ql\302)\235\321\t\213\224\356\374%%\311\327\037\374\304\t\335\2359\344\233\035]\347<u\236\364\222""; closeTime: 803902510; signature: ""0E\002!\000\211\311\275\2475\332\361r/\347\345\21050:\260`1\177\347\372 \177 \310Y^\361&}`\373\002 \007)\322\327\307\270,Y\323\217""\277\203D\310\341\275\214Q[W\0072\034rZ\324\322U&\227\306""; previousledger: ""\345X\002=\033c\255\253\226\014-o\364!\262f\370\222\250\377\220&p\343\245\3604Op\353\317\305""; "
1750587310309,1750587310309,0,1,0,2,TMProposeSet,"proposeSeq: 0; currentTxHash: ""\000\000\000\000\000\000\000\000\000\000\000\000\000\000\000\000\000\000\000\000\000\000\000\000\000\000\000\000\000\000\000\000""; nodePubKey: ""\003ql\302)\235\321\t\213\224\356\374%%\311\327\037\374\304\t\335\2359\344\233\035]\347<u\236\364\222""; closeTime: 803902510; signature: ""0E\002!\000\211\311\275\2475\332\361r/\347\345\21050:\260`1\177\347\372 \177 \310Y^\361&}`\373\002 \007)\322\327\307\270,Y\323\217""\277\203D\310\341\275\214Q[W\0072\034rZ\324\322U&\227\306""; previousledger: ""\345X\002=\033c\255\253\226\014-o\364!\262f\370\222\250\377\220&p\343\245\3604Op\353\317\305""; ","proposeSeq: 0; currentTxHash: ""\000\000\000\000\000\000\000\000\000\000\000\000\000\000\000\000\000\000\000\000\000\000\000\000\000\000\000\000\000\000\000\000""; nodePubKey: ""\003ql\302)\235\321\t\213\224\356\374%%\311\327\037\374\304\t\335\2359\344\233\035]\347<u\236\364\222""; closeTime: 803902510; signature: ""0E\002!\000\211\311\275\2475\332\361r/\347\345\21050:\260`1\177\347\372 \177 \310Y^\361&}`\373\002 \007)\322\327\307\270,Y\323\217""\277\203D\310\341\275\214Q[W\0072\034rZ\324\322U&\227\306""; previousledger: ""\345X\002=\033c\255\253\226\014-o\364!\262f\370\222\250\377\220&p\343\245\3604Op\353\317\305""; "
1750587310310,1750587310310,0,1,2,1,TMProposeSet,"proposeSeq: 0; currentTxHash: ""\000\000\000\000\000\000\000\000\000\000\000\000\000\000\000\000\000\000\000\000\000\000\000\000\000\000\000\000\000\000\000\000""; nodePubKey: ""\003ql\302)\235\321\t\213\224\356\374%%\311\327\037\374\304\t\335\2359\344\233\035]\347<u\236\364\222""; closeTime: 803902510; signature: ""0E\002!\000\211\311\275\2475\332\361r/\347\345\21050:\260`1\177\347\372 \177 \310Y^\361&}`\373\002 \007)\322\327\307\270,Y\323\217""\277\203D\310\341\275\214Q[W\0072\034rZ\324\322U&\227\306""; previousledger: ""\345X\002=\033c\255\253\226\014-o\364!\262f\370\222\250\377\220&p\343\245\3604Op\353\317\305""; ","proposeSeq: 0; currentTxHash: ""\000\000\000\000\000\000\000\000\000\000\000\000\000\000\000\000\000\000\000\000\000\000\000\000\000\000\000\000\000\000\000\000""; nodePubKey: ""\003ql\302)\235\321\t\213\224\356\374%%\311\327\037\374\304\t\335\2359\344\233\035]\347<u\236\364\222""; closeTime: 803902510; signature: ""0E\002!\000\211\311\275\2475\332\361r/\347\345\21050:\260`1\177\347\372 \177 \310Y^\361&}`\373\002 \007)\322\327\307\270,Y\323\217""\277\203D\310\341\275\214Q[W\0072\034rZ\324\322U&\227\306""; previousledger: ""\345X\002=\033c\255\253\226\014-o\364!\262f\370\222\250\377\220&p\343\245\3604Op\353\317\305""; "
1750587310312,1750587310312,0,1,2,0,TMProposeSet,"proposeSeq: 0; currentTxHash: ""\000\000\000\000\000\000\000\000\000\000\000\000\000\000\000\000\000\000\000\000\000\000\000\000\000\000\000\000\000\000\000\000""; nodePubKey: ""\003ql\302)\235\321\t\213\224\356\374%%\311\327\037\374\304\t\335\2359\344\233\035]\347<u\236\364\222""; closeTime: 803902510; signature: ""0E\002!\000\211\311\275\2475\332\361r/\347\345\21050:\260`1\177\347\372 \177 \310Y^\361&}`\373\002 \007)\322\327\307\270,Y\323\217""\277\203D\310\341\275\214Q[W\0072\034rZ\324\322U&\227\306""; previousledger: ""\345X\002=\033c\255\253\226\014-o\364!\262f\370\222\250\377\220&p\343\245\3604Op\353\317\305""; ","proposeSeq: 0; currentTxHash: ""\000\000\000\000\000\000\000\000\000\000\000\000\000\000\000\000\000\000\000\000\000\000\000\000\000\000\000\000\000\000\000\000""; nodePubKey: ""\003ql\302)\235\321\t\213\224\356\374%%\311\327\037\374\304\t\335\2359\344\233\035]\347<u\236\364\222""; closeTime: 803902510; signature: ""0E\002!\000\211\311\275\2475\332\361r/\347\345\21050:\260`1\177\347\372 \177 \310Y^\361&}`\373\002 \007)\322\327\307\270,Y\323\217""\277\203D\310\341\275\214Q[W\0072\034rZ\324\322U&\227\306""; previousledger: ""\345X\002=\033c\255\253\226\014-o\364!\262f\370\222\250\377\220&p\343\245\3604Op\353\317\305""; "
1750587310298,1750587310377,0,1,2,4,TMStatusChange,"newEvent: neCLOSING_LEDGER; ledgerSeq: 15; ledgerHash: ""\345X\002=\033c\255\253\226\014-o\364!\262f\370\222\250\377\220&p\343\245\3604Op\353\317\305""; ledgerHashPrevious: ""D!=\355\210\037\325\034/l\242\365\034!w\324\362\3252-\025\351\314\2334,\306Dd\037v\256""; networkTime: 803902510; firstSeq: 1; lastSeq: 15; ","newEvent: neCLOSING_LEDGER; ledgerSeq: 15; ledgerHash: ""\345X\002=\033c\255\253\226\014-o\364!\262f\370\222\250\377\220&p\343\245\3604Op\353\317\305""; ledgerHashPrevious: ""D!=\355\210\037\325\034/l\242\365\034!w\324\362\3252-\025\351\314\2334,\306Dd\037v\256""; networkTime: 803902510; firstSeq: 1; lastSeq: 15; "
1750587310302,1750587310378,0,1,2,1,TMStatusChange,"newEvent: neCLOSING_LEDGER; ledgerSeq: 15; ledgerHash: ""\345X\002=\033c\255\253\226\014-o\364!\262f\370\222\250\377\220&p\343\245\3604Op\353\317\305""; ledgerHashPrevious: ""D!=\355\210\037\325\034/l\242\365\034!w\324\362\3252-\025\351\314\2334,\306Dd\037v\256""; networkTime: 803902510; firstSeq: 1; lastSeq: 15; ","newEvent: neCLOSING_LEDGER; ledgerSeq: 15; ledgerHash: ""\345X\002=\033c\255\253\226\014-o\364!\262f\370\222\250\377\220&p\343\245\3604Op\353\317\305""; ledgerHashPrevious: ""D!=\355\210\037\325\034/l\242\365\034!w\324\362\3252-\025\351\314\2334,\306Dd\037v\256""; networkTime: 803902510; firstSeq: 1; lastSeq: 15; "
1750587310301,1750587310378,0,1,2,3,TMStatusChange,"newEvent: neCLOSING_LEDGER; ledgerSeq: 15; ledgerHash: ""\345X\002=\033c\255\253\226\014-o\364!\262f\370\222\250\377\220&p\343\245\3604Op\353\317\305""; ledgerHashPrevious: ""D!=\355\210\037\325\034/l\242\365\034!w\324\362\3252-\025\351\314\2334,\306Dd\037v\256""; networkTime: 803902510; firstSeq: 1; lastSeq: 15; ","newEvent: neCLOSING_LEDGER; ledgerSeq: 15; ledgerHash: ""\345X\002=\033c\255\253\226\014-o\364!\262f\370\222\250\377\220&p\343\245\3604Op\353\317\305""; ledgerHashPrevious: ""D!=\355\210\037\325\034/l\242\365\034!w\324\362\3252-\025\351\314\2334,\306Dd\037v\256""; networkTime: 803902510; firstSeq: 1; lastSeq: 15; "
1750587310299,1750587310377,0,1,2,0,TMStatusChange,"newEvent: neCLOSING_LEDGER; ledgerSeq: 15; ledgerHash: ""\345X\002=\033c\255\253\226\014-o\364!\262f\370\222\250\377\220&p\343\245\3604Op\353\317\305""; ledgerHashPrevious: ""D!=\355\210\037\325\034/l\242\365\034!w\324\362\3252-\025\351\314\2334,\306Dd\037v\256""; networkTime: 803902510; firstSeq: 1; lastSeq: 15; ","newEvent: neCLOSING_LEDGER; ledgerSeq: 15; ledgerHash: ""\345X\002=\033c\255\253\226\014-o\364!\262f\370\222\250\377\220&p\343\245\3604Op\353\317\305""; ledgerHashPrevious: ""D!=\355\210\037\325\034/l\242\365\034!w\324\362\3252-\025\351\314\2334,\306Dd\037v\256""; networkTime: 803902510; firstSeq: 1; lastSeq: 15; "
1750587310769,1750587310770,0,1,4,3,TMProposeSet,"proposeSeq: 0; currentTxHash: ""\000\000\000\000\000\000\000\000\000\000\000\000\000\000\000\000\000\000\000\000\000\000\000\000\000\000\000\000\000\000\000\000""; nodePubKey: ""\003.\200\224\215?)t\306\315\242\313\251\255\302\204=\232.\271%}\013\024s\024\002@\216l""\241F""; closeTime: 803902510; signature: ""0E\002!\000\343%W""Z\332\372+\245\275-\334(\234\234w6'qu'\214\034\337n\340\256\004*j\377@\002 *\325\321\n\271\322>X.a\264\225\002\220\233K/_(\021\0040\357\361\201k\276h\347;|~""; previousledger: ""\345X\002=\033c\255\253\226\014-o\364!\262f\370\222\250\377\220&p\343\245\3604Op\353\317\305""; ","proposeSeq: 0; currentTxHash: ""\000\000\000\000\000\000\000\000\000\000\000\000\000\000\000\000\000\000\000\000\000\000\000\000\000\000\000\000\000\000\000\000""; nodePubKey: ""\003.\200\224\215?)t\306\315\242\313\251\255\302\204=\232.\271%}\013\024s\024\002@\216l""\241F""; closeTime: 803902510; signature: ""0E\002!\000\343%W""Z\332\372+\245\275-\334(\234\234w6'qu'\214\034\337n\340\256\004*j\377@\002 *\325\321\n\271\322>X.a\264\225\002\220\233K/_(\021\0040\357\361\201k\276h\347;|~""; previousledger: ""\345X\002=\033c\255\253\226\014-o\364!\262f\370\222\250\377\220&p\343\245\3604Op\353\317\305""; "
1750587310770,1750587310770,0,1,4,2,TMProposeSet,"proposeSeq: 0; currentTxHash: ""\000\000\000\000\000\000\000\000\000\000\000\000\000\000\000\000\000\000\000\000\000\000\000\000\000\000\000\000\000\000\000\000""; nodePubKey: ""\003.\200\224\215?)t\306\315\242\313\251\255\302\204=\232.\271%}\013\024s\024\002@\216l""\241F""; closeTime: 803902510; signature: ""0E\002!\000\343%W""Z\332\372+\245\275-\334(\234\234w6'qu'\214\034\337n\340\256\004*j\377@\002 *\325\321\n\271\322>X.a\264\225\002\220\233K/_(\021\0040\357\361\201k\276h\347;|~""; previousledger: ""\345X\002=\033c\255\253\226\014-o\364!\262f\370\222\250\377\220&p\343\245\3604Op\353\317\305""; ","proposeSeq: 0; currentTxHash: ""\000\000\000\000\000\000\000\000\000\000\000\000\000\000\000\000\000\000\000\000\000\000\000\000\000\000\000\000\000\000\000\000""; nodePubKey: ""\003.\200\224\215?)t\306\315\242\313\251\255\302\204=\232.\271%}\013\024s\024\002@\216l""\241F""; closeTime: 803902510; signature: ""0E\002!\000\343%W""Z\332\372+\245\275-\334(\234\234w6'qu'\214\034\337n\340\256\004*j\377@\002 *\325\321\n\271\322>X.a\264\225\002\220\233K/_(\021\0040\357\361\201k\276h\347;|~""; previousledger: ""\345X\002=\033c\255\253\226\014-o\364!\262f\370\222\250\377\220&p\343\245\3604Op\353\317\305""; "
1750587310771,1750587310771,0,1,4,0,TMProposeSet,"proposeSeq: 0; currentTxHash: ""\000\000\000\000\000\000\000\000\000\000\000\000\000\000\000\000\000\000\000\000\000\000\000\000\000\000\000\000\000\000\000\000""; nodePubKey: ""\003.\200\224\215?)t\306\315\242\313\251\255\302\204=\232.\271%}\013\024s\024\002@\216l""\241F""; closeTime: 803902510; signature: ""0E\002!\000\343%W""Z\332\372+\245\275-\334(\234\234w6'qu'\214\034\337n\340\256\004*j\377@\002 *\325\321\n\271\322>X.a\264\225\002\220\233K/_(\021\0040\357\361\201k\276h\347;|~""; previousledger: ""\345X\002=\033c\255\253\226\014-o\364!\262f\370\222\250\377\220&p\343\245\3604Op\353\317\305""; ","proposeSeq: 0; currentTxHash: ""\000\000\000\000\000\000\000\000\000\000\000\000\000\000\000\000\000\000\000\000\000\000\000\000\000\000\000\000\000\000\000\000""; nodePubKey: ""\003.\200\224\215?)t\306\315\242\313\251\255\302\204=\232.\271%}\013\024s\024\002@\216l""\241F""; closeTime: 803902510; signature: ""0E\002!\000\343%W""Z\332\372+\245\275-\334(\234\234w6'qu'\214\034\337n\340\256\004*j\377@\002 *\325\321\n\271\322>X.a\264\225\002\220\233K/_(\021\0040\357\361\201k\276h\347;|~""; previousledger: ""\345X\002=\033c\255\253\226\014-o\364!\262f\370\222\250\377\220&p\343\245\3604Op\353\317\305""; "
1750587310773,1750587310774,0,1,4,1,TMProposeSet,"proposeSeq: 0; currentTxHash: ""\000\000\000\000\000\000\000\000\000\000\000\000\000\000\000\000\000\000\000\000\000\000\000\000\000\000\000\000\000\000\000\000""; nodePubKey: ""\003.\200\224\215?)t\306\315\242\313\251\255\302\204=\232.\271%}\013\024s\024\002@\216l""\241F""; closeTime: 803902510; signature: ""0E\002!\000\343%W""Z\332\372+\245\275-\334(\234\234w6'qu'\214\034\337n\340\256\004*j\377@\002 *\325\321\n\271\322>X.a\264\225\002\220\233K/_(\021\0040\357\361\201k\276h\347;|~""; previousledger: ""\345X\002=\033c\255\253\226\014-o\364!\262f\370\222\250\377\220&p\343\245\3604Op\353\317\305""; ","proposeSeq: 0; currentTxHash: ""\000\000\000\000\000\000\000\000\000\000\000\000\000\000\000\000\000\000\000\000\000\000\000\000\000\000\000\000\000\000\000\000""; nodePubKey: ""\003.\200\224\215?)t\306\315\242\313\251\255\302\204=\232.\271%}\013\024s\024\002@\216l""\241F""; closeTime: 803902510; signature: ""0E\002!\000\343%W""Z\332\372+\245\275-\334(\234\234w6'qu'\214\034\337n\340\256\004*j\377@\002 *\325\321\n\271\322>X.a\264\225\002\220\233K/_(\021\0040\357\361\201k\276h\347;|~""; previousledger: ""\345X\002=\033c\255\253\226\014-o\364!\262f\370\222\250\377\220&p\343\245\3604Op\353\317\305""; "
1750587310775,1750587310775,0,1,3,2,TMProposeSet,"proposeSeq: 0; currentTxHash: ""\000\000\000\000\000\000\000\000\000\000\000\000\000\000\000\000\000\000\000\000\000\000\000\000\000\000\000\000\000\000\000\000""; nodePubKey: ""\003.\200\224\215?)t\306\315\242\313\251\255\302\204=\232.\271%}\013\024s\024\002@\216l""\241F""; closeTime: 803902510; signature: ""0E\002!\000\343%W""Z\332\372+\245\275-\334(\234\234w6'qu'\214\034\337n\340\256\004*j\377@\002 *\325\321\n\271\322>X.a\264\225\002\220\233K/_(\021\0040\357\361\201k\276h\347;|~""; previousledger: ""\345X\002=\033c\255\253\226\014-o\364!\262f\370\222\250\377\220&p\343\245\3604Op\353\317\305""; ","proposeSeq: 0; currentTxHash: ""\000\000\000\000\000\000\000\000\000\000\000\000\000\000\000\000\000\000\000\000\000\000\000\000\000\000\000\000\000\000\000\000""; nodePubKey: ""\003.\200\224\215?)t\306\315\242\313\251\255\302\204=\232.\271%}\013\024s\024\002@\216l""\241F""; closeTime: 803902510; signature: ""0E\002!\000\343%W""Z\332\372+\245\275-\334(\234\234w6'qu'\214\034\337n\340\256\004*j\377@\002 *\325\321\n\271\322>X.a\264\225\002\220\233K/_(\021\0040\357\361\201k\276h\347;|~""; previousledger: ""\345X\002=\033c\255\253\226\014-o\364!\262f\370\222\250\377\220&p\343\245\3604Op\353\317\305""; "
1750587310775,1750587310775,0,1,3,0,TMProposeSet,"proposeSeq: 0; currentTxHash: ""\000\000\000\000\000\000\000\000\000\000\000\000\000\000\000\000\000\000\000\000\000\000\000\000\000\000\000\000\000\000\000\000""; nodePubKey: ""\003.\200\224\215?)t\306\315\242\313\251\255\302\204=\232.\271%}\013\024s\024\002@\216l""\241F""; closeTime: 803902510; signature: ""0E\002!\000\343%W""Z\332\372+\245\275-\334(\234\234w6'qu'\214\034\337n\340\256\004*j\377@\002 *\325\321\n\271\322>X.a\264\225\002\220\233K/_(\021\0040\357\361\201k\276h\347;|~""; previousledger: ""\345X\002=\033c\255\253\226\014-o\364!\262f\370\222\250\377\220&p\343\245\3604Op\353\317\305""; ","proposeSeq: 0; currentTxHash: ""\000\000\000\000\000\000\000\000\000\000\000\000\000\000\000\000\000\000\000\000\000\000\000\000\000\000\000\000\000\000\000\000""; nodePubKey: ""\003.\200\224\215?)t\306\315\242\313\251\255\302\204=\232.\271%}\013\024s\024\002@\216l""\241F""; closeTime: 803902510; signature: ""0E\002!\000\343%W""Z\332\372+\245\275-\334(\234\234w6'qu'\214\034\337n\340\256\004*j\377@\002 *\325\321\n\271\322>X.a\264\225\002\220\233K/_(\021\0040\357\361\201k\276h\347;|~""; previousledger: ""\345X\002=\033c\255\253\226\014-o\364!\262f\370\222\250\377\220&p\343\245\3604Op\353\317\305""; "
1750587310775,1750587310776,0,1,3,1,TMProposeSet,"proposeSeq: 0; currentTxHash: ""\000\000\000\000\000\000\000\000\000\000\000\000\000\000\000\000\000\000\000\000\000\000\000\000\000\000\000\000\000\000\000\000""; nodePubKey: ""\003.\200\224\215?)t\306\315\242\313\251\255\302\204=\232.\271%}\013\024s\024\002@\216l""\241F""; closeTime: 803902510; signature: ""0E\002!\000\343%W""Z\332\372+\245\275-\334(\234\234w6'qu'\214\034\337n\340\256\004*j\377@\002 *\325\321\n\271\322>X.a\264\225\002\220\233K/_(\021\0040\357\361\201k\276h\347;|~""; previousledger: ""\345X\002=\033c\255\253\226\014-o\364!\262f\370\222\250\377\220&p\343\245\3604Op\353\317\305""; ","proposeSeq: 0; currentTxHash: ""\000\000\000\000\000\000\000\000\000\000\000\000\000\000\000\000\000\000\000\000\000\000\000\000\000\000\000\000\000\000\000\000""; nodePubKey: ""\003.\200\224\215?)t\306\315\242\313\251\255\302\204=\232.\271%}\013\024s\024\002@\216l""\241F""; closeTime: 803902510; signature: ""0E\002!\000\343%W""Z\332\372+\245\275-\334(\234\234w6'qu'\214\034\337n\340\256\004*j\377@\002 *\325\321\n\271\322>X.a\264\225\002\220\233K/_(\021\0040\357\361\201k\276h\347;|~""; previousledger: ""\345X\002=\033c\255\253\226\014-o\364!\262f\370\222\250\377\220&p\343\245\3604Op\353\317\305""; "
1750587310777,1750587310777,0,1,2,3,TMProposeSet,"proposeSeq: 0; currentTxHash: ""\000\000\000\000\000\000\000\000\000\000\000\000\000\000\000\000\000\000\000\000\000\000\000\000\000\000\000\000\000\000\000\000""; nodePubKey: ""\003.\200\224\215?)t\306\315\242\313\251\255\302\204=\232.\271%}\013\024s\024\002@\216l""\241F""; closeTime: 803902510; signature: ""0E\002!\000\343%W""Z\332\372+\245\275-\334(\234\234w6'qu'\214\034\337n\340\256\004*j\377@\002 *\325\321\n\271\322>X.a\264\225\002\220\233K/_(\021\0040\357\361\201k\276h\347;|~""; previousledger: ""\345X\002=\033c\255\253\226\014-o\364!\262f\370\222\250\377\220&p\343\245\3604Op\353\317\305""; ","proposeSeq: 0; currentTxHash: ""\000\000\000\000\000\000\000\000\000\000\000\000\000\000\000\000\000\000\000\000\000\000\000\000\000\000\000\000\000\000\000\000""; nodePubKey: ""\003.\200\224\215?)t\306\315\242\313\251\255\302\204=\232.\271%}\013\024s\024\002@\216l""\241F""; closeTime: 803902510; signature: ""0E\002!\000\343%W""Z\332\372+\245\275-\334(\234\234w6'qu'\214\034\337n\340\256\004*j\377@\002 *\325\321\n\271\322>X.a\264\225\002\220\233K/_(\021\0040\357\361\201k\276h\347;|~""; previousledger: ""\345X\002=\033c\255\253\226\014-o\364!\262f\370\222\250\377\220&p\343\245\3604Op\353\317\305""; "
1750587310777,1750587310777,0,1,2,1,TMProposeSet,"proposeSeq: 0; currentTxHash: ""\000\000\000\000\000\000\000\000\000\000\000\000\000\000\000\000\000\000\000\000\000\000\000\000\000\000\000\000\000\000\000\000""; nodePubKey: ""\003.\200\224\215?)t\306\315\242\313\251\255\302\204=\232.\271%}\013\024s\024\002@\216l""\241F""; closeTime: 803902510; signature: ""0E\002!\000\343%W""Z\332\372+\245\275-\334(\234\234w6'qu'\214\034\337n\340\256\004*j\377@\002 *\325\321\n\271\322>X.a\264\225\002\220\233K/_(\021\0040\357\361\201k\276h\347;|~""; previousledger: ""\345X\002=\033c\255\253\226\014-o\364!\262f\370\222\250\377\220&p\343\245\3604Op\353\317\305""; ","proposeSeq: 0; currentTxHash: ""\000\000\000\000\000\000\000\000\000\000\000\000\000\000\000\000\000\000\000\000\000\000\000\000\000\000\000\000\000\000\000\000""; nodePubKey: ""\003.\200\224\215?)t\306\315\242\313\251\255\302\204=\232.\271%}\013\024s\024\002@\216l""\241F""; closeTime: 803902510; signature: ""0E\002!\000\343%W""Z\332\372+\245\275-\334(\234\234w6'qu'\214\034\337n\340\256\004*j\377@\002 *\325\321\n\271\322>X.a\264\225\002\220\233K/_(\021\0040\357\361\201k\276h\347;|~""; previousledger: ""\345X\002=\033c\255\253\226\014-o\364!\262f\370\222\250\377\220&p\343\245\3604Op\353\317\305""; "
1750587310778,1750587310778,0,1,2,0,TMProposeSet,"proposeSeq: 0; currentTxHash: ""\000\000\000\000\000\000\000\000\000\000\000\000\000\000\000\000\000\000\000\000\000\000\000\000\000\000\000\000\000\000\000\000""; nodePubKey: ""\003.\200\224\215?)t\306\315\242\313\251\255\302\204=\232.\271%}\013\024s\024\002@\216l""\241F""; closeTime: 803902510; signature: ""0E\002!\000\343%W""Z\332\372+\245\275-\334(\234\234w6'qu'\214\034\337n\340\256\004*j\377@\002 *\325\321\n\271\322>X.a\264\225\002\220\233K/_(\021\0040\357\361\201k\276h\347;|~""; previousledger: ""\345X\002=\033c\255\253\226\014-o\364!\262f\370\222\250\377\220&p\343\245\3604Op\353\317\305""; ","proposeSeq: 0; currentTxHash: ""\000\000\000\000\000\000\000\000\000\000\000\000\000\000\000\000\000\000\000\000\000\000\000\000\000\000\000\000\000\000\000\000""; nodePubKey: ""\003.\200\224\215?)t\306\315\242\313\251\255\302\204=\232.\271%}\013\024s\024\002@\216l""\241F""; closeTime: 803902510; signature: ""0E\002!\000\343%W""Z\332\372+\245\275-\334(\234\234w6'qu'\214\034\337n\340\256\004*j\377@\002 *\325\321\n\271\322>X.a\264\225\002\220\233K/_(\021\0040\357\361\201k\276h\347;|~""; previousledger: ""\345X\002=\033c\255\253\226\014-o\364!\262f\370\222\250\377\220&p\343\245\3604Op\353\317\305""; "
1750587310778,1750587310779,0,1,0,2,TMProposeSet,"proposeSeq: 0; currentTxHash: ""\000\000\000\000\000\000\000\000\000\000\000\000\000\000\000\000\000\000\000\000\000\000\000\000\000\000\000\000\000\000\000\000""; nodePubKey: ""\003.\200\224\215?)t\306\315\242\313\251\255\302\204=\232.\271%}\013\024s\024\002@\216l""\241F""; closeTime: 803902510; signature: ""0E\002!\000\343%W""Z\332\372+\245\275-\334(\234\234w6'qu'\214\034\337n\340\256\004*j\377@\002 *\325\321\n\271\322>X.a\264\225\002\220\233K/_(\021\0040\357\361\201k\276h\347;|~""; previousledger: ""\345X\002=\033c\255\253\226\014-o\364!\262f\370\222\250\377\220&p\343\245\3604Op\353\317\305""; ","proposeSeq: 0; currentTxHash: ""\000\000\000\000\000\000\000\000\000\000\000\000\000\000\000\000\000\000\000\000\000\000\000\000\000\000\000\000\000\000\000\000""; nodePubKey: ""\003.\200\224\215?)t\306\315\242\313\251\255\302\204=\232.\271%}\013\024s\024\002@\216l""\241F""; closeTime: 803902510; signature: ""0E\002!\000\343%W""Z\332\372+\245\275-\334(\234\234w6'qu'\214\034\337n\340\256\004*j\377@\002 *\325\321\n\271\322>X.a\264\225\002\220\233K/_(\021\0040\357\361\201k\276h\347;|~""; previousledger: ""\345X\002=\033c\255\253\226\014-o\364!\262f\370\222\250\377\220&p\343\245\3604Op\353\317\305""; "
1750587310779,1750587310780,0,1,0,3,TMProposeSet,"proposeSeq: 0; currentTxHash: ""\000\000\000\000\000\000\000\000\000\000\000\000\000\000\000\000\000\000\000\000\000\000\000\000\000\000\000\000\000\000\000\000""; nodePubKey: ""\003.\200\224\215?)t\306\315\242\313\251\255\302\204=\232.\271%}\013\024s\024\002@\216l""\241F""; closeTime: 803902510; signature: ""0E\002!\000\343%W""Z\332\372+\245\275-\334(\234\234w6'qu'\214\034\337n\340\256\004*j\377@\002 *\325\321\n\271\322>X.a\264\225\002\220\233K/_(\021\0040\357\361\201k\276h\347;|~""; previousledger: ""\345X\002=\033c\255\253\226\014-o\364!\262f\370\222\250\377\220&p\343\245\3604Op\353\317\305""; ","proposeSeq: 0; currentTxHash: ""\000\000\000\000\000\000\000\000\000\000\000\000\000\000\000\000\000\000\000\000\000\000\000\000\000\000\000\000\000\000\000\000""; nodePubKey: ""\003.\200\224\215?)t\306\315\242\313\251\255\302\204=\232.\271%}\013\024s\024\002@\216l""\241F""; closeTime: 803902510; signature: ""0E\002!\000\343%W""Z\332\372+\245\275-\334(\234\234w6'qu'\214\034\337n\340\256\004*j\377@\002 *\325\321\n\271\322>X.a\264\225\002\220\233K/_(\021\0040\357\361\201k\276h\347;|~""; previousledger: ""\345X\002=\033c\255\253\226\014-o\364!\262f\370\222\250\377\220&p\343\245\3604Op\353\317\305""; "
1750587310780,1750587310780,0,1,0,1,TMProposeSet,"proposeSeq: 0; currentTxHash: ""\000\000\000\000\000\000\000\000\000\000\000\000\000\000\000\000\000\000\000\000\000\000\000\000\000\000\000\000\000\000\000\000""; nodePubKey: ""\003.\200\224\215?)t\306\315\242\313\251\255\302\204=\232.\271%}\013\024s\024\002@\216l""\241F""; closeTime: 803902510; signature: ""0E\002!\000\343%W""Z\332\372+\245\275-\334(\234\234w6'qu'\214\034\337n\340\256\004*j\377@\002 *\325\321\n\271\322>X.a\264\225\002\220\233K/_(\021\0040\357\361\201k\276h\347;|~""; previousledger: ""\345X\002=\033c\255\253\226\014-o\364!\262f\370\222\250\377\220&p\343\245\3604Op\353\317\305""; ","proposeSeq: 0; currentTxHash: ""\000\000\000\000\000\000\000\000\000\000\000\000\000\000\000\000\000\000\000\000\000\000\000\000\000\000\000\000\000\000\000\000""; nodePubKey: ""\003.\200\224\215?)t\306\315\242\313\251\255\302\204=\232.\271%}\013\024s\024\002@\216l""\241F""; closeTime: 803902510; signature: ""0E\002!\000\343%W""Z\332\372+\245\275-\334(\234\234w6'qu'\214\034\337n\340\256\004*j\377@\002 *\325\321\n\271\322>X.a\264\225\002\220\233K/_(\021\0040\357\361\201k\276h\347;|~""; previousledger: ""\345X\002=\033c\255\253\226\014-o\364!\262f\370\222\250\377\220&p\343\245\3604Op\353\317\305""; "
1750587310781,1750587310781,0,1,1,3,TMProposeSet,"proposeSeq: 0; currentTxHash: ""\000\000\000\000\000\000\000\000\000\000\000\000\000\000\000\000\000\000\000\000\000\000\000\000\000\000\000\000\000\000\000\000""; nodePubKey: ""\003.\200\224\215?)t\306\315\242\313\251\255\302\204=\232.\271%}\013\024s\024\002@\216l""\241F""; closeTime: 803902510; signature: ""0E\002!\000\343%W""Z\332\372+\245\275-\334(\234\234w6'qu'\214\034\337n\340\256\004*j\377@\002 *\325\321\n\271\322>X.a\264\225\002\220\233K/_(\021\0040\357\361\201k\276h\347;|~""; previousledger: ""\345X\002=\033c\255\253\226\014-o\364!\262f\370\222\250\377\220&p\343\245\3604Op\353\317\305""; ","proposeSeq: 0; currentTxHash: ""\000\000\000\000\000\000\000\000\000\000\000\000\000\000\000\000\000\000\000\000\000\000\000\000\000\000\000\000\000\000\000\000""; nodePubKey: ""\003.\200\224\215?)t\306\315\242\313\251\255\302\204=\232.\271%}\013\024s\024\002@\216l""\241F""; closeTime: 803902510; signature: ""0E\002!\000\343%W""Z\332\372+\245\275-\334(\234\234w6'qu'\214\034\337n\340\256\004*j\377@\002 *\325\321\n\271\322>X.a\264\225\002\220\233K/_(\021\0040\357\361\201k\276h\347;|~""; previousledger: ""\345X\002=\033c\255\253\226\014-o\364!\262f\370\222\250\377\220&p\343\245\3604Op\353\317\305""; "
1750587310781,1750587310782,0,1,1,0,TMProposeSet,"proposeSeq: 0; currentTxHash: ""\000\000\000\000\000\000\000\000\000\000\000\000\000\000\000\000\000\000\000\000\000\000\000\000\000\000\000\000\000\000\000\000""; nodePubKey: ""\003.\200\224\215?)t\306\315\242\313\251\255\302\204=\232.\271%}\013\024s\024\002@\216l""\241F""; closeTime: 803902510; signature: ""0E\002!\000\343%W""Z\332\372+\245\275-\334(\234\234w6'qu'\214\034\337n\340\256\004*j\377@\002 *\325\321\n\271\322>X.a\264\225\002\220\233K/_(\021\0040\357\361\201k\276h\347;|~""; previousledger: ""\345X\002=\033c\255\253\226\014-o\364!\262f\370\222\250\377\220&p\343\245\3604Op\353\317\305""; ","proposeSeq: 0; currentTxHash: ""\000\000\000\000\000\000\000\000\000\000\000\000\000\000\000\000\000\000\000\000\000\000\000\000\000\000\000\000\000\000\000\000""; nodePubKey: ""\003.\200\224\215?)t\306\315\242\313\251\255\302\204=\232.\271%}\013\024s\024\002@\216l""\241F""; closeTime: 803902510; signature: ""0E\002!\000\343%W""Z\332\372+\245\275-\334(\234\234w6'qu'\214\034\337n\340\256\004*j\377@\002 *\325\321\n\271\322>X.a\264\225\002\220\233K/_(\021\0040\357\361\201k\276h\347;|~""; previousledger: ""\345X\002=\033c\255\253\226\014-o\364!\262f\370\222\250\377\220&p\343\245\3604Op\353\317\305""; "
1750587310782,1750587310782,0,1,1,2,TMProposeSet,"proposeSeq: 0; currentTxHash: ""\000\000\000\000\000\000\000\000\000\000\000\000\000\000\000\000\000\000\000\000\000\000\000\000\000\000\000\000\000\000\000\000""; nodePubKey: ""\003.\200\224\215?)t\306\315\242\313\251\255\302\204=\232.\271%}\013\024s\024\002@\216l""\241F""; closeTime: 803902510; signature: ""0E\002!\000\343%W""Z\332\372+\245\275-\334(\234\234w6'qu'\214\034\337n\340\256\004*j\377@\002 *\325\321\n\271\322>X.a\264\225\002\220\233K/_(\021\0040\357\361\201k\276h\347;|~""; previousledger: ""\345X\002=\033c\255\253\226\014-o\364!\262f\370\222\250\377\220&p\343\245\3604Op\353\317\305""; ","proposeSeq: 0; currentTxHash: ""\000\000\000\000\000\000\000\000\000\000\000\000\000\000\000\000\000\000\000\000\000\000\000\000\000\000\000\000\000\000\000\000""; nodePubKey: ""\003.\200\224\215?)t\306\315\242\313\251\255\302\204=\232.\271%}\013\024s\024\002@\216l""\241F""; closeTime: 803902510; signature: ""0E\002!\000\343%W""Z\332\372+\245\275-\334(\234\234w6'qu'\214\034\337n\340\256\004*j\377@\002 *\325\321\n\271\322>X.a\264\225\002\220\233K/_(\021\0040\357\361\201k\276h\347;|~""; previousledger: ""\345X\002=\033c\255\253\226\014-o\364!\262f\370\222\250\377\220&p\343\245\3604Op\353\317\305""; "
1750587310770,1750587310821,0,1,4,2,TMStatusChange,"newEvent: neCLOSING_LEDGER; ledgerSeq: 15; ledgerHash: ""\345X\002=\033c\255\253\226\014-o\364!\262f\370\222\250\377\220&p\343\245\3604Op\353\317\305""; ledgerHashPrevious: ""D!=\355\210\037\325\034/l\242\365\034!w\324\362\3252-\025\351\314\2334,\306Dd\037v\256""; networkTime: 803902510; firstSeq: 1; lastSeq: 15; ","newEvent: neCLOSING_LEDGER; ledgerSeq: 15; ledgerHash: ""\345X\002=\033c\255\253\226\014-o\364!\262f\370\222\250\377\220&p\343\245\3604Op\353\317\305""; ledgerHashPrevious: ""D!=\355\210\037\325\034/l\242\365\034!w\324\362\3252-\025\351\314\2334,\306Dd\037v\256""; networkTime: 803902510; firstSeq: 1; lastSeq: 15; "
1750587310770,1750587310821,0,1,4,3,TMStatusChange,"newEvent: neCLOSING_LEDGER; ledgerSeq: 15; ledgerHash: ""\345X\002=\033c\255\253\226\014-o\364!\262f\370\222\250\377\220&p\343\245\3604Op\353\317\305""; ledgerHashPrevious: ""D!=\355\210\037\325\034/l\242\365\034!w\324\362\3252-\025\351\314\2334,\306Dd\037v\256""; networkTime: 803902510; firstSeq: 1; lastSeq: 15; ","newEvent: neCLOSING_LEDGER; ledgerSeq: 15; ledgerHash: ""\345X\002=\033c\255\253\226\014-o\364!\262f\370\222\250\377\220&p\343\245\3604Op\353\317\305""; ledgerHashPrevious: ""D!=\355\210\037\325\034/l\242\365\034!w\324\362\3252-\025\351\314\2334,\306Dd\037v\256""; networkTime: 803902510; firstSeq: 1; lastSeq: 15; "
1750587310773,1750587310822,0,1,4,0,TMStatusChange,"newEvent: neCLOSING_LEDGER; ledgerSeq: 15; ledgerHash: ""\345X\002=\033c\255\253\226\014-o\364!\262f\370\222\250\377\220&p\343\245\3604Op\353\317\305""; ledgerHashPrevious: ""D!=\355\210\037\325\034/l\242\365\034!w\324\362\3252-\025\351\314\2334,\306Dd\037v\256""; networkTime: 803902510; firstSeq: 1; lastSeq: 15; ","newEvent: neCLOSING_LEDGER; ledgerSeq: 15; ledgerHash: ""\345X\002=\033c\255\253\226\014-o\364!\262f\370\222\250\377\220&p\343\245\3604Op\353\317\305""; ledgerHashPrevious: ""D!=\355\210\037\325\034/l\242\365\034!w\324\362\3252-\025\351\314\2334,\306Dd\037v\256""; networkTime: 803902510; firstSeq: 1; lastSeq: 15; "
1750587310773,1750587310828,0,1,4,1,TMStatusChange,"newEvent: neCLOSING_LEDGER; ledgerSeq: 15; ledgerHash: ""\345X\002=\033c\255\253\226\014-o\364!\262f\370\222\250\377\220&p\343\245\3604Op\353\317\305""; ledgerHashPrevious: ""D!=\355\210\037\325\034/l\242\365\034!w\324\362\3252-\025\351\314\2334,\306Dd\037v\256""; networkTime: 803902510; firstSeq: 1; lastSeq: 15; ","newEvent: neCLOSING_LEDGER; ledgerSeq: 15; ledgerHash: ""\345X\002=\033c\255\253\226\014-o\364!\262f\370\222\250\377\220&p\343\245\3604Op\353\317\305""; ledgerHashPrevious: ""D!=\355\210\037\325\034/l\242\365\034!w\324\362\3252-\025\351\314\2334,\306Dd\037v\256""; networkTime: 803902510; firstSeq: 1; lastSeq: 15; "
1750587311456,1750587311457,0,1,1,4,TMValidation,"validation: """"\200\000\000\001&\000\000\000\020)/\352\224/:?HT\314/\177\320^Q?Z\326\257)\2439\250\272\002\370\360\022\220W 062/8s4\204\363\253&I\000m\335\025P\027\000\000\000\000\000\000\000\000\000\000\000\000\000\000\000\000\000\000\000\000\000\000\000\000\000\000\000\000\000\000\000\000P\031\345X\002=\033c\255\253\226\014-o\364!\262f\370\222\250\377\220&p\343\245\3604Op\353\317\305s!\003\343\005\311u\203\370\0338\3174\324\010\006\301\251\177\261\304eOX\262)FA-\022r\263wm\024vF0D\002 [\376G\004\205\333=""E\006\256T>a\374\247\302\376\211\n\226\0300=\200\3718\307\330G\360""\002 p\204nQK\303\263VS\356\211\3358\324m!\216O\214s@\365\244]\366r\031iG\252W\323""; ","validation: """"\200\000\000\001&\000\000\000\020)/\352\224/:?HT\314/\177\320^Q?Z\326\257)\2439\250\272\002\370\360\022\220W 062/8s4\204\363\253&I\000m\335\025P\027\000\000\000\000\000\000\000\000\000\000\000\000\000\000\000\000\000\000\000\000\000\000\000\000\000\000\000\000\000\000\000\000P\031\345X\002=\033c\255\253\226\014-o\364!\262f\370\222\250\377\220&p\343\245\3604Op\353\317\305s!\003\343\005\311u\203\370\0338\3174\324\010\006\301\251\177\261\304eOX\262)FA-\022r\263wm\024vF0D\002 [\376G\004\205\333=""E\006\256T>a\374\247\302\376\211\n\226\0300=\200\3718\307\330G\360""\002 p\204nQK\303\263VS\356\211\3358\324m!\216O\214s@\365\244]\366r\031iG\252W\323""; "
1750587311457,1750587311457,0,1,1,3,TMStatusChange,"newEvent: neACCEPTED_LEDGER; ledgerSeq: 16; ledgerHash: ""?Z\326\257)\2439\250\272\002\370\360\022\220W 062/8s4\204\363\253&I\000m\335\025""; ledgerHashPrevious: ""\345X\002=\033c\255\253\226\014-o\364!\262f\370\222\250\377\220&p\343\245\3604Op\353\317\305""; networkTime: 803902511; firstSeq: 1; lastSeq: 15; ","newEvent: neACCEPTED_LEDGER; ledgerSeq: 16; ledgerHash: ""?Z\326\257)\2439\250\272\002\370\360\022\220W 062/8s4\204\363\253&I\000m\335\025""; ledgerHashPrevious: ""\345X\002=\033c\255\253\226\014-o\364!\262f\370\222\250\377\220&p\343\245\3604Op\353\317\305""; networkTime: 803902511; firstSeq: 1; lastSeq: 15; "
1750587311458,1750587311458,0,1,1,4,TMStatusChange,"newEvent: neACCEPTED_LEDGER; ledgerSeq: 16; ledgerHash: ""?Z\326\257)\2439\250\272\002\370\360\022\220W 062/8s4\204\363\253&I\000m\335\025""; ledgerHashPrevious: ""\345X\002=\033c\255\253\226\014-o\364!\262f\370\222\250\377\220&p\343\245\3604Op\353\317\305""; networkTime: 803902511; firstSeq: 1; lastSeq: 15; ","newEvent: neACCEPTED_LEDGER; ledgerSeq: 16; ledgerHash: ""?Z\326\257)\2439\250\272\002\370\360\022\220W 062/8s4\204\363\253&I\000m\335\025""; ledgerHashPrevious: ""\345X\002=\033c\255\253\226\014-o\364!\262f\370\222\250\377\220&p\343\245\3604Op\353\317\305""; networkTime: 803902511; firstSeq: 1; lastSeq: 15; "
1750587311458,1750587311458,0,1,1,2,TMStatusChange,"newEvent: neACCEPTED_LEDGER; ledgerSeq: 16; ledgerHash: ""?Z\326\257)\2439\250\272\002\370\360\022\220W 062/8s4\204\363\253&I\000m\335\025""; ledgerHashPrevious: ""\345X\002=\033c\255\253\226\014-o\364!\262f\370\222\250\377\220&p\343\245\3604Op\353\317\305""; networkTime: 803902511; firstSeq: 1; lastSeq: 15; ","newEvent: neACCEPTED_LEDGER; ledgerSeq: 16; ledgerHash: ""?Z\326\257)\2439\250\272\002\370\360\022\220W 062/8s4\204\363\253&I\000m\335\025""; ledgerHashPrevious: ""\345X\002=\033c\255\253\226\014-o\364!\262f\370\222\250\377\220&p\343\245\3604Op\353\317\305""; networkTime: 803902511; firstSeq: 1; lastSeq: 15; "
1750587311458,1750587311458,0,1,1,0,TMStatusChange,"newEvent: neACCEPTED_LEDGER; ledgerSeq: 16; ledgerHash: ""?Z\326\257)\2439\250\272\002\370\360\022\220W 062/8s4\204\363\253&I\000m\335\025""; ledgerHashPrevious: ""\345X\002=\033c\255\253\226\014-o\364!\262f\370\222\250\377\220&p\343\245\3604Op\353\317\305""; networkTime: 803902511; firstSeq: 1; lastSeq: 15; ","newEvent: neACCEPTED_LEDGER; ledgerSeq: 16; ledgerHash: ""?Z\326\257)\2439\250\272\002\370\360\022\220W 062/8s4\204\363\253&I\000m\335\025""; ledgerHashPrevious: ""\345X\002=\033c\255\253\226\014-o\364!\262f\370\222\250\377\220&p\343\245\3604Op\353\317\305""; networkTime: 803902511; firstSeq: 1; lastSeq: 15; "
1750587311461,1750587311461,0,1,4,3,TMValidation,"validation: """"\200\000\000\001&\000\000\000\020)/\352\224/:?HT\314/\177\320^Q?Z\326\257)\2439\250\272\002\370\360\022\220W 062/8s4\204\363\253&I\000m\335\025P\027\000\000\000\000\000\000\000\000\000\000\000\000\000\000\000\000\000\000\000\000\000\000\000\000\000\000\000\000\000\000\000\000P\031\345X\002=\033c\255\253\226\014-o\364!\262f\370\222\250\377\220&p\343\245\3604Op\353\317\305s!\003\343\005\311u\203\370\0338\3174\324\010\006\301\251\177\261\304eOX\262)FA-\022r\263wm\024vF0D\002 [\376G\004\205\333=""E\006\256T>a\374\247\302\376\211\n\226\0300=\200\3718\307\330G\360""\002 p\204nQK\303\263VS\356\211\3358\324m!\216O\214s@\365\244]\366r\031iG\252W\323""; ","validation: """"\200\000\000\001&\000\000\000\020)/\352\224/:?HT\314/\177\320^Q?Z\326\257)\2439\250\272\002\370\360\022\220W 062/8s4\204\363\253&I\000m\335\025P\027\000\000\000\000\000\000\000\000\000\000\000\000\000\000\000\000\000\000\000\000\000\000\000\000\000\000\000\000\000\000\000\000P\031\345X\002=\033c\255\253\226\014-o\364!\262f\370\222\250\377\220&p\343\245\3604Op\353\317\305s!\003\343\005\311u\203\370\0338\3174\324\010\006\301\251\177\261\304eOX\262)FA-\022r\263wm\024vF0D\002 [\376G\004\205\333=""E\006\256T>a\374\247\302\376\211\n\226\0300=\200\3718\307\330G\360""\002 p\204nQK\303\263VS\356\211\3358\324m!\216O\214s@\365\244]\366r\031iG\252W\323""; "
1750587311462,1750587311462,0,1,4,2,TMGetLedger,"itype: liBASE; ledgerHash: ""?Z\326\257)\2439\250\272\002\370\360\022\220W 062/8s4\204\363\253&I\000m\335\025""; ","itype: liBASE; ledgerHash: ""?Z\326\257)\2439\250\272\002\370\360\022\220W 062/8s4\204\363\253&I\000m\335\025""; "
1750587311463,1750587311463,0,1,4,2,TMValidation,"validation: """"\200\000\000\001&\000\000\000\020)/\352\224/:?HT\314/\177\320^Q?Z\326\257)\2439\250\272\002\370\360\022\220W 062/8s4\204\363\253&I\000m\335\025P\027\000\000\000\000\000\000\000\000\000\000\000\000\000\000\000\000\000\000\000\000\000\000\000\000\000\000\000\000\000\000\000\000P\031\345X\002=\033c\255\253\226\014-o\364!\262f\370\222\250\377\220&p\343\245\3604Op\353\317\305s!\003\343\005\311u\203\370\0338\3174\324\010\006\301\251\177\261\304eOX\262)FA-\022r\263wm\024vF0D\002 [\376G\004\205\333=""E\006\256T>a\374\247\302\376\211\n\226\0300=\200\3718\307\330G\360""\002 p\204nQK\303\263VS\356\211\3358\324m!\216O\214s@\365\244]\366r\031iG\252W\323""; ","validation: """"\200\000\000\001&\000\000\000\020)/\352\224/:?HT\314/\177\320^Q?Z\326\257)\2439\250\272\002\370\360\022\220W 062/8s4\204\363\253&I\000m\335\025P\027\000\000\000\000\000\000\000\000\000\000\000\000\000\000\000\000\000\000\000\000\000\000\000\000\000\000\000\000\000\000\000\000P\031\345X\002=\033c\255\253\226\014-o\364!\262f\370\222\250\377\220&p\343\245\3604Op\353\317\305s!\003\343\005\311u\203\370\0338\3174\324\010\006\301\251\177\261\304eOX\262)FA-\022r\263wm\024vF0D\002 [\376G\004\205\333=""E\006\256T>a\374\247\302\376\211\n\226\0300=\200\3718\307\330G\360""\002 p\204nQK\303\263VS\356\211\3358\324m!\216O\214s@\365\244]\366r\031iG\252W\323""; "
1750587311464,1750587311464,0,1,4,0,TMValidation,"validation: """"\200\000\000\001&\000\000\000\020)/\352\224/:?HT\314/\177\320^Q?Z\326\257)\2439\250\272\002\370\360\022\220W 062/8s4\204\363\253&I\000m\335\025P\027\000\000\000\000\000\000\000\000\000\000\000\000\000\000\000\000\000\000\000\000\000\000\000\000\000\000\000\000\000\000\000\000P\031\345X\002=\033c\255\253\226\014-o\364!\262f\370\222\250\377\220&p\343\245\3604Op\353\317\305s!\003\343\005\311u\203\370\0338\3174\324\010\006\301\251\177\261\304eOX\262)FA-\022r\263wm\024vF0D\002 [\376G\004\205\333=""E\006\256T>a\374\247\302\376\211\n\226\0300=\200\3718\307\330G\360""\002 p\204nQK\303\263VS\356\211\3358\324m!\216O\214s@\365\244]\366r\031iG\252W\323""; ","validation: """"\200\000\000\001&\000\000\000\020)/\352\224/:?HT\314/\177\320^Q?Z\326\257)\2439\250\272\002\370\360\022\220W 062/8s4\204\363\253&I\000m\335\025P\027\000\000\000\000\000\000\000\000\000\000\000\000\000\000\000\000\000\000\000\000\000\000\000\000\000\000\000\000\000\000\000\000P\031\345X\002=\033c\255\253\226\014-o\364!\262f\370\222\250\377\220&p\343\245\3604Op\353\317\305s!\003\343\005\311u\203\370\0338\3174\324\010\006\301\251\177\261\304eOX\262)FA-\022r\263wm\024vF0D\002 [\376G\004\205\333=""E\006\256T>a\374\247\302\376\211\n\226\0300=\200\3718\307\330G\360""\002 p\204nQK\303\263VS\356\211\3358\324m!\216O\214s@\365\244]\366r\031iG\252W\323""; "
1750587311464,1750587311464,0,1,4,0,TMGetLedger,"itype: liBASE; ledgerHash: ""?Z\326\257)\2439\250\272\002\370\360\022\220W 062/8s4\204\363\253&I\000m\335\025""; queryType: qtINDIRECT; ","itype: liBASE; ledgerHash: ""?Z\326\257)\2439\250\272\002\370\360\022\220W 062/8s4\204\363\253&I\000m\335\025""; queryType: qtINDIRECT; "
1750587311464,1750587311464,0,1,4,1,TMGetLedger,"itype: liBASE; ledgerHash: ""?Z\326\257)\2439\250\272\002\370\360\022\220W 062/8s4\204\363\253&I\000m\335\025""; ","itype: liBASE; ledgerHash: ""?Z\326\257)\2439\250\272\002\370\360\022\220W 062/8s4\204\363\253&I\000m\335\025""; "
1750587311465,1750587311465,0,1,4,3,TMGetLedger,"itype: liBASE; ledgerHash: ""?Z\326\257)\2439\250\272\002\370\360\022\220W 062/8s4\204\363\253&I\000m\335\025""; ","itype: liBASE; ledgerHash: ""?Z\326\257)\2439\250\272\002\370\360\022\220W 062/8s4\204\363\253&I\000m\335\025""; "
1750587311465,1750587311465,0,1,4,2,TMGetLedger,"itype: liBASE; ledgerHash: ""?Z\326\257)\2439\250\272\002\370\360\022\220W 062/8s4\204\363\253&I\000m\335\025""; queryType: qtINDIRECT; ","itype: liBASE; ledgerHash: ""?Z\326\257)\2439\250\272\002\370\360\022\220W 062/8s4\204\363\253&I\000m\335\025""; queryType: qtINDIRECT; "
1750587311466,1750587311466,0,1,4,0,TMGetLedger,"itype: liBASE; ledgerHash: ""?Z\326\257)\2439\250\272\002\370\360\022\220W 062/8s4\204\363\253&I\000m\335\025""; ","itype: liBASE; ledgerHash: ""?Z\326\257)\2439\250\272\002\370\360\022\220W 062/8s4\204\363\253&I\000m\335\025""; "
1750587311467,1750587311467,0,1,4,3,TMGetLedger,"itype: liBASE; ledgerHash: ""?Z\326\257)\2439\250\272\002\370\360\022\220W 062/8s4\204\363\253&I\000m\335\025""; queryType: qtINDIRECT; ","itype: liBASE; ledgerHash: ""?Z\326\257)\2439\250\272\002\370\360\022\220W 062/8s4\204\363\253&I\000m\335\025""; queryType: qtINDIRECT; "
1750587311467,1750587311467,0,1,4,1,TMGetLedger,"itype: liBASE; ledgerHash: ""?Z\326\257)\2439\250\272\002\370\360\022\220W 062/8s4\204\363\253&I\000m\335\025""; queryType: qtINDIRECT; ","itype: liBASE; ledgerHash: ""?Z\326\257)\2439\250\272\002\370\360\022\220W 062/8s4\204\363\253&I\000m\335\025""; queryType: qtINDIRECT; "
1750587311468,1750587311468,0,1,3,2,TMValidation,"validation: """"\200\000\000\001&\000\000\000\020)/\352\224/:?HT\314/\177\320^Q?Z\326\257)\2439\250\272\002\370\360\022\220W 062/8s4\204\363\253&I\000m\335\025P\027\000\000\000\000\000\000\000\000\000\000\000\000\000\000\000\000\000\000\000\000\000\000\000\000\000\000\000\000\000\000\000\000P\031\345X\002=\033c\255\253\226\014-o\364!\262f\370\222\250\377\220&p\343\245\3604Op\353\317\305s!\003\343\005\311u\203\370\0338\3174\324\010\006\301\251\177\261\304eOX\262)FA-\022r\263wm\024vF0D\002 [\376G\004\205\333=""E\006\256T>a\374\247\302\376\211\n\226\0300=\200\3718\307\330G\360""\002 p\204nQK\303\263VS\356\211\3358\324m!\216O\214s@\365\244]\366r\031iG\252W\323""; ","validation: """"\200\000\000\001&\000\000\000\020)/\352\224/:?HT\314/\177\320^Q?Z\326\257)\2439\250\272\002\370\360\022\220W 062/8s4\204\363\253&I\000m\335\025P\027\000\000\000\000\000\000\000\000\000\000\000\000\000\000\000\000\000\000\000\000\000\000\000\000\000\000\000\000\000\000\000\000P\031\345X\002=\033c\255\253\226\014-o\364!\262f\370\222\250\377\220&p\343\245\3604Op\353\317\305s!\003\343\005\311u\203\370\0338\3174\324\010\006\301\251\177\261\304eOX\262)FA-\022r\263wm\024vF0D\002 [\376G\004\205\333=""E\006\256T>a\374\247\302\376\211\n\226\0300=\200\3718\307\330G\360""\002 p\204nQK\303\263VS\356\211\3358\324m!\216O\214s@\365\244]\366r\031iG\252W\323""; "
1750587311468,1750587311468,0,1,3,1,TMValidation,"validation: """"\200\000\000\001&\000\000\000\020)/\352\224/:?HT\314/\177\320^Q?Z\326\257)\2439\250\272\002\370\360\022\220W 062/8s4\204\363\253&I\000m\335\025P\027\000\000\000\000\000\000\000\000\000\000\000\000\000\000\000\000\000\000\000\000\000\000\000\000\000\000\000\000\000\000\000\000P\031\345X\002=\033c\255\253\226\014-o\364!\262f\370\222\250\377\220&p\343\245\3604Op\353\317\305s!\003\343\005\311u\203\370\0338\3174\324\010\006\301\251\177\261\304eOX\262)FA-\022r\263wm\024vF0D\002 [\376G\004\205\333=""E\006\256T>a\374\247\302\376\211\n\226\0300=\200\3718\307\330G\360""\002 p\204nQK\303\263VS\356\211\3358\324m!\216O\214s@\365\244]\366r\031iG\252W\323""; ","validation: """"\200\000\000\001&\000\000\000\020)/\352\224/:?HT\314/\177\320^Q?Z\326\257)\2439\250\272\002\370\360\022\220W 062/8s4\204\363\253&I\000m\335\025P\027\000\000\000\000\000\000\000\000\000\000\000\000\000\000\000\000\000\000\000\000\000\000\000\000\000\000\000\000\000\000\000\000P\031\345X\002=\033c\255\253\226\014-o\364!\262f\370\222\250\377\220&p\343\245\3604Op\353\317\305s!\003\343\005\311u\203\370\0338\3174\324\010\006\301\251\177\261\304eOX\262)FA-\022r\263wm\024vF0D\002 [\376G\004\205\333=""E\006\256T>a\374\247\302\376\211\n\226\0300=\200\3718\307\330G\360""\002 p\204nQK\303\263VS\356\211\3358\324m!\216O\214s@\365\244]\366r\031iG\252W\323""; "
1750587311469,1750587311469,0,1,3,0,TMValidation,"validation: """"\200\000\000\001&\000\000\000\020)/\352\224/:?HT\314/\177\320^Q?Z\326\257)\2439\250\272\002\370\360\022\220W 062/8s4\204\363\253&I\000m\335\025P\027\000\000\000\000\000\000\000\000\000\000\000\000\000\000\000\000\000\000\000\000\000\000\000\000\000\000\000\000\000\000\000\000P\031\345X\002=\033c\255\253\226\014-o\364!\262f\370\222\250\377\220&p\343\245\3604Op\353\317\305s!\003\343\005\311u\203\370\0338\3174\324\010\006\301\251\177\261\304eOX\262)FA-\022r\263wm\024vF0D\002 [\376G\004\205\333=""E\006\256T>a\374\247\302\376\211\n\226\0300=\200\3718\307\330G\360""\002 p\204nQK\303\263VS\356\211\3358\324m!\216O\214s@\365\244]\366r\031iG\252W\323""; ","validation: """"\200\000\000\001&\000\000\000\020)/\352\224/:?HT\314/\177\320^Q?Z\326\257)\2439\250\272\002\370\360\022\220W 062/8s4\204\363\253&I\000m\335\025P\027\000\000\000\000\000\000\000\000\000\000\000\000\000\000\000\000\000\000\000\000\000\000\000\000\000\000\000\000\000\000\000\000P\031\345X\002=\033c\255\253\226\014-o\364!\262f\370\222\250\377\220&p\343\245\3604Op\353\317\305s!\003\343\005\311u\203\370\0338\3174\324\010\006\301\251\177\261\304eOX\262)FA-\022r\263wm\024vF0D\002 [\376G\004\205\333=""E\006\256T>a\374\247\302\376\211\n\226\0300=\200\3718\307\330G\360""\002 p\204nQK\303\263VS\356\211\3358\324m!\216O\214s@\365\244]\366r\031iG\252W\323""; "
1750587311470,1750587311470,0,1,3,4,TMGetLedger,"itype: liBASE; ledgerHash: ""?Z\326\257)\2439\250\272\002\370\360\022\220W 062/8s4\204\363\253&I\000m\335\025""; ","itype: liBASE; ledgerHash: ""?Z\326\257)\2439\250\272\002\370\360\022\220W 062/8s4\204\363\253&I\000m\335\025""; "
1750587311470,1750587311470,0,1,3,4,TMGetLedger,"itype: liBASE; ledgerHash: ""?Z\326\257)\2439\250\272\002\370\360\022\220W 062/8s4\204\363\253&I\000m\335\025""; queryType: qtINDIRECT; ","itype: liBASE; ledgerHash: ""?Z\326\257)\2439\250\272\002\370\360\022\220W 062/8s4\204\363\253&I\000m\335\025""; queryType: qtINDIRECT; "
1750587311472,1750587311472,0,1,2,3,TMValidation,"validation: """"\200\000\000\001&\000\000\000\020)/\352\224/:?HT\314/\177\320^Q?Z\326\257)\2439\250\272\002\370\360\022\220W 062/8s4\204\363\253&I\000m\335\025P\027\000\000\000\000\000\000\000\000\000\000\000\000\000\000\000\000\000\000\000\000\000\000\000\000\000\000\000\000\000\000\000\000P\031\345X\002=\033c\255\253\226\014-o\364!\262f\370\222\250\377\220&p\343\245\3604Op\353\317\305s!\003\343\005\311u\203\370\0338\3174\324\010\006\301\251\177\261\304eOX\262)FA-\022r\263wm\024vF0D\002 [\376G\004\205\333=""E\006\256T>a\374\247\302\376\211\n\226\0300=\200\3718\307\330G\360""\002 p\204nQK\303\263VS\356\211\3358\324m!\216O\214s@\365\244]\366r\031iG\252W\323""; ","validation: """"\200\000\000\001&\000\000\000\020)/\352\224/:?HT\314/\177\320^Q?Z\326\257)\2439\250\272\002\370\360\022\220W 062/8s4\204\363\253&I\000m\335\025P\027\000\000\000\000\000\000\000\000\000\000\000\000\000\000\000\000\000\000\000\000\000\000\000\000\000\000\000\000\000\000\000\000P\031\345X\002=\033c\255\253\226\014-o\364!\262f\370\222\250\377\220&p\343\245\3604Op\353\317\305s!\003\343\005\311u\203\370\0338\3174\324\010\006\301\251\177\261\304eOX\262)FA-\022r\263wm\024vF0D\002 [\376G\004\205\333=""E\006\256T>a\374\247\302\376\211\n\226\0300=\200\3718\307\330G\360""\002 p\204nQK\303\263VS\356\211\3358\324m!\216O\214s@\365\244]\366r\031iG\252W\323""; "
1750587311472,1750587311472,0,1,2,1,TMValidation,"validation: """"\200\000\000\001&\000\000\000\020)/\352\224/:?HT\314/\177\320^Q?Z\326\257)\2439\250\272\002\370\360\022\220W 062/8s4\204\363\253&I\000m\335\025P\027\000\000\000\000\000\000\000\000\000\000\000\000\000\000\000\000\000\000\000\000\000\000\000\000\000\000\000\000\000\000\000\000P\031\345X\002=\033c\255\253\226\014-o\364!\262f\370\222\250\377\220&p\343\245\3604Op\353\317\305s!\003\343\005\311u\203\370\0338\3174\324\010\006\301\251\177\261\304eOX\262)FA-\022r\263wm\024vF0D\002 [\376G\004\205\333=""E\006\256T>a\374\247\302\376\211\n\226\0300=\200\3718\307\330G\360""\002 p\204nQK\303\263VS\356\211\3358\324m!\216O\214s@\365\244]\366r\031iG\252W\323""; ","validation: """"\200\000\000\001&\000\000\000\020)/\352\224/:?HT\314/\177\320^Q?Z\326\257)\2439\250\272\002\370\360\022\220W 062/8s4\204\363\253&I\000m\335\025P\027\000\000\000\000\000\000\000\000\000\000\000\000\000\000\000\000\000\000\000\000\000\000\000\000\000\000\000\000\000\000\000\000P\031\345X\002=\033c\255\253\226\014-o\364!\262f\370\222\250\377\220&p\343\245\3604Op\353\317\305s!\003\343\005\311u\203\370\0338\3174\324\010\006\301\251\177\261\304eOX\262)FA-\022r\263wm\024vF0D\002 [\376G\004\205\333=""E\006\256T>a\374\247\302\376\211\n\226\0300=\200\3718\307\330G\360""\002 p\204nQK\303\263VS\356\211\3358\324m!\216O\214s@\365\244]\366r\031iG\252W\323""; "
1750587311473,1750587311473,0,1,2,4,TMGetLedger,"itype: liBASE; ledgerHash: ""?Z\326\257)\2439\250\272\002\370\360\022\220W 062/8s4\204\363\253&I\000m\335\025""; ","itype: liBASE; ledgerHash: ""?Z\326\257)\2439\250\272\002\370\360\022\220W 062/8s4\204\363\253&I\000m\335\025""; "
1750587311473,1750587311473,0,1,2,0,TMValidation,"validation: """"\200\000\000\001&\000\000\000\020)/\352\224/:?HT\314/\177\320^Q?Z\326\257)\2439\250\272\002\370\360\022\220W 062/8s4\204\363\253&I\000m\335\025P\027\000\000\000\000\000\000\000\000\000\000\000\000\000\000\000\000\000\000\000\000\000\000\000\000\000\000\000\000\000\000\000\000P\031\345X\002=\033c\255\253\226\014-o\364!\262f\370\222\250\377\220&p\343\245\3604Op\353\317\305s!\003\343\005\311u\203\370\0338\3174\324\010\006\301\251\177\261\304eOX\262)FA-\022r\263wm\024vF0D\002 [\376G\004\205\333=""E\006\256T>a\374\247\302\376\211\n\226\0300=\200\3718\307\330G\360""\002 p\204nQK\303\263VS\356\211\3358\324m!\216O\214s@\365\244]\366r\031iG\252W\323""; ","validation: """"\200\000\000\001&\000\000\000\020)/\352\224/:?HT\314/\177\320^Q?Z\326\257)\2439\250\272\002\370\360\022\220W 062/8s4\204\363\253&I\000m\335\025P\027\000\000\000\000\000\000\000\000\000\000\000\000\000\000\000\000\000\000\000\000\000\000\000\000\000\000\000\000\000\000\000\000P\031\345X\002=\033c\255\253\226\014-o\364!\262f\370\222\250\377\220&p\343\245\3604Op\353\317\305s!\003\343\005\311u\203\370\0338\3174\324\010\006\301\251\177\261\304eOX\262)FA-\022r\263wm\024vF0D\002 [\376G\004\205\333=""E\006\256T>a\374\247\302\376\211\n\226\0300=\200\3718\307\330G\360""\002 p\204nQK\303\263VS\356\211\3358\324m!\216O\214s@\365\244]\366r\031iG\252W\323""; "
1750587311474,1750587311474,0,1,2,4,TMGetLedger,"itype: liBASE; ledgerHash: ""?Z\326\257)\2439\250\272\002\370\360\022\220W 062/8s4\204\363\253&I\000m\335\025""; queryType: qtINDIRECT; ","itype: liBASE; ledgerHash: ""?Z\326\257)\2439\250\272\002\370\360\022\220W 062/8s4\204\363\253&I\000m\335\025""; queryType: qtINDIRECT; "
1750587311474,1750587311474,0,1,0,3,TMValidation,"validation: """"\200\000\000\001&\000\000\000\020)/\352\224/:?HT\314/\177\320^Q?Z\326\257)\2439\250\272\002\370\360\022\220W 062/8s4\204\363\253&I\000m\335\025P\027\000\000\000\000\000\000\000\000\000\000\000\000\000\000\000\000\000\000\000\000\000\000\000\000\000\000\000\000\000\000\000\000P\031\345X\002=\033c\255\253\226\014-o\364!\262f\370\222\250\377\220&p\343\245\3604Op\353\317\305s!\003\343\005\311u\203\370\0338\3174\324\010\006\301\251\177\261\304eOX\262)FA-\022r\263wm\024vF0D\002 [\376G\004\205\333=""E\006\256T>a\374\247\302\376\211\n\226\0300=\200\3718\307\330G\360""\002 p\204nQK\303\263VS\356\211\3358\324m!\216O\214s@\365\244]\366r\031iG\252W\323""; ","validation: """"\200\000\000\001&\000\000\000\020)/\352\224/:?HT\314/\177\320^Q?Z\326\257)\2439\250\272\002\370\360\022\220W 062/8s4\204\363\253&I\000m\335\025P\027\000\000\000\000\000\000\000\000\000\000\000\000\000\000\000\000\000\000\000\000\000\000\000\000\000\000\000\000\000\000\000\000P\031\345X\002=\033c\255\253\226\014-o\364!\262f\370\222\250\377\220&p\343\245\3604Op\353\317\305s!\003\343\005\311u\203\370\0338\3174\324\010\006\301\251\177\261\304eOX\262)FA-\022r\263wm\024vF0D\002 [\376G\004\205\333=""E\006\256T>a\374\247\302\376\211\n\226\0300=\200\3718\307\330G\360""\002 p\204nQK\303\263VS\356\211\3358\324m!\216O\214s@\365\244]\366r\031iG\252W\323""; "
1750587311475,1750587311476,0,1,0,2,TMValidation,"validation: """"\200\000\000\001&\000\000\000\020)/\352\224/:?HT\314/\177\320^Q?Z\326\257)\2439\250\272\002\370\360\022\220W 062/8s4\204\363\253&I\000m\335\025P\027\000\000\000\000\000\000\000\000\000\000\000\000\000\000\000\000\000\000\000\000\000\000\000\000\000\000\000\000\000\000\000\000P\031\345X\002=\033c\255\253\226\014-o\364!\262f\370\222\250\377\220&p\343\245\3604Op\353\317\305s!\003\343\005\311u\203\370\0338\3174\324\010\006\301\251\177\261\304eOX\262)FA-\022r\263wm\024vF0D\002 [\376G\004\205\333=""E\006\256T>a\374\247\302\376\211\n\226\0300=\200\3718\307\330G\360""\002 p\204nQK\303\263VS\356\211\3358\324m!\216O\214s@\365\244]\366r\031iG\252W\323""; ","validation: """"\200\000\000\001&\000\000\000\020)/\352\224/:?HT\314/\177\320^Q?Z\326\257)\2439\250\272\002\370\360\022\220W 062/8s4\204\363\253&I\000m\335\025P\027\000\000\000\000\000\000\000\000\000\000\000\000\000\000\000\000\000\000\000\000\000\000\000\000\000\000\000\000\000\000\000\000P\031\345X\002=\033c\255\253\226\014-o\364!\262f\370\222\250\377\220&p\343\245\3604Op\353\317\305s!\003\343\005\311u\203\370\0338\3174\324\010\006\301\251\177\261\304eOX\262)FA-\022r\263wm\024vF0D\002 [\376G\004\205\333=""E\006\256T>a\374\247\302\376\211\n\226\0300=\200\3718\307\330G\360""\002 p\204nQK\303\263VS\356\211\3358\324m!\216O\214s@\365\244]\366r\031iG\252W\323""; "
1750587311476,1750587311476,0,1,0,1,TMValidation,"validation: """"\200\000\000\001&\000\000\000\020)/\352\224/:?HT\314/\177\320^Q?Z\326\257)\2439\250\272\002\370\360\022\220W 062/8s4\204\363\253&I\000m\335\025P\027\000\000\000\000\000\000\000\000\000\000\000\000\000\000\000\000\000\000\000\000\000\000\000\000\000\000\000\000\000\000\000\000P\031\345X\002=\033c\255\253\226\014-o\364!\262f\370\222\250\377\220&p\343\245\3604Op\353\317\305s!\003\343\005\311u\203\370\0338\3174\324\010\006\301\251\177\261\304eOX\262)FA-\022r\263wm\024vF0D\002 [\376G\004\205\333=""E\006\256T>a\374\247\302\376\211\n\226\0300=\200\3718\307\330G\360""\002 p\204nQK\303\263VS\356\211\3358\324m!\216O\214s@\365\244]\366r\031iG\252W\323""; ","validation: """"\200\000\000\001&\000\000\000\020)/\352\224/:?HT\314/\177\320^Q?Z\326\257)\2439\250\272\002\370\360\022\220W 062/8s4\204\363\253&I\000m\335\025P\027\000\000\000\000\000\000\000\000\000\000\000\000\000\000\000\000\000\000\000\000\000\000\000\000\000\000\000\000\000\000\000\000P\031\345X\002=\033c\255\253\226\014-o\364!\262f\370\222\250\377\220&p\343\245\3604Op\353\317\305s!\003\343\005\311u\203\370\0338\3174\324\010\006\301\251\177\261\304eOX\262)FA-\022r\263wm\024vF0D\002 [\376G\004\205\333=""E\006\256T>a\374\247\302\376\211\n\226\0300=\200\3718\307\330G\360""\002 p\204nQK\303\263VS\356\211\3358\324m!\216O\214s@\365\244]\366r\031iG\252W\323""; "
1750587311477,1750587311477,0,1,0,4,TMGetLedger,"itype: liBASE; ledgerHash: ""?Z\326\257)\2439\250\272\002\370\360\022\220W 062/8s4\204\363\253&I\000m\335\025""; ","itype: liBASE; ledgerHash: ""?Z\326\257)\2439\250\272\002\370\360\022\220W 062/8s4\204\363\253&I\000m\335\025""; "
1750587311477,1750587311477,0,1,0,4,TMGetLedger,"itype: liBASE; ledgerHash: ""?Z\326\257)\2439\250\272\002\370\360\022\220W 062/8s4\204\363\253&I\000m\335\025""; queryType: qtINDIRECT; ","itype: liBASE; ledgerHash: ""?Z\326\257)\2439\250\272\002\370\360\022\220W 062/8s4\204\363\253&I\000m\335\025""; queryType: qtINDIRECT; "
1750587311478,1750587311479,0,1,1,4,TMLedgerData,"ledgerHash: ""?Z\326\257)\2439\250\272\002\370\360\022\220W 062/8s4\204\363\253&I\000m\335\025""; ledgerSeq: 16; type: liBASE; nodes {;   nodedata: ""\000\000\000\020\001cEx]\211\377\330\345X\002=\033c\255\253\226\014-o\364!\262f\370\222\250\377\220&p\343\245\3604Op\353\317\305\000\000\000\000\000\000\000\000\000\000\000\000\000\000\000\000\000\000\000\000\000\000\000\000\000\000\000\000\000\000\000\000QW\031H\002\363\351\237\006\237\242\200\204\207\370S\272\271\261\004\247\233\335\307\226\326O\036\036\353)\005/\352\224./\352\224/\n\000""; }; nodes {;   nodedata: ""h\315\350\215y\203\242]\371\235\232Pt&\325\210eZ\346\237XZ \277\2457n\221\336\253\245\317\002\304\206+8\t]\351\316\373|\311\263V\300\023\035\211\237\260\300\r\033u3a1\203\303\365\307k\347\006E\344\037@\210\363\010\336T\226\247'\204_{\261\370""1\235\2445\343\033Y!\212\201\341\272\225'\007*$\244&\336\343'\233i\332\374\245 {^\306-N\333\gE\006\347\212\331C\211Z\177\247\031\n1J\005\356\020\023uD3\267,z\214#zH\020\360\343:&z\r<\352\277a7D\225\204\254\013\202_n)6q\357\2538_-\302\252B\204v\277\254\373\3322Ca\020\243\0105\263\257\367\032\254\016\003""; }; ","ledgerHash: ""?Z\326\257)\2439\250\272\002\370\360\022\220W 062/8s4\204\363\253&I\000m\335\025""; ledgerSeq: 16; type: liBASE; nodes {;   nodedata: ""\000\000\000\020\001cEx]\211\377\330\345X\002=\033c\255\253\226\014-o\364!\262f\370\222\250\377\220&p\343\245\3604Op\353\317\305\000\000\000\000\000\000\000\000\000\000\000\000\000\000\000\000\000\000\000\000\000\000\000\000\000\000\000\000\000\000\000\000QW\031H\002\363\351\237\006\237\242\200\204\207\370S\272\271\261\004\247\233\335\307\226\326O\036\036\353)\005/\352\224./\352\224/\n\000""; }; nodes {;   nodedata: ""h\315\350\215y\203\242]\371\235\232Pt&\325\210eZ\346\237XZ \277\2457n\221\336\253\245\317\002\304\206+8\t]\351\316\373|\311\263V\300\023\035\211\237\260\300\r\033u3a1\203\303\365\307k\347\006E\344\037@\210\363\010\336T\226\247'\204_{\261\370""1\235\2445\343\033Y!\212\201\341\272\225'\007*$\244&\336\343'\233i\332\374\245 {^\306-N\333\gE\006\347\212\331C\211Z\177\247\031\n1J\005\356\020\023uD3\267,z\214#zH\020\360\343:&z\r<\352\277a7D\225\204\254\013\202_n)6q\357\2538_-\302\252B\204v\277\254\373\3322Ca\020\243\0105\263\257\367\032\254\016\003""; }; "
1750587311479,1750587311480,0,1,1,4,TMLedgerData,"ledgerHash: ""?Z\326\257)\2439\250\272\002\370\360\022\220W 062/8s4\204\363\253&I\000m\335\025""; ledgerSeq: 16; type: liBASE; nodes {;   nodedata: ""\000\000\000\020\001cEx]\211\377\330\345X\002=\033c\255\253\226\014-o\364!\262f\370\222\250\377\220&p\343\245\3604Op\353\317\305\000\000\000\000\000\000\000\000\000\000\000\000\000\000\000\000\000\000\000\000\000\000\000\000\000\000\000\000\000\000\000\000QW\031H\002\363\351\237\006\237\242\200\204\207\370S\272\271\261\004\247\233\335\307\226\326O\036\036\353)\005/\352\224./\352\224/\n\000""; }; nodes {;   nodedata: ""h\315\350\215y\203\242]\371\235\232Pt&\325\210eZ\346\237XZ \277\2457n\221\336\253\245\317\002\304\206+8\t]\351\316\373|\311\263V\300\023\035\211\237\260\300\r\033u3a1\203\303\365\307k\347\006E\344\037@\210\363\010\336T\226\247'\204_{\261\370""1\235\2445\343\033Y!\212\201\341\272\225'\007*$\244&\336\343'\233i\332\374\245 {^\306-N\333\gE\006\347\212\331C\211Z\177\247\031\n1J\005\356\020\023uD3\267,z\214#zH\020\360\343:&z\r<\352\277a7D\225\204\254\013\202_n)6q\357\2538_-\302\252B\204v\277\254\373\3322Ca\020\243\0105\263\257\367\032\254\016\003""; }; ","ledgerHash: ""?Z\326\257)\2439\250\272\002\370\360\022\220W 062/8s4\204\363\253&I\000m\335\025""; ledgerSeq: 16; type: liBASE; nodes {;   nodedata: ""\000\000\000\020\001cEx]\211\377\330\345X\002=\033c\255\253\226\014-o\364!\262f\370\222\250\377\220&p\343\245\3604Op\353\317\305\000\000\000\000\000\000\000\000\000\000\000\000\000\000\000\000\000\000\000\000\000\000\000\000\000\000\000\000\000\000\000\000QW\031H\002\363\351\237\006\237\242\200\204\207\370S\272\271\261\004\247\233\335\307\226\326O\036\036\353)\005/\352\224./\352\224/\n\000""; }; nodes {;   nodedata: ""h\315\350\215y\203\242]\371\235\232Pt&\325\210eZ\346\237XZ \277\2457n\221\336\253\245\317\002\304\206+8\t]\351\316\373|\311\263V\300\023\035\211\237\260\300\r\033u3a1\203\303\365\307k\347\006E\344\037@\210\363\010\336T\226\247'\204_{\261\370""1\235\2445\343\033Y!\212\201\341\272\225'\007*$\244&\336\343'\233i\332\374\245 {^\306-N\333\gE\006\347\212\331C\211Z\177\247\031\n1J\005\356\020\023uD3\267,z\214#zH\020\360\343:&z\r<\352\277a7D\225\204\254\013\202_n)6q\357\2538_-\302\252B\204v\277\254\373\3322Ca\020\243\0105\263\257\367\032\254\016\003""; }; "
1750587311480,1750587311480,0,1,2,3,TMGetLedger,"itype: liBASE; ledgerHash: ""?Z\326\257)\2439\250\272\002\370\360\022\220W 062/8s4\204\363\253&I\000m\335\025""; ","itype: liBASE; ledgerHash: ""?Z\326\257)\2439\250\272\002\370\360\022\220W 062/8s4\204\363\253&I\000m\335\025""; "
1750587311481,1750587311481,0,1,2,3,TMGetLedger,"itype: liBASE; ledgerHash: ""?Z\326\257)\2439\250\272\002\370\360\022\220W 062/8s4\204\363\253&I\000m\335\025""; queryType: qtINDIRECT; ","itype: liBASE; ledgerHash: ""?Z\326\257)\2439\250\272\002\370\360\022\220W 062/8s4\204\363\253&I\000m\335\025""; queryType: qtINDIRECT; "
1750587311481,1750587311481,0,1,1,3,TMValidation,"validation: """"\200\000\000\001&\000\000\000\020)/\352\224/:?HT\314/\177\320^Q?Z\326\257)\2439\250\272\002\370\360\022\220W 062/8s4\204\363\253&I\000m\335\025P\027\000\000\000\000\000\000\000\000\000\000\000\000\000\000\000\000\000\000\000\000\000\000\000\000\000\000\000\000\000\000\000\000P\031\345X\002=\033c\255\253\226\014-o\364!\262f\370\222\250\377\220&p\343\245\3604Op\353\317\305s!\003\343\005\311u\203\370\0338\3174\324\010\006\301\251\177\261\304eOX\262)FA-\022r\263wm\024vF0D\002 [\376G\004\205\333=""E\006\256T>a\374\247\302\376\211\n\226\0300=\200\3718\307\330G\360""\002 p\204nQK\303\263VS\356\211\3358\324m!\216O\214s@\365\244]\366r\031iG\252W\323""; ","validation: """"\200\000\000\001&\000\000\000\020)/\352\224/:?HT\314/\177\320^Q?Z\326\257)\2439\250\272\002\370\360\022\220W 062/8s4\204\363\253&I\000m\335\025P\027\000\000\000\000\000\000\000\000\000\000\000\000\000\000\000\000\000\000\000\000\000\000\000\000\000\000\000\000\000\000\000\000P\031\345X\002=\033c\255\253\226\014-o\364!\262f\370\222\250\377\220&p\343\245\3604Op\353\317\305s!\003\343\005\311u\203\370\0338\3174\324\010\006\301\251\177\261\304eOX\262)FA-\022r\263wm\024vF0D\002 [\376G\004\205\333=""E\006\256T>a\374\247\302\376\211\n\226\0300=\200\3718\307\330G\360""\002 p\204nQK\303\263VS\356\211\3358\324m!\216O\214s@\365\244]\366r\031iG\252W\323""; "
1750587311482,1750587311482,0,1,0,3,TMGetLedger,"itype: liBASE; ledgerHash: ""?Z\326\257)\2439\250\272\002\370\360\022\220W 062/8s4\204\363\253&I\000m\335\025""; ","itype: liBASE; ledgerHash: ""?Z\326\257)\2439\250\272\002\370\360\022\220W 062/8s4\204\363\253&I\000m\335\025""; "
1750587311482,1750587311482,0,1,0,3,TMGetLedger,"itype: liBASE; ledgerHash: ""?Z\326\257)\2439\250\272\002\370\360\022\220W 062/8s4\204\363\253&I\000m\335\025""; queryType: qtINDIRECT; ","itype: liBASE; ledgerHash: ""?Z\326\257)\2439\250\272\002\370\360\022\220W 062/8s4\204\363\253&I\000m\335\025""; queryType: qtINDIRECT; "
1750587311483,1750587311483,0,1,4,1,TMGetLedger,"itype: liBASE; ledgerHash: ""?Z\326\257)\2439\250\272\002\370\360\022\220W 062/8s4\204\363\253&I\000m\335\025""; requestCookie: 4; queryType: qtINDIRECT; ","itype: liBASE; ledgerHash: ""?Z\326\257)\2439\250\272\002\370\360\022\220W 062/8s4\204\363\253&I\000m\335\025""; requestCookie: 4; queryType: qtINDIRECT; "
1750587311484,1750587311484,0,1,3,2,TMGetLedger,"itype: liBASE; ledgerHash: ""?Z\326\257)\2439\250\272\002\370\360\022\220W 062/8s4\204\363\253&I\000m\335\025""; queryType: qtINDIRECT; ","itype: liBASE; ledgerHash: ""?Z\326\257)\2439\250\272\002\370\360\022\220W 062/8s4\204\363\253&I\000m\335\025""; queryType: qtINDIRECT; "
1750587311484,1750587311485,0,1,3,2,TMGetLedger,"itype: liBASE; ledgerHash: ""?Z\326\257)\2439\250\272\002\370\360\022\220W 062/8s4\204\363\253&I\000m\335\025""; ","itype: liBASE; ledgerHash: ""?Z\326\257)\2439\250\272\002\370\360\022\220W 062/8s4\204\363\253&I\000m\335\025""; "
1750587311486,1750587311486,0,1,1,2,TMValidation,"validation: """"\200\000\000\001&\000\000\000\020)/\352\224/:?HT\314/\177\320^Q?Z\326\257)\2439\250\272\002\370\360\022\220W 062/8s4\204\363\253&I\000m\335\025P\027\000\000\000\000\000\000\000\000\000\000\000\000\000\000\000\000\000\000\000\000\000\000\000\000\000\000\000\000\000\000\000\000P\031\345X\002=\033c\255\253\226\014-o\364!\262f\370\222\250\377\220&p\343\245\3604Op\353\317\305s!\003\343\005\311u\203\370\0338\3174\324\010\006\301\251\177\261\304eOX\262)FA-\022r\263wm\024vF0D\002 [\376G\004\205\333=""E\006\256T>a\374\247\302\376\211\n\226\0300=\200\3718\307\330G\360""\002 p\204nQK\303\263VS\356\211\3358\324m!\216O\214s@\365\244]\366r\031iG\252W\323""; ","validation: """"\200\000\000\001&\000\000\000\020)/\352\224/:?HT\314/\177\320^Q?Z\326\257)\2439\250\272\002\370\360\022\220W 062/8s4\204\363\253&I\000m\335\025P\027\000\000\000\000\000\000\000\000\000\000\000\000\000\000\000\000\000\000\000\000\000\000\000\000\000\000\000\000\000\000\000\000P\031\345X\002=\033c\255\253\226\014-o\364!\262f\370\222\250\377\220&p\343\245\3604Op\353\317\305s!\003\343\005\311u\203\370\0338\3174\324\010\006\301\251\177\261\304eOX\262)FA-\022r\263wm\024vF0D\002 [\376G\004\205\333=""E\006\256T>a\374\247\302\376\211\n\226\0300=\200\3718\307\330G\360""\002 p\204nQK\303\263VS\356\211\3358\324m!\216O\214s@\365\244]\366r\031iG\252W\323""; "
1750587311486,1750587311486,0,1,0,2,TMGetLedger,"itype: liBASE; ledgerHash: ""?Z\326\257)\2439\250\272\002\370\360\022\220W 062/8s4\204\363\253&I\000m\335\025""; queryType: qtINDIRECT; ","itype: liBASE; ledgerHash: ""?Z\326\257)\2439\250\272\002\370\360\022\220W 062/8s4\204\363\253&I\000m\335\025""; queryType: qtINDIRECT; "
1750587311487,1750587311487,0,1,0,2,TMGetLedger,"itype: liBASE; ledgerHash: ""?Z\326\257)\2439\250\272\002\370\360\022\220W 062/8s4\204\363\253&I\000m\335\025""; ","itype: liBASE; ledgerHash: ""?Z\326\257)\2439\250\272\002\370\360\022\220W 062/8s4\204\363\253&I\000m\335\025""; "
1750587311487,1750587311487,0,1,4,1,TMGetLedger,"itype: liBASE; ledgerHash: ""?Z\326\257)\2439\250\272\002\370\360\022\220W 062/8s4\204\363\253&I\000m\335\025""; requestCookie: 3; queryType: qtINDIRECT; ","itype: liBASE; ledgerHash: ""?Z\326\257)\2439\250\272\002\370\360\022\220W 062/8s4\204\363\253&I\000m\335\025""; requestCookie: 3; queryType: qtINDIRECT; "
1750587311488,1750587311488,0,1,3,0,TMGetLedger,"itype: liBASE; ledgerHash: ""?Z\326\257)\2439\250\272\002\370\360\022\220W 062/8s4\204\363\253&I\000m\335\025""; queryType: qtINDIRECT; ","itype: liBASE; ledgerHash: ""?Z\326\257)\2439\250\272\002\370\360\022\220W 062/8s4\204\363\253&I\000m\335\025""; queryType: qtINDIRECT; "
1750587311488,1750587311488,0,1,3,0,TMGetLedger,"itype: liBASE; ledgerHash: ""?Z\326\257)\2439\250\272\002\370\360\022\220W 062/8s4\204\363\253&I\000m\335\025""; ","itype: liBASE; ledgerHash: ""?Z\326\257)\2439\250\272\002\370\360\022\220W 062/8s4\204\363\253&I\000m\335\025""; "
1750587311489,1750587311490,0,1,2,0,TMGetLedger,"itype: liBASE; ledgerHash: ""?Z\326\257)\2439\250\272\002\370\360\022\220W 062/8s4\204\363\253&I\000m\335\025""; queryType: qtINDIRECT; ","itype: liBASE; ledgerHash: ""?Z\326\257)\2439\250\272\002\370\360\022\220W 062/8s4\204\363\253&I\000m\335\025""; queryType: qtINDIRECT; "
1750587311490,1750587311490,0,1,2,0,TMGetLedger,"itype: liBASE; ledgerHash: ""?Z\326\257)\2439\250\272\002\370\360\022\220W 062/8s4\204\363\253&I\000m\335\025""; ","itype: liBASE; ledgerHash: ""?Z\326\257)\2439\250\272\002\370\360\022\220W 062/8s4\204\363\253&I\000m\335\025""; "
1750587311491,1750587311491,0,1,1,0,TMValidation,"validation: """"\200\000\000\001&\000\000\000\020)/\352\224/:?HT\314/\177\320^Q?Z\326\257)\2439\250\272\002\370\360\022\220W 062/8s4\204\363\253&I\000m\335\025P\027\000\000\000\000\000\000\000\000\000\000\000\000\000\000\000\000\000\000\000\000\000\000\000\000\000\000\000\000\000\000\000\000P\031\345X\002=\033c\255\253\226\014-o\364!\262f\370\222\250\377\220&p\343\245\3604Op\353\317\305s!\003\343\005\311u\203\370\0338\3174\324\010\006\301\251\177\261\304eOX\262)FA-\022r\263wm\024vF0D\002 [\376G\004\205\333=""E\006\256T>a\374\247\302\376\211\n\226\0300=\200\3718\307\330G\360""\002 p\204nQK\303\263VS\356\211\3358\324m!\216O\214s@\365\244]\366r\031iG\252W\323""; ","validation: """"\200\000\000\001&\000\000\000\020)/\352\224/:?HT\314/\177\320^Q?Z\326\257)\2439\250\272\002\370\360\022\220W 062/8s4\204\363\253&I\000m\335\025P\027\000\000\000\000\000\000\000\000\000\000\000\000\000\000\000\000\000\000\000\000\000\000\000\000\000\000\000\000\000\000\000\000P\031\345X\002=\033c\255\253\226\014-o\364!\262f\370\222\250\377\220&p\343\245\3604Op\353\317\305s!\003\343\005\311u\203\370\0338\3174\324\010\006\301\251\177\261\304eOX\262)FA-\022r\263wm\024vF0D\002 [\376G\004\205\333=""E\006\256T>a\374\247\302\376\211\n\226\0300=\200\3718\307\330G\360""\002 p\204nQK\303\263VS\356\211\3358\324m!\216O\214s@\365\244]\366r\031iG\252W\323""; "
1750587311492,1750587311492,0,1,4,1,TMGetLedger,"itype: liBASE; ledgerHash: ""?Z\326\257)\2439\250\272\002\370\360\022\220W 062/8s4\204\363\253&I\000m\335\025""; requestCookie: 1; queryType: qtINDIRECT; ","itype: liBASE; ledgerHash: ""?Z\326\257)\2439\250\272\002\370\360\022\220W 062/8s4\204\363\253&I\000m\335\025""; requestCookie: 1; queryType: qtINDIRECT; "
1750587311492,1750587311492,0,1,4,1,TMGetLedger,"itype: liAS_NODE; ledgerHash: ""?Z\326\257)\2439\250\272\002\370\360\022\220W 062/8s4\204\363\253&I\000m\335\025""; ledgerSeq: 16; nodeIDs: ""\260\000\000\000\000\000\000\000\000\000\000\000\000\000\000\000\000\000\000\000\000\000\000\000\000\000\000\000\000\000\000\000\001""; queryType: qtINDIRECT; queryDepth: 1; ","itype: liAS_NODE; ledgerHash: ""?Z\326\257)\2439\250\272\002\370\360\022\220W 062/8s4\204\363\253&I\000m\335\025""; ledgerSeq: 16; nodeIDs: ""\260\000\000\000\000\000\000\000\000\000\000\000\000\000\000\000\000\000\000\000\000\000\000\000\000\000\000\000\000\000\000\000\001""; queryType: qtINDIRECT; queryDepth: 1; "
1750587311493,1750587311493,0,1,3,1,TMGetLedger,"itype: liBASE; ledgerHash: ""?Z\326\257)\2439\250\272\002\370\360\022\220W 062/8s4\204\363\253&I\000m\335\025""; ","itype: liBASE; ledgerHash: ""?Z\326\257)\2439\250\272\002\370\360\022\220W 062/8s4\204\363\253&I\000m\335\025""; "
1750587311493,1750587311494,0,1,3,1,TMGetLedger,"itype: liBASE; ledgerHash: ""?Z\326\257)\2439\250\272\002\370\360\022\220W 062/8s4\204\363\253&I\000m\335\025""; queryType: qtINDIRECT; ","itype: liBASE; ledgerHash: ""?Z\326\257)\2439\250\272\002\370\360\022\220W 062/8s4\204\363\253&I\000m\335\025""; queryType: qtINDIRECT; "
1750587311494,1750587311494,0,1,3,1,TMGetLedger,"itype: liBASE; ledgerHash: ""?Z\326\257)\2439\250\272\002\370\360\022\220W 062/8s4\204\363\253&I\000m\335\025""; requestCookie: 4; queryType: qtINDIRECT; ","itype: liBASE; ledgerHash: ""?Z\326\257)\2439\250\272\002\370\360\022\220W 062/8s4\204\363\253&I\000m\335\025""; requestCookie: 4; queryType: qtINDIRECT; "
1750587311494,1750587311495,0,1,3,1,TMGetLedger,"itype: liBASE; ledgerHash: ""?Z\326\257)\2439\250\272\002\370\360\022\220W 062/8s4\204\363\253&I\000m\335\025""; requestCookie: 5; queryType: qtINDIRECT; ","itype: liBASE; ledgerHash: ""?Z\326\257)\2439\250\272\002\370\360\022\220W 062/8s4\204\363\253&I\000m\335\025""; requestCookie: 5; queryType: qtINDIRECT; "
1750587311495,1750587311495,0,1,1,4,TMLedgerData,"ledgerHash: ""?Z\326\257)\2439\250\272\002\370\360\022\220W 062/8s4\204\363\253&I\000m\335\025""; ledgerSeq: 16; type: liBASE; nodes {;   nodedata: ""\000\000\000\020\001cEx]\211\377\330\345X\002=\033c\255\253\226\014-o\364!\262f\370\222\250\377\220&p\343\245\3604Op\353\317\305\000\000\000\000\000\000\000\000\000\000\000\000\000\000\000\000\000\000\000\000\000\000\000\000\000\000\000\000\000\000\000\000QW\031H\002\363\351\237\006\237\242\200\204\207\370S\272\271\261\004\247\233\335\307\226\326O\036\036\353)\005/\352\224./\352\224/\n\000""; }; nodes {;   nodedata: ""h\315\350\215y\203\242]\371\235\232Pt&\325\210eZ\346\237XZ \277\2457n\221\336\253\245\317\002\304\206+8\t]\351\316\373|\311\263V\300\023\035\211\237\260\300\r\033u3a1\203\303\365\307k\347\006E\344\037@\210\363\010\336T\226\247'\204_{\261\370""1\235\2445\343\033Y!\212\201\341\272\225'\007*$\244&\336\343'\233i\332\374\245 {^\306-N\333\gE\006\347\212\331C\211Z\177\247\031\n1J\005\356\020\023uD3\267,z\214#zH\020\360\343:&z\r<\352\277a7D\225\204\254\013\202_n)6q\357\2538_-\302\252B\204v\277\254\373\3322Ca\020\243\0105\263\257\367\032\254\016\003""; }; requestCookie: 4; ","ledgerHash: ""?Z\326\257)\2439\250\272\002\370\360\022\220W 062/8s4\204\363\253&I\000m\335\025""; ledgerSeq: 16; type: liBASE; nodes {;   nodedata: ""\000\000\000\020\001cEx]\211\377\330\345X\002=\033c\255\253\226\014-o\364!\262f\370\222\250\377\220&p\343\245\3604Op\353\317\305\000\000\000\000\000\000\000\000\000\000\000\000\000\000\000\000\000\000\000\000\000\000\000\000\000\000\000\000\000\000\000\000QW\031H\002\363\351\237\006\237\242\200\204\207\370S\272\271\261\004\247\233\335\307\226\326O\036\036\353)\005/\352\224./\352\224/\n\000""; }; nodes {;   nodedata: ""h\315\350\215y\203\242]\371\235\232Pt&\325\210eZ\346\237XZ \277\2457n\221\336\253\245\317\002\304\206+8\t]\351\316\373|\311\263V\300\023\035\211\237\260\300\r\033u3a1\203\303\365\307k\347\006E\344\037@\210\363\010\336T\226\247'\204_{\261\370""1\235\2445\343\033Y!\212\201\341\272\225'\007*$\244&\336\343'\233i\332\374\245 {^\306-N\333\gE\006\347\212\331C\211Z\177\247\031\n1J\005\356\020\023uD3\267,z\214#zH\020\360\343:&z\r<\352\277a7D\225\204\254\013\202_n)6q\357\2538_-\302\252B\204v\277\254\373\3322Ca\020\243\0105\263\257\367\032\254\016\003""; }; requestCookie: 4; "
1750587311496,1750587311496,0,1,2,1,TMGetLedger,"itype: liBASE; ledgerHash: ""?Z\326\257)\2439\250\272\002\370\360\022\220W 062/8s4\204\363\253&I\000m\335\025""; ","itype: liBASE; ledgerHash: ""?Z\326\257)\2439\250\272\002\370\360\022\220W 062/8s4\204\363\253&I\000m\335\025""; "
1750587311496,1750587311496,0,1,2,1,TMGetLedger,"itype: liBASE; ledgerHash: ""?Z\326\257)\2439\250\272\002\370\360\022\220W 062/8s4\204\363\253&I\000m\335\025""; queryType: qtINDIRECT; ","itype: liBASE; ledgerHash: ""?Z\326\257)\2439\250\272\002\370\360\022\220W 062/8s4\204\363\253&I\000m\335\025""; queryType: qtINDIRECT; "
1750587311498,1750587311498,0,1,2,1,TMGetLedger,"itype: liBASE; ledgerHash: ""?Z\326\257)\2439\250\272\002\370\360\022\220W 062/8s4\204\363\253&I\000m\335\025""; requestCookie: 4; queryType: qtINDIRECT; ","itype: liBASE; ledgerHash: ""?Z\326\257)\2439\250\272\002\370\360\022\220W 062/8s4\204\363\253&I\000m\335\025""; requestCookie: 4; queryType: qtINDIRECT; "
1750587311498,1750587311498,0,1,2,1,TMGetLedger,"itype: liBASE; ledgerHash: ""?Z\326\257)\2439\250\272\002\370\360\022\220W 062/8s4\204\363\253&I\000m\335\025""; requestCookie: 5; queryType: qtINDIRECT; ","itype: liBASE; ledgerHash: ""?Z\326\257)\2439\250\272\002\370\360\022\220W 062/8s4\204\363\253&I\000m\335\025""; requestCookie: 5; queryType: qtINDIRECT; "
1750587311499,1750587311499,0,1,1,4,TMLedgerData,"ledgerHash: ""?Z\326\257)\2439\250\272\002\370\360\022\220W 062/8s4\204\363\253&I\000m\335\025""; ledgerSeq: 16; type: liBASE; nodes {;   nodedata: ""\000\000\000\020\001cEx]\211\377\330\345X\002=\033c\255\253\226\014-o\364!\262f\370\222\250\377\220&p\343\245\3604Op\353\317\305\000\000\000\000\000\000\000\000\000\000\000\000\000\000\000\000\000\000\000\000\000\000\000\000\000\000\000\000\000\000\000\000QW\031H\002\363\351\237\006\237\242\200\204\207\370S\272\271\261\004\247\233\335\307\226\326O\036\036\353)\005/\352\224./\352\224/\n\000""; }; nodes {;   nodedata: ""h\315\350\215y\203\242]\371\235\232Pt&\325\210eZ\346\237XZ \277\2457n\221\336\253\245\317\002\304\206+8\t]\351\316\373|\311\263V\300\023\035\211\237\260\300\r\033u3a1\203\303\365\307k\347\006E\344\037@\210\363\010\336T\226\247'\204_{\261\370""1\235\2445\343\033Y!\212\201\341\272\225'\007*$\244&\336\343'\233i\332\374\245 {^\306-N\333\gE\006\347\212\331C\211Z\177\247\031\n1J\005\356\020\023uD3\267,z\214#zH\020\360\343:&z\r<\352\277a7D\225\204\254\013\202_n)6q\357\2538_-\302\252B\204v\277\254\373\3322Ca\020\243\0105\263\257\367\032\254\016\003""; }; requestCookie: 3; ","ledgerHash: ""?Z\326\257)\2439\250\272\002\370\360\022\220W 062/8s4\204\363\253&I\000m\335\025""; ledgerSeq: 16; type: liBASE; nodes {;   nodedata: ""\000\000\000\020\001cEx]\211\377\330\345X\002=\033c\255\253\226\014-o\364!\262f\370\222\250\377\220&p\343\245\3604Op\353\317\305\000\000\000\000\000\000\000\000\000\000\000\000\000\000\000\000\000\000\000\000\000\000\000\000\000\000\000\000\000\000\000\000QW\031H\002\363\351\237\006\237\242\200\204\207\370S\272\271\261\004\247\233\335\307\226\326O\036\036\353)\005/\352\224./\352\224/\n\000""; }; nodes {;   nodedata: ""h\315\350\215y\203\242]\371\235\232Pt&\325\210eZ\346\237XZ \277\2457n\221\336\253\245\317\002\304\206+8\t]\351\316\373|\311\263V\300\023\035\211\237\260\300\r\033u3a1\203\303\365\307k\347\006E\344\037@\210\363\010\336T\226\247'\204_{\261\370""1\235\2445\343\033Y!\212\201\341\272\225'\007*$\244&\336\343'\233i\332\374\245 {^\306-N\333\gE\006\347\212\331C\211Z\177\247\031\n1J\005\356\020\023uD3\267,z\214#zH\020\360\343:&z\r<\352\277a7D\225\204\254\013\202_n)6q\357\2538_-\302\252B\204v\277\254\373\3322Ca\020\243\0105\263\257\367\032\254\016\003""; }; requestCookie: 3; "
1750587311500,1750587311500,0,1,0,1,TMGetLedger,"itype: liBASE; ledgerHash: ""?Z\326\257)\2439\250\272\002\370\360\022\220W 062/8s4\204\363\253&I\000m\335\025""; ","itype: liBASE; ledgerHash: ""?Z\326\257)\2439\250\272\002\370\360\022\220W 062/8s4\204\363\253&I\000m\335\025""; "
1750587311500,1750587311500,0,1,0,1,TMGetLedger,"itype: liBASE; ledgerHash: ""?Z\326\257)\2439\250\272\002\370\360\022\220W 062/8s4\204\363\253&I\000m\335\025""; requestCookie: 5; queryType: qtINDIRECT; ","itype: liBASE; ledgerHash: ""?Z\326\257)\2439\250\272\002\370\360\022\220W 062/8s4\204\363\253&I\000m\335\025""; requestCookie: 5; queryType: qtINDIRECT; "
1750587311500,1750587311501,0,1,0,1,TMGetLedger,"itype: liBASE; ledgerHash: ""?Z\326\257)\2439\250\272\002\370\360\022\220W 062/8s4\204\363\253&I\000m\335\025""; queryType: qtINDIRECT; ","itype: liBASE; ledgerHash: ""?Z\326\257)\2439\250\272\002\370\360\022\220W 062/8s4\204\363\253&I\000m\335\025""; queryType: qtINDIRECT; "
1750587311501,1750587311501,0,1,0,1,TMGetLedger,"itype: liBASE; ledgerHash: ""?Z\326\257)\2439\250\272\002\370\360\022\220W 062/8s4\204\363\253&I\000m\335\025""; requestCookie: 3; queryType: qtINDIRECT; ","itype: liBASE; ledgerHash: ""?Z\326\257)\2439\250\272\002\370\360\022\220W 062/8s4\204\363\253&I\000m\335\025""; requestCookie: 3; queryType: qtINDIRECT; "
1750587311502,1750587311502,0,1,0,1,TMGetLedger,"itype: liBASE; ledgerHash: ""?Z\326\257)\2439\250\272\002\370\360\022\220W 062/8s4\204\363\253&I\000m\335\025""; requestCookie: 4; queryType: qtINDIRECT; ","itype: liBASE; ledgerHash: ""?Z\326\257)\2439\250\272\002\370\360\022\220W 062/8s4\204\363\253&I\000m\335\025""; requestCookie: 4; queryType: qtINDIRECT; "
1750587311503,1750587311503,0,1,1,4,TMLedgerData,"ledgerHash: ""?Z\326\257)\2439\250\272\002\370\360\022\220W 062/8s4\204\363\253&I\000m\335\025""; ledgerSeq: 16; type: liBASE; nodes {;   nodedata: ""\000\000\000\020\001cEx]\211\377\330\345X\002=\033c\255\253\226\014-o\364!\262f\370\222\250\377\220&p\343\245\3604Op\353\317\305\000\000\000\000\000\000\000\000\000\000\000\000\000\000\000\000\000\000\000\000\000\000\000\000\000\000\000\000\000\000\000\000QW\031H\002\363\351\237\006\237\242\200\204\207\370S\272\271\261\004\247\233\335\307\226\326O\036\036\353)\005/\352\224./\352\224/\n\000""; }; nodes {;   nodedata: ""h\315\350\215y\203\242]\371\235\232Pt&\325\210eZ\346\237XZ \277\2457n\221\336\253\245\317\002\304\206+8\t]\351\316\373|\311\263V\300\023\035\211\237\260\300\r\033u3a1\203\303\365\307k\347\006E\344\037@\210\363\010\336T\226\247'\204_{\261\370""1\235\2445\343\033Y!\212\201\341\272\225'\007*$\244&\336\343'\233i\332\374\245 {^\306-N\333\gE\006\347\212\331C\211Z\177\247\031\n1J\005\356\020\023uD3\267,z\214#zH\020\360\343:&z\r<\352\277a7D\225\204\254\013\202_n)6q\357\2538_-\302\252B\204v\277\254\373\3322Ca\020\243\0105\263\257\367\032\254\016\003""; }; requestCookie: 1; ","ledgerHash: ""?Z\326\257)\2439\250\272\002\370\360\022\220W 062/8s4\204\363\253&I\000m\335\025""; ledgerSeq: 16; type: liBASE; nodes {;   nodedata: ""\000\000\000\020\001cEx]\211\377\330\345X\002=\033c\255\253\226\014-o\364!\262f\370\222\250\377\220&p\343\245\3604Op\353\317\305\000\000\000\000\000\000\000\000\000\000\000\000\000\000\000\000\000\000\000\000\000\000\000\000\000\000\000\000\000\000\000\000QW\031H\002\363\351\237\006\237\242\200\204\207\370S\272\271\261\004\247\233\335\307\226\326O\036\036\353)\005/\352\224./\352\224/\n\000""; }; nodes {;   nodedata: ""h\315\350\215y\203\242]\371\235\232Pt&\325\210eZ\346\237XZ \277\2457n\221\336\253\245\317\002\304\206+8\t]\351\316\373|\311\263V\300\023\035\211\237\260\300\r\033u3a1\203\303\365\307k\347\006E\344\037@\210\363\010\336T\226\247'\204_{\261\370""1\235\2445\343\033Y!\212\201\341\272\225'\007*$\244&\336\343'\233i\332\374\245 {^\306-N\333\gE\006\347\212\331C\211Z\177\247\031\n1J\005\356\020\023uD3\267,z\214#zH\020\360\343:&z\r<\352\277a7D\225\204\254\013\202_n)6q\357\2538_-\302\252B\204v\277\254\373\3322Ca\020\243\0105\263\257\367\032\254\016\003""; }; requestCookie: 1; "
1750587311503,1750587311504,0,1,1,4,TMLedgerData,"ledgerHash: ""?Z\326\257)\2439\250\272\002\370\360\022\220W 062/8s4\204\363\253&I\000m\335\025""; ledgerSeq: 16; type: liAS_NODE; nodes {;   nodedata: ""\021\000h""\000\000\000\000 \033\000\000\000\017\002\023\302?\330\356GuH\375\327!\255\371\r\231\262R\256J\034\222\241\355X\265E\241^W\225\304\014\361CX-}\351f\032\255\274\334m\326c\017\014ao[\342\230\003\245\245\3341Hm\326^\017jy\335\261\214.\207\210%\003 \010ML\347\200R\304&\320_\215\226\344\334\033\354\2002\255\216\332\317\255\034\017T\270\242(,&\233\326\374o\306[\235\317>\021e\005s\261\371l\216\017\003\032\017J\217\244W<\241'\332/+\360Bx\036+\210j\237K%\340]\246E\2434\264K\036\030qP\317\315\336\325\007\372\373$P*|\321\342\002\026\n\3215\340\3203\200x\327D\301]5\237\247Yz\3711!L\214\221=\252\002\267\225zg\264\253\271T\346ji\003\235\236Pis\264\375\222|H\344\261g?[g\311\347s\234ae\204\263\365U\334\372D\354\345\276\201f\035\271%#\375\245\314.""\373\330&\3746\354@[\274\202\021\202\373Vi\243\n\325\250\005e\360""m\346'\311@\343\016$L\346\334\360<w\317\351\2337\023\262\336W\254\222\315\335\317oP\221\031g\037\220\357Ft\030n\306\370\n\354\226\365\346\276\322i\233\014\037\027Z\351\022\216@=S\205\334\033\374\234n\r\270\210]\013\203\356\024\366\354\260\007L\324\236aQ\361\020X\372\353 3\347\310*\253\021gT!>\003\325\254,\003\367\204\031\331\255\240\304J\342j\272\270\274\360\307\356\347\200Ywm#\014\233\301\022L\232T\033N\341\232\325\233\227\313\307\302\001\313@D\264\016\334\r\034\035\\276\225\314|\234S*r\007\370x>\305D*\007b\276v\316D!=\355\210\037\325\034/l\242\365\034!w\324\362\3252-\025\351\314\2334,\306Dd\037v\256\345X\002=\033c\255\253\226\014-o\364!\262f\370\222\250\377\220&p\343\245\3604Op\353\317\305\264\227\2326\315\307\363\323\325\303\032N\256*\307\327 \235\332\207u\210\271\257\306g\231i*\260\326k\001"";   nodeid: ""\260\000\000\000\000\000\000\000\000\000\000\000\000\000\000\000\000\000\000\000\000\000\000\000\000\000\000\000\000\000\000\000\001""; }; ","ledgerHash: ""?Z\326\257)\2439\250\272\002\370\360\022\220W 062/8s4\204\363\253&I\000m\335\025""; ledgerSeq: 16; type: liAS_NODE; nodes {;   nodedata: ""\021\000h""\000\000\000\000 \033\000\000\000\017\002\023\302?\330\356GuH\375\327!\255\371\r\231\262R\256J\034\222\241\355X\265E\241^W\225\304\014\361CX-}\351f\032\255\274\334m\326c\017\014ao[\342\230\003\245\245\3341Hm\326^\017jy\335\261\214.\207\210%\003 \010ML\347\200R\304&\320_\215\226\344\334\033\354\2002\255\216\332\317\255\034\017T\270\242(,&\233\326\374o\306[\235\317>\021e\005s\261\371l\216\017\003\032\017J\217\244W<\241'\332/+\360Bx\036+\210j\237K%\340]\246E\2434\264K\036\030qP\317\315\336\325\007\372\373$P*|\321\342\002\026\n\3215\340\3203\200x\327D\301]5\237\247Yz\3711!L\214\221=\252\002\267\225zg\264\253\271T\346ji\003\235\236Pis\264\375\222|H\344\261g?[g\311\347s\234ae\204\263\365U\334\372D\354\345\276\201f\035\271%#\375\245\314.""\373\330&\3746\354@[\274\202\021\202\373Vi\243\n\325\250\005e\360""m\346'\311@\343\016$L\346\334\360<w\317\351\2337\023\262\336W\254\222\315\335\317oP\221\031g\037\220\357Ft\030n\306\370\n\354\226\365\346\276\322i\233\014\037\027Z\351\022\216@=S\205\334\033\374\234n\r\270\210]\013\203\356\024\366\354\260\007L\324\236aQ\361\020X\372\353 3\347\310*\253\021gT!>\003\325\254,\003\367\204\031\331\255\240\304J\342j\272\270\274\360\307\356\347\200Ywm#\014\233\301\022L\232T\033N\341\232\325\233\227\313\307\302\001\313@D\264\016\334\r\034\035\\276\225\314|\234S*r\007\370x>\305D*\007b\276v\316D!=\355\210\037\325\034/l\242\365\034!w\324\362\3252-\025\351\314\2334,\306Dd\037v\256\345X\002=\033c\255\253\226\014-o\364!\262f\370\222\250\377\220&p\343\245\3604Op\353\317\305\264\227\2326\315\307\363\323\325\303\032N\256*\307\327 \235\332\207u\210\271\257\306g\231i*\260\326k\001"";   nodeid: ""\260\000\000\000\000\000\000\000\000\000\000\000\000\000\000\000\000\000\000\000\000\000\000\000\000\000\000\000\000\000\000\000\001""; }; "
1750587311504,1750587311504,0,1,1,3,TMLedgerData,"ledgerHash: ""?Z\326\257)\2439\250\272\002\370\360\022\220W 062/8s4\204\363\253&I\000m\335\025""; ledgerSeq: 16; type: liBASE; nodes {;   nodedata: ""\000\000\000\020\001cEx]\211\377\330\345X\002=\033c\255\253\226\014-o\364!\262f\370\222\250\377\220&p\343\245\3604Op\353\317\305\000\000\000\000\000\000\000\000\000\000\000\000\000\000\000\000\000\000\000\000\000\000\000\000\000\000\000\000\000\000\000\000QW\031H\002\363\351\237\006\237\242\200\204\207\370S\272\271\261\004\247\233\335\307\226\326O\036\036\353)\005/\352\224./\352\224/\n\000""; }; nodes {;   nodedata: ""h\315\350\215y\203\242]\371\235\232Pt&\325\210eZ\346\237XZ \277\2457n\221\336\253\245\317\002\304\206+8\t]\351\316\373|\311\263V\300\023\035\211\237\260\300\r\033u3a1\203\303\365\307k\347\006E\344\037@\210\363\010\336T\226\247'\204_{\261\370""1\235\2445\343\033Y!\212\201\341\272\225'\007*$\244&\336\343'\233i\332\374\245 {^\306-N\333\gE\006\347\212\331C\211Z\177\247\031\n1J\005\356\020\023uD3\267,z\214#zH\020\360\343:&z\r<\352\277a7D\225\204\254\013\202_n)6q\357\2538_-\302\252B\204v\277\254\373\3322Ca\020\243\0105\263\257\367\032\254\016\003""; }; ","ledgerHash: ""?Z\326\257)\2439\250\272\002\370\360\022\220W 062/8s4\204\363\253&I\000m\335\025""; ledgerSeq: 16; type: liBASE; nodes {;   nodedata: ""\000\000\000\020\001cEx]\211\377\330\345X\002=\033c\255\253\226\014-o\364!\262f\370\222\250\377\220&p\343\245\3604Op\353\317\305\000\000\000\000\000\000\000\000\000\000\000\000\000\000\000\000\000\000\000\000\000\000\000\000\000\000\000\000\000\000\000\000QW\031H\002\363\351\237\006\237\242\200\204\207\370S\272\271\261\004\247\233\335\307\226\326O\036\036\353)\005/\352\224./\352\224/\n\000""; }; nodes {;   nodedata: ""h\315\350\215y\203\242]\371\235\232Pt&\325\210eZ\346\237XZ \277\2457n\221\336\253\245\317\002\304\206+8\t]\351\316\373|\311\263V\300\023\035\211\237\260\300\r\033u3a1\203\303\365\307k\347\006E\344\037@\210\363\010\336T\226\247'\204_{\261\370""1\235\2445\343\033Y!\212\201\341\272\225'\007*$\244&\336\343'\233i\332\374\245 {^\306-N\333\gE\006\347\212\331C\211Z\177\247\031\n1J\005\356\020\023uD3\267,z\214#zH\020\360\343:&z\r<\352\277a7D\225\204\254\013\202_n)6q\357\2538_-\302\252B\204v\277\254\373\3322Ca\020\243\0105\263\257\367\032\254\016\003""; }; "
1750587311505,1750587311506,0,1,1,3,TMLedgerData,"ledgerHash: ""?Z\326\257)\2439\250\272\002\370\360\022\220W 062/8s4\204\363\253&I\000m\335\025""; ledgerSeq: 16; type: liBASE; nodes {;   nodedata: ""\000\000\000\020\001cEx]\211\377\330\345X\002=\033c\255\253\226\014-o\364!\262f\370\222\250\377\220&p\343\245\3604Op\353\317\305\000\000\000\000\000\000\000\000\000\000\000\000\000\000\000\000\000\000\000\000\000\000\000\000\000\000\000\000\000\000\000\000QW\031H\002\363\351\237\006\237\242\200\204\207\370S\272\271\261\004\247\233\335\307\226\326O\036\036\353)\005/\352\224./\352\224/\n\000""; }; nodes {;   nodedata: ""h\315\350\215y\203\242]\371\235\232Pt&\325\210eZ\346\237XZ \277\2457n\221\336\253\245\317\002\304\206+8\t]\351\316\373|\311\263V\300\023\035\211\237\260\300\r\033u3a1\203\303\365\307k\347\006E\344\037@\210\363\010\336T\226\247'\204_{\261\370""1\235\2445\343\033Y!\212\201\341\272\225'\007*$\244&\336\343'\233i\332\374\245 {^\306-N\333\gE\006\347\212\331C\211Z\177\247\031\n1J\005\356\020\023uD3\267,z\214#zH\020\360\343:&z\r<\352\277a7D\225\204\254\013\202_n)6q\357\2538_-\302\252B\204v\277\254\373\3322Ca\020\243\0105\263\257\367\032\254\016\003""; }; ","ledgerHash: ""?Z\326\257)\2439\250\272\002\370\360\022\220W 062/8s4\204\363\253&I\000m\335\025""; ledgerSeq: 16; type: liBASE; nodes {;   nodedata: ""\000\000\000\020\001cEx]\211\377\330\345X\002=\033c\255\253\226\014-o\364!\262f\370\222\250\377\220&p\343\245\3604Op\353\317\305\000\000\000\000\000\000\000\000\000\000\000\000\000\000\000\000\000\000\000\000\000\000\000\000\000\000\000\000\000\000\000\000QW\031H\002\363\351\237\006\237\242\200\204\207\370S\272\271\261\004\247\233\335\307\226\326O\036\036\353)\005/\352\224./\352\224/\n\000""; }; nodes {;   nodedata: ""h\315\350\215y\203\242]\371\235\232Pt&\325\210eZ\346\237XZ \277\2457n\221\336\253\245\317\002\304\206+8\t]\351\316\373|\311\263V\300\023\035\211\237\260\300\r\033u3a1\203\303\365\307k\347\006E\344\037@\210\363\010\336T\226\247'\204_{\261\370""1\235\2445\343\033Y!\212\201\341\272\225'\007*$\244&\336\343'\233i\332\374\245 {^\306-N\333\gE\006\347\212\331C\211Z\177\247\031\n1J\005\356\020\023uD3\267,z\214#zH\020\360\343:&z\r<\352\277a7D\225\204\254\013\202_n)6q\357\2538_-\302\252B\204v\277\254\373\3322Ca\020\243\0105\263\257\367\032\254\016\003""; }; "
1750587311506,1750587311506,0,1,1,3,TMLedgerData,"ledgerHash: ""?Z\326\257)\2439\250\272\002\370\360\022\220W 062/8s4\204\363\253&I\000m\335\025""; ledgerSeq: 16; type: liBASE; nodes {;   nodedata: ""\000\000\000\020\001cEx]\211\377\330\345X\002=\033c\255\253\226\014-o\364!\262f\370\222\250\377\220&p\343\245\3604Op\353\317\305\000\000\000\000\000\000\000\000\000\000\000\000\000\000\000\000\000\000\000\000\000\000\000\000\000\000\000\000\000\000\000\000QW\031H\002\363\351\237\006\237\242\200\204\207\370S\272\271\261\004\247\233\335\307\226\326O\036\036\353)\005/\352\224./\352\224/\n\000""; }; nodes {;   nodedata: ""h\315\350\215y\203\242]\371\235\232Pt&\325\210eZ\346\237XZ \277\2457n\221\336\253\245\317\002\304\206+8\t]\351\316\373|\311\263V\300\023\035\211\237\260\300\r\033u3a1\203\303\365\307k\347\006E\344\037@\210\363\010\336T\226\247'\204_{\261\370""1\235\2445\343\033Y!\212\201\341\272\225'\007*$\244&\336\343'\233i\332\374\245 {^\306-N\333\gE\006\347\212\331C\211Z\177\247\031\n1J\005\356\020\023uD3\267,z\214#zH\020\360\343:&z\r<\352\277a7D\225\204\254\013\202_n)6q\357\2538_-\302\252B\204v\277\254\373\3322Ca\020\243\0105\263\257\367\032\254\016\003""; }; requestCookie: 4; ","ledgerHash: ""?Z\326\257)\2439\250\272\002\370\360\022\220W 062/8s4\204\363\253&I\000m\335\025""; ledgerSeq: 16; type: liBASE; nodes {;   nodedata: ""\000\000\000\020\001cEx]\211\377\330\345X\002=\033c\255\253\226\014-o\364!\262f\370\222\250\377\220&p\343\245\3604Op\353\317\305\000\000\000\000\000\000\000\000\000\000\000\000\000\000\000\000\000\000\000\000\000\000\000\000\000\000\000\000\000\000\000\000QW\031H\002\363\351\237\006\237\242\200\204\207\370S\272\271\261\004\247\233\335\307\226\326O\036\036\353)\005/\352\224./\352\224/\n\000""; }; nodes {;   nodedata: ""h\315\350\215y\203\242]\371\235\232Pt&\325\210eZ\346\237XZ \277\2457n\221\336\253\245\317\002\304\206+8\t]\351\316\373|\311\263V\300\023\035\211\237\260\300\r\033u3a1\203\303\365\307k\347\006E\344\037@\210\363\010\336T\226\247'\204_{\261\370""1\235\2445\343\033Y!\212\201\341\272\225'\007*$\244&\336\343'\233i\332\374\245 {^\306-N\333\gE\006\347\212\331C\211Z\177\247\031\n1J\005\356\020\023uD3\267,z\214#zH\020\360\343:&z\r<\352\277a7D\225\204\254\013\202_n)6q\357\2538_-\302\252B\204v\277\254\373\3322Ca\020\243\0105\263\257\367\032\254\016\003""; }; requestCookie: 4; "
1750587311507,1750587311507,0,1,4,3,TMLedgerData,"ledgerHash: ""?Z\326\257)\2439\250\272\002\370\360\022\220W 062/8s4\204\363\253&I\000m\335\025""; ledgerSeq: 16; type: liBASE; nodes {;   nodedata: ""\000\000\000\020\001cEx]\211\377\330\345X\002=\033c\255\253\226\014-o\364!\262f\370\222\250\377\220&p\343\245\3604Op\353\317\305\000\000\000\000\000\000\000\000\000\000\000\000\000\000\000\000\000\000\000\000\000\000\000\000\000\000\000\000\000\000\000\000QW\031H\002\363\351\237\006\237\242\200\204\207\370S\272\271\261\004\247\233\335\307\226\326O\036\036\353)\005/\352\224./\352\224/\n\000""; }; nodes {;   nodedata: ""h\315\350\215y\203\242]\371\235\232Pt&\325\210eZ\346\237XZ \277\2457n\221\336\253\245\317\002\304\206+8\t]\351\316\373|\311\263V\300\023\035\211\237\260\300\r\033u3a1\203\303\365\307k\347\006E\344\037@\210\363\010\336T\226\247'\204_{\261\370""1\235\2445\343\033Y!\212\201\341\272\225'\007*$\244&\336\343'\233i\332\374\245 {^\306-N\333\gE\006\347\212\331C\211Z\177\247\031\n1J\005\356\020\023uD3\267,z\214#zH\020\360\343:&z\r<\352\277a7D\225\204\254\013\202_n)6q\357\2538_-\302\252B\204v\277\254\373\3322Ca\020\243\0105\263\257\367\032\254\016\003""; }; ","ledgerHash: ""?Z\326\257)\2439\250\272\002\370\360\022\220W 062/8s4\204\363\253&I\000m\335\025""; ledgerSeq: 16; type: liBASE; nodes {;   nodedata: ""\000\000\000\020\001cEx]\211\377\330\345X\002=\033c\255\253\226\014-o\364!\262f\370\222\250\377\220&p\343\245\3604Op\353\317\305\000\000\000\000\000\000\000\000\000\000\000\000\000\000\000\000\000\000\000\000\000\000\000\000\000\000\000\000\000\000\000\000QW\031H\002\363\351\237\006\237\242\200\204\207\370S\272\271\261\004\247\233\335\307\226\326O\036\036\353)\005/\352\224./\352\224/\n\000""; }; nodes {;   nodedata: ""h\315\350\215y\203\242]\371\235\232Pt&\325\210eZ\346\237XZ \277\2457n\221\336\253\245\317\002\304\206+8\t]\351\316\373|\311\263V\300\023\035\211\237\260\300\r\033u3a1\203\303\365\307k\347\006E\344\037@\210\363\010\336T\226\247'\204_{\261\370""1\235\2445\343\033Y!\212\201\341\272\225'\007*$\244&\336\343'\233i\332\374\245 {^\306-N\333\gE\006\347\212\331C\211Z\177\247\031\n1J\005\356\020\023uD3\267,z\214#zH\020\360\343:&z\r<\352\277a7D\225\204\254\013\202_n)6q\357\2538_-\302\252B\204v\277\254\373\3322Ca\020\243\0105\263\257\367\032\254\016\003""; }; "
1750587311508,1750587311508,0,1,1,2,TMLedgerData,"ledgerHash: ""?Z\326\257)\2439\250\272\002\370\360\022\220W 062/8s4\204\363\253&I\000m\335\025""; ledgerSeq: 16; type: liBASE; nodes {;   nodedata: ""\000\000\000\020\001cEx]\211\377\330\345X\002=\033c\255\253\226\014-o\364!\262f\370\222\250\377\220&p\343\245\3604Op\353\317\305\000\000\000\000\000\000\000\000\000\000\000\000\000\000\000\000\000\000\000\000\000\000\000\000\000\000\000\000\000\000\000\000QW\031H\002\363\351\237\006\237\242\200\204\207\370S\272\271\261\004\247\233\335\307\226\326O\036\036\353)\005/\352\224./\352\224/\n\000""; }; nodes {;   nodedata: ""h\315\350\215y\203\242]\371\235\232Pt&\325\210eZ\346\237XZ \277\2457n\221\336\253\245\317\002\304\206+8\t]\351\316\373|\311\263V\300\023\035\211\237\260\300\r\033u3a1\203\303\365\307k\347\006E\344\037@\210\363\010\336T\226\247'\204_{\261\370""1\235\2445\343\033Y!\212\201\341\272\225'\007*$\244&\336\343'\233i\332\374\245 {^\306-N\333\gE\006\347\212\331C\211Z\177\247\031\n1J\005\356\020\023uD3\267,z\214#zH\020\360\343:&z\r<\352\277a7D\225\204\254\013\202_n)6q\357\2538_-\302\252B\204v\277\254\373\3322Ca\020\243\0105\263\257\367\032\254\016\003""; }; ","ledgerHash: ""?Z\326\257)\2439\250\272\002\370\360\022\220W 062/8s4\204\363\253&I\000m\335\025""; ledgerSeq: 16; type: liBASE; nodes {;   nodedata: ""\000\000\000\020\001cEx]\211\377\330\345X\002=\033c\255\253\226\014-o\364!\262f\370\222\250\377\220&p\343\245\3604Op\353\317\305\000\000\000\000\000\000\000\000\000\000\000\000\000\000\000\000\000\000\000\000\000\000\000\000\000\000\000\000\000\000\000\000QW\031H\002\363\351\237\006\237\242\200\204\207\370S\272\271\261\004\247\233\335\307\226\326O\036\036\353)\005/\352\224./\352\224/\n\000""; }; nodes {;   nodedata: ""h\315\350\215y\203\242]\371\235\232Pt&\325\210eZ\346\237XZ \277\2457n\221\336\253\245\317\002\304\206+8\t]\351\316\373|\311\263V\300\023\035\211\237\260\300\r\033u3a1\203\303\365\307k\347\006E\344\037@\210\363\010\336T\226\247'\204_{\261\370""1\235\2445\343\033Y!\212\201\341\272\225'\007*$\244&\336\343'\233i\332\374\245 {^\306-N\333\gE\006\347\212\331C\211Z\177\247\031\n1J\005\356\020\023uD3\267,z\214#zH\020\360\343:&z\r<\352\277a7D\225\204\254\013\202_n)6q\357\2538_-\302\252B\204v\277\254\373\3322Ca\020\243\0105\263\257\367\032\254\016\003""; }; "
1750587311508,1750587311508,0,1,1,2,TMLedgerData,"ledgerHash: ""?Z\326\257)\2439\250\272\002\370\360\022\220W 062/8s4\204\363\253&I\000m\335\025""; ledgerSeq: 16; type: liBASE; nodes {;   nodedata: ""\000\000\000\020\001cEx]\211\377\330\345X\002=\033c\255\253\226\014-o\364!\262f\370\222\250\377\220&p\343\245\3604Op\353\317\305\000\000\000\000\000\000\000\000\000\000\000\000\000\000\000\000\000\000\000\000\000\000\000\000\000\000\000\000\000\000\000\000QW\031H\002\363\351\237\006\237\242\200\204\207\370S\272\271\261\004\247\233\335\307\226\326O\036\036\353)\005/\352\224./\352\224/\n\000""; }; nodes {;   nodedata: ""h\315\350\215y\203\242]\371\235\232Pt&\325\210eZ\346\237XZ \277\2457n\221\336\253\245\317\002\304\206+8\t]\351\316\373|\311\263V\300\023\035\211\237\260\300\r\033u3a1\203\303\365\307k\347\006E\344\037@\210\363\010\336T\226\247'\204_{\261\370""1\235\2445\343\033Y!\212\201\341\272\225'\007*$\244&\336\343'\233i\332\374\245 {^\306-N\333\gE\006\347\212\331C\211Z\177\247\031\n1J\005\356\020\023uD3\267,z\214#zH\020\360\343:&z\r<\352\277a7D\225\204\254\013\202_n)6q\357\2538_-\302\252B\204v\277\254\373\3322Ca\020\243\0105\263\257\367\032\254\016\003""; }; ","ledgerHash: ""?Z\326\257)\2439\250\272\002\370\360\022\220W 062/8s4\204\363\253&I\000m\335\025""; ledgerSeq: 16; type: liBASE; nodes {;   nodedata: ""\000\000\000\020\001cEx]\211\377\330\345X\002=\033c\255\253\226\014-o\364!\262f\370\222\250\377\220&p\343\245\3604Op\353\317\305\000\000\000\000\000\000\000\000\000\000\000\000\000\000\000\000\000\000\000\000\000\000\000\000\000\000\000\000\000\000\000\000QW\031H\002\363\351\237\006\237\242\200\204\207\370S\272\271\261\004\247\233\335\307\226\326O\036\036\353)\005/\352\224./\352\224/\n\000""; }; nodes {;   nodedata: ""h\315\350\215y\203\242]\371\235\232Pt&\325\210eZ\346\237XZ \277\2457n\221\336\253\245\317\002\304\206+8\t]\351\316\373|\311\263V\300\023\035\211\237\260\300\r\033u3a1\203\303\365\307k\347\006E\344\037@\210\363\010\336T\226\247'\204_{\261\370""1\235\2445\343\033Y!\212\201\341\272\225'\007*$\244&\336\343'\233i\332\374\245 {^\306-N\333\gE\006\347\212\331C\211Z\177\247\031\n1J\005\356\020\023uD3\267,z\214#zH\020\360\343:&z\r<\352\277a7D\225\204\254\013\202_n)6q\357\2538_-\302\252B\204v\277\254\373\3322Ca\020\243\0105\263\257\367\032\254\016\003""; }; "
1750587311509,1750587311509,0,1,1,2,TMLedgerData,"ledgerHash: ""?Z\326\257)\2439\250\272\002\370\360\022\220W 062/8s4\204\363\253&I\000m\335\025""; ledgerSeq: 16; type: liBASE; nodes {;   nodedata: ""\000\000\000\020\001cEx]\211\377\330\345X\002=\033c\255\253\226\014-o\364!\262f\370\222\250\377\220&p\343\245\3604Op\353\317\305\000\000\000\000\000\000\000\000\000\000\000\000\000\000\000\000\000\000\000\000\000\000\000\000\000\000\000\000\000\000\000\000QW\031H\002\363\351\237\006\237\242\200\204\207\370S\272\271\261\004\247\233\335\307\226\326O\036\036\353)\005/\352\224./\352\224/\n\000""; }; nodes {;   nodedata: ""h\315\350\215y\203\242]\371\235\232Pt&\325\210eZ\346\237XZ \277\2457n\221\336\253\245\317\002\304\206+8\t]\351\316\373|\311\263V\300\023\035\211\237\260\300\r\033u3a1\203\303\365\307k\347\006E\344\037@\210\363\010\336T\226\247'\204_{\261\370""1\235\2445\343\033Y!\212\201\341\272\225'\007*$\244&\336\343'\233i\332\374\245 {^\306-N\333\gE\006\347\212\331C\211Z\177\247\031\n1J\005\356\020\023uD3\267,z\214#zH\020\360\343:&z\r<\352\277a7D\225\204\254\013\202_n)6q\357\2538_-\302\252B\204v\277\254\373\3322Ca\020\243\0105\263\257\367\032\254\016\003""; }; requestCookie: 4; ","ledgerHash: ""?Z\326\257)\2439\250\272\002\370\360\022\220W 062/8s4\204\363\253&I\000m\335\025""; ledgerSeq: 16; type: liBASE; nodes {;   nodedata: ""\000\000\000\020\001cEx]\211\377\330\345X\002=\033c\255\253\226\014-o\364!\262f\370\222\250\377\220&p\343\245\3604Op\353\317\305\000\000\000\000\000\000\000\000\000\000\000\000\000\000\000\000\000\000\000\000\000\000\000\000\000\000\000\000\000\000\000\000QW\031H\002\363\351\237\006\237\242\200\204\207\370S\272\271\261\004\247\233\335\307\226\326O\036\036\353)\005/\352\224./\352\224/\n\000""; }; nodes {;   nodedata: ""h\315\350\215y\203\242]\371\235\232Pt&\325\210eZ\346\237XZ \277\2457n\221\336\253\245\317\002\304\206+8\t]\351\316\373|\311\263V\300\023\035\211\237\260\300\r\033u3a1\203\303\365\307k\347\006E\344\037@\210\363\010\336T\226\247'\204_{\261\370""1\235\2445\343\033Y!\212\201\341\272\225'\007*$\244&\336\343'\233i\332\374\245 {^\306-N\333\gE\006\347\212\331C\211Z\177\247\031\n1J\005\356\020\023uD3\267,z\214#zH\020\360\343:&z\r<\352\277a7D\225\204\254\013\202_n)6q\357\2538_-\302\252B\204v\277\254\373\3322Ca\020\243\0105\263\257\367\032\254\016\003""; }; requestCookie: 4; "
1750587311510,1750587311510,0,1,4,2,TMLedgerData,"ledgerHash: ""?Z\326\257)\2439\250\272\002\370\360\022\220W 062/8s4\204\363\253&I\000m\335\025""; ledgerSeq: 16; type: liBASE; nodes {;   nodedata: ""\000\000\000\020\001cEx]\211\377\330\345X\002=\033c\255\253\226\014-o\364!\262f\370\222\250\377\220&p\343\245\3604Op\353\317\305\000\000\000\000\000\000\000\000\000\000\000\000\000\000\000\000\000\000\000\000\000\000\000\000\000\000\000\000\000\000\000\000QW\031H\002\363\351\237\006\237\242\200\204\207\370S\272\271\261\004\247\233\335\307\226\326O\036\036\353)\005/\352\224./\352\224/\n\000""; }; nodes {;   nodedata: ""h\315\350\215y\203\242]\371\235\232Pt&\325\210eZ\346\237XZ \277\2457n\221\336\253\245\317\002\304\206+8\t]\351\316\373|\311\263V\300\023\035\211\237\260\300\r\033u3a1\203\303\365\307k\347\006E\344\037@\210\363\010\336T\226\247'\204_{\261\370""1\235\2445\343\033Y!\212\201\341\272\225'\007*$\244&\336\343'\233i\332\374\245 {^\306-N\333\gE\006\347\212\331C\211Z\177\247\031\n1J\005\356\020\023uD3\267,z\214#zH\020\360\343:&z\r<\352\277a7D\225\204\254\013\202_n)6q\357\2538_-\302\252B\204v\277\254\373\3322Ca\020\243\0105\263\257\367\032\254\016\003""; }; ","ledgerHash: ""?Z\326\257)\2439\250\272\002\370\360\022\220W 062/8s4\204\363\253&I\000m\335\025""; ledgerSeq: 16; type: liBASE; nodes {;   nodedata: ""\000\000\000\020\001cEx]\211\377\330\345X\002=\033c\255\253\226\014-o\364!\262f\370\222\250\377\220&p\343\245\3604Op\353\317\305\000\000\000\000\000\000\000\000\000\000\000\000\000\000\000\000\000\000\000\000\000\000\000\000\000\000\000\000\000\000\000\000QW\031H\002\363\351\237\006\237\242\200\204\207\370S\272\271\261\004\247\233\335\307\226\326O\036\036\353)\005/\352\224./\352\224/\n\000""; }; nodes {;   nodedata: ""h\315\350\215y\203\242]\371\235\232Pt&\325\210eZ\346\237XZ \277\2457n\221\336\253\245\317\002\304\206+8\t]\351\316\373|\311\263V\300\023\035\211\237\260\300\r\033u3a1\203\303\365\307k\347\006E\344\037@\210\363\010\336T\226\247'\204_{\261\370""1\235\2445\343\033Y!\212\201\341\272\225'\007*$\244&\336\343'\233i\332\374\245 {^\306-N\333\gE\006\347\212\331C\211Z\177\247\031\n1J\005\356\020\023uD3\267,z\214#zH\020\360\343:&z\r<\352\277a7D\225\204\254\013\202_n)6q\357\2538_-\302\252B\204v\277\254\373\3322Ca\020\243\0105\263\257\367\032\254\016\003""; }; "
1750587311510,1750587311511,0,1,1,2,TMLedgerData,"ledgerHash: ""?Z\326\257)\2439\250\272\002\370\360\022\220W 062/8s4\204\363\253&I\000m\335\025""; ledgerSeq: 16; type: liBASE; nodes {;   nodedata: ""\000\000\000\020\001cEx]\211\377\330\345X\002=\033c\255\253\226\014-o\364!\262f\370\222\250\377\220&p\343\245\3604Op\353\317\305\000\000\000\000\000\000\000\000\000\000\000\000\000\000\000\000\000\000\000\000\000\000\000\000\000\000\000\000\000\000\000\000QW\031H\002\363\351\237\006\237\242\200\204\207\370S\272\271\261\004\247\233\335\307\226\326O\036\036\353)\005/\352\224./\352\224/\n\000""; }; nodes {;   nodedata: ""h\315\350\215y\203\242]\371\235\232Pt&\325\210eZ\346\237XZ \277\2457n\221\336\253\245\317\002\304\206+8\t]\351\316\373|\311\263V\300\023\035\211\237\260\300\r\033u3a1\203\303\365\307k\347\006E\344\037@\210\363\010\336T\226\247'\204_{\261\370""1\235\2445\343\033Y!\212\201\341\272\225'\007*$\244&\336\343'\233i\332\374\245 {^\306-N\333\gE\006\347\212\331C\211Z\177\247\031\n1J\005\356\020\023uD3\267,z\214#zH\020\360\343:&z\r<\352\277a7D\225\204\254\013\202_n)6q\357\2538_-\302\252B\204v\277\254\373\3322Ca\020\243\0105\263\257\367\032\254\016\003""; }; requestCookie: 5; ","ledgerHash: ""?Z\326\257)\2439\250\272\002\370\360\022\220W 062/8s4\204\363\253&I\000m\335\025""; ledgerSeq: 16; type: liBASE; nodes {;   nodedata: ""\000\000\000\020\001cEx]\211\377\330\345X\002=\033c\255\253\226\014-o\364!\262f\370\222\250\377\220&p\343\245\3604Op\353\317\305\000\000\000\000\000\000\000\000\000\000\000\000\000\000\000\000\000\000\000\000\000\000\000\000\000\000\000\000\000\000\000\000QW\031H\002\363\351\237\006\237\242\200\204\207\370S\272\271\261\004\247\233\335\307\226\326O\036\036\353)\005/\352\224./\352\224/\n\000""; }; nodes {;   nodedata: ""h\315\350\215y\203\242]\371\235\232Pt&\325\210eZ\346\237XZ \277\2457n\221\336\253\245\317\002\304\206+8\t]\351\316\373|\311\263V\300\023\035\211\237\260\300\r\033u3a1\203\303\365\307k\347\006E\344\037@\210\363\010\336T\226\247'\204_{\261\370""1\235\2445\343\033Y!\212\201\341\272\225'\007*$\244&\336\343'\233i\332\374\245 {^\306-N\333\gE\006\347\212\331C\211Z\177\247\031\n1J\005\356\020\023uD3\267,z\214#zH\020\360\343:&z\r<\352\277a7D\225\204\254\013\202_n)6q\357\2538_-\302\252B\204v\277\254\373\3322Ca\020\243\0105\263\257\367\032\254\016\003""; }; requestCookie: 5; "
1750587311511,1750587311512,0,1,1,0,TMLedgerData,"ledgerHash: ""?Z\326\257)\2439\250\272\002\370\360\022\220W 062/8s4\204\363\253&I\000m\335\025""; ledgerSeq: 16; type: liBASE; nodes {;   nodedata: ""\000\000\000\020\001cEx]\211\377\330\345X\002=\033c\255\253\226\014-o\364!\262f\370\222\250\377\220&p\343\245\3604Op\353\317\305\000\000\000\000\000\000\000\000\000\000\000\000\000\000\000\000\000\000\000\000\000\000\000\000\000\000\000\000\000\000\000\000QW\031H\002\363\351\237\006\237\242\200\204\207\370S\272\271\261\004\247\233\335\307\226\326O\036\036\353)\005/\352\224./\352\224/\n\000""; }; nodes {;   nodedata: ""h\315\350\215y\203\242]\371\235\232Pt&\325\210eZ\346\237XZ \277\2457n\221\336\253\245\317\002\304\206+8\t]\351\316\373|\311\263V\300\023\035\211\237\260\300\r\033u3a1\203\303\365\307k\347\006E\344\037@\210\363\010\336T\226\247'\204_{\261\370""1\235\2445\343\033Y!\212\201\341\272\225'\007*$\244&\336\343'\233i\332\374\245 {^\306-N\333\gE\006\347\212\331C\211Z\177\247\031\n1J\005\356\020\023uD3\267,z\214#zH\020\360\343:&z\r<\352\277a7D\225\204\254\013\202_n)6q\357\2538_-\302\252B\204v\277\254\373\3322Ca\020\243\0105\263\257\367\032\254\016\003""; }; ","ledgerHash: ""?Z\326\257)\2439\250\272\002\370\360\022\220W 062/8s4\204\363\253&I\000m\335\025""; ledgerSeq: 16; type: liBASE; nodes {;   nodedata: ""\000\000\000\020\001cEx]\211\377\330\345X\002=\033c\255\253\226\014-o\364!\262f\370\222\250\377\220&p\343\245\3604Op\353\317\305\000\000\000\000\000\000\000\000\000\000\000\000\000\000\000\000\000\000\000\000\000\000\000\000\000\000\000\000\000\000\000\000QW\031H\002\363\351\237\006\237\242\200\204\207\370S\272\271\261\004\247\233\335\307\226\326O\036\036\353)\005/\352\224./\352\224/\n\000""; }; nodes {;   nodedata: ""h\315\350\215y\203\242]\371\235\232Pt&\325\210eZ\346\237XZ \277\2457n\221\336\253\245\317\002\304\206+8\t]\351\316\373|\311\263V\300\023\035\211\237\260\300\r\033u3a1\203\303\365\307k\347\006E\344\037@\210\363\010\336T\226\247'\204_{\261\370""1\235\2445\343\033Y!\212\201\341\272\225'\007*$\244&\336\343'\233i\332\374\245 {^\306-N\333\gE\006\347\212\331C\211Z\177\247\031\n1J\005\356\020\023uD3\267,z\214#zH\020\360\343:&z\r<\352\277a7D\225\204\254\013\202_n)6q\357\2538_-\302\252B\204v\277\254\373\3322Ca\020\243\0105\263\257\367\032\254\016\003""; }; "
1750587311512,1750587311512,0,1,1,0,TMLedgerData,"ledgerHash: ""?Z\326\257)\2439\250\272\002\370\360\022\220W 062/8s4\204\363\253&I\000m\335\025""; ledgerSeq: 16; type: liBASE; nodes {;   nodedata: ""\000\000\000\020\001cEx]\211\377\330\345X\002=\033c\255\253\226\014-o\364!\262f\370\222\250\377\220&p\343\245\3604Op\353\317\305\000\000\000\000\000\000\000\000\000\000\000\000\000\000\000\000\000\000\000\000\000\000\000\000\000\000\000\000\000\000\000\000QW\031H\002\363\351\237\006\237\242\200\204\207\370S\272\271\261\004\247\233\335\307\226\326O\036\036\353)\005/\352\224./\352\224/\n\000""; }; nodes {;   nodedata: ""h\315\350\215y\203\242]\371\235\232Pt&\325\210eZ\346\237XZ \277\2457n\221\336\253\245\317\002\304\206+8\t]\351\316\373|\311\263V\300\023\035\211\237\260\300\r\033u3a1\203\303\365\307k\347\006E\344\037@\210\363\010\336T\226\247'\204_{\261\370""1\235\2445\343\033Y!\212\201\341\272\225'\007*$\244&\336\343'\233i\332\374\245 {^\306-N\333\gE\006\347\212\331C\211Z\177\247\031\n1J\005\356\020\023uD3\267,z\214#zH\020\360\343:&z\r<\352\277a7D\225\204\254\013\202_n)6q\357\2538_-\302\252B\204v\277\254\373\3322Ca\020\243\0105\263\257\367\032\254\016\003""; }; requestCookie: 5; ","ledgerHash: ""?Z\326\257)\2439\250\272\002\370\360\022\220W 062/8s4\204\363\253&I\000m\335\025""; ledgerSeq: 16; type: liBASE; nodes {;   nodedata: ""\000\000\000\020\001cEx]\211\377\330\345X\002=\033c\255\253\226\014-o\364!\262f\370\222\250\377\220&p\343\245\3604Op\353\317\305\000\000\000\000\000\000\000\000\000\000\000\000\000\000\000\000\000\000\000\000\000\000\000\000\000\000\000\000\000\000\000\000QW\031H\002\363\351\237\006\237\242\200\204\207\370S\272\271\261\004\247\233\335\307\226\326O\036\036\353)\005/\352\224./\352\224/\n\000""; }; nodes {;   nodedata: ""h\315\350\215y\203\242]\371\235\232Pt&\325\210eZ\346\237XZ \277\2457n\221\336\253\245\317\002\304\206+8\t]\351\316\373|\311\263V\300\023\035\211\237\260\300\r\033u3a1\203\303\365\307k\347\006E\344\037@\210\363\010\336T\226\247'\204_{\261\370""1\235\2445\343\033Y!\212\201\341\272\225'\007*$\244&\336\343'\233i\332\374\245 {^\306-N\333\gE\006\347\212\331C\211Z\177\247\031\n1J\005\356\020\023uD3\267,z\214#zH\020\360\343:&z\r<\352\277a7D\225\204\254\013\202_n)6q\357\2538_-\302\252B\204v\277\254\373\3322Ca\020\243\0105\263\257\367\032\254\016\003""; }; requestCookie: 5; "
1750587311513,1750587311514,0,1,1,0,TMLedgerData,"ledgerHash: ""?Z\326\257)\2439\250\272\002\370\360\022\220W 062/8s4\204\363\253&I\000m\335\025""; ledgerSeq: 16; type: liBASE; nodes {;   nodedata: ""\000\000\000\020\001cEx]\211\377\330\345X\002=\033c\255\253\226\014-o\364!\262f\370\222\250\377\220&p\343\245\3604Op\353\317\305\000\000\000\000\000\000\000\000\000\000\000\000\000\000\000\000\000\000\000\000\000\000\000\000\000\000\000\000\000\000\000\000QW\031H\002\363\351\237\006\237\242\200\204\207\370S\272\271\261\004\247\233\335\307\226\326O\036\036\353)\005/\352\224./\352\224/\n\000""; }; nodes {;   nodedata: ""h\315\350\215y\203\242]\371\235\232Pt&\325\210eZ\346\237XZ \277\2457n\221\336\253\245\317\002\304\206+8\t]\351\316\373|\311\263V\300\023\035\211\237\260\300\r\033u3a1\203\303\365\307k\347\006E\344\037@\210\363\010\336T\226\247'\204_{\261\370""1\235\2445\343\033Y!\212\201\341\272\225'\007*$\244&\336\343'\233i\332\374\245 {^\306-N\333\gE\006\347\212\331C\211Z\177\247\031\n1J\005\356\020\023uD3\267,z\214#zH\020\360\343:&z\r<\352\277a7D\225\204\254\013\202_n)6q\357\2538_-\302\252B\204v\277\254\373\3322Ca\020\243\0105\263\257\367\032\254\016\003""; }; requestCookie: 3; ","ledgerHash: ""?Z\326\257)\2439\250\272\002\370\360\022\220W 062/8s4\204\363\253&I\000m\335\025""; ledgerSeq: 16; type: liBASE; nodes {;   nodedata: ""\000\000\000\020\001cEx]\211\377\330\345X\002=\033c\255\253\226\014-o\364!\262f\370\222\250\377\220&p\343\245\3604Op\353\317\305\000\000\000\000\000\000\000\000\000\000\000\000\000\000\000\000\000\000\000\000\000\000\000\000\000\000\000\000\000\000\000\000QW\031H\002\363\351\237\006\237\242\200\204\207\370S\272\271\261\004\247\233\335\307\226\326O\036\036\353)\005/\352\224./\352\224/\n\000""; }; nodes {;   nodedata: ""h\315\350\215y\203\242]\371\235\232Pt&\325\210eZ\346\237XZ \277\2457n\221\336\253\245\317\002\304\206+8\t]\351\316\373|\311\263V\300\023\035\211\237\260\300\r\033u3a1\203\303\365\307k\347\006E\344\037@\210\363\010\336T\226\247'\204_{\261\370""1\235\2445\343\033Y!\212\201\341\272\225'\007*$\244&\336\343'\233i\332\374\245 {^\306-N\333\gE\006\347\212\331C\211Z\177\247\031\n1J\005\356\020\023uD3\267,z\214#zH\020\360\343:&z\r<\352\277a7D\225\204\254\013\202_n)6q\357\2538_-\302\252B\204v\277\254\373\3322Ca\020\243\0105\263\257\367\032\254\016\003""; }; requestCookie: 3; "
1750587311514,1750587311514,0,1,1,0,TMLedgerData,"ledgerHash: ""?Z\326\257)\2439\250\272\002\370\360\022\220W 062/8s4\204\363\253&I\000m\335\025""; ledgerSeq: 16; type: liBASE; nodes {;   nodedata: ""\000\000\000\020\001cEx]\211\377\330\345X\002=\033c\255\253\226\014-o\364!\262f\370\222\250\377\220&p\343\245\3604Op\353\317\305\000\000\000\000\000\000\000\000\000\000\000\000\000\000\000\000\000\000\000\000\000\000\000\000\000\000\000\000\000\000\000\000QW\031H\002\363\351\237\006\237\242\200\204\207\370S\272\271\261\004\247\233\335\307\226\326O\036\036\353)\005/\352\224./\352\224/\n\000""; }; nodes {;   nodedata: ""h\315\350\215y\203\242]\371\235\232Pt&\325\210eZ\346\237XZ \277\2457n\221\336\253\245\317\002\304\206+8\t]\351\316\373|\311\263V\300\023\035\211\237\260\300\r\033u3a1\203\303\365\307k\347\006E\344\037@\210\363\010\336T\226\247'\204_{\261\370""1\235\2445\343\033Y!\212\201\341\272\225'\007*$\244&\336\343'\233i\332\374\245 {^\306-N\333\gE\006\347\212\331C\211Z\177\247\031\n1J\005\356\020\023uD3\267,z\214#zH\020\360\343:&z\r<\352\277a7D\225\204\254\013\202_n)6q\357\2538_-\302\252B\204v\277\254\373\3322Ca\020\243\0105\263\257\367\032\254\016\003""; }; ","ledgerHash: ""?Z\326\257)\2439\250\272\002\370\360\022\220W 062/8s4\204\363\253&I\000m\335\025""; ledgerSeq: 16; type: liBASE; nodes {;   nodedata: ""\000\000\000\020\001cEx]\211\377\330\345X\002=\033c\255\253\226\014-o\364!\262f\370\222\250\377\220&p\343\245\3604Op\353\317\305\000\000\000\000\000\000\000\000\000\000\000\000\000\000\000\000\000\000\000\000\000\000\000\000\000\000\000\000\000\000\000\000QW\031H\002\363\351\237\006\237\242\200\204\207\370S\272\271\261\004\247\233\335\307\226\326O\036\036\353)\005/\352\224./\352\224/\n\000""; }; nodes {;   nodedata: ""h\315\350\215y\203\242]\371\235\232Pt&\325\210eZ\346\237XZ \277\2457n\221\336\253\245\317\002\304\206+8\t]\351\316\373|\311\263V\300\023\035\211\237\260\300\r\033u3a1\203\303\365\307k\347\006E\344\037@\210\363\010\336T\226\247'\204_{\261\370""1\235\2445\343\033Y!\212\201\341\272\225'\007*$\244&\336\343'\233i\332\374\245 {^\306-N\333\gE\006\347\212\331C\211Z\177\247\031\n1J\005\356\020\023uD3\267,z\214#zH\020\360\343:&z\r<\352\277a7D\225\204\254\013\202_n)6q\357\2538_-\302\252B\204v\277\254\373\3322Ca\020\243\0105\263\257\367\032\254\016\003""; }; "
1750587311514,1750587311515,0,1,1,0,TMLedgerData,"ledgerHash: ""?Z\326\257)\2439\250\272\002\370\360\022\220W 062/8s4\204\363\253&I\000m\335\025""; ledgerSeq: 16; type: liBASE; nodes {;   nodedata: ""\000\000\000\020\001cEx]\211\377\330\345X\002=\033c\255\253\226\014-o\364!\262f\370\222\250\377\220&p\343\245\3604Op\353\317\305\000\000\000\000\000\000\000\000\000\000\000\000\000\000\000\000\000\000\000\000\000\000\000\000\000\000\000\000\000\000\000\000QW\031H\002\363\351\237\006\237\242\200\204\207\370S\272\271\261\004\247\233\335\307\226\326O\036\036\353)\005/\352\224./\352\224/\n\000""; }; nodes {;   nodedata: ""h\315\350\215y\203\242]\371\235\232Pt&\325\210eZ\346\237XZ \277\2457n\221\336\253\245\317\002\304\206+8\t]\351\316\373|\311\263V\300\023\035\211\237\260\300\r\033u3a1\203\303\365\307k\347\006E\344\037@\210\363\010\336T\226\247'\204_{\261\370""1\235\2445\343\033Y!\212\201\341\272\225'\007*$\244&\336\343'\233i\332\374\245 {^\306-N\333\gE\006\347\212\331C\211Z\177\247\031\n1J\005\356\020\023uD3\267,z\214#zH\020\360\343:&z\r<\352\277a7D\225\204\254\013\202_n)6q\357\2538_-\302\252B\204v\277\254\373\3322Ca\020\243\0105\263\257\367\032\254\016\003""; }; requestCookie: 4; ","ledgerHash: ""?Z\326\257)\2439\250\272\002\370\360\022\220W 062/8s4\204\363\253&I\000m\335\025""; ledgerSeq: 16; type: liBASE; nodes {;   nodedata: ""\000\000\000\020\001cEx]\211\377\330\345X\002=\033c\255\253\226\014-o\364!\262f\370\222\250\377\220&p\343\245\3604Op\353\317\305\000\000\000\000\000\000\000\000\000\000\000\000\000\000\000\000\000\000\000\000\000\000\000\000\000\000\000\000\000\000\000\000QW\031H\002\363\351\237\006\237\242\200\204\207\370S\272\271\261\004\247\233\335\307\226\326O\036\036\353)\005/\352\224./\352\224/\n\000""; }; nodes {;   nodedata: ""h\315\350\215y\203\242]\371\235\232Pt&\325\210eZ\346\237XZ \277\2457n\221\336\253\245\317\002\304\206+8\t]\351\316\373|\311\263V\300\023\035\211\237\260\300\r\033u3a1\203\303\365\307k\347\006E\344\037@\210\363\010\336T\226\247'\204_{\261\370""1\235\2445\343\033Y!\212\201\341\272\225'\007*$\244&\336\343'\233i\332\374\245 {^\306-N\333\gE\006\347\212\331C\211Z\177\247\031\n1J\005\356\020\023uD3\267,z\214#zH\020\360\343:&z\r<\352\277a7D\225\204\254\013\202_n)6q\357\2538_-\302\252B\204v\277\254\373\3322Ca\020\243\0105\263\257\367\032\254\016\003""; }; requestCookie: 4; "
1750587311515,1750587311515,0,1,4,0,TMLedgerData,"ledgerHash: ""?Z\326\257)\2439\250\272\002\370\360\022\220W 062/8s4\204\363\253&I\000m\335\025""; ledgerSeq: 16; type: liBASE; nodes {;   nodedata: ""\000\000\000\020\001cEx]\211\377\330\345X\002=\033c\255\253\226\014-o\364!\262f\370\222\250\377\220&p\343\245\3604Op\353\317\305\000\000\000\000\000\000\000\000\000\000\000\000\000\000\000\000\000\000\000\000\000\000\000\000\000\000\000\000\000\000\000\000QW\031H\002\363\351\237\006\237\242\200\204\207\370S\272\271\261\004\247\233\335\307\226\326O\036\036\353)\005/\352\224./\352\224/\n\000""; }; nodes {;   nodedata: ""h\315\350\215y\203\242]\371\235\232Pt&\325\210eZ\346\237XZ \277\2457n\221\336\253\245\317\002\304\206+8\t]\351\316\373|\311\263V\300\023\035\211\237\260\300\r\033u3a1\203\303\365\307k\347\006E\344\037@\210\363\010\336T\226\247'\204_{\261\370""1\235\2445\343\033Y!\212\201\341\272\225'\007*$\244&\336\343'\233i\332\374\245 {^\306-N\333\gE\006\347\212\331C\211Z\177\247\031\n1J\005\356\020\023uD3\267,z\214#zH\020\360\343:&z\r<\352\277a7D\225\204\254\013\202_n)6q\357\2538_-\302\252B\204v\277\254\373\3322Ca\020\243\0105\263\257\367\032\254\016\003""; }; ","ledgerHash: ""?Z\326\257)\2439\250\272\002\370\360\022\220W 062/8s4\204\363\253&I\000m\335\025""; ledgerSeq: 16; type: liBASE; nodes {;   nodedata: ""\000\000\000\020\001cEx]\211\377\330\345X\002=\033c\255\253\226\014-o\364!\262f\370\222\250\377\220&p\343\245\3604Op\353\317\305\000\000\000\000\000\000\000\000\000\000\000\000\000\000\000\000\000\000\000\000\000\000\000\000\000\000\000\000\000\000\000\000QW\031H\002\363\351\237\006\237\242\200\204\207\370S\272\271\261\004\247\233\335\307\226\326O\036\036\353)\005/\352\224./\352\224/\n\000""; }; nodes {;   nodedata: ""h\315\350\215y\203\242]\371\235\232Pt&\325\210eZ\346\237XZ \277\2457n\221\336\253\245\317\002\304\206+8\t]\351\316\373|\311\263V\300\023\035\211\237\260\300\r\033u3a1\203\303\365\307k\347\006E\344\037@\210\363\010\336T\226\247'\204_{\261\370""1\235\2445\343\033Y!\212\201\341\272\225'\007*$\244&\336\343'\233i\332\374\245 {^\306-N\333\gE\006\347\212\331C\211Z\177\247\031\n1J\005\356\020\023uD3\267,z\214#zH\020\360\343:&z\r<\352\277a7D\225\204\254\013\202_n)6q\357\2538_-\302\252B\204v\277\254\373\3322Ca\020\243\0105\263\257\367\032\254\016\003""; }; "
1750587311516,1750587311516,0,1,3,1,TMGetLedger,"itype: liBASE; ledgerHash: ""?Z\326\257)\2439\250\272\002\370\360\022\220W 062/8s4\204\363\253&I\000m\335\025""; requestCookie: 2; queryType: qtINDIRECT; ","itype: liBASE; ledgerHash: ""?Z\326\257)\2439\250\272\002\370\360\022\220W 062/8s4\204\363\253&I\000m\335\025""; requestCookie: 2; queryType: qtINDIRECT; "
1750587311516,1750587311516,0,1,3,1,TMGetLedger,"itype: liAS_NODE; ledgerHash: ""?Z\326\257)\2439\250\272\002\370\360\022\220W 062/8s4\204\363\253&I\000m\335\025""; ledgerSeq: 16; nodeIDs: ""\260\000\000\000\000\000\000\000\000\000\000\000\000\000\000\000\000\000\000\000\000\000\000\000\000\000\000\000\000\000\000\000\001""; queryType: qtINDIRECT; queryDepth: 1; ","itype: liAS_NODE; ledgerHash: ""?Z\326\257)\2439\250\272\002\370\360\022\220W 062/8s4\204\363\253&I\000m\335\025""; ledgerSeq: 16; nodeIDs: ""\260\000\000\000\000\000\000\000\000\000\000\000\000\000\000\000\000\000\000\000\000\000\000\000\000\000\000\000\000\000\000\000\001""; queryType: qtINDIRECT; queryDepth: 1; "
1750587311517,1750587311517,0,1,3,2,TMLedgerData,"ledgerHash: ""?Z\326\257)\2439\250\272\002\370\360\022\220W 062/8s4\204\363\253&I\000m\335\025""; ledgerSeq: 16; type: liBASE; nodes {;   nodedata: ""\000\000\000\020\001cEx]\211\377\330\345X\002=\033c\255\253\226\014-o\364!\262f\370\222\250\377\220&p\343\245\3604Op\353\317\305\000\000\000\000\000\000\000\000\000\000\000\000\000\000\000\000\000\000\000\000\000\000\000\000\000\000\000\000\000\000\000\000QW\031H\002\363\351\237\006\237\242\200\204\207\370S\272\271\261\004\247\233\335\307\226\326O\036\036\353)\005/\352\224./\352\224/\n\000""; }; nodes {;   nodedata: ""h\315\350\215y\203\242]\371\235\232Pt&\325\210eZ\346\237XZ \277\2457n\221\336\253\245\317\002\304\206+8\t]\351\316\373|\311\263V\300\023\035\211\237\260\300\r\033u3a1\203\303\365\307k\347\006E\344\037@\210\363\010\336T\226\247'\204_{\261\370""1\235\2445\343\033Y!\212\201\341\272\225'\007*$\244&\336\343'\233i\332\374\245 {^\306-N\333\gE\006\347\212\331C\211Z\177\247\031\n1J\005\356\020\023uD3\267,z\214#zH\020\360\343:&z\r<\352\277a7D\225\204\254\013\202_n)6q\357\2538_-\302\252B\204v\277\254\373\3322Ca\020\243\0105\263\257\367\032\254\016\003""; }; ","ledgerHash: ""?Z\326\257)\2439\250\272\002\370\360\022\220W 062/8s4\204\363\253&I\000m\335\025""; ledgerSeq: 16; type: liBASE; nodes {;   nodedata: ""\000\000\000\020\001cEx]\211\377\330\345X\002=\033c\255\253\226\014-o\364!\262f\370\222\250\377\220&p\343\245\3604Op\353\317\305\000\000\000\000\000\000\000\000\000\000\000\000\000\000\000\000\000\000\000\000\000\000\000\000\000\000\000\000\000\000\000\000QW\031H\002\363\351\237\006\237\242\200\204\207\370S\272\271\261\004\247\233\335\307\226\326O\036\036\353)\005/\352\224./\352\224/\n\000""; }; nodes {;   nodedata: ""h\315\350\215y\203\242]\371\235\232Pt&\325\210eZ\346\237XZ \277\2457n\221\336\253\245\317\002\304\206+8\t]\351\316\373|\311\263V\300\023\035\211\237\260\300\r\033u3a1\203\303\365\307k\347\006E\344\037@\210\363\010\336T\226\247'\204_{\261\370""1\235\2445\343\033Y!\212\201\341\272\225'\007*$\244&\336\343'\233i\332\374\245 {^\306-N\333\gE\006\347\212\331C\211Z\177\247\031\n1J\005\356\020\023uD3\267,z\214#zH\020\360\343:&z\r<\352\277a7D\225\204\254\013\202_n)6q\357\2538_-\302\252B\204v\277\254\373\3322Ca\020\243\0105\263\257\367\032\254\016\003""; }; "
1750587311517,1750587311517,0,1,2,1,TMGetLedger,"itype: liBASE; ledgerHash: ""?Z\326\257)\2439\250\272\002\370\360\022\220W 062/8s4\204\363\253&I\000m\335\025""; requestCookie: 2; queryType: qtINDIRECT; ","itype: liBASE; ledgerHash: ""?Z\326\257)\2439\250\272\002\370\360\022\220W 062/8s4\204\363\253&I\000m\335\025""; requestCookie: 2; queryType: qtINDIRECT; "
1750587311518,1750587311518,0,1,2,1,TMGetLedger,"itype: liAS_NODE; ledgerHash: ""?Z\326\257)\2439\250\272\002\370\360\022\220W 062/8s4\204\363\253&I\000m\335\025""; ledgerSeq: 16; nodeIDs: ""\260\000\000\000\000\000\000\000\000\000\000\000\000\000\000\000\000\000\000\000\000\000\000\000\000\000\000\000\000\000\000\000\001""; queryType: qtINDIRECT; queryDepth: 1; ","itype: liAS_NODE; ledgerHash: ""?Z\326\257)\2439\250\272\002\370\360\022\220W 062/8s4\204\363\253&I\000m\335\025""; ledgerSeq: 16; nodeIDs: ""\260\000\000\000\000\000\000\000\000\000\000\000\000\000\000\000\000\000\000\000\000\000\000\000\000\000\000\000\000\000\000\000\001""; queryType: qtINDIRECT; queryDepth: 1; "
1750587311519,1750587311519,0,1,2,3,TMLedgerData,"ledgerHash: ""?Z\326\257)\2439\250\272\002\370\360\022\220W 062/8s4\204\363\253&I\000m\335\025""; ledgerSeq: 16; type: liBASE; nodes {;   nodedata: ""\000\000\000\020\001cEx]\211\377\330\345X\002=\033c\255\253\226\014-o\364!\262f\370\222\250\377\220&p\343\245\3604Op\353\317\305\000\000\000\000\000\000\000\000\000\000\000\000\000\000\000\000\000\000\000\000\000\000\000\000\000\000\000\000\000\000\000\000QW\031H\002\363\351\237\006\237\242\200\204\207\370S\272\271\261\004\247\233\335\307\226\326O\036\036\353)\005/\352\224./\352\224/\n\000""; }; nodes {;   nodedata: ""h\315\350\215y\203\242]\371\235\232Pt&\325\210eZ\346\237XZ \277\2457n\221\336\253\245\317\002\304\206+8\t]\351\316\373|\311\263V\300\023\035\211\237\260\300\r\033u3a1\203\303\365\307k\347\006E\344\037@\210\363\010\336T\226\247'\204_{\261\370""1\235\2445\343\033Y!\212\201\341\272\225'\007*$\244&\336\343'\233i\332\374\245 {^\306-N\333\gE\006\347\212\331C\211Z\177\247\031\n1J\005\356\020\023uD3\267,z\214#zH\020\360\343:&z\r<\352\277a7D\225\204\254\013\202_n)6q\357\2538_-\302\252B\204v\277\254\373\3322Ca\020\243\0105\263\257\367\032\254\016\003""; }; ","ledgerHash: ""?Z\326\257)\2439\250\272\002\370\360\022\220W 062/8s4\204\363\253&I\000m\335\025""; ledgerSeq: 16; type: liBASE; nodes {;   nodedata: ""\000\000\000\020\001cEx]\211\377\330\345X\002=\033c\255\253\226\014-o\364!\262f\370\222\250\377\220&p\343\245\3604Op\353\317\305\000\000\000\000\000\000\000\000\000\000\000\000\000\000\000\000\000\000\000\000\000\000\000\000\000\000\000\000\000\000\000\000QW\031H\002\363\351\237\006\237\242\200\204\207\370S\272\271\261\004\247\233\335\307\226\326O\036\036\353)\005/\352\224./\352\224/\n\000""; }; nodes {;   nodedata: ""h\315\350\215y\203\242]\371\235\232Pt&\325\210eZ\346\237XZ \277\2457n\221\336\253\245\317\002\304\206+8\t]\351\316\373|\311\263V\300\023\035\211\237\260\300\r\033u3a1\203\303\365\307k\347\006E\344\037@\210\363\010\336T\226\247'\204_{\261\370""1\235\2445\343\033Y!\212\201\341\272\225'\007*$\244&\336\343'\233i\332\374\245 {^\306-N\333\gE\006\347\212\331C\211Z\177\247\031\n1J\005\356\020\023uD3\267,z\214#zH\020\360\343:&z\r<\352\277a7D\225\204\254\013\202_n)6q\357\2538_-\302\252B\204v\277\254\373\3322Ca\020\243\0105\263\257\367\032\254\016\003""; }; "
1750587311519,1750587311519,0,1,2,4,TMLedgerData,"ledgerHash: ""?Z\326\257)\2439\250\272\002\370\360\022\220W 062/8s4\204\363\253&I\000m\335\025""; ledgerSeq: 16; type: liBASE; nodes {;   nodedata: ""\000\000\000\020\001cEx]\211\377\330\345X\002=\033c\255\253\226\014-o\364!\262f\370\222\250\377\220&p\343\245\3604Op\353\317\305\000\000\000\000\000\000\000\000\000\000\000\000\000\000\000\000\000\000\000\000\000\000\000\000\000\000\000\000\000\000\000\000QW\031H\002\363\351\237\006\237\242\200\204\207\370S\272\271\261\004\247\233\335\307\226\326O\036\036\353)\005/\352\224./\352\224/\n\000""; }; nodes {;   nodedata: ""h\315\350\215y\203\242]\371\235\232Pt&\325\210eZ\346\237XZ \277\2457n\221\336\253\245\317\002\304\206+8\t]\351\316\373|\311\263V\300\023\035\211\237\260\300\r\033u3a1\203\303\365\307k\347\006E\344\037@\210\363\010\336T\226\247'\204_{\261\370""1\235\2445\343\033Y!\212\201\341\272\225'\007*$\244&\336\343'\233i\332\374\245 {^\306-N\333\gE\006\347\212\331C\211Z\177\247\031\n1J\005\356\020\023uD3\267,z\214#zH\020\360\343:&z\r<\352\277a7D\225\204\254\013\202_n)6q\357\2538_-\302\252B\204v\277\254\373\3322Ca\020\243\0105\263\257\367\032\254\016\003""; }; ","ledgerHash: ""?Z\326\257)\2439\250\272\002\370\360\022\220W 062/8s4\204\363\253&I\000m\335\025""; ledgerSeq: 16; type: liBASE; nodes {;   nodedata: ""\000\000\000\020\001cEx]\211\377\330\345X\002=\033c\255\253\226\014-o\364!\262f\370\222\250\377\220&p\343\245\3604Op\353\317\305\000\000\000\000\000\000\000\000\000\000\000\000\000\000\000\000\000\000\000\000\000\000\000\000\000\000\000\000\000\000\000\000QW\031H\002\363\351\237\006\237\242\200\204\207\370S\272\271\261\004\247\233\335\307\226\326O\036\036\353)\005/\352\224./\352\224/\n\000""; }; nodes {;   nodedata: ""h\315\350\215y\203\242]\371\235\232Pt&\325\210eZ\346\237XZ \277\2457n\221\336\253\245\317\002\304\206+8\t]\351\316\373|\311\263V\300\023\035\211\237\260\300\r\033u3a1\203\303\365\307k\347\006E\344\037@\210\363\010\336T\226\247'\204_{\261\370""1\235\2445\343\033Y!\212\201\341\272\225'\007*$\244&\336\343'\233i\332\374\245 {^\306-N\333\gE\006\347\212\331C\211Z\177\247\031\n1J\005\356\020\023uD3\267,z\214#zH\020\360\343:&z\r<\352\277a7D\225\204\254\013\202_n)6q\357\2538_-\302\252B\204v\277\254\373\3322Ca\020\243\0105\263\257\367\032\254\016\003""; }; "
1750587311520,1750587311520,0,1,0,1,TMGetLedger,"itype: liAS_NODE; ledgerHash: ""?Z\326\257)\2439\250\272\002\370\360\022\220W 062/8s4\204\363\253&I\000m\335\025""; ledgerSeq: 16; nodeIDs: ""\260\000\000\000\000\000\000\000\000\000\000\000\000\000\000\000\000\000\000\000\000\000\000\000\000\000\000\000\000\000\000\000\001""; queryType: qtINDIRECT; queryDepth: 1; ","itype: liAS_NODE; ledgerHash: ""?Z\326\257)\2439\250\272\002\370\360\022\220W 062/8s4\204\363\253&I\000m\335\025""; ledgerSeq: 16; nodeIDs: ""\260\000\000\000\000\000\000\000\000\000\000\000\000\000\000\000\000\000\000\000\000\000\000\000\000\000\000\000\000\000\000\000\001""; queryType: qtINDIRECT; queryDepth: 1; "
1750587311521,1750587311521,0,1,0,4,TMLedgerData,"ledgerHash: ""?Z\326\257)\2439\250\272\002\370\360\022\220W 062/8s4\204\363\253&I\000m\335\025""; ledgerSeq: 16; type: liBASE; nodes {;   nodedata: ""\000\000\000\020\001cEx]\211\377\330\345X\002=\033c\255\253\226\014-o\364!\262f\370\222\250\377\220&p\343\245\3604Op\353\317\305\000\000\000\000\000\000\000\000\000\000\000\000\000\000\000\000\000\000\000\000\000\000\000\000\000\000\000\000\000\000\000\000QW\031H\002\363\351\237\006\237\242\200\204\207\370S\272\271\261\004\247\233\335\307\226\326O\036\036\353)\005/\352\224./\352\224/\n\000""; }; nodes {;   nodedata: ""h\315\350\215y\203\242]\371\235\232Pt&\325\210eZ\346\237XZ \277\2457n\221\336\253\245\317\002\304\206+8\t]\351\316\373|\311\263V\300\023\035\211\237\260\300\r\033u3a1\203\303\365\307k\347\006E\344\037@\210\363\010\336T\226\247'\204_{\261\370""1\235\2445\343\033Y!\212\201\341\272\225'\007*$\244&\336\343'\233i\332\374\245 {^\306-N\333\gE\006\347\212\331C\211Z\177\247\031\n1J\005\356\020\023uD3\267,z\214#zH\020\360\343:&z\r<\352\277a7D\225\204\254\013\202_n)6q\357\2538_-\302\252B\204v\277\254\373\3322Ca\020\243\0105\263\257\367\032\254\016\003""; }; ","ledgerHash: ""?Z\326\257)\2439\250\272\002\370\360\022\220W 062/8s4\204\363\253&I\000m\335\025""; ledgerSeq: 16; type: liBASE; nodes {;   nodedata: ""\000\000\000\020\001cEx]\211\377\330\345X\002=\033c\255\253\226\014-o\364!\262f\370\222\250\377\220&p\343\245\3604Op\353\317\305\000\000\000\000\000\000\000\000\000\000\000\000\000\000\000\000\000\000\000\000\000\000\000\000\000\000\000\000\000\000\000\000QW\031H\002\363\351\237\006\237\242\200\204\207\370S\272\271\261\004\247\233\335\307\226\326O\036\036\353)\005/\352\224./\352\224/\n\000""; }; nodes {;   nodedata: ""h\315\350\215y\203\242]\371\235\232Pt&\325\210eZ\346\237XZ \277\2457n\221\336\253\245\317\002\304\206+8\t]\351\316\373|\311\263V\300\023\035\211\237\260\300\r\033u3a1\203\303\365\307k\347\006E\344\037@\210\363\010\336T\226\247'\204_{\261\370""1\235\2445\343\033Y!\212\201\341\272\225'\007*$\244&\336\343'\233i\332\374\245 {^\306-N\333\gE\006\347\212\331C\211Z\177\247\031\n1J\005\356\020\023uD3\267,z\214#zH\020\360\343:&z\r<\352\277a7D\225\204\254\013\202_n)6q\357\2538_-\302\252B\204v\277\254\373\3322Ca\020\243\0105\263\257\367\032\254\016\003""; }; "
1750587311522,1750587311522,0,1,0,2,TMLedgerData,"ledgerHash: ""?Z\326\257)\2439\250\272\002\370\360\022\220W 062/8s4\204\363\253&I\000m\335\025""; ledgerSeq: 16; type: liBASE; nodes {;   nodedata: ""\000\000\000\020\001cEx]\211\377\330\345X\002=\033c\255\253\226\014-o\364!\262f\370\222\250\377\220&p\343\245\3604Op\353\317\305\000\000\000\000\000\000\000\000\000\000\000\000\000\000\000\000\000\000\000\000\000\000\000\000\000\000\000\000\000\000\000\000QW\031H\002\363\351\237\006\237\242\200\204\207\370S\272\271\261\004\247\233\335\307\226\326O\036\036\353)\005/\352\224./\352\224/\n\000""; }; nodes {;   nodedata: ""h\315\350\215y\203\242]\371\235\232Pt&\325\210eZ\346\237XZ \277\2457n\221\336\253\245\317\002\304\206+8\t]\351\316\373|\311\263V\300\023\035\211\237\260\300\r\033u3a1\203\303\365\307k\347\006E\344\037@\210\363\010\336T\226\247'\204_{\261\370""1\235\2445\343\033Y!\212\201\341\272\225'\007*$\244&\336\343'\233i\332\374\245 {^\306-N\333\gE\006\347\212\331C\211Z\177\247\031\n1J\005\356\020\023uD3\267,z\214#zH\020\360\343:&z\r<\352\277a7D\225\204\254\013\202_n)6q\357\2538_-\302\252B\204v\277\254\373\3322Ca\020\243\0105\263\257\367\032\254\016\003""; }; ","ledgerHash: ""?Z\326\257)\2439\250\272\002\370\360\022\220W 062/8s4\204\363\253&I\000m\335\025""; ledgerSeq: 16; type: liBASE; nodes {;   nodedata: ""\000\000\000\020\001cEx]\211\377\330\345X\002=\033c\255\253\226\014-o\364!\262f\370\222\250\377\220&p\343\245\3604Op\353\317\305\000\000\000\000\000\000\000\000\000\000\000\000\000\000\000\000\000\000\000\000\000\000\000\000\000\000\000\000\000\000\000\000QW\031H\002\363\351\237\006\237\242\200\204\207\370S\272\271\261\004\247\233\335\307\226\326O\036\036\353)\005/\352\224./\352\224/\n\000""; }; nodes {;   nodedata: ""h\315\350\215y\203\242]\371\235\232Pt&\325\210eZ\346\237XZ \277\2457n\221\336\253\245\317\002\304\206+8\t]\351\316\373|\311\263V\300\023\035\211\237\260\300\r\033u3a1\203\303\365\307k\347\006E\344\037@\210\363\010\336T\226\247'\204_{\261\370""1\235\2445\343\033Y!\212\201\341\272\225'\007*$\244&\336\343'\233i\332\374\245 {^\306-N\333\gE\006\347\212\331C\211Z\177\247\031\n1J\005\356\020\023uD3\267,z\214#zH\020\360\343:&z\r<\352\277a7D\225\204\254\013\202_n)6q\357\2538_-\302\252B\204v\277\254\373\3322Ca\020\243\0105\263\257\367\032\254\016\003""; }; "
1750587311522,1750587311523,0,1,0,3,TMLedgerData,"ledgerHash: ""?Z\326\257)\2439\250\272\002\370\360\022\220W 062/8s4\204\363\253&I\000m\335\025""; ledgerSeq: 16; type: liBASE; nodes {;   nodedata: ""\000\000\000\020\001cEx]\211\377\330\345X\002=\033c\255\253\226\014-o\364!\262f\370\222\250\377\220&p\343\245\3604Op\353\317\305\000\000\000\000\000\000\000\000\000\000\000\000\000\000\000\000\000\000\000\000\000\000\000\000\000\000\000\000\000\000\000\000QW\031H\002\363\351\237\006\237\242\200\204\207\370S\272\271\261\004\247\233\335\307\226\326O\036\036\353)\005/\352\224./\352\224/\n\000""; }; nodes {;   nodedata: ""h\315\350\215y\203\242]\371\235\232Pt&\325\210eZ\346\237XZ \277\2457n\221\336\253\245\317\002\304\206+8\t]\351\316\373|\311\263V\300\023\035\211\237\260\300\r\033u3a1\203\303\365\307k\347\006E\344\037@\210\363\010\336T\226\247'\204_{\261\370""1\235\2445\343\033Y!\212\201\341\272\225'\007*$\244&\336\343'\233i\332\374\245 {^\306-N\333\gE\006\347\212\331C\211Z\177\247\031\n1J\005\356\020\023uD3\267,z\214#zH\020\360\343:&z\r<\352\277a7D\225\204\254\013\202_n)6q\357\2538_-\302\252B\204v\277\254\373\3322Ca\020\243\0105\263\257\367\032\254\016\003""; }; ","ledgerHash: ""?Z\326\257)\2439\250\272\002\370\360\022\220W 062/8s4\204\363\253&I\000m\335\025""; ledgerSeq: 16; type: liBASE; nodes {;   nodedata: ""\000\000\000\020\001cEx]\211\377\330\345X\002=\033c\255\253\226\014-o\364!\262f\370\222\250\377\220&p\343\245\3604Op\353\317\305\000\000\000\000\000\000\000\000\000\000\000\000\000\000\000\000\000\000\000\000\000\000\000\000\000\000\000\000\000\000\000\000QW\031H\002\363\351\237\006\237\242\200\204\207\370S\272\271\261\004\247\233\335\307\226\326O\036\036\353)\005/\352\224./\352\224/\n\000""; }; nodes {;   nodedata: ""h\315\350\215y\203\242]\371\235\232Pt&\325\210eZ\346\237XZ \277\2457n\221\336\253\245\317\002\304\206+8\t]\351\316\373|\311\263V\300\023\035\211\237\260\300\r\033u3a1\203\303\365\307k\347\006E\344\037@\210\363\010\336T\226\247'\204_{\261\370""1\235\2445\343\033Y!\212\201\341\272\225'\007*$\244&\336\343'\233i\332\374\245 {^\306-N\333\gE\006\347\212\331C\211Z\177\247\031\n1J\005\356\020\023uD3\267,z\214#zH\020\360\343:&z\r<\352\277a7D\225\204\254\013\202_n)6q\357\2538_-\302\252B\204v\277\254\373\3322Ca\020\243\0105\263\257\367\032\254\016\003""; }; "
1750587311523,1750587311523,0,1,1,3,TMLedgerData,"ledgerHash: ""?Z\326\257)\2439\250\272\002\370\360\022\220W 062/8s4\204\363\253&I\000m\335\025""; ledgerSeq: 16; type: liBASE; nodes {;   nodedata: ""\000\000\000\020\001cEx]\211\377\330\345X\002=\033c\255\253\226\014-o\364!\262f\370\222\250\377\220&p\343\245\3604Op\353\317\305\000\000\000\000\000\000\000\000\000\000\000\000\000\000\000\000\000\000\000\000\000\000\000\000\000\000\000\000\000\000\000\000QW\031H\002\363\351\237\006\237\242\200\204\207\370S\272\271\261\004\247\233\335\307\226\326O\036\036\353)\005/\352\224./\352\224/\n\000""; }; nodes {;   nodedata: ""h\315\350\215y\203\242]\371\235\232Pt&\325\210eZ\346\237XZ \277\2457n\221\336\253\245\317\002\304\206+8\t]\351\316\373|\311\263V\300\023\035\211\237\260\300\r\033u3a1\203\303\365\307k\347\006E\344\037@\210\363\010\336T\226\247'\204_{\261\370""1\235\2445\343\033Y!\212\201\341\272\225'\007*$\244&\336\343'\233i\332\374\245 {^\306-N\333\gE\006\347\212\331C\211Z\177\247\031\n1J\005\356\020\023uD3\267,z\214#zH\020\360\343:&z\r<\352\277a7D\225\204\254\013\202_n)6q\357\2538_-\302\252B\204v\277\254\373\3322Ca\020\243\0105\263\257\367\032\254\016\003""; }; requestCookie: 5; ","ledgerHash: ""?Z\326\257)\2439\250\272\002\370\360\022\220W 062/8s4\204\363\253&I\000m\335\025""; ledgerSeq: 16; type: liBASE; nodes {;   nodedata: ""\000\000\000\020\001cEx]\211\377\330\345X\002=\033c\255\253\226\014-o\364!\262f\370\222\250\377\220&p\343\245\3604Op\353\317\305\000\000\000\000\000\000\000\000\000\000\000\000\000\000\000\000\000\000\000\000\000\000\000\000\000\000\000\000\000\000\000\000QW\031H\002\363\351\237\006\237\242\200\204\207\370S\272\271\261\004\247\233\335\307\226\326O\036\036\353)\005/\352\224./\352\224/\n\000""; }; nodes {;   nodedata: ""h\315\350\215y\203\242]\371\235\232Pt&\325\210eZ\346\237XZ \277\2457n\221\336\253\245\317\002\304\206+8\t]\351\316\373|\311\263V\300\023\035\211\237\260\300\r\033u3a1\203\303\365\307k\347\006E\344\037@\210\363\010\336T\226\247'\204_{\261\370""1\235\2445\343\033Y!\212\201\341\272\225'\007*$\244&\336\343'\233i\332\374\245 {^\306-N\333\gE\006\347\212\331C\211Z\177\247\031\n1J\005\356\020\023uD3\267,z\214#zH\020\360\343:&z\r<\352\277a7D\225\204\254\013\202_n)6q\357\2538_-\302\252B\204v\277\254\373\3322Ca\020\243\0105\263\257\367\032\254\016\003""; }; requestCookie: 5; "
1750587311524,1750587311524,0,1,1,3,TMLedgerData,"ledgerHash: ""?Z\326\257)\2439\250\272\002\370\360\022\220W 062/8s4\204\363\253&I\000m\335\025""; ledgerSeq: 16; type: liBASE; nodes {;   nodedata: ""\000\000\000\020\001cEx]\211\377\330\345X\002=\033c\255\253\226\014-o\364!\262f\370\222\250\377\220&p\343\245\3604Op\353\317\305\000\000\000\000\000\000\000\000\000\000\000\000\000\000\000\000\000\000\000\000\000\000\000\000\000\000\000\000\000\000\000\000QW\031H\002\363\351\237\006\237\242\200\204\207\370S\272\271\261\004\247\233\335\307\226\326O\036\036\353)\005/\352\224./\352\224/\n\000""; }; nodes {;   nodedata: ""h\315\350\215y\203\242]\371\235\232Pt&\325\210eZ\346\237XZ \277\2457n\221\336\253\245\317\002\304\206+8\t]\351\316\373|\311\263V\300\023\035\211\237\260\300\r\033u3a1\203\303\365\307k\347\006E\344\037@\210\363\010\336T\226\247'\204_{\261\370""1\235\2445\343\033Y!\212\201\341\272\225'\007*$\244&\336\343'\233i\332\374\245 {^\306-N\333\gE\006\347\212\331C\211Z\177\247\031\n1J\005\356\020\023uD3\267,z\214#zH\020\360\343:&z\r<\352\277a7D\225\204\254\013\202_n)6q\357\2538_-\302\252B\204v\277\254\373\3322Ca\020\243\0105\263\257\367\032\254\016\003""; }; requestCookie: 2; ","ledgerHash: ""?Z\326\257)\2439\250\272\002\370\360\022\220W 062/8s4\204\363\253&I\000m\335\025""; ledgerSeq: 16; type: liBASE; nodes {;   nodedata: ""\000\000\000\020\001cEx]\211\377\330\345X\002=\033c\255\253\226\014-o\364!\262f\370\222\250\377\220&p\343\245\3604Op\353\317\305\000\000\000\000\000\000\000\000\000\000\000\000\000\000\000\000\000\000\000\000\000\000\000\000\000\000\000\000\000\000\000\000QW\031H\002\363\351\237\006\237\242\200\204\207\370S\272\271\261\004\247\233\335\307\226\326O\036\036\353)\005/\352\224./\352\224/\n\000""; }; nodes {;   nodedata: ""h\315\350\215y\203\242]\371\235\232Pt&\325\210eZ\346\237XZ \277\2457n\221\336\253\245\317\002\304\206+8\t]\351\316\373|\311\263V\300\023\035\211\237\260\300\r\033u3a1\203\303\365\307k\347\006E\344\037@\210\363\010\336T\226\247'\204_{\261\370""1\235\2445\343\033Y!\212\201\341\272\225'\007*$\244&\336\343'\233i\332\374\245 {^\306-N\333\gE\006\347\212\331C\211Z\177\247\031\n1J\005\356\020\023uD3\267,z\214#zH\020\360\343:&z\r<\352\277a7D\225\204\254\013\202_n)6q\357\2538_-\302\252B\204v\277\254\373\3322Ca\020\243\0105\263\257\367\032\254\016\003""; }; requestCookie: 2; "
1750587311525,1750587311525,0,1,1,2,TMLedgerData,"ledgerHash: ""?Z\326\257)\2439\250\272\002\370\360\022\220W 062/8s4\204\363\253&I\000m\335\025""; ledgerSeq: 16; type: liBASE; nodes {;   nodedata: ""\000\000\000\020\001cEx]\211\377\330\345X\002=\033c\255\253\226\014-o\364!\262f\370\222\250\377\220&p\343\245\3604Op\353\317\305\000\000\000\000\000\000\000\000\000\000\000\000\000\000\000\000\000\000\000\000\000\000\000\000\000\000\000\000\000\000\000\000QW\031H\002\363\351\237\006\237\242\200\204\207\370S\272\271\261\004\247\233\335\307\226\326O\036\036\353)\005/\352\224./\352\224/\n\000""; }; nodes {;   nodedata: ""h\315\350\215y\203\242]\371\235\232Pt&\325\210eZ\346\237XZ \277\2457n\221\336\253\245\317\002\304\206+8\t]\351\316\373|\311\263V\300\023\035\211\237\260\300\r\033u3a1\203\303\365\307k\347\006E\344\037@\210\363\010\336T\226\247'\204_{\261\370""1\235\2445\343\033Y!\212\201\341\272\225'\007*$\244&\336\343'\233i\332\374\245 {^\306-N\333\gE\006\347\212\331C\211Z\177\247\031\n1J\005\356\020\023uD3\267,z\214#zH\020\360\343:&z\r<\352\277a7D\225\204\254\013\202_n)6q\357\2538_-\302\252B\204v\277\254\373\3322Ca\020\243\0105\263\257\367\032\254\016\003""; }; requestCookie: 2; ","ledgerHash: ""?Z\326\257)\2439\250\272\002\370\360\022\220W 062/8s4\204\363\253&I\000m\335\025""; ledgerSeq: 16; type: liBASE; nodes {;   nodedata: ""\000\000\000\020\001cEx]\211\377\330\345X\002=\033c\255\253\226\014-o\364!\262f\370\222\250\377\220&p\343\245\3604Op\353\317\305\000\000\000\000\000\000\000\000\000\000\000\000\000\000\000\000\000\000\000\000\000\000\000\000\000\000\000\000\000\000\000\000QW\031H\002\363\351\237\006\237\242\200\204\207\370S\272\271\261\004\247\233\335\307\226\326O\036\036\353)\005/\352\224./\352\224/\n\000""; }; nodes {;   nodedata: ""h\315\350\215y\203\242]\371\235\232Pt&\325\210eZ\346\237XZ \277\2457n\221\336\253\245\317\002\304\206+8\t]\351\316\373|\311\263V\300\023\035\211\237\260\300\r\033u3a1\203\303\365\307k\347\006E\344\037@\210\363\010\336T\226\247'\204_{\261\370""1\235\2445\343\033Y!\212\201\341\272\225'\007*$\244&\336\343'\233i\332\374\245 {^\306-N\333\gE\006\347\212\331C\211Z\177\247\031\n1J\005\356\020\023uD3\267,z\214#zH\020\360\343:&z\r<\352\277a7D\225\204\254\013\202_n)6q\357\2538_-\302\252B\204v\277\254\373\3322Ca\020\243\0105\263\257\367\032\254\016\003""; }; requestCookie: 2; "
1750587311526,1750587311526,0,1,1,2,TMLedgerData,"ledgerHash: ""?Z\326\257)\2439\250\272\002\370\360\022\220W 062/8s4\204\363\253&I\000m\335\025""; ledgerSeq: 16; type: liAS_NODE; nodes {;   nodedata: ""\021\000h""\000\000\000\000 \033\000\000\000\017\002\023\302?\330\356GuH\375\327!\255\371\r\231\262R\256J\034\222\241\355X\265E\241^W\225\304\014\361CX-}\351f\032\255\274\334m\326c\017\014ao[\342\230\003\245\245\3341Hm\326^\017jy\335\261\214.\207\210%\003 \010ML\347\200R\304&\320_\215\226\344\334\033\354\2002\255\216\332\317\255\034\017T\270\242(,&\233\326\374o\306[\235\317>\021e\005s\261\371l\216\017\003\032\017J\217\244W<\241'\332/+\360Bx\036+\210j\237K%\340]\246E\2434\264K\036\030qP\317\315\336\325\007\372\373$P*|\321\342\002\026\n\3215\340\3203\200x\327D\301]5\237\247Yz\3711!L\214\221=\252\002\267\225zg\264\253\271T\346ji\003\235\236Pis\264\375\222|H\344\261g?[g\311\347s\234ae\204\263\365U\334\372D\354\345\276\201f\035\271%#\375\245\314.""\373\330&\3746\354@[\274\202\021\202\373Vi\243\n\325\250\005e\360""m\346'\311@\343\016$L\346\334\360<w\317\351\2337\023\262\336W\254\222\315\335\317oP\221\031g\037\220\357Ft\030n\306\370\n\354\226\365\346\276\322i\233\014\037\027Z\351\022\216@=S\205\334\033\374\234n\r\270\210]\013\203\356\024\366\354\260\007L\324\236aQ\361\020X\372\353 3\347\310*\253\021gT!>\003\325\254,\003\367\204\031\331\255\240\304J\342j\272\270\274\360\307\356\347\200Ywm#\014\233\301\022L\232T\033N\341\232\325\233\227\313\307\302\001\313@D\264\016\334\r\034\035\\276\225\314|\234S*r\007\370x>\305D*\007b\276v\316D!=\355\210\037\325\034/l\242\365\034!w\324\362\3252-\025\351\314\2334,\306Dd\037v\256\345X\002=\033c\255\253\226\014-o\364!\262f\370\222\250\377\220&p\343\245\3604Op\353\317\305\264\227\2326\315\307\363\323\325\303\032N\256*\307\327 \235\332\207u\210\271\257\306g\231i*\260\326k\001"";   nodeid: ""\260\000\000\000\000\000\000\000\000\000\000\000\000\000\000\000\000\000\000\000\000\000\000\000\000\000\000\000\000\000\000\000\001""; }; ","ledgerHash: ""?Z\326\257)\2439\250\272\002\370\360\022\220W 062/8s4\204\363\253&I\000m\335\025""; ledgerSeq: 16; type: liAS_NODE; nodes {;   nodedata: ""\021\000h""\000\000\000\000 \033\000\000\000\017\002\023\302?\330\356GuH\375\327!\255\371\r\231\262R\256J\034\222\241\355X\265E\241^W\225\304\014\361CX-}\351f\032\255\274\334m\326c\017\014ao[\342\230\003\245\245\3341Hm\326^\017jy\335\261\214.\207\210%\003 \010ML\347\200R\304&\320_\215\226\344\334\033\354\2002\255\216\332\317\255\034\017T\270\242(,&\233\326\374o\306[\235\317>\021e\005s\261\371l\216\017\003\032\017J\217\244W<\241'\332/+\360Bx\036+\210j\237K%\340]\246E\2434\264K\036\030qP\317\315\336\325\007\372\373$P*|\321\342\002\026\n\3215\340\3203\200x\327D\301]5\237\247Yz\3711!L\214\221=\252\002\267\225zg\264\253\271T\346ji\003\235\236Pis\264\375\222|H\344\261g?[g\311\347s\234ae\204\263\365U\334\372D\354\345\276\201f\035\271%#\375\245\314.""\373\330&\3746\354@[\274\202\021\202\373Vi\243\n\325\250\005e\360""m\346'\311@\343\016$L\346\334\360<w\317\351\2337\023\262\336W\254\222\315\335\317oP\221\031g\037\220\357Ft\030n\306\370\n\354\226\365\346\276\322i\233\014\037\027Z\351\022\216@=S\205\334\033\374\234n\r\270\210]\013\203\356\024\366\354\260\007L\324\236aQ\361\020X\372\353 3\347\310*\253\021gT!>\003\325\254,\003\367\204\031\331\255\240\304J\342j\272\270\274\360\307\356\347\200Ywm#\014\233\301\022L\232T\033N\341\232\325\233\227\313\307\302\001\313@D\264\016\334\r\034\035\\276\225\314|\234S*r\007\370x>\305D*\007b\276v\316D!=\355\210\037\325\034/l\242\365\034!w\324\362\3252-\025\351\314\2334,\306Dd\037v\256\345X\002=\033c\255\253\226\014-o\364!\262f\370\222\250\377\220&p\343\245\3604Op\353\317\305\264\227\2326\315\307\363\323\325\303\032N\256*\307\327 \235\332\207u\210\271\257\306g\231i*\260\326k\001"";   nodeid: ""\260\000\000\000\000\000\000\000\000\000\000\000\000\000\000\000\000\000\000\000\000\000\000\000\000\000\000\000\000\000\000\000\001""; }; "
1750587311527,1750587311528,0,1,1,0,TMLedgerData,"ledgerHash: ""?Z\326\257)\2439\250\272\002\370\360\022\220W 062/8s4\204\363\253&I\000m\335\025""; ledgerSeq: 16; type: liAS_NODE; nodes {;   nodedata: ""\021\000h""\000\000\000\000 \033\000\000\000\017\002\023\302?\330\356GuH\375\327!\255\371\r\231\262R\256J\034\222\241\355X\265E\241^W\225\304\014\361CX-}\351f\032\255\274\334m\326c\017\014ao[\342\230\003\245\245\3341Hm\326^\017jy\335\261\214.\207\210%\003 \010ML\347\200R\304&\320_\215\226\344\334\033\354\2002\255\216\332\317\255\034\017T\270\242(,&\233\326\374o\306[\235\317>\021e\005s\261\371l\216\017\003\032\017J\217\244W<\241'\332/+\360Bx\036+\210j\237K%\340]\246E\2434\264K\036\030qP\317\315\336\325\007\372\373$P*|\321\342\002\026\n\3215\340\3203\200x\327D\301]5\237\247Yz\3711!L\214\221=\252\002\267\225zg\264\253\271T\346ji\003\235\236Pis\264\375\222|H\344\261g?[g\311\347s\234ae\204\263\365U\334\372D\354\345\276\201f\035\271%#\375\245\314.""\373\330&\3746\354@[\274\202\021\202\373Vi\243\n\325\250\005e\360""m\346'\311@\343\016$L\346\334\360<w\317\351\2337\023\262\336W\254\222\315\335\317oP\221\031g\037\220\357Ft\030n\306\370\n\354\226\365\346\276\322i\233\014\037\027Z\351\022\216@=S\205\334\033\374\234n\r\270\210]\013\203\356\024\366\354\260\007L\324\236aQ\361\020X\372\353 3\347\310*\253\021gT!>\003\325\254,\003\367\204\031\331\255\240\304J\342j\272\270\274\360\307\356\347\200Ywm#\014\233\301\022L\232T\033N\341\232\325\233\227\313\307\302\001\313@D\264\016\334\r\034\035\\276\225\314|\234S*r\007\370x>\305D*\007b\276v\316D!=\355\210\037\325\034/l\242\365\034!w\324\362\3252-\025\351\314\2334,\306Dd\037v\256\345X\002=\033c\255\253\226\014-o\364!\262f\370\222\250\377\220&p\343\245\3604Op\353\317\305\264\227\2326\315\307\363\323\325\303\032N\256*\307\327 \235\332\207u\210\271\257\306g\231i*\260\326k\001"";   nodeid: ""\260\000\000\000\000\000\000\000\000\000\000\000\000\000\000\000\000\000\000\000\000\000\000\000\000\000\000\000\000\000\000\000\001""; }; ","ledgerHash: ""?Z\326\257)\2439\250\272\002\370\360\022\220W 062/8s4\204\363\253&I\000m\335\025""; ledgerSeq: 16; type: liAS_NODE; nodes {;   nodedata: ""\021\000h""\000\000\000\000 \033\000\000\000\017\002\023\302?\330\356GuH\375\327!\255\371\r\231\262R\256J\034\222\241\355X\265E\241^W\225\304\014\361CX-}\351f\032\255\274\334m\326c\017\014ao[\342\230\003\245\245\3341Hm\326^\017jy\335\261\214.\207\210%\003 \010ML\347\200R\304&\320_\215\226\344\334\033\354\2002\255\216\332\317\255\034\017T\270\242(,&\233\326\374o\306[\235\317>\021e\005s\261\371l\216\017\003\032\017J\217\244W<\241'\332/+\360Bx\036+\210j\237K%\340]\246E\2434\264K\036\030qP\317\315\336\325\007\372\373$P*|\321\342\002\026\n\3215\340\3203\200x\327D\301]5\237\247Yz\3711!L\214\221=\252\002\267\225zg\264\253\271T\346ji\003\235\236Pis\264\375\222|H\344\261g?[g\311\347s\234ae\204\263\365U\334\372D\354\345\276\201f\035\271%#\375\245\314.""\373\330&\3746\354@[\274\202\021\202\373Vi\243\n\325\250\005e\360""m\346'\311@\343\016$L\346\334\360<w\317\351\2337\023\262\336W\254\222\315\335\317oP\221\031g\037\220\357Ft\030n\306\370\n\354\226\365\346\276\322i\233\014\037\027Z\351\022\216@=S\205\334\033\374\234n\r\270\210]\013\203\356\024\366\354\260\007L\324\236aQ\361\020X\372\353 3\347\310*\253\021gT!>\003\325\254,\003\367\204\031\331\255\240\304J\342j\272\270\274\360\307\356\347\200Ywm#\014\233\301\022L\232T\033N\341\232\325\233\227\313\307\302\001\313@D\264\016\334\r\034\035\\276\225\314|\234S*r\007\370x>\305D*\007b\276v\316D!=\355\210\037\325\034/l\242\365\034!w\324\362\3252-\025\351\314\2334,\306Dd\037v\256\345X\002=\033c\255\253\226\014-o\364!\262f\370\222\250\377\220&p\343\245\3604Op\353\317\305\264\227\2326\315\307\363\323\325\303\032N\256*\307\327 \235\332\207u\210\271\257\306g\231i*\260\326k\001"";   nodeid: ""\260\000\000\000\000\000\000\000\000\000\000\000\000\000\000\000\000\000\000\000\000\000\000\000\000\000\000\000\000\000\000\000\001""; }; "
1750587311529,1750587311529,0,1,3,4,TMLedgerData,"ledgerHash: ""?Z\326\257)\2439\250\272\002\370\360\022\220W 062/8s4\204\363\253&I\000m\335\025""; ledgerSeq: 16; type: liBASE; nodes {;   nodedata: ""\000\000\000\020\001cEx]\211\377\330\345X\002=\033c\255\253\226\014-o\364!\262f\370\222\250\377\220&p\343\245\3604Op\353\317\305\000\000\000\000\000\000\000\000\000\000\000\000\000\000\000\000\000\000\000\000\000\000\000\000\000\000\000\000\000\000\000\000QW\031H\002\363\351\237\006\237\242\200\204\207\370S\272\271\261\004\247\233\335\307\226\326O\036\036\353)\005/\352\224./\352\224/\n\000""; }; nodes {;   nodedata: ""h\315\350\215y\203\242]\371\235\232Pt&\325\210eZ\346\237XZ \277\2457n\221\336\253\245\317\002\304\206+8\t]\351\316\373|\311\263V\300\023\035\211\237\260\300\r\033u3a1\203\303\365\307k\347\006E\344\037@\210\363\010\336T\226\247'\204_{\261\370""1\235\2445\343\033Y!\212\201\341\272\225'\007*$\244&\336\343'\233i\332\374\245 {^\306-N\333\gE\006\347\212\331C\211Z\177\247\031\n1J\005\356\020\023uD3\267,z\214#zH\020\360\343:&z\r<\352\277a7D\225\204\254\013\202_n)6q\357\2538_-\302\252B\204v\277\254\373\3322Ca\020\243\0105\263\257\367\032\254\016\003""; }; ","ledgerHash: ""?Z\326\257)\2439\250\272\002\370\360\022\220W 062/8s4\204\363\253&I\000m\335\025""; ledgerSeq: 16; type: liBASE; nodes {;   nodedata: ""\000\000\000\020\001cEx]\211\377\330\345X\002=\033c\255\253\226\014-o\364!\262f\370\222\250\377\220&p\343\245\3604Op\353\317\305\000\000\000\000\000\000\000\000\000\000\000\000\000\000\000\000\000\000\000\000\000\000\000\000\000\000\000\000\000\000\000\000QW\031H\002\363\351\237\006\237\242\200\204\207\370S\272\271\261\004\247\233\335\307\226\326O\036\036\353)\005/\352\224./\352\224/\n\000""; }; nodes {;   nodedata: ""h\315\350\215y\203\242]\371\235\232Pt&\325\210eZ\346\237XZ \277\2457n\221\336\253\245\317\002\304\206+8\t]\351\316\373|\311\263V\300\023\035\211\237\260\300\r\033u3a1\203\303\365\307k\347\006E\344\037@\210\363\010\336T\226\247'\204_{\261\370""1\235\2445\343\033Y!\212\201\341\272\225'\007*$\244&\336\343'\233i\332\374\245 {^\306-N\333\gE\006\347\212\331C\211Z\177\247\031\n1J\005\356\020\023uD3\267,z\214#zH\020\360\343:&z\r<\352\277a7D\225\204\254\013\202_n)6q\357\2538_-\302\252B\204v\277\254\373\3322Ca\020\243\0105\263\257\367\032\254\016\003""; }; "
1750587311530,1750587311530,0,1,3,0,TMLedgerData,"ledgerHash: ""?Z\326\257)\2439\250\272\002\370\360\022\220W 062/8s4\204\363\253&I\000m\335\025""; ledgerSeq: 16; type: liBASE; nodes {;   nodedata: ""\000\000\000\020\001cEx]\211\377\330\345X\002=\033c\255\253\226\014-o\364!\262f\370\222\250\377\220&p\343\245\3604Op\353\317\305\000\000\000\000\000\000\000\000\000\000\000\000\000\000\000\000\000\000\000\000\000\000\000\000\000\000\000\000\000\000\000\000QW\031H\002\363\351\237\006\237\242\200\204\207\370S\272\271\261\004\247\233\335\307\226\326O\036\036\353)\005/\352\224./\352\224/\n\000""; }; nodes {;   nodedata: ""h\315\350\215y\203\242]\371\235\232Pt&\325\210eZ\346\237XZ \277\2457n\221\336\253\245\317\002\304\206+8\t]\351\316\373|\311\263V\300\023\035\211\237\260\300\r\033u3a1\203\303\365\307k\347\006E\344\037@\210\363\010\336T\226\247'\204_{\261\370""1\235\2445\343\033Y!\212\201\341\272\225'\007*$\244&\336\343'\233i\332\374\245 {^\306-N\333\gE\006\347\212\331C\211Z\177\247\031\n1J\005\356\020\023uD3\267,z\214#zH\020\360\343:&z\r<\352\277a7D\225\204\254\013\202_n)6q\357\2538_-\302\252B\204v\277\254\373\3322Ca\020\243\0105\263\257\367\032\254\016\003""; }; ","ledgerHash: ""?Z\326\257)\2439\250\272\002\370\360\022\220W 062/8s4\204\363\253&I\000m\335\025""; ledgerSeq: 16; type: liBASE; nodes {;   nodedata: ""\000\000\000\020\001cEx]\211\377\330\345X\002=\033c\255\253\226\014-o\364!\262f\370\222\250\377\220&p\343\245\3604Op\353\317\305\000\000\000\000\000\000\000\000\000\000\000\000\000\000\000\000\000\000\000\000\000\000\000\000\000\000\000\000\000\000\000\000QW\031H\002\363\351\237\006\237\242\200\204\207\370S\272\271\261\004\247\233\335\307\226\326O\036\036\353)\005/\352\224./\352\224/\n\000""; }; nodes {;   nodedata: ""h\315\350\215y\203\242]\371\235\232Pt&\325\210eZ\346\237XZ \277\2457n\221\336\253\245\317\002\304\206+8\t]\351\316\373|\311\263V\300\023\035\211\237\260\300\r\033u3a1\203\303\365\307k\347\006E\344\037@\210\363\010\336T\226\247'\204_{\261\370""1\235\2445\343\033Y!\212\201\341\272\225'\007*$\244&\336\343'\233i\332\374\245 {^\306-N\333\gE\006\347\212\331C\211Z\177\247\031\n1J\005\356\020\023uD3\267,z\214#zH\020\360\343:&z\r<\352\277a7D\225\204\254\013\202_n)6q\357\2538_-\302\252B\204v\277\254\373\3322Ca\020\243\0105\263\257\367\032\254\016\003""; }; "
1750587311531,1750587311531,0,1,2,0,TMLedgerData,"ledgerHash: ""?Z\326\257)\2439\250\272\002\370\360\022\220W 062/8s4\204\363\253&I\000m\335\025""; ledgerSeq: 16; type: liBASE; nodes {;   nodedata: ""\000\000\000\020\001cEx]\211\377\330\345X\002=\033c\255\253\226\014-o\364!\262f\370\222\250\377\220&p\343\245\3604Op\353\317\305\000\000\000\000\000\000\000\000\000\000\000\000\000\000\000\000\000\000\000\000\000\000\000\000\000\000\000\000\000\000\000\000QW\031H\002\363\351\237\006\237\242\200\204\207\370S\272\271\261\004\247\233\335\307\226\326O\036\036\353)\005/\352\224./\352\224/\n\000""; }; nodes {;   nodedata: ""h\315\350\215y\203\242]\371\235\232Pt&\325\210eZ\346\237XZ \277\2457n\221\336\253\245\317\002\304\206+8\t]\351\316\373|\311\263V\300\023\035\211\237\260\300\r\033u3a1\203\303\365\307k\347\006E\344\037@\210\363\010\336T\226\247'\204_{\261\370""1\235\2445\343\033Y!\212\201\341\272\225'\007*$\244&\336\343'\233i\332\374\245 {^\306-N\333\gE\006\347\212\331C\211Z\177\247\031\n1J\005\356\020\023uD3\267,z\214#zH\020\360\343:&z\r<\352\277a7D\225\204\254\013\202_n)6q\357\2538_-\302\252B\204v\277\254\373\3322Ca\020\243\0105\263\257\367\032\254\016\003""; }; ","ledgerHash: ""?Z\326\257)\2439\250\272\002\370\360\022\220W 062/8s4\204\363\253&I\000m\335\025""; ledgerSeq: 16; type: liBASE; nodes {;   nodedata: ""\000\000\000\020\001cEx]\211\377\330\345X\002=\033c\255\253\226\014-o\364!\262f\370\222\250\377\220&p\343\245\3604Op\353\317\305\000\000\000\000\000\000\000\000\000\000\000\000\000\000\000\000\000\000\000\000\000\000\000\000\000\000\000\000\000\000\000\000QW\031H\002\363\351\237\006\237\242\200\204\207\370S\272\271\261\004\247\233\335\307\226\326O\036\036\353)\005/\352\224./\352\224/\n\000""; }; nodes {;   nodedata: ""h\315\350\215y\203\242]\371\235\232Pt&\325\210eZ\346\237XZ \277\2457n\221\336\253\245\317\002\304\206+8\t]\351\316\373|\311\263V\300\023\035\211\237\260\300\r\033u3a1\203\303\365\307k\347\006E\344\037@\210\363\010\336T\226\247'\204_{\261\370""1\235\2445\343\033Y!\212\201\341\272\225'\007*$\244&\336\343'\233i\332\374\245 {^\306-N\333\gE\006\347\212\331C\211Z\177\247\031\n1J\005\356\020\023uD3\267,z\214#zH\020\360\343:&z\r<\352\277a7D\225\204\254\013\202_n)6q\357\2538_-\302\252B\204v\277\254\373\3322Ca\020\243\0105\263\257\367\032\254\016\003""; }; "
1750587311566,1750587311567,0,1,1,3,TMLedgerData,"ledgerHash: ""?Z\326\257)\2439\250\272\002\370\360\022\220W 062/8s4\204\363\253&I\000m\335\025""; ledgerSeq: 16; type: liAS_NODE; nodes {;   nodedata: ""\021\000h""\000\000\000\000 \033\000\000\000\017\002\023\302?\330\356GuH\375\327!\255\371\r\231\262R\256J\034\222\241\355X\265E\241^W\225\304\014\361CX-}\351f\032\255\274\334m\326c\017\014ao[\342\230\003\245\245\3341Hm\326^\017jy\335\261\214.\207\210%\003 \010ML\347\200R\304&\320_\215\226\344\334\033\354\2002\255\216\332\317\255\034\017T\270\242(,&\233\326\374o\306[\235\317>\021e\005s\261\371l\216\017\003\032\017J\217\244W<\241'\332/+\360Bx\036+\210j\237K%\340]\246E\2434\264K\036\030qP\317\315\336\325\007\372\373$P*|\321\342\002\026\n\3215\340\3203\200x\327D\301]5\237\247Yz\3711!L\214\221=\252\002\267\225zg\264\253\271T\346ji\003\235\236Pis\264\375\222|H\344\261g?[g\311\347s\234ae\204\263\365U\334\372D\354\345\276\201f\035\271%#\375\245\314.""\373\330&\3746\354@[\274\202\021\202\373Vi\243\n\325\250\005e\360""m\346'\311@\343\016$L\346\334\360<w\317\351\2337\023\262\336W\254\222\315\335\317oP\221\031g\037\220\357Ft\030n\306\370\n\354\226\365\346\276\322i\233\014\037\027Z\351\022\216@=S\205\334\033\374\234n\r\270\210]\013\203\356\024\366\354\260\007L\324\236aQ\361\020X\372\353 3\347\310*\253\021gT!>\003\325\254,\003\367\204\031\331\255\240\304J\342j\272\270\274\360\307\356\347\200Ywm#\014\233\301\022L\232T\033N\341\232\325\233\227\313\307\302\001\313@D\264\016\334\r\034\035\\276\225\314|\234S*r\007\370x>\305D*\007b\276v\316D!=\355\210\037\325\034/l\242\365\034!w\324\362\3252-\025\351\314\2334,\306Dd\037v\256\345X\002=\033c\255\253\226\014-o\364!\262f\370\222\250\377\220&p\343\245\3604Op\353\317\305\264\227\2326\315\307\363\323\325\303\032N\256*\307\327 \235\332\207u\210\271\257\306g\231i*\260\326k\001"";   nodeid: ""\260\000\000\000\000\000\000\000\000\000\000\000\000\000\000\000\000\000\000\000\000\000\000\000\000\000\000\000\000\000\000\000\001""; }; ","ledgerHash: ""?Z\326\257)\2439\250\272\002\370\360\022\220W 062/8s4\204\363\253&I\000m\335\025""; ledgerSeq: 16; type: liAS_NODE; nodes {;   nodedata: ""\021\000h""\000\000\000\000 \033\000\000\000\017\002\023\302?\330\356GuH\375\327!\255\371\r\231\262R\256J\034\222\241\355X\265E\241^W\225\304\014\361CX-}\351f\032\255\274\334m\326c\017\014ao[\342\230\003\245\245\3341Hm\326^\017jy\335\261\214.\207\210%\003 \010ML\347\200R\304&\320_\215\226\344\334\033\354\2002\255\216\332\317\255\034\017T\270\242(,&\233\326\374o\306[\235\317>\021e\005s\261\371l\216\017\003\032\017J\217\244W<\241'\332/+\360Bx\036+\210j\237K%\340]\246E\2434\264K\036\030qP\317\315\336\325\007\372\373$P*|\321\342\002\026\n\3215\340\3203\200x\327D\301]5\237\247Yz\3711!L\214\221=\252\002\267\225zg\264\253\271T\346ji\003\235\236Pis\264\375\222|H\344\261g?[g\311\347s\234ae\204\263\365U\334\372D\354\345\276\201f\035\271%#\375\245\314.""\373\330&\3746\354@[\274\202\021\202\373Vi\243\n\325\250\005e\360""m\346'\311@\343\016$L\346\334\360<w\317\351\2337\023\262\336W\254\222\315\335\317oP\221\031g\037\220\357Ft\030n\306\370\n\354\226\365\346\276\322i\233\014\037\027Z\351\022\216@=S\205\334\033\374\234n\r\270\210]\013\203\356\024\366\354\260\007L\324\236aQ\361\020X\372\353 3\347\310*\253\021gT!>\003\325\254,\003\367\204\031\331\255\240\304J\342j\272\270\274\360\307\356\347\200Ywm#\014\233\301\022L\232T\033N\341\232\325\233\227\313\307\302\001\313@D\264\016\334\r\034\035\\276\225\314|\234S*r\007\370x>\305D*\007b\276v\316D!=\355\210\037\325\034/l\242\365\034!w\324\362\3252-\025\351\314\2334,\306Dd\037v\256\345X\002=\033c\255\253\226\014-o\364!\262f\370\222\250\377\220&p\343\245\3604Op\353\317\305\264\227\2326\315\307\363\323\325\303\032N\256*\307\327 \235\332\207u\210\271\257\306g\231i*\260\326k\001"";   nodeid: ""\260\000\000\000\000\000\000\000\000\000\000\000\000\000\000\000\000\000\000\000\000\000\000\000\000\000\000\000\000\000\000\000\001""; }; "
1750587311886,1750587311887,0,1,3,2,TMStatusChange,"newEvent: neACCEPTED_LEDGER; ledgerSeq: 16; ledgerHash: ""?Z\326\257)\2439\250\272\002\370\360\022\220W 062/8s4\204\363\253&I\000m\335\025""; ledgerHashPrevious: ""\345X\002=\033c\255\253\226\014-o\364!\262f\370\222\250\377\220&p\343\245\3604Op\353\317\305""; networkTime: 803902511; firstSeq: 9; lastSeq: 15; ","newEvent: neACCEPTED_LEDGER; ledgerSeq: 16; ledgerHash: ""?Z\326\257)\2439\250\272\002\370\360\022\220W 062/8s4\204\363\253&I\000m\335\025""; ledgerHashPrevious: ""\345X\002=\033c\255\253\226\014-o\364!\262f\370\222\250\377\220&p\343\245\3604Op\353\317\305""; networkTime: 803902511; firstSeq: 9; lastSeq: 15; "
1750587311887,1750587311887,0,1,3,4,TMStatusChange,"newEvent: neACCEPTED_LEDGER; ledgerSeq: 16; ledgerHash: ""?Z\326\257)\2439\250\272\002\370\360\022\220W 062/8s4\204\363\253&I\000m\335\025""; ledgerHashPrevious: ""\345X\002=\033c\255\253\226\014-o\364!\262f\370\222\250\377\220&p\343\245\3604Op\353\317\305""; networkTime: 803902511; firstSeq: 9; lastSeq: 15; ","newEvent: neACCEPTED_LEDGER; ledgerSeq: 16; ledgerHash: ""?Z\326\257)\2439\250\272\002\370\360\022\220W 062/8s4\204\363\253&I\000m\335\025""; ledgerHashPrevious: ""\345X\002=\033c\255\253\226\014-o\364!\262f\370\222\250\377\220&p\343\245\3604Op\353\317\305""; networkTime: 803902511; firstSeq: 9; lastSeq: 15; "
1750587311887,1750587311887,0,1,3,4,TMValidation,"validation: """"\200\000\000\001&\000\000\000\020)/\352\224/:\211l\014`\252m\212dQ?Z\326\257)\2439\250\272\002\370\360\022\220W 062/8s4\204\363\253&I\000m\335\025P\027\000\000\000\000\000\000\000\000\000\000\000\000\000\000\000\000\000\000\000\000\000\000\000\000\000\000\000\000\000\000\000\000P\031\345X\002=\033c\255\253\226\014-o\364!\262f\370\222\250\377\220&p\343\245\3604Op\353\317\305s!\003\325Q\255\224\274R@\312\253\262\347\352\034\346\347\242\215,\312\376=\277\353{\350\225\301\305`^, vF0D\002 T@\367F\314\235\366gl\213s}\321kv\346[\034+}\331[T\3624\325\211<\010\266M\331\002 z%\357Q\205""\030S\262\270\017\251\221\013\252\271J\257 v\003:o\242\372\3732\306%\035\n\252""; ","validation: """"\200\000\000\001&\000\000\000\020)/\352\224/:\211l\014`\252m\212dQ?Z\326\257)\2439\250\272\002\370\360\022\220W 062/8s4\204\363\253&I\000m\335\025P\027\000\000\000\000\000\000\000\000\000\000\000\000\000\000\000\000\000\000\000\000\000\000\000\000\000\000\000\000\000\000\000\000P\031\345X\002=\033c\255\253\226\014-o\364!\262f\370\222\250\377\220&p\343\245\3604Op\353\317\305s!\003\325Q\255\224\274R@\312\253\262\347\352\034\346\347\242\215,\312\376=\277\353{\350\225\301\305`^, vF0D\002 T@\367F\314\235\366gl\213s}\321kv\346[\034+}\331[T\3624\325\211<\010\266M\331\002 z%\357Q\205""\030S\262\270\017\251\221\013\252\271J\257 v\003:o\242\372\3732\306%\035\n\252""; "
1750587311887,1750587311887,0,1,3,0,TMStatusChange,"newEvent: neACCEPTED_LEDGER; ledgerSeq: 16; ledgerHash: ""?Z\326\257)\2439\250\272\002\370\360\022\220W 062/8s4\204\363\253&I\000m\335\025""; ledgerHashPrevious: ""\345X\002=\033c\255\253\226\014-o\364!\262f\370\222\250\377\220&p\343\245\3604Op\353\317\305""; networkTime: 803902511; firstSeq: 9; lastSeq: 15; ","newEvent: neACCEPTED_LEDGER; ledgerSeq: 16; ledgerHash: ""?Z\326\257)\2439\250\272\002\370\360\022\220W 062/8s4\204\363\253&I\000m\335\025""; ledgerHashPrevious: ""\345X\002=\033c\255\253\226\014-o\364!\262f\370\222\250\377\220&p\343\245\3604Op\353\317\305""; networkTime: 803902511; firstSeq: 9; lastSeq: 15; "
1750587311888,1750587311888,0,1,3,0,TMValidation,"validation: """"\200\000\000\001&\000\000\000\020)/\352\224/:\211l\014`\252m\212dQ?Z\326\257)\2439\250\272\002\370\360\022\220W 062/8s4\204\363\253&I\000m\335\025P\027\000\000\000\000\000\000\000\000\000\000\000\000\000\000\000\000\000\000\000\000\000\000\000\000\000\000\000\000\000\000\000\000P\031\345X\002=\033c\255\253\226\014-o\364!\262f\370\222\250\377\220&p\343\245\3604Op\353\317\305s!\003\325Q\255\224\274R@\312\253\262\347\352\034\346\347\242\215,\312\376=\277\353{\350\225\301\305`^, vF0D\002 T@\367F\314\235\366gl\213s}\321kv\346[\034+}\331[T\3624\325\211<\010\266M\331\002 z%\357Q\205""\030S\262\270\017\251\221\013\252\271J\257 v\003:o\242\372\3732\306%\035\n\252""; ","validation: """"\200\000\000\001&\000\000\000\020)/\352\224/:\211l\014`\252m\212dQ?Z\326\257)\2439\250\272\002\370\360\022\220W 062/8s4\204\363\253&I\000m\335\025P\027\000\000\000\000\000\000\000\000\000\000\000\000\000\000\000\000\000\000\000\000\000\000\000\000\000\000\000\000\000\000\000\000P\031\345X\002=\033c\255\253\226\014-o\364!\262f\370\222\250\377\220&p\343\245\3604Op\353\317\305s!\003\325Q\255\224\274R@\312\253\262\347\352\034\346\347\242\215,\312\376=\277\353{\350\225\301\305`^, vF0D\002 T@\367F\314\235\366gl\213s}\321kv\346[\034+}\331[T\3624\325\211<\010\266M\331\002 z%\357Q\205""\030S\262\270\017\251\221\013\252\271J\257 v\003:o\242\372\3732\306%\035\n\252""; "
1750587311889,1750587311889,0,1,3,1,TMStatusChange,"newEvent: neACCEPTED_LEDGER; ledgerSeq: 16; ledgerHash: ""?Z\326\257)\2439\250\272\002\370\360\022\220W 062/8s4\204\363\253&I\000m\335\025""; ledgerHashPrevious: ""\345X\002=\033c\255\253\226\014-o\364!\262f\370\222\250\377\220&p\343\245\3604Op\353\317\305""; networkTime: 803902511; firstSeq: 9; lastSeq: 15; ","newEvent: neACCEPTED_LEDGER; ledgerSeq: 16; ledgerHash: ""?Z\326\257)\2439\250\272\002\370\360\022\220W 062/8s4\204\363\253&I\000m\335\025""; ledgerHashPrevious: ""\345X\002=\033c\255\253\226\014-o\364!\262f\370\222\250\377\220&p\343\245\3604Op\353\317\305""; networkTime: 803902511; firstSeq: 9; lastSeq: 15; "
1750587311890,1750587311890,0,1,4,1,TMValidation,"validation: """"\200\000\000\001&\000\000\000\020)/\352\224/:\211l\014`\252m\212dQ?Z\326\257)\2439\250\272\002\370\360\022\220W 062/8s4\204\363\253&I\000m\335\025P\027\000\000\000\000\000\000\000\000\000\000\000\000\000\000\000\000\000\000\000\000\000\000\000\000\000\000\000\000\000\000\000\000P\031\345X\002=\033c\255\253\226\014-o\364!\262f\370\222\250\377\220&p\343\245\3604Op\353\317\305s!\003\325Q\255\224\274R@\312\253\262\347\352\034\346\347\242\215,\312\376=\277\353{\350\225\301\305`^, vF0D\002 T@\367F\314\235\366gl\213s}\321kv\346[\034+}\331[T\3624\325\211<\010\266M\331\002 z%\357Q\205""\030S\262\270\017\251\221\013\252\271J\257 v\003:o\242\372\3732\306%\035\n\252""; ","validation: """"\200\000\000\001&\000\000\000\020)/\352\224/:\211l\014`\252m\212dQ?Z\326\257)\2439\250\272\002\370\360\022\220W 062/8s4\204\363\253&I\000m\335\025P\027\000\000\000\000\000\000\000\000\000\000\000\000\000\000\000\000\000\000\000\000\000\000\000\000\000\000\000\000\000\000\000\000P\031\345X\002=\033c\255\253\226\014-o\364!\262f\370\222\250\377\220&p\343\245\3604Op\353\317\305s!\003\325Q\255\224\274R@\312\253\262\347\352\034\346\347\242\215,\312\376=\277\353{\350\225\301\305`^, vF0D\002 T@\367F\314\235\366gl\213s}\321kv\346[\034+}\331[T\3624\325\211<\010\266M\331\002 z%\357Q\205""\030S\262\270\017\251\221\013\252\271J\257 v\003:o\242\372\3732\306%\035\n\252""; "
1750587311890,1750587311890,0,1,4,0,TMValidation,"validation: """"\200\000\000\001&\000\000\000\020)/\352\224/:\211l\014`\252m\212dQ?Z\326\257)\2439\250\272\002\370\360\022\220W 062/8s4\204\363\253&I\000m\335\025P\027\000\000\000\000\000\000\000\000\000\000\000\000\000\000\000\000\000\000\000\000\000\000\000\000\000\000\000\000\000\000\000\000P\031\345X\002=\033c\255\253\226\014-o\364!\262f\370\222\250\377\220&p\343\245\3604Op\353\317\305s!\003\325Q\255\224\274R@\312\253\262\347\352\034\346\347\242\215,\312\376=\277\353{\350\225\301\305`^, vF0D\002 T@\367F\314\235\366gl\213s}\321kv\346[\034+}\331[T\3624\325\211<\010\266M\331\002 z%\357Q\205""\030S\262\270\017\251\221\013\252\271J\257 v\003:o\242\372\3732\306%\035\n\252""; ","validation: """"\200\000\000\001&\000\000\000\020)/\352\224/:\211l\014`\252m\212dQ?Z\326\257)\2439\250\272\002\370\360\022\220W 062/8s4\204\363\253&I\000m\335\025P\027\000\000\000\000\000\000\000\000\000\000\000\000\000\000\000\000\000\000\000\000\000\000\000\000\000\000\000\000\000\000\000\000P\031\345X\002=\033c\255\253\226\014-o\364!\262f\370\222\250\377\220&p\343\245\3604Op\353\317\305s!\003\325Q\255\224\274R@\312\253\262\347\352\034\346\347\242\215,\312\376=\277\353{\350\225\301\305`^, vF0D\002 T@\367F\314\235\366gl\213s}\321kv\346[\034+}\331[T\3624\325\211<\010\266M\331\002 z%\357Q\205""\030S\262\270\017\251\221\013\252\271J\257 v\003:o\242\372\3732\306%\035\n\252""; "
1750587311890,1750587311890,0,1,4,2,TMValidation,"validation: """"\200\000\000\001&\000\000\000\020)/\352\224/:\211l\014`\252m\212dQ?Z\326\257)\2439\250\272\002\370\360\022\220W 062/8s4\204\363\253&I\000m\335\025P\027\000\000\000\000\000\000\000\000\000\000\000\000\000\000\000\000\000\000\000\000\000\000\000\000\000\000\000\000\000\000\000\000P\031\345X\002=\033c\255\253\226\014-o\364!\262f\370\222\250\377\220&p\343\245\3604Op\353\317\305s!\003\325Q\255\224\274R@\312\253\262\347\352\034\346\347\242\215,\312\376=\277\353{\350\225\301\305`^, vF0D\002 T@\367F\314\235\366gl\213s}\321kv\346[\034+}\331[T\3624\325\211<\010\266M\331\002 z%\357Q\205""\030S\262\270\017\251\221\013\252\271J\257 v\003:o\242\372\3732\306%\035\n\252""; ","validation: """"\200\000\000\001&\000\000\000\020)/\352\224/:\211l\014`\252m\212dQ?Z\326\257)\2439\250\272\002\370\360\022\220W 062/8s4\204\363\253&I\000m\335\025P\027\000\000\000\000\000\000\000\000\000\000\000\000\000\000\000\000\000\000\000\000\000\000\000\000\000\000\000\000\000\000\000\000P\031\345X\002=\033c\255\253\226\014-o\364!\262f\370\222\250\377\220&p\343\245\3604Op\353\317\305s!\003\325Q\255\224\274R@\312\253\262\347\352\034\346\347\242\215,\312\376=\277\353{\350\225\301\305`^, vF0D\002 T@\367F\314\235\366gl\213s}\321kv\346[\034+}\331[T\3624\325\211<\010\266M\331\002 z%\357Q\205""\030S\262\270\017\251\221\013\252\271J\257 v\003:o\242\372\3732\306%\035\n\252""; "
1750587311891,1750587311891,0,1,0,4,TMValidation,"validation: """"\200\000\000\001&\000\000\000\020)/\352\224/:\211l\014`\252m\212dQ?Z\326\257)\2439\250\272\002\370\360\022\220W 062/8s4\204\363\253&I\000m\335\025P\027\000\000\000\000\000\000\000\000\000\000\000\000\000\000\000\000\000\000\000\000\000\000\000\000\000\000\000\000\000\000\000\000P\031\345X\002=\033c\255\253\226\014-o\364!\262f\370\222\250\377\220&p\343\245\3604Op\353\317\305s!\003\325Q\255\224\274R@\312\253\262\347\352\034\346\347\242\215,\312\376=\277\353{\350\225\301\305`^, vF0D\002 T@\367F\314\235\366gl\213s}\321kv\346[\034+}\331[T\3624\325\211<\010\266M\331\002 z%\357Q\205""\030S\262\270\017\251\221\013\252\271J\257 v\003:o\242\372\3732\306%\035\n\252""; ","validation: """"\200\000\000\001&\000\000\000\020)/\352\224/:\211l\014`\252m\212dQ?Z\326\257)\2439\250\272\002\370\360\022\220W 062/8s4\204\363\253&I\000m\335\025P\027\000\000\000\000\000\000\000\000\000\000\000\000\000\000\000\000\000\000\000\000\000\000\000\000\000\000\000\000\000\000\000\000P\031\345X\002=\033c\255\253\226\014-o\364!\262f\370\222\250\377\220&p\343\245\3604Op\353\317\305s!\003\325Q\255\224\274R@\312\253\262\347\352\034\346\347\242\215,\312\376=\277\353{\350\225\301\305`^, vF0D\002 T@\367F\314\235\366gl\213s}\321kv\346[\034+}\331[T\3624\325\211<\010\266M\331\002 z%\357Q\205""\030S\262\270\017\251\221\013\252\271J\257 v\003:o\242\372\3732\306%\035\n\252""; "
1750587311892,1750587311892,0,1,0,2,TMValidation,"validation: """"\200\000\000\001&\000\000\000\020)/\352\224/:\211l\014`\252m\212dQ?Z\326\257)\2439\250\272\002\370\360\022\220W 062/8s4\204\363\253&I\000m\335\025P\027\000\000\000\000\000\000\000\000\000\000\000\000\000\000\000\000\000\000\000\000\000\000\000\000\000\000\000\000\000\000\000\000P\031\345X\002=\033c\255\253\226\014-o\364!\262f\370\222\250\377\220&p\343\245\3604Op\353\317\305s!\003\325Q\255\224\274R@\312\253\262\347\352\034\346\347\242\215,\312\376=\277\353{\350\225\301\305`^, vF0D\002 T@\367F\314\235\366gl\213s}\321kv\346[\034+}\331[T\3624\325\211<\010\266M\331\002 z%\357Q\205""\030S\262\270\017\251\221\013\252\271J\257 v\003:o\242\372\3732\306%\035\n\252""; ","validation: """"\200\000\000\001&\000\000\000\020)/\352\224/:\211l\014`\252m\212dQ?Z\326\257)\2439\250\272\002\370\360\022\220W 062/8s4\204\363\253&I\000m\335\025P\027\000\000\000\000\000\000\000\000\000\000\000\000\000\000\000\000\000\000\000\000\000\000\000\000\000\000\000\000\000\000\000\000P\031\345X\002=\033c\255\253\226\014-o\364!\262f\370\222\250\377\220&p\343\245\3604Op\353\317\305s!\003\325Q\255\224\274R@\312\253\262\347\352\034\346\347\242\215,\312\376=\277\353{\350\225\301\305`^, vF0D\002 T@\367F\314\235\366gl\213s}\321kv\346[\034+}\331[T\3624\325\211<\010\266M\331\002 z%\357Q\205""\030S\262\270\017\251\221\013\252\271J\257 v\003:o\242\372\3732\306%\035\n\252""; "
1750587311892,1750587311892,0,1,0,1,TMValidation,"validation: """"\200\000\000\001&\000\000\000\020)/\352\224/:\211l\014`\252m\212dQ?Z\326\257)\2439\250\272\002\370\360\022\220W 062/8s4\204\363\253&I\000m\335\025P\027\000\000\000\000\000\000\000\000\000\000\000\000\000\000\000\000\000\000\000\000\000\000\000\000\000\000\000\000\000\000\000\000P\031\345X\002=\033c\255\253\226\014-o\364!\262f\370\222\250\377\220&p\343\245\3604Op\353\317\305s!\003\325Q\255\224\274R@\312\253\262\347\352\034\346\347\242\215,\312\376=\277\353{\350\225\301\305`^, vF0D\002 T@\367F\314\235\366gl\213s}\321kv\346[\034+}\331[T\3624\325\211<\010\266M\331\002 z%\357Q\205""\030S\262\270\017\251\221\013\252\271J\257 v\003:o\242\372\3732\306%\035\n\252""; ","validation: """"\200\000\000\001&\000\000\000\020)/\352\224/:\211l\014`\252m\212dQ?Z\326\257)\2439\250\272\002\370\360\022\220W 062/8s4\204\363\253&I\000m\335\025P\027\000\000\000\000\000\000\000\000\000\000\000\000\000\000\000\000\000\000\000\000\000\000\000\000\000\000\000\000\000\000\000\000P\031\345X\002=\033c\255\253\226\014-o\364!\262f\370\222\250\377\220&p\343\245\3604Op\353\317\305s!\003\325Q\255\224\274R@\312\253\262\347\352\034\346\347\242\215,\312\376=\277\353{\350\225\301\305`^, vF0D\002 T@\367F\314\235\366gl\213s}\321kv\346[\034+}\331[T\3624\325\211<\010\266M\331\002 z%\357Q\205""\030S\262\270\017\251\221\013\252\271J\257 v\003:o\242\372\3732\306%\035\n\252""; "
1750587311895,1750587311896,0,1,1,2,TMValidation,"validation: """"\200\000\000\001&\000\000\000\020)/\352\224/:\211l\014`\252m\212dQ?Z\326\257)\2439\250\272\002\370\360\022\220W 062/8s4\204\363\253&I\000m\335\025P\027\000\000\000\000\000\000\000\000\000\000\000\000\000\000\000\000\000\000\000\000\000\000\000\000\000\000\000\000\000\000\000\000P\031\345X\002=\033c\255\253\226\014-o\364!\262f\370\222\250\377\220&p\343\245\3604Op\353\317\305s!\003\325Q\255\224\274R@\312\253\262\347\352\034\346\347\242\215,\312\376=\277\353{\350\225\301\305`^, vF0D\002 T@\367F\314\235\366gl\213s}\321kv\346[\034+}\331[T\3624\325\211<\010\266M\331\002 z%\357Q\205""\030S\262\270\017\251\221\013\252\271J\257 v\003:o\242\372\3732\306%\035\n\252""; ","validation: """"\200\000\000\001&\000\000\000\020)/\352\224/:\211l\014`\252m\212dQ?Z\326\257)\2439\250\272\002\370\360\022\220W 062/8s4\204\363\253&I\000m\335\025P\027\000\000\000\000\000\000\000\000\000\000\000\000\000\000\000\000\000\000\000\000\000\000\000\000\000\000\000\000\000\000\000\000P\031\345X\002=\033c\255\253\226\014-o\364!\262f\370\222\250\377\220&p\343\245\3604Op\353\317\305s!\003\325Q\255\224\274R@\312\253\262\347\352\034\346\347\242\215,\312\376=\277\353{\350\225\301\305`^, vF0D\002 T@\367F\314\235\366gl\213s}\321kv\346[\034+}\331[T\3624\325\211<\010\266M\331\002 z%\357Q\205""\030S\262\270\017\251\221\013\252\271J\257 v\003:o\242\372\3732\306%\035\n\252""; "
1750587311896,1750587311896,0,1,1,0,TMValidation,"validation: """"\200\000\000\001&\000\000\000\020)/\352\224/:\211l\014`\252m\212dQ?Z\326\257)\2439\250\272\002\370\360\022\220W 062/8s4\204\363\253&I\000m\335\025P\027\000\000\000\000\000\000\000\000\000\000\000\000\000\000\000\000\000\000\000\000\000\000\000\000\000\000\000\000\000\000\000\000P\031\345X\002=\033c\255\253\226\014-o\364!\262f\370\222\250\377\220&p\343\245\3604Op\353\317\305s!\003\325Q\255\224\274R@\312\253\262\347\352\034\346\347\242\215,\312\376=\277\353{\350\225\301\305`^, vF0D\002 T@\367F\314\235\366gl\213s}\321kv\346[\034+}\331[T\3624\325\211<\010\266M\331\002 z%\357Q\205""\030S\262\270\017\251\221\013\252\271J\257 v\003:o\242\372\3732\306%\035\n\252""; ","validation: """"\200\000\000\001&\000\000\000\020)/\352\224/:\211l\014`\252m\212dQ?Z\326\257)\2439\250\272\002\370\360\022\220W 062/8s4\204\363\253&I\000m\335\025P\027\000\000\000\000\000\000\000\000\000\000\000\000\000\000\000\000\000\000\000\000\000\000\000\000\000\000\000\000\000\000\000\000P\031\345X\002=\033c\255\253\226\014-o\364!\262f\370\222\250\377\220&p\343\245\3604Op\353\317\305s!\003\325Q\255\224\274R@\312\253\262\347\352\034\346\347\242\215,\312\376=\277\353{\350\225\301\305`^, vF0D\002 T@\367F\314\235\366gl\213s}\321kv\346[\034+}\331[T\3624\325\211<\010\266M\331\002 z%\357Q\205""\030S\262\270\017\251\221\013\252\271J\257 v\003:o\242\372\3732\306%\035\n\252""; "
1750587311896,1750587311896,0,1,1,3,TMValidation,"validation: """"\200\000\000\001&\000\000\000\020)/\352\224/:\211l\014`\252m\212dQ?Z\326\257)\2439\250\272\002\370\360\022\220W 062/8s4\204\363\253&I\000m\335\025P\027\000\000\000\000\000\000\000\000\000\000\000\000\000\000\000\000\000\000\000\000\000\000\000\000\000\000\000\000\000\000\000\000P\031\345X\002=\033c\255\253\226\014-o\364!\262f\370\222\250\377\220&p\343\245\3604Op\353\317\305s!\003\325Q\255\224\274R@\312\253\262\347\352\034\346\347\242\215,\312\376=\277\353{\350\225\301\305`^, vF0D\002 T@\367F\314\235\366gl\213s}\321kv\346[\034+}\331[T\3624\325\211<\010\266M\331\002 z%\357Q\205""\030S\262\270\017\251\221\013\252\271J\257 v\003:o\242\372\3732\306%\035\n\252""; ","validation: """"\200\000\000\001&\000\000\000\020)/\352\224/:\211l\014`\252m\212dQ?Z\326\257)\2439\250\272\002\370\360\022\220W 062/8s4\204\363\253&I\000m\335\025P\027\000\000\000\000\000\000\000\000\000\000\000\000\000\000\000\000\000\000\000\000\000\000\000\000\000\000\000\000\000\000\000\000P\031\345X\002=\033c\255\253\226\014-o\364!\262f\370\222\250\377\220&p\343\245\3604Op\353\317\305s!\003\325Q\255\224\274R@\312\253\262\347\352\034\346\347\242\215,\312\376=\277\353{\350\225\301\305`^, vF0D\002 T@\367F\314\235\366gl\213s}\321kv\346[\034+}\331[T\3624\325\211<\010\266M\331\002 z%\357Q\205""\030S\262\270\017\251\221\013\252\271J\257 v\003:o\242\372\3732\306%\035\n\252""; "
1750587311898,1750587311898,0,1,2,3,TMValidation,"validation: """"\200\000\000\001&\000\000\000\020)/\352\224/:\211l\014`\252m\212dQ?Z\326\257)\2439\250\272\002\370\360\022\220W 062/8s4\204\363\253&I\000m\335\025P\027\000\000\000\000\000\000\000\000\000\000\000\000\000\000\000\000\000\000\000\000\000\000\000\000\000\000\000\000\000\000\000\000P\031\345X\002=\033c\255\253\226\014-o\364!\262f\370\222\250\377\220&p\343\245\3604Op\353\317\305s!\003\325Q\255\224\274R@\312\253\262\347\352\034\346\347\242\215,\312\376=\277\353{\350\225\301\305`^, vF0D\002 T@\367F\314\235\366gl\213s}\321kv\346[\034+}\331[T\3624\325\211<\010\266M\331\002 z%\357Q\205""\030S\262\270\017\251\221\013\252\271J\257 v\003:o\242\372\3732\306%\035\n\252""; ","validation: """"\200\000\000\001&\000\000\000\020)/\352\224/:\211l\014`\252m\212dQ?Z\326\257)\2439\250\272\002\370\360\022\220W 062/8s4\204\363\253&I\000m\335\025P\027\000\000\000\000\000\000\000\000\000\000\000\000\000\000\000\000\000\000\000\000\000\000\000\000\000\000\000\000\000\000\000\000P\031\345X\002=\033c\255\253\226\014-o\364!\262f\370\222\250\377\220&p\343\245\3604Op\353\317\305s!\003\325Q\255\224\274R@\312\253\262\347\352\034\346\347\242\215,\312\376=\277\353{\350\225\301\305`^, vF0D\002 T@\367F\314\235\366gl\213s}\321kv\346[\034+}\331[T\3624\325\211<\010\266M\331\002 z%\357Q\205""\030S\262\270\017\251\221\013\252\271J\257 v\003:o\242\372\3732\306%\035\n\252""; "
1750587311898,1750587311898,0,1,2,1,TMValidation,"validation: """"\200\000\000\001&\000\000\000\020)/\352\224/:\211l\014`\252m\212dQ?Z\326\257)\2439\250\272\002\370\360\022\220W 062/8s4\204\363\253&I\000m\335\025P\027\000\000\000\000\000\000\000\000\000\000\000\000\000\000\000\000\000\000\000\000\000\000\000\000\000\000\000\000\000\000\000\000P\031\345X\002=\033c\255\253\226\014-o\364!\262f\370\222\250\377\220&p\343\245\3604Op\353\317\305s!\003\325Q\255\224\274R@\312\253\262\347\352\034\346\347\242\215,\312\376=\277\353{\350\225\301\305`^, vF0D\002 T@\367F\314\235\366gl\213s}\321kv\346[\034+}\331[T\3624\325\211<\010\266M\331\002 z%\357Q\205""\030S\262\270\017\251\221\013\252\271J\257 v\003:o\242\372\3732\306%\035\n\252""; ","validation: """"\200\000\000\001&\000\000\000\020)/\352\224/:\211l\014`\252m\212dQ?Z\326\257)\2439\250\272\002\370\360\022\220W 062/8s4\204\363\253&I\000m\335\025P\027\000\000\000\000\000\000\000\000\000\000\000\000\000\000\000\000\000\000\000\000\000\000\000\000\000\000\000\000\000\000\000\000P\031\345X\002=\033c\255\253\226\014-o\364!\262f\370\222\250\377\220&p\343\245\3604Op\353\317\305s!\003\325Q\255\224\274R@\312\253\262\347\352\034\346\347\242\215,\312\376=\277\353{\350\225\301\305`^, vF0D\002 T@\367F\314\235\366gl\213s}\321kv\346[\034+}\331[T\3624\325\211<\010\266M\331\002 z%\357Q\205""\030S\262\270\017\251\221\013\252\271J\257 v\003:o\242\372\3732\306%\035\n\252""; "
1750587311898,1750587311898,0,1,2,0,TMValidation,"validation: """"\200\000\000\001&\000\000\000\020)/\352\224/:\211l\014`\252m\212dQ?Z\326\257)\2439\250\272\002\370\360\022\220W 062/8s4\204\363\253&I\000m\335\025P\027\000\000\000\000\000\000\000\000\000\000\000\000\000\000\000\000\000\000\000\000\000\000\000\000\000\000\000\000\000\000\000\000P\031\345X\002=\033c\255\253\226\014-o\364!\262f\370\222\250\377\220&p\343\245\3604Op\353\317\305s!\003\325Q\255\224\274R@\312\253\262\347\352\034\346\347\242\215,\312\376=\277\353{\350\225\301\305`^, vF0D\002 T@\367F\314\235\366gl\213s}\321kv\346[\034+}\331[T\3624\325\211<\010\266M\331\002 z%\357Q\205""\030S\262\270\017\251\221\013\252\271J\257 v\003:o\242\372\3732\306%\035\n\252""; ","validation: """"\200\000\000\001&\000\000\000\020)/\352\224/:\211l\014`\252m\212dQ?Z\326\257)\2439\250\272\002\370\360\022\220W 062/8s4\204\363\253&I\000m\335\025P\027\000\000\000\000\000\000\000\000\000\000\000\000\000\000\000\000\000\000\000\000\000\000\000\000\000\000\000\000\000\000\000\000P\031\345X\002=\033c\255\253\226\014-o\364!\262f\370\222\250\377\220&p\343\245\3604Op\353\317\305s!\003\325Q\255\224\274R@\312\253\262\347\352\034\346\347\242\215,\312\376=\277\353{\350\225\301\305`^, vF0D\002 T@\367F\314\235\366gl\213s}\321kv\346[\034+}\331[T\3624\325\211<\010\266M\331\002 z%\357Q\205""\030S\262\270\017\251\221\013\252\271J\257 v\003:o\242\372\3732\306%\035\n\252""; "
1750587311901,1750587311901,0,1,3,1,TMValidation,"validation: """"\200\000\000\001&\000\000\000\020)/\352\224/:\211l\014`\252m\212dQ?Z\326\257)\2439\250\272\002\370\360\022\220W 062/8s4\204\363\253&I\000m\335\025P\027\000\000\000\000\000\000\000\000\000\000\000\000\000\000\000\000\000\000\000\000\000\000\000\000\000\000\000\000\000\000\000\000P\031\345X\002=\033c\255\253\226\014-o\364!\262f\370\222\250\377\220&p\343\245\3604Op\353\317\305s!\003\325Q\255\224\274R@\312\253\262\347\352\034\346\347\242\215,\312\376=\277\353{\350\225\301\305`^, vF0D\002 T@\367F\314\235\366gl\213s}\321kv\346[\034+}\331[T\3624\325\211<\010\266M\331\002 z%\357Q\205""\030S\262\270\017\251\221\013\252\271J\257 v\003:o\242\372\3732\306%\035\n\252""; ","validation: """"\200\000\000\001&\000\000\000\020)/\352\224/:\211l\014`\252m\212dQ?Z\326\257)\2439\250\272\002\370\360\022\220W 062/8s4\204\363\253&I\000m\335\025P\027\000\000\000\000\000\000\000\000\000\000\000\000\000\000\000\000\000\000\000\000\000\000\000\000\000\000\000\000\000\000\000\000P\031\345X\002=\033c\255\253\226\014-o\364!\262f\370\222\250\377\220&p\343\245\3604Op\353\317\305s!\003\325Q\255\224\274R@\312\253\262\347\352\034\346\347\242\215,\312\376=\277\353{\350\225\301\305`^, vF0D\002 T@\367F\314\235\366gl\213s}\321kv\346[\034+}\331[T\3624\325\211<\010\266M\331\002 z%\357Q\205""\030S\262\270\017\251\221\013\252\271J\257 v\003:o\242\372\3732\306%\035\n\252""; "
1750587311904,1750587311905,0,1,3,2,TMValidation,"validation: """"\200\000\000\001&\000\000\000\020)/\352\224/:\211l\014`\252m\212dQ?Z\326\257)\2439\250\272\002\370\360\022\220W 062/8s4\204\363\253&I\000m\335\025P\027\000\000\000\000\000\000\000\000\000\000\000\000\000\000\000\000\000\000\000\000\000\000\000\000\000\000\000\000\000\000\000\000P\031\345X\002=\033c\255\253\226\014-o\364!\262f\370\222\250\377\220&p\343\245\3604Op\353\317\305s!\003\325Q\255\224\274R@\312\253\262\347\352\034\346\347\242\215,\312\376=\277\353{\350\225\301\305`^, vF0D\002 T@\367F\314\235\366gl\213s}\321kv\346[\034+}\331[T\3624\325\211<\010\266M\331\002 z%\357Q\205""\030S\262\270\017\251\221\013\252\271J\257 v\003:o\242\372\3732\306%\035\n\252""; ","validation: """"\200\000\000\001&\000\000\000\020)/\352\224/:\211l\014`\252m\212dQ?Z\326\257)\2439\250\272\002\370\360\022\220W 062/8s4\204\363\253&I\000m\335\025P\027\000\000\000\000\000\000\000\000\000\000\000\000\000\000\000\000\000\000\000\000\000\000\000\000\000\000\000\000\000\000\000\000P\031\345X\002=\033c\255\253\226\014-o\364!\262f\370\222\250\377\220&p\343\245\3604Op\353\317\305s!\003\325Q\255\224\274R@\312\253\262\347\352\034\346\347\242\215,\312\376=\277\353{\350\225\301\305`^, vF0D\002 T@\367F\314\235\366gl\213s}\321kv\346[\034+}\331[T\3624\325\211<\010\266M\331\002 z%\357Q\205""\030S\262\270\017\251\221\013\252\271J\257 v\003:o\242\372\3732\306%\035\n\252""; "
1750587312019,1750587312019,0,1,0,4,TMStatusChange,"newEvent: neACCEPTED_LEDGER; ledgerSeq: 16; ledgerHash: ""?Z\326\257)\2439\250\272\002\370\360\022\220W 062/8s4\204\363\253&I\000m\335\025""; ledgerHashPrevious: ""\345X\002=\033c\255\253\226\014-o\364!\262f\370\222\250\377\220&p\343\245\3604Op\353\317\305""; networkTime: 803902512; firstSeq: 9; lastSeq: 15; ","newEvent: neACCEPTED_LEDGER; ledgerSeq: 16; ledgerHash: ""?Z\326\257)\2439\250\272\002\370\360\022\220W 062/8s4\204\363\253&I\000m\335\025""; ledgerHashPrevious: ""\345X\002=\033c\255\253\226\014-o\364!\262f\370\222\250\377\220&p\343\245\3604Op\353\317\305""; networkTime: 803902512; firstSeq: 9; lastSeq: 15; "
1750587312020,1750587312020,0,1,0,2,TMStatusChange,"newEvent: neACCEPTED_LEDGER; ledgerSeq: 16; ledgerHash: ""?Z\326\257)\2439\250\272\002\370\360\022\220W 062/8s4\204\363\253&I\000m\335\025""; ledgerHashPrevious: ""\345X\002=\033c\255\253\226\014-o\364!\262f\370\222\250\377\220&p\343\245\3604Op\353\317\305""; networkTime: 803902512; firstSeq: 9; lastSeq: 15; ","newEvent: neACCEPTED_LEDGER; ledgerSeq: 16; ledgerHash: ""?Z\326\257)\2439\250\272\002\370\360\022\220W 062/8s4\204\363\253&I\000m\335\025""; ledgerHashPrevious: ""\345X\002=\033c\255\253\226\014-o\364!\262f\370\222\250\377\220&p\343\245\3604Op\353\317\305""; networkTime: 803902512; firstSeq: 9; lastSeq: 15; "
1750587312020,1750587312020,0,1,0,3,TMStatusChange,"newEvent: neACCEPTED_LEDGER; ledgerSeq: 16; ledgerHash: ""?Z\326\257)\2439\250\272\002\370\360\022\220W 062/8s4\204\363\253&I\000m\335\025""; ledgerHashPrevious: ""\345X\002=\033c\255\253\226\014-o\364!\262f\370\222\250\377\220&p\343\245\3604Op\353\317\305""; networkTime: 803902512; firstSeq: 9; lastSeq: 15; ","newEvent: neACCEPTED_LEDGER; ledgerSeq: 16; ledgerHash: ""?Z\326\257)\2439\250\272\002\370\360\022\220W 062/8s4\204\363\253&I\000m\335\025""; ledgerHashPrevious: ""\345X\002=\033c\255\253\226\014-o\364!\262f\370\222\250\377\220&p\343\245\3604Op\353\317\305""; networkTime: 803902512; firstSeq: 9; lastSeq: 15; "
1750587312020,1750587312020,0,1,0,1,TMStatusChange,"newEvent: neACCEPTED_LEDGER; ledgerSeq: 16; ledgerHash: ""?Z\326\257)\2439\250\272\002\370\360\022\220W 062/8s4\204\363\253&I\000m\335\025""; ledgerHashPrevious: ""\345X\002=\033c\255\253\226\014-o\364!\262f\370\222\250\377\220&p\343\245\3604Op\353\317\305""; networkTime: 803902512; firstSeq: 9; lastSeq: 15; ","newEvent: neACCEPTED_LEDGER; ledgerSeq: 16; ledgerHash: ""?Z\326\257)\2439\250\272\002\370\360\022\220W 062/8s4\204\363\253&I\000m\335\025""; ledgerHashPrevious: ""\345X\002=\033c\255\253\226\014-o\364!\262f\370\222\250\377\220&p\343\245\3604Op\353\317\305""; networkTime: 803902512; firstSeq: 9; lastSeq: 15; "
1750587312062,1750587312062,0,1,0,1,TMValidation,"validation: """"\200\000\000\001&\000\000\000\020)/\352\2240:I\203w\200\211\SGQ?Z\326\257)\2439\250\272\002\370\360\022\220W 062/8s4\204\363\253&I\000m\335\025P\027\000\000\000\000\000\000\000\000\000\000\000\000\000\000\000\000\000\000\000\000\000\000\000\000\000\000\000\000\000\000\000\000P\031\345X\002=\033c\255\253\226\014-o\364!\262f\370\222\250\377\220&p\343\245\3604Op\353\317\305s!\002\347\243J\206W\025ML\260\226\0163\217\250\337\325W\253\356*O\245Z\271\234\207C\274\375`\335\311vG0E\002!\000\240\204\216\256\343\247g\346A\233U\277\277\304\375R)\211\211]\206\362U\n\205\367n\377\307H\313\272\002 O\255\211\0338\323a+\324\227\327\365\243\373\242\352\336\337\036\226S-l\312}v\336\377\340E\265\r""; ","validation: """"\200\000\000\001&\000\000\000\020)/\352\2240:I\203w\200\211\SGQ?Z\326\257)\2439\250\272\002\370\360\022\220W 062/8s4\204\363\253&I\000m\335\025P\027\000\000\000\000\000\000\000\000\000\000\000\000\000\000\000\000\000\000\000\000\000\000\000\000\000\000\000\000\000\000\000\000P\031\345X\002=\033c\255\253\226\014-o\364!\262f\370\222\250\377\220&p\343\245\3604Op\353\317\305s!\002\347\243J\206W\025ML\260\226\0163\217\250\337\325W\253\356*O\245Z\271\234\207C\274\375`\335\311vG0E\002!\000\240\204\216\256\343\247g\346A\233U\277\277\304\375R)\211\211]\206\362U\n\205\367n\377\307H\313\272\002 O\255\211\0338\323a+\324\227\327\365\243\373\242\352\336\337\036\226S-l\312}v\336\377\340E\265\r""; "
1750587312063,1750587312063,0,1,0,4,TMValidation,"validation: """"\200\000\000\001&\000\000\000\020)/\352\2240:I\203w\200\211\SGQ?Z\326\257)\2439\250\272\002\370\360\022\220W 062/8s4\204\363\253&I\000m\335\025P\027\000\000\000\000\000\000\000\000\000\000\000\000\000\000\000\000\000\000\000\000\000\000\000\000\000\000\000\000\000\000\000\000P\031\345X\002=\033c\255\253\226\014-o\364!\262f\370\222\250\377\220&p\343\245\3604Op\353\317\305s!\002\347\243J\206W\025ML\260\226\0163\217\250\337\325W\253\356*O\245Z\271\234\207C\274\375`\335\311vG0E\002!\000\240\204\216\256\343\247g\346A\233U\277\277\304\375R)\211\211]\206\362U\n\205\367n\377\307H\313\272\002 O\255\211\0338\323a+\324\227\327\365\243\373\242\352\336\337\036\226S-l\312}v\336\377\340E\265\r""; ","validation: """"\200\000\000\001&\000\000\000\020)/\352\2240:I\203w\200\211\SGQ?Z\326\257)\2439\250\272\002\370\360\022\220W 062/8s4\204\363\253&I\000m\335\025P\027\000\000\000\000\000\000\000\000\000\000\000\000\000\000\000\000\000\000\000\000\000\000\000\000\000\000\000\000\000\000\000\000P\031\345X\002=\033c\255\253\226\014-o\364!\262f\370\222\250\377\220&p\343\245\3604Op\353\317\305s!\002\347\243J\206W\025ML\260\226\0163\217\250\337\325W\253\356*O\245Z\271\234\207C\274\375`\335\311vG0E\002!\000\240\204\216\256\343\247g\346A\233U\277\277\304\375R)\211\211]\206\362U\n\205\367n\377\307H\313\272\002 O\255\211\0338\323a+\324\227\327\365\243\373\242\352\336\337\036\226S-l\312}v\336\377\340E\265\r""; "
1750587312063,1750587312063,0,1,0,3,TMValidation,"validation: """"\200\000\000\001&\000\000\000\020)/\352\2240:I\203w\200\211\SGQ?Z\326\257)\2439\250\272\002\370\360\022\220W 062/8s4\204\363\253&I\000m\335\025P\027\000\000\000\000\000\000\000\000\000\000\000\000\000\000\000\000\000\000\000\000\000\000\000\000\000\000\000\000\000\000\000\000P\031\345X\002=\033c\255\253\226\014-o\364!\262f\370\222\250\377\220&p\343\245\3604Op\353\317\305s!\002\347\243J\206W\025ML\260\226\0163\217\250\337\325W\253\356*O\245Z\271\234\207C\274\375`\335\311vG0E\002!\000\240\204\216\256\343\247g\346A\233U\277\277\304\375R)\211\211]\206\362U\n\205\367n\377\307H\313\272\002 O\255\211\0338\323a+\324\227\327\365\243\373\242\352\336\337\036\226S-l\312}v\336\377\340E\265\r""; ","validation: """"\200\000\000\001&\000\000\000\020)/\352\2240:I\203w\200\211\SGQ?Z\326\257)\2439\250\272\002\370\360\022\220W 062/8s4\204\363\253&I\000m\335\025P\027\000\000\000\000\000\000\000\000\000\000\000\000\000\000\000\000\000\000\000\000\000\000\000\000\000\000\000\000\000\000\000\000P\031\345X\002=\033c\255\253\226\014-o\364!\262f\370\222\250\377\220&p\343\245\3604Op\353\317\305s!\002\347\243J\206W\025ML\260\226\0163\217\250\337\325W\253\356*O\245Z\271\234\207C\274\375`\335\311vG0E\002!\000\240\204\216\256\343\247g\346A\233U\277\277\304\375R)\211\211]\206\362U\n\205\367n\377\307H\313\272\002 O\255\211\0338\323a+\324\227\327\365\243\373\242\352\336\337\036\226S-l\312}v\336\377\340E\265\r""; "
1750587312063,1750587312063,0,1,0,2,TMValidation,"validation: """"\200\000\000\001&\000\000\000\020)/\352\2240:I\203w\200\211\SGQ?Z\326\257)\2439\250\272\002\370\360\022\220W 062/8s4\204\363\253&I\000m\335\025P\027\000\000\000\000\000\000\000\000\000\000\000\000\000\000\000\000\000\000\000\000\000\000\000\000\000\000\000\000\000\000\000\000P\031\345X\002=\033c\255\253\226\014-o\364!\262f\370\222\250\377\220&p\343\245\3604Op\353\317\305s!\002\347\243J\206W\025ML\260\226\0163\217\250\337\325W\253\356*O\245Z\271\234\207C\274\375`\335\311vG0E\002!\000\240\204\216\256\343\247g\346A\233U\277\277\304\375R)\211\211]\206\362U\n\205\367n\377\307H\313\272\002 O\255\211\0338\323a+\324\227\327\365\243\373\242\352\336\337\036\226S-l\312}v\336\377\340E\265\r""; ","validation: """"\200\000\000\001&\000\000\000\020)/\352\2240:I\203w\200\211\SGQ?Z\326\257)\2439\250\272\002\370\360\022\220W 062/8s4\204\363\253&I\000m\335\025P\027\000\000\000\000\000\000\000\000\000\000\000\000\000\000\000\000\000\000\000\000\000\000\000\000\000\000\000\000\000\000\000\000P\031\345X\002=\033c\255\253\226\014-o\364!\262f\370\222\250\377\220&p\343\245\3604Op\353\317\305s!\002\347\243J\206W\025ML\260\226\0163\217\250\337\325W\253\356*O\245Z\271\234\207C\274\375`\335\311vG0E\002!\000\240\204\216\256\343\247g\346A\233U\277\277\304\375R)\211\211]\206\362U\n\205\367n\377\307H\313\272\002 O\255\211\0338\323a+\324\227\327\365\243\373\242\352\336\337\036\226S-l\312}v\336\377\340E\265\r""; "
1750587312065,1750587312065,0,1,1,2,TMValidation,"validation: """"\200\000\000\001&\000\000\000\020)/\352\2240:I\203w\200\211\SGQ?Z\326\257)\2439\250\272\002\370\360\022\220W 062/8s4\204\363\253&I\000m\335\025P\027\000\000\000\000\000\000\000\000\000\000\000\000\000\000\000\000\000\000\000\000\000\000\000\000\000\000\000\000\000\000\000\000P\031\345X\002=\033c\255\253\226\014-o\364!\262f\370\222\250\377\220&p\343\245\3604Op\353\317\305s!\002\347\243J\206W\025ML\260\226\0163\217\250\337\325W\253\356*O\245Z\271\234\207C\274\375`\335\311vG0E\002!\000\240\204\216\256\343\247g\346A\233U\277\277\304\375R)\211\211]\206\362U\n\205\367n\377\307H\313\272\002 O\255\211\0338\323a+\324\227\327\365\243\373\242\352\336\337\036\226S-l\312}v\336\377\340E\265\r""; ","validation: """"\200\000\000\001&\000\000\000\020)/\352\2240:I\203w\200\211\SGQ?Z\326\257)\2439\250\272\002\370\360\022\220W 062/8s4\204\363\253&I\000m\335\025P\027\000\000\000\000\000\000\000\000\000\000\000\000\000\000\000\000\000\000\000\000\000\000\000\000\000\000\000\000\000\000\000\000P\031\345X\002=\033c\255\253\226\014-o\364!\262f\370\222\250\377\220&p\343\245\3604Op\353\317\305s!\002\347\243J\206W\025ML\260\226\0163\217\250\337\325W\253\356*O\245Z\271\234\207C\274\375`\335\311vG0E\002!\000\240\204\216\256\343\247g\346A\233U\277\277\304\375R)\211\211]\206\362U\n\205\367n\377\307H\313\272\002 O\255\211\0338\323a+\324\227\327\365\243\373\242\352\336\337\036\226S-l\312}v\336\377\340E\265\r""; "
1750587312065,1750587312065,0,1,1,4,TMValidation,"validation: """"\200\000\000\001&\000\000\000\020)/\352\2240:I\203w\200\211\SGQ?Z\326\257)\2439\250\272\002\370\360\022\220W 062/8s4\204\363\253&I\000m\335\025P\027\000\000\000\000\000\000\000\000\000\000\000\000\000\000\000\000\000\000\000\000\000\000\000\000\000\000\000\000\000\000\000\000P\031\345X\002=\033c\255\253\226\014-o\364!\262f\370\222\250\377\220&p\343\245\3604Op\353\317\305s!\002\347\243J\206W\025ML\260\226\0163\217\250\337\325W\253\356*O\245Z\271\234\207C\274\375`\335\311vG0E\002!\000\240\204\216\256\343\247g\346A\233U\277\277\304\375R)\211\211]\206\362U\n\205\367n\377\307H\313\272\002 O\255\211\0338\323a+\324\227\327\365\243\373\242\352\336\337\036\226S-l\312}v\336\377\340E\265\r""; ","validation: """"\200\000\000\001&\000\000\000\020)/\352\2240:I\203w\200\211\SGQ?Z\326\257)\2439\250\272\002\370\360\022\220W 062/8s4\204\363\253&I\000m\335\025P\027\000\000\000\000\000\000\000\000\000\000\000\000\000\000\000\000\000\000\000\000\000\000\000\000\000\000\000\000\000\000\000\000P\031\345X\002=\033c\255\253\226\014-o\364!\262f\370\222\250\377\220&p\343\245\3604Op\353\317\305s!\002\347\243J\206W\025ML\260\226\0163\217\250\337\325W\253\356*O\245Z\271\234\207C\274\375`\335\311vG0E\002!\000\240\204\216\256\343\247g\346A\233U\277\277\304\375R)\211\211]\206\362U\n\205\367n\377\307H\313\272\002 O\255\211\0338\323a+\324\227\327\365\243\373\242\352\336\337\036\226S-l\312}v\336\377\340E\265\r""; "
1750587312065,1750587312065,0,1,1,3,TMValidation,"validation: """"\200\000\000\001&\000\000\000\020)/\352\2240:I\203w\200\211\SGQ?Z\326\257)\2439\250\272\002\370\360\022\220W 062/8s4\204\363\253&I\000m\335\025P\027\000\000\000\000\000\000\000\000\000\000\000\000\000\000\000\000\000\000\000\000\000\000\000\000\000\000\000\000\000\000\000\000P\031\345X\002=\033c\255\253\226\014-o\364!\262f\370\222\250\377\220&p\343\245\3604Op\353\317\305s!\002\347\243J\206W\025ML\260\226\0163\217\250\337\325W\253\356*O\245Z\271\234\207C\274\375`\335\311vG0E\002!\000\240\204\216\256\343\247g\346A\233U\277\277\304\375R)\211\211]\206\362U\n\205\367n\377\307H\313\272\002 O\255\211\0338\323a+\324\227\327\365\243\373\242\352\336\337\036\226S-l\312}v\336\377\340E\265\r""; ","validation: """"\200\000\000\001&\000\000\000\020)/\352\2240:I\203w\200\211\SGQ?Z\326\257)\2439\250\272\002\370\360\022\220W 062/8s4\204\363\253&I\000m\335\025P\027\000\000\000\000\000\000\000\000\000\000\000\000\000\000\000\000\000\000\000\000\000\000\000\000\000\000\000\000\000\000\000\000P\031\345X\002=\033c\255\253\226\014-o\364!\262f\370\222\250\377\220&p\343\245\3604Op\353\317\305s!\002\347\243J\206W\025ML\260\226\0163\217\250\337\325W\253\356*O\245Z\271\234\207C\274\375`\335\311vG0E\002!\000\240\204\216\256\343\247g\346A\233U\277\277\304\375R)\211\211]\206\362U\n\205\367n\377\307H\313\272\002 O\255\211\0338\323a+\324\227\327\365\243\373\242\352\336\337\036\226S-l\312}v\336\377\340E\265\r""; "
1750587312066,1750587312066,0,1,4,1,TMValidation,"validation: """"\200\000\000\001&\000\000\000\020)/\352\2240:I\203w\200\211\SGQ?Z\326\257)\2439\250\272\002\370\360\022\220W 062/8s4\204\363\253&I\000m\335\025P\027\000\000\000\000\000\000\000\000\000\000\000\000\000\000\000\000\000\000\000\000\000\000\000\000\000\000\000\000\000\000\000\000P\031\345X\002=\033c\255\253\226\014-o\364!\262f\370\222\250\377\220&p\343\245\3604Op\353\317\305s!\002\347\243J\206W\025ML\260\226\0163\217\250\337\325W\253\356*O\245Z\271\234\207C\274\375`\335\311vG0E\002!\000\240\204\216\256\343\247g\346A\233U\277\277\304\375R)\211\211]\206\362U\n\205\367n\377\307H\313\272\002 O\255\211\0338\323a+\324\227\327\365\243\373\242\352\336\337\036\226S-l\312}v\336\377\340E\265\r""; ","validation: """"\200\000\000\001&\000\000\000\020)/\352\2240:I\203w\200\211\SGQ?Z\326\257)\2439\250\272\002\370\360\022\220W 062/8s4\204\363\253&I\000m\335\025P\027\000\000\000\000\000\000\000\000\000\000\000\000\000\000\000\000\000\000\000\000\000\000\000\000\000\000\000\000\000\000\000\000P\031\345X\002=\033c\255\253\226\014-o\364!\262f\370\222\250\377\220&p\343\245\3604Op\353\317\305s!\002\347\243J\206W\025ML\260\226\0163\217\250\337\325W\253\356*O\245Z\271\234\207C\274\375`\335\311vG0E\002!\000\240\204\216\256\343\247g\346A\233U\277\277\304\375R)\211\211]\206\362U\n\205\367n\377\307H\313\272\002 O\255\211\0338\323a+\324\227\327\365\243\373\242\352\336\337\036\226S-l\312}v\336\377\340E\265\r""; "
1750587312066,1750587312066,0,1,4,3,TMValidation,"validation: """"\200\000\000\001&\000\000\000\020)/\352\2240:I\203w\200\211\SGQ?Z\326\257)\2439\250\272\002\370\360\022\220W 062/8s4\204\363\253&I\000m\335\025P\027\000\000\000\000\000\000\000\000\000\000\000\000\000\000\000\000\000\000\000\000\000\000\000\000\000\000\000\000\000\000\000\000P\031\345X\002=\033c\255\253\226\014-o\364!\262f\370\222\250\377\220&p\343\245\3604Op\353\317\305s!\002\347\243J\206W\025ML\260\226\0163\217\250\337\325W\253\356*O\245Z\271\234\207C\274\375`\335\311vG0E\002!\000\240\204\216\256\343\247g\346A\233U\277\277\304\375R)\211\211]\206\362U\n\205\367n\377\307H\313\272\002 O\255\211\0338\323a+\324\227\327\365\243\373\242\352\336\337\036\226S-l\312}v\336\377\340E\265\r""; ","validation: """"\200\000\000\001&\000\000\000\020)/\352\2240:I\203w\200\211\SGQ?Z\326\257)\2439\250\272\002\370\360\022\220W 062/8s4\204\363\253&I\000m\335\025P\027\000\000\000\000\000\000\000\000\000\000\000\000\000\000\000\000\000\000\000\000\000\000\000\000\000\000\000\000\000\000\000\000P\031\345X\002=\033c\255\253\226\014-o\364!\262f\370\222\250\377\220&p\343\245\3604Op\353\317\305s!\002\347\243J\206W\025ML\260\226\0163\217\250\337\325W\253\356*O\245Z\271\234\207C\274\375`\335\311vG0E\002!\000\240\204\216\256\343\247g\346A\233U\277\277\304\375R)\211\211]\206\362U\n\205\367n\377\307H\313\272\002 O\255\211\0338\323a+\324\227\327\365\243\373\242\352\336\337\036\226S-l\312}v\336\377\340E\265\r""; "
1750587312067,1750587312067,0,1,3,2,TMValidation,"validation: """"\200\000\000\001&\000\000\000\020)/\352\2240:I\203w\200\211\SGQ?Z\326\257)\2439\250\272\002\370\360\022\220W 062/8s4\204\363\253&I\000m\335\025P\027\000\000\000\000\000\000\000\000\000\000\000\000\000\000\000\000\000\000\000\000\000\000\000\000\000\000\000\000\000\000\000\000P\031\345X\002=\033c\255\253\226\014-o\364!\262f\370\222\250\377\220&p\343\245\3604Op\353\317\305s!\002\347\243J\206W\025ML\260\226\0163\217\250\337\325W\253\356*O\245Z\271\234\207C\274\375`\335\311vG0E\002!\000\240\204\216\256\343\247g\346A\233U\277\277\304\375R)\211\211]\206\362U\n\205\367n\377\307H\313\272\002 O\255\211\0338\323a+\324\227\327\365\243\373\242\352\336\337\036\226S-l\312}v\336\377\340E\265\r""; ","validation: """"\200\000\000\001&\000\000\000\020)/\352\2240:I\203w\200\211\SGQ?Z\326\257)\2439\250\272\002\370\360\022\220W 062/8s4\204\363\253&I\000m\335\025P\027\000\000\000\000\000\000\000\000\000\000\000\000\000\000\000\000\000\000\000\000\000\000\000\000\000\000\000\000\000\000\000\000P\031\345X\002=\033c\255\253\226\014-o\364!\262f\370\222\250\377\220&p\343\245\3604Op\353\317\305s!\002\347\243J\206W\025ML\260\226\0163\217\250\337\325W\253\356*O\245Z\271\234\207C\274\375`\335\311vG0E\002!\000\240\204\216\256\343\247g\346A\233U\277\277\304\375R)\211\211]\206\362U\n\205\367n\377\307H\313\272\002 O\255\211\0338\323a+\324\227\327\365\243\373\242\352\336\337\036\226S-l\312}v\336\377\340E\265\r""; "
1750587312067,1750587312067,0,1,4,2,TMValidation,"validation: """"\200\000\000\001&\000\000\000\020)/\352\2240:I\203w\200\211\SGQ?Z\326\257)\2439\250\272\002\370\360\022\220W 062/8s4\204\363\253&I\000m\335\025P\027\000\000\000\000\000\000\000\000\000\000\000\000\000\000\000\000\000\000\000\000\000\000\000\000\000\000\000\000\000\000\000\000P\031\345X\002=\033c\255\253\226\014-o\364!\262f\370\222\250\377\220&p\343\245\3604Op\353\317\305s!\002\347\243J\206W\025ML\260\226\0163\217\250\337\325W\253\356*O\245Z\271\234\207C\274\375`\335\311vG0E\002!\000\240\204\216\256\343\247g\346A\233U\277\277\304\375R)\211\211]\206\362U\n\205\367n\377\307H\313\272\002 O\255\211\0338\323a+\324\227\327\365\243\373\242\352\336\337\036\226S-l\312}v\336\377\340E\265\r""; ","validation: """"\200\000\000\001&\000\000\000\020)/\352\2240:I\203w\200\211\SGQ?Z\326\257)\2439\250\272\002\370\360\022\220W 062/8s4\204\363\253&I\000m\335\025P\027\000\000\000\000\000\000\000\000\000\000\000\000\000\000\000\000\000\000\000\000\000\000\000\000\000\000\000\000\000\000\000\000P\031\345X\002=\033c\255\253\226\014-o\364!\262f\370\222\250\377\220&p\343\245\3604Op\353\317\305s!\002\347\243J\206W\025ML\260\226\0163\217\250\337\325W\253\356*O\245Z\271\234\207C\274\375`\335\311vG0E\002!\000\240\204\216\256\343\247g\346A\233U\277\277\304\375R)\211\211]\206\362U\n\205\367n\377\307H\313\272\002 O\255\211\0338\323a+\324\227\327\365\243\373\242\352\336\337\036\226S-l\312}v\336\377\340E\265\r""; "
1750587312067,1750587312068,0,1,3,4,TMValidation,"validation: """"\200\000\000\001&\000\000\000\020)/\352\2240:I\203w\200\211\SGQ?Z\326\257)\2439\250\272\002\370\360\022\220W 062/8s4\204\363\253&I\000m\335\025P\027\000\000\000\000\000\000\000\000\000\000\000\000\000\000\000\000\000\000\000\000\000\000\000\000\000\000\000\000\000\000\000\000P\031\345X\002=\033c\255\253\226\014-o\364!\262f\370\222\250\377\220&p\343\245\3604Op\353\317\305s!\002\347\243J\206W\025ML\260\226\0163\217\250\337\325W\253\356*O\245Z\271\234\207C\274\375`\335\311vG0E\002!\000\240\204\216\256\343\247g\346A\233U\277\277\304\375R)\211\211]\206\362U\n\205\367n\377\307H\313\272\002 O\255\211\0338\323a+\324\227\327\365\243\373\242\352\336\337\036\226S-l\312}v\336\377\340E\265\r""; ","validation: """"\200\000\000\001&\000\000\000\020)/\352\2240:I\203w\200\211\SGQ?Z\326\257)\2439\250\272\002\370\360\022\220W 062/8s4\204\363\253&I\000m\335\025P\027\000\000\000\000\000\000\000\000\000\000\000\000\000\000\000\000\000\000\000\000\000\000\000\000\000\000\000\000\000\000\000\000P\031\345X\002=\033c\255\253\226\014-o\364!\262f\370\222\250\377\220&p\343\245\3604Op\353\317\305s!\002\347\243J\206W\025ML\260\226\0163\217\250\337\325W\253\356*O\245Z\271\234\207C\274\375`\335\311vG0E\002!\000\240\204\216\256\343\247g\346A\233U\277\277\304\375R)\211\211]\206\362U\n\205\367n\377\307H\313\272\002 O\255\211\0338\323a+\324\227\327\365\243\373\242\352\336\337\036\226S-l\312}v\336\377\340E\265\r""; "
1750587312068,1750587312068,0,1,3,1,TMValidation,"validation: """"\200\000\000\001&\000\000\000\020)/\352\2240:I\203w\200\211\SGQ?Z\326\257)\2439\250\272\002\370\360\022\220W 062/8s4\204\363\253&I\000m\335\025P\027\000\000\000\000\000\000\000\000\000\000\000\000\000\000\000\000\000\000\000\000\000\000\000\000\000\000\000\000\000\000\000\000P\031\345X\002=\033c\255\253\226\014-o\364!\262f\370\222\250\377\220&p\343\245\3604Op\353\317\305s!\002\347\243J\206W\025ML\260\226\0163\217\250\337\325W\253\356*O\245Z\271\234\207C\274\375`\335\311vG0E\002!\000\240\204\216\256\343\247g\346A\233U\277\277\304\375R)\211\211]\206\362U\n\205\367n\377\307H\313\272\002 O\255\211\0338\323a+\324\227\327\365\243\373\242\352\336\337\036\226S-l\312}v\336\377\340E\265\r""; ","validation: """"\200\000\000\001&\000\000\000\020)/\352\2240:I\203w\200\211\SGQ?Z\326\257)\2439\250\272\002\370\360\022\220W 062/8s4\204\363\253&I\000m\335\025P\027\000\000\000\000\000\000\000\000\000\000\000\000\000\000\000\000\000\000\000\000\000\000\000\000\000\000\000\000\000\000\000\000P\031\345X\002=\033c\255\253\226\014-o\364!\262f\370\222\250\377\220&p\343\245\3604Op\353\317\305s!\002\347\243J\206W\025ML\260\226\0163\217\250\337\325W\253\356*O\245Z\271\234\207C\274\375`\335\311vG0E\002!\000\240\204\216\256\343\247g\346A\233U\277\277\304\375R)\211\211]\206\362U\n\205\367n\377\307H\313\272\002 O\255\211\0338\323a+\324\227\327\365\243\373\242\352\336\337\036\226S-l\312}v\336\377\340E\265\r""; "
1750587312068,1750587312068,0,1,2,3,TMValidation,"validation: """"\200\000\000\001&\000\000\000\020)/\352\2240:I\203w\200\211\SGQ?Z\326\257)\2439\250\272\002\370\360\022\220W 062/8s4\204\363\253&I\000m\335\025P\027\000\000\000\000\000\000\000\000\000\000\000\000\000\000\000\000\000\000\000\000\000\000\000\000\000\000\000\000\000\000\000\000P\031\345X\002=\033c\255\253\226\014-o\364!\262f\370\222\250\377\220&p\343\245\3604Op\353\317\305s!\002\347\243J\206W\025ML\260\226\0163\217\250\337\325W\253\356*O\245Z\271\234\207C\274\375`\335\311vG0E\002!\000\240\204\216\256\343\247g\346A\233U\277\277\304\375R)\211\211]\206\362U\n\205\367n\377\307H\313\272\002 O\255\211\0338\323a+\324\227\327\365\243\373\242\352\336\337\036\226S-l\312}v\336\377\340E\265\r""; ","validation: """"\200\000\000\001&\000\000\000\020)/\352\2240:I\203w\200\211\SGQ?Z\326\257)\2439\250\272\002\370\360\022\220W 062/8s4\204\363\253&I\000m\335\025P\027\000\000\000\000\000\000\000\000\000\000\000\000\000\000\000\000\000\000\000\000\000\000\000\000\000\000\000\000\000\000\000\000P\031\345X\002=\033c\255\253\226\014-o\364!\262f\370\222\250\377\220&p\343\245\3604Op\353\317\305s!\002\347\243J\206W\025ML\260\226\0163\217\250\337\325W\253\356*O\245Z\271\234\207C\274\375`\335\311vG0E\002!\000\240\204\216\256\343\247g\346A\233U\277\277\304\375R)\211\211]\206\362U\n\205\367n\377\307H\313\272\002 O\255\211\0338\323a+\324\227\327\365\243\373\242\352\336\337\036\226S-l\312}v\336\377\340E\265\r""; "
1750587312068,1750587312069,0,1,2,1,TMValidation,"validation: """"\200\000\000\001&\000\000\000\020)/\352\2240:I\203w\200\211\SGQ?Z\326\257)\2439\250\272\002\370\360\022\220W 062/8s4\204\363\253&I\000m\335\025P\027\000\000\000\000\000\000\000\000\000\000\000\000\000\000\000\000\000\000\000\000\000\000\000\000\000\000\000\000\000\000\000\000P\031\345X\002=\033c\255\253\226\014-o\364!\262f\370\222\250\377\220&p\343\245\3604Op\353\317\305s!\002\347\243J\206W\025ML\260\226\0163\217\250\337\325W\253\356*O\245Z\271\234\207C\274\375`\335\311vG0E\002!\000\240\204\216\256\343\247g\346A\233U\277\277\304\375R)\211\211]\206\362U\n\205\367n\377\307H\313\272\002 O\255\211\0338\323a+\324\227\327\365\243\373\242\352\336\337\036\226S-l\312}v\336\377\340E\265\r""; ","validation: """"\200\000\000\001&\000\000\000\020)/\352\2240:I\203w\200\211\SGQ?Z\326\257)\2439\250\272\002\370\360\022\220W 062/8s4\204\363\253&I\000m\335\025P\027\000\000\000\000\000\000\000\000\000\000\000\000\000\000\000\000\000\000\000\000\000\000\000\000\000\000\000\000\000\000\000\000P\031\345X\002=\033c\255\253\226\014-o\364!\262f\370\222\250\377\220&p\343\245\3604Op\353\317\305s!\002\347\243J\206W\025ML\260\226\0163\217\250\337\325W\253\356*O\245Z\271\234\207C\274\375`\335\311vG0E\002!\000\240\204\216\256\343\247g\346A\233U\277\277\304\375R)\211\211]\206\362U\n\205\367n\377\307H\313\272\002 O\255\211\0338\323a+\324\227\327\365\243\373\242\352\336\337\036\226S-l\312}v\336\377\340E\265\r""; "
1750587312069,1750587312069,0,1,2,4,TMValidation,"validation: """"\200\000\000\001&\000\000\000\020)/\352\2240:I\203w\200\211\SGQ?Z\326\257)\2439\250\272\002\370\360\022\220W 062/8s4\204\363\253&I\000m\335\025P\027\000\000\000\000\000\000\000\000\000\000\000\000\000\000\000\000\000\000\000\000\000\000\000\000\000\000\000\000\000\000\000\000P\031\345X\002=\033c\255\253\226\014-o\364!\262f\370\222\250\377\220&p\343\245\3604Op\353\317\305s!\002\347\243J\206W\025ML\260\226\0163\217\250\337\325W\253\356*O\245Z\271\234\207C\274\375`\335\311vG0E\002!\000\240\204\216\256\343\247g\346A\233U\277\277\304\375R)\211\211]\206\362U\n\205\367n\377\307H\313\272\002 O\255\211\0338\323a+\324\227\327\365\243\373\242\352\336\337\036\226S-l\312}v\336\377\340E\265\r""; ","validation: """"\200\000\000\001&\000\000\000\020)/\352\2240:I\203w\200\211\SGQ?Z\326\257)\2439\250\272\002\370\360\022\220W 062/8s4\204\363\253&I\000m\335\025P\027\000\000\000\000\000\000\000\000\000\000\000\000\000\000\000\000\000\000\000\000\000\000\000\000\000\000\000\000\000\000\000\000P\031\345X\002=\033c\255\253\226\014-o\364!\262f\370\222\250\377\220&p\343\245\3604Op\353\317\305s!\002\347\243J\206W\025ML\260\226\0163\217\250\337\325W\253\356*O\245Z\271\234\207C\274\375`\335\311vG0E\002!\000\240\204\216\256\343\247g\346A\233U\277\277\304\375R)\211\211]\206\362U\n\205\367n\377\307H\313\272\002 O\255\211\0338\323a+\324\227\327\365\243\373\242\352\336\337\036\226S-l\312}v\336\377\340E\265\r""; "
1750587312299,1750587312299,0,1,2,3,TMStatusChange,"newEvent: neACCEPTED_LEDGER; ledgerSeq: 16; ledgerHash: ""?Z\326\257)\2439\250\272\002\370\360\022\220W 062/8s4\204\363\253&I\000m\335\025""; ledgerHashPrevious: ""\345X\002=\033c\255\253\226\014-o\364!\262f\370\222\250\377\220&p\343\245\3604Op\353\317\305""; networkTime: 803902512; firstSeq: 1; lastSeq: 15; ","newEvent: neACCEPTED_LEDGER; ledgerSeq: 16; ledgerHash: ""?Z\326\257)\2439\250\272\002\370\360\022\220W 062/8s4\204\363\253&I\000m\335\025""; ledgerHashPrevious: ""\345X\002=\033c\255\253\226\014-o\364!\262f\370\222\250\377\220&p\343\245\3604Op\353\317\305""; networkTime: 803902512; firstSeq: 1; lastSeq: 15; "
1750587312299,1750587312299,0,1,2,1,TMStatusChange,"newEvent: neACCEPTED_LEDGER; ledgerSeq: 16; ledgerHash: ""?Z\326\257)\2439\250\272\002\370\360\022\220W 062/8s4\204\363\253&I\000m\335\025""; ledgerHashPrevious: ""\345X\002=\033c\255\253\226\014-o\364!\262f\370\222\250\377\220&p\343\245\3604Op\353\317\305""; networkTime: 803902512; firstSeq: 1; lastSeq: 15; ","newEvent: neACCEPTED_LEDGER; ledgerSeq: 16; ledgerHash: ""?Z\326\257)\2439\250\272\002\370\360\022\220W 062/8s4\204\363\253&I\000m\335\025""; ledgerHashPrevious: ""\345X\002=\033c\255\253\226\014-o\364!\262f\370\222\250\377\220&p\343\245\3604Op\353\317\305""; networkTime: 803902512; firstSeq: 1; lastSeq: 15; "
1750587312300,1750587312300,0,1,2,4,TMStatusChange,"newEvent: neACCEPTED_LEDGER; ledgerSeq: 16; ledgerHash: ""?Z\326\257)\2439\250\272\002\370\360\022\220W 062/8s4\204\363\253&I\000m\335\025""; ledgerHashPrevious: ""\345X\002=\033c\255\253\226\014-o\364!\262f\370\222\250\377\220&p\343\245\3604Op\353\317\305""; networkTime: 803902512; firstSeq: 1; lastSeq: 15; ","newEvent: neACCEPTED_LEDGER; ledgerSeq: 16; ledgerHash: ""?Z\326\257)\2439\250\272\002\370\360\022\220W 062/8s4\204\363\253&I\000m\335\025""; ledgerHashPrevious: ""\345X\002=\033c\255\253\226\014-o\364!\262f\370\222\250\377\220&p\343\245\3604Op\353\317\305""; networkTime: 803902512; firstSeq: 1; lastSeq: 15; "
1750587312300,1750587312300,0,1,2,0,TMStatusChange,"newEvent: neACCEPTED_LEDGER; ledgerSeq: 16; ledgerHash: ""?Z\326\257)\2439\250\272\002\370\360\022\220W 062/8s4\204\363\253&I\000m\335\025""; ledgerHashPrevious: ""\345X\002=\033c\255\253\226\014-o\364!\262f\370\222\250\377\220&p\343\245\3604Op\353\317\305""; networkTime: 803902512; firstSeq: 1; lastSeq: 15; ","newEvent: neACCEPTED_LEDGER; ledgerSeq: 16; ledgerHash: ""?Z\326\257)\2439\250\272\002\370\360\022\220W 062/8s4\204\363\253&I\000m\335\025""; ledgerHashPrevious: ""\345X\002=\033c\255\253\226\014-o\364!\262f\370\222\250\377\220&p\343\245\3604Op\353\317\305""; networkTime: 803902512; firstSeq: 1; lastSeq: 15; "
1750587312342,1750587312342,0,1,2,4,TMValidation,"validation: """"\200\000\000\001&\000\000\000\020)/\352\2240:Q\231\304\227'3\313\030Q?Z\326\257)\2439\250\272\002\370\360\022\220W 062/8s4\204\363\253&I\000m\335\025P\027\000\000\000\000\000\000\000\000\000\000\000\000\000\000\000\000\000\000\000\000\000\000\000\000\000\000\000\000\000\000\000\000P\031\345X\002=\033c\255\253\226\014-o\364!\262f\370\222\250\377\220&p\343\245\3604Op\353\317\305s!\003ql\302)\235\321\t\213\224\356\374%%\311\327\037\374\304\t\335\2359\344\233\035]\347<u\236\364\222vG0E\002!\000\371,\004\026\212Z)f\221\362\255{\266\0102i\317\2340\203\370H\223JVZ\2675?\341\247l\002 n\246\327\205\307\021\365sUes\004\336\317\204G\370^\\300\200~\016cB4_\223GB\2630""; ","validation: """"\200\000\000\001&\000\000\000\020)/\352\2240:Q\231\304\227'3\313\030Q?Z\326\257)\2439\250\272\002\370\360\022\220W 062/8s4\204\363\253&I\000m\335\025P\027\000\000\000\000\000\000\000\000\000\000\000\000\000\000\000\000\000\000\000\000\000\000\000\000\000\000\000\000\000\000\000\000P\031\345X\002=\033c\255\253\226\014-o\364!\262f\370\222\250\377\220&p\343\245\3604Op\353\317\305s!\003ql\302)\235\321\t\213\224\356\374%%\311\327\037\374\304\t\335\2359\344\233\035]\347<u\236\364\222vG0E\002!\000\371,\004\026\212Z)f\221\362\255{\266\0102i\317\2340\203\370H\223JVZ\2675?\341\247l\002 n\246\327\205\307\021\365sUes\004\336\317\204G\370^\\300\200~\016cB4_\223GB\2630""; "
1750587312343,1750587312343,0,1,2,1,TMValidation,"validation: """"\200\000\000\001&\000\000\000\020)/\352\2240:Q\231\304\227'3\313\030Q?Z\326\257)\2439\250\272\002\370\360\022\220W 062/8s4\204\363\253&I\000m\335\025P\027\000\000\000\000\000\000\000\000\000\000\000\000\000\000\000\000\000\000\000\000\000\000\000\000\000\000\000\000\000\000\000\000P\031\345X\002=\033c\255\253\226\014-o\364!\262f\370\222\250\377\220&p\343\245\3604Op\353\317\305s!\003ql\302)\235\321\t\213\224\356\374%%\311\327\037\374\304\t\335\2359\344\233\035]\347<u\236\364\222vG0E\002!\000\371,\004\026\212Z)f\221\362\255{\266\0102i\317\2340\203\370H\223JVZ\2675?\341\247l\002 n\246\327\205\307\021\365sUes\004\336\317\204G\370^\\300\200~\016cB4_\223GB\2630""; ","validation: """"\200\000\000\001&\000\000\000\020)/\352\2240:Q\231\304\227'3\313\030Q?Z\326\257)\2439\250\272\002\370\360\022\220W 062/8s4\204\363\253&I\000m\335\025P\027\000\000\000\000\000\000\000\000\000\000\000\000\000\000\000\000\000\000\000\000\000\000\000\000\000\000\000\000\000\000\000\000P\031\345X\002=\033c\255\253\226\014-o\364!\262f\370\222\250\377\220&p\343\245\3604Op\353\317\305s!\003ql\302)\235\321\t\213\224\356\374%%\311\327\037\374\304\t\335\2359\344\233\035]\347<u\236\364\222vG0E\002!\000\371,\004\026\212Z)f\221\362\255{\266\0102i\317\2340\203\370H\223JVZ\2675?\341\247l\002 n\246\327\205\307\021\365sUes\004\336\317\204G\370^\\300\200~\016cB4_\223GB\2630""; "
1750587312344,1750587312344,0,1,2,3,TMValidation,"validation: """"\200\000\000\001&\000\000\000\020)/\352\2240:Q\231\304\227'3\313\030Q?Z\326\257)\2439\250\272\002\370\360\022\220W 062/8s4\204\363\253&I\000m\335\025P\027\000\000\000\000\000\000\000\000\000\000\000\000\000\000\000\000\000\000\000\000\000\000\000\000\000\000\000\000\000\000\000\000P\031\345X\002=\033c\255\253\226\014-o\364!\262f\370\222\250\377\220&p\343\245\3604Op\353\317\305s!\003ql\302)\235\321\t\213\224\356\374%%\311\327\037\374\304\t\335\2359\344\233\035]\347<u\236\364\222vG0E\002!\000\371,\004\026\212Z)f\221\362\255{\266\0102i\317\2340\203\370H\223JVZ\2675?\341\247l\002 n\246\327\205\307\021\365sUes\004\336\317\204G\370^\\300\200~\016cB4_\223GB\2630""; ","validation: """"\200\000\000\001&\000\000\000\020)/\352\2240:Q\231\304\227'3\313\030Q?Z\326\257)\2439\250\272\002\370\360\022\220W 062/8s4\204\363\253&I\000m\335\025P\027\000\000\000\000\000\000\000\000\000\000\000\000\000\000\000\000\000\000\000\000\000\000\000\000\000\000\000\000\000\000\000\000P\031\345X\002=\033c\255\253\226\014-o\364!\262f\370\222\250\377\220&p\343\245\3604Op\353\317\305s!\003ql\302)\235\321\t\213\224\356\374%%\311\327\037\374\304\t\335\2359\344\233\035]\347<u\236\364\222vG0E\002!\000\371,\004\026\212Z)f\221\362\255{\266\0102i\317\2340\203\370H\223JVZ\2675?\341\247l\002 n\246\327\205\307\021\365sUes\004\336\317\204G\370^\\300\200~\016cB4_\223GB\2630""; "
1750587312343,1750587312343,0,1,2,0,TMValidation,"validation: """"\200\000\000\001&\000\000\000\020)/\352\2240:Q\231\304\227'3\313\030Q?Z\326\257)\2439\250\272\002\370\360\022\220W 062/8s4\204\363\253&I\000m\335\025P\027\000\000\000\000\000\000\000\000\000\000\000\000\000\000\000\000\000\000\000\000\000\000\000\000\000\000\000\000\000\000\000\000P\031\345X\002=\033c\255\253\226\014-o\364!\262f\370\222\250\377\220&p\343\245\3604Op\353\317\305s!\003ql\302)\235\321\t\213\224\356\374%%\311\327\037\374\304\t\335\2359\344\233\035]\347<u\236\364\222vG0E\002!\000\371,\004\026\212Z)f\221\362\255{\266\0102i\317\2340\203\370H\223JVZ\2675?\341\247l\002 n\246\327\205\307\021\365sUes\004\336\317\204G\370^\\300\200~\016cB4_\223GB\2630""; ","validation: """"\200\000\000\001&\000\000\000\020)/\352\2240:Q\231\304\227'3\313\030Q?Z\326\257)\2439\250\272\002\370\360\022\220W 062/8s4\204\363\253&I\000m\335\025P\027\000\000\000\000\000\000\000\000\000\000\000\000\000\000\000\000\000\000\000\000\000\000\000\000\000\000\000\000\000\000\000\000P\031\345X\002=\033c\255\253\226\014-o\364!\262f\370\222\250\377\220&p\343\245\3604Op\353\317\305s!\003ql\302)\235\321\t\213\224\356\374%%\311\327\037\374\304\t\335\2359\344\233\035]\347<u\236\364\222vG0E\002!\000\371,\004\026\212Z)f\221\362\255{\266\0102i\317\2340\203\370H\223JVZ\2675?\341\247l\002 n\246\327\205\307\021\365sUes\004\336\317\204G\370^\\300\200~\016cB4_\223GB\2630""; "
1750587312345,1750587312345,0,1,4,3,TMValidation,"validation: """"\200\000\000\001&\000\000\000\020)/\352\2240:Q\231\304\227'3\313\030Q?Z\326\257)\2439\250\272\002\370\360\022\220W 062/8s4\204\363\253&I\000m\335\025P\027\000\000\000\000\000\000\000\000\000\000\000\000\000\000\000\000\000\000\000\000\000\000\000\000\000\000\000\000\000\000\000\000P\031\345X\002=\033c\255\253\226\014-o\364!\262f\370\222\250\377\220&p\343\245\3604Op\353\317\305s!\003ql\302)\235\321\t\213\224\356\374%%\311\327\037\374\304\t\335\2359\344\233\035]\347<u\236\364\222vG0E\002!\000\371,\004\026\212Z)f\221\362\255{\266\0102i\317\2340\203\370H\223JVZ\2675?\341\247l\002 n\246\327\205\307\021\365sUes\004\336\317\204G\370^\\300\200~\016cB4_\223GB\2630""; ","validation: """"\200\000\000\001&\000\000\000\020)/\352\2240:Q\231\304\227'3\313\030Q?Z\326\257)\2439\250\272\002\370\360\022\220W 062/8s4\204\363\253&I\000m\335\025P\027\000\000\000\000\000\000\000\000\000\000\000\000\000\000\000\000\000\000\000\000\000\000\000\000\000\000\000\000\000\000\000\000P\031\345X\002=\033c\255\253\226\014-o\364!\262f\370\222\250\377\220&p\343\245\3604Op\353\317\305s!\003ql\302)\235\321\t\213\224\356\374%%\311\327\037\374\304\t\335\2359\344\233\035]\347<u\236\364\222vG0E\002!\000\371,\004\026\212Z)f\221\362\255{\266\0102i\317\2340\203\370H\223JVZ\2675?\341\247l\002 n\246\327\205\307\021\365sUes\004\336\317\204G\370^\\300\200~\016cB4_\223GB\2630""; "
1750587312346,1750587312346,0,1,4,0,TMValidation,"validation: """"\200\000\000\001&\000\000\000\020)/\352\2240:Q\231\304\227'3\313\030Q?Z\326\257)\2439\250\272\002\370\360\022\220W 062/8s4\204\363\253&I\000m\335\025P\027\000\000\000\000\000\000\000\000\000\000\000\000\000\000\000\000\000\000\000\000\000\000\000\000\000\000\000\000\000\000\000\000P\031\345X\002=\033c\255\253\226\014-o\364!\262f\370\222\250\377\220&p\343\245\3604Op\353\317\305s!\003ql\302)\235\321\t\213\224\356\374%%\311\327\037\374\304\t\335\2359\344\233\035]\347<u\236\364\222vG0E\002!\000\371,\004\026\212Z)f\221\362\255{\266\0102i\317\2340\203\370H\223JVZ\2675?\341\247l\002 n\246\327\205\307\021\365sUes\004\336\317\204G\370^\\300\200~\016cB4_\223GB\2630""; ","validation: """"\200\000\000\001&\000\000\000\020)/\352\2240:Q\231\304\227'3\313\030Q?Z\326\257)\2439\250\272\002\370\360\022\220W 062/8s4\204\363\253&I\000m\335\025P\027\000\000\000\000\000\000\000\000\000\000\000\000\000\000\000\000\000\000\000\000\000\000\000\000\000\000\000\000\000\000\000\000P\031\345X\002=\033c\255\253\226\014-o\364!\262f\370\222\250\377\220&p\343\245\3604Op\353\317\305s!\003ql\302)\235\321\t\213\224\356\374%%\311\327\037\374\304\t\335\2359\344\233\035]\347<u\236\364\222vG0E\002!\000\371,\004\026\212Z)f\221\362\255{\266\0102i\317\2340\203\370H\223JVZ\2675?\341\247l\002 n\246\327\205\307\021\365sUes\004\336\317\204G\370^\\300\200~\016cB4_\223GB\2630""; "
1750587312347,1750587312347,0,1,1,4,TMValidation,"validation: """"\200\000\000\001&\000\000\000\020)/\352\2240:Q\231\304\227'3\313\030Q?Z\326\257)\2439\250\272\002\370\360\022\220W 062/8s4\204\363\253&I\000m\335\025P\027\000\000\000\000\000\000\000\000\000\000\000\000\000\000\000\000\000\000\000\000\000\000\000\000\000\000\000\000\000\000\000\000P\031\345X\002=\033c\255\253\226\014-o\364!\262f\370\222\250\377\220&p\343\245\3604Op\353\317\305s!\003ql\302)\235\321\t\213\224\356\374%%\311\327\037\374\304\t\335\2359\344\233\035]\347<u\236\364\222vG0E\002!\000\371,\004\026\212Z)f\221\362\255{\266\0102i\317\2340\203\370H\223JVZ\2675?\341\247l\002 n\246\327\205\307\021\365sUes\004\336\317\204G\370^\\300\200~\016cB4_\223GB\2630""; ","validation: """"\200\000\000\001&\000\000\000\020)/\352\2240:Q\231\304\227'3\313\030Q?Z\326\257)\2439\250\272\002\370\360\022\220W 062/8s4\204\363\253&I\000m\335\025P\027\000\000\000\000\000\000\000\000\000\000\000\000\000\000\000\000\000\000\000\000\000\000\000\000\000\000\000\000\000\000\000\000P\031\345X\002=\033c\255\253\226\014-o\364!\262f\370\222\250\377\220&p\343\245\3604Op\353\317\305s!\003ql\302)\235\321\t\213\224\356\374%%\311\327\037\374\304\t\335\2359\344\233\035]\347<u\236\364\222vG0E\002!\000\371,\004\026\212Z)f\221\362\255{\266\0102i\317\2340\203\370H\223JVZ\2675?\341\247l\002 n\246\327\205\307\021\365sUes\004\336\317\204G\370^\\300\200~\016cB4_\223GB\2630""; "
1750587312345,1750587312346,0,1,4,1,TMValidation,"validation: """"\200\000\000\001&\000\000\000\020)/\352\2240:Q\231\304\227'3\313\030Q?Z\326\257)\2439\250\272\002\370\360\022\220W 062/8s4\204\363\253&I\000m\335\025P\027\000\000\000\000\000\000\000\000\000\000\000\000\000\000\000\000\000\000\000\000\000\000\000\000\000\000\000\000\000\000\000\000P\031\345X\002=\033c\255\253\226\014-o\364!\262f\370\222\250\377\220&p\343\245\3604Op\353\317\305s!\003ql\302)\235\321\t\213\224\356\374%%\311\327\037\374\304\t\335\2359\344\233\035]\347<u\236\364\222vG0E\002!\000\371,\004\026\212Z)f\221\362\255{\266\0102i\317\2340\203\370H\223JVZ\2675?\341\247l\002 n\246\327\205\307\021\365sUes\004\336\317\204G\370^\\300\200~\016cB4_\223GB\2630""; ","validation: """"\200\000\000\001&\000\000\000\020)/\352\2240:Q\231\304\227'3\313\030Q?Z\326\257)\2439\250\272\002\370\360\022\220W 062/8s4\204\363\253&I\000m\335\025P\027\000\000\000\000\000\000\000\000\000\000\000\000\000\000\000\000\000\000\000\000\000\000\000\000\000\000\000\000\000\000\000\000P\031\345X\002=\033c\255\253\226\014-o\364!\262f\370\222\250\377\220&p\343\245\3604Op\353\317\305s!\003ql\302)\235\321\t\213\224\356\374%%\311\327\037\374\304\t\335\2359\344\233\035]\347<u\236\364\222vG0E\002!\000\371,\004\026\212Z)f\221\362\255{\266\0102i\317\2340\203\370H\223JVZ\2675?\341\247l\002 n\246\327\205\307\021\365sUes\004\336\317\204G\370^\\300\200~\016cB4_\223GB\2630""; "
1750587312347,1750587312347,0,1,1,3,TMValidation,"validation: """"\200\000\000\001&\000\000\000\020)/\352\2240:Q\231\304\227'3\313\030Q?Z\326\257)\2439\250\272\002\370\360\022\220W 062/8s4\204\363\253&I\000m\335\025P\027\000\000\000\000\000\000\000\000\000\000\000\000\000\000\000\000\000\000\000\000\000\000\000\000\000\000\000\000\000\000\000\000P\031\345X\002=\033c\255\253\226\014-o\364!\262f\370\222\250\377\220&p\343\245\3604Op\353\317\305s!\003ql\302)\235\321\t\213\224\356\374%%\311\327\037\374\304\t\335\2359\344\233\035]\347<u\236\364\222vG0E\002!\000\371,\004\026\212Z)f\221\362\255{\266\0102i\317\2340\203\370H\223JVZ\2675?\341\247l\002 n\246\327\205\307\021\365sUes\004\336\317\204G\370^\\300\200~\016cB4_\223GB\2630""; ","validation: """"\200\000\000\001&\000\000\000\020)/\352\2240:Q\231\304\227'3\313\030Q?Z\326\257)\2439\250\272\002\370\360\022\220W 062/8s4\204\363\253&I\000m\335\025P\027\000\000\000\000\000\000\000\000\000\000\000\000\000\000\000\000\000\000\000\000\000\000\000\000\000\000\000\000\000\000\000\000P\031\345X\002=\033c\255\253\226\014-o\364!\262f\370\222\250\377\220&p\343\245\3604Op\353\317\305s!\003ql\302)\235\321\t\213\224\356\374%%\311\327\037\374\304\t\335\2359\344\233\035]\347<u\236\364\222vG0E\002!\000\371,\004\026\212Z)f\221\362\255{\266\0102i\317\2340\203\370H\223JVZ\2675?\341\247l\002 n\246\327\205\307\021\365sUes\004\336\317\204G\370^\\300\200~\016cB4_\223GB\2630""; "
1750587312348,1750587312348,0,1,3,4,TMValidation,"validation: """"\200\000\000\001&\000\000\000\020)/\352\2240:Q\231\304\227'3\313\030Q?Z\326\257)\2439\250\272\002\370\360\022\220W 062/8s4\204\363\253&I\000m\335\025P\027\000\000\000\000\000\000\000\000\000\000\000\000\000\000\000\000\000\000\000\000\000\000\000\000\000\000\000\000\000\000\000\000P\031\345X\002=\033c\255\253\226\014-o\364!\262f\370\222\250\377\220&p\343\245\3604Op\353\317\305s!\003ql\302)\235\321\t\213\224\356\374%%\311\327\037\374\304\t\335\2359\344\233\035]\347<u\236\364\222vG0E\002!\000\371,\004\026\212Z)f\221\362\255{\266\0102i\317\2340\203\370H\223JVZ\2675?\341\247l\002 n\246\327\205\307\021\365sUes\004\336\317\204G\370^\\300\200~\016cB4_\223GB\2630""; ","validation: """"\200\000\000\001&\000\000\000\020)/\352\2240:Q\231\304\227'3\313\030Q?Z\326\257)\2439\250\272\002\370\360\022\220W 062/8s4\204\363\253&I\000m\335\025P\027\000\000\000\000\000\000\000\000\000\000\000\000\000\000\000\000\000\000\000\000\000\000\000\000\000\000\000\000\000\000\000\000P\031\345X\002=\033c\255\253\226\014-o\364!\262f\370\222\250\377\220&p\343\245\3604Op\353\317\305s!\003ql\302)\235\321\t\213\224\356\374%%\311\327\037\374\304\t\335\2359\344\233\035]\347<u\236\364\222vG0E\002!\000\371,\004\026\212Z)f\221\362\255{\266\0102i\317\2340\203\370H\223JVZ\2675?\341\247l\002 n\246\327\205\307\021\365sUes\004\336\317\204G\370^\\300\200~\016cB4_\223GB\2630""; "
1750587312348,1750587312348,0,1,3,1,TMValidation,"validation: """"\200\000\000\001&\000\000\000\020)/\352\2240:Q\231\304\227'3\313\030Q?Z\326\257)\2439\250\272\002\370\360\022\220W 062/8s4\204\363\253&I\000m\335\025P\027\000\000\000\000\000\000\000\000\000\000\000\000\000\000\000\000\000\000\000\000\000\000\000\000\000\000\000\000\000\000\000\000P\031\345X\002=\033c\255\253\226\014-o\364!\262f\370\222\250\377\220&p\343\245\3604Op\353\317\305s!\003ql\302)\235\321\t\213\224\356\374%%\311\327\037\374\304\t\335\2359\344\233\035]\347<u\236\364\222vG0E\002!\000\371,\004\026\212Z)f\221\362\255{\266\0102i\317\2340\203\370H\223JVZ\2675?\341\247l\002 n\246\327\205\307\021\365sUes\004\336\317\204G\370^\\300\200~\016cB4_\223GB\2630""; ","validation: """"\200\000\000\001&\000\000\000\020)/\352\2240:Q\231\304\227'3\313\030Q?Z\326\257)\2439\250\272\002\370\360\022\220W 062/8s4\204\363\253&I\000m\335\025P\027\000\000\000\000\000\000\000\000\000\000\000\000\000\000\000\000\000\000\000\000\000\000\000\000\000\000\000\000\000\000\000\000P\031\345X\002=\033c\255\253\226\014-o\364!\262f\370\222\250\377\220&p\343\245\3604Op\353\317\305s!\003ql\302)\235\321\t\213\224\356\374%%\311\327\037\374\304\t\335\2359\344\233\035]\347<u\236\364\222vG0E\002!\000\371,\004\026\212Z)f\221\362\255{\266\0102i\317\2340\203\370H\223JVZ\2675?\341\247l\002 n\246\327\205\307\021\365sUes\004\336\317\204G\370^\\300\200~\016cB4_\223GB\2630""; "
1750587312348,1750587312349,0,1,1,0,TMValidation,"validation: """"\200\000\000\001&\000\000\000\020)/\352\2240:Q\231\304\227'3\313\030Q?Z\326\257)\2439\250\272\002\370\360\022\220W 062/8s4\204\363\253&I\000m\335\025P\027\000\000\000\000\000\000\000\000\000\000\000\000\000\000\000\000\000\000\000\000\000\000\000\000\000\000\000\000\000\000\000\000P\031\345X\002=\033c\255\253\226\014-o\364!\262f\370\222\250\377\220&p\343\245\3604Op\353\317\305s!\003ql\302)\235\321\t\213\224\356\374%%\311\327\037\374\304\t\335\2359\344\233\035]\347<u\236\364\222vG0E\002!\000\371,\004\026\212Z)f\221\362\255{\266\0102i\317\2340\203\370H\223JVZ\2675?\341\247l\002 n\246\327\205\307\021\365sUes\004\336\317\204G\370^\\300\200~\016cB4_\223GB\2630""; ","validation: """"\200\000\000\001&\000\000\000\020)/\352\2240:Q\231\304\227'3\313\030Q?Z\326\257)\2439\250\272\002\370\360\022\220W 062/8s4\204\363\253&I\000m\335\025P\027\000\000\000\000\000\000\000\000\000\000\000\000\000\000\000\000\000\000\000\000\000\000\000\000\000\000\000\000\000\000\000\000P\031\345X\002=\033c\255\253\226\014-o\364!\262f\370\222\250\377\220&p\343\245\3604Op\353\317\305s!\003ql\302)\235\321\t\213\224\356\374%%\311\327\037\374\304\t\335\2359\344\233\035]\347<u\236\364\222vG0E\002!\000\371,\004\026\212Z)f\221\362\255{\266\0102i\317\2340\203\370H\223JVZ\2675?\341\247l\002 n\246\327\205\307\021\365sUes\004\336\317\204G\370^\\300\200~\016cB4_\223GB\2630""; "
1750587312349,1750587312349,0,1,3,0,TMValidation,"validation: """"\200\000\000\001&\000\000\000\020)/\352\2240:Q\231\304\227'3\313\030Q?Z\326\257)\2439\250\272\002\370\360\022\220W 062/8s4\204\363\253&I\000m\335\025P\027\000\000\000\000\000\000\000\000\000\000\000\000\000\000\000\000\000\000\000\000\000\000\000\000\000\000\000\000\000\000\000\000P\031\345X\002=\033c\255\253\226\014-o\364!\262f\370\222\250\377\220&p\343\245\3604Op\353\317\305s!\003ql\302)\235\321\t\213\224\356\374%%\311\327\037\374\304\t\335\2359\344\233\035]\347<u\236\364\222vG0E\002!\000\371,\004\026\212Z)f\221\362\255{\266\0102i\317\2340\203\370H\223JVZ\2675?\341\247l\002 n\246\327\205\307\021\365sUes\004\336\317\204G\370^\\300\200~\016cB4_\223GB\2630""; ","validation: """"\200\000\000\001&\000\000\000\020)/\352\2240:Q\231\304\227'3\313\030Q?Z\326\257)\2439\250\272\002\370\360\022\220W 062/8s4\204\363\253&I\000m\335\025P\027\000\000\000\000\000\000\000\000\000\000\000\000\000\000\000\000\000\000\000\000\000\000\000\000\000\000\000\000\000\000\000\000P\031\345X\002=\033c\255\253\226\014-o\364!\262f\370\222\250\377\220&p\343\245\3604Op\353\317\305s!\003ql\302)\235\321\t\213\224\356\374%%\311\327\037\374\304\t\335\2359\344\233\035]\347<u\236\364\222vG0E\002!\000\371,\004\026\212Z)f\221\362\255{\266\0102i\317\2340\203\370H\223JVZ\2675?\341\247l\002 n\246\327\205\307\021\365sUes\004\336\317\204G\370^\\300\200~\016cB4_\223GB\2630""; "
1750587312349,1750587312349,0,1,0,1,TMValidation,"validation: """"\200\000\000\001&\000\000\000\020)/\352\2240:Q\231\304\227'3\313\030Q?Z\326\257)\2439\250\272\002\370\360\022\220W 062/8s4\204\363\253&I\000m\335\025P\027\000\000\000\000\000\000\000\000\000\000\000\000\000\000\000\000\000\000\000\000\000\000\000\000\000\000\000\000\000\000\000\000P\031\345X\002=\033c\255\253\226\014-o\364!\262f\370\222\250\377\220&p\343\245\3604Op\353\317\305s!\003ql\302)\235\321\t\213\224\356\374%%\311\327\037\374\304\t\335\2359\344\233\035]\347<u\236\364\222vG0E\002!\000\371,\004\026\212Z)f\221\362\255{\266\0102i\317\2340\203\370H\223JVZ\2675?\341\247l\002 n\246\327\205\307\021\365sUes\004\336\317\204G\370^\\300\200~\016cB4_\223GB\2630""; ","validation: """"\200\000\000\001&\000\000\000\020)/\352\2240:Q\231\304\227'3\313\030Q?Z\326\257)\2439\250\272\002\370\360\022\220W 062/8s4\204\363\253&I\000m\335\025P\027\000\000\000\000\000\000\000\000\000\000\000\000\000\000\000\000\000\000\000\000\000\000\000\000\000\000\000\000\000\000\000\000P\031\345X\002=\033c\255\253\226\014-o\364!\262f\370\222\250\377\220&p\343\245\3604Op\353\317\305s!\003ql\302)\235\321\t\213\224\356\374%%\311\327\037\374\304\t\335\2359\344\233\035]\347<u\236\364\222vG0E\002!\000\371,\004\026\212Z)f\221\362\255{\266\0102i\317\2340\203\370H\223JVZ\2675?\341\247l\002 n\246\327\205\307\021\365sUes\004\336\317\204G\370^\\300\200~\016cB4_\223GB\2630""; "
1750587312349,1750587312349,0,1,0,4,TMValidation,"validation: """"\200\000\000\001&\000\000\000\020)/\352\2240:Q\231\304\227'3\313\030Q?Z\326\257)\2439\250\272\002\370\360\022\220W 062/8s4\204\363\253&I\000m\335\025P\027\000\000\000\000\000\000\000\000\000\000\000\000\000\000\000\000\000\000\000\000\000\000\000\000\000\000\000\000\000\000\000\000P\031\345X\002=\033c\255\253\226\014-o\364!\262f\370\222\250\377\220&p\343\245\3604Op\353\317\305s!\003ql\302)\235\321\t\213\224\356\374%%\311\327\037\374\304\t\335\2359\344\233\035]\347<u\236\364\222vG0E\002!\000\371,\004\026\212Z)f\221\362\255{\266\0102i\317\2340\203\370H\223JVZ\2675?\341\247l\002 n\246\327\205\307\021\365sUes\004\336\317\204G\370^\\300\200~\016cB4_\223GB\2630""; ","validation: """"\200\000\000\001&\000\000\000\020)/\352\2240:Q\231\304\227'3\313\030Q?Z\326\257)\2439\250\272\002\370\360\022\220W 062/8s4\204\363\253&I\000m\335\025P\027\000\000\000\000\000\000\000\000\000\000\000\000\000\000\000\000\000\000\000\000\000\000\000\000\000\000\000\000\000\000\000\000P\031\345X\002=\033c\255\253\226\014-o\364!\262f\370\222\250\377\220&p\343\245\3604Op\353\317\305s!\003ql\302)\235\321\t\213\224\356\374%%\311\327\037\374\304\t\335\2359\344\233\035]\347<u\236\364\222vG0E\002!\000\371,\004\026\212Z)f\221\362\255{\266\0102i\317\2340\203\370H\223JVZ\2675?\341\247l\002 n\246\327\205\307\021\365sUes\004\336\317\204G\370^\\300\200~\016cB4_\223GB\2630""; "
1750587312350,1750587312350,0,1,0,3,TMValidation,"validation: """"\200\000\000\001&\000\000\000\020)/\352\2240:Q\231\304\227'3\313\030Q?Z\326\257)\2439\250\272\002\370\360\022\220W 062/8s4\204\363\253&I\000m\335\025P\027\000\000\000\000\000\000\000\000\000\000\000\000\000\000\000\000\000\000\000\000\000\000\000\000\000\000\000\000\000\000\000\000P\031\345X\002=\033c\255\253\226\014-o\364!\262f\370\222\250\377\220&p\343\245\3604Op\353\317\305s!\003ql\302)\235\321\t\213\224\356\374%%\311\327\037\374\304\t\335\2359\344\233\035]\347<u\236\364\222vG0E\002!\000\371,\004\026\212Z)f\221\362\255{\266\0102i\317\2340\203\370H\223JVZ\2675?\341\247l\002 n\246\327\205\307\021\365sUes\004\336\317\204G\370^\\300\200~\016cB4_\223GB\2630""; ","validation: """"\200\000\000\001&\000\000\000\020)/\352\2240:Q\231\304\227'3\313\030Q?Z\326\257)\2439\250\272\002\370\360\022\220W 062/8s4\204\363\253&I\000m\335\025P\027\000\000\000\000\000\000\000\000\000\000\000\000\000\000\000\000\000\000\000\000\000\000\000\000\000\000\000\000\000\000\000\000P\031\345X\002=\033c\255\253\226\014-o\364!\262f\370\222\250\377\220&p\343\245\3604Op\353\317\305s!\003ql\302)\235\321\t\213\224\356\374%%\311\327\037\374\304\t\335\2359\344\233\035]\347<u\236\364\222vG0E\002!\000\371,\004\026\212Z)f\221\362\255{\266\0102i\317\2340\203\370H\223JVZ\2675?\341\247l\002 n\246\327\205\307\021\365sUes\004\336\317\204G\370^\\300\200~\016cB4_\223GB\2630""; "
1750587312455,1750587312498,0,1,1,4,TMStatusChange,"newEvent: neCLOSING_LEDGER; ledgerSeq: 16; ledgerHash: ""?Z\326\257)\2439\250\272\002\370\360\022\220W 062/8s4\204\363\253&I\000m\335\025""; ledgerHashPrevious: ""\345X\002=\033c\255\253\226\014-o\364!\262f\370\222\250\377\220&p\343\245\3604Op\353\317\305""; networkTime: 803902512; firstSeq: 1; lastSeq: 16; ","newEvent: neCLOSING_LEDGER; ledgerSeq: 16; ledgerHash: ""?Z\326\257)\2439\250\272\002\370\360\022\220W 062/8s4\204\363\253&I\000m\335\025""; ledgerHashPrevious: ""\345X\002=\033c\255\253\226\014-o\364!\262f\370\222\250\377\220&p\343\245\3604Op\353\317\305""; networkTime: 803902512; firstSeq: 1; lastSeq: 16; "
1750587312455,1750587312498,0,1,1,3,TMStatusChange,"newEvent: neCLOSING_LEDGER; ledgerSeq: 16; ledgerHash: ""?Z\326\257)\2439\250\272\002\370\360\022\220W 062/8s4\204\363\253&I\000m\335\025""; ledgerHashPrevious: ""\345X\002=\033c\255\253\226\014-o\364!\262f\370\222\250\377\220&p\343\245\3604Op\353\317\305""; networkTime: 803902512; firstSeq: 1; lastSeq: 16; ","newEvent: neCLOSING_LEDGER; ledgerSeq: 16; ledgerHash: ""?Z\326\257)\2439\250\272\002\370\360\022\220W 062/8s4\204\363\253&I\000m\335\025""; ledgerHashPrevious: ""\345X\002=\033c\255\253\226\014-o\364!\262f\370\222\250\377\220&p\343\245\3604Op\353\317\305""; networkTime: 803902512; firstSeq: 1; lastSeq: 16; "
1750587312455,1750587312499,0,1,1,0,TMStatusChange,"newEvent: neCLOSING_LEDGER; ledgerSeq: 16; ledgerHash: ""?Z\326\257)\2439\250\272\002\370\360\022\220W 062/8s4\204\363\253&I\000m\335\025""; ledgerHashPrevious: ""\345X\002=\033c\255\253\226\014-o\364!\262f\370\222\250\377\220&p\343\245\3604Op\353\317\305""; networkTime: 803902512; firstSeq: 1; lastSeq: 16; ","newEvent: neCLOSING_LEDGER; ledgerSeq: 16; ledgerHash: ""?Z\326\257)\2439\250\272\002\370\360\022\220W 062/8s4\204\363\253&I\000m\335\025""; ledgerHashPrevious: ""\345X\002=\033c\255\253\226\014-o\364!\262f\370\222\250\377\220&p\343\245\3604Op\353\317\305""; networkTime: 803902512; firstSeq: 1; lastSeq: 16; "
1750587312499,1750587312499,0,1,1,4,TMProposeSet,"proposeSeq: 0; currentTxHash: ""\000\000\000\000\000\000\000\000\000\000\000\000\000\000\000\000\000\000\000\000\000\000\000\000\000\000\000\000\000\000\000\000""; nodePubKey: ""\003\343\005\311u\203\370\0338\3174\324\010\006\301\251\177\261\304eOX\262)FA-\022r\263wm\024""; closeTime: 803902512; signature: ""0D\002 L\260\002\204\031\215\014P\347\3476\325 \234W\274\244\365\256\030\260+*r6\231!\363\014\332y!\002 \031\311)s\371o\\372\245X\032\311\333\r\210\377\202\275\337\345b\250\247\031\212\027\003\376\277\021(\273""; previousledger: ""?Z\326\257)\2439\250\272\002\370\360\022\220W 062/8s4\204\363\253&I\000m\335\025""; ","proposeSeq: 0; currentTxHash: ""\000\000\000\000\000\000\000\000\000\000\000\000\000\000\000\000\000\000\000\000\000\000\000\000\000\000\000\000\000\000\000\000""; nodePubKey: ""\003\343\005\311u\203\370\0338\3174\324\010\006\301\251\177\261\304eOX\262)FA-\022r\263wm\024""; closeTime: 803902512; signature: ""0D\002 L\260\002\204\031\215\014P\347\3476\325 \234W\274\244\365\256\030\260+*r6\231!\363\014\332y!\002 \031\311)s\371o\\372\245X\032\311\333\r\210\377\202\275\337\345b\250\247\031\212\027\003\376\277\021(\273""; previousledger: ""?Z\326\257)\2439\250\272\002\370\360\022\220W 062/8s4\204\363\253&I\000m\335\025""; "
1750587312499,1750587312499,0,1,1,3,TMProposeSet,"proposeSeq: 0; currentTxHash: ""\000\000\000\000\000\000\000\000\000\000\000\000\000\000\000\000\000\000\000\000\000\000\000\000\000\000\000\000\000\000\000\000""; nodePubKey: ""\003\343\005\311u\203\370\0338\3174\324\010\006\301\251\177\261\304eOX\262)FA-\022r\263wm\024""; closeTime: 803902512; signature: ""0D\002 L\260\002\204\031\215\014P\347\3476\325 \234W\274\244\365\256\030\260+*r6\231!\363\014\332y!\002 \031\311)s\371o\\372\245X\032\311\333\r\210\377\202\275\337\345b\250\247\031\212\027\003\376\277\021(\273""; previousledger: ""?Z\326\257)\2439\250\272\002\370\360\022\220W 062/8s4\204\363\253&I\000m\335\025""; ","proposeSeq: 0; currentTxHash: ""\000\000\000\000\000\000\000\000\000\000\000\000\000\000\000\000\000\000\000\000\000\000\000\000\000\000\000\000\000\000\000\000""; nodePubKey: ""\003\343\005\311u\203\370\0338\3174\324\010\006\301\251\177\261\304eOX\262)FA-\022r\263wm\024""; closeTime: 803902512; signature: ""0D\002 L\260\002\204\031\215\014P\347\3476\325 \234W\274\244\365\256\030\260+*r6\231!\363\014\332y!\002 \031\311)s\371o\\372\245X\032\311\333\r\210\377\202\275\337\345b\250\247\031\212\027\003\376\277\021(\273""; previousledger: ""?Z\326\257)\2439\250\272\002\370\360\022\220W 062/8s4\204\363\253&I\000m\335\025""; "
1750587312499,1750587312499,0,1,1,2,TMProposeSet,"proposeSeq: 0; currentTxHash: ""\000\000\000\000\000\000\000\000\000\000\000\000\000\000\000\000\000\000\000\000\000\000\000\000\000\000\000\000\000\000\000\000""; nodePubKey: ""\003\343\005\311u\203\370\0338\3174\324\010\006\301\251\177\261\304eOX\262)FA-\022r\263wm\024""; closeTime: 803902512; signature: ""0D\002 L\260\002\204\031\215\014P\347\3476\325 \234W\274\244\365\256\030\260+*r6\231!\363\014\332y!\002 \031\311)s\371o\\372\245X\032\311\333\r\210\377\202\275\337\345b\250\247\031\212\027\003\376\277\021(\273""; previousledger: ""?Z\326\257)\2439\250\272\002\370\360\022\220W 062/8s4\204\363\253&I\000m\335\025""; ","proposeSeq: 0; currentTxHash: ""\000\000\000\000\000\000\000\000\000\000\000\000\000\000\000\000\000\000\000\000\000\000\000\000\000\000\000\000\000\000\000\000""; nodePubKey: ""\003\343\005\311u\203\370\0338\3174\324\010\006\301\251\177\261\304eOX\262)FA-\022r\263wm\024""; closeTime: 803902512; signature: ""0D\002 L\260\002\204\031\215\014P\347\3476\325 \234W\274\244\365\256\030\260+*r6\231!\363\014\332y!\002 \031\311)s\371o\\372\245X\032\311\333\r\210\377\202\275\337\345b\250\247\031\212\027\003\376\277\021(\273""; previousledger: ""?Z\326\257)\2439\250\272\002\370\360\022\220W 062/8s4\204\363\253&I\000m\335\025""; "
1750587312456,1750587312499,0,1,1,2,TMStatusChange,"newEvent: neCLOSING_LEDGER; ledgerSeq: 16; ledgerHash: ""?Z\326\257)\2439\250\272\002\370\360\022\220W 062/8s4\204\363\253&I\000m\335\025""; ledgerHashPrevious: ""\345X\002=\033c\255\253\226\014-o\364!\262f\370\222\250\377\220&p\343\245\3604Op\353\317\305""; networkTime: 803902512; firstSeq: 1; lastSeq: 16; ","newEvent: neCLOSING_LEDGER; ledgerSeq: 16; ledgerHash: ""?Z\326\257)\2439\250\272\002\370\360\022\220W 062/8s4\204\363\253&I\000m\335\025""; ledgerHashPrevious: ""\345X\002=\033c\255\253\226\014-o\364!\262f\370\222\250\377\220&p\343\245\3604Op\353\317\305""; networkTime: 803902512; firstSeq: 1; lastSeq: 16; "
1750587312500,1750587312500,0,1,1,0,TMProposeSet,"proposeSeq: 0; currentTxHash: ""\000\000\000\000\000\000\000\000\000\000\000\000\000\000\000\000\000\000\000\000\000\000\000\000\000\000\000\000\000\000\000\000""; nodePubKey: ""\003\343\005\311u\203\370\0338\3174\324\010\006\301\251\177\261\304eOX\262)FA-\022r\263wm\024""; closeTime: 803902512; signature: ""0D\002 L\260\002\204\031\215\014P\347\3476\325 \234W\274\244\365\256\030\260+*r6\231!\363\014\332y!\002 \031\311)s\371o\\372\245X\032\311\333\r\210\377\202\275\337\345b\250\247\031\212\027\003\376\277\021(\273""; previousledger: ""?Z\326\257)\2439\250\272\002\370\360\022\220W 062/8s4\204\363\253&I\000m\335\025""; ","proposeSeq: 0; currentTxHash: ""\000\000\000\000\000\000\000\000\000\000\000\000\000\000\000\000\000\000\000\000\000\000\000\000\000\000\000\000\000\000\000\000""; nodePubKey: ""\003\343\005\311u\203\370\0338\3174\324\010\006\301\251\177\261\304eOX\262)FA-\022r\263wm\024""; closeTime: 803902512; signature: ""0D\002 L\260\002\204\031\215\014P\347\3476\325 \234W\274\244\365\256\030\260+*r6\231!\363\014\332y!\002 \031\311)s\371o\\372\245X\032\311\333\r\210\377\202\275\337\345b\250\247\031\212\027\003\376\277\021(\273""; previousledger: ""?Z\326\257)\2439\250\272\002\370\360\022\220W 062/8s4\204\363\253&I\000m\335\025""; "
1750587312506,1750587312506,0,1,3,2,TMProposeSet,"proposeSeq: 0; currentTxHash: ""\000\000\000\000\000\000\000\000\000\000\000\000\000\000\000\000\000\000\000\000\000\000\000\000\000\000\000\000\000\000\000\000""; nodePubKey: ""\003\343\005\311u\203\370\0338\3174\324\010\006\301\251\177\261\304eOX\262)FA-\022r\263wm\024""; closeTime: 803902512; signature: ""0D\002 L\260\002\204\031\215\014P\347\3476\325 \234W\274\244\365\256\030\260+*r6\231!\363\014\332y!\002 \031\311)s\371o\\372\245X\032\311\333\r\210\377\202\275\337\345b\250\247\031\212\027\003\376\277\021(\273""; previousledger: ""?Z\326\257)\2439\250\272\002\370\360\022\220W 062/8s4\204\363\253&I\000m\335\025""; ","proposeSeq: 0; currentTxHash: ""\000\000\000\000\000\000\000\000\000\000\000\000\000\000\000\000\000\000\000\000\000\000\000\000\000\000\000\000\000\000\000\000""; nodePubKey: ""\003\343\005\311u\203\370\0338\3174\324\010\006\301\251\177\261\304eOX\262)FA-\022r\263wm\024""; closeTime: 803902512; signature: ""0D\002 L\260\002\204\031\215\014P\347\3476\325 \234W\274\244\365\256\030\260+*r6\231!\363\014\332y!\002 \031\311)s\371o\\372\245X\032\311\333\r\210\377\202\275\337\345b\250\247\031\212\027\003\376\277\021(\273""; previousledger: ""?Z\326\257)\2439\250\272\002\370\360\022\220W 062/8s4\204\363\253&I\000m\335\025""; "
1750587312506,1750587312506,0,1,3,4,TMProposeSet,"proposeSeq: 0; currentTxHash: ""\000\000\000\000\000\000\000\000\000\000\000\000\000\000\000\000\000\000\000\000\000\000\000\000\000\000\000\000\000\000\000\000""; nodePubKey: ""\003\343\005\311u\203\370\0338\3174\324\010\006\301\251\177\261\304eOX\262)FA-\022r\263wm\024""; closeTime: 803902512; signature: ""0D\002 L\260\002\204\031\215\014P\347\3476\325 \234W\274\244\365\256\030\260+*r6\231!\363\014\332y!\002 \031\311)s\371o\\372\245X\032\311\333\r\210\377\202\275\337\345b\250\247\031\212\027\003\376\277\021(\273""; previousledger: ""?Z\326\257)\2439\250\272\002\370\360\022\220W 062/8s4\204\363\253&I\000m\335\025""; ","proposeSeq: 0; currentTxHash: ""\000\000\000\000\000\000\000\000\000\000\000\000\000\000\000\000\000\000\000\000\000\000\000\000\000\000\000\000\000\000\000\000""; nodePubKey: ""\003\343\005\311u\203\370\0338\3174\324\010\006\301\251\177\261\304eOX\262)FA-\022r\263wm\024""; closeTime: 803902512; signature: ""0D\002 L\260\002\204\031\215\014P\347\3476\325 \234W\274\244\365\256\030\260+*r6\231!\363\014\332y!\002 \031\311)s\371o\\372\245X\032\311\333\r\210\377\202\275\337\345b\250\247\031\212\027\003\376\277\021(\273""; previousledger: ""?Z\326\257)\2439\250\272\002\370\360\022\220W 062/8s4\204\363\253&I\000m\335\025""; "
1750587312507,1750587312507,0,1,3,0,TMProposeSet,"proposeSeq: 0; currentTxHash: ""\000\000\000\000\000\000\000\000\000\000\000\000\000\000\000\000\000\000\000\000\000\000\000\000\000\000\000\000\000\000\000\000""; nodePubKey: ""\003\343\005\311u\203\370\0338\3174\324\010\006\301\251\177\261\304eOX\262)FA-\022r\263wm\024""; closeTime: 803902512; signature: ""0D\002 L\260\002\204\031\215\014P\347\3476\325 \234W\274\244\365\256\030\260+*r6\231!\363\014\332y!\002 \031\311)s\371o\\372\245X\032\311\333\r\210\377\202\275\337\345b\250\247\031\212\027\003\376\277\021(\273""; previousledger: ""?Z\326\257)\2439\250\272\002\370\360\022\220W 062/8s4\204\363\253&I\000m\335\025""; ","proposeSeq: 0; currentTxHash: ""\000\000\000\000\000\000\000\000\000\000\000\000\000\000\000\000\000\000\000\000\000\000\000\000\000\000\000\000\000\000\000\000""; nodePubKey: ""\003\343\005\311u\203\370\0338\3174\324\010\006\301\251\177\261\304eOX\262)FA-\022r\263wm\024""; closeTime: 803902512; signature: ""0D\002 L\260\002\204\031\215\014P\347\3476\325 \234W\274\244\365\256\030\260+*r6\231!\363\014\332y!\002 \031\311)s\371o\\372\245X\032\311\333\r\210\377\202\275\337\345b\250\247\031\212\027\003\376\277\021(\273""; previousledger: ""?Z\326\257)\2439\250\272\002\370\360\022\220W 062/8s4\204\363\253&I\000m\335\025""; "
1750587312508,1750587312508,0,1,2,0,TMProposeSet,"proposeSeq: 0; currentTxHash: ""\000\000\000\000\000\000\000\000\000\000\000\000\000\000\000\000\000\000\000\000\000\000\000\000\000\000\000\000\000\000\000\000""; nodePubKey: ""\003\343\005\311u\203\370\0338\3174\324\010\006\301\251\177\261\304eOX\262)FA-\022r\263wm\024""; closeTime: 803902512; signature: ""0D\002 L\260\002\204\031\215\014P\347\3476\325 \234W\274\244\365\256\030\260+*r6\231!\363\014\332y!\002 \031\311)s\371o\\372\245X\032\311\333\r\210\377\202\275\337\345b\250\247\031\212\027\003\376\277\021(\273""; previousledger: ""?Z\326\257)\2439\250\272\002\370\360\022\220W 062/8s4\204\363\253&I\000m\335\025""; ","proposeSeq: 0; currentTxHash: ""\000\000\000\000\000\000\000\000\000\000\000\000\000\000\000\000\000\000\000\000\000\000\000\000\000\000\000\000\000\000\000\000""; nodePubKey: ""\003\343\005\311u\203\370\0338\3174\324\010\006\301\251\177\261\304eOX\262)FA-\022r\263wm\024""; closeTime: 803902512; signature: ""0D\002 L\260\002\204\031\215\014P\347\3476\325 \234W\274\244\365\256\030\260+*r6\231!\363\014\332y!\002 \031\311)s\371o\\372\245X\032\311\333\r\210\377\202\275\337\345b\250\247\031\212\027\003\376\277\021(\273""; previousledger: ""?Z\326\257)\2439\250\272\002\370\360\022\220W 062/8s4\204\363\253&I\000m\335\025""; "
1750587312509,1750587312509,0,1,2,4,TMProposeSet,"proposeSeq: 0; currentTxHash: ""\000\000\000\000\000\000\000\000\000\000\000\000\000\000\000\000\000\000\000\000\000\000\000\000\000\000\000\000\000\000\000\000""; nodePubKey: ""\003\343\005\311u\203\370\0338\3174\324\010\006\301\251\177\261\304eOX\262)FA-\022r\263wm\024""; closeTime: 803902512; signature: ""0D\002 L\260\002\204\031\215\014P\347\3476\325 \234W\274\244\365\256\030\260+*r6\231!\363\014\332y!\002 \031\311)s\371o\\372\245X\032\311\333\r\210\377\202\275\337\345b\250\247\031\212\027\003\376\277\021(\273""; previousledger: ""?Z\326\257)\2439\250\272\002\370\360\022\220W 062/8s4\204\363\253&I\000m\335\025""; ","proposeSeq: 0; currentTxHash: ""\000\000\000\000\000\000\000\000\000\000\000\000\000\000\000\000\000\000\000\000\000\000\000\000\000\000\000\000\000\000\000\000""; nodePubKey: ""\003\343\005\311u\203\370\0338\3174\324\010\006\301\251\177\261\304eOX\262)FA-\022r\263wm\024""; closeTime: 803902512; signature: ""0D\002 L\260\002\204\031\215\014P\347\3476\325 \234W\274\244\365\256\030\260+*r6\231!\363\014\332y!\002 \031\311)s\371o\\372\245X\032\311\333\r\210\377\202\275\337\345b\250\247\031\212\027\003\376\277\021(\273""; previousledger: ""?Z\326\257)\2439\250\272\002\370\360\022\220W 062/8s4\204\363\253&I\000m\335\025""; "
1750587312509,1750587312509,0,1,2,3,TMProposeSet,"proposeSeq: 0; currentTxHash: ""\000\000\000\000\000\000\000\000\000\000\000\000\000\000\000\000\000\000\000\000\000\000\000\000\000\000\000\000\000\000\000\000""; nodePubKey: ""\003\343\005\311u\203\370\0338\3174\324\010\006\301\251\177\261\304eOX\262)FA-\022r\263wm\024""; closeTime: 803902512; signature: ""0D\002 L\260\002\204\031\215\014P\347\3476\325 \234W\274\244\365\256\030\260+*r6\231!\363\014\332y!\002 \031\311)s\371o\\372\245X\032\311\333\r\210\377\202\275\337\345b\250\247\031\212\027\003\376\277\021(\273""; previousledger: ""?Z\326\257)\2439\250\272\002\370\360\022\220W 062/8s4\204\363\253&I\000m\335\025""; ","proposeSeq: 0; currentTxHash: ""\000\000\000\000\000\000\000\000\000\000\000\000\000\000\000\000\000\000\000\000\000\000\000\000\000\000\000\000\000\000\000\000""; nodePubKey: ""\003\343\005\311u\203\370\0338\3174\324\010\006\301\251\177\261\304eOX\262)FA-\022r\263wm\024""; closeTime: 803902512; signature: ""0D\002 L\260\002\204\031\215\014P\347\3476\325 \234W\274\244\365\256\030\260+*r6\231!\363\014\332y!\002 \031\311)s\371o\\372\245X\032\311\333\r\210\377\202\275\337\345b\250\247\031\212\027\003\376\277\021(\273""; previousledger: ""?Z\326\257)\2439\250\272\002\370\360\022\220W 062/8s4\204\363\253&I\000m\335\025""; "
1750587312511,1750587312511,0,1,0,3,TMProposeSet,"proposeSeq: 0; currentTxHash: ""\000\000\000\000\000\000\000\000\000\000\000\000\000\000\000\000\000\000\000\000\000\000\000\000\000\000\000\000\000\000\000\000""; nodePubKey: ""\003\343\005\311u\203\370\0338\3174\324\010\006\301\251\177\261\304eOX\262)FA-\022r\263wm\024""; closeTime: 803902512; signature: ""0D\002 L\260\002\204\031\215\014P\347\3476\325 \234W\274\244\365\256\030\260+*r6\231!\363\014\332y!\002 \031\311)s\371o\\372\245X\032\311\333\r\210\377\202\275\337\345b\250\247\031\212\027\003\376\277\021(\273""; previousledger: ""?Z\326\257)\2439\250\272\002\370\360\022\220W 062/8s4\204\363\253&I\000m\335\025""; ","proposeSeq: 0; currentTxHash: ""\000\000\000\000\000\000\000\000\000\000\000\000\000\000\000\000\000\000\000\000\000\000\000\000\000\000\000\000\000\000\000\000""; nodePubKey: ""\003\343\005\311u\203\370\0338\3174\324\010\006\301\251\177\261\304eOX\262)FA-\022r\263wm\024""; closeTime: 803902512; signature: ""0D\002 L\260\002\204\031\215\014P\347\3476\325 \234W\274\244\365\256\030\260+*r6\231!\363\014\332y!\002 \031\311)s\371o\\372\245X\032\311\333\r\210\377\202\275\337\345b\250\247\031\212\027\003\376\277\021(\273""; previousledger: ""?Z\326\257)\2439\250\272\002\370\360\022\220W 062/8s4\204\363\253&I\000m\335\025""; "
1750587312512,1750587312512,0,1,0,2,TMProposeSet,"proposeSeq: 0; currentTxHash: ""\000\000\000\000\000\000\000\000\000\000\000\000\000\000\000\000\000\000\000\000\000\000\000\000\000\000\000\000\000\000\000\000""; nodePubKey: ""\003\343\005\311u\203\370\0338\3174\324\010\006\301\251\177\261\304eOX\262)FA-\022r\263wm\024""; closeTime: 803902512; signature: ""0D\002 L\260\002\204\031\215\014P\347\3476\325 \234W\274\244\365\256\030\260+*r6\231!\363\014\332y!\002 \031\311)s\371o\\372\245X\032\311\333\r\210\377\202\275\337\345b\250\247\031\212\027\003\376\277\021(\273""; previousledger: ""?Z\326\257)\2439\250\272\002\370\360\022\220W 062/8s4\204\363\253&I\000m\335\025""; ","proposeSeq: 0; currentTxHash: ""\000\000\000\000\000\000\000\000\000\000\000\000\000\000\000\000\000\000\000\000\000\000\000\000\000\000\000\000\000\000\000\000""; nodePubKey: ""\003\343\005\311u\203\370\0338\3174\324\010\006\301\251\177\261\304eOX\262)FA-\022r\263wm\024""; closeTime: 803902512; signature: ""0D\002 L\260\002\204\031\215\014P\347\3476\325 \234W\274\244\365\256\030\260+*r6\231!\363\014\332y!\002 \031\311)s\371o\\372\245X\032\311\333\r\210\377\202\275\337\345b\250\247\031\212\027\003\376\277\021(\273""; previousledger: ""?Z\326\257)\2439\250\272\002\370\360\022\220W 062/8s4\204\363\253&I\000m\335\025""; "
1750587312512,1750587312512,0,1,0,4,TMProposeSet,"proposeSeq: 0; currentTxHash: ""\000\000\000\000\000\000\000\000\000\000\000\000\000\000\000\000\000\000\000\000\000\000\000\000\000\000\000\000\000\000\000\000""; nodePubKey: ""\003\343\005\311u\203\370\0338\3174\324\010\006\301\251\177\261\304eOX\262)FA-\022r\263wm\024""; closeTime: 803902512; signature: ""0D\002 L\260\002\204\031\215\014P\347\3476\325 \234W\274\244\365\256\030\260+*r6\231!\363\014\332y!\002 \031\311)s\371o\\372\245X\032\311\333\r\210\377\202\275\337\345b\250\247\031\212\027\003\376\277\021(\273""; previousledger: ""?Z\326\257)\2439\250\272\002\370\360\022\220W 062/8s4\204\363\253&I\000m\335\025""; ","proposeSeq: 0; currentTxHash: ""\000\000\000\000\000\000\000\000\000\000\000\000\000\000\000\000\000\000\000\000\000\000\000\000\000\000\000\000\000\000\000\000""; nodePubKey: ""\003\343\005\311u\203\370\0338\3174\324\010\006\301\251\177\261\304eOX\262)FA-\022r\263wm\024""; closeTime: 803902512; signature: ""0D\002 L\260\002\204\031\215\014P\347\3476\325 \234W\274\244\365\256\030\260+*r6\231!\363\014\332y!\002 \031\311)s\371o\\372\245X\032\311\333\r\210\377\202\275\337\345b\250\247\031\212\027\003\376\277\021(\273""; previousledger: ""?Z\326\257)\2439\250\272\002\370\360\022\220W 062/8s4\204\363\253&I\000m\335\025""; "
1750587312770,1750587312770,0,1,4,3,TMStatusChange,"newEvent: neACCEPTED_LEDGER; ledgerSeq: 16; ledgerHash: ""?Z\326\257)\2439\250\272\002\370\360\022\220W 062/8s4\204\363\253&I\000m\335\025""; ledgerHashPrevious: ""\345X\002=\033c\255\253\226\014-o\364!\262f\370\222\250\377\220&p\343\245\3604Op\353\317\305""; networkTime: 803902512; firstSeq: 1; lastSeq: 15; ","newEvent: neACCEPTED_LEDGER; ledgerSeq: 16; ledgerHash: ""?Z\326\257)\2439\250\272\002\370\360\022\220W 062/8s4\204\363\253&I\000m\335\025""; ledgerHashPrevious: ""\345X\002=\033c\255\253\226\014-o\364!\262f\370\222\250\377\220&p\343\245\3604Op\353\317\305""; networkTime: 803902512; firstSeq: 1; lastSeq: 15; "
1750587312771,1750587312771,0,1,4,1,TMStatusChange,"newEvent: neACCEPTED_LEDGER; ledgerSeq: 16; ledgerHash: ""?Z\326\257)\2439\250\272\002\370\360\022\220W 062/8s4\204\363\253&I\000m\335\025""; ledgerHashPrevious: ""\345X\002=\033c\255\253\226\014-o\364!\262f\370\222\250\377\220&p\343\245\3604Op\353\317\305""; networkTime: 803902512; firstSeq: 1; lastSeq: 15; ","newEvent: neACCEPTED_LEDGER; ledgerSeq: 16; ledgerHash: ""?Z\326\257)\2439\250\272\002\370\360\022\220W 062/8s4\204\363\253&I\000m\335\025""; ledgerHashPrevious: ""\345X\002=\033c\255\253\226\014-o\364!\262f\370\222\250\377\220&p\343\245\3604Op\353\317\305""; networkTime: 803902512; firstSeq: 1; lastSeq: 15; "
1750587312771,1750587312771,0,1,4,2,TMStatusChange,"newEvent: neACCEPTED_LEDGER; ledgerSeq: 16; ledgerHash: ""?Z\326\257)\2439\250\272\002\370\360\022\220W 062/8s4\204\363\253&I\000m\335\025""; ledgerHashPrevious: ""\345X\002=\033c\255\253\226\014-o\364!\262f\370\222\250\377\220&p\343\245\3604Op\353\317\305""; networkTime: 803902512; firstSeq: 1; lastSeq: 15; ","newEvent: neACCEPTED_LEDGER; ledgerSeq: 16; ledgerHash: ""?Z\326\257)\2439\250\272\002\370\360\022\220W 062/8s4\204\363\253&I\000m\335\025""; ledgerHashPrevious: ""\345X\002=\033c\255\253\226\014-o\364!\262f\370\222\250\377\220&p\343\245\3604Op\353\317\305""; networkTime: 803902512; firstSeq: 1; lastSeq: 15; "
1750587312771,1750587312772,0,1,4,0,TMStatusChange,"newEvent: neACCEPTED_LEDGER; ledgerSeq: 16; ledgerHash: ""?Z\326\257)\2439\250\272\002\370\360\022\220W 062/8s4\204\363\253&I\000m\335\025""; ledgerHashPrevious: ""\345X\002=\033c\255\253\226\014-o\364!\262f\370\222\250\377\220&p\343\245\3604Op\353\317\305""; networkTime: 803902512; firstSeq: 1; lastSeq: 15; ","newEvent: neACCEPTED_LEDGER; ledgerSeq: 16; ledgerHash: ""?Z\326\257)\2439\250\272\002\370\360\022\220W 062/8s4\204\363\253&I\000m\335\025""; ledgerHashPrevious: ""\345X\002=\033c\255\253\226\014-o\364!\262f\370\222\250\377\220&p\343\245\3604Op\353\317\305""; networkTime: 803902512; firstSeq: 1; lastSeq: 15; "
1750587312814,1750587312814,0,1,4,3,TMValidation,"validation: """"\200\000\000\001&\000\000\000\020)/\352\2240:v|\203\267)\257\206\032Q?Z\326\257)\2439\250\272\002\370\360\022\220W 062/8s4\204\363\253&I\000m\335\025P\027\000\000\000\000\000\000\000\000\000\000\000\000\000\000\000\000\000\000\000\000\000\000\000\000\000\000\000\000\000\000\000\000P\031\345X\002=\033c\255\253\226\014-o\364!\262f\370\222\250\377\220&p\343\245\3604Op\353\317\305s!\003.\200\224\215?)t\306\315\242\313\251\255\302\204=\232.\271%}\013\024s\024\002@\216l""\241FvG0E\002!\000\247\343\324\375\271Qu\352n\330\200\350\270[\240\254\307\025\371\211\350\367R1\362 \354V$jGp\002 f?\305\000\375\2037\005w\233\271""~\347}\246\277\345\355\307\020\271w\306\333_\211\244\034h8z""; ","validation: """"\200\000\000\001&\000\000\000\020)/\352\2240:v|\203\267)\257\206\032Q?Z\326\257)\2439\250\272\002\370\360\022\220W 062/8s4\204\363\253&I\000m\335\025P\027\000\000\000\000\000\000\000\000\000\000\000\000\000\000\000\000\000\000\000\000\000\000\000\000\000\000\000\000\000\000\000\000P\031\345X\002=\033c\255\253\226\014-o\364!\262f\370\222\250\377\220&p\343\245\3604Op\353\317\305s!\003.\200\224\215?)t\306\315\242\313\251\255\302\204=\232.\271%}\013\024s\024\002@\216l""\241FvG0E\002!\000\247\343\324\375\271Qu\352n\330\200\350\270[\240\254\307\025\371\211\350\367R1\362 \354V$jGp\002 f?\305\000\375\2037\005w\233\271""~\347}\246\277\345\355\307\020\271w\306\333_\211\244\034h8z""; "
1750587312814,1750587312814,0,1,4,0,TMValidation,"validation: """"\200\000\000\001&\000\000\000\020)/\352\2240:v|\203\267)\257\206\032Q?Z\326\257)\2439\250\272\002\370\360\022\220W 062/8s4\204\363\253&I\000m\335\025P\027\000\000\000\000\000\000\000\000\000\000\000\000\000\000\000\000\000\000\000\000\000\000\000\000\000\000\000\000\000\000\000\000P\031\345X\002=\033c\255\253\226\014-o\364!\262f\370\222\250\377\220&p\343\245\3604Op\353\317\305s!\003.\200\224\215?)t\306\315\242\313\251\255\302\204=\232.\271%}\013\024s\024\002@\216l""\241FvG0E\002!\000\247\343\324\375\271Qu\352n\330\200\350\270[\240\254\307\025\371\211\350\367R1\362 \354V$jGp\002 f?\305\000\375\2037\005w\233\271""~\347}\246\277\345\355\307\020\271w\306\333_\211\244\034h8z""; ","validation: """"\200\000\000\001&\000\000\000\020)/\352\2240:v|\203\267)\257\206\032Q?Z\326\257)\2439\250\272\002\370\360\022\220W 062/8s4\204\363\253&I\000m\335\025P\027\000\000\000\000\000\000\000\000\000\000\000\000\000\000\000\000\000\000\000\000\000\000\000\000\000\000\000\000\000\000\000\000P\031\345X\002=\033c\255\253\226\014-o\364!\262f\370\222\250\377\220&p\343\245\3604Op\353\317\305s!\003.\200\224\215?)t\306\315\242\313\251\255\302\204=\232.\271%}\013\024s\024\002@\216l""\241FvG0E\002!\000\247\343\324\375\271Qu\352n\330\200\350\270[\240\254\307\025\371\211\350\367R1\362 \354V$jGp\002 f?\305\000\375\2037\005w\233\271""~\347}\246\277\345\355\307\020\271w\306\333_\211\244\034h8z""; "
1750587312814,1750587312815,0,1,4,2,TMValidation,"validation: """"\200\000\000\001&\000\000\000\020)/\352\2240:v|\203\267)\257\206\032Q?Z\326\257)\2439\250\272\002\370\360\022\220W 062/8s4\204\363\253&I\000m\335\025P\027\000\000\000\000\000\000\000\000\000\000\000\000\000\000\000\000\000\000\000\000\000\000\000\000\000\000\000\000\000\000\000\000P\031\345X\002=\033c\255\253\226\014-o\364!\262f\370\222\250\377\220&p\343\245\3604Op\353\317\305s!\003.\200\224\215?)t\306\315\242\313\251\255\302\204=\232.\271%}\013\024s\024\002@\216l""\241FvG0E\002!\000\247\343\324\375\271Qu\352n\330\200\350\270[\240\254\307\025\371\211\350\367R1\362 \354V$jGp\002 f?\305\000\375\2037\005w\233\271""~\347}\246\277\345\355\307\020\271w\306\333_\211\244\034h8z""; ","validation: """"\200\000\000\001&\000\000\000\020)/\352\2240:v|\203\267)\257\206\032Q?Z\326\257)\2439\250\272\002\370\360\022\220W 062/8s4\204\363\253&I\000m\335\025P\027\000\000\000\000\000\000\000\000\000\000\000\000\000\000\000\000\000\000\000\000\000\000\000\000\000\000\000\000\000\000\000\000P\031\345X\002=\033c\255\253\226\014-o\364!\262f\370\222\250\377\220&p\343\245\3604Op\353\317\305s!\003.\200\224\215?)t\306\315\242\313\251\255\302\204=\232.\271%}\013\024s\024\002@\216l""\241FvG0E\002!\000\247\343\324\375\271Qu\352n\330\200\350\270[\240\254\307\025\371\211\350\367R1\362 \354V$jGp\002 f?\305\000\375\2037\005w\233\271""~\347}\246\277\345\355\307\020\271w\306\333_\211\244\034h8z""; "
1750587312815,1750587312815,0,1,4,1,TMValidation,"validation: """"\200\000\000\001&\000\000\000\020)/\352\2240:v|\203\267)\257\206\032Q?Z\326\257)\2439\250\272\002\370\360\022\220W 062/8s4\204\363\253&I\000m\335\025P\027\000\000\000\000\000\000\000\000\000\000\000\000\000\000\000\000\000\000\000\000\000\000\000\000\000\000\000\000\000\000\000\000P\031\345X\002=\033c\255\253\226\014-o\364!\262f\370\222\250\377\220&p\343\245\3604Op\353\317\305s!\003.\200\224\215?)t\306\315\242\313\251\255\302\204=\232.\271%}\013\024s\024\002@\216l""\241FvG0E\002!\000\247\343\324\375\271Qu\352n\330\200\350\270[\240\254\307\025\371\211\350\367R1\362 \354V$jGp\002 f?\305\000\375\2037\005w\233\271""~\347}\246\277\345\355\307\020\271w\306\333_\211\244\034h8z""; ","validation: """"\200\000\000\001&\000\000\000\020)/\352\2240:v|\203\267)\257\206\032Q?Z\326\257)\2439\250\272\002\370\360\022\220W 062/8s4\204\363\253&I\000m\335\025P\027\000\000\000\000\000\000\000\000\000\000\000\000\000\000\000\000\000\000\000\000\000\000\000\000\000\000\000\000\000\000\000\000P\031\345X\002=\033c\255\253\226\014-o\364!\262f\370\222\250\377\220&p\343\245\3604Op\353\317\305s!\003.\200\224\215?)t\306\315\242\313\251\255\302\204=\232.\271%}\013\024s\024\002@\216l""\241FvG0E\002!\000\247\343\324\375\271Qu\352n\330\200\350\270[\240\254\307\025\371\211\350\367R1\362 \354V$jGp\002 f?\305\000\375\2037\005w\233\271""~\347}\246\277\345\355\307\020\271w\306\333_\211\244\034h8z""; "
1750587312818,1750587312818,0,1,0,3,TMValidation,"validation: """"\200\000\000\001&\000\000\000\020)/\352\2240:v|\203\267)\257\206\032Q?Z\326\257)\2439\250\272\002\370\360\022\220W 062/8s4\204\363\253&I\000m\335\025P\027\000\000\000\000\000\000\000\000\000\000\000\000\000\000\000\000\000\000\000\000\000\000\000\000\000\000\000\000\000\000\000\000P\031\345X\002=\033c\255\253\226\014-o\364!\262f\370\222\250\377\220&p\343\245\3604Op\353\317\305s!\003.\200\224\215?)t\306\315\242\313\251\255\302\204=\232.\271%}\013\024s\024\002@\216l""\241FvG0E\002!\000\247\343\324\375\271Qu\352n\330\200\350\270[\240\254\307\025\371\211\350\367R1\362 \354V$jGp\002 f?\305\000\375\2037\005w\233\271""~\347}\246\277\345\355\307\020\271w\306\333_\211\244\034h8z""; ","validation: """"\200\000\000\001&\000\000\000\020)/\352\2240:v|\203\267)\257\206\032Q?Z\326\257)\2439\250\272\002\370\360\022\220W 062/8s4\204\363\253&I\000m\335\025P\027\000\000\000\000\000\000\000\000\000\000\000\000\000\000\000\000\000\000\000\000\000\000\000\000\000\000\000\000\000\000\000\000P\031\345X\002=\033c\255\253\226\014-o\364!\262f\370\222\250\377\220&p\343\245\3604Op\353\317\305s!\003.\200\224\215?)t\306\315\242\313\251\255\302\204=\232.\271%}\013\024s\024\002@\216l""\241FvG0E\002!\000\247\343\324\375\271Qu\352n\330\200\350\270[\240\254\307\025\371\211\350\367R1\362 \354V$jGp\002 f?\305\000\375\2037\005w\233\271""~\347}\246\277\345\355\307\020\271w\306\333_\211\244\034h8z""; "
1750587312818,1750587312818,0,1,3,1,TMValidation,"validation: """"\200\000\000\001&\000\000\000\020)/\352\2240:v|\203\267)\257\206\032Q?Z\326\257)\2439\250\272\002\370\360\022\220W 062/8s4\204\363\253&I\000m\335\025P\027\000\000\000\000\000\000\000\000\000\000\000\000\000\000\000\000\000\000\000\000\000\000\000\000\000\000\000\000\000\000\000\000P\031\345X\002=\033c\255\253\226\014-o\364!\262f\370\222\250\377\220&p\343\245\3604Op\353\317\305s!\003.\200\224\215?)t\306\315\242\313\251\255\302\204=\232.\271%}\013\024s\024\002@\216l""\241FvG0E\002!\000\247\343\324\375\271Qu\352n\330\200\350\270[\240\254\307\025\371\211\350\367R1\362 \354V$jGp\002 f?\305\000\375\2037\005w\233\271""~\347}\246\277\345\355\307\020\271w\306\333_\211\244\034h8z""; ","validation: """"\200\000\000\001&\000\000\000\020)/\352\2240:v|\203\267)\257\206\032Q?Z\326\257)\2439\250\272\002\370\360\022\220W 062/8s4\204\363\253&I\000m\335\025P\027\000\000\000\000\000\000\000\000\000\000\000\000\000\000\000\000\000\000\000\000\000\000\000\000\000\000\000\000\000\000\000\000P\031\345X\002=\033c\255\253\226\014-o\364!\262f\370\222\250\377\220&p\343\245\3604Op\353\317\305s!\003.\200\224\215?)t\306\315\242\313\251\255\302\204=\232.\271%}\013\024s\024\002@\216l""\241FvG0E\002!\000\247\343\324\375\271Qu\352n\330\200\350\270[\240\254\307\025\371\211\350\367R1\362 \354V$jGp\002 f?\305\000\375\2037\005w\233\271""~\347}\246\277\345\355\307\020\271w\306\333_\211\244\034h8z""; "
1750587312819,1750587312819,0,1,3,2,TMValidation,"validation: """"\200\000\000\001&\000\000\000\020)/\352\2240:v|\203\267)\257\206\032Q?Z\326\257)\2439\250\272\002\370\360\022\220W 062/8s4\204\363\253&I\000m\335\025P\027\000\000\000\000\000\000\000\000\000\000\000\000\000\000\000\000\000\000\000\000\000\000\000\000\000\000\000\000\000\000\000\000P\031\345X\002=\033c\255\253\226\014-o\364!\262f\370\222\250\377\220&p\343\245\3604Op\353\317\305s!\003.\200\224\215?)t\306\315\242\313\251\255\302\204=\232.\271%}\013\024s\024\002@\216l""\241FvG0E\002!\000\247\343\324\375\271Qu\352n\330\200\350\270[\240\254\307\025\371\211\350\367R1\362 \354V$jGp\002 f?\305\000\375\2037\005w\233\271""~\347}\246\277\345\355\307\020\271w\306\333_\211\244\034h8z""; ","validation: """"\200\000\000\001&\000\000\000\020)/\352\2240:v|\203\267)\257\206\032Q?Z\326\257)\2439\250\272\002\370\360\022\220W 062/8s4\204\363\253&I\000m\335\025P\027\000\000\000\000\000\000\000\000\000\000\000\000\000\000\000\000\000\000\000\000\000\000\000\000\000\000\000\000\000\000\000\000P\031\345X\002=\033c\255\253\226\014-o\364!\262f\370\222\250\377\220&p\343\245\3604Op\353\317\305s!\003.\200\224\215?)t\306\315\242\313\251\255\302\204=\232.\271%}\013\024s\024\002@\216l""\241FvG0E\002!\000\247\343\324\375\271Qu\352n\330\200\350\270[\240\254\307\025\371\211\350\367R1\362 \354V$jGp\002 f?\305\000\375\2037\005w\233\271""~\347}\246\277\345\355\307\020\271w\306\333_\211\244\034h8z""; "
1750587312819,1750587312819,0,1,0,1,TMValidation,"validation: """"\200\000\000\001&\000\000\000\020)/\352\2240:v|\203\267)\257\206\032Q?Z\326\257)\2439\250\272\002\370\360\022\220W 062/8s4\204\363\253&I\000m\335\025P\027\000\000\000\000\000\000\000\000\000\000\000\000\000\000\000\000\000\000\000\000\000\000\000\000\000\000\000\000\000\000\000\000P\031\345X\002=\033c\255\253\226\014-o\364!\262f\370\222\250\377\220&p\343\245\3604Op\353\317\305s!\003.\200\224\215?)t\306\315\242\313\251\255\302\204=\232.\271%}\013\024s\024\002@\216l""\241FvG0E\002!\000\247\343\324\375\271Qu\352n\330\200\350\270[\240\254\307\025\371\211\350\367R1\362 \354V$jGp\002 f?\305\000\375\2037\005w\233\271""~\347}\246\277\345\355\307\020\271w\306\333_\211\244\034h8z""; ","validation: """"\200\000\000\001&\000\000\000\020)/\352\2240:v|\203\267)\257\206\032Q?Z\326\257)\2439\250\272\002\370\360\022\220W 062/8s4\204\363\253&I\000m\335\025P\027\000\000\000\000\000\000\000\000\000\000\000\000\000\000\000\000\000\000\000\000\000\000\000\000\000\000\000\000\000\000\000\000P\031\345X\002=\033c\255\253\226\014-o\364!\262f\370\222\250\377\220&p\343\245\3604Op\353\317\305s!\003.\200\224\215?)t\306\315\242\313\251\255\302\204=\232.\271%}\013\024s\024\002@\216l""\241FvG0E\002!\000\247\343\324\375\271Qu\352n\330\200\350\270[\240\254\307\025\371\211\350\367R1\362 \354V$jGp\002 f?\305\000\375\2037\005w\233\271""~\347}\246\277\345\355\307\020\271w\306\333_\211\244\034h8z""; "
1750587312820,1750587312820,0,1,0,2,TMValidation,"validation: """"\200\000\000\001&\000\000\000\020)/\352\2240:v|\203\267)\257\206\032Q?Z\326\257)\2439\250\272\002\370\360\022\220W 062/8s4\204\363\253&I\000m\335\025P\027\000\000\000\000\000\000\000\000\000\000\000\000\000\000\000\000\000\000\000\000\000\000\000\000\000\000\000\000\000\000\000\000P\031\345X\002=\033c\255\253\226\014-o\364!\262f\370\222\250\377\220&p\343\245\3604Op\353\317\305s!\003.\200\224\215?)t\306\315\242\313\251\255\302\204=\232.\271%}\013\024s\024\002@\216l""\241FvG0E\002!\000\247\343\324\375\271Qu\352n\330\200\350\270[\240\254\307\025\371\211\350\367R1\362 \354V$jGp\002 f?\305\000\375\2037\005w\233\271""~\347}\246\277\345\355\307\020\271w\306\333_\211\244\034h8z""; ","validation: """"\200\000\000\001&\000\000\000\020)/\352\2240:v|\203\267)\257\206\032Q?Z\326\257)\2439\250\272\002\370\360\022\220W 062/8s4\204\363\253&I\000m\335\025P\027\000\000\000\000\000\000\000\000\000\000\000\000\000\000\000\000\000\000\000\000\000\000\000\000\000\000\000\000\000\000\000\000P\031\345X\002=\033c\255\253\226\014-o\364!\262f\370\222\250\377\220&p\343\245\3604Op\353\317\305s!\003.\200\224\215?)t\306\315\242\313\251\255\302\204=\232.\271%}\013\024s\024\002@\216l""\241FvG0E\002!\000\247\343\324\375\271Qu\352n\330\200\350\270[\240\254\307\025\371\211\350\367R1\362 \354V$jGp\002 f?\305\000\375\2037\005w\233\271""~\347}\246\277\345\355\307\020\271w\306\333_\211\244\034h8z""; "
1750587312820,1750587312820,0,1,3,0,TMValidation,"validation: """"\200\000\000\001&\000\000\000\020)/\352\2240:v|\203\267)\257\206\032Q?Z\326\257)\2439\250\272\002\370\360\022\220W 062/8s4\204\363\253&I\000m\335\025P\027\000\000\000\000\000\000\000\000\000\000\000\000\000\000\000\000\000\000\000\000\000\000\000\000\000\000\000\000\000\000\000\000P\031\345X\002=\033c\255\253\226\014-o\364!\262f\370\222\250\377\220&p\343\245\3604Op\353\317\305s!\003.\200\224\215?)t\306\315\242\313\251\255\302\204=\232.\271%}\013\024s\024\002@\216l""\241FvG0E\002!\000\247\343\324\375\271Qu\352n\330\200\350\270[\240\254\307\025\371\211\350\367R1\362 \354V$jGp\002 f?\305\000\375\2037\005w\233\271""~\347}\246\277\345\355\307\020\271w\306\333_\211\244\034h8z""; ","validation: """"\200\000\000\001&\000\000\000\020)/\352\2240:v|\203\267)\257\206\032Q?Z\326\257)\2439\250\272\002\370\360\022\220W 062/8s4\204\363\253&I\000m\335\025P\027\000\000\000\000\000\000\000\000\000\000\000\000\000\000\000\000\000\000\000\000\000\000\000\000\000\000\000\000\000\000\000\000P\031\345X\002=\033c\255\253\226\014-o\364!\262f\370\222\250\377\220&p\343\245\3604Op\353\317\305s!\003.\200\224\215?)t\306\315\242\313\251\255\302\204=\232.\271%}\013\024s\024\002@\216l""\241FvG0E\002!\000\247\343\324\375\271Qu\352n\330\200\350\270[\240\254\307\025\371\211\350\367R1\362 \354V$jGp\002 f?\305\000\375\2037\005w\233\271""~\347}\246\277\345\355\307\020\271w\306\333_\211\244\034h8z""; "
1750587312820,1750587312820,0,1,2,1,TMValidation,"validation: """"\200\000\000\001&\000\000\000\020)/\352\2240:v|\203\267)\257\206\032Q?Z\326\257)\2439\250\272\002\370\360\022\220W 062/8s4\204\363\253&I\000m\335\025P\027\000\000\000\000\000\000\000\000\000\000\000\000\000\000\000\000\000\000\000\000\000\000\000\000\000\000\000\000\000\000\000\000P\031\345X\002=\033c\255\253\226\014-o\364!\262f\370\222\250\377\220&p\343\245\3604Op\353\317\305s!\003.\200\224\215?)t\306\315\242\313\251\255\302\204=\232.\271%}\013\024s\024\002@\216l""\241FvG0E\002!\000\247\343\324\375\271Qu\352n\330\200\350\270[\240\254\307\025\371\211\350\367R1\362 \354V$jGp\002 f?\305\000\375\2037\005w\233\271""~\347}\246\277\345\355\307\020\271w\306\333_\211\244\034h8z""; ","validation: """"\200\000\000\001&\000\000\000\020)/\352\2240:v|\203\267)\257\206\032Q?Z\326\257)\2439\250\272\002\370\360\022\220W 062/8s4\204\363\253&I\000m\335\025P\027\000\000\000\000\000\000\000\000\000\000\000\000\000\000\000\000\000\000\000\000\000\000\000\000\000\000\000\000\000\000\000\000P\031\345X\002=\033c\255\253\226\014-o\364!\262f\370\222\250\377\220&p\343\245\3604Op\353\317\305s!\003.\200\224\215?)t\306\315\242\313\251\255\302\204=\232.\271%}\013\024s\024\002@\216l""\241FvG0E\002!\000\247\343\324\375\271Qu\352n\330\200\350\270[\240\254\307\025\371\211\350\367R1\362 \354V$jGp\002 f?\305\000\375\2037\005w\233\271""~\347}\246\277\345\355\307\020\271w\306\333_\211\244\034h8z""; "
1750587312822,1750587312822,0,1,2,3,TMValidation,"validation: """"\200\000\000\001&\000\000\000\020)/\352\2240:v|\203\267)\257\206\032Q?Z\326\257)\2439\250\272\002\370\360\022\220W 062/8s4\204\363\253&I\000m\335\025P\027\000\000\000\000\000\000\000\000\000\000\000\000\000\000\000\000\000\000\000\000\000\000\000\000\000\000\000\000\000\000\000\000P\031\345X\002=\033c\255\253\226\014-o\364!\262f\370\222\250\377\220&p\343\245\3604Op\353\317\305s!\003.\200\224\215?)t\306\315\242\313\251\255\302\204=\232.\271%}\013\024s\024\002@\216l""\241FvG0E\002!\000\247\343\324\375\271Qu\352n\330\200\350\270[\240\254\307\025\371\211\350\367R1\362 \354V$jGp\002 f?\305\000\375\2037\005w\233\271""~\347}\246\277\345\355\307\020\271w\306\333_\211\244\034h8z""; ","validation: """"\200\000\000\001&\000\000\000\020)/\352\2240:v|\203\267)\257\206\032Q?Z\326\257)\2439\250\272\002\370\360\022\220W 062/8s4\204\363\253&I\000m\335\025P\027\000\000\000\000\000\000\000\000\000\000\000\000\000\000\000\000\000\000\000\000\000\000\000\000\000\000\000\000\000\000\000\000P\031\345X\002=\033c\255\253\226\014-o\364!\262f\370\222\250\377\220&p\343\245\3604Op\353\317\305s!\003.\200\224\215?)t\306\315\242\313\251\255\302\204=\232.\271%}\013\024s\024\002@\216l""\241FvG0E\002!\000\247\343\324\375\271Qu\352n\330\200\350\270[\240\254\307\025\371\211\350\367R1\362 \354V$jGp\002 f?\305\000\375\2037\005w\233\271""~\347}\246\277\345\355\307\020\271w\306\333_\211\244\034h8z""; "
1750587312822,1750587312822,0,1,1,2,TMValidation,"validation: """"\200\000\000\001&\000\000\000\020)/\352\2240:v|\203\267)\257\206\032Q?Z\326\257)\2439\250\272\002\370\360\022\220W 062/8s4\204\363\253&I\000m\335\025P\027\000\000\000\000\000\000\000\000\000\000\000\000\000\000\000\000\000\000\000\000\000\000\000\000\000\000\000\000\000\000\000\000P\031\345X\002=\033c\255\253\226\014-o\364!\262f\370\222\250\377\220&p\343\245\3604Op\353\317\305s!\003.\200\224\215?)t\306\315\242\313\251\255\302\204=\232.\271%}\013\024s\024\002@\216l""\241FvG0E\002!\000\247\343\324\375\271Qu\352n\330\200\350\270[\240\254\307\025\371\211\350\367R1\362 \354V$jGp\002 f?\305\000\375\2037\005w\233\271""~\347}\246\277\345\355\307\020\271w\306\333_\211\244\034h8z""; ","validation: """"\200\000\000\001&\000\000\000\020)/\352\2240:v|\203\267)\257\206\032Q?Z\326\257)\2439\250\272\002\370\360\022\220W 062/8s4\204\363\253&I\000m\335\025P\027\000\000\000\000\000\000\000\000\000\000\000\000\000\000\000\000\000\000\000\000\000\000\000\000\000\000\000\000\000\000\000\000P\031\345X\002=\033c\255\253\226\014-o\364!\262f\370\222\250\377\220&p\343\245\3604Op\353\317\305s!\003.\200\224\215?)t\306\315\242\313\251\255\302\204=\232.\271%}\013\024s\024\002@\216l""\241FvG0E\002!\000\247\343\324\375\271Qu\352n\330\200\350\270[\240\254\307\025\371\211\350\367R1\362 \354V$jGp\002 f?\305\000\375\2037\005w\233\271""~\347}\246\277\345\355\307\020\271w\306\333_\211\244\034h8z""; "
1750587312822,1750587312823,0,1,2,0,TMValidation,"validation: """"\200\000\000\001&\000\000\000\020)/\352\2240:v|\203\267)\257\206\032Q?Z\326\257)\2439\250\272\002\370\360\022\220W 062/8s4\204\363\253&I\000m\335\025P\027\000\000\000\000\000\000\000\000\000\000\000\000\000\000\000\000\000\000\000\000\000\000\000\000\000\000\000\000\000\000\000\000P\031\345X\002=\033c\255\253\226\014-o\364!\262f\370\222\250\377\220&p\343\245\3604Op\353\317\305s!\003.\200\224\215?)t\306\315\242\313\251\255\302\204=\232.\271%}\013\024s\024\002@\216l""\241FvG0E\002!\000\247\343\324\375\271Qu\352n\330\200\350\270[\240\254\307\025\371\211\350\367R1\362 \354V$jGp\002 f?\305\000\375\2037\005w\233\271""~\347}\246\277\345\355\307\020\271w\306\333_\211\244\034h8z""; ","validation: """"\200\000\000\001&\000\000\000\020)/\352\2240:v|\203\267)\257\206\032Q?Z\326\257)\2439\250\272\002\370\360\022\220W 062/8s4\204\363\253&I\000m\335\025P\027\000\000\000\000\000\000\000\000\000\000\000\000\000\000\000\000\000\000\000\000\000\000\000\000\000\000\000\000\000\000\000\000P\031\345X\002=\033c\255\253\226\014-o\364!\262f\370\222\250\377\220&p\343\245\3604Op\353\317\305s!\003.\200\224\215?)t\306\315\242\313\251\255\302\204=\232.\271%}\013\024s\024\002@\216l""\241FvG0E\002!\000\247\343\324\375\271Qu\352n\330\200\350\270[\240\254\307\025\371\211\350\367R1\362 \354V$jGp\002 f?\305\000\375\2037\005w\233\271""~\347}\246\277\345\355\307\020\271w\306\333_\211\244\034h8z""; "
1750587312823,1750587312823,0,1,1,0,TMValidation,"validation: """"\200\000\000\001&\000\000\000\020)/\352\2240:v|\203\267)\257\206\032Q?Z\326\257)\2439\250\272\002\370\360\022\220W 062/8s4\204\363\253&I\000m\335\025P\027\000\000\000\000\000\000\000\000\000\000\000\000\000\000\000\000\000\000\000\000\000\000\000\000\000\000\000\000\000\000\000\000P\031\345X\002=\033c\255\253\226\014-o\364!\262f\370\222\250\377\220&p\343\245\3604Op\353\317\305s!\003.\200\224\215?)t\306\315\242\313\251\255\302\204=\232.\271%}\013\024s\024\002@\216l""\241FvG0E\002!\000\247\343\324\375\271Qu\352n\330\200\350\270[\240\254\307\025\371\211\350\367R1\362 \354V$jGp\002 f?\305\000\375\2037\005w\233\271""~\347}\246\277\345\355\307\020\271w\306\333_\211\244\034h8z""; ","validation: """"\200\000\000\001&\000\000\000\020)/\352\2240:v|\203\267)\257\206\032Q?Z\326\257)\2439\250\272\002\370\360\022\220W 062/8s4\204\363\253&I\000m\335\025P\027\000\000\000\000\000\000\000\000\000\000\000\000\000\000\000\000\000\000\000\000\000\000\000\000\000\000\000\000\000\000\000\000P\031\345X\002=\033c\255\253\226\014-o\364!\262f\370\222\250\377\220&p\343\245\3604Op\353\317\305s!\003.\200\224\215?)t\306\315\242\313\251\255\302\204=\232.\271%}\013\024s\024\002@\216l""\241FvG0E\002!\000\247\343\324\375\271Qu\352n\330\200\350\270[\240\254\307\025\371\211\350\367R1\362 \354V$jGp\002 f?\305\000\375\2037\005w\233\271""~\347}\246\277\345\355\307\020\271w\306\333_\211\244\034h8z""; "
1750587312823,1750587312823,0,1,1,3,TMValidation,"validation: """"\200\000\000\001&\000\000\000\020)/\352\2240:v|\203\267)\257\206\032Q?Z\326\257)\2439\250\272\002\370\360\022\220W 062/8s4\204\363\253&I\000m\335\025P\027\000\000\000\000\000\000\000\000\000\000\000\000\000\000\000\000\000\000\000\000\000\000\000\000\000\000\000\000\000\000\000\000P\031\345X\002=\033c\255\253\226\014-o\364!\262f\370\222\250\377\220&p\343\245\3604Op\353\317\305s!\003.\200\224\215?)t\306\315\242\313\251\255\302\204=\232.\271%}\013\024s\024\002@\216l""\241FvG0E\002!\000\247\343\324\375\271Qu\352n\330\200\350\270[\240\254\307\025\371\211\350\367R1\362 \354V$jGp\002 f?\305\000\375\2037\005w\233\271""~\347}\246\277\345\355\307\020\271w\306\333_\211\244\034h8z""; ","validation: """"\200\000\000\001&\000\000\000\020)/\352\2240:v|\203\267)\257\206\032Q?Z\326\257)\2439\250\272\002\370\360\022\220W 062/8s4\204\363\253&I\000m\335\025P\027\000\000\000\000\000\000\000\000\000\000\000\000\000\000\000\000\000\000\000\000\000\000\000\000\000\000\000\000\000\000\000\000P\031\345X\002=\033c\255\253\226\014-o\364!\262f\370\222\250\377\220&p\343\245\3604Op\353\317\305s!\003.\200\224\215?)t\306\315\242\313\251\255\302\204=\232.\271%}\013\024s\024\002@\216l""\241FvG0E\002!\000\247\343\324\375\271Qu\352n\330\200\350\270[\240\254\307\025\371\211\350\367R1\362 \354V$jGp\002 f?\305\000\375\2037\005w\233\271""~\347}\246\277\345\355\307\020\271w\306\333_\211\244\034h8z""; "
1750587312887,1750587312887,0,1,3,4,TMProposeSet,"proposeSeq: 0; currentTxHash: ""\000\000\000\000\000\000\000\000\000\000\000\000\000\000\000\000\000\000\000\000\000\000\000\000\000\000\000\000\000\000\000\000""; nodePubKey: ""\003\325Q\255\224\274R@\312\253\262\347\352\034\346\347\242\215,\312\376=\277\353{\350\225\301\305`^, ""; closeTime: 803902512; signature: ""0E\002!\000\246,\2227p\242\237'c\320\253\030\363\271\201\257Z\023)yk\004M\336\261\241\220[$8\253+\002 PB\271\362I\315\2560l\177\033\210:\255\327j\227\216N\374\213\214\277<\372'V\245\223|-\253""; previousledger: ""?Z\326\257)\2439\250\272\002\370\360\022\220W 062/8s4\204\363\253&I\000m\335\025""; ","proposeSeq: 0; currentTxHash: ""\000\000\000\000\000\000\000\000\000\000\000\000\000\000\000\000\000\000\000\000\000\000\000\000\000\000\000\000\000\000\000\000""; nodePubKey: ""\003\325Q\255\224\274R@\312\253\262\347\352\034\346\347\242\215,\312\376=\277\353{\350\225\301\305`^, ""; closeTime: 803902512; signature: ""0E\002!\000\246,\2227p\242\237'c\320\253\030\363\271\201\257Z\023)yk\004M\336\261\241\220[$8\253+\002 PB\271\362I\315\2560l\177\033\210:\255\327j\227\216N\374\213\214\277<\372'V\245\223|-\253""; previousledger: ""?Z\326\257)\2439\250\272\002\370\360\022\220W 062/8s4\204\363\253&I\000m\335\025""; "
1750587312889,1750587312889,0,1,4,1,TMProposeSet,"proposeSeq: 0; currentTxHash: ""\000\000\000\000\000\000\000\000\000\000\000\000\000\000\000\000\000\000\000\000\000\000\000\000\000\000\000\000\000\000\000\000""; nodePubKey: ""\003\325Q\255\224\274R@\312\253\262\347\352\034\346\347\242\215,\312\376=\277\353{\350\225\301\305`^, ""; closeTime: 803902512; signature: ""0E\002!\000\246,\2227p\242\237'c\320\253\030\363\271\201\257Z\023)yk\004M\336\261\241\220[$8\253+\002 PB\271\362I\315\2560l\177\033\210:\255\327j\227\216N\374\213\214\277<\372'V\245\223|-\253""; previousledger: ""?Z\326\257)\2439\250\272\002\370\360\022\220W 062/8s4\204\363\253&I\000m\335\025""; ","proposeSeq: 0; currentTxHash: ""\000\000\000\000\000\000\000\000\000\000\000\000\000\000\000\000\000\000\000\000\000\000\000\000\000\000\000\000\000\000\000\000""; nodePubKey: ""\003\325Q\255\224\274R@\312\253\262\347\352\034\346\347\242\215,\312\376=\277\353{\350\225\301\305`^, ""; closeTime: 803902512; signature: ""0E\002!\000\246,\2227p\242\237'c\320\253\030\363\271\201\257Z\023)yk\004M\336\261\241\220[$8\253+\002 PB\271\362I\315\2560l\177\033\210:\255\327j\227\216N\374\213\214\277<\372'V\245\223|-\253""; previousledger: ""?Z\326\257)\2439\250\272\002\370\360\022\220W 062/8s4\204\363\253&I\000m\335\025""; "
1750587312889,1750587312889,0,1,4,2,TMProposeSet,"proposeSeq: 0; currentTxHash: ""\000\000\000\000\000\000\000\000\000\000\000\000\000\000\000\000\000\000\000\000\000\000\000\000\000\000\000\000\000\000\000\000""; nodePubKey: ""\003\325Q\255\224\274R@\312\253\262\347\352\034\346\347\242\215,\312\376=\277\353{\350\225\301\305`^, ""; closeTime: 803902512; signature: ""0E\002!\000\246,\2227p\242\237'c\320\253\030\363\271\201\257Z\023)yk\004M\336\261\241\220[$8\253+\002 PB\271\362I\315\2560l\177\033\210:\255\327j\227\216N\374\213\214\277<\372'V\245\223|-\253""; previousledger: ""?Z\326\257)\2439\250\272\002\370\360\022\220W 062/8s4\204\363\253&I\000m\335\025""; ","proposeSeq: 0; currentTxHash: ""\000\000\000\000\000\000\000\000\000\000\000\000\000\000\000\000\000\000\000\000\000\000\000\000\000\000\000\000\000\000\000\000""; nodePubKey: ""\003\325Q\255\224\274R@\312\253\262\347\352\034\346\347\242\215,\312\376=\277\353{\350\225\301\305`^, ""; closeTime: 803902512; signature: ""0E\002!\000\246,\2227p\242\237'c\320\253\030\363\271\201\257Z\023)yk\004M\336\261\241\220[$8\253+\002 PB\271\362I\315\2560l\177\033\210:\255\327j\227\216N\374\213\214\277<\372'V\245\223|-\253""; previousledger: ""?Z\326\257)\2439\250\272\002\370\360\022\220W 062/8s4\204\363\253&I\000m\335\025""; "
1750587312890,1750587312890,0,1,4,0,TMProposeSet,"proposeSeq: 0; currentTxHash: ""\000\000\000\000\000\000\000\000\000\000\000\000\000\000\000\000\000\000\000\000\000\000\000\000\000\000\000\000\000\000\000\000""; nodePubKey: ""\003\325Q\255\224\274R@\312\253\262\347\352\034\346\347\242\215,\312\376=\277\353{\350\225\301\305`^, ""; closeTime: 803902512; signature: ""0E\002!\000\246,\2227p\242\237'c\320\253\030\363\271\201\257Z\023)yk\004M\336\261\241\220[$8\253+\002 PB\271\362I\315\2560l\177\033\210:\255\327j\227\216N\374\213\214\277<\372'V\245\223|-\253""; previousledger: ""?Z\326\257)\2439\250\272\002\370\360\022\220W 062/8s4\204\363\253&I\000m\335\025""; ","proposeSeq: 0; currentTxHash: ""\000\000\000\000\000\000\000\000\000\000\000\000\000\000\000\000\000\000\000\000\000\000\000\000\000\000\000\000\000\000\000\000""; nodePubKey: ""\003\325Q\255\224\274R@\312\253\262\347\352\034\346\347\242\215,\312\376=\277\353{\350\225\301\305`^, ""; closeTime: 803902512; signature: ""0E\002!\000\246,\2227p\242\237'c\320\253\030\363\271\201\257Z\023)yk\004M\336\261\241\220[$8\253+\002 PB\271\362I\315\2560l\177\033\210:\255\327j\227\216N\374\213\214\277<\372'V\245\223|-\253""; previousledger: ""?Z\326\257)\2439\250\272\002\370\360\022\220W 062/8s4\204\363\253&I\000m\335\025""; "
1750587312891,1750587312891,0,1,1,3,TMProposeSet,"proposeSeq: 0; currentTxHash: ""\000\000\000\000\000\000\000\000\000\000\000\000\000\000\000\000\000\000\000\000\000\000\000\000\000\000\000\000\000\000\000\000""; nodePubKey: ""\003\325Q\255\224\274R@\312\253\262\347\352\034\346\347\242\215,\312\376=\277\353{\350\225\301\305`^, ""; closeTime: 803902512; signature: ""0E\002!\000\246,\2227p\242\237'c\320\253\030\363\271\201\257Z\023)yk\004M\336\261\241\220[$8\253+\002 PB\271\362I\315\2560l\177\033\210:\255\327j\227\216N\374\213\214\277<\372'V\245\223|-\253""; previousledger: ""?Z\326\257)\2439\250\272\002\370\360\022\220W 062/8s4\204\363\253&I\000m\335\025""; ","proposeSeq: 0; currentTxHash: ""\000\000\000\000\000\000\000\000\000\000\000\000\000\000\000\000\000\000\000\000\000\000\000\000\000\000\000\000\000\000\000\000""; nodePubKey: ""\003\325Q\255\224\274R@\312\253\262\347\352\034\346\347\242\215,\312\376=\277\353{\350\225\301\305`^, ""; closeTime: 803902512; signature: ""0E\002!\000\246,\2227p\242\237'c\320\253\030\363\271\201\257Z\023)yk\004M\336\261\241\220[$8\253+\002 PB\271\362I\315\2560l\177\033\210:\255\327j\227\216N\374\213\214\277<\372'V\245\223|-\253""; previousledger: ""?Z\326\257)\2439\250\272\002\370\360\022\220W 062/8s4\204\363\253&I\000m\335\025""; "
1750587312891,1750587312891,0,1,1,0,TMProposeSet,"proposeSeq: 0; currentTxHash: ""\000\000\000\000\000\000\000\000\000\000\000\000\000\000\000\000\000\000\000\000\000\000\000\000\000\000\000\000\000\000\000\000""; nodePubKey: ""\003\325Q\255\224\274R@\312\253\262\347\352\034\346\347\242\215,\312\376=\277\353{\350\225\301\305`^, ""; closeTime: 803902512; signature: ""0E\002!\000\246,\2227p\242\237'c\320\253\030\363\271\201\257Z\023)yk\004M\336\261\241\220[$8\253+\002 PB\271\362I\315\2560l\177\033\210:\255\327j\227\216N\374\213\214\277<\372'V\245\223|-\253""; previousledger: ""?Z\326\257)\2439\250\272\002\370\360\022\220W 062/8s4\204\363\253&I\000m\335\025""; ","proposeSeq: 0; currentTxHash: ""\000\000\000\000\000\000\000\000\000\000\000\000\000\000\000\000\000\000\000\000\000\000\000\000\000\000\000\000\000\000\000\000""; nodePubKey: ""\003\325Q\255\224\274R@\312\253\262\347\352\034\346\347\242\215,\312\376=\277\353{\350\225\301\305`^, ""; closeTime: 803902512; signature: ""0E\002!\000\246,\2227p\242\237'c\320\253\030\363\271\201\257Z\023)yk\004M\336\261\241\220[$8\253+\002 PB\271\362I\315\2560l\177\033\210:\255\327j\227\216N\374\213\214\277<\372'V\245\223|-\253""; previousledger: ""?Z\326\257)\2439\250\272\002\370\360\022\220W 062/8s4\204\363\253&I\000m\335\025""; "
1750587312892,1750587312892,0,1,1,2,TMProposeSet,"proposeSeq: 0; currentTxHash: ""\000\000\000\000\000\000\000\000\000\000\000\000\000\000\000\000\000\000\000\000\000\000\000\000\000\000\000\000\000\000\000\000""; nodePubKey: ""\003\325Q\255\224\274R@\312\253\262\347\352\034\346\347\242\215,\312\376=\277\353{\350\225\301\305`^, ""; closeTime: 803902512; signature: ""0E\002!\000\246,\2227p\242\237'c\320\253\030\363\271\201\257Z\023)yk\004M\336\261\241\220[$8\253+\002 PB\271\362I\315\2560l\177\033\210:\255\327j\227\216N\374\213\214\277<\372'V\245\223|-\253""; previousledger: ""?Z\326\257)\2439\250\272\002\370\360\022\220W 062/8s4\204\363\253&I\000m\335\025""; ","proposeSeq: 0; currentTxHash: ""\000\000\000\000\000\000\000\000\000\000\000\000\000\000\000\000\000\000\000\000\000\000\000\000\000\000\000\000\000\000\000\000""; nodePubKey: ""\003\325Q\255\224\274R@\312\253\262\347\352\034\346\347\242\215,\312\376=\277\353{\350\225\301\305`^, ""; closeTime: 803902512; signature: ""0E\002!\000\246,\2227p\242\237'c\320\253\030\363\271\201\257Z\023)yk\004M\336\261\241\220[$8\253+\002 PB\271\362I\315\2560l\177\033\210:\255\327j\227\216N\374\213\214\277<\372'V\245\223|-\253""; previousledger: ""?Z\326\257)\2439\250\272\002\370\360\022\220W 062/8s4\204\363\253&I\000m\335\025""; "
1750587312892,1750587312892,0,1,2,3,TMProposeSet,"proposeSeq: 0; currentTxHash: ""\000\000\000\000\000\000\000\000\000\000\000\000\000\000\000\000\000\000\000\000\000\000\000\000\000\000\000\000\000\000\000\000""; nodePubKey: ""\003\325Q\255\224\274R@\312\253\262\347\352\034\346\347\242\215,\312\376=\277\353{\350\225\301\305`^, ""; closeTime: 803902512; signature: ""0E\002!\000\246,\2227p\242\237'c\320\253\030\363\271\201\257Z\023)yk\004M\336\261\241\220[$8\253+\002 PB\271\362I\315\2560l\177\033\210:\255\327j\227\216N\374\213\214\277<\372'V\245\223|-\253""; previousledger: ""?Z\326\257)\2439\250\272\002\370\360\022\220W 062/8s4\204\363\253&I\000m\335\025""; ","proposeSeq: 0; currentTxHash: ""\000\000\000\000\000\000\000\000\000\000\000\000\000\000\000\000\000\000\000\000\000\000\000\000\000\000\000\000\000\000\000\000""; nodePubKey: ""\003\325Q\255\224\274R@\312\253\262\347\352\034\346\347\242\215,\312\376=\277\353{\350\225\301\305`^, ""; closeTime: 803902512; signature: ""0E\002!\000\246,\2227p\242\237'c\320\253\030\363\271\201\257Z\023)yk\004M\336\261\241\220[$8\253+\002 PB\271\362I\315\2560l\177\033\210:\255\327j\227\216N\374\213\214\277<\372'V\245\223|-\253""; previousledger: ""?Z\326\257)\2439\250\272\002\370\360\022\220W 062/8s4\204\363\253&I\000m\335\025""; "
1750587312892,1750587312893,0,1,2,1,TMProposeSet,"proposeSeq: 0; currentTxHash: ""\000\000\000\000\000\000\000\000\000\000\000\000\000\000\000\000\000\000\000\000\000\000\000\000\000\000\000\000\000\000\000\000""; nodePubKey: ""\003\325Q\255\224\274R@\312\253\262\347\352\034\346\347\242\215,\312\376=\277\353{\350\225\301\305`^, ""; closeTime: 803902512; signature: ""0E\002!\000\246,\2227p\242\237'c\320\253\030\363\271\201\257Z\023)yk\004M\336\261\241\220[$8\253+\002 PB\271\362I\315\2560l\177\033\210:\255\327j\227\216N\374\213\214\277<\372'V\245\223|-\253""; previousledger: ""?Z\326\257)\2439\250\272\002\370\360\022\220W 062/8s4\204\363\253&I\000m\335\025""; ","proposeSeq: 0; currentTxHash: ""\000\000\000\000\000\000\000\000\000\000\000\000\000\000\000\000\000\000\000\000\000\000\000\000\000\000\000\000\000\000\000\000""; nodePubKey: ""\003\325Q\255\224\274R@\312\253\262\347\352\034\346\347\242\215,\312\376=\277\353{\350\225\301\305`^, ""; closeTime: 803902512; signature: ""0E\002!\000\246,\2227p\242\237'c\320\253\030\363\271\201\257Z\023)yk\004M\336\261\241\220[$8\253+\002 PB\271\362I\315\2560l\177\033\210:\255\327j\227\216N\374\213\214\277<\372'V\245\223|-\253""; previousledger: ""?Z\326\257)\2439\250\272\002\370\360\022\220W 062/8s4\204\363\253&I\000m\335\025""; "
1750587312893,1750587312893,0,1,2,0,TMProposeSet,"proposeSeq: 0; currentTxHash: ""\000\000\000\000\000\000\000\000\000\000\000\000\000\000\000\000\000\000\000\000\000\000\000\000\000\000\000\000\000\000\000\000""; nodePubKey: ""\003\325Q\255\224\274R@\312\253\262\347\352\034\346\347\242\215,\312\376=\277\353{\350\225\301\305`^, ""; closeTime: 803902512; signature: ""0E\002!\000\246,\2227p\242\237'c\320\253\030\363\271\201\257Z\023)yk\004M\336\261\241\220[$8\253+\002 PB\271\362I\315\2560l\177\033\210:\255\327j\227\216N\374\213\214\277<\372'V\245\223|-\253""; previousledger: ""?Z\326\257)\2439\250\272\002\370\360\022\220W 062/8s4\204\363\253&I\000m\335\025""; ","proposeSeq: 0; currentTxHash: ""\000\000\000\000\000\000\000\000\000\000\000\000\000\000\000\000\000\000\000\000\000\000\000\000\000\000\000\000\000\000\000\000""; nodePubKey: ""\003\325Q\255\224\274R@\312\253\262\347\352\034\346\347\242\215,\312\376=\277\353{\350\225\301\305`^, ""; closeTime: 803902512; signature: ""0E\002!\000\246,\2227p\242\237'c\320\253\030\363\271\201\257Z\023)yk\004M\336\261\241\220[$8\253+\002 PB\271\362I\315\2560l\177\033\210:\255\327j\227\216N\374\213\214\277<\372'V\245\223|-\253""; previousledger: ""?Z\326\257)\2439\250\272\002\370\360\022\220W 062/8s4\204\363\253&I\000m\335\025""; "
1750587312893,1750587312893,0,1,0,2,TMProposeSet,"proposeSeq: 0; currentTxHash: ""\000\000\000\000\000\000\000\000\000\000\000\000\000\000\000\000\000\000\000\000\000\000\000\000\000\000\000\000\000\000\000\000""; nodePubKey: ""\003\325Q\255\224\274R@\312\253\262\347\352\034\346\347\242\215,\312\376=\277\353{\350\225\301\305`^, ""; closeTime: 803902512; signature: ""0E\002!\000\246,\2227p\242\237'c\320\253\030\363\271\201\257Z\023)yk\004M\336\261\241\220[$8\253+\002 PB\271\362I\315\2560l\177\033\210:\255\327j\227\216N\374\213\214\277<\372'V\245\223|-\253""; previousledger: ""?Z\326\257)\2439\250\272\002\370\360\022\220W 062/8s4\204\363\253&I\000m\335\025""; ","proposeSeq: 0; currentTxHash: ""\000\000\000\000\000\000\000\000\000\000\000\000\000\000\000\000\000\000\000\000\000\000\000\000\000\000\000\000\000\000\000\000""; nodePubKey: ""\003\325Q\255\224\274R@\312\253\262\347\352\034\346\347\242\215,\312\376=\277\353{\350\225\301\305`^, ""; closeTime: 803902512; signature: ""0E\002!\000\246,\2227p\242\237'c\320\253\030\363\271\201\257Z\023)yk\004M\336\261\241\220[$8\253+\002 PB\271\362I\315\2560l\177\033\210:\255\327j\227\216N\374\213\214\277<\372'V\245\223|-\253""; previousledger: ""?Z\326\257)\2439\250\272\002\370\360\022\220W 062/8s4\204\363\253&I\000m\335\025""; "
1750587312894,1750587312894,0,1,0,3,TMProposeSet,"proposeSeq: 0; currentTxHash: ""\000\000\000\000\000\000\000\000\000\000\000\000\000\000\000\000\000\000\000\000\000\000\000\000\000\000\000\000\000\000\000\000""; nodePubKey: ""\003\325Q\255\224\274R@\312\253\262\347\352\034\346\347\242\215,\312\376=\277\353{\350\225\301\305`^, ""; closeTime: 803902512; signature: ""0E\002!\000\246,\2227p\242\237'c\320\253\030\363\271\201\257Z\023)yk\004M\336\261\241\220[$8\253+\002 PB\271\362I\315\2560l\177\033\210:\255\327j\227\216N\374\213\214\277<\372'V\245\223|-\253""; previousledger: ""?Z\326\257)\2439\250\272\002\370\360\022\220W 062/8s4\204\363\253&I\000m\335\025""; ","proposeSeq: 0; currentTxHash: ""\000\000\000\000\000\000\000\000\000\000\000\000\000\000\000\000\000\000\000\000\000\000\000\000\000\000\000\000\000\000\000\000""; nodePubKey: ""\003\325Q\255\224\274R@\312\253\262\347\352\034\346\347\242\215,\312\376=\277\353{\350\225\301\305`^, ""; closeTime: 803902512; signature: ""0E\002!\000\246,\2227p\242\237'c\320\253\030\363\271\201\257Z\023)yk\004M\336\261\241\220[$8\253+\002 PB\271\362I\315\2560l\177\033\210:\255\327j\227\216N\374\213\214\277<\372'V\245\223|-\253""; previousledger: ""?Z\326\257)\2439\250\272\002\370\360\022\220W 062/8s4\204\363\253&I\000m\335\025""; "
1750587312894,1750587312895,0,1,0,1,TMProposeSet,"proposeSeq: 0; currentTxHash: ""\000\000\000\000\000\000\000\000\000\000\000\000\000\000\000\000\000\000\000\000\000\000\000\000\000\000\000\000\000\000\000\000""; nodePubKey: ""\003\325Q\255\224\274R@\312\253\262\347\352\034\346\347\242\215,\312\376=\277\353{\350\225\301\305`^, ""; closeTime: 803902512; signature: ""0E\002!\000\246,\2227p\242\237'c\320\253\030\363\271\201\257Z\023)yk\004M\336\261\241\220[$8\253+\002 PB\271\362I\315\2560l\177\033\210:\255\327j\227\216N\374\213\214\277<\372'V\245\223|-\253""; previousledger: ""?Z\326\257)\2439\250\272\002\370\360\022\220W 062/8s4\204\363\253&I\000m\335\025""; ","proposeSeq: 0; currentTxHash: ""\000\000\000\000\000\000\000\000\000\000\000\000\000\000\000\000\000\000\000\000\000\000\000\000\000\000\000\000\000\000\000\000""; nodePubKey: ""\003\325Q\255\224\274R@\312\253\262\347\352\034\346\347\242\215,\312\376=\277\353{\350\225\301\305`^, ""; closeTime: 803902512; signature: ""0E\002!\000\246,\2227p\242\237'c\320\253\030\363\271\201\257Z\023)yk\004M\336\261\241\220[$8\253+\002 PB\271\362I\315\2560l\177\033\210:\255\327j\227\216N\374\213\214\277<\372'V\245\223|-\253""; previousledger: ""?Z\326\257)\2439\250\272\002\370\360\022\220W 062/8s4\204\363\253&I\000m\335\025""; "
1750587312895,1750587312895,0,1,3,1,TMProposeSet,"proposeSeq: 0; currentTxHash: ""\000\000\000\000\000\000\000\000\000\000\000\000\000\000\000\000\000\000\000\000\000\000\000\000\000\000\000\000\000\000\000\000""; nodePubKey: ""\003\325Q\255\224\274R@\312\253\262\347\352\034\346\347\242\215,\312\376=\277\353{\350\225\301\305`^, ""; closeTime: 803902512; signature: ""0E\002!\000\246,\2227p\242\237'c\320\253\030\363\271\201\257Z\023)yk\004M\336\261\241\220[$8\253+\002 PB\271\362I\315\2560l\177\033\210:\255\327j\227\216N\374\213\214\277<\372'V\245\223|-\253""; previousledger: ""?Z\326\257)\2439\250\272\002\370\360\022\220W 062/8s4\204\363\253&I\000m\335\025""; ","proposeSeq: 0; currentTxHash: ""\000\000\000\000\000\000\000\000\000\000\000\000\000\000\000\000\000\000\000\000\000\000\000\000\000\000\000\000\000\000\000\000""; nodePubKey: ""\003\325Q\255\224\274R@\312\253\262\347\352\034\346\347\242\215,\312\376=\277\353{\350\225\301\305`^, ""; closeTime: 803902512; signature: ""0E\002!\000\246,\2227p\242\237'c\320\253\030\363\271\201\257Z\023)yk\004M\336\261\241\220[$8\253+\002 PB\271\362I\315\2560l\177\033\210:\255\327j\227\216N\374\213\214\277<\372'V\245\223|-\253""; previousledger: ""?Z\326\257)\2439\250\272\002\370\360\022\220W 062/8s4\204\363\253&I\000m\335\025""; "
1750587312896,1750587312896,0,1,3,2,TMProposeSet,"proposeSeq: 0; currentTxHash: ""\000\000\000\000\000\000\000\000\000\000\000\000\000\000\000\000\000\000\000\000\000\000\000\000\000\000\000\000\000\000\000\000""; nodePubKey: ""\003\325Q\255\224\274R@\312\253\262\347\352\034\346\347\242\215,\312\376=\277\353{\350\225\301\305`^, ""; closeTime: 803902512; signature: ""0E\002!\000\246,\2227p\242\237'c\320\253\030\363\271\201\257Z\023)yk\004M\336\261\241\220[$8\253+\002 PB\271\362I\315\2560l\177\033\210:\255\327j\227\216N\374\213\214\277<\372'V\245\223|-\253""; previousledger: ""?Z\326\257)\2439\250\272\002\370\360\022\220W 062/8s4\204\363\253&I\000m\335\025""; ","proposeSeq: 0; currentTxHash: ""\000\000\000\000\000\000\000\000\000\000\000\000\000\000\000\000\000\000\000\000\000\000\000\000\000\000\000\000\000\000\000\000""; nodePubKey: ""\003\325Q\255\224\274R@\312\253\262\347\352\034\346\347\242\215,\312\376=\277\353{\350\225\301\305`^, ""; closeTime: 803902512; signature: ""0E\002!\000\246,\2227p\242\237'c\320\253\030\363\271\201\257Z\023)yk\004M\336\261\241\220[$8\253+\002 PB\271\362I\315\2560l\177\033\210:\255\327j\227\216N\374\213\214\277<\372'V\245\223|-\253""; previousledger: ""?Z\326\257)\2439\250\272\002\370\360\022\220W 062/8s4\204\363\253&I\000m\335\025""; "
1750587312897,1750587312897,0,1,3,0,TMProposeSet,"proposeSeq: 0; currentTxHash: ""\000\000\000\000\000\000\000\000\000\000\000\000\000\000\000\000\000\000\000\000\000\000\000\000\000\000\000\000\000\000\000\000""; nodePubKey: ""\003\325Q\255\224\274R@\312\253\262\347\352\034\346\347\242\215,\312\376=\277\353{\350\225\301\305`^, ""; closeTime: 803902512; signature: ""0E\002!\000\246,\2227p\242\237'c\320\253\030\363\271\201\257Z\023)yk\004M\336\261\241\220[$8\253+\002 PB\271\362I\315\2560l\177\033\210:\255\327j\227\216N\374\213\214\277<\372'V\245\223|-\253""; previousledger: ""?Z\326\257)\2439\250\272\002\370\360\022\220W 062/8s4\204\363\253&I\000m\335\025""; ","proposeSeq: 0; currentTxHash: ""\000\000\000\000\000\000\000\000\000\000\000\000\000\000\000\000\000\000\000\000\000\000\000\000\000\000\000\000\000\000\000\000""; nodePubKey: ""\003\325Q\255\224\274R@\312\253\262\347\352\034\346\347\242\215,\312\376=\277\353{\350\225\301\305`^, ""; closeTime: 803902512; signature: ""0E\002!\000\246,\2227p\242\237'c\320\253\030\363\271\201\257Z\023)yk\004M\336\261\241\220[$8\253+\002 PB\271\362I\315\2560l\177\033\210:\255\327j\227\216N\374\213\214\277<\372'V\245\223|-\253""; previousledger: ""?Z\326\257)\2439\250\272\002\370\360\022\220W 062/8s4\204\363\253&I\000m\335\025""; "
1750587312885,1750587312932,0,1,3,2,TMStatusChange,"newEvent: neCLOSING_LEDGER; ledgerSeq: 16; ledgerHash: ""?Z\326\257)\2439\250\272\002\370\360\022\220W 062/8s4\204\363\253&I\000m\335\025""; ledgerHashPrevious: ""\345X\002=\033c\255\253\226\014-o\364!\262f\370\222\250\377\220&p\343\245\3604Op\353\317\305""; networkTime: 803902512; firstSeq: 9; lastSeq: 16; ","newEvent: neCLOSING_LEDGER; ledgerSeq: 16; ledgerHash: ""?Z\326\257)\2439\250\272\002\370\360\022\220W 062/8s4\204\363\253&I\000m\335\025""; ledgerHashPrevious: ""\345X\002=\033c\255\253\226\014-o\364!\262f\370\222\250\377\220&p\343\245\3604Op\353\317\305""; networkTime: 803902512; firstSeq: 9; lastSeq: 16; "
1750587312887,1750587312933,0,1,3,4,TMStatusChange,"newEvent: neCLOSING_LEDGER; ledgerSeq: 16; ledgerHash: ""?Z\326\257)\2439\250\272\002\370\360\022\220W 062/8s4\204\363\253&I\000m\335\025""; ledgerHashPrevious: ""\345X\002=\033c\255\253\226\014-o\364!\262f\370\222\250\377\220&p\343\245\3604Op\353\317\305""; networkTime: 803902512; firstSeq: 9; lastSeq: 16; ","newEvent: neCLOSING_LEDGER; ledgerSeq: 16; ledgerHash: ""?Z\326\257)\2439\250\272\002\370\360\022\220W 062/8s4\204\363\253&I\000m\335\025""; ledgerHashPrevious: ""\345X\002=\033c\255\253\226\014-o\364!\262f\370\222\250\377\220&p\343\245\3604Op\353\317\305""; networkTime: 803902512; firstSeq: 9; lastSeq: 16; "
1750587312887,1750587312933,0,1,3,1,TMStatusChange,"newEvent: neCLOSING_LEDGER; ledgerSeq: 16; ledgerHash: ""?Z\326\257)\2439\250\272\002\370\360\022\220W 062/8s4\204\363\253&I\000m\335\025""; ledgerHashPrevious: ""\345X\002=\033c\255\253\226\014-o\364!\262f\370\222\250\377\220&p\343\245\3604Op\353\317\305""; networkTime: 803902512; firstSeq: 9; lastSeq: 16; ","newEvent: neCLOSING_LEDGER; ledgerSeq: 16; ledgerHash: ""?Z\326\257)\2439\250\272\002\370\360\022\220W 062/8s4\204\363\253&I\000m\335\025""; ledgerHashPrevious: ""\345X\002=\033c\255\253\226\014-o\364!\262f\370\222\250\377\220&p\343\245\3604Op\353\317\305""; networkTime: 803902512; firstSeq: 9; lastSeq: 16; "
1750587312887,1750587312933,0,1,3,0,TMStatusChange,"newEvent: neCLOSING_LEDGER; ledgerSeq: 16; ledgerHash: ""?Z\326\257)\2439\250\272\002\370\360\022\220W 062/8s4\204\363\253&I\000m\335\025""; ledgerHashPrevious: ""\345X\002=\033c\255\253\226\014-o\364!\262f\370\222\250\377\220&p\343\245\3604Op\353\317\305""; networkTime: 803902512; firstSeq: 9; lastSeq: 16; ","newEvent: neCLOSING_LEDGER; ledgerSeq: 16; ledgerHash: ""?Z\326\257)\2439\250\272\002\370\360\022\220W 062/8s4\204\363\253&I\000m\335\025""; ledgerHashPrevious: ""\345X\002=\033c\255\253\226\014-o\364!\262f\370\222\250\377\220&p\343\245\3604Op\353\317\305""; networkTime: 803902512; firstSeq: 9; lastSeq: 16; "
1750587313019,1750587313019,0,1,0,4,TMProposeSet,"proposeSeq: 0; currentTxHash: ""\000\000\000\000\000\000\000\000\000\000\000\000\000\000\000\000\000\000\000\000\000\000\000\000\000\000\000\000\000\000\000\000""; nodePubKey: ""\002\347\243J\206W\025ML\260\226\0163\217\250\337\325W\253\356*O\245Z\271\234\207C\274\375`\335\311""; closeTime: 803902513; signature: ""0D\002 \010G?\342d\253\207\372\266\240\025\201i1y\031\177\217\233\207\302O\357\357\t\221\\322J/\221a\002 \023H\234;\2478\301**AC\240\307\332\210\3336;l8\320\316\241\027n\341\263\020\353\333\327f""; previousledger: ""?Z\326\257)\2439\250\272\002\370\360\022\220W 062/8s4\204\363\253&I\000m\335\025""; ","proposeSeq: 0; currentTxHash: ""\000\000\000\000\000\000\000\000\000\000\000\000\000\000\000\000\000\000\000\000\000\000\000\000\000\000\000\000\000\000\000\000""; nodePubKey: ""\002\347\243J\206W\025ML\260\226\0163\217\250\337\325W\253\356*O\245Z\271\234\207C\274\375`\335\311""; closeTime: 803902513; signature: ""0D\002 \010G?\342d\253\207\372\266\240\025\201i1y\031\177\217\233\207\302O\357\357\t\221\\322J/\221a\002 \023H\234;\2478\301**AC\240\307\332\210\3336;l8\320\316\241\027n\341\263\020\353\333\327f""; previousledger: ""?Z\326\257)\2439\250\272\002\370\360\022\220W 062/8s4\204\363\253&I\000m\335\025""; "
1750587313022,1750587313022,0,1,4,3,TMProposeSet,"proposeSeq: 0; currentTxHash: ""\000\000\000\000\000\000\000\000\000\000\000\000\000\000\000\000\000\000\000\000\000\000\000\000\000\000\000\000\000\000\000\000""; nodePubKey: ""\002\347\243J\206W\025ML\260\226\0163\217\250\337\325W\253\356*O\245Z\271\234\207C\274\375`\335\311""; closeTime: 803902513; signature: ""0D\002 \010G?\342d\253\207\372\266\240\025\201i1y\031\177\217\233\207\302O\357\357\t\221\\322J/\221a\002 \023H\234;\2478\301**AC\240\307\332\210\3336;l8\320\316\241\027n\341\263\020\353\333\327f""; previousledger: ""?Z\326\257)\2439\250\272\002\370\360\022\220W 062/8s4\204\363\253&I\000m\335\025""; ","proposeSeq: 0; currentTxHash: ""\000\000\000\000\000\000\000\000\000\000\000\000\000\000\000\000\000\000\000\000\000\000\000\000\000\000\000\000\000\000\000\000""; nodePubKey: ""\002\347\243J\206W\025ML\260\226\0163\217\250\337\325W\253\356*O\245Z\271\234\207C\274\375`\335\311""; closeTime: 803902513; signature: ""0D\002 \010G?\342d\253\207\372\266\240\025\201i1y\031\177\217\233\207\302O\357\357\t\221\\322J/\221a\002 \023H\234;\2478\301**AC\240\307\332\210\3336;l8\320\316\241\027n\341\263\020\353\333\327f""; previousledger: ""?Z\326\257)\2439\250\272\002\370\360\022\220W 062/8s4\204\363\253&I\000m\335\025""; "
1750587313022,1750587313022,0,1,4,2,TMProposeSet,"proposeSeq: 0; currentTxHash: ""\000\000\000\000\000\000\000\000\000\000\000\000\000\000\000\000\000\000\000\000\000\000\000\000\000\000\000\000\000\000\000\000""; nodePubKey: ""\002\347\243J\206W\025ML\260\226\0163\217\250\337\325W\253\356*O\245Z\271\234\207C\274\375`\335\311""; closeTime: 803902513; signature: ""0D\002 \010G?\342d\253\207\372\266\240\025\201i1y\031\177\217\233\207\302O\357\357\t\221\\322J/\221a\002 \023H\234;\2478\301**AC\240\307\332\210\3336;l8\320\316\241\027n\341\263\020\353\333\327f""; previousledger: ""?Z\326\257)\2439\250\272\002\370\360\022\220W 062/8s4\204\363\253&I\000m\335\025""; ","proposeSeq: 0; currentTxHash: ""\000\000\000\000\000\000\000\000\000\000\000\000\000\000\000\000\000\000\000\000\000\000\000\000\000\000\000\000\000\000\000\000""; nodePubKey: ""\002\347\243J\206W\025ML\260\226\0163\217\250\337\325W\253\356*O\245Z\271\234\207C\274\375`\335\311""; closeTime: 803902513; signature: ""0D\002 \010G?\342d\253\207\372\266\240\025\201i1y\031\177\217\233\207\302O\357\357\t\221\\322J/\221a\002 \023H\234;\2478\301**AC\240\307\332\210\3336;l8\320\316\241\027n\341\263\020\353\333\327f""; previousledger: ""?Z\326\257)\2439\250\272\002\370\360\022\220W 062/8s4\204\363\253&I\000m\335\025""; "
1750587313022,1750587313022,0,1,4,1,TMProposeSet,"proposeSeq: 0; currentTxHash: ""\000\000\000\000\000\000\000\000\000\000\000\000\000\000\000\000\000\000\000\000\000\000\000\000\000\000\000\000\000\000\000\000""; nodePubKey: ""\002\347\243J\206W\025ML\260\226\0163\217\250\337\325W\253\356*O\245Z\271\234\207C\274\375`\335\311""; closeTime: 803902513; signature: ""0D\002 \010G?\342d\253\207\372\266\240\025\201i1y\031\177\217\233\207\302O\357\357\t\221\\322J/\221a\002 \023H\234;\2478\301**AC\240\307\332\210\3336;l8\320\316\241\027n\341\263\020\353\333\327f""; previousledger: ""?Z\326\257)\2439\250\272\002\370\360\022\220W 062/8s4\204\363\253&I\000m\335\025""; ","proposeSeq: 0; currentTxHash: ""\000\000\000\000\000\000\000\000\000\000\000\000\000\000\000\000\000\000\000\000\000\000\000\000\000\000\000\000\000\000\000\000""; nodePubKey: ""\002\347\243J\206W\025ML\260\226\0163\217\250\337\325W\253\356*O\245Z\271\234\207C\274\375`\335\311""; closeTime: 803902513; signature: ""0D\002 \010G?\342d\253\207\372\266\240\025\201i1y\031\177\217\233\207\302O\357\357\t\221\\322J/\221a\002 \023H\234;\2478\301**AC\240\307\332\210\3336;l8\320\316\241\027n\341\263\020\353\333\327f""; previousledger: ""?Z\326\257)\2439\250\272\002\370\360\022\220W 062/8s4\204\363\253&I\000m\335\025""; "
1750587313023,1750587313023,0,1,3,1,TMProposeSet,"proposeSeq: 0; currentTxHash: ""\000\000\000\000\000\000\000\000\000\000\000\000\000\000\000\000\000\000\000\000\000\000\000\000\000\000\000\000\000\000\000\000""; nodePubKey: ""\002\347\243J\206W\025ML\260\226\0163\217\250\337\325W\253\356*O\245Z\271\234\207C\274\375`\335\311""; closeTime: 803902513; signature: ""0D\002 \010G?\342d\253\207\372\266\240\025\201i1y\031\177\217\233\207\302O\357\357\t\221\\322J/\221a\002 \023H\234;\2478\301**AC\240\307\332\210\3336;l8\320\316\241\027n\341\263\020\353\333\327f""; previousledger: ""?Z\326\257)\2439\250\272\002\370\360\022\220W 062/8s4\204\363\253&I\000m\335\025""; ","proposeSeq: 0; currentTxHash: ""\000\000\000\000\000\000\000\000\000\000\000\000\000\000\000\000\000\000\000\000\000\000\000\000\000\000\000\000\000\000\000\000""; nodePubKey: ""\002\347\243J\206W\025ML\260\226\0163\217\250\337\325W\253\356*O\245Z\271\234\207C\274\375`\335\311""; closeTime: 803902513; signature: ""0D\002 \010G?\342d\253\207\372\266\240\025\201i1y\031\177\217\233\207\302O\357\357\t\221\\322J/\221a\002 \023H\234;\2478\301**AC\240\307\332\210\3336;l8\320\316\241\027n\341\263\020\353\333\327f""; previousledger: ""?Z\326\257)\2439\250\272\002\370\360\022\220W 062/8s4\204\363\253&I\000m\335\025""; "
1750587313024,1750587313024,0,1,3,2,TMProposeSet,"proposeSeq: 0; currentTxHash: ""\000\000\000\000\000\000\000\000\000\000\000\000\000\000\000\000\000\000\000\000\000\000\000\000\000\000\000\000\000\000\000\000""; nodePubKey: ""\002\347\243J\206W\025ML\260\226\0163\217\250\337\325W\253\356*O\245Z\271\234\207C\274\375`\335\311""; closeTime: 803902513; signature: ""0D\002 \010G?\342d\253\207\372\266\240\025\201i1y\031\177\217\233\207\302O\357\357\t\221\\322J/\221a\002 \023H\234;\2478\301**AC\240\307\332\210\3336;l8\320\316\241\027n\341\263\020\353\333\327f""; previousledger: ""?Z\326\257)\2439\250\272\002\370\360\022\220W 062/8s4\204\363\253&I\000m\335\025""; ","proposeSeq: 0; currentTxHash: ""\000\000\000\000\000\000\000\000\000\000\000\000\000\000\000\000\000\000\000\000\000\000\000\000\000\000\000\000\000\000\000\000""; nodePubKey: ""\002\347\243J\206W\025ML\260\226\0163\217\250\337\325W\253\356*O\245Z\271\234\207C\274\375`\335\311""; closeTime: 803902513; signature: ""0D\002 \010G?\342d\253\207\372\266\240\025\201i1y\031\177\217\233\207\302O\357\357\t\221\\322J/\221a\002 \023H\234;\2478\301**AC\240\307\332\210\3336;l8\320\316\241\027n\341\263\020\353\333\327f""; previousledger: ""?Z\326\257)\2439\250\272\002\370\360\022\220W 062/8s4\204\363\253&I\000m\335\025""; "
1750587313024,1750587313024,0,1,3,0,TMProposeSet,"proposeSeq: 0; currentTxHash: ""\000\000\000\000\000\000\000\000\000\000\000\000\000\000\000\000\000\000\000\000\000\000\000\000\000\000\000\000\000\000\000\000""; nodePubKey: ""\002\347\243J\206W\025ML\260\226\0163\217\250\337\325W\253\356*O\245Z\271\234\207C\274\375`\335\311""; closeTime: 803902513; signature: ""0D\002 \010G?\342d\253\207\372\266\240\025\201i1y\031\177\217\233\207\302O\357\357\t\221\\322J/\221a\002 \023H\234;\2478\301**AC\240\307\332\210\3336;l8\320\316\241\027n\341\263\020\353\333\327f""; previousledger: ""?Z\326\257)\2439\250\272\002\370\360\022\220W 062/8s4\204\363\253&I\000m\335\025""; ","proposeSeq: 0; currentTxHash: ""\000\000\000\000\000\000\000\000\000\000\000\000\000\000\000\000\000\000\000\000\000\000\000\000\000\000\000\000\000\000\000\000""; nodePubKey: ""\002\347\243J\206W\025ML\260\226\0163\217\250\337\325W\253\356*O\245Z\271\234\207C\274\375`\335\311""; closeTime: 803902513; signature: ""0D\002 \010G?\342d\253\207\372\266\240\025\201i1y\031\177\217\233\207\302O\357\357\t\221\\322J/\221a\002 \023H\234;\2478\301**AC\240\307\332\210\3336;l8\320\316\241\027n\341\263\020\353\333\327f""; previousledger: ""?Z\326\257)\2439\250\272\002\370\360\022\220W 062/8s4\204\363\253&I\000m\335\025""; "
1750587313024,1750587313024,0,1,2,3,TMProposeSet,"proposeSeq: 0; currentTxHash: ""\000\000\000\000\000\000\000\000\000\000\000\000\000\000\000\000\000\000\000\000\000\000\000\000\000\000\000\000\000\000\000\000""; nodePubKey: ""\002\347\243J\206W\025ML\260\226\0163\217\250\337\325W\253\356*O\245Z\271\234\207C\274\375`\335\311""; closeTime: 803902513; signature: ""0D\002 \010G?\342d\253\207\372\266\240\025\201i1y\031\177\217\233\207\302O\357\357\t\221\\322J/\221a\002 \023H\234;\2478\301**AC\240\307\332\210\3336;l8\320\316\241\027n\341\263\020\353\333\327f""; previousledger: ""?Z\326\257)\2439\250\272\002\370\360\022\220W 062/8s4\204\363\253&I\000m\335\025""; ","proposeSeq: 0; currentTxHash: ""\000\000\000\000\000\000\000\000\000\000\000\000\000\000\000\000\000\000\000\000\000\000\000\000\000\000\000\000\000\000\000\000""; nodePubKey: ""\002\347\243J\206W\025ML\260\226\0163\217\250\337\325W\253\356*O\245Z\271\234\207C\274\375`\335\311""; closeTime: 803902513; signature: ""0D\002 \010G?\342d\253\207\372\266\240\025\201i1y\031\177\217\233\207\302O\357\357\t\221\\322J/\221a\002 \023H\234;\2478\301**AC\240\307\332\210\3336;l8\320\316\241\027n\341\263\020\353\333\327f""; previousledger: ""?Z\326\257)\2439\250\272\002\370\360\022\220W 062/8s4\204\363\253&I\000m\335\025""; "
1750587313024,1750587313025,0,1,2,1,TMProposeSet,"proposeSeq: 0; currentTxHash: ""\000\000\000\000\000\000\000\000\000\000\000\000\000\000\000\000\000\000\000\000\000\000\000\000\000\000\000\000\000\000\000\000""; nodePubKey: ""\002\347\243J\206W\025ML\260\226\0163\217\250\337\325W\253\356*O\245Z\271\234\207C\274\375`\335\311""; closeTime: 803902513; signature: ""0D\002 \010G?\342d\253\207\372\266\240\025\201i1y\031\177\217\233\207\302O\357\357\t\221\\322J/\221a\002 \023H\234;\2478\301**AC\240\307\332\210\3336;l8\320\316\241\027n\341\263\020\353\333\327f""; previousledger: ""?Z\326\257)\2439\250\272\002\370\360\022\220W 062/8s4\204\363\253&I\000m\335\025""; ","proposeSeq: 0; currentTxHash: ""\000\000\000\000\000\000\000\000\000\000\000\000\000\000\000\000\000\000\000\000\000\000\000\000\000\000\000\000\000\000\000\000""; nodePubKey: ""\002\347\243J\206W\025ML\260\226\0163\217\250\337\325W\253\356*O\245Z\271\234\207C\274\375`\335\311""; closeTime: 803902513; signature: ""0D\002 \010G?\342d\253\207\372\266\240\025\201i1y\031\177\217\233\207\302O\357\357\t\221\\322J/\221a\002 \023H\234;\2478\301**AC\240\307\332\210\3336;l8\320\316\241\027n\341\263\020\353\333\327f""; previousledger: ""?Z\326\257)\2439\250\272\002\370\360\022\220W 062/8s4\204\363\253&I\000m\335\025""; "
1750587313025,1750587313025,0,1,2,0,TMProposeSet,"proposeSeq: 0; currentTxHash: ""\000\000\000\000\000\000\000\000\000\000\000\000\000\000\000\000\000\000\000\000\000\000\000\000\000\000\000\000\000\000\000\000""; nodePubKey: ""\002\347\243J\206W\025ML\260\226\0163\217\250\337\325W\253\356*O\245Z\271\234\207C\274\375`\335\311""; closeTime: 803902513; signature: ""0D\002 \010G?\342d\253\207\372\266\240\025\201i1y\031\177\217\233\207\302O\357\357\t\221\\322J/\221a\002 \023H\234;\2478\301**AC\240\307\332\210\3336;l8\320\316\241\027n\341\263\020\353\333\327f""; previousledger: ""?Z\326\257)\2439\250\272\002\370\360\022\220W 062/8s4\204\363\253&I\000m\335\025""; ","proposeSeq: 0; currentTxHash: ""\000\000\000\000\000\000\000\000\000\000\000\000\000\000\000\000\000\000\000\000\000\000\000\000\000\000\000\000\000\000\000\000""; nodePubKey: ""\002\347\243J\206W\025ML\260\226\0163\217\250\337\325W\253\356*O\245Z\271\234\207C\274\375`\335\311""; closeTime: 803902513; signature: ""0D\002 \010G?\342d\253\207\372\266\240\025\201i1y\031\177\217\233\207\302O\357\357\t\221\\322J/\221a\002 \023H\234;\2478\301**AC\240\307\332\210\3336;l8\320\316\241\027n\341\263\020\353\333\327f""; previousledger: ""?Z\326\257)\2439\250\272\002\370\360\022\220W 062/8s4\204\363\253&I\000m\335\025""; "
1750587313025,1750587313025,0,1,1,0,TMProposeSet,"proposeSeq: 0; currentTxHash: ""\000\000\000\000\000\000\000\000\000\000\000\000\000\000\000\000\000\000\000\000\000\000\000\000\000\000\000\000\000\000\000\000""; nodePubKey: ""\002\347\243J\206W\025ML\260\226\0163\217\250\337\325W\253\356*O\245Z\271\234\207C\274\375`\335\311""; closeTime: 803902513; signature: ""0D\002 \010G?\342d\253\207\372\266\240\025\201i1y\031\177\217\233\207\302O\357\357\t\221\\322J/\221a\002 \023H\234;\2478\301**AC\240\307\332\210\3336;l8\320\316\241\027n\341\263\020\353\333\327f""; previousledger: ""?Z\326\257)\2439\250\272\002\370\360\022\220W 062/8s4\204\363\253&I\000m\335\025""; ","proposeSeq: 0; currentTxHash: ""\000\000\000\000\000\000\000\000\000\000\000\000\000\000\000\000\000\000\000\000\000\000\000\000\000\000\000\000\000\000\000\000""; nodePubKey: ""\002\347\243J\206W\025ML\260\226\0163\217\250\337\325W\253\356*O\245Z\271\234\207C\274\375`\335\311""; closeTime: 803902513; signature: ""0D\002 \010G?\342d\253\207\372\266\240\025\201i1y\031\177\217\233\207\302O\357\357\t\221\\322J/\221a\002 \023H\234;\2478\301**AC\240\307\332\210\3336;l8\320\316\241\027n\341\263\020\353\333\327f""; previousledger: ""?Z\326\257)\2439\250\272\002\370\360\022\220W 062/8s4\204\363\253&I\000m\335\025""; "
1750587313025,1750587313026,0,1,1,3,TMProposeSet,"proposeSeq: 0; currentTxHash: ""\000\000\000\000\000\000\000\000\000\000\000\000\000\000\000\000\000\000\000\000\000\000\000\000\000\000\000\000\000\000\000\000""; nodePubKey: ""\002\347\243J\206W\025ML\260\226\0163\217\250\337\325W\253\356*O\245Z\271\234\207C\274\375`\335\311""; closeTime: 803902513; signature: ""0D\002 \010G?\342d\253\207\372\266\240\025\201i1y\031\177\217\233\207\302O\357\357\t\221\\322J/\221a\002 \023H\234;\2478\301**AC\240\307\332\210\3336;l8\320\316\241\027n\341\263\020\353\333\327f""; previousledger: ""?Z\326\257)\2439\250\272\002\370\360\022\220W 062/8s4\204\363\253&I\000m\335\025""; ","proposeSeq: 0; currentTxHash: ""\000\000\000\000\000\000\000\000\000\000\000\000\000\000\000\000\000\000\000\000\000\000\000\000\000\000\000\000\000\000\000\000""; nodePubKey: ""\002\347\243J\206W\025ML\260\226\0163\217\250\337\325W\253\356*O\245Z\271\234\207C\274\375`\335\311""; closeTime: 803902513; signature: ""0D\002 \010G?\342d\253\207\372\266\240\025\201i1y\031\177\217\233\207\302O\357\357\t\221\\322J/\221a\002 \023H\234;\2478\301**AC\240\307\332\210\3336;l8\320\316\241\027n\341\263\020\353\333\327f""; previousledger: ""?Z\326\257)\2439\250\272\002\370\360\022\220W 062/8s4\204\363\253&I\000m\335\025""; "
1750587313026,1750587313026,0,1,1,2,TMProposeSet,"proposeSeq: 0; currentTxHash: ""\000\000\000\000\000\000\000\000\000\000\000\000\000\000\000\000\000\000\000\000\000\000\000\000\000\000\000\000\000\000\000\000""; nodePubKey: ""\002\347\243J\206W\025ML\260\226\0163\217\250\337\325W\253\356*O\245Z\271\234\207C\274\375`\335\311""; closeTime: 803902513; signature: ""0D\002 \010G?\342d\253\207\372\266\240\025\201i1y\031\177\217\233\207\302O\357\357\t\221\\322J/\221a\002 \023H\234;\2478\301**AC\240\307\332\210\3336;l8\320\316\241\027n\341\263\020\353\333\327f""; previousledger: ""?Z\326\257)\2439\250\272\002\370\360\022\220W 062/8s4\204\363\253&I\000m\335\025""; ","proposeSeq: 0; currentTxHash: ""\000\000\000\000\000\000\000\000\000\000\000\000\000\000\000\000\000\000\000\000\000\000\000\000\000\000\000\000\000\000\000\000""; nodePubKey: ""\002\347\243J\206W\025ML\260\226\0163\217\250\337\325W\253\356*O\245Z\271\234\207C\274\375`\335\311""; closeTime: 803902513; signature: ""0D\002 \010G?\342d\253\207\372\266\240\025\201i1y\031\177\217\233\207\302O\357\357\t\221\\322J/\221a\002 \023H\234;\2478\301**AC\240\307\332\210\3336;l8\320\316\241\027n\341\263\020\353\333\327f""; previousledger: ""?Z\326\257)\2439\250\272\002\370\360\022\220W 062/8s4\204\363\253&I\000m\335\025""; "
1750587313027,1750587313027,0,1,0,2,TMProposeSet,"proposeSeq: 0; currentTxHash: ""\000\000\000\000\000\000\000\000\000\000\000\000\000\000\000\000\000\000\000\000\000\000\000\000\000\000\000\000\000\000\000\000""; nodePubKey: ""\002\347\243J\206W\025ML\260\226\0163\217\250\337\325W\253\356*O\245Z\271\234\207C\274\375`\335\311""; closeTime: 803902513; signature: ""0D\002 \010G?\342d\253\207\372\266\240\025\201i1y\031\177\217\233\207\302O\357\357\t\221\\322J/\221a\002 \023H\234;\2478\301**AC\240\307\332\210\3336;l8\320\316\241\027n\341\263\020\353\333\327f""; previousledger: ""?Z\326\257)\2439\250\272\002\370\360\022\220W 062/8s4\204\363\253&I\000m\335\025""; ","proposeSeq: 0; currentTxHash: ""\000\000\000\000\000\000\000\000\000\000\000\000\000\000\000\000\000\000\000\000\000\000\000\000\000\000\000\000\000\000\000\000""; nodePubKey: ""\002\347\243J\206W\025ML\260\226\0163\217\250\337\325W\253\356*O\245Z\271\234\207C\274\375`\335\311""; closeTime: 803902513; signature: ""0D\002 \010G?\342d\253\207\372\266\240\025\201i1y\031\177\217\233\207\302O\357\357\t\221\\322J/\221a\002 \023H\234;\2478\301**AC\240\307\332\210\3336;l8\320\316\241\027n\341\263\020\353\333\327f""; previousledger: ""?Z\326\257)\2439\250\272\002\370\360\022\220W 062/8s4\204\363\253&I\000m\335\025""; "
1750587313026,1750587313026,0,1,0,3,TMProposeSet,"proposeSeq: 0; currentTxHash: ""\000\000\000\000\000\000\000\000\000\000\000\000\000\000\000\000\000\000\000\000\000\000\000\000\000\000\000\000\000\000\000\000""; nodePubKey: ""\002\347\243J\206W\025ML\260\226\0163\217\250\337\325W\253\356*O\245Z\271\234\207C\274\375`\335\311""; closeTime: 803902513; signature: ""0D\002 \010G?\342d\253\207\372\266\240\025\201i1y\031\177\217\233\207\302O\357\357\t\221\\322J/\221a\002 \023H\234;\2478\301**AC\240\307\332\210\3336;l8\320\316\241\027n\341\263\020\353\333\327f""; previousledger: ""?Z\326\257)\2439\250\272\002\370\360\022\220W 062/8s4\204\363\253&I\000m\335\025""; ","proposeSeq: 0; currentTxHash: ""\000\000\000\000\000\000\000\000\000\000\000\000\000\000\000\000\000\000\000\000\000\000\000\000\000\000\000\000\000\000\000\000""; nodePubKey: ""\002\347\243J\206W\025ML\260\226\0163\217\250\337\325W\253\356*O\245Z\271\234\207C\274\375`\335\311""; closeTime: 803902513; signature: ""0D\002 \010G?\342d\253\207\372\266\240\025\201i1y\031\177\217\233\207\302O\357\357\t\221\\322J/\221a\002 \023H\234;\2478\301**AC\240\307\332\210\3336;l8\320\316\241\027n\341\263\020\353\333\327f""; previousledger: ""?Z\326\257)\2439\250\272\002\370\360\022\220W 062/8s4\204\363\253&I\000m\335\025""; "
1750587313028,1750587313028,0,1,0,1,TMProposeSet,"proposeSeq: 0; currentTxHash: ""\000\000\000\000\000\000\000\000\000\000\000\000\000\000\000\000\000\000\000\000\000\000\000\000\000\000\000\000\000\000\000\000""; nodePubKey: ""\002\347\243J\206W\025ML\260\226\0163\217\250\337\325W\253\356*O\245Z\271\234\207C\274\375`\335\311""; closeTime: 803902513; signature: ""0D\002 \010G?\342d\253\207\372\266\240\025\201i1y\031\177\217\233\207\302O\357\357\t\221\\322J/\221a\002 \023H\234;\2478\301**AC\240\307\332\210\3336;l8\320\316\241\027n\341\263\020\353\333\327f""; previousledger: ""?Z\326\257)\2439\250\272\002\370\360\022\220W 062/8s4\204\363\253&I\000m\335\025""; ","proposeSeq: 0; currentTxHash: ""\000\000\000\000\000\000\000\000\000\000\000\000\000\000\000\000\000\000\000\000\000\000\000\000\000\000\000\000\000\000\000\000""; nodePubKey: ""\002\347\243J\206W\025ML\260\226\0163\217\250\337\325W\253\356*O\245Z\271\234\207C\274\375`\335\311""; closeTime: 803902513; signature: ""0D\002 \010G?\342d\253\207\372\266\240\025\201i1y\031\177\217\233\207\302O\357\357\t\221\\322J/\221a\002 \023H\234;\2478\301**AC\240\307\332\210\3336;l8\320\316\241\027n\341\263\020\353\333\327f""; previousledger: ""?Z\326\257)\2439\250\272\002\370\360\022\220W 062/8s4\204\363\253&I\000m\335\025""; "
1750587313020,1750587313060,0,1,0,1,TMStatusChange,"newEvent: neCLOSING_LEDGER; ledgerSeq: 16; ledgerHash: ""?Z\326\257)\2439\250\272\002\370\360\022\220W 062/8s4\204\363\253&I\000m\335\025""; ledgerHashPrevious: ""\345X\002=\033c\255\253\226\014-o\364!\262f\370\222\250\377\220&p\343\245\3604Op\353\317\305""; networkTime: 803902513; firstSeq: 9; lastSeq: 16; ","newEvent: neCLOSING_LEDGER; ledgerSeq: 16; ledgerHash: ""?Z\326\257)\2439\250\272\002\370\360\022\220W 062/8s4\204\363\253&I\000m\335\025""; ledgerHashPrevious: ""\345X\002=\033c\255\253\226\014-o\364!\262f\370\222\250\377\220&p\343\245\3604Op\353\317\305""; networkTime: 803902513; firstSeq: 9; lastSeq: 16; "
1750587313020,1750587313060,0,1,0,4,TMStatusChange,"newEvent: neCLOSING_LEDGER; ledgerSeq: 16; ledgerHash: ""?Z\326\257)\2439\250\272\002\370\360\022\220W 062/8s4\204\363\253&I\000m\335\025""; ledgerHashPrevious: ""\345X\002=\033c\255\253\226\014-o\364!\262f\370\222\250\377\220&p\343\245\3604Op\353\317\305""; networkTime: 803902513; firstSeq: 9; lastSeq: 16; ","newEvent: neCLOSING_LEDGER; ledgerSeq: 16; ledgerHash: ""?Z\326\257)\2439\250\272\002\370\360\022\220W 062/8s4\204\363\253&I\000m\335\025""; ledgerHashPrevious: ""\345X\002=\033c\255\253\226\014-o\364!\262f\370\222\250\377\220&p\343\245\3604Op\353\317\305""; networkTime: 803902513; firstSeq: 9; lastSeq: 16; "
1750587313020,1750587313060,0,1,0,3,TMStatusChange,"newEvent: neCLOSING_LEDGER; ledgerSeq: 16; ledgerHash: ""?Z\326\257)\2439\250\272\002\370\360\022\220W 062/8s4\204\363\253&I\000m\335\025""; ledgerHashPrevious: ""\345X\002=\033c\255\253\226\014-o\364!\262f\370\222\250\377\220&p\343\245\3604Op\353\317\305""; networkTime: 803902513; firstSeq: 9; lastSeq: 16; ","newEvent: neCLOSING_LEDGER; ledgerSeq: 16; ledgerHash: ""?Z\326\257)\2439\250\272\002\370\360\022\220W 062/8s4\204\363\253&I\000m\335\025""; ledgerHashPrevious: ""\345X\002=\033c\255\253\226\014-o\364!\262f\370\222\250\377\220&p\343\245\3604Op\353\317\305""; networkTime: 803902513; firstSeq: 9; lastSeq: 16; "
1750587313021,1750587313061,0,1,0,2,TMStatusChange,"newEvent: neCLOSING_LEDGER; ledgerSeq: 16; ledgerHash: ""?Z\326\257)\2439\250\272\002\370\360\022\220W 062/8s4\204\363\253&I\000m\335\025""; ledgerHashPrevious: ""\345X\002=\033c\255\253\226\014-o\364!\262f\370\222\250\377\220&p\343\245\3604Op\353\317\305""; networkTime: 803902513; firstSeq: 9; lastSeq: 16; ","newEvent: neCLOSING_LEDGER; ledgerSeq: 16; ledgerHash: ""?Z\326\257)\2439\250\272\002\370\360\022\220W 062/8s4\204\363\253&I\000m\335\025""; ledgerHashPrevious: ""\345X\002=\033c\255\253\226\014-o\364!\262f\370\222\250\377\220&p\343\245\3604Op\353\317\305""; networkTime: 803902513; firstSeq: 9; lastSeq: 16; "
1750587313299,1750587313299,0,1,2,4,TMProposeSet,"proposeSeq: 0; currentTxHash: ""\000\000\000\000\000\000\000\000\000\000\000\000\000\000\000\000\000\000\000\000\000\000\000\000\000\000\000\000\000\000\000\000""; nodePubKey: ""\003ql\302)\235\321\t\213\224\356\374%%\311\327\037\374\304\t\335\2359\344\233\035]\347<u\236\364\222""; closeTime: 803902513; signature: ""0D\002 6\247t\275\200\222\307\006*\205\355{\265|\003\324K\3113\n\361PV\005\305ux\312\301\345e\372\002 ))Uk\344Y\323B\271}\354\254\342\323\354\320\014\275\223m\270\034\017\016+\223u\000\026Zmu""; previousledger: ""?Z\326\257)\2439\250\272\002\370\360\022\220W 062/8s4\204\363\253&I\000m\335\025""; ","proposeSeq: 0; currentTxHash: ""\000\000\000\000\000\000\000\000\000\000\000\000\000\000\000\000\000\000\000\000\000\000\000\000\000\000\000\000\000\000\000\000""; nodePubKey: ""\003ql\302)\235\321\t\213\224\356\374%%\311\327\037\374\304\t\335\2359\344\233\035]\347<u\236\364\222""; closeTime: 803902513; signature: ""0D\002 6\247t\275\200\222\307\006*\205\355{\265|\003\324K\3113\n\361PV\005\305ux\312\301\345e\372\002 ))Uk\344Y\323B\271}\354\254\342\323\354\320\014\275\223m\270\034\017\016+\223u\000\026Zmu""; previousledger: ""?Z\326\257)\2439\250\272\002\370\360\022\220W 062/8s4\204\363\253&I\000m\335\025""; "
1750587313302,1750587313302,0,1,4,3,TMProposeSet,"proposeSeq: 0; currentTxHash: ""\000\000\000\000\000\000\000\000\000\000\000\000\000\000\000\000\000\000\000\000\000\000\000\000\000\000\000\000\000\000\000\000""; nodePubKey: ""\003ql\302)\235\321\t\213\224\356\374%%\311\327\037\374\304\t\335\2359\344\233\035]\347<u\236\364\222""; closeTime: 803902513; signature: ""0D\002 6\247t\275\200\222\307\006*\205\355{\265|\003\324K\3113\n\361PV\005\305ux\312\301\345e\372\002 ))Uk\344Y\323B\271}\354\254\342\323\354\320\014\275\223m\270\034\017\016+\223u\000\026Zmu""; previousledger: ""?Z\326\257)\2439\250\272\002\370\360\022\220W 062/8s4\204\363\253&I\000m\335\025""; ","proposeSeq: 0; currentTxHash: ""\000\000\000\000\000\000\000\000\000\000\000\000\000\000\000\000\000\000\000\000\000\000\000\000\000\000\000\000\000\000\000\000""; nodePubKey: ""\003ql\302)\235\321\t\213\224\356\374%%\311\327\037\374\304\t\335\2359\344\233\035]\347<u\236\364\222""; closeTime: 803902513; signature: ""0D\002 6\247t\275\200\222\307\006*\205\355{\265|\003\324K\3113\n\361PV\005\305ux\312\301\345e\372\002 ))Uk\344Y\323B\271}\354\254\342\323\354\320\014\275\223m\270\034\017\016+\223u\000\026Zmu""; previousledger: ""?Z\326\257)\2439\250\272\002\370\360\022\220W 062/8s4\204\363\253&I\000m\335\025""; "
1750587313303,1750587313303,0,1,4,1,TMProposeSet,"proposeSeq: 0; currentTxHash: ""\000\000\000\000\000\000\000\000\000\000\000\000\000\000\000\000\000\000\000\000\000\000\000\000\000\000\000\000\000\000\000\000""; nodePubKey: ""\003ql\302)\235\321\t\213\224\356\374%%\311\327\037\374\304\t\335\2359\344\233\035]\347<u\236\364\222""; closeTime: 803902513; signature: ""0D\002 6\247t\275\200\222\307\006*\205\355{\265|\003\324K\3113\n\361PV\005\305ux\312\301\345e\372\002 ))Uk\344Y\323B\271}\354\254\342\323\354\320\014\275\223m\270\034\017\016+\223u\000\026Zmu""; previousledger: ""?Z\326\257)\2439\250\272\002\370\360\022\220W 062/8s4\204\363\253&I\000m\335\025""; ","proposeSeq: 0; currentTxHash: ""\000\000\000\000\000\000\000\000\000\000\000\000\000\000\000\000\000\000\000\000\000\000\000\000\000\000\000\000\000\000\000\000""; nodePubKey: ""\003ql\302)\235\321\t\213\224\356\374%%\311\327\037\374\304\t\335\2359\344\233\035]\347<u\236\364\222""; closeTime: 803902513; signature: ""0D\002 6\247t\275\200\222\307\006*\205\355{\265|\003\324K\3113\n\361PV\005\305ux\312\301\345e\372\002 ))Uk\344Y\323B\271}\354\254\342\323\354\320\014\275\223m\270\034\017\016+\223u\000\026Zmu""; previousledger: ""?Z\326\257)\2439\250\272\002\370\360\022\220W 062/8s4\204\363\253&I\000m\335\025""; "
1750587313303,1750587313303,0,1,4,0,TMProposeSet,"proposeSeq: 0; currentTxHash: ""\000\000\000\000\000\000\000\000\000\000\000\000\000\000\000\000\000\000\000\000\000\000\000\000\000\000\000\000\000\000\000\000""; nodePubKey: ""\003ql\302)\235\321\t\213\224\356\374%%\311\327\037\374\304\t\335\2359\344\233\035]\347<u\236\364\222""; closeTime: 803902513; signature: ""0D\002 6\247t\275\200\222\307\006*\205\355{\265|\003\324K\3113\n\361PV\005\305ux\312\301\345e\372\002 ))Uk\344Y\323B\271}\354\254\342\323\354\320\014\275\223m\270\034\017\016+\223u\000\026Zmu""; previousledger: ""?Z\326\257)\2439\250\272\002\370\360\022\220W 062/8s4\204\363\253&I\000m\335\025""; ","proposeSeq: 0; currentTxHash: ""\000\000\000\000\000\000\000\000\000\000\000\000\000\000\000\000\000\000\000\000\000\000\000\000\000\000\000\000\000\000\000\000""; nodePubKey: ""\003ql\302)\235\321\t\213\224\356\374%%\311\327\037\374\304\t\335\2359\344\233\035]\347<u\236\364\222""; closeTime: 803902513; signature: ""0D\002 6\247t\275\200\222\307\006*\205\355{\265|\003\324K\3113\n\361PV\005\305ux\312\301\345e\372\002 ))Uk\344Y\323B\271}\354\254\342\323\354\320\014\275\223m\270\034\017\016+\223u\000\026Zmu""; previousledger: ""?Z\326\257)\2439\250\272\002\370\360\022\220W 062/8s4\204\363\253&I\000m\335\025""; "
1750587313305,1750587313305,0,1,3,2,TMProposeSet,"proposeSeq: 0; currentTxHash: ""\000\000\000\000\000\000\000\000\000\000\000\000\000\000\000\000\000\000\000\000\000\000\000\000\000\000\000\000\000\000\000\000""; nodePubKey: ""\003ql\302)\235\321\t\213\224\356\374%%\311\327\037\374\304\t\335\2359\344\233\035]\347<u\236\364\222""; closeTime: 803902513; signature: ""0D\002 6\247t\275\200\222\307\006*\205\355{\265|\003\324K\3113\n\361PV\005\305ux\312\301\345e\372\002 ))Uk\344Y\323B\271}\354\254\342\323\354\320\014\275\223m\270\034\017\016+\223u\000\026Zmu""; previousledger: ""?Z\326\257)\2439\250\272\002\370\360\022\220W 062/8s4\204\363\253&I\000m\335\025""; ","proposeSeq: 0; currentTxHash: ""\000\000\000\000\000\000\000\000\000\000\000\000\000\000\000\000\000\000\000\000\000\000\000\000\000\000\000\000\000\000\000\000""; nodePubKey: ""\003ql\302)\235\321\t\213\224\356\374%%\311\327\037\374\304\t\335\2359\344\233\035]\347<u\236\364\222""; closeTime: 803902513; signature: ""0D\002 6\247t\275\200\222\307\006*\205\355{\265|\003\324K\3113\n\361PV\005\305ux\312\301\345e\372\002 ))Uk\344Y\323B\271}\354\254\342\323\354\320\014\275\223m\270\034\017\016+\223u\000\026Zmu""; previousledger: ""?Z\326\257)\2439\250\272\002\370\360\022\220W 062/8s4\204\363\253&I\000m\335\025""; "
1750587313305,1750587313305,0,1,3,1,TMProposeSet,"proposeSeq: 0; currentTxHash: ""\000\000\000\000\000\000\000\000\000\000\000\000\000\000\000\000\000\000\000\000\000\000\000\000\000\000\000\000\000\000\000\000""; nodePubKey: ""\003ql\302)\235\321\t\213\224\356\374%%\311\327\037\374\304\t\335\2359\344\233\035]\347<u\236\364\222""; closeTime: 803902513; signature: ""0D\002 6\247t\275\200\222\307\006*\205\355{\265|\003\324K\3113\n\361PV\005\305ux\312\301\345e\372\002 ))Uk\344Y\323B\271}\354\254\342\323\354\320\014\275\223m\270\034\017\016+\223u\000\026Zmu""; previousledger: ""?Z\326\257)\2439\250\272\002\370\360\022\220W 062/8s4\204\363\253&I\000m\335\025""; ","proposeSeq: 0; currentTxHash: ""\000\000\000\000\000\000\000\000\000\000\000\000\000\000\000\000\000\000\000\000\000\000\000\000\000\000\000\000\000\000\000\000""; nodePubKey: ""\003ql\302)\235\321\t\213\224\356\374%%\311\327\037\374\304\t\335\2359\344\233\035]\347<u\236\364\222""; closeTime: 803902513; signature: ""0D\002 6\247t\275\200\222\307\006*\205\355{\265|\003\324K\3113\n\361PV\005\305ux\312\301\345e\372\002 ))Uk\344Y\323B\271}\354\254\342\323\354\320\014\275\223m\270\034\017\016+\223u\000\026Zmu""; previousledger: ""?Z\326\257)\2439\250\272\002\370\360\022\220W 062/8s4\204\363\253&I\000m\335\025""; "
1750587313305,1750587313305,0,1,3,0,TMProposeSet,"proposeSeq: 0; currentTxHash: ""\000\000\000\000\000\000\000\000\000\000\000\000\000\000\000\000\000\000\000\000\000\000\000\000\000\000\000\000\000\000\000\000""; nodePubKey: ""\003ql\302)\235\321\t\213\224\356\374%%\311\327\037\374\304\t\335\2359\344\233\035]\347<u\236\364\222""; closeTime: 803902513; signature: ""0D\002 6\247t\275\200\222\307\006*\205\355{\265|\003\324K\3113\n\361PV\005\305ux\312\301\345e\372\002 ))Uk\344Y\323B\271}\354\254\342\323\354\320\014\275\223m\270\034\017\016+\223u\000\026Zmu""; previousledger: ""?Z\326\257)\2439\250\272\002\370\360\022\220W 062/8s4\204\363\253&I\000m\335\025""; ","proposeSeq: 0; currentTxHash: ""\000\000\000\000\000\000\000\000\000\000\000\000\000\000\000\000\000\000\000\000\000\000\000\000\000\000\000\000\000\000\000\000""; nodePubKey: ""\003ql\302)\235\321\t\213\224\356\374%%\311\327\037\374\304\t\335\2359\344\233\035]\347<u\236\364\222""; closeTime: 803902513; signature: ""0D\002 6\247t\275\200\222\307\006*\205\355{\265|\003\324K\3113\n\361PV\005\305ux\312\301\345e\372\002 ))Uk\344Y\323B\271}\354\254\342\323\354\320\014\275\223m\270\034\017\016+\223u\000\026Zmu""; previousledger: ""?Z\326\257)\2439\250\272\002\370\360\022\220W 062/8s4\204\363\253&I\000m\335\025""; "
1750587313306,1750587313306,0,1,1,3,TMProposeSet,"proposeSeq: 0; currentTxHash: ""\000\000\000\000\000\000\000\000\000\000\000\000\000\000\000\000\000\000\000\000\000\000\000\000\000\000\000\000\000\000\000\000""; nodePubKey: ""\003ql\302)\235\321\t\213\224\356\374%%\311\327\037\374\304\t\335\2359\344\233\035]\347<u\236\364\222""; closeTime: 803902513; signature: ""0D\002 6\247t\275\200\222\307\006*\205\355{\265|\003\324K\3113\n\361PV\005\305ux\312\301\345e\372\002 ))Uk\344Y\323B\271}\354\254\342\323\354\320\014\275\223m\270\034\017\016+\223u\000\026Zmu""; previousledger: ""?Z\326\257)\2439\250\272\002\370\360\022\220W 062/8s4\204\363\253&I\000m\335\025""; ","proposeSeq: 0; currentTxHash: ""\000\000\000\000\000\000\000\000\000\000\000\000\000\000\000\000\000\000\000\000\000\000\000\000\000\000\000\000\000\000\000\000""; nodePubKey: ""\003ql\302)\235\321\t\213\224\356\374%%\311\327\037\374\304\t\335\2359\344\233\035]\347<u\236\364\222""; closeTime: 803902513; signature: ""0D\002 6\247t\275\200\222\307\006*\205\355{\265|\003\324K\3113\n\361PV\005\305ux\312\301\345e\372\002 ))Uk\344Y\323B\271}\354\254\342\323\354\320\014\275\223m\270\034\017\016+\223u\000\026Zmu""; previousledger: ""?Z\326\257)\2439\250\272\002\370\360\022\220W 062/8s4\204\363\253&I\000m\335\025""; "
1750587313307,1750587313307,0,1,0,2,TMProposeSet,"proposeSeq: 0; currentTxHash: ""\000\000\000\000\000\000\000\000\000\000\000\000\000\000\000\000\000\000\000\000\000\000\000\000\000\000\000\000\000\000\000\000""; nodePubKey: ""\003ql\302)\235\321\t\213\224\356\374%%\311\327\037\374\304\t\335\2359\344\233\035]\347<u\236\364\222""; closeTime: 803902513; signature: ""0D\002 6\247t\275\200\222\307\006*\205\355{\265|\003\324K\3113\n\361PV\005\305ux\312\301\345e\372\002 ))Uk\344Y\323B\271}\354\254\342\323\354\320\014\275\223m\270\034\017\016+\223u\000\026Zmu""; previousledger: ""?Z\326\257)\2439\250\272\002\370\360\022\220W 062/8s4\204\363\253&I\000m\335\025""; ","proposeSeq: 0; currentTxHash: ""\000\000\000\000\000\000\000\000\000\000\000\000\000\000\000\000\000\000\000\000\000\000\000\000\000\000\000\000\000\000\000\000""; nodePubKey: ""\003ql\302)\235\321\t\213\224\356\374%%\311\327\037\374\304\t\335\2359\344\233\035]\347<u\236\364\222""; closeTime: 803902513; signature: ""0D\002 6\247t\275\200\222\307\006*\205\355{\265|\003\324K\3113\n\361PV\005\305ux\312\301\345e\372\002 ))Uk\344Y\323B\271}\354\254\342\323\354\320\014\275\223m\270\034\017\016+\223u\000\026Zmu""; previousledger: ""?Z\326\257)\2439\250\272\002\370\360\022\220W 062/8s4\204\363\253&I\000m\335\025""; "
1750587313307,1750587313307,0,1,0,1,TMProposeSet,"proposeSeq: 0; currentTxHash: ""\000\000\000\000\000\000\000\000\000\000\000\000\000\000\000\000\000\000\000\000\000\000\000\000\000\000\000\000\000\000\000\000""; nodePubKey: ""\003ql\302)\235\321\t\213\224\356\374%%\311\327\037\374\304\t\335\2359\344\233\035]\347<u\236\364\222""; closeTime: 803902513; signature: ""0D\002 6\247t\275\200\222\307\006*\205\355{\265|\003\324K\3113\n\361PV\005\305ux\312\301\345e\372\002 ))Uk\344Y\323B\271}\354\254\342\323\354\320\014\275\223m\270\034\017\016+\223u\000\026Zmu""; previousledger: ""?Z\326\257)\2439\250\272\002\370\360\022\220W 062/8s4\204\363\253&I\000m\335\025""; ","proposeSeq: 0; currentTxHash: ""\000\000\000\000\000\000\000\000\000\000\000\000\000\000\000\000\000\000\000\000\000\000\000\000\000\000\000\000\000\000\000\000""; nodePubKey: ""\003ql\302)\235\321\t\213\224\356\374%%\311\327\037\374\304\t\335\2359\344\233\035]\347<u\236\364\222""; closeTime: 803902513; signature: ""0D\002 6\247t\275\200\222\307\006*\205\355{\265|\003\324K\3113\n\361PV\005\305ux\312\301\345e\372\002 ))Uk\344Y\323B\271}\354\254\342\323\354\320\014\275\223m\270\034\017\016+\223u\000\026Zmu""; previousledger: ""?Z\326\257)\2439\250\272\002\370\360\022\220W 062/8s4\204\363\253&I\000m\335\025""; "
1750587313307,1750587313307,0,1,0,3,TMProposeSet,"proposeSeq: 0; currentTxHash: ""\000\000\000\000\000\000\000\000\000\000\000\000\000\000\000\000\000\000\000\000\000\000\000\000\000\000\000\000\000\000\000\000""; nodePubKey: ""\003ql\302)\235\321\t\213\224\356\374%%\311\327\037\374\304\t\335\2359\344\233\035]\347<u\236\364\222""; closeTime: 803902513; signature: ""0D\002 6\247t\275\200\222\307\006*\205\355{\265|\003\324K\3113\n\361PV\005\305ux\312\301\345e\372\002 ))Uk\344Y\323B\271}\354\254\342\323\354\320\014\275\223m\270\034\017\016+\223u\000\026Zmu""; previousledger: ""?Z\326\257)\2439\250\272\002\370\360\022\220W 062/8s4\204\363\253&I\000m\335\025""; ","proposeSeq: 0; currentTxHash: ""\000\000\000\000\000\000\000\000\000\000\000\000\000\000\000\000\000\000\000\000\000\000\000\000\000\000\000\000\000\000\000\000""; nodePubKey: ""\003ql\302)\235\321\t\213\224\356\374%%\311\327\037\374\304\t\335\2359\344\233\035]\347<u\236\364\222""; closeTime: 803902513; signature: ""0D\002 6\247t\275\200\222\307\006*\205\355{\265|\003\324K\3113\n\361PV\005\305ux\312\301\345e\372\002 ))Uk\344Y\323B\271}\354\254\342\323\354\320\014\275\223m\270\034\017\016+\223u\000\026Zmu""; previousledger: ""?Z\326\257)\2439\250\272\002\370\360\022\220W 062/8s4\204\363\253&I\000m\335\025""; "
1750587313308,1750587313308,0,1,1,0,TMProposeSet,"proposeSeq: 0; currentTxHash: ""\000\000\000\000\000\000\000\000\000\000\000\000\000\000\000\000\000\000\000\000\000\000\000\000\000\000\000\000\000\000\000\000""; nodePubKey: ""\003ql\302)\235\321\t\213\224\356\374%%\311\327\037\374\304\t\335\2359\344\233\035]\347<u\236\364\222""; closeTime: 803902513; signature: ""0D\002 6\247t\275\200\222\307\006*\205\355{\265|\003\324K\3113\n\361PV\005\305ux\312\301\345e\372\002 ))Uk\344Y\323B\271}\354\254\342\323\354\320\014\275\223m\270\034\017\016+\223u\000\026Zmu""; previousledger: ""?Z\326\257)\2439\250\272\002\370\360\022\220W 062/8s4\204\363\253&I\000m\335\025""; ","proposeSeq: 0; currentTxHash: ""\000\000\000\000\000\000\000\000\000\000\000\000\000\000\000\000\000\000\000\000\000\000\000\000\000\000\000\000\000\000\000\000""; nodePubKey: ""\003ql\302)\235\321\t\213\224\356\374%%\311\327\037\374\304\t\335\2359\344\233\035]\347<u\236\364\222""; closeTime: 803902513; signature: ""0D\002 6\247t\275\200\222\307\006*\205\355{\265|\003\324K\3113\n\361PV\005\305ux\312\301\345e\372\002 ))Uk\344Y\323B\271}\354\254\342\323\354\320\014\275\223m\270\034\017\016+\223u\000\026Zmu""; previousledger: ""?Z\326\257)\2439\250\272\002\370\360\022\220W 062/8s4\204\363\253&I\000m\335\025""; "
1750587313308,1750587313308,0,1,1,2,TMProposeSet,"proposeSeq: 0; currentTxHash: ""\000\000\000\000\000\000\000\000\000\000\000\000\000\000\000\000\000\000\000\000\000\000\000\000\000\000\000\000\000\000\000\000""; nodePubKey: ""\003ql\302)\235\321\t\213\224\356\374%%\311\327\037\374\304\t\335\2359\344\233\035]\347<u\236\364\222""; closeTime: 803902513; signature: ""0D\002 6\247t\275\200\222\307\006*\205\355{\265|\003\324K\3113\n\361PV\005\305ux\312\301\345e\372\002 ))Uk\344Y\323B\271}\354\254\342\323\354\320\014\275\223m\270\034\017\016+\223u\000\026Zmu""; previousledger: ""?Z\326\257)\2439\250\272\002\370\360\022\220W 062/8s4\204\363\253&I\000m\335\025""; ","proposeSeq: 0; currentTxHash: ""\000\000\000\000\000\000\000\000\000\000\000\000\000\000\000\000\000\000\000\000\000\000\000\000\000\000\000\000\000\000\000\000""; nodePubKey: ""\003ql\302)\235\321\t\213\224\356\374%%\311\327\037\374\304\t\335\2359\344\233\035]\347<u\236\364\222""; closeTime: 803902513; signature: ""0D\002 6\247t\275\200\222\307\006*\205\355{\265|\003\324K\3113\n\361PV\005\305ux\312\301\345e\372\002 ))Uk\344Y\323B\271}\354\254\342\323\354\320\014\275\223m\270\034\017\016+\223u\000\026Zmu""; previousledger: ""?Z\326\257)\2439\250\272\002\370\360\022\220W 062/8s4\204\363\253&I\000m\335\025""; "
1750587313309,1750587313309,0,1,2,3,TMProposeSet,"proposeSeq: 0; currentTxHash: ""\000\000\000\000\000\000\000\000\000\000\000\000\000\000\000\000\000\000\000\000\000\000\000\000\000\000\000\000\000\000\000\000""; nodePubKey: ""\003ql\302)\235\321\t\213\224\356\374%%\311\327\037\374\304\t\335\2359\344\233\035]\347<u\236\364\222""; closeTime: 803902513; signature: ""0D\002 6\247t\275\200\222\307\006*\205\355{\265|\003\324K\3113\n\361PV\005\305ux\312\301\345e\372\002 ))Uk\344Y\323B\271}\354\254\342\323\354\320\014\275\223m\270\034\017\016+\223u\000\026Zmu""; previousledger: ""?Z\326\257)\2439\250\272\002\370\360\022\220W 062/8s4\204\363\253&I\000m\335\025""; ","proposeSeq: 0; currentTxHash: ""\000\000\000\000\000\000\000\000\000\000\000\000\000\000\000\000\000\000\000\000\000\000\000\000\000\000\000\000\000\000\000\000""; nodePubKey: ""\003ql\302)\235\321\t\213\224\356\374%%\311\327\037\374\304\t\335\2359\344\233\035]\347<u\236\364\222""; closeTime: 803902513; signature: ""0D\002 6\247t\275\200\222\307\006*\205\355{\265|\003\324K\3113\n\361PV\005\305ux\312\301\345e\372\002 ))Uk\344Y\323B\271}\354\254\342\323\354\320\014\275\223m\270\034\017\016+\223u\000\026Zmu""; previousledger: ""?Z\326\257)\2439\250\272\002\370\360\022\220W 062/8s4\204\363\253&I\000m\335\025""; "
1750587313310,1750587313310,0,1,2,0,TMProposeSet,"proposeSeq: 0; currentTxHash: ""\000\000\000\000\000\000\000\000\000\000\000\000\000\000\000\000\000\000\000\000\000\000\000\000\000\000\000\000\000\000\000\000""; nodePubKey: ""\003ql\302)\235\321\t\213\224\356\374%%\311\327\037\374\304\t\335\2359\344\233\035]\347<u\236\364\222""; closeTime: 803902513; signature: ""0D\002 6\247t\275\200\222\307\006*\205\355{\265|\003\324K\3113\n\361PV\005\305ux\312\301\345e\372\002 ))Uk\344Y\323B\271}\354\254\342\323\354\320\014\275\223m\270\034\017\016+\223u\000\026Zmu""; previousledger: ""?Z\326\257)\2439\250\272\002\370\360\022\220W 062/8s4\204\363\253&I\000m\335\025""; ","proposeSeq: 0; currentTxHash: ""\000\000\000\000\000\000\000\000\000\000\000\000\000\000\000\000\000\000\000\000\000\000\000\000\000\000\000\000\000\000\000\000""; nodePubKey: ""\003ql\302)\235\321\t\213\224\356\374%%\311\327\037\374\304\t\335\2359\344\233\035]\347<u\236\364\222""; closeTime: 803902513; signature: ""0D\002 6\247t\275\200\222\307\006*\205\355{\265|\003\324K\3113\n\361PV\005\305ux\312\301\345e\372\002 ))Uk\344Y\323B\271}\354\254\342\323\354\320\014\275\223m\270\034\017\016+\223u\000\026Zmu""; previousledger: ""?Z\326\257)\2439\250\272\002\370\360\022\220W 062/8s4\204\363\253&I\000m\335\025""; "
1750587313312,1750587313312,0,1,2,1,TMProposeSet,"proposeSeq: 0; currentTxHash: ""\000\000\000\000\000\000\000\000\000\000\000\000\000\000\000\000\000\000\000\000\000\000\000\000\000\000\000\000\000\000\000\000""; nodePubKey: ""\003ql\302)\235\321\t\213\224\356\374%%\311\327\037\374\304\t\335\2359\344\233\035]\347<u\236\364\222""; closeTime: 803902513; signature: ""0D\002 6\247t\275\200\222\307\006*\205\355{\265|\003\324K\3113\n\361PV\005\305ux\312\301\345e\372\002 ))Uk\344Y\323B\271}\354\254\342\323\354\320\014\275\223m\270\034\017\016+\223u\000\026Zmu""; previousledger: ""?Z\326\257)\2439\250\272\002\370\360\022\220W 062/8s4\204\363\253&I\000m\335\025""; ","proposeSeq: 0; currentTxHash: ""\000\000\000\000\000\000\000\000\000\000\000\000\000\000\000\000\000\000\000\000\000\000\000\000\000\000\000\000\000\000\000\000""; nodePubKey: ""\003ql\302)\235\321\t\213\224\356\374%%\311\327\037\374\304\t\335\2359\344\233\035]\347<u\236\364\222""; closeTime: 803902513; signature: ""0D\002 6\247t\275\200\222\307\006*\205\355{\265|\003\324K\3113\n\361PV\005\305ux\312\301\345e\372\002 ))Uk\344Y\323B\271}\354\254\342\323\354\320\014\275\223m\270\034\017\016+\223u\000\026Zmu""; previousledger: ""?Z\326\257)\2439\250\272\002\370\360\022\220W 062/8s4\204\363\253&I\000m\335\025""; "
1750587313299,1750587313345,0,1,2,3,TMStatusChange,"newEvent: neCLOSING_LEDGER; ledgerSeq: 16; ledgerHash: ""?Z\326\257)\2439\250\272\002\370\360\022\220W 062/8s4\204\363\253&I\000m\335\025""; ledgerHashPrevious: ""\345X\002=\033c\255\253\226\014-o\364!\262f\370\222\250\377\220&p\343\245\3604Op\353\317\305""; networkTime: 803902513; firstSeq: 1; lastSeq: 16; ","newEvent: neCLOSING_LEDGER; ledgerSeq: 16; ledgerHash: ""?Z\326\257)\2439\250\272\002\370\360\022\220W 062/8s4\204\363\253&I\000m\335\025""; ledgerHashPrevious: ""\345X\002=\033c\255\253\226\014-o\364!\262f\370\222\250\377\220&p\343\245\3604Op\353\317\305""; networkTime: 803902513; firstSeq: 1; lastSeq: 16; "
1750587313300,1750587313346,0,1,2,4,TMStatusChange,"newEvent: neCLOSING_LEDGER; ledgerSeq: 16; ledgerHash: ""?Z\326\257)\2439\250\272\002\370\360\022\220W 062/8s4\204\363\253&I\000m\335\025""; ledgerHashPrevious: ""\345X\002=\033c\255\253\226\014-o\364!\262f\370\222\250\377\220&p\343\245\3604Op\353\317\305""; networkTime: 803902513; firstSeq: 1; lastSeq: 16; ","newEvent: neCLOSING_LEDGER; ledgerSeq: 16; ledgerHash: ""?Z\326\257)\2439\250\272\002\370\360\022\220W 062/8s4\204\363\253&I\000m\335\025""; ledgerHashPrevious: ""\345X\002=\033c\255\253\226\014-o\364!\262f\370\222\250\377\220&p\343\245\3604Op\353\317\305""; networkTime: 803902513; firstSeq: 1; lastSeq: 16; "
1750587313300,1750587313346,0,1,2,1,TMStatusChange,"newEvent: neCLOSING_LEDGER; ledgerSeq: 16; ledgerHash: ""?Z\326\257)\2439\250\272\002\370\360\022\220W 062/8s4\204\363\253&I\000m\335\025""; ledgerHashPrevious: ""\345X\002=\033c\255\253\226\014-o\364!\262f\370\222\250\377\220&p\343\245\3604Op\353\317\305""; networkTime: 803902513; firstSeq: 1; lastSeq: 16; ","newEvent: neCLOSING_LEDGER; ledgerSeq: 16; ledgerHash: ""?Z\326\257)\2439\250\272\002\370\360\022\220W 062/8s4\204\363\253&I\000m\335\025""; ledgerHashPrevious: ""\345X\002=\033c\255\253\226\014-o\364!\262f\370\222\250\377\220&p\343\245\3604Op\353\317\305""; networkTime: 803902513; firstSeq: 1; lastSeq: 16; "
1750587313300,1750587313345,0,1,2,0,TMStatusChange,"newEvent: neCLOSING_LEDGER; ledgerSeq: 16; ledgerHash: ""?Z\326\257)\2439\250\272\002\370\360\022\220W 062/8s4\204\363\253&I\000m\335\025""; ledgerHashPrevious: ""\345X\002=\033c\255\253\226\014-o\364!\262f\370\222\250\377\220&p\343\245\3604Op\353\317\305""; networkTime: 803902513; firstSeq: 1; lastSeq: 16; ","newEvent: neCLOSING_LEDGER; ledgerSeq: 16; ledgerHash: ""?Z\326\257)\2439\250\272\002\370\360\022\220W 062/8s4\204\363\253&I\000m\335\025""; ledgerHashPrevious: ""\345X\002=\033c\255\253\226\014-o\364!\262f\370\222\250\377\220&p\343\245\3604Op\353\317\305""; networkTime: 803902513; firstSeq: 1; lastSeq: 16; "
1750587313770,1750587313770,0,1,4,2,TMProposeSet,"proposeSeq: 0; currentTxHash: ""\000\000\000\000\000\000\000\000\000\000\000\000\000\000\000\000\000\000\000\000\000\000\000\000\000\000\000\000\000\000\000\000""; nodePubKey: ""\003.\200\224\215?)t\306\315\242\313\251\255\302\204=\232.\271%}\013\024s\024\002@\216l""\241F""; closeTime: 803902513; signature: ""0E\002!\000\275\254\364\353\0308\305\353;\374\242\237'5\321\000bS\274\225KnT\234QT?\370\035\224\032T\002 (\260i\242\371\320\237\252\005\3660\267\246\000\303\363\3252\001\t\356\265h\243\232\303\305c\236\337\363\017""; previousledger: ""?Z\326\257)\2439\250\272\002\370\360\022\220W 062/8s4\204\363\253&I\000m\335\025""; ","proposeSeq: 0; currentTxHash: ""\000\000\000\000\000\000\000\000\000\000\000\000\000\000\000\000\000\000\000\000\000\000\000\000\000\000\000\000\000\000\000\000""; nodePubKey: ""\003.\200\224\215?)t\306\315\242\313\251\255\302\204=\232.\271%}\013\024s\024\002@\216l""\241F""; closeTime: 803902513; signature: ""0E\002!\000\275\254\364\353\0308\305\353;\374\242\237'5\321\000bS\274\225KnT\234QT?\370\035\224\032T\002 (\260i\242\371\320\237\252\005\3660\267\246\000\303\363\3252\001\t\356\265h\243\232\303\305c\236\337\363\017""; previousledger: ""?Z\326\257)\2439\250\272\002\370\360\022\220W 062/8s4\204\363\253&I\000m\335\025""; "
1750587313771,1750587313771,0,1,4,3,TMProposeSet,"proposeSeq: 0; currentTxHash: ""\000\000\000\000\000\000\000\000\000\000\000\000\000\000\000\000\000\000\000\000\000\000\000\000\000\000\000\000\000\000\000\000""; nodePubKey: ""\003.\200\224\215?)t\306\315\242\313\251\255\302\204=\232.\271%}\013\024s\024\002@\216l""\241F""; closeTime: 803902513; signature: ""0E\002!\000\275\254\364\353\0308\305\353;\374\242\237'5\321\000bS\274\225KnT\234QT?\370\035\224\032T\002 (\260i\242\371\320\237\252\005\3660\267\246\000\303\363\3252\001\t\356\265h\243\232\303\305c\236\337\363\017""; previousledger: ""?Z\326\257)\2439\250\272\002\370\360\022\220W 062/8s4\204\363\253&I\000m\335\025""; ","proposeSeq: 0; currentTxHash: ""\000\000\000\000\000\000\000\000\000\000\000\000\000\000\000\000\000\000\000\000\000\000\000\000\000\000\000\000\000\000\000\000""; nodePubKey: ""\003.\200\224\215?)t\306\315\242\313\251\255\302\204=\232.\271%}\013\024s\024\002@\216l""\241F""; closeTime: 803902513; signature: ""0E\002!\000\275\254\364\353\0308\305\353;\374\242\237'5\321\000bS\274\225KnT\234QT?\370\035\224\032T\002 (\260i\242\371\320\237\252\005\3660\267\246\000\303\363\3252\001\t\356\265h\243\232\303\305c\236\337\363\017""; previousledger: ""?Z\326\257)\2439\250\272\002\370\360\022\220W 062/8s4\204\363\253&I\000m\335\025""; "
1750587313772,1750587313772,0,1,4,1,TMProposeSet,"proposeSeq: 0; currentTxHash: ""\000\000\000\000\000\000\000\000\000\000\000\000\000\000\000\000\000\000\000\000\000\000\000\000\000\000\000\000\000\000\000\000""; nodePubKey: ""\003.\200\224\215?)t\306\315\242\313\251\255\302\204=\232.\271%}\013\024s\024\002@\216l""\241F""; closeTime: 803902513; signature: ""0E\002!\000\275\254\364\353\0308\305\353;\374\242\237'5\321\000bS\274\225KnT\234QT?\370\035\224\032T\002 (\260i\242\371\320\237\252\005\3660\267\246\000\303\363\3252\001\t\356\265h\243\232\303\305c\236\337\363\017""; previousledger: ""?Z\326\257)\2439\250\272\002\370\360\022\220W 062/8s4\204\363\253&I\000m\335\025""; ","proposeSeq: 0; currentTxHash: ""\000\000\000\000\000\000\000\000\000\000\000\000\000\000\000\000\000\000\000\000\000\000\000\000\000\000\000\000\000\000\000\000""; nodePubKey: ""\003.\200\224\215?)t\306\315\242\313\251\255\302\204=\232.\271%}\013\024s\024\002@\216l""\241F""; closeTime: 803902513; signature: ""0E\002!\000\275\254\364\353\0308\305\353;\374\242\237'5\321\000bS\274\225KnT\234QT?\370\035\224\032T\002 (\260i\242\371\320\237\252\005\3660\267\246\000\303\363\3252\001\t\356\265h\243\232\303\305c\236\337\363\017""; previousledger: ""?Z\326\257)\2439\250\272\002\370\360\022\220W 062/8s4\204\363\253&I\000m\335\025""; "
1750587313774,1750587313774,0,1,2,3,TMProposeSet,"proposeSeq: 0; currentTxHash: ""\000\000\000\000\000\000\000\000\000\000\000\000\000\000\000\000\000\000\000\000\000\000\000\000\000\000\000\000\000\000\000\000""; nodePubKey: ""\003.\200\224\215?)t\306\315\242\313\251\255\302\204=\232.\271%}\013\024s\024\002@\216l""\241F""; closeTime: 803902513; signature: ""0E\002!\000\275\254\364\353\0308\305\353;\374\242\237'5\321\000bS\274\225KnT\234QT?\370\035\224\032T\002 (\260i\242\371\320\237\252\005\3660\267\246\000\303\363\3252\001\t\356\265h\243\232\303\305c\236\337\363\017""; previousledger: ""?Z\326\257)\2439\250\272\002\370\360\022\220W 062/8s4\204\363\253&I\000m\335\025""; ","proposeSeq: 0; currentTxHash: ""\000\000\000\000\000\000\000\000\000\000\000\000\000\000\000\000\000\000\000\000\000\000\000\000\000\000\000\000\000\000\000\000""; nodePubKey: ""\003.\200\224\215?)t\306\315\242\313\251\255\302\204=\232.\271%}\013\024s\024\002@\216l""\241F""; closeTime: 803902513; signature: ""0E\002!\000\275\254\364\353\0308\305\353;\374\242\237'5\321\000bS\274\225KnT\234QT?\370\035\224\032T\002 (\260i\242\371\320\237\252\005\3660\267\246\000\303\363\3252\001\t\356\265h\243\232\303\305c\236\337\363\017""; previousledger: ""?Z\326\257)\2439\250\272\002\370\360\022\220W 062/8s4\204\363\253&I\000m\335\025""; "
1750587313774,1750587313774,0,1,4,0,TMProposeSet,"proposeSeq: 0; currentTxHash: ""\000\000\000\000\000\000\000\000\000\000\000\000\000\000\000\000\000\000\000\000\000\000\000\000\000\000\000\000\000\000\000\000""; nodePubKey: ""\003.\200\224\215?)t\306\315\242\313\251\255\302\204=\232.\271%}\013\024s\024\002@\216l""\241F""; closeTime: 803902513; signature: ""0E\002!\000\275\254\364\353\0308\305\353;\374\242\237'5\321\000bS\274\225KnT\234QT?\370\035\224\032T\002 (\260i\242\371\320\237\252\005\3660\267\246\000\303\363\3252\001\t\356\265h\243\232\303\305c\236\337\363\017""; previousledger: ""?Z\326\257)\2439\250\272\002\370\360\022\220W 062/8s4\204\363\253&I\000m\335\025""; ","proposeSeq: 0; currentTxHash: ""\000\000\000\000\000\000\000\000\000\000\000\000\000\000\000\000\000\000\000\000\000\000\000\000\000\000\000\000\000\000\000\000""; nodePubKey: ""\003.\200\224\215?)t\306\315\242\313\251\255\302\204=\232.\271%}\013\024s\024\002@\216l""\241F""; closeTime: 803902513; signature: ""0E\002!\000\275\254\364\353\0308\305\353;\374\242\237'5\321\000bS\274\225KnT\234QT?\370\035\224\032T\002 (\260i\242\371\320\237\252\005\3660\267\246\000\303\363\3252\001\t\356\265h\243\232\303\305c\236\337\363\017""; previousledger: ""?Z\326\257)\2439\250\272\002\370\360\022\220W 062/8s4\204\363\253&I\000m\335\025""; "
1750587313776,1750587313776,0,1,3,2,TMProposeSet,"proposeSeq: 0; currentTxHash: ""\000\000\000\000\000\000\000\000\000\000\000\000\000\000\000\000\000\000\000\000\000\000\000\000\000\000\000\000\000\000\000\000""; nodePubKey: ""\003.\200\224\215?)t\306\315\242\313\251\255\302\204=\232.\271%}\013\024s\024\002@\216l""\241F""; closeTime: 803902513; signature: ""0E\002!\000\275\254\364\353\0308\305\353;\374\242\237'5\321\000bS\274\225KnT\234QT?\370\035\224\032T\002 (\260i\242\371\320\237\252\005\3660\267\246\000\303\363\3252\001\t\356\265h\243\232\303\305c\236\337\363\017""; previousledger: ""?Z\326\257)\2439\250\272\002\370\360\022\220W 062/8s4\204\363\253&I\000m\335\025""; ","proposeSeq: 0; currentTxHash: ""\000\000\000\000\000\000\000\000\000\000\000\000\000\000\000\000\000\000\000\000\000\000\000\000\000\000\000\000\000\000\000\000""; nodePubKey: ""\003.\200\224\215?)t\306\315\242\313\251\255\302\204=\232.\271%}\013\024s\024\002@\216l""\241F""; closeTime: 803902513; signature: ""0E\002!\000\275\254\364\353\0308\305\353;\374\242\237'5\321\000bS\274\225KnT\234QT?\370\035\224\032T\002 (\260i\242\371\320\237\252\005\3660\267\246\000\303\363\3252\001\t\356\265h\243\232\303\305c\236\337\363\017""; previousledger: ""?Z\326\257)\2439\250\272\002\370\360\022\220W 062/8s4\204\363\253&I\000m\335\025""; "
1750587313775,1750587313775,0,1,2,0,TMProposeSet,"proposeSeq: 0; currentTxHash: ""\000\000\000\000\000\000\000\000\000\000\000\000\000\000\000\000\000\000\000\000\000\000\000\000\000\000\000\000\000\000\000\000""; nodePubKey: ""\003.\200\224\215?)t\306\315\242\313\251\255\302\204=\232.\271%}\013\024s\024\002@\216l""\241F""; closeTime: 803902513; signature: ""0E\002!\000\275\254\364\353\0308\305\353;\374\242\237'5\321\000bS\274\225KnT\234QT?\370\035\224\032T\002 (\260i\242\371\320\237\252\005\3660\267\246\000\303\363\3252\001\t\356\265h\243\232\303\305c\236\337\363\017""; previousledger: ""?Z\326\257)\2439\250\272\002\370\360\022\220W 062/8s4\204\363\253&I\000m\335\025""; ","proposeSeq: 0; currentTxHash: ""\000\000\000\000\000\000\000\000\000\000\000\000\000\000\000\000\000\000\000\000\000\000\000\000\000\000\000\000\000\000\000\000""; nodePubKey: ""\003.\200\224\215?)t\306\315\242\313\251\255\302\204=\232.\271%}\013\024s\024\002@\216l""\241F""; closeTime: 803902513; signature: ""0E\002!\000\275\254\364\353\0308\305\353;\374\242\237'5\321\000bS\274\225KnT\234QT?\370\035\224\032T\002 (\260i\242\371\320\237\252\005\3660\267\246\000\303\363\3252\001\t\356\265h\243\232\303\305c\236\337\363\017""; previousledger: ""?Z\326\257)\2439\250\272\002\370\360\022\220W 062/8s4\204\363\253&I\000m\335\025""; "
1750587313775,1750587313775,0,1,2,1,TMProposeSet,"proposeSeq: 0; currentTxHash: ""\000\000\000\000\000\000\000\000\000\000\000\000\000\000\000\000\000\000\000\000\000\000\000\000\000\000\000\000\000\000\000\000""; nodePubKey: ""\003.\200\224\215?)t\306\315\242\313\251\255\302\204=\232.\271%}\013\024s\024\002@\216l""\241F""; closeTime: 803902513; signature: ""0E\002!\000\275\254\364\353\0308\305\353;\374\242\237'5\321\000bS\274\225KnT\234QT?\370\035\224\032T\002 (\260i\242\371\320\237\252\005\3660\267\246\000\303\363\3252\001\t\356\265h\243\232\303\305c\236\337\363\017""; previousledger: ""?Z\326\257)\2439\250\272\002\370\360\022\220W 062/8s4\204\363\253&I\000m\335\025""; ","proposeSeq: 0; currentTxHash: ""\000\000\000\000\000\000\000\000\000\000\000\000\000\000\000\000\000\000\000\000\000\000\000\000\000\000\000\000\000\000\000\000""; nodePubKey: ""\003.\200\224\215?)t\306\315\242\313\251\255\302\204=\232.\271%}\013\024s\024\002@\216l""\241F""; closeTime: 803902513; signature: ""0E\002!\000\275\254\364\353\0308\305\353;\374\242\237'5\321\000bS\274\225KnT\234QT?\370\035\224\032T\002 (\260i\242\371\320\237\252\005\3660\267\246\000\303\363\3252\001\t\356\265h\243\232\303\305c\236\337\363\017""; previousledger: ""?Z\326\257)\2439\250\272\002\370\360\022\220W 062/8s4\204\363\253&I\000m\335\025""; "
1750587313776,1750587313776,0,1,3,1,TMProposeSet,"proposeSeq: 0; currentTxHash: ""\000\000\000\000\000\000\000\000\000\000\000\000\000\000\000\000\000\000\000\000\000\000\000\000\000\000\000\000\000\000\000\000""; nodePubKey: ""\003.\200\224\215?)t\306\315\242\313\251\255\302\204=\232.\271%}\013\024s\024\002@\216l""\241F""; closeTime: 803902513; signature: ""0E\002!\000\275\254\364\353\0308\305\353;\374\242\237'5\321\000bS\274\225KnT\234QT?\370\035\224\032T\002 (\260i\242\371\320\237\252\005\3660\267\246\000\303\363\3252\001\t\356\265h\243\232\303\305c\236\337\363\017""; previousledger: ""?Z\326\257)\2439\250\272\002\370\360\022\220W 062/8s4\204\363\253&I\000m\335\025""; ","proposeSeq: 0; currentTxHash: ""\000\000\000\000\000\000\000\000\000\000\000\000\000\000\000\000\000\000\000\000\000\000\000\000\000\000\000\000\000\000\000\000""; nodePubKey: ""\003.\200\224\215?)t\306\315\242\313\251\255\302\204=\232.\271%}\013\024s\024\002@\216l""\241F""; closeTime: 803902513; signature: ""0E\002!\000\275\254\364\353\0308\305\353;\374\242\237'5\321\000bS\274\225KnT\234QT?\370\035\224\032T\002 (\260i\242\371\320\237\252\005\3660\267\246\000\303\363\3252\001\t\356\265h\243\232\303\305c\236\337\363\017""; previousledger: ""?Z\326\257)\2439\250\272\002\370\360\022\220W 062/8s4\204\363\253&I\000m\335\025""; "
1750587313777,1750587313777,0,1,3,0,TMProposeSet,"proposeSeq: 0; currentTxHash: ""\000\000\000\000\000\000\000\000\000\000\000\000\000\000\000\000\000\000\000\000\000\000\000\000\000\000\000\000\000\000\000\000""; nodePubKey: ""\003.\200\224\215?)t\306\315\242\313\251\255\302\204=\232.\271%}\013\024s\024\002@\216l""\241F""; closeTime: 803902513; signature: ""0E\002!\000\275\254\364\353\0308\305\353;\374\242\237'5\321\000bS\274\225KnT\234QT?\370\035\224\032T\002 (\260i\242\371\320\237\252\005\3660\267\246\000\303\363\3252\001\t\356\265h\243\232\303\305c\236\337\363\017""; previousledger: ""?Z\326\257)\2439\250\272\002\370\360\022\220W 062/8s4\204\363\253&I\000m\335\025""; ","proposeSeq: 0; currentTxHash: ""\000\000\000\000\000\000\000\000\000\000\000\000\000\000\000\000\000\000\000\000\000\000\000\000\000\000\000\000\000\000\000\000""; nodePubKey: ""\003.\200\224\215?)t\306\315\242\313\251\255\302\204=\232.\271%}\013\024s\024\002@\216l""\241F""; closeTime: 803902513; signature: ""0E\002!\000\275\254\364\353\0308\305\353;\374\242\237'5\321\000bS\274\225KnT\234QT?\370\035\224\032T\002 (\260i\242\371\320\237\252\005\3660\267\246\000\303\363\3252\001\t\356\265h\243\232\303\305c\236\337\363\017""; previousledger: ""?Z\326\257)\2439\250\272\002\370\360\022\220W 062/8s4\204\363\253&I\000m\335\025""; "
1750587313777,1750587313777,0,1,1,3,TMProposeSet,"proposeSeq: 0; currentTxHash: ""\000\000\000\000\000\000\000\000\000\000\000\000\000\000\000\000\000\000\000\000\000\000\000\000\000\000\000\000\000\000\000\000""; nodePubKey: ""\003.\200\224\215?)t\306\315\242\313\251\255\302\204=\232.\271%}\013\024s\024\002@\216l""\241F""; closeTime: 803902513; signature: ""0E\002!\000\275\254\364\353\0308\305\353;\374\242\237'5\321\000bS\274\225KnT\234QT?\370\035\224\032T\002 (\260i\242\371\320\237\252\005\3660\267\246\000\303\363\3252\001\t\356\265h\243\232\303\305c\236\337\363\017""; previousledger: ""?Z\326\257)\2439\250\272\002\370\360\022\220W 062/8s4\204\363\253&I\000m\335\025""; ","proposeSeq: 0; currentTxHash: ""\000\000\000\000\000\000\000\000\000\000\000\000\000\000\000\000\000\000\000\000\000\000\000\000\000\000\000\000\000\000\000\000""; nodePubKey: ""\003.\200\224\215?)t\306\315\242\313\251\255\302\204=\232.\271%}\013\024s\024\002@\216l""\241F""; closeTime: 803902513; signature: ""0E\002!\000\275\254\364\353\0308\305\353;\374\242\237'5\321\000bS\274\225KnT\234QT?\370\035\224\032T\002 (\260i\242\371\320\237\252\005\3660\267\246\000\303\363\3252\001\t\356\265h\243\232\303\305c\236\337\363\017""; previousledger: ""?Z\326\257)\2439\250\272\002\370\360\022\220W 062/8s4\204\363\253&I\000m\335\025""; "
1750587313777,1750587313778,0,1,1,2,TMProposeSet,"proposeSeq: 0; currentTxHash: ""\000\000\000\000\000\000\000\000\000\000\000\000\000\000\000\000\000\000\000\000\000\000\000\000\000\000\000\000\000\000\000\000""; nodePubKey: ""\003.\200\224\215?)t\306\315\242\313\251\255\302\204=\232.\271%}\013\024s\024\002@\216l""\241F""; closeTime: 803902513; signature: ""0E\002!\000\275\254\364\353\0308\305\353;\374\242\237'5\321\000bS\274\225KnT\234QT?\370\035\224\032T\002 (\260i\242\371\320\237\252\005\3660\267\246\000\303\363\3252\001\t\356\265h\243\232\303\305c\236\337\363\017""; previousledger: ""?Z\326\257)\2439\250\272\002\370\360\022\220W 062/8s4\204\363\253&I\000m\335\025""; ","proposeSeq: 0; currentTxHash: ""\000\000\000\000\000\000\000\000\000\000\000\000\000\000\000\000\000\000\000\000\000\000\000\000\000\000\000\000\000\000\000\000""; nodePubKey: ""\003.\200\224\215?)t\306\315\242\313\251\255\302\204=\232.\271%}\013\024s\024\002@\216l""\241F""; closeTime: 803902513; signature: ""0E\002!\000\275\254\364\353\0308\305\353;\374\242\237'5\321\000bS\274\225KnT\234QT?\370\035\224\032T\002 (\260i\242\371\320\237\252\005\3660\267\246\000\303\363\3252\001\t\356\265h\243\232\303\305c\236\337\363\017""; previousledger: ""?Z\326\257)\2439\250\272\002\370\360\022\220W 062/8s4\204\363\253&I\000m\335\025""; "
1750587313778,1750587313778,0,1,1,0,TMProposeSet,"proposeSeq: 0; currentTxHash: ""\000\000\000\000\000\000\000\000\000\000\000\000\000\000\000\000\000\000\000\000\000\000\000\000\000\000\000\000\000\000\000\000""; nodePubKey: ""\003.\200\224\215?)t\306\315\242\313\251\255\302\204=\232.\271%}\013\024s\024\002@\216l""\241F""; closeTime: 803902513; signature: ""0E\002!\000\275\254\364\353\0308\305\353;\374\242\237'5\321\000bS\274\225KnT\234QT?\370\035\224\032T\002 (\260i\242\371\320\237\252\005\3660\267\246\000\303\363\3252\001\t\356\265h\243\232\303\305c\236\337\363\017""; previousledger: ""?Z\326\257)\2439\250\272\002\370\360\022\220W 062/8s4\204\363\253&I\000m\335\025""; ","proposeSeq: 0; currentTxHash: ""\000\000\000\000\000\000\000\000\000\000\000\000\000\000\000\000\000\000\000\000\000\000\000\000\000\000\000\000\000\000\000\000""; nodePubKey: ""\003.\200\224\215?)t\306\315\242\313\251\255\302\204=\232.\271%}\013\024s\024\002@\216l""\241F""; closeTime: 803902513; signature: ""0E\002!\000\275\254\364\353\0308\305\353;\374\242\237'5\321\000bS\274\225KnT\234QT?\370\035\224\032T\002 (\260i\242\371\320\237\252\005\3660\267\246\000\303\363\3252\001\t\356\265h\243\232\303\305c\236\337\363\017""; previousledger: ""?Z\326\257)\2439\250\272\002\370\360\022\220W 062/8s4\204\363\253&I\000m\335\025""; "
1750587313779,1750587313779,0,1,0,3,TMProposeSet,"proposeSeq: 0; currentTxHash: ""\000\000\000\000\000\000\000\000\000\000\000\000\000\000\000\000\000\000\000\000\000\000\000\000\000\000\000\000\000\000\000\000""; nodePubKey: ""\003.\200\224\215?)t\306\315\242\313\251\255\302\204=\232.\271%}\013\024s\024\002@\216l""\241F""; closeTime: 803902513; signature: ""0E\002!\000\275\254\364\353\0308\305\353;\374\242\237'5\321\000bS\274\225KnT\234QT?\370\035\224\032T\002 (\260i\242\371\320\237\252\005\3660\267\246\000\303\363\3252\001\t\356\265h\243\232\303\305c\236\337\363\017""; previousledger: ""?Z\326\257)\2439\250\272\002\370\360\022\220W 062/8s4\204\363\253&I\000m\335\025""; ","proposeSeq: 0; currentTxHash: ""\000\000\000\000\000\000\000\000\000\000\000\000\000\000\000\000\000\000\000\000\000\000\000\000\000\000\000\000\000\000\000\000""; nodePubKey: ""\003.\200\224\215?)t\306\315\242\313\251\255\302\204=\232.\271%}\013\024s\024\002@\216l""\241F""; closeTime: 803902513; signature: ""0E\002!\000\275\254\364\353\0308\305\353;\374\242\237'5\321\000bS\274\225KnT\234QT?\370\035\224\032T\002 (\260i\242\371\320\237\252\005\3660\267\246\000\303\363\3252\001\t\356\265h\243\232\303\305c\236\337\363\017""; previousledger: ""?Z\326\257)\2439\250\272\002\370\360\022\220W 062/8s4\204\363\253&I\000m\335\025""; "
1750587313779,1750587313779,0,1,0,1,TMProposeSet,"proposeSeq: 0; currentTxHash: ""\000\000\000\000\000\000\000\000\000\000\000\000\000\000\000\000\000\000\000\000\000\000\000\000\000\000\000\000\000\000\000\000""; nodePubKey: ""\003.\200\224\215?)t\306\315\242\313\251\255\302\204=\232.\271%}\013\024s\024\002@\216l""\241F""; closeTime: 803902513; signature: ""0E\002!\000\275\254\364\353\0308\305\353;\374\242\237'5\321\000bS\274\225KnT\234QT?\370\035\224\032T\002 (\260i\242\371\320\237\252\005\3660\267\246\000\303\363\3252\001\t\356\265h\243\232\303\305c\236\337\363\017""; previousledger: ""?Z\326\257)\2439\250\272\002\370\360\022\220W 062/8s4\204\363\253&I\000m\335\025""; ","proposeSeq: 0; currentTxHash: ""\000\000\000\000\000\000\000\000\000\000\000\000\000\000\000\000\000\000\000\000\000\000\000\000\000\000\000\000\000\000\000\000""; nodePubKey: ""\003.\200\224\215?)t\306\315\242\313\251\255\302\204=\232.\271%}\013\024s\024\002@\216l""\241F""; closeTime: 803902513; signature: ""0E\002!\000\275\254\364\353\0308\305\353;\374\242\237'5\321\000bS\274\225KnT\234QT?\370\035\224\032T\002 (\260i\242\371\320\237\252\005\3660\267\246\000\303\363\3252\001\t\356\265h\243\232\303\305c\236\337\363\017""; previousledger: ""?Z\326\257)\2439\250\272\002\370\360\022\220W 062/8s4\204\363\253&I\000m\335\025""; "
1750587313779,1750587313780,0,1,0,2,TMProposeSet,"proposeSeq: 0; currentTxHash: ""\000\000\000\000\000\000\000\000\000\000\000\000\000\000\000\000\000\000\000\000\000\000\000\000\000\000\000\000\000\000\000\000""; nodePubKey: ""\003.\200\224\215?)t\306\315\242\313\251\255\302\204=\232.\271%}\013\024s\024\002@\216l""\241F""; closeTime: 803902513; signature: ""0E\002!\000\275\254\364\353\0308\305\353;\374\242\237'5\321\000bS\274\225KnT\234QT?\370\035\224\032T\002 (\260i\242\371\320\237\252\005\3660\267\246\000\303\363\3252\001\t\356\265h\243\232\303\305c\236\337\363\017""; previousledger: ""?Z\326\257)\2439\250\272\002\370\360\022\220W 062/8s4\204\363\253&I\000m\335\025""; ","proposeSeq: 0; currentTxHash: ""\000\000\000\000\000\000\000\000\000\000\000\000\000\000\000\000\000\000\000\000\000\000\000\000\000\000\000\000\000\000\000\000""; nodePubKey: ""\003.\200\224\215?)t\306\315\242\313\251\255\302\204=\232.\271%}\013\024s\024\002@\216l""\241F""; closeTime: 803902513; signature: ""0E\002!\000\275\254\364\353\0308\305\353;\374\242\237'5\321\000bS\274\225KnT\234QT?\370\035\224\032T\002 (\260i\242\371\320\237\252\005\3660\267\246\000\303\363\3252\001\t\356\265h\243\232\303\305c\236\337\363\017""; previousledger: ""?Z\326\257)\2439\250\272\002\370\360\022\220W 062/8s4\204\363\253&I\000m\335\025""; "
1750587313770,1750587313811,0,1,4,2,TMStatusChange,"newEvent: neCLOSING_LEDGER; ledgerSeq: 16; ledgerHash: ""?Z\326\257)\2439\250\272\002\370\360\022\220W 062/8s4\204\363\253&I\000m\335\025""; ledgerHashPrevious: ""\345X\002=\033c\255\253\226\014-o\364!\262f\370\222\250\377\220&p\343\245\3604Op\353\317\305""; networkTime: 803902513; firstSeq: 1; lastSeq: 16; ","newEvent: neCLOSING_LEDGER; ledgerSeq: 16; ledgerHash: ""?Z\326\257)\2439\250\272\002\370\360\022\220W 062/8s4\204\363\253&I\000m\335\025""; ledgerHashPrevious: ""\345X\002=\033c\255\253\226\014-o\364!\262f\370\222\250\377\220&p\343\245\3604Op\353\317\305""; networkTime: 803902513; firstSeq: 1; lastSeq: 16; "
1750587313773,1750587313812,0,1,4,0,TMStatusChange,"newEvent: neCLOSING_LEDGER; ledgerSeq: 16; ledgerHash: ""?Z\326\257)\2439\250\272\002\370\360\022\220W 062/8s4\204\363\253&I\000m\335\025""; ledgerHashPrevious: ""\345X\002=\033c\255\253\226\014-o\364!\262f\370\222\250\377\220&p\343\245\3604Op\353\317\305""; networkTime: 803902513; firstSeq: 1; lastSeq: 16; ","newEvent: neCLOSING_LEDGER; ledgerSeq: 16; ledgerHash: ""?Z\326\257)\2439\250\272\002\370\360\022\220W 062/8s4\204\363\253&I\000m\335\025""; ledgerHashPrevious: ""\345X\002=\033c\255\253\226\014-o\364!\262f\370\222\250\377\220&p\343\245\3604Op\353\317\305""; networkTime: 803902513; firstSeq: 1; lastSeq: 16; "
1750587313772,1750587313811,0,1,4,1,TMStatusChange,"newEvent: neCLOSING_LEDGER; ledgerSeq: 16; ledgerHash: ""?Z\326\257)\2439\250\272\002\370\360\022\220W 062/8s4\204\363\253&I\000m\335\025""; ledgerHashPrevious: ""\345X\002=\033c\255\253\226\014-o\364!\262f\370\222\250\377\220&p\343\245\3604Op\353\317\305""; networkTime: 803902513; firstSeq: 1; lastSeq: 16; ","newEvent: neCLOSING_LEDGER; ledgerSeq: 16; ledgerHash: ""?Z\326\257)\2439\250\272\002\370\360\022\220W 062/8s4\204\363\253&I\000m\335\025""; ledgerHashPrevious: ""\345X\002=\033c\255\253\226\014-o\364!\262f\370\222\250\377\220&p\343\245\3604Op\353\317\305""; networkTime: 803902513; firstSeq: 1; lastSeq: 16; "
1750587313772,1750587313811,0,1,4,3,TMStatusChange,"newEvent: neCLOSING_LEDGER; ledgerSeq: 16; ledgerHash: ""?Z\326\257)\2439\250\272\002\370\360\022\220W 062/8s4\204\363\253&I\000m\335\025""; ledgerHashPrevious: ""\345X\002=\033c\255\253\226\014-o\364!\262f\370\222\250\377\220&p\343\245\3604Op\353\317\305""; networkTime: 803902513; firstSeq: 1; lastSeq: 16; ","newEvent: neCLOSING_LEDGER; ledgerSeq: 16; ledgerHash: ""?Z\326\257)\2439\250\272\002\370\360\022\220W 062/8s4\204\363\253&I\000m\335\025""; ledgerHashPrevious: ""\345X\002=\033c\255\253\226\014-o\364!\262f\370\222\250\377\220&p\343\245\3604Op\353\317\305""; networkTime: 803902513; firstSeq: 1; lastSeq: 16; "
1750587314457,1750587314457,0,1,1,4,TMValidation,"validation: """"\200\000\000\001&\000\000\000\021)/\352\2242:?HT\314/\177\320^Q\336\037\263=\026\236A\324J9\261\341@\353\236\027\243\365\225\347\2315\205\014\356\333\201\232V!\026\010P\027\000\000\000\000\000\000\000\000\000\000\000\000\000\000\000\000\000\000\000\000\000\000\000\000\000\000\000\000\000\000\000\000P\031?Z\326\257)\2439\250\272\002\370\360\022\220W 062/8s4\204\363\253&I\000m\335\025s!\003\343\005\311u\203\370\0338\3174\324\010\006\301\251\177\261\304eOX\262)FA-\022r\263wm\024vF0D\002 n\031\030\031\004\253\360\005\313\332\002C\207,\305\305\245\226\235\367b\340\235\264|aKt{(G\364\002 \010\337zP\355`|T%\276\315(\205\351\333p\234h\276d\240\323\2171\201\243d\300\2437:\237""; ","validation: """"\200\000\000\001&\000\000\000\021)/\352\2242:?HT\314/\177\320^Q\336\037\263=\026\236A\324J9\261\341@\353\236\027\243\365\225\347\2315\205\014\356\333\201\232V!\026\010P\027\000\000\000\000\000\000\000\000\000\000\000\000\000\000\000\000\000\000\000\000\000\000\000\000\000\000\000\000\000\000\000\000P\031?Z\326\257)\2439\250\272\002\370\360\022\220W 062/8s4\204\363\253&I\000m\335\025s!\003\343\005\311u\203\370\0338\3174\324\010\006\301\251\177\261\304eOX\262)FA-\022r\263wm\024vF0D\002 n\031\030\031\004\253\360\005\313\332\002C\207,\305\305\245\226\235\367b\340\235\264|aKt{(G\364\002 \010\337zP\355`|T%\276\315(\205\351\333p\234h\276d\240\323\2171\201\243d\300\2437:\237""; "
1750587314457,1750587314457,0,1,1,4,TMStatusChange,"newEvent: neACCEPTED_LEDGER; ledgerSeq: 17; ledgerHash: ""\336\037\263=\026\236A\324J9\261\341@\353\236\027\243\365\225\347\2315\205\014\356\333\201\232V!\026\010""; ledgerHashPrevious: ""?Z\326\257)\2439\250\272\002\370\360\022\220W 062/8s4\204\363\253&I\000m\335\025""; networkTime: 803902514; firstSeq: 1; lastSeq: 16; ","newEvent: neACCEPTED_LEDGER; ledgerSeq: 17; ledgerHash: ""\336\037\263=\026\236A\324J9\261\341@\353\236\027\243\365\225\347\2315\205\014\356\333\201\232V!\026\010""; ledgerHashPrevious: ""?Z\326\257)\2439\250\272\002\370\360\022\220W 062/8s4\204\363\253&I\000m\335\025""; networkTime: 803902514; firstSeq: 1; lastSeq: 16; "
1750587314457,1750587314457,0,1,1,3,TMStatusChange,"newEvent: neACCEPTED_LEDGER; ledgerSeq: 17; ledgerHash: ""\336\037\263=\026\236A\324J9\261\341@\353\236\027\243\365\225\347\2315\205\014\356\333\201\232V!\026\010""; ledgerHashPrevious: ""?Z\326\257)\2439\250\272\002\370\360\022\220W 062/8s4\204\363\253&I\000m\335\025""; networkTime: 803902514; firstSeq: 1; lastSeq: 16; ","newEvent: neACCEPTED_LEDGER; ledgerSeq: 17; ledgerHash: ""\336\037\263=\026\236A\324J9\261\341@\353\236\027\243\365\225\347\2315\205\014\356\333\201\232V!\026\010""; ledgerHashPrevious: ""?Z\326\257)\2439\250\272\002\370\360\022\220W 062/8s4\204\363\253&I\000m\335\025""; networkTime: 803902514; firstSeq: 1; lastSeq: 16; "
1750587314457,1750587314458,0,1,1,0,TMStatusChange,"newEvent: neACCEPTED_LEDGER; ledgerSeq: 17; ledgerHash: ""\336\037\263=\026\236A\324J9\261\341@\353\236\027\243\365\225\347\2315\205\014\356\333\201\232V!\026\010""; ledgerHashPrevious: ""?Z\326\257)\2439\250\272\002\370\360\022\220W 062/8s4\204\363\253&I\000m\335\025""; networkTime: 803902514; firstSeq: 1; lastSeq: 16; ","newEvent: neACCEPTED_LEDGER; ledgerSeq: 17; ledgerHash: ""\336\037\263=\026\236A\324J9\261\341@\353\236\027\243\365\225\347\2315\205\014\356\333\201\232V!\026\010""; ledgerHashPrevious: ""?Z\326\257)\2439\250\272\002\370\360\022\220W 062/8s4\204\363\253&I\000m\335\025""; networkTime: 803902514; firstSeq: 1; lastSeq: 16; "
1750587314458,1750587314458,0,1,1,2,TMStatusChange,"newEvent: neACCEPTED_LEDGER; ledgerSeq: 17; ledgerHash: ""\336\037\263=\026\236A\324J9\261\341@\353\236\027\243\365\225\347\2315\205\014\356\333\201\232V!\026\010""; ledgerHashPrevious: ""?Z\326\257)\2439\250\272\002\370\360\022\220W 062/8s4\204\363\253&I\000m\335\025""; networkTime: 803902514; firstSeq: 1; lastSeq: 16; ","newEvent: neACCEPTED_LEDGER; ledgerSeq: 17; ledgerHash: ""\336\037\263=\026\236A\324J9\261\341@\353\236\027\243\365\225\347\2315\205\014\356\333\201\232V!\026\010""; ledgerHashPrevious: ""?Z\326\257)\2439\250\272\002\370\360\022\220W 062/8s4\204\363\253&I\000m\335\025""; networkTime: 803902514; firstSeq: 1; lastSeq: 16; "
1750587314473,1750587314474,0,1,4,3,TMValidation,"validation: """"\200\000\000\001&\000\000\000\021)/\352\2242:?HT\314/\177\320^Q\336\037\263=\026\236A\324J9\261\341@\353\236\027\243\365\225\347\2315\205\014\356\333\201\232V!\026\010P\027\000\000\000\000\000\000\000\000\000\000\000\000\000\000\000\000\000\000\000\000\000\000\000\000\000\000\000\000\000\000\000\000P\031?Z\326\257)\2439\250\272\002\370\360\022\220W 062/8s4\204\363\253&I\000m\335\025s!\003\343\005\311u\203\370\0338\3174\324\010\006\301\251\177\261\304eOX\262)FA-\022r\263wm\024vF0D\002 n\031\030\031\004\253\360\005\313\332\002C\207,\305\305\245\226\235\367b\340\235\264|aKt{(G\364\002 \010\337zP\355`|T%\276\315(\205\351\333p\234h\276d\240\323\2171\201\243d\300\2437:\237""; ","validation: """"\200\000\000\001&\000\000\000\021)/\352\2242:?HT\314/\177\320^Q\336\037\263=\026\236A\324J9\261\341@\353\236\027\243\365\225\347\2315\205\014\356\333\201\232V!\026\010P\027\000\000\000\000\000\000\000\000\000\000\000\000\000\000\000\000\000\000\000\000\000\000\000\000\000\000\000\000\000\000\000\000P\031?Z\326\257)\2439\250\272\002\370\360\022\220W 062/8s4\204\363\253&I\000m\335\025s!\003\343\005\311u\203\370\0338\3174\324\010\006\301\251\177\261\304eOX\262)FA-\022r\263wm\024vF0D\002 n\031\030\031\004\253\360\005\313\332\002C\207,\305\305\245\226\235\367b\340\235\264|aKt{(G\364\002 \010\337zP\355`|T%\276\315(\205\351\333p\234h\276d\240\323\2171\201\243d\300\2437:\237""; "
1750587314475,1750587314475,0,1,4,2,TMGetLedger,"itype: liBASE; ledgerHash: ""\336\037\263=\026\236A\324J9\261\341@\353\236\027\243\365\225\347\2315\205\014\356\333\201\232V!\026\010""; ","itype: liBASE; ledgerHash: ""\336\037\263=\026\236A\324J9\261\341@\353\236\027\243\365\225\347\2315\205\014\356\333\201\232V!\026\010""; "
1750587314475,1750587314475,0,1,4,2,TMGetLedger,"itype: liBASE; ledgerHash: ""\336\037\263=\026\236A\324J9\261\341@\353\236\027\243\365\225\347\2315\205\014\356\333\201\232V!\026\010""; queryType: qtINDIRECT; ","itype: liBASE; ledgerHash: ""\336\037\263=\026\236A\324J9\261\341@\353\236\027\243\365\225\347\2315\205\014\356\333\201\232V!\026\010""; queryType: qtINDIRECT; "
1750587314475,1750587314475,0,1,4,2,TMValidation,"validation: """"\200\000\000\001&\000\000\000\021)/\352\2242:?HT\314/\177\320^Q\336\037\263=\026\236A\324J9\261\341@\353\236\027\243\365\225\347\2315\205\014\356\333\201\232V!\026\010P\027\000\000\000\000\000\000\000\000\000\000\000\000\000\000\000\000\000\000\000\000\000\000\000\000\000\000\000\000\000\000\000\000P\031?Z\326\257)\2439\250\272\002\370\360\022\220W 062/8s4\204\363\253&I\000m\335\025s!\003\343\005\311u\203\370\0338\3174\324\010\006\301\251\177\261\304eOX\262)FA-\022r\263wm\024vF0D\002 n\031\030\031\004\253\360\005\313\332\002C\207,\305\305\245\226\235\367b\340\235\264|aKt{(G\364\002 \010\337zP\355`|T%\276\315(\205\351\333p\234h\276d\240\323\2171\201\243d\300\2437:\237""; ","validation: """"\200\000\000\001&\000\000\000\021)/\352\2242:?HT\314/\177\320^Q\336\037\263=\026\236A\324J9\261\341@\353\236\027\243\365\225\347\2315\205\014\356\333\201\232V!\026\010P\027\000\000\000\000\000\000\000\000\000\000\000\000\000\000\000\000\000\000\000\000\000\000\000\000\000\000\000\000\000\000\000\000P\031?Z\326\257)\2439\250\272\002\370\360\022\220W 062/8s4\204\363\253&I\000m\335\025s!\003\343\005\311u\203\370\0338\3174\324\010\006\301\251\177\261\304eOX\262)FA-\022r\263wm\024vF0D\002 n\031\030\031\004\253\360\005\313\332\002C\207,\305\305\245\226\235\367b\340\235\264|aKt{(G\364\002 \010\337zP\355`|T%\276\315(\205\351\333p\234h\276d\240\323\2171\201\243d\300\2437:\237""; "
1750587314475,1750587314475,0,1,4,1,TMGetLedger,"itype: liBASE; ledgerHash: ""\336\037\263=\026\236A\324J9\261\341@\353\236\027\243\365\225\347\2315\205\014\356\333\201\232V!\026\010""; queryType: qtINDIRECT; ","itype: liBASE; ledgerHash: ""\336\037\263=\026\236A\324J9\261\341@\353\236\027\243\365\225\347\2315\205\014\356\333\201\232V!\026\010""; queryType: qtINDIRECT; "
1750587314475,1750587314475,0,1,4,1,TMGetLedger,"itype: liBASE; ledgerHash: ""\336\037\263=\026\236A\324J9\261\341@\353\236\027\243\365\225\347\2315\205\014\356\333\201\232V!\026\010""; ","itype: liBASE; ledgerHash: ""\336\037\263=\026\236A\324J9\261\341@\353\236\027\243\365\225\347\2315\205\014\356\333\201\232V!\026\010""; "
1750587314474,1750587314474,0,1,4,3,TMGetLedger,"itype: liBASE; ledgerHash: ""\336\037\263=\026\236A\324J9\261\341@\353\236\027\243\365\225\347\2315\205\014\356\333\201\232V!\026\010""; ","itype: liBASE; ledgerHash: ""\336\037\263=\026\236A\324J9\261\341@\353\236\027\243\365\225\347\2315\205\014\356\333\201\232V!\026\010""; "
1750587314476,1750587314476,0,1,4,0,TMGetLedger,"itype: liBASE; ledgerHash: ""\336\037\263=\026\236A\324J9\261\341@\353\236\027\243\365\225\347\2315\205\014\356\333\201\232V!\026\010""; queryType: qtINDIRECT; ","itype: liBASE; ledgerHash: ""\336\037\263=\026\236A\324J9\261\341@\353\236\027\243\365\225\347\2315\205\014\356\333\201\232V!\026\010""; queryType: qtINDIRECT; "
1750587314476,1750587314476,0,1,4,3,TMGetLedger,"itype: liBASE; ledgerHash: ""\336\037\263=\026\236A\324J9\261\341@\353\236\027\243\365\225\347\2315\205\014\356\333\201\232V!\026\010""; queryType: qtINDIRECT; ","itype: liBASE; ledgerHash: ""\336\037\263=\026\236A\324J9\261\341@\353\236\027\243\365\225\347\2315\205\014\356\333\201\232V!\026\010""; queryType: qtINDIRECT; "
1750587314476,1750587314476,0,1,4,0,TMGetLedger,"itype: liBASE; ledgerHash: ""\336\037\263=\026\236A\324J9\261\341@\353\236\027\243\365\225\347\2315\205\014\356\333\201\232V!\026\010""; ","itype: liBASE; ledgerHash: ""\336\037\263=\026\236A\324J9\261\341@\353\236\027\243\365\225\347\2315\205\014\356\333\201\232V!\026\010""; "
1750587314476,1750587314477,0,1,4,0,TMValidation,"validation: """"\200\000\000\001&\000\000\000\021)/\352\2242:?HT\314/\177\320^Q\336\037\263=\026\236A\324J9\261\341@\353\236\027\243\365\225\347\2315\205\014\356\333\201\232V!\026\010P\027\000\000\000\000\000\000\000\000\000\000\000\000\000\000\000\000\000\000\000\000\000\000\000\000\000\000\000\000\000\000\000\000P\031?Z\326\257)\2439\250\272\002\370\360\022\220W 062/8s4\204\363\253&I\000m\335\025s!\003\343\005\311u\203\370\0338\3174\324\010\006\301\251\177\261\304eOX\262)FA-\022r\263wm\024vF0D\002 n\031\030\031\004\253\360\005\313\332\002C\207,\305\305\245\226\235\367b\340\235\264|aKt{(G\364\002 \010\337zP\355`|T%\276\315(\205\351\333p\234h\276d\240\323\2171\201\243d\300\2437:\237""; ","validation: """"\200\000\000\001&\000\000\000\021)/\352\2242:?HT\314/\177\320^Q\336\037\263=\026\236A\324J9\261\341@\353\236\027\243\365\225\347\2315\205\014\356\333\201\232V!\026\010P\027\000\000\000\000\000\000\000\000\000\000\000\000\000\000\000\000\000\000\000\000\000\000\000\000\000\000\000\000\000\000\000\000P\031?Z\326\257)\2439\250\272\002\370\360\022\220W 062/8s4\204\363\253&I\000m\335\025s!\003\343\005\311u\203\370\0338\3174\324\010\006\301\251\177\261\304eOX\262)FA-\022r\263wm\024vF0D\002 n\031\030\031\004\253\360\005\313\332\002C\207,\305\305\245\226\235\367b\340\235\264|aKt{(G\364\002 \010\337zP\355`|T%\276\315(\205\351\333p\234h\276d\240\323\2171\201\243d\300\2437:\237""; "
1750587314477,1750587314478,0,1,3,1,TMValidation,"validation: """"\200\000\000\001&\000\000\000\021)/\352\2242:?HT\314/\177\320^Q\336\037\263=\026\236A\324J9\261\341@\353\236\027\243\365\225\347\2315\205\014\356\333\201\232V!\026\010P\027\000\000\000\000\000\000\000\000\000\000\000\000\000\000\000\000\000\000\000\000\000\000\000\000\000\000\000\000\000\000\000\000P\031?Z\326\257)\2439\250\272\002\370\360\022\220W 062/8s4\204\363\253&I\000m\335\025s!\003\343\005\311u\203\370\0338\3174\324\010\006\301\251\177\261\304eOX\262)FA-\022r\263wm\024vF0D\002 n\031\030\031\004\253\360\005\313\332\002C\207,\305\305\245\226\235\367b\340\235\264|aKt{(G\364\002 \010\337zP\355`|T%\276\315(\205\351\333p\234h\276d\240\323\2171\201\243d\300\2437:\237""; ","validation: """"\200\000\000\001&\000\000\000\021)/\352\2242:?HT\314/\177\320^Q\336\037\263=\026\236A\324J9\261\341@\353\236\027\243\365\225\347\2315\205\014\356\333\201\232V!\026\010P\027\000\000\000\000\000\000\000\000\000\000\000\000\000\000\000\000\000\000\000\000\000\000\000\000\000\000\000\000\000\000\000\000P\031?Z\326\257)\2439\250\272\002\370\360\022\220W 062/8s4\204\363\253&I\000m\335\025s!\003\343\005\311u\203\370\0338\3174\324\010\006\301\251\177\261\304eOX\262)FA-\022r\263wm\024vF0D\002 n\031\030\031\004\253\360\005\313\332\002C\207,\305\305\245\226\235\367b\340\235\264|aKt{(G\364\002 \010\337zP\355`|T%\276\315(\205\351\333p\234h\276d\240\323\2171\201\243d\300\2437:\237""; "
1750587314478,1750587314478,0,1,3,0,TMValidation,"validation: """"\200\000\000\001&\000\000\000\021)/\352\2242:?HT\314/\177\320^Q\336\037\263=\026\236A\324J9\261\341@\353\236\027\243\365\225\347\2315\205\014\356\333\201\232V!\026\010P\027\000\000\000\000\000\000\000\000\000\000\000\000\000\000\000\000\000\000\000\000\000\000\000\000\000\000\000\000\000\000\000\000P\031?Z\326\257)\2439\250\272\002\370\360\022\220W 062/8s4\204\363\253&I\000m\335\025s!\003\343\005\311u\203\370\0338\3174\324\010\006\301\251\177\261\304eOX\262)FA-\022r\263wm\024vF0D\002 n\031\030\031\004\253\360\005\313\332\002C\207,\305\305\245\226\235\367b\340\235\264|aKt{(G\364\002 \010\337zP\355`|T%\276\315(\205\351\333p\234h\276d\240\323\2171\201\243d\300\2437:\237""; ","validation: """"\200\000\000\001&\000\000\000\021)/\352\2242:?HT\314/\177\320^Q\336\037\263=\026\236A\324J9\261\341@\353\236\027\243\365\225\347\2315\205\014\356\333\201\232V!\026\010P\027\000\000\000\000\000\000\000\000\000\000\000\000\000\000\000\000\000\000\000\000\000\000\000\000\000\000\000\000\000\000\000\000P\031?Z\326\257)\2439\250\272\002\370\360\022\220W 062/8s4\204\363\253&I\000m\335\025s!\003\343\005\311u\203\370\0338\3174\324\010\006\301\251\177\261\304eOX\262)FA-\022r\263wm\024vF0D\002 n\031\030\031\004\253\360\005\313\332\002C\207,\305\305\245\226\235\367b\340\235\264|aKt{(G\364\002 \010\337zP\355`|T%\276\315(\205\351\333p\234h\276d\240\323\2171\201\243d\300\2437:\237""; "
1750587314478,1750587314478,0,1,3,2,TMValidation,"validation: """"\200\000\000\001&\000\000\000\021)/\352\2242:?HT\314/\177\320^Q\336\037\263=\026\236A\324J9\261\341@\353\236\027\243\365\225\347\2315\205\014\356\333\201\232V!\026\010P\027\000\000\000\000\000\000\000\000\000\000\000\000\000\000\000\000\000\000\000\000\000\000\000\000\000\000\000\000\000\000\000\000P\031?Z\326\257)\2439\250\272\002\370\360\022\220W 062/8s4\204\363\253&I\000m\335\025s!\003\343\005\311u\203\370\0338\3174\324\010\006\301\251\177\261\304eOX\262)FA-\022r\263wm\024vF0D\002 n\031\030\031\004\253\360\005\313\332\002C\207,\305\305\245\226\235\367b\340\235\264|aKt{(G\364\002 \010\337zP\355`|T%\276\315(\205\351\333p\234h\276d\240\323\2171\201\243d\300\2437:\237""; ","validation: """"\200\000\000\001&\000\000\000\021)/\352\2242:?HT\314/\177\320^Q\336\037\263=\026\236A\324J9\261\341@\353\236\027\243\365\225\347\2315\205\014\356\333\201\232V!\026\010P\027\000\000\000\000\000\000\000\000\000\000\000\000\000\000\000\000\000\000\000\000\000\000\000\000\000\000\000\000\000\000\000\000P\031?Z\326\257)\2439\250\272\002\370\360\022\220W 062/8s4\204\363\253&I\000m\335\025s!\003\343\005\311u\203\370\0338\3174\324\010\006\301\251\177\261\304eOX\262)FA-\022r\263wm\024vF0D\002 n\031\030\031\004\253\360\005\313\332\002C\207,\305\305\245\226\235\367b\340\235\264|aKt{(G\364\002 \010\337zP\355`|T%\276\315(\205\351\333p\234h\276d\240\323\2171\201\243d\300\2437:\237""; "
1750587314479,1750587314479,0,1,3,4,TMGetLedger,"itype: liBASE; ledgerHash: ""\336\037\263=\026\236A\324J9\261\341@\353\236\027\243\365\225\347\2315\205\014\356\333\201\232V!\026\010""; ","itype: liBASE; ledgerHash: ""\336\037\263=\026\236A\324J9\261\341@\353\236\027\243\365\225\347\2315\205\014\356\333\201\232V!\026\010""; "
1750587314479,1750587314479,0,1,3,4,TMGetLedger,"itype: liBASE; ledgerHash: ""\336\037\263=\026\236A\324J9\261\341@\353\236\027\243\365\225\347\2315\205\014\356\333\201\232V!\026\010""; queryType: qtINDIRECT; ","itype: liBASE; ledgerHash: ""\336\037\263=\026\236A\324J9\261\341@\353\236\027\243\365\225\347\2315\205\014\356\333\201\232V!\026\010""; queryType: qtINDIRECT; "
1750587314480,1750587314480,0,1,2,1,TMGetLedger,"itype: liBASE; ledgerHash: ""\336\037\263=\026\236A\324J9\261\341@\353\236\027\243\365\225\347\2315\205\014\356\333\201\232V!\026\010""; requestCookie: 5; queryType: qtINDIRECT; ","itype: liBASE; ledgerHash: ""\336\037\263=\026\236A\324J9\261\341@\353\236\027\243\365\225\347\2315\205\014\356\333\201\232V!\026\010""; requestCookie: 5; queryType: qtINDIRECT; "
1750587314480,1750587314480,0,1,1,4,TMLedgerData,"ledgerHash: ""\336\037\263=\026\236A\324J9\261\341@\353\236\027\243\365\225\347\2315\205\014\356\333\201\232V!\026\010""; ledgerSeq: 17; type: liBASE; nodes {;   nodedata: ""\000\000\000\021\001cEx]\211\377\330?Z\326\257)\2439\250\272\002\370\360\022\220W 062/8s4\204\363\253&I\000m\335\025\000\000\000\000\000\000\000\000\000\000\000\000\000\000\000\000\000\000\000\000\000\000\000\000\000\000\000\000\000\000\000\000\345\322Q\320-.\257J\365;|\356\257\275tJr\202{)\357\277\263t\021\304\303\235\234\272fE/\352\224//\352\2240\n\000""; }; nodes {;   nodedata: ""h\315\350\215y\203\242]\371\235\232Pt&\325\210eZ\346\237XZ \277\2457n\221\336\253\245\317\002\304\206+8\t]\351\316\373|\311\263V\300\023\035\211\237\260\300\r\033u3a1\203\303\365\307k\347\006E\344\037@\210\363\010\336T\226\247'\204_{\261\370""1\235\2445\343\033Y!\212\201\341\272\225'\007*$\244&\336\343'\233i\332\374\245 {^\306-N\333\gE\006\347\212\331C\211Z\177\247\031\n\302\244y\353l\024\360\n\000\274|\\260kO\020\032\337E4\367\321\353&\374\201k\306i\225\365\025\013\202_n)6q\357\2538_-\302\252B\204v\277\254\373\3322Ca\020\243\0105\263\257\367\032\254\016\003""; }; ","ledgerHash: ""\336\037\263=\026\236A\324J9\261\341@\353\236\027\243\365\225\347\2315\205\014\356\333\201\232V!\026\010""; ledgerSeq: 17; type: liBASE; nodes {;   nodedata: ""\000\000\000\021\001cEx]\211\377\330?Z\326\257)\2439\250\272\002\370\360\022\220W 062/8s4\204\363\253&I\000m\335\025\000\000\000\000\000\000\000\000\000\000\000\000\000\000\000\000\000\000\000\000\000\000\000\000\000\000\000\000\000\000\000\000\345\322Q\320-.\257J\365;|\356\257\275tJr\202{)\357\277\263t\021\304\303\235\234\272fE/\352\224//\352\2240\n\000""; }; nodes {;   nodedata: ""h\315\350\215y\203\242]\371\235\232Pt&\325\210eZ\346\237XZ \277\2457n\221\336\253\245\317\002\304\206+8\t]\351\316\373|\311\263V\300\023\035\211\237\260\300\r\033u3a1\203\303\365\307k\347\006E\344\037@\210\363\010\336T\226\247'\204_{\261\370""1\235\2445\343\033Y!\212\201\341\272\225'\007*$\244&\336\343'\233i\332\374\245 {^\306-N\333\gE\006\347\212\331C\211Z\177\247\031\n\302\244y\353l\024\360\n\000\274|\\260kO\020\032\337E4\367\321\353&\374\201k\306i\225\365\025\013\202_n)6q\357\2538_-\302\252B\204v\277\254\373\3322Ca\020\243\0105\263\257\367\032\254\016\003""; }; "
1750587314481,1750587314481,0,1,2,3,TMValidation,"validation: """"\200\000\000\001&\000\000\000\021)/\352\2242:?HT\314/\177\320^Q\336\037\263=\026\236A\324J9\261\341@\353\236\027\243\365\225\347\2315\205\014\356\333\201\232V!\026\010P\027\000\000\000\000\000\000\000\000\000\000\000\000\000\000\000\000\000\000\000\000\000\000\000\000\000\000\000\000\000\000\000\000P\031?Z\326\257)\2439\250\272\002\370\360\022\220W 062/8s4\204\363\253&I\000m\335\025s!\003\343\005\311u\203\370\0338\3174\324\010\006\301\251\177\261\304eOX\262)FA-\022r\263wm\024vF0D\002 n\031\030\031\004\253\360\005\313\332\002C\207,\305\305\245\226\235\367b\340\235\264|aKt{(G\364\002 \010\337zP\355`|T%\276\315(\205\351\333p\234h\276d\240\323\2171\201\243d\300\2437:\237""; ","validation: """"\200\000\000\001&\000\000\000\021)/\352\2242:?HT\314/\177\320^Q\336\037\263=\026\236A\324J9\261\341@\353\236\027\243\365\225\347\2315\205\014\356\333\201\232V!\026\010P\027\000\000\000\000\000\000\000\000\000\000\000\000\000\000\000\000\000\000\000\000\000\000\000\000\000\000\000\000\000\000\000\000P\031?Z\326\257)\2439\250\272\002\370\360\022\220W 062/8s4\204\363\253&I\000m\335\025s!\003\343\005\311u\203\370\0338\3174\324\010\006\301\251\177\261\304eOX\262)FA-\022r\263wm\024vF0D\002 n\031\030\031\004\253\360\005\313\332\002C\207,\305\305\245\226\235\367b\340\235\264|aKt{(G\364\002 \010\337zP\355`|T%\276\315(\205\351\333p\234h\276d\240\323\2171\201\243d\300\2437:\237""; "
1750587314482,1750587314482,0,1,2,0,TMValidation,"validation: """"\200\000\000\001&\000\000\000\021)/\352\2242:?HT\314/\177\320^Q\336\037\263=\026\236A\324J9\261\341@\353\236\027\243\365\225\347\2315\205\014\356\333\201\232V!\026\010P\027\000\000\000\000\000\000\000\000\000\000\000\000\000\000\000\000\000\000\000\000\000\000\000\000\000\000\000\000\000\000\000\000P\031?Z\326\257)\2439\250\272\002\370\360\022\220W 062/8s4\204\363\253&I\000m\335\025s!\003\343\005\311u\203\370\0338\3174\324\010\006\301\251\177\261\304eOX\262)FA-\022r\263wm\024vF0D\002 n\031\030\031\004\253\360\005\313\332\002C\207,\305\305\245\226\235\367b\340\235\264|aKt{(G\364\002 \010\337zP\355`|T%\276\315(\205\351\333p\234h\276d\240\323\2171\201\243d\300\2437:\237""; ","validation: """"\200\000\000\001&\000\000\000\021)/\352\2242:?HT\314/\177\320^Q\336\037\263=\026\236A\324J9\261\341@\353\236\027\243\365\225\347\2315\205\014\356\333\201\232V!\026\010P\027\000\000\000\000\000\000\000\000\000\000\000\000\000\000\000\000\000\000\000\000\000\000\000\000\000\000\000\000\000\000\000\000P\031?Z\326\257)\2439\250\272\002\370\360\022\220W 062/8s4\204\363\253&I\000m\335\025s!\003\343\005\311u\203\370\0338\3174\324\010\006\301\251\177\261\304eOX\262)FA-\022r\263wm\024vF0D\002 n\031\030\031\004\253\360\005\313\332\002C\207,\305\305\245\226\235\367b\340\235\264|aKt{(G\364\002 \010\337zP\355`|T%\276\315(\205\351\333p\234h\276d\240\323\2171\201\243d\300\2437:\237""; "
1750587314482,1750587314482,0,1,2,4,TMGetLedger,"itype: liBASE; ledgerHash: ""\336\037\263=\026\236A\324J9\261\341@\353\236\027\243\365\225\347\2315\205\014\356\333\201\232V!\026\010""; queryType: qtINDIRECT; ","itype: liBASE; ledgerHash: ""\336\037\263=\026\236A\324J9\261\341@\353\236\027\243\365\225\347\2315\205\014\356\333\201\232V!\026\010""; queryType: qtINDIRECT; "
1750587314482,1750587314482,0,1,2,4,TMGetLedger,"itype: liBASE; ledgerHash: ""\336\037\263=\026\236A\324J9\261\341@\353\236\027\243\365\225\347\2315\205\014\356\333\201\232V!\026\010""; ","itype: liBASE; ledgerHash: ""\336\037\263=\026\236A\324J9\261\341@\353\236\027\243\365\225\347\2315\205\014\356\333\201\232V!\026\010""; "
1750587314483,1750587314483,0,1,1,4,TMLedgerData,"ledgerHash: ""\336\037\263=\026\236A\324J9\261\341@\353\236\027\243\365\225\347\2315\205\014\356\333\201\232V!\026\010""; ledgerSeq: 17; type: liBASE; nodes {;   nodedata: ""\000\000\000\021\001cEx]\211\377\330?Z\326\257)\2439\250\272\002\370\360\022\220W 062/8s4\204\363\253&I\000m\335\025\000\000\000\000\000\000\000\000\000\000\000\000\000\000\000\000\000\000\000\000\000\000\000\000\000\000\000\000\000\000\000\000\345\322Q\320-.\257J\365;|\356\257\275tJr\202{)\357\277\263t\021\304\303\235\234\272fE/\352\224//\352\2240\n\000""; }; nodes {;   nodedata: ""h\315\350\215y\203\242]\371\235\232Pt&\325\210eZ\346\237XZ \277\2457n\221\336\253\245\317\002\304\206+8\t]\351\316\373|\311\263V\300\023\035\211\237\260\300\r\033u3a1\203\303\365\307k\347\006E\344\037@\210\363\010\336T\226\247'\204_{\261\370""1\235\2445\343\033Y!\212\201\341\272\225'\007*$\244&\336\343'\233i\332\374\245 {^\306-N\333\gE\006\347\212\331C\211Z\177\247\031\n\302\244y\353l\024\360\n\000\274|\\260kO\020\032\337E4\367\321\353&\374\201k\306i\225\365\025\013\202_n)6q\357\2538_-\302\252B\204v\277\254\373\3322Ca\020\243\0105\263\257\367\032\254\016\003""; }; ","ledgerHash: ""\336\037\263=\026\236A\324J9\261\341@\353\236\027\243\365\225\347\2315\205\014\356\333\201\232V!\026\010""; ledgerSeq: 17; type: liBASE; nodes {;   nodedata: ""\000\000\000\021\001cEx]\211\377\330?Z\326\257)\2439\250\272\002\370\360\022\220W 062/8s4\204\363\253&I\000m\335\025\000\000\000\000\000\000\000\000\000\000\000\000\000\000\000\000\000\000\000\000\000\000\000\000\000\000\000\000\000\000\000\000\345\322Q\320-.\257J\365;|\356\257\275tJr\202{)\357\277\263t\021\304\303\235\234\272fE/\352\224//\352\2240\n\000""; }; nodes {;   nodedata: ""h\315\350\215y\203\242]\371\235\232Pt&\325\210eZ\346\237XZ \277\2457n\221\336\253\245\317\002\304\206+8\t]\351\316\373|\311\263V\300\023\035\211\237\260\300\r\033u3a1\203\303\365\307k\347\006E\344\037@\210\363\010\336T\226\247'\204_{\261\370""1\235\2445\343\033Y!\212\201\341\272\225'\007*$\244&\336\343'\233i\332\374\245 {^\306-N\333\gE\006\347\212\331C\211Z\177\247\031\n\302\244y\353l\024\360\n\000\274|\\260kO\020\032\337E4\367\321\353&\374\201k\306i\225\365\025\013\202_n)6q\357\2538_-\302\252B\204v\277\254\373\3322Ca\020\243\0105\263\257\367\032\254\016\003""; }; "
1750587314497,1750587314497,0,1,0,1,TMGetLedger,"itype: liBASE; ledgerHash: ""\336\037\263=\026\236A\324J9\261\341@\353\236\027\243\365\225\347\2315\205\014\356\333\201\232V!\026\010""; requestCookie: 5; queryType: qtINDIRECT; ","itype: liBASE; ledgerHash: ""\336\037\263=\026\236A\324J9\261\341@\353\236\027\243\365\225\347\2315\205\014\356\333\201\232V!\026\010""; requestCookie: 5; queryType: qtINDIRECT; "
1750587314498,1750587314498,0,1,1,3,TMValidation,"validation: """"\200\000\000\001&\000\000\000\021)/\352\2242:?HT\314/\177\320^Q\336\037\263=\026\236A\324J9\261\341@\353\236\027\243\365\225\347\2315\205\014\356\333\201\232V!\026\010P\027\000\000\000\000\000\000\000\000\000\000\000\000\000\000\000\000\000\000\000\000\000\000\000\000\000\000\000\000\000\000\000\000P\031?Z\326\257)\2439\250\272\002\370\360\022\220W 062/8s4\204\363\253&I\000m\335\025s!\003\343\005\311u\203\370\0338\3174\324\010\006\301\251\177\261\304eOX\262)FA-\022r\263wm\024vF0D\002 n\031\030\031\004\253\360\005\313\332\002C\207,\305\305\245\226\235\367b\340\235\264|aKt{(G\364\002 \010\337zP\355`|T%\276\315(\205\351\333p\234h\276d\240\323\2171\201\243d\300\2437:\237""; ","validation: """"\200\000\000\001&\000\000\000\021)/\352\2242:?HT\314/\177\320^Q\336\037\263=\026\236A\324J9\261\341@\353\236\027\243\365\225\347\2315\205\014\356\333\201\232V!\026\010P\027\000\000\000\000\000\000\000\000\000\000\000\000\000\000\000\000\000\000\000\000\000\000\000\000\000\000\000\000\000\000\000\000P\031?Z\326\257)\2439\250\272\002\370\360\022\220W 062/8s4\204\363\253&I\000m\335\025s!\003\343\005\311u\203\370\0338\3174\324\010\006\301\251\177\261\304eOX\262)FA-\022r\263wm\024vF0D\002 n\031\030\031\004\253\360\005\313\332\002C\207,\305\305\245\226\235\367b\340\235\264|aKt{(G\364\002 \010\337zP\355`|T%\276\315(\205\351\333p\234h\276d\240\323\2171\201\243d\300\2437:\237""; "
1750587314502,1750587314502,0,1,0,2,TMValidation,"validation: """"\200\000\000\001&\000\000\000\021)/\352\2242:?HT\314/\177\320^Q\336\037\263=\026\236A\324J9\261\341@\353\236\027\243\365\225\347\2315\205\014\356\333\201\232V!\026\010P\027\000\000\000\000\000\000\000\000\000\000\000\000\000\000\000\000\000\000\000\000\000\000\000\000\000\000\000\000\000\000\000\000P\031?Z\326\257)\2439\250\272\002\370\360\022\220W 062/8s4\204\363\253&I\000m\335\025s!\003\343\005\311u\203\370\0338\3174\324\010\006\301\251\177\261\304eOX\262)FA-\022r\263wm\024vF0D\002 n\031\030\031\004\253\360\005\313\332\002C\207,\305\305\245\226\235\367b\340\235\264|aKt{(G\364\002 \010\337zP\355`|T%\276\315(\205\351\333p\234h\276d\240\323\2171\201\243d\300\2437:\237""; ","validation: """"\200\000\000\001&\000\000\000\021)/\352\2242:?HT\314/\177\320^Q\336\037\263=\026\236A\324J9\261\341@\353\236\027\243\365\225\347\2315\205\014\356\333\201\232V!\026\010P\027\000\000\000\000\000\000\000\000\000\000\000\000\000\000\000\000\000\000\000\000\000\000\000\000\000\000\000\000\000\000\000\000P\031?Z\326\257)\2439\250\272\002\370\360\022\220W 062/8s4\204\363\253&I\000m\335\025s!\003\343\005\311u\203\370\0338\3174\324\010\006\301\251\177\261\304eOX\262)FA-\022r\263wm\024vF0D\002 n\031\030\031\004\253\360\005\313\332\002C\207,\305\305\245\226\235\367b\340\235\264|aKt{(G\364\002 \010\337zP\355`|T%\276\315(\205\351\333p\234h\276d\240\323\2171\201\243d\300\2437:\237""; "
1750587314502,1750587314502,0,1,0,3,TMValidation,"validation: """"\200\000\000\001&\000\000\000\021)/\352\2242:?HT\314/\177\320^Q\336\037\263=\026\236A\324J9\261\341@\353\236\027\243\365\225\347\2315\205\014\356\333\201\232V!\026\010P\027\000\000\000\000\000\000\000\000\000\000\000\000\000\000\000\000\000\000\000\000\000\000\000\000\000\000\000\000\000\000\000\000P\031?Z\326\257)\2439\250\272\002\370\360\022\220W 062/8s4\204\363\253&I\000m\335\025s!\003\343\005\311u\203\370\0338\3174\324\010\006\301\251\177\261\304eOX\262)FA-\022r\263wm\024vF0D\002 n\031\030\031\004\253\360\005\313\332\002C\207,\305\305\245\226\235\367b\340\235\264|aKt{(G\364\002 \010\337zP\355`|T%\276\315(\205\351\333p\234h\276d\240\323\2171\201\243d\300\2437:\237""; ","validation: """"\200\000\000\001&\000\000\000\021)/\352\2242:?HT\314/\177\320^Q\336\037\263=\026\236A\324J9\261\341@\353\236\027\243\365\225\347\2315\205\014\356\333\201\232V!\026\010P\027\000\000\000\000\000\000\000\000\000\000\000\000\000\000\000\000\000\000\000\000\000\000\000\000\000\000\000\000\000\000\000\000P\031?Z\326\257)\2439\250\272\002\370\360\022\220W 062/8s4\204\363\253&I\000m\335\025s!\003\343\005\311u\203\370\0338\3174\324\010\006\301\251\177\261\304eOX\262)FA-\022r\263wm\024vF0D\002 n\031\030\031\004\253\360\005\313\332\002C\207,\305\305\245\226\235\367b\340\235\264|aKt{(G\364\002 \010\337zP\355`|T%\276\315(\205\351\333p\234h\276d\240\323\2171\201\243d\300\2437:\237""; "
1750587314503,1750587314503,0,1,0,4,TMGetLedger,"itype: liBASE; ledgerHash: ""\336\037\263=\026\236A\324J9\261\341@\353\236\027\243\365\225\347\2315\205\014\356\333\201\232V!\026\010""; ","itype: liBASE; ledgerHash: ""\336\037\263=\026\236A\324J9\261\341@\353\236\027\243\365\225\347\2315\205\014\356\333\201\232V!\026\010""; "
1750587314503,1750587314503,0,1,0,3,TMGetLedger,"itype: liBASE; ledgerHash: ""\336\037\263=\026\236A\324J9\261\341@\353\236\027\243\365\225\347\2315\205\014\356\333\201\232V!\026\010""; ","itype: liBASE; ledgerHash: ""\336\037\263=\026\236A\324J9\261\341@\353\236\027\243\365\225\347\2315\205\014\356\333\201\232V!\026\010""; "
1750587314504,1750587314504,0,1,0,4,TMGetLedger,"itype: liBASE; ledgerHash: ""\336\037\263=\026\236A\324J9\261\341@\353\236\027\243\365\225\347\2315\205\014\356\333\201\232V!\026\010""; queryType: qtINDIRECT; ","itype: liBASE; ledgerHash: ""\336\037\263=\026\236A\324J9\261\341@\353\236\027\243\365\225\347\2315\205\014\356\333\201\232V!\026\010""; queryType: qtINDIRECT; "
1750587314504,1750587314505,0,1,2,3,TMGetLedger,"itype: liBASE; ledgerHash: ""\336\037\263=\026\236A\324J9\261\341@\353\236\027\243\365\225\347\2315\205\014\356\333\201\232V!\026\010""; queryType: qtINDIRECT; ","itype: liBASE; ledgerHash: ""\336\037\263=\026\236A\324J9\261\341@\353\236\027\243\365\225\347\2315\205\014\356\333\201\232V!\026\010""; queryType: qtINDIRECT; "
1750587314505,1750587314505,0,1,2,3,TMGetLedger,"itype: liBASE; ledgerHash: ""\336\037\263=\026\236A\324J9\261\341@\353\236\027\243\365\225\347\2315\205\014\356\333\201\232V!\026\010""; ","itype: liBASE; ledgerHash: ""\336\037\263=\026\236A\324J9\261\341@\353\236\027\243\365\225\347\2315\205\014\356\333\201\232V!\026\010""; "
1750587314506,1750587314506,0,1,1,0,TMValidation,"validation: """"\200\000\000\001&\000\000\000\021)/\352\2242:?HT\314/\177\320^Q\336\037\263=\026\236A\324J9\261\341@\353\236\027\243\365\225\347\2315\205\014\356\333\201\232V!\026\010P\027\000\000\000\000\000\000\000\000\000\000\000\000\000\000\000\000\000\000\000\000\000\000\000\000\000\000\000\000\000\000\000\000P\031?Z\326\257)\2439\250\272\002\370\360\022\220W 062/8s4\204\363\253&I\000m\335\025s!\003\343\005\311u\203\370\0338\3174\324\010\006\301\251\177\261\304eOX\262)FA-\022r\263wm\024vF0D\002 n\031\030\031\004\253\360\005\313\332\002C\207,\305\305\245\226\235\367b\340\235\264|aKt{(G\364\002 \010\337zP\355`|T%\276\315(\205\351\333p\234h\276d\240\323\2171\201\243d\300\2437:\237""; ","validation: """"\200\000\000\001&\000\000\000\021)/\352\2242:?HT\314/\177\320^Q\336\037\263=\026\236A\324J9\261\341@\353\236\027\243\365\225\347\2315\205\014\356\333\201\232V!\026\010P\027\000\000\000\000\000\000\000\000\000\000\000\000\000\000\000\000\000\000\000\000\000\000\000\000\000\000\000\000\000\000\000\000P\031?Z\326\257)\2439\250\272\002\370\360\022\220W 062/8s4\204\363\253&I\000m\335\025s!\003\343\005\311u\203\370\0338\3174\324\010\006\301\251\177\261\304eOX\262)FA-\022r\263wm\024vF0D\002 n\031\030\031\004\253\360\005\313\332\002C\207,\305\305\245\226\235\367b\340\235\264|aKt{(G\364\002 \010\337zP\355`|T%\276\315(\205\351\333p\234h\276d\240\323\2171\201\243d\300\2437:\237""; "
1750587314506,1750587314506,0,1,1,2,TMValidation,"validation: """"\200\000\000\001&\000\000\000\021)/\352\2242:?HT\314/\177\320^Q\336\037\263=\026\236A\324J9\261\341@\353\236\027\243\365\225\347\2315\205\014\356\333\201\232V!\026\010P\027\000\000\000\000\000\000\000\000\000\000\000\000\000\000\000\000\000\000\000\000\000\000\000\000\000\000\000\000\000\000\000\000P\031?Z\326\257)\2439\250\272\002\370\360\022\220W 062/8s4\204\363\253&I\000m\335\025s!\003\343\005\311u\203\370\0338\3174\324\010\006\301\251\177\261\304eOX\262)FA-\022r\263wm\024vF0D\002 n\031\030\031\004\253\360\005\313\332\002C\207,\305\305\245\226\235\367b\340\235\264|aKt{(G\364\002 \010\337zP\355`|T%\276\315(\205\351\333p\234h\276d\240\323\2171\201\243d\300\2437:\237""; ","validation: """"\200\000\000\001&\000\000\000\021)/\352\2242:?HT\314/\177\320^Q\336\037\263=\026\236A\324J9\261\341@\353\236\027\243\365\225\347\2315\205\014\356\333\201\232V!\026\010P\027\000\000\000\000\000\000\000\000\000\000\000\000\000\000\000\000\000\000\000\000\000\000\000\000\000\000\000\000\000\000\000\000P\031?Z\326\257)\2439\250\272\002\370\360\022\220W 062/8s4\204\363\253&I\000m\335\025s!\003\343\005\311u\203\370\0338\3174\324\010\006\301\251\177\261\304eOX\262)FA-\022r\263wm\024vF0D\002 n\031\030\031\004\253\360\005\313\332\002C\207,\305\305\245\226\235\367b\340\235\264|aKt{(G\364\002 \010\337zP\355`|T%\276\315(\205\351\333p\234h\276d\240\323\2171\201\243d\300\2437:\237""; "
1750587314507,1750587314507,0,1,4,1,TMGetLedger,"itype: liBASE; ledgerHash: ""\336\037\263=\026\236A\324J9\261\341@\353\236\027\243\365\225\347\2315\205\014\356\333\201\232V!\026\010""; requestCookie: 4; queryType: qtINDIRECT; ","itype: liBASE; ledgerHash: ""\336\037\263=\026\236A\324J9\261\341@\353\236\027\243\365\225\347\2315\205\014\356\333\201\232V!\026\010""; requestCookie: 4; queryType: qtINDIRECT; "
1750587314507,1750587314508,0,1,1,2,TMLedgerData,"ledgerHash: ""\336\037\263=\026\236A\324J9\261\341@\353\236\027\243\365\225\347\2315\205\014\356\333\201\232V!\026\010""; ledgerSeq: 17; type: liBASE; nodes {;   nodedata: ""\000\000\000\021\001cEx]\211\377\330?Z\326\257)\2439\250\272\002\370\360\022\220W 062/8s4\204\363\253&I\000m\335\025\000\000\000\000\000\000\000\000\000\000\000\000\000\000\000\000\000\000\000\000\000\000\000\000\000\000\000\000\000\000\000\000\345\322Q\320-.\257J\365;|\356\257\275tJr\202{)\357\277\263t\021\304\303\235\234\272fE/\352\224//\352\2240\n\000""; }; nodes {;   nodedata: ""h\315\350\215y\203\242]\371\235\232Pt&\325\210eZ\346\237XZ \277\2457n\221\336\253\245\317\002\304\206+8\t]\351\316\373|\311\263V\300\023\035\211\237\260\300\r\033u3a1\203\303\365\307k\347\006E\344\037@\210\363\010\336T\226\247'\204_{\261\370""1\235\2445\343\033Y!\212\201\341\272\225'\007*$\244&\336\343'\233i\332\374\245 {^\306-N\333\gE\006\347\212\331C\211Z\177\247\031\n\302\244y\353l\024\360\n\000\274|\\260kO\020\032\337E4\367\321\353&\374\201k\306i\225\365\025\013\202_n)6q\357\2538_-\302\252B\204v\277\254\373\3322Ca\020\243\0105\263\257\367\032\254\016\003""; }; requestCookie: 5; ","ledgerHash: ""\336\037\263=\026\236A\324J9\261\341@\353\236\027\243\365\225\347\2315\205\014\356\333\201\232V!\026\010""; ledgerSeq: 17; type: liBASE; nodes {;   nodedata: ""\000\000\000\021\001cEx]\211\377\330?Z\326\257)\2439\250\272\002\370\360\022\220W 062/8s4\204\363\253&I\000m\335\025\000\000\000\000\000\000\000\000\000\000\000\000\000\000\000\000\000\000\000\000\000\000\000\000\000\000\000\000\000\000\000\000\345\322Q\320-.\257J\365;|\356\257\275tJr\202{)\357\277\263t\021\304\303\235\234\272fE/\352\224//\352\2240\n\000""; }; nodes {;   nodedata: ""h\315\350\215y\203\242]\371\235\232Pt&\325\210eZ\346\237XZ \277\2457n\221\336\253\245\317\002\304\206+8\t]\351\316\373|\311\263V\300\023\035\211\237\260\300\r\033u3a1\203\303\365\307k\347\006E\344\037@\210\363\010\336T\226\247'\204_{\261\370""1\235\2445\343\033Y!\212\201\341\272\225'\007*$\244&\336\343'\233i\332\374\245 {^\306-N\333\gE\006\347\212\331C\211Z\177\247\031\n\302\244y\353l\024\360\n\000\274|\\260kO\020\032\337E4\367\321\353&\374\201k\306i\225\365\025\013\202_n)6q\357\2538_-\302\252B\204v\277\254\373\3322Ca\020\243\0105\263\257\367\032\254\016\003""; }; requestCookie: 5; "
1750587314508,1750587314508,0,1,4,1,TMGetLedger,"itype: liAS_NODE; ledgerHash: ""\336\037\263=\026\236A\324J9\261\341@\353\236\027\243\365\225\347\2315\205\014\356\333\201\232V!\026\010""; ledgerSeq: 17; nodeIDs: ""\260\000\000\000\000\000\000\000\000\000\000\000\000\000\000\000\000\000\000\000\000\000\000\000\000\000\000\000\000\000\000\000\001""; queryType: qtINDIRECT; queryDepth: 1; ","itype: liAS_NODE; ledgerHash: ""\336\037\263=\026\236A\324J9\261\341@\353\236\027\243\365\225\347\2315\205\014\356\333\201\232V!\026\010""; ledgerSeq: 17; nodeIDs: ""\260\000\000\000\000\000\000\000\000\000\000\000\000\000\000\000\000\000\000\000\000\000\000\000\000\000\000\000\000\000\000\000\001""; queryType: qtINDIRECT; queryDepth: 1; "
1750587314509,1750587314509,0,1,3,2,TMGetLedger,"itype: liBASE; ledgerHash: ""\336\037\263=\026\236A\324J9\261\341@\353\236\027\243\365\225\347\2315\205\014\356\333\201\232V!\026\010""; ","itype: liBASE; ledgerHash: ""\336\037\263=\026\236A\324J9\261\341@\353\236\027\243\365\225\347\2315\205\014\356\333\201\232V!\026\010""; "
1750587314509,1750587314509,0,1,3,2,TMGetLedger,"itype: liBASE; ledgerHash: ""\336\037\263=\026\236A\324J9\261\341@\353\236\027\243\365\225\347\2315\205\014\356\333\201\232V!\026\010""; queryType: qtINDIRECT; ","itype: liBASE; ledgerHash: ""\336\037\263=\026\236A\324J9\261\341@\353\236\027\243\365\225\347\2315\205\014\356\333\201\232V!\026\010""; queryType: qtINDIRECT; "
1750587314510,1750587314510,0,1,0,2,TMGetLedger,"itype: liBASE; ledgerHash: ""\336\037\263=\026\236A\324J9\261\341@\353\236\027\243\365\225\347\2315\205\014\356\333\201\232V!\026\010""; ","itype: liBASE; ledgerHash: ""\336\037\263=\026\236A\324J9\261\341@\353\236\027\243\365\225\347\2315\205\014\356\333\201\232V!\026\010""; "
1750587314510,1750587314510,0,1,0,2,TMGetLedger,"itype: liBASE; ledgerHash: ""\336\037\263=\026\236A\324J9\261\341@\353\236\027\243\365\225\347\2315\205\014\356\333\201\232V!\026\010""; queryType: qtINDIRECT; ","itype: liBASE; ledgerHash: ""\336\037\263=\026\236A\324J9\261\341@\353\236\027\243\365\225\347\2315\205\014\356\333\201\232V!\026\010""; queryType: qtINDIRECT; "
1750587314511,1750587314511,0,1,4,1,TMGetLedger,"itype: liBASE; ledgerHash: ""\336\037\263=\026\236A\324J9\261\341@\353\236\027\243\365\225\347\2315\205\014\356\333\201\232V!\026\010""; requestCookie: 3; queryType: qtINDIRECT; ","itype: liBASE; ledgerHash: ""\336\037\263=\026\236A\324J9\261\341@\353\236\027\243\365\225\347\2315\205\014\356\333\201\232V!\026\010""; requestCookie: 3; queryType: qtINDIRECT; "
1750587314511,1750587314511,0,1,1,0,TMLedgerData,"ledgerHash: ""\336\037\263=\026\236A\324J9\261\341@\353\236\027\243\365\225\347\2315\205\014\356\333\201\232V!\026\010""; ledgerSeq: 17; type: liBASE; nodes {;   nodedata: ""\000\000\000\021\001cEx]\211\377\330?Z\326\257)\2439\250\272\002\370\360\022\220W 062/8s4\204\363\253&I\000m\335\025\000\000\000\000\000\000\000\000\000\000\000\000\000\000\000\000\000\000\000\000\000\000\000\000\000\000\000\000\000\000\000\000\345\322Q\320-.\257J\365;|\356\257\275tJr\202{)\357\277\263t\021\304\303\235\234\272fE/\352\224//\352\2240\n\000""; }; nodes {;   nodedata: ""h\315\350\215y\203\242]\371\235\232Pt&\325\210eZ\346\237XZ \277\2457n\221\336\253\245\317\002\304\206+8\t]\351\316\373|\311\263V\300\023\035\211\237\260\300\r\033u3a1\203\303\365\307k\347\006E\344\037@\210\363\010\336T\226\247'\204_{\261\370""1\235\2445\343\033Y!\212\201\341\272\225'\007*$\244&\336\343'\233i\332\374\245 {^\306-N\333\gE\006\347\212\331C\211Z\177\247\031\n\302\244y\353l\024\360\n\000\274|\\260kO\020\032\337E4\367\321\353&\374\201k\306i\225\365\025\013\202_n)6q\357\2538_-\302\252B\204v\277\254\373\3322Ca\020\243\0105\263\257\367\032\254\016\003""; }; requestCookie: 5; ","ledgerHash: ""\336\037\263=\026\236A\324J9\261\341@\353\236\027\243\365\225\347\2315\205\014\356\333\201\232V!\026\010""; ledgerSeq: 17; type: liBASE; nodes {;   nodedata: ""\000\000\000\021\001cEx]\211\377\330?Z\326\257)\2439\250\272\002\370\360\022\220W 062/8s4\204\363\253&I\000m\335\025\000\000\000\000\000\000\000\000\000\000\000\000\000\000\000\000\000\000\000\000\000\000\000\000\000\000\000\000\000\000\000\000\345\322Q\320-.\257J\365;|\356\257\275tJr\202{)\357\277\263t\021\304\303\235\234\272fE/\352\224//\352\2240\n\000""; }; nodes {;   nodedata: ""h\315\350\215y\203\242]\371\235\232Pt&\325\210eZ\346\237XZ \277\2457n\221\336\253\245\317\002\304\206+8\t]\351\316\373|\311\263V\300\023\035\211\237\260\300\r\033u3a1\203\303\365\307k\347\006E\344\037@\210\363\010\336T\226\247'\204_{\261\370""1\235\2445\343\033Y!\212\201\341\272\225'\007*$\244&\336\343'\233i\332\374\245 {^\306-N\333\gE\006\347\212\331C\211Z\177\247\031\n\302\244y\353l\024\360\n\000\274|\\260kO\020\032\337E4\367\321\353&\374\201k\306i\225\365\025\013\202_n)6q\357\2538_-\302\252B\204v\277\254\373\3322Ca\020\243\0105\263\257\367\032\254\016\003""; }; requestCookie: 5; "
1750587314512,1750587314512,0,1,3,1,TMGetLedger,"itype: liBASE; ledgerHash: ""\336\037\263=\026\236A\324J9\261\341@\353\236\027\243\365\225\347\2315\205\014\356\333\201\232V!\026\010""; ","itype: liBASE; ledgerHash: ""\336\037\263=\026\236A\324J9\261\341@\353\236\027\243\365\225\347\2315\205\014\356\333\201\232V!\026\010""; "
1750587314512,1750587314512,0,1,3,1,TMGetLedger,"itype: liBASE; ledgerHash: ""\336\037\263=\026\236A\324J9\261\341@\353\236\027\243\365\225\347\2315\205\014\356\333\201\232V!\026\010""; requestCookie: 5; queryType: qtINDIRECT; ","itype: liBASE; ledgerHash: ""\336\037\263=\026\236A\324J9\261\341@\353\236\027\243\365\225\347\2315\205\014\356\333\201\232V!\026\010""; requestCookie: 5; queryType: qtINDIRECT; "
1750587314513,1750587314513,0,1,3,1,TMGetLedger,"itype: liBASE; ledgerHash: ""\336\037\263=\026\236A\324J9\261\341@\353\236\027\243\365\225\347\2315\205\014\356\333\201\232V!\026\010""; queryType: qtINDIRECT; ","itype: liBASE; ledgerHash: ""\336\037\263=\026\236A\324J9\261\341@\353\236\027\243\365\225\347\2315\205\014\356\333\201\232V!\026\010""; queryType: qtINDIRECT; "
1750587314513,1750587314513,0,1,2,0,TMGetLedger,"itype: liBASE; ledgerHash: ""\336\037\263=\026\236A\324J9\261\341@\353\236\027\243\365\225\347\2315\205\014\356\333\201\232V!\026\010""; ","itype: liBASE; ledgerHash: ""\336\037\263=\026\236A\324J9\261\341@\353\236\027\243\365\225\347\2315\205\014\356\333\201\232V!\026\010""; "
1750587314514,1750587314514,0,1,2,0,TMGetLedger,"itype: liBASE; ledgerHash: ""\336\037\263=\026\236A\324J9\261\341@\353\236\027\243\365\225\347\2315\205\014\356\333\201\232V!\026\010""; queryType: qtINDIRECT; ","itype: liBASE; ledgerHash: ""\336\037\263=\026\236A\324J9\261\341@\353\236\027\243\365\225\347\2315\205\014\356\333\201\232V!\026\010""; queryType: qtINDIRECT; "
1750587314514,1750587314514,0,1,3,0,TMGetLedger,"itype: liBASE; ledgerHash: ""\336\037\263=\026\236A\324J9\261\341@\353\236\027\243\365\225\347\2315\205\014\356\333\201\232V!\026\010""; ","itype: liBASE; ledgerHash: ""\336\037\263=\026\236A\324J9\261\341@\353\236\027\243\365\225\347\2315\205\014\356\333\201\232V!\026\010""; "
1750587314515,1750587314515,0,1,3,0,TMGetLedger,"itype: liBASE; ledgerHash: ""\336\037\263=\026\236A\324J9\261\341@\353\236\027\243\365\225\347\2315\205\014\356\333\201\232V!\026\010""; queryType: qtINDIRECT; ","itype: liBASE; ledgerHash: ""\336\037\263=\026\236A\324J9\261\341@\353\236\027\243\365\225\347\2315\205\014\356\333\201\232V!\026\010""; queryType: qtINDIRECT; "
1750587314515,1750587314515,0,1,0,1,TMValidation,"validation: """"\200\000\000\001&\000\000\000\021)/\352\2242:?HT\314/\177\320^Q\336\037\263=\026\236A\324J9\261\341@\353\236\027\243\365\225\347\2315\205\014\356\333\201\232V!\026\010P\027\000\000\000\000\000\000\000\000\000\000\000\000\000\000\000\000\000\000\000\000\000\000\000\000\000\000\000\000\000\000\000\000P\031?Z\326\257)\2439\250\272\002\370\360\022\220W 062/8s4\204\363\253&I\000m\335\025s!\003\343\005\311u\203\370\0338\3174\324\010\006\301\251\177\261\304eOX\262)FA-\022r\263wm\024vF0D\002 n\031\030\031\004\253\360\005\313\332\002C\207,\305\305\245\226\235\367b\340\235\264|aKt{(G\364\002 \010\337zP\355`|T%\276\315(\205\351\333p\234h\276d\240\323\2171\201\243d\300\2437:\237""; ","validation: """"\200\000\000\001&\000\000\000\021)/\352\2242:?HT\314/\177\320^Q\336\037\263=\026\236A\324J9\261\341@\353\236\027\243\365\225\347\2315\205\014\356\333\201\232V!\026\010P\027\000\000\000\000\000\000\000\000\000\000\000\000\000\000\000\000\000\000\000\000\000\000\000\000\000\000\000\000\000\000\000\000P\031?Z\326\257)\2439\250\272\002\370\360\022\220W 062/8s4\204\363\253&I\000m\335\025s!\003\343\005\311u\203\370\0338\3174\324\010\006\301\251\177\261\304eOX\262)FA-\022r\263wm\024vF0D\002 n\031\030\031\004\253\360\005\313\332\002C\207,\305\305\245\226\235\367b\340\235\264|aKt{(G\364\002 \010\337zP\355`|T%\276\315(\205\351\333p\234h\276d\240\323\2171\201\243d\300\2437:\237""; "
1750587314515,1750587314516,0,1,0,1,TMGetLedger,"itype: liBASE; ledgerHash: ""\336\037\263=\026\236A\324J9\261\341@\353\236\027\243\365\225\347\2315\205\014\356\333\201\232V!\026\010""; queryType: qtINDIRECT; ","itype: liBASE; ledgerHash: ""\336\037\263=\026\236A\324J9\261\341@\353\236\027\243\365\225\347\2315\205\014\356\333\201\232V!\026\010""; queryType: qtINDIRECT; "
1750587314516,1750587314516,0,1,0,1,TMGetLedger,"itype: liBASE; ledgerHash: ""\336\037\263=\026\236A\324J9\261\341@\353\236\027\243\365\225\347\2315\205\014\356\333\201\232V!\026\010""; ","itype: liBASE; ledgerHash: ""\336\037\263=\026\236A\324J9\261\341@\353\236\027\243\365\225\347\2315\205\014\356\333\201\232V!\026\010""; "
1750587314516,1750587314516,0,1,2,1,TMValidation,"validation: """"\200\000\000\001&\000\000\000\021)/\352\2242:?HT\314/\177\320^Q\336\037\263=\026\236A\324J9\261\341@\353\236\027\243\365\225\347\2315\205\014\356\333\201\232V!\026\010P\027\000\000\000\000\000\000\000\000\000\000\000\000\000\000\000\000\000\000\000\000\000\000\000\000\000\000\000\000\000\000\000\000P\031?Z\326\257)\2439\250\272\002\370\360\022\220W 062/8s4\204\363\253&I\000m\335\025s!\003\343\005\311u\203\370\0338\3174\324\010\006\301\251\177\261\304eOX\262)FA-\022r\263wm\024vF0D\002 n\031\030\031\004\253\360\005\313\332\002C\207,\305\305\245\226\235\367b\340\235\264|aKt{(G\364\002 \010\337zP\355`|T%\276\315(\205\351\333p\234h\276d\240\323\2171\201\243d\300\2437:\237""; ","validation: """"\200\000\000\001&\000\000\000\021)/\352\2242:?HT\314/\177\320^Q\336\037\263=\026\236A\324J9\261\341@\353\236\027\243\365\225\347\2315\205\014\356\333\201\232V!\026\010P\027\000\000\000\000\000\000\000\000\000\000\000\000\000\000\000\000\000\000\000\000\000\000\000\000\000\000\000\000\000\000\000\000P\031?Z\326\257)\2439\250\272\002\370\360\022\220W 062/8s4\204\363\253&I\000m\335\025s!\003\343\005\311u\203\370\0338\3174\324\010\006\301\251\177\261\304eOX\262)FA-\022r\263wm\024vF0D\002 n\031\030\031\004\253\360\005\313\332\002C\207,\305\305\245\226\235\367b\340\235\264|aKt{(G\364\002 \010\337zP\355`|T%\276\315(\205\351\333p\234h\276d\240\323\2171\201\243d\300\2437:\237""; "
1750587314517,1750587314517,0,1,2,1,TMGetLedger,"itype: liBASE; ledgerHash: ""\336\037\263=\026\236A\324J9\261\341@\353\236\027\243\365\225\347\2315\205\014\356\333\201\232V!\026\010""; ","itype: liBASE; ledgerHash: ""\336\037\263=\026\236A\324J9\261\341@\353\236\027\243\365\225\347\2315\205\014\356\333\201\232V!\026\010""; "
1750587314517,1750587314517,0,1,2,1,TMGetLedger,"itype: liBASE; ledgerHash: ""\336\037\263=\026\236A\324J9\261\341@\353\236\027\243\365\225\347\2315\205\014\356\333\201\232V!\026\010""; queryType: qtINDIRECT; ","itype: liBASE; ledgerHash: ""\336\037\263=\026\236A\324J9\261\341@\353\236\027\243\365\225\347\2315\205\014\356\333\201\232V!\026\010""; queryType: qtINDIRECT; "
1750587314518,1750587314518,0,1,1,4,TMLedgerData,"ledgerHash: ""\336\037\263=\026\236A\324J9\261\341@\353\236\027\243\365\225\347\2315\205\014\356\333\201\232V!\026\010""; ledgerSeq: 17; type: liBASE; nodes {;   nodedata: ""\000\000\000\021\001cEx]\211\377\330?Z\326\257)\2439\250\272\002\370\360\022\220W 062/8s4\204\363\253&I\000m\335\025\000\000\000\000\000\000\000\000\000\000\000\000\000\000\000\000\000\000\000\000\000\000\000\000\000\000\000\000\000\000\000\000\345\322Q\320-.\257J\365;|\356\257\275tJr\202{)\357\277\263t\021\304\303\235\234\272fE/\352\224//\352\2240\n\000""; }; nodes {;   nodedata: ""h\315\350\215y\203\242]\371\235\232Pt&\325\210eZ\346\237XZ \277\2457n\221\336\253\245\317\002\304\206+8\t]\351\316\373|\311\263V\300\023\035\211\237\260\300\r\033u3a1\203\303\365\307k\347\006E\344\037@\210\363\010\336T\226\247'\204_{\261\370""1\235\2445\343\033Y!\212\201\341\272\225'\007*$\244&\336\343'\233i\332\374\245 {^\306-N\333\gE\006\347\212\331C\211Z\177\247\031\n\302\244y\353l\024\360\n\000\274|\\260kO\020\032\337E4\367\321\353&\374\201k\306i\225\365\025\013\202_n)6q\357\2538_-\302\252B\204v\277\254\373\3322Ca\020\243\0105\263\257\367\032\254\016\003""; }; requestCookie: 4; ","ledgerHash: ""\336\037\263=\026\236A\324J9\261\341@\353\236\027\243\365\225\347\2315\205\014\356\333\201\232V!\026\010""; ledgerSeq: 17; type: liBASE; nodes {;   nodedata: ""\000\000\000\021\001cEx]\211\377\330?Z\326\257)\2439\250\272\002\370\360\022\220W 062/8s4\204\363\253&I\000m\335\025\000\000\000\000\000\000\000\000\000\000\000\000\000\000\000\000\000\000\000\000\000\000\000\000\000\000\000\000\000\000\000\000\345\322Q\320-.\257J\365;|\356\257\275tJr\202{)\357\277\263t\021\304\303\235\234\272fE/\352\224//\352\2240\n\000""; }; nodes {;   nodedata: ""h\315\350\215y\203\242]\371\235\232Pt&\325\210eZ\346\237XZ \277\2457n\221\336\253\245\317\002\304\206+8\t]\351\316\373|\311\263V\300\023\035\211\237\260\300\r\033u3a1\203\303\365\307k\347\006E\344\037@\210\363\010\336T\226\247'\204_{\261\370""1\235\2445\343\033Y!\212\201\341\272\225'\007*$\244&\336\343'\233i\332\374\245 {^\306-N\333\gE\006\347\212\331C\211Z\177\247\031\n\302\244y\353l\024\360\n\000\274|\\260kO\020\032\337E4\367\321\353&\374\201k\306i\225\365\025\013\202_n)6q\357\2538_-\302\252B\204v\277\254\373\3322Ca\020\243\0105\263\257\367\032\254\016\003""; }; requestCookie: 4; "
1750587314518,1750587314518,0,1,2,4,TMLedgerData,"ledgerHash: ""\336\037\263=\026\236A\324J9\261\341@\353\236\027\243\365\225\347\2315\205\014\356\333\201\232V!\026\010""; ledgerSeq: 17; type: liBASE; nodes {;   nodedata: ""\000\000\000\021\001cEx]\211\377\330?Z\326\257)\2439\250\272\002\370\360\022\220W 062/8s4\204\363\253&I\000m\335\025\000\000\000\000\000\000\000\000\000\000\000\000\000\000\000\000\000\000\000\000\000\000\000\000\000\000\000\000\000\000\000\000\345\322Q\320-.\257J\365;|\356\257\275tJr\202{)\357\277\263t\021\304\303\235\234\272fE/\352\224//\352\2240\n\000""; }; nodes {;   nodedata: ""h\315\350\215y\203\242]\371\235\232Pt&\325\210eZ\346\237XZ \277\2457n\221\336\253\245\317\002\304\206+8\t]\351\316\373|\311\263V\300\023\035\211\237\260\300\r\033u3a1\203\303\365\307k\347\006E\344\037@\210\363\010\336T\226\247'\204_{\261\370""1\235\2445\343\033Y!\212\201\341\272\225'\007*$\244&\336\343'\233i\332\374\245 {^\306-N\333\gE\006\347\212\331C\211Z\177\247\031\n\302\244y\353l\024\360\n\000\274|\\260kO\020\032\337E4\367\321\353&\374\201k\306i\225\365\025\013\202_n)6q\357\2538_-\302\252B\204v\277\254\373\3322Ca\020\243\0105\263\257\367\032\254\016\003""; }; ","ledgerHash: ""\336\037\263=\026\236A\324J9\261\341@\353\236\027\243\365\225\347\2315\205\014\356\333\201\232V!\026\010""; ledgerSeq: 17; type: liBASE; nodes {;   nodedata: ""\000\000\000\021\001cEx]\211\377\330?Z\326\257)\2439\250\272\002\370\360\022\220W 062/8s4\204\363\253&I\000m\335\025\000\000\000\000\000\000\000\000\000\000\000\000\000\000\000\000\000\000\000\000\000\000\000\000\000\000\000\000\000\000\000\000\345\322Q\320-.\257J\365;|\356\257\275tJr\202{)\357\277\263t\021\304\303\235\234\272fE/\352\224//\352\2240\n\000""; }; nodes {;   nodedata: ""h\315\350\215y\203\242]\371\235\232Pt&\325\210eZ\346\237XZ \277\2457n\221\336\253\245\317\002\304\206+8\t]\351\316\373|\311\263V\300\023\035\211\237\260\300\r\033u3a1\203\303\365\307k\347\006E\344\037@\210\363\010\336T\226\247'\204_{\261\370""1\235\2445\343\033Y!\212\201\341\272\225'\007*$\244&\336\343'\233i\332\374\245 {^\306-N\333\gE\006\347\212\331C\211Z\177\247\031\n\302\244y\353l\024\360\n\000\274|\\260kO\020\032\337E4\367\321\353&\374\201k\306i\225\365\025\013\202_n)6q\357\2538_-\302\252B\204v\277\254\373\3322Ca\020\243\0105\263\257\367\032\254\016\003""; }; "
1750587314519,1750587314519,0,1,1,4,TMLedgerData,"ledgerHash: ""\336\037\263=\026\236A\324J9\261\341@\353\236\027\243\365\225\347\2315\205\014\356\333\201\232V!\026\010""; ledgerSeq: 17; type: liAS_NODE; nodes {;   nodedata: ""\021\000h""\000\000\000\000 \033\000\000\000\020\002\023\302_\330\356GuH\375\327!\255\371\r\231\262R\256J\034\222\241\355X\265E\241^W\225\304\014\361CX-}\351f\032\255\274\334m\326c\017\014ao[\342\230\003\245\245\3341Hm\326^\017jy\335\261\214.\207\210%\003 \010ML\347\200R\304&\320_\215\226\344\334\033\354\2002\255\216\332\317\255\034\017T\270\242(,&\233\326\374o\306[\235\317>\021e\005s\261\371l\216\017\003\032\017J\217\244W<\241'\332/+\360Bx\036+\210j\237K%\340]\246E\2434\264K\036\030qP\317\315\336\325\007\372\373$P*|\321\342\002\026\n\3215\340\3203\200x\327D\301]5\237\247Yz\3711!L\214\221=\252\002\267\225zg\264\253\271T\346ji\003\235\236Pis\264\375\222|H\344\261g?[g\311\347s\234ae\204\263\365U\334\372D\354\345\276\201f\035\271%#\375\245\314.""\373\330&\3746\354@[\274\202\021\202\373Vi\243\n\325\250\005e\360""m\346'\311@\343\016$L\346\334\360<w\317\351\2337\023\262\336W\254\222\315\335\317oP\221\031g\037\220\357Ft\030n\306\370\n\354\226\365\346\276\322i\233\014\037\027Z\351\022\216@=S\205\334\033\374\234n\r\270\210]\013\203\356\024\366\354\260\007L\324\236aQ\361\020X\372\353 3\347\310*\253\021gT!>\003\325\254,\003\367\204\031\331\255\240\304J\342j\272\270\274\360\307\356\347\200Ywm#\014\233\301\022L\232T\033N\341\232\325\233\227\313\307\302\001\313@D\264\016\334\r\034\035\\276\225\314|\234S*r\007\370x>\305D*\007b\276v\316D!=\355\210\037\325\034/l\242\365\034!w\324\362\3252-\025\351\314\2334,\306Dd\037v\256\345X\002=\033c\255\253\226\014-o\364!\262f\370\222\250\377\220&p\343\245\3604Op\353\317\305?Z\326\257)\2439\250\272\002\370\360\022\220W 062/8s4\204\363\253&I\000m\335\025\264\227\2326\315\307\363\323\325\303\032N\256*\307\327 \235\332\207u\210\271\257\306g\231i*\260\326k\001"";   nodeid: ""\260\000\000\000\000\000\000\000\000\000\000\000\000\000\000\000\000\000\000\000\000\000\000\000\000\000\000\000\000\000\000\000\001""; }; ","ledgerHash: ""\336\037\263=\026\236A\324J9\261\341@\353\236\027\243\365\225\347\2315\205\014\356\333\201\232V!\026\010""; ledgerSeq: 17; type: liAS_NODE; nodes {;   nodedata: ""\021\000h""\000\000\000\000 \033\000\000\000\020\002\023\302_\330\356GuH\375\327!\255\371\r\231\262R\256J\034\222\241\355X\265E\241^W\225\304\014\361CX-}\351f\032\255\274\334m\326c\017\014ao[\342\230\003\245\245\3341Hm\326^\017jy\335\261\214.\207\210%\003 \010ML\347\200R\304&\320_\215\226\344\334\033\354\2002\255\216\332\317\255\034\017T\270\242(,&\233\326\374o\306[\235\317>\021e\005s\261\371l\216\017\003\032\017J\217\244W<\241'\332/+\360Bx\036+\210j\237K%\340]\246E\2434\264K\036\030qP\317\315\336\325\007\372\373$P*|\321\342\002\026\n\3215\340\3203\200x\327D\301]5\237\247Yz\3711!L\214\221=\252\002\267\225zg\264\253\271T\346ji\003\235\236Pis\264\375\222|H\344\261g?[g\311\347s\234ae\204\263\365U\334\372D\354\345\276\201f\035\271%#\375\245\314.""\373\330&\3746\354@[\274\202\021\202\373Vi\243\n\325\250\005e\360""m\346'\311@\343\016$L\346\334\360<w\317\351\2337\023\262\336W\254\222\315\335\317oP\221\031g\037\220\357Ft\030n\306\370\n\354\226\365\346\276\322i\233\014\037\027Z\351\022\216@=S\205\334\033\374\234n\r\270\210]\013\203\356\024\366\354\260\007L\324\236aQ\361\020X\372\353 3\347\310*\253\021gT!>\003\325\254,\003\367\204\031\331\255\240\304J\342j\272\270\274\360\307\356\347\200Ywm#\014\233\301\022L\232T\033N\341\232\325\233\227\313\307\302\001\313@D\264\016\334\r\034\035\\276\225\314|\234S*r\007\370x>\305D*\007b\276v\316D!=\355\210\037\325\034/l\242\365\034!w\324\362\3252-\025\351\314\2334,\306Dd\037v\256\345X\002=\033c\255\253\226\014-o\364!\262f\370\222\250\377\220&p\343\245\3604Op\353\317\305?Z\326\257)\2439\250\272\002\370\360\022\220W 062/8s4\204\363\253&I\000m\335\025\264\227\2326\315\307\363\323\325\303\032N\256*\307\327 \235\332\207u\210\271\257\306g\231i*\260\326k\001"";   nodeid: ""\260\000\000\000\000\000\000\000\000\000\000\000\000\000\000\000\000\000\000\000\000\000\000\000\000\000\000\000\000\000\000\000\001""; }; "
1750587314519,1750587314519,0,1,2,1,TMGetLedger,"itype: liBASE; ledgerHash: ""\336\037\263=\026\236A\324J9\261\341@\353\236\027\243\365\225\347\2315\205\014\356\333\201\232V!\026\010""; requestCookie: 4; queryType: qtINDIRECT; ","itype: liBASE; ledgerHash: ""\336\037\263=\026\236A\324J9\261\341@\353\236\027\243\365\225\347\2315\205\014\356\333\201\232V!\026\010""; requestCookie: 4; queryType: qtINDIRECT; "
1750587314520,1750587314520,0,1,1,4,TMLedgerData,"ledgerHash: ""\336\037\263=\026\236A\324J9\261\341@\353\236\027\243\365\225\347\2315\205\014\356\333\201\232V!\026\010""; ledgerSeq: 17; type: liBASE; nodes {;   nodedata: ""\000\000\000\021\001cEx]\211\377\330?Z\326\257)\2439\250\272\002\370\360\022\220W 062/8s4\204\363\253&I\000m\335\025\000\000\000\000\000\000\000\000\000\000\000\000\000\000\000\000\000\000\000\000\000\000\000\000\000\000\000\000\000\000\000\000\345\322Q\320-.\257J\365;|\356\257\275tJr\202{)\357\277\263t\021\304\303\235\234\272fE/\352\224//\352\2240\n\000""; }; nodes {;   nodedata: ""h\315\350\215y\203\242]\371\235\232Pt&\325\210eZ\346\237XZ \277\2457n\221\336\253\245\317\002\304\206+8\t]\351\316\373|\311\263V\300\023\035\211\237\260\300\r\033u3a1\203\303\365\307k\347\006E\344\037@\210\363\010\336T\226\247'\204_{\261\370""1\235\2445\343\033Y!\212\201\341\272\225'\007*$\244&\336\343'\233i\332\374\245 {^\306-N\333\gE\006\347\212\331C\211Z\177\247\031\n\302\244y\353l\024\360\n\000\274|\\260kO\020\032\337E4\367\321\353&\374\201k\306i\225\365\025\013\202_n)6q\357\2538_-\302\252B\204v\277\254\373\3322Ca\020\243\0105\263\257\367\032\254\016\003""; }; requestCookie: 3; ","ledgerHash: ""\336\037\263=\026\236A\324J9\261\341@\353\236\027\243\365\225\347\2315\205\014\356\333\201\232V!\026\010""; ledgerSeq: 17; type: liBASE; nodes {;   nodedata: ""\000\000\000\021\001cEx]\211\377\330?Z\326\257)\2439\250\272\002\370\360\022\220W 062/8s4\204\363\253&I\000m\335\025\000\000\000\000\000\000\000\000\000\000\000\000\000\000\000\000\000\000\000\000\000\000\000\000\000\000\000\000\000\000\000\000\345\322Q\320-.\257J\365;|\356\257\275tJr\202{)\357\277\263t\021\304\303\235\234\272fE/\352\224//\352\2240\n\000""; }; nodes {;   nodedata: ""h\315\350\215y\203\242]\371\235\232Pt&\325\210eZ\346\237XZ \277\2457n\221\336\253\245\317\002\304\206+8\t]\351\316\373|\311\263V\300\023\035\211\237\260\300\r\033u3a1\203\303\365\307k\347\006E\344\037@\210\363\010\336T\226\247'\204_{\261\370""1\235\2445\343\033Y!\212\201\341\272\225'\007*$\244&\336\343'\233i\332\374\245 {^\306-N\333\gE\006\347\212\331C\211Z\177\247\031\n\302\244y\353l\024\360\n\000\274|\\260kO\020\032\337E4\367\321\353&\374\201k\306i\225\365\025\013\202_n)6q\357\2538_-\302\252B\204v\277\254\373\3322Ca\020\243\0105\263\257\367\032\254\016\003""; }; requestCookie: 3; "
1750587314520,1750587314520,0,1,0,4,TMLedgerData,"ledgerHash: ""\336\037\263=\026\236A\324J9\261\341@\353\236\027\243\365\225\347\2315\205\014\356\333\201\232V!\026\010""; ledgerSeq: 17; type: liBASE; nodes {;   nodedata: ""\000\000\000\021\001cEx]\211\377\330?Z\326\257)\2439\250\272\002\370\360\022\220W 062/8s4\204\363\253&I\000m\335\025\000\000\000\000\000\000\000\000\000\000\000\000\000\000\000\000\000\000\000\000\000\000\000\000\000\000\000\000\000\000\000\000\345\322Q\320-.\257J\365;|\356\257\275tJr\202{)\357\277\263t\021\304\303\235\234\272fE/\352\224//\352\2240\n\000""; }; nodes {;   nodedata: ""h\315\350\215y\203\242]\371\235\232Pt&\325\210eZ\346\237XZ \277\2457n\221\336\253\245\317\002\304\206+8\t]\351\316\373|\311\263V\300\023\035\211\237\260\300\r\033u3a1\203\303\365\307k\347\006E\344\037@\210\363\010\336T\226\247'\204_{\261\370""1\235\2445\343\033Y!\212\201\341\272\225'\007*$\244&\336\343'\233i\332\374\245 {^\306-N\333\gE\006\347\212\331C\211Z\177\247\031\n\302\244y\353l\024\360\n\000\274|\\260kO\020\032\337E4\367\321\353&\374\201k\306i\225\365\025\013\202_n)6q\357\2538_-\302\252B\204v\277\254\373\3322Ca\020\243\0105\263\257\367\032\254\016\003""; }; ","ledgerHash: ""\336\037\263=\026\236A\324J9\261\341@\353\236\027\243\365\225\347\2315\205\014\356\333\201\232V!\026\010""; ledgerSeq: 17; type: liBASE; nodes {;   nodedata: ""\000\000\000\021\001cEx]\211\377\330?Z\326\257)\2439\250\272\002\370\360\022\220W 062/8s4\204\363\253&I\000m\335\025\000\000\000\000\000\000\000\000\000\000\000\000\000\000\000\000\000\000\000\000\000\000\000\000\000\000\000\000\000\000\000\000\345\322Q\320-.\257J\365;|\356\257\275tJr\202{)\357\277\263t\021\304\303\235\234\272fE/\352\224//\352\2240\n\000""; }; nodes {;   nodedata: ""h\315\350\215y\203\242]\371\235\232Pt&\325\210eZ\346\237XZ \277\2457n\221\336\253\245\317\002\304\206+8\t]\351\316\373|\311\263V\300\023\035\211\237\260\300\r\033u3a1\203\303\365\307k\347\006E\344\037@\210\363\010\336T\226\247'\204_{\261\370""1\235\2445\343\033Y!\212\201\341\272\225'\007*$\244&\336\343'\233i\332\374\245 {^\306-N\333\gE\006\347\212\331C\211Z\177\247\031\n\302\244y\353l\024\360\n\000\274|\\260kO\020\032\337E4\367\321\353&\374\201k\306i\225\365\025\013\202_n)6q\357\2538_-\302\252B\204v\277\254\373\3322Ca\020\243\0105\263\257\367\032\254\016\003""; }; "
1750587314521,1750587314521,0,1,1,3,TMLedgerData,"ledgerHash: ""\336\037\263=\026\236A\324J9\261\341@\353\236\027\243\365\225\347\2315\205\014\356\333\201\232V!\026\010""; ledgerSeq: 17; type: liBASE; nodes {;   nodedata: ""\000\000\000\021\001cEx]\211\377\330?Z\326\257)\2439\250\272\002\370\360\022\220W 062/8s4\204\363\253&I\000m\335\025\000\000\000\000\000\000\000\000\000\000\000\000\000\000\000\000\000\000\000\000\000\000\000\000\000\000\000\000\000\000\000\000\345\322Q\320-.\257J\365;|\356\257\275tJr\202{)\357\277\263t\021\304\303\235\234\272fE/\352\224//\352\2240\n\000""; }; nodes {;   nodedata: ""h\315\350\215y\203\242]\371\235\232Pt&\325\210eZ\346\237XZ \277\2457n\221\336\253\245\317\002\304\206+8\t]\351\316\373|\311\263V\300\023\035\211\237\260\300\r\033u3a1\203\303\365\307k\347\006E\344\037@\210\363\010\336T\226\247'\204_{\261\370""1\235\2445\343\033Y!\212\201\341\272\225'\007*$\244&\336\343'\233i\332\374\245 {^\306-N\333\gE\006\347\212\331C\211Z\177\247\031\n\302\244y\353l\024\360\n\000\274|\\260kO\020\032\337E4\367\321\353&\374\201k\306i\225\365\025\013\202_n)6q\357\2538_-\302\252B\204v\277\254\373\3322Ca\020\243\0105\263\257\367\032\254\016\003""; }; ","ledgerHash: ""\336\037\263=\026\236A\324J9\261\341@\353\236\027\243\365\225\347\2315\205\014\356\333\201\232V!\026\010""; ledgerSeq: 17; type: liBASE; nodes {;   nodedata: ""\000\000\000\021\001cEx]\211\377\330?Z\326\257)\2439\250\272\002\370\360\022\220W 062/8s4\204\363\253&I\000m\335\025\000\000\000\000\000\000\000\000\000\000\000\000\000\000\000\000\000\000\000\000\000\000\000\000\000\000\000\000\000\000\000\000\345\322Q\320-.\257J\365;|\356\257\275tJr\202{)\357\277\263t\021\304\303\235\234\272fE/\352\224//\352\2240\n\000""; }; nodes {;   nodedata: ""h\315\350\215y\203\242]\371\235\232Pt&\325\210eZ\346\237XZ \277\2457n\221\336\253\245\317\002\304\206+8\t]\351\316\373|\311\263V\300\023\035\211\237\260\300\r\033u3a1\203\303\365\307k\347\006E\344\037@\210\363\010\336T\226\247'\204_{\261\370""1\235\2445\343\033Y!\212\201\341\272\225'\007*$\244&\336\343'\233i\332\374\245 {^\306-N\333\gE\006\347\212\331C\211Z\177\247\031\n\302\244y\353l\024\360\n\000\274|\\260kO\020\032\337E4\367\321\353&\374\201k\306i\225\365\025\013\202_n)6q\357\2538_-\302\252B\204v\277\254\373\3322Ca\020\243\0105\263\257\367\032\254\016\003""; }; "
1750587314521,1750587314521,0,1,1,3,TMLedgerData,"ledgerHash: ""\336\037\263=\026\236A\324J9\261\341@\353\236\027\243\365\225\347\2315\205\014\356\333\201\232V!\026\010""; ledgerSeq: 17; type: liBASE; nodes {;   nodedata: ""\000\000\000\021\001cEx]\211\377\330?Z\326\257)\2439\250\272\002\370\360\022\220W 062/8s4\204\363\253&I\000m\335\025\000\000\000\000\000\000\000\000\000\000\000\000\000\000\000\000\000\000\000\000\000\000\000\000\000\000\000\000\000\000\000\000\345\322Q\320-.\257J\365;|\356\257\275tJr\202{)\357\277\263t\021\304\303\235\234\272fE/\352\224//\352\2240\n\000""; }; nodes {;   nodedata: ""h\315\350\215y\203\242]\371\235\232Pt&\325\210eZ\346\237XZ \277\2457n\221\336\253\245\317\002\304\206+8\t]\351\316\373|\311\263V\300\023\035\211\237\260\300\r\033u3a1\203\303\365\307k\347\006E\344\037@\210\363\010\336T\226\247'\204_{\261\370""1\235\2445\343\033Y!\212\201\341\272\225'\007*$\244&\336\343'\233i\332\374\245 {^\306-N\333\gE\006\347\212\331C\211Z\177\247\031\n\302\244y\353l\024\360\n\000\274|\\260kO\020\032\337E4\367\321\353&\374\201k\306i\225\365\025\013\202_n)6q\357\2538_-\302\252B\204v\277\254\373\3322Ca\020\243\0105\263\257\367\032\254\016\003""; }; requestCookie: 5; ","ledgerHash: ""\336\037\263=\026\236A\324J9\261\341@\353\236\027\243\365\225\347\2315\205\014\356\333\201\232V!\026\010""; ledgerSeq: 17; type: liBASE; nodes {;   nodedata: ""\000\000\000\021\001cEx]\211\377\330?Z\326\257)\2439\250\272\002\370\360\022\220W 062/8s4\204\363\253&I\000m\335\025\000\000\000\000\000\000\000\000\000\000\000\000\000\000\000\000\000\000\000\000\000\000\000\000\000\000\000\000\000\000\000\000\345\322Q\320-.\257J\365;|\356\257\275tJr\202{)\357\277\263t\021\304\303\235\234\272fE/\352\224//\352\2240\n\000""; }; nodes {;   nodedata: ""h\315\350\215y\203\242]\371\235\232Pt&\325\210eZ\346\237XZ \277\2457n\221\336\253\245\317\002\304\206+8\t]\351\316\373|\311\263V\300\023\035\211\237\260\300\r\033u3a1\203\303\365\307k\347\006E\344\037@\210\363\010\336T\226\247'\204_{\261\370""1\235\2445\343\033Y!\212\201\341\272\225'\007*$\244&\336\343'\233i\332\374\245 {^\306-N\333\gE\006\347\212\331C\211Z\177\247\031\n\302\244y\353l\024\360\n\000\274|\\260kO\020\032\337E4\367\321\353&\374\201k\306i\225\365\025\013\202_n)6q\357\2538_-\302\252B\204v\277\254\373\3322Ca\020\243\0105\263\257\367\032\254\016\003""; }; requestCookie: 5; "
1750587314522,1750587314522,0,1,0,3,TMGetLedger,"itype: liBASE; ledgerHash: ""\336\037\263=\026\236A\324J9\261\341@\353\236\027\243\365\225\347\2315\205\014\356\333\201\232V!\026\010""; queryType: qtINDIRECT; ","itype: liBASE; ledgerHash: ""\336\037\263=\026\236A\324J9\261\341@\353\236\027\243\365\225\347\2315\205\014\356\333\201\232V!\026\010""; queryType: qtINDIRECT; "
1750587314522,1750587314522,0,1,0,1,TMGetLedger,"itype: liBASE; ledgerHash: ""\336\037\263=\026\236A\324J9\261\341@\353\236\027\243\365\225\347\2315\205\014\356\333\201\232V!\026\010""; requestCookie: 3; queryType: qtINDIRECT; ","itype: liBASE; ledgerHash: ""\336\037\263=\026\236A\324J9\261\341@\353\236\027\243\365\225\347\2315\205\014\356\333\201\232V!\026\010""; requestCookie: 3; queryType: qtINDIRECT; "
1750587314523,1750587314523,0,1,1,0,TMLedgerData,"ledgerHash: ""\336\037\263=\026\236A\324J9\261\341@\353\236\027\243\365\225\347\2315\205\014\356\333\201\232V!\026\010""; ledgerSeq: 17; type: liBASE; nodes {;   nodedata: ""\000\000\000\021\001cEx]\211\377\330?Z\326\257)\2439\250\272\002\370\360\022\220W 062/8s4\204\363\253&I\000m\335\025\000\000\000\000\000\000\000\000\000\000\000\000\000\000\000\000\000\000\000\000\000\000\000\000\000\000\000\000\000\000\000\000\345\322Q\320-.\257J\365;|\356\257\275tJr\202{)\357\277\263t\021\304\303\235\234\272fE/\352\224//\352\2240\n\000""; }; nodes {;   nodedata: ""h\315\350\215y\203\242]\371\235\232Pt&\325\210eZ\346\237XZ \277\2457n\221\336\253\245\317\002\304\206+8\t]\351\316\373|\311\263V\300\023\035\211\237\260\300\r\033u3a1\203\303\365\307k\347\006E\344\037@\210\363\010\336T\226\247'\204_{\261\370""1\235\2445\343\033Y!\212\201\341\272\225'\007*$\244&\336\343'\233i\332\374\245 {^\306-N\333\gE\006\347\212\331C\211Z\177\247\031\n\302\244y\353l\024\360\n\000\274|\\260kO\020\032\337E4\367\321\353&\374\201k\306i\225\365\025\013\202_n)6q\357\2538_-\302\252B\204v\277\254\373\3322Ca\020\243\0105\263\257\367\032\254\016\003""; }; ","ledgerHash: ""\336\037\263=\026\236A\324J9\261\341@\353\236\027\243\365\225\347\2315\205\014\356\333\201\232V!\026\010""; ledgerSeq: 17; type: liBASE; nodes {;   nodedata: ""\000\000\000\021\001cEx]\211\377\330?Z\326\257)\2439\250\272\002\370\360\022\220W 062/8s4\204\363\253&I\000m\335\025\000\000\000\000\000\000\000\000\000\000\000\000\000\000\000\000\000\000\000\000\000\000\000\000\000\000\000\000\000\000\000\000\345\322Q\320-.\257J\365;|\356\257\275tJr\202{)\357\277\263t\021\304\303\235\234\272fE/\352\224//\352\2240\n\000""; }; nodes {;   nodedata: ""h\315\350\215y\203\242]\371\235\232Pt&\325\210eZ\346\237XZ \277\2457n\221\336\253\245\317\002\304\206+8\t]\351\316\373|\311\263V\300\023\035\211\237\260\300\r\033u3a1\203\303\365\307k\347\006E\344\037@\210\363\010\336T\226\247'\204_{\261\370""1\235\2445\343\033Y!\212\201\341\272\225'\007*$\244&\336\343'\233i\332\374\245 {^\306-N\333\gE\006\347\212\331C\211Z\177\247\031\n\302\244y\353l\024\360\n\000\274|\\260kO\020\032\337E4\367\321\353&\374\201k\306i\225\365\025\013\202_n)6q\357\2538_-\302\252B\204v\277\254\373\3322Ca\020\243\0105\263\257\367\032\254\016\003""; }; "
1750587314523,1750587314524,0,1,1,0,TMLedgerData,"ledgerHash: ""\336\037\263=\026\236A\324J9\261\341@\353\236\027\243\365\225\347\2315\205\014\356\333\201\232V!\026\010""; ledgerSeq: 17; type: liBASE; nodes {;   nodedata: ""\000\000\000\021\001cEx]\211\377\330?Z\326\257)\2439\250\272\002\370\360\022\220W 062/8s4\204\363\253&I\000m\335\025\000\000\000\000\000\000\000\000\000\000\000\000\000\000\000\000\000\000\000\000\000\000\000\000\000\000\000\000\000\000\000\000\345\322Q\320-.\257J\365;|\356\257\275tJr\202{)\357\277\263t\021\304\303\235\234\272fE/\352\224//\352\2240\n\000""; }; nodes {;   nodedata: ""h\315\350\215y\203\242]\371\235\232Pt&\325\210eZ\346\237XZ \277\2457n\221\336\253\245\317\002\304\206+8\t]\351\316\373|\311\263V\300\023\035\211\237\260\300\r\033u3a1\203\303\365\307k\347\006E\344\037@\210\363\010\336T\226\247'\204_{\261\370""1\235\2445\343\033Y!\212\201\341\272\225'\007*$\244&\336\343'\233i\332\374\245 {^\306-N\333\gE\006\347\212\331C\211Z\177\247\031\n\302\244y\353l\024\360\n\000\274|\\260kO\020\032\337E4\367\321\353&\374\201k\306i\225\365\025\013\202_n)6q\357\2538_-\302\252B\204v\277\254\373\3322Ca\020\243\0105\263\257\367\032\254\016\003""; }; ","ledgerHash: ""\336\037\263=\026\236A\324J9\261\341@\353\236\027\243\365\225\347\2315\205\014\356\333\201\232V!\026\010""; ledgerSeq: 17; type: liBASE; nodes {;   nodedata: ""\000\000\000\021\001cEx]\211\377\330?Z\326\257)\2439\250\272\002\370\360\022\220W 062/8s4\204\363\253&I\000m\335\025\000\000\000\000\000\000\000\000\000\000\000\000\000\000\000\000\000\000\000\000\000\000\000\000\000\000\000\000\000\000\000\000\345\322Q\320-.\257J\365;|\356\257\275tJr\202{)\357\277\263t\021\304\303\235\234\272fE/\352\224//\352\2240\n\000""; }; nodes {;   nodedata: ""h\315\350\215y\203\242]\371\235\232Pt&\325\210eZ\346\237XZ \277\2457n\221\336\253\245\317\002\304\206+8\t]\351\316\373|\311\263V\300\023\035\211\237\260\300\r\033u3a1\203\303\365\307k\347\006E\344\037@\210\363\010\336T\226\247'\204_{\261\370""1\235\2445\343\033Y!\212\201\341\272\225'\007*$\244&\336\343'\233i\332\374\245 {^\306-N\333\gE\006\347\212\331C\211Z\177\247\031\n\302\244y\353l\024\360\n\000\274|\\260kO\020\032\337E4\367\321\353&\374\201k\306i\225\365\025\013\202_n)6q\357\2538_-\302\252B\204v\277\254\373\3322Ca\020\243\0105\263\257\367\032\254\016\003""; }; "
1750587314524,1750587314524,0,1,1,2,TMLedgerData,"ledgerHash: ""\336\037\263=\026\236A\324J9\261\341@\353\236\027\243\365\225\347\2315\205\014\356\333\201\232V!\026\010""; ledgerSeq: 17; type: liBASE; nodes {;   nodedata: ""\000\000\000\021\001cEx]\211\377\330?Z\326\257)\2439\250\272\002\370\360\022\220W 062/8s4\204\363\253&I\000m\335\025\000\000\000\000\000\000\000\000\000\000\000\000\000\000\000\000\000\000\000\000\000\000\000\000\000\000\000\000\000\000\000\000\345\322Q\320-.\257J\365;|\356\257\275tJr\202{)\357\277\263t\021\304\303\235\234\272fE/\352\224//\352\2240\n\000""; }; nodes {;   nodedata: ""h\315\350\215y\203\242]\371\235\232Pt&\325\210eZ\346\237XZ \277\2457n\221\336\253\245\317\002\304\206+8\t]\351\316\373|\311\263V\300\023\035\211\237\260\300\r\033u3a1\203\303\365\307k\347\006E\344\037@\210\363\010\336T\226\247'\204_{\261\370""1\235\2445\343\033Y!\212\201\341\272\225'\007*$\244&\336\343'\233i\332\374\245 {^\306-N\333\gE\006\347\212\331C\211Z\177\247\031\n\302\244y\353l\024\360\n\000\274|\\260kO\020\032\337E4\367\321\353&\374\201k\306i\225\365\025\013\202_n)6q\357\2538_-\302\252B\204v\277\254\373\3322Ca\020\243\0105\263\257\367\032\254\016\003""; }; ","ledgerHash: ""\336\037\263=\026\236A\324J9\261\341@\353\236\027\243\365\225\347\2315\205\014\356\333\201\232V!\026\010""; ledgerSeq: 17; type: liBASE; nodes {;   nodedata: ""\000\000\000\021\001cEx]\211\377\330?Z\326\257)\2439\250\272\002\370\360\022\220W 062/8s4\204\363\253&I\000m\335\025\000\000\000\000\000\000\000\000\000\000\000\000\000\000\000\000\000\000\000\000\000\000\000\000\000\000\000\000\000\000\000\000\345\322Q\320-.\257J\365;|\356\257\275tJr\202{)\357\277\263t\021\304\303\235\234\272fE/\352\224//\352\2240\n\000""; }; nodes {;   nodedata: ""h\315\350\215y\203\242]\371\235\232Pt&\325\210eZ\346\237XZ \277\2457n\221\336\253\245\317\002\304\206+8\t]\351\316\373|\311\263V\300\023\035\211\237\260\300\r\033u3a1\203\303\365\307k\347\006E\344\037@\210\363\010\336T\226\247'\204_{\261\370""1\235\2445\343\033Y!\212\201\341\272\225'\007*$\244&\336\343'\233i\332\374\245 {^\306-N\333\gE\006\347\212\331C\211Z\177\247\031\n\302\244y\353l\024\360\n\000\274|\\260kO\020\032\337E4\367\321\353&\374\201k\306i\225\365\025\013\202_n)6q\357\2538_-\302\252B\204v\277\254\373\3322Ca\020\243\0105\263\257\367\032\254\016\003""; }; "
1750587314525,1750587314525,0,1,4,1,TMGetLedger,"itype: liBASE; ledgerHash: ""\336\037\263=\026\236A\324J9\261\341@\353\236\027\243\365\225\347\2315\205\014\356\333\201\232V!\026\010""; requestCookie: 1; queryType: qtINDIRECT; ","itype: liBASE; ledgerHash: ""\336\037\263=\026\236A\324J9\261\341@\353\236\027\243\365\225\347\2315\205\014\356\333\201\232V!\026\010""; requestCookie: 1; queryType: qtINDIRECT; "
1750587314525,1750587314526,0,1,1,2,TMLedgerData,"ledgerHash: ""\336\037\263=\026\236A\324J9\261\341@\353\236\027\243\365\225\347\2315\205\014\356\333\201\232V!\026\010""; ledgerSeq: 17; type: liBASE; nodes {;   nodedata: ""\000\000\000\021\001cEx]\211\377\330?Z\326\257)\2439\250\272\002\370\360\022\220W 062/8s4\204\363\253&I\000m\335\025\000\000\000\000\000\000\000\000\000\000\000\000\000\000\000\000\000\000\000\000\000\000\000\000\000\000\000\000\000\000\000\000\345\322Q\320-.\257J\365;|\356\257\275tJr\202{)\357\277\263t\021\304\303\235\234\272fE/\352\224//\352\2240\n\000""; }; nodes {;   nodedata: ""h\315\350\215y\203\242]\371\235\232Pt&\325\210eZ\346\237XZ \277\2457n\221\336\253\245\317\002\304\206+8\t]\351\316\373|\311\263V\300\023\035\211\237\260\300\r\033u3a1\203\303\365\307k\347\006E\344\037@\210\363\010\336T\226\247'\204_{\261\370""1\235\2445\343\033Y!\212\201\341\272\225'\007*$\244&\336\343'\233i\332\374\245 {^\306-N\333\gE\006\347\212\331C\211Z\177\247\031\n\302\244y\353l\024\360\n\000\274|\\260kO\020\032\337E4\367\321\353&\374\201k\306i\225\365\025\013\202_n)6q\357\2538_-\302\252B\204v\277\254\373\3322Ca\020\243\0105\263\257\367\032\254\016\003""; }; ","ledgerHash: ""\336\037\263=\026\236A\324J9\261\341@\353\236\027\243\365\225\347\2315\205\014\356\333\201\232V!\026\010""; ledgerSeq: 17; type: liBASE; nodes {;   nodedata: ""\000\000\000\021\001cEx]\211\377\330?Z\326\257)\2439\250\272\002\370\360\022\220W 062/8s4\204\363\253&I\000m\335\025\000\000\000\000\000\000\000\000\000\000\000\000\000\000\000\000\000\000\000\000\000\000\000\000\000\000\000\000\000\000\000\000\345\322Q\320-.\257J\365;|\356\257\275tJr\202{)\357\277\263t\021\304\303\235\234\272fE/\352\224//\352\2240\n\000""; }; nodes {;   nodedata: ""h\315\350\215y\203\242]\371\235\232Pt&\325\210eZ\346\237XZ \277\2457n\221\336\253\245\317\002\304\206+8\t]\351\316\373|\311\263V\300\023\035\211\237\260\300\r\033u3a1\203\303\365\307k\347\006E\344\037@\210\363\010\336T\226\247'\204_{\261\370""1\235\2445\343\033Y!\212\201\341\272\225'\007*$\244&\336\343'\233i\332\374\245 {^\306-N\333\gE\006\347\212\331C\211Z\177\247\031\n\302\244y\353l\024\360\n\000\274|\\260kO\020\032\337E4\367\321\353&\374\201k\306i\225\365\025\013\202_n)6q\357\2538_-\302\252B\204v\277\254\373\3322Ca\020\243\0105\263\257\367\032\254\016\003""; }; "
1750587314526,1750587314526,0,1,4,3,TMLedgerData,"ledgerHash: ""\336\037\263=\026\236A\324J9\261\341@\353\236\027\243\365\225\347\2315\205\014\356\333\201\232V!\026\010""; ledgerSeq: 17; type: liBASE; nodes {;   nodedata: ""\000\000\000\021\001cEx]\211\377\330?Z\326\257)\2439\250\272\002\370\360\022\220W 062/8s4\204\363\253&I\000m\335\025\000\000\000\000\000\000\000\000\000\000\000\000\000\000\000\000\000\000\000\000\000\000\000\000\000\000\000\000\000\000\000\000\345\322Q\320-.\257J\365;|\356\257\275tJr\202{)\357\277\263t\021\304\303\235\234\272fE/\352\224//\352\2240\n\000""; }; nodes {;   nodedata: ""h\315\350\215y\203\242]\371\235\232Pt&\325\210eZ\346\237XZ \277\2457n\221\336\253\245\317\002\304\206+8\t]\351\316\373|\311\263V\300\023\035\211\237\260\300\r\033u3a1\203\303\365\307k\347\006E\344\037@\210\363\010\336T\226\247'\204_{\261\370""1\235\2445\343\033Y!\212\201\341\272\225'\007*$\244&\336\343'\233i\332\374\245 {^\306-N\333\gE\006\347\212\331C\211Z\177\247\031\n\302\244y\353l\024\360\n\000\274|\\260kO\020\032\337E4\367\321\353&\374\201k\306i\225\365\025\013\202_n)6q\357\2538_-\302\252B\204v\277\254\373\3322Ca\020\243\0105\263\257\367\032\254\016\003""; }; ","ledgerHash: ""\336\037\263=\026\236A\324J9\261\341@\353\236\027\243\365\225\347\2315\205\014\356\333\201\232V!\026\010""; ledgerSeq: 17; type: liBASE; nodes {;   nodedata: ""\000\000\000\021\001cEx]\211\377\330?Z\326\257)\2439\250\272\002\370\360\022\220W 062/8s4\204\363\253&I\000m\335\025\000\000\000\000\000\000\000\000\000\000\000\000\000\000\000\000\000\000\000\000\000\000\000\000\000\000\000\000\000\000\000\000\345\322Q\320-.\257J\365;|\356\257\275tJr\202{)\357\277\263t\021\304\303\235\234\272fE/\352\224//\352\2240\n\000""; }; nodes {;   nodedata: ""h\315\350\215y\203\242]\371\235\232Pt&\325\210eZ\346\237XZ \277\2457n\221\336\253\245\317\002\304\206+8\t]\351\316\373|\311\263V\300\023\035\211\237\260\300\r\033u3a1\203\303\365\307k\347\006E\344\037@\210\363\010\336T\226\247'\204_{\261\370""1\235\2445\343\033Y!\212\201\341\272\225'\007*$\244&\336\343'\233i\332\374\245 {^\306-N\333\gE\006\347\212\331C\211Z\177\247\031\n\302\244y\353l\024\360\n\000\274|\\260kO\020\032\337E4\367\321\353&\374\201k\306i\225\365\025\013\202_n)6q\357\2538_-\302\252B\204v\277\254\373\3322Ca\020\243\0105\263\257\367\032\254\016\003""; }; "
1750587314527,1750587314527,0,1,4,2,TMLedgerData,"ledgerHash: ""\336\037\263=\026\236A\324J9\261\341@\353\236\027\243\365\225\347\2315\205\014\356\333\201\232V!\026\010""; ledgerSeq: 17; type: liBASE; nodes {;   nodedata: ""\000\000\000\021\001cEx]\211\377\330?Z\326\257)\2439\250\272\002\370\360\022\220W 062/8s4\204\363\253&I\000m\335\025\000\000\000\000\000\000\000\000\000\000\000\000\000\000\000\000\000\000\000\000\000\000\000\000\000\000\000\000\000\000\000\000\345\322Q\320-.\257J\365;|\356\257\275tJr\202{)\357\277\263t\021\304\303\235\234\272fE/\352\224//\352\2240\n\000""; }; nodes {;   nodedata: ""h\315\350\215y\203\242]\371\235\232Pt&\325\210eZ\346\237XZ \277\2457n\221\336\253\245\317\002\304\206+8\t]\351\316\373|\311\263V\300\023\035\211\237\260\300\r\033u3a1\203\303\365\307k\347\006E\344\037@\210\363\010\336T\226\247'\204_{\261\370""1\235\2445\343\033Y!\212\201\341\272\225'\007*$\244&\336\343'\233i\332\374\245 {^\306-N\333\gE\006\347\212\331C\211Z\177\247\031\n\302\244y\353l\024\360\n\000\274|\\260kO\020\032\337E4\367\321\353&\374\201k\306i\225\365\025\013\202_n)6q\357\2538_-\302\252B\204v\277\254\373\3322Ca\020\243\0105\263\257\367\032\254\016\003""; }; ","ledgerHash: ""\336\037\263=\026\236A\324J9\261\341@\353\236\027\243\365\225\347\2315\205\014\356\333\201\232V!\026\010""; ledgerSeq: 17; type: liBASE; nodes {;   nodedata: ""\000\000\000\021\001cEx]\211\377\330?Z\326\257)\2439\250\272\002\370\360\022\220W 062/8s4\204\363\253&I\000m\335\025\000\000\000\000\000\000\000\000\000\000\000\000\000\000\000\000\000\000\000\000\000\000\000\000\000\000\000\000\000\000\000\000\345\322Q\320-.\257J\365;|\356\257\275tJr\202{)\357\277\263t\021\304\303\235\234\272fE/\352\224//\352\2240\n\000""; }; nodes {;   nodedata: ""h\315\350\215y\203\242]\371\235\232Pt&\325\210eZ\346\237XZ \277\2457n\221\336\253\245\317\002\304\206+8\t]\351\316\373|\311\263V\300\023\035\211\237\260\300\r\033u3a1\203\303\365\307k\347\006E\344\037@\210\363\010\336T\226\247'\204_{\261\370""1\235\2445\343\033Y!\212\201\341\272\225'\007*$\244&\336\343'\233i\332\374\245 {^\306-N\333\gE\006\347\212\331C\211Z\177\247\031\n\302\244y\353l\024\360\n\000\274|\\260kO\020\032\337E4\367\321\353&\374\201k\306i\225\365\025\013\202_n)6q\357\2538_-\302\252B\204v\277\254\373\3322Ca\020\243\0105\263\257\367\032\254\016\003""; }; "
1750587314527,1750587314527,0,1,3,1,TMGetLedger,"itype: liBASE; ledgerHash: ""\336\037\263=\026\236A\324J9\261\341@\353\236\027\243\365\225\347\2315\205\014\356\333\201\232V!\026\010""; requestCookie: 4; queryType: qtINDIRECT; ","itype: liBASE; ledgerHash: ""\336\037\263=\026\236A\324J9\261\341@\353\236\027\243\365\225\347\2315\205\014\356\333\201\232V!\026\010""; requestCookie: 4; queryType: qtINDIRECT; "
1750587314528,1750587314528,0,1,3,1,TMGetLedger,"itype: liAS_NODE; ledgerHash: ""\336\037\263=\026\236A\324J9\261\341@\353\236\027\243\365\225\347\2315\205\014\356\333\201\232V!\026\010""; ledgerSeq: 17; nodeIDs: ""\260\000\000\000\000\000\000\000\000\000\000\000\000\000\000\000\000\000\000\000\000\000\000\000\000\000\000\000\000\000\000\000\001""; queryType: qtINDIRECT; queryDepth: 1; ","itype: liAS_NODE; ledgerHash: ""\336\037\263=\026\236A\324J9\261\341@\353\236\027\243\365\225\347\2315\205\014\356\333\201\232V!\026\010""; ledgerSeq: 17; nodeIDs: ""\260\000\000\000\000\000\000\000\000\000\000\000\000\000\000\000\000\000\000\000\000\000\000\000\000\000\000\000\000\000\000\000\001""; queryType: qtINDIRECT; queryDepth: 1; "
1750587314528,1750587314528,0,1,3,4,TMLedgerData,"ledgerHash: ""\336\037\263=\026\236A\324J9\261\341@\353\236\027\243\365\225\347\2315\205\014\356\333\201\232V!\026\010""; ledgerSeq: 17; type: liBASE; nodes {;   nodedata: ""\000\000\000\021\001cEx]\211\377\330?Z\326\257)\2439\250\272\002\370\360\022\220W 062/8s4\204\363\253&I\000m\335\025\000\000\000\000\000\000\000\000\000\000\000\000\000\000\000\000\000\000\000\000\000\000\000\000\000\000\000\000\000\000\000\000\345\322Q\320-.\257J\365;|\356\257\275tJr\202{)\357\277\263t\021\304\303\235\234\272fE/\352\224//\352\2240\n\000""; }; nodes {;   nodedata: ""h\315\350\215y\203\242]\371\235\232Pt&\325\210eZ\346\237XZ \277\2457n\221\336\253\245\317\002\304\206+8\t]\351\316\373|\311\263V\300\023\035\211\237\260\300\r\033u3a1\203\303\365\307k\347\006E\344\037@\210\363\010\336T\226\247'\204_{\261\370""1\235\2445\343\033Y!\212\201\341\272\225'\007*$\244&\336\343'\233i\332\374\245 {^\306-N\333\gE\006\347\212\331C\211Z\177\247\031\n\302\244y\353l\024\360\n\000\274|\\260kO\020\032\337E4\367\321\353&\374\201k\306i\225\365\025\013\202_n)6q\357\2538_-\302\252B\204v\277\254\373\3322Ca\020\243\0105\263\257\367\032\254\016\003""; }; ","ledgerHash: ""\336\037\263=\026\236A\324J9\261\341@\353\236\027\243\365\225\347\2315\205\014\356\333\201\232V!\026\010""; ledgerSeq: 17; type: liBASE; nodes {;   nodedata: ""\000\000\000\021\001cEx]\211\377\330?Z\326\257)\2439\250\272\002\370\360\022\220W 062/8s4\204\363\253&I\000m\335\025\000\000\000\000\000\000\000\000\000\000\000\000\000\000\000\000\000\000\000\000\000\000\000\000\000\000\000\000\000\000\000\000\345\322Q\320-.\257J\365;|\356\257\275tJr\202{)\357\277\263t\021\304\303\235\234\272fE/\352\224//\352\2240\n\000""; }; nodes {;   nodedata: ""h\315\350\215y\203\242]\371\235\232Pt&\325\210eZ\346\237XZ \277\2457n\221\336\253\245\317\002\304\206+8\t]\351\316\373|\311\263V\300\023\035\211\237\260\300\r\033u3a1\203\303\365\307k\347\006E\344\037@\210\363\010\336T\226\247'\204_{\261\370""1\235\2445\343\033Y!\212\201\341\272\225'\007*$\244&\336\343'\233i\332\374\245 {^\306-N\333\gE\006\347\212\331C\211Z\177\247\031\n\302\244y\353l\024\360\n\000\274|\\260kO\020\032\337E4\367\321\353&\374\201k\306i\225\365\025\013\202_n)6q\357\2538_-\302\252B\204v\277\254\373\3322Ca\020\243\0105\263\257\367\032\254\016\003""; }; "
1750587314530,1750587314530,0,1,1,0,TMLedgerData,"ledgerHash: ""\336\037\263=\026\236A\324J9\261\341@\353\236\027\243\365\225\347\2315\205\014\356\333\201\232V!\026\010""; ledgerSeq: 17; type: liBASE; nodes {;   nodedata: ""\000\000\000\021\001cEx]\211\377\330?Z\326\257)\2439\250\272\002\370\360\022\220W 062/8s4\204\363\253&I\000m\335\025\000\000\000\000\000\000\000\000\000\000\000\000\000\000\000\000\000\000\000\000\000\000\000\000\000\000\000\000\000\000\000\000\345\322Q\320-.\257J\365;|\356\257\275tJr\202{)\357\277\263t\021\304\303\235\234\272fE/\352\224//\352\2240\n\000""; }; nodes {;   nodedata: ""h\315\350\215y\203\242]\371\235\232Pt&\325\210eZ\346\237XZ \277\2457n\221\336\253\245\317\002\304\206+8\t]\351\316\373|\311\263V\300\023\035\211\237\260\300\r\033u3a1\203\303\365\307k\347\006E\344\037@\210\363\010\336T\226\247'\204_{\261\370""1\235\2445\343\033Y!\212\201\341\272\225'\007*$\244&\336\343'\233i\332\374\245 {^\306-N\333\gE\006\347\212\331C\211Z\177\247\031\n\302\244y\353l\024\360\n\000\274|\\260kO\020\032\337E4\367\321\353&\374\201k\306i\225\365\025\013\202_n)6q\357\2538_-\302\252B\204v\277\254\373\3322Ca\020\243\0105\263\257\367\032\254\016\003""; }; requestCookie: 3; ","ledgerHash: ""\336\037\263=\026\236A\324J9\261\341@\353\236\027\243\365\225\347\2315\205\014\356\333\201\232V!\026\010""; ledgerSeq: 17; type: liBASE; nodes {;   nodedata: ""\000\000\000\021\001cEx]\211\377\330?Z\326\257)\2439\250\272\002\370\360\022\220W 062/8s4\204\363\253&I\000m\335\025\000\000\000\000\000\000\000\000\000\000\000\000\000\000\000\000\000\000\000\000\000\000\000\000\000\000\000\000\000\000\000\000\345\322Q\320-.\257J\365;|\356\257\275tJr\202{)\357\277\263t\021\304\303\235\234\272fE/\352\224//\352\2240\n\000""; }; nodes {;   nodedata: ""h\315\350\215y\203\242]\371\235\232Pt&\325\210eZ\346\237XZ \277\2457n\221\336\253\245\317\002\304\206+8\t]\351\316\373|\311\263V\300\023\035\211\237\260\300\r\033u3a1\203\303\365\307k\347\006E\344\037@\210\363\010\336T\226\247'\204_{\261\370""1\235\2445\343\033Y!\212\201\341\272\225'\007*$\244&\336\343'\233i\332\374\245 {^\306-N\333\gE\006\347\212\331C\211Z\177\247\031\n\302\244y\353l\024\360\n\000\274|\\260kO\020\032\337E4\367\321\353&\374\201k\306i\225\365\025\013\202_n)6q\357\2538_-\302\252B\204v\277\254\373\3322Ca\020\243\0105\263\257\367\032\254\016\003""; }; requestCookie: 3; "
1750587314531,1750587314531,0,1,2,1,TMGetLedger,"itype: liBASE; ledgerHash: ""\336\037\263=\026\236A\324J9\261\341@\353\236\027\243\365\225\347\2315\205\014\356\333\201\232V!\026\010""; requestCookie: 2; queryType: qtINDIRECT; ","itype: liBASE; ledgerHash: ""\336\037\263=\026\236A\324J9\261\341@\353\236\027\243\365\225\347\2315\205\014\356\333\201\232V!\026\010""; requestCookie: 2; queryType: qtINDIRECT; "
1750587314531,1750587314531,0,1,0,1,TMGetLedger,"itype: liBASE; ledgerHash: ""\336\037\263=\026\236A\324J9\261\341@\353\236\027\243\365\225\347\2315\205\014\356\333\201\232V!\026\010""; requestCookie: 4; queryType: qtINDIRECT; ","itype: liBASE; ledgerHash: ""\336\037\263=\026\236A\324J9\261\341@\353\236\027\243\365\225\347\2315\205\014\356\333\201\232V!\026\010""; requestCookie: 4; queryType: qtINDIRECT; "
1750587314531,1750587314531,0,1,0,1,TMGetLedger,"itype: liAS_NODE; ledgerHash: ""\336\037\263=\026\236A\324J9\261\341@\353\236\027\243\365\225\347\2315\205\014\356\333\201\232V!\026\010""; ledgerSeq: 17; nodeIDs: ""\260\000\000\000\000\000\000\000\000\000\000\000\000\000\000\000\000\000\000\000\000\000\000\000\000\000\000\000\000\000\000\000\001""; queryType: qtINDIRECT; queryDepth: 1; ","itype: liAS_NODE; ledgerHash: ""\336\037\263=\026\236A\324J9\261\341@\353\236\027\243\365\225\347\2315\205\014\356\333\201\232V!\026\010""; ledgerSeq: 17; nodeIDs: ""\260\000\000\000\000\000\000\000\000\000\000\000\000\000\000\000\000\000\000\000\000\000\000\000\000\000\000\000\000\000\000\000\001""; queryType: qtINDIRECT; queryDepth: 1; "
1750587314532,1750587314532,0,1,1,4,TMLedgerData,"ledgerHash: ""\336\037\263=\026\236A\324J9\261\341@\353\236\027\243\365\225\347\2315\205\014\356\333\201\232V!\026\010""; ledgerSeq: 17; type: liBASE; nodes {;   nodedata: ""\000\000\000\021\001cEx]\211\377\330?Z\326\257)\2439\250\272\002\370\360\022\220W 062/8s4\204\363\253&I\000m\335\025\000\000\000\000\000\000\000\000\000\000\000\000\000\000\000\000\000\000\000\000\000\000\000\000\000\000\000\000\000\000\000\000\345\322Q\320-.\257J\365;|\356\257\275tJr\202{)\357\277\263t\021\304\303\235\234\272fE/\352\224//\352\2240\n\000""; }; nodes {;   nodedata: ""h\315\350\215y\203\242]\371\235\232Pt&\325\210eZ\346\237XZ \277\2457n\221\336\253\245\317\002\304\206+8\t]\351\316\373|\311\263V\300\023\035\211\237\260\300\r\033u3a1\203\303\365\307k\347\006E\344\037@\210\363\010\336T\226\247'\204_{\261\370""1\235\2445\343\033Y!\212\201\341\272\225'\007*$\244&\336\343'\233i\332\374\245 {^\306-N\333\gE\006\347\212\331C\211Z\177\247\031\n\302\244y\353l\024\360\n\000\274|\\260kO\020\032\337E4\367\321\353&\374\201k\306i\225\365\025\013\202_n)6q\357\2538_-\302\252B\204v\277\254\373\3322Ca\020\243\0105\263\257\367\032\254\016\003""; }; requestCookie: 1; ","ledgerHash: ""\336\037\263=\026\236A\324J9\261\341@\353\236\027\243\365\225\347\2315\205\014\356\333\201\232V!\026\010""; ledgerSeq: 17; type: liBASE; nodes {;   nodedata: ""\000\000\000\021\001cEx]\211\377\330?Z\326\257)\2439\250\272\002\370\360\022\220W 062/8s4\204\363\253&I\000m\335\025\000\000\000\000\000\000\000\000\000\000\000\000\000\000\000\000\000\000\000\000\000\000\000\000\000\000\000\000\000\000\000\000\345\322Q\320-.\257J\365;|\356\257\275tJr\202{)\357\277\263t\021\304\303\235\234\272fE/\352\224//\352\2240\n\000""; }; nodes {;   nodedata: ""h\315\350\215y\203\242]\371\235\232Pt&\325\210eZ\346\237XZ \277\2457n\221\336\253\245\317\002\304\206+8\t]\351\316\373|\311\263V\300\023\035\211\237\260\300\r\033u3a1\203\303\365\307k\347\006E\344\037@\210\363\010\336T\226\247'\204_{\261\370""1\235\2445\343\033Y!\212\201\341\272\225'\007*$\244&\336\343'\233i\332\374\245 {^\306-N\333\gE\006\347\212\331C\211Z\177\247\031\n\302\244y\353l\024\360\n\000\274|\\260kO\020\032\337E4\367\321\353&\374\201k\306i\225\365\025\013\202_n)6q\357\2538_-\302\252B\204v\277\254\373\3322Ca\020\243\0105\263\257\367\032\254\016\003""; }; requestCookie: 1; "
1750587314533,1750587314533,0,1,2,1,TMGetLedger,"itype: liAS_NODE; ledgerHash: ""\336\037\263=\026\236A\324J9\261\341@\353\236\027\243\365\225\347\2315\205\014\356\333\201\232V!\026\010""; ledgerSeq: 17; nodeIDs: ""\260\000\000\000\000\000\000\000\000\000\000\000\000\000\000\000\000\000\000\000\000\000\000\000\000\000\000\000\000\000\000\000\001""; queryType: qtINDIRECT; queryDepth: 1; ","itype: liAS_NODE; ledgerHash: ""\336\037\263=\026\236A\324J9\261\341@\353\236\027\243\365\225\347\2315\205\014\356\333\201\232V!\026\010""; ledgerSeq: 17; nodeIDs: ""\260\000\000\000\000\000\000\000\000\000\000\000\000\000\000\000\000\000\000\000\000\000\000\000\000\000\000\000\000\000\000\000\001""; queryType: qtINDIRECT; queryDepth: 1; "
1750587314534,1750587314534,0,1,1,3,TMLedgerData,"ledgerHash: ""\336\037\263=\026\236A\324J9\261\341@\353\236\027\243\365\225\347\2315\205\014\356\333\201\232V!\026\010""; ledgerSeq: 17; type: liBASE; nodes {;   nodedata: ""\000\000\000\021\001cEx]\211\377\330?Z\326\257)\2439\250\272\002\370\360\022\220W 062/8s4\204\363\253&I\000m\335\025\000\000\000\000\000\000\000\000\000\000\000\000\000\000\000\000\000\000\000\000\000\000\000\000\000\000\000\000\000\000\000\000\345\322Q\320-.\257J\365;|\356\257\275tJr\202{)\357\277\263t\021\304\303\235\234\272fE/\352\224//\352\2240\n\000""; }; nodes {;   nodedata: ""h\315\350\215y\203\242]\371\235\232Pt&\325\210eZ\346\237XZ \277\2457n\221\336\253\245\317\002\304\206+8\t]\351\316\373|\311\263V\300\023\035\211\237\260\300\r\033u3a1\203\303\365\307k\347\006E\344\037@\210\363\010\336T\226\247'\204_{\261\370""1\235\2445\343\033Y!\212\201\341\272\225'\007*$\244&\336\343'\233i\332\374\245 {^\306-N\333\gE\006\347\212\331C\211Z\177\247\031\n\302\244y\353l\024\360\n\000\274|\\260kO\020\032\337E4\367\321\353&\374\201k\306i\225\365\025\013\202_n)6q\357\2538_-\302\252B\204v\277\254\373\3322Ca\020\243\0105\263\257\367\032\254\016\003""; }; ","ledgerHash: ""\336\037\263=\026\236A\324J9\261\341@\353\236\027\243\365\225\347\2315\205\014\356\333\201\232V!\026\010""; ledgerSeq: 17; type: liBASE; nodes {;   nodedata: ""\000\000\000\021\001cEx]\211\377\330?Z\326\257)\2439\250\272\002\370\360\022\220W 062/8s4\204\363\253&I\000m\335\025\000\000\000\000\000\000\000\000\000\000\000\000\000\000\000\000\000\000\000\000\000\000\000\000\000\000\000\000\000\000\000\000\345\322Q\320-.\257J\365;|\356\257\275tJr\202{)\357\277\263t\021\304\303\235\234\272fE/\352\224//\352\2240\n\000""; }; nodes {;   nodedata: ""h\315\350\215y\203\242]\371\235\232Pt&\325\210eZ\346\237XZ \277\2457n\221\336\253\245\317\002\304\206+8\t]\351\316\373|\311\263V\300\023\035\211\237\260\300\r\033u3a1\203\303\365\307k\347\006E\344\037@\210\363\010\336T\226\247'\204_{\261\370""1\235\2445\343\033Y!\212\201\341\272\225'\007*$\244&\336\343'\233i\332\374\245 {^\306-N\333\gE\006\347\212\331C\211Z\177\247\031\n\302\244y\353l\024\360\n\000\274|\\260kO\020\032\337E4\367\321\353&\374\201k\306i\225\365\025\013\202_n)6q\357\2538_-\302\252B\204v\277\254\373\3322Ca\020\243\0105\263\257\367\032\254\016\003""; }; "
1750587314535,1750587314535,0,1,1,3,TMLedgerData,"ledgerHash: ""\336\037\263=\026\236A\324J9\261\341@\353\236\027\243\365\225\347\2315\205\014\356\333\201\232V!\026\010""; ledgerSeq: 17; type: liBASE; nodes {;   nodedata: ""\000\000\000\021\001cEx]\211\377\330?Z\326\257)\2439\250\272\002\370\360\022\220W 062/8s4\204\363\253&I\000m\335\025\000\000\000\000\000\000\000\000\000\000\000\000\000\000\000\000\000\000\000\000\000\000\000\000\000\000\000\000\000\000\000\000\345\322Q\320-.\257J\365;|\356\257\275tJr\202{)\357\277\263t\021\304\303\235\234\272fE/\352\224//\352\2240\n\000""; }; nodes {;   nodedata: ""h\315\350\215y\203\242]\371\235\232Pt&\325\210eZ\346\237XZ \277\2457n\221\336\253\245\317\002\304\206+8\t]\351\316\373|\311\263V\300\023\035\211\237\260\300\r\033u3a1\203\303\365\307k\347\006E\344\037@\210\363\010\336T\226\247'\204_{\261\370""1\235\2445\343\033Y!\212\201\341\272\225'\007*$\244&\336\343'\233i\332\374\245 {^\306-N\333\gE\006\347\212\331C\211Z\177\247\031\n\302\244y\353l\024\360\n\000\274|\\260kO\020\032\337E4\367\321\353&\374\201k\306i\225\365\025\013\202_n)6q\357\2538_-\302\252B\204v\277\254\373\3322Ca\020\243\0105\263\257\367\032\254\016\003""; }; requestCookie: 4; ","ledgerHash: ""\336\037\263=\026\236A\324J9\261\341@\353\236\027\243\365\225\347\2315\205\014\356\333\201\232V!\026\010""; ledgerSeq: 17; type: liBASE; nodes {;   nodedata: ""\000\000\000\021\001cEx]\211\377\330?Z\326\257)\2439\250\272\002\370\360\022\220W 062/8s4\204\363\253&I\000m\335\025\000\000\000\000\000\000\000\000\000\000\000\000\000\000\000\000\000\000\000\000\000\000\000\000\000\000\000\000\000\000\000\000\345\322Q\320-.\257J\365;|\356\257\275tJr\202{)\357\277\263t\021\304\303\235\234\272fE/\352\224//\352\2240\n\000""; }; nodes {;   nodedata: ""h\315\350\215y\203\242]\371\235\232Pt&\325\210eZ\346\237XZ \277\2457n\221\336\253\245\317\002\304\206+8\t]\351\316\373|\311\263V\300\023\035\211\237\260\300\r\033u3a1\203\303\365\307k\347\006E\344\037@\210\363\010\336T\226\247'\204_{\261\370""1\235\2445\343\033Y!\212\201\341\272\225'\007*$\244&\336\343'\233i\332\374\245 {^\306-N\333\gE\006\347\212\331C\211Z\177\247\031\n\302\244y\353l\024\360\n\000\274|\\260kO\020\032\337E4\367\321\353&\374\201k\306i\225\365\025\013\202_n)6q\357\2538_-\302\252B\204v\277\254\373\3322Ca\020\243\0105\263\257\367\032\254\016\003""; }; requestCookie: 4; "
1750587314535,1750587314535,0,1,0,2,TMLedgerData,"ledgerHash: ""\336\037\263=\026\236A\324J9\261\341@\353\236\027\243\365\225\347\2315\205\014\356\333\201\232V!\026\010""; ledgerSeq: 17; type: liBASE; nodes {;   nodedata: ""\000\000\000\021\001cEx]\211\377\330?Z\326\257)\2439\250\272\002\370\360\022\220W 062/8s4\204\363\253&I\000m\335\025\000\000\000\000\000\000\000\000\000\000\000\000\000\000\000\000\000\000\000\000\000\000\000\000\000\000\000\000\000\000\000\000\345\322Q\320-.\257J\365;|\356\257\275tJr\202{)\357\277\263t\021\304\303\235\234\272fE/\352\224//\352\2240\n\000""; }; nodes {;   nodedata: ""h\315\350\215y\203\242]\371\235\232Pt&\325\210eZ\346\237XZ \277\2457n\221\336\253\245\317\002\304\206+8\t]\351\316\373|\311\263V\300\023\035\211\237\260\300\r\033u3a1\203\303\365\307k\347\006E\344\037@\210\363\010\336T\226\247'\204_{\261\370""1\235\2445\343\033Y!\212\201\341\272\225'\007*$\244&\336\343'\233i\332\374\245 {^\306-N\333\gE\006\347\212\331C\211Z\177\247\031\n\302\244y\353l\024\360\n\000\274|\\260kO\020\032\337E4\367\321\353&\374\201k\306i\225\365\025\013\202_n)6q\357\2538_-\302\252B\204v\277\254\373\3322Ca\020\243\0105\263\257\367\032\254\016\003""; }; ","ledgerHash: ""\336\037\263=\026\236A\324J9\261\341@\353\236\027\243\365\225\347\2315\205\014\356\333\201\232V!\026\010""; ledgerSeq: 17; type: liBASE; nodes {;   nodedata: ""\000\000\000\021\001cEx]\211\377\330?Z\326\257)\2439\250\272\002\370\360\022\220W 062/8s4\204\363\253&I\000m\335\025\000\000\000\000\000\000\000\000\000\000\000\000\000\000\000\000\000\000\000\000\000\000\000\000\000\000\000\000\000\000\000\000\345\322Q\320-.\257J\365;|\356\257\275tJr\202{)\357\277\263t\021\304\303\235\234\272fE/\352\224//\352\2240\n\000""; }; nodes {;   nodedata: ""h\315\350\215y\203\242]\371\235\232Pt&\325\210eZ\346\237XZ \277\2457n\221\336\253\245\317\002\304\206+8\t]\351\316\373|\311\263V\300\023\035\211\237\260\300\r\033u3a1\203\303\365\307k\347\006E\344\037@\210\363\010\336T\226\247'\204_{\261\370""1\235\2445\343\033Y!\212\201\341\272\225'\007*$\244&\336\343'\233i\332\374\245 {^\306-N\333\gE\006\347\212\331C\211Z\177\247\031\n\302\244y\353l\024\360\n\000\274|\\260kO\020\032\337E4\367\321\353&\374\201k\306i\225\365\025\013\202_n)6q\357\2538_-\302\252B\204v\277\254\373\3322Ca\020\243\0105\263\257\367\032\254\016\003""; }; "
1750587314536,1750587314536,0,1,1,2,TMLedgerData,"ledgerHash: ""\336\037\263=\026\236A\324J9\261\341@\353\236\027\243\365\225\347\2315\205\014\356\333\201\232V!\026\010""; ledgerSeq: 17; type: liBASE; nodes {;   nodedata: ""\000\000\000\021\001cEx]\211\377\330?Z\326\257)\2439\250\272\002\370\360\022\220W 062/8s4\204\363\253&I\000m\335\025\000\000\000\000\000\000\000\000\000\000\000\000\000\000\000\000\000\000\000\000\000\000\000\000\000\000\000\000\000\000\000\000\345\322Q\320-.\257J\365;|\356\257\275tJr\202{)\357\277\263t\021\304\303\235\234\272fE/\352\224//\352\2240\n\000""; }; nodes {;   nodedata: ""h\315\350\215y\203\242]\371\235\232Pt&\325\210eZ\346\237XZ \277\2457n\221\336\253\245\317\002\304\206+8\t]\351\316\373|\311\263V\300\023\035\211\237\260\300\r\033u3a1\203\303\365\307k\347\006E\344\037@\210\363\010\336T\226\247'\204_{\261\370""1\235\2445\343\033Y!\212\201\341\272\225'\007*$\244&\336\343'\233i\332\374\245 {^\306-N\333\gE\006\347\212\331C\211Z\177\247\031\n\302\244y\353l\024\360\n\000\274|\\260kO\020\032\337E4\367\321\353&\374\201k\306i\225\365\025\013\202_n)6q\357\2538_-\302\252B\204v\277\254\373\3322Ca\020\243\0105\263\257\367\032\254\016\003""; }; requestCookie: 4; ","ledgerHash: ""\336\037\263=\026\236A\324J9\261\341@\353\236\027\243\365\225\347\2315\205\014\356\333\201\232V!\026\010""; ledgerSeq: 17; type: liBASE; nodes {;   nodedata: ""\000\000\000\021\001cEx]\211\377\330?Z\326\257)\2439\250\272\002\370\360\022\220W 062/8s4\204\363\253&I\000m\335\025\000\000\000\000\000\000\000\000\000\000\000\000\000\000\000\000\000\000\000\000\000\000\000\000\000\000\000\000\000\000\000\000\345\322Q\320-.\257J\365;|\356\257\275tJr\202{)\357\277\263t\021\304\303\235\234\272fE/\352\224//\352\2240\n\000""; }; nodes {;   nodedata: ""h\315\350\215y\203\242]\371\235\232Pt&\325\210eZ\346\237XZ \277\2457n\221\336\253\245\317\002\304\206+8\t]\351\316\373|\311\263V\300\023\035\211\237\260\300\r\033u3a1\203\303\365\307k\347\006E\344\037@\210\363\010\336T\226\247'\204_{\261\370""1\235\2445\343\033Y!\212\201\341\272\225'\007*$\244&\336\343'\233i\332\374\245 {^\306-N\333\gE\006\347\212\331C\211Z\177\247\031\n\302\244y\353l\024\360\n\000\274|\\260kO\020\032\337E4\367\321\353&\374\201k\306i\225\365\025\013\202_n)6q\357\2538_-\302\252B\204v\277\254\373\3322Ca\020\243\0105\263\257\367\032\254\016\003""; }; requestCookie: 4; "
1750587314537,1750587314537,0,1,1,0,TMLedgerData,"ledgerHash: ""\336\037\263=\026\236A\324J9\261\341@\353\236\027\243\365\225\347\2315\205\014\356\333\201\232V!\026\010""; ledgerSeq: 17; type: liBASE; nodes {;   nodedata: ""\000\000\000\021\001cEx]\211\377\330?Z\326\257)\2439\250\272\002\370\360\022\220W 062/8s4\204\363\253&I\000m\335\025\000\000\000\000\000\000\000\000\000\000\000\000\000\000\000\000\000\000\000\000\000\000\000\000\000\000\000\000\000\000\000\000\345\322Q\320-.\257J\365;|\356\257\275tJr\202{)\357\277\263t\021\304\303\235\234\272fE/\352\224//\352\2240\n\000""; }; nodes {;   nodedata: ""h\315\350\215y\203\242]\371\235\232Pt&\325\210eZ\346\237XZ \277\2457n\221\336\253\245\317\002\304\206+8\t]\351\316\373|\311\263V\300\023\035\211\237\260\300\r\033u3a1\203\303\365\307k\347\006E\344\037@\210\363\010\336T\226\247'\204_{\261\370""1\235\2445\343\033Y!\212\201\341\272\225'\007*$\244&\336\343'\233i\332\374\245 {^\306-N\333\gE\006\347\212\331C\211Z\177\247\031\n\302\244y\353l\024\360\n\000\274|\\260kO\020\032\337E4\367\321\353&\374\201k\306i\225\365\025\013\202_n)6q\357\2538_-\302\252B\204v\277\254\373\3322Ca\020\243\0105\263\257\367\032\254\016\003""; }; requestCookie: 4; ","ledgerHash: ""\336\037\263=\026\236A\324J9\261\341@\353\236\027\243\365\225\347\2315\205\014\356\333\201\232V!\026\010""; ledgerSeq: 17; type: liBASE; nodes {;   nodedata: ""\000\000\000\021\001cEx]\211\377\330?Z\326\257)\2439\250\272\002\370\360\022\220W 062/8s4\204\363\253&I\000m\335\025\000\000\000\000\000\000\000\000\000\000\000\000\000\000\000\000\000\000\000\000\000\000\000\000\000\000\000\000\000\000\000\000\345\322Q\320-.\257J\365;|\356\257\275tJr\202{)\357\277\263t\021\304\303\235\234\272fE/\352\224//\352\2240\n\000""; }; nodes {;   nodedata: ""h\315\350\215y\203\242]\371\235\232Pt&\325\210eZ\346\237XZ \277\2457n\221\336\253\245\317\002\304\206+8\t]\351\316\373|\311\263V\300\023\035\211\237\260\300\r\033u3a1\203\303\365\307k\347\006E\344\037@\210\363\010\336T\226\247'\204_{\261\370""1\235\2445\343\033Y!\212\201\341\272\225'\007*$\244&\336\343'\233i\332\374\245 {^\306-N\333\gE\006\347\212\331C\211Z\177\247\031\n\302\244y\353l\024\360\n\000\274|\\260kO\020\032\337E4\367\321\353&\374\201k\306i\225\365\025\013\202_n)6q\357\2538_-\302\252B\204v\277\254\373\3322Ca\020\243\0105\263\257\367\032\254\016\003""; }; requestCookie: 4; "
1750587314539,1750587314539,0,1,1,0,TMLedgerData,"ledgerHash: ""\336\037\263=\026\236A\324J9\261\341@\353\236\027\243\365\225\347\2315\205\014\356\333\201\232V!\026\010""; ledgerSeq: 17; type: liAS_NODE; nodes {;   nodedata: ""\021\000h""\000\000\000\000 \033\000\000\000\020\002\023\302_\330\356GuH\375\327!\255\371\r\231\262R\256J\034\222\241\355X\265E\241^W\225\304\014\361CX-}\351f\032\255\274\334m\326c\017\014ao[\342\230\003\245\245\3341Hm\326^\017jy\335\261\214.\207\210%\003 \010ML\347\200R\304&\320_\215\226\344\334\033\354\2002\255\216\332\317\255\034\017T\270\242(,&\233\326\374o\306[\235\317>\021e\005s\261\371l\216\017\003\032\017J\217\244W<\241'\332/+\360Bx\036+\210j\237K%\340]\246E\2434\264K\036\030qP\317\315\336\325\007\372\373$P*|\321\342\002\026\n\3215\340\3203\200x\327D\301]5\237\247Yz\3711!L\214\221=\252\002\267\225zg\264\253\271T\346ji\003\235\236Pis\264\375\222|H\344\261g?[g\311\347s\234ae\204\263\365U\334\372D\354\345\276\201f\035\271%#\375\245\314.""\373\330&\3746\354@[\274\202\021\202\373Vi\243\n\325\250\005e\360""m\346'\311@\343\016$L\346\334\360<w\317\351\2337\023\262\336W\254\222\315\335\317oP\221\031g\037\220\357Ft\030n\306\370\n\354\226\365\346\276\322i\233\014\037\027Z\351\022\216@=S\205\334\033\374\234n\r\270\210]\013\203\356\024\366\354\260\007L\324\236aQ\361\020X\372\353 3\347\310*\253\021gT!>\003\325\254,\003\367\204\031\331\255\240\304J\342j\272\270\274\360\307\356\347\200Ywm#\014\233\301\022L\232T\033N\341\232\325\233\227\313\307\302\001\313@D\264\016\334\r\034\035\\276\225\314|\234S*r\007\370x>\305D*\007b\276v\316D!=\355\210\037\325\034/l\242\365\034!w\324\362\3252-\025\351\314\2334,\306Dd\037v\256\345X\002=\033c\255\253\226\014-o\364!\262f\370\222\250\377\220&p\343\245\3604Op\353\317\305?Z\326\257)\2439\250\272\002\370\360\022\220W 062/8s4\204\363\253&I\000m\335\025\264\227\2326\315\307\363\323\325\303\032N\256*\307\327 \235\332\207u\210\271\257\306g\231i*\260\326k\001"";   nodeid: ""\260\000\000\000\000\000\000\000\000\000\000\000\000\000\000\000\000\000\000\000\000\000\000\000\000\000\000\000\000\000\000\000\001""; }; ","ledgerHash: ""\336\037\263=\026\236A\324J9\261\341@\353\236\027\243\365\225\347\2315\205\014\356\333\201\232V!\026\010""; ledgerSeq: 17; type: liAS_NODE; nodes {;   nodedata: ""\021\000h""\000\000\000\000 \033\000\000\000\020\002\023\302_\330\356GuH\375\327!\255\371\r\231\262R\256J\034\222\241\355X\265E\241^W\225\304\014\361CX-}\351f\032\255\274\334m\326c\017\014ao[\342\230\003\245\245\3341Hm\326^\017jy\335\261\214.\207\210%\003 \010ML\347\200R\304&\320_\215\226\344\334\033\354\2002\255\216\332\317\255\034\017T\270\242(,&\233\326\374o\306[\235\317>\021e\005s\261\371l\216\017\003\032\017J\217\244W<\241'\332/+\360Bx\036+\210j\237K%\340]\246E\2434\264K\036\030qP\317\315\336\325\007\372\373$P*|\321\342\002\026\n\3215\340\3203\200x\327D\301]5\237\247Yz\3711!L\214\221=\252\002\267\225zg\264\253\271T\346ji\003\235\236Pis\264\375\222|H\344\261g?[g\311\347s\234ae\204\263\365U\334\372D\354\345\276\201f\035\271%#\375\245\314.""\373\330&\3746\354@[\274\202\021\202\373Vi\243\n\325\250\005e\360""m\346'\311@\343\016$L\346\334\360<w\317\351\2337\023\262\336W\254\222\315\335\317oP\221\031g\037\220\357Ft\030n\306\370\n\354\226\365\346\276\322i\233\014\037\027Z\351\022\216@=S\205\334\033\374\234n\r\270\210]\013\203\356\024\366\354\260\007L\324\236aQ\361\020X\372\353 3\347\310*\253\021gT!>\003\325\254,\003\367\204\031\331\255\240\304J\342j\272\270\274\360\307\356\347\200Ywm#\014\233\301\022L\232T\033N\341\232\325\233\227\313\307\302\001\313@D\264\016\334\r\034\035\\276\225\314|\234S*r\007\370x>\305D*\007b\276v\316D!=\355\210\037\325\034/l\242\365\034!w\324\362\3252-\025\351\314\2334,\306Dd\037v\256\345X\002=\033c\255\253\226\014-o\364!\262f\370\222\250\377\220&p\343\245\3604Op\353\317\305?Z\326\257)\2439\250\272\002\370\360\022\220W 062/8s4\204\363\253&I\000m\335\025\264\227\2326\315\307\363\323\325\303\032N\256*\307\327 \235\332\207u\210\271\257\306g\231i*\260\326k\001"";   nodeid: ""\260\000\000\000\000\000\000\000\000\000\000\000\000\000\000\000\000\000\000\000\000\000\000\000\000\000\000\000\000\000\000\000\001""; }; "
1750587314539,1750587314540,0,1,1,2,TMLedgerData,"ledgerHash: ""\336\037\263=\026\236A\324J9\261\341@\353\236\027\243\365\225\347\2315\205\014\356\333\201\232V!\026\010""; ledgerSeq: 17; type: liBASE; nodes {;   nodedata: ""\000\000\000\021\001cEx]\211\377\330?Z\326\257)\2439\250\272\002\370\360\022\220W 062/8s4\204\363\253&I\000m\335\025\000\000\000\000\000\000\000\000\000\000\000\000\000\000\000\000\000\000\000\000\000\000\000\000\000\000\000\000\000\000\000\000\345\322Q\320-.\257J\365;|\356\257\275tJr\202{)\357\277\263t\021\304\303\235\234\272fE/\352\224//\352\2240\n\000""; }; nodes {;   nodedata: ""h\315\350\215y\203\242]\371\235\232Pt&\325\210eZ\346\237XZ \277\2457n\221\336\253\245\317\002\304\206+8\t]\351\316\373|\311\263V\300\023\035\211\237\260\300\r\033u3a1\203\303\365\307k\347\006E\344\037@\210\363\010\336T\226\247'\204_{\261\370""1\235\2445\343\033Y!\212\201\341\272\225'\007*$\244&\336\343'\233i\332\374\245 {^\306-N\333\gE\006\347\212\331C\211Z\177\247\031\n\302\244y\353l\024\360\n\000\274|\\260kO\020\032\337E4\367\321\353&\374\201k\306i\225\365\025\013\202_n)6q\357\2538_-\302\252B\204v\277\254\373\3322Ca\020\243\0105\263\257\367\032\254\016\003""; }; requestCookie: 2; ","ledgerHash: ""\336\037\263=\026\236A\324J9\261\341@\353\236\027\243\365\225\347\2315\205\014\356\333\201\232V!\026\010""; ledgerSeq: 17; type: liBASE; nodes {;   nodedata: ""\000\000\000\021\001cEx]\211\377\330?Z\326\257)\2439\250\272\002\370\360\022\220W 062/8s4\204\363\253&I\000m\335\025\000\000\000\000\000\000\000\000\000\000\000\000\000\000\000\000\000\000\000\000\000\000\000\000\000\000\000\000\000\000\000\000\345\322Q\320-.\257J\365;|\356\257\275tJr\202{)\357\277\263t\021\304\303\235\234\272fE/\352\224//\352\2240\n\000""; }; nodes {;   nodedata: ""h\315\350\215y\203\242]\371\235\232Pt&\325\210eZ\346\237XZ \277\2457n\221\336\253\245\317\002\304\206+8\t]\351\316\373|\311\263V\300\023\035\211\237\260\300\r\033u3a1\203\303\365\307k\347\006E\344\037@\210\363\010\336T\226\247'\204_{\261\370""1\235\2445\343\033Y!\212\201\341\272\225'\007*$\244&\336\343'\233i\332\374\245 {^\306-N\333\gE\006\347\212\331C\211Z\177\247\031\n\302\244y\353l\024\360\n\000\274|\\260kO\020\032\337E4\367\321\353&\374\201k\306i\225\365\025\013\202_n)6q\357\2538_-\302\252B\204v\277\254\373\3322Ca\020\243\0105\263\257\367\032\254\016\003""; }; requestCookie: 2; "
1750587314540,1750587314540,0,1,4,0,TMLedgerData,"ledgerHash: ""\336\037\263=\026\236A\324J9\261\341@\353\236\027\243\365\225\347\2315\205\014\356\333\201\232V!\026\010""; ledgerSeq: 17; type: liBASE; nodes {;   nodedata: ""\000\000\000\021\001cEx]\211\377\330?Z\326\257)\2439\250\272\002\370\360\022\220W 062/8s4\204\363\253&I\000m\335\025\000\000\000\000\000\000\000\000\000\000\000\000\000\000\000\000\000\000\000\000\000\000\000\000\000\000\000\000\000\000\000\000\345\322Q\320-.\257J\365;|\356\257\275tJr\202{)\357\277\263t\021\304\303\235\234\272fE/\352\224//\352\2240\n\000""; }; nodes {;   nodedata: ""h\315\350\215y\203\242]\371\235\232Pt&\325\210eZ\346\237XZ \277\2457n\221\336\253\245\317\002\304\206+8\t]\351\316\373|\311\263V\300\023\035\211\237\260\300\r\033u3a1\203\303\365\307k\347\006E\344\037@\210\363\010\336T\226\247'\204_{\261\370""1\235\2445\343\033Y!\212\201\341\272\225'\007*$\244&\336\343'\233i\332\374\245 {^\306-N\333\gE\006\347\212\331C\211Z\177\247\031\n\302\244y\353l\024\360\n\000\274|\\260kO\020\032\337E4\367\321\353&\374\201k\306i\225\365\025\013\202_n)6q\357\2538_-\302\252B\204v\277\254\373\3322Ca\020\243\0105\263\257\367\032\254\016\003""; }; ","ledgerHash: ""\336\037\263=\026\236A\324J9\261\341@\353\236\027\243\365\225\347\2315\205\014\356\333\201\232V!\026\010""; ledgerSeq: 17; type: liBASE; nodes {;   nodedata: ""\000\000\000\021\001cEx]\211\377\330?Z\326\257)\2439\250\272\002\370\360\022\220W 062/8s4\204\363\253&I\000m\335\025\000\000\000\000\000\000\000\000\000\000\000\000\000\000\000\000\000\000\000\000\000\000\000\000\000\000\000\000\000\000\000\000\345\322Q\320-.\257J\365;|\356\257\275tJr\202{)\357\277\263t\021\304\303\235\234\272fE/\352\224//\352\2240\n\000""; }; nodes {;   nodedata: ""h\315\350\215y\203\242]\371\235\232Pt&\325\210eZ\346\237XZ \277\2457n\221\336\253\245\317\002\304\206+8\t]\351\316\373|\311\263V\300\023\035\211\237\260\300\r\033u3a1\203\303\365\307k\347\006E\344\037@\210\363\010\336T\226\247'\204_{\261\370""1\235\2445\343\033Y!\212\201\341\272\225'\007*$\244&\336\343'\233i\332\374\245 {^\306-N\333\gE\006\347\212\331C\211Z\177\247\031\n\302\244y\353l\024\360\n\000\274|\\260kO\020\032\337E4\367\321\353&\374\201k\306i\225\365\025\013\202_n)6q\357\2538_-\302\252B\204v\277\254\373\3322Ca\020\243\0105\263\257\367\032\254\016\003""; }; "
1750587314541,1750587314541,0,1,3,1,TMGetLedger,"itype: liBASE; ledgerHash: ""\336\037\263=\026\236A\324J9\261\341@\353\236\027\243\365\225\347\2315\205\014\356\333\201\232V!\026\010""; requestCookie: 2; queryType: qtINDIRECT; ","itype: liBASE; ledgerHash: ""\336\037\263=\026\236A\324J9\261\341@\353\236\027\243\365\225\347\2315\205\014\356\333\201\232V!\026\010""; requestCookie: 2; queryType: qtINDIRECT; "
1750587314542,1750587314542,0,1,3,2,TMLedgerData,"ledgerHash: ""\336\037\263=\026\236A\324J9\261\341@\353\236\027\243\365\225\347\2315\205\014\356\333\201\232V!\026\010""; ledgerSeq: 17; type: liBASE; nodes {;   nodedata: ""\000\000\000\021\001cEx]\211\377\330?Z\326\257)\2439\250\272\002\370\360\022\220W 062/8s4\204\363\253&I\000m\335\025\000\000\000\000\000\000\000\000\000\000\000\000\000\000\000\000\000\000\000\000\000\000\000\000\000\000\000\000\000\000\000\000\345\322Q\320-.\257J\365;|\356\257\275tJr\202{)\357\277\263t\021\304\303\235\234\272fE/\352\224//\352\2240\n\000""; }; nodes {;   nodedata: ""h\315\350\215y\203\242]\371\235\232Pt&\325\210eZ\346\237XZ \277\2457n\221\336\253\245\317\002\304\206+8\t]\351\316\373|\311\263V\300\023\035\211\237\260\300\r\033u3a1\203\303\365\307k\347\006E\344\037@\210\363\010\336T\226\247'\204_{\261\370""1\235\2445\343\033Y!\212\201\341\272\225'\007*$\244&\336\343'\233i\332\374\245 {^\306-N\333\gE\006\347\212\331C\211Z\177\247\031\n\302\244y\353l\024\360\n\000\274|\\260kO\020\032\337E4\367\321\353&\374\201k\306i\225\365\025\013\202_n)6q\357\2538_-\302\252B\204v\277\254\373\3322Ca\020\243\0105\263\257\367\032\254\016\003""; }; ","ledgerHash: ""\336\037\263=\026\236A\324J9\261\341@\353\236\027\243\365\225\347\2315\205\014\356\333\201\232V!\026\010""; ledgerSeq: 17; type: liBASE; nodes {;   nodedata: ""\000\000\000\021\001cEx]\211\377\330?Z\326\257)\2439\250\272\002\370\360\022\220W 062/8s4\204\363\253&I\000m\335\025\000\000\000\000\000\000\000\000\000\000\000\000\000\000\000\000\000\000\000\000\000\000\000\000\000\000\000\000\000\000\000\000\345\322Q\320-.\257J\365;|\356\257\275tJr\202{)\357\277\263t\021\304\303\235\234\272fE/\352\224//\352\2240\n\000""; }; nodes {;   nodedata: ""h\315\350\215y\203\242]\371\235\232Pt&\325\210eZ\346\237XZ \277\2457n\221\336\253\245\317\002\304\206+8\t]\351\316\373|\311\263V\300\023\035\211\237\260\300\r\033u3a1\203\303\365\307k\347\006E\344\037@\210\363\010\336T\226\247'\204_{\261\370""1\235\2445\343\033Y!\212\201\341\272\225'\007*$\244&\336\343'\233i\332\374\245 {^\306-N\333\gE\006\347\212\331C\211Z\177\247\031\n\302\244y\353l\024\360\n\000\274|\\260kO\020\032\337E4\367\321\353&\374\201k\306i\225\365\025\013\202_n)6q\357\2538_-\302\252B\204v\277\254\373\3322Ca\020\243\0105\263\257\367\032\254\016\003""; }; "
1750587314542,1750587314542,0,1,2,3,TMLedgerData,"ledgerHash: ""\336\037\263=\026\236A\324J9\261\341@\353\236\027\243\365\225\347\2315\205\014\356\333\201\232V!\026\010""; ledgerSeq: 17; type: liBASE; nodes {;   nodedata: ""\000\000\000\021\001cEx]\211\377\330?Z\326\257)\2439\250\272\002\370\360\022\220W 062/8s4\204\363\253&I\000m\335\025\000\000\000\000\000\000\000\000\000\000\000\000\000\000\000\000\000\000\000\000\000\000\000\000\000\000\000\000\000\000\000\000\345\322Q\320-.\257J\365;|\356\257\275tJr\202{)\357\277\263t\021\304\303\235\234\272fE/\352\224//\352\2240\n\000""; }; nodes {;   nodedata: ""h\315\350\215y\203\242]\371\235\232Pt&\325\210eZ\346\237XZ \277\2457n\221\336\253\245\317\002\304\206+8\t]\351\316\373|\311\263V\300\023\035\211\237\260\300\r\033u3a1\203\303\365\307k\347\006E\344\037@\210\363\010\336T\226\247'\204_{\261\370""1\235\2445\343\033Y!\212\201\341\272\225'\007*$\244&\336\343'\233i\332\374\245 {^\306-N\333\gE\006\347\212\331C\211Z\177\247\031\n\302\244y\353l\024\360\n\000\274|\\260kO\020\032\337E4\367\321\353&\374\201k\306i\225\365\025\013\202_n)6q\357\2538_-\302\252B\204v\277\254\373\3322Ca\020\243\0105\263\257\367\032\254\016\003""; }; ","ledgerHash: ""\336\037\263=\026\236A\324J9\261\341@\353\236\027\243\365\225\347\2315\205\014\356\333\201\232V!\026\010""; ledgerSeq: 17; type: liBASE; nodes {;   nodedata: ""\000\000\000\021\001cEx]\211\377\330?Z\326\257)\2439\250\272\002\370\360\022\220W 062/8s4\204\363\253&I\000m\335\025\000\000\000\000\000\000\000\000\000\000\000\000\000\000\000\000\000\000\000\000\000\000\000\000\000\000\000\000\000\000\000\000\345\322Q\320-.\257J\365;|\356\257\275tJr\202{)\357\277\263t\021\304\303\235\234\272fE/\352\224//\352\2240\n\000""; }; nodes {;   nodedata: ""h\315\350\215y\203\242]\371\235\232Pt&\325\210eZ\346\237XZ \277\2457n\221\336\253\245\317\002\304\206+8\t]\351\316\373|\311\263V\300\023\035\211\237\260\300\r\033u3a1\203\303\365\307k\347\006E\344\037@\210\363\010\336T\226\247'\204_{\261\370""1\235\2445\343\033Y!\212\201\341\272\225'\007*$\244&\336\343'\233i\332\374\245 {^\306-N\333\gE\006\347\212\331C\211Z\177\247\031\n\302\244y\353l\024\360\n\000\274|\\260kO\020\032\337E4\367\321\353&\374\201k\306i\225\365\025\013\202_n)6q\357\2538_-\302\252B\204v\277\254\373\3322Ca\020\243\0105\263\257\367\032\254\016\003""; }; "
1750587314543,1750587314544,0,1,0,3,TMLedgerData,"ledgerHash: ""\336\037\263=\026\236A\324J9\261\341@\353\236\027\243\365\225\347\2315\205\014\356\333\201\232V!\026\010""; ledgerSeq: 17; type: liBASE; nodes {;   nodedata: ""\000\000\000\021\001cEx]\211\377\330?Z\326\257)\2439\250\272\002\370\360\022\220W 062/8s4\204\363\253&I\000m\335\025\000\000\000\000\000\000\000\000\000\000\000\000\000\000\000\000\000\000\000\000\000\000\000\000\000\000\000\000\000\000\000\000\345\322Q\320-.\257J\365;|\356\257\275tJr\202{)\357\277\263t\021\304\303\235\234\272fE/\352\224//\352\2240\n\000""; }; nodes {;   nodedata: ""h\315\350\215y\203\242]\371\235\232Pt&\325\210eZ\346\237XZ \277\2457n\221\336\253\245\317\002\304\206+8\t]\351\316\373|\311\263V\300\023\035\211\237\260\300\r\033u3a1\203\303\365\307k\347\006E\344\037@\210\363\010\336T\226\247'\204_{\261\370""1\235\2445\343\033Y!\212\201\341\272\225'\007*$\244&\336\343'\233i\332\374\245 {^\306-N\333\gE\006\347\212\331C\211Z\177\247\031\n\302\244y\353l\024\360\n\000\274|\\260kO\020\032\337E4\367\321\353&\374\201k\306i\225\365\025\013\202_n)6q\357\2538_-\302\252B\204v\277\254\373\3322Ca\020\243\0105\263\257\367\032\254\016\003""; }; ","ledgerHash: ""\336\037\263=\026\236A\324J9\261\341@\353\236\027\243\365\225\347\2315\205\014\356\333\201\232V!\026\010""; ledgerSeq: 17; type: liBASE; nodes {;   nodedata: ""\000\000\000\021\001cEx]\211\377\330?Z\326\257)\2439\250\272\002\370\360\022\220W 062/8s4\204\363\253&I\000m\335\025\000\000\000\000\000\000\000\000\000\000\000\000\000\000\000\000\000\000\000\000\000\000\000\000\000\000\000\000\000\000\000\000\345\322Q\320-.\257J\365;|\356\257\275tJr\202{)\357\277\263t\021\304\303\235\234\272fE/\352\224//\352\2240\n\000""; }; nodes {;   nodedata: ""h\315\350\215y\203\242]\371\235\232Pt&\325\210eZ\346\237XZ \277\2457n\221\336\253\245\317\002\304\206+8\t]\351\316\373|\311\263V\300\023\035\211\237\260\300\r\033u3a1\203\303\365\307k\347\006E\344\037@\210\363\010\336T\226\247'\204_{\261\370""1\235\2445\343\033Y!\212\201\341\272\225'\007*$\244&\336\343'\233i\332\374\245 {^\306-N\333\gE\006\347\212\331C\211Z\177\247\031\n\302\244y\353l\024\360\n\000\274|\\260kO\020\032\337E4\367\321\353&\374\201k\306i\225\365\025\013\202_n)6q\357\2538_-\302\252B\204v\277\254\373\3322Ca\020\243\0105\263\257\367\032\254\016\003""; }; "
1750587314545,1750587314545,0,1,2,0,TMLedgerData,"ledgerHash: ""\336\037\263=\026\236A\324J9\261\341@\353\236\027\243\365\225\347\2315\205\014\356\333\201\232V!\026\010""; ledgerSeq: 17; type: liBASE; nodes {;   nodedata: ""\000\000\000\021\001cEx]\211\377\330?Z\326\257)\2439\250\272\002\370\360\022\220W 062/8s4\204\363\253&I\000m\335\025\000\000\000\000\000\000\000\000\000\000\000\000\000\000\000\000\000\000\000\000\000\000\000\000\000\000\000\000\000\000\000\000\345\322Q\320-.\257J\365;|\356\257\275tJr\202{)\357\277\263t\021\304\303\235\234\272fE/\352\224//\352\2240\n\000""; }; nodes {;   nodedata: ""h\315\350\215y\203\242]\371\235\232Pt&\325\210eZ\346\237XZ \277\2457n\221\336\253\245\317\002\304\206+8\t]\351\316\373|\311\263V\300\023\035\211\237\260\300\r\033u3a1\203\303\365\307k\347\006E\344\037@\210\363\010\336T\226\247'\204_{\261\370""1\235\2445\343\033Y!\212\201\341\272\225'\007*$\244&\336\343'\233i\332\374\245 {^\306-N\333\gE\006\347\212\331C\211Z\177\247\031\n\302\244y\353l\024\360\n\000\274|\\260kO\020\032\337E4\367\321\353&\374\201k\306i\225\365\025\013\202_n)6q\357\2538_-\302\252B\204v\277\254\373\3322Ca\020\243\0105\263\257\367\032\254\016\003""; }; ","ledgerHash: ""\336\037\263=\026\236A\324J9\261\341@\353\236\027\243\365\225\347\2315\205\014\356\333\201\232V!\026\010""; ledgerSeq: 17; type: liBASE; nodes {;   nodedata: ""\000\000\000\021\001cEx]\211\377\330?Z\326\257)\2439\250\272\002\370\360\022\220W 062/8s4\204\363\253&I\000m\335\025\000\000\000\000\000\000\000\000\000\000\000\000\000\000\000\000\000\000\000\000\000\000\000\000\000\000\000\000\000\000\000\000\345\322Q\320-.\257J\365;|\356\257\275tJr\202{)\357\277\263t\021\304\303\235\234\272fE/\352\224//\352\2240\n\000""; }; nodes {;   nodedata: ""h\315\350\215y\203\242]\371\235\232Pt&\325\210eZ\346\237XZ \277\2457n\221\336\253\245\317\002\304\206+8\t]\351\316\373|\311\263V\300\023\035\211\237\260\300\r\033u3a1\203\303\365\307k\347\006E\344\037@\210\363\010\336T\226\247'\204_{\261\370""1\235\2445\343\033Y!\212\201\341\272\225'\007*$\244&\336\343'\233i\332\374\245 {^\306-N\333\gE\006\347\212\331C\211Z\177\247\031\n\302\244y\353l\024\360\n\000\274|\\260kO\020\032\337E4\367\321\353&\374\201k\306i\225\365\025\013\202_n)6q\357\2538_-\302\252B\204v\277\254\373\3322Ca\020\243\0105\263\257\367\032\254\016\003""; }; "
1750587314545,1750587314546,0,1,1,3,TMLedgerData,"ledgerHash: ""\336\037\263=\026\236A\324J9\261\341@\353\236\027\243\365\225\347\2315\205\014\356\333\201\232V!\026\010""; ledgerSeq: 17; type: liAS_NODE; nodes {;   nodedata: ""\021\000h""\000\000\000\000 \033\000\000\000\020\002\023\302_\330\356GuH\375\327!\255\371\r\231\262R\256J\034\222\241\355X\265E\241^W\225\304\014\361CX-}\351f\032\255\274\334m\326c\017\014ao[\342\230\003\245\245\3341Hm\326^\017jy\335\261\214.\207\210%\003 \010ML\347\200R\304&\320_\215\226\344\334\033\354\2002\255\216\332\317\255\034\017T\270\242(,&\233\326\374o\306[\235\317>\021e\005s\261\371l\216\017\003\032\017J\217\244W<\241'\332/+\360Bx\036+\210j\237K%\340]\246E\2434\264K\036\030qP\317\315\336\325\007\372\373$P*|\321\342\002\026\n\3215\340\3203\200x\327D\301]5\237\247Yz\3711!L\214\221=\252\002\267\225zg\264\253\271T\346ji\003\235\236Pis\264\375\222|H\344\261g?[g\311\347s\234ae\204\263\365U\334\372D\354\345\276\201f\035\271%#\375\245\314.""\373\330&\3746\354@[\274\202\021\202\373Vi\243\n\325\250\005e\360""m\346'\311@\343\016$L\346\334\360<w\317\351\2337\023\262\336W\254\222\315\335\317oP\221\031g\037\220\357Ft\030n\306\370\n\354\226\365\346\276\322i\233\014\037\027Z\351\022\216@=S\205\334\033\374\234n\r\270\210]\013\203\356\024\366\354\260\007L\324\236aQ\361\020X\372\353 3\347\310*\253\021gT!>\003\325\254,\003\367\204\031\331\255\240\304J\342j\272\270\274\360\307\356\347\200Ywm#\014\233\301\022L\232T\033N\341\232\325\233\227\313\307\302\001\313@D\264\016\334\r\034\035\\276\225\314|\234S*r\007\370x>\305D*\007b\276v\316D!=\355\210\037\325\034/l\242\365\034!w\324\362\3252-\025\351\314\2334,\306Dd\037v\256\345X\002=\033c\255\253\226\014-o\364!\262f\370\222\250\377\220&p\343\245\3604Op\353\317\305?Z\326\257)\2439\250\272\002\370\360\022\220W 062/8s4\204\363\253&I\000m\335\025\264\227\2326\315\307\363\323\325\303\032N\256*\307\327 \235\332\207u\210\271\257\306g\231i*\260\326k\001"";   nodeid: ""\260\000\000\000\000\000\000\000\000\000\000\000\000\000\000\000\000\000\000\000\000\000\000\000\000\000\000\000\000\000\000\000\001""; }; ","ledgerHash: ""\336\037\263=\026\236A\324J9\261\341@\353\236\027\243\365\225\347\2315\205\014\356\333\201\232V!\026\010""; ledgerSeq: 17; type: liAS_NODE; nodes {;   nodedata: ""\021\000h""\000\000\000\000 \033\000\000\000\020\002\023\302_\330\356GuH\375\327!\255\371\r\231\262R\256J\034\222\241\355X\265E\241^W\225\304\014\361CX-}\351f\032\255\274\334m\326c\017\014ao[\342\230\003\245\245\3341Hm\326^\017jy\335\261\214.\207\210%\003 \010ML\347\200R\304&\320_\215\226\344\334\033\354\2002\255\216\332\317\255\034\017T\270\242(,&\233\326\374o\306[\235\317>\021e\005s\261\371l\216\017\003\032\017J\217\244W<\241'\332/+\360Bx\036+\210j\237K%\340]\246E\2434\264K\036\030qP\317\315\336\325\007\372\373$P*|\321\342\002\026\n\3215\340\3203\200x\327D\301]5\237\247Yz\3711!L\214\221=\252\002\267\225zg\264\253\271T\346ji\003\235\236Pis\264\375\222|H\344\261g?[g\311\347s\234ae\204\263\365U\334\372D\354\345\276\201f\035\271%#\375\245\314.""\373\330&\3746\354@[\274\202\021\202\373Vi\243\n\325\250\005e\360""m\346'\311@\343\016$L\346\334\360<w\317\351\2337\023\262\336W\254\222\315\335\317oP\221\031g\037\220\357Ft\030n\306\370\n\354\226\365\346\276\322i\233\014\037\027Z\351\022\216@=S\205\334\033\374\234n\r\270\210]\013\203\356\024\366\354\260\007L\324\236aQ\361\020X\372\353 3\347\310*\253\021gT!>\003\325\254,\003\367\204\031\331\255\240\304J\342j\272\270\274\360\307\356\347\200Ywm#\014\233\301\022L\232T\033N\341\232\325\233\227\313\307\302\001\313@D\264\016\334\r\034\035\\276\225\314|\234S*r\007\370x>\305D*\007b\276v\316D!=\355\210\037\325\034/l\242\365\034!w\324\362\3252-\025\351\314\2334,\306Dd\037v\256\345X\002=\033c\255\253\226\014-o\364!\262f\370\222\250\377\220&p\343\245\3604Op\353\317\305?Z\326\257)\2439\250\272\002\370\360\022\220W 062/8s4\204\363\253&I\000m\335\025\264\227\2326\315\307\363\323\325\303\032N\256*\307\327 \235\332\207u\210\271\257\306g\231i*\260\326k\001"";   nodeid: ""\260\000\000\000\000\000\000\000\000\000\000\000\000\000\000\000\000\000\000\000\000\000\000\000\000\000\000\000\000\000\000\000\001""; }; "
1750587314582,1750587314582,0,1,1,2,TMLedgerData,"ledgerHash: ""\336\037\263=\026\236A\324J9\261\341@\353\236\027\243\365\225\347\2315\205\014\356\333\201\232V!\026\010""; ledgerSeq: 17; type: liAS_NODE; nodes {;   nodedata: ""\021\000h""\000\000\000\000 \033\000\000\000\020\002\023\302_\330\356GuH\375\327!\255\371\r\231\262R\256J\034\222\241\355X\265E\241^W\225\304\014\361CX-}\351f\032\255\274\334m\326c\017\014ao[\342\230\003\245\245\3341Hm\326^\017jy\335\261\214.\207\210%\003 \010ML\347\200R\304&\320_\215\226\344\334\033\354\2002\255\216\332\317\255\034\017T\270\242(,&\233\326\374o\306[\235\317>\021e\005s\261\371l\216\017\003\032\017J\217\244W<\241'\332/+\360Bx\036+\210j\237K%\340]\246E\2434\264K\036\030qP\317\315\336\325\007\372\373$P*|\321\342\002\026\n\3215\340\3203\200x\327D\301]5\237\247Yz\3711!L\214\221=\252\002\267\225zg\264\253\271T\346ji\003\235\236Pis\264\375\222|H\344\261g?[g\311\347s\234ae\204\263\365U\334\372D\354\345\276\201f\035\271%#\375\245\314.""\373\330&\3746\354@[\274\202\021\202\373Vi\243\n\325\250\005e\360""m\346'\311@\343\016$L\346\334\360<w\317\351\2337\023\262\336W\254\222\315\335\317oP\221\031g\037\220\357Ft\030n\306\370\n\354\226\365\346\276\322i\233\014\037\027Z\351\022\216@=S\205\334\033\374\234n\r\270\210]\013\203\356\024\366\354\260\007L\324\236aQ\361\020X\372\353 3\347\310*\253\021gT!>\003\325\254,\003\367\204\031\331\255\240\304J\342j\272\270\274\360\307\356\347\200Ywm#\014\233\301\022L\232T\033N\341\232\325\233\227\313\307\302\001\313@D\264\016\334\r\034\035\\276\225\314|\234S*r\007\370x>\305D*\007b\276v\316D!=\355\210\037\325\034/l\242\365\034!w\324\362\3252-\025\351\314\2334,\306Dd\037v\256\345X\002=\033c\255\253\226\014-o\364!\262f\370\222\250\377\220&p\343\245\3604Op\353\317\305?Z\326\257)\2439\250\272\002\370\360\022\220W 062/8s4\204\363\253&I\000m\335\025\264\227\2326\315\307\363\323\325\303\032N\256*\307\327 \235\332\207u\210\271\257\306g\231i*\260\326k\001"";   nodeid: ""\260\000\000\000\000\000\000\000\000\000\000\000\000\000\000\000\000\000\000\000\000\000\000\000\000\000\000\000\000\000\000\000\001""; }; ","ledgerHash: ""\336\037\263=\026\236A\324J9\261\341@\353\236\027\243\365\225\347\2315\205\014\356\333\201\232V!\026\010""; ledgerSeq: 17; type: liAS_NODE; nodes {;   nodedata: ""\021\000h""\000\000\000\000 \033\000\000\000\020\002\023\302_\330\356GuH\375\327!\255\371\r\231\262R\256J\034\222\241\355X\265E\241^W\225\304\014\361CX-}\351f\032\255\274\334m\326c\017\014ao[\342\230\003\245\245\3341Hm\326^\017jy\335\261\214.\207\210%\003 \010ML\347\200R\304&\320_\215\226\344\334\033\354\2002\255\216\332\317\255\034\017T\270\242(,&\233\326\374o\306[\235\317>\021e\005s\261\371l\216\017\003\032\017J\217\244W<\241'\332/+\360Bx\036+\210j\237K%\340]\246E\2434\264K\036\030qP\317\315\336\325\007\372\373$P*|\321\342\002\026\n\3215\340\3203\200x\327D\301]5\237\247Yz\3711!L\214\221=\252\002\267\225zg\264\253\271T\346ji\003\235\236Pis\264\375\222|H\344\261g?[g\311\347s\234ae\204\263\365U\334\372D\354\345\276\201f\035\271%#\375\245\314.""\373\330&\3746\354@[\274\202\021\202\373Vi\243\n\325\250\005e\360""m\346'\311@\343\016$L\346\334\360<w\317\351\2337\023\262\336W\254\222\315\335\317oP\221\031g\037\220\357Ft\030n\306\370\n\354\226\365\346\276\322i\233\014\037\027Z\351\022\216@=S\205\334\033\374\234n\r\270\210]\013\203\356\024\366\354\260\007L\324\236aQ\361\020X\372\353 3\347\310*\253\021gT!>\003\325\254,\003\367\204\031\331\255\240\304J\342j\272\270\274\360\307\356\347\200Ywm#\014\233\301\022L\232T\033N\341\232\325\233\227\313\307\302\001\313@D\264\016\334\r\034\035\\276\225\314|\234S*r\007\370x>\305D*\007b\276v\316D!=\355\210\037\325\034/l\242\365\034!w\324\362\3252-\025\351\314\2334,\306Dd\037v\256\345X\002=\033c\255\253\226\014-o\364!\262f\370\222\250\377\220&p\343\245\3604Op\353\317\305?Z\326\257)\2439\250\272\002\370\360\022\220W 062/8s4\204\363\253&I\000m\335\025\264\227\2326\315\307\363\323\325\303\032N\256*\307\327 \235\332\207u\210\271\257\306g\231i*\260\326k\001"";   nodeid: ""\260\000\000\000\000\000\000\000\000\000\000\000\000\000\000\000\000\000\000\000\000\000\000\000\000\000\000\000\000\000\000\000\001""; }; "
1750587314586,1750587314586,0,1,1,3,TMLedgerData,"ledgerHash: ""\336\037\263=\026\236A\324J9\261\341@\353\236\027\243\365\225\347\2315\205\014\356\333\201\232V!\026\010""; ledgerSeq: 17; type: liBASE; nodes {;   nodedata: ""\000\000\000\021\001cEx]\211\377\330?Z\326\257)\2439\250\272\002\370\360\022\220W 062/8s4\204\363\253&I\000m\335\025\000\000\000\000\000\000\000\000\000\000\000\000\000\000\000\000\000\000\000\000\000\000\000\000\000\000\000\000\000\000\000\000\345\322Q\320-.\257J\365;|\356\257\275tJr\202{)\357\277\263t\021\304\303\235\234\272fE/\352\224//\352\2240\n\000""; }; nodes {;   nodedata: ""h\315\350\215y\203\242]\371\235\232Pt&\325\210eZ\346\237XZ \277\2457n\221\336\253\245\317\002\304\206+8\t]\351\316\373|\311\263V\300\023\035\211\237\260\300\r\033u3a1\203\303\365\307k\347\006E\344\037@\210\363\010\336T\226\247'\204_{\261\370""1\235\2445\343\033Y!\212\201\341\272\225'\007*$\244&\336\343'\233i\332\374\245 {^\306-N\333\gE\006\347\212\331C\211Z\177\247\031\n\302\244y\353l\024\360\n\000\274|\\260kO\020\032\337E4\367\321\353&\374\201k\306i\225\365\025\013\202_n)6q\357\2538_-\302\252B\204v\277\254\373\3322Ca\020\243\0105\263\257\367\032\254\016\003""; }; requestCookie: 2; ","ledgerHash: ""\336\037\263=\026\236A\324J9\261\341@\353\236\027\243\365\225\347\2315\205\014\356\333\201\232V!\026\010""; ledgerSeq: 17; type: liBASE; nodes {;   nodedata: ""\000\000\000\021\001cEx]\211\377\330?Z\326\257)\2439\250\272\002\370\360\022\220W 062/8s4\204\363\253&I\000m\335\025\000\000\000\000\000\000\000\000\000\000\000\000\000\000\000\000\000\000\000\000\000\000\000\000\000\000\000\000\000\000\000\000\345\322Q\320-.\257J\365;|\356\257\275tJr\202{)\357\277\263t\021\304\303\235\234\272fE/\352\224//\352\2240\n\000""; }; nodes {;   nodedata: ""h\315\350\215y\203\242]\371\235\232Pt&\325\210eZ\346\237XZ \277\2457n\221\336\253\245\317\002\304\206+8\t]\351\316\373|\311\263V\300\023\035\211\237\260\300\r\033u3a1\203\303\365\307k\347\006E\344\037@\210\363\010\336T\226\247'\204_{\261\370""1\235\2445\343\033Y!\212\201\341\272\225'\007*$\244&\336\343'\233i\332\374\245 {^\306-N\333\gE\006\347\212\331C\211Z\177\247\031\n\302\244y\353l\024\360\n\000\274|\\260kO\020\032\337E4\367\321\353&\374\201k\306i\225\365\025\013\202_n)6q\357\2538_-\302\252B\204v\277\254\373\3322Ca\020\243\0105\263\257\367\032\254\016\003""; }; requestCookie: 2; "
1750587314587,1750587314587,0,1,3,0,TMLedgerData,"ledgerHash: ""\336\037\263=\026\236A\324J9\261\341@\353\236\027\243\365\225\347\2315\205\014\356\333\201\232V!\026\010""; ledgerSeq: 17; type: liBASE; nodes {;   nodedata: ""\000\000\000\021\001cEx]\211\377\330?Z\326\257)\2439\250\272\002\370\360\022\220W 062/8s4\204\363\253&I\000m\335\025\000\000\000\000\000\000\000\000\000\000\000\000\000\000\000\000\000\000\000\000\000\000\000\000\000\000\000\000\000\000\000\000\345\322Q\320-.\257J\365;|\356\257\275tJr\202{)\357\277\263t\021\304\303\235\234\272fE/\352\224//\352\2240\n\000""; }; nodes {;   nodedata: ""h\315\350\215y\203\242]\371\235\232Pt&\325\210eZ\346\237XZ \277\2457n\221\336\253\245\317\002\304\206+8\t]\351\316\373|\311\263V\300\023\035\211\237\260\300\r\033u3a1\203\303\365\307k\347\006E\344\037@\210\363\010\336T\226\247'\204_{\261\370""1\235\2445\343\033Y!\212\201\341\272\225'\007*$\244&\336\343'\233i\332\374\245 {^\306-N\333\gE\006\347\212\331C\211Z\177\247\031\n\302\244y\353l\024\360\n\000\274|\\260kO\020\032\337E4\367\321\353&\374\201k\306i\225\365\025\013\202_n)6q\357\2538_-\302\252B\204v\277\254\373\3322Ca\020\243\0105\263\257\367\032\254\016\003""; }; ","ledgerHash: ""\336\037\263=\026\236A\324J9\261\341@\353\236\027\243\365\225\347\2315\205\014\356\333\201\232V!\026\010""; ledgerSeq: 17; type: liBASE; nodes {;   nodedata: ""\000\000\000\021\001cEx]\211\377\330?Z\326\257)\2439\250\272\002\370\360\022\220W 062/8s4\204\363\253&I\000m\335\025\000\000\000\000\000\000\000\000\000\000\000\000\000\000\000\000\000\000\000\000\000\000\000\000\000\000\000\000\000\000\000\000\345\322Q\320-.\257J\365;|\356\257\275tJr\202{)\357\277\263t\021\304\303\235\234\272fE/\352\224//\352\2240\n\000""; }; nodes {;   nodedata: ""h\315\350\215y\203\242]\371\235\232Pt&\325\210eZ\346\237XZ \277\2457n\221\336\253\245\317\002\304\206+8\t]\351\316\373|\311\263V\300\023\035\211\237\260\300\r\033u3a1\203\303\365\307k\347\006E\344\037@\210\363\010\336T\226\247'\204_{\261\370""1\235\2445\343\033Y!\212\201\341\272\225'\007*$\244&\336\343'\233i\332\374\245 {^\306-N\333\gE\006\347\212\331C\211Z\177\247\031\n\302\244y\353l\024\360\n\000\274|\\260kO\020\032\337E4\367\321\353&\374\201k\306i\225\365\025\013\202_n)6q\357\2538_-\302\252B\204v\277\254\373\3322Ca\020\243\0105\263\257\367\032\254\016\003""; }; "
1750587314887,1750587314887,0,1,3,2,TMStatusChange,"newEvent: neACCEPTED_LEDGER; ledgerSeq: 17; ledgerHash: ""\336\037\263=\026\236A\324J9\261\341@\353\236\027\243\365\225\347\2315\205\014\356\333\201\232V!\026\010""; ledgerHashPrevious: ""?Z\326\257)\2439\250\272\002\370\360\022\220W 062/8s4\204\363\253&I\000m\335\025""; networkTime: 803902514; firstSeq: 9; lastSeq: 16; ","newEvent: neACCEPTED_LEDGER; ledgerSeq: 17; ledgerHash: ""\336\037\263=\026\236A\324J9\261\341@\353\236\027\243\365\225\347\2315\205\014\356\333\201\232V!\026\010""; ledgerHashPrevious: ""?Z\326\257)\2439\250\272\002\370\360\022\220W 062/8s4\204\363\253&I\000m\335\025""; networkTime: 803902514; firstSeq: 9; lastSeq: 16; "
1750587314887,1750587314888,0,1,3,4,TMStatusChange,"newEvent: neACCEPTED_LEDGER; ledgerSeq: 17; ledgerHash: ""\336\037\263=\026\236A\324J9\261\341@\353\236\027\243\365\225\347\2315\205\014\356\333\201\232V!\026\010""; ledgerHashPrevious: ""?Z\326\257)\2439\250\272\002\370\360\022\220W 062/8s4\204\363\253&I\000m\335\025""; networkTime: 803902514; firstSeq: 9; lastSeq: 16; ","newEvent: neACCEPTED_LEDGER; ledgerSeq: 17; ledgerHash: ""\336\037\263=\026\236A\324J9\261\341@\353\236\027\243\365\225\347\2315\205\014\356\333\201\232V!\026\010""; ledgerHashPrevious: ""?Z\326\257)\2439\250\272\002\370\360\022\220W 062/8s4\204\363\253&I\000m\335\025""; networkTime: 803902514; firstSeq: 9; lastSeq: 16; "
1750587314888,1750587314888,0,1,3,1,TMStatusChange,"newEvent: neACCEPTED_LEDGER; ledgerSeq: 17; ledgerHash: ""\336\037\263=\026\236A\324J9\261\341@\353\236\027\243\365\225\347\2315\205\014\356\333\201\232V!\026\010""; ledgerHashPrevious: ""?Z\326\257)\2439\250\272\002\370\360\022\220W 062/8s4\204\363\253&I\000m\335\025""; networkTime: 803902514; firstSeq: 9; lastSeq: 16; ","newEvent: neACCEPTED_LEDGER; ledgerSeq: 17; ledgerHash: ""\336\037\263=\026\236A\324J9\261\341@\353\236\027\243\365\225\347\2315\205\014\356\333\201\232V!\026\010""; ledgerHashPrevious: ""?Z\326\257)\2439\250\272\002\370\360\022\220W 062/8s4\204\363\253&I\000m\335\025""; networkTime: 803902514; firstSeq: 9; lastSeq: 16; "
1750587314889,1750587314889,0,1,3,0,TMStatusChange,"newEvent: neACCEPTED_LEDGER; ledgerSeq: 17; ledgerHash: ""\336\037\263=\026\236A\324J9\261\341@\353\236\027\243\365\225\347\2315\205\014\356\333\201\232V!\026\010""; ledgerHashPrevious: ""?Z\326\257)\2439\250\272\002\370\360\022\220W 062/8s4\204\363\253&I\000m\335\025""; networkTime: 803902514; firstSeq: 9; lastSeq: 16; ","newEvent: neACCEPTED_LEDGER; ledgerSeq: 17; ledgerHash: ""\336\037\263=\026\236A\324J9\261\341@\353\236\027\243\365\225\347\2315\205\014\356\333\201\232V!\026\010""; ledgerHashPrevious: ""?Z\326\257)\2439\250\272\002\370\360\022\220W 062/8s4\204\363\253&I\000m\335\025""; networkTime: 803902514; firstSeq: 9; lastSeq: 16; "
1750587314889,1750587314889,0,1,3,0,TMValidation,"validation: """"\200\000\000\001&\000\000\000\021)/\352\2242:\211l\014`\252m\212dQ\336\037\263=\026\236A\324J9\261\341@\353\236\027\243\365\225\347\2315\205\014\356\333\201\232V!\026\010P\027\000\000\000\000\000\000\000\000\000\000\000\000\000\000\000\000\000\000\000\000\000\000\000\000\000\000\000\000\000\000\000\000P\031?Z\326\257)\2439\250\272\002\370\360\022\220W 062/8s4\204\363\253&I\000m\335\025s!\003\325Q\255\224\274R@\312\253\262\347\352\034\346\347\242\215,\312\376=\277\353{\350\225\301\305`^, vF0D\002 aT\024\223\373\022\204\251\241\360\024(N\300\236\324\300@\2636\330\236\376\3169>R\004W,M\352\002 Y\267\347w\374k\267,\333\230\355\2276\272\034\370\225\007\374f\361\0018ZM|o\355\t\270h-""; ","validation: """"\200\000\000\001&\000\000\000\021)/\352\2242:\211l\014`\252m\212dQ\336\037\263=\026\236A\324J9\261\341@\353\236\027\243\365\225\347\2315\205\014\356\333\201\232V!\026\010P\027\000\000\000\000\000\000\000\000\000\000\000\000\000\000\000\000\000\000\000\000\000\000\000\000\000\000\000\000\000\000\000\000P\031?Z\326\257)\2439\250\272\002\370\360\022\220W 062/8s4\204\363\253&I\000m\335\025s!\003\325Q\255\224\274R@\312\253\262\347\352\034\346\347\242\215,\312\376=\277\353{\350\225\301\305`^, vF0D\002 aT\024\223\373\022\204\251\241\360\024(N\300\236\324\300@\2636\330\236\376\3169>R\004W,M\352\002 Y\267\347w\374k\267,\333\230\355\2276\272\034\370\225\007\374f\361\0018ZM|o\355\t\270h-""; "
1750587314892,1750587314893,0,1,0,2,TMValidation,"validation: """"\200\000\000\001&\000\000\000\021)/\352\2242:\211l\014`\252m\212dQ\336\037\263=\026\236A\324J9\261\341@\353\236\027\243\365\225\347\2315\205\014\356\333\201\232V!\026\010P\027\000\000\000\000\000\000\000\000\000\000\000\000\000\000\000\000\000\000\000\000\000\000\000\000\000\000\000\000\000\000\000\000P\031?Z\326\257)\2439\250\272\002\370\360\022\220W 062/8s4\204\363\253&I\000m\335\025s!\003\325Q\255\224\274R@\312\253\262\347\352\034\346\347\242\215,\312\376=\277\353{\350\225\301\305`^, vF0D\002 aT\024\223\373\022\204\251\241\360\024(N\300\236\324\300@\2636\330\236\376\3169>R\004W,M\352\002 Y\267\347w\374k\267,\333\230\355\2276\272\034\370\225\007\374f\361\0018ZM|o\355\t\270h-""; ","validation: """"\200\000\000\001&\000\000\000\021)/\352\2242:\211l\014`\252m\212dQ\336\037\263=\026\236A\324J9\261\341@\353\236\027\243\365\225\347\2315\205\014\356\333\201\232V!\026\010P\027\000\000\000\000\000\000\000\000\000\000\000\000\000\000\000\000\000\000\000\000\000\000\000\000\000\000\000\000\000\000\000\000P\031?Z\326\257)\2439\250\272\002\370\360\022\220W 062/8s4\204\363\253&I\000m\335\025s!\003\325Q\255\224\274R@\312\253\262\347\352\034\346\347\242\215,\312\376=\277\353{\350\225\301\305`^, vF0D\002 aT\024\223\373\022\204\251\241\360\024(N\300\236\324\300@\2636\330\236\376\3169>R\004W,M\352\002 Y\267\347w\374k\267,\333\230\355\2276\272\034\370\225\007\374f\361\0018ZM|o\355\t\270h-""; "
1750587314893,1750587314893,0,1,0,1,TMValidation,"validation: """"\200\000\000\001&\000\000\000\021)/\352\2242:\211l\014`\252m\212dQ\336\037\263=\026\236A\324J9\261\341@\353\236\027\243\365\225\347\2315\205\014\356\333\201\232V!\026\010P\027\000\000\000\000\000\000\000\000\000\000\000\000\000\000\000\000\000\000\000\000\000\000\000\000\000\000\000\000\000\000\000\000P\031?Z\326\257)\2439\250\272\002\370\360\022\220W 062/8s4\204\363\253&I\000m\335\025s!\003\325Q\255\224\274R@\312\253\262\347\352\034\346\347\242\215,\312\376=\277\353{\350\225\301\305`^, vF0D\002 aT\024\223\373\022\204\251\241\360\024(N\300\236\324\300@\2636\330\236\376\3169>R\004W,M\352\002 Y\267\347w\374k\267,\333\230\355\2276\272\034\370\225\007\374f\361\0018ZM|o\355\t\270h-""; ","validation: """"\200\000\000\001&\000\000\000\021)/\352\2242:\211l\014`\252m\212dQ\336\037\263=\026\236A\324J9\261\341@\353\236\027\243\365\225\347\2315\205\014\356\333\201\232V!\026\010P\027\000\000\000\000\000\000\000\000\000\000\000\000\000\000\000\000\000\000\000\000\000\000\000\000\000\000\000\000\000\000\000\000P\031?Z\326\257)\2439\250\272\002\370\360\022\220W 062/8s4\204\363\253&I\000m\335\025s!\003\325Q\255\224\274R@\312\253\262\347\352\034\346\347\242\215,\312\376=\277\353{\350\225\301\305`^, vF0D\002 aT\024\223\373\022\204\251\241\360\024(N\300\236\324\300@\2636\330\236\376\3169>R\004W,M\352\002 Y\267\347w\374k\267,\333\230\355\2276\272\034\370\225\007\374f\361\0018ZM|o\355\t\270h-""; "
1750587314893,1750587314893,0,1,0,4,TMValidation,"validation: """"\200\000\000\001&\000\000\000\021)/\352\2242:\211l\014`\252m\212dQ\336\037\263=\026\236A\324J9\261\341@\353\236\027\243\365\225\347\2315\205\014\356\333\201\232V!\026\010P\027\000\000\000\000\000\000\000\000\000\000\000\000\000\000\000\000\000\000\000\000\000\000\000\000\000\000\000\000\000\000\000\000P\031?Z\326\257)\2439\250\272\002\370\360\022\220W 062/8s4\204\363\253&I\000m\335\025s!\003\325Q\255\224\274R@\312\253\262\347\352\034\346\347\242\215,\312\376=\277\353{\350\225\301\305`^, vF0D\002 aT\024\223\373\022\204\251\241\360\024(N\300\236\324\300@\2636\330\236\376\3169>R\004W,M\352\002 Y\267\347w\374k\267,\333\230\355\2276\272\034\370\225\007\374f\361\0018ZM|o\355\t\270h-""; ","validation: """"\200\000\000\001&\000\000\000\021)/\352\2242:\211l\014`\252m\212dQ\336\037\263=\026\236A\324J9\261\341@\353\236\027\243\365\225\347\2315\205\014\356\333\201\232V!\026\010P\027\000\000\000\000\000\000\000\000\000\000\000\000\000\000\000\000\000\000\000\000\000\000\000\000\000\000\000\000\000\000\000\000P\031?Z\326\257)\2439\250\272\002\370\360\022\220W 062/8s4\204\363\253&I\000m\335\025s!\003\325Q\255\224\274R@\312\253\262\347\352\034\346\347\242\215,\312\376=\277\353{\350\225\301\305`^, vF0D\002 aT\024\223\373\022\204\251\241\360\024(N\300\236\324\300@\2636\330\236\376\3169>R\004W,M\352\002 Y\267\347w\374k\267,\333\230\355\2276\272\034\370\225\007\374f\361\0018ZM|o\355\t\270h-""; "
1750587314895,1750587314895,0,1,2,3,TMValidation,"validation: """"\200\000\000\001&\000\000\000\021)/\352\2242:\211l\014`\252m\212dQ\336\037\263=\026\236A\324J9\261\341@\353\236\027\243\365\225\347\2315\205\014\356\333\201\232V!\026\010P\027\000\000\000\000\000\000\000\000\000\000\000\000\000\000\000\000\000\000\000\000\000\000\000\000\000\000\000\000\000\000\000\000P\031?Z\326\257)\2439\250\272\002\370\360\022\220W 062/8s4\204\363\253&I\000m\335\025s!\003\325Q\255\224\274R@\312\253\262\347\352\034\346\347\242\215,\312\376=\277\353{\350\225\301\305`^, vF0D\002 aT\024\223\373\022\204\251\241\360\024(N\300\236\324\300@\2636\330\236\376\3169>R\004W,M\352\002 Y\267\347w\374k\267,\333\230\355\2276\272\034\370\225\007\374f\361\0018ZM|o\355\t\270h-""; ","validation: """"\200\000\000\001&\000\000\000\021)/\352\2242:\211l\014`\252m\212dQ\336\037\263=\026\236A\324J9\261\341@\353\236\027\243\365\225\347\2315\205\014\356\333\201\232V!\026\010P\027\000\000\000\000\000\000\000\000\000\000\000\000\000\000\000\000\000\000\000\000\000\000\000\000\000\000\000\000\000\000\000\000P\031?Z\326\257)\2439\250\272\002\370\360\022\220W 062/8s4\204\363\253&I\000m\335\025s!\003\325Q\255\224\274R@\312\253\262\347\352\034\346\347\242\215,\312\376=\277\353{\350\225\301\305`^, vF0D\002 aT\024\223\373\022\204\251\241\360\024(N\300\236\324\300@\2636\330\236\376\3169>R\004W,M\352\002 Y\267\347w\374k\267,\333\230\355\2276\272\034\370\225\007\374f\361\0018ZM|o\355\t\270h-""; "
1750587314896,1750587314896,0,1,2,1,TMValidation,"validation: """"\200\000\000\001&\000\000\000\021)/\352\2242:\211l\014`\252m\212dQ\336\037\263=\026\236A\324J9\261\341@\353\236\027\243\365\225\347\2315\205\014\356\333\201\232V!\026\010P\027\000\000\000\000\000\000\000\000\000\000\000\000\000\000\000\000\000\000\000\000\000\000\000\000\000\000\000\000\000\000\000\000P\031?Z\326\257)\2439\250\272\002\370\360\022\220W 062/8s4\204\363\253&I\000m\335\025s!\003\325Q\255\224\274R@\312\253\262\347\352\034\346\347\242\215,\312\376=\277\353{\350\225\301\305`^, vF0D\002 aT\024\223\373\022\204\251\241\360\024(N\300\236\324\300@\2636\330\236\376\3169>R\004W,M\352\002 Y\267\347w\374k\267,\333\230\355\2276\272\034\370\225\007\374f\361\0018ZM|o\355\t\270h-""; ","validation: """"\200\000\000\001&\000\000\000\021)/\352\2242:\211l\014`\252m\212dQ\336\037\263=\026\236A\324J9\261\341@\353\236\027\243\365\225\347\2315\205\014\356\333\201\232V!\026\010P\027\000\000\000\000\000\000\000\000\000\000\000\000\000\000\000\000\000\000\000\000\000\000\000\000\000\000\000\000\000\000\000\000P\031?Z\326\257)\2439\250\272\002\370\360\022\220W 062/8s4\204\363\253&I\000m\335\025s!\003\325Q\255\224\274R@\312\253\262\347\352\034\346\347\242\215,\312\376=\277\353{\350\225\301\305`^, vF0D\002 aT\024\223\373\022\204\251\241\360\024(N\300\236\324\300@\2636\330\236\376\3169>R\004W,M\352\002 Y\267\347w\374k\267,\333\230\355\2276\272\034\370\225\007\374f\361\0018ZM|o\355\t\270h-""; "
1750587314896,1750587314896,0,1,1,3,TMValidation,"validation: """"\200\000\000\001&\000\000\000\021)/\352\2242:\211l\014`\252m\212dQ\336\037\263=\026\236A\324J9\261\341@\353\236\027\243\365\225\347\2315\205\014\356\333\201\232V!\026\010P\027\000\000\000\000\000\000\000\000\000\000\000\000\000\000\000\000\000\000\000\000\000\000\000\000\000\000\000\000\000\000\000\000P\031?Z\326\257)\2439\250\272\002\370\360\022\220W 062/8s4\204\363\253&I\000m\335\025s!\003\325Q\255\224\274R@\312\253\262\347\352\034\346\347\242\215,\312\376=\277\353{\350\225\301\305`^, vF0D\002 aT\024\223\373\022\204\251\241\360\024(N\300\236\324\300@\2636\330\236\376\3169>R\004W,M\352\002 Y\267\347w\374k\267,\333\230\355\2276\272\034\370\225\007\374f\361\0018ZM|o\355\t\270h-""; ","validation: """"\200\000\000\001&\000\000\000\021)/\352\2242:\211l\014`\252m\212dQ\336\037\263=\026\236A\324J9\261\341@\353\236\027\243\365\225\347\2315\205\014\356\333\201\232V!\026\010P\027\000\000\000\000\000\000\000\000\000\000\000\000\000\000\000\000\000\000\000\000\000\000\000\000\000\000\000\000\000\000\000\000P\031?Z\326\257)\2439\250\272\002\370\360\022\220W 062/8s4\204\363\253&I\000m\335\025s!\003\325Q\255\224\274R@\312\253\262\347\352\034\346\347\242\215,\312\376=\277\353{\350\225\301\305`^, vF0D\002 aT\024\223\373\022\204\251\241\360\024(N\300\236\324\300@\2636\330\236\376\3169>R\004W,M\352\002 Y\267\347w\374k\267,\333\230\355\2276\272\034\370\225\007\374f\361\0018ZM|o\355\t\270h-""; "
1750587314897,1750587314897,0,1,4,3,TMValidation,"validation: """"\200\000\000\001&\000\000\000\021)/\352\2242:\211l\014`\252m\212dQ\336\037\263=\026\236A\324J9\261\341@\353\236\027\243\365\225\347\2315\205\014\356\333\201\232V!\026\010P\027\000\000\000\000\000\000\000\000\000\000\000\000\000\000\000\000\000\000\000\000\000\000\000\000\000\000\000\000\000\000\000\000P\031?Z\326\257)\2439\250\272\002\370\360\022\220W 062/8s4\204\363\253&I\000m\335\025s!\003\325Q\255\224\274R@\312\253\262\347\352\034\346\347\242\215,\312\376=\277\353{\350\225\301\305`^, vF0D\002 aT\024\223\373\022\204\251\241\360\024(N\300\236\324\300@\2636\330\236\376\3169>R\004W,M\352\002 Y\267\347w\374k\267,\333\230\355\2276\272\034\370\225\007\374f\361\0018ZM|o\355\t\270h-""; ","validation: """"\200\000\000\001&\000\000\000\021)/\352\2242:\211l\014`\252m\212dQ\336\037\263=\026\236A\324J9\261\341@\353\236\027\243\365\225\347\2315\205\014\356\333\201\232V!\026\010P\027\000\000\000\000\000\000\000\000\000\000\000\000\000\000\000\000\000\000\000\000\000\000\000\000\000\000\000\000\000\000\000\000P\031?Z\326\257)\2439\250\272\002\370\360\022\220W 062/8s4\204\363\253&I\000m\335\025s!\003\325Q\255\224\274R@\312\253\262\347\352\034\346\347\242\215,\312\376=\277\353{\350\225\301\305`^, vF0D\002 aT\024\223\373\022\204\251\241\360\024(N\300\236\324\300@\2636\330\236\376\3169>R\004W,M\352\002 Y\267\347w\374k\267,\333\230\355\2276\272\034\370\225\007\374f\361\0018ZM|o\355\t\270h-""; "
1750587314898,1750587314898,0,1,1,4,TMValidation,"validation: """"\200\000\000\001&\000\000\000\021)/\352\2242:\211l\014`\252m\212dQ\336\037\263=\026\236A\324J9\261\341@\353\236\027\243\365\225\347\2315\205\014\356\333\201\232V!\026\010P\027\000\000\000\000\000\000\000\000\000\000\000\000\000\000\000\000\000\000\000\000\000\000\000\000\000\000\000\000\000\000\000\000P\031?Z\326\257)\2439\250\272\002\370\360\022\220W 062/8s4\204\363\253&I\000m\335\025s!\003\325Q\255\224\274R@\312\253\262\347\352\034\346\347\242\215,\312\376=\277\353{\350\225\301\305`^, vF0D\002 aT\024\223\373\022\204\251\241\360\024(N\300\236\324\300@\2636\330\236\376\3169>R\004W,M\352\002 Y\267\347w\374k\267,\333\230\355\2276\272\034\370\225\007\374f\361\0018ZM|o\355\t\270h-""; ","validation: """"\200\000\000\001&\000\000\000\021)/\352\2242:\211l\014`\252m\212dQ\336\037\263=\026\236A\324J9\261\341@\353\236\027\243\365\225\347\2315\205\014\356\333\201\232V!\026\010P\027\000\000\000\000\000\000\000\000\000\000\000\000\000\000\000\000\000\000\000\000\000\000\000\000\000\000\000\000\000\000\000\000P\031?Z\326\257)\2439\250\272\002\370\360\022\220W 062/8s4\204\363\253&I\000m\335\025s!\003\325Q\255\224\274R@\312\253\262\347\352\034\346\347\242\215,\312\376=\277\353{\350\225\301\305`^, vF0D\002 aT\024\223\373\022\204\251\241\360\024(N\300\236\324\300@\2636\330\236\376\3169>R\004W,M\352\002 Y\267\347w\374k\267,\333\230\355\2276\272\034\370\225\007\374f\361\0018ZM|o\355\t\270h-""; "
1750587314898,1750587314898,0,1,2,4,TMValidation,"validation: """"\200\000\000\001&\000\000\000\021)/\352\2242:\211l\014`\252m\212dQ\336\037\263=\026\236A\324J9\261\341@\353\236\027\243\365\225\347\2315\205\014\356\333\201\232V!\026\010P\027\000\000\000\000\000\000\000\000\000\000\000\000\000\000\000\000\000\000\000\000\000\000\000\000\000\000\000\000\000\000\000\000P\031?Z\326\257)\2439\250\272\002\370\360\022\220W 062/8s4\204\363\253&I\000m\335\025s!\003\325Q\255\224\274R@\312\253\262\347\352\034\346\347\242\215,\312\376=\277\353{\350\225\301\305`^, vF0D\002 aT\024\223\373\022\204\251\241\360\024(N\300\236\324\300@\2636\330\236\376\3169>R\004W,M\352\002 Y\267\347w\374k\267,\333\230\355\2276\272\034\370\225\007\374f\361\0018ZM|o\355\t\270h-""; ","validation: """"\200\000\000\001&\000\000\000\021)/\352\2242:\211l\014`\252m\212dQ\336\037\263=\026\236A\324J9\261\341@\353\236\027\243\365\225\347\2315\205\014\356\333\201\232V!\026\010P\027\000\000\000\000\000\000\000\000\000\000\000\000\000\000\000\000\000\000\000\000\000\000\000\000\000\000\000\000\000\000\000\000P\031?Z\326\257)\2439\250\272\002\370\360\022\220W 062/8s4\204\363\253&I\000m\335\025s!\003\325Q\255\224\274R@\312\253\262\347\352\034\346\347\242\215,\312\376=\277\353{\350\225\301\305`^, vF0D\002 aT\024\223\373\022\204\251\241\360\024(N\300\236\324\300@\2636\330\236\376\3169>R\004W,M\352\002 Y\267\347w\374k\267,\333\230\355\2276\272\034\370\225\007\374f\361\0018ZM|o\355\t\270h-""; "
1750587314898,1750587314898,0,1,1,2,TMValidation,"validation: """"\200\000\000\001&\000\000\000\021)/\352\2242:\211l\014`\252m\212dQ\336\037\263=\026\236A\324J9\261\341@\353\236\027\243\365\225\347\2315\205\014\356\333\201\232V!\026\010P\027\000\000\000\000\000\000\000\000\000\000\000\000\000\000\000\000\000\000\000\000\000\000\000\000\000\000\000\000\000\000\000\000P\031?Z\326\257)\2439\250\272\002\370\360\022\220W 062/8s4\204\363\253&I\000m\335\025s!\003\325Q\255\224\274R@\312\253\262\347\352\034\346\347\242\215,\312\376=\277\353{\350\225\301\305`^, vF0D\002 aT\024\223\373\022\204\251\241\360\024(N\300\236\324\300@\2636\330\236\376\3169>R\004W,M\352\002 Y\267\347w\374k\267,\333\230\355\2276\272\034\370\225\007\374f\361\0018ZM|o\355\t\270h-""; ","validation: """"\200\000\000\001&\000\000\000\021)/\352\2242:\211l\014`\252m\212dQ\336\037\263=\026\236A\324J9\261\341@\353\236\027\243\365\225\347\2315\205\014\356\333\201\232V!\026\010P\027\000\000\000\000\000\000\000\000\000\000\000\000\000\000\000\000\000\000\000\000\000\000\000\000\000\000\000\000\000\000\000\000P\031?Z\326\257)\2439\250\272\002\370\360\022\220W 062/8s4\204\363\253&I\000m\335\025s!\003\325Q\255\224\274R@\312\253\262\347\352\034\346\347\242\215,\312\376=\277\353{\350\225\301\305`^, vF0D\002 aT\024\223\373\022\204\251\241\360\024(N\300\236\324\300@\2636\330\236\376\3169>R\004W,M\352\002 Y\267\347w\374k\267,\333\230\355\2276\272\034\370\225\007\374f\361\0018ZM|o\355\t\270h-""; "
1750587314898,1750587314898,0,1,4,1,TMValidation,"validation: """"\200\000\000\001&\000\000\000\021)/\352\2242:\211l\014`\252m\212dQ\336\037\263=\026\236A\324J9\261\341@\353\236\027\243\365\225\347\2315\205\014\356\333\201\232V!\026\010P\027\000\000\000\000\000\000\000\000\000\000\000\000\000\000\000\000\000\000\000\000\000\000\000\000\000\000\000\000\000\000\000\000P\031?Z\326\257)\2439\250\272\002\370\360\022\220W 062/8s4\204\363\253&I\000m\335\025s!\003\325Q\255\224\274R@\312\253\262\347\352\034\346\347\242\215,\312\376=\277\353{\350\225\301\305`^, vF0D\002 aT\024\223\373\022\204\251\241\360\024(N\300\236\324\300@\2636\330\236\376\3169>R\004W,M\352\002 Y\267\347w\374k\267,\333\230\355\2276\272\034\370\225\007\374f\361\0018ZM|o\355\t\270h-""; ","validation: """"\200\000\000\001&\000\000\000\021)/\352\2242:\211l\014`\252m\212dQ\336\037\263=\026\236A\324J9\261\341@\353\236\027\243\365\225\347\2315\205\014\356\333\201\232V!\026\010P\027\000\000\000\000\000\000\000\000\000\000\000\000\000\000\000\000\000\000\000\000\000\000\000\000\000\000\000\000\000\000\000\000P\031?Z\326\257)\2439\250\272\002\370\360\022\220W 062/8s4\204\363\253&I\000m\335\025s!\003\325Q\255\224\274R@\312\253\262\347\352\034\346\347\242\215,\312\376=\277\353{\350\225\301\305`^, vF0D\002 aT\024\223\373\022\204\251\241\360\024(N\300\236\324\300@\2636\330\236\376\3169>R\004W,M\352\002 Y\267\347w\374k\267,\333\230\355\2276\272\034\370\225\007\374f\361\0018ZM|o\355\t\270h-""; "
1750587314899,1750587314899,0,1,4,2,TMValidation,"validation: """"\200\000\000\001&\000\000\000\021)/\352\2242:\211l\014`\252m\212dQ\336\037\263=\026\236A\324J9\261\341@\353\236\027\243\365\225\347\2315\205\014\356\333\201\232V!\026\010P\027\000\000\000\000\000\000\000\000\000\000\000\000\000\000\000\000\000\000\000\000\000\000\000\000\000\000\000\000\000\000\000\000P\031?Z\326\257)\2439\250\272\002\370\360\022\220W 062/8s4\204\363\253&I\000m\335\025s!\003\325Q\255\224\274R@\312\253\262\347\352\034\346\347\242\215,\312\376=\277\353{\350\225\301\305`^, vF0D\002 aT\024\223\373\022\204\251\241\360\024(N\300\236\324\300@\2636\330\236\376\3169>R\004W,M\352\002 Y\267\347w\374k\267,\333\230\355\2276\272\034\370\225\007\374f\361\0018ZM|o\355\t\270h-""; ","validation: """"\200\000\000\001&\000\000\000\021)/\352\2242:\211l\014`\252m\212dQ\336\037\263=\026\236A\324J9\261\341@\353\236\027\243\365\225\347\2315\205\014\356\333\201\232V!\026\010P\027\000\000\000\000\000\000\000\000\000\000\000\000\000\000\000\000\000\000\000\000\000\000\000\000\000\000\000\000\000\000\000\000P\031?Z\326\257)\2439\250\272\002\370\360\022\220W 062/8s4\204\363\253&I\000m\335\025s!\003\325Q\255\224\274R@\312\253\262\347\352\034\346\347\242\215,\312\376=\277\353{\350\225\301\305`^, vF0D\002 aT\024\223\373\022\204\251\241\360\024(N\300\236\324\300@\2636\330\236\376\3169>R\004W,M\352\002 Y\267\347w\374k\267,\333\230\355\2276\272\034\370\225\007\374f\361\0018ZM|o\355\t\270h-""; "
1750587314899,1750587314899,0,1,3,2,TMValidation,"validation: """"\200\000\000\001&\000\000\000\021)/\352\2242:\211l\014`\252m\212dQ\336\037\263=\026\236A\324J9\261\341@\353\236\027\243\365\225\347\2315\205\014\356\333\201\232V!\026\010P\027\000\000\000\000\000\000\000\000\000\000\000\000\000\000\000\000\000\000\000\000\000\000\000\000\000\000\000\000\000\000\000\000P\031?Z\326\257)\2439\250\272\002\370\360\022\220W 062/8s4\204\363\253&I\000m\335\025s!\003\325Q\255\224\274R@\312\253\262\347\352\034\346\347\242\215,\312\376=\277\353{\350\225\301\305`^, vF0D\002 aT\024\223\373\022\204\251\241\360\024(N\300\236\324\300@\2636\330\236\376\3169>R\004W,M\352\002 Y\267\347w\374k\267,\333\230\355\2276\272\034\370\225\007\374f\361\0018ZM|o\355\t\270h-""; ","validation: """"\200\000\000\001&\000\000\000\021)/\352\2242:\211l\014`\252m\212dQ\336\037\263=\026\236A\324J9\261\341@\353\236\027\243\365\225\347\2315\205\014\356\333\201\232V!\026\010P\027\000\000\000\000\000\000\000\000\000\000\000\000\000\000\000\000\000\000\000\000\000\000\000\000\000\000\000\000\000\000\000\000P\031?Z\326\257)\2439\250\272\002\370\360\022\220W 062/8s4\204\363\253&I\000m\335\025s!\003\325Q\255\224\274R@\312\253\262\347\352\034\346\347\242\215,\312\376=\277\353{\350\225\301\305`^, vF0D\002 aT\024\223\373\022\204\251\241\360\024(N\300\236\324\300@\2636\330\236\376\3169>R\004W,M\352\002 Y\267\347w\374k\267,\333\230\355\2276\272\034\370\225\007\374f\361\0018ZM|o\355\t\270h-""; "
1750587314900,1750587314900,0,1,3,1,TMValidation,"validation: """"\200\000\000\001&\000\000\000\021)/\352\2242:\211l\014`\252m\212dQ\336\037\263=\026\236A\324J9\261\341@\353\236\027\243\365\225\347\2315\205\014\356\333\201\232V!\026\010P\027\000\000\000\000\000\000\000\000\000\000\000\000\000\000\000\000\000\000\000\000\000\000\000\000\000\000\000\000\000\000\000\000P\031?Z\326\257)\2439\250\272\002\370\360\022\220W 062/8s4\204\363\253&I\000m\335\025s!\003\325Q\255\224\274R@\312\253\262\347\352\034\346\347\242\215,\312\376=\277\353{\350\225\301\305`^, vF0D\002 aT\024\223\373\022\204\251\241\360\024(N\300\236\324\300@\2636\330\236\376\3169>R\004W,M\352\002 Y\267\347w\374k\267,\333\230\355\2276\272\034\370\225\007\374f\361\0018ZM|o\355\t\270h-""; ","validation: """"\200\000\000\001&\000\000\000\021)/\352\2242:\211l\014`\252m\212dQ\336\037\263=\026\236A\324J9\261\341@\353\236\027\243\365\225\347\2315\205\014\356\333\201\232V!\026\010P\027\000\000\000\000\000\000\000\000\000\000\000\000\000\000\000\000\000\000\000\000\000\000\000\000\000\000\000\000\000\000\000\000P\031?Z\326\257)\2439\250\272\002\370\360\022\220W 062/8s4\204\363\253&I\000m\335\025s!\003\325Q\255\224\274R@\312\253\262\347\352\034\346\347\242\215,\312\376=\277\353{\350\225\301\305`^, vF0D\002 aT\024\223\373\022\204\251\241\360\024(N\300\236\324\300@\2636\330\236\376\3169>R\004W,M\352\002 Y\267\347w\374k\267,\333\230\355\2276\272\034\370\225\007\374f\361\0018ZM|o\355\t\270h-""; "
1750587314901,1750587314901,0,1,3,4,TMValidation,"validation: """"\200\000\000\001&\000\000\000\021)/\352\2242:\211l\014`\252m\212dQ\336\037\263=\026\236A\324J9\261\341@\353\236\027\243\365\225\347\2315\205\014\356\333\201\232V!\026\010P\027\000\000\000\000\000\000\000\000\000\000\000\000\000\000\000\000\000\000\000\000\000\000\000\000\000\000\000\000\000\000\000\000P\031?Z\326\257)\2439\250\272\002\370\360\022\220W 062/8s4\204\363\253&I\000m\335\025s!\003\325Q\255\224\274R@\312\253\262\347\352\034\346\347\242\215,\312\376=\277\353{\350\225\301\305`^, vF0D\002 aT\024\223\373\022\204\251\241\360\024(N\300\236\324\300@\2636\330\236\376\3169>R\004W,M\352\002 Y\267\347w\374k\267,\333\230\355\2276\272\034\370\225\007\374f\361\0018ZM|o\355\t\270h-""; ","validation: """"\200\000\000\001&\000\000\000\021)/\352\2242:\211l\014`\252m\212dQ\336\037\263=\026\236A\324J9\261\341@\353\236\027\243\365\225\347\2315\205\014\356\333\201\232V!\026\010P\027\000\000\000\000\000\000\000\000\000\000\000\000\000\000\000\000\000\000\000\000\000\000\000\000\000\000\000\000\000\000\000\000P\031?Z\326\257)\2439\250\272\002\370\360\022\220W 062/8s4\204\363\253&I\000m\335\025s!\003\325Q\255\224\274R@\312\253\262\347\352\034\346\347\242\215,\312\376=\277\353{\350\225\301\305`^, vF0D\002 aT\024\223\373\022\204\251\241\360\024(N\300\236\324\300@\2636\330\236\376\3169>R\004W,M\352\002 Y\267\347w\374k\267,\333\230\355\2276\272\034\370\225\007\374f\361\0018ZM|o\355\t\270h-""; "
1750587315021,1750587315021,0,1,0,3,TMStatusChange,"newEvent: neACCEPTED_LEDGER; ledgerSeq: 17; ledgerHash: ""\336\037\263=\026\236A\324J9\261\341@\353\236\027\243\365\225\347\2315\205\014\356\333\201\232V!\026\010""; ledgerHashPrevious: ""?Z\326\257)\2439\250\272\002\370\360\022\220W 062/8s4\204\363\253&I\000m\335\025""; networkTime: 803902515; firstSeq: 9; lastSeq: 16; ","newEvent: neACCEPTED_LEDGER; ledgerSeq: 17; ledgerHash: ""\336\037\263=\026\236A\324J9\261\341@\353\236\027\243\365\225\347\2315\205\014\356\333\201\232V!\026\010""; ledgerHashPrevious: ""?Z\326\257)\2439\250\272\002\370\360\022\220W 062/8s4\204\363\253&I\000m\335\025""; networkTime: 803902515; firstSeq: 9; lastSeq: 16; "
1750587315021,1750587315021,0,1,0,4,TMValidation,"validation: """"\200\000\000\001&\000\000\000\021)/\352\2243:I\203w\200\211\SGQ\336\037\263=\026\236A\324J9\261\341@\353\236\027\243\365\225\347\2315\205\014\356\333\201\232V!\026\010P\027\000\000\000\000\000\000\000\000\000\000\000\000\000\000\000\000\000\000\000\000\000\000\000\000\000\000\000\000\000\000\000\000P\031?Z\326\257)\2439\250\272\002\370\360\022\220W 062/8s4\204\363\253&I\000m\335\025s!\002\347\243J\206W\025ML\260\226\0163\217\250\337\325W\253\356*O\245Z\271\234\207C\274\375`\335\311vG0E\002!\000\270\255{zJ\232is\231+I\203\311\265YC""\205%\016\007<\t\276E\2066\353H9\333\276\002 \005H\250\2029\211\341\2269\366{\261#\022Z\250\225\036\220\0130\016~\365\014\202F\222\317\242\033\236""; ","validation: """"\200\000\000\001&\000\000\000\021)/\352\2243:I\203w\200\211\SGQ\336\037\263=\026\236A\324J9\261\341@\353\236\027\243\365\225\347\2315\205\014\356\333\201\232V!\026\010P\027\000\000\000\000\000\000\000\000\000\000\000\000\000\000\000\000\000\000\000\000\000\000\000\000\000\000\000\000\000\000\000\000P\031?Z\326\257)\2439\250\272\002\370\360\022\220W 062/8s4\204\363\253&I\000m\335\025s!\002\347\243J\206W\025ML\260\226\0163\217\250\337\325W\253\356*O\245Z\271\234\207C\274\375`\335\311vG0E\002!\000\270\255{zJ\232is\231+I\203\311\265YC""\205%\016\007<\t\276E\2066\353H9\333\276\002 \005H\250\2029\211\341\2269\366{\261#\022Z\250\225\036\220\0130\016~\365\014\202F\222\317\242\033\236""; "
1750587315022,1750587315022,0,1,0,4,TMStatusChange,"newEvent: neACCEPTED_LEDGER; ledgerSeq: 17; ledgerHash: ""\336\037\263=\026\236A\324J9\261\341@\353\236\027\243\365\225\347\2315\205\014\356\333\201\232V!\026\010""; ledgerHashPrevious: ""?Z\326\257)\2439\250\272\002\370\360\022\220W 062/8s4\204\363\253&I\000m\335\025""; networkTime: 803902515; firstSeq: 9; lastSeq: 16; ","newEvent: neACCEPTED_LEDGER; ledgerSeq: 17; ledgerHash: ""\336\037\263=\026\236A\324J9\261\341@\353\236\027\243\365\225\347\2315\205\014\356\333\201\232V!\026\010""; ledgerHashPrevious: ""?Z\326\257)\2439\250\272\002\370\360\022\220W 062/8s4\204\363\253&I\000m\335\025""; networkTime: 803902515; firstSeq: 9; lastSeq: 16; "
1750587315023,1750587315023,0,1,0,2,TMStatusChange,"newEvent: neACCEPTED_LEDGER; ledgerSeq: 17; ledgerHash: ""\336\037\263=\026\236A\324J9\261\341@\353\236\027\243\365\225\347\2315\205\014\356\333\201\232V!\026\010""; ledgerHashPrevious: ""?Z\326\257)\2439\250\272\002\370\360\022\220W 062/8s4\204\363\253&I\000m\335\025""; networkTime: 803902515; firstSeq: 9; lastSeq: 16; ","newEvent: neACCEPTED_LEDGER; ledgerSeq: 17; ledgerHash: ""\336\037\263=\026\236A\324J9\261\341@\353\236\027\243\365\225\347\2315\205\014\356\333\201\232V!\026\010""; ledgerHashPrevious: ""?Z\326\257)\2439\250\272\002\370\360\022\220W 062/8s4\204\363\253&I\000m\335\025""; networkTime: 803902515; firstSeq: 9; lastSeq: 16; "
1750587315024,1750587315024,0,1,0,3,TMValidation,"validation: """"\200\000\000\001&\000\000\000\021)/\352\2243:I\203w\200\211\SGQ\336\037\263=\026\236A\324J9\261\341@\353\236\027\243\365\225\347\2315\205\014\356\333\201\232V!\026\010P\027\000\000\000\000\000\000\000\000\000\000\000\000\000\000\000\000\000\000\000\000\000\000\000\000\000\000\000\000\000\000\000\000P\031?Z\326\257)\2439\250\272\002\370\360\022\220W 062/8s4\204\363\253&I\000m\335\025s!\002\347\243J\206W\025ML\260\226\0163\217\250\337\325W\253\356*O\245Z\271\234\207C\274\375`\335\311vG0E\002!\000\270\255{zJ\232is\231+I\203\311\265YC""\205%\016\007<\t\276E\2066\353H9\333\276\002 \005H\250\2029\211\341\2269\366{\261#\022Z\250\225\036\220\0130\016~\365\014\202F\222\317\242\033\236""; ","validation: """"\200\000\000\001&\000\000\000\021)/\352\2243:I\203w\200\211\SGQ\336\037\263=\026\236A\324J9\261\341@\353\236\027\243\365\225\347\2315\205\014\356\333\201\232V!\026\010P\027\000\000\000\000\000\000\000\000\000\000\000\000\000\000\000\000\000\000\000\000\000\000\000\000\000\000\000\000\000\000\000\000P\031?Z\326\257)\2439\250\272\002\370\360\022\220W 062/8s4\204\363\253&I\000m\335\025s!\002\347\243J\206W\025ML\260\226\0163\217\250\337\325W\253\356*O\245Z\271\234\207C\274\375`\335\311vG0E\002!\000\270\255{zJ\232is\231+I\203\311\265YC""\205%\016\007<\t\276E\2066\353H9\333\276\002 \005H\250\2029\211\341\2269\366{\261#\022Z\250\225\036\220\0130\016~\365\014\202F\222\317\242\033\236""; "
1750587315024,1750587315024,0,1,0,2,TMValidation,"validation: """"\200\000\000\001&\000\000\000\021)/\352\2243:I\203w\200\211\SGQ\336\037\263=\026\236A\324J9\261\341@\353\236\027\243\365\225\347\2315\205\014\356\333\201\232V!\026\010P\027\000\000\000\000\000\000\000\000\000\000\000\000\000\000\000\000\000\000\000\000\000\000\000\000\000\000\000\000\000\000\000\000P\031?Z\326\257)\2439\250\272\002\370\360\022\220W 062/8s4\204\363\253&I\000m\335\025s!\002\347\243J\206W\025ML\260\226\0163\217\250\337\325W\253\356*O\245Z\271\234\207C\274\375`\335\311vG0E\002!\000\270\255{zJ\232is\231+I\203\311\265YC""\205%\016\007<\t\276E\2066\353H9\333\276\002 \005H\250\2029\211\341\2269\366{\261#\022Z\250\225\036\220\0130\016~\365\014\202F\222\317\242\033\236""; ","validation: """"\200\000\000\001&\000\000\000\021)/\352\2243:I\203w\200\211\SGQ\336\037\263=\026\236A\324J9\261\341@\353\236\027\243\365\225\347\2315\205\014\356\333\201\232V!\026\010P\027\000\000\000\000\000\000\000\000\000\000\000\000\000\000\000\000\000\000\000\000\000\000\000\000\000\000\000\000\000\000\000\000P\031?Z\326\257)\2439\250\272\002\370\360\022\220W 062/8s4\204\363\253&I\000m\335\025s!\002\347\243J\206W\025ML\260\226\0163\217\250\337\325W\253\356*O\245Z\271\234\207C\274\375`\335\311vG0E\002!\000\270\255{zJ\232is\231+I\203\311\265YC""\205%\016\007<\t\276E\2066\353H9\333\276\002 \005H\250\2029\211\341\2269\366{\261#\022Z\250\225\036\220\0130\016~\365\014\202F\222\317\242\033\236""; "
1750587315025,1750587315025,0,1,0,1,TMStatusChange,"newEvent: neACCEPTED_LEDGER; ledgerSeq: 17; ledgerHash: ""\336\037\263=\026\236A\324J9\261\341@\353\236\027\243\365\225\347\2315\205\014\356\333\201\232V!\026\010""; ledgerHashPrevious: ""?Z\326\257)\2439\250\272\002\370\360\022\220W 062/8s4\204\363\253&I\000m\335\025""; networkTime: 803902515; firstSeq: 9; lastSeq: 16; ","newEvent: neACCEPTED_LEDGER; ledgerSeq: 17; ledgerHash: ""\336\037\263=\026\236A\324J9\261\341@\353\236\027\243\365\225\347\2315\205\014\356\333\201\232V!\026\010""; ledgerHashPrevious: ""?Z\326\257)\2439\250\272\002\370\360\022\220W 062/8s4\204\363\253&I\000m\335\025""; networkTime: 803902515; firstSeq: 9; lastSeq: 16; "
1750587315025,1750587315025,0,1,0,1,TMValidation,"validation: """"\200\000\000\001&\000\000\000\021)/\352\2243:I\203w\200\211\SGQ\336\037\263=\026\236A\324J9\261\341@\353\236\027\243\365\225\347\2315\205\014\356\333\201\232V!\026\010P\027\000\000\000\000\000\000\000\000\000\000\000\000\000\000\000\000\000\000\000\000\000\000\000\000\000\000\000\000\000\000\000\000P\031?Z\326\257)\2439\250\272\002\370\360\022\220W 062/8s4\204\363\253&I\000m\335\025s!\002\347\243J\206W\025ML\260\226\0163\217\250\337\325W\253\356*O\245Z\271\234\207C\274\375`\335\311vG0E\002!\000\270\255{zJ\232is\231+I\203\311\265YC""\205%\016\007<\t\276E\2066\353H9\333\276\002 \005H\250\2029\211\341\2269\366{\261#\022Z\250\225\036\220\0130\016~\365\014\202F\222\317\242\033\236""; ","validation: """"\200\000\000\001&\000\000\000\021)/\352\2243:I\203w\200\211\SGQ\336\037\263=\026\236A\324J9\261\341@\353\236\027\243\365\225\347\2315\205\014\356\333\201\232V!\026\010P\027\000\000\000\000\000\000\000\000\000\000\000\000\000\000\000\000\000\000\000\000\000\000\000\000\000\000\000\000\000\000\000\000P\031?Z\326\257)\2439\250\272\002\370\360\022\220W 062/8s4\204\363\253&I\000m\335\025s!\002\347\243J\206W\025ML\260\226\0163\217\250\337\325W\253\356*O\245Z\271\234\207C\274\375`\335\311vG0E\002!\000\270\255{zJ\232is\231+I\203\311\265YC""\205%\016\007<\t\276E\2066\353H9\333\276\002 \005H\250\2029\211\341\2269\366{\261#\022Z\250\225\036\220\0130\016~\365\014\202F\222\317\242\033\236""; "
1750587315026,1750587315026,0,1,4,3,TMValidation,"validation: """"\200\000\000\001&\000\000\000\021)/\352\2243:I\203w\200\211\SGQ\336\037\263=\026\236A\324J9\261\341@\353\236\027\243\365\225\347\2315\205\014\356\333\201\232V!\026\010P\027\000\000\000\000\000\000\000\000\000\000\000\000\000\000\000\000\000\000\000\000\000\000\000\000\000\000\000\000\000\000\000\000P\031?Z\326\257)\2439\250\272\002\370\360\022\220W 062/8s4\204\363\253&I\000m\335\025s!\002\347\243J\206W\025ML\260\226\0163\217\250\337\325W\253\356*O\245Z\271\234\207C\274\375`\335\311vG0E\002!\000\270\255{zJ\232is\231+I\203\311\265YC""\205%\016\007<\t\276E\2066\353H9\333\276\002 \005H\250\2029\211\341\2269\366{\261#\022Z\250\225\036\220\0130\016~\365\014\202F\222\317\242\033\236""; ","validation: """"\200\000\000\001&\000\000\000\021)/\352\2243:I\203w\200\211\SGQ\336\037\263=\026\236A\324J9\261\341@\353\236\027\243\365\225\347\2315\205\014\356\333\201\232V!\026\010P\027\000\000\000\000\000\000\000\000\000\000\000\000\000\000\000\000\000\000\000\000\000\000\000\000\000\000\000\000\000\000\000\000P\031?Z\326\257)\2439\250\272\002\370\360\022\220W 062/8s4\204\363\253&I\000m\335\025s!\002\347\243J\206W\025ML\260\226\0163\217\250\337\325W\253\356*O\245Z\271\234\207C\274\375`\335\311vG0E\002!\000\270\255{zJ\232is\231+I\203\311\265YC""\205%\016\007<\t\276E\2066\353H9\333\276\002 \005H\250\2029\211\341\2269\366{\261#\022Z\250\225\036\220\0130\016~\365\014\202F\222\317\242\033\236""; "
1750587315026,1750587315026,0,1,4,2,TMValidation,"validation: """"\200\000\000\001&\000\000\000\021)/\352\2243:I\203w\200\211\SGQ\336\037\263=\026\236A\324J9\261\341@\353\236\027\243\365\225\347\2315\205\014\356\333\201\232V!\026\010P\027\000\000\000\000\000\000\000\000\000\000\000\000\000\000\000\000\000\000\000\000\000\000\000\000\000\000\000\000\000\000\000\000P\031?Z\326\257)\2439\250\272\002\370\360\022\220W 062/8s4\204\363\253&I\000m\335\025s!\002\347\243J\206W\025ML\260\226\0163\217\250\337\325W\253\356*O\245Z\271\234\207C\274\375`\335\311vG0E\002!\000\270\255{zJ\232is\231+I\203\311\265YC""\205%\016\007<\t\276E\2066\353H9\333\276\002 \005H\250\2029\211\341\2269\366{\261#\022Z\250\225\036\220\0130\016~\365\014\202F\222\317\242\033\236""; ","validation: """"\200\000\000\001&\000\000\000\021)/\352\2243:I\203w\200\211\SGQ\336\037\263=\026\236A\324J9\261\341@\353\236\027\243\365\225\347\2315\205\014\356\333\201\232V!\026\010P\027\000\000\000\000\000\000\000\000\000\000\000\000\000\000\000\000\000\000\000\000\000\000\000\000\000\000\000\000\000\000\000\000P\031?Z\326\257)\2439\250\272\002\370\360\022\220W 062/8s4\204\363\253&I\000m\335\025s!\002\347\243J\206W\025ML\260\226\0163\217\250\337\325W\253\356*O\245Z\271\234\207C\274\375`\335\311vG0E\002!\000\270\255{zJ\232is\231+I\203\311\265YC""\205%\016\007<\t\276E\2066\353H9\333\276\002 \005H\250\2029\211\341\2269\366{\261#\022Z\250\225\036\220\0130\016~\365\014\202F\222\317\242\033\236""; "
1750587315026,1750587315026,0,1,4,1,TMValidation,"validation: """"\200\000\000\001&\000\000\000\021)/\352\2243:I\203w\200\211\SGQ\336\037\263=\026\236A\324J9\261\341@\353\236\027\243\365\225\347\2315\205\014\356\333\201\232V!\026\010P\027\000\000\000\000\000\000\000\000\000\000\000\000\000\000\000\000\000\000\000\000\000\000\000\000\000\000\000\000\000\000\000\000P\031?Z\326\257)\2439\250\272\002\370\360\022\220W 062/8s4\204\363\253&I\000m\335\025s!\002\347\243J\206W\025ML\260\226\0163\217\250\337\325W\253\356*O\245Z\271\234\207C\274\375`\335\311vG0E\002!\000\270\255{zJ\232is\231+I\203\311\265YC""\205%\016\007<\t\276E\2066\353H9\333\276\002 \005H\250\2029\211\341\2269\366{\261#\022Z\250\225\036\220\0130\016~\365\014\202F\222\317\242\033\236""; ","validation: """"\200\000\000\001&\000\000\000\021)/\352\2243:I\203w\200\211\SGQ\336\037\263=\026\236A\324J9\261\341@\353\236\027\243\365\225\347\2315\205\014\356\333\201\232V!\026\010P\027\000\000\000\000\000\000\000\000\000\000\000\000\000\000\000\000\000\000\000\000\000\000\000\000\000\000\000\000\000\000\000\000P\031?Z\326\257)\2439\250\272\002\370\360\022\220W 062/8s4\204\363\253&I\000m\335\025s!\002\347\243J\206W\025ML\260\226\0163\217\250\337\325W\253\356*O\245Z\271\234\207C\274\375`\335\311vG0E\002!\000\270\255{zJ\232is\231+I\203\311\265YC""\205%\016\007<\t\276E\2066\353H9\333\276\002 \005H\250\2029\211\341\2269\366{\261#\022Z\250\225\036\220\0130\016~\365\014\202F\222\317\242\033\236""; "
1750587315029,1750587315029,0,1,3,4,TMValidation,"validation: """"\200\000\000\001&\000\000\000\021)/\352\2243:I\203w\200\211\SGQ\336\037\263=\026\236A\324J9\261\341@\353\236\027\243\365\225\347\2315\205\014\356\333\201\232V!\026\010P\027\000\000\000\000\000\000\000\000\000\000\000\000\000\000\000\000\000\000\000\000\000\000\000\000\000\000\000\000\000\000\000\000P\031?Z\326\257)\2439\250\272\002\370\360\022\220W 062/8s4\204\363\253&I\000m\335\025s!\002\347\243J\206W\025ML\260\226\0163\217\250\337\325W\253\356*O\245Z\271\234\207C\274\375`\335\311vG0E\002!\000\270\255{zJ\232is\231+I\203\311\265YC""\205%\016\007<\t\276E\2066\353H9\333\276\002 \005H\250\2029\211\341\2269\366{\261#\022Z\250\225\036\220\0130\016~\365\014\202F\222\317\242\033\236""; ","validation: """"\200\000\000\001&\000\000\000\021)/\352\2243:I\203w\200\211\SGQ\336\037\263=\026\236A\324J9\261\341@\353\236\027\243\365\225\347\2315\205\014\356\333\201\232V!\026\010P\027\000\000\000\000\000\000\000\000\000\000\000\000\000\000\000\000\000\000\000\000\000\000\000\000\000\000\000\000\000\000\000\000P\031?Z\326\257)\2439\250\272\002\370\360\022\220W 062/8s4\204\363\253&I\000m\335\025s!\002\347\243J\206W\025ML\260\226\0163\217\250\337\325W\253\356*O\245Z\271\234\207C\274\375`\335\311vG0E\002!\000\270\255{zJ\232is\231+I\203\311\265YC""\205%\016\007<\t\276E\2066\353H9\333\276\002 \005H\250\2029\211\341\2269\366{\261#\022Z\250\225\036\220\0130\016~\365\014\202F\222\317\242\033\236""; "
1750587315029,1750587315029,0,1,3,2,TMValidation,"validation: """"\200\000\000\001&\000\000\000\021)/\352\2243:I\203w\200\211\SGQ\336\037\263=\026\236A\324J9\261\341@\353\236\027\243\365\225\347\2315\205\014\356\333\201\232V!\026\010P\027\000\000\000\000\000\000\000\000\000\000\000\000\000\000\000\000\000\000\000\000\000\000\000\000\000\000\000\000\000\000\000\000P\031?Z\326\257)\2439\250\272\002\370\360\022\220W 062/8s4\204\363\253&I\000m\335\025s!\002\347\243J\206W\025ML\260\226\0163\217\250\337\325W\253\356*O\245Z\271\234\207C\274\375`\335\311vG0E\002!\000\270\255{zJ\232is\231+I\203\311\265YC""\205%\016\007<\t\276E\2066\353H9\333\276\002 \005H\250\2029\211\341\2269\366{\261#\022Z\250\225\036\220\0130\016~\365\014\202F\222\317\242\033\236""; ","validation: """"\200\000\000\001&\000\000\000\021)/\352\2243:I\203w\200\211\SGQ\336\037\263=\026\236A\324J9\261\341@\353\236\027\243\365\225\347\2315\205\014\356\333\201\232V!\026\010P\027\000\000\000\000\000\000\000\000\000\000\000\000\000\000\000\000\000\000\000\000\000\000\000\000\000\000\000\000\000\000\000\000P\031?Z\326\257)\2439\250\272\002\370\360\022\220W 062/8s4\204\363\253&I\000m\335\025s!\002\347\243J\206W\025ML\260\226\0163\217\250\337\325W\253\356*O\245Z\271\234\207C\274\375`\335\311vG0E\002!\000\270\255{zJ\232is\231+I\203\311\265YC""\205%\016\007<\t\276E\2066\353H9\333\276\002 \005H\250\2029\211\341\2269\366{\261#\022Z\250\225\036\220\0130\016~\365\014\202F\222\317\242\033\236""; "
1750587315030,1750587315030,0,1,2,4,TMValidation,"validation: """"\200\000\000\001&\000\000\000\021)/\352\2243:I\203w\200\211\SGQ\336\037\263=\026\236A\324J9\261\341@\353\236\027\243\365\225\347\2315\205\014\356\333\201\232V!\026\010P\027\000\000\000\000\000\000\000\000\000\000\000\000\000\000\000\000\000\000\000\000\000\000\000\000\000\000\000\000\000\000\000\000P\031?Z\326\257)\2439\250\272\002\370\360\022\220W 062/8s4\204\363\253&I\000m\335\025s!\002\347\243J\206W\025ML\260\226\0163\217\250\337\325W\253\356*O\245Z\271\234\207C\274\375`\335\311vG0E\002!\000\270\255{zJ\232is\231+I\203\311\265YC""\205%\016\007<\t\276E\2066\353H9\333\276\002 \005H\250\2029\211\341\2269\366{\261#\022Z\250\225\036\220\0130\016~\365\014\202F\222\317\242\033\236""; ","validation: """"\200\000\000\001&\000\000\000\021)/\352\2243:I\203w\200\211\SGQ\336\037\263=\026\236A\324J9\261\341@\353\236\027\243\365\225\347\2315\205\014\356\333\201\232V!\026\010P\027\000\000\000\000\000\000\000\000\000\000\000\000\000\000\000\000\000\000\000\000\000\000\000\000\000\000\000\000\000\000\000\000P\031?Z\326\257)\2439\250\272\002\370\360\022\220W 062/8s4\204\363\253&I\000m\335\025s!\002\347\243J\206W\025ML\260\226\0163\217\250\337\325W\253\356*O\245Z\271\234\207C\274\375`\335\311vG0E\002!\000\270\255{zJ\232is\231+I\203\311\265YC""\205%\016\007<\t\276E\2066\353H9\333\276\002 \005H\250\2029\211\341\2269\366{\261#\022Z\250\225\036\220\0130\016~\365\014\202F\222\317\242\033\236""; "
1750587315031,1750587315031,0,1,3,1,TMValidation,"validation: """"\200\000\000\001&\000\000\000\021)/\352\2243:I\203w\200\211\SGQ\336\037\263=\026\236A\324J9\261\341@\353\236\027\243\365\225\347\2315\205\014\356\333\201\232V!\026\010P\027\000\000\000\000\000\000\000\000\000\000\000\000\000\000\000\000\000\000\000\000\000\000\000\000\000\000\000\000\000\000\000\000P\031?Z\326\257)\2439\250\272\002\370\360\022\220W 062/8s4\204\363\253&I\000m\335\025s!\002\347\243J\206W\025ML\260\226\0163\217\250\337\325W\253\356*O\245Z\271\234\207C\274\375`\335\311vG0E\002!\000\270\255{zJ\232is\231+I\203\311\265YC""\205%\016\007<\t\276E\2066\353H9\333\276\002 \005H\250\2029\211\341\2269\366{\261#\022Z\250\225\036\220\0130\016~\365\014\202F\222\317\242\033\236""; ","validation: """"\200\000\000\001&\000\000\000\021)/\352\2243:I\203w\200\211\SGQ\336\037\263=\026\236A\324J9\261\341@\353\236\027\243\365\225\347\2315\205\014\356\333\201\232V!\026\010P\027\000\000\000\000\000\000\000\000\000\000\000\000\000\000\000\000\000\000\000\000\000\000\000\000\000\000\000\000\000\000\000\000P\031?Z\326\257)\2439\250\272\002\370\360\022\220W 062/8s4\204\363\253&I\000m\335\025s!\002\347\243J\206W\025ML\260\226\0163\217\250\337\325W\253\356*O\245Z\271\234\207C\274\375`\335\311vG0E\002!\000\270\255{zJ\232is\231+I\203\311\265YC""\205%\016\007<\t\276E\2066\353H9\333\276\002 \005H\250\2029\211\341\2269\366{\261#\022Z\250\225\036\220\0130\016~\365\014\202F\222\317\242\033\236""; "
1750587315032,1750587315032,0,1,2,1,TMValidation,"validation: """"\200\000\000\001&\000\000\000\021)/\352\2243:I\203w\200\211\SGQ\336\037\263=\026\236A\324J9\261\341@\353\236\027\243\365\225\347\2315\205\014\356\333\201\232V!\026\010P\027\000\000\000\000\000\000\000\000\000\000\000\000\000\000\000\000\000\000\000\000\000\000\000\000\000\000\000\000\000\000\000\000P\031?Z\326\257)\2439\250\272\002\370\360\022\220W 062/8s4\204\363\253&I\000m\335\025s!\002\347\243J\206W\025ML\260\226\0163\217\250\337\325W\253\356*O\245Z\271\234\207C\274\375`\335\311vG0E\002!\000\270\255{zJ\232is\231+I\203\311\265YC""\205%\016\007<\t\276E\2066\353H9\333\276\002 \005H\250\2029\211\341\2269\366{\261#\022Z\250\225\036\220\0130\016~\365\014\202F\222\317\242\033\236""; ","validation: """"\200\000\000\001&\000\000\000\021)/\352\2243:I\203w\200\211\SGQ\336\037\263=\026\236A\324J9\261\341@\353\236\027\243\365\225\347\2315\205\014\356\333\201\232V!\026\010P\027\000\000\000\000\000\000\000\000\000\000\000\000\000\000\000\000\000\000\000\000\000\000\000\000\000\000\000\000\000\000\000\000P\031?Z\326\257)\2439\250\272\002\370\360\022\220W 062/8s4\204\363\253&I\000m\335\025s!\002\347\243J\206W\025ML\260\226\0163\217\250\337\325W\253\356*O\245Z\271\234\207C\274\375`\335\311vG0E\002!\000\270\255{zJ\232is\231+I\203\311\265YC""\205%\016\007<\t\276E\2066\353H9\333\276\002 \005H\250\2029\211\341\2269\366{\261#\022Z\250\225\036\220\0130\016~\365\014\202F\222\317\242\033\236""; "
1750587315033,1750587315033,0,1,1,4,TMValidation,"validation: """"\200\000\000\001&\000\000\000\021)/\352\2243:I\203w\200\211\SGQ\336\037\263=\026\236A\324J9\261\341@\353\236\027\243\365\225\347\2315\205\014\356\333\201\232V!\026\010P\027\000\000\000\000\000\000\000\000\000\000\000\000\000\000\000\000\000\000\000\000\000\000\000\000\000\000\000\000\000\000\000\000P\031?Z\326\257)\2439\250\272\002\370\360\022\220W 062/8s4\204\363\253&I\000m\335\025s!\002\347\243J\206W\025ML\260\226\0163\217\250\337\325W\253\356*O\245Z\271\234\207C\274\375`\335\311vG0E\002!\000\270\255{zJ\232is\231+I\203\311\265YC""\205%\016\007<\t\276E\2066\353H9\333\276\002 \005H\250\2029\211\341\2269\366{\261#\022Z\250\225\036\220\0130\016~\365\014\202F\222\317\242\033\236""; ","validation: """"\200\000\000\001&\000\000\000\021)/\352\2243:I\203w\200\211\SGQ\336\037\263=\026\236A\324J9\261\341@\353\236\027\243\365\225\347\2315\205\014\356\333\201\232V!\026\010P\027\000\000\000\000\000\000\000\000\000\000\000\000\000\000\000\000\000\000\000\000\000\000\000\000\000\000\000\000\000\000\000\000P\031?Z\326\257)\2439\250\272\002\370\360\022\220W 062/8s4\204\363\253&I\000m\335\025s!\002\347\243J\206W\025ML\260\226\0163\217\250\337\325W\253\356*O\245Z\271\234\207C\274\375`\335\311vG0E\002!\000\270\255{zJ\232is\231+I\203\311\265YC""\205%\016\007<\t\276E\2066\353H9\333\276\002 \005H\250\2029\211\341\2269\366{\261#\022Z\250\225\036\220\0130\016~\365\014\202F\222\317\242\033\236""; "
1750587315033,1750587315033,0,1,1,3,TMValidation,"validation: """"\200\000\000\001&\000\000\000\021)/\352\2243:I\203w\200\211\SGQ\336\037\263=\026\236A\324J9\261\341@\353\236\027\243\365\225\347\2315\205\014\356\333\201\232V!\026\010P\027\000\000\000\000\000\000\000\000\000\000\000\000\000\000\000\000\000\000\000\000\000\000\000\000\000\000\000\000\000\000\000\000P\031?Z\326\257)\2439\250\272\002\370\360\022\220W 062/8s4\204\363\253&I\000m\335\025s!\002\347\243J\206W\025ML\260\226\0163\217\250\337\325W\253\356*O\245Z\271\234\207C\274\375`\335\311vG0E\002!\000\270\255{zJ\232is\231+I\203\311\265YC""\205%\016\007<\t\276E\2066\353H9\333\276\002 \005H\250\2029\211\341\2269\366{\261#\022Z\250\225\036\220\0130\016~\365\014\202F\222\317\242\033\236""; ","validation: """"\200\000\000\001&\000\000\000\021)/\352\2243:I\203w\200\211\SGQ\336\037\263=\026\236A\324J9\261\341@\353\236\027\243\365\225\347\2315\205\014\356\333\201\232V!\026\010P\027\000\000\000\000\000\000\000\000\000\000\000\000\000\000\000\000\000\000\000\000\000\000\000\000\000\000\000\000\000\000\000\000P\031?Z\326\257)\2439\250\272\002\370\360\022\220W 062/8s4\204\363\253&I\000m\335\025s!\002\347\243J\206W\025ML\260\226\0163\217\250\337\325W\253\356*O\245Z\271\234\207C\274\375`\335\311vG0E\002!\000\270\255{zJ\232is\231+I\203\311\265YC""\205%\016\007<\t\276E\2066\353H9\333\276\002 \005H\250\2029\211\341\2269\366{\261#\022Z\250\225\036\220\0130\016~\365\014\202F\222\317\242\033\236""; "
1750587315034,1750587315034,0,1,2,3,TMValidation,"validation: """"\200\000\000\001&\000\000\000\021)/\352\2243:I\203w\200\211\SGQ\336\037\263=\026\236A\324J9\261\341@\353\236\027\243\365\225\347\2315\205\014\356\333\201\232V!\026\010P\027\000\000\000\000\000\000\000\000\000\000\000\000\000\000\000\000\000\000\000\000\000\000\000\000\000\000\000\000\000\000\000\000P\031?Z\326\257)\2439\250\272\002\370\360\022\220W 062/8s4\204\363\253&I\000m\335\025s!\002\347\243J\206W\025ML\260\226\0163\217\250\337\325W\253\356*O\245Z\271\234\207C\274\375`\335\311vG0E\002!\000\270\255{zJ\232is\231+I\203\311\265YC""\205%\016\007<\t\276E\2066\353H9\333\276\002 \005H\250\2029\211\341\2269\366{\261#\022Z\250\225\036\220\0130\016~\365\014\202F\222\317\242\033\236""; ","validation: """"\200\000\000\001&\000\000\000\021)/\352\2243:I\203w\200\211\SGQ\336\037\263=\026\236A\324J9\261\341@\353\236\027\243\365\225\347\2315\205\014\356\333\201\232V!\026\010P\027\000\000\000\000\000\000\000\000\000\000\000\000\000\000\000\000\000\000\000\000\000\000\000\000\000\000\000\000\000\000\000\000P\031?Z\326\257)\2439\250\272\002\370\360\022\220W 062/8s4\204\363\253&I\000m\335\025s!\002\347\243J\206W\025ML\260\226\0163\217\250\337\325W\253\356*O\245Z\271\234\207C\274\375`\335\311vG0E\002!\000\270\255{zJ\232is\231+I\203\311\265YC""\205%\016\007<\t\276E\2066\353H9\333\276\002 \005H\250\2029\211\341\2269\366{\261#\022Z\250\225\036\220\0130\016~\365\014\202F\222\317\242\033\236""; "
1750587315034,1750587315034,0,1,1,2,TMValidation,"validation: """"\200\000\000\001&\000\000\000\021)/\352\2243:I\203w\200\211\SGQ\336\037\263=\026\236A\324J9\261\341@\353\236\027\243\365\225\347\2315\205\014\356\333\201\232V!\026\010P\027\000\000\000\000\000\000\000\000\000\000\000\000\000\000\000\000\000\000\000\000\000\000\000\000\000\000\000\000\000\000\000\000P\031?Z\326\257)\2439\250\272\002\370\360\022\220W 062/8s4\204\363\253&I\000m\335\025s!\002\347\243J\206W\025ML\260\226\0163\217\250\337\325W\253\356*O\245Z\271\234\207C\274\375`\335\311vG0E\002!\000\270\255{zJ\232is\231+I\203\311\265YC""\205%\016\007<\t\276E\2066\353H9\333\276\002 \005H\250\2029\211\341\2269\366{\261#\022Z\250\225\036\220\0130\016~\365\014\202F\222\317\242\033\236""; ","validation: """"\200\000\000\001&\000\000\000\021)/\352\2243:I\203w\200\211\SGQ\336\037\263=\026\236A\324J9\261\341@\353\236\027\243\365\225\347\2315\205\014\356\333\201\232V!\026\010P\027\000\000\000\000\000\000\000\000\000\000\000\000\000\000\000\000\000\000\000\000\000\000\000\000\000\000\000\000\000\000\000\000P\031?Z\326\257)\2439\250\272\002\370\360\022\220W 062/8s4\204\363\253&I\000m\335\025s!\002\347\243J\206W\025ML\260\226\0163\217\250\337\325W\253\356*O\245Z\271\234\207C\274\375`\335\311vG0E\002!\000\270\255{zJ\232is\231+I\203\311\265YC""\205%\016\007<\t\276E\2066\353H9\333\276\002 \005H\250\2029\211\341\2269\366{\261#\022Z\250\225\036\220\0130\016~\365\014\202F\222\317\242\033\236""; "
1750587315300,1750587315300,0,1,2,3,TMStatusChange,"newEvent: neACCEPTED_LEDGER; ledgerSeq: 17; ledgerHash: ""\336\037\263=\026\236A\324J9\261\341@\353\236\027\243\365\225\347\2315\205\014\356\333\201\232V!\026\010""; ledgerHashPrevious: ""?Z\326\257)\2439\250\272\002\370\360\022\220W 062/8s4\204\363\253&I\000m\335\025""; networkTime: 803902515; firstSeq: 1; lastSeq: 16; ","newEvent: neACCEPTED_LEDGER; ledgerSeq: 17; ledgerHash: ""\336\037\263=\026\236A\324J9\261\341@\353\236\027\243\365\225\347\2315\205\014\356\333\201\232V!\026\010""; ledgerHashPrevious: ""?Z\326\257)\2439\250\272\002\370\360\022\220W 062/8s4\204\363\253&I\000m\335\025""; networkTime: 803902515; firstSeq: 1; lastSeq: 16; "
1750587315301,1750587315301,0,1,2,4,TMStatusChange,"newEvent: neACCEPTED_LEDGER; ledgerSeq: 17; ledgerHash: ""\336\037\263=\026\236A\324J9\261\341@\353\236\027\243\365\225\347\2315\205\014\356\333\201\232V!\026\010""; ledgerHashPrevious: ""?Z\326\257)\2439\250\272\002\370\360\022\220W 062/8s4\204\363\253&I\000m\335\025""; networkTime: 803902515; firstSeq: 1; lastSeq: 16; ","newEvent: neACCEPTED_LEDGER; ledgerSeq: 17; ledgerHash: ""\336\037\263=\026\236A\324J9\261\341@\353\236\027\243\365\225\347\2315\205\014\356\333\201\232V!\026\010""; ledgerHashPrevious: ""?Z\326\257)\2439\250\272\002\370\360\022\220W 062/8s4\204\363\253&I\000m\335\025""; networkTime: 803902515; firstSeq: 1; lastSeq: 16; "
1750587315301,1750587315301,0,1,2,0,TMValidation,"validation: """"\200\000\000\001&\000\000\000\021)/\352\2243:Q\231\304\227'3\313\030Q\336\037\263=\026\236A\324J9\261\341@\353\236\027\243\365\225\347\2315\205\014\356\333\201\232V!\026\010P\027\000\000\000\000\000\000\000\000\000\000\000\000\000\000\000\000\000\000\000\000\000\000\000\000\000\000\000\000\000\000\000\000P\031?Z\326\257)\2439\250\272\002\370\360\022\220W 062/8s4\204\363\253&I\000m\335\025s!\003ql\302)\235\321\t\213\224\356\374%%\311\327\037\374\304\t\335\2359\344\233\035]\347<u\236\364\222vG0E\002!\000\346\306\010O8l\3553\266\260w\275SQx\233\214 \2027\263\310\027\233\206o\326\017\237>h\235\002 'sL\366\001>\0320\3364\336b\241x\321\351\221\314\r\250 \033\206\273q\020\260\253j\301\032\226""; ","validation: """"\200\000\000\001&\000\000\000\021)/\352\2243:Q\231\304\227'3\313\030Q\336\037\263=\026\236A\324J9\261\341@\353\236\027\243\365\225\347\2315\205\014\356\333\201\232V!\026\010P\027\000\000\000\000\000\000\000\000\000\000\000\000\000\000\000\000\000\000\000\000\000\000\000\000\000\000\000\000\000\000\000\000P\031?Z\326\257)\2439\250\272\002\370\360\022\220W 062/8s4\204\363\253&I\000m\335\025s!\003ql\302)\235\321\t\213\224\356\374%%\311\327\037\374\304\t\335\2359\344\233\035]\347<u\236\364\222vG0E\002!\000\346\306\010O8l\3553\266\260w\275SQx\233\214 \2027\263\310\027\233\206o\326\017\237>h\235\002 'sL\366\001>\0320\3364\336b\241x\321\351\221\314\r\250 \033\206\273q\020\260\253j\301\032\226""; "
1750587315301,1750587315301,0,1,2,0,TMStatusChange,"newEvent: neACCEPTED_LEDGER; ledgerSeq: 17; ledgerHash: ""\336\037\263=\026\236A\324J9\261\341@\353\236\027\243\365\225\347\2315\205\014\356\333\201\232V!\026\010""; ledgerHashPrevious: ""?Z\326\257)\2439\250\272\002\370\360\022\220W 062/8s4\204\363\253&I\000m\335\025""; networkTime: 803902515; firstSeq: 1; lastSeq: 16; ","newEvent: neACCEPTED_LEDGER; ledgerSeq: 17; ledgerHash: ""\336\037\263=\026\236A\324J9\261\341@\353\236\027\243\365\225\347\2315\205\014\356\333\201\232V!\026\010""; ledgerHashPrevious: ""?Z\326\257)\2439\250\272\002\370\360\022\220W 062/8s4\204\363\253&I\000m\335\025""; networkTime: 803902515; firstSeq: 1; lastSeq: 16; "
1750587315302,1750587315302,0,1,2,1,TMStatusChange,"newEvent: neACCEPTED_LEDGER; ledgerSeq: 17; ledgerHash: ""\336\037\263=\026\236A\324J9\261\341@\353\236\027\243\365\225\347\2315\205\014\356\333\201\232V!\026\010""; ledgerHashPrevious: ""?Z\326\257)\2439\250\272\002\370\360\022\220W 062/8s4\204\363\253&I\000m\335\025""; networkTime: 803902515; firstSeq: 1; lastSeq: 16; ","newEvent: neACCEPTED_LEDGER; ledgerSeq: 17; ledgerHash: ""\336\037\263=\026\236A\324J9\261\341@\353\236\027\243\365\225\347\2315\205\014\356\333\201\232V!\026\010""; ledgerHashPrevious: ""?Z\326\257)\2439\250\272\002\370\360\022\220W 062/8s4\204\363\253&I\000m\335\025""; networkTime: 803902515; firstSeq: 1; lastSeq: 16; "
1750587315304,1750587315304,0,1,0,4,TMValidation,"validation: """"\200\000\000\001&\000\000\000\021)/\352\2243:Q\231\304\227'3\313\030Q\336\037\263=\026\236A\324J9\261\341@\353\236\027\243\365\225\347\2315\205\014\356\333\201\232V!\026\010P\027\000\000\000\000\000\000\000\000\000\000\000\000\000\000\000\000\000\000\000\000\000\000\000\000\000\000\000\000\000\000\000\000P\031?Z\326\257)\2439\250\272\002\370\360\022\220W 062/8s4\204\363\253&I\000m\335\025s!\003ql\302)\235\321\t\213\224\356\374%%\311\327\037\374\304\t\335\2359\344\233\035]\347<u\236\364\222vG0E\002!\000\346\306\010O8l\3553\266\260w\275SQx\233\214 \2027\263\310\027\233\206o\326\017\237>h\235\002 'sL\366\001>\0320\3364\336b\241x\321\351\221\314\r\250 \033\206\273q\020\260\253j\301\032\226""; ","validation: """"\200\000\000\001&\000\000\000\021)/\352\2243:Q\231\304\227'3\313\030Q\336\037\263=\026\236A\324J9\261\341@\353\236\027\243\365\225\347\2315\205\014\356\333\201\232V!\026\010P\027\000\000\000\000\000\000\000\000\000\000\000\000\000\000\000\000\000\000\000\000\000\000\000\000\000\000\000\000\000\000\000\000P\031?Z\326\257)\2439\250\272\002\370\360\022\220W 062/8s4\204\363\253&I\000m\335\025s!\003ql\302)\235\321\t\213\224\356\374%%\311\327\037\374\304\t\335\2359\344\233\035]\347<u\236\364\222vG0E\002!\000\346\306\010O8l\3553\266\260w\275SQx\233\214 \2027\263\310\027\233\206o\326\017\237>h\235\002 'sL\366\001>\0320\3364\336b\241x\321\351\221\314\r\250 \033\206\273q\020\260\253j\301\032\226""; "
1750587315305,1750587315305,0,1,0,3,TMValidation,"validation: """"\200\000\000\001&\000\000\000\021)/\352\2243:Q\231\304\227'3\313\030Q\336\037\263=\026\236A\324J9\261\341@\353\236\027\243\365\225\347\2315\205\014\356\333\201\232V!\026\010P\027\000\000\000\000\000\000\000\000\000\000\000\000\000\000\000\000\000\000\000\000\000\000\000\000\000\000\000\000\000\000\000\000P\031?Z\326\257)\2439\250\272\002\370\360\022\220W 062/8s4\204\363\253&I\000m\335\025s!\003ql\302)\235\321\t\213\224\356\374%%\311\327\037\374\304\t\335\2359\344\233\035]\347<u\236\364\222vG0E\002!\000\346\306\010O8l\3553\266\260w\275SQx\233\214 \2027\263\310\027\233\206o\326\017\237>h\235\002 'sL\366\001>\0320\3364\336b\241x\321\351\221\314\r\250 \033\206\273q\020\260\253j\301\032\226""; ","validation: """"\200\000\000\001&\000\000\000\021)/\352\2243:Q\231\304\227'3\313\030Q\336\037\263=\026\236A\324J9\261\341@\353\236\027\243\365\225\347\2315\205\014\356\333\201\232V!\026\010P\027\000\000\000\000\000\000\000\000\000\000\000\000\000\000\000\000\000\000\000\000\000\000\000\000\000\000\000\000\000\000\000\000P\031?Z\326\257)\2439\250\272\002\370\360\022\220W 062/8s4\204\363\253&I\000m\335\025s!\003ql\302)\235\321\t\213\224\356\374%%\311\327\037\374\304\t\335\2359\344\233\035]\347<u\236\364\222vG0E\002!\000\346\306\010O8l\3553\266\260w\275SQx\233\214 \2027\263\310\027\233\206o\326\017\237>h\235\002 'sL\366\001>\0320\3364\336b\241x\321\351\221\314\r\250 \033\206\273q\020\260\253j\301\032\226""; "
1750587315305,1750587315305,0,1,0,1,TMValidation,"validation: """"\200\000\000\001&\000\000\000\021)/\352\2243:Q\231\304\227'3\313\030Q\336\037\263=\026\236A\324J9\261\341@\353\236\027\243\365\225\347\2315\205\014\356\333\201\232V!\026\010P\027\000\000\000\000\000\000\000\000\000\000\000\000\000\000\000\000\000\000\000\000\000\000\000\000\000\000\000\000\000\000\000\000P\031?Z\326\257)\2439\250\272\002\370\360\022\220W 062/8s4\204\363\253&I\000m\335\025s!\003ql\302)\235\321\t\213\224\356\374%%\311\327\037\374\304\t\335\2359\344\233\035]\347<u\236\364\222vG0E\002!\000\346\306\010O8l\3553\266\260w\275SQx\233\214 \2027\263\310\027\233\206o\326\017\237>h\235\002 'sL\366\001>\0320\3364\336b\241x\321\351\221\314\r\250 \033\206\273q\020\260\253j\301\032\226""; ","validation: """"\200\000\000\001&\000\000\000\021)/\352\2243:Q\231\304\227'3\313\030Q\336\037\263=\026\236A\324J9\261\341@\353\236\027\243\365\225\347\2315\205\014\356\333\201\232V!\026\010P\027\000\000\000\000\000\000\000\000\000\000\000\000\000\000\000\000\000\000\000\000\000\000\000\000\000\000\000\000\000\000\000\000P\031?Z\326\257)\2439\250\272\002\370\360\022\220W 062/8s4\204\363\253&I\000m\335\025s!\003ql\302)\235\321\t\213\224\356\374%%\311\327\037\374\304\t\335\2359\344\233\035]\347<u\236\364\222vG0E\002!\000\346\306\010O8l\3553\266\260w\275SQx\233\214 \2027\263\310\027\233\206o\326\017\237>h\235\002 'sL\366\001>\0320\3364\336b\241x\321\351\221\314\r\250 \033\206\273q\020\260\253j\301\032\226""; "
1750587315307,1750587315307,0,1,4,1,TMValidation,"validation: """"\200\000\000\001&\000\000\000\021)/\352\2243:Q\231\304\227'3\313\030Q\336\037\263=\026\236A\324J9\261\341@\353\236\027\243\365\225\347\2315\205\014\356\333\201\232V!\026\010P\027\000\000\000\000\000\000\000\000\000\000\000\000\000\000\000\000\000\000\000\000\000\000\000\000\000\000\000\000\000\000\000\000P\031?Z\326\257)\2439\250\272\002\370\360\022\220W 062/8s4\204\363\253&I\000m\335\025s!\003ql\302)\235\321\t\213\224\356\374%%\311\327\037\374\304\t\335\2359\344\233\035]\347<u\236\364\222vG0E\002!\000\346\306\010O8l\3553\266\260w\275SQx\233\214 \2027\263\310\027\233\206o\326\017\237>h\235\002 'sL\366\001>\0320\3364\336b\241x\321\351\221\314\r\250 \033\206\273q\020\260\253j\301\032\226""; ","validation: """"\200\000\000\001&\000\000\000\021)/\352\2243:Q\231\304\227'3\313\030Q\336\037\263=\026\236A\324J9\261\341@\353\236\027\243\365\225\347\2315\205\014\356\333\201\232V!\026\010P\027\000\000\000\000\000\000\000\000\000\000\000\000\000\000\000\000\000\000\000\000\000\000\000\000\000\000\000\000\000\000\000\000P\031?Z\326\257)\2439\250\272\002\370\360\022\220W 062/8s4\204\363\253&I\000m\335\025s!\003ql\302)\235\321\t\213\224\356\374%%\311\327\037\374\304\t\335\2359\344\233\035]\347<u\236\364\222vG0E\002!\000\346\306\010O8l\3553\266\260w\275SQx\233\214 \2027\263\310\027\233\206o\326\017\237>h\235\002 'sL\366\001>\0320\3364\336b\241x\321\351\221\314\r\250 \033\206\273q\020\260\253j\301\032\226""; "
1750587315307,1750587315308,0,1,4,2,TMValidation,"validation: """"\200\000\000\001&\000\000\000\021)/\352\2243:Q\231\304\227'3\313\030Q\336\037\263=\026\236A\324J9\261\341@\353\236\027\243\365\225\347\2315\205\014\356\333\201\232V!\026\010P\027\000\000\000\000\000\000\000\000\000\000\000\000\000\000\000\000\000\000\000\000\000\000\000\000\000\000\000\000\000\000\000\000P\031?Z\326\257)\2439\250\272\002\370\360\022\220W 062/8s4\204\363\253&I\000m\335\025s!\003ql\302)\235\321\t\213\224\356\374%%\311\327\037\374\304\t\335\2359\344\233\035]\347<u\236\364\222vG0E\002!\000\346\306\010O8l\3553\266\260w\275SQx\233\214 \2027\263\310\027\233\206o\326\017\237>h\235\002 'sL\366\001>\0320\3364\336b\241x\321\351\221\314\r\250 \033\206\273q\020\260\253j\301\032\226""; ","validation: """"\200\000\000\001&\000\000\000\021)/\352\2243:Q\231\304\227'3\313\030Q\336\037\263=\026\236A\324J9\261\341@\353\236\027\243\365\225\347\2315\205\014\356\333\201\232V!\026\010P\027\000\000\000\000\000\000\000\000\000\000\000\000\000\000\000\000\000\000\000\000\000\000\000\000\000\000\000\000\000\000\000\000P\031?Z\326\257)\2439\250\272\002\370\360\022\220W 062/8s4\204\363\253&I\000m\335\025s!\003ql\302)\235\321\t\213\224\356\374%%\311\327\037\374\304\t\335\2359\344\233\035]\347<u\236\364\222vG0E\002!\000\346\306\010O8l\3553\266\260w\275SQx\233\214 \2027\263\310\027\233\206o\326\017\237>h\235\002 'sL\366\001>\0320\3364\336b\241x\321\351\221\314\r\250 \033\206\273q\020\260\253j\301\032\226""; "
1750587315308,1750587315308,0,1,4,3,TMValidation,"validation: """"\200\000\000\001&\000\000\000\021)/\352\2243:Q\231\304\227'3\313\030Q\336\037\263=\026\236A\324J9\261\341@\353\236\027\243\365\225\347\2315\205\014\356\333\201\232V!\026\010P\027\000\000\000\000\000\000\000\000\000\000\000\000\000\000\000\000\000\000\000\000\000\000\000\000\000\000\000\000\000\000\000\000P\031?Z\326\257)\2439\250\272\002\370\360\022\220W 062/8s4\204\363\253&I\000m\335\025s!\003ql\302)\235\321\t\213\224\356\374%%\311\327\037\374\304\t\335\2359\344\233\035]\347<u\236\364\222vG0E\002!\000\346\306\010O8l\3553\266\260w\275SQx\233\214 \2027\263\310\027\233\206o\326\017\237>h\235\002 'sL\366\001>\0320\3364\336b\241x\321\351\221\314\r\250 \033\206\273q\020\260\253j\301\032\226""; ","validation: """"\200\000\000\001&\000\000\000\021)/\352\2243:Q\231\304\227'3\313\030Q\336\037\263=\026\236A\324J9\261\341@\353\236\027\243\365\225\347\2315\205\014\356\333\201\232V!\026\010P\027\000\000\000\000\000\000\000\000\000\000\000\000\000\000\000\000\000\000\000\000\000\000\000\000\000\000\000\000\000\000\000\000P\031?Z\326\257)\2439\250\272\002\370\360\022\220W 062/8s4\204\363\253&I\000m\335\025s!\003ql\302)\235\321\t\213\224\356\374%%\311\327\037\374\304\t\335\2359\344\233\035]\347<u\236\364\222vG0E\002!\000\346\306\010O8l\3553\266\260w\275SQx\233\214 \2027\263\310\027\233\206o\326\017\237>h\235\002 'sL\366\001>\0320\3364\336b\241x\321\351\221\314\r\250 \033\206\273q\020\260\253j\301\032\226""; "
1750587315308,1750587315308,0,1,3,2,TMValidation,"validation: """"\200\000\000\001&\000\000\000\021)/\352\2243:Q\231\304\227'3\313\030Q\336\037\263=\026\236A\324J9\261\341@\353\236\027\243\365\225\347\2315\205\014\356\333\201\232V!\026\010P\027\000\000\000\000\000\000\000\000\000\000\000\000\000\000\000\000\000\000\000\000\000\000\000\000\000\000\000\000\000\000\000\000P\031?Z\326\257)\2439\250\272\002\370\360\022\220W 062/8s4\204\363\253&I\000m\335\025s!\003ql\302)\235\321\t\213\224\356\374%%\311\327\037\374\304\t\335\2359\344\233\035]\347<u\236\364\222vG0E\002!\000\346\306\010O8l\3553\266\260w\275SQx\233\214 \2027\263\310\027\233\206o\326\017\237>h\235\002 'sL\366\001>\0320\3364\336b\241x\321\351\221\314\r\250 \033\206\273q\020\260\253j\301\032\226""; ","validation: """"\200\000\000\001&\000\000\000\021)/\352\2243:Q\231\304\227'3\313\030Q\336\037\263=\026\236A\324J9\261\341@\353\236\027\243\365\225\347\2315\205\014\356\333\201\232V!\026\010P\027\000\000\000\000\000\000\000\000\000\000\000\000\000\000\000\000\000\000\000\000\000\000\000\000\000\000\000\000\000\000\000\000P\031?Z\326\257)\2439\250\272\002\370\360\022\220W 062/8s4\204\363\253&I\000m\335\025s!\003ql\302)\235\321\t\213\224\356\374%%\311\327\037\374\304\t\335\2359\344\233\035]\347<u\236\364\222vG0E\002!\000\346\306\010O8l\3553\266\260w\275SQx\233\214 \2027\263\310\027\233\206o\326\017\237>h\235\002 'sL\366\001>\0320\3364\336b\241x\321\351\221\314\r\250 \033\206\273q\020\260\253j\301\032\226""; "
1750587315309,1750587315309,0,1,1,2,TMValidation,"validation: """"\200\000\000\001&\000\000\000\021)/\352\2243:Q\231\304\227'3\313\030Q\336\037\263=\026\236A\324J9\261\341@\353\236\027\243\365\225\347\2315\205\014\356\333\201\232V!\026\010P\027\000\000\000\000\000\000\000\000\000\000\000\000\000\000\000\000\000\000\000\000\000\000\000\000\000\000\000\000\000\000\000\000P\031?Z\326\257)\2439\250\272\002\370\360\022\220W 062/8s4\204\363\253&I\000m\335\025s!\003ql\302)\235\321\t\213\224\356\374%%\311\327\037\374\304\t\335\2359\344\233\035]\347<u\236\364\222vG0E\002!\000\346\306\010O8l\3553\266\260w\275SQx\233\214 \2027\263\310\027\233\206o\326\017\237>h\235\002 'sL\366\001>\0320\3364\336b\241x\321\351\221\314\r\250 \033\206\273q\020\260\253j\301\032\226""; ","validation: """"\200\000\000\001&\000\000\000\021)/\352\2243:Q\231\304\227'3\313\030Q\336\037\263=\026\236A\324J9\261\341@\353\236\027\243\365\225\347\2315\205\014\356\333\201\232V!\026\010P\027\000\000\000\000\000\000\000\000\000\000\000\000\000\000\000\000\000\000\000\000\000\000\000\000\000\000\000\000\000\000\000\000P\031?Z\326\257)\2439\250\272\002\370\360\022\220W 062/8s4\204\363\253&I\000m\335\025s!\003ql\302)\235\321\t\213\224\356\374%%\311\327\037\374\304\t\335\2359\344\233\035]\347<u\236\364\222vG0E\002!\000\346\306\010O8l\3553\266\260w\275SQx\233\214 \2027\263\310\027\233\206o\326\017\237>h\235\002 'sL\366\001>\0320\3364\336b\241x\321\351\221\314\r\250 \033\206\273q\020\260\253j\301\032\226""; "
1750587315309,1750587315309,0,1,3,1,TMValidation,"validation: """"\200\000\000\001&\000\000\000\021)/\352\2243:Q\231\304\227'3\313\030Q\336\037\263=\026\236A\324J9\261\341@\353\236\027\243\365\225\347\2315\205\014\356\333\201\232V!\026\010P\027\000\000\000\000\000\000\000\000\000\000\000\000\000\000\000\000\000\000\000\000\000\000\000\000\000\000\000\000\000\000\000\000P\031?Z\326\257)\2439\250\272\002\370\360\022\220W 062/8s4\204\363\253&I\000m\335\025s!\003ql\302)\235\321\t\213\224\356\374%%\311\327\037\374\304\t\335\2359\344\233\035]\347<u\236\364\222vG0E\002!\000\346\306\010O8l\3553\266\260w\275SQx\233\214 \2027\263\310\027\233\206o\326\017\237>h\235\002 'sL\366\001>\0320\3364\336b\241x\321\351\221\314\r\250 \033\206\273q\020\260\253j\301\032\226""; ","validation: """"\200\000\000\001&\000\000\000\021)/\352\2243:Q\231\304\227'3\313\030Q\336\037\263=\026\236A\324J9\261\341@\353\236\027\243\365\225\347\2315\205\014\356\333\201\232V!\026\010P\027\000\000\000\000\000\000\000\000\000\000\000\000\000\000\000\000\000\000\000\000\000\000\000\000\000\000\000\000\000\000\000\000P\031?Z\326\257)\2439\250\272\002\370\360\022\220W 062/8s4\204\363\253&I\000m\335\025s!\003ql\302)\235\321\t\213\224\356\374%%\311\327\037\374\304\t\335\2359\344\233\035]\347<u\236\364\222vG0E\002!\000\346\306\010O8l\3553\266\260w\275SQx\233\214 \2027\263\310\027\233\206o\326\017\237>h\235\002 'sL\366\001>\0320\3364\336b\241x\321\351\221\314\r\250 \033\206\273q\020\260\253j\301\032\226""; "
1750587315310,1750587315310,0,1,1,3,TMValidation,"validation: """"\200\000\000\001&\000\000\000\021)/\352\2243:Q\231\304\227'3\313\030Q\336\037\263=\026\236A\324J9\261\341@\353\236\027\243\365\225\347\2315\205\014\356\333\201\232V!\026\010P\027\000\000\000\000\000\000\000\000\000\000\000\000\000\000\000\000\000\000\000\000\000\000\000\000\000\000\000\000\000\000\000\000P\031?Z\326\257)\2439\250\272\002\370\360\022\220W 062/8s4\204\363\253&I\000m\335\025s!\003ql\302)\235\321\t\213\224\356\374%%\311\327\037\374\304\t\335\2359\344\233\035]\347<u\236\364\222vG0E\002!\000\346\306\010O8l\3553\266\260w\275SQx\233\214 \2027\263\310\027\233\206o\326\017\237>h\235\002 'sL\366\001>\0320\3364\336b\241x\321\351\221\314\r\250 \033\206\273q\020\260\253j\301\032\226""; ","validation: """"\200\000\000\001&\000\000\000\021)/\352\2243:Q\231\304\227'3\313\030Q\336\037\263=\026\236A\324J9\261\341@\353\236\027\243\365\225\347\2315\205\014\356\333\201\232V!\026\010P\027\000\000\000\000\000\000\000\000\000\000\000\000\000\000\000\000\000\000\000\000\000\000\000\000\000\000\000\000\000\000\000\000P\031?Z\326\257)\2439\250\272\002\370\360\022\220W 062/8s4\204\363\253&I\000m\335\025s!\003ql\302)\235\321\t\213\224\356\374%%\311\327\037\374\304\t\335\2359\344\233\035]\347<u\236\364\222vG0E\002!\000\346\306\010O8l\3553\266\260w\275SQx\233\214 \2027\263\310\027\233\206o\326\017\237>h\235\002 'sL\366\001>\0320\3364\336b\241x\321\351\221\314\r\250 \033\206\273q\020\260\253j\301\032\226""; "
1750587315310,1750587315310,0,1,1,4,TMValidation,"validation: """"\200\000\000\001&\000\000\000\021)/\352\2243:Q\231\304\227'3\313\030Q\336\037\263=\026\236A\324J9\261\341@\353\236\027\243\365\225\347\2315\205\014\356\333\201\232V!\026\010P\027\000\000\000\000\000\000\000\000\000\000\000\000\000\000\000\000\000\000\000\000\000\000\000\000\000\000\000\000\000\000\000\000P\031?Z\326\257)\2439\250\272\002\370\360\022\220W 062/8s4\204\363\253&I\000m\335\025s!\003ql\302)\235\321\t\213\224\356\374%%\311\327\037\374\304\t\335\2359\344\233\035]\347<u\236\364\222vG0E\002!\000\346\306\010O8l\3553\266\260w\275SQx\233\214 \2027\263\310\027\233\206o\326\017\237>h\235\002 'sL\366\001>\0320\3364\336b\241x\321\351\221\314\r\250 \033\206\273q\020\260\253j\301\032\226""; ","validation: """"\200\000\000\001&\000\000\000\021)/\352\2243:Q\231\304\227'3\313\030Q\336\037\263=\026\236A\324J9\261\341@\353\236\027\243\365\225\347\2315\205\014\356\333\201\232V!\026\010P\027\000\000\000\000\000\000\000\000\000\000\000\000\000\000\000\000\000\000\000\000\000\000\000\000\000\000\000\000\000\000\000\000P\031?Z\326\257)\2439\250\272\002\370\360\022\220W 062/8s4\204\363\253&I\000m\335\025s!\003ql\302)\235\321\t\213\224\356\374%%\311\327\037\374\304\t\335\2359\344\233\035]\347<u\236\364\222vG0E\002!\000\346\306\010O8l\3553\266\260w\275SQx\233\214 \2027\263\310\027\233\206o\326\017\237>h\235\002 'sL\366\001>\0320\3364\336b\241x\321\351\221\314\r\250 \033\206\273q\020\260\253j\301\032\226""; "
1750587315310,1750587315310,0,1,3,4,TMValidation,"validation: """"\200\000\000\001&\000\000\000\021)/\352\2243:Q\231\304\227'3\313\030Q\336\037\263=\026\236A\324J9\261\341@\353\236\027\243\365\225\347\2315\205\014\356\333\201\232V!\026\010P\027\000\000\000\000\000\000\000\000\000\000\000\000\000\000\000\000\000\000\000\000\000\000\000\000\000\000\000\000\000\000\000\000P\031?Z\326\257)\2439\250\272\002\370\360\022\220W 062/8s4\204\363\253&I\000m\335\025s!\003ql\302)\235\321\t\213\224\356\374%%\311\327\037\374\304\t\335\2359\344\233\035]\347<u\236\364\222vG0E\002!\000\346\306\010O8l\3553\266\260w\275SQx\233\214 \2027\263\310\027\233\206o\326\017\237>h\235\002 'sL\366\001>\0320\3364\336b\241x\321\351\221\314\r\250 \033\206\273q\020\260\253j\301\032\226""; ","validation: """"\200\000\000\001&\000\000\000\021)/\352\2243:Q\231\304\227'3\313\030Q\336\037\263=\026\236A\324J9\261\341@\353\236\027\243\365\225\347\2315\205\014\356\333\201\232V!\026\010P\027\000\000\000\000\000\000\000\000\000\000\000\000\000\000\000\000\000\000\000\000\000\000\000\000\000\000\000\000\000\000\000\000P\031?Z\326\257)\2439\250\272\002\370\360\022\220W 062/8s4\204\363\253&I\000m\335\025s!\003ql\302)\235\321\t\213\224\356\374%%\311\327\037\374\304\t\335\2359\344\233\035]\347<u\236\364\222vG0E\002!\000\346\306\010O8l\3553\266\260w\275SQx\233\214 \2027\263\310\027\233\206o\326\017\237>h\235\002 'sL\366\001>\0320\3364\336b\241x\321\351\221\314\r\250 \033\206\273q\020\260\253j\301\032\226""; "
1750587315311,1750587315311,0,1,2,4,TMValidation,"validation: """"\200\000\000\001&\000\000\000\021)/\352\2243:Q\231\304\227'3\313\030Q\336\037\263=\026\236A\324J9\261\341@\353\236\027\243\365\225\347\2315\205\014\356\333\201\232V!\026\010P\027\000\000\000\000\000\000\000\000\000\000\000\000\000\000\000\000\000\000\000\000\000\000\000\000\000\000\000\000\000\000\000\000P\031?Z\326\257)\2439\250\272\002\370\360\022\220W 062/8s4\204\363\253&I\000m\335\025s!\003ql\302)\235\321\t\213\224\356\374%%\311\327\037\374\304\t\335\2359\344\233\035]\347<u\236\364\222vG0E\002!\000\346\306\010O8l\3553\266\260w\275SQx\233\214 \2027\263\310\027\233\206o\326\017\237>h\235\002 'sL\366\001>\0320\3364\336b\241x\321\351\221\314\r\250 \033\206\273q\020\260\253j\301\032\226""; ","validation: """"\200\000\000\001&\000\000\000\021)/\352\2243:Q\231\304\227'3\313\030Q\336\037\263=\026\236A\324J9\261\341@\353\236\027\243\365\225\347\2315\205\014\356\333\201\232V!\026\010P\027\000\000\000\000\000\000\000\000\000\000\000\000\000\000\000\000\000\000\000\000\000\000\000\000\000\000\000\000\000\000\000\000P\031?Z\326\257)\2439\250\272\002\370\360\022\220W 062/8s4\204\363\253&I\000m\335\025s!\003ql\302)\235\321\t\213\224\356\374%%\311\327\037\374\304\t\335\2359\344\233\035]\347<u\236\364\222vG0E\002!\000\346\306\010O8l\3553\266\260w\275SQx\233\214 \2027\263\310\027\233\206o\326\017\237>h\235\002 'sL\366\001>\0320\3364\336b\241x\321\351\221\314\r\250 \033\206\273q\020\260\253j\301\032\226""; "
1750587315311,1750587315311,0,1,2,3,TMValidation,"validation: """"\200\000\000\001&\000\000\000\021)/\352\2243:Q\231\304\227'3\313\030Q\336\037\263=\026\236A\324J9\261\341@\353\236\027\243\365\225\347\2315\205\014\356\333\201\232V!\026\010P\027\000\000\000\000\000\000\000\000\000\000\000\000\000\000\000\000\000\000\000\000\000\000\000\000\000\000\000\000\000\000\000\000P\031?Z\326\257)\2439\250\272\002\370\360\022\220W 062/8s4\204\363\253&I\000m\335\025s!\003ql\302)\235\321\t\213\224\356\374%%\311\327\037\374\304\t\335\2359\344\233\035]\347<u\236\364\222vG0E\002!\000\346\306\010O8l\3553\266\260w\275SQx\233\214 \2027\263\310\027\233\206o\326\017\237>h\235\002 'sL\366\001>\0320\3364\336b\241x\321\351\221\314\r\250 \033\206\273q\020\260\253j\301\032\226""; ","validation: """"\200\000\000\001&\000\000\000\021)/\352\2243:Q\231\304\227'3\313\030Q\336\037\263=\026\236A\324J9\261\341@\353\236\027\243\365\225\347\2315\205\014\356\333\201\232V!\026\010P\027\000\000\000\000\000\000\000\000\000\000\000\000\000\000\000\000\000\000\000\000\000\000\000\000\000\000\000\000\000\000\000\000P\031?Z\326\257)\2439\250\272\002\370\360\022\220W 062/8s4\204\363\253&I\000m\335\025s!\003ql\302)\235\321\t\213\224\356\374%%\311\327\037\374\304\t\335\2359\344\233\035]\347<u\236\364\222vG0E\002!\000\346\306\010O8l\3553\266\260w\275SQx\233\214 \2027\263\310\027\233\206o\326\017\237>h\235\002 'sL\366\001>\0320\3364\336b\241x\321\351\221\314\r\250 \033\206\273q\020\260\253j\301\032\226""; "
1750587315311,1750587315312,0,1,2,1,TMValidation,"validation: """"\200\000\000\001&\000\000\000\021)/\352\2243:Q\231\304\227'3\313\030Q\336\037\263=\026\236A\324J9\261\341@\353\236\027\243\365\225\347\2315\205\014\356\333\201\232V!\026\010P\027\000\000\000\000\000\000\000\000\000\000\000\000\000\000\000\000\000\000\000\000\000\000\000\000\000\000\000\000\000\000\000\000P\031?Z\326\257)\2439\250\272\002\370\360\022\220W 062/8s4\204\363\253&I\000m\335\025s!\003ql\302)\235\321\t\213\224\356\374%%\311\327\037\374\304\t\335\2359\344\233\035]\347<u\236\364\222vG0E\002!\000\346\306\010O8l\3553\266\260w\275SQx\233\214 \2027\263\310\027\233\206o\326\017\237>h\235\002 'sL\366\001>\0320\3364\336b\241x\321\351\221\314\r\250 \033\206\273q\020\260\253j\301\032\226""; ","validation: """"\200\000\000\001&\000\000\000\021)/\352\2243:Q\231\304\227'3\313\030Q\336\037\263=\026\236A\324J9\261\341@\353\236\027\243\365\225\347\2315\205\014\356\333\201\232V!\026\010P\027\000\000\000\000\000\000\000\000\000\000\000\000\000\000\000\000\000\000\000\000\000\000\000\000\000\000\000\000\000\000\000\000P\031?Z\326\257)\2439\250\272\002\370\360\022\220W 062/8s4\204\363\253&I\000m\335\025s!\003ql\302)\235\321\t\213\224\356\374%%\311\327\037\374\304\t\335\2359\344\233\035]\347<u\236\364\222vG0E\002!\000\346\306\010O8l\3553\266\260w\275SQx\233\214 \2027\263\310\027\233\206o\326\017\237>h\235\002 'sL\366\001>\0320\3364\336b\241x\321\351\221\314\r\250 \033\206\273q\020\260\253j\301\032\226""; "
1750587315457,1750587315457,0,1,1,0,TMProposeSet,"proposeSeq: 0; currentTxHash: ""\000\000\000\000\000\000\000\000\000\000\000\000\000\000\000\000\000\000\000\000\000\000\000\000\000\000\000\000\000\000\000\000""; nodePubKey: ""\003\343\005\311u\203\370\0338\3174\324\010\006\301\251\177\261\304eOX\262)FA-\022r\263wm\024""; closeTime: 803902515; signature: ""0E\002!\000\261\037[\343Z\350w7\273jZ\236\037\264G\376wc|A1%\276\236\246\214\230\257\275\307\374\r\002 AuJ\320\244W\004\031w{\004x\031\213\033P\312\267\350\252] \252\010fu\314\200\231\264\031\200""; previousledger: ""\336\037\263=\026\236A\324J9\261\341@\353\236\027\243\365\225\347\2315\205\014\356\333\201\232V!\026\010""; ","proposeSeq: 0; currentTxHash: ""\000\000\000\000\000\000\000\000\000\000\000\000\000\000\000\000\000\000\000\000\000\000\000\000\000\000\000\000\000\000\000\000""; nodePubKey: ""\003\343\005\311u\203\370\0338\3174\324\010\006\301\251\177\261\304eOX\262)FA-\022r\263wm\024""; closeTime: 803902515; signature: ""0E\002!\000\261\037[\343Z\350w7\273jZ\236\037\264G\376wc|A1%\276\236\246\214\230\257\275\307\374\r\002 AuJ\320\244W\004\031w{\004x\031\213\033P\312\267\350\252] \252\010fu\314\200\231\264\031\200""; previousledger: ""\336\037\263=\026\236A\324J9\261\341@\353\236\027\243\365\225\347\2315\205\014\356\333\201\232V!\026\010""; "
1750587315458,1750587315458,0,1,0,4,TMProposeSet,"proposeSeq: 0; currentTxHash: ""\000\000\000\000\000\000\000\000\000\000\000\000\000\000\000\000\000\000\000\000\000\000\000\000\000\000\000\000\000\000\000\000""; nodePubKey: ""\003\343\005\311u\203\370\0338\3174\324\010\006\301\251\177\261\304eOX\262)FA-\022r\263wm\024""; closeTime: 803902515; signature: ""0E\002!\000\261\037[\343Z\350w7\273jZ\236\037\264G\376wc|A1%\276\236\246\214\230\257\275\307\374\r\002 AuJ\320\244W\004\031w{\004x\031\213\033P\312\267\350\252] \252\010fu\314\200\231\264\031\200""; previousledger: ""\336\037\263=\026\236A\324J9\261\341@\353\236\027\243\365\225\347\2315\205\014\356\333\201\232V!\026\010""; ","proposeSeq: 0; currentTxHash: ""\000\000\000\000\000\000\000\000\000\000\000\000\000\000\000\000\000\000\000\000\000\000\000\000\000\000\000\000\000\000\000\000""; nodePubKey: ""\003\343\005\311u\203\370\0338\3174\324\010\006\301\251\177\261\304eOX\262)FA-\022r\263wm\024""; closeTime: 803902515; signature: ""0E\002!\000\261\037[\343Z\350w7\273jZ\236\037\264G\376wc|A1%\276\236\246\214\230\257\275\307\374\r\002 AuJ\320\244W\004\031w{\004x\031\213\033P\312\267\350\252] \252\010fu\314\200\231\264\031\200""; previousledger: ""\336\037\263=\026\236A\324J9\261\341@\353\236\027\243\365\225\347\2315\205\014\356\333\201\232V!\026\010""; "
1750587315459,1750587315459,0,1,0,2,TMProposeSet,"proposeSeq: 0; currentTxHash: ""\000\000\000\000\000\000\000\000\000\000\000\000\000\000\000\000\000\000\000\000\000\000\000\000\000\000\000\000\000\000\000\000""; nodePubKey: ""\003\343\005\311u\203\370\0338\3174\324\010\006\301\251\177\261\304eOX\262)FA-\022r\263wm\024""; closeTime: 803902515; signature: ""0E\002!\000\261\037[\343Z\350w7\273jZ\236\037\264G\376wc|A1%\276\236\246\214\230\257\275\307\374\r\002 AuJ\320\244W\004\031w{\004x\031\213\033P\312\267\350\252] \252\010fu\314\200\231\264\031\200""; previousledger: ""\336\037\263=\026\236A\324J9\261\341@\353\236\027\243\365\225\347\2315\205\014\356\333\201\232V!\026\010""; ","proposeSeq: 0; currentTxHash: ""\000\000\000\000\000\000\000\000\000\000\000\000\000\000\000\000\000\000\000\000\000\000\000\000\000\000\000\000\000\000\000\000""; nodePubKey: ""\003\343\005\311u\203\370\0338\3174\324\010\006\301\251\177\261\304eOX\262)FA-\022r\263wm\024""; closeTime: 803902515; signature: ""0E\002!\000\261\037[\343Z\350w7\273jZ\236\037\264G\376wc|A1%\276\236\246\214\230\257\275\307\374\r\002 AuJ\320\244W\004\031w{\004x\031\213\033P\312\267\350\252] \252\010fu\314\200\231\264\031\200""; previousledger: ""\336\037\263=\026\236A\324J9\261\341@\353\236\027\243\365\225\347\2315\205\014\356\333\201\232V!\026\010""; "
1750587315459,1750587315459,0,1,0,3,TMProposeSet,"proposeSeq: 0; currentTxHash: ""\000\000\000\000\000\000\000\000\000\000\000\000\000\000\000\000\000\000\000\000\000\000\000\000\000\000\000\000\000\000\000\000""; nodePubKey: ""\003\343\005\311u\203\370\0338\3174\324\010\006\301\251\177\261\304eOX\262)FA-\022r\263wm\024""; closeTime: 803902515; signature: ""0E\002!\000\261\037[\343Z\350w7\273jZ\236\037\264G\376wc|A1%\276\236\246\214\230\257\275\307\374\r\002 AuJ\320\244W\004\031w{\004x\031\213\033P\312\267\350\252] \252\010fu\314\200\231\264\031\200""; previousledger: ""\336\037\263=\026\236A\324J9\261\341@\353\236\027\243\365\225\347\2315\205\014\356\333\201\232V!\026\010""; ","proposeSeq: 0; currentTxHash: ""\000\000\000\000\000\000\000\000\000\000\000\000\000\000\000\000\000\000\000\000\000\000\000\000\000\000\000\000\000\000\000\000""; nodePubKey: ""\003\343\005\311u\203\370\0338\3174\324\010\006\301\251\177\261\304eOX\262)FA-\022r\263wm\024""; closeTime: 803902515; signature: ""0E\002!\000\261\037[\343Z\350w7\273jZ\236\037\264G\376wc|A1%\276\236\246\214\230\257\275\307\374\r\002 AuJ\320\244W\004\031w{\004x\031\213\033P\312\267\350\252] \252\010fu\314\200\231\264\031\200""; previousledger: ""\336\037\263=\026\236A\324J9\261\341@\353\236\027\243\365\225\347\2315\205\014\356\333\201\232V!\026\010""; "
1750587315461,1750587315461,0,1,2,4,TMProposeSet,"proposeSeq: 0; currentTxHash: ""\000\000\000\000\000\000\000\000\000\000\000\000\000\000\000\000\000\000\000\000\000\000\000\000\000\000\000\000\000\000\000\000""; nodePubKey: ""\003\343\005\311u\203\370\0338\3174\324\010\006\301\251\177\261\304eOX\262)FA-\022r\263wm\024""; closeTime: 803902515; signature: ""0E\002!\000\261\037[\343Z\350w7\273jZ\236\037\264G\376wc|A1%\276\236\246\214\230\257\275\307\374\r\002 AuJ\320\244W\004\031w{\004x\031\213\033P\312\267\350\252] \252\010fu\314\200\231\264\031\200""; previousledger: ""\336\037\263=\026\236A\324J9\261\341@\353\236\027\243\365\225\347\2315\205\014\356\333\201\232V!\026\010""; ","proposeSeq: 0; currentTxHash: ""\000\000\000\000\000\000\000\000\000\000\000\000\000\000\000\000\000\000\000\000\000\000\000\000\000\000\000\000\000\000\000\000""; nodePubKey: ""\003\343\005\311u\203\370\0338\3174\324\010\006\301\251\177\261\304eOX\262)FA-\022r\263wm\024""; closeTime: 803902515; signature: ""0E\002!\000\261\037[\343Z\350w7\273jZ\236\037\264G\376wc|A1%\276\236\246\214\230\257\275\307\374\r\002 AuJ\320\244W\004\031w{\004x\031\213\033P\312\267\350\252] \252\010fu\314\200\231\264\031\200""; previousledger: ""\336\037\263=\026\236A\324J9\261\341@\353\236\027\243\365\225\347\2315\205\014\356\333\201\232V!\026\010""; "
1750587315461,1750587315461,0,1,2,3,TMProposeSet,"proposeSeq: 0; currentTxHash: ""\000\000\000\000\000\000\000\000\000\000\000\000\000\000\000\000\000\000\000\000\000\000\000\000\000\000\000\000\000\000\000\000""; nodePubKey: ""\003\343\005\311u\203\370\0338\3174\324\010\006\301\251\177\261\304eOX\262)FA-\022r\263wm\024""; closeTime: 803902515; signature: ""0E\002!\000\261\037[\343Z\350w7\273jZ\236\037\264G\376wc|A1%\276\236\246\214\230\257\275\307\374\r\002 AuJ\320\244W\004\031w{\004x\031\213\033P\312\267\350\252] \252\010fu\314\200\231\264\031\200""; previousledger: ""\336\037\263=\026\236A\324J9\261\341@\353\236\027\243\365\225\347\2315\205\014\356\333\201\232V!\026\010""; ","proposeSeq: 0; currentTxHash: ""\000\000\000\000\000\000\000\000\000\000\000\000\000\000\000\000\000\000\000\000\000\000\000\000\000\000\000\000\000\000\000\000""; nodePubKey: ""\003\343\005\311u\203\370\0338\3174\324\010\006\301\251\177\261\304eOX\262)FA-\022r\263wm\024""; closeTime: 803902515; signature: ""0E\002!\000\261\037[\343Z\350w7\273jZ\236\037\264G\376wc|A1%\276\236\246\214\230\257\275\307\374\r\002 AuJ\320\244W\004\031w{\004x\031\213\033P\312\267\350\252] \252\010fu\314\200\231\264\031\200""; previousledger: ""\336\037\263=\026\236A\324J9\261\341@\353\236\027\243\365\225\347\2315\205\014\356\333\201\232V!\026\010""; "
1750587315461,1750587315461,0,1,3,2,TMProposeSet,"proposeSeq: 0; currentTxHash: ""\000\000\000\000\000\000\000\000\000\000\000\000\000\000\000\000\000\000\000\000\000\000\000\000\000\000\000\000\000\000\000\000""; nodePubKey: ""\003\343\005\311u\203\370\0338\3174\324\010\006\301\251\177\261\304eOX\262)FA-\022r\263wm\024""; closeTime: 803902515; signature: ""0E\002!\000\261\037[\343Z\350w7\273jZ\236\037\264G\376wc|A1%\276\236\246\214\230\257\275\307\374\r\002 AuJ\320\244W\004\031w{\004x\031\213\033P\312\267\350\252] \252\010fu\314\200\231\264\031\200""; previousledger: ""\336\037\263=\026\236A\324J9\261\341@\353\236\027\243\365\225\347\2315\205\014\356\333\201\232V!\026\010""; ","proposeSeq: 0; currentTxHash: ""\000\000\000\000\000\000\000\000\000\000\000\000\000\000\000\000\000\000\000\000\000\000\000\000\000\000\000\000\000\000\000\000""; nodePubKey: ""\003\343\005\311u\203\370\0338\3174\324\010\006\301\251\177\261\304eOX\262)FA-\022r\263wm\024""; closeTime: 803902515; signature: ""0E\002!\000\261\037[\343Z\350w7\273jZ\236\037\264G\376wc|A1%\276\236\246\214\230\257\275\307\374\r\002 AuJ\320\244W\004\031w{\004x\031\213\033P\312\267\350\252] \252\010fu\314\200\231\264\031\200""; previousledger: ""\336\037\263=\026\236A\324J9\261\341@\353\236\027\243\365\225\347\2315\205\014\356\333\201\232V!\026\010""; "
1750587315461,1750587315462,0,1,2,1,TMProposeSet,"proposeSeq: 0; currentTxHash: ""\000\000\000\000\000\000\000\000\000\000\000\000\000\000\000\000\000\000\000\000\000\000\000\000\000\000\000\000\000\000\000\000""; nodePubKey: ""\003\343\005\311u\203\370\0338\3174\324\010\006\301\251\177\261\304eOX\262)FA-\022r\263wm\024""; closeTime: 803902515; signature: ""0E\002!\000\261\037[\343Z\350w7\273jZ\236\037\264G\376wc|A1%\276\236\246\214\230\257\275\307\374\r\002 AuJ\320\244W\004\031w{\004x\031\213\033P\312\267\350\252] \252\010fu\314\200\231\264\031\200""; previousledger: ""\336\037\263=\026\236A\324J9\261\341@\353\236\027\243\365\225\347\2315\205\014\356\333\201\232V!\026\010""; ","proposeSeq: 0; currentTxHash: ""\000\000\000\000\000\000\000\000\000\000\000\000\000\000\000\000\000\000\000\000\000\000\000\000\000\000\000\000\000\000\000\000""; nodePubKey: ""\003\343\005\311u\203\370\0338\3174\324\010\006\301\251\177\261\304eOX\262)FA-\022r\263wm\024""; closeTime: 803902515; signature: ""0E\002!\000\261\037[\343Z\350w7\273jZ\236\037\264G\376wc|A1%\276\236\246\214\230\257\275\307\374\r\002 AuJ\320\244W\004\031w{\004x\031\213\033P\312\267\350\252] \252\010fu\314\200\231\264\031\200""; previousledger: ""\336\037\263=\026\236A\324J9\261\341@\353\236\027\243\365\225\347\2315\205\014\356\333\201\232V!\026\010""; "
1750587315462,1750587315462,0,1,3,1,TMProposeSet,"proposeSeq: 0; currentTxHash: ""\000\000\000\000\000\000\000\000\000\000\000\000\000\000\000\000\000\000\000\000\000\000\000\000\000\000\000\000\000\000\000\000""; nodePubKey: ""\003\343\005\311u\203\370\0338\3174\324\010\006\301\251\177\261\304eOX\262)FA-\022r\263wm\024""; closeTime: 803902515; signature: ""0E\002!\000\261\037[\343Z\350w7\273jZ\236\037\264G\376wc|A1%\276\236\246\214\230\257\275\307\374\r\002 AuJ\320\244W\004\031w{\004x\031\213\033P\312\267\350\252] \252\010fu\314\200\231\264\031\200""; previousledger: ""\336\037\263=\026\236A\324J9\261\341@\353\236\027\243\365\225\347\2315\205\014\356\333\201\232V!\026\010""; ","proposeSeq: 0; currentTxHash: ""\000\000\000\000\000\000\000\000\000\000\000\000\000\000\000\000\000\000\000\000\000\000\000\000\000\000\000\000\000\000\000\000""; nodePubKey: ""\003\343\005\311u\203\370\0338\3174\324\010\006\301\251\177\261\304eOX\262)FA-\022r\263wm\024""; closeTime: 803902515; signature: ""0E\002!\000\261\037[\343Z\350w7\273jZ\236\037\264G\376wc|A1%\276\236\246\214\230\257\275\307\374\r\002 AuJ\320\244W\004\031w{\004x\031\213\033P\312\267\350\252] \252\010fu\314\200\231\264\031\200""; previousledger: ""\336\037\263=\026\236A\324J9\261\341@\353\236\027\243\365\225\347\2315\205\014\356\333\201\232V!\026\010""; "
1750587315462,1750587315462,0,1,3,4,TMProposeSet,"proposeSeq: 0; currentTxHash: ""\000\000\000\000\000\000\000\000\000\000\000\000\000\000\000\000\000\000\000\000\000\000\000\000\000\000\000\000\000\000\000\000""; nodePubKey: ""\003\343\005\311u\203\370\0338\3174\324\010\006\301\251\177\261\304eOX\262)FA-\022r\263wm\024""; closeTime: 803902515; signature: ""0E\002!\000\261\037[\343Z\350w7\273jZ\236\037\264G\376wc|A1%\276\236\246\214\230\257\275\307\374\r\002 AuJ\320\244W\004\031w{\004x\031\213\033P\312\267\350\252] \252\010fu\314\200\231\264\031\200""; previousledger: ""\336\037\263=\026\236A\324J9\261\341@\353\236\027\243\365\225\347\2315\205\014\356\333\201\232V!\026\010""; ","proposeSeq: 0; currentTxHash: ""\000\000\000\000\000\000\000\000\000\000\000\000\000\000\000\000\000\000\000\000\000\000\000\000\000\000\000\000\000\000\000\000""; nodePubKey: ""\003\343\005\311u\203\370\0338\3174\324\010\006\301\251\177\261\304eOX\262)FA-\022r\263wm\024""; closeTime: 803902515; signature: ""0E\002!\000\261\037[\343Z\350w7\273jZ\236\037\264G\376wc|A1%\276\236\246\214\230\257\275\307\374\r\002 AuJ\320\244W\004\031w{\004x\031\213\033P\312\267\350\252] \252\010fu\314\200\231\264\031\200""; previousledger: ""\336\037\263=\026\236A\324J9\261\341@\353\236\027\243\365\225\347\2315\205\014\356\333\201\232V!\026\010""; "
1750587315464,1750587315464,0,1,1,2,TMProposeSet,"proposeSeq: 0; currentTxHash: ""\000\000\000\000\000\000\000\000\000\000\000\000\000\000\000\000\000\000\000\000\000\000\000\000\000\000\000\000\000\000\000\000""; nodePubKey: ""\003\343\005\311u\203\370\0338\3174\324\010\006\301\251\177\261\304eOX\262)FA-\022r\263wm\024""; closeTime: 803902515; signature: ""0E\002!\000\261\037[\343Z\350w7\273jZ\236\037\264G\376wc|A1%\276\236\246\214\230\257\275\307\374\r\002 AuJ\320\244W\004\031w{\004x\031\213\033P\312\267\350\252] \252\010fu\314\200\231\264\031\200""; previousledger: ""\336\037\263=\026\236A\324J9\261\341@\353\236\027\243\365\225\347\2315\205\014\356\333\201\232V!\026\010""; ","proposeSeq: 0; currentTxHash: ""\000\000\000\000\000\000\000\000\000\000\000\000\000\000\000\000\000\000\000\000\000\000\000\000\000\000\000\000\000\000\000\000""; nodePubKey: ""\003\343\005\311u\203\370\0338\3174\324\010\006\301\251\177\261\304eOX\262)FA-\022r\263wm\024""; closeTime: 803902515; signature: ""0E\002!\000\261\037[\343Z\350w7\273jZ\236\037\264G\376wc|A1%\276\236\246\214\230\257\275\307\374\r\002 AuJ\320\244W\004\031w{\004x\031\213\033P\312\267\350\252] \252\010fu\314\200\231\264\031\200""; previousledger: ""\336\037\263=\026\236A\324J9\261\341@\353\236\027\243\365\225\347\2315\205\014\356\333\201\232V!\026\010""; "
1750587315464,1750587315464,0,1,1,3,TMProposeSet,"proposeSeq: 0; currentTxHash: ""\000\000\000\000\000\000\000\000\000\000\000\000\000\000\000\000\000\000\000\000\000\000\000\000\000\000\000\000\000\000\000\000""; nodePubKey: ""\003\343\005\311u\203\370\0338\3174\324\010\006\301\251\177\261\304eOX\262)FA-\022r\263wm\024""; closeTime: 803902515; signature: ""0E\002!\000\261\037[\343Z\350w7\273jZ\236\037\264G\376wc|A1%\276\236\246\214\230\257\275\307\374\r\002 AuJ\320\244W\004\031w{\004x\031\213\033P\312\267\350\252] \252\010fu\314\200\231\264\031\200""; previousledger: ""\336\037\263=\026\236A\324J9\261\341@\353\236\027\243\365\225\347\2315\205\014\356\333\201\232V!\026\010""; ","proposeSeq: 0; currentTxHash: ""\000\000\000\000\000\000\000\000\000\000\000\000\000\000\000\000\000\000\000\000\000\000\000\000\000\000\000\000\000\000\000\000""; nodePubKey: ""\003\343\005\311u\203\370\0338\3174\324\010\006\301\251\177\261\304eOX\262)FA-\022r\263wm\024""; closeTime: 803902515; signature: ""0E\002!\000\261\037[\343Z\350w7\273jZ\236\037\264G\376wc|A1%\276\236\246\214\230\257\275\307\374\r\002 AuJ\320\244W\004\031w{\004x\031\213\033P\312\267\350\252] \252\010fu\314\200\231\264\031\200""; previousledger: ""\336\037\263=\026\236A\324J9\261\341@\353\236\027\243\365\225\347\2315\205\014\356\333\201\232V!\026\010""; "
1750587315456,1750587315494,0,1,1,4,TMStatusChange,"newEvent: neCLOSING_LEDGER; ledgerSeq: 17; ledgerHash: ""\336\037\263=\026\236A\324J9\261\341@\353\236\027\243\365\225\347\2315\205\014\356\333\201\232V!\026\010""; ledgerHashPrevious: ""?Z\326\257)\2439\250\272\002\370\360\022\220W 062/8s4\204\363\253&I\000m\335\025""; networkTime: 803902515; firstSeq: 1; lastSeq: 17; ","newEvent: neCLOSING_LEDGER; ledgerSeq: 17; ledgerHash: ""\336\037\263=\026\236A\324J9\261\341@\353\236\027\243\365\225\347\2315\205\014\356\333\201\232V!\026\010""; ledgerHashPrevious: ""?Z\326\257)\2439\250\272\002\370\360\022\220W 062/8s4\204\363\253&I\000m\335\025""; networkTime: 803902515; firstSeq: 1; lastSeq: 17; "
1750587315456,1750587315494,0,1,1,3,TMStatusChange,"newEvent: neCLOSING_LEDGER; ledgerSeq: 17; ledgerHash: ""\336\037\263=\026\236A\324J9\261\341@\353\236\027\243\365\225\347\2315\205\014\356\333\201\232V!\026\010""; ledgerHashPrevious: ""?Z\326\257)\2439\250\272\002\370\360\022\220W 062/8s4\204\363\253&I\000m\335\025""; networkTime: 803902515; firstSeq: 1; lastSeq: 17; ","newEvent: neCLOSING_LEDGER; ledgerSeq: 17; ledgerHash: ""\336\037\263=\026\236A\324J9\261\341@\353\236\027\243\365\225\347\2315\205\014\356\333\201\232V!\026\010""; ledgerHashPrevious: ""?Z\326\257)\2439\250\272\002\370\360\022\220W 062/8s4\204\363\253&I\000m\335\025""; networkTime: 803902515; firstSeq: 1; lastSeq: 17; "
1750587315457,1750587315494,0,1,1,0,TMStatusChange,"newEvent: neCLOSING_LEDGER; ledgerSeq: 17; ledgerHash: ""\336\037\263=\026\236A\324J9\261\341@\353\236\027\243\365\225\347\2315\205\014\356\333\201\232V!\026\010""; ledgerHashPrevious: ""?Z\326\257)\2439\250\272\002\370\360\022\220W 062/8s4\204\363\253&I\000m\335\025""; networkTime: 803902515; firstSeq: 1; lastSeq: 17; ","newEvent: neCLOSING_LEDGER; ledgerSeq: 17; ledgerHash: ""\336\037\263=\026\236A\324J9\261\341@\353\236\027\243\365\225\347\2315\205\014\356\333\201\232V!\026\010""; ledgerHashPrevious: ""?Z\326\257)\2439\250\272\002\370\360\022\220W 062/8s4\204\363\253&I\000m\335\025""; networkTime: 803902515; firstSeq: 1; lastSeq: 17; "
1750587315457,1750587315494,0,1,1,2,TMStatusChange,"newEvent: neCLOSING_LEDGER; ledgerSeq: 17; ledgerHash: ""\336\037\263=\026\236A\324J9\261\341@\353\236\027\243\365\225\347\2315\205\014\356\333\201\232V!\026\010""; ledgerHashPrevious: ""?Z\326\257)\2439\250\272\002\370\360\022\220W 062/8s4\204\363\253&I\000m\335\025""; networkTime: 803902515; firstSeq: 1; lastSeq: 17; ","newEvent: neCLOSING_LEDGER; ledgerSeq: 17; ledgerHash: ""\336\037\263=\026\236A\324J9\261\341@\353\236\027\243\365\225\347\2315\205\014\356\333\201\232V!\026\010""; ledgerHashPrevious: ""?Z\326\257)\2439\250\272\002\370\360\022\220W 062/8s4\204\363\253&I\000m\335\025""; networkTime: 803902515; firstSeq: 1; lastSeq: 17; "
1750587315498,1750587315498,0,1,1,4,TMProposeSet,"proposeSeq: 0; currentTxHash: ""\000\000\000\000\000\000\000\000\000\000\000\000\000\000\000\000\000\000\000\000\000\000\000\000\000\000\000\000\000\000\000\000""; nodePubKey: ""\003\343\005\311u\203\370\0338\3174\324\010\006\301\251\177\261\304eOX\262)FA-\022r\263wm\024""; closeTime: 803902515; signature: ""0E\002!\000\261\037[\343Z\350w7\273jZ\236\037\264G\376wc|A1%\276\236\246\214\230\257\275\307\374\r\002 AuJ\320\244W\004\031w{\004x\031\213\033P\312\267\350\252] \252\010fu\314\200\231\264\031\200""; previousledger: ""\336\037\263=\026\236A\324J9\261\341@\353\236\027\243\365\225\347\2315\205\014\356\333\201\232V!\026\010""; ","proposeSeq: 0; currentTxHash: ""\000\000\000\000\000\000\000\000\000\000\000\000\000\000\000\000\000\000\000\000\000\000\000\000\000\000\000\000\000\000\000\000""; nodePubKey: ""\003\343\005\311u\203\370\0338\3174\324\010\006\301\251\177\261\304eOX\262)FA-\022r\263wm\024""; closeTime: 803902515; signature: ""0E\002!\000\261\037[\343Z\350w7\273jZ\236\037\264G\376wc|A1%\276\236\246\214\230\257\275\307\374\r\002 AuJ\320\244W\004\031w{\004x\031\213\033P\312\267\350\252] \252\010fu\314\200\231\264\031\200""; previousledger: ""\336\037\263=\026\236A\324J9\261\341@\353\236\027\243\365\225\347\2315\205\014\356\333\201\232V!\026\010""; "
1750587315771,1750587315772,0,1,4,3,TMStatusChange,"newEvent: neACCEPTED_LEDGER; ledgerSeq: 17; ledgerHash: ""\336\037\263=\026\236A\324J9\261\341@\353\236\027\243\365\225\347\2315\205\014\356\333\201\232V!\026\010""; ledgerHashPrevious: ""?Z\326\257)\2439\250\272\002\370\360\022\220W 062/8s4\204\363\253&I\000m\335\025""; networkTime: 803902515; firstSeq: 1; lastSeq: 16; ","newEvent: neACCEPTED_LEDGER; ledgerSeq: 17; ledgerHash: ""\336\037\263=\026\236A\324J9\261\341@\353\236\027\243\365\225\347\2315\205\014\356\333\201\232V!\026\010""; ledgerHashPrevious: ""?Z\326\257)\2439\250\272\002\370\360\022\220W 062/8s4\204\363\253&I\000m\335\025""; networkTime: 803902515; firstSeq: 1; lastSeq: 16; "
1750587315772,1750587315773,0,1,4,0,TMStatusChange,"newEvent: neACCEPTED_LEDGER; ledgerSeq: 17; ledgerHash: ""\336\037\263=\026\236A\324J9\261\341@\353\236\027\243\365\225\347\2315\205\014\356\333\201\232V!\026\010""; ledgerHashPrevious: ""?Z\326\257)\2439\250\272\002\370\360\022\220W 062/8s4\204\363\253&I\000m\335\025""; networkTime: 803902515; firstSeq: 1; lastSeq: 16; ","newEvent: neACCEPTED_LEDGER; ledgerSeq: 17; ledgerHash: ""\336\037\263=\026\236A\324J9\261\341@\353\236\027\243\365\225\347\2315\205\014\356\333\201\232V!\026\010""; ledgerHashPrevious: ""?Z\326\257)\2439\250\272\002\370\360\022\220W 062/8s4\204\363\253&I\000m\335\025""; networkTime: 803902515; firstSeq: 1; lastSeq: 16; "
1750587315772,1750587315772,0,1,4,1,TMStatusChange,"newEvent: neACCEPTED_LEDGER; ledgerSeq: 17; ledgerHash: ""\336\037\263=\026\236A\324J9\261\341@\353\236\027\243\365\225\347\2315\205\014\356\333\201\232V!\026\010""; ledgerHashPrevious: ""?Z\326\257)\2439\250\272\002\370\360\022\220W 062/8s4\204\363\253&I\000m\335\025""; networkTime: 803902515; firstSeq: 1; lastSeq: 16; ","newEvent: neACCEPTED_LEDGER; ledgerSeq: 17; ledgerHash: ""\336\037\263=\026\236A\324J9\261\341@\353\236\027\243\365\225\347\2315\205\014\356\333\201\232V!\026\010""; ledgerHashPrevious: ""?Z\326\257)\2439\250\272\002\370\360\022\220W 062/8s4\204\363\253&I\000m\335\025""; networkTime: 803902515; firstSeq: 1; lastSeq: 16; "
1750587315773,1750587315773,0,1,4,0,TMValidation,"validation: """"\200\000\000\001&\000\000\000\021)/\352\2243:v|\203\267)\257\206\032Q\336\037\263=\026\236A\324J9\261\341@\353\236\027\243\365\225\347\2315\205\014\356\333\201\232V!\026\010P\027\000\000\000\000\000\000\000\000\000\000\000\000\000\000\000\000\000\000\000\000\000\000\000\000\000\000\000\000\000\000\000\000P\031?Z\326\257)\2439\250\272\002\370\360\022\220W 062/8s4\204\363\253&I\000m\335\025s!\003.\200\224\215?)t\306\315\242\313\251\255\302\204=\232.\271%}\013\024s\024\002@\216l""\241FvG0E\002!\000\266v\253\223'\271\375\346\333\360k\311\254I(au\334\335\032A\357~\227\355\375\332964\252\255\002 \006\301\350\025\201Bi0\030=W\374\327\225\t\023\262\207S\030\331%+\032\364\305\370w\030\2773\356""; ","validation: """"\200\000\000\001&\000\000\000\021)/\352\2243:v|\203\267)\257\206\032Q\336\037\263=\026\236A\324J9\261\341@\353\236\027\243\365\225\347\2315\205\014\356\333\201\232V!\026\010P\027\000\000\000\000\000\000\000\000\000\000\000\000\000\000\000\000\000\000\000\000\000\000\000\000\000\000\000\000\000\000\000\000P\031?Z\326\257)\2439\250\272\002\370\360\022\220W 062/8s4\204\363\253&I\000m\335\025s!\003.\200\224\215?)t\306\315\242\313\251\255\302\204=\232.\271%}\013\024s\024\002@\216l""\241FvG0E\002!\000\266v\253\223'\271\375\346\333\360k\311\254I(au\334\335\032A\357~\227\355\375\332964\252\255\002 \006\301\350\025\201Bi0\030=W\374\327\225\t\023\262\207S\030\331%+\032\364\305\370w\030\2773\356""; "
1750587315772,1750587315772,0,1,4,2,TMStatusChange,"newEvent: neACCEPTED_LEDGER; ledgerSeq: 17; ledgerHash: ""\336\037\263=\026\236A\324J9\261\341@\353\236\027\243\365\225\347\2315\205\014\356\333\201\232V!\026\010""; ledgerHashPrevious: ""?Z\326\257)\2439\250\272\002\370\360\022\220W 062/8s4\204\363\253&I\000m\335\025""; networkTime: 803902515; firstSeq: 1; lastSeq: 16; ","newEvent: neACCEPTED_LEDGER; ledgerSeq: 17; ledgerHash: ""\336\037\263=\026\236A\324J9\261\341@\353\236\027\243\365\225\347\2315\205\014\356\333\201\232V!\026\010""; ledgerHashPrevious: ""?Z\326\257)\2439\250\272\002\370\360\022\220W 062/8s4\204\363\253&I\000m\335\025""; networkTime: 803902515; firstSeq: 1; lastSeq: 16; "
1750587315775,1750587315775,0,1,0,3,TMValidation,"validation: """"\200\000\000\001&\000\000\000\021)/\352\2243:v|\203\267)\257\206\032Q\336\037\263=\026\236A\324J9\261\341@\353\236\027\243\365\225\347\2315\205\014\356\333\201\232V!\026\010P\027\000\000\000\000\000\000\000\000\000\000\000\000\000\000\000\000\000\000\000\000\000\000\000\000\000\000\000\000\000\000\000\000P\031?Z\326\257)\2439\250\272\002\370\360\022\220W 062/8s4\204\363\253&I\000m\335\025s!\003.\200\224\215?)t\306\315\242\313\251\255\302\204=\232.\271%}\013\024s\024\002@\216l""\241FvG0E\002!\000\266v\253\223'\271\375\346\333\360k\311\254I(au\334\335\032A\357~\227\355\375\332964\252\255\002 \006\301\350\025\201Bi0\030=W\374\327\225\t\023\262\207S\030\331%+\032\364\305\370w\030\2773\356""; ","validation: """"\200\000\000\001&\000\000\000\021)/\352\2243:v|\203\267)\257\206\032Q\336\037\263=\026\236A\324J9\261\341@\353\236\027\243\365\225\347\2315\205\014\356\333\201\232V!\026\010P\027\000\000\000\000\000\000\000\000\000\000\000\000\000\000\000\000\000\000\000\000\000\000\000\000\000\000\000\000\000\000\000\000P\031?Z\326\257)\2439\250\272\002\370\360\022\220W 062/8s4\204\363\253&I\000m\335\025s!\003.\200\224\215?)t\306\315\242\313\251\255\302\204=\232.\271%}\013\024s\024\002@\216l""\241FvG0E\002!\000\266v\253\223'\271\375\346\333\360k\311\254I(au\334\335\032A\357~\227\355\375\332964\252\255\002 \006\301\350\025\201Bi0\030=W\374\327\225\t\023\262\207S\030\331%+\032\364\305\370w\030\2773\356""; "
1750587315775,1750587315776,0,1,0,2,TMValidation,"validation: """"\200\000\000\001&\000\000\000\021)/\352\2243:v|\203\267)\257\206\032Q\336\037\263=\026\236A\324J9\261\341@\353\236\027\243\365\225\347\2315\205\014\356\333\201\232V!\026\010P\027\000\000\000\000\000\000\000\000\000\000\000\000\000\000\000\000\000\000\000\000\000\000\000\000\000\000\000\000\000\000\000\000P\031?Z\326\257)\2439\250\272\002\370\360\022\220W 062/8s4\204\363\253&I\000m\335\025s!\003.\200\224\215?)t\306\315\242\313\251\255\302\204=\232.\271%}\013\024s\024\002@\216l""\241FvG0E\002!\000\266v\253\223'\271\375\346\333\360k\311\254I(au\334\335\032A\357~\227\355\375\332964\252\255\002 \006\301\350\025\201Bi0\030=W\374\327\225\t\023\262\207S\030\331%+\032\364\305\370w\030\2773\356""; ","validation: """"\200\000\000\001&\000\000\000\021)/\352\2243:v|\203\267)\257\206\032Q\336\037\263=\026\236A\324J9\261\341@\353\236\027\243\365\225\347\2315\205\014\356\333\201\232V!\026\010P\027\000\000\000\000\000\000\000\000\000\000\000\000\000\000\000\000\000\000\000\000\000\000\000\000\000\000\000\000\000\000\000\000P\031?Z\326\257)\2439\250\272\002\370\360\022\220W 062/8s4\204\363\253&I\000m\335\025s!\003.\200\224\215?)t\306\315\242\313\251\255\302\204=\232.\271%}\013\024s\024\002@\216l""\241FvG0E\002!\000\266v\253\223'\271\375\346\333\360k\311\254I(au\334\335\032A\357~\227\355\375\332964\252\255\002 \006\301\350\025\201Bi0\030=W\374\327\225\t\023\262\207S\030\331%+\032\364\305\370w\030\2773\356""; "
1750587315776,1750587315776,0,1,0,1,TMValidation,"validation: """"\200\000\000\001&\000\000\000\021)/\352\2243:v|\203\267)\257\206\032Q\336\037\263=\026\236A\324J9\261\341@\353\236\027\243\365\225\347\2315\205\014\356\333\201\232V!\026\010P\027\000\000\000\000\000\000\000\000\000\000\000\000\000\000\000\000\000\000\000\000\000\000\000\000\000\000\000\000\000\000\000\000P\031?Z\326\257)\2439\250\272\002\370\360\022\220W 062/8s4\204\363\253&I\000m\335\025s!\003.\200\224\215?)t\306\315\242\313\251\255\302\204=\232.\271%}\013\024s\024\002@\216l""\241FvG0E\002!\000\266v\253\223'\271\375\346\333\360k\311\254I(au\334\335\032A\357~\227\355\375\332964\252\255\002 \006\301\350\025\201Bi0\030=W\374\327\225\t\023\262\207S\030\331%+\032\364\305\370w\030\2773\356""; ","validation: """"\200\000\000\001&\000\000\000\021)/\352\2243:v|\203\267)\257\206\032Q\336\037\263=\026\236A\324J9\261\341@\353\236\027\243\365\225\347\2315\205\014\356\333\201\232V!\026\010P\027\000\000\000\000\000\000\000\000\000\000\000\000\000\000\000\000\000\000\000\000\000\000\000\000\000\000\000\000\000\000\000\000P\031?Z\326\257)\2439\250\272\002\370\360\022\220W 062/8s4\204\363\253&I\000m\335\025s!\003.\200\224\215?)t\306\315\242\313\251\255\302\204=\232.\271%}\013\024s\024\002@\216l""\241FvG0E\002!\000\266v\253\223'\271\375\346\333\360k\311\254I(au\334\335\032A\357~\227\355\375\332964\252\255\002 \006\301\350\025\201Bi0\030=W\374\327\225\t\023\262\207S\030\331%+\032\364\305\370w\030\2773\356""; "
1750587315778,1750587315778,0,1,3,2,TMValidation,"validation: """"\200\000\000\001&\000\000\000\021)/\352\2243:v|\203\267)\257\206\032Q\336\037\263=\026\236A\324J9\261\341@\353\236\027\243\365\225\347\2315\205\014\356\333\201\232V!\026\010P\027\000\000\000\000\000\000\000\000\000\000\000\000\000\000\000\000\000\000\000\000\000\000\000\000\000\000\000\000\000\000\000\000P\031?Z\326\257)\2439\250\272\002\370\360\022\220W 062/8s4\204\363\253&I\000m\335\025s!\003.\200\224\215?)t\306\315\242\313\251\255\302\204=\232.\271%}\013\024s\024\002@\216l""\241FvG0E\002!\000\266v\253\223'\271\375\346\333\360k\311\254I(au\334\335\032A\357~\227\355\375\332964\252\255\002 \006\301\350\025\201Bi0\030=W\374\327\225\t\023\262\207S\030\331%+\032\364\305\370w\030\2773\356""; ","validation: """"\200\000\000\001&\000\000\000\021)/\352\2243:v|\203\267)\257\206\032Q\336\037\263=\026\236A\324J9\261\341@\353\236\027\243\365\225\347\2315\205\014\356\333\201\232V!\026\010P\027\000\000\000\000\000\000\000\000\000\000\000\000\000\000\000\000\000\000\000\000\000\000\000\000\000\000\000\000\000\000\000\000P\031?Z\326\257)\2439\250\272\002\370\360\022\220W 062/8s4\204\363\253&I\000m\335\025s!\003.\200\224\215?)t\306\315\242\313\251\255\302\204=\232.\271%}\013\024s\024\002@\216l""\241FvG0E\002!\000\266v\253\223'\271\375\346\333\360k\311\254I(au\334\335\032A\357~\227\355\375\332964\252\255\002 \006\301\350\025\201Bi0\030=W\374\327\225\t\023\262\207S\030\331%+\032\364\305\370w\030\2773\356""; "
1750587315778,1750587315779,0,1,3,1,TMValidation,"validation: """"\200\000\000\001&\000\000\000\021)/\352\2243:v|\203\267)\257\206\032Q\336\037\263=\026\236A\324J9\261\341@\353\236\027\243\365\225\347\2315\205\014\356\333\201\232V!\026\010P\027\000\000\000\000\000\000\000\000\000\000\000\000\000\000\000\000\000\000\000\000\000\000\000\000\000\000\000\000\000\000\000\000P\031?Z\326\257)\2439\250\272\002\370\360\022\220W 062/8s4\204\363\253&I\000m\335\025s!\003.\200\224\215?)t\306\315\242\313\251\255\302\204=\232.\271%}\013\024s\024\002@\216l""\241FvG0E\002!\000\266v\253\223'\271\375\346\333\360k\311\254I(au\334\335\032A\357~\227\355\375\332964\252\255\002 \006\301\350\025\201Bi0\030=W\374\327\225\t\023\262\207S\030\331%+\032\364\305\370w\030\2773\356""; ","validation: """"\200\000\000\001&\000\000\000\021)/\352\2243:v|\203\267)\257\206\032Q\336\037\263=\026\236A\324J9\261\341@\353\236\027\243\365\225\347\2315\205\014\356\333\201\232V!\026\010P\027\000\000\000\000\000\000\000\000\000\000\000\000\000\000\000\000\000\000\000\000\000\000\000\000\000\000\000\000\000\000\000\000P\031?Z\326\257)\2439\250\272\002\370\360\022\220W 062/8s4\204\363\253&I\000m\335\025s!\003.\200\224\215?)t\306\315\242\313\251\255\302\204=\232.\271%}\013\024s\024\002@\216l""\241FvG0E\002!\000\266v\253\223'\271\375\346\333\360k\311\254I(au\334\335\032A\357~\227\355\375\332964\252\255\002 \006\301\350\025\201Bi0\030=W\374\327\225\t\023\262\207S\030\331%+\032\364\305\370w\030\2773\356""; "
1750587315778,1750587315778,0,1,3,4,TMValidation,"validation: """"\200\000\000\001&\000\000\000\021)/\352\2243:v|\203\267)\257\206\032Q\336\037\263=\026\236A\324J9\261\341@\353\236\027\243\365\225\347\2315\205\014\356\333\201\232V!\026\010P\027\000\000\000\000\000\000\000\000\000\000\000\000\000\000\000\000\000\000\000\000\000\000\000\000\000\000\000\000\000\000\000\000P\031?Z\326\257)\2439\250\272\002\370\360\022\220W 062/8s4\204\363\253&I\000m\335\025s!\003.\200\224\215?)t\306\315\242\313\251\255\302\204=\232.\271%}\013\024s\024\002@\216l""\241FvG0E\002!\000\266v\253\223'\271\375\346\333\360k\311\254I(au\334\335\032A\357~\227\355\375\332964\252\255\002 \006\301\350\025\201Bi0\030=W\374\327\225\t\023\262\207S\030\331%+\032\364\305\370w\030\2773\356""; ","validation: """"\200\000\000\001&\000\000\000\021)/\352\2243:v|\203\267)\257\206\032Q\336\037\263=\026\236A\324J9\261\341@\353\236\027\243\365\225\347\2315\205\014\356\333\201\232V!\026\010P\027\000\000\000\000\000\000\000\000\000\000\000\000\000\000\000\000\000\000\000\000\000\000\000\000\000\000\000\000\000\000\000\000P\031?Z\326\257)\2439\250\272\002\370\360\022\220W 062/8s4\204\363\253&I\000m\335\025s!\003.\200\224\215?)t\306\315\242\313\251\255\302\204=\232.\271%}\013\024s\024\002@\216l""\241FvG0E\002!\000\266v\253\223'\271\375\346\333\360k\311\254I(au\334\335\032A\357~\227\355\375\332964\252\255\002 \006\301\350\025\201Bi0\030=W\374\327\225\t\023\262\207S\030\331%+\032\364\305\370w\030\2773\356""; "
1750587315779,1750587315779,0,1,2,3,TMValidation,"validation: """"\200\000\000\001&\000\000\000\021)/\352\2243:v|\203\267)\257\206\032Q\336\037\263=\026\236A\324J9\261\341@\353\236\027\243\365\225\347\2315\205\014\356\333\201\232V!\026\010P\027\000\000\000\000\000\000\000\000\000\000\000\000\000\000\000\000\000\000\000\000\000\000\000\000\000\000\000\000\000\000\000\000P\031?Z\326\257)\2439\250\272\002\370\360\022\220W 062/8s4\204\363\253&I\000m\335\025s!\003.\200\224\215?)t\306\315\242\313\251\255\302\204=\232.\271%}\013\024s\024\002@\216l""\241FvG0E\002!\000\266v\253\223'\271\375\346\333\360k\311\254I(au\334\335\032A\357~\227\355\375\332964\252\255\002 \006\301\350\025\201Bi0\030=W\374\327\225\t\023\262\207S\030\331%+\032\364\305\370w\030\2773\356""; ","validation: """"\200\000\000\001&\000\000\000\021)/\352\2243:v|\203\267)\257\206\032Q\336\037\263=\026\236A\324J9\261\341@\353\236\027\243\365\225\347\2315\205\014\356\333\201\232V!\026\010P\027\000\000\000\000\000\000\000\000\000\000\000\000\000\000\000\000\000\000\000\000\000\000\000\000\000\000\000\000\000\000\000\000P\031?Z\326\257)\2439\250\272\002\370\360\022\220W 062/8s4\204\363\253&I\000m\335\025s!\003.\200\224\215?)t\306\315\242\313\251\255\302\204=\232.\271%}\013\024s\024\002@\216l""\241FvG0E\002!\000\266v\253\223'\271\375\346\333\360k\311\254I(au\334\335\032A\357~\227\355\375\332964\252\255\002 \006\301\350\025\201Bi0\030=W\374\327\225\t\023\262\207S\030\331%+\032\364\305\370w\030\2773\356""; "
1750587315780,1750587315780,0,1,2,1,TMValidation,"validation: """"\200\000\000\001&\000\000\000\021)/\352\2243:v|\203\267)\257\206\032Q\336\037\263=\026\236A\324J9\261\341@\353\236\027\243\365\225\347\2315\205\014\356\333\201\232V!\026\010P\027\000\000\000\000\000\000\000\000\000\000\000\000\000\000\000\000\000\000\000\000\000\000\000\000\000\000\000\000\000\000\000\000P\031?Z\326\257)\2439\250\272\002\370\360\022\220W 062/8s4\204\363\253&I\000m\335\025s!\003.\200\224\215?)t\306\315\242\313\251\255\302\204=\232.\271%}\013\024s\024\002@\216l""\241FvG0E\002!\000\266v\253\223'\271\375\346\333\360k\311\254I(au\334\335\032A\357~\227\355\375\332964\252\255\002 \006\301\350\025\201Bi0\030=W\374\327\225\t\023\262\207S\030\331%+\032\364\305\370w\030\2773\356""; ","validation: """"\200\000\000\001&\000\000\000\021)/\352\2243:v|\203\267)\257\206\032Q\336\037\263=\026\236A\324J9\261\341@\353\236\027\243\365\225\347\2315\205\014\356\333\201\232V!\026\010P\027\000\000\000\000\000\000\000\000\000\000\000\000\000\000\000\000\000\000\000\000\000\000\000\000\000\000\000\000\000\000\000\000P\031?Z\326\257)\2439\250\272\002\370\360\022\220W 062/8s4\204\363\253&I\000m\335\025s!\003.\200\224\215?)t\306\315\242\313\251\255\302\204=\232.\271%}\013\024s\024\002@\216l""\241FvG0E\002!\000\266v\253\223'\271\375\346\333\360k\311\254I(au\334\335\032A\357~\227\355\375\332964\252\255\002 \006\301\350\025\201Bi0\030=W\374\327\225\t\023\262\207S\030\331%+\032\364\305\370w\030\2773\356""; "
1750587315780,1750587315780,0,1,1,3,TMValidation,"validation: """"\200\000\000\001&\000\000\000\021)/\352\2243:v|\203\267)\257\206\032Q\336\037\263=\026\236A\324J9\261\341@\353\236\027\243\365\225\347\2315\205\014\356\333\201\232V!\026\010P\027\000\000\000\000\000\000\000\000\000\000\000\000\000\000\000\000\000\000\000\000\000\000\000\000\000\000\000\000\000\000\000\000P\031?Z\326\257)\2439\250\272\002\370\360\022\220W 062/8s4\204\363\253&I\000m\335\025s!\003.\200\224\215?)t\306\315\242\313\251\255\302\204=\232.\271%}\013\024s\024\002@\216l""\241FvG0E\002!\000\266v\253\223'\271\375\346\333\360k\311\254I(au\334\335\032A\357~\227\355\375\332964\252\255\002 \006\301\350\025\201Bi0\030=W\374\327\225\t\023\262\207S\030\331%+\032\364\305\370w\030\2773\356""; ","validation: """"\200\000\000\001&\000\000\000\021)/\352\2243:v|\203\267)\257\206\032Q\336\037\263=\026\236A\324J9\261\341@\353\236\027\243\365\225\347\2315\205\014\356\333\201\232V!\026\010P\027\000\000\000\000\000\000\000\000\000\000\000\000\000\000\000\000\000\000\000\000\000\000\000\000\000\000\000\000\000\000\000\000P\031?Z\326\257)\2439\250\272\002\370\360\022\220W 062/8s4\204\363\253&I\000m\335\025s!\003.\200\224\215?)t\306\315\242\313\251\255\302\204=\232.\271%}\013\024s\024\002@\216l""\241FvG0E\002!\000\266v\253\223'\271\375\346\333\360k\311\254I(au\334\335\032A\357~\227\355\375\332964\252\255\002 \006\301\350\025\201Bi0\030=W\374\327\225\t\023\262\207S\030\331%+\032\364\305\370w\030\2773\356""; "
1750587315780,1750587315780,0,1,2,4,TMValidation,"validation: """"\200\000\000\001&\000\000\000\021)/\352\2243:v|\203\267)\257\206\032Q\336\037\263=\026\236A\324J9\261\341@\353\236\027\243\365\225\347\2315\205\014\356\333\201\232V!\026\010P\027\000\000\000\000\000\000\000\000\000\000\000\000\000\000\000\000\000\000\000\000\000\000\000\000\000\000\000\000\000\000\000\000P\031?Z\326\257)\2439\250\272\002\370\360\022\220W 062/8s4\204\363\253&I\000m\335\025s!\003.\200\224\215?)t\306\315\242\313\251\255\302\204=\232.\271%}\013\024s\024\002@\216l""\241FvG0E\002!\000\266v\253\223'\271\375\346\333\360k\311\254I(au\334\335\032A\357~\227\355\375\332964\252\255\002 \006\301\350\025\201Bi0\030=W\374\327\225\t\023\262\207S\030\331%+\032\364\305\370w\030\2773\356""; ","validation: """"\200\000\000\001&\000\000\000\021)/\352\2243:v|\203\267)\257\206\032Q\336\037\263=\026\236A\324J9\261\341@\353\236\027\243\365\225\347\2315\205\014\356\333\201\232V!\026\010P\027\000\000\000\000\000\000\000\000\000\000\000\000\000\000\000\000\000\000\000\000\000\000\000\000\000\000\000\000\000\000\000\000P\031?Z\326\257)\2439\250\272\002\370\360\022\220W 062/8s4\204\363\253&I\000m\335\025s!\003.\200\224\215?)t\306\315\242\313\251\255\302\204=\232.\271%}\013\024s\024\002@\216l""\241FvG0E\002!\000\266v\253\223'\271\375\346\333\360k\311\254I(au\334\335\032A\357~\227\355\375\332964\252\255\002 \006\301\350\025\201Bi0\030=W\374\327\225\t\023\262\207S\030\331%+\032\364\305\370w\030\2773\356""; "
1750587315781,1750587315781,0,1,1,4,TMValidation,"validation: """"\200\000\000\001&\000\000\000\021)/\352\2243:v|\203\267)\257\206\032Q\336\037\263=\026\236A\324J9\261\341@\353\236\027\243\365\225\347\2315\205\014\356\333\201\232V!\026\010P\027\000\000\000\000\000\000\000\000\000\000\000\000\000\000\000\000\000\000\000\000\000\000\000\000\000\000\000\000\000\000\000\000P\031?Z\326\257)\2439\250\272\002\370\360\022\220W 062/8s4\204\363\253&I\000m\335\025s!\003.\200\224\215?)t\306\315\242\313\251\255\302\204=\232.\271%}\013\024s\024\002@\216l""\241FvG0E\002!\000\266v\253\223'\271\375\346\333\360k\311\254I(au\334\335\032A\357~\227\355\375\332964\252\255\002 \006\301\350\025\201Bi0\030=W\374\327\225\t\023\262\207S\030\331%+\032\364\305\370w\030\2773\356""; ","validation: """"\200\000\000\001&\000\000\000\021)/\352\2243:v|\203\267)\257\206\032Q\336\037\263=\026\236A\324J9\261\341@\353\236\027\243\365\225\347\2315\205\014\356\333\201\232V!\026\010P\027\000\000\000\000\000\000\000\000\000\000\000\000\000\000\000\000\000\000\000\000\000\000\000\000\000\000\000\000\000\000\000\000P\031?Z\326\257)\2439\250\272\002\370\360\022\220W 062/8s4\204\363\253&I\000m\335\025s!\003.\200\224\215?)t\306\315\242\313\251\255\302\204=\232.\271%}\013\024s\024\002@\216l""\241FvG0E\002!\000\266v\253\223'\271\375\346\333\360k\311\254I(au\334\335\032A\357~\227\355\375\332964\252\255\002 \006\301\350\025\201Bi0\030=W\374\327\225\t\023\262\207S\030\331%+\032\364\305\370w\030\2773\356""; "
1750587315781,1750587315781,0,1,1,2,TMValidation,"validation: """"\200\000\000\001&\000\000\000\021)/\352\2243:v|\203\267)\257\206\032Q\336\037\263=\026\236A\324J9\261\341@\353\236\027\243\365\225\347\2315\205\014\356\333\201\232V!\026\010P\027\000\000\000\000\000\000\000\000\000\000\000\000\000\000\000\000\000\000\000\000\000\000\000\000\000\000\000\000\000\000\000\000P\031?Z\326\257)\2439\250\272\002\370\360\022\220W 062/8s4\204\363\253&I\000m\335\025s!\003.\200\224\215?)t\306\315\242\313\251\255\302\204=\232.\271%}\013\024s\024\002@\216l""\241FvG0E\002!\000\266v\253\223'\271\375\346\333\360k\311\254I(au\334\335\032A\357~\227\355\375\332964\252\255\002 \006\301\350\025\201Bi0\030=W\374\327\225\t\023\262\207S\030\331%+\032\364\305\370w\030\2773\356""; ","validation: """"\200\000\000\001&\000\000\000\021)/\352\2243:v|\203\267)\257\206\032Q\336\037\263=\026\236A\324J9\261\341@\353\236\027\243\365\225\347\2315\205\014\356\333\201\232V!\026\010P\027\000\000\000\000\000\000\000\000\000\000\000\000\000\000\000\000\000\000\000\000\000\000\000\000\000\000\000\000\000\000\000\000P\031?Z\326\257)\2439\250\272\002\370\360\022\220W 062/8s4\204\363\253&I\000m\335\025s!\003.\200\224\215?)t\306\315\242\313\251\255\302\204=\232.\271%}\013\024s\024\002@\216l""\241FvG0E\002!\000\266v\253\223'\271\375\346\333\360k\311\254I(au\334\335\032A\357~\227\355\375\332964\252\255\002 \006\301\350\025\201Bi0\030=W\374\327\225\t\023\262\207S\030\331%+\032\364\305\370w\030\2773\356""; "
1750587315782,1750587315782,0,1,4,3,TMValidation,"validation: """"\200\000\000\001&\000\000\000\021)/\352\2243:v|\203\267)\257\206\032Q\336\037\263=\026\236A\324J9\261\341@\353\236\027\243\365\225\347\2315\205\014\356\333\201\232V!\026\010P\027\000\000\000\000\000\000\000\000\000\000\000\000\000\000\000\000\000\000\000\000\000\000\000\000\000\000\000\000\000\000\000\000P\031?Z\326\257)\2439\250\272\002\370\360\022\220W 062/8s4\204\363\253&I\000m\335\025s!\003.\200\224\215?)t\306\315\242\313\251\255\302\204=\232.\271%}\013\024s\024\002@\216l""\241FvG0E\002!\000\266v\253\223'\271\375\346\333\360k\311\254I(au\334\335\032A\357~\227\355\375\332964\252\255\002 \006\301\350\025\201Bi0\030=W\374\327\225\t\023\262\207S\030\331%+\032\364\305\370w\030\2773\356""; ","validation: """"\200\000\000\001&\000\000\000\021)/\352\2243:v|\203\267)\257\206\032Q\336\037\263=\026\236A\324J9\261\341@\353\236\027\243\365\225\347\2315\205\014\356\333\201\232V!\026\010P\027\000\000\000\000\000\000\000\000\000\000\000\000\000\000\000\000\000\000\000\000\000\000\000\000\000\000\000\000\000\000\000\000P\031?Z\326\257)\2439\250\272\002\370\360\022\220W 062/8s4\204\363\253&I\000m\335\025s!\003.\200\224\215?)t\306\315\242\313\251\255\302\204=\232.\271%}\013\024s\024\002@\216l""\241FvG0E\002!\000\266v\253\223'\271\375\346\333\360k\311\254I(au\334\335\032A\357~\227\355\375\332964\252\255\002 \006\301\350\025\201Bi0\030=W\374\327\225\t\023\262\207S\030\331%+\032\364\305\370w\030\2773\356""; "
1750587315784,1750587315784,0,1,4,2,TMValidation,"validation: """"\200\000\000\001&\000\000\000\021)/\352\2243:v|\203\267)\257\206\032Q\336\037\263=\026\236A\324J9\261\341@\353\236\027\243\365\225\347\2315\205\014\356\333\201\232V!\026\010P\027\000\000\000\000\000\000\000\000\000\000\000\000\000\000\000\000\000\000\000\000\000\000\000\000\000\000\000\000\000\000\000\000P\031?Z\326\257)\2439\250\272\002\370\360\022\220W 062/8s4\204\363\253&I\000m\335\025s!\003.\200\224\215?)t\306\315\242\313\251\255\302\204=\232.\271%}\013\024s\024\002@\216l""\241FvG0E\002!\000\266v\253\223'\271\375\346\333\360k\311\254I(au\334\335\032A\357~\227\355\375\332964\252\255\002 \006\301\350\025\201Bi0\030=W\374\327\225\t\023\262\207S\030\331%+\032\364\305\370w\030\2773\356""; ","validation: """"\200\000\000\001&\000\000\000\021)/\352\2243:v|\203\267)\257\206\032Q\336\037\263=\026\236A\324J9\261\341@\353\236\027\243\365\225\347\2315\205\014\356\333\201\232V!\026\010P\027\000\000\000\000\000\000\000\000\000\000\000\000\000\000\000\000\000\000\000\000\000\000\000\000\000\000\000\000\000\000\000\000P\031?Z\326\257)\2439\250\272\002\370\360\022\220W 062/8s4\204\363\253&I\000m\335\025s!\003.\200\224\215?)t\306\315\242\313\251\255\302\204=\232.\271%}\013\024s\024\002@\216l""\241FvG0E\002!\000\266v\253\223'\271\375\346\333\360k\311\254I(au\334\335\032A\357~\227\355\375\332964\252\255\002 \006\301\350\025\201Bi0\030=W\374\327\225\t\023\262\207S\030\331%+\032\364\305\370w\030\2773\356""; "
1750587315785,1750587315785,0,1,4,1,TMValidation,"validation: """"\200\000\000\001&\000\000\000\021)/\352\2243:v|\203\267)\257\206\032Q\336\037\263=\026\236A\324J9\261\341@\353\236\027\243\365\225\347\2315\205\014\356\333\201\232V!\026\010P\027\000\000\000\000\000\000\000\000\000\000\000\000\000\000\000\000\000\000\000\000\000\000\000\000\000\000\000\000\000\000\000\000P\031?Z\326\257)\2439\250\272\002\370\360\022\220W 062/8s4\204\363\253&I\000m\335\025s!\003.\200\224\215?)t\306\315\242\313\251\255\302\204=\232.\271%}\013\024s\024\002@\216l""\241FvG0E\002!\000\266v\253\223'\271\375\346\333\360k\311\254I(au\334\335\032A\357~\227\355\375\332964\252\255\002 \006\301\350\025\201Bi0\030=W\374\327\225\t\023\262\207S\030\331%+\032\364\305\370w\030\2773\356""; ","validation: """"\200\000\000\001&\000\000\000\021)/\352\2243:v|\203\267)\257\206\032Q\336\037\263=\026\236A\324J9\261\341@\353\236\027\243\365\225\347\2315\205\014\356\333\201\232V!\026\010P\027\000\000\000\000\000\000\000\000\000\000\000\000\000\000\000\000\000\000\000\000\000\000\000\000\000\000\000\000\000\000\000\000P\031?Z\326\257)\2439\250\272\002\370\360\022\220W 062/8s4\204\363\253&I\000m\335\025s!\003.\200\224\215?)t\306\315\242\313\251\255\302\204=\232.\271%}\013\024s\024\002@\216l""\241FvG0E\002!\000\266v\253\223'\271\375\346\333\360k\311\254I(au\334\335\032A\357~\227\355\375\332964\252\255\002 \006\301\350\025\201Bi0\030=W\374\327\225\t\023\262\207S\030\331%+\032\364\305\370w\030\2773\356""; "
1750587315888,1750587315888,0,1,3,0,TMProposeSet,"proposeSeq: 0; currentTxHash: ""\000\000\000\000\000\000\000\000\000\000\000\000\000\000\000\000\000\000\000\000\000\000\000\000\000\000\000\000\000\000\000\000""; nodePubKey: ""\003\325Q\255\224\274R@\312\253\262\347\352\034\346\347\242\215,\312\376=\277\353{\350\225\301\305`^, ""; closeTime: 803902515; signature: ""0D\002 \007B\326\202\254\242\226\263T9\256|\335\302'/\226H\364OM\212\002oM\222\236y\250D\214\013\002 ?\265\016S\207\200\321\365\302\020\227\326\240\032\357\255\304\270A/\256\004\276`\252\003\231e\355\337\314\240""; previousledger: ""\336\037\263=\026\236A\324J9\261\341@\353\236\027\243\365\225\347\2315\205\014\356\333\201\232V!\026\010""; ","proposeSeq: 0; currentTxHash: ""\000\000\000\000\000\000\000\000\000\000\000\000\000\000\000\000\000\000\000\000\000\000\000\000\000\000\000\000\000\000\000\000""; nodePubKey: ""\003\325Q\255\224\274R@\312\253\262\347\352\034\346\347\242\215,\312\376=\277\353{\350\225\301\305`^, ""; closeTime: 803902515; signature: ""0D\002 \007B\326\202\254\242\226\263T9\256|\335\302'/\226H\364OM\212\002oM\222\236y\250D\214\013\002 ?\265\016S\207\200\321\365\302\020\227\326\240\032\357\255\304\270A/\256\004\276`\252\003\231e\355\337\314\240""; previousledger: ""\336\037\263=\026\236A\324J9\261\341@\353\236\027\243\365\225\347\2315\205\014\356\333\201\232V!\026\010""; "
1750587315891,1750587315891,0,1,0,2,TMProposeSet,"proposeSeq: 0; currentTxHash: ""\000\000\000\000\000\000\000\000\000\000\000\000\000\000\000\000\000\000\000\000\000\000\000\000\000\000\000\000\000\000\000\000""; nodePubKey: ""\003\325Q\255\224\274R@\312\253\262\347\352\034\346\347\242\215,\312\376=\277\353{\350\225\301\305`^, ""; closeTime: 803902515; signature: ""0D\002 \007B\326\202\254\242\226\263T9\256|\335\302'/\226H\364OM\212\002oM\222\236y\250D\214\013\002 ?\265\016S\207\200\321\365\302\020\227\326\240\032\357\255\304\270A/\256\004\276`\252\003\231e\355\337\314\240""; previousledger: ""\336\037\263=\026\236A\324J9\261\341@\353\236\027\243\365\225\347\2315\205\014\356\333\201\232V!\026\010""; ","proposeSeq: 0; currentTxHash: ""\000\000\000\000\000\000\000\000\000\000\000\000\000\000\000\000\000\000\000\000\000\000\000\000\000\000\000\000\000\000\000\000""; nodePubKey: ""\003\325Q\255\224\274R@\312\253\262\347\352\034\346\347\242\215,\312\376=\277\353{\350\225\301\305`^, ""; closeTime: 803902515; signature: ""0D\002 \007B\326\202\254\242\226\263T9\256|\335\302'/\226H\364OM\212\002oM\222\236y\250D\214\013\002 ?\265\016S\207\200\321\365\302\020\227\326\240\032\357\255\304\270A/\256\004\276`\252\003\231e\355\337\314\240""; previousledger: ""\336\037\263=\026\236A\324J9\261\341@\353\236\027\243\365\225\347\2315\205\014\356\333\201\232V!\026\010""; "
1750587315891,1750587315892,0,1,0,4,TMProposeSet,"proposeSeq: 0; currentTxHash: ""\000\000\000\000\000\000\000\000\000\000\000\000\000\000\000\000\000\000\000\000\000\000\000\000\000\000\000\000\000\000\000\000""; nodePubKey: ""\003\325Q\255\224\274R@\312\253\262\347\352\034\346\347\242\215,\312\376=\277\353{\350\225\301\305`^, ""; closeTime: 803902515; signature: ""0D\002 \007B\326\202\254\242\226\263T9\256|\335\302'/\226H\364OM\212\002oM\222\236y\250D\214\013\002 ?\265\016S\207\200\321\365\302\020\227\326\240\032\357\255\304\270A/\256\004\276`\252\003\231e\355\337\314\240""; previousledger: ""\336\037\263=\026\236A\324J9\261\341@\353\236\027\243\365\225\347\2315\205\014\356\333\201\232V!\026\010""; ","proposeSeq: 0; currentTxHash: ""\000\000\000\000\000\000\000\000\000\000\000\000\000\000\000\000\000\000\000\000\000\000\000\000\000\000\000\000\000\000\000\000""; nodePubKey: ""\003\325Q\255\224\274R@\312\253\262\347\352\034\346\347\242\215,\312\376=\277\353{\350\225\301\305`^, ""; closeTime: 803902515; signature: ""0D\002 \007B\326\202\254\242\226\263T9\256|\335\302'/\226H\364OM\212\002oM\222\236y\250D\214\013\002 ?\265\016S\207\200\321\365\302\020\227\326\240\032\357\255\304\270A/\256\004\276`\252\003\231e\355\337\314\240""; previousledger: ""\336\037\263=\026\236A\324J9\261\341@\353\236\027\243\365\225\347\2315\205\014\356\333\201\232V!\026\010""; "
1750587315892,1750587315892,0,1,0,1,TMProposeSet,"proposeSeq: 0; currentTxHash: ""\000\000\000\000\000\000\000\000\000\000\000\000\000\000\000\000\000\000\000\000\000\000\000\000\000\000\000\000\000\000\000\000""; nodePubKey: ""\003\325Q\255\224\274R@\312\253\262\347\352\034\346\347\242\215,\312\376=\277\353{\350\225\301\305`^, ""; closeTime: 803902515; signature: ""0D\002 \007B\326\202\254\242\226\263T9\256|\335\302'/\226H\364OM\212\002oM\222\236y\250D\214\013\002 ?\265\016S\207\200\321\365\302\020\227\326\240\032\357\255\304\270A/\256\004\276`\252\003\231e\355\337\314\240""; previousledger: ""\336\037\263=\026\236A\324J9\261\341@\353\236\027\243\365\225\347\2315\205\014\356\333\201\232V!\026\010""; ","proposeSeq: 0; currentTxHash: ""\000\000\000\000\000\000\000\000\000\000\000\000\000\000\000\000\000\000\000\000\000\000\000\000\000\000\000\000\000\000\000\000""; nodePubKey: ""\003\325Q\255\224\274R@\312\253\262\347\352\034\346\347\242\215,\312\376=\277\353{\350\225\301\305`^, ""; closeTime: 803902515; signature: ""0D\002 \007B\326\202\254\242\226\263T9\256|\335\302'/\226H\364OM\212\002oM\222\236y\250D\214\013\002 ?\265\016S\207\200\321\365\302\020\227\326\240\032\357\255\304\270A/\256\004\276`\252\003\231e\355\337\314\240""; previousledger: ""\336\037\263=\026\236A\324J9\261\341@\353\236\027\243\365\225\347\2315\205\014\356\333\201\232V!\026\010""; "
1750587315894,1750587315894,0,1,2,1,TMProposeSet,"proposeSeq: 0; currentTxHash: ""\000\000\000\000\000\000\000\000\000\000\000\000\000\000\000\000\000\000\000\000\000\000\000\000\000\000\000\000\000\000\000\000""; nodePubKey: ""\003\325Q\255\224\274R@\312\253\262\347\352\034\346\347\242\215,\312\376=\277\353{\350\225\301\305`^, ""; closeTime: 803902515; signature: ""0D\002 \007B\326\202\254\242\226\263T9\256|\335\302'/\226H\364OM\212\002oM\222\236y\250D\214\013\002 ?\265\016S\207\200\321\365\302\020\227\326\240\032\357\255\304\270A/\256\004\276`\252\003\231e\355\337\314\240""; previousledger: ""\336\037\263=\026\236A\324J9\261\341@\353\236\027\243\365\225\347\2315\205\014\356\333\201\232V!\026\010""; ","proposeSeq: 0; currentTxHash: ""\000\000\000\000\000\000\000\000\000\000\000\000\000\000\000\000\000\000\000\000\000\000\000\000\000\000\000\000\000\000\000\000""; nodePubKey: ""\003\325Q\255\224\274R@\312\253\262\347\352\034\346\347\242\215,\312\376=\277\353{\350\225\301\305`^, ""; closeTime: 803902515; signature: ""0D\002 \007B\326\202\254\242\226\263T9\256|\335\302'/\226H\364OM\212\002oM\222\236y\250D\214\013\002 ?\265\016S\207\200\321\365\302\020\227\326\240\032\357\255\304\270A/\256\004\276`\252\003\231e\355\337\314\240""; previousledger: ""\336\037\263=\026\236A\324J9\261\341@\353\236\027\243\365\225\347\2315\205\014\356\333\201\232V!\026\010""; "
1750587315894,1750587315894,0,1,2,4,TMProposeSet,"proposeSeq: 0; currentTxHash: ""\000\000\000\000\000\000\000\000\000\000\000\000\000\000\000\000\000\000\000\000\000\000\000\000\000\000\000\000\000\000\000\000""; nodePubKey: ""\003\325Q\255\224\274R@\312\253\262\347\352\034\346\347\242\215,\312\376=\277\353{\350\225\301\305`^, ""; closeTime: 803902515; signature: ""0D\002 \007B\326\202\254\242\226\263T9\256|\335\302'/\226H\364OM\212\002oM\222\236y\250D\214\013\002 ?\265\016S\207\200\321\365\302\020\227\326\240\032\357\255\304\270A/\256\004\276`\252\003\231e\355\337\314\240""; previousledger: ""\336\037\263=\026\236A\324J9\261\341@\353\236\027\243\365\225\347\2315\205\014\356\333\201\232V!\026\010""; ","proposeSeq: 0; currentTxHash: ""\000\000\000\000\000\000\000\000\000\000\000\000\000\000\000\000\000\000\000\000\000\000\000\000\000\000\000\000\000\000\000\000""; nodePubKey: ""\003\325Q\255\224\274R@\312\253\262\347\352\034\346\347\242\215,\312\376=\277\353{\350\225\301\305`^, ""; closeTime: 803902515; signature: ""0D\002 \007B\326\202\254\242\226\263T9\256|\335\302'/\226H\364OM\212\002oM\222\236y\250D\214\013\002 ?\265\016S\207\200\321\365\302\020\227\326\240\032\357\255\304\270A/\256\004\276`\252\003\231e\355\337\314\240""; previousledger: ""\336\037\263=\026\236A\324J9\261\341@\353\236\027\243\365\225\347\2315\205\014\356\333\201\232V!\026\010""; "
1750587315895,1750587315895,0,1,2,3,TMProposeSet,"proposeSeq: 0; currentTxHash: ""\000\000\000\000\000\000\000\000\000\000\000\000\000\000\000\000\000\000\000\000\000\000\000\000\000\000\000\000\000\000\000\000""; nodePubKey: ""\003\325Q\255\224\274R@\312\253\262\347\352\034\346\347\242\215,\312\376=\277\353{\350\225\301\305`^, ""; closeTime: 803902515; signature: ""0D\002 \007B\326\202\254\242\226\263T9\256|\335\302'/\226H\364OM\212\002oM\222\236y\250D\214\013\002 ?\265\016S\207\200\321\365\302\020\227\326\240\032\357\255\304\270A/\256\004\276`\252\003\231e\355\337\314\240""; previousledger: ""\336\037\263=\026\236A\324J9\261\341@\353\236\027\243\365\225\347\2315\205\014\356\333\201\232V!\026\010""; ","proposeSeq: 0; currentTxHash: ""\000\000\000\000\000\000\000\000\000\000\000\000\000\000\000\000\000\000\000\000\000\000\000\000\000\000\000\000\000\000\000\000""; nodePubKey: ""\003\325Q\255\224\274R@\312\253\262\347\352\034\346\347\242\215,\312\376=\277\353{\350\225\301\305`^, ""; closeTime: 803902515; signature: ""0D\002 \007B\326\202\254\242\226\263T9\256|\335\302'/\226H\364OM\212\002oM\222\236y\250D\214\013\002 ?\265\016S\207\200\321\365\302\020\227\326\240\032\357\255\304\270A/\256\004\276`\252\003\231e\355\337\314\240""; previousledger: ""\336\037\263=\026\236A\324J9\261\341@\353\236\027\243\365\225\347\2315\205\014\356\333\201\232V!\026\010""; "
1750587315897,1750587315897,0,1,4,3,TMProposeSet,"proposeSeq: 0; currentTxHash: ""\000\000\000\000\000\000\000\000\000\000\000\000\000\000\000\000\000\000\000\000\000\000\000\000\000\000\000\000\000\000\000\000""; nodePubKey: ""\003\325Q\255\224\274R@\312\253\262\347\352\034\346\347\242\215,\312\376=\277\353{\350\225\301\305`^, ""; closeTime: 803902515; signature: ""0D\002 \007B\326\202\254\242\226\263T9\256|\335\302'/\226H\364OM\212\002oM\222\236y\250D\214\013\002 ?\265\016S\207\200\321\365\302\020\227\326\240\032\357\255\304\270A/\256\004\276`\252\003\231e\355\337\314\240""; previousledger: ""\336\037\263=\026\236A\324J9\261\341@\353\236\027\243\365\225\347\2315\205\014\356\333\201\232V!\026\010""; ","proposeSeq: 0; currentTxHash: ""\000\000\000\000\000\000\000\000\000\000\000\000\000\000\000\000\000\000\000\000\000\000\000\000\000\000\000\000\000\000\000\000""; nodePubKey: ""\003\325Q\255\224\274R@\312\253\262\347\352\034\346\347\242\215,\312\376=\277\353{\350\225\301\305`^, ""; closeTime: 803902515; signature: ""0D\002 \007B\326\202\254\242\226\263T9\256|\335\302'/\226H\364OM\212\002oM\222\236y\250D\214\013\002 ?\265\016S\207\200\321\365\302\020\227\326\240\032\357\255\304\270A/\256\004\276`\252\003\231e\355\337\314\240""; previousledger: ""\336\037\263=\026\236A\324J9\261\341@\353\236\027\243\365\225\347\2315\205\014\356\333\201\232V!\026\010""; "
1750587315897,1750587315897,0,1,4,1,TMProposeSet,"proposeSeq: 0; currentTxHash: ""\000\000\000\000\000\000\000\000\000\000\000\000\000\000\000\000\000\000\000\000\000\000\000\000\000\000\000\000\000\000\000\000""; nodePubKey: ""\003\325Q\255\224\274R@\312\253\262\347\352\034\346\347\242\215,\312\376=\277\353{\350\225\301\305`^, ""; closeTime: 803902515; signature: ""0D\002 \007B\326\202\254\242\226\263T9\256|\335\302'/\226H\364OM\212\002oM\222\236y\250D\214\013\002 ?\265\016S\207\200\321\365\302\020\227\326\240\032\357\255\304\270A/\256\004\276`\252\003\231e\355\337\314\240""; previousledger: ""\336\037\263=\026\236A\324J9\261\341@\353\236\027\243\365\225\347\2315\205\014\356\333\201\232V!\026\010""; ","proposeSeq: 0; currentTxHash: ""\000\000\000\000\000\000\000\000\000\000\000\000\000\000\000\000\000\000\000\000\000\000\000\000\000\000\000\000\000\000\000\000""; nodePubKey: ""\003\325Q\255\224\274R@\312\253\262\347\352\034\346\347\242\215,\312\376=\277\353{\350\225\301\305`^, ""; closeTime: 803902515; signature: ""0D\002 \007B\326\202\254\242\226\263T9\256|\335\302'/\226H\364OM\212\002oM\222\236y\250D\214\013\002 ?\265\016S\207\200\321\365\302\020\227\326\240\032\357\255\304\270A/\256\004\276`\252\003\231e\355\337\314\240""; previousledger: ""\336\037\263=\026\236A\324J9\261\341@\353\236\027\243\365\225\347\2315\205\014\356\333\201\232V!\026\010""; "
1750587315896,1750587315896,0,1,4,2,TMProposeSet,"proposeSeq: 0; currentTxHash: ""\000\000\000\000\000\000\000\000\000\000\000\000\000\000\000\000\000\000\000\000\000\000\000\000\000\000\000\000\000\000\000\000""; nodePubKey: ""\003\325Q\255\224\274R@\312\253\262\347\352\034\346\347\242\215,\312\376=\277\353{\350\225\301\305`^, ""; closeTime: 803902515; signature: ""0D\002 \007B\326\202\254\242\226\263T9\256|\335\302'/\226H\364OM\212\002oM\222\236y\250D\214\013\002 ?\265\016S\207\200\321\365\302\020\227\326\240\032\357\255\304\270A/\256\004\276`\252\003\231e\355\337\314\240""; previousledger: ""\336\037\263=\026\236A\324J9\261\341@\353\236\027\243\365\225\347\2315\205\014\356\333\201\232V!\026\010""; ","proposeSeq: 0; currentTxHash: ""\000\000\000\000\000\000\000\000\000\000\000\000\000\000\000\000\000\000\000\000\000\000\000\000\000\000\000\000\000\000\000\000""; nodePubKey: ""\003\325Q\255\224\274R@\312\253\262\347\352\034\346\347\242\215,\312\376=\277\353{\350\225\301\305`^, ""; closeTime: 803902515; signature: ""0D\002 \007B\326\202\254\242\226\263T9\256|\335\302'/\226H\364OM\212\002oM\222\236y\250D\214\013\002 ?\265\016S\207\200\321\365\302\020\227\326\240\032\357\255\304\270A/\256\004\276`\252\003\231e\355\337\314\240""; previousledger: ""\336\037\263=\026\236A\324J9\261\341@\353\236\027\243\365\225\347\2315\205\014\356\333\201\232V!\026\010""; "
1750587315898,1750587315898,0,1,1,4,TMProposeSet,"proposeSeq: 0; currentTxHash: ""\000\000\000\000\000\000\000\000\000\000\000\000\000\000\000\000\000\000\000\000\000\000\000\000\000\000\000\000\000\000\000\000""; nodePubKey: ""\003\325Q\255\224\274R@\312\253\262\347\352\034\346\347\242\215,\312\376=\277\353{\350\225\301\305`^, ""; closeTime: 803902515; signature: ""0D\002 \007B\326\202\254\242\226\263T9\256|\335\302'/\226H\364OM\212\002oM\222\236y\250D\214\013\002 ?\265\016S\207\200\321\365\302\020\227\326\240\032\357\255\304\270A/\256\004\276`\252\003\231e\355\337\314\240""; previousledger: ""\336\037\263=\026\236A\324J9\261\341@\353\236\027\243\365\225\347\2315\205\014\356\333\201\232V!\026\010""; ","proposeSeq: 0; currentTxHash: ""\000\000\000\000\000\000\000\000\000\000\000\000\000\000\000\000\000\000\000\000\000\000\000\000\000\000\000\000\000\000\000\000""; nodePubKey: ""\003\325Q\255\224\274R@\312\253\262\347\352\034\346\347\242\215,\312\376=\277\353{\350\225\301\305`^, ""; closeTime: 803902515; signature: ""0D\002 \007B\326\202\254\242\226\263T9\256|\335\302'/\226H\364OM\212\002oM\222\236y\250D\214\013\002 ?\265\016S\207\200\321\365\302\020\227\326\240\032\357\255\304\270A/\256\004\276`\252\003\231e\355\337\314\240""; previousledger: ""\336\037\263=\026\236A\324J9\261\341@\353\236\027\243\365\225\347\2315\205\014\356\333\201\232V!\026\010""; "
1750587315898,1750587315898,0,1,1,3,TMProposeSet,"proposeSeq: 0; currentTxHash: ""\000\000\000\000\000\000\000\000\000\000\000\000\000\000\000\000\000\000\000\000\000\000\000\000\000\000\000\000\000\000\000\000""; nodePubKey: ""\003\325Q\255\224\274R@\312\253\262\347\352\034\346\347\242\215,\312\376=\277\353{\350\225\301\305`^, ""; closeTime: 803902515; signature: ""0D\002 \007B\326\202\254\242\226\263T9\256|\335\302'/\226H\364OM\212\002oM\222\236y\250D\214\013\002 ?\265\016S\207\200\321\365\302\020\227\326\240\032\357\255\304\270A/\256\004\276`\252\003\231e\355\337\314\240""; previousledger: ""\336\037\263=\026\236A\324J9\261\341@\353\236\027\243\365\225\347\2315\205\014\356\333\201\232V!\026\010""; ","proposeSeq: 0; currentTxHash: ""\000\000\000\000\000\000\000\000\000\000\000\000\000\000\000\000\000\000\000\000\000\000\000\000\000\000\000\000\000\000\000\000""; nodePubKey: ""\003\325Q\255\224\274R@\312\253\262\347\352\034\346\347\242\215,\312\376=\277\353{\350\225\301\305`^, ""; closeTime: 803902515; signature: ""0D\002 \007B\326\202\254\242\226\263T9\256|\335\302'/\226H\364OM\212\002oM\222\236y\250D\214\013\002 ?\265\016S\207\200\321\365\302\020\227\326\240\032\357\255\304\270A/\256\004\276`\252\003\231e\355\337\314\240""; previousledger: ""\336\037\263=\026\236A\324J9\261\341@\353\236\027\243\365\225\347\2315\205\014\356\333\201\232V!\026\010""; "
1750587315898,1750587315898,0,1,1,2,TMProposeSet,"proposeSeq: 0; currentTxHash: ""\000\000\000\000\000\000\000\000\000\000\000\000\000\000\000\000\000\000\000\000\000\000\000\000\000\000\000\000\000\000\000\000""; nodePubKey: ""\003\325Q\255\224\274R@\312\253\262\347\352\034\346\347\242\215,\312\376=\277\353{\350\225\301\305`^, ""; closeTime: 803902515; signature: ""0D\002 \007B\326\202\254\242\226\263T9\256|\335\302'/\226H\364OM\212\002oM\222\236y\250D\214\013\002 ?\265\016S\207\200\321\365\302\020\227\326\240\032\357\255\304\270A/\256\004\276`\252\003\231e\355\337\314\240""; previousledger: ""\336\037\263=\026\236A\324J9\261\341@\353\236\027\243\365\225\347\2315\205\014\356\333\201\232V!\026\010""; ","proposeSeq: 0; currentTxHash: ""\000\000\000\000\000\000\000\000\000\000\000\000\000\000\000\000\000\000\000\000\000\000\000\000\000\000\000\000\000\000\000\000""; nodePubKey: ""\003\325Q\255\224\274R@\312\253\262\347\352\034\346\347\242\215,\312\376=\277\353{\350\225\301\305`^, ""; closeTime: 803902515; signature: ""0D\002 \007B\326\202\254\242\226\263T9\256|\335\302'/\226H\364OM\212\002oM\222\236y\250D\214\013\002 ?\265\016S\207\200\321\365\302\020\227\326\240\032\357\255\304\270A/\256\004\276`\252\003\231e\355\337\314\240""; previousledger: ""\336\037\263=\026\236A\324J9\261\341@\353\236\027\243\365\225\347\2315\205\014\356\333\201\232V!\026\010""; "
1750587315899,1750587315899,0,1,3,2,TMProposeSet,"proposeSeq: 0; currentTxHash: ""\000\000\000\000\000\000\000\000\000\000\000\000\000\000\000\000\000\000\000\000\000\000\000\000\000\000\000\000\000\000\000\000""; nodePubKey: ""\003\325Q\255\224\274R@\312\253\262\347\352\034\346\347\242\215,\312\376=\277\353{\350\225\301\305`^, ""; closeTime: 803902515; signature: ""0D\002 \007B\326\202\254\242\226\263T9\256|\335\302'/\226H\364OM\212\002oM\222\236y\250D\214\013\002 ?\265\016S\207\200\321\365\302\020\227\326\240\032\357\255\304\270A/\256\004\276`\252\003\231e\355\337\314\240""; previousledger: ""\336\037\263=\026\236A\324J9\261\341@\353\236\027\243\365\225\347\2315\205\014\356\333\201\232V!\026\010""; ","proposeSeq: 0; currentTxHash: ""\000\000\000\000\000\000\000\000\000\000\000\000\000\000\000\000\000\000\000\000\000\000\000\000\000\000\000\000\000\000\000\000""; nodePubKey: ""\003\325Q\255\224\274R@\312\253\262\347\352\034\346\347\242\215,\312\376=\277\353{\350\225\301\305`^, ""; closeTime: 803902515; signature: ""0D\002 \007B\326\202\254\242\226\263T9\256|\335\302'/\226H\364OM\212\002oM\222\236y\250D\214\013\002 ?\265\016S\207\200\321\365\302\020\227\326\240\032\357\255\304\270A/\256\004\276`\252\003\231e\355\337\314\240""; previousledger: ""\336\037\263=\026\236A\324J9\261\341@\353\236\027\243\365\225\347\2315\205\014\356\333\201\232V!\026\010""; "
1750587315899,1750587315899,0,1,3,4,TMProposeSet,"proposeSeq: 0; currentTxHash: ""\000\000\000\000\000\000\000\000\000\000\000\000\000\000\000\000\000\000\000\000\000\000\000\000\000\000\000\000\000\000\000\000""; nodePubKey: ""\003\325Q\255\224\274R@\312\253\262\347\352\034\346\347\242\215,\312\376=\277\353{\350\225\301\305`^, ""; closeTime: 803902515; signature: ""0D\002 \007B\326\202\254\242\226\263T9\256|\335\302'/\226H\364OM\212\002oM\222\236y\250D\214\013\002 ?\265\016S\207\200\321\365\302\020\227\326\240\032\357\255\304\270A/\256\004\276`\252\003\231e\355\337\314\240""; previousledger: ""\336\037\263=\026\236A\324J9\261\341@\353\236\027\243\365\225\347\2315\205\014\356\333\201\232V!\026\010""; ","proposeSeq: 0; currentTxHash: ""\000\000\000\000\000\000\000\000\000\000\000\000\000\000\000\000\000\000\000\000\000\000\000\000\000\000\000\000\000\000\000\000""; nodePubKey: ""\003\325Q\255\224\274R@\312\253\262\347\352\034\346\347\242\215,\312\376=\277\353{\350\225\301\305`^, ""; closeTime: 803902515; signature: ""0D\002 \007B\326\202\254\242\226\263T9\256|\335\302'/\226H\364OM\212\002oM\222\236y\250D\214\013\002 ?\265\016S\207\200\321\365\302\020\227\326\240\032\357\255\304\270A/\256\004\276`\252\003\231e\355\337\314\240""; previousledger: ""\336\037\263=\026\236A\324J9\261\341@\353\236\027\243\365\225\347\2315\205\014\356\333\201\232V!\026\010""; "
1750587315901,1750587315902,0,1,3,1,TMProposeSet,"proposeSeq: 0; currentTxHash: ""\000\000\000\000\000\000\000\000\000\000\000\000\000\000\000\000\000\000\000\000\000\000\000\000\000\000\000\000\000\000\000\000""; nodePubKey: ""\003\325Q\255\224\274R@\312\253\262\347\352\034\346\347\242\215,\312\376=\277\353{\350\225\301\305`^, ""; closeTime: 803902515; signature: ""0D\002 \007B\326\202\254\242\226\263T9\256|\335\302'/\226H\364OM\212\002oM\222\236y\250D\214\013\002 ?\265\016S\207\200\321\365\302\020\227\326\240\032\357\255\304\270A/\256\004\276`\252\003\231e\355\337\314\240""; previousledger: ""\336\037\263=\026\236A\324J9\261\341@\353\236\027\243\365\225\347\2315\205\014\356\333\201\232V!\026\010""; ","proposeSeq: 0; currentTxHash: ""\000\000\000\000\000\000\000\000\000\000\000\000\000\000\000\000\000\000\000\000\000\000\000\000\000\000\000\000\000\000\000\000""; nodePubKey: ""\003\325Q\255\224\274R@\312\253\262\347\352\034\346\347\242\215,\312\376=\277\353{\350\225\301\305`^, ""; closeTime: 803902515; signature: ""0D\002 \007B\326\202\254\242\226\263T9\256|\335\302'/\226H\364OM\212\002oM\222\236y\250D\214\013\002 ?\265\016S\207\200\321\365\302\020\227\326\240\032\357\255\304\270A/\256\004\276`\252\003\231e\355\337\314\240""; previousledger: ""\336\037\263=\026\236A\324J9\261\341@\353\236\027\243\365\225\347\2315\205\014\356\333\201\232V!\026\010""; "
1750587315887,1750587315961,0,1,3,2,TMStatusChange,"newEvent: neCLOSING_LEDGER; ledgerSeq: 17; ledgerHash: ""\336\037\263=\026\236A\324J9\261\341@\353\236\027\243\365\225\347\2315\205\014\356\333\201\232V!\026\010""; ledgerHashPrevious: ""?Z\326\257)\2439\250\272\002\370\360\022\220W 062/8s4\204\363\253&I\000m\335\025""; networkTime: 803902515; firstSeq: 9; lastSeq: 17; ","newEvent: neCLOSING_LEDGER; ledgerSeq: 17; ledgerHash: ""\336\037\263=\026\236A\324J9\261\341@\353\236\027\243\365\225\347\2315\205\014\356\333\201\232V!\026\010""; ledgerHashPrevious: ""?Z\326\257)\2439\250\272\002\370\360\022\220W 062/8s4\204\363\253&I\000m\335\025""; networkTime: 803902515; firstSeq: 9; lastSeq: 17; "
1750587315887,1750587315962,0,1,3,4,TMStatusChange,"newEvent: neCLOSING_LEDGER; ledgerSeq: 17; ledgerHash: ""\336\037\263=\026\236A\324J9\261\341@\353\236\027\243\365\225\347\2315\205\014\356\333\201\232V!\026\010""; ledgerHashPrevious: ""?Z\326\257)\2439\250\272\002\370\360\022\220W 062/8s4\204\363\253&I\000m\335\025""; networkTime: 803902515; firstSeq: 9; lastSeq: 17; ","newEvent: neCLOSING_LEDGER; ledgerSeq: 17; ledgerHash: ""\336\037\263=\026\236A\324J9\261\341@\353\236\027\243\365\225\347\2315\205\014\356\333\201\232V!\026\010""; ledgerHashPrevious: ""?Z\326\257)\2439\250\272\002\370\360\022\220W 062/8s4\204\363\253&I\000m\335\025""; networkTime: 803902515; firstSeq: 9; lastSeq: 17; "
1750587315887,1750587315962,0,1,3,1,TMStatusChange,"newEvent: neCLOSING_LEDGER; ledgerSeq: 17; ledgerHash: ""\336\037\263=\026\236A\324J9\261\341@\353\236\027\243\365\225\347\2315\205\014\356\333\201\232V!\026\010""; ledgerHashPrevious: ""?Z\326\257)\2439\250\272\002\370\360\022\220W 062/8s4\204\363\253&I\000m\335\025""; networkTime: 803902515; firstSeq: 9; lastSeq: 17; ","newEvent: neCLOSING_LEDGER; ledgerSeq: 17; ledgerHash: ""\336\037\263=\026\236A\324J9\261\341@\353\236\027\243\365\225\347\2315\205\014\356\333\201\232V!\026\010""; ledgerHashPrevious: ""?Z\326\257)\2439\250\272\002\370\360\022\220W 062/8s4\204\363\253&I\000m\335\025""; networkTime: 803902515; firstSeq: 9; lastSeq: 17; "
1750587315889,1750587315962,0,1,3,0,TMStatusChange,"newEvent: neCLOSING_LEDGER; ledgerSeq: 17; ledgerHash: ""\336\037\263=\026\236A\324J9\261\341@\353\236\027\243\365\225\347\2315\205\014\356\333\201\232V!\026\010""; ledgerHashPrevious: ""?Z\326\257)\2439\250\272\002\370\360\022\220W 062/8s4\204\363\253&I\000m\335\025""; networkTime: 803902515; firstSeq: 9; lastSeq: 17; ","newEvent: neCLOSING_LEDGER; ledgerSeq: 17; ledgerHash: ""\336\037\263=\026\236A\324J9\261\341@\353\236\027\243\365\225\347\2315\205\014\356\333\201\232V!\026\010""; ledgerHashPrevious: ""?Z\326\257)\2439\250\272\002\370\360\022\220W 062/8s4\204\363\253&I\000m\335\025""; networkTime: 803902515; firstSeq: 9; lastSeq: 17; "
1750587316021,1750587316021,0,1,0,3,TMProposeSet,"proposeSeq: 0; currentTxHash: ""\000\000\000\000\000\000\000\000\000\000\000\000\000\000\000\000\000\000\000\000\000\000\000\000\000\000\000\000\000\000\000\000""; nodePubKey: ""\002\347\243J\206W\025ML\260\226\0163\217\250\337\325W\253\356*O\245Z\271\234\207C\274\375`\335\311""; closeTime: 803902516; signature: ""0D\002 R!\274W\210\036\036\032@\3064\341\005J8\017\037\215\204I\363K\327\365?O\204F\034\356\204\261\002 4\244\033DP\241\022\271c\235\3678j\007\001s\222q\347\376\014\347\357\305\221\345Q\244\307FV4""; previousledger: ""\336\037\263=\026\236A\324J9\261\341@\353\236\027\243\365\225\347\2315\205\014\356\333\201\232V!\026\010""; ","proposeSeq: 0; currentTxHash: ""\000\000\000\000\000\000\000\000\000\000\000\000\000\000\000\000\000\000\000\000\000\000\000\000\000\000\000\000\000\000\000\000""; nodePubKey: ""\002\347\243J\206W\025ML\260\226\0163\217\250\337\325W\253\356*O\245Z\271\234\207C\274\375`\335\311""; closeTime: 803902516; signature: ""0D\002 R!\274W\210\036\036\032@\3064\341\005J8\017\037\215\204I\363K\327\365?O\204F\034\356\204\261\002 4\244\033DP\241\022\271c\235\3678j\007\001s\222q\347\376\014\347\357\305\221\345Q\244\307FV4""; previousledger: ""\336\037\263=\026\236A\324J9\261\341@\353\236\027\243\365\225\347\2315\205\014\356\333\201\232V!\026\010""; "
1750587316022,1750587316023,0,1,0,4,TMProposeSet,"proposeSeq: 0; currentTxHash: ""\000\000\000\000\000\000\000\000\000\000\000\000\000\000\000\000\000\000\000\000\000\000\000\000\000\000\000\000\000\000\000\000""; nodePubKey: ""\002\347\243J\206W\025ML\260\226\0163\217\250\337\325W\253\356*O\245Z\271\234\207C\274\375`\335\311""; closeTime: 803902516; signature: ""0D\002 R!\274W\210\036\036\032@\3064\341\005J8\017\037\215\204I\363K\327\365?O\204F\034\356\204\261\002 4\244\033DP\241\022\271c\235\3678j\007\001s\222q\347\376\014\347\357\305\221\345Q\244\307FV4""; previousledger: ""\336\037\263=\026\236A\324J9\261\341@\353\236\027\243\365\225\347\2315\205\014\356\333\201\232V!\026\010""; ","proposeSeq: 0; currentTxHash: ""\000\000\000\000\000\000\000\000\000\000\000\000\000\000\000\000\000\000\000\000\000\000\000\000\000\000\000\000\000\000\000\000""; nodePubKey: ""\002\347\243J\206W\025ML\260\226\0163\217\250\337\325W\253\356*O\245Z\271\234\207C\274\375`\335\311""; closeTime: 803902516; signature: ""0D\002 R!\274W\210\036\036\032@\3064\341\005J8\017\037\215\204I\363K\327\365?O\204F\034\356\204\261\002 4\244\033DP\241\022\271c\235\3678j\007\001s\222q\347\376\014\347\357\305\221\345Q\244\307FV4""; previousledger: ""\336\037\263=\026\236A\324J9\261\341@\353\236\027\243\365\225\347\2315\205\014\356\333\201\232V!\026\010""; "
1750587316024,1750587316024,0,1,0,1,TMProposeSet,"proposeSeq: 0; currentTxHash: ""\000\000\000\000\000\000\000\000\000\000\000\000\000\000\000\000\000\000\000\000\000\000\000\000\000\000\000\000\000\000\000\000""; nodePubKey: ""\002\347\243J\206W\025ML\260\226\0163\217\250\337\325W\253\356*O\245Z\271\234\207C\274\375`\335\311""; closeTime: 803902516; signature: ""0D\002 R!\274W\210\036\036\032@\3064\341\005J8\017\037\215\204I\363K\327\365?O\204F\034\356\204\261\002 4\244\033DP\241\022\271c\235\3678j\007\001s\222q\347\376\014\347\357\305\221\345Q\244\307FV4""; previousledger: ""\336\037\263=\026\236A\324J9\261\341@\353\236\027\243\365\225\347\2315\205\014\356\333\201\232V!\026\010""; ","proposeSeq: 0; currentTxHash: ""\000\000\000\000\000\000\000\000\000\000\000\000\000\000\000\000\000\000\000\000\000\000\000\000\000\000\000\000\000\000\000\000""; nodePubKey: ""\002\347\243J\206W\025ML\260\226\0163\217\250\337\325W\253\356*O\245Z\271\234\207C\274\375`\335\311""; closeTime: 803902516; signature: ""0D\002 R!\274W\210\036\036\032@\3064\341\005J8\017\037\215\204I\363K\327\365?O\204F\034\356\204\261\002 4\244\033DP\241\022\271c\235\3678j\007\001s\222q\347\376\014\347\357\305\221\345Q\244\307FV4""; previousledger: ""\336\037\263=\026\236A\324J9\261\341@\353\236\027\243\365\225\347\2315\205\014\356\333\201\232V!\026\010""; "
1750587316026,1750587316026,0,1,0,2,TMProposeSet,"proposeSeq: 0; currentTxHash: ""\000\000\000\000\000\000\000\000\000\000\000\000\000\000\000\000\000\000\000\000\000\000\000\000\000\000\000\000\000\000\000\000""; nodePubKey: ""\002\347\243J\206W\025ML\260\226\0163\217\250\337\325W\253\356*O\245Z\271\234\207C\274\375`\335\311""; closeTime: 803902516; signature: ""0D\002 R!\274W\210\036\036\032@\3064\341\005J8\017\037\215\204I\363K\327\365?O\204F\034\356\204\261\002 4\244\033DP\241\022\271c\235\3678j\007\001s\222q\347\376\014\347\357\305\221\345Q\244\307FV4""; previousledger: ""\336\037\263=\026\236A\324J9\261\341@\353\236\027\243\365\225\347\2315\205\014\356\333\201\232V!\026\010""; ","proposeSeq: 0; currentTxHash: ""\000\000\000\000\000\000\000\000\000\000\000\000\000\000\000\000\000\000\000\000\000\000\000\000\000\000\000\000\000\000\000\000""; nodePubKey: ""\002\347\243J\206W\025ML\260\226\0163\217\250\337\325W\253\356*O\245Z\271\234\207C\274\375`\335\311""; closeTime: 803902516; signature: ""0D\002 R!\274W\210\036\036\032@\3064\341\005J8\017\037\215\204I\363K\327\365?O\204F\034\356\204\261\002 4\244\033DP\241\022\271c\235\3678j\007\001s\222q\347\376\014\347\357\305\221\345Q\244\307FV4""; previousledger: ""\336\037\263=\026\236A\324J9\261\341@\353\236\027\243\365\225\347\2315\205\014\356\333\201\232V!\026\010""; "
1750587316026,1750587316027,0,1,3,4,TMProposeSet,"proposeSeq: 0; currentTxHash: ""\000\000\000\000\000\000\000\000\000\000\000\000\000\000\000\000\000\000\000\000\000\000\000\000\000\000\000\000\000\000\000\000""; nodePubKey: ""\002\347\243J\206W\025ML\260\226\0163\217\250\337\325W\253\356*O\245Z\271\234\207C\274\375`\335\311""; closeTime: 803902516; signature: ""0D\002 R!\274W\210\036\036\032@\3064\341\005J8\017\037\215\204I\363K\327\365?O\204F\034\356\204\261\002 4\244\033DP\241\022\271c\235\3678j\007\001s\222q\347\376\014\347\357\305\221\345Q\244\307FV4""; previousledger: ""\336\037\263=\026\236A\324J9\261\341@\353\236\027\243\365\225\347\2315\205\014\356\333\201\232V!\026\010""; ","proposeSeq: 0; currentTxHash: ""\000\000\000\000\000\000\000\000\000\000\000\000\000\000\000\000\000\000\000\000\000\000\000\000\000\000\000\000\000\000\000\000""; nodePubKey: ""\002\347\243J\206W\025ML\260\226\0163\217\250\337\325W\253\356*O\245Z\271\234\207C\274\375`\335\311""; closeTime: 803902516; signature: ""0D\002 R!\274W\210\036\036\032@\3064\341\005J8\017\037\215\204I\363K\327\365?O\204F\034\356\204\261\002 4\244\033DP\241\022\271c\235\3678j\007\001s\222q\347\376\014\347\357\305\221\345Q\244\307FV4""; previousledger: ""\336\037\263=\026\236A\324J9\261\341@\353\236\027\243\365\225\347\2315\205\014\356\333\201\232V!\026\010""; "
1750587316027,1750587316028,0,1,3,2,TMProposeSet,"proposeSeq: 0; currentTxHash: ""\000\000\000\000\000\000\000\000\000\000\000\000\000\000\000\000\000\000\000\000\000\000\000\000\000\000\000\000\000\000\000\000""; nodePubKey: ""\002\347\243J\206W\025ML\260\226\0163\217\250\337\325W\253\356*O\245Z\271\234\207C\274\375`\335\311""; closeTime: 803902516; signature: ""0D\002 R!\274W\210\036\036\032@\3064\341\005J8\017\037\215\204I\363K\327\365?O\204F\034\356\204\261\002 4\244\033DP\241\022\271c\235\3678j\007\001s\222q\347\376\014\347\357\305\221\345Q\244\307FV4""; previousledger: ""\336\037\263=\026\236A\324J9\261\341@\353\236\027\243\365\225\347\2315\205\014\356\333\201\232V!\026\010""; ","proposeSeq: 0; currentTxHash: ""\000\000\000\000\000\000\000\000\000\000\000\000\000\000\000\000\000\000\000\000\000\000\000\000\000\000\000\000\000\000\000\000""; nodePubKey: ""\002\347\243J\206W\025ML\260\226\0163\217\250\337\325W\253\356*O\245Z\271\234\207C\274\375`\335\311""; closeTime: 803902516; signature: ""0D\002 R!\274W\210\036\036\032@\3064\341\005J8\017\037\215\204I\363K\327\365?O\204F\034\356\204\261\002 4\244\033DP\241\022\271c\235\3678j\007\001s\222q\347\376\014\347\357\305\221\345Q\244\307FV4""; previousledger: ""\336\037\263=\026\236A\324J9\261\341@\353\236\027\243\365\225\347\2315\205\014\356\333\201\232V!\026\010""; "
1750587316028,1750587316028,0,1,3,1,TMProposeSet,"proposeSeq: 0; currentTxHash: ""\000\000\000\000\000\000\000\000\000\000\000\000\000\000\000\000\000\000\000\000\000\000\000\000\000\000\000\000\000\000\000\000""; nodePubKey: ""\002\347\243J\206W\025ML\260\226\0163\217\250\337\325W\253\356*O\245Z\271\234\207C\274\375`\335\311""; closeTime: 803902516; signature: ""0D\002 R!\274W\210\036\036\032@\3064\341\005J8\017\037\215\204I\363K\327\365?O\204F\034\356\204\261\002 4\244\033DP\241\022\271c\235\3678j\007\001s\222q\347\376\014\347\357\305\221\345Q\244\307FV4""; previousledger: ""\336\037\263=\026\236A\324J9\261\341@\353\236\027\243\365\225\347\2315\205\014\356\333\201\232V!\026\010""; ","proposeSeq: 0; currentTxHash: ""\000\000\000\000\000\000\000\000\000\000\000\000\000\000\000\000\000\000\000\000\000\000\000\000\000\000\000\000\000\000\000\000""; nodePubKey: ""\002\347\243J\206W\025ML\260\226\0163\217\250\337\325W\253\356*O\245Z\271\234\207C\274\375`\335\311""; closeTime: 803902516; signature: ""0D\002 R!\274W\210\036\036\032@\3064\341\005J8\017\037\215\204I\363K\327\365?O\204F\034\356\204\261\002 4\244\033DP\241\022\271c\235\3678j\007\001s\222q\347\376\014\347\357\305\221\345Q\244\307FV4""; previousledger: ""\336\037\263=\026\236A\324J9\261\341@\353\236\027\243\365\225\347\2315\205\014\356\333\201\232V!\026\010""; "
1750587316028,1750587316028,0,1,4,3,TMProposeSet,"proposeSeq: 0; currentTxHash: ""\000\000\000\000\000\000\000\000\000\000\000\000\000\000\000\000\000\000\000\000\000\000\000\000\000\000\000\000\000\000\000\000""; nodePubKey: ""\002\347\243J\206W\025ML\260\226\0163\217\250\337\325W\253\356*O\245Z\271\234\207C\274\375`\335\311""; closeTime: 803902516; signature: ""0D\002 R!\274W\210\036\036\032@\3064\341\005J8\017\037\215\204I\363K\327\365?O\204F\034\356\204\261\002 4\244\033DP\241\022\271c\235\3678j\007\001s\222q\347\376\014\347\357\305\221\345Q\244\307FV4""; previousledger: ""\336\037\263=\026\236A\324J9\261\341@\353\236\027\243\365\225\347\2315\205\014\356\333\201\232V!\026\010""; ","proposeSeq: 0; currentTxHash: ""\000\000\000\000\000\000\000\000\000\000\000\000\000\000\000\000\000\000\000\000\000\000\000\000\000\000\000\000\000\000\000\000""; nodePubKey: ""\002\347\243J\206W\025ML\260\226\0163\217\250\337\325W\253\356*O\245Z\271\234\207C\274\375`\335\311""; closeTime: 803902516; signature: ""0D\002 R!\274W\210\036\036\032@\3064\341\005J8\017\037\215\204I\363K\327\365?O\204F\034\356\204\261\002 4\244\033DP\241\022\271c\235\3678j\007\001s\222q\347\376\014\347\357\305\221\345Q\244\307FV4""; previousledger: ""\336\037\263=\026\236A\324J9\261\341@\353\236\027\243\365\225\347\2315\205\014\356\333\201\232V!\026\010""; "
1750587316029,1750587316029,0,1,4,1,TMProposeSet,"proposeSeq: 0; currentTxHash: ""\000\000\000\000\000\000\000\000\000\000\000\000\000\000\000\000\000\000\000\000\000\000\000\000\000\000\000\000\000\000\000\000""; nodePubKey: ""\002\347\243J\206W\025ML\260\226\0163\217\250\337\325W\253\356*O\245Z\271\234\207C\274\375`\335\311""; closeTime: 803902516; signature: ""0D\002 R!\274W\210\036\036\032@\3064\341\005J8\017\037\215\204I\363K\327\365?O\204F\034\356\204\261\002 4\244\033DP\241\022\271c\235\3678j\007\001s\222q\347\376\014\347\357\305\221\345Q\244\307FV4""; previousledger: ""\336\037\263=\026\236A\324J9\261\341@\353\236\027\243\365\225\347\2315\205\014\356\333\201\232V!\026\010""; ","proposeSeq: 0; currentTxHash: ""\000\000\000\000\000\000\000\000\000\000\000\000\000\000\000\000\000\000\000\000\000\000\000\000\000\000\000\000\000\000\000\000""; nodePubKey: ""\002\347\243J\206W\025ML\260\226\0163\217\250\337\325W\253\356*O\245Z\271\234\207C\274\375`\335\311""; closeTime: 803902516; signature: ""0D\002 R!\274W\210\036\036\032@\3064\341\005J8\017\037\215\204I\363K\327\365?O\204F\034\356\204\261\002 4\244\033DP\241\022\271c\235\3678j\007\001s\222q\347\376\014\347\357\305\221\345Q\244\307FV4""; previousledger: ""\336\037\263=\026\236A\324J9\261\341@\353\236\027\243\365\225\347\2315\205\014\356\333\201\232V!\026\010""; "
1750587316029,1750587316029,0,1,4,2,TMProposeSet,"proposeSeq: 0; currentTxHash: ""\000\000\000\000\000\000\000\000\000\000\000\000\000\000\000\000\000\000\000\000\000\000\000\000\000\000\000\000\000\000\000\000""; nodePubKey: ""\002\347\243J\206W\025ML\260\226\0163\217\250\337\325W\253\356*O\245Z\271\234\207C\274\375`\335\311""; closeTime: 803902516; signature: ""0D\002 R!\274W\210\036\036\032@\3064\341\005J8\017\037\215\204I\363K\327\365?O\204F\034\356\204\261\002 4\244\033DP\241\022\271c\235\3678j\007\001s\222q\347\376\014\347\357\305\221\345Q\244\307FV4""; previousledger: ""\336\037\263=\026\236A\324J9\261\341@\353\236\027\243\365\225\347\2315\205\014\356\333\201\232V!\026\010""; ","proposeSeq: 0; currentTxHash: ""\000\000\000\000\000\000\000\000\000\000\000\000\000\000\000\000\000\000\000\000\000\000\000\000\000\000\000\000\000\000\000\000""; nodePubKey: ""\002\347\243J\206W\025ML\260\226\0163\217\250\337\325W\253\356*O\245Z\271\234\207C\274\375`\335\311""; closeTime: 803902516; signature: ""0D\002 R!\274W\210\036\036\032@\3064\341\005J8\017\037\215\204I\363K\327\365?O\204F\034\356\204\261\002 4\244\033DP\241\022\271c\235\3678j\007\001s\222q\347\376\014\347\357\305\221\345Q\244\307FV4""; previousledger: ""\336\037\263=\026\236A\324J9\261\341@\353\236\027\243\365\225\347\2315\205\014\356\333\201\232V!\026\010""; "
1750587316030,1750587316030,0,1,1,3,TMProposeSet,"proposeSeq: 0; currentTxHash: ""\000\000\000\000\000\000\000\000\000\000\000\000\000\000\000\000\000\000\000\000\000\000\000\000\000\000\000\000\000\000\000\000""; nodePubKey: ""\002\347\243J\206W\025ML\260\226\0163\217\250\337\325W\253\356*O\245Z\271\234\207C\274\375`\335\311""; closeTime: 803902516; signature: ""0D\002 R!\274W\210\036\036\032@\3064\341\005J8\017\037\215\204I\363K\327\365?O\204F\034\356\204\261\002 4\244\033DP\241\022\271c\235\3678j\007\001s\222q\347\376\014\347\357\305\221\345Q\244\307FV4""; previousledger: ""\336\037\263=\026\236A\324J9\261\341@\353\236\027\243\365\225\347\2315\205\014\356\333\201\232V!\026\010""; ","proposeSeq: 0; currentTxHash: ""\000\000\000\000\000\000\000\000\000\000\000\000\000\000\000\000\000\000\000\000\000\000\000\000\000\000\000\000\000\000\000\000""; nodePubKey: ""\002\347\243J\206W\025ML\260\226\0163\217\250\337\325W\253\356*O\245Z\271\234\207C\274\375`\335\311""; closeTime: 803902516; signature: ""0D\002 R!\274W\210\036\036\032@\3064\341\005J8\017\037\215\204I\363K\327\365?O\204F\034\356\204\261\002 4\244\033DP\241\022\271c\235\3678j\007\001s\222q\347\376\014\347\357\305\221\345Q\244\307FV4""; previousledger: ""\336\037\263=\026\236A\324J9\261\341@\353\236\027\243\365\225\347\2315\205\014\356\333\201\232V!\026\010""; "
1750587316031,1750587316031,0,1,1,4,TMProposeSet,"proposeSeq: 0; currentTxHash: ""\000\000\000\000\000\000\000\000\000\000\000\000\000\000\000\000\000\000\000\000\000\000\000\000\000\000\000\000\000\000\000\000""; nodePubKey: ""\002\347\243J\206W\025ML\260\226\0163\217\250\337\325W\253\356*O\245Z\271\234\207C\274\375`\335\311""; closeTime: 803902516; signature: ""0D\002 R!\274W\210\036\036\032@\3064\341\005J8\017\037\215\204I\363K\327\365?O\204F\034\356\204\261\002 4\244\033DP\241\022\271c\235\3678j\007\001s\222q\347\376\014\347\357\305\221\345Q\244\307FV4""; previousledger: ""\336\037\263=\026\236A\324J9\261\341@\353\236\027\243\365\225\347\2315\205\014\356\333\201\232V!\026\010""; ","proposeSeq: 0; currentTxHash: ""\000\000\000\000\000\000\000\000\000\000\000\000\000\000\000\000\000\000\000\000\000\000\000\000\000\000\000\000\000\000\000\000""; nodePubKey: ""\002\347\243J\206W\025ML\260\226\0163\217\250\337\325W\253\356*O\245Z\271\234\207C\274\375`\335\311""; closeTime: 803902516; signature: ""0D\002 R!\274W\210\036\036\032@\3064\341\005J8\017\037\215\204I\363K\327\365?O\204F\034\356\204\261\002 4\244\033DP\241\022\271c\235\3678j\007\001s\222q\347\376\014\347\357\305\221\345Q\244\307FV4""; previousledger: ""\336\037\263=\026\236A\324J9\261\341@\353\236\027\243\365\225\347\2315\205\014\356\333\201\232V!\026\010""; "
1750587316032,1750587316032,0,1,1,2,TMProposeSet,"proposeSeq: 0; currentTxHash: ""\000\000\000\000\000\000\000\000\000\000\000\000\000\000\000\000\000\000\000\000\000\000\000\000\000\000\000\000\000\000\000\000""; nodePubKey: ""\002\347\243J\206W\025ML\260\226\0163\217\250\337\325W\253\356*O\245Z\271\234\207C\274\375`\335\311""; closeTime: 803902516; signature: ""0D\002 R!\274W\210\036\036\032@\3064\341\005J8\017\037\215\204I\363K\327\365?O\204F\034\356\204\261\002 4\244\033DP\241\022\271c\235\3678j\007\001s\222q\347\376\014\347\357\305\221\345Q\244\307FV4""; previousledger: ""\336\037\263=\026\236A\324J9\261\341@\353\236\027\243\365\225\347\2315\205\014\356\333\201\232V!\026\010""; ","proposeSeq: 0; currentTxHash: ""\000\000\000\000\000\000\000\000\000\000\000\000\000\000\000\000\000\000\000\000\000\000\000\000\000\000\000\000\000\000\000\000""; nodePubKey: ""\002\347\243J\206W\025ML\260\226\0163\217\250\337\325W\253\356*O\245Z\271\234\207C\274\375`\335\311""; closeTime: 803902516; signature: ""0D\002 R!\274W\210\036\036\032@\3064\341\005J8\017\037\215\204I\363K\327\365?O\204F\034\356\204\261\002 4\244\033DP\241\022\271c\235\3678j\007\001s\222q\347\376\014\347\357\305\221\345Q\244\307FV4""; previousledger: ""\336\037\263=\026\236A\324J9\261\341@\353\236\027\243\365\225\347\2315\205\014\356\333\201\232V!\026\010""; "
1750587316032,1750587316032,0,1,2,4,TMProposeSet,"proposeSeq: 0; currentTxHash: ""\000\000\000\000\000\000\000\000\000\000\000\000\000\000\000\000\000\000\000\000\000\000\000\000\000\000\000\000\000\000\000\000""; nodePubKey: ""\002\347\243J\206W\025ML\260\226\0163\217\250\337\325W\253\356*O\245Z\271\234\207C\274\375`\335\311""; closeTime: 803902516; signature: ""0D\002 R!\274W\210\036\036\032@\3064\341\005J8\017\037\215\204I\363K\327\365?O\204F\034\356\204\261\002 4\244\033DP\241\022\271c\235\3678j\007\001s\222q\347\376\014\347\357\305\221\345Q\244\307FV4""; previousledger: ""\336\037\263=\026\236A\324J9\261\341@\353\236\027\243\365\225\347\2315\205\014\356\333\201\232V!\026\010""; ","proposeSeq: 0; currentTxHash: ""\000\000\000\000\000\000\000\000\000\000\000\000\000\000\000\000\000\000\000\000\000\000\000\000\000\000\000\000\000\000\000\000""; nodePubKey: ""\002\347\243J\206W\025ML\260\226\0163\217\250\337\325W\253\356*O\245Z\271\234\207C\274\375`\335\311""; closeTime: 803902516; signature: ""0D\002 R!\274W\210\036\036\032@\3064\341\005J8\017\037\215\204I\363K\327\365?O\204F\034\356\204\261\002 4\244\033DP\241\022\271c\235\3678j\007\001s\222q\347\376\014\347\357\305\221\345Q\244\307FV4""; previousledger: ""\336\037\263=\026\236A\324J9\261\341@\353\236\027\243\365\225\347\2315\205\014\356\333\201\232V!\026\010""; "
1750587316033,1750587316033,0,1,2,3,TMProposeSet,"proposeSeq: 0; currentTxHash: ""\000\000\000\000\000\000\000\000\000\000\000\000\000\000\000\000\000\000\000\000\000\000\000\000\000\000\000\000\000\000\000\000""; nodePubKey: ""\002\347\243J\206W\025ML\260\226\0163\217\250\337\325W\253\356*O\245Z\271\234\207C\274\375`\335\311""; closeTime: 803902516; signature: ""0D\002 R!\274W\210\036\036\032@\3064\341\005J8\017\037\215\204I\363K\327\365?O\204F\034\356\204\261\002 4\244\033DP\241\022\271c\235\3678j\007\001s\222q\347\376\014\347\357\305\221\345Q\244\307FV4""; previousledger: ""\336\037\263=\026\236A\324J9\261\341@\353\236\027\243\365\225\347\2315\205\014\356\333\201\232V!\026\010""; ","proposeSeq: 0; currentTxHash: ""\000\000\000\000\000\000\000\000\000\000\000\000\000\000\000\000\000\000\000\000\000\000\000\000\000\000\000\000\000\000\000\000""; nodePubKey: ""\002\347\243J\206W\025ML\260\226\0163\217\250\337\325W\253\356*O\245Z\271\234\207C\274\375`\335\311""; closeTime: 803902516; signature: ""0D\002 R!\274W\210\036\036\032@\3064\341\005J8\017\037\215\204I\363K\327\365?O\204F\034\356\204\261\002 4\244\033DP\241\022\271c\235\3678j\007\001s\222q\347\376\014\347\357\305\221\345Q\244\307FV4""; previousledger: ""\336\037\263=\026\236A\324J9\261\341@\353\236\027\243\365\225\347\2315\205\014\356\333\201\232V!\026\010""; "
1750587316034,1750587316034,0,1,2,1,TMProposeSet,"proposeSeq: 0; currentTxHash: ""\000\000\000\000\000\000\000\000\000\000\000\000\000\000\000\000\000\000\000\000\000\000\000\000\000\000\000\000\000\000\000\000""; nodePubKey: ""\002\347\243J\206W\025ML\260\226\0163\217\250\337\325W\253\356*O\245Z\271\234\207C\274\375`\335\311""; closeTime: 803902516; signature: ""0D\002 R!\274W\210\036\036\032@\3064\341\005J8\017\037\215\204I\363K\327\365?O\204F\034\356\204\261\002 4\244\033DP\241\022\271c\235\3678j\007\001s\222q\347\376\014\347\357\305\221\345Q\244\307FV4""; previousledger: ""\336\037\263=\026\236A\324J9\261\341@\353\236\027\243\365\225\347\2315\205\014\356\333\201\232V!\026\010""; ","proposeSeq: 0; currentTxHash: ""\000\000\000\000\000\000\000\000\000\000\000\000\000\000\000\000\000\000\000\000\000\000\000\000\000\000\000\000\000\000\000\000""; nodePubKey: ""\002\347\243J\206W\025ML\260\226\0163\217\250\337\325W\253\356*O\245Z\271\234\207C\274\375`\335\311""; closeTime: 803902516; signature: ""0D\002 R!\274W\210\036\036\032@\3064\341\005J8\017\037\215\204I\363K\327\365?O\204F\034\356\204\261\002 4\244\033DP\241\022\271c\235\3678j\007\001s\222q\347\376\014\347\357\305\221\345Q\244\307FV4""; previousledger: ""\336\037\263=\026\236A\324J9\261\341@\353\236\027\243\365\225\347\2315\205\014\356\333\201\232V!\026\010""; "
1750587316021,1750587316096,0,1,0,3,TMStatusChange,"newEvent: neCLOSING_LEDGER; ledgerSeq: 17; ledgerHash: ""\336\037\263=\026\236A\324J9\261\341@\353\236\027\243\365\225\347\2315\205\014\356\333\201\232V!\026\010""; ledgerHashPrevious: ""?Z\326\257)\2439\250\272\002\370\360\022\220W 062/8s4\204\363\253&I\000m\335\025""; networkTime: 803902516; firstSeq: 9; lastSeq: 17; ","newEvent: neCLOSING_LEDGER; ledgerSeq: 17; ledgerHash: ""\336\037\263=\026\236A\324J9\261\341@\353\236\027\243\365\225\347\2315\205\014\356\333\201\232V!\026\010""; ledgerHashPrevious: ""?Z\326\257)\2439\250\272\002\370\360\022\220W 062/8s4\204\363\253&I\000m\335\025""; networkTime: 803902516; firstSeq: 9; lastSeq: 17; "
1750587316024,1750587316097,0,1,0,4,TMStatusChange,"newEvent: neCLOSING_LEDGER; ledgerSeq: 17; ledgerHash: ""\336\037\263=\026\236A\324J9\261\341@\353\236\027\243\365\225\347\2315\205\014\356\333\201\232V!\026\010""; ledgerHashPrevious: ""?Z\326\257)\2439\250\272\002\370\360\022\220W 062/8s4\204\363\253&I\000m\335\025""; networkTime: 803902516; firstSeq: 9; lastSeq: 17; ","newEvent: neCLOSING_LEDGER; ledgerSeq: 17; ledgerHash: ""\336\037\263=\026\236A\324J9\261\341@\353\236\027\243\365\225\347\2315\205\014\356\333\201\232V!\026\010""; ledgerHashPrevious: ""?Z\326\257)\2439\250\272\002\370\360\022\220W 062/8s4\204\363\253&I\000m\335\025""; networkTime: 803902516; firstSeq: 9; lastSeq: 17; "
1750587316025,1750587316097,0,1,0,1,TMStatusChange,"newEvent: neCLOSING_LEDGER; ledgerSeq: 17; ledgerHash: ""\336\037\263=\026\236A\324J9\261\341@\353\236\027\243\365\225\347\2315\205\014\356\333\201\232V!\026\010""; ledgerHashPrevious: ""?Z\326\257)\2439\250\272\002\370\360\022\220W 062/8s4\204\363\253&I\000m\335\025""; networkTime: 803902516; firstSeq: 9; lastSeq: 17; ","newEvent: neCLOSING_LEDGER; ledgerSeq: 17; ledgerHash: ""\336\037\263=\026\236A\324J9\261\341@\353\236\027\243\365\225\347\2315\205\014\356\333\201\232V!\026\010""; ledgerHashPrevious: ""?Z\326\257)\2439\250\272\002\370\360\022\220W 062/8s4\204\363\253&I\000m\335\025""; networkTime: 803902516; firstSeq: 9; lastSeq: 17; "
1750587316026,1750587316097,0,1,0,2,TMStatusChange,"newEvent: neCLOSING_LEDGER; ledgerSeq: 17; ledgerHash: ""\336\037\263=\026\236A\324J9\261\341@\353\236\027\243\365\225\347\2315\205\014\356\333\201\232V!\026\010""; ledgerHashPrevious: ""?Z\326\257)\2439\250\272\002\370\360\022\220W 062/8s4\204\363\253&I\000m\335\025""; networkTime: 803902516; firstSeq: 9; lastSeq: 17; ","newEvent: neCLOSING_LEDGER; ledgerSeq: 17; ledgerHash: ""\336\037\263=\026\236A\324J9\261\341@\353\236\027\243\365\225\347\2315\205\014\356\333\201\232V!\026\010""; ledgerHashPrevious: ""?Z\326\257)\2439\250\272\002\370\360\022\220W 062/8s4\204\363\253&I\000m\335\025""; networkTime: 803902516; firstSeq: 9; lastSeq: 17; "
1750587316302,1750587316302,0,1,2,0,TMProposeSet,"proposeSeq: 0; currentTxHash: ""\000\000\000\000\000\000\000\000\000\000\000\000\000\000\000\000\000\000\000\000\000\000\000\000\000\000\000\000\000\000\000\000""; nodePubKey: ""\003ql\302)\235\321\t\213\224\356\374%%\311\327\037\374\304\t\335\2359\344\233\035]\347<u\236\364\222""; closeTime: 803902516; signature: ""0D\002 Ag@\305]\226\375\242\233&\315\232\230*_\260\354?\215\270\;\210\317\033\213o,D\211\327\252\002 \t\001\342\177\035\017zL\204\307\326\356\213\t""\006:\304\3641\034X'\270\tY2\230\376*\316E""; previousledger: ""\336\037\263=\026\236A\324J9\261\341@\353\236\027\243\365\225\347\2315\205\014\356\333\201\232V!\026\010""; ","proposeSeq: 0; currentTxHash: ""\000\000\000\000\000\000\000\000\000\000\000\000\000\000\000\000\000\000\000\000\000\000\000\000\000\000\000\000\000\000\000\000""; nodePubKey: ""\003ql\302)\235\321\t\213\224\356\374%%\311\327\037\374\304\t\335\2359\344\233\035]\347<u\236\364\222""; closeTime: 803902516; signature: ""0D\002 Ag@\305]\226\375\242\233&\315\232\230*_\260\354?\215\270\;\210\317\033\213o,D\211\327\252\002 \t\001\342\177\035\017zL\204\307\326\356\213\t""\006:\304\3641\034X'\270\tY2\230\376*\316E""; previousledger: ""\336\037\263=\026\236A\324J9\261\341@\353\236\027\243\365\225\347\2315\205\014\356\333\201\232V!\026\010""; "
1750587316305,1750587316305,0,1,0,3,TMProposeSet,"proposeSeq: 0; currentTxHash: ""\000\000\000\000\000\000\000\000\000\000\000\000\000\000\000\000\000\000\000\000\000\000\000\000\000\000\000\000\000\000\000\000""; nodePubKey: ""\003ql\302)\235\321\t\213\224\356\374%%\311\327\037\374\304\t\335\2359\344\233\035]\347<u\236\364\222""; closeTime: 803902516; signature: ""0D\002 Ag@\305]\226\375\242\233&\315\232\230*_\260\354?\215\270\;\210\317\033\213o,D\211\327\252\002 \t\001\342\177\035\017zL\204\307\326\356\213\t""\006:\304\3641\034X'\270\tY2\230\376*\316E""; previousledger: ""\336\037\263=\026\236A\324J9\261\341@\353\236\027\243\365\225\347\2315\205\014\356\333\201\232V!\026\010""; ","proposeSeq: 0; currentTxHash: ""\000\000\000\000\000\000\000\000\000\000\000\000\000\000\000\000\000\000\000\000\000\000\000\000\000\000\000\000\000\000\000\000""; nodePubKey: ""\003ql\302)\235\321\t\213\224\356\374%%\311\327\037\374\304\t\335\2359\344\233\035]\347<u\236\364\222""; closeTime: 803902516; signature: ""0D\002 Ag@\305]\226\375\242\233&\315\232\230*_\260\354?\215\270\;\210\317\033\213o,D\211\327\252\002 \t\001\342\177\035\017zL\204\307\326\356\213\t""\006:\304\3641\034X'\270\tY2\230\376*\316E""; previousledger: ""\336\037\263=\026\236A\324J9\261\341@\353\236\027\243\365\225\347\2315\205\014\356\333\201\232V!\026\010""; "
1750587316306,1750587316306,0,1,0,4,TMProposeSet,"proposeSeq: 0; currentTxHash: ""\000\000\000\000\000\000\000\000\000\000\000\000\000\000\000\000\000\000\000\000\000\000\000\000\000\000\000\000\000\000\000\000""; nodePubKey: ""\003ql\302)\235\321\t\213\224\356\374%%\311\327\037\374\304\t\335\2359\344\233\035]\347<u\236\364\222""; closeTime: 803902516; signature: ""0D\002 Ag@\305]\226\375\242\233&\315\232\230*_\260\354?\215\270\;\210\317\033\213o,D\211\327\252\002 \t\001\342\177\035\017zL\204\307\326\356\213\t""\006:\304\3641\034X'\270\tY2\230\376*\316E""; previousledger: ""\336\037\263=\026\236A\324J9\261\341@\353\236\027\243\365\225\347\2315\205\014\356\333\201\232V!\026\010""; ","proposeSeq: 0; currentTxHash: ""\000\000\000\000\000\000\000\000\000\000\000\000\000\000\000\000\000\000\000\000\000\000\000\000\000\000\000\000\000\000\000\000""; nodePubKey: ""\003ql\302)\235\321\t\213\224\356\374%%\311\327\037\374\304\t\335\2359\344\233\035]\347<u\236\364\222""; closeTime: 803902516; signature: ""0D\002 Ag@\305]\226\375\242\233&\315\232\230*_\260\354?\215\270\;\210\317\033\213o,D\211\327\252\002 \t\001\342\177\035\017zL\204\307\326\356\213\t""\006:\304\3641\034X'\270\tY2\230\376*\316E""; previousledger: ""\336\037\263=\026\236A\324J9\261\341@\353\236\027\243\365\225\347\2315\205\014\356\333\201\232V!\026\010""; "
1750587316306,1750587316306,0,1,0,1,TMProposeSet,"proposeSeq: 0; currentTxHash: ""\000\000\000\000\000\000\000\000\000\000\000\000\000\000\000\000\000\000\000\000\000\000\000\000\000\000\000\000\000\000\000\000""; nodePubKey: ""\003ql\302)\235\321\t\213\224\356\374%%\311\327\037\374\304\t\335\2359\344\233\035]\347<u\236\364\222""; closeTime: 803902516; signature: ""0D\002 Ag@\305]\226\375\242\233&\315\232\230*_\260\354?\215\270\;\210\317\033\213o,D\211\327\252\002 \t\001\342\177\035\017zL\204\307\326\356\213\t""\006:\304\3641\034X'\270\tY2\230\376*\316E""; previousledger: ""\336\037\263=\026\236A\324J9\261\341@\353\236\027\243\365\225\347\2315\205\014\356\333\201\232V!\026\010""; ","proposeSeq: 0; currentTxHash: ""\000\000\000\000\000\000\000\000\000\000\000\000\000\000\000\000\000\000\000\000\000\000\000\000\000\000\000\000\000\000\000\000""; nodePubKey: ""\003ql\302)\235\321\t\213\224\356\374%%\311\327\037\374\304\t\335\2359\344\233\035]\347<u\236\364\222""; closeTime: 803902516; signature: ""0D\002 Ag@\305]\226\375\242\233&\315\232\230*_\260\354?\215\270\;\210\317\033\213o,D\211\327\252\002 \t\001\342\177\035\017zL\204\307\326\356\213\t""\006:\304\3641\034X'\270\tY2\230\376*\316E""; previousledger: ""\336\037\263=\026\236A\324J9\261\341@\353\236\027\243\365\225\347\2315\205\014\356\333\201\232V!\026\010""; "
1750587316307,1750587316308,0,1,3,2,TMProposeSet,"proposeSeq: 0; currentTxHash: ""\000\000\000\000\000\000\000\000\000\000\000\000\000\000\000\000\000\000\000\000\000\000\000\000\000\000\000\000\000\000\000\000""; nodePubKey: ""\003ql\302)\235\321\t\213\224\356\374%%\311\327\037\374\304\t\335\2359\344\233\035]\347<u\236\364\222""; closeTime: 803902516; signature: ""0D\002 Ag@\305]\226\375\242\233&\315\232\230*_\260\354?\215\270\;\210\317\033\213o,D\211\327\252\002 \t\001\342\177\035\017zL\204\307\326\356\213\t""\006:\304\3641\034X'\270\tY2\230\376*\316E""; previousledger: ""\336\037\263=\026\236A\324J9\261\341@\353\236\027\243\365\225\347\2315\205\014\356\333\201\232V!\026\010""; ","proposeSeq: 0; currentTxHash: ""\000\000\000\000\000\000\000\000\000\000\000\000\000\000\000\000\000\000\000\000\000\000\000\000\000\000\000\000\000\000\000\000""; nodePubKey: ""\003ql\302)\235\321\t\213\224\356\374%%\311\327\037\374\304\t\335\2359\344\233\035]\347<u\236\364\222""; closeTime: 803902516; signature: ""0D\002 Ag@\305]\226\375\242\233&\315\232\230*_\260\354?\215\270\;\210\317\033\213o,D\211\327\252\002 \t\001\342\177\035\017zL\204\307\326\356\213\t""\006:\304\3641\034X'\270\tY2\230\376*\316E""; previousledger: ""\336\037\263=\026\236A\324J9\261\341@\353\236\027\243\365\225\347\2315\205\014\356\333\201\232V!\026\010""; "
1750587316309,1750587316309,0,1,3,4,TMProposeSet,"proposeSeq: 0; currentTxHash: ""\000\000\000\000\000\000\000\000\000\000\000\000\000\000\000\000\000\000\000\000\000\000\000\000\000\000\000\000\000\000\000\000""; nodePubKey: ""\003ql\302)\235\321\t\213\224\356\374%%\311\327\037\374\304\t\335\2359\344\233\035]\347<u\236\364\222""; closeTime: 803902516; signature: ""0D\002 Ag@\305]\226\375\242\233&\315\232\230*_\260\354?\215\270\;\210\317\033\213o,D\211\327\252\002 \t\001\342\177\035\017zL\204\307\326\356\213\t""\006:\304\3641\034X'\270\tY2\230\376*\316E""; previousledger: ""\336\037\263=\026\236A\324J9\261\341@\353\236\027\243\365\225\347\2315\205\014\356\333\201\232V!\026\010""; ","proposeSeq: 0; currentTxHash: ""\000\000\000\000\000\000\000\000\000\000\000\000\000\000\000\000\000\000\000\000\000\000\000\000\000\000\000\000\000\000\000\000""; nodePubKey: ""\003ql\302)\235\321\t\213\224\356\374%%\311\327\037\374\304\t\335\2359\344\233\035]\347<u\236\364\222""; closeTime: 803902516; signature: ""0D\002 Ag@\305]\226\375\242\233&\315\232\230*_\260\354?\215\270\;\210\317\033\213o,D\211\327\252\002 \t\001\342\177\035\017zL\204\307\326\356\213\t""\006:\304\3641\034X'\270\tY2\230\376*\316E""; previousledger: ""\336\037\263=\026\236A\324J9\261\341@\353\236\027\243\365\225\347\2315\205\014\356\333\201\232V!\026\010""; "
1750587316310,1750587316310,0,1,4,2,TMProposeSet,"proposeSeq: 0; currentTxHash: ""\000\000\000\000\000\000\000\000\000\000\000\000\000\000\000\000\000\000\000\000\000\000\000\000\000\000\000\000\000\000\000\000""; nodePubKey: ""\003ql\302)\235\321\t\213\224\356\374%%\311\327\037\374\304\t\335\2359\344\233\035]\347<u\236\364\222""; closeTime: 803902516; signature: ""0D\002 Ag@\305]\226\375\242\233&\315\232\230*_\260\354?\215\270\;\210\317\033\213o,D\211\327\252\002 \t\001\342\177\035\017zL\204\307\326\356\213\t""\006:\304\3641\034X'\270\tY2\230\376*\316E""; previousledger: ""\336\037\263=\026\236A\324J9\261\341@\353\236\027\243\365\225\347\2315\205\014\356\333\201\232V!\026\010""; ","proposeSeq: 0; currentTxHash: ""\000\000\000\000\000\000\000\000\000\000\000\000\000\000\000\000\000\000\000\000\000\000\000\000\000\000\000\000\000\000\000\000""; nodePubKey: ""\003ql\302)\235\321\t\213\224\356\374%%\311\327\037\374\304\t\335\2359\344\233\035]\347<u\236\364\222""; closeTime: 803902516; signature: ""0D\002 Ag@\305]\226\375\242\233&\315\232\230*_\260\354?\215\270\;\210\317\033\213o,D\211\327\252\002 \t\001\342\177\035\017zL\204\307\326\356\213\t""\006:\304\3641\034X'\270\tY2\230\376*\316E""; previousledger: ""\336\037\263=\026\236A\324J9\261\341@\353\236\027\243\365\225\347\2315\205\014\356\333\201\232V!\026\010""; "
1750587316310,1750587316310,0,1,4,3,TMProposeSet,"proposeSeq: 0; currentTxHash: ""\000\000\000\000\000\000\000\000\000\000\000\000\000\000\000\000\000\000\000\000\000\000\000\000\000\000\000\000\000\000\000\000""; nodePubKey: ""\003ql\302)\235\321\t\213\224\356\374%%\311\327\037\374\304\t\335\2359\344\233\035]\347<u\236\364\222""; closeTime: 803902516; signature: ""0D\002 Ag@\305]\226\375\242\233&\315\232\230*_\260\354?\215\270\;\210\317\033\213o,D\211\327\252\002 \t\001\342\177\035\017zL\204\307\326\356\213\t""\006:\304\3641\034X'\270\tY2\230\376*\316E""; previousledger: ""\336\037\263=\026\236A\324J9\261\341@\353\236\027\243\365\225\347\2315\205\014\356\333\201\232V!\026\010""; ","proposeSeq: 0; currentTxHash: ""\000\000\000\000\000\000\000\000\000\000\000\000\000\000\000\000\000\000\000\000\000\000\000\000\000\000\000\000\000\000\000\000""; nodePubKey: ""\003ql\302)\235\321\t\213\224\356\374%%\311\327\037\374\304\t\335\2359\344\233\035]\347<u\236\364\222""; closeTime: 803902516; signature: ""0D\002 Ag@\305]\226\375\242\233&\315\232\230*_\260\354?\215\270\;\210\317\033\213o,D\211\327\252\002 \t\001\342\177\035\017zL\204\307\326\356\213\t""\006:\304\3641\034X'\270\tY2\230\376*\316E""; previousledger: ""\336\037\263=\026\236A\324J9\261\341@\353\236\027\243\365\225\347\2315\205\014\356\333\201\232V!\026\010""; "
1750587316309,1750587316309,0,1,4,1,TMProposeSet,"proposeSeq: 0; currentTxHash: ""\000\000\000\000\000\000\000\000\000\000\000\000\000\000\000\000\000\000\000\000\000\000\000\000\000\000\000\000\000\000\000\000""; nodePubKey: ""\003ql\302)\235\321\t\213\224\356\374%%\311\327\037\374\304\t\335\2359\344\233\035]\347<u\236\364\222""; closeTime: 803902516; signature: ""0D\002 Ag@\305]\226\375\242\233&\315\232\230*_\260\354?\215\270\;\210\317\033\213o,D\211\327\252\002 \t\001\342\177\035\017zL\204\307\326\356\213\t""\006:\304\3641\034X'\270\tY2\230\376*\316E""; previousledger: ""\336\037\263=\026\236A\324J9\261\341@\353\236\027\243\365\225\347\2315\205\014\356\333\201\232V!\026\010""; ","proposeSeq: 0; currentTxHash: ""\000\000\000\000\000\000\000\000\000\000\000\000\000\000\000\000\000\000\000\000\000\000\000\000\000\000\000\000\000\000\000\000""; nodePubKey: ""\003ql\302)\235\321\t\213\224\356\374%%\311\327\037\374\304\t\335\2359\344\233\035]\347<u\236\364\222""; closeTime: 803902516; signature: ""0D\002 Ag@\305]\226\375\242\233&\315\232\230*_\260\354?\215\270\;\210\317\033\213o,D\211\327\252\002 \t\001\342\177\035\017zL\204\307\326\356\213\t""\006:\304\3641\034X'\270\tY2\230\376*\316E""; previousledger: ""\336\037\263=\026\236A\324J9\261\341@\353\236\027\243\365\225\347\2315\205\014\356\333\201\232V!\026\010""; "
1750587316311,1750587316311,0,1,1,4,TMProposeSet,"proposeSeq: 0; currentTxHash: ""\000\000\000\000\000\000\000\000\000\000\000\000\000\000\000\000\000\000\000\000\000\000\000\000\000\000\000\000\000\000\000\000""; nodePubKey: ""\003ql\302)\235\321\t\213\224\356\374%%\311\327\037\374\304\t\335\2359\344\233\035]\347<u\236\364\222""; closeTime: 803902516; signature: ""0D\002 Ag@\305]\226\375\242\233&\315\232\230*_\260\354?\215\270\;\210\317\033\213o,D\211\327\252\002 \t\001\342\177\035\017zL\204\307\326\356\213\t""\006:\304\3641\034X'\270\tY2\230\376*\316E""; previousledger: ""\336\037\263=\026\236A\324J9\261\341@\353\236\027\243\365\225\347\2315\205\014\356\333\201\232V!\026\010""; ","proposeSeq: 0; currentTxHash: ""\000\000\000\000\000\000\000\000\000\000\000\000\000\000\000\000\000\000\000\000\000\000\000\000\000\000\000\000\000\000\000\000""; nodePubKey: ""\003ql\302)\235\321\t\213\224\356\374%%\311\327\037\374\304\t\335\2359\344\233\035]\347<u\236\364\222""; closeTime: 803902516; signature: ""0D\002 Ag@\305]\226\375\242\233&\315\232\230*_\260\354?\215\270\;\210\317\033\213o,D\211\327\252\002 \t\001\342\177\035\017zL\204\307\326\356\213\t""\006:\304\3641\034X'\270\tY2\230\376*\316E""; previousledger: ""\336\037\263=\026\236A\324J9\261\341@\353\236\027\243\365\225\347\2315\205\014\356\333\201\232V!\026\010""; "
1750587316312,1750587316312,0,1,1,2,TMProposeSet,"proposeSeq: 0; currentTxHash: ""\000\000\000\000\000\000\000\000\000\000\000\000\000\000\000\000\000\000\000\000\000\000\000\000\000\000\000\000\000\000\000\000""; nodePubKey: ""\003ql\302)\235\321\t\213\224\356\374%%\311\327\037\374\304\t\335\2359\344\233\035]\347<u\236\364\222""; closeTime: 803902516; signature: ""0D\002 Ag@\305]\226\375\242\233&\315\232\230*_\260\354?\215\270\;\210\317\033\213o,D\211\327\252\002 \t\001\342\177\035\017zL\204\307\326\356\213\t""\006:\304\3641\034X'\270\tY2\230\376*\316E""; previousledger: ""\336\037\263=\026\236A\324J9\261\341@\353\236\027\243\365\225\347\2315\205\014\356\333\201\232V!\026\010""; ","proposeSeq: 0; currentTxHash: ""\000\000\000\000\000\000\000\000\000\000\000\000\000\000\000\000\000\000\000\000\000\000\000\000\000\000\000\000\000\000\000\000""; nodePubKey: ""\003ql\302)\235\321\t\213\224\356\374%%\311\327\037\374\304\t\335\2359\344\233\035]\347<u\236\364\222""; closeTime: 803902516; signature: ""0D\002 Ag@\305]\226\375\242\233&\315\232\230*_\260\354?\215\270\;\210\317\033\213o,D\211\327\252\002 \t\001\342\177\035\017zL\204\307\326\356\213\t""\006:\304\3641\034X'\270\tY2\230\376*\316E""; previousledger: ""\336\037\263=\026\236A\324J9\261\341@\353\236\027\243\365\225\347\2315\205\014\356\333\201\232V!\026\010""; "
1750587316312,1750587316312,0,1,1,3,TMProposeSet,"proposeSeq: 0; currentTxHash: ""\000\000\000\000\000\000\000\000\000\000\000\000\000\000\000\000\000\000\000\000\000\000\000\000\000\000\000\000\000\000\000\000""; nodePubKey: ""\003ql\302)\235\321\t\213\224\356\374%%\311\327\037\374\304\t\335\2359\344\233\035]\347<u\236\364\222""; closeTime: 803902516; signature: ""0D\002 Ag@\305]\226\375\242\233&\315\232\230*_\260\354?\215\270\;\210\317\033\213o,D\211\327\252\002 \t\001\342\177\035\017zL\204\307\326\356\213\t""\006:\304\3641\034X'\270\tY2\230\376*\316E""; previousledger: ""\336\037\263=\026\236A\324J9\261\341@\353\236\027\243\365\225\347\2315\205\014\356\333\201\232V!\026\010""; ","proposeSeq: 0; currentTxHash: ""\000\000\000\000\000\000\000\000\000\000\000\000\000\000\000\000\000\000\000\000\000\000\000\000\000\000\000\000\000\000\000\000""; nodePubKey: ""\003ql\302)\235\321\t\213\224\356\374%%\311\327\037\374\304\t\335\2359\344\233\035]\347<u\236\364\222""; closeTime: 803902516; signature: ""0D\002 Ag@\305]\226\375\242\233&\315\232\230*_\260\354?\215\270\;\210\317\033\213o,D\211\327\252\002 \t\001\342\177\035\017zL\204\307\326\356\213\t""\006:\304\3641\034X'\270\tY2\230\376*\316E""; previousledger: ""\336\037\263=\026\236A\324J9\261\341@\353\236\027\243\365\225\347\2315\205\014\356\333\201\232V!\026\010""; "
1750587316312,1750587316312,0,1,3,1,TMProposeSet,"proposeSeq: 0; currentTxHash: ""\000\000\000\000\000\000\000\000\000\000\000\000\000\000\000\000\000\000\000\000\000\000\000\000\000\000\000\000\000\000\000\000""; nodePubKey: ""\003ql\302)\235\321\t\213\224\356\374%%\311\327\037\374\304\t\335\2359\344\233\035]\347<u\236\364\222""; closeTime: 803902516; signature: ""0D\002 Ag@\305]\226\375\242\233&\315\232\230*_\260\354?\215\270\;\210\317\033\213o,D\211\327\252\002 \t\001\342\177\035\017zL\204\307\326\356\213\t""\006:\304\3641\034X'\270\tY2\230\376*\316E""; previousledger: ""\336\037\263=\026\236A\324J9\261\341@\353\236\027\243\365\225\347\2315\205\014\356\333\201\232V!\026\010""; ","proposeSeq: 0; currentTxHash: ""\000\000\000\000\000\000\000\000\000\000\000\000\000\000\000\000\000\000\000\000\000\000\000\000\000\000\000\000\000\000\000\000""; nodePubKey: ""\003ql\302)\235\321\t\213\224\356\374%%\311\327\037\374\304\t\335\2359\344\233\035]\347<u\236\364\222""; closeTime: 803902516; signature: ""0D\002 Ag@\305]\226\375\242\233&\315\232\230*_\260\354?\215\270\;\210\317\033\213o,D\211\327\252\002 \t\001\342\177\035\017zL\204\307\326\356\213\t""\006:\304\3641\034X'\270\tY2\230\376*\316E""; previousledger: ""\336\037\263=\026\236A\324J9\261\341@\353\236\027\243\365\225\347\2315\205\014\356\333\201\232V!\026\010""; "
1750587316313,1750587316313,0,1,2,3,TMProposeSet,"proposeSeq: 0; currentTxHash: ""\000\000\000\000\000\000\000\000\000\000\000\000\000\000\000\000\000\000\000\000\000\000\000\000\000\000\000\000\000\000\000\000""; nodePubKey: ""\003ql\302)\235\321\t\213\224\356\374%%\311\327\037\374\304\t\335\2359\344\233\035]\347<u\236\364\222""; closeTime: 803902516; signature: ""0D\002 Ag@\305]\226\375\242\233&\315\232\230*_\260\354?\215\270\;\210\317\033\213o,D\211\327\252\002 \t\001\342\177\035\017zL\204\307\326\356\213\t""\006:\304\3641\034X'\270\tY2\230\376*\316E""; previousledger: ""\336\037\263=\026\236A\324J9\261\341@\353\236\027\243\365\225\347\2315\205\014\356\333\201\232V!\026\010""; ","proposeSeq: 0; currentTxHash: ""\000\000\000\000\000\000\000\000\000\000\000\000\000\000\000\000\000\000\000\000\000\000\000\000\000\000\000\000\000\000\000\000""; nodePubKey: ""\003ql\302)\235\321\t\213\224\356\374%%\311\327\037\374\304\t\335\2359\344\233\035]\347<u\236\364\222""; closeTime: 803902516; signature: ""0D\002 Ag@\305]\226\375\242\233&\315\232\230*_\260\354?\215\270\;\210\317\033\213o,D\211\327\252\002 \t\001\342\177\035\017zL\204\307\326\356\213\t""\006:\304\3641\034X'\270\tY2\230\376*\316E""; previousledger: ""\336\037\263=\026\236A\324J9\261\341@\353\236\027\243\365\225\347\2315\205\014\356\333\201\232V!\026\010""; "
1750587316314,1750587316314,0,1,2,4,TMProposeSet,"proposeSeq: 0; currentTxHash: ""\000\000\000\000\000\000\000\000\000\000\000\000\000\000\000\000\000\000\000\000\000\000\000\000\000\000\000\000\000\000\000\000""; nodePubKey: ""\003ql\302)\235\321\t\213\224\356\374%%\311\327\037\374\304\t\335\2359\344\233\035]\347<u\236\364\222""; closeTime: 803902516; signature: ""0D\002 Ag@\305]\226\375\242\233&\315\232\230*_\260\354?\215\270\;\210\317\033\213o,D\211\327\252\002 \t\001\342\177\035\017zL\204\307\326\356\213\t""\006:\304\3641\034X'\270\tY2\230\376*\316E""; previousledger: ""\336\037\263=\026\236A\324J9\261\341@\353\236\027\243\365\225\347\2315\205\014\356\333\201\232V!\026\010""; ","proposeSeq: 0; currentTxHash: ""\000\000\000\000\000\000\000\000\000\000\000\000\000\000\000\000\000\000\000\000\000\000\000\000\000\000\000\000\000\000\000\000""; nodePubKey: ""\003ql\302)\235\321\t\213\224\356\374%%\311\327\037\374\304\t\335\2359\344\233\035]\347<u\236\364\222""; closeTime: 803902516; signature: ""0D\002 Ag@\305]\226\375\242\233&\315\232\230*_\260\354?\215\270\;\210\317\033\213o,D\211\327\252\002 \t\001\342\177\035\017zL\204\307\326\356\213\t""\006:\304\3641\034X'\270\tY2\230\376*\316E""; previousledger: ""\336\037\263=\026\236A\324J9\261\341@\353\236\027\243\365\225\347\2315\205\014\356\333\201\232V!\026\010""; "
1750587316315,1750587316315,0,1,2,1,TMProposeSet,"proposeSeq: 0; currentTxHash: ""\000\000\000\000\000\000\000\000\000\000\000\000\000\000\000\000\000\000\000\000\000\000\000\000\000\000\000\000\000\000\000\000""; nodePubKey: ""\003ql\302)\235\321\t\213\224\356\374%%\311\327\037\374\304\t\335\2359\344\233\035]\347<u\236\364\222""; closeTime: 803902516; signature: ""0D\002 Ag@\305]\226\375\242\233&\315\232\230*_\260\354?\215\270\;\210\317\033\213o,D\211\327\252\002 \t\001\342\177\035\017zL\204\307\326\356\213\t""\006:\304\3641\034X'\270\tY2\230\376*\316E""; previousledger: ""\336\037\263=\026\236A\324J9\261\341@\353\236\027\243\365\225\347\2315\205\014\356\333\201\232V!\026\010""; ","proposeSeq: 0; currentTxHash: ""\000\000\000\000\000\000\000\000\000\000\000\000\000\000\000\000\000\000\000\000\000\000\000\000\000\000\000\000\000\000\000\000""; nodePubKey: ""\003ql\302)\235\321\t\213\224\356\374%%\311\327\037\374\304\t\335\2359\344\233\035]\347<u\236\364\222""; closeTime: 803902516; signature: ""0D\002 Ag@\305]\226\375\242\233&\315\232\230*_\260\354?\215\270\;\210\317\033\213o,D\211\327\252\002 \t\001\342\177\035\017zL\204\307\326\356\213\t""\006:\304\3641\034X'\270\tY2\230\376*\316E""; previousledger: ""\336\037\263=\026\236A\324J9\261\341@\353\236\027\243\365\225\347\2315\205\014\356\333\201\232V!\026\010""; "
1750587316301,1750587316375,0,1,2,3,TMStatusChange,"newEvent: neCLOSING_LEDGER; ledgerSeq: 17; ledgerHash: ""\336\037\263=\026\236A\324J9\261\341@\353\236\027\243\365\225\347\2315\205\014\356\333\201\232V!\026\010""; ledgerHashPrevious: ""?Z\326\257)\2439\250\272\002\370\360\022\220W 062/8s4\204\363\253&I\000m\335\025""; networkTime: 803902516; firstSeq: 1; lastSeq: 17; ","newEvent: neCLOSING_LEDGER; ledgerSeq: 17; ledgerHash: ""\336\037\263=\026\236A\324J9\261\341@\353\236\027\243\365\225\347\2315\205\014\356\333\201\232V!\026\010""; ledgerHashPrevious: ""?Z\326\257)\2439\250\272\002\370\360\022\220W 062/8s4\204\363\253&I\000m\335\025""; networkTime: 803902516; firstSeq: 1; lastSeq: 17; "
1750587316303,1750587316376,0,1,2,1,TMStatusChange,"newEvent: neCLOSING_LEDGER; ledgerSeq: 17; ledgerHash: ""\336\037\263=\026\236A\324J9\261\341@\353\236\027\243\365\225\347\2315\205\014\356\333\201\232V!\026\010""; ledgerHashPrevious: ""?Z\326\257)\2439\250\272\002\370\360\022\220W 062/8s4\204\363\253&I\000m\335\025""; networkTime: 803902516; firstSeq: 1; lastSeq: 17; ","newEvent: neCLOSING_LEDGER; ledgerSeq: 17; ledgerHash: ""\336\037\263=\026\236A\324J9\261\341@\353\236\027\243\365\225\347\2315\205\014\356\333\201\232V!\026\010""; ledgerHashPrevious: ""?Z\326\257)\2439\250\272\002\370\360\022\220W 062/8s4\204\363\253&I\000m\335\025""; networkTime: 803902516; firstSeq: 1; lastSeq: 17; "
1750587316303,1750587316376,0,1,2,0,TMStatusChange,"newEvent: neCLOSING_LEDGER; ledgerSeq: 17; ledgerHash: ""\336\037\263=\026\236A\324J9\261\341@\353\236\027\243\365\225\347\2315\205\014\356\333\201\232V!\026\010""; ledgerHashPrevious: ""?Z\326\257)\2439\250\272\002\370\360\022\220W 062/8s4\204\363\253&I\000m\335\025""; networkTime: 803902516; firstSeq: 1; lastSeq: 17; ","newEvent: neCLOSING_LEDGER; ledgerSeq: 17; ledgerHash: ""\336\037\263=\026\236A\324J9\261\341@\353\236\027\243\365\225\347\2315\205\014\356\333\201\232V!\026\010""; ledgerHashPrevious: ""?Z\326\257)\2439\250\272\002\370\360\022\220W 062/8s4\204\363\253&I\000m\335\025""; networkTime: 803902516; firstSeq: 1; lastSeq: 17; "
1750587316302,1750587316376,0,1,2,4,TMStatusChange,"newEvent: neCLOSING_LEDGER; ledgerSeq: 17; ledgerHash: ""\336\037\263=\026\236A\324J9\261\341@\353\236\027\243\365\225\347\2315\205\014\356\333\201\232V!\026\010""; ledgerHashPrevious: ""?Z\326\257)\2439\250\272\002\370\360\022\220W 062/8s4\204\363\253&I\000m\335\025""; networkTime: 803902516; firstSeq: 1; lastSeq: 17; ","newEvent: neCLOSING_LEDGER; ledgerSeq: 17; ledgerHash: ""\336\037\263=\026\236A\324J9\261\341@\353\236\027\243\365\225\347\2315\205\014\356\333\201\232V!\026\010""; ledgerHashPrevious: ""?Z\326\257)\2439\250\272\002\370\360\022\220W 062/8s4\204\363\253&I\000m\335\025""; networkTime: 803902516; firstSeq: 1; lastSeq: 17; "
1750587316772,1750587316772,0,1,4,0,TMProposeSet,"proposeSeq: 0; currentTxHash: ""\000\000\000\000\000\000\000\000\000\000\000\000\000\000\000\000\000\000\000\000\000\000\000\000\000\000\000\000\000\000\000\000""; nodePubKey: ""\003.\200\224\215?)t\306\315\242\313\251\255\302\204=\232.\271%}\013\024s\024\002@\216l""\241F""; closeTime: 803902516; signature: ""0D\002 ]\373\207\017;tX\321\223\241pLa2\310\330\006\304\223\313\324\334\354\177=\274|\360v\260\370\225\002 ~3\025m\270N9\250,\315L\267\033_\210N\341\306\232$d\266\342\247\362E\202\026Y\366\231\241""; previousledger: ""\336\037\263=\026\236A\324J9\261\341@\353\236\027\243\365\225\347\2315\205\014\356\333\201\232V!\026\010""; ","proposeSeq: 0; currentTxHash: ""\000\000\000\000\000\000\000\000\000\000\000\000\000\000\000\000\000\000\000\000\000\000\000\000\000\000\000\000\000\000\000\000""; nodePubKey: ""\003.\200\224\215?)t\306\315\242\313\251\255\302\204=\232.\271%}\013\024s\024\002@\216l""\241F""; closeTime: 803902516; signature: ""0D\002 ]\373\207\017;tX\321\223\241pLa2\310\330\006\304\223\313\324\334\354\177=\274|\360v\260\370\225\002 ~3\025m\270N9\250,\315L\267\033_\210N\341\306\232$d\266\342\247\362E\202\026Y\366\231\241""; previousledger: ""\336\037\263=\026\236A\324J9\261\341@\353\236\027\243\365\225\347\2315\205\014\356\333\201\232V!\026\010""; "
1750587316776,1750587316776,0,1,0,2,TMProposeSet,"proposeSeq: 0; currentTxHash: ""\000\000\000\000\000\000\000\000\000\000\000\000\000\000\000\000\000\000\000\000\000\000\000\000\000\000\000\000\000\000\000\000""; nodePubKey: ""\003.\200\224\215?)t\306\315\242\313\251\255\302\204=\232.\271%}\013\024s\024\002@\216l""\241F""; closeTime: 803902516; signature: ""0D\002 ]\373\207\017;tX\321\223\241pLa2\310\330\006\304\223\313\324\334\354\177=\274|\360v\260\370\225\002 ~3\025m\270N9\250,\315L\267\033_\210N\341\306\232$d\266\342\247\362E\202\026Y\366\231\241""; previousledger: ""\336\037\263=\026\236A\324J9\261\341@\353\236\027\243\365\225\347\2315\205\014\356\333\201\232V!\026\010""; ","proposeSeq: 0; currentTxHash: ""\000\000\000\000\000\000\000\000\000\000\000\000\000\000\000\000\000\000\000\000\000\000\000\000\000\000\000\000\000\000\000\000""; nodePubKey: ""\003.\200\224\215?)t\306\315\242\313\251\255\302\204=\232.\271%}\013\024s\024\002@\216l""\241F""; closeTime: 803902516; signature: ""0D\002 ]\373\207\017;tX\321\223\241pLa2\310\330\006\304\223\313\324\334\354\177=\274|\360v\260\370\225\002 ~3\025m\270N9\250,\315L\267\033_\210N\341\306\232$d\266\342\247\362E\202\026Y\366\231\241""; previousledger: ""\336\037\263=\026\236A\324J9\261\341@\353\236\027\243\365\225\347\2315\205\014\356\333\201\232V!\026\010""; "
1750587316776,1750587316776,0,1,0,1,TMProposeSet,"proposeSeq: 0; currentTxHash: ""\000\000\000\000\000\000\000\000\000\000\000\000\000\000\000\000\000\000\000\000\000\000\000\000\000\000\000\000\000\000\000\000""; nodePubKey: ""\003.\200\224\215?)t\306\315\242\313\251\255\302\204=\232.\271%}\013\024s\024\002@\216l""\241F""; closeTime: 803902516; signature: ""0D\002 ]\373\207\017;tX\321\223\241pLa2\310\330\006\304\223\313\324\334\354\177=\274|\360v\260\370\225\002 ~3\025m\270N9\250,\315L\267\033_\210N\341\306\232$d\266\342\247\362E\202\026Y\366\231\241""; previousledger: ""\336\037\263=\026\236A\324J9\261\341@\353\236\027\243\365\225\347\2315\205\014\356\333\201\232V!\026\010""; ","proposeSeq: 0; currentTxHash: ""\000\000\000\000\000\000\000\000\000\000\000\000\000\000\000\000\000\000\000\000\000\000\000\000\000\000\000\000\000\000\000\000""; nodePubKey: ""\003.\200\224\215?)t\306\315\242\313\251\255\302\204=\232.\271%}\013\024s\024\002@\216l""\241F""; closeTime: 803902516; signature: ""0D\002 ]\373\207\017;tX\321\223\241pLa2\310\330\006\304\223\313\324\334\354\177=\274|\360v\260\370\225\002 ~3\025m\270N9\250,\315L\267\033_\210N\341\306\232$d\266\342\247\362E\202\026Y\366\231\241""; previousledger: ""\336\037\263=\026\236A\324J9\261\341@\353\236\027\243\365\225\347\2315\205\014\356\333\201\232V!\026\010""; "
1750587316776,1750587316777,0,1,0,3,TMProposeSet,"proposeSeq: 0; currentTxHash: ""\000\000\000\000\000\000\000\000\000\000\000\000\000\000\000\000\000\000\000\000\000\000\000\000\000\000\000\000\000\000\000\000""; nodePubKey: ""\003.\200\224\215?)t\306\315\242\313\251\255\302\204=\232.\271%}\013\024s\024\002@\216l""\241F""; closeTime: 803902516; signature: ""0D\002 ]\373\207\017;tX\321\223\241pLa2\310\330\006\304\223\313\324\334\354\177=\274|\360v\260\370\225\002 ~3\025m\270N9\250,\315L\267\033_\210N\341\306\232$d\266\342\247\362E\202\026Y\366\231\241""; previousledger: ""\336\037\263=\026\236A\324J9\261\341@\353\236\027\243\365\225\347\2315\205\014\356\333\201\232V!\026\010""; ","proposeSeq: 0; currentTxHash: ""\000\000\000\000\000\000\000\000\000\000\000\000\000\000\000\000\000\000\000\000\000\000\000\000\000\000\000\000\000\000\000\000""; nodePubKey: ""\003.\200\224\215?)t\306\315\242\313\251\255\302\204=\232.\271%}\013\024s\024\002@\216l""\241F""; closeTime: 803902516; signature: ""0D\002 ]\373\207\017;tX\321\223\241pLa2\310\330\006\304\223\313\324\334\354\177=\274|\360v\260\370\225\002 ~3\025m\270N9\250,\315L\267\033_\210N\341\306\232$d\266\342\247\362E\202\026Y\366\231\241""; previousledger: ""\336\037\263=\026\236A\324J9\261\341@\353\236\027\243\365\225\347\2315\205\014\356\333\201\232V!\026\010""; "
1750587316779,1750587316779,0,1,2,4,TMProposeSet,"proposeSeq: 0; currentTxHash: ""\000\000\000\000\000\000\000\000\000\000\000\000\000\000\000\000\000\000\000\000\000\000\000\000\000\000\000\000\000\000\000\000""; nodePubKey: ""\003.\200\224\215?)t\306\315\242\313\251\255\302\204=\232.\271%}\013\024s\024\002@\216l""\241F""; closeTime: 803902516; signature: ""0D\002 ]\373\207\017;tX\321\223\241pLa2\310\330\006\304\223\313\324\334\354\177=\274|\360v\260\370\225\002 ~3\025m\270N9\250,\315L\267\033_\210N\341\306\232$d\266\342\247\362E\202\026Y\366\231\241""; previousledger: ""\336\037\263=\026\236A\324J9\261\341@\353\236\027\243\365\225\347\2315\205\014\356\333\201\232V!\026\010""; ","proposeSeq: 0; currentTxHash: ""\000\000\000\000\000\000\000\000\000\000\000\000\000\000\000\000\000\000\000\000\000\000\000\000\000\000\000\000\000\000\000\000""; nodePubKey: ""\003.\200\224\215?)t\306\315\242\313\251\255\302\204=\232.\271%}\013\024s\024\002@\216l""\241F""; closeTime: 803902516; signature: ""0D\002 ]\373\207\017;tX\321\223\241pLa2\310\330\006\304\223\313\324\334\354\177=\274|\360v\260\370\225\002 ~3\025m\270N9\250,\315L\267\033_\210N\341\306\232$d\266\342\247\362E\202\026Y\366\231\241""; previousledger: ""\336\037\263=\026\236A\324J9\261\341@\353\236\027\243\365\225\347\2315\205\014\356\333\201\232V!\026\010""; "
1750587316780,1750587316780,0,1,2,3,TMProposeSet,"proposeSeq: 0; currentTxHash: ""\000\000\000\000\000\000\000\000\000\000\000\000\000\000\000\000\000\000\000\000\000\000\000\000\000\000\000\000\000\000\000\000""; nodePubKey: ""\003.\200\224\215?)t\306\315\242\313\251\255\302\204=\232.\271%}\013\024s\024\002@\216l""\241F""; closeTime: 803902516; signature: ""0D\002 ]\373\207\017;tX\321\223\241pLa2\310\330\006\304\223\313\324\334\354\177=\274|\360v\260\370\225\002 ~3\025m\270N9\250,\315L\267\033_\210N\341\306\232$d\266\342\247\362E\202\026Y\366\231\241""; previousledger: ""\336\037\263=\026\236A\324J9\261\341@\353\236\027\243\365\225\347\2315\205\014\356\333\201\232V!\026\010""; ","proposeSeq: 0; currentTxHash: ""\000\000\000\000\000\000\000\000\000\000\000\000\000\000\000\000\000\000\000\000\000\000\000\000\000\000\000\000\000\000\000\000""; nodePubKey: ""\003.\200\224\215?)t\306\315\242\313\251\255\302\204=\232.\271%}\013\024s\024\002@\216l""\241F""; closeTime: 803902516; signature: ""0D\002 ]\373\207\017;tX\321\223\241pLa2\310\330\006\304\223\313\324\334\354\177=\274|\360v\260\370\225\002 ~3\025m\270N9\250,\315L\267\033_\210N\341\306\232$d\266\342\247\362E\202\026Y\366\231\241""; previousledger: ""\336\037\263=\026\236A\324J9\261\341@\353\236\027\243\365\225\347\2315\205\014\356\333\201\232V!\026\010""; "
1750587316780,1750587316780,0,1,2,1,TMProposeSet,"proposeSeq: 0; currentTxHash: ""\000\000\000\000\000\000\000\000\000\000\000\000\000\000\000\000\000\000\000\000\000\000\000\000\000\000\000\000\000\000\000\000""; nodePubKey: ""\003.\200\224\215?)t\306\315\242\313\251\255\302\204=\232.\271%}\013\024s\024\002@\216l""\241F""; closeTime: 803902516; signature: ""0D\002 ]\373\207\017;tX\321\223\241pLa2\310\330\006\304\223\313\324\334\354\177=\274|\360v\260\370\225\002 ~3\025m\270N9\250,\315L\267\033_\210N\341\306\232$d\266\342\247\362E\202\026Y\366\231\241""; previousledger: ""\336\037\263=\026\236A\324J9\261\341@\353\236\027\243\365\225\347\2315\205\014\356\333\201\232V!\026\010""; ","proposeSeq: 0; currentTxHash: ""\000\000\000\000\000\000\000\000\000\000\000\000\000\000\000\000\000\000\000\000\000\000\000\000\000\000\000\000\000\000\000\000""; nodePubKey: ""\003.\200\224\215?)t\306\315\242\313\251\255\302\204=\232.\271%}\013\024s\024\002@\216l""\241F""; closeTime: 803902516; signature: ""0D\002 ]\373\207\017;tX\321\223\241pLa2\310\330\006\304\223\313\324\334\354\177=\274|\360v\260\370\225\002 ~3\025m\270N9\250,\315L\267\033_\210N\341\306\232$d\266\342\247\362E\202\026Y\366\231\241""; previousledger: ""\336\037\263=\026\236A\324J9\261\341@\353\236\027\243\365\225\347\2315\205\014\356\333\201\232V!\026\010""; "
1750587316781,1750587316781,0,1,1,4,TMProposeSet,"proposeSeq: 0; currentTxHash: ""\000\000\000\000\000\000\000\000\000\000\000\000\000\000\000\000\000\000\000\000\000\000\000\000\000\000\000\000\000\000\000\000""; nodePubKey: ""\003.\200\224\215?)t\306\315\242\313\251\255\302\204=\232.\271%}\013\024s\024\002@\216l""\241F""; closeTime: 803902516; signature: ""0D\002 ]\373\207\017;tX\321\223\241pLa2\310\330\006\304\223\313\324\334\354\177=\274|\360v\260\370\225\002 ~3\025m\270N9\250,\315L\267\033_\210N\341\306\232$d\266\342\247\362E\202\026Y\366\231\241""; previousledger: ""\336\037\263=\026\236A\324J9\261\341@\353\236\027\243\365\225\347\2315\205\014\356\333\201\232V!\026\010""; ","proposeSeq: 0; currentTxHash: ""\000\000\000\000\000\000\000\000\000\000\000\000\000\000\000\000\000\000\000\000\000\000\000\000\000\000\000\000\000\000\000\000""; nodePubKey: ""\003.\200\224\215?)t\306\315\242\313\251\255\302\204=\232.\271%}\013\024s\024\002@\216l""\241F""; closeTime: 803902516; signature: ""0D\002 ]\373\207\017;tX\321\223\241pLa2\310\330\006\304\223\313\324\334\354\177=\274|\360v\260\370\225\002 ~3\025m\270N9\250,\315L\267\033_\210N\341\306\232$d\266\342\247\362E\202\026Y\366\231\241""; previousledger: ""\336\037\263=\026\236A\324J9\261\341@\353\236\027\243\365\225\347\2315\205\014\356\333\201\232V!\026\010""; "
1750587316781,1750587316781,0,1,1,2,TMProposeSet,"proposeSeq: 0; currentTxHash: ""\000\000\000\000\000\000\000\000\000\000\000\000\000\000\000\000\000\000\000\000\000\000\000\000\000\000\000\000\000\000\000\000""; nodePubKey: ""\003.\200\224\215?)t\306\315\242\313\251\255\302\204=\232.\271%}\013\024s\024\002@\216l""\241F""; closeTime: 803902516; signature: ""0D\002 ]\373\207\017;tX\321\223\241pLa2\310\330\006\304\223\313\324\334\354\177=\274|\360v\260\370\225\002 ~3\025m\270N9\250,\315L\267\033_\210N\341\306\232$d\266\342\247\362E\202\026Y\366\231\241""; previousledger: ""\336\037\263=\026\236A\324J9\261\341@\353\236\027\243\365\225\347\2315\205\014\356\333\201\232V!\026\010""; ","proposeSeq: 0; currentTxHash: ""\000\000\000\000\000\000\000\000\000\000\000\000\000\000\000\000\000\000\000\000\000\000\000\000\000\000\000\000\000\000\000\000""; nodePubKey: ""\003.\200\224\215?)t\306\315\242\313\251\255\302\204=\232.\271%}\013\024s\024\002@\216l""\241F""; closeTime: 803902516; signature: ""0D\002 ]\373\207\017;tX\321\223\241pLa2\310\330\006\304\223\313\324\334\354\177=\274|\360v\260\370\225\002 ~3\025m\270N9\250,\315L\267\033_\210N\341\306\232$d\266\342\247\362E\202\026Y\366\231\241""; previousledger: ""\336\037\263=\026\236A\324J9\261\341@\353\236\027\243\365\225\347\2315\205\014\356\333\201\232V!\026\010""; "
1750587316782,1750587316782,0,1,1,3,TMProposeSet,"proposeSeq: 0; currentTxHash: ""\000\000\000\000\000\000\000\000\000\000\000\000\000\000\000\000\000\000\000\000\000\000\000\000\000\000\000\000\000\000\000\000""; nodePubKey: ""\003.\200\224\215?)t\306\315\242\313\251\255\302\204=\232.\271%}\013\024s\024\002@\216l""\241F""; closeTime: 803902516; signature: ""0D\002 ]\373\207\017;tX\321\223\241pLa2\310\330\006\304\223\313\324\334\354\177=\274|\360v\260\370\225\002 ~3\025m\270N9\250,\315L\267\033_\210N\341\306\232$d\266\342\247\362E\202\026Y\366\231\241""; previousledger: ""\336\037\263=\026\236A\324J9\261\341@\353\236\027\243\365\225\347\2315\205\014\356\333\201\232V!\026\010""; ","proposeSeq: 0; currentTxHash: ""\000\000\000\000\000\000\000\000\000\000\000\000\000\000\000\000\000\000\000\000\000\000\000\000\000\000\000\000\000\000\000\000""; nodePubKey: ""\003.\200\224\215?)t\306\315\242\313\251\255\302\204=\232.\271%}\013\024s\024\002@\216l""\241F""; closeTime: 803902516; signature: ""0D\002 ]\373\207\017;tX\321\223\241pLa2\310\330\006\304\223\313\324\334\354\177=\274|\360v\260\370\225\002 ~3\025m\270N9\250,\315L\267\033_\210N\341\306\232$d\266\342\247\362E\202\026Y\366\231\241""; previousledger: ""\336\037\263=\026\236A\324J9\261\341@\353\236\027\243\365\225\347\2315\205\014\356\333\201\232V!\026\010""; "
1750587316782,1750587316782,0,1,3,4,TMProposeSet,"proposeSeq: 0; currentTxHash: ""\000\000\000\000\000\000\000\000\000\000\000\000\000\000\000\000\000\000\000\000\000\000\000\000\000\000\000\000\000\000\000\000""; nodePubKey: ""\003.\200\224\215?)t\306\315\242\313\251\255\302\204=\232.\271%}\013\024s\024\002@\216l""\241F""; closeTime: 803902516; signature: ""0D\002 ]\373\207\017;tX\321\223\241pLa2\310\330\006\304\223\313\324\334\354\177=\274|\360v\260\370\225\002 ~3\025m\270N9\250,\315L\267\033_\210N\341\306\232$d\266\342\247\362E\202\026Y\366\231\241""; previousledger: ""\336\037\263=\026\236A\324J9\261\341@\353\236\027\243\365\225\347\2315\205\014\356\333\201\232V!\026\010""; ","proposeSeq: 0; currentTxHash: ""\000\000\000\000\000\000\000\000\000\000\000\000\000\000\000\000\000\000\000\000\000\000\000\000\000\000\000\000\000\000\000\000""; nodePubKey: ""\003.\200\224\215?)t\306\315\242\313\251\255\302\204=\232.\271%}\013\024s\024\002@\216l""\241F""; closeTime: 803902516; signature: ""0D\002 ]\373\207\017;tX\321\223\241pLa2\310\330\006\304\223\313\324\334\354\177=\274|\360v\260\370\225\002 ~3\025m\270N9\250,\315L\267\033_\210N\341\306\232$d\266\342\247\362E\202\026Y\366\231\241""; previousledger: ""\336\037\263=\026\236A\324J9\261\341@\353\236\027\243\365\225\347\2315\205\014\356\333\201\232V!\026\010""; "
1750587316783,1750587316783,0,1,3,1,TMProposeSet,"proposeSeq: 0; currentTxHash: ""\000\000\000\000\000\000\000\000\000\000\000\000\000\000\000\000\000\000\000\000\000\000\000\000\000\000\000\000\000\000\000\000""; nodePubKey: ""\003.\200\224\215?)t\306\315\242\313\251\255\302\204=\232.\271%}\013\024s\024\002@\216l""\241F""; closeTime: 803902516; signature: ""0D\002 ]\373\207\017;tX\321\223\241pLa2\310\330\006\304\223\313\324\334\354\177=\274|\360v\260\370\225\002 ~3\025m\270N9\250,\315L\267\033_\210N\341\306\232$d\266\342\247\362E\202\026Y\366\231\241""; previousledger: ""\336\037\263=\026\236A\324J9\261\341@\353\236\027\243\365\225\347\2315\205\014\356\333\201\232V!\026\010""; ","proposeSeq: 0; currentTxHash: ""\000\000\000\000\000\000\000\000\000\000\000\000\000\000\000\000\000\000\000\000\000\000\000\000\000\000\000\000\000\000\000\000""; nodePubKey: ""\003.\200\224\215?)t\306\315\242\313\251\255\302\204=\232.\271%}\013\024s\024\002@\216l""\241F""; closeTime: 803902516; signature: ""0D\002 ]\373\207\017;tX\321\223\241pLa2\310\330\006\304\223\313\324\334\354\177=\274|\360v\260\370\225\002 ~3\025m\270N9\250,\315L\267\033_\210N\341\306\232$d\266\342\247\362E\202\026Y\366\231\241""; previousledger: ""\336\037\263=\026\236A\324J9\261\341@\353\236\027\243\365\225\347\2315\205\014\356\333\201\232V!\026\010""; "
1750587316784,1750587316784,0,1,3,2,TMProposeSet,"proposeSeq: 0; currentTxHash: ""\000\000\000\000\000\000\000\000\000\000\000\000\000\000\000\000\000\000\000\000\000\000\000\000\000\000\000\000\000\000\000\000""; nodePubKey: ""\003.\200\224\215?)t\306\315\242\313\251\255\302\204=\232.\271%}\013\024s\024\002@\216l""\241F""; closeTime: 803902516; signature: ""0D\002 ]\373\207\017;tX\321\223\241pLa2\310\330\006\304\223\313\324\334\354\177=\274|\360v\260\370\225\002 ~3\025m\270N9\250,\315L\267\033_\210N\341\306\232$d\266\342\247\362E\202\026Y\366\231\241""; previousledger: ""\336\037\263=\026\236A\324J9\261\341@\353\236\027\243\365\225\347\2315\205\014\356\333\201\232V!\026\010""; ","proposeSeq: 0; currentTxHash: ""\000\000\000\000\000\000\000\000\000\000\000\000\000\000\000\000\000\000\000\000\000\000\000\000\000\000\000\000\000\000\000\000""; nodePubKey: ""\003.\200\224\215?)t\306\315\242\313\251\255\302\204=\232.\271%}\013\024s\024\002@\216l""\241F""; closeTime: 803902516; signature: ""0D\002 ]\373\207\017;tX\321\223\241pLa2\310\330\006\304\223\313\324\334\354\177=\274|\360v\260\370\225\002 ~3\025m\270N9\250,\315L\267\033_\210N\341\306\232$d\266\342\247\362E\202\026Y\366\231\241""; previousledger: ""\336\037\263=\026\236A\324J9\261\341@\353\236\027\243\365\225\347\2315\205\014\356\333\201\232V!\026\010""; "
1750587316784,1750587316784,0,1,4,2,TMProposeSet,"proposeSeq: 0; currentTxHash: ""\000\000\000\000\000\000\000\000\000\000\000\000\000\000\000\000\000\000\000\000\000\000\000\000\000\000\000\000\000\000\000\000""; nodePubKey: ""\003.\200\224\215?)t\306\315\242\313\251\255\302\204=\232.\271%}\013\024s\024\002@\216l""\241F""; closeTime: 803902516; signature: ""0D\002 ]\373\207\017;tX\321\223\241pLa2\310\330\006\304\223\313\324\334\354\177=\274|\360v\260\370\225\002 ~3\025m\270N9\250,\315L\267\033_\210N\341\306\232$d\266\342\247\362E\202\026Y\366\231\241""; previousledger: ""\336\037\263=\026\236A\324J9\261\341@\353\236\027\243\365\225\347\2315\205\014\356\333\201\232V!\026\010""; ","proposeSeq: 0; currentTxHash: ""\000\000\000\000\000\000\000\000\000\000\000\000\000\000\000\000\000\000\000\000\000\000\000\000\000\000\000\000\000\000\000\000""; nodePubKey: ""\003.\200\224\215?)t\306\315\242\313\251\255\302\204=\232.\271%}\013\024s\024\002@\216l""\241F""; closeTime: 803902516; signature: ""0D\002 ]\373\207\017;tX\321\223\241pLa2\310\330\006\304\223\313\324\334\354\177=\274|\360v\260\370\225\002 ~3\025m\270N9\250,\315L\267\033_\210N\341\306\232$d\266\342\247\362E\202\026Y\366\231\241""; previousledger: ""\336\037\263=\026\236A\324J9\261\341@\353\236\027\243\365\225\347\2315\205\014\356\333\201\232V!\026\010""; "
1750587316785,1750587316785,0,1,4,1,TMProposeSet,"proposeSeq: 0; currentTxHash: ""\000\000\000\000\000\000\000\000\000\000\000\000\000\000\000\000\000\000\000\000\000\000\000\000\000\000\000\000\000\000\000\000""; nodePubKey: ""\003.\200\224\215?)t\306\315\242\313\251\255\302\204=\232.\271%}\013\024s\024\002@\216l""\241F""; closeTime: 803902516; signature: ""0D\002 ]\373\207\017;tX\321\223\241pLa2\310\330\006\304\223\313\324\334\354\177=\274|\360v\260\370\225\002 ~3\025m\270N9\250,\315L\267\033_\210N\341\306\232$d\266\342\247\362E\202\026Y\366\231\241""; previousledger: ""\336\037\263=\026\236A\324J9\261\341@\353\236\027\243\365\225\347\2315\205\014\356\333\201\232V!\026\010""; ","proposeSeq: 0; currentTxHash: ""\000\000\000\000\000\000\000\000\000\000\000\000\000\000\000\000\000\000\000\000\000\000\000\000\000\000\000\000\000\000\000\000""; nodePubKey: ""\003.\200\224\215?)t\306\315\242\313\251\255\302\204=\232.\271%}\013\024s\024\002@\216l""\241F""; closeTime: 803902516; signature: ""0D\002 ]\373\207\017;tX\321\223\241pLa2\310\330\006\304\223\313\324\334\354\177=\274|\360v\260\370\225\002 ~3\025m\270N9\250,\315L\267\033_\210N\341\306\232$d\266\342\247\362E\202\026Y\366\231\241""; previousledger: ""\336\037\263=\026\236A\324J9\261\341@\353\236\027\243\365\225\347\2315\205\014\356\333\201\232V!\026\010""; "
1750587316787,1750587316787,0,1,4,3,TMProposeSet,"proposeSeq: 0; currentTxHash: ""\000\000\000\000\000\000\000\000\000\000\000\000\000\000\000\000\000\000\000\000\000\000\000\000\000\000\000\000\000\000\000\000""; nodePubKey: ""\003.\200\224\215?)t\306\315\242\313\251\255\302\204=\232.\271%}\013\024s\024\002@\216l""\241F""; closeTime: 803902516; signature: ""0D\002 ]\373\207\017;tX\321\223\241pLa2\310\330\006\304\223\313\324\334\354\177=\274|\360v\260\370\225\002 ~3\025m\270N9\250,\315L\267\033_\210N\341\306\232$d\266\342\247\362E\202\026Y\366\231\241""; previousledger: ""\336\037\263=\026\236A\324J9\261\341@\353\236\027\243\365\225\347\2315\205\014\356\333\201\232V!\026\010""; ","proposeSeq: 0; currentTxHash: ""\000\000\000\000\000\000\000\000\000\000\000\000\000\000\000\000\000\000\000\000\000\000\000\000\000\000\000\000\000\000\000\000""; nodePubKey: ""\003.\200\224\215?)t\306\315\242\313\251\255\302\204=\232.\271%}\013\024s\024\002@\216l""\241F""; closeTime: 803902516; signature: ""0D\002 ]\373\207\017;tX\321\223\241pLa2\310\330\006\304\223\313\324\334\354\177=\274|\360v\260\370\225\002 ~3\025m\270N9\250,\315L\267\033_\210N\341\306\232$d\266\342\247\362E\202\026Y\366\231\241""; previousledger: ""\336\037\263=\026\236A\324J9\261\341@\353\236\027\243\365\225\347\2315\205\014\356\333\201\232V!\026\010""; "
1750587316771,1750587316848,0,1,4,3,TMStatusChange,"newEvent: neCLOSING_LEDGER; ledgerSeq: 17; ledgerHash: ""\336\037\263=\026\236A\324J9\261\341@\353\236\027\243\365\225\347\2315\205\014\356\333\201\232V!\026\010""; ledgerHashPrevious: ""?Z\326\257)\2439\250\272\002\370\360\022\220W 062/8s4\204\363\253&I\000m\335\025""; networkTime: 803902516; firstSeq: 1; lastSeq: 17; ","newEvent: neCLOSING_LEDGER; ledgerSeq: 17; ledgerHash: ""\336\037\263=\026\236A\324J9\261\341@\353\236\027\243\365\225\347\2315\205\014\356\333\201\232V!\026\010""; ledgerHashPrevious: ""?Z\326\257)\2439\250\272\002\370\360\022\220W 062/8s4\204\363\253&I\000m\335\025""; networkTime: 803902516; firstSeq: 1; lastSeq: 17; "
1750587316772,1750587316848,0,1,4,1,TMStatusChange,"newEvent: neCLOSING_LEDGER; ledgerSeq: 17; ledgerHash: ""\336\037\263=\026\236A\324J9\261\341@\353\236\027\243\365\225\347\2315\205\014\356\333\201\232V!\026\010""; ledgerHashPrevious: ""?Z\326\257)\2439\250\272\002\370\360\022\220W 062/8s4\204\363\253&I\000m\335\025""; networkTime: 803902516; firstSeq: 1; lastSeq: 17; ","newEvent: neCLOSING_LEDGER; ledgerSeq: 17; ledgerHash: ""\336\037\263=\026\236A\324J9\261\341@\353\236\027\243\365\225\347\2315\205\014\356\333\201\232V!\026\010""; ledgerHashPrevious: ""?Z\326\257)\2439\250\272\002\370\360\022\220W 062/8s4\204\363\253&I\000m\335\025""; networkTime: 803902516; firstSeq: 1; lastSeq: 17; "
1750587316773,1750587316848,0,1,4,2,TMStatusChange,"newEvent: neCLOSING_LEDGER; ledgerSeq: 17; ledgerHash: ""\336\037\263=\026\236A\324J9\261\341@\353\236\027\243\365\225\347\2315\205\014\356\333\201\232V!\026\010""; ledgerHashPrevious: ""?Z\326\257)\2439\250\272\002\370\360\022\220W 062/8s4\204\363\253&I\000m\335\025""; networkTime: 803902516; firstSeq: 1; lastSeq: 17; ","newEvent: neCLOSING_LEDGER; ledgerSeq: 17; ledgerHash: ""\336\037\263=\026\236A\324J9\261\341@\353\236\027\243\365\225\347\2315\205\014\356\333\201\232V!\026\010""; ledgerHashPrevious: ""?Z\326\257)\2439\250\272\002\370\360\022\220W 062/8s4\204\363\253&I\000m\335\025""; networkTime: 803902516; firstSeq: 1; lastSeq: 17; "
1750587316774,1750587316849,0,1,4,0,TMStatusChange,"newEvent: neCLOSING_LEDGER; ledgerSeq: 17; ledgerHash: ""\336\037\263=\026\236A\324J9\261\341@\353\236\027\243\365\225\347\2315\205\014\356\333\201\232V!\026\010""; ledgerHashPrevious: ""?Z\326\257)\2439\250\272\002\370\360\022\220W 062/8s4\204\363\253&I\000m\335\025""; networkTime: 803902516; firstSeq: 1; lastSeq: 17; ","newEvent: neCLOSING_LEDGER; ledgerSeq: 17; ledgerHash: ""\336\037\263=\026\236A\324J9\261\341@\353\236\027\243\365\225\347\2315\205\014\356\333\201\232V!\026\010""; ledgerHashPrevious: ""?Z\326\257)\2439\250\272\002\370\360\022\220W 062/8s4\204\363\253&I\000m\335\025""; networkTime: 803902516; firstSeq: 1; lastSeq: 17; "
1750587317466,1750587317467,0,1,1,3,TMStatusChange,"newEvent: neACCEPTED_LEDGER; ledgerSeq: 18; ledgerHash: ""\025{\341\203\016\355Wm\222\t\022+\207\321\343}^\317s\206\320\316\221\322\t\214\257\211\366S\177\277""; ledgerHashPrevious: ""\336\037\263=\026\236A\324J9\261\341@\353\236\027\243\365\225\347\2315\205\014\356\333\201\232V!\026\010""; networkTime: 803902517; firstSeq: 1; lastSeq: 17; ","newEvent: neACCEPTED_LEDGER; ledgerSeq: 18; ledgerHash: ""\025{\341\203\016\355Wm\222\t\022+\207\321\343}^\317s\206\320\316\221\322\t\214\257\211\366S\177\277""; ledgerHashPrevious: ""\336\037\263=\026\236A\324J9\261\341@\353\236\027\243\365\225\347\2315\205\014\356\333\201\232V!\026\010""; networkTime: 803902517; firstSeq: 1; lastSeq: 17; "
1750587317467,1750587317467,0,1,1,4,TMStatusChange,"newEvent: neACCEPTED_LEDGER; ledgerSeq: 18; ledgerHash: ""\025{\341\203\016\355Wm\222\t\022+\207\321\343}^\317s\206\320\316\221\322\t\214\257\211\366S\177\277""; ledgerHashPrevious: ""\336\037\263=\026\236A\324J9\261\341@\353\236\027\243\365\225\347\2315\205\014\356\333\201\232V!\026\010""; networkTime: 803902517; firstSeq: 1; lastSeq: 17; ","newEvent: neACCEPTED_LEDGER; ledgerSeq: 18; ledgerHash: ""\025{\341\203\016\355Wm\222\t\022+\207\321\343}^\317s\206\320\316\221\322\t\214\257\211\366S\177\277""; ledgerHashPrevious: ""\336\037\263=\026\236A\324J9\261\341@\353\236\027\243\365\225\347\2315\205\014\356\333\201\232V!\026\010""; networkTime: 803902517; firstSeq: 1; lastSeq: 17; "
1750587317467,1750587317467,0,1,1,0,TMValidation,"validation: """"\200\000\000\001&\000\000\000\022)/\352\2245:?HT\314/\177\320^Q\025{\341\203\016\355Wm\222\t\022+\207\321\343}^\317s\206\320\316\221\322\t\214\257\211\366S\177\277P\027\000\000\000\000\000\000\000\000\000\000\000\000\000\000\000\000\000\000\000\000\000\000\000\000\000\000\000\000\000\000\000\000P\031\336\037\263=\026\236A\324J9\261\341@\353\236\027\243\365\225\347\2315\205\014\356\333\201\232V!\026\010s!\003\343\005\311u\203\370\0338\3174\324\010\006\301\251\177\261\304eOX\262)FA-\022r\263wm\024vF0D\002 ,+\346\330Y\0012-;\377>s\301\000PCr\256\303lR\2\200\017\365""\244\333\215\366\304\002 \014?\344\031\010\246\317k\255\037\330\351\001F\2547\037\307#\233\276?\377\326\353-ci\022d\253p""; ","validation: """"\200\000\000\001&\000\000\000\022)/\352\2245:?HT\314/\177\320^Q\025{\341\203\016\355Wm\222\t\022+\207\321\343}^\317s\206\320\316\221\322\t\214\257\211\366S\177\277P\027\000\000\000\000\000\000\000\000\000\000\000\000\000\000\000\000\000\000\000\000\000\000\000\000\000\000\000\000\000\000\000\000P\031\336\037\263=\026\236A\324J9\261\341@\353\236\027\243\365\225\347\2315\205\014\356\333\201\232V!\026\010s!\003\343\005\311u\203\370\0338\3174\324\010\006\301\251\177\261\304eOX\262)FA-\022r\263wm\024vF0D\002 ,+\346\330Y\0012-;\377>s\301\000PCr\256\303lR\2\200\017\365""\244\333\215\366\304\002 \014?\344\031\010\246\317k\255\037\330\351\001F\2547\037\307#\233\276?\377\326\353-ci\022d\253p""; "
1750587317469,1750587317469,0,1,1,0,TMStatusChange,"newEvent: neACCEPTED_LEDGER; ledgerSeq: 18; ledgerHash: ""\025{\341\203\016\355Wm\222\t\022+\207\321\343}^\317s\206\320\316\221\322\t\214\257\211\366S\177\277""; ledgerHashPrevious: ""\336\037\263=\026\236A\324J9\261\341@\353\236\027\243\365\225\347\2315\205\014\356\333\201\232V!\026\010""; networkTime: 803902517; firstSeq: 1; lastSeq: 17; ","newEvent: neACCEPTED_LEDGER; ledgerSeq: 18; ledgerHash: ""\025{\341\203\016\355Wm\222\t\022+\207\321\343}^\317s\206\320\316\221\322\t\214\257\211\366S\177\277""; ledgerHashPrevious: ""\336\037\263=\026\236A\324J9\261\341@\353\236\027\243\365\225\347\2315\205\014\356\333\201\232V!\026\010""; networkTime: 803902517; firstSeq: 1; lastSeq: 17; "
1750587317469,1750587317469,0,1,1,2,TMStatusChange,"newEvent: neACCEPTED_LEDGER; ledgerSeq: 18; ledgerHash: ""\025{\341\203\016\355Wm\222\t\022+\207\321\343}^\317s\206\320\316\221\322\t\214\257\211\366S\177\277""; ledgerHashPrevious: ""\336\037\263=\026\236A\324J9\261\341@\353\236\027\243\365\225\347\2315\205\014\356\333\201\232V!\026\010""; networkTime: 803902517; firstSeq: 1; lastSeq: 17; ","newEvent: neACCEPTED_LEDGER; ledgerSeq: 18; ledgerHash: ""\025{\341\203\016\355Wm\222\t\022+\207\321\343}^\317s\206\320\316\221\322\t\214\257\211\366S\177\277""; ledgerHashPrevious: ""\336\037\263=\026\236A\324J9\261\341@\353\236\027\243\365\225\347\2315\205\014\356\333\201\232V!\026\010""; networkTime: 803902517; firstSeq: 1; lastSeq: 17; "
1750587317471,1750587317471,0,1,0,4,TMValidation,"validation: """"\200\000\000\001&\000\000\000\022)/\352\2245:?HT\314/\177\320^Q\025{\341\203\016\355Wm\222\t\022+\207\321\343}^\317s\206\320\316\221\322\t\214\257\211\366S\177\277P\027\000\000\000\000\000\000\000\000\000\000\000\000\000\000\000\000\000\000\000\000\000\000\000\000\000\000\000\000\000\000\000\000P\031\336\037\263=\026\236A\324J9\261\341@\353\236\027\243\365\225\347\2315\205\014\356\333\201\232V!\026\010s!\003\343\005\311u\203\370\0338\3174\324\010\006\301\251\177\261\304eOX\262)FA-\022r\263wm\024vF0D\002 ,+\346\330Y\0012-;\377>s\301\000PCr\256\303lR\2\200\017\365""\244\333\215\366\304\002 \014?\344\031\010\246\317k\255\037\330\351\001F\2547\037\307#\233\276?\377\326\353-ci\022d\253p""; ","validation: """"\200\000\000\001&\000\000\000\022)/\352\2245:?HT\314/\177\320^Q\025{\341\203\016\355Wm\222\t\022+\207\321\343}^\317s\206\320\316\221\322\t\214\257\211\366S\177\277P\027\000\000\000\000\000\000\000\000\000\000\000\000\000\000\000\000\000\000\000\000\000\000\000\000\000\000\000\000\000\000\000\000P\031\336\037\263=\026\236A\324J9\261\341@\353\236\027\243\365\225\347\2315\205\014\356\333\201\232V!\026\010s!\003\343\005\311u\203\370\0338\3174\324\010\006\301\251\177\261\304eOX\262)FA-\022r\263wm\024vF0D\002 ,+\346\330Y\0012-;\377>s\301\000PCr\256\303lR\2\200\017\365""\244\333\215\366\304\002 \014?\344\031\010\246\317k\255\037\330\351\001F\2547\037\307#\233\276?\377\326\353-ci\022d\253p""; "
1750587317472,1750587317472,0,1,0,2,TMGetLedger,"itype: liBASE; ledgerHash: ""\025{\341\203\016\355Wm\222\t\022+\207\321\343}^\317s\206\320\316\221\322\t\214\257\211\366S\177\277""; ","itype: liBASE; ledgerHash: ""\025{\341\203\016\355Wm\222\t\022+\207\321\343}^\317s\206\320\316\221\322\t\214\257\211\366S\177\277""; "
1750587317472,1750587317472,0,1,0,4,TMGetLedger,"itype: liBASE; ledgerHash: ""\025{\341\203\016\355Wm\222\t\022+\207\321\343}^\317s\206\320\316\221\322\t\214\257\211\366S\177\277""; ","itype: liBASE; ledgerHash: ""\025{\341\203\016\355Wm\222\t\022+\207\321\343}^\317s\206\320\316\221\322\t\214\257\211\366S\177\277""; "
1750587317473,1750587317473,0,1,0,2,TMValidation,"validation: """"\200\000\000\001&\000\000\000\022)/\352\2245:?HT\314/\177\320^Q\025{\341\203\016\355Wm\222\t\022+\207\321\343}^\317s\206\320\316\221\322\t\214\257\211\366S\177\277P\027\000\000\000\000\000\000\000\000\000\000\000\000\000\000\000\000\000\000\000\000\000\000\000\000\000\000\000\000\000\000\000\000P\031\336\037\263=\026\236A\324J9\261\341@\353\236\027\243\365\225\347\2315\205\014\356\333\201\232V!\026\010s!\003\343\005\311u\203\370\0338\3174\324\010\006\301\251\177\261\304eOX\262)FA-\022r\263wm\024vF0D\002 ,+\346\330Y\0012-;\377>s\301\000PCr\256\303lR\2\200\017\365""\244\333\215\366\304\002 \014?\344\031\010\246\317k\255\037\330\351\001F\2547\037\307#\233\276?\377\326\353-ci\022d\253p""; ","validation: """"\200\000\000\001&\000\000\000\022)/\352\2245:?HT\314/\177\320^Q\025{\341\203\016\355Wm\222\t\022+\207\321\343}^\317s\206\320\316\221\322\t\214\257\211\366S\177\277P\027\000\000\000\000\000\000\000\000\000\000\000\000\000\000\000\000\000\000\000\000\000\000\000\000\000\000\000\000\000\000\000\000P\031\336\037\263=\026\236A\324J9\261\341@\353\236\027\243\365\225\347\2315\205\014\356\333\201\232V!\026\010s!\003\343\005\311u\203\370\0338\3174\324\010\006\301\251\177\261\304eOX\262)FA-\022r\263wm\024vF0D\002 ,+\346\330Y\0012-;\377>s\301\000PCr\256\303lR\2\200\017\365""\244\333\215\366\304\002 \014?\344\031\010\246\317k\255\037\330\351\001F\2547\037\307#\233\276?\377\326\353-ci\022d\253p""; "
1750587317474,1750587317474,0,1,0,2,TMGetLedger,"itype: liBASE; ledgerHash: ""\025{\341\203\016\355Wm\222\t\022+\207\321\343}^\317s\206\320\316\221\322\t\214\257\211\366S\177\277""; queryType: qtINDIRECT; ","itype: liBASE; ledgerHash: ""\025{\341\203\016\355Wm\222\t\022+\207\321\343}^\317s\206\320\316\221\322\t\214\257\211\366S\177\277""; queryType: qtINDIRECT; "
1750587317474,1750587317474,0,1,0,3,TMValidation,"validation: """"\200\000\000\001&\000\000\000\022)/\352\2245:?HT\314/\177\320^Q\025{\341\203\016\355Wm\222\t\022+\207\321\343}^\317s\206\320\316\221\322\t\214\257\211\366S\177\277P\027\000\000\000\000\000\000\000\000\000\000\000\000\000\000\000\000\000\000\000\000\000\000\000\000\000\000\000\000\000\000\000\000P\031\336\037\263=\026\236A\324J9\261\341@\353\236\027\243\365\225\347\2315\205\014\356\333\201\232V!\026\010s!\003\343\005\311u\203\370\0338\3174\324\010\006\301\251\177\261\304eOX\262)FA-\022r\263wm\024vF0D\002 ,+\346\330Y\0012-;\377>s\301\000PCr\256\303lR\2\200\017\365""\244\333\215\366\304\002 \014?\344\031\010\246\317k\255\037\330\351\001F\2547\037\307#\233\276?\377\326\353-ci\022d\253p""; ","validation: """"\200\000\000\001&\000\000\000\022)/\352\2245:?HT\314/\177\320^Q\025{\341\203\016\355Wm\222\t\022+\207\321\343}^\317s\206\320\316\221\322\t\214\257\211\366S\177\277P\027\000\000\000\000\000\000\000\000\000\000\000\000\000\000\000\000\000\000\000\000\000\000\000\000\000\000\000\000\000\000\000\000P\031\336\037\263=\026\236A\324J9\261\341@\353\236\027\243\365\225\347\2315\205\014\356\333\201\232V!\026\010s!\003\343\005\311u\203\370\0338\3174\324\010\006\301\251\177\261\304eOX\262)FA-\022r\263wm\024vF0D\002 ,+\346\330Y\0012-;\377>s\301\000PCr\256\303lR\2\200\017\365""\244\333\215\366\304\002 \014?\344\031\010\246\317k\255\037\330\351\001F\2547\037\307#\233\276?\377\326\353-ci\022d\253p""; "
1750587317474,1750587317474,0,1,0,3,TMGetLedger,"itype: liBASE; ledgerHash: ""\025{\341\203\016\355Wm\222\t\022+\207\321\343}^\317s\206\320\316\221\322\t\214\257\211\366S\177\277""; queryType: qtINDIRECT; ","itype: liBASE; ledgerHash: ""\025{\341\203\016\355Wm\222\t\022+\207\321\343}^\317s\206\320\316\221\322\t\214\257\211\366S\177\277""; queryType: qtINDIRECT; "
1750587317475,1750587317475,0,1,0,1,TMGetLedger,"itype: liBASE; ledgerHash: ""\025{\341\203\016\355Wm\222\t\022+\207\321\343}^\317s\206\320\316\221\322\t\214\257\211\366S\177\277""; ","itype: liBASE; ledgerHash: ""\025{\341\203\016\355Wm\222\t\022+\207\321\343}^\317s\206\320\316\221\322\t\214\257\211\366S\177\277""; "
1750587317475,1750587317475,0,1,0,3,TMGetLedger,"itype: liBASE; ledgerHash: ""\025{\341\203\016\355Wm\222\t\022+\207\321\343}^\317s\206\320\316\221\322\t\214\257\211\366S\177\277""; ","itype: liBASE; ledgerHash: ""\025{\341\203\016\355Wm\222\t\022+\207\321\343}^\317s\206\320\316\221\322\t\214\257\211\366S\177\277""; "
1750587317476,1750587317476,0,1,0,1,TMGetLedger,"itype: liBASE; ledgerHash: ""\025{\341\203\016\355Wm\222\t\022+\207\321\343}^\317s\206\320\316\221\322\t\214\257\211\366S\177\277""; queryType: qtINDIRECT; ","itype: liBASE; ledgerHash: ""\025{\341\203\016\355Wm\222\t\022+\207\321\343}^\317s\206\320\316\221\322\t\214\257\211\366S\177\277""; queryType: qtINDIRECT; "
1750587317476,1750587317476,0,1,0,4,TMGetLedger,"itype: liBASE; ledgerHash: ""\025{\341\203\016\355Wm\222\t\022+\207\321\343}^\317s\206\320\316\221\322\t\214\257\211\366S\177\277""; queryType: qtINDIRECT; ","itype: liBASE; ledgerHash: ""\025{\341\203\016\355Wm\222\t\022+\207\321\343}^\317s\206\320\316\221\322\t\214\257\211\366S\177\277""; queryType: qtINDIRECT; "
1750587317477,1750587317477,0,1,4,0,TMGetLedger,"itype: liBASE; ledgerHash: ""\025{\341\203\016\355Wm\222\t\022+\207\321\343}^\317s\206\320\316\221\322\t\214\257\211\366S\177\277""; ","itype: liBASE; ledgerHash: ""\025{\341\203\016\355Wm\222\t\022+\207\321\343}^\317s\206\320\316\221\322\t\214\257\211\366S\177\277""; "
1750587317478,1750587317478,0,1,4,3,TMValidation,"validation: """"\200\000\000\001&\000\000\000\022)/\352\2245:?HT\314/\177\320^Q\025{\341\203\016\355Wm\222\t\022+\207\321\343}^\317s\206\320\316\221\322\t\214\257\211\366S\177\277P\027\000\000\000\000\000\000\000\000\000\000\000\000\000\000\000\000\000\000\000\000\000\000\000\000\000\000\000\000\000\000\000\000P\031\336\037\263=\026\236A\324J9\261\341@\353\236\027\243\365\225\347\2315\205\014\356\333\201\232V!\026\010s!\003\343\005\311u\203\370\0338\3174\324\010\006\301\251\177\261\304eOX\262)FA-\022r\263wm\024vF0D\002 ,+\346\330Y\0012-;\377>s\301\000PCr\256\303lR\2\200\017\365""\244\333\215\366\304\002 \014?\344\031\010\246\317k\255\037\330\351\001F\2547\037\307#\233\276?\377\326\353-ci\022d\253p""; ","validation: """"\200\000\000\001&\000\000\000\022)/\352\2245:?HT\314/\177\320^Q\025{\341\203\016\355Wm\222\t\022+\207\321\343}^\317s\206\320\316\221\322\t\214\257\211\366S\177\277P\027\000\000\000\000\000\000\000\000\000\000\000\000\000\000\000\000\000\000\000\000\000\000\000\000\000\000\000\000\000\000\000\000P\031\336\037\263=\026\236A\324J9\261\341@\353\236\027\243\365\225\347\2315\205\014\356\333\201\232V!\026\010s!\003\343\005\311u\203\370\0338\3174\324\010\006\301\251\177\261\304eOX\262)FA-\022r\263wm\024vF0D\002 ,+\346\330Y\0012-;\377>s\301\000PCr\256\303lR\2\200\017\365""\244\333\215\366\304\002 \014?\344\031\010\246\317k\255\037\330\351\001F\2547\037\307#\233\276?\377\326\353-ci\022d\253p""; "
1750587317478,1750587317479,0,1,4,3,TMGetLedger,"itype: liBASE; ledgerHash: ""\025{\341\203\016\355Wm\222\t\022+\207\321\343}^\317s\206\320\316\221\322\t\214\257\211\366S\177\277""; ","itype: liBASE; ledgerHash: ""\025{\341\203\016\355Wm\222\t\022+\207\321\343}^\317s\206\320\316\221\322\t\214\257\211\366S\177\277""; "
1750587317479,1750587317479,0,1,4,2,TMGetLedger,"itype: liBASE; ledgerHash: ""\025{\341\203\016\355Wm\222\t\022+\207\321\343}^\317s\206\320\316\221\322\t\214\257\211\366S\177\277""; ","itype: liBASE; ledgerHash: ""\025{\341\203\016\355Wm\222\t\022+\207\321\343}^\317s\206\320\316\221\322\t\214\257\211\366S\177\277""; "
1750587317480,1750587317480,0,1,4,2,TMValidation,"validation: """"\200\000\000\001&\000\000\000\022)/\352\2245:?HT\314/\177\320^Q\025{\341\203\016\355Wm\222\t\022+\207\321\343}^\317s\206\320\316\221\322\t\214\257\211\366S\177\277P\027\000\000\000\000\000\000\000\000\000\000\000\000\000\000\000\000\000\000\000\000\000\000\000\000\000\000\000\000\000\000\000\000P\031\336\037\263=\026\236A\324J9\261\341@\353\236\027\243\365\225\347\2315\205\014\356\333\201\232V!\026\010s!\003\343\005\311u\203\370\0338\3174\324\010\006\301\251\177\261\304eOX\262)FA-\022r\263wm\024vF0D\002 ,+\346\330Y\0012-;\377>s\301\000PCr\256\303lR\2\200\017\365""\244\333\215\366\304\002 \014?\344\031\010\246\317k\255\037\330\351\001F\2547\037\307#\233\276?\377\326\353-ci\022d\253p""; ","validation: """"\200\000\000\001&\000\000\000\022)/\352\2245:?HT\314/\177\320^Q\025{\341\203\016\355Wm\222\t\022+\207\321\343}^\317s\206\320\316\221\322\t\214\257\211\366S\177\277P\027\000\000\000\000\000\000\000\000\000\000\000\000\000\000\000\000\000\000\000\000\000\000\000\000\000\000\000\000\000\000\000\000P\031\336\037\263=\026\236A\324J9\261\341@\353\236\027\243\365\225\347\2315\205\014\356\333\201\232V!\026\010s!\003\343\005\311u\203\370\0338\3174\324\010\006\301\251\177\261\304eOX\262)FA-\022r\263wm\024vF0D\002 ,+\346\330Y\0012-;\377>s\301\000PCr\256\303lR\2\200\017\365""\244\333\215\366\304\002 \014?\344\031\010\246\317k\255\037\330\351\001F\2547\037\307#\233\276?\377\326\353-ci\022d\253p""; "
1750587317480,1750587317480,0,1,4,1,TMValidation,"validation: """"\200\000\000\001&\000\000\000\022)/\352\2245:?HT\314/\177\320^Q\025{\341\203\016\355Wm\222\t\022+\207\321\343}^\317s\206\320\316\221\322\t\214\257\211\366S\177\277P\027\000\000\000\000\000\000\000\000\000\000\000\000\000\000\000\000\000\000\000\000\000\000\000\000\000\000\000\000\000\000\000\000P\031\336\037\263=\026\236A\324J9\261\341@\353\236\027\243\365\225\347\2315\205\014\356\333\201\232V!\026\010s!\003\343\005\311u\203\370\0338\3174\324\010\006\301\251\177\261\304eOX\262)FA-\022r\263wm\024vF0D\002 ,+\346\330Y\0012-;\377>s\301\000PCr\256\303lR\2\200\017\365""\244\333\215\366\304\002 \014?\344\031\010\246\317k\255\037\330\351\001F\2547\037\307#\233\276?\377\326\353-ci\022d\253p""; ","validation: """"\200\000\000\001&\000\000\000\022)/\352\2245:?HT\314/\177\320^Q\025{\341\203\016\355Wm\222\t\022+\207\321\343}^\317s\206\320\316\221\322\t\214\257\211\366S\177\277P\027\000\000\000\000\000\000\000\000\000\000\000\000\000\000\000\000\000\000\000\000\000\000\000\000\000\000\000\000\000\000\000\000P\031\336\037\263=\026\236A\324J9\261\341@\353\236\027\243\365\225\347\2315\205\014\356\333\201\232V!\026\010s!\003\343\005\311u\203\370\0338\3174\324\010\006\301\251\177\261\304eOX\262)FA-\022r\263wm\024vF0D\002 ,+\346\330Y\0012-;\377>s\301\000PCr\256\303lR\2\200\017\365""\244\333\215\366\304\002 \014?\344\031\010\246\317k\255\037\330\351\001F\2547\037\307#\233\276?\377\326\353-ci\022d\253p""; "
1750587317481,1750587317481,0,1,4,1,TMGetLedger,"itype: liBASE; ledgerHash: ""\025{\341\203\016\355Wm\222\t\022+\207\321\343}^\317s\206\320\316\221\322\t\214\257\211\366S\177\277""; ","itype: liBASE; ledgerHash: ""\025{\341\203\016\355Wm\222\t\022+\207\321\343}^\317s\206\320\316\221\322\t\214\257\211\366S\177\277""; "
1750587317483,1750587317483,0,1,4,0,TMGetLedger,"itype: liBASE; ledgerHash: ""\025{\341\203\016\355Wm\222\t\022+\207\321\343}^\317s\206\320\316\221\322\t\214\257\211\366S\177\277""; queryType: qtINDIRECT; ","itype: liBASE; ledgerHash: ""\025{\341\203\016\355Wm\222\t\022+\207\321\343}^\317s\206\320\316\221\322\t\214\257\211\366S\177\277""; queryType: qtINDIRECT; "
1750587317483,1750587317483,0,1,4,3,TMGetLedger,"itype: liBASE; ledgerHash: ""\025{\341\203\016\355Wm\222\t\022+\207\321\343}^\317s\206\320\316\221\322\t\214\257\211\366S\177\277""; queryType: qtINDIRECT; ","itype: liBASE; ledgerHash: ""\025{\341\203\016\355Wm\222\t\022+\207\321\343}^\317s\206\320\316\221\322\t\214\257\211\366S\177\277""; queryType: qtINDIRECT; "
1750587317484,1750587317484,0,1,4,1,TMGetLedger,"itype: liBASE; ledgerHash: ""\025{\341\203\016\355Wm\222\t\022+\207\321\343}^\317s\206\320\316\221\322\t\214\257\211\366S\177\277""; queryType: qtINDIRECT; ","itype: liBASE; ledgerHash: ""\025{\341\203\016\355Wm\222\t\022+\207\321\343}^\317s\206\320\316\221\322\t\214\257\211\366S\177\277""; queryType: qtINDIRECT; "
1750587317484,1750587317485,0,1,4,2,TMGetLedger,"itype: liBASE; ledgerHash: ""\025{\341\203\016\355Wm\222\t\022+\207\321\343}^\317s\206\320\316\221\322\t\214\257\211\366S\177\277""; queryType: qtINDIRECT; ","itype: liBASE; ledgerHash: ""\025{\341\203\016\355Wm\222\t\022+\207\321\343}^\317s\206\320\316\221\322\t\214\257\211\366S\177\277""; queryType: qtINDIRECT; "
1750587317485,1750587317485,0,1,2,3,TMValidation,"validation: """"\200\000\000\001&\000\000\000\022)/\352\2245:?HT\314/\177\320^Q\025{\341\203\016\355Wm\222\t\022+\207\321\343}^\317s\206\320\316\221\322\t\214\257\211\366S\177\277P\027\000\000\000\000\000\000\000\000\000\000\000\000\000\000\000\000\000\000\000\000\000\000\000\000\000\000\000\000\000\000\000\000P\031\336\037\263=\026\236A\324J9\261\341@\353\236\027\243\365\225\347\2315\205\014\356\333\201\232V!\026\010s!\003\343\005\311u\203\370\0338\3174\324\010\006\301\251\177\261\304eOX\262)FA-\022r\263wm\024vF0D\002 ,+\346\330Y\0012-;\377>s\301\000PCr\256\303lR\2\200\017\365""\244\333\215\366\304\002 \014?\344\031\010\246\317k\255\037\330\351\001F\2547\037\307#\233\276?\377\326\353-ci\022d\253p""; ","validation: """"\200\000\000\001&\000\000\000\022)/\352\2245:?HT\314/\177\320^Q\025{\341\203\016\355Wm\222\t\022+\207\321\343}^\317s\206\320\316\221\322\t\214\257\211\366S\177\277P\027\000\000\000\000\000\000\000\000\000\000\000\000\000\000\000\000\000\000\000\000\000\000\000\000\000\000\000\000\000\000\000\000P\031\336\037\263=\026\236A\324J9\261\341@\353\236\027\243\365\225\347\2315\205\014\356\333\201\232V!\026\010s!\003\343\005\311u\203\370\0338\3174\324\010\006\301\251\177\261\304eOX\262)FA-\022r\263wm\024vF0D\002 ,+\346\330Y\0012-;\377>s\301\000PCr\256\303lR\2\200\017\365""\244\333\215\366\304\002 \014?\344\031\010\246\317k\255\037\330\351\001F\2547\037\307#\233\276?\377\326\353-ci\022d\253p""; "
1750587317486,1750587317486,0,1,2,1,TMValidation,"validation: """"\200\000\000\001&\000\000\000\022)/\352\2245:?HT\314/\177\320^Q\025{\341\203\016\355Wm\222\t\022+\207\321\343}^\317s\206\320\316\221\322\t\214\257\211\366S\177\277P\027\000\000\000\000\000\000\000\000\000\000\000\000\000\000\000\000\000\000\000\000\000\000\000\000\000\000\000\000\000\000\000\000P\031\336\037\263=\026\236A\324J9\261\341@\353\236\027\243\365\225\347\2315\205\014\356\333\201\232V!\026\010s!\003\343\005\311u\203\370\0338\3174\324\010\006\301\251\177\261\304eOX\262)FA-\022r\263wm\024vF0D\002 ,+\346\330Y\0012-;\377>s\301\000PCr\256\303lR\2\200\017\365""\244\333\215\366\304\002 \014?\344\031\010\246\317k\255\037\330\351\001F\2547\037\307#\233\276?\377\326\353-ci\022d\253p""; ","validation: """"\200\000\000\001&\000\000\000\022)/\352\2245:?HT\314/\177\320^Q\025{\341\203\016\355Wm\222\t\022+\207\321\343}^\317s\206\320\316\221\322\t\214\257\211\366S\177\277P\027\000\000\000\000\000\000\000\000\000\000\000\000\000\000\000\000\000\000\000\000\000\000\000\000\000\000\000\000\000\000\000\000P\031\336\037\263=\026\236A\324J9\261\341@\353\236\027\243\365\225\347\2315\205\014\356\333\201\232V!\026\010s!\003\343\005\311u\203\370\0338\3174\324\010\006\301\251\177\261\304eOX\262)FA-\022r\263wm\024vF0D\002 ,+\346\330Y\0012-;\377>s\301\000PCr\256\303lR\2\200\017\365""\244\333\215\366\304\002 \014?\344\031\010\246\317k\255\037\330\351\001F\2547\037\307#\233\276?\377\326\353-ci\022d\253p""; "
1750587317486,1750587317487,0,1,2,4,TMValidation,"validation: """"\200\000\000\001&\000\000\000\022)/\352\2245:?HT\314/\177\320^Q\025{\341\203\016\355Wm\222\t\022+\207\321\343}^\317s\206\320\316\221\322\t\214\257\211\366S\177\277P\027\000\000\000\000\000\000\000\000\000\000\000\000\000\000\000\000\000\000\000\000\000\000\000\000\000\000\000\000\000\000\000\000P\031\336\037\263=\026\236A\324J9\261\341@\353\236\027\243\365\225\347\2315\205\014\356\333\201\232V!\026\010s!\003\343\005\311u\203\370\0338\3174\324\010\006\301\251\177\261\304eOX\262)FA-\022r\263wm\024vF0D\002 ,+\346\330Y\0012-;\377>s\301\000PCr\256\303lR\2\200\017\365""\244\333\215\366\304\002 \014?\344\031\010\246\317k\255\037\330\351\001F\2547\037\307#\233\276?\377\326\353-ci\022d\253p""; ","validation: """"\200\000\000\001&\000\000\000\022)/\352\2245:?HT\314/\177\320^Q\025{\341\203\016\355Wm\222\t\022+\207\321\343}^\317s\206\320\316\221\322\t\214\257\211\366S\177\277P\027\000\000\000\000\000\000\000\000\000\000\000\000\000\000\000\000\000\000\000\000\000\000\000\000\000\000\000\000\000\000\000\000P\031\336\037\263=\026\236A\324J9\261\341@\353\236\027\243\365\225\347\2315\205\014\356\333\201\232V!\026\010s!\003\343\005\311u\203\370\0338\3174\324\010\006\301\251\177\261\304eOX\262)FA-\022r\263wm\024vF0D\002 ,+\346\330Y\0012-;\377>s\301\000PCr\256\303lR\2\200\017\365""\244\333\215\366\304\002 \014?\344\031\010\246\317k\255\037\330\351\001F\2547\037\307#\233\276?\377\326\353-ci\022d\253p""; "
1750587317487,1750587317487,0,1,2,0,TMGetLedger,"itype: liBASE; ledgerHash: ""\025{\341\203\016\355Wm\222\t\022+\207\321\343}^\317s\206\320\316\221\322\t\214\257\211\366S\177\277""; ","itype: liBASE; ledgerHash: ""\025{\341\203\016\355Wm\222\t\022+\207\321\343}^\317s\206\320\316\221\322\t\214\257\211\366S\177\277""; "
1750587317487,1750587317487,0,1,2,0,TMGetLedger,"itype: liBASE; ledgerHash: ""\025{\341\203\016\355Wm\222\t\022+\207\321\343}^\317s\206\320\316\221\322\t\214\257\211\366S\177\277""; queryType: qtINDIRECT; ","itype: liBASE; ledgerHash: ""\025{\341\203\016\355Wm\222\t\022+\207\321\343}^\317s\206\320\316\221\322\t\214\257\211\366S\177\277""; queryType: qtINDIRECT; "
1750587317488,1750587317488,0,1,3,4,TMValidation,"validation: """"\200\000\000\001&\000\000\000\022)/\352\2245:?HT\314/\177\320^Q\025{\341\203\016\355Wm\222\t\022+\207\321\343}^\317s\206\320\316\221\322\t\214\257\211\366S\177\277P\027\000\000\000\000\000\000\000\000\000\000\000\000\000\000\000\000\000\000\000\000\000\000\000\000\000\000\000\000\000\000\000\000P\031\336\037\263=\026\236A\324J9\261\341@\353\236\027\243\365\225\347\2315\205\014\356\333\201\232V!\026\010s!\003\343\005\311u\203\370\0338\3174\324\010\006\301\251\177\261\304eOX\262)FA-\022r\263wm\024vF0D\002 ,+\346\330Y\0012-;\377>s\301\000PCr\256\303lR\2\200\017\365""\244\333\215\366\304\002 \014?\344\031\010\246\317k\255\037\330\351\001F\2547\037\307#\233\276?\377\326\353-ci\022d\253p""; ","validation: """"\200\000\000\001&\000\000\000\022)/\352\2245:?HT\314/\177\320^Q\025{\341\203\016\355Wm\222\t\022+\207\321\343}^\317s\206\320\316\221\322\t\214\257\211\366S\177\277P\027\000\000\000\000\000\000\000\000\000\000\000\000\000\000\000\000\000\000\000\000\000\000\000\000\000\000\000\000\000\000\000\000P\031\336\037\263=\026\236A\324J9\261\341@\353\236\027\243\365\225\347\2315\205\014\356\333\201\232V!\026\010s!\003\343\005\311u\203\370\0338\3174\324\010\006\301\251\177\261\304eOX\262)FA-\022r\263wm\024vF0D\002 ,+\346\330Y\0012-;\377>s\301\000PCr\256\303lR\2\200\017\365""\244\333\215\366\304\002 \014?\344\031\010\246\317k\255\037\330\351\001F\2547\037\307#\233\276?\377\326\353-ci\022d\253p""; "
1750587317488,1750587317489,0,1,3,2,TMValidation,"validation: """"\200\000\000\001&\000\000\000\022)/\352\2245:?HT\314/\177\320^Q\025{\341\203\016\355Wm\222\t\022+\207\321\343}^\317s\206\320\316\221\322\t\214\257\211\366S\177\277P\027\000\000\000\000\000\000\000\000\000\000\000\000\000\000\000\000\000\000\000\000\000\000\000\000\000\000\000\000\000\000\000\000P\031\336\037\263=\026\236A\324J9\261\341@\353\236\027\243\365\225\347\2315\205\014\356\333\201\232V!\026\010s!\003\343\005\311u\203\370\0338\3174\324\010\006\301\251\177\261\304eOX\262)FA-\022r\263wm\024vF0D\002 ,+\346\330Y\0012-;\377>s\301\000PCr\256\303lR\2\200\017\365""\244\333\215\366\304\002 \014?\344\031\010\246\317k\255\037\330\351\001F\2547\037\307#\233\276?\377\326\353-ci\022d\253p""; ","validation: """"\200\000\000\001&\000\000\000\022)/\352\2245:?HT\314/\177\320^Q\025{\341\203\016\355Wm\222\t\022+\207\321\343}^\317s\206\320\316\221\322\t\214\257\211\366S\177\277P\027\000\000\000\000\000\000\000\000\000\000\000\000\000\000\000\000\000\000\000\000\000\000\000\000\000\000\000\000\000\000\000\000P\031\336\037\263=\026\236A\324J9\261\341@\353\236\027\243\365\225\347\2315\205\014\356\333\201\232V!\026\010s!\003\343\005\311u\203\370\0338\3174\324\010\006\301\251\177\261\304eOX\262)FA-\022r\263wm\024vF0D\002 ,+\346\330Y\0012-;\377>s\301\000PCr\256\303lR\2\200\017\365""\244\333\215\366\304\002 \014?\344\031\010\246\317k\255\037\330\351\001F\2547\037\307#\233\276?\377\326\353-ci\022d\253p""; "
1750587317489,1750587317489,0,1,3,1,TMValidation,"validation: """"\200\000\000\001&\000\000\000\022)/\352\2245:?HT\314/\177\320^Q\025{\341\203\016\355Wm\222\t\022+\207\321\343}^\317s\206\320\316\221\322\t\214\257\211\366S\177\277P\027\000\000\000\000\000\000\000\000\000\000\000\000\000\000\000\000\000\000\000\000\000\000\000\000\000\000\000\000\000\000\000\000P\031\336\037\263=\026\236A\324J9\261\341@\353\236\027\243\365\225\347\2315\205\014\356\333\201\232V!\026\010s!\003\343\005\311u\203\370\0338\3174\324\010\006\301\251\177\261\304eOX\262)FA-\022r\263wm\024vF0D\002 ,+\346\330Y\0012-;\377>s\301\000PCr\256\303lR\2\200\017\365""\244\333\215\366\304\002 \014?\344\031\010\246\317k\255\037\330\351\001F\2547\037\307#\233\276?\377\326\353-ci\022d\253p""; ","validation: """"\200\000\000\001&\000\000\000\022)/\352\2245:?HT\314/\177\320^Q\025{\341\203\016\355Wm\222\t\022+\207\321\343}^\317s\206\320\316\221\322\t\214\257\211\366S\177\277P\027\000\000\000\000\000\000\000\000\000\000\000\000\000\000\000\000\000\000\000\000\000\000\000\000\000\000\000\000\000\000\000\000P\031\336\037\263=\026\236A\324J9\261\341@\353\236\027\243\365\225\347\2315\205\014\356\333\201\232V!\026\010s!\003\343\005\311u\203\370\0338\3174\324\010\006\301\251\177\261\304eOX\262)FA-\022r\263wm\024vF0D\002 ,+\346\330Y\0012-;\377>s\301\000PCr\256\303lR\2\200\017\365""\244\333\215\366\304\002 \014?\344\031\010\246\317k\255\037\330\351\001F\2547\037\307#\233\276?\377\326\353-ci\022d\253p""; "
1750587317490,1750587317490,0,1,3,0,TMGetLedger,"itype: liBASE; ledgerHash: ""\025{\341\203\016\355Wm\222\t\022+\207\321\343}^\317s\206\320\316\221\322\t\214\257\211\366S\177\277""; ","itype: liBASE; ledgerHash: ""\025{\341\203\016\355Wm\222\t\022+\207\321\343}^\317s\206\320\316\221\322\t\214\257\211\366S\177\277""; "
1750587317491,1750587317491,0,1,3,0,TMGetLedger,"itype: liBASE; ledgerHash: ""\025{\341\203\016\355Wm\222\t\022+\207\321\343}^\317s\206\320\316\221\322\t\214\257\211\366S\177\277""; queryType: qtINDIRECT; ","itype: liBASE; ledgerHash: ""\025{\341\203\016\355Wm\222\t\022+\207\321\343}^\317s\206\320\316\221\322\t\214\257\211\366S\177\277""; queryType: qtINDIRECT; "
1750587317491,1750587317491,0,1,1,0,TMLedgerData,"ledgerHash: ""\025{\341\203\016\355Wm\222\t\022+\207\321\343}^\317s\206\320\316\221\322\t\214\257\211\366S\177\277""; ledgerSeq: 18; type: liBASE; nodes {;   nodedata: ""\000\000\000\022\001cEx]\211\377\330\336\037\263=\026\236A\324J9\261\341@\353\236\027\243\365\225\347\2315\205\014\356\333\201\232V!\026\010\000\000\000\000\000\000\000\000\000\000\000\000\000\000\000\000\000\000\000\000\000\000\000\000\000\000\000\000\000\000\000\000/n\2515\004\221\202\356B?\333I\240\225\333u\331I:\372$UB\307\231_\364\311\032\335\003\321/\352\2240/\352\2248\n\000""; }; nodes {;   nodedata: ""h\315\350\215y\203\242]\371\235\232Pt&\325\210eZ\346\237XZ \277\2457n\221\336\253\245\317\002\304\206+8\t]\351\316\373|\311\263V\300\023\035\211\237\260\300\r\033u3a1\203\303\365\307k\347\006E\344\037@\210\363\010\336T\226\247'\204_{\261\370""1\235\2445\343\033Y!\212\201\341\272\225'\007*$\244&\336\343'\233i\332\374\245 {^\306-N\333\gE\006\347\212\331C\211Z\177\247\031\n\341\r>\005\321\365we\235\320V\343\226\025\362\276\307\256\304\027\030$&\361\344\207\031#\302\033\345Q\013\202_n)6q\357\2538_-\302\252B\204v\277\254\373\3322Ca\020\243\0105\263\257\367\032\254\016\003""; }; ","ledgerHash: ""\025{\341\203\016\355Wm\222\t\022+\207\321\343}^\317s\206\320\316\221\322\t\214\257\211\366S\177\277""; ledgerSeq: 18; type: liBASE; nodes {;   nodedata: ""\000\000\000\022\001cEx]\211\377\330\336\037\263=\026\236A\324J9\261\341@\353\236\027\243\365\225\347\2315\205\014\356\333\201\232V!\026\010\000\000\000\000\000\000\000\000\000\000\000\000\000\000\000\000\000\000\000\000\000\000\000\000\000\000\000\000\000\000\000\000/n\2515\004\221\202\356B?\333I\240\225\333u\331I:\372$UB\307\231_\364\311\032\335\003\321/\352\2240/\352\2248\n\000""; }; nodes {;   nodedata: ""h\315\350\215y\203\242]\371\235\232Pt&\325\210eZ\346\237XZ \277\2457n\221\336\253\245\317\002\304\206+8\t]\351\316\373|\311\263V\300\023\035\211\237\260\300\r\033u3a1\203\303\365\307k\347\006E\344\037@\210\363\010\336T\226\247'\204_{\261\370""1\235\2445\343\033Y!\212\201\341\272\225'\007*$\244&\336\343'\233i\332\374\245 {^\306-N\333\gE\006\347\212\331C\211Z\177\247\031\n\341\r>\005\321\365we\235\320V\343\226\025\362\276\307\256\304\027\030$&\361\344\207\031#\302\033\345Q\013\202_n)6q\357\2538_-\302\252B\204v\277\254\373\3322Ca\020\243\0105\263\257\367\032\254\016\003""; }; "
1750587317492,1750587317492,0,1,1,0,TMLedgerData,"ledgerHash: ""\025{\341\203\016\355Wm\222\t\022+\207\321\343}^\317s\206\320\316\221\322\t\214\257\211\366S\177\277""; ledgerSeq: 18; type: liBASE; nodes {;   nodedata: ""\000\000\000\022\001cEx]\211\377\330\336\037\263=\026\236A\324J9\261\341@\353\236\027\243\365\225\347\2315\205\014\356\333\201\232V!\026\010\000\000\000\000\000\000\000\000\000\000\000\000\000\000\000\000\000\000\000\000\000\000\000\000\000\000\000\000\000\000\000\000/n\2515\004\221\202\356B?\333I\240\225\333u\331I:\372$UB\307\231_\364\311\032\335\003\321/\352\2240/\352\2248\n\000""; }; nodes {;   nodedata: ""h\315\350\215y\203\242]\371\235\232Pt&\325\210eZ\346\237XZ \277\2457n\221\336\253\245\317\002\304\206+8\t]\351\316\373|\311\263V\300\023\035\211\237\260\300\r\033u3a1\203\303\365\307k\347\006E\344\037@\210\363\010\336T\226\247'\204_{\261\370""1\235\2445\343\033Y!\212\201\341\272\225'\007*$\244&\336\343'\233i\332\374\245 {^\306-N\333\gE\006\347\212\331C\211Z\177\247\031\n\341\r>\005\321\365we\235\320V\343\226\025\362\276\307\256\304\027\030$&\361\344\207\031#\302\033\345Q\013\202_n)6q\357\2538_-\302\252B\204v\277\254\373\3322Ca\020\243\0105\263\257\367\032\254\016\003""; }; ","ledgerHash: ""\025{\341\203\016\355Wm\222\t\022+\207\321\343}^\317s\206\320\316\221\322\t\214\257\211\366S\177\277""; ledgerSeq: 18; type: liBASE; nodes {;   nodedata: ""\000\000\000\022\001cEx]\211\377\330\336\037\263=\026\236A\324J9\261\341@\353\236\027\243\365\225\347\2315\205\014\356\333\201\232V!\026\010\000\000\000\000\000\000\000\000\000\000\000\000\000\000\000\000\000\000\000\000\000\000\000\000\000\000\000\000\000\000\000\000/n\2515\004\221\202\356B?\333I\240\225\333u\331I:\372$UB\307\231_\364\311\032\335\003\321/\352\2240/\352\2248\n\000""; }; nodes {;   nodedata: ""h\315\350\215y\203\242]\371\235\232Pt&\325\210eZ\346\237XZ \277\2457n\221\336\253\245\317\002\304\206+8\t]\351\316\373|\311\263V\300\023\035\211\237\260\300\r\033u3a1\203\303\365\307k\347\006E\344\037@\210\363\010\336T\226\247'\204_{\261\370""1\235\2445\343\033Y!\212\201\341\272\225'\007*$\244&\336\343'\233i\332\374\245 {^\306-N\333\gE\006\347\212\331C\211Z\177\247\031\n\341\r>\005\321\365we\235\320V\343\226\025\362\276\307\256\304\027\030$&\361\344\207\031#\302\033\345Q\013\202_n)6q\357\2538_-\302\252B\204v\277\254\373\3322Ca\020\243\0105\263\257\367\032\254\016\003""; }; "
1750587317493,1750587317493,0,1,4,1,TMGetLedger,"itype: liBASE; ledgerHash: ""\025{\341\203\016\355Wm\222\t\022+\207\321\343}^\317s\206\320\316\221\322\t\214\257\211\366S\177\277""; requestCookie: 1; queryType: qtINDIRECT; ","itype: liBASE; ledgerHash: ""\025{\341\203\016\355Wm\222\t\022+\207\321\343}^\317s\206\320\316\221\322\t\214\257\211\366S\177\277""; requestCookie: 1; queryType: qtINDIRECT; "
1750587317493,1750587317493,0,1,3,4,TMGetLedger,"itype: liBASE; ledgerHash: ""\025{\341\203\016\355Wm\222\t\022+\207\321\343}^\317s\206\320\316\221\322\t\214\257\211\366S\177\277""; queryType: qtINDIRECT; ","itype: liBASE; ledgerHash: ""\025{\341\203\016\355Wm\222\t\022+\207\321\343}^\317s\206\320\316\221\322\t\214\257\211\366S\177\277""; queryType: qtINDIRECT; "
1750587317494,1750587317494,0,1,3,4,TMGetLedger,"itype: liBASE; ledgerHash: ""\025{\341\203\016\355Wm\222\t\022+\207\321\343}^\317s\206\320\316\221\322\t\214\257\211\366S\177\277""; ","itype: liBASE; ledgerHash: ""\025{\341\203\016\355Wm\222\t\022+\207\321\343}^\317s\206\320\316\221\322\t\214\257\211\366S\177\277""; "
1750587317494,1750587317494,0,1,2,4,TMGetLedger,"itype: liBASE; ledgerHash: ""\025{\341\203\016\355Wm\222\t\022+\207\321\343}^\317s\206\320\316\221\322\t\214\257\211\366S\177\277""; queryType: qtINDIRECT; ","itype: liBASE; ledgerHash: ""\025{\341\203\016\355Wm\222\t\022+\207\321\343}^\317s\206\320\316\221\322\t\214\257\211\366S\177\277""; queryType: qtINDIRECT; "
1750587317495,1750587317495,0,1,2,4,TMGetLedger,"itype: liBASE; ledgerHash: ""\025{\341\203\016\355Wm\222\t\022+\207\321\343}^\317s\206\320\316\221\322\t\214\257\211\366S\177\277""; ","itype: liBASE; ledgerHash: ""\025{\341\203\016\355Wm\222\t\022+\207\321\343}^\317s\206\320\316\221\322\t\214\257\211\366S\177\277""; "
1750587317495,1750587317496,0,1,1,4,TMValidation,"validation: """"\200\000\000\001&\000\000\000\022)/\352\2245:?HT\314/\177\320^Q\025{\341\203\016\355Wm\222\t\022+\207\321\343}^\317s\206\320\316\221\322\t\214\257\211\366S\177\277P\027\000\000\000\000\000\000\000\000\000\000\000\000\000\000\000\000\000\000\000\000\000\000\000\000\000\000\000\000\000\000\000\000P\031\336\037\263=\026\236A\324J9\261\341@\353\236\027\243\365\225\347\2315\205\014\356\333\201\232V!\026\010s!\003\343\005\311u\203\370\0338\3174\324\010\006\301\251\177\261\304eOX\262)FA-\022r\263wm\024vF0D\002 ,+\346\330Y\0012-;\377>s\301\000PCr\256\303lR\2\200\017\365""\244\333\215\366\304\002 \014?\344\031\010\246\317k\255\037\330\351\001F\2547\037\307#\233\276?\377\326\353-ci\022d\253p""; ","validation: """"\200\000\000\001&\000\000\000\022)/\352\2245:?HT\314/\177\320^Q\025{\341\203\016\355Wm\222\t\022+\207\321\343}^\317s\206\320\316\221\322\t\214\257\211\366S\177\277P\027\000\000\000\000\000\000\000\000\000\000\000\000\000\000\000\000\000\000\000\000\000\000\000\000\000\000\000\000\000\000\000\000P\031\336\037\263=\026\236A\324J9\261\341@\353\236\027\243\365\225\347\2315\205\014\356\333\201\232V!\026\010s!\003\343\005\311u\203\370\0338\3174\324\010\006\301\251\177\261\304eOX\262)FA-\022r\263wm\024vF0D\002 ,+\346\330Y\0012-;\377>s\301\000PCr\256\303lR\2\200\017\365""\244\333\215\366\304\002 \014?\344\031\010\246\317k\255\037\330\351\001F\2547\037\307#\233\276?\377\326\353-ci\022d\253p""; "
1750587317496,1750587317496,0,1,1,4,TMLedgerData,"ledgerHash: ""\025{\341\203\016\355Wm\222\t\022+\207\321\343}^\317s\206\320\316\221\322\t\214\257\211\366S\177\277""; ledgerSeq: 18; type: liBASE; nodes {;   nodedata: ""\000\000\000\022\001cEx]\211\377\330\336\037\263=\026\236A\324J9\261\341@\353\236\027\243\365\225\347\2315\205\014\356\333\201\232V!\026\010\000\000\000\000\000\000\000\000\000\000\000\000\000\000\000\000\000\000\000\000\000\000\000\000\000\000\000\000\000\000\000\000/n\2515\004\221\202\356B?\333I\240\225\333u\331I:\372$UB\307\231_\364\311\032\335\003\321/\352\2240/\352\2248\n\000""; }; nodes {;   nodedata: ""h\315\350\215y\203\242]\371\235\232Pt&\325\210eZ\346\237XZ \277\2457n\221\336\253\245\317\002\304\206+8\t]\351\316\373|\311\263V\300\023\035\211\237\260\300\r\033u3a1\203\303\365\307k\347\006E\344\037@\210\363\010\336T\226\247'\204_{\261\370""1\235\2445\343\033Y!\212\201\341\272\225'\007*$\244&\336\343'\233i\332\374\245 {^\306-N\333\gE\006\347\212\331C\211Z\177\247\031\n\341\r>\005\321\365we\235\320V\343\226\025\362\276\307\256\304\027\030$&\361\344\207\031#\302\033\345Q\013\202_n)6q\357\2538_-\302\252B\204v\277\254\373\3322Ca\020\243\0105\263\257\367\032\254\016\003""; }; ","ledgerHash: ""\025{\341\203\016\355Wm\222\t\022+\207\321\343}^\317s\206\320\316\221\322\t\214\257\211\366S\177\277""; ledgerSeq: 18; type: liBASE; nodes {;   nodedata: ""\000\000\000\022\001cEx]\211\377\330\336\037\263=\026\236A\324J9\261\341@\353\236\027\243\365\225\347\2315\205\014\356\333\201\232V!\026\010\000\000\000\000\000\000\000\000\000\000\000\000\000\000\000\000\000\000\000\000\000\000\000\000\000\000\000\000\000\000\000\000/n\2515\004\221\202\356B?\333I\240\225\333u\331I:\372$UB\307\231_\364\311\032\335\003\321/\352\2240/\352\2248\n\000""; }; nodes {;   nodedata: ""h\315\350\215y\203\242]\371\235\232Pt&\325\210eZ\346\237XZ \277\2457n\221\336\253\245\317\002\304\206+8\t]\351\316\373|\311\263V\300\023\035\211\237\260\300\r\033u3a1\203\303\365\307k\347\006E\344\037@\210\363\010\336T\226\247'\204_{\261\370""1\235\2445\343\033Y!\212\201\341\272\225'\007*$\244&\336\343'\233i\332\374\245 {^\306-N\333\gE\006\347\212\331C\211Z\177\247\031\n\341\r>\005\321\365we\235\320V\343\226\025\362\276\307\256\304\027\030$&\361\344\207\031#\302\033\345Q\013\202_n)6q\357\2538_-\302\252B\204v\277\254\373\3322Ca\020\243\0105\263\257\367\032\254\016\003""; }; "
1750587317497,1750587317497,0,1,0,1,TMGetLedger,"itype: liBASE; ledgerHash: ""\025{\341\203\016\355Wm\222\t\022+\207\321\343}^\317s\206\320\316\221\322\t\214\257\211\366S\177\277""; requestCookie: 5; queryType: qtINDIRECT; ","itype: liBASE; ledgerHash: ""\025{\341\203\016\355Wm\222\t\022+\207\321\343}^\317s\206\320\316\221\322\t\214\257\211\366S\177\277""; requestCookie: 5; queryType: qtINDIRECT; "
1750587317498,1750587317498,0,1,1,4,TMLedgerData,"ledgerHash: ""\025{\341\203\016\355Wm\222\t\022+\207\321\343}^\317s\206\320\316\221\322\t\214\257\211\366S\177\277""; ledgerSeq: 18; type: liBASE; nodes {;   nodedata: ""\000\000\000\022\001cEx]\211\377\330\336\037\263=\026\236A\324J9\261\341@\353\236\027\243\365\225\347\2315\205\014\356\333\201\232V!\026\010\000\000\000\000\000\000\000\000\000\000\000\000\000\000\000\000\000\000\000\000\000\000\000\000\000\000\000\000\000\000\000\000/n\2515\004\221\202\356B?\333I\240\225\333u\331I:\372$UB\307\231_\364\311\032\335\003\321/\352\2240/\352\2248\n\000""; }; nodes {;   nodedata: ""h\315\350\215y\203\242]\371\235\232Pt&\325\210eZ\346\237XZ \277\2457n\221\336\253\245\317\002\304\206+8\t]\351\316\373|\311\263V\300\023\035\211\237\260\300\r\033u3a1\203\303\365\307k\347\006E\344\037@\210\363\010\336T\226\247'\204_{\261\370""1\235\2445\343\033Y!\212\201\341\272\225'\007*$\244&\336\343'\233i\332\374\245 {^\306-N\333\gE\006\347\212\331C\211Z\177\247\031\n\341\r>\005\321\365we\235\320V\343\226\025\362\276\307\256\304\027\030$&\361\344\207\031#\302\033\345Q\013\202_n)6q\357\2538_-\302\252B\204v\277\254\373\3322Ca\020\243\0105\263\257\367\032\254\016\003""; }; ","ledgerHash: ""\025{\341\203\016\355Wm\222\t\022+\207\321\343}^\317s\206\320\316\221\322\t\214\257\211\366S\177\277""; ledgerSeq: 18; type: liBASE; nodes {;   nodedata: ""\000\000\000\022\001cEx]\211\377\330\336\037\263=\026\236A\324J9\261\341@\353\236\027\243\365\225\347\2315\205\014\356\333\201\232V!\026\010\000\000\000\000\000\000\000\000\000\000\000\000\000\000\000\000\000\000\000\000\000\000\000\000\000\000\000\000\000\000\000\000/n\2515\004\221\202\356B?\333I\240\225\333u\331I:\372$UB\307\231_\364\311\032\335\003\321/\352\2240/\352\2248\n\000""; }; nodes {;   nodedata: ""h\315\350\215y\203\242]\371\235\232Pt&\325\210eZ\346\237XZ \277\2457n\221\336\253\245\317\002\304\206+8\t]\351\316\373|\311\263V\300\023\035\211\237\260\300\r\033u3a1\203\303\365\307k\347\006E\344\037@\210\363\010\336T\226\247'\204_{\261\370""1\235\2445\343\033Y!\212\201\341\272\225'\007*$\244&\336\343'\233i\332\374\245 {^\306-N\333\gE\006\347\212\331C\211Z\177\247\031\n\341\r>\005\321\365we\235\320V\343\226\025\362\276\307\256\304\027\030$&\361\344\207\031#\302\033\345Q\013\202_n)6q\357\2538_-\302\252B\204v\277\254\373\3322Ca\020\243\0105\263\257\367\032\254\016\003""; }; "
1750587317499,1750587317499,0,1,3,2,TMGetLedger,"itype: liBASE; ledgerHash: ""\025{\341\203\016\355Wm\222\t\022+\207\321\343}^\317s\206\320\316\221\322\t\214\257\211\366S\177\277""; queryType: qtINDIRECT; ","itype: liBASE; ledgerHash: ""\025{\341\203\016\355Wm\222\t\022+\207\321\343}^\317s\206\320\316\221\322\t\214\257\211\366S\177\277""; queryType: qtINDIRECT; "
1750587317499,1750587317499,0,1,3,2,TMGetLedger,"itype: liBASE; ledgerHash: ""\025{\341\203\016\355Wm\222\t\022+\207\321\343}^\317s\206\320\316\221\322\t\214\257\211\366S\177\277""; ","itype: liBASE; ledgerHash: ""\025{\341\203\016\355Wm\222\t\022+\207\321\343}^\317s\206\320\316\221\322\t\214\257\211\366S\177\277""; "
1750587317500,1750587317500,0,1,1,2,TMValidation,"validation: """"\200\000\000\001&\000\000\000\022)/\352\2245:?HT\314/\177\320^Q\025{\341\203\016\355Wm\222\t\022+\207\321\343}^\317s\206\320\316\221\322\t\214\257\211\366S\177\277P\027\000\000\000\000\000\000\000\000\000\000\000\000\000\000\000\000\000\000\000\000\000\000\000\000\000\000\000\000\000\000\000\000P\031\336\037\263=\026\236A\324J9\261\341@\353\236\027\243\365\225\347\2315\205\014\356\333\201\232V!\026\010s!\003\343\005\311u\203\370\0338\3174\324\010\006\301\251\177\261\304eOX\262)FA-\022r\263wm\024vF0D\002 ,+\346\330Y\0012-;\377>s\301\000PCr\256\303lR\2\200\017\365""\244\333\215\366\304\002 \014?\344\031\010\246\317k\255\037\330\351\001F\2547\037\307#\233\276?\377\326\353-ci\022d\253p""; ","validation: """"\200\000\000\001&\000\000\000\022)/\352\2245:?HT\314/\177\320^Q\025{\341\203\016\355Wm\222\t\022+\207\321\343}^\317s\206\320\316\221\322\t\214\257\211\366S\177\277P\027\000\000\000\000\000\000\000\000\000\000\000\000\000\000\000\000\000\000\000\000\000\000\000\000\000\000\000\000\000\000\000\000P\031\336\037\263=\026\236A\324J9\261\341@\353\236\027\243\365\225\347\2315\205\014\356\333\201\232V!\026\010s!\003\343\005\311u\203\370\0338\3174\324\010\006\301\251\177\261\304eOX\262)FA-\022r\263wm\024vF0D\002 ,+\346\330Y\0012-;\377>s\301\000PCr\256\303lR\2\200\017\365""\244\333\215\366\304\002 \014?\344\031\010\246\317k\255\037\330\351\001F\2547\037\307#\233\276?\377\326\353-ci\022d\253p""; "
1750587317501,1750587317501,0,1,2,3,TMGetLedger,"itype: liBASE; ledgerHash: ""\025{\341\203\016\355Wm\222\t\022+\207\321\343}^\317s\206\320\316\221\322\t\214\257\211\366S\177\277""; queryType: qtINDIRECT; ","itype: liBASE; ledgerHash: ""\025{\341\203\016\355Wm\222\t\022+\207\321\343}^\317s\206\320\316\221\322\t\214\257\211\366S\177\277""; queryType: qtINDIRECT; "
1750587317501,1750587317501,0,1,2,3,TMGetLedger,"itype: liBASE; ledgerHash: ""\025{\341\203\016\355Wm\222\t\022+\207\321\343}^\317s\206\320\316\221\322\t\214\257\211\366S\177\277""; ","itype: liBASE; ledgerHash: ""\025{\341\203\016\355Wm\222\t\022+\207\321\343}^\317s\206\320\316\221\322\t\214\257\211\366S\177\277""; "
1750587317501,1750587317502,0,1,1,3,TMValidation,"validation: """"\200\000\000\001&\000\000\000\022)/\352\2245:?HT\314/\177\320^Q\025{\341\203\016\355Wm\222\t\022+\207\321\343}^\317s\206\320\316\221\322\t\214\257\211\366S\177\277P\027\000\000\000\000\000\000\000\000\000\000\000\000\000\000\000\000\000\000\000\000\000\000\000\000\000\000\000\000\000\000\000\000P\031\336\037\263=\026\236A\324J9\261\341@\353\236\027\243\365\225\347\2315\205\014\356\333\201\232V!\026\010s!\003\343\005\311u\203\370\0338\3174\324\010\006\301\251\177\261\304eOX\262)FA-\022r\263wm\024vF0D\002 ,+\346\330Y\0012-;\377>s\301\000PCr\256\303lR\2\200\017\365""\244\333\215\366\304\002 \014?\344\031\010\246\317k\255\037\330\351\001F\2547\037\307#\233\276?\377\326\353-ci\022d\253p""; ","validation: """"\200\000\000\001&\000\000\000\022)/\352\2245:?HT\314/\177\320^Q\025{\341\203\016\355Wm\222\t\022+\207\321\343}^\317s\206\320\316\221\322\t\214\257\211\366S\177\277P\027\000\000\000\000\000\000\000\000\000\000\000\000\000\000\000\000\000\000\000\000\000\000\000\000\000\000\000\000\000\000\000\000P\031\336\037\263=\026\236A\324J9\261\341@\353\236\027\243\365\225\347\2315\205\014\356\333\201\232V!\026\010s!\003\343\005\311u\203\370\0338\3174\324\010\006\301\251\177\261\304eOX\262)FA-\022r\263wm\024vF0D\002 ,+\346\330Y\0012-;\377>s\301\000PCr\256\303lR\2\200\017\365""\244\333\215\366\304\002 \014?\344\031\010\246\317k\255\037\330\351\001F\2547\037\307#\233\276?\377\326\353-ci\022d\253p""; "
1750587317502,1750587317502,0,1,0,1,TMGetLedger,"itype: liBASE; ledgerHash: ""\025{\341\203\016\355Wm\222\t\022+\207\321\343}^\317s\206\320\316\221\322\t\214\257\211\366S\177\277""; requestCookie: 4; queryType: qtINDIRECT; ","itype: liBASE; ledgerHash: ""\025{\341\203\016\355Wm\222\t\022+\207\321\343}^\317s\206\320\316\221\322\t\214\257\211\366S\177\277""; requestCookie: 4; queryType: qtINDIRECT; "
1750587317503,1750587317503,0,1,0,1,TMGetLedger,"itype: liBASE; ledgerHash: ""\025{\341\203\016\355Wm\222\t\022+\207\321\343}^\317s\206\320\316\221\322\t\214\257\211\366S\177\277""; requestCookie: 3; queryType: qtINDIRECT; ","itype: liBASE; ledgerHash: ""\025{\341\203\016\355Wm\222\t\022+\207\321\343}^\317s\206\320\316\221\322\t\214\257\211\366S\177\277""; requestCookie: 3; queryType: qtINDIRECT; "
1750587317503,1750587317503,0,1,0,1,TMGetLedger,"itype: liAS_NODE; ledgerHash: ""\025{\341\203\016\355Wm\222\t\022+\207\321\343}^\317s\206\320\316\221\322\t\214\257\211\366S\177\277""; ledgerSeq: 18; nodeIDs: ""\260\000\000\000\000\000\000\000\000\000\000\000\000\000\000\000\000\000\000\000\000\000\000\000\000\000\000\000\000\000\000\000\001""; queryType: qtINDIRECT; queryDepth: 1; ","itype: liAS_NODE; ledgerHash: ""\025{\341\203\016\355Wm\222\t\022+\207\321\343}^\317s\206\320\316\221\322\t\214\257\211\366S\177\277""; ledgerSeq: 18; nodeIDs: ""\260\000\000\000\000\000\000\000\000\000\000\000\000\000\000\000\000\000\000\000\000\000\000\000\000\000\000\000\000\000\000\000\001""; queryType: qtINDIRECT; queryDepth: 1; "
1750587317504,1750587317504,0,1,1,4,TMLedgerData,"ledgerHash: ""\025{\341\203\016\355Wm\222\t\022+\207\321\343}^\317s\206\320\316\221\322\t\214\257\211\366S\177\277""; ledgerSeq: 18; type: liBASE; nodes {;   nodedata: ""\000\000\000\022\001cEx]\211\377\330\336\037\263=\026\236A\324J9\261\341@\353\236\027\243\365\225\347\2315\205\014\356\333\201\232V!\026\010\000\000\000\000\000\000\000\000\000\000\000\000\000\000\000\000\000\000\000\000\000\000\000\000\000\000\000\000\000\000\000\000/n\2515\004\221\202\356B?\333I\240\225\333u\331I:\372$UB\307\231_\364\311\032\335\003\321/\352\2240/\352\2248\n\000""; }; nodes {;   nodedata: ""h\315\350\215y\203\242]\371\235\232Pt&\325\210eZ\346\237XZ \277\2457n\221\336\253\245\317\002\304\206+8\t]\351\316\373|\311\263V\300\023\035\211\237\260\300\r\033u3a1\203\303\365\307k\347\006E\344\037@\210\363\010\336T\226\247'\204_{\261\370""1\235\2445\343\033Y!\212\201\341\272\225'\007*$\244&\336\343'\233i\332\374\245 {^\306-N\333\gE\006\347\212\331C\211Z\177\247\031\n\341\r>\005\321\365we\235\320V\343\226\025\362\276\307\256\304\027\030$&\361\344\207\031#\302\033\345Q\013\202_n)6q\357\2538_-\302\252B\204v\277\254\373\3322Ca\020\243\0105\263\257\367\032\254\016\003""; }; requestCookie: 1; ","ledgerHash: ""\025{\341\203\016\355Wm\222\t\022+\207\321\343}^\317s\206\320\316\221\322\t\214\257\211\366S\177\277""; ledgerSeq: 18; type: liBASE; nodes {;   nodedata: ""\000\000\000\022\001cEx]\211\377\330\336\037\263=\026\236A\324J9\261\341@\353\236\027\243\365\225\347\2315\205\014\356\333\201\232V!\026\010\000\000\000\000\000\000\000\000\000\000\000\000\000\000\000\000\000\000\000\000\000\000\000\000\000\000\000\000\000\000\000\000/n\2515\004\221\202\356B?\333I\240\225\333u\331I:\372$UB\307\231_\364\311\032\335\003\321/\352\2240/\352\2248\n\000""; }; nodes {;   nodedata: ""h\315\350\215y\203\242]\371\235\232Pt&\325\210eZ\346\237XZ \277\2457n\221\336\253\245\317\002\304\206+8\t]\351\316\373|\311\263V\300\023\035\211\237\260\300\r\033u3a1\203\303\365\307k\347\006E\344\037@\210\363\010\336T\226\247'\204_{\261\370""1\235\2445\343\033Y!\212\201\341\272\225'\007*$\244&\336\343'\233i\332\374\245 {^\306-N\333\gE\006\347\212\331C\211Z\177\247\031\n\341\r>\005\321\365we\235\320V\343\226\025\362\276\307\256\304\027\030$&\361\344\207\031#\302\033\345Q\013\202_n)6q\357\2538_-\302\252B\204v\277\254\373\3322Ca\020\243\0105\263\257\367\032\254\016\003""; }; requestCookie: 1; "
1750587317505,1750587317505,0,1,4,1,TMGetLedger,"itype: liBASE; ledgerHash: ""\025{\341\203\016\355Wm\222\t\022+\207\321\343}^\317s\206\320\316\221\322\t\214\257\211\366S\177\277""; requestCookie: 4; queryType: qtINDIRECT; ","itype: liBASE; ledgerHash: ""\025{\341\203\016\355Wm\222\t\022+\207\321\343}^\317s\206\320\316\221\322\t\214\257\211\366S\177\277""; requestCookie: 4; queryType: qtINDIRECT; "
1750587317506,1750587317506,0,1,4,1,TMGetLedger,"itype: liBASE; ledgerHash: ""\025{\341\203\016\355Wm\222\t\022+\207\321\343}^\317s\206\320\316\221\322\t\214\257\211\366S\177\277""; requestCookie: 3; queryType: qtINDIRECT; ","itype: liBASE; ledgerHash: ""\025{\341\203\016\355Wm\222\t\022+\207\321\343}^\317s\206\320\316\221\322\t\214\257\211\366S\177\277""; requestCookie: 3; queryType: qtINDIRECT; "
1750587317506,1750587317506,0,1,4,1,TMGetLedger,"itype: liAS_NODE; ledgerHash: ""\025{\341\203\016\355Wm\222\t\022+\207\321\343}^\317s\206\320\316\221\322\t\214\257\211\366S\177\277""; ledgerSeq: 18; nodeIDs: ""\260\000\000\000\000\000\000\000\000\000\000\000\000\000\000\000\000\000\000\000\000\000\000\000\000\000\000\000\000\000\000\000\001""; queryType: qtINDIRECT; queryDepth: 1; ","itype: liAS_NODE; ledgerHash: ""\025{\341\203\016\355Wm\222\t\022+\207\321\343}^\317s\206\320\316\221\322\t\214\257\211\366S\177\277""; ledgerSeq: 18; nodeIDs: ""\260\000\000\000\000\000\000\000\000\000\000\000\000\000\000\000\000\000\000\000\000\000\000\000\000\000\000\000\000\000\000\000\001""; queryType: qtINDIRECT; queryDepth: 1; "
1750587317506,1750587317507,0,1,1,0,TMLedgerData,"ledgerHash: ""\025{\341\203\016\355Wm\222\t\022+\207\321\343}^\317s\206\320\316\221\322\t\214\257\211\366S\177\277""; ledgerSeq: 18; type: liBASE; nodes {;   nodedata: ""\000\000\000\022\001cEx]\211\377\330\336\037\263=\026\236A\324J9\261\341@\353\236\027\243\365\225\347\2315\205\014\356\333\201\232V!\026\010\000\000\000\000\000\000\000\000\000\000\000\000\000\000\000\000\000\000\000\000\000\000\000\000\000\000\000\000\000\000\000\000/n\2515\004\221\202\356B?\333I\240\225\333u\331I:\372$UB\307\231_\364\311\032\335\003\321/\352\2240/\352\2248\n\000""; }; nodes {;   nodedata: ""h\315\350\215y\203\242]\371\235\232Pt&\325\210eZ\346\237XZ \277\2457n\221\336\253\245\317\002\304\206+8\t]\351\316\373|\311\263V\300\023\035\211\237\260\300\r\033u3a1\203\303\365\307k\347\006E\344\037@\210\363\010\336T\226\247'\204_{\261\370""1\235\2445\343\033Y!\212\201\341\272\225'\007*$\244&\336\343'\233i\332\374\245 {^\306-N\333\gE\006\347\212\331C\211Z\177\247\031\n\341\r>\005\321\365we\235\320V\343\226\025\362\276\307\256\304\027\030$&\361\344\207\031#\302\033\345Q\013\202_n)6q\357\2538_-\302\252B\204v\277\254\373\3322Ca\020\243\0105\263\257\367\032\254\016\003""; }; requestCookie: 5; ","ledgerHash: ""\025{\341\203\016\355Wm\222\t\022+\207\321\343}^\317s\206\320\316\221\322\t\214\257\211\366S\177\277""; ledgerSeq: 18; type: liBASE; nodes {;   nodedata: ""\000\000\000\022\001cEx]\211\377\330\336\037\263=\026\236A\324J9\261\341@\353\236\027\243\365\225\347\2315\205\014\356\333\201\232V!\026\010\000\000\000\000\000\000\000\000\000\000\000\000\000\000\000\000\000\000\000\000\000\000\000\000\000\000\000\000\000\000\000\000/n\2515\004\221\202\356B?\333I\240\225\333u\331I:\372$UB\307\231_\364\311\032\335\003\321/\352\2240/\352\2248\n\000""; }; nodes {;   nodedata: ""h\315\350\215y\203\242]\371\235\232Pt&\325\210eZ\346\237XZ \277\2457n\221\336\253\245\317\002\304\206+8\t]\351\316\373|\311\263V\300\023\035\211\237\260\300\r\033u3a1\203\303\365\307k\347\006E\344\037@\210\363\010\336T\226\247'\204_{\261\370""1\235\2445\343\033Y!\212\201\341\272\225'\007*$\244&\336\343'\233i\332\374\245 {^\306-N\333\gE\006\347\212\331C\211Z\177\247\031\n\341\r>\005\321\365we\235\320V\343\226\025\362\276\307\256\304\027\030$&\361\344\207\031#\302\033\345Q\013\202_n)6q\357\2538_-\302\252B\204v\277\254\373\3322Ca\020\243\0105\263\257\367\032\254\016\003""; }; requestCookie: 5; "
1750587317508,1750587317508,0,1,2,1,TMGetLedger,"itype: liBASE; ledgerHash: ""\025{\341\203\016\355Wm\222\t\022+\207\321\343}^\317s\206\320\316\221\322\t\214\257\211\366S\177\277""; ","itype: liBASE; ledgerHash: ""\025{\341\203\016\355Wm\222\t\022+\207\321\343}^\317s\206\320\316\221\322\t\214\257\211\366S\177\277""; "
1750587317508,1750587317508,0,1,2,1,TMGetLedger,"itype: liBASE; ledgerHash: ""\025{\341\203\016\355Wm\222\t\022+\207\321\343}^\317s\206\320\316\221\322\t\214\257\211\366S\177\277""; requestCookie: 2; queryType: qtINDIRECT; ","itype: liBASE; ledgerHash: ""\025{\341\203\016\355Wm\222\t\022+\207\321\343}^\317s\206\320\316\221\322\t\214\257\211\366S\177\277""; requestCookie: 2; queryType: qtINDIRECT; "
1750587317509,1750587317509,0,1,2,1,TMGetLedger,"itype: liBASE; ledgerHash: ""\025{\341\203\016\355Wm\222\t\022+\207\321\343}^\317s\206\320\316\221\322\t\214\257\211\366S\177\277""; queryType: qtINDIRECT; ","itype: liBASE; ledgerHash: ""\025{\341\203\016\355Wm\222\t\022+\207\321\343}^\317s\206\320\316\221\322\t\214\257\211\366S\177\277""; queryType: qtINDIRECT; "
1750587317512,1750587317512,0,1,2,1,TMGetLedger,"itype: liBASE; ledgerHash: ""\025{\341\203\016\355Wm\222\t\022+\207\321\343}^\317s\206\320\316\221\322\t\214\257\211\366S\177\277""; requestCookie: 5; queryType: qtINDIRECT; ","itype: liBASE; ledgerHash: ""\025{\341\203\016\355Wm\222\t\022+\207\321\343}^\317s\206\320\316\221\322\t\214\257\211\366S\177\277""; requestCookie: 5; queryType: qtINDIRECT; "
1750587317514,1750587317514,0,1,2,1,TMGetLedger,"itype: liBASE; ledgerHash: ""\025{\341\203\016\355Wm\222\t\022+\207\321\343}^\317s\206\320\316\221\322\t\214\257\211\366S\177\277""; requestCookie: 4; queryType: qtINDIRECT; ","itype: liBASE; ledgerHash: ""\025{\341\203\016\355Wm\222\t\022+\207\321\343}^\317s\206\320\316\221\322\t\214\257\211\366S\177\277""; requestCookie: 4; queryType: qtINDIRECT; "
1750587317515,1750587317515,0,1,3,1,TMGetLedger,"itype: liBASE; ledgerHash: ""\025{\341\203\016\355Wm\222\t\022+\207\321\343}^\317s\206\320\316\221\322\t\214\257\211\366S\177\277""; ","itype: liBASE; ledgerHash: ""\025{\341\203\016\355Wm\222\t\022+\207\321\343}^\317s\206\320\316\221\322\t\214\257\211\366S\177\277""; "
1750587317516,1750587317516,0,1,3,1,TMGetLedger,"itype: liBASE; ledgerHash: ""\025{\341\203\016\355Wm\222\t\022+\207\321\343}^\317s\206\320\316\221\322\t\214\257\211\366S\177\277""; requestCookie: 4; queryType: qtINDIRECT; ","itype: liBASE; ledgerHash: ""\025{\341\203\016\355Wm\222\t\022+\207\321\343}^\317s\206\320\316\221\322\t\214\257\211\366S\177\277""; requestCookie: 4; queryType: qtINDIRECT; "
1750587317516,1750587317516,0,1,3,1,TMGetLedger,"itype: liBASE; ledgerHash: ""\025{\341\203\016\355Wm\222\t\022+\207\321\343}^\317s\206\320\316\221\322\t\214\257\211\366S\177\277""; queryType: qtINDIRECT; ","itype: liBASE; ledgerHash: ""\025{\341\203\016\355Wm\222\t\022+\207\321\343}^\317s\206\320\316\221\322\t\214\257\211\366S\177\277""; queryType: qtINDIRECT; "
1750587317518,1750587317518,0,1,3,1,TMGetLedger,"itype: liBASE; ledgerHash: ""\025{\341\203\016\355Wm\222\t\022+\207\321\343}^\317s\206\320\316\221\322\t\214\257\211\366S\177\277""; requestCookie: 5; queryType: qtINDIRECT; ","itype: liBASE; ledgerHash: ""\025{\341\203\016\355Wm\222\t\022+\207\321\343}^\317s\206\320\316\221\322\t\214\257\211\366S\177\277""; requestCookie: 5; queryType: qtINDIRECT; "
1750587317518,1750587317519,0,1,3,1,TMGetLedger,"itype: liBASE; ledgerHash: ""\025{\341\203\016\355Wm\222\t\022+\207\321\343}^\317s\206\320\316\221\322\t\214\257\211\366S\177\277""; requestCookie: 2; queryType: qtINDIRECT; ","itype: liBASE; ledgerHash: ""\025{\341\203\016\355Wm\222\t\022+\207\321\343}^\317s\206\320\316\221\322\t\214\257\211\366S\177\277""; requestCookie: 2; queryType: qtINDIRECT; "
1750587317519,1750587317520,0,1,1,0,TMLedgerData,"ledgerHash: ""\025{\341\203\016\355Wm\222\t\022+\207\321\343}^\317s\206\320\316\221\322\t\214\257\211\366S\177\277""; ledgerSeq: 18; type: liBASE; nodes {;   nodedata: ""\000\000\000\022\001cEx]\211\377\330\336\037\263=\026\236A\324J9\261\341@\353\236\027\243\365\225\347\2315\205\014\356\333\201\232V!\026\010\000\000\000\000\000\000\000\000\000\000\000\000\000\000\000\000\000\000\000\000\000\000\000\000\000\000\000\000\000\000\000\000/n\2515\004\221\202\356B?\333I\240\225\333u\331I:\372$UB\307\231_\364\311\032\335\003\321/\352\2240/\352\2248\n\000""; }; nodes {;   nodedata: ""h\315\350\215y\203\242]\371\235\232Pt&\325\210eZ\346\237XZ \277\2457n\221\336\253\245\317\002\304\206+8\t]\351\316\373|\311\263V\300\023\035\211\237\260\300\r\033u3a1\203\303\365\307k\347\006E\344\037@\210\363\010\336T\226\247'\204_{\261\370""1\235\2445\343\033Y!\212\201\341\272\225'\007*$\244&\336\343'\233i\332\374\245 {^\306-N\333\gE\006\347\212\331C\211Z\177\247\031\n\341\r>\005\321\365we\235\320V\343\226\025\362\276\307\256\304\027\030$&\361\344\207\031#\302\033\345Q\013\202_n)6q\357\2538_-\302\252B\204v\277\254\373\3322Ca\020\243\0105\263\257\367\032\254\016\003""; }; requestCookie: 4; ","ledgerHash: ""\025{\341\203\016\355Wm\222\t\022+\207\321\343}^\317s\206\320\316\221\322\t\214\257\211\366S\177\277""; ledgerSeq: 18; type: liBASE; nodes {;   nodedata: ""\000\000\000\022\001cEx]\211\377\330\336\037\263=\026\236A\324J9\261\341@\353\236\027\243\365\225\347\2315\205\014\356\333\201\232V!\026\010\000\000\000\000\000\000\000\000\000\000\000\000\000\000\000\000\000\000\000\000\000\000\000\000\000\000\000\000\000\000\000\000/n\2515\004\221\202\356B?\333I\240\225\333u\331I:\372$UB\307\231_\364\311\032\335\003\321/\352\2240/\352\2248\n\000""; }; nodes {;   nodedata: ""h\315\350\215y\203\242]\371\235\232Pt&\325\210eZ\346\237XZ \277\2457n\221\336\253\245\317\002\304\206+8\t]\351\316\373|\311\263V\300\023\035\211\237\260\300\r\033u3a1\203\303\365\307k\347\006E\344\037@\210\363\010\336T\226\247'\204_{\261\370""1\235\2445\343\033Y!\212\201\341\272\225'\007*$\244&\336\343'\233i\332\374\245 {^\306-N\333\gE\006\347\212\331C\211Z\177\247\031\n\341\r>\005\321\365we\235\320V\343\226\025\362\276\307\256\304\027\030$&\361\344\207\031#\302\033\345Q\013\202_n)6q\357\2538_-\302\252B\204v\277\254\373\3322Ca\020\243\0105\263\257\367\032\254\016\003""; }; requestCookie: 4; "
1750587317520,1750587317520,0,1,1,0,TMLedgerData,"ledgerHash: ""\025{\341\203\016\355Wm\222\t\022+\207\321\343}^\317s\206\320\316\221\322\t\214\257\211\366S\177\277""; ledgerSeq: 18; type: liBASE; nodes {;   nodedata: ""\000\000\000\022\001cEx]\211\377\330\336\037\263=\026\236A\324J9\261\341@\353\236\027\243\365\225\347\2315\205\014\356\333\201\232V!\026\010\000\000\000\000\000\000\000\000\000\000\000\000\000\000\000\000\000\000\000\000\000\000\000\000\000\000\000\000\000\000\000\000/n\2515\004\221\202\356B?\333I\240\225\333u\331I:\372$UB\307\231_\364\311\032\335\003\321/\352\2240/\352\2248\n\000""; }; nodes {;   nodedata: ""h\315\350\215y\203\242]\371\235\232Pt&\325\210eZ\346\237XZ \277\2457n\221\336\253\245\317\002\304\206+8\t]\351\316\373|\311\263V\300\023\035\211\237\260\300\r\033u3a1\203\303\365\307k\347\006E\344\037@\210\363\010\336T\226\247'\204_{\261\370""1\235\2445\343\033Y!\212\201\341\272\225'\007*$\244&\336\343'\233i\332\374\245 {^\306-N\333\gE\006\347\212\331C\211Z\177\247\031\n\341\r>\005\321\365we\235\320V\343\226\025\362\276\307\256\304\027\030$&\361\344\207\031#\302\033\345Q\013\202_n)6q\357\2538_-\302\252B\204v\277\254\373\3322Ca\020\243\0105\263\257\367\032\254\016\003""; }; requestCookie: 3; ","ledgerHash: ""\025{\341\203\016\355Wm\222\t\022+\207\321\343}^\317s\206\320\316\221\322\t\214\257\211\366S\177\277""; ledgerSeq: 18; type: liBASE; nodes {;   nodedata: ""\000\000\000\022\001cEx]\211\377\330\336\037\263=\026\236A\324J9\261\341@\353\236\027\243\365\225\347\2315\205\014\356\333\201\232V!\026\010\000\000\000\000\000\000\000\000\000\000\000\000\000\000\000\000\000\000\000\000\000\000\000\000\000\000\000\000\000\000\000\000/n\2515\004\221\202\356B?\333I\240\225\333u\331I:\372$UB\307\231_\364\311\032\335\003\321/\352\2240/\352\2248\n\000""; }; nodes {;   nodedata: ""h\315\350\215y\203\242]\371\235\232Pt&\325\210eZ\346\237XZ \277\2457n\221\336\253\245\317\002\304\206+8\t]\351\316\373|\311\263V\300\023\035\211\237\260\300\r\033u3a1\203\303\365\307k\347\006E\344\037@\210\363\010\336T\226\247'\204_{\261\370""1\235\2445\343\033Y!\212\201\341\272\225'\007*$\244&\336\343'\233i\332\374\245 {^\306-N\333\gE\006\347\212\331C\211Z\177\247\031\n\341\r>\005\321\365we\235\320V\343\226\025\362\276\307\256\304\027\030$&\361\344\207\031#\302\033\345Q\013\202_n)6q\357\2538_-\302\252B\204v\277\254\373\3322Ca\020\243\0105\263\257\367\032\254\016\003""; }; requestCookie: 3; "
1750587317521,1750587317522,0,1,1,0,TMLedgerData,"ledgerHash: ""\025{\341\203\016\355Wm\222\t\022+\207\321\343}^\317s\206\320\316\221\322\t\214\257\211\366S\177\277""; ledgerSeq: 18; type: liAS_NODE; nodes {;   nodedata: ""\021\000h""\000\000\000\000 \033\000\000\000\021\002\023\302\177\330\356GuH\375\327!\255\371\r\231\262R\256J\034\222\241\355X\265E\241^W\225\304\014\361CX-}\351f\032\255\274\334m\326c\017\014ao[\342\230\003\245\245\3341Hm\326^\017jy\335\261\214.\207\210%\003 \010ML\347\200R\304&\320_\215\226\344\334\033\354\2002\255\216\332\317\255\034\017T\270\242(,&\233\326\374o\306[\235\317>\021e\005s\261\371l\216\017\003\032\017J\217\244W<\241'\332/+\360Bx\036+\210j\237K%\340]\246E\2434\264K\036\030qP\317\315\336\325\007\372\373$P*|\321\342\002\026\n\3215\340\3203\200x\327D\301]5\237\247Yz\3711!L\214\221=\252\002\267\225zg\264\253\271T\346ji\003\235\236Pis\264\375\222|H\344\261g?[g\311\347s\234ae\204\263\365U\334\372D\354\345\276\201f\035\271%#\375\245\314.""\373\330&\3746\354@[\274\202\021\202\373Vi\243\n\325\250\005e\360""m\346'\311@\343\016$L\346\334\360<w\317\351\2337\023\262\336W\254\222\315\335\317oP\221\031g\037\220\357Ft\030n\306\370\n\354\226\365\346\276\322i\233\014\037\027Z\351\022\216@=S\205\334\033\374\234n\r\270\210]\013\203\356\024\366\354\260\007L\324\236aQ\361\020X\372\353 3\347\310*\253\021gT!>\003\325\254,\003\367\204\031\331\255\240\304J\342j\272\270\274\360\307\356\347\200Ywm#\014\233\301\022L\232T\033N\341\232\325\233\227\313\307\302\001\313@D\264\016\334\r\034\035\\276\225\314|\234S*r\007\370x>\305D*\007b\276v\316D!=\355\210\037\325\034/l\242\365\034!w\324\362\3252-\025\351\314\2334,\306Dd\037v\256\345X\002=\033c\255\253\226\014-o\364!\262f\370\222\250\377\220&p\343\245\3604Op\353\317\305?Z\326\257)\2439\250\272\002\370\360\022\220W 062/8s4\204\363\253&I\000m\335\025\336\037\263=\026\236A\324J9\261\341@\353\236\027\243\365\225\347\2315\205\014\356\333\201\232V!\026\010\264\227\2326\315\307\363\323\325\303\032N\256*\307\327 \235\332\207u\210\271\257\306g\231i*\260\326k\001"";   nodeid: ""\260\000\000\000\000\000\000\000\000\000\000\000\000\000\000\000\000\000\000\000\000\000\000\000\000\000\000\000\000\000\000\000\001""; }; ","ledgerHash: ""\025{\341\203\016\355Wm\222\t\022+\207\321\343}^\317s\206\320\316\221\322\t\214\257\211\366S\177\277""; ledgerSeq: 18; type: liAS_NODE; nodes {;   nodedata: ""\021\000h""\000\000\000\000 \033\000\000\000\021\002\023\302\177\330\356GuH\375\327!\255\371\r\231\262R\256J\034\222\241\355X\265E\241^W\225\304\014\361CX-}\351f\032\255\274\334m\326c\017\014ao[\342\230\003\245\245\3341Hm\326^\017jy\335\261\214.\207\210%\003 \010ML\347\200R\304&\320_\215\226\344\334\033\354\2002\255\216\332\317\255\034\017T\270\242(,&\233\326\374o\306[\235\317>\021e\005s\261\371l\216\017\003\032\017J\217\244W<\241'\332/+\360Bx\036+\210j\237K%\340]\246E\2434\264K\036\030qP\317\315\336\325\007\372\373$P*|\321\342\002\026\n\3215\340\3203\200x\327D\301]5\237\247Yz\3711!L\214\221=\252\002\267\225zg\264\253\271T\346ji\003\235\236Pis\264\375\222|H\344\261g?[g\311\347s\234ae\204\263\365U\334\372D\354\345\276\201f\035\271%#\375\245\314.""\373\330&\3746\354@[\274\202\021\202\373Vi\243\n\325\250\005e\360""m\346'\311@\343\016$L\346\334\360<w\317\351\2337\023\262\336W\254\222\315\335\317oP\221\031g\037\220\357Ft\030n\306\370\n\354\226\365\346\276\322i\233\014\037\027Z\351\022\216@=S\205\334\033\374\234n\r\270\210]\013\203\356\024\366\354\260\007L\324\236aQ\361\020X\372\353 3\347\310*\253\021gT!>\003\325\254,\003\367\204\031\331\255\240\304J\342j\272\270\274\360\307\356\347\200Ywm#\014\233\301\022L\232T\033N\341\232\325\233\227\313\307\302\001\313@D\264\016\334\r\034\035\\276\225\314|\234S*r\007\370x>\305D*\007b\276v\316D!=\355\210\037\325\034/l\242\365\034!w\324\362\3252-\025\351\314\2334,\306Dd\037v\256\345X\002=\033c\255\253\226\014-o\364!\262f\370\222\250\377\220&p\343\245\3604Op\353\317\305?Z\326\257)\2439\250\272\002\370\360\022\220W 062/8s4\204\363\253&I\000m\335\025\336\037\263=\026\236A\324J9\261\341@\353\236\027\243\365\225\347\2315\205\014\356\333\201\232V!\026\010\264\227\2326\315\307\363\323\325\303\032N\256*\307\327 \235\332\207u\210\271\257\306g\231i*\260\326k\001"";   nodeid: ""\260\000\000\000\000\000\000\000\000\000\000\000\000\000\000\000\000\000\000\000\000\000\000\000\000\000\000\000\000\000\000\000\001""; }; "
1750587317522,1750587317522,0,1,4,0,TMLedgerData,"ledgerHash: ""\025{\341\203\016\355Wm\222\t\022+\207\321\343}^\317s\206\320\316\221\322\t\214\257\211\366S\177\277""; ledgerSeq: 18; type: liBASE; nodes {;   nodedata: ""\000\000\000\022\001cEx]\211\377\330\336\037\263=\026\236A\324J9\261\341@\353\236\027\243\365\225\347\2315\205\014\356\333\201\232V!\026\010\000\000\000\000\000\000\000\000\000\000\000\000\000\000\000\000\000\000\000\000\000\000\000\000\000\000\000\000\000\000\000\000/n\2515\004\221\202\356B?\333I\240\225\333u\331I:\372$UB\307\231_\364\311\032\335\003\321/\352\2240/\352\2248\n\000""; }; nodes {;   nodedata: ""h\315\350\215y\203\242]\371\235\232Pt&\325\210eZ\346\237XZ \277\2457n\221\336\253\245\317\002\304\206+8\t]\351\316\373|\311\263V\300\023\035\211\237\260\300\r\033u3a1\203\303\365\307k\347\006E\344\037@\210\363\010\336T\226\247'\204_{\261\370""1\235\2445\343\033Y!\212\201\341\272\225'\007*$\244&\336\343'\233i\332\374\245 {^\306-N\333\gE\006\347\212\331C\211Z\177\247\031\n\341\r>\005\321\365we\235\320V\343\226\025\362\276\307\256\304\027\030$&\361\344\207\031#\302\033\345Q\013\202_n)6q\357\2538_-\302\252B\204v\277\254\373\3322Ca\020\243\0105\263\257\367\032\254\016\003""; }; ","ledgerHash: ""\025{\341\203\016\355Wm\222\t\022+\207\321\343}^\317s\206\320\316\221\322\t\214\257\211\366S\177\277""; ledgerSeq: 18; type: liBASE; nodes {;   nodedata: ""\000\000\000\022\001cEx]\211\377\330\336\037\263=\026\236A\324J9\261\341@\353\236\027\243\365\225\347\2315\205\014\356\333\201\232V!\026\010\000\000\000\000\000\000\000\000\000\000\000\000\000\000\000\000\000\000\000\000\000\000\000\000\000\000\000\000\000\000\000\000/n\2515\004\221\202\356B?\333I\240\225\333u\331I:\372$UB\307\231_\364\311\032\335\003\321/\352\2240/\352\2248\n\000""; }; nodes {;   nodedata: ""h\315\350\215y\203\242]\371\235\232Pt&\325\210eZ\346\237XZ \277\2457n\221\336\253\245\317\002\304\206+8\t]\351\316\373|\311\263V\300\023\035\211\237\260\300\r\033u3a1\203\303\365\307k\347\006E\344\037@\210\363\010\336T\226\247'\204_{\261\370""1\235\2445\343\033Y!\212\201\341\272\225'\007*$\244&\336\343'\233i\332\374\245 {^\306-N\333\gE\006\347\212\331C\211Z\177\247\031\n\341\r>\005\321\365we\235\320V\343\226\025\362\276\307\256\304\027\030$&\361\344\207\031#\302\033\345Q\013\202_n)6q\357\2538_-\302\252B\204v\277\254\373\3322Ca\020\243\0105\263\257\367\032\254\016\003""; }; "
1750587317523,1750587317524,0,1,1,4,TMLedgerData,"ledgerHash: ""\025{\341\203\016\355Wm\222\t\022+\207\321\343}^\317s\206\320\316\221\322\t\214\257\211\366S\177\277""; ledgerSeq: 18; type: liBASE; nodes {;   nodedata: ""\000\000\000\022\001cEx]\211\377\330\336\037\263=\026\236A\324J9\261\341@\353\236\027\243\365\225\347\2315\205\014\356\333\201\232V!\026\010\000\000\000\000\000\000\000\000\000\000\000\000\000\000\000\000\000\000\000\000\000\000\000\000\000\000\000\000\000\000\000\000/n\2515\004\221\202\356B?\333I\240\225\333u\331I:\372$UB\307\231_\364\311\032\335\003\321/\352\2240/\352\2248\n\000""; }; nodes {;   nodedata: ""h\315\350\215y\203\242]\371\235\232Pt&\325\210eZ\346\237XZ \277\2457n\221\336\253\245\317\002\304\206+8\t]\351\316\373|\311\263V\300\023\035\211\237\260\300\r\033u3a1\203\303\365\307k\347\006E\344\037@\210\363\010\336T\226\247'\204_{\261\370""1\235\2445\343\033Y!\212\201\341\272\225'\007*$\244&\336\343'\233i\332\374\245 {^\306-N\333\gE\006\347\212\331C\211Z\177\247\031\n\341\r>\005\321\365we\235\320V\343\226\025\362\276\307\256\304\027\030$&\361\344\207\031#\302\033\345Q\013\202_n)6q\357\2538_-\302\252B\204v\277\254\373\3322Ca\020\243\0105\263\257\367\032\254\016\003""; }; requestCookie: 4; ","ledgerHash: ""\025{\341\203\016\355Wm\222\t\022+\207\321\343}^\317s\206\320\316\221\322\t\214\257\211\366S\177\277""; ledgerSeq: 18; type: liBASE; nodes {;   nodedata: ""\000\000\000\022\001cEx]\211\377\330\336\037\263=\026\236A\324J9\261\341@\353\236\027\243\365\225\347\2315\205\014\356\333\201\232V!\026\010\000\000\000\000\000\000\000\000\000\000\000\000\000\000\000\000\000\000\000\000\000\000\000\000\000\000\000\000\000\000\000\000/n\2515\004\221\202\356B?\333I\240\225\333u\331I:\372$UB\307\231_\364\311\032\335\003\321/\352\2240/\352\2248\n\000""; }; nodes {;   nodedata: ""h\315\350\215y\203\242]\371\235\232Pt&\325\210eZ\346\237XZ \277\2457n\221\336\253\245\317\002\304\206+8\t]\351\316\373|\311\263V\300\023\035\211\237\260\300\r\033u3a1\203\303\365\307k\347\006E\344\037@\210\363\010\336T\226\247'\204_{\261\370""1\235\2445\343\033Y!\212\201\341\272\225'\007*$\244&\336\343'\233i\332\374\245 {^\306-N\333\gE\006\347\212\331C\211Z\177\247\031\n\341\r>\005\321\365we\235\320V\343\226\025\362\276\307\256\304\027\030$&\361\344\207\031#\302\033\345Q\013\202_n)6q\357\2538_-\302\252B\204v\277\254\373\3322Ca\020\243\0105\263\257\367\032\254\016\003""; }; requestCookie: 4; "
1750587317524,1750587317524,0,1,1,4,TMLedgerData,"ledgerHash: ""\025{\341\203\016\355Wm\222\t\022+\207\321\343}^\317s\206\320\316\221\322\t\214\257\211\366S\177\277""; ledgerSeq: 18; type: liBASE; nodes {;   nodedata: ""\000\000\000\022\001cEx]\211\377\330\336\037\263=\026\236A\324J9\261\341@\353\236\027\243\365\225\347\2315\205\014\356\333\201\232V!\026\010\000\000\000\000\000\000\000\000\000\000\000\000\000\000\000\000\000\000\000\000\000\000\000\000\000\000\000\000\000\000\000\000/n\2515\004\221\202\356B?\333I\240\225\333u\331I:\372$UB\307\231_\364\311\032\335\003\321/\352\2240/\352\2248\n\000""; }; nodes {;   nodedata: ""h\315\350\215y\203\242]\371\235\232Pt&\325\210eZ\346\237XZ \277\2457n\221\336\253\245\317\002\304\206+8\t]\351\316\373|\311\263V\300\023\035\211\237\260\300\r\033u3a1\203\303\365\307k\347\006E\344\037@\210\363\010\336T\226\247'\204_{\261\370""1\235\2445\343\033Y!\212\201\341\272\225'\007*$\244&\336\343'\233i\332\374\245 {^\306-N\333\gE\006\347\212\331C\211Z\177\247\031\n\341\r>\005\321\365we\235\320V\343\226\025\362\276\307\256\304\027\030$&\361\344\207\031#\302\033\345Q\013\202_n)6q\357\2538_-\302\252B\204v\277\254\373\3322Ca\020\243\0105\263\257\367\032\254\016\003""; }; requestCookie: 3; ","ledgerHash: ""\025{\341\203\016\355Wm\222\t\022+\207\321\343}^\317s\206\320\316\221\322\t\214\257\211\366S\177\277""; ledgerSeq: 18; type: liBASE; nodes {;   nodedata: ""\000\000\000\022\001cEx]\211\377\330\336\037\263=\026\236A\324J9\261\341@\353\236\027\243\365\225\347\2315\205\014\356\333\201\232V!\026\010\000\000\000\000\000\000\000\000\000\000\000\000\000\000\000\000\000\000\000\000\000\000\000\000\000\000\000\000\000\000\000\000/n\2515\004\221\202\356B?\333I\240\225\333u\331I:\372$UB\307\231_\364\311\032\335\003\321/\352\2240/\352\2248\n\000""; }; nodes {;   nodedata: ""h\315\350\215y\203\242]\371\235\232Pt&\325\210eZ\346\237XZ \277\2457n\221\336\253\245\317\002\304\206+8\t]\351\316\373|\311\263V\300\023\035\211\237\260\300\r\033u3a1\203\303\365\307k\347\006E\344\037@\210\363\010\336T\226\247'\204_{\261\370""1\235\2445\343\033Y!\212\201\341\272\225'\007*$\244&\336\343'\233i\332\374\245 {^\306-N\333\gE\006\347\212\331C\211Z\177\247\031\n\341\r>\005\321\365we\235\320V\343\226\025\362\276\307\256\304\027\030$&\361\344\207\031#\302\033\345Q\013\202_n)6q\357\2538_-\302\252B\204v\277\254\373\3322Ca\020\243\0105\263\257\367\032\254\016\003""; }; requestCookie: 3; "
1750587317525,1750587317525,0,1,0,4,TMLedgerData,"ledgerHash: ""\025{\341\203\016\355Wm\222\t\022+\207\321\343}^\317s\206\320\316\221\322\t\214\257\211\366S\177\277""; ledgerSeq: 18; type: liBASE; nodes {;   nodedata: ""\000\000\000\022\001cEx]\211\377\330\336\037\263=\026\236A\324J9\261\341@\353\236\027\243\365\225\347\2315\205\014\356\333\201\232V!\026\010\000\000\000\000\000\000\000\000\000\000\000\000\000\000\000\000\000\000\000\000\000\000\000\000\000\000\000\000\000\000\000\000/n\2515\004\221\202\356B?\333I\240\225\333u\331I:\372$UB\307\231_\364\311\032\335\003\321/\352\2240/\352\2248\n\000""; }; nodes {;   nodedata: ""h\315\350\215y\203\242]\371\235\232Pt&\325\210eZ\346\237XZ \277\2457n\221\336\253\245\317\002\304\206+8\t]\351\316\373|\311\263V\300\023\035\211\237\260\300\r\033u3a1\203\303\365\307k\347\006E\344\037@\210\363\010\336T\226\247'\204_{\261\370""1\235\2445\343\033Y!\212\201\341\272\225'\007*$\244&\336\343'\233i\332\374\245 {^\306-N\333\gE\006\347\212\331C\211Z\177\247\031\n\341\r>\005\321\365we\235\320V\343\226\025\362\276\307\256\304\027\030$&\361\344\207\031#\302\033\345Q\013\202_n)6q\357\2538_-\302\252B\204v\277\254\373\3322Ca\020\243\0105\263\257\367\032\254\016\003""; }; ","ledgerHash: ""\025{\341\203\016\355Wm\222\t\022+\207\321\343}^\317s\206\320\316\221\322\t\214\257\211\366S\177\277""; ledgerSeq: 18; type: liBASE; nodes {;   nodedata: ""\000\000\000\022\001cEx]\211\377\330\336\037\263=\026\236A\324J9\261\341@\353\236\027\243\365\225\347\2315\205\014\356\333\201\232V!\026\010\000\000\000\000\000\000\000\000\000\000\000\000\000\000\000\000\000\000\000\000\000\000\000\000\000\000\000\000\000\000\000\000/n\2515\004\221\202\356B?\333I\240\225\333u\331I:\372$UB\307\231_\364\311\032\335\003\321/\352\2240/\352\2248\n\000""; }; nodes {;   nodedata: ""h\315\350\215y\203\242]\371\235\232Pt&\325\210eZ\346\237XZ \277\2457n\221\336\253\245\317\002\304\206+8\t]\351\316\373|\311\263V\300\023\035\211\237\260\300\r\033u3a1\203\303\365\307k\347\006E\344\037@\210\363\010\336T\226\247'\204_{\261\370""1\235\2445\343\033Y!\212\201\341\272\225'\007*$\244&\336\343'\233i\332\374\245 {^\306-N\333\gE\006\347\212\331C\211Z\177\247\031\n\341\r>\005\321\365we\235\320V\343\226\025\362\276\307\256\304\027\030$&\361\344\207\031#\302\033\345Q\013\202_n)6q\357\2538_-\302\252B\204v\277\254\373\3322Ca\020\243\0105\263\257\367\032\254\016\003""; }; "
1750587317525,1750587317526,0,1,1,4,TMLedgerData,"ledgerHash: ""\025{\341\203\016\355Wm\222\t\022+\207\321\343}^\317s\206\320\316\221\322\t\214\257\211\366S\177\277""; ledgerSeq: 18; type: liAS_NODE; nodes {;   nodedata: ""\021\000h""\000\000\000\000 \033\000\000\000\021\002\023\302\177\330\356GuH\375\327!\255\371\r\231\262R\256J\034\222\241\355X\265E\241^W\225\304\014\361CX-}\351f\032\255\274\334m\326c\017\014ao[\342\230\003\245\245\3341Hm\326^\017jy\335\261\214.\207\210%\003 \010ML\347\200R\304&\320_\215\226\344\334\033\354\2002\255\216\332\317\255\034\017T\270\242(,&\233\326\374o\306[\235\317>\021e\005s\261\371l\216\017\003\032\017J\217\244W<\241'\332/+\360Bx\036+\210j\237K%\340]\246E\2434\264K\036\030qP\317\315\336\325\007\372\373$P*|\321\342\002\026\n\3215\340\3203\200x\327D\301]5\237\247Yz\3711!L\214\221=\252\002\267\225zg\264\253\271T\346ji\003\235\236Pis\264\375\222|H\344\261g?[g\311\347s\234ae\204\263\365U\334\372D\354\345\276\201f\035\271%#\375\245\314.""\373\330&\3746\354@[\274\202\021\202\373Vi\243\n\325\250\005e\360""m\346'\311@\343\016$L\346\334\360<w\317\351\2337\023\262\336W\254\222\315\335\317oP\221\031g\037\220\357Ft\030n\306\370\n\354\226\365\346\276\322i\233\014\037\027Z\351\022\216@=S\205\334\033\374\234n\r\270\210]\013\203\356\024\366\354\260\007L\324\236aQ\361\020X\372\353 3\347\310*\253\021gT!>\003\325\254,\003\367\204\031\331\255\240\304J\342j\272\270\274\360\307\356\347\200Ywm#\014\233\301\022L\232T\033N\341\232\325\233\227\313\307\302\001\313@D\264\016\334\r\034\035\\276\225\314|\234S*r\007\370x>\305D*\007b\276v\316D!=\355\210\037\325\034/l\242\365\034!w\324\362\3252-\025\351\314\2334,\306Dd\037v\256\345X\002=\033c\255\253\226\014-o\364!\262f\370\222\250\377\220&p\343\245\3604Op\353\317\305?Z\326\257)\2439\250\272\002\370\360\022\220W 062/8s4\204\363\253&I\000m\335\025\336\037\263=\026\236A\324J9\261\341@\353\236\027\243\365\225\347\2315\205\014\356\333\201\232V!\026\010\264\227\2326\315\307\363\323\325\303\032N\256*\307\327 \235\332\207u\210\271\257\306g\231i*\260\326k\001"";   nodeid: ""\260\000\000\000\000\000\000\000\000\000\000\000\000\000\000\000\000\000\000\000\000\000\000\000\000\000\000\000\000\000\000\000\001""; }; ","ledgerHash: ""\025{\341\203\016\355Wm\222\t\022+\207\321\343}^\317s\206\320\316\221\322\t\214\257\211\366S\177\277""; ledgerSeq: 18; type: liAS_NODE; nodes {;   nodedata: ""\021\000h""\000\000\000\000 \033\000\000\000\021\002\023\302\177\330\356GuH\375\327!\255\371\r\231\262R\256J\034\222\241\355X\265E\241^W\225\304\014\361CX-}\351f\032\255\274\334m\326c\017\014ao[\342\230\003\245\245\3341Hm\326^\017jy\335\261\214.\207\210%\003 \010ML\347\200R\304&\320_\215\226\344\334\033\354\2002\255\216\332\317\255\034\017T\270\242(,&\233\326\374o\306[\235\317>\021e\005s\261\371l\216\017\003\032\017J\217\244W<\241'\332/+\360Bx\036+\210j\237K%\340]\246E\2434\264K\036\030qP\317\315\336\325\007\372\373$P*|\321\342\002\026\n\3215\340\3203\200x\327D\301]5\237\247Yz\3711!L\214\221=\252\002\267\225zg\264\253\271T\346ji\003\235\236Pis\264\375\222|H\344\261g?[g\311\347s\234ae\204\263\365U\334\372D\354\345\276\201f\035\271%#\375\245\314.""\373\330&\3746\354@[\274\202\021\202\373Vi\243\n\325\250\005e\360""m\346'\311@\343\016$L\346\334\360<w\317\351\2337\023\262\336W\254\222\315\335\317oP\221\031g\037\220\357Ft\030n\306\370\n\354\226\365\346\276\322i\233\014\037\027Z\351\022\216@=S\205\334\033\374\234n\r\270\210]\013\203\356\024\366\354\260\007L\324\236aQ\361\020X\372\353 3\347\310*\253\021gT!>\003\325\254,\003\367\204\031\331\255\240\304J\342j\272\270\274\360\307\356\347\200Ywm#\014\233\301\022L\232T\033N\341\232\325\233\227\313\307\302\001\313@D\264\016\334\r\034\035\\276\225\314|\234S*r\007\370x>\305D*\007b\276v\316D!=\355\210\037\325\034/l\242\365\034!w\324\362\3252-\025\351\314\2334,\306Dd\037v\256\345X\002=\033c\255\253\226\014-o\364!\262f\370\222\250\377\220&p\343\245\3604Op\353\317\305?Z\326\257)\2439\250\272\002\370\360\022\220W 062/8s4\204\363\253&I\000m\335\025\336\037\263=\026\236A\324J9\261\341@\353\236\027\243\365\225\347\2315\205\014\356\333\201\232V!\026\010\264\227\2326\315\307\363\323\325\303\032N\256*\307\327 \235\332\207u\210\271\257\306g\231i*\260\326k\001"";   nodeid: ""\260\000\000\000\000\000\000\000\000\000\000\000\000\000\000\000\000\000\000\000\000\000\000\000\000\000\000\000\000\000\000\000\001""; }; "
1750587317527,1750587317527,0,1,1,2,TMLedgerData,"ledgerHash: ""\025{\341\203\016\355Wm\222\t\022+\207\321\343}^\317s\206\320\316\221\322\t\214\257\211\366S\177\277""; ledgerSeq: 18; type: liBASE; nodes {;   nodedata: ""\000\000\000\022\001cEx]\211\377\330\336\037\263=\026\236A\324J9\261\341@\353\236\027\243\365\225\347\2315\205\014\356\333\201\232V!\026\010\000\000\000\000\000\000\000\000\000\000\000\000\000\000\000\000\000\000\000\000\000\000\000\000\000\000\000\000\000\000\000\000/n\2515\004\221\202\356B?\333I\240\225\333u\331I:\372$UB\307\231_\364\311\032\335\003\321/\352\2240/\352\2248\n\000""; }; nodes {;   nodedata: ""h\315\350\215y\203\242]\371\235\232Pt&\325\210eZ\346\237XZ \277\2457n\221\336\253\245\317\002\304\206+8\t]\351\316\373|\311\263V\300\023\035\211\237\260\300\r\033u3a1\203\303\365\307k\347\006E\344\037@\210\363\010\336T\226\247'\204_{\261\370""1\235\2445\343\033Y!\212\201\341\272\225'\007*$\244&\336\343'\233i\332\374\245 {^\306-N\333\gE\006\347\212\331C\211Z\177\247\031\n\341\r>\005\321\365we\235\320V\343\226\025\362\276\307\256\304\027\030$&\361\344\207\031#\302\033\345Q\013\202_n)6q\357\2538_-\302\252B\204v\277\254\373\3322Ca\020\243\0105\263\257\367\032\254\016\003""; }; ","ledgerHash: ""\025{\341\203\016\355Wm\222\t\022+\207\321\343}^\317s\206\320\316\221\322\t\214\257\211\366S\177\277""; ledgerSeq: 18; type: liBASE; nodes {;   nodedata: ""\000\000\000\022\001cEx]\211\377\330\336\037\263=\026\236A\324J9\261\341@\353\236\027\243\365\225\347\2315\205\014\356\333\201\232V!\026\010\000\000\000\000\000\000\000\000\000\000\000\000\000\000\000\000\000\000\000\000\000\000\000\000\000\000\000\000\000\000\000\000/n\2515\004\221\202\356B?\333I\240\225\333u\331I:\372$UB\307\231_\364\311\032\335\003\321/\352\2240/\352\2248\n\000""; }; nodes {;   nodedata: ""h\315\350\215y\203\242]\371\235\232Pt&\325\210eZ\346\237XZ \277\2457n\221\336\253\245\317\002\304\206+8\t]\351\316\373|\311\263V\300\023\035\211\237\260\300\r\033u3a1\203\303\365\307k\347\006E\344\037@\210\363\010\336T\226\247'\204_{\261\370""1\235\2445\343\033Y!\212\201\341\272\225'\007*$\244&\336\343'\233i\332\374\245 {^\306-N\333\gE\006\347\212\331C\211Z\177\247\031\n\341\r>\005\321\365we\235\320V\343\226\025\362\276\307\256\304\027\030$&\361\344\207\031#\302\033\345Q\013\202_n)6q\357\2538_-\302\252B\204v\277\254\373\3322Ca\020\243\0105\263\257\367\032\254\016\003""; }; "
1750587317527,1750587317527,0,1,1,2,TMLedgerData,"ledgerHash: ""\025{\341\203\016\355Wm\222\t\022+\207\321\343}^\317s\206\320\316\221\322\t\214\257\211\366S\177\277""; ledgerSeq: 18; type: liBASE; nodes {;   nodedata: ""\000\000\000\022\001cEx]\211\377\330\336\037\263=\026\236A\324J9\261\341@\353\236\027\243\365\225\347\2315\205\014\356\333\201\232V!\026\010\000\000\000\000\000\000\000\000\000\000\000\000\000\000\000\000\000\000\000\000\000\000\000\000\000\000\000\000\000\000\000\000/n\2515\004\221\202\356B?\333I\240\225\333u\331I:\372$UB\307\231_\364\311\032\335\003\321/\352\2240/\352\2248\n\000""; }; nodes {;   nodedata: ""h\315\350\215y\203\242]\371\235\232Pt&\325\210eZ\346\237XZ \277\2457n\221\336\253\245\317\002\304\206+8\t]\351\316\373|\311\263V\300\023\035\211\237\260\300\r\033u3a1\203\303\365\307k\347\006E\344\037@\210\363\010\336T\226\247'\204_{\261\370""1\235\2445\343\033Y!\212\201\341\272\225'\007*$\244&\336\343'\233i\332\374\245 {^\306-N\333\gE\006\347\212\331C\211Z\177\247\031\n\341\r>\005\321\365we\235\320V\343\226\025\362\276\307\256\304\027\030$&\361\344\207\031#\302\033\345Q\013\202_n)6q\357\2538_-\302\252B\204v\277\254\373\3322Ca\020\243\0105\263\257\367\032\254\016\003""; }; requestCookie: 2; ","ledgerHash: ""\025{\341\203\016\355Wm\222\t\022+\207\321\343}^\317s\206\320\316\221\322\t\214\257\211\366S\177\277""; ledgerSeq: 18; type: liBASE; nodes {;   nodedata: ""\000\000\000\022\001cEx]\211\377\330\336\037\263=\026\236A\324J9\261\341@\353\236\027\243\365\225\347\2315\205\014\356\333\201\232V!\026\010\000\000\000\000\000\000\000\000\000\000\000\000\000\000\000\000\000\000\000\000\000\000\000\000\000\000\000\000\000\000\000\000/n\2515\004\221\202\356B?\333I\240\225\333u\331I:\372$UB\307\231_\364\311\032\335\003\321/\352\2240/\352\2248\n\000""; }; nodes {;   nodedata: ""h\315\350\215y\203\242]\371\235\232Pt&\325\210eZ\346\237XZ \277\2457n\221\336\253\245\317\002\304\206+8\t]\351\316\373|\311\263V\300\023\035\211\237\260\300\r\033u3a1\203\303\365\307k\347\006E\344\037@\210\363\010\336T\226\247'\204_{\261\370""1\235\2445\343\033Y!\212\201\341\272\225'\007*$\244&\336\343'\233i\332\374\245 {^\306-N\333\gE\006\347\212\331C\211Z\177\247\031\n\341\r>\005\321\365we\235\320V\343\226\025\362\276\307\256\304\027\030$&\361\344\207\031#\302\033\345Q\013\202_n)6q\357\2538_-\302\252B\204v\277\254\373\3322Ca\020\243\0105\263\257\367\032\254\016\003""; }; requestCookie: 2; "
1750587317528,1750587317529,0,1,1,2,TMLedgerData,"ledgerHash: ""\025{\341\203\016\355Wm\222\t\022+\207\321\343}^\317s\206\320\316\221\322\t\214\257\211\366S\177\277""; ledgerSeq: 18; type: liBASE; nodes {;   nodedata: ""\000\000\000\022\001cEx]\211\377\330\336\037\263=\026\236A\324J9\261\341@\353\236\027\243\365\225\347\2315\205\014\356\333\201\232V!\026\010\000\000\000\000\000\000\000\000\000\000\000\000\000\000\000\000\000\000\000\000\000\000\000\000\000\000\000\000\000\000\000\000/n\2515\004\221\202\356B?\333I\240\225\333u\331I:\372$UB\307\231_\364\311\032\335\003\321/\352\2240/\352\2248\n\000""; }; nodes {;   nodedata: ""h\315\350\215y\203\242]\371\235\232Pt&\325\210eZ\346\237XZ \277\2457n\221\336\253\245\317\002\304\206+8\t]\351\316\373|\311\263V\300\023\035\211\237\260\300\r\033u3a1\203\303\365\307k\347\006E\344\037@\210\363\010\336T\226\247'\204_{\261\370""1\235\2445\343\033Y!\212\201\341\272\225'\007*$\244&\336\343'\233i\332\374\245 {^\306-N\333\gE\006\347\212\331C\211Z\177\247\031\n\341\r>\005\321\365we\235\320V\343\226\025\362\276\307\256\304\027\030$&\361\344\207\031#\302\033\345Q\013\202_n)6q\357\2538_-\302\252B\204v\277\254\373\3322Ca\020\243\0105\263\257\367\032\254\016\003""; }; ","ledgerHash: ""\025{\341\203\016\355Wm\222\t\022+\207\321\343}^\317s\206\320\316\221\322\t\214\257\211\366S\177\277""; ledgerSeq: 18; type: liBASE; nodes {;   nodedata: ""\000\000\000\022\001cEx]\211\377\330\336\037\263=\026\236A\324J9\261\341@\353\236\027\243\365\225\347\2315\205\014\356\333\201\232V!\026\010\000\000\000\000\000\000\000\000\000\000\000\000\000\000\000\000\000\000\000\000\000\000\000\000\000\000\000\000\000\000\000\000/n\2515\004\221\202\356B?\333I\240\225\333u\331I:\372$UB\307\231_\364\311\032\335\003\321/\352\2240/\352\2248\n\000""; }; nodes {;   nodedata: ""h\315\350\215y\203\242]\371\235\232Pt&\325\210eZ\346\237XZ \277\2457n\221\336\253\245\317\002\304\206+8\t]\351\316\373|\311\263V\300\023\035\211\237\260\300\r\033u3a1\203\303\365\307k\347\006E\344\037@\210\363\010\336T\226\247'\204_{\261\370""1\235\2445\343\033Y!\212\201\341\272\225'\007*$\244&\336\343'\233i\332\374\245 {^\306-N\333\gE\006\347\212\331C\211Z\177\247\031\n\341\r>\005\321\365we\235\320V\343\226\025\362\276\307\256\304\027\030$&\361\344\207\031#\302\033\345Q\013\202_n)6q\357\2538_-\302\252B\204v\277\254\373\3322Ca\020\243\0105\263\257\367\032\254\016\003""; }; "
1750587317530,1750587317530,0,1,1,2,TMLedgerData,"ledgerHash: ""\025{\341\203\016\355Wm\222\t\022+\207\321\343}^\317s\206\320\316\221\322\t\214\257\211\366S\177\277""; ledgerSeq: 18; type: liBASE; nodes {;   nodedata: ""\000\000\000\022\001cEx]\211\377\330\336\037\263=\026\236A\324J9\261\341@\353\236\027\243\365\225\347\2315\205\014\356\333\201\232V!\026\010\000\000\000\000\000\000\000\000\000\000\000\000\000\000\000\000\000\000\000\000\000\000\000\000\000\000\000\000\000\000\000\000/n\2515\004\221\202\356B?\333I\240\225\333u\331I:\372$UB\307\231_\364\311\032\335\003\321/\352\2240/\352\2248\n\000""; }; nodes {;   nodedata: ""h\315\350\215y\203\242]\371\235\232Pt&\325\210eZ\346\237XZ \277\2457n\221\336\253\245\317\002\304\206+8\t]\351\316\373|\311\263V\300\023\035\211\237\260\300\r\033u3a1\203\303\365\307k\347\006E\344\037@\210\363\010\336T\226\247'\204_{\261\370""1\235\2445\343\033Y!\212\201\341\272\225'\007*$\244&\336\343'\233i\332\374\245 {^\306-N\333\gE\006\347\212\331C\211Z\177\247\031\n\341\r>\005\321\365we\235\320V\343\226\025\362\276\307\256\304\027\030$&\361\344\207\031#\302\033\345Q\013\202_n)6q\357\2538_-\302\252B\204v\277\254\373\3322Ca\020\243\0105\263\257\367\032\254\016\003""; }; requestCookie: 5; ","ledgerHash: ""\025{\341\203\016\355Wm\222\t\022+\207\321\343}^\317s\206\320\316\221\322\t\214\257\211\366S\177\277""; ledgerSeq: 18; type: liBASE; nodes {;   nodedata: ""\000\000\000\022\001cEx]\211\377\330\336\037\263=\026\236A\324J9\261\341@\353\236\027\243\365\225\347\2315\205\014\356\333\201\232V!\026\010\000\000\000\000\000\000\000\000\000\000\000\000\000\000\000\000\000\000\000\000\000\000\000\000\000\000\000\000\000\000\000\000/n\2515\004\221\202\356B?\333I\240\225\333u\331I:\372$UB\307\231_\364\311\032\335\003\321/\352\2240/\352\2248\n\000""; }; nodes {;   nodedata: ""h\315\350\215y\203\242]\371\235\232Pt&\325\210eZ\346\237XZ \277\2457n\221\336\253\245\317\002\304\206+8\t]\351\316\373|\311\263V\300\023\035\211\237\260\300\r\033u3a1\203\303\365\307k\347\006E\344\037@\210\363\010\336T\226\247'\204_{\261\370""1\235\2445\343\033Y!\212\201\341\272\225'\007*$\244&\336\343'\233i\332\374\245 {^\306-N\333\gE\006\347\212\331C\211Z\177\247\031\n\341\r>\005\321\365we\235\320V\343\226\025\362\276\307\256\304\027\030$&\361\344\207\031#\302\033\345Q\013\202_n)6q\357\2538_-\302\252B\204v\277\254\373\3322Ca\020\243\0105\263\257\367\032\254\016\003""; }; requestCookie: 5; "
1750587317531,1750587317531,0,1,1,2,TMLedgerData,"ledgerHash: ""\025{\341\203\016\355Wm\222\t\022+\207\321\343}^\317s\206\320\316\221\322\t\214\257\211\366S\177\277""; ledgerSeq: 18; type: liBASE; nodes {;   nodedata: ""\000\000\000\022\001cEx]\211\377\330\336\037\263=\026\236A\324J9\261\341@\353\236\027\243\365\225\347\2315\205\014\356\333\201\232V!\026\010\000\000\000\000\000\000\000\000\000\000\000\000\000\000\000\000\000\000\000\000\000\000\000\000\000\000\000\000\000\000\000\000/n\2515\004\221\202\356B?\333I\240\225\333u\331I:\372$UB\307\231_\364\311\032\335\003\321/\352\2240/\352\2248\n\000""; }; nodes {;   nodedata: ""h\315\350\215y\203\242]\371\235\232Pt&\325\210eZ\346\237XZ \277\2457n\221\336\253\245\317\002\304\206+8\t]\351\316\373|\311\263V\300\023\035\211\237\260\300\r\033u3a1\203\303\365\307k\347\006E\344\037@\210\363\010\336T\226\247'\204_{\261\370""1\235\2445\343\033Y!\212\201\341\272\225'\007*$\244&\336\343'\233i\332\374\245 {^\306-N\333\gE\006\347\212\331C\211Z\177\247\031\n\341\r>\005\321\365we\235\320V\343\226\025\362\276\307\256\304\027\030$&\361\344\207\031#\302\033\345Q\013\202_n)6q\357\2538_-\302\252B\204v\277\254\373\3322Ca\020\243\0105\263\257\367\032\254\016\003""; }; requestCookie: 4; ","ledgerHash: ""\025{\341\203\016\355Wm\222\t\022+\207\321\343}^\317s\206\320\316\221\322\t\214\257\211\366S\177\277""; ledgerSeq: 18; type: liBASE; nodes {;   nodedata: ""\000\000\000\022\001cEx]\211\377\330\336\037\263=\026\236A\324J9\261\341@\353\236\027\243\365\225\347\2315\205\014\356\333\201\232V!\026\010\000\000\000\000\000\000\000\000\000\000\000\000\000\000\000\000\000\000\000\000\000\000\000\000\000\000\000\000\000\000\000\000/n\2515\004\221\202\356B?\333I\240\225\333u\331I:\372$UB\307\231_\364\311\032\335\003\321/\352\2240/\352\2248\n\000""; }; nodes {;   nodedata: ""h\315\350\215y\203\242]\371\235\232Pt&\325\210eZ\346\237XZ \277\2457n\221\336\253\245\317\002\304\206+8\t]\351\316\373|\311\263V\300\023\035\211\237\260\300\r\033u3a1\203\303\365\307k\347\006E\344\037@\210\363\010\336T\226\247'\204_{\261\370""1\235\2445\343\033Y!\212\201\341\272\225'\007*$\244&\336\343'\233i\332\374\245 {^\306-N\333\gE\006\347\212\331C\211Z\177\247\031\n\341\r>\005\321\365we\235\320V\343\226\025\362\276\307\256\304\027\030$&\361\344\207\031#\302\033\345Q\013\202_n)6q\357\2538_-\302\252B\204v\277\254\373\3322Ca\020\243\0105\263\257\367\032\254\016\003""; }; requestCookie: 4; "
1750587317532,1750587317532,0,1,1,3,TMLedgerData,"ledgerHash: ""\025{\341\203\016\355Wm\222\t\022+\207\321\343}^\317s\206\320\316\221\322\t\214\257\211\366S\177\277""; ledgerSeq: 18; type: liBASE; nodes {;   nodedata: ""\000\000\000\022\001cEx]\211\377\330\336\037\263=\026\236A\324J9\261\341@\353\236\027\243\365\225\347\2315\205\014\356\333\201\232V!\026\010\000\000\000\000\000\000\000\000\000\000\000\000\000\000\000\000\000\000\000\000\000\000\000\000\000\000\000\000\000\000\000\000/n\2515\004\221\202\356B?\333I\240\225\333u\331I:\372$UB\307\231_\364\311\032\335\003\321/\352\2240/\352\2248\n\000""; }; nodes {;   nodedata: ""h\315\350\215y\203\242]\371\235\232Pt&\325\210eZ\346\237XZ \277\2457n\221\336\253\245\317\002\304\206+8\t]\351\316\373|\311\263V\300\023\035\211\237\260\300\r\033u3a1\203\303\365\307k\347\006E\344\037@\210\363\010\336T\226\247'\204_{\261\370""1\235\2445\343\033Y!\212\201\341\272\225'\007*$\244&\336\343'\233i\332\374\245 {^\306-N\333\gE\006\347\212\331C\211Z\177\247\031\n\341\r>\005\321\365we\235\320V\343\226\025\362\276\307\256\304\027\030$&\361\344\207\031#\302\033\345Q\013\202_n)6q\357\2538_-\302\252B\204v\277\254\373\3322Ca\020\243\0105\263\257\367\032\254\016\003""; }; ","ledgerHash: ""\025{\341\203\016\355Wm\222\t\022+\207\321\343}^\317s\206\320\316\221\322\t\214\257\211\366S\177\277""; ledgerSeq: 18; type: liBASE; nodes {;   nodedata: ""\000\000\000\022\001cEx]\211\377\330\336\037\263=\026\236A\324J9\261\341@\353\236\027\243\365\225\347\2315\205\014\356\333\201\232V!\026\010\000\000\000\000\000\000\000\000\000\000\000\000\000\000\000\000\000\000\000\000\000\000\000\000\000\000\000\000\000\000\000\000/n\2515\004\221\202\356B?\333I\240\225\333u\331I:\372$UB\307\231_\364\311\032\335\003\321/\352\2240/\352\2248\n\000""; }; nodes {;   nodedata: ""h\315\350\215y\203\242]\371\235\232Pt&\325\210eZ\346\237XZ \277\2457n\221\336\253\245\317\002\304\206+8\t]\351\316\373|\311\263V\300\023\035\211\237\260\300\r\033u3a1\203\303\365\307k\347\006E\344\037@\210\363\010\336T\226\247'\204_{\261\370""1\235\2445\343\033Y!\212\201\341\272\225'\007*$\244&\336\343'\233i\332\374\245 {^\306-N\333\gE\006\347\212\331C\211Z\177\247\031\n\341\r>\005\321\365we\235\320V\343\226\025\362\276\307\256\304\027\030$&\361\344\207\031#\302\033\345Q\013\202_n)6q\357\2538_-\302\252B\204v\277\254\373\3322Ca\020\243\0105\263\257\367\032\254\016\003""; }; "
1750587317533,1750587317533,0,1,1,3,TMLedgerData,"ledgerHash: ""\025{\341\203\016\355Wm\222\t\022+\207\321\343}^\317s\206\320\316\221\322\t\214\257\211\366S\177\277""; ledgerSeq: 18; type: liBASE; nodes {;   nodedata: ""\000\000\000\022\001cEx]\211\377\330\336\037\263=\026\236A\324J9\261\341@\353\236\027\243\365\225\347\2315\205\014\356\333\201\232V!\026\010\000\000\000\000\000\000\000\000\000\000\000\000\000\000\000\000\000\000\000\000\000\000\000\000\000\000\000\000\000\000\000\000/n\2515\004\221\202\356B?\333I\240\225\333u\331I:\372$UB\307\231_\364\311\032\335\003\321/\352\2240/\352\2248\n\000""; }; nodes {;   nodedata: ""h\315\350\215y\203\242]\371\235\232Pt&\325\210eZ\346\237XZ \277\2457n\221\336\253\245\317\002\304\206+8\t]\351\316\373|\311\263V\300\023\035\211\237\260\300\r\033u3a1\203\303\365\307k\347\006E\344\037@\210\363\010\336T\226\247'\204_{\261\370""1\235\2445\343\033Y!\212\201\341\272\225'\007*$\244&\336\343'\233i\332\374\245 {^\306-N\333\gE\006\347\212\331C\211Z\177\247\031\n\341\r>\005\321\365we\235\320V\343\226\025\362\276\307\256\304\027\030$&\361\344\207\031#\302\033\345Q\013\202_n)6q\357\2538_-\302\252B\204v\277\254\373\3322Ca\020\243\0105\263\257\367\032\254\016\003""; }; requestCookie: 4; ","ledgerHash: ""\025{\341\203\016\355Wm\222\t\022+\207\321\343}^\317s\206\320\316\221\322\t\214\257\211\366S\177\277""; ledgerSeq: 18; type: liBASE; nodes {;   nodedata: ""\000\000\000\022\001cEx]\211\377\330\336\037\263=\026\236A\324J9\261\341@\353\236\027\243\365\225\347\2315\205\014\356\333\201\232V!\026\010\000\000\000\000\000\000\000\000\000\000\000\000\000\000\000\000\000\000\000\000\000\000\000\000\000\000\000\000\000\000\000\000/n\2515\004\221\202\356B?\333I\240\225\333u\331I:\372$UB\307\231_\364\311\032\335\003\321/\352\2240/\352\2248\n\000""; }; nodes {;   nodedata: ""h\315\350\215y\203\242]\371\235\232Pt&\325\210eZ\346\237XZ \277\2457n\221\336\253\245\317\002\304\206+8\t]\351\316\373|\311\263V\300\023\035\211\237\260\300\r\033u3a1\203\303\365\307k\347\006E\344\037@\210\363\010\336T\226\247'\204_{\261\370""1\235\2445\343\033Y!\212\201\341\272\225'\007*$\244&\336\343'\233i\332\374\245 {^\306-N\333\gE\006\347\212\331C\211Z\177\247\031\n\341\r>\005\321\365we\235\320V\343\226\025\362\276\307\256\304\027\030$&\361\344\207\031#\302\033\345Q\013\202_n)6q\357\2538_-\302\252B\204v\277\254\373\3322Ca\020\243\0105\263\257\367\032\254\016\003""; }; requestCookie: 4; "
1750587317534,1750587317534,0,1,1,3,TMLedgerData,"ledgerHash: ""\025{\341\203\016\355Wm\222\t\022+\207\321\343}^\317s\206\320\316\221\322\t\214\257\211\366S\177\277""; ledgerSeq: 18; type: liBASE; nodes {;   nodedata: ""\000\000\000\022\001cEx]\211\377\330\336\037\263=\026\236A\324J9\261\341@\353\236\027\243\365\225\347\2315\205\014\356\333\201\232V!\026\010\000\000\000\000\000\000\000\000\000\000\000\000\000\000\000\000\000\000\000\000\000\000\000\000\000\000\000\000\000\000\000\000/n\2515\004\221\202\356B?\333I\240\225\333u\331I:\372$UB\307\231_\364\311\032\335\003\321/\352\2240/\352\2248\n\000""; }; nodes {;   nodedata: ""h\315\350\215y\203\242]\371\235\232Pt&\325\210eZ\346\237XZ \277\2457n\221\336\253\245\317\002\304\206+8\t]\351\316\373|\311\263V\300\023\035\211\237\260\300\r\033u3a1\203\303\365\307k\347\006E\344\037@\210\363\010\336T\226\247'\204_{\261\370""1\235\2445\343\033Y!\212\201\341\272\225'\007*$\244&\336\343'\233i\332\374\245 {^\306-N\333\gE\006\347\212\331C\211Z\177\247\031\n\341\r>\005\321\365we\235\320V\343\226\025\362\276\307\256\304\027\030$&\361\344\207\031#\302\033\345Q\013\202_n)6q\357\2538_-\302\252B\204v\277\254\373\3322Ca\020\243\0105\263\257\367\032\254\016\003""; }; ","ledgerHash: ""\025{\341\203\016\355Wm\222\t\022+\207\321\343}^\317s\206\320\316\221\322\t\214\257\211\366S\177\277""; ledgerSeq: 18; type: liBASE; nodes {;   nodedata: ""\000\000\000\022\001cEx]\211\377\330\336\037\263=\026\236A\324J9\261\341@\353\236\027\243\365\225\347\2315\205\014\356\333\201\232V!\026\010\000\000\000\000\000\000\000\000\000\000\000\000\000\000\000\000\000\000\000\000\000\000\000\000\000\000\000\000\000\000\000\000/n\2515\004\221\202\356B?\333I\240\225\333u\331I:\372$UB\307\231_\364\311\032\335\003\321/\352\2240/\352\2248\n\000""; }; nodes {;   nodedata: ""h\315\350\215y\203\242]\371\235\232Pt&\325\210eZ\346\237XZ \277\2457n\221\336\253\245\317\002\304\206+8\t]\351\316\373|\311\263V\300\023\035\211\237\260\300\r\033u3a1\203\303\365\307k\347\006E\344\037@\210\363\010\336T\226\247'\204_{\261\370""1\235\2445\343\033Y!\212\201\341\272\225'\007*$\244&\336\343'\233i\332\374\245 {^\306-N\333\gE\006\347\212\331C\211Z\177\247\031\n\341\r>\005\321\365we\235\320V\343\226\025\362\276\307\256\304\027\030$&\361\344\207\031#\302\033\345Q\013\202_n)6q\357\2538_-\302\252B\204v\277\254\373\3322Ca\020\243\0105\263\257\367\032\254\016\003""; }; "
1750587317534,1750587317535,0,1,1,3,TMLedgerData,"ledgerHash: ""\025{\341\203\016\355Wm\222\t\022+\207\321\343}^\317s\206\320\316\221\322\t\214\257\211\366S\177\277""; ledgerSeq: 18; type: liBASE; nodes {;   nodedata: ""\000\000\000\022\001cEx]\211\377\330\336\037\263=\026\236A\324J9\261\341@\353\236\027\243\365\225\347\2315\205\014\356\333\201\232V!\026\010\000\000\000\000\000\000\000\000\000\000\000\000\000\000\000\000\000\000\000\000\000\000\000\000\000\000\000\000\000\000\000\000/n\2515\004\221\202\356B?\333I\240\225\333u\331I:\372$UB\307\231_\364\311\032\335\003\321/\352\2240/\352\2248\n\000""; }; nodes {;   nodedata: ""h\315\350\215y\203\242]\371\235\232Pt&\325\210eZ\346\237XZ \277\2457n\221\336\253\245\317\002\304\206+8\t]\351\316\373|\311\263V\300\023\035\211\237\260\300\r\033u3a1\203\303\365\307k\347\006E\344\037@\210\363\010\336T\226\247'\204_{\261\370""1\235\2445\343\033Y!\212\201\341\272\225'\007*$\244&\336\343'\233i\332\374\245 {^\306-N\333\gE\006\347\212\331C\211Z\177\247\031\n\341\r>\005\321\365we\235\320V\343\226\025\362\276\307\256\304\027\030$&\361\344\207\031#\302\033\345Q\013\202_n)6q\357\2538_-\302\252B\204v\277\254\373\3322Ca\020\243\0105\263\257\367\032\254\016\003""; }; requestCookie: 5; ","ledgerHash: ""\025{\341\203\016\355Wm\222\t\022+\207\321\343}^\317s\206\320\316\221\322\t\214\257\211\366S\177\277""; ledgerSeq: 18; type: liBASE; nodes {;   nodedata: ""\000\000\000\022\001cEx]\211\377\330\336\037\263=\026\236A\324J9\261\341@\353\236\027\243\365\225\347\2315\205\014\356\333\201\232V!\026\010\000\000\000\000\000\000\000\000\000\000\000\000\000\000\000\000\000\000\000\000\000\000\000\000\000\000\000\000\000\000\000\000/n\2515\004\221\202\356B?\333I\240\225\333u\331I:\372$UB\307\231_\364\311\032\335\003\321/\352\2240/\352\2248\n\000""; }; nodes {;   nodedata: ""h\315\350\215y\203\242]\371\235\232Pt&\325\210eZ\346\237XZ \277\2457n\221\336\253\245\317\002\304\206+8\t]\351\316\373|\311\263V\300\023\035\211\237\260\300\r\033u3a1\203\303\365\307k\347\006E\344\037@\210\363\010\336T\226\247'\204_{\261\370""1\235\2445\343\033Y!\212\201\341\272\225'\007*$\244&\336\343'\233i\332\374\245 {^\306-N\333\gE\006\347\212\331C\211Z\177\247\031\n\341\r>\005\321\365we\235\320V\343\226\025\362\276\307\256\304\027\030$&\361\344\207\031#\302\033\345Q\013\202_n)6q\357\2538_-\302\252B\204v\277\254\373\3322Ca\020\243\0105\263\257\367\032\254\016\003""; }; requestCookie: 5; "
1750587317535,1750587317535,0,1,1,3,TMLedgerData,"ledgerHash: ""\025{\341\203\016\355Wm\222\t\022+\207\321\343}^\317s\206\320\316\221\322\t\214\257\211\366S\177\277""; ledgerSeq: 18; type: liBASE; nodes {;   nodedata: ""\000\000\000\022\001cEx]\211\377\330\336\037\263=\026\236A\324J9\261\341@\353\236\027\243\365\225\347\2315\205\014\356\333\201\232V!\026\010\000\000\000\000\000\000\000\000\000\000\000\000\000\000\000\000\000\000\000\000\000\000\000\000\000\000\000\000\000\000\000\000/n\2515\004\221\202\356B?\333I\240\225\333u\331I:\372$UB\307\231_\364\311\032\335\003\321/\352\2240/\352\2248\n\000""; }; nodes {;   nodedata: ""h\315\350\215y\203\242]\371\235\232Pt&\325\210eZ\346\237XZ \277\2457n\221\336\253\245\317\002\304\206+8\t]\351\316\373|\311\263V\300\023\035\211\237\260\300\r\033u3a1\203\303\365\307k\347\006E\344\037@\210\363\010\336T\226\247'\204_{\261\370""1\235\2445\343\033Y!\212\201\341\272\225'\007*$\244&\336\343'\233i\332\374\245 {^\306-N\333\gE\006\347\212\331C\211Z\177\247\031\n\341\r>\005\321\365we\235\320V\343\226\025\362\276\307\256\304\027\030$&\361\344\207\031#\302\033\345Q\013\202_n)6q\357\2538_-\302\252B\204v\277\254\373\3322Ca\020\243\0105\263\257\367\032\254\016\003""; }; requestCookie: 2; ","ledgerHash: ""\025{\341\203\016\355Wm\222\t\022+\207\321\343}^\317s\206\320\316\221\322\t\214\257\211\366S\177\277""; ledgerSeq: 18; type: liBASE; nodes {;   nodedata: ""\000\000\000\022\001cEx]\211\377\330\336\037\263=\026\236A\324J9\261\341@\353\236\027\243\365\225\347\2315\205\014\356\333\201\232V!\026\010\000\000\000\000\000\000\000\000\000\000\000\000\000\000\000\000\000\000\000\000\000\000\000\000\000\000\000\000\000\000\000\000/n\2515\004\221\202\356B?\333I\240\225\333u\331I:\372$UB\307\231_\364\311\032\335\003\321/\352\2240/\352\2248\n\000""; }; nodes {;   nodedata: ""h\315\350\215y\203\242]\371\235\232Pt&\325\210eZ\346\237XZ \277\2457n\221\336\253\245\317\002\304\206+8\t]\351\316\373|\311\263V\300\023\035\211\237\260\300\r\033u3a1\203\303\365\307k\347\006E\344\037@\210\363\010\336T\226\247'\204_{\261\370""1\235\2445\343\033Y!\212\201\341\272\225'\007*$\244&\336\343'\233i\332\374\245 {^\306-N\333\gE\006\347\212\331C\211Z\177\247\031\n\341\r>\005\321\365we\235\320V\343\226\025\362\276\307\256\304\027\030$&\361\344\207\031#\302\033\345Q\013\202_n)6q\357\2538_-\302\252B\204v\277\254\373\3322Ca\020\243\0105\263\257\367\032\254\016\003""; }; requestCookie: 2; "
1750587317536,1750587317537,0,1,0,3,TMLedgerData,"ledgerHash: ""\025{\341\203\016\355Wm\222\t\022+\207\321\343}^\317s\206\320\316\221\322\t\214\257\211\366S\177\277""; ledgerSeq: 18; type: liBASE; nodes {;   nodedata: ""\000\000\000\022\001cEx]\211\377\330\336\037\263=\026\236A\324J9\261\341@\353\236\027\243\365\225\347\2315\205\014\356\333\201\232V!\026\010\000\000\000\000\000\000\000\000\000\000\000\000\000\000\000\000\000\000\000\000\000\000\000\000\000\000\000\000\000\000\000\000/n\2515\004\221\202\356B?\333I\240\225\333u\331I:\372$UB\307\231_\364\311\032\335\003\321/\352\2240/\352\2248\n\000""; }; nodes {;   nodedata: ""h\315\350\215y\203\242]\371\235\232Pt&\325\210eZ\346\237XZ \277\2457n\221\336\253\245\317\002\304\206+8\t]\351\316\373|\311\263V\300\023\035\211\237\260\300\r\033u3a1\203\303\365\307k\347\006E\344\037@\210\363\010\336T\226\247'\204_{\261\370""1\235\2445\343\033Y!\212\201\341\272\225'\007*$\244&\336\343'\233i\332\374\245 {^\306-N\333\gE\006\347\212\331C\211Z\177\247\031\n\341\r>\005\321\365we\235\320V\343\226\025\362\276\307\256\304\027\030$&\361\344\207\031#\302\033\345Q\013\202_n)6q\357\2538_-\302\252B\204v\277\254\373\3322Ca\020\243\0105\263\257\367\032\254\016\003""; }; ","ledgerHash: ""\025{\341\203\016\355Wm\222\t\022+\207\321\343}^\317s\206\320\316\221\322\t\214\257\211\366S\177\277""; ledgerSeq: 18; type: liBASE; nodes {;   nodedata: ""\000\000\000\022\001cEx]\211\377\330\336\037\263=\026\236A\324J9\261\341@\353\236\027\243\365\225\347\2315\205\014\356\333\201\232V!\026\010\000\000\000\000\000\000\000\000\000\000\000\000\000\000\000\000\000\000\000\000\000\000\000\000\000\000\000\000\000\000\000\000/n\2515\004\221\202\356B?\333I\240\225\333u\331I:\372$UB\307\231_\364\311\032\335\003\321/\352\2240/\352\2248\n\000""; }; nodes {;   nodedata: ""h\315\350\215y\203\242]\371\235\232Pt&\325\210eZ\346\237XZ \277\2457n\221\336\253\245\317\002\304\206+8\t]\351\316\373|\311\263V\300\023\035\211\237\260\300\r\033u3a1\203\303\365\307k\347\006E\344\037@\210\363\010\336T\226\247'\204_{\261\370""1\235\2445\343\033Y!\212\201\341\272\225'\007*$\244&\336\343'\233i\332\374\245 {^\306-N\333\gE\006\347\212\331C\211Z\177\247\031\n\341\r>\005\321\365we\235\320V\343\226\025\362\276\307\256\304\027\030$&\361\344\207\031#\302\033\345Q\013\202_n)6q\357\2538_-\302\252B\204v\277\254\373\3322Ca\020\243\0105\263\257\367\032\254\016\003""; }; "
1750587317537,1750587317537,0,1,0,2,TMLedgerData,"ledgerHash: ""\025{\341\203\016\355Wm\222\t\022+\207\321\343}^\317s\206\320\316\221\322\t\214\257\211\366S\177\277""; ledgerSeq: 18; type: liBASE; nodes {;   nodedata: ""\000\000\000\022\001cEx]\211\377\330\336\037\263=\026\236A\324J9\261\341@\353\236\027\243\365\225\347\2315\205\014\356\333\201\232V!\026\010\000\000\000\000\000\000\000\000\000\000\000\000\000\000\000\000\000\000\000\000\000\000\000\000\000\000\000\000\000\000\000\000/n\2515\004\221\202\356B?\333I\240\225\333u\331I:\372$UB\307\231_\364\311\032\335\003\321/\352\2240/\352\2248\n\000""; }; nodes {;   nodedata: ""h\315\350\215y\203\242]\371\235\232Pt&\325\210eZ\346\237XZ \277\2457n\221\336\253\245\317\002\304\206+8\t]\351\316\373|\311\263V\300\023\035\211\237\260\300\r\033u3a1\203\303\365\307k\347\006E\344\037@\210\363\010\336T\226\247'\204_{\261\370""1\235\2445\343\033Y!\212\201\341\272\225'\007*$\244&\336\343'\233i\332\374\245 {^\306-N\333\gE\006\347\212\331C\211Z\177\247\031\n\341\r>\005\321\365we\235\320V\343\226\025\362\276\307\256\304\027\030$&\361\344\207\031#\302\033\345Q\013\202_n)6q\357\2538_-\302\252B\204v\277\254\373\3322Ca\020\243\0105\263\257\367\032\254\016\003""; }; ","ledgerHash: ""\025{\341\203\016\355Wm\222\t\022+\207\321\343}^\317s\206\320\316\221\322\t\214\257\211\366S\177\277""; ledgerSeq: 18; type: liBASE; nodes {;   nodedata: ""\000\000\000\022\001cEx]\211\377\330\336\037\263=\026\236A\324J9\261\341@\353\236\027\243\365\225\347\2315\205\014\356\333\201\232V!\026\010\000\000\000\000\000\000\000\000\000\000\000\000\000\000\000\000\000\000\000\000\000\000\000\000\000\000\000\000\000\000\000\000/n\2515\004\221\202\356B?\333I\240\225\333u\331I:\372$UB\307\231_\364\311\032\335\003\321/\352\2240/\352\2248\n\000""; }; nodes {;   nodedata: ""h\315\350\215y\203\242]\371\235\232Pt&\325\210eZ\346\237XZ \277\2457n\221\336\253\245\317\002\304\206+8\t]\351\316\373|\311\263V\300\023\035\211\237\260\300\r\033u3a1\203\303\365\307k\347\006E\344\037@\210\363\010\336T\226\247'\204_{\261\370""1\235\2445\343\033Y!\212\201\341\272\225'\007*$\244&\336\343'\233i\332\374\245 {^\306-N\333\gE\006\347\212\331C\211Z\177\247\031\n\341\r>\005\321\365we\235\320V\343\226\025\362\276\307\256\304\027\030$&\361\344\207\031#\302\033\345Q\013\202_n)6q\357\2538_-\302\252B\204v\277\254\373\3322Ca\020\243\0105\263\257\367\032\254\016\003""; }; "
1750587317538,1750587317539,0,1,4,3,TMLedgerData,"ledgerHash: ""\025{\341\203\016\355Wm\222\t\022+\207\321\343}^\317s\206\320\316\221\322\t\214\257\211\366S\177\277""; ledgerSeq: 18; type: liBASE; nodes {;   nodedata: ""\000\000\000\022\001cEx]\211\377\330\336\037\263=\026\236A\324J9\261\341@\353\236\027\243\365\225\347\2315\205\014\356\333\201\232V!\026\010\000\000\000\000\000\000\000\000\000\000\000\000\000\000\000\000\000\000\000\000\000\000\000\000\000\000\000\000\000\000\000\000/n\2515\004\221\202\356B?\333I\240\225\333u\331I:\372$UB\307\231_\364\311\032\335\003\321/\352\2240/\352\2248\n\000""; }; nodes {;   nodedata: ""h\315\350\215y\203\242]\371\235\232Pt&\325\210eZ\346\237XZ \277\2457n\221\336\253\245\317\002\304\206+8\t]\351\316\373|\311\263V\300\023\035\211\237\260\300\r\033u3a1\203\303\365\307k\347\006E\344\037@\210\363\010\336T\226\247'\204_{\261\370""1\235\2445\343\033Y!\212\201\341\272\225'\007*$\244&\336\343'\233i\332\374\245 {^\306-N\333\gE\006\347\212\331C\211Z\177\247\031\n\341\r>\005\321\365we\235\320V\343\226\025\362\276\307\256\304\027\030$&\361\344\207\031#\302\033\345Q\013\202_n)6q\357\2538_-\302\252B\204v\277\254\373\3322Ca\020\243\0105\263\257\367\032\254\016\003""; }; ","ledgerHash: ""\025{\341\203\016\355Wm\222\t\022+\207\321\343}^\317s\206\320\316\221\322\t\214\257\211\366S\177\277""; ledgerSeq: 18; type: liBASE; nodes {;   nodedata: ""\000\000\000\022\001cEx]\211\377\330\336\037\263=\026\236A\324J9\261\341@\353\236\027\243\365\225\347\2315\205\014\356\333\201\232V!\026\010\000\000\000\000\000\000\000\000\000\000\000\000\000\000\000\000\000\000\000\000\000\000\000\000\000\000\000\000\000\000\000\000/n\2515\004\221\202\356B?\333I\240\225\333u\331I:\372$UB\307\231_\364\311\032\335\003\321/\352\2240/\352\2248\n\000""; }; nodes {;   nodedata: ""h\315\350\215y\203\242]\371\235\232Pt&\325\210eZ\346\237XZ \277\2457n\221\336\253\245\317\002\304\206+8\t]\351\316\373|\311\263V\300\023\035\211\237\260\300\r\033u3a1\203\303\365\307k\347\006E\344\037@\210\363\010\336T\226\247'\204_{\261\370""1\235\2445\343\033Y!\212\201\341\272\225'\007*$\244&\336\343'\233i\332\374\245 {^\306-N\333\gE\006\347\212\331C\211Z\177\247\031\n\341\r>\005\321\365we\235\320V\343\226\025\362\276\307\256\304\027\030$&\361\344\207\031#\302\033\345Q\013\202_n)6q\357\2538_-\302\252B\204v\277\254\373\3322Ca\020\243\0105\263\257\367\032\254\016\003""; }; "
1750587317539,1750587317539,0,1,4,2,TMLedgerData,"ledgerHash: ""\025{\341\203\016\355Wm\222\t\022+\207\321\343}^\317s\206\320\316\221\322\t\214\257\211\366S\177\277""; ledgerSeq: 18; type: liBASE; nodes {;   nodedata: ""\000\000\000\022\001cEx]\211\377\330\336\037\263=\026\236A\324J9\261\341@\353\236\027\243\365\225\347\2315\205\014\356\333\201\232V!\026\010\000\000\000\000\000\000\000\000\000\000\000\000\000\000\000\000\000\000\000\000\000\000\000\000\000\000\000\000\000\000\000\000/n\2515\004\221\202\356B?\333I\240\225\333u\331I:\372$UB\307\231_\364\311\032\335\003\321/\352\2240/\352\2248\n\000""; }; nodes {;   nodedata: ""h\315\350\215y\203\242]\371\235\232Pt&\325\210eZ\346\237XZ \277\2457n\221\336\253\245\317\002\304\206+8\t]\351\316\373|\311\263V\300\023\035\211\237\260\300\r\033u3a1\203\303\365\307k\347\006E\344\037@\210\363\010\336T\226\247'\204_{\261\370""1\235\2445\343\033Y!\212\201\341\272\225'\007*$\244&\336\343'\233i\332\374\245 {^\306-N\333\gE\006\347\212\331C\211Z\177\247\031\n\341\r>\005\321\365we\235\320V\343\226\025\362\276\307\256\304\027\030$&\361\344\207\031#\302\033\345Q\013\202_n)6q\357\2538_-\302\252B\204v\277\254\373\3322Ca\020\243\0105\263\257\367\032\254\016\003""; }; ","ledgerHash: ""\025{\341\203\016\355Wm\222\t\022+\207\321\343}^\317s\206\320\316\221\322\t\214\257\211\366S\177\277""; ledgerSeq: 18; type: liBASE; nodes {;   nodedata: ""\000\000\000\022\001cEx]\211\377\330\336\037\263=\026\236A\324J9\261\341@\353\236\027\243\365\225\347\2315\205\014\356\333\201\232V!\026\010\000\000\000\000\000\000\000\000\000\000\000\000\000\000\000\000\000\000\000\000\000\000\000\000\000\000\000\000\000\000\000\000/n\2515\004\221\202\356B?\333I\240\225\333u\331I:\372$UB\307\231_\364\311\032\335\003\321/\352\2240/\352\2248\n\000""; }; nodes {;   nodedata: ""h\315\350\215y\203\242]\371\235\232Pt&\325\210eZ\346\237XZ \277\2457n\221\336\253\245\317\002\304\206+8\t]\351\316\373|\311\263V\300\023\035\211\237\260\300\r\033u3a1\203\303\365\307k\347\006E\344\037@\210\363\010\336T\226\247'\204_{\261\370""1\235\2445\343\033Y!\212\201\341\272\225'\007*$\244&\336\343'\233i\332\374\245 {^\306-N\333\gE\006\347\212\331C\211Z\177\247\031\n\341\r>\005\321\365we\235\320V\343\226\025\362\276\307\256\304\027\030$&\361\344\207\031#\302\033\345Q\013\202_n)6q\357\2538_-\302\252B\204v\277\254\373\3322Ca\020\243\0105\263\257\367\032\254\016\003""; }; "
1750587317540,1750587317540,0,1,2,0,TMLedgerData,"ledgerHash: ""\025{\341\203\016\355Wm\222\t\022+\207\321\343}^\317s\206\320\316\221\322\t\214\257\211\366S\177\277""; ledgerSeq: 18; type: liBASE; nodes {;   nodedata: ""\000\000\000\022\001cEx]\211\377\330\336\037\263=\026\236A\324J9\261\341@\353\236\027\243\365\225\347\2315\205\014\356\333\201\232V!\026\010\000\000\000\000\000\000\000\000\000\000\000\000\000\000\000\000\000\000\000\000\000\000\000\000\000\000\000\000\000\000\000\000/n\2515\004\221\202\356B?\333I\240\225\333u\331I:\372$UB\307\231_\364\311\032\335\003\321/\352\2240/\352\2248\n\000""; }; nodes {;   nodedata: ""h\315\350\215y\203\242]\371\235\232Pt&\325\210eZ\346\237XZ \277\2457n\221\336\253\245\317\002\304\206+8\t]\351\316\373|\311\263V\300\023\035\211\237\260\300\r\033u3a1\203\303\365\307k\347\006E\344\037@\210\363\010\336T\226\247'\204_{\261\370""1\235\2445\343\033Y!\212\201\341\272\225'\007*$\244&\336\343'\233i\332\374\245 {^\306-N\333\gE\006\347\212\331C\211Z\177\247\031\n\341\r>\005\321\365we\235\320V\343\226\025\362\276\307\256\304\027\030$&\361\344\207\031#\302\033\345Q\013\202_n)6q\357\2538_-\302\252B\204v\277\254\373\3322Ca\020\243\0105\263\257\367\032\254\016\003""; }; ","ledgerHash: ""\025{\341\203\016\355Wm\222\t\022+\207\321\343}^\317s\206\320\316\221\322\t\214\257\211\366S\177\277""; ledgerSeq: 18; type: liBASE; nodes {;   nodedata: ""\000\000\000\022\001cEx]\211\377\330\336\037\263=\026\236A\324J9\261\341@\353\236\027\243\365\225\347\2315\205\014\356\333\201\232V!\026\010\000\000\000\000\000\000\000\000\000\000\000\000\000\000\000\000\000\000\000\000\000\000\000\000\000\000\000\000\000\000\000\000/n\2515\004\221\202\356B?\333I\240\225\333u\331I:\372$UB\307\231_\364\311\032\335\003\321/\352\2240/\352\2248\n\000""; }; nodes {;   nodedata: ""h\315\350\215y\203\242]\371\235\232Pt&\325\210eZ\346\237XZ \277\2457n\221\336\253\245\317\002\304\206+8\t]\351\316\373|\311\263V\300\023\035\211\237\260\300\r\033u3a1\203\303\365\307k\347\006E\344\037@\210\363\010\336T\226\247'\204_{\261\370""1\235\2445\343\033Y!\212\201\341\272\225'\007*$\244&\336\343'\233i\332\374\245 {^\306-N\333\gE\006\347\212\331C\211Z\177\247\031\n\341\r>\005\321\365we\235\320V\343\226\025\362\276\307\256\304\027\030$&\361\344\207\031#\302\033\345Q\013\202_n)6q\357\2538_-\302\252B\204v\277\254\373\3322Ca\020\243\0105\263\257\367\032\254\016\003""; }; "
1750587317540,1750587317541,0,1,2,1,TMGetLedger,"itype: liAS_NODE; ledgerHash: ""\025{\341\203\016\355Wm\222\t\022+\207\321\343}^\317s\206\320\316\221\322\t\214\257\211\366S\177\277""; ledgerSeq: 18; nodeIDs: ""\260\000\000\000\000\000\000\000\000\000\000\000\000\000\000\000\000\000\000\000\000\000\000\000\000\000\000\000\000\000\000\000\001""; queryType: qtINDIRECT; queryDepth: 1; ","itype: liAS_NODE; ledgerHash: ""\025{\341\203\016\355Wm\222\t\022+\207\321\343}^\317s\206\320\316\221\322\t\214\257\211\366S\177\277""; ledgerSeq: 18; nodeIDs: ""\260\000\000\000\000\000\000\000\000\000\000\000\000\000\000\000\000\000\000\000\000\000\000\000\000\000\000\000\000\000\000\000\001""; queryType: qtINDIRECT; queryDepth: 1; "
1750587317541,1750587317542,0,1,2,4,TMLedgerData,"ledgerHash: ""\025{\341\203\016\355Wm\222\t\022+\207\321\343}^\317s\206\320\316\221\322\t\214\257\211\366S\177\277""; ledgerSeq: 18; type: liBASE; nodes {;   nodedata: ""\000\000\000\022\001cEx]\211\377\330\336\037\263=\026\236A\324J9\261\341@\353\236\027\243\365\225\347\2315\205\014\356\333\201\232V!\026\010\000\000\000\000\000\000\000\000\000\000\000\000\000\000\000\000\000\000\000\000\000\000\000\000\000\000\000\000\000\000\000\000/n\2515\004\221\202\356B?\333I\240\225\333u\331I:\372$UB\307\231_\364\311\032\335\003\321/\352\2240/\352\2248\n\000""; }; nodes {;   nodedata: ""h\315\350\215y\203\242]\371\235\232Pt&\325\210eZ\346\237XZ \277\2457n\221\336\253\245\317\002\304\206+8\t]\351\316\373|\311\263V\300\023\035\211\237\260\300\r\033u3a1\203\303\365\307k\347\006E\344\037@\210\363\010\336T\226\247'\204_{\261\370""1\235\2445\343\033Y!\212\201\341\272\225'\007*$\244&\336\343'\233i\332\374\245 {^\306-N\333\gE\006\347\212\331C\211Z\177\247\031\n\341\r>\005\321\365we\235\320V\343\226\025\362\276\307\256\304\027\030$&\361\344\207\031#\302\033\345Q\013\202_n)6q\357\2538_-\302\252B\204v\277\254\373\3322Ca\020\243\0105\263\257\367\032\254\016\003""; }; ","ledgerHash: ""\025{\341\203\016\355Wm\222\t\022+\207\321\343}^\317s\206\320\316\221\322\t\214\257\211\366S\177\277""; ledgerSeq: 18; type: liBASE; nodes {;   nodedata: ""\000\000\000\022\001cEx]\211\377\330\336\037\263=\026\236A\324J9\261\341@\353\236\027\243\365\225\347\2315\205\014\356\333\201\232V!\026\010\000\000\000\000\000\000\000\000\000\000\000\000\000\000\000\000\000\000\000\000\000\000\000\000\000\000\000\000\000\000\000\000/n\2515\004\221\202\356B?\333I\240\225\333u\331I:\372$UB\307\231_\364\311\032\335\003\321/\352\2240/\352\2248\n\000""; }; nodes {;   nodedata: ""h\315\350\215y\203\242]\371\235\232Pt&\325\210eZ\346\237XZ \277\2457n\221\336\253\245\317\002\304\206+8\t]\351\316\373|\311\263V\300\023\035\211\237\260\300\r\033u3a1\203\303\365\307k\347\006E\344\037@\210\363\010\336T\226\247'\204_{\261\370""1\235\2445\343\033Y!\212\201\341\272\225'\007*$\244&\336\343'\233i\332\374\245 {^\306-N\333\gE\006\347\212\331C\211Z\177\247\031\n\341\r>\005\321\365we\235\320V\343\226\025\362\276\307\256\304\027\030$&\361\344\207\031#\302\033\345Q\013\202_n)6q\357\2538_-\302\252B\204v\277\254\373\3322Ca\020\243\0105\263\257\367\032\254\016\003""; }; "
1750587317542,1750587317543,0,1,2,3,TMLedgerData,"ledgerHash: ""\025{\341\203\016\355Wm\222\t\022+\207\321\343}^\317s\206\320\316\221\322\t\214\257\211\366S\177\277""; ledgerSeq: 18; type: liBASE; nodes {;   nodedata: ""\000\000\000\022\001cEx]\211\377\330\336\037\263=\026\236A\324J9\261\341@\353\236\027\243\365\225\347\2315\205\014\356\333\201\232V!\026\010\000\000\000\000\000\000\000\000\000\000\000\000\000\000\000\000\000\000\000\000\000\000\000\000\000\000\000\000\000\000\000\000/n\2515\004\221\202\356B?\333I\240\225\333u\331I:\372$UB\307\231_\364\311\032\335\003\321/\352\2240/\352\2248\n\000""; }; nodes {;   nodedata: ""h\315\350\215y\203\242]\371\235\232Pt&\325\210eZ\346\237XZ \277\2457n\221\336\253\245\317\002\304\206+8\t]\351\316\373|\311\263V\300\023\035\211\237\260\300\r\033u3a1\203\303\365\307k\347\006E\344\037@\210\363\010\336T\226\247'\204_{\261\370""1\235\2445\343\033Y!\212\201\341\272\225'\007*$\244&\336\343'\233i\332\374\245 {^\306-N\333\gE\006\347\212\331C\211Z\177\247\031\n\341\r>\005\321\365we\235\320V\343\226\025\362\276\307\256\304\027\030$&\361\344\207\031#\302\033\345Q\013\202_n)6q\357\2538_-\302\252B\204v\277\254\373\3322Ca\020\243\0105\263\257\367\032\254\016\003""; }; ","ledgerHash: ""\025{\341\203\016\355Wm\222\t\022+\207\321\343}^\317s\206\320\316\221\322\t\214\257\211\366S\177\277""; ledgerSeq: 18; type: liBASE; nodes {;   nodedata: ""\000\000\000\022\001cEx]\211\377\330\336\037\263=\026\236A\324J9\261\341@\353\236\027\243\365\225\347\2315\205\014\356\333\201\232V!\026\010\000\000\000\000\000\000\000\000\000\000\000\000\000\000\000\000\000\000\000\000\000\000\000\000\000\000\000\000\000\000\000\000/n\2515\004\221\202\356B?\333I\240\225\333u\331I:\372$UB\307\231_\364\311\032\335\003\321/\352\2240/\352\2248\n\000""; }; nodes {;   nodedata: ""h\315\350\215y\203\242]\371\235\232Pt&\325\210eZ\346\237XZ \277\2457n\221\336\253\245\317\002\304\206+8\t]\351\316\373|\311\263V\300\023\035\211\237\260\300\r\033u3a1\203\303\365\307k\347\006E\344\037@\210\363\010\336T\226\247'\204_{\261\370""1\235\2445\343\033Y!\212\201\341\272\225'\007*$\244&\336\343'\233i\332\374\245 {^\306-N\333\gE\006\347\212\331C\211Z\177\247\031\n\341\r>\005\321\365we\235\320V\343\226\025\362\276\307\256\304\027\030$&\361\344\207\031#\302\033\345Q\013\202_n)6q\357\2538_-\302\252B\204v\277\254\373\3322Ca\020\243\0105\263\257\367\032\254\016\003""; }; "
1750587317543,1750587317544,0,1,3,1,TMGetLedger,"itype: liAS_NODE; ledgerHash: ""\025{\341\203\016\355Wm\222\t\022+\207\321\343}^\317s\206\320\316\221\322\t\214\257\211\366S\177\277""; ledgerSeq: 18; nodeIDs: ""\260\000\000\000\000\000\000\000\000\000\000\000\000\000\000\000\000\000\000\000\000\000\000\000\000\000\000\000\000\000\000\000\001""; queryType: qtINDIRECT; queryDepth: 1; ","itype: liAS_NODE; ledgerHash: ""\025{\341\203\016\355Wm\222\t\022+\207\321\343}^\317s\206\320\316\221\322\t\214\257\211\366S\177\277""; ledgerSeq: 18; nodeIDs: ""\260\000\000\000\000\000\000\000\000\000\000\000\000\000\000\000\000\000\000\000\000\000\000\000\000\000\000\000\000\000\000\000\001""; queryType: qtINDIRECT; queryDepth: 1; "
1750587317544,1750587317544,0,1,3,2,TMLedgerData,"ledgerHash: ""\025{\341\203\016\355Wm\222\t\022+\207\321\343}^\317s\206\320\316\221\322\t\214\257\211\366S\177\277""; ledgerSeq: 18; type: liBASE; nodes {;   nodedata: ""\000\000\000\022\001cEx]\211\377\330\336\037\263=\026\236A\324J9\261\341@\353\236\027\243\365\225\347\2315\205\014\356\333\201\232V!\026\010\000\000\000\000\000\000\000\000\000\000\000\000\000\000\000\000\000\000\000\000\000\000\000\000\000\000\000\000\000\000\000\000/n\2515\004\221\202\356B?\333I\240\225\333u\331I:\372$UB\307\231_\364\311\032\335\003\321/\352\2240/\352\2248\n\000""; }; nodes {;   nodedata: ""h\315\350\215y\203\242]\371\235\232Pt&\325\210eZ\346\237XZ \277\2457n\221\336\253\245\317\002\304\206+8\t]\351\316\373|\311\263V\300\023\035\211\237\260\300\r\033u3a1\203\303\365\307k\347\006E\344\037@\210\363\010\336T\226\247'\204_{\261\370""1\235\2445\343\033Y!\212\201\341\272\225'\007*$\244&\336\343'\233i\332\374\245 {^\306-N\333\gE\006\347\212\331C\211Z\177\247\031\n\341\r>\005\321\365we\235\320V\343\226\025\362\276\307\256\304\027\030$&\361\344\207\031#\302\033\345Q\013\202_n)6q\357\2538_-\302\252B\204v\277\254\373\3322Ca\020\243\0105\263\257\367\032\254\016\003""; }; ","ledgerHash: ""\025{\341\203\016\355Wm\222\t\022+\207\321\343}^\317s\206\320\316\221\322\t\214\257\211\366S\177\277""; ledgerSeq: 18; type: liBASE; nodes {;   nodedata: ""\000\000\000\022\001cEx]\211\377\330\336\037\263=\026\236A\324J9\261\341@\353\236\027\243\365\225\347\2315\205\014\356\333\201\232V!\026\010\000\000\000\000\000\000\000\000\000\000\000\000\000\000\000\000\000\000\000\000\000\000\000\000\000\000\000\000\000\000\000\000/n\2515\004\221\202\356B?\333I\240\225\333u\331I:\372$UB\307\231_\364\311\032\335\003\321/\352\2240/\352\2248\n\000""; }; nodes {;   nodedata: ""h\315\350\215y\203\242]\371\235\232Pt&\325\210eZ\346\237XZ \277\2457n\221\336\253\245\317\002\304\206+8\t]\351\316\373|\311\263V\300\023\035\211\237\260\300\r\033u3a1\203\303\365\307k\347\006E\344\037@\210\363\010\336T\226\247'\204_{\261\370""1\235\2445\343\033Y!\212\201\341\272\225'\007*$\244&\336\343'\233i\332\374\245 {^\306-N\333\gE\006\347\212\331C\211Z\177\247\031\n\341\r>\005\321\365we\235\320V\343\226\025\362\276\307\256\304\027\030$&\361\344\207\031#\302\033\345Q\013\202_n)6q\357\2538_-\302\252B\204v\277\254\373\3322Ca\020\243\0105\263\257\367\032\254\016\003""; }; "
1750587317545,1750587317545,0,1,3,4,TMLedgerData,"ledgerHash: ""\025{\341\203\016\355Wm\222\t\022+\207\321\343}^\317s\206\320\316\221\322\t\214\257\211\366S\177\277""; ledgerSeq: 18; type: liBASE; nodes {;   nodedata: ""\000\000\000\022\001cEx]\211\377\330\336\037\263=\026\236A\324J9\261\341@\353\236\027\243\365\225\347\2315\205\014\356\333\201\232V!\026\010\000\000\000\000\000\000\000\000\000\000\000\000\000\000\000\000\000\000\000\000\000\000\000\000\000\000\000\000\000\000\000\000/n\2515\004\221\202\356B?\333I\240\225\333u\331I:\372$UB\307\231_\364\311\032\335\003\321/\352\2240/\352\2248\n\000""; }; nodes {;   nodedata: ""h\315\350\215y\203\242]\371\235\232Pt&\325\210eZ\346\237XZ \277\2457n\221\336\253\245\317\002\304\206+8\t]\351\316\373|\311\263V\300\023\035\211\237\260\300\r\033u3a1\203\303\365\307k\347\006E\344\037@\210\363\010\336T\226\247'\204_{\261\370""1\235\2445\343\033Y!\212\201\341\272\225'\007*$\244&\336\343'\233i\332\374\245 {^\306-N\333\gE\006\347\212\331C\211Z\177\247\031\n\341\r>\005\321\365we\235\320V\343\226\025\362\276\307\256\304\027\030$&\361\344\207\031#\302\033\345Q\013\202_n)6q\357\2538_-\302\252B\204v\277\254\373\3322Ca\020\243\0105\263\257\367\032\254\016\003""; }; ","ledgerHash: ""\025{\341\203\016\355Wm\222\t\022+\207\321\343}^\317s\206\320\316\221\322\t\214\257\211\366S\177\277""; ledgerSeq: 18; type: liBASE; nodes {;   nodedata: ""\000\000\000\022\001cEx]\211\377\330\336\037\263=\026\236A\324J9\261\341@\353\236\027\243\365\225\347\2315\205\014\356\333\201\232V!\026\010\000\000\000\000\000\000\000\000\000\000\000\000\000\000\000\000\000\000\000\000\000\000\000\000\000\000\000\000\000\000\000\000/n\2515\004\221\202\356B?\333I\240\225\333u\331I:\372$UB\307\231_\364\311\032\335\003\321/\352\2240/\352\2248\n\000""; }; nodes {;   nodedata: ""h\315\350\215y\203\242]\371\235\232Pt&\325\210eZ\346\237XZ \277\2457n\221\336\253\245\317\002\304\206+8\t]\351\316\373|\311\263V\300\023\035\211\237\260\300\r\033u3a1\203\303\365\307k\347\006E\344\037@\210\363\010\336T\226\247'\204_{\261\370""1\235\2445\343\033Y!\212\201\341\272\225'\007*$\244&\336\343'\233i\332\374\245 {^\306-N\333\gE\006\347\212\331C\211Z\177\247\031\n\341\r>\005\321\365we\235\320V\343\226\025\362\276\307\256\304\027\030$&\361\344\207\031#\302\033\345Q\013\202_n)6q\357\2538_-\302\252B\204v\277\254\373\3322Ca\020\243\0105\263\257\367\032\254\016\003""; }; "
1750587317546,1750587317546,0,1,3,0,TMLedgerData,"ledgerHash: ""\025{\341\203\016\355Wm\222\t\022+\207\321\343}^\317s\206\320\316\221\322\t\214\257\211\366S\177\277""; ledgerSeq: 18; type: liBASE; nodes {;   nodedata: ""\000\000\000\022\001cEx]\211\377\330\336\037\263=\026\236A\324J9\261\341@\353\236\027\243\365\225\347\2315\205\014\356\333\201\232V!\026\010\000\000\000\000\000\000\000\000\000\000\000\000\000\000\000\000\000\000\000\000\000\000\000\000\000\000\000\000\000\000\000\000/n\2515\004\221\202\356B?\333I\240\225\333u\331I:\372$UB\307\231_\364\311\032\335\003\321/\352\2240/\352\2248\n\000""; }; nodes {;   nodedata: ""h\315\350\215y\203\242]\371\235\232Pt&\325\210eZ\346\237XZ \277\2457n\221\336\253\245\317\002\304\206+8\t]\351\316\373|\311\263V\300\023\035\211\237\260\300\r\033u3a1\203\303\365\307k\347\006E\344\037@\210\363\010\336T\226\247'\204_{\261\370""1\235\2445\343\033Y!\212\201\341\272\225'\007*$\244&\336\343'\233i\332\374\245 {^\306-N\333\gE\006\347\212\331C\211Z\177\247\031\n\341\r>\005\321\365we\235\320V\343\226\025\362\276\307\256\304\027\030$&\361\344\207\031#\302\033\345Q\013\202_n)6q\357\2538_-\302\252B\204v\277\254\373\3322Ca\020\243\0105\263\257\367\032\254\016\003""; }; ","ledgerHash: ""\025{\341\203\016\355Wm\222\t\022+\207\321\343}^\317s\206\320\316\221\322\t\214\257\211\366S\177\277""; ledgerSeq: 18; type: liBASE; nodes {;   nodedata: ""\000\000\000\022\001cEx]\211\377\330\336\037\263=\026\236A\324J9\261\341@\353\236\027\243\365\225\347\2315\205\014\356\333\201\232V!\026\010\000\000\000\000\000\000\000\000\000\000\000\000\000\000\000\000\000\000\000\000\000\000\000\000\000\000\000\000\000\000\000\000/n\2515\004\221\202\356B?\333I\240\225\333u\331I:\372$UB\307\231_\364\311\032\335\003\321/\352\2240/\352\2248\n\000""; }; nodes {;   nodedata: ""h\315\350\215y\203\242]\371\235\232Pt&\325\210eZ\346\237XZ \277\2457n\221\336\253\245\317\002\304\206+8\t]\351\316\373|\311\263V\300\023\035\211\237\260\300\r\033u3a1\203\303\365\307k\347\006E\344\037@\210\363\010\336T\226\247'\204_{\261\370""1\235\2445\343\033Y!\212\201\341\272\225'\007*$\244&\336\343'\233i\332\374\245 {^\306-N\333\gE\006\347\212\331C\211Z\177\247\031\n\341\r>\005\321\365we\235\320V\343\226\025\362\276\307\256\304\027\030$&\361\344\207\031#\302\033\345Q\013\202_n)6q\357\2538_-\302\252B\204v\277\254\373\3322Ca\020\243\0105\263\257\367\032\254\016\003""; }; "
1750587317549,1750587317549,0,1,1,2,TMLedgerData,"ledgerHash: ""\025{\341\203\016\355Wm\222\t\022+\207\321\343}^\317s\206\320\316\221\322\t\214\257\211\366S\177\277""; ledgerSeq: 18; type: liAS_NODE; nodes {;   nodedata: ""\021\000h""\000\000\000\000 \033\000\000\000\021\002\023\302\177\330\356GuH\375\327!\255\371\r\231\262R\256J\034\222\241\355X\265E\241^W\225\304\014\361CX-}\351f\032\255\274\334m\326c\017\014ao[\342\230\003\245\245\3341Hm\326^\017jy\335\261\214.\207\210%\003 \010ML\347\200R\304&\320_\215\226\344\334\033\354\2002\255\216\332\317\255\034\017T\270\242(,&\233\326\374o\306[\235\317>\021e\005s\261\371l\216\017\003\032\017J\217\244W<\241'\332/+\360Bx\036+\210j\237K%\340]\246E\2434\264K\036\030qP\317\315\336\325\007\372\373$P*|\321\342\002\026\n\3215\340\3203\200x\327D\301]5\237\247Yz\3711!L\214\221=\252\002\267\225zg\264\253\271T\346ji\003\235\236Pis\264\375\222|H\344\261g?[g\311\347s\234ae\204\263\365U\334\372D\354\345\276\201f\035\271%#\375\245\314.""\373\330&\3746\354@[\274\202\021\202\373Vi\243\n\325\250\005e\360""m\346'\311@\343\016$L\346\334\360<w\317\351\2337\023\262\336W\254\222\315\335\317oP\221\031g\037\220\357Ft\030n\306\370\n\354\226\365\346\276\322i\233\014\037\027Z\351\022\216@=S\205\334\033\374\234n\r\270\210]\013\203\356\024\366\354\260\007L\324\236aQ\361\020X\372\353 3\347\310*\253\021gT!>\003\325\254,\003\367\204\031\331\255\240\304J\342j\272\270\274\360\307\356\347\200Ywm#\014\233\301\022L\232T\033N\341\232\325\233\227\313\307\302\001\313@D\264\016\334\r\034\035\\276\225\314|\234S*r\007\370x>\305D*\007b\276v\316D!=\355\210\037\325\034/l\242\365\034!w\324\362\3252-\025\351\314\2334,\306Dd\037v\256\345X\002=\033c\255\253\226\014-o\364!\262f\370\222\250\377\220&p\343\245\3604Op\353\317\305?Z\326\257)\2439\250\272\002\370\360\022\220W 062/8s4\204\363\253&I\000m\335\025\336\037\263=\026\236A\324J9\261\341@\353\236\027\243\365\225\347\2315\205\014\356\333\201\232V!\026\010\264\227\2326\315\307\363\323\325\303\032N\256*\307\327 \235\332\207u\210\271\257\306g\231i*\260\326k\001"";   nodeid: ""\260\000\000\000\000\000\000\000\000\000\000\000\000\000\000\000\000\000\000\000\000\000\000\000\000\000\000\000\000\000\000\000\001""; }; ","ledgerHash: ""\025{\341\203\016\355Wm\222\t\022+\207\321\343}^\317s\206\320\316\221\322\t\214\257\211\366S\177\277""; ledgerSeq: 18; type: liAS_NODE; nodes {;   nodedata: ""\021\000h""\000\000\000\000 \033\000\000\000\021\002\023\302\177\330\356GuH\375\327!\255\371\r\231\262R\256J\034\222\241\355X\265E\241^W\225\304\014\361CX-}\351f\032\255\274\334m\326c\017\014ao[\342\230\003\245\245\3341Hm\326^\017jy\335\261\214.\207\210%\003 \010ML\347\200R\304&\320_\215\226\344\334\033\354\2002\255\216\332\317\255\034\017T\270\242(,&\233\326\374o\306[\235\317>\021e\005s\261\371l\216\017\003\032\017J\217\244W<\241'\332/+\360Bx\036+\210j\237K%\340]\246E\2434\264K\036\030qP\317\315\336\325\007\372\373$P*|\321\342\002\026\n\3215\340\3203\200x\327D\301]5\237\247Yz\3711!L\214\221=\252\002\267\225zg\264\253\271T\346ji\003\235\236Pis\264\375\222|H\344\261g?[g\311\347s\234ae\204\263\365U\334\372D\354\345\276\201f\035\271%#\375\245\314.""\373\330&\3746\354@[\274\202\021\202\373Vi\243\n\325\250\005e\360""m\346'\311@\343\016$L\346\334\360<w\317\351\2337\023\262\336W\254\222\315\335\317oP\221\031g\037\220\357Ft\030n\306\370\n\354\226\365\346\276\322i\233\014\037\027Z\351\022\216@=S\205\334\033\374\234n\r\270\210]\013\203\356\024\366\354\260\007L\324\236aQ\361\020X\372\353 3\347\310*\253\021gT!>\003\325\254,\003\367\204\031\331\255\240\304J\342j\272\270\274\360\307\356\347\200Ywm#\014\233\301\022L\232T\033N\341\232\325\233\227\313\307\302\001\313@D\264\016\334\r\034\035\\276\225\314|\234S*r\007\370x>\305D*\007b\276v\316D!=\355\210\037\325\034/l\242\365\034!w\324\362\3252-\025\351\314\2334,\306Dd\037v\256\345X\002=\033c\255\253\226\014-o\364!\262f\370\222\250\377\220&p\343\245\3604Op\353\317\305?Z\326\257)\2439\250\272\002\370\360\022\220W 062/8s4\204\363\253&I\000m\335\025\336\037\263=\026\236A\324J9\261\341@\353\236\027\243\365\225\347\2315\205\014\356\333\201\232V!\026\010\264\227\2326\315\307\363\323\325\303\032N\256*\307\327 \235\332\207u\210\271\257\306g\231i*\260\326k\001"";   nodeid: ""\260\000\000\000\000\000\000\000\000\000\000\000\000\000\000\000\000\000\000\000\000\000\000\000\000\000\000\000\000\000\000\000\001""; }; "
1750587317550,1750587317551,0,1,1,3,TMLedgerData,"ledgerHash: ""\025{\341\203\016\355Wm\222\t\022+\207\321\343}^\317s\206\320\316\221\322\t\214\257\211\366S\177\277""; ledgerSeq: 18; type: liAS_NODE; nodes {;   nodedata: ""\021\000h""\000\000\000\000 \033\000\000\000\021\002\023\302\177\330\356GuH\375\327!\255\371\r\231\262R\256J\034\222\241\355X\265E\241^W\225\304\014\361CX-}\351f\032\255\274\334m\326c\017\014ao[\342\230\003\245\245\3341Hm\326^\017jy\335\261\214.\207\210%\003 \010ML\347\200R\304&\320_\215\226\344\334\033\354\2002\255\216\332\317\255\034\017T\270\242(,&\233\326\374o\306[\235\317>\021e\005s\261\371l\216\017\003\032\017J\217\244W<\241'\332/+\360Bx\036+\210j\237K%\340]\246E\2434\264K\036\030qP\317\315\336\325\007\372\373$P*|\321\342\002\026\n\3215\340\3203\200x\327D\301]5\237\247Yz\3711!L\214\221=\252\002\267\225zg\264\253\271T\346ji\003\235\236Pis\264\375\222|H\344\261g?[g\311\347s\234ae\204\263\365U\334\372D\354\345\276\201f\035\271%#\375\245\314.""\373\330&\3746\354@[\274\202\021\202\373Vi\243\n\325\250\005e\360""m\346'\311@\343\016$L\346\334\360<w\317\351\2337\023\262\336W\254\222\315\335\317oP\221\031g\037\220\357Ft\030n\306\370\n\354\226\365\346\276\322i\233\014\037\027Z\351\022\216@=S\205\334\033\374\234n\r\270\210]\013\203\356\024\366\354\260\007L\324\236aQ\361\020X\372\353 3\347\310*\253\021gT!>\003\325\254,\003\367\204\031\331\255\240\304J\342j\272\270\274\360\307\356\347\200Ywm#\014\233\301\022L\232T\033N\341\232\325\233\227\313\307\302\001\313@D\264\016\334\r\034\035\\276\225\314|\234S*r\007\370x>\305D*\007b\276v\316D!=\355\210\037\325\034/l\242\365\034!w\324\362\3252-\025\351\314\2334,\306Dd\037v\256\345X\002=\033c\255\253\226\014-o\364!\262f\370\222\250\377\220&p\343\245\3604Op\353\317\305?Z\326\257)\2439\250\272\002\370\360\022\220W 062/8s4\204\363\253&I\000m\335\025\336\037\263=\026\236A\324J9\261\341@\353\236\027\243\365\225\347\2315\205\014\356\333\201\232V!\026\010\264\227\2326\315\307\363\323\325\303\032N\256*\307\327 \235\332\207u\210\271\257\306g\231i*\260\326k\001"";   nodeid: ""\260\000\000\000\000\000\000\000\000\000\000\000\000\000\000\000\000\000\000\000\000\000\000\000\000\000\000\000\000\000\000\000\001""; }; ","ledgerHash: ""\025{\341\203\016\355Wm\222\t\022+\207\321\343}^\317s\206\320\316\221\322\t\214\257\211\366S\177\277""; ledgerSeq: 18; type: liAS_NODE; nodes {;   nodedata: ""\021\000h""\000\000\000\000 \033\000\000\000\021\002\023\302\177\330\356GuH\375\327!\255\371\r\231\262R\256J\034\222\241\355X\265E\241^W\225\304\014\361CX-}\351f\032\255\274\334m\326c\017\014ao[\342\230\003\245\245\3341Hm\326^\017jy\335\261\214.\207\210%\003 \010ML\347\200R\304&\320_\215\226\344\334\033\354\2002\255\216\332\317\255\034\017T\270\242(,&\233\326\374o\306[\235\317>\021e\005s\261\371l\216\017\003\032\017J\217\244W<\241'\332/+\360Bx\036+\210j\237K%\340]\246E\2434\264K\036\030qP\317\315\336\325\007\372\373$P*|\321\342\002\026\n\3215\340\3203\200x\327D\301]5\237\247Yz\3711!L\214\221=\252\002\267\225zg\264\253\271T\346ji\003\235\236Pis\264\375\222|H\344\261g?[g\311\347s\234ae\204\263\365U\334\372D\354\345\276\201f\035\271%#\375\245\314.""\373\330&\3746\354@[\274\202\021\202\373Vi\243\n\325\250\005e\360""m\346'\311@\343\016$L\346\334\360<w\317\351\2337\023\262\336W\254\222\315\335\317oP\221\031g\037\220\357Ft\030n\306\370\n\354\226\365\346\276\322i\233\014\037\027Z\351\022\216@=S\205\334\033\374\234n\r\270\210]\013\203\356\024\366\354\260\007L\324\236aQ\361\020X\372\353 3\347\310*\253\021gT!>\003\325\254,\003\367\204\031\331\255\240\304J\342j\272\270\274\360\307\356\347\200Ywm#\014\233\301\022L\232T\033N\341\232\325\233\227\313\307\302\001\313@D\264\016\334\r\034\035\\276\225\314|\234S*r\007\370x>\305D*\007b\276v\316D!=\355\210\037\325\034/l\242\365\034!w\324\362\3252-\025\351\314\2334,\306Dd\037v\256\345X\002=\033c\255\253\226\014-o\364!\262f\370\222\250\377\220&p\343\245\3604Op\353\317\305?Z\326\257)\2439\250\272\002\370\360\022\220W 062/8s4\204\363\253&I\000m\335\025\336\037\263=\026\236A\324J9\261\341@\353\236\027\243\365\225\347\2315\205\014\356\333\201\232V!\026\010\264\227\2326\315\307\363\323\325\303\032N\256*\307\327 \235\332\207u\210\271\257\306g\231i*\260\326k\001"";   nodeid: ""\260\000\000\000\000\000\000\000\000\000\000\000\000\000\000\000\000\000\000\000\000\000\000\000\000\000\000\000\000\000\000\000\001""; }; "
1750587317889,1750587317889,0,1,3,2,TMStatusChange,"newEvent: neACCEPTED_LEDGER; ledgerSeq: 18; ledgerHash: ""\025{\341\203\016\355Wm\222\t\022+\207\321\343}^\317s\206\320\316\221\322\t\214\257\211\366S\177\277""; ledgerHashPrevious: ""\336\037\263=\026\236A\324J9\261\341@\353\236\027\243\365\225\347\2315\205\014\356\333\201\232V!\026\010""; networkTime: 803902517; firstSeq: 9; lastSeq: 17; ","newEvent: neACCEPTED_LEDGER; ledgerSeq: 18; ledgerHash: ""\025{\341\203\016\355Wm\222\t\022+\207\321\343}^\317s\206\320\316\221\322\t\214\257\211\366S\177\277""; ledgerHashPrevious: ""\336\037\263=\026\236A\324J9\261\341@\353\236\027\243\365\225\347\2315\205\014\356\333\201\232V!\026\010""; networkTime: 803902517; firstSeq: 9; lastSeq: 17; "
1750587317889,1750587317889,0,1,3,4,TMStatusChange,"newEvent: neACCEPTED_LEDGER; ledgerSeq: 18; ledgerHash: ""\025{\341\203\016\355Wm\222\t\022+\207\321\343}^\317s\206\320\316\221\322\t\214\257\211\366S\177\277""; ledgerHashPrevious: ""\336\037\263=\026\236A\324J9\261\341@\353\236\027\243\365\225\347\2315\205\014\356\333\201\232V!\026\010""; networkTime: 803902517; firstSeq: 9; lastSeq: 17; ","newEvent: neACCEPTED_LEDGER; ledgerSeq: 18; ledgerHash: ""\025{\341\203\016\355Wm\222\t\022+\207\321\343}^\317s\206\320\316\221\322\t\214\257\211\366S\177\277""; ledgerHashPrevious: ""\336\037\263=\026\236A\324J9\261\341@\353\236\027\243\365\225\347\2315\205\014\356\333\201\232V!\026\010""; networkTime: 803902517; firstSeq: 9; lastSeq: 17; "
1750587317890,1750587317890,0,1,3,0,TMStatusChange,"newEvent: neACCEPTED_LEDGER; ledgerSeq: 18; ledgerHash: ""\025{\341\203\016\355Wm\222\t\022+\207\321\343}^\317s\206\320\316\221\322\t\214\257\211\366S\177\277""; ledgerHashPrevious: ""\336\037\263=\026\236A\324J9\261\341@\353\236\027\243\365\225\347\2315\205\014\356\333\201\232V!\026\010""; networkTime: 803902517; firstSeq: 9; lastSeq: 17; ","newEvent: neACCEPTED_LEDGER; ledgerSeq: 18; ledgerHash: ""\025{\341\203\016\355Wm\222\t\022+\207\321\343}^\317s\206\320\316\221\322\t\214\257\211\366S\177\277""; ledgerHashPrevious: ""\336\037\263=\026\236A\324J9\261\341@\353\236\027\243\365\225\347\2315\205\014\356\333\201\232V!\026\010""; networkTime: 803902517; firstSeq: 9; lastSeq: 17; "
1750587317890,1750587317890,0,1,3,1,TMStatusChange,"newEvent: neACCEPTED_LEDGER; ledgerSeq: 18; ledgerHash: ""\025{\341\203\016\355Wm\222\t\022+\207\321\343}^\317s\206\320\316\221\322\t\214\257\211\366S\177\277""; ledgerHashPrevious: ""\336\037\263=\026\236A\324J9\261\341@\353\236\027\243\365\225\347\2315\205\014\356\333\201\232V!\026\010""; networkTime: 803902517; firstSeq: 9; lastSeq: 17; ","newEvent: neACCEPTED_LEDGER; ledgerSeq: 18; ledgerHash: ""\025{\341\203\016\355Wm\222\t\022+\207\321\343}^\317s\206\320\316\221\322\t\214\257\211\366S\177\277""; ledgerHashPrevious: ""\336\037\263=\026\236A\324J9\261\341@\353\236\027\243\365\225\347\2315\205\014\356\333\201\232V!\026\010""; networkTime: 803902517; firstSeq: 9; lastSeq: 17; "
1750587317930,1750587317930,0,1,3,2,TMValidation,"validation: """"\200\000\000\001&\000\000\000\022)/\352\2245:\211l\014`\252m\212dQ\025{\341\203\016\355Wm\222\t\022+\207\321\343}^\317s\206\320\316\221\322\t\214\257\211\366S\177\277P\027\000\000\000\000\000\000\000\000\000\000\000\000\000\000\000\000\000\000\000\000\000\000\000\000\000\000\000\000\000\000\000\000P\031\336\037\263=\026\236A\324J9\261\341@\353\236\027\243\365\225\347\2315\205\014\356\333\201\232V!\026\010s!\003\325Q\255\224\274R@\312\253\262\347\352\034\346\347\242\215,\312\376=\277\353{\350\225\301\305`^, vF0D\002 JzUM*5\270&D\201`@f\271\330\007r\023\324\235\016\221\007 \013\031\364{\315\343}\256\002 3X\376\rB\375Dsl\356\244'\017%\330\023\360H\3416y\2762\313r>\316\210\014\337(\020""; ","validation: """"\200\000\000\001&\000\000\000\022)/\352\2245:\211l\014`\252m\212dQ\025{\341\203\016\355Wm\222\t\022+\207\321\343}^\317s\206\320\316\221\322\t\214\257\211\366S\177\277P\027\000\000\000\000\000\000\000\000\000\000\000\000\000\000\000\000\000\000\000\000\000\000\000\000\000\000\000\000\000\000\000\000P\031\336\037\263=\026\236A\324J9\261\341@\353\236\027\243\365\225\347\2315\205\014\356\333\201\232V!\026\010s!\003\325Q\255\224\274R@\312\253\262\347\352\034\346\347\242\215,\312\376=\277\353{\350\225\301\305`^, vF0D\002 JzUM*5\270&D\201`@f\271\330\007r\023\324\235\016\221\007 \013\031\364{\315\343}\256\002 3X\376\rB\375Dsl\356\244'\017%\330\023\360H\3416y\2762\313r>\316\210\014\337(\020""; "
1750587317931,1750587317931,0,1,3,1,TMValidation,"validation: """"\200\000\000\001&\000\000\000\022)/\352\2245:\211l\014`\252m\212dQ\025{\341\203\016\355Wm\222\t\022+\207\321\343}^\317s\206\320\316\221\322\t\214\257\211\366S\177\277P\027\000\000\000\000\000\000\000\000\000\000\000\000\000\000\000\000\000\000\000\000\000\000\000\000\000\000\000\000\000\000\000\000P\031\336\037\263=\026\236A\324J9\261\341@\353\236\027\243\365\225\347\2315\205\014\356\333\201\232V!\026\010s!\003\325Q\255\224\274R@\312\253\262\347\352\034\346\347\242\215,\312\376=\277\353{\350\225\301\305`^, vF0D\002 JzUM*5\270&D\201`@f\271\330\007r\023\324\235\016\221\007 \013\031\364{\315\343}\256\002 3X\376\rB\375Dsl\356\244'\017%\330\023\360H\3416y\2762\313r>\316\210\014\337(\020""; ","validation: """"\200\000\000\001&\000\000\000\022)/\352\2245:\211l\014`\252m\212dQ\025{\341\203\016\355Wm\222\t\022+\207\321\343}^\317s\206\320\316\221\322\t\214\257\211\366S\177\277P\027\000\000\000\000\000\000\000\000\000\000\000\000\000\000\000\000\000\000\000\000\000\000\000\000\000\000\000\000\000\000\000\000P\031\336\037\263=\026\236A\324J9\261\341@\353\236\027\243\365\225\347\2315\205\014\356\333\201\232V!\026\010s!\003\325Q\255\224\274R@\312\253\262\347\352\034\346\347\242\215,\312\376=\277\353{\350\225\301\305`^, vF0D\002 JzUM*5\270&D\201`@f\271\330\007r\023\324\235\016\221\007 \013\031\364{\315\343}\256\002 3X\376\rB\375Dsl\356\244'\017%\330\023\360H\3416y\2762\313r>\316\210\014\337(\020""; "
1750587317930,1750587317930,0,1,3,0,TMValidation,"validation: """"\200\000\000\001&\000\000\000\022)/\352\2245:\211l\014`\252m\212dQ\025{\341\203\016\355Wm\222\t\022+\207\321\343}^\317s\206\320\316\221\322\t\214\257\211\366S\177\277P\027\000\000\000\000\000\000\000\000\000\000\000\000\000\000\000\000\000\000\000\000\000\000\000\000\000\000\000\000\000\000\000\000P\031\336\037\263=\026\236A\324J9\261\341@\353\236\027\243\365\225\347\2315\205\014\356\333\201\232V!\026\010s!\003\325Q\255\224\274R@\312\253\262\347\352\034\346\347\242\215,\312\376=\277\353{\350\225\301\305`^, vF0D\002 JzUM*5\270&D\201`@f\271\330\007r\023\324\235\016\221\007 \013\031\364{\315\343}\256\002 3X\376\rB\375Dsl\356\244'\017%\330\023\360H\3416y\2762\313r>\316\210\014\337(\020""; ","validation: """"\200\000\000\001&\000\000\000\022)/\352\2245:\211l\014`\252m\212dQ\025{\341\203\016\355Wm\222\t\022+\207\321\343}^\317s\206\320\316\221\322\t\214\257\211\366S\177\277P\027\000\000\000\000\000\000\000\000\000\000\000\000\000\000\000\000\000\000\000\000\000\000\000\000\000\000\000\000\000\000\000\000P\031\336\037\263=\026\236A\324J9\261\341@\353\236\027\243\365\225\347\2315\205\014\356\333\201\232V!\026\010s!\003\325Q\255\224\274R@\312\253\262\347\352\034\346\347\242\215,\312\376=\277\353{\350\225\301\305`^, vF0D\002 JzUM*5\270&D\201`@f\271\330\007r\023\324\235\016\221\007 \013\031\364{\315\343}\256\002 3X\376\rB\375Dsl\356\244'\017%\330\023\360H\3416y\2762\313r>\316\210\014\337(\020""; "
1750587317931,1750587317931,0,1,3,4,TMValidation,"validation: """"\200\000\000\001&\000\000\000\022)/\352\2245:\211l\014`\252m\212dQ\025{\341\203\016\355Wm\222\t\022+\207\321\343}^\317s\206\320\316\221\322\t\214\257\211\366S\177\277P\027\000\000\000\000\000\000\000\000\000\000\000\000\000\000\000\000\000\000\000\000\000\000\000\000\000\000\000\000\000\000\000\000P\031\336\037\263=\026\236A\324J9\261\341@\353\236\027\243\365\225\347\2315\205\014\356\333\201\232V!\026\010s!\003\325Q\255\224\274R@\312\253\262\347\352\034\346\347\242\215,\312\376=\277\353{\350\225\301\305`^, vF0D\002 JzUM*5\270&D\201`@f\271\330\007r\023\324\235\016\221\007 \013\031\364{\315\343}\256\002 3X\376\rB\375Dsl\356\244'\017%\330\023\360H\3416y\2762\313r>\316\210\014\337(\020""; ","validation: """"\200\000\000\001&\000\000\000\022)/\352\2245:\211l\014`\252m\212dQ\025{\341\203\016\355Wm\222\t\022+\207\321\343}^\317s\206\320\316\221\322\t\214\257\211\366S\177\277P\027\000\000\000\000\000\000\000\000\000\000\000\000\000\000\000\000\000\000\000\000\000\000\000\000\000\000\000\000\000\000\000\000P\031\336\037\263=\026\236A\324J9\261\341@\353\236\027\243\365\225\347\2315\205\014\356\333\201\232V!\026\010s!\003\325Q\255\224\274R@\312\253\262\347\352\034\346\347\242\215,\312\376=\277\353{\350\225\301\305`^, vF0D\002 JzUM*5\270&D\201`@f\271\330\007r\023\324\235\016\221\007 \013\031\364{\315\343}\256\002 3X\376\rB\375Dsl\356\244'\017%\330\023\360H\3416y\2762\313r>\316\210\014\337(\020""; "
1750587317932,1750587317932,0,1,2,1,TMValidation,"validation: """"\200\000\000\001&\000\000\000\022)/\352\2245:\211l\014`\252m\212dQ\025{\341\203\016\355Wm\222\t\022+\207\321\343}^\317s\206\320\316\221\322\t\214\257\211\366S\177\277P\027\000\000\000\000\000\000\000\000\000\000\000\000\000\000\000\000\000\000\000\000\000\000\000\000\000\000\000\000\000\000\000\000P\031\336\037\263=\026\236A\324J9\261\341@\353\236\027\243\365\225\347\2315\205\014\356\333\201\232V!\026\010s!\003\325Q\255\224\274R@\312\253\262\347\352\034\346\347\242\215,\312\376=\277\353{\350\225\301\305`^, vF0D\002 JzUM*5\270&D\201`@f\271\330\007r\023\324\235\016\221\007 \013\031\364{\315\343}\256\002 3X\376\rB\375Dsl\356\244'\017%\330\023\360H\3416y\2762\313r>\316\210\014\337(\020""; ","validation: """"\200\000\000\001&\000\000\000\022)/\352\2245:\211l\014`\252m\212dQ\025{\341\203\016\355Wm\222\t\022+\207\321\343}^\317s\206\320\316\221\322\t\214\257\211\366S\177\277P\027\000\000\000\000\000\000\000\000\000\000\000\000\000\000\000\000\000\000\000\000\000\000\000\000\000\000\000\000\000\000\000\000P\031\336\037\263=\026\236A\324J9\261\341@\353\236\027\243\365\225\347\2315\205\014\356\333\201\232V!\026\010s!\003\325Q\255\224\274R@\312\253\262\347\352\034\346\347\242\215,\312\376=\277\353{\350\225\301\305`^, vF0D\002 JzUM*5\270&D\201`@f\271\330\007r\023\324\235\016\221\007 \013\031\364{\315\343}\256\002 3X\376\rB\375Dsl\356\244'\017%\330\023\360H\3416y\2762\313r>\316\210\014\337(\020""; "
1750587317933,1750587317933,0,1,2,4,TMValidation,"validation: """"\200\000\000\001&\000\000\000\022)/\352\2245:\211l\014`\252m\212dQ\025{\341\203\016\355Wm\222\t\022+\207\321\343}^\317s\206\320\316\221\322\t\214\257\211\366S\177\277P\027\000\000\000\000\000\000\000\000\000\000\000\000\000\000\000\000\000\000\000\000\000\000\000\000\000\000\000\000\000\000\000\000P\031\336\037\263=\026\236A\324J9\261\341@\353\236\027\243\365\225\347\2315\205\014\356\333\201\232V!\026\010s!\003\325Q\255\224\274R@\312\253\262\347\352\034\346\347\242\215,\312\376=\277\353{\350\225\301\305`^, vF0D\002 JzUM*5\270&D\201`@f\271\330\007r\023\324\235\016\221\007 \013\031\364{\315\343}\256\002 3X\376\rB\375Dsl\356\244'\017%\330\023\360H\3416y\2762\313r>\316\210\014\337(\020""; ","validation: """"\200\000\000\001&\000\000\000\022)/\352\2245:\211l\014`\252m\212dQ\025{\341\203\016\355Wm\222\t\022+\207\321\343}^\317s\206\320\316\221\322\t\214\257\211\366S\177\277P\027\000\000\000\000\000\000\000\000\000\000\000\000\000\000\000\000\000\000\000\000\000\000\000\000\000\000\000\000\000\000\000\000P\031\336\037\263=\026\236A\324J9\261\341@\353\236\027\243\365\225\347\2315\205\014\356\333\201\232V!\026\010s!\003\325Q\255\224\274R@\312\253\262\347\352\034\346\347\242\215,\312\376=\277\353{\350\225\301\305`^, vF0D\002 JzUM*5\270&D\201`@f\271\330\007r\023\324\235\016\221\007 \013\031\364{\315\343}\256\002 3X\376\rB\375Dsl\356\244'\017%\330\023\360H\3416y\2762\313r>\316\210\014\337(\020""; "
1750587317933,1750587317933,0,1,2,0,TMValidation,"validation: """"\200\000\000\001&\000\000\000\022)/\352\2245:\211l\014`\252m\212dQ\025{\341\203\016\355Wm\222\t\022+\207\321\343}^\317s\206\320\316\221\322\t\214\257\211\366S\177\277P\027\000\000\000\000\000\000\000\000\000\000\000\000\000\000\000\000\000\000\000\000\000\000\000\000\000\000\000\000\000\000\000\000P\031\336\037\263=\026\236A\324J9\261\341@\353\236\027\243\365\225\347\2315\205\014\356\333\201\232V!\026\010s!\003\325Q\255\224\274R@\312\253\262\347\352\034\346\347\242\215,\312\376=\277\353{\350\225\301\305`^, vF0D\002 JzUM*5\270&D\201`@f\271\330\007r\023\324\235\016\221\007 \013\031\364{\315\343}\256\002 3X\376\rB\375Dsl\356\244'\017%\330\023\360H\3416y\2762\313r>\316\210\014\337(\020""; ","validation: """"\200\000\000\001&\000\000\000\022)/\352\2245:\211l\014`\252m\212dQ\025{\341\203\016\355Wm\222\t\022+\207\321\343}^\317s\206\320\316\221\322\t\214\257\211\366S\177\277P\027\000\000\000\000\000\000\000\000\000\000\000\000\000\000\000\000\000\000\000\000\000\000\000\000\000\000\000\000\000\000\000\000P\031\336\037\263=\026\236A\324J9\261\341@\353\236\027\243\365\225\347\2315\205\014\356\333\201\232V!\026\010s!\003\325Q\255\224\274R@\312\253\262\347\352\034\346\347\242\215,\312\376=\277\353{\350\225\301\305`^, vF0D\002 JzUM*5\270&D\201`@f\271\330\007r\023\324\235\016\221\007 \013\031\364{\315\343}\256\002 3X\376\rB\375Dsl\356\244'\017%\330\023\360H\3416y\2762\313r>\316\210\014\337(\020""; "
1750587317934,1750587317934,0,1,1,2,TMValidation,"validation: """"\200\000\000\001&\000\000\000\022)/\352\2245:\211l\014`\252m\212dQ\025{\341\203\016\355Wm\222\t\022+\207\321\343}^\317s\206\320\316\221\322\t\214\257\211\366S\177\277P\027\000\000\000\000\000\000\000\000\000\000\000\000\000\000\000\000\000\000\000\000\000\000\000\000\000\000\000\000\000\000\000\000P\031\336\037\263=\026\236A\324J9\261\341@\353\236\027\243\365\225\347\2315\205\014\356\333\201\232V!\026\010s!\003\325Q\255\224\274R@\312\253\262\347\352\034\346\347\242\215,\312\376=\277\353{\350\225\301\305`^, vF0D\002 JzUM*5\270&D\201`@f\271\330\007r\023\324\235\016\221\007 \013\031\364{\315\343}\256\002 3X\376\rB\375Dsl\356\244'\017%\330\023\360H\3416y\2762\313r>\316\210\014\337(\020""; ","validation: """"\200\000\000\001&\000\000\000\022)/\352\2245:\211l\014`\252m\212dQ\025{\341\203\016\355Wm\222\t\022+\207\321\343}^\317s\206\320\316\221\322\t\214\257\211\366S\177\277P\027\000\000\000\000\000\000\000\000\000\000\000\000\000\000\000\000\000\000\000\000\000\000\000\000\000\000\000\000\000\000\000\000P\031\336\037\263=\026\236A\324J9\261\341@\353\236\027\243\365\225\347\2315\205\014\356\333\201\232V!\026\010s!\003\325Q\255\224\274R@\312\253\262\347\352\034\346\347\242\215,\312\376=\277\353{\350\225\301\305`^, vF0D\002 JzUM*5\270&D\201`@f\271\330\007r\023\324\235\016\221\007 \013\031\364{\315\343}\256\002 3X\376\rB\375Dsl\356\244'\017%\330\023\360H\3416y\2762\313r>\316\210\014\337(\020""; "
1750587317936,1750587317936,0,1,1,0,TMValidation,"validation: """"\200\000\000\001&\000\000\000\022)/\352\2245:\211l\014`\252m\212dQ\025{\341\203\016\355Wm\222\t\022+\207\321\343}^\317s\206\320\316\221\322\t\214\257\211\366S\177\277P\027\000\000\000\000\000\000\000\000\000\000\000\000\000\000\000\000\000\000\000\000\000\000\000\000\000\000\000\000\000\000\000\000P\031\336\037\263=\026\236A\324J9\261\341@\353\236\027\243\365\225\347\2315\205\014\356\333\201\232V!\026\010s!\003\325Q\255\224\274R@\312\253\262\347\352\034\346\347\242\215,\312\376=\277\353{\350\225\301\305`^, vF0D\002 JzUM*5\270&D\201`@f\271\330\007r\023\324\235\016\221\007 \013\031\364{\315\343}\256\002 3X\376\rB\375Dsl\356\244'\017%\330\023\360H\3416y\2762\313r>\316\210\014\337(\020""; ","validation: """"\200\000\000\001&\000\000\000\022)/\352\2245:\211l\014`\252m\212dQ\025{\341\203\016\355Wm\222\t\022+\207\321\343}^\317s\206\320\316\221\322\t\214\257\211\366S\177\277P\027\000\000\000\000\000\000\000\000\000\000\000\000\000\000\000\000\000\000\000\000\000\000\000\000\000\000\000\000\000\000\000\000P\031\336\037\263=\026\236A\324J9\261\341@\353\236\027\243\365\225\347\2315\205\014\356\333\201\232V!\026\010s!\003\325Q\255\224\274R@\312\253\262\347\352\034\346\347\242\215,\312\376=\277\353{\350\225\301\305`^, vF0D\002 JzUM*5\270&D\201`@f\271\330\007r\023\324\235\016\221\007 \013\031\364{\315\343}\256\002 3X\376\rB\375Dsl\356\244'\017%\330\023\360H\3416y\2762\313r>\316\210\014\337(\020""; "
1750587317935,1750587317935,0,1,1,4,TMValidation,"validation: """"\200\000\000\001&\000\000\000\022)/\352\2245:\211l\014`\252m\212dQ\025{\341\203\016\355Wm\222\t\022+\207\321\343}^\317s\206\320\316\221\322\t\214\257\211\366S\177\277P\027\000\000\000\000\000\000\000\000\000\000\000\000\000\000\000\000\000\000\000\000\000\000\000\000\000\000\000\000\000\000\000\000P\031\336\037\263=\026\236A\324J9\261\341@\353\236\027\243\365\225\347\2315\205\014\356\333\201\232V!\026\010s!\003\325Q\255\224\274R@\312\253\262\347\352\034\346\347\242\215,\312\376=\277\353{\350\225\301\305`^, vF0D\002 JzUM*5\270&D\201`@f\271\330\007r\023\324\235\016\221\007 \013\031\364{\315\343}\256\002 3X\376\rB\375Dsl\356\244'\017%\330\023\360H\3416y\2762\313r>\316\210\014\337(\020""; ","validation: """"\200\000\000\001&\000\000\000\022)/\352\2245:\211l\014`\252m\212dQ\025{\341\203\016\355Wm\222\t\022+\207\321\343}^\317s\206\320\316\221\322\t\214\257\211\366S\177\277P\027\000\000\000\000\000\000\000\000\000\000\000\000\000\000\000\000\000\000\000\000\000\000\000\000\000\000\000\000\000\000\000\000P\031\336\037\263=\026\236A\324J9\261\341@\353\236\027\243\365\225\347\2315\205\014\356\333\201\232V!\026\010s!\003\325Q\255\224\274R@\312\253\262\347\352\034\346\347\242\215,\312\376=\277\353{\350\225\301\305`^, vF0D\002 JzUM*5\270&D\201`@f\271\330\007r\023\324\235\016\221\007 \013\031\364{\315\343}\256\002 3X\376\rB\375Dsl\356\244'\017%\330\023\360H\3416y\2762\313r>\316\210\014\337(\020""; "
1750587317935,1750587317935,0,1,0,4,TMValidation,"validation: """"\200\000\000\001&\000\000\000\022)/\352\2245:\211l\014`\252m\212dQ\025{\341\203\016\355Wm\222\t\022+\207\321\343}^\317s\206\320\316\221\322\t\214\257\211\366S\177\277P\027\000\000\000\000\000\000\000\000\000\000\000\000\000\000\000\000\000\000\000\000\000\000\000\000\000\000\000\000\000\000\000\000P\031\336\037\263=\026\236A\324J9\261\341@\353\236\027\243\365\225\347\2315\205\014\356\333\201\232V!\026\010s!\003\325Q\255\224\274R@\312\253\262\347\352\034\346\347\242\215,\312\376=\277\353{\350\225\301\305`^, vF0D\002 JzUM*5\270&D\201`@f\271\330\007r\023\324\235\016\221\007 \013\031\364{\315\343}\256\002 3X\376\rB\375Dsl\356\244'\017%\330\023\360H\3416y\2762\313r>\316\210\014\337(\020""; ","validation: """"\200\000\000\001&\000\000\000\022)/\352\2245:\211l\014`\252m\212dQ\025{\341\203\016\355Wm\222\t\022+\207\321\343}^\317s\206\320\316\221\322\t\214\257\211\366S\177\277P\027\000\000\000\000\000\000\000\000\000\000\000\000\000\000\000\000\000\000\000\000\000\000\000\000\000\000\000\000\000\000\000\000P\031\336\037\263=\026\236A\324J9\261\341@\353\236\027\243\365\225\347\2315\205\014\356\333\201\232V!\026\010s!\003\325Q\255\224\274R@\312\253\262\347\352\034\346\347\242\215,\312\376=\277\353{\350\225\301\305`^, vF0D\002 JzUM*5\270&D\201`@f\271\330\007r\023\324\235\016\221\007 \013\031\364{\315\343}\256\002 3X\376\rB\375Dsl\356\244'\017%\330\023\360H\3416y\2762\313r>\316\210\014\337(\020""; "
1750587317936,1750587317936,0,1,0,2,TMValidation,"validation: """"\200\000\000\001&\000\000\000\022)/\352\2245:\211l\014`\252m\212dQ\025{\341\203\016\355Wm\222\t\022+\207\321\343}^\317s\206\320\316\221\322\t\214\257\211\366S\177\277P\027\000\000\000\000\000\000\000\000\000\000\000\000\000\000\000\000\000\000\000\000\000\000\000\000\000\000\000\000\000\000\000\000P\031\336\037\263=\026\236A\324J9\261\341@\353\236\027\243\365\225\347\2315\205\014\356\333\201\232V!\026\010s!\003\325Q\255\224\274R@\312\253\262\347\352\034\346\347\242\215,\312\376=\277\353{\350\225\301\305`^, vF0D\002 JzUM*5\270&D\201`@f\271\330\007r\023\324\235\016\221\007 \013\031\364{\315\343}\256\002 3X\376\rB\375Dsl\356\244'\017%\330\023\360H\3416y\2762\313r>\316\210\014\337(\020""; ","validation: """"\200\000\000\001&\000\000\000\022)/\352\2245:\211l\014`\252m\212dQ\025{\341\203\016\355Wm\222\t\022+\207\321\343}^\317s\206\320\316\221\322\t\214\257\211\366S\177\277P\027\000\000\000\000\000\000\000\000\000\000\000\000\000\000\000\000\000\000\000\000\000\000\000\000\000\000\000\000\000\000\000\000P\031\336\037\263=\026\236A\324J9\261\341@\353\236\027\243\365\225\347\2315\205\014\356\333\201\232V!\026\010s!\003\325Q\255\224\274R@\312\253\262\347\352\034\346\347\242\215,\312\376=\277\353{\350\225\301\305`^, vF0D\002 JzUM*5\270&D\201`@f\271\330\007r\023\324\235\016\221\007 \013\031\364{\315\343}\256\002 3X\376\rB\375Dsl\356\244'\017%\330\023\360H\3416y\2762\313r>\316\210\014\337(\020""; "
1750587317936,1750587317937,0,1,0,1,TMValidation,"validation: """"\200\000\000\001&\000\000\000\022)/\352\2245:\211l\014`\252m\212dQ\025{\341\203\016\355Wm\222\t\022+\207\321\343}^\317s\206\320\316\221\322\t\214\257\211\366S\177\277P\027\000\000\000\000\000\000\000\000\000\000\000\000\000\000\000\000\000\000\000\000\000\000\000\000\000\000\000\000\000\000\000\000P\031\336\037\263=\026\236A\324J9\261\341@\353\236\027\243\365\225\347\2315\205\014\356\333\201\232V!\026\010s!\003\325Q\255\224\274R@\312\253\262\347\352\034\346\347\242\215,\312\376=\277\353{\350\225\301\305`^, vF0D\002 JzUM*5\270&D\201`@f\271\330\007r\023\324\235\016\221\007 \013\031\364{\315\343}\256\002 3X\376\rB\375Dsl\356\244'\017%\330\023\360H\3416y\2762\313r>\316\210\014\337(\020""; ","validation: """"\200\000\000\001&\000\000\000\022)/\352\2245:\211l\014`\252m\212dQ\025{\341\203\016\355Wm\222\t\022+\207\321\343}^\317s\206\320\316\221\322\t\214\257\211\366S\177\277P\027\000\000\000\000\000\000\000\000\000\000\000\000\000\000\000\000\000\000\000\000\000\000\000\000\000\000\000\000\000\000\000\000P\031\336\037\263=\026\236A\324J9\261\341@\353\236\027\243\365\225\347\2315\205\014\356\333\201\232V!\026\010s!\003\325Q\255\224\274R@\312\253\262\347\352\034\346\347\242\215,\312\376=\277\353{\350\225\301\305`^, vF0D\002 JzUM*5\270&D\201`@f\271\330\007r\023\324\235\016\221\007 \013\031\364{\315\343}\256\002 3X\376\rB\375Dsl\356\244'\017%\330\023\360H\3416y\2762\313r>\316\210\014\337(\020""; "
1750587317937,1750587317937,0,1,4,0,TMValidation,"validation: """"\200\000\000\001&\000\000\000\022)/\352\2245:\211l\014`\252m\212dQ\025{\341\203\016\355Wm\222\t\022+\207\321\343}^\317s\206\320\316\221\322\t\214\257\211\366S\177\277P\027\000\000\000\000\000\000\000\000\000\000\000\000\000\000\000\000\000\000\000\000\000\000\000\000\000\000\000\000\000\000\000\000P\031\336\037\263=\026\236A\324J9\261\341@\353\236\027\243\365\225\347\2315\205\014\356\333\201\232V!\026\010s!\003\325Q\255\224\274R@\312\253\262\347\352\034\346\347\242\215,\312\376=\277\353{\350\225\301\305`^, vF0D\002 JzUM*5\270&D\201`@f\271\330\007r\023\324\235\016\221\007 \013\031\364{\315\343}\256\002 3X\376\rB\375Dsl\356\244'\017%\330\023\360H\3416y\2762\313r>\316\210\014\337(\020""; ","validation: """"\200\000\000\001&\000\000\000\022)/\352\2245:\211l\014`\252m\212dQ\025{\341\203\016\355Wm\222\t\022+\207\321\343}^\317s\206\320\316\221\322\t\214\257\211\366S\177\277P\027\000\000\000\000\000\000\000\000\000\000\000\000\000\000\000\000\000\000\000\000\000\000\000\000\000\000\000\000\000\000\000\000P\031\336\037\263=\026\236A\324J9\261\341@\353\236\027\243\365\225\347\2315\205\014\356\333\201\232V!\026\010s!\003\325Q\255\224\274R@\312\253\262\347\352\034\346\347\242\215,\312\376=\277\353{\350\225\301\305`^, vF0D\002 JzUM*5\270&D\201`@f\271\330\007r\023\324\235\016\221\007 \013\031\364{\315\343}\256\002 3X\376\rB\375Dsl\356\244'\017%\330\023\360H\3416y\2762\313r>\316\210\014\337(\020""; "
1750587317937,1750587317937,0,1,4,2,TMValidation,"validation: """"\200\000\000\001&\000\000\000\022)/\352\2245:\211l\014`\252m\212dQ\025{\341\203\016\355Wm\222\t\022+\207\321\343}^\317s\206\320\316\221\322\t\214\257\211\366S\177\277P\027\000\000\000\000\000\000\000\000\000\000\000\000\000\000\000\000\000\000\000\000\000\000\000\000\000\000\000\000\000\000\000\000P\031\336\037\263=\026\236A\324J9\261\341@\353\236\027\243\365\225\347\2315\205\014\356\333\201\232V!\026\010s!\003\325Q\255\224\274R@\312\253\262\347\352\034\346\347\242\215,\312\376=\277\353{\350\225\301\305`^, vF0D\002 JzUM*5\270&D\201`@f\271\330\007r\023\324\235\016\221\007 \013\031\364{\315\343}\256\002 3X\376\rB\375Dsl\356\244'\017%\330\023\360H\3416y\2762\313r>\316\210\014\337(\020""; ","validation: """"\200\000\000\001&\000\000\000\022)/\352\2245:\211l\014`\252m\212dQ\025{\341\203\016\355Wm\222\t\022+\207\321\343}^\317s\206\320\316\221\322\t\214\257\211\366S\177\277P\027\000\000\000\000\000\000\000\000\000\000\000\000\000\000\000\000\000\000\000\000\000\000\000\000\000\000\000\000\000\000\000\000P\031\336\037\263=\026\236A\324J9\261\341@\353\236\027\243\365\225\347\2315\205\014\356\333\201\232V!\026\010s!\003\325Q\255\224\274R@\312\253\262\347\352\034\346\347\242\215,\312\376=\277\353{\350\225\301\305`^, vF0D\002 JzUM*5\270&D\201`@f\271\330\007r\023\324\235\016\221\007 \013\031\364{\315\343}\256\002 3X\376\rB\375Dsl\356\244'\017%\330\023\360H\3416y\2762\313r>\316\210\014\337(\020""; "
1750587317937,1750587317938,0,1,4,1,TMValidation,"validation: """"\200\000\000\001&\000\000\000\022)/\352\2245:\211l\014`\252m\212dQ\025{\341\203\016\355Wm\222\t\022+\207\321\343}^\317s\206\320\316\221\322\t\214\257\211\366S\177\277P\027\000\000\000\000\000\000\000\000\000\000\000\000\000\000\000\000\000\000\000\000\000\000\000\000\000\000\000\000\000\000\000\000P\031\336\037\263=\026\236A\324J9\261\341@\353\236\027\243\365\225\347\2315\205\014\356\333\201\232V!\026\010s!\003\325Q\255\224\274R@\312\253\262\347\352\034\346\347\242\215,\312\376=\277\353{\350\225\301\305`^, vF0D\002 JzUM*5\270&D\201`@f\271\330\007r\023\324\235\016\221\007 \013\031\364{\315\343}\256\002 3X\376\rB\375Dsl\356\244'\017%\330\023\360H\3416y\2762\313r>\316\210\014\337(\020""; ","validation: """"\200\000\000\001&\000\000\000\022)/\352\2245:\211l\014`\252m\212dQ\025{\341\203\016\355Wm\222\t\022+\207\321\343}^\317s\206\320\316\221\322\t\214\257\211\366S\177\277P\027\000\000\000\000\000\000\000\000\000\000\000\000\000\000\000\000\000\000\000\000\000\000\000\000\000\000\000\000\000\000\000\000P\031\336\037\263=\026\236A\324J9\261\341@\353\236\027\243\365\225\347\2315\205\014\356\333\201\232V!\026\010s!\003\325Q\255\224\274R@\312\253\262\347\352\034\346\347\242\215,\312\376=\277\353{\350\225\301\305`^, vF0D\002 JzUM*5\270&D\201`@f\271\330\007r\023\324\235\016\221\007 \013\031\364{\315\343}\256\002 3X\376\rB\375Dsl\356\244'\017%\330\023\360H\3416y\2762\313r>\316\210\014\337(\020""; "
1750587318022,1750587318022,0,1,0,4,TMStatusChange,"newEvent: neACCEPTED_LEDGER; ledgerSeq: 18; ledgerHash: ""\025{\341\203\016\355Wm\222\t\022+\207\321\343}^\317s\206\320\316\221\322\t\214\257\211\366S\177\277""; ledgerHashPrevious: ""\336\037\263=\026\236A\324J9\261\341@\353\236\027\243\365\225\347\2315\205\014\356\333\201\232V!\026\010""; networkTime: 803902518; firstSeq: 9; lastSeq: 17; ","newEvent: neACCEPTED_LEDGER; ledgerSeq: 18; ledgerHash: ""\025{\341\203\016\355Wm\222\t\022+\207\321\343}^\317s\206\320\316\221\322\t\214\257\211\366S\177\277""; ledgerHashPrevious: ""\336\037\263=\026\236A\324J9\261\341@\353\236\027\243\365\225\347\2315\205\014\356\333\201\232V!\026\010""; networkTime: 803902518; firstSeq: 9; lastSeq: 17; "
1750587318022,1750587318022,0,1,0,3,TMStatusChange,"newEvent: neACCEPTED_LEDGER; ledgerSeq: 18; ledgerHash: ""\025{\341\203\016\355Wm\222\t\022+\207\321\343}^\317s\206\320\316\221\322\t\214\257\211\366S\177\277""; ledgerHashPrevious: ""\336\037\263=\026\236A\324J9\261\341@\353\236\027\243\365\225\347\2315\205\014\356\333\201\232V!\026\010""; networkTime: 803902518; firstSeq: 9; lastSeq: 17; ","newEvent: neACCEPTED_LEDGER; ledgerSeq: 18; ledgerHash: ""\025{\341\203\016\355Wm\222\t\022+\207\321\343}^\317s\206\320\316\221\322\t\214\257\211\366S\177\277""; ledgerHashPrevious: ""\336\037\263=\026\236A\324J9\261\341@\353\236\027\243\365\225\347\2315\205\014\356\333\201\232V!\026\010""; networkTime: 803902518; firstSeq: 9; lastSeq: 17; "
1750587318022,1750587318023,0,1,0,1,TMStatusChange,"newEvent: neACCEPTED_LEDGER; ledgerSeq: 18; ledgerHash: ""\025{\341\203\016\355Wm\222\t\022+\207\321\343}^\317s\206\320\316\221\322\t\214\257\211\366S\177\277""; ledgerHashPrevious: ""\336\037\263=\026\236A\324J9\261\341@\353\236\027\243\365\225\347\2315\205\014\356\333\201\232V!\026\010""; networkTime: 803902518; firstSeq: 9; lastSeq: 17; ","newEvent: neACCEPTED_LEDGER; ledgerSeq: 18; ledgerHash: ""\025{\341\203\016\355Wm\222\t\022+\207\321\343}^\317s\206\320\316\221\322\t\214\257\211\366S\177\277""; ledgerHashPrevious: ""\336\037\263=\026\236A\324J9\261\341@\353\236\027\243\365\225\347\2315\205\014\356\333\201\232V!\026\010""; networkTime: 803902518; firstSeq: 9; lastSeq: 17; "
1750587318023,1750587318023,0,1,0,2,TMStatusChange,"newEvent: neACCEPTED_LEDGER; ledgerSeq: 18; ledgerHash: ""\025{\341\203\016\355Wm\222\t\022+\207\321\343}^\317s\206\320\316\221\322\t\214\257\211\366S\177\277""; ledgerHashPrevious: ""\336\037\263=\026\236A\324J9\261\341@\353\236\027\243\365\225\347\2315\205\014\356\333\201\232V!\026\010""; networkTime: 803902518; firstSeq: 9; lastSeq: 17; ","newEvent: neACCEPTED_LEDGER; ledgerSeq: 18; ledgerHash: ""\025{\341\203\016\355Wm\222\t\022+\207\321\343}^\317s\206\320\316\221\322\t\214\257\211\366S\177\277""; ledgerHashPrevious: ""\336\037\263=\026\236A\324J9\261\341@\353\236\027\243\365\225\347\2315\205\014\356\333\201\232V!\026\010""; networkTime: 803902518; firstSeq: 9; lastSeq: 17; "
1750587318066,1750587318066,0,1,0,4,TMValidation,"validation: """"\200\000\000\001&\000\000\000\022)/\352\2246:I\203w\200\211\SGQ\025{\341\203\016\355Wm\222\t\022+\207\321\343}^\317s\206\320\316\221\322\t\214\257\211\366S\177\277P\027\000\000\000\000\000\000\000\000\000\000\000\000\000\000\000\000\000\000\000\000\000\000\000\000\000\000\000\000\000\000\000\000P\031\336\037\263=\026\236A\324J9\261\341@\353\236\027\243\365\225\347\2315\205\014\356\333\201\232V!\026\010s!\002\347\243J\206W\025ML\260\226\0163\217\250\337\325W\253\356*O\245Z\271\234\207C\274\375`\335\311vF0D\002 =\rE\303\341\363\361PV\202\022\335\337\005\200\3429x\206)""\323\236`\201\346\356\350\217\365+\327\002 |\ro9K\315U\360J\305\367\360\027~\031.\002\301\357YV$Sk;xy\027\321\270\023\n""; ","validation: """"\200\000\000\001&\000\000\000\022)/\352\2246:I\203w\200\211\SGQ\025{\341\203\016\355Wm\222\t\022+\207\321\343}^\317s\206\320\316\221\322\t\214\257\211\366S\177\277P\027\000\000\000\000\000\000\000\000\000\000\000\000\000\000\000\000\000\000\000\000\000\000\000\000\000\000\000\000\000\000\000\000P\031\336\037\263=\026\236A\324J9\261\341@\353\236\027\243\365\225\347\2315\205\014\356\333\201\232V!\026\010s!\002\347\243J\206W\025ML\260\226\0163\217\250\337\325W\253\356*O\245Z\271\234\207C\274\375`\335\311vF0D\002 =\rE\303\341\363\361PV\202\022\335\337\005\200\3429x\206)""\323\236`\201\346\356\350\217\365+\327\002 |\ro9K\315U\360J\305\367\360\027~\031.\002\301\357YV$Sk;xy\027\321\270\023\n""; "
1750587318066,1750587318066,0,1,0,3,TMValidation,"validation: """"\200\000\000\001&\000\000\000\022)/\352\2246:I\203w\200\211\SGQ\025{\341\203\016\355Wm\222\t\022+\207\321\343}^\317s\206\320\316\221\322\t\214\257\211\366S\177\277P\027\000\000\000\000\000\000\000\000\000\000\000\000\000\000\000\000\000\000\000\000\000\000\000\000\000\000\000\000\000\000\000\000P\031\336\037\263=\026\236A\324J9\261\341@\353\236\027\243\365\225\347\2315\205\014\356\333\201\232V!\026\010s!\002\347\243J\206W\025ML\260\226\0163\217\250\337\325W\253\356*O\245Z\271\234\207C\274\375`\335\311vF0D\002 =\rE\303\341\363\361PV\202\022\335\337\005\200\3429x\206)""\323\236`\201\346\356\350\217\365+\327\002 |\ro9K\315U\360J\305\367\360\027~\031.\002\301\357YV$Sk;xy\027\321\270\023\n""; ","validation: """"\200\000\000\001&\000\000\000\022)/\352\2246:I\203w\200\211\SGQ\025{\341\203\016\355Wm\222\t\022+\207\321\343}^\317s\206\320\316\221\322\t\214\257\211\366S\177\277P\027\000\000\000\000\000\000\000\000\000\000\000\000\000\000\000\000\000\000\000\000\000\000\000\000\000\000\000\000\000\000\000\000P\031\336\037\263=\026\236A\324J9\261\341@\353\236\027\243\365\225\347\2315\205\014\356\333\201\232V!\026\010s!\002\347\243J\206W\025ML\260\226\0163\217\250\337\325W\253\356*O\245Z\271\234\207C\274\375`\335\311vF0D\002 =\rE\303\341\363\361PV\202\022\335\337\005\200\3429x\206)""\323\236`\201\346\356\350\217\365+\327\002 |\ro9K\315U\360J\305\367\360\027~\031.\002\301\357YV$Sk;xy\027\321\270\023\n""; "
1750587318067,1750587318067,0,1,0,1,TMValidation,"validation: """"\200\000\000\001&\000\000\000\022)/\352\2246:I\203w\200\211\SGQ\025{\341\203\016\355Wm\222\t\022+\207\321\343}^\317s\206\320\316\221\322\t\214\257\211\366S\177\277P\027\000\000\000\000\000\000\000\000\000\000\000\000\000\000\000\000\000\000\000\000\000\000\000\000\000\000\000\000\000\000\000\000P\031\336\037\263=\026\236A\324J9\261\341@\353\236\027\243\365\225\347\2315\205\014\356\333\201\232V!\026\010s!\002\347\243J\206W\025ML\260\226\0163\217\250\337\325W\253\356*O\245Z\271\234\207C\274\375`\335\311vF0D\002 =\rE\303\341\363\361PV\202\022\335\337\005\200\3429x\206)""\323\236`\201\346\356\350\217\365+\327\002 |\ro9K\315U\360J\305\367\360\027~\031.\002\301\357YV$Sk;xy\027\321\270\023\n""; ","validation: """"\200\000\000\001&\000\000\000\022)/\352\2246:I\203w\200\211\SGQ\025{\341\203\016\355Wm\222\t\022+\207\321\343}^\317s\206\320\316\221\322\t\214\257\211\366S\177\277P\027\000\000\000\000\000\000\000\000\000\000\000\000\000\000\000\000\000\000\000\000\000\000\000\000\000\000\000\000\000\000\000\000P\031\336\037\263=\026\236A\324J9\261\341@\353\236\027\243\365\225\347\2315\205\014\356\333\201\232V!\026\010s!\002\347\243J\206W\025ML\260\226\0163\217\250\337\325W\253\356*O\245Z\271\234\207C\274\375`\335\311vF0D\002 =\rE\303\341\363\361PV\202\022\335\337\005\200\3429x\206)""\323\236`\201\346\356\350\217\365+\327\002 |\ro9K\315U\360J\305\367\360\027~\031.\002\301\357YV$Sk;xy\027\321\270\023\n""; "
1750587318067,1750587318067,0,1,0,2,TMValidation,"validation: """"\200\000\000\001&\000\000\000\022)/\352\2246:I\203w\200\211\SGQ\025{\341\203\016\355Wm\222\t\022+\207\321\343}^\317s\206\320\316\221\322\t\214\257\211\366S\177\277P\027\000\000\000\000\000\000\000\000\000\000\000\000\000\000\000\000\000\000\000\000\000\000\000\000\000\000\000\000\000\000\000\000P\031\336\037\263=\026\236A\324J9\261\341@\353\236\027\243\365\225\347\2315\205\014\356\333\201\232V!\026\010s!\002\347\243J\206W\025ML\260\226\0163\217\250\337\325W\253\356*O\245Z\271\234\207C\274\375`\335\311vF0D\002 =\rE\303\341\363\361PV\202\022\335\337\005\200\3429x\206)""\323\236`\201\346\356\350\217\365+\327\002 |\ro9K\315U\360J\305\367\360\027~\031.\002\301\357YV$Sk;xy\027\321\270\023\n""; ","validation: """"\200\000\000\001&\000\000\000\022)/\352\2246:I\203w\200\211\SGQ\025{\341\203\016\355Wm\222\t\022+\207\321\343}^\317s\206\320\316\221\322\t\214\257\211\366S\177\277P\027\000\000\000\000\000\000\000\000\000\000\000\000\000\000\000\000\000\000\000\000\000\000\000\000\000\000\000\000\000\000\000\000P\031\336\037\263=\026\236A\324J9\261\341@\353\236\027\243\365\225\347\2315\205\014\356\333\201\232V!\026\010s!\002\347\243J\206W\025ML\260\226\0163\217\250\337\325W\253\356*O\245Z\271\234\207C\274\375`\335\311vF0D\002 =\rE\303\341\363\361PV\202\022\335\337\005\200\3429x\206)""\323\236`\201\346\356\350\217\365+\327\002 |\ro9K\315U\360J\305\367\360\027~\031.\002\301\357YV$Sk;xy\027\321\270\023\n""; "
1750587318069,1750587318069,0,1,4,2,TMValidation,"validation: """"\200\000\000\001&\000\000\000\022)/\352\2246:I\203w\200\211\SGQ\025{\341\203\016\355Wm\222\t\022+\207\321\343}^\317s\206\320\316\221\322\t\214\257\211\366S\177\277P\027\000\000\000\000\000\000\000\000\000\000\000\000\000\000\000\000\000\000\000\000\000\000\000\000\000\000\000\000\000\000\000\000P\031\336\037\263=\026\236A\324J9\261\341@\353\236\027\243\365\225\347\2315\205\014\356\333\201\232V!\026\010s!\002\347\243J\206W\025ML\260\226\0163\217\250\337\325W\253\356*O\245Z\271\234\207C\274\375`\335\311vF0D\002 =\rE\303\341\363\361PV\202\022\335\337\005\200\3429x\206)""\323\236`\201\346\356\350\217\365+\327\002 |\ro9K\315U\360J\305\367\360\027~\031.\002\301\357YV$Sk;xy\027\321\270\023\n""; ","validation: """"\200\000\000\001&\000\000\000\022)/\352\2246:I\203w\200\211\SGQ\025{\341\203\016\355Wm\222\t\022+\207\321\343}^\317s\206\320\316\221\322\t\214\257\211\366S\177\277P\027\000\000\000\000\000\000\000\000\000\000\000\000\000\000\000\000\000\000\000\000\000\000\000\000\000\000\000\000\000\000\000\000P\031\336\037\263=\026\236A\324J9\261\341@\353\236\027\243\365\225\347\2315\205\014\356\333\201\232V!\026\010s!\002\347\243J\206W\025ML\260\226\0163\217\250\337\325W\253\356*O\245Z\271\234\207C\274\375`\335\311vF0D\002 =\rE\303\341\363\361PV\202\022\335\337\005\200\3429x\206)""\323\236`\201\346\356\350\217\365+\327\002 |\ro9K\315U\360J\305\367\360\027~\031.\002\301\357YV$Sk;xy\027\321\270\023\n""; "
1750587318070,1750587318070,0,1,3,4,TMValidation,"validation: """"\200\000\000\001&\000\000\000\022)/\352\2246:I\203w\200\211\SGQ\025{\341\203\016\355Wm\222\t\022+\207\321\343}^\317s\206\320\316\221\322\t\214\257\211\366S\177\277P\027\000\000\000\000\000\000\000\000\000\000\000\000\000\000\000\000\000\000\000\000\000\000\000\000\000\000\000\000\000\000\000\000P\031\336\037\263=\026\236A\324J9\261\341@\353\236\027\243\365\225\347\2315\205\014\356\333\201\232V!\026\010s!\002\347\243J\206W\025ML\260\226\0163\217\250\337\325W\253\356*O\245Z\271\234\207C\274\375`\335\311vF0D\002 =\rE\303\341\363\361PV\202\022\335\337\005\200\3429x\206)""\323\236`\201\346\356\350\217\365+\327\002 |\ro9K\315U\360J\305\367\360\027~\031.\002\301\357YV$Sk;xy\027\321\270\023\n""; ","validation: """"\200\000\000\001&\000\000\000\022)/\352\2246:I\203w\200\211\SGQ\025{\341\203\016\355Wm\222\t\022+\207\321\343}^\317s\206\320\316\221\322\t\214\257\211\366S\177\277P\027\000\000\000\000\000\000\000\000\000\000\000\000\000\000\000\000\000\000\000\000\000\000\000\000\000\000\000\000\000\000\000\000P\031\336\037\263=\026\236A\324J9\261\341@\353\236\027\243\365\225\347\2315\205\014\356\333\201\232V!\026\010s!\002\347\243J\206W\025ML\260\226\0163\217\250\337\325W\253\356*O\245Z\271\234\207C\274\375`\335\311vF0D\002 =\rE\303\341\363\361PV\202\022\335\337\005\200\3429x\206)""\323\236`\201\346\356\350\217\365+\327\002 |\ro9K\315U\360J\305\367\360\027~\031.\002\301\357YV$Sk;xy\027\321\270\023\n""; "
1750587318069,1750587318069,0,1,4,3,TMValidation,"validation: """"\200\000\000\001&\000\000\000\022)/\352\2246:I\203w\200\211\SGQ\025{\341\203\016\355Wm\222\t\022+\207\321\343}^\317s\206\320\316\221\322\t\214\257\211\366S\177\277P\027\000\000\000\000\000\000\000\000\000\000\000\000\000\000\000\000\000\000\000\000\000\000\000\000\000\000\000\000\000\000\000\000P\031\336\037\263=\026\236A\324J9\261\341@\353\236\027\243\365\225\347\2315\205\014\356\333\201\232V!\026\010s!\002\347\243J\206W\025ML\260\226\0163\217\250\337\325W\253\356*O\245Z\271\234\207C\274\375`\335\311vF0D\002 =\rE\303\341\363\361PV\202\022\335\337\005\200\3429x\206)""\323\236`\201\346\356\350\217\365+\327\002 |\ro9K\315U\360J\305\367\360\027~\031.\002\301\357YV$Sk;xy\027\321\270\023\n""; ","validation: """"\200\000\000\001&\000\000\000\022)/\352\2246:I\203w\200\211\SGQ\025{\341\203\016\355Wm\222\t\022+\207\321\343}^\317s\206\320\316\221\322\t\214\257\211\366S\177\277P\027\000\000\000\000\000\000\000\000\000\000\000\000\000\000\000\000\000\000\000\000\000\000\000\000\000\000\000\000\000\000\000\000P\031\336\037\263=\026\236A\324J9\261\341@\353\236\027\243\365\225\347\2315\205\014\356\333\201\232V!\026\010s!\002\347\243J\206W\025ML\260\226\0163\217\250\337\325W\253\356*O\245Z\271\234\207C\274\375`\335\311vF0D\002 =\rE\303\341\363\361PV\202\022\335\337\005\200\3429x\206)""\323\236`\201\346\356\350\217\365+\327\002 |\ro9K\315U\360J\305\367\360\027~\031.\002\301\357YV$Sk;xy\027\321\270\023\n""; "
1750587318069,1750587318069,0,1,4,1,TMValidation,"validation: """"\200\000\000\001&\000\000\000\022)/\352\2246:I\203w\200\211\SGQ\025{\341\203\016\355Wm\222\t\022+\207\321\343}^\317s\206\320\316\221\322\t\214\257\211\366S\177\277P\027\000\000\000\000\000\000\000\000\000\000\000\000\000\000\000\000\000\000\000\000\000\000\000\000\000\000\000\000\000\000\000\000P\031\336\037\263=\026\236A\324J9\261\341@\353\236\027\243\365\225\347\2315\205\014\356\333\201\232V!\026\010s!\002\347\243J\206W\025ML\260\226\0163\217\250\337\325W\253\356*O\245Z\271\234\207C\274\375`\335\311vF0D\002 =\rE\303\341\363\361PV\202\022\335\337\005\200\3429x\206)""\323\236`\201\346\356\350\217\365+\327\002 |\ro9K\315U\360J\305\367\360\027~\031.\002\301\357YV$Sk;xy\027\321\270\023\n""; ","validation: """"\200\000\000\001&\000\000\000\022)/\352\2246:I\203w\200\211\SGQ\025{\341\203\016\355Wm\222\t\022+\207\321\343}^\317s\206\320\316\221\322\t\214\257\211\366S\177\277P\027\000\000\000\000\000\000\000\000\000\000\000\000\000\000\000\000\000\000\000\000\000\000\000\000\000\000\000\000\000\000\000\000P\031\336\037\263=\026\236A\324J9\261\341@\353\236\027\243\365\225\347\2315\205\014\356\333\201\232V!\026\010s!\002\347\243J\206W\025ML\260\226\0163\217\250\337\325W\253\356*O\245Z\271\234\207C\274\375`\335\311vF0D\002 =\rE\303\341\363\361PV\202\022\335\337\005\200\3429x\206)""\323\236`\201\346\356\350\217\365+\327\002 |\ro9K\315U\360J\305\367\360\027~\031.\002\301\357YV$Sk;xy\027\321\270\023\n""; "
1750587318070,1750587318071,0,1,3,2,TMValidation,"validation: """"\200\000\000\001&\000\000\000\022)/\352\2246:I\203w\200\211\SGQ\025{\341\203\016\355Wm\222\t\022+\207\321\343}^\317s\206\320\316\221\322\t\214\257\211\366S\177\277P\027\000\000\000\000\000\000\000\000\000\000\000\000\000\000\000\000\000\000\000\000\000\000\000\000\000\000\000\000\000\000\000\000P\031\336\037\263=\026\236A\324J9\261\341@\353\236\027\243\365\225\347\2315\205\014\356\333\201\232V!\026\010s!\002\347\243J\206W\025ML\260\226\0163\217\250\337\325W\253\356*O\245Z\271\234\207C\274\375`\335\311vF0D\002 =\rE\303\341\363\361PV\202\022\335\337\005\200\3429x\206)""\323\236`\201\346\356\350\217\365+\327\002 |\ro9K\315U\360J\305\367\360\027~\031.\002\301\357YV$Sk;xy\027\321\270\023\n""; ","validation: """"\200\000\000\001&\000\000\000\022)/\352\2246:I\203w\200\211\SGQ\025{\341\203\016\355Wm\222\t\022+\207\321\343}^\317s\206\320\316\221\322\t\214\257\211\366S\177\277P\027\000\000\000\000\000\000\000\000\000\000\000\000\000\000\000\000\000\000\000\000\000\000\000\000\000\000\000\000\000\000\000\000P\031\336\037\263=\026\236A\324J9\261\341@\353\236\027\243\365\225\347\2315\205\014\356\333\201\232V!\026\010s!\002\347\243J\206W\025ML\260\226\0163\217\250\337\325W\253\356*O\245Z\271\234\207C\274\375`\335\311vF0D\002 =\rE\303\341\363\361PV\202\022\335\337\005\200\3429x\206)""\323\236`\201\346\356\350\217\365+\327\002 |\ro9K\315U\360J\305\367\360\027~\031.\002\301\357YV$Sk;xy\027\321\270\023\n""; "
1750587318071,1750587318071,0,1,3,1,TMValidation,"validation: """"\200\000\000\001&\000\000\000\022)/\352\2246:I\203w\200\211\SGQ\025{\341\203\016\355Wm\222\t\022+\207\321\343}^\317s\206\320\316\221\322\t\214\257\211\366S\177\277P\027\000\000\000\000\000\000\000\000\000\000\000\000\000\000\000\000\000\000\000\000\000\000\000\000\000\000\000\000\000\000\000\000P\031\336\037\263=\026\236A\324J9\261\341@\353\236\027\243\365\225\347\2315\205\014\356\333\201\232V!\026\010s!\002\347\243J\206W\025ML\260\226\0163\217\250\337\325W\253\356*O\245Z\271\234\207C\274\375`\335\311vF0D\002 =\rE\303\341\363\361PV\202\022\335\337\005\200\3429x\206)""\323\236`\201\346\356\350\217\365+\327\002 |\ro9K\315U\360J\305\367\360\027~\031.\002\301\357YV$Sk;xy\027\321\270\023\n""; ","validation: """"\200\000\000\001&\000\000\000\022)/\352\2246:I\203w\200\211\SGQ\025{\341\203\016\355Wm\222\t\022+\207\321\343}^\317s\206\320\316\221\322\t\214\257\211\366S\177\277P\027\000\000\000\000\000\000\000\000\000\000\000\000\000\000\000\000\000\000\000\000\000\000\000\000\000\000\000\000\000\000\000\000P\031\336\037\263=\026\236A\324J9\261\341@\353\236\027\243\365\225\347\2315\205\014\356\333\201\232V!\026\010s!\002\347\243J\206W\025ML\260\226\0163\217\250\337\325W\253\356*O\245Z\271\234\207C\274\375`\335\311vF0D\002 =\rE\303\341\363\361PV\202\022\335\337\005\200\3429x\206)""\323\236`\201\346\356\350\217\365+\327\002 |\ro9K\315U\360J\305\367\360\027~\031.\002\301\357YV$Sk;xy\027\321\270\023\n""; "
1750587318072,1750587318072,0,1,1,4,TMValidation,"validation: """"\200\000\000\001&\000\000\000\022)/\352\2246:I\203w\200\211\SGQ\025{\341\203\016\355Wm\222\t\022+\207\321\343}^\317s\206\320\316\221\322\t\214\257\211\366S\177\277P\027\000\000\000\000\000\000\000\000\000\000\000\000\000\000\000\000\000\000\000\000\000\000\000\000\000\000\000\000\000\000\000\000P\031\336\037\263=\026\236A\324J9\261\341@\353\236\027\243\365\225\347\2315\205\014\356\333\201\232V!\026\010s!\002\347\243J\206W\025ML\260\226\0163\217\250\337\325W\253\356*O\245Z\271\234\207C\274\375`\335\311vF0D\002 =\rE\303\341\363\361PV\202\022\335\337\005\200\3429x\206)""\323\236`\201\346\356\350\217\365+\327\002 |\ro9K\315U\360J\305\367\360\027~\031.\002\301\357YV$Sk;xy\027\321\270\023\n""; ","validation: """"\200\000\000\001&\000\000\000\022)/\352\2246:I\203w\200\211\SGQ\025{\341\203\016\355Wm\222\t\022+\207\321\343}^\317s\206\320\316\221\322\t\214\257\211\366S\177\277P\027\000\000\000\000\000\000\000\000\000\000\000\000\000\000\000\000\000\000\000\000\000\000\000\000\000\000\000\000\000\000\000\000P\031\336\037\263=\026\236A\324J9\261\341@\353\236\027\243\365\225\347\2315\205\014\356\333\201\232V!\026\010s!\002\347\243J\206W\025ML\260\226\0163\217\250\337\325W\253\356*O\245Z\271\234\207C\274\375`\335\311vF0D\002 =\rE\303\341\363\361PV\202\022\335\337\005\200\3429x\206)""\323\236`\201\346\356\350\217\365+\327\002 |\ro9K\315U\360J\305\367\360\027~\031.\002\301\357YV$Sk;xy\027\321\270\023\n""; "
1750587318072,1750587318073,0,1,2,3,TMValidation,"validation: """"\200\000\000\001&\000\000\000\022)/\352\2246:I\203w\200\211\SGQ\025{\341\203\016\355Wm\222\t\022+\207\321\343}^\317s\206\320\316\221\322\t\214\257\211\366S\177\277P\027\000\000\000\000\000\000\000\000\000\000\000\000\000\000\000\000\000\000\000\000\000\000\000\000\000\000\000\000\000\000\000\000P\031\336\037\263=\026\236A\324J9\261\341@\353\236\027\243\365\225\347\2315\205\014\356\333\201\232V!\026\010s!\002\347\243J\206W\025ML\260\226\0163\217\250\337\325W\253\356*O\245Z\271\234\207C\274\375`\335\311vF0D\002 =\rE\303\341\363\361PV\202\022\335\337\005\200\3429x\206)""\323\236`\201\346\356\350\217\365+\327\002 |\ro9K\315U\360J\305\367\360\027~\031.\002\301\357YV$Sk;xy\027\321\270\023\n""; ","validation: """"\200\000\000\001&\000\000\000\022)/\352\2246:I\203w\200\211\SGQ\025{\341\203\016\355Wm\222\t\022+\207\321\343}^\317s\206\320\316\221\322\t\214\257\211\366S\177\277P\027\000\000\000\000\000\000\000\000\000\000\000\000\000\000\000\000\000\000\000\000\000\000\000\000\000\000\000\000\000\000\000\000P\031\336\037\263=\026\236A\324J9\261\341@\353\236\027\243\365\225\347\2315\205\014\356\333\201\232V!\026\010s!\002\347\243J\206W\025ML\260\226\0163\217\250\337\325W\253\356*O\245Z\271\234\207C\274\375`\335\311vF0D\002 =\rE\303\341\363\361PV\202\022\335\337\005\200\3429x\206)""\323\236`\201\346\356\350\217\365+\327\002 |\ro9K\315U\360J\305\367\360\027~\031.\002\301\357YV$Sk;xy\027\321\270\023\n""; "
1750587318073,1750587318073,0,1,1,3,TMValidation,"validation: """"\200\000\000\001&\000\000\000\022)/\352\2246:I\203w\200\211\SGQ\025{\341\203\016\355Wm\222\t\022+\207\321\343}^\317s\206\320\316\221\322\t\214\257\211\366S\177\277P\027\000\000\000\000\000\000\000\000\000\000\000\000\000\000\000\000\000\000\000\000\000\000\000\000\000\000\000\000\000\000\000\000P\031\336\037\263=\026\236A\324J9\261\341@\353\236\027\243\365\225\347\2315\205\014\356\333\201\232V!\026\010s!\002\347\243J\206W\025ML\260\226\0163\217\250\337\325W\253\356*O\245Z\271\234\207C\274\375`\335\311vF0D\002 =\rE\303\341\363\361PV\202\022\335\337\005\200\3429x\206)""\323\236`\201\346\356\350\217\365+\327\002 |\ro9K\315U\360J\305\367\360\027~\031.\002\301\357YV$Sk;xy\027\321\270\023\n""; ","validation: """"\200\000\000\001&\000\000\000\022)/\352\2246:I\203w\200\211\SGQ\025{\341\203\016\355Wm\222\t\022+\207\321\343}^\317s\206\320\316\221\322\t\214\257\211\366S\177\277P\027\000\000\000\000\000\000\000\000\000\000\000\000\000\000\000\000\000\000\000\000\000\000\000\000\000\000\000\000\000\000\000\000P\031\336\037\263=\026\236A\324J9\261\341@\353\236\027\243\365\225\347\2315\205\014\356\333\201\232V!\026\010s!\002\347\243J\206W\025ML\260\226\0163\217\250\337\325W\253\356*O\245Z\271\234\207C\274\375`\335\311vF0D\002 =\rE\303\341\363\361PV\202\022\335\337\005\200\3429x\206)""\323\236`\201\346\356\350\217\365+\327\002 |\ro9K\315U\360J\305\367\360\027~\031.\002\301\357YV$Sk;xy\027\321\270\023\n""; "
1750587318073,1750587318074,0,1,2,1,TMValidation,"validation: """"\200\000\000\001&\000\000\000\022)/\352\2246:I\203w\200\211\SGQ\025{\341\203\016\355Wm\222\t\022+\207\321\343}^\317s\206\320\316\221\322\t\214\257\211\366S\177\277P\027\000\000\000\000\000\000\000\000\000\000\000\000\000\000\000\000\000\000\000\000\000\000\000\000\000\000\000\000\000\000\000\000P\031\336\037\263=\026\236A\324J9\261\341@\353\236\027\243\365\225\347\2315\205\014\356\333\201\232V!\026\010s!\002\347\243J\206W\025ML\260\226\0163\217\250\337\325W\253\356*O\245Z\271\234\207C\274\375`\335\311vF0D\002 =\rE\303\341\363\361PV\202\022\335\337\005\200\3429x\206)""\323\236`\201\346\356\350\217\365+\327\002 |\ro9K\315U\360J\305\367\360\027~\031.\002\301\357YV$Sk;xy\027\321\270\023\n""; ","validation: """"\200\000\000\001&\000\000\000\022)/\352\2246:I\203w\200\211\SGQ\025{\341\203\016\355Wm\222\t\022+\207\321\343}^\317s\206\320\316\221\322\t\214\257\211\366S\177\277P\027\000\000\000\000\000\000\000\000\000\000\000\000\000\000\000\000\000\000\000\000\000\000\000\000\000\000\000\000\000\000\000\000P\031\336\037\263=\026\236A\324J9\261\341@\353\236\027\243\365\225\347\2315\205\014\356\333\201\232V!\026\010s!\002\347\243J\206W\025ML\260\226\0163\217\250\337\325W\253\356*O\245Z\271\234\207C\274\375`\335\311vF0D\002 =\rE\303\341\363\361PV\202\022\335\337\005\200\3429x\206)""\323\236`\201\346\356\350\217\365+\327\002 |\ro9K\315U\360J\305\367\360\027~\031.\002\301\357YV$Sk;xy\027\321\270\023\n""; "
1750587318074,1750587318074,0,1,2,4,TMValidation,"validation: """"\200\000\000\001&\000\000\000\022)/\352\2246:I\203w\200\211\SGQ\025{\341\203\016\355Wm\222\t\022+\207\321\343}^\317s\206\320\316\221\322\t\214\257\211\366S\177\277P\027\000\000\000\000\000\000\000\000\000\000\000\000\000\000\000\000\000\000\000\000\000\000\000\000\000\000\000\000\000\000\000\000P\031\336\037\263=\026\236A\324J9\261\341@\353\236\027\243\365\225\347\2315\205\014\356\333\201\232V!\026\010s!\002\347\243J\206W\025ML\260\226\0163\217\250\337\325W\253\356*O\245Z\271\234\207C\274\375`\335\311vF0D\002 =\rE\303\341\363\361PV\202\022\335\337\005\200\3429x\206)""\323\236`\201\346\356\350\217\365+\327\002 |\ro9K\315U\360J\305\367\360\027~\031.\002\301\357YV$Sk;xy\027\321\270\023\n""; ","validation: """"\200\000\000\001&\000\000\000\022)/\352\2246:I\203w\200\211\SGQ\025{\341\203\016\355Wm\222\t\022+\207\321\343}^\317s\206\320\316\221\322\t\214\257\211\366S\177\277P\027\000\000\000\000\000\000\000\000\000\000\000\000\000\000\000\000\000\000\000\000\000\000\000\000\000\000\000\000\000\000\000\000P\031\336\037\263=\026\236A\324J9\261\341@\353\236\027\243\365\225\347\2315\205\014\356\333\201\232V!\026\010s!\002\347\243J\206W\025ML\260\226\0163\217\250\337\325W\253\356*O\245Z\271\234\207C\274\375`\335\311vF0D\002 =\rE\303\341\363\361PV\202\022\335\337\005\200\3429x\206)""\323\236`\201\346\356\350\217\365+\327\002 |\ro9K\315U\360J\305\367\360\027~\031.\002\301\357YV$Sk;xy\027\321\270\023\n""; "
1750587318074,1750587318074,0,1,1,2,TMValidation,"validation: """"\200\000\000\001&\000\000\000\022)/\352\2246:I\203w\200\211\SGQ\025{\341\203\016\355Wm\222\t\022+\207\321\343}^\317s\206\320\316\221\322\t\214\257\211\366S\177\277P\027\000\000\000\000\000\000\000\000\000\000\000\000\000\000\000\000\000\000\000\000\000\000\000\000\000\000\000\000\000\000\000\000P\031\336\037\263=\026\236A\324J9\261\341@\353\236\027\243\365\225\347\2315\205\014\356\333\201\232V!\026\010s!\002\347\243J\206W\025ML\260\226\0163\217\250\337\325W\253\356*O\245Z\271\234\207C\274\375`\335\311vF0D\002 =\rE\303\341\363\361PV\202\022\335\337\005\200\3429x\206)""\323\236`\201\346\356\350\217\365+\327\002 |\ro9K\315U\360J\305\367\360\027~\031.\002\301\357YV$Sk;xy\027\321\270\023\n""; ","validation: """"\200\000\000\001&\000\000\000\022)/\352\2246:I\203w\200\211\SGQ\025{\341\203\016\355Wm\222\t\022+\207\321\343}^\317s\206\320\316\221\322\t\214\257\211\366S\177\277P\027\000\000\000\000\000\000\000\000\000\000\000\000\000\000\000\000\000\000\000\000\000\000\000\000\000\000\000\000\000\000\000\000P\031\336\037\263=\026\236A\324J9\261\341@\353\236\027\243\365\225\347\2315\205\014\356\333\201\232V!\026\010s!\002\347\243J\206W\025ML\260\226\0163\217\250\337\325W\253\356*O\245Z\271\234\207C\274\375`\335\311vF0D\002 =\rE\303\341\363\361PV\202\022\335\337\005\200\3429x\206)""\323\236`\201\346\356\350\217\365+\327\002 |\ro9K\315U\360J\305\367\360\027~\031.\002\301\357YV$Sk;xy\027\321\270\023\n""; "
1750587318301,1750587318301,0,1,2,1,TMStatusChange,"newEvent: neACCEPTED_LEDGER; ledgerSeq: 18; ledgerHash: ""\025{\341\203\016\355Wm\222\t\022+\207\321\343}^\317s\206\320\316\221\322\t\214\257\211\366S\177\277""; ledgerHashPrevious: ""\336\037\263=\026\236A\324J9\261\341@\353\236\027\243\365\225\347\2315\205\014\356\333\201\232V!\026\010""; networkTime: 803902518; firstSeq: 1; lastSeq: 17; ","newEvent: neACCEPTED_LEDGER; ledgerSeq: 18; ledgerHash: ""\025{\341\203\016\355Wm\222\t\022+\207\321\343}^\317s\206\320\316\221\322\t\214\257\211\366S\177\277""; ledgerHashPrevious: ""\336\037\263=\026\236A\324J9\261\341@\353\236\027\243\365\225\347\2315\205\014\356\333\201\232V!\026\010""; networkTime: 803902518; firstSeq: 1; lastSeq: 17; "
1750587318301,1750587318301,0,1,2,4,TMStatusChange,"newEvent: neACCEPTED_LEDGER; ledgerSeq: 18; ledgerHash: ""\025{\341\203\016\355Wm\222\t\022+\207\321\343}^\317s\206\320\316\221\322\t\214\257\211\366S\177\277""; ledgerHashPrevious: ""\336\037\263=\026\236A\324J9\261\341@\353\236\027\243\365\225\347\2315\205\014\356\333\201\232V!\026\010""; networkTime: 803902518; firstSeq: 1; lastSeq: 17; ","newEvent: neACCEPTED_LEDGER; ledgerSeq: 18; ledgerHash: ""\025{\341\203\016\355Wm\222\t\022+\207\321\343}^\317s\206\320\316\221\322\t\214\257\211\366S\177\277""; ledgerHashPrevious: ""\336\037\263=\026\236A\324J9\261\341@\353\236\027\243\365\225\347\2315\205\014\356\333\201\232V!\026\010""; networkTime: 803902518; firstSeq: 1; lastSeq: 17; "
1750587318301,1750587318301,0,1,2,3,TMStatusChange,"newEvent: neACCEPTED_LEDGER; ledgerSeq: 18; ledgerHash: ""\025{\341\203\016\355Wm\222\t\022+\207\321\343}^\317s\206\320\316\221\322\t\214\257\211\366S\177\277""; ledgerHashPrevious: ""\336\037\263=\026\236A\324J9\261\341@\353\236\027\243\365\225\347\2315\205\014\356\333\201\232V!\026\010""; networkTime: 803902518; firstSeq: 1; lastSeq: 17; ","newEvent: neACCEPTED_LEDGER; ledgerSeq: 18; ledgerHash: ""\025{\341\203\016\355Wm\222\t\022+\207\321\343}^\317s\206\320\316\221\322\t\214\257\211\366S\177\277""; ledgerHashPrevious: ""\336\037\263=\026\236A\324J9\261\341@\353\236\027\243\365\225\347\2315\205\014\356\333\201\232V!\026\010""; networkTime: 803902518; firstSeq: 1; lastSeq: 17; "
1750587318302,1750587318302,0,1,2,0,TMStatusChange,"newEvent: neACCEPTED_LEDGER; ledgerSeq: 18; ledgerHash: ""\025{\341\203\016\355Wm\222\t\022+\207\321\343}^\317s\206\320\316\221\322\t\214\257\211\366S\177\277""; ledgerHashPrevious: ""\336\037\263=\026\236A\324J9\261\341@\353\236\027\243\365\225\347\2315\205\014\356\333\201\232V!\026\010""; networkTime: 803902518; firstSeq: 1; lastSeq: 17; ","newEvent: neACCEPTED_LEDGER; ledgerSeq: 18; ledgerHash: ""\025{\341\203\016\355Wm\222\t\022+\207\321\343}^\317s\206\320\316\221\322\t\214\257\211\366S\177\277""; ledgerHashPrevious: ""\336\037\263=\026\236A\324J9\261\341@\353\236\027\243\365\225\347\2315\205\014\356\333\201\232V!\026\010""; networkTime: 803902518; firstSeq: 1; lastSeq: 17; "
1750587318342,1750587318342,0,1,2,0,TMValidation,"validation: """"\200\000\000\001&\000\000\000\022)/\352\2246:Q\231\304\227'3\313\030Q\025{\341\203\016\355Wm\222\t\022+\207\321\343}^\317s\206\320\316\221\322\t\214\257\211\366S\177\277P\027\000\000\000\000\000\000\000\000\000\000\000\000\000\000\000\000\000\000\000\000\000\000\000\000\000\000\000\000\000\000\000\000P\031\336\037\263=\026\236A\324J9\261\341@\353\236\027\243\365\225\347\2315\205\014\356\333\201\232V!\026\010s!\003ql\302)\235\321\t\213\224\356\374%%\311\327\037\374\304\t\335\2359\344\233\035]\347<u\236\364\222vF0D\002 h\317Nq\t\200\020w\362_\327\265\035\3249\342\032\244{\223L\022\315B)\2041K\242x/\263\002 48\0131\345\214\006D@\020\\366\025\r\276T\003\271\n<\227\373\276\336:/\023 \3365TS""; ","validation: """"\200\000\000\001&\000\000\000\022)/\352\2246:Q\231\304\227'3\313\030Q\025{\341\203\016\355Wm\222\t\022+\207\321\343}^\317s\206\320\316\221\322\t\214\257\211\366S\177\277P\027\000\000\000\000\000\000\000\000\000\000\000\000\000\000\000\000\000\000\000\000\000\000\000\000\000\000\000\000\000\000\000\000P\031\336\037\263=\026\236A\324J9\261\341@\353\236\027\243\365\225\347\2315\205\014\356\333\201\232V!\026\010s!\003ql\302)\235\321\t\213\224\356\374%%\311\327\037\374\304\t\335\2359\344\233\035]\347<u\236\364\222vF0D\002 h\317Nq\t\200\020w\362_\327\265\035\3249\342\032\244{\223L\022\315B)\2041K\242x/\263\002 48\0131\345\214\006D@\020\\366\025\r\276T\003\271\n<\227\373\276\336:/\023 \3365TS""; "
1750587318342,1750587318343,0,1,2,3,TMValidation,"validation: """"\200\000\000\001&\000\000\000\022)/\352\2246:Q\231\304\227'3\313\030Q\025{\341\203\016\355Wm\222\t\022+\207\321\343}^\317s\206\320\316\221\322\t\214\257\211\366S\177\277P\027\000\000\000\000\000\000\000\000\000\000\000\000\000\000\000\000\000\000\000\000\000\000\000\000\000\000\000\000\000\000\000\000P\031\336\037\263=\026\236A\324J9\261\341@\353\236\027\243\365\225\347\2315\205\014\356\333\201\232V!\026\010s!\003ql\302)\235\321\t\213\224\356\374%%\311\327\037\374\304\t\335\2359\344\233\035]\347<u\236\364\222vF0D\002 h\317Nq\t\200\020w\362_\327\265\035\3249\342\032\244{\223L\022\315B)\2041K\242x/\263\002 48\0131\345\214\006D@\020\\366\025\r\276T\003\271\n<\227\373\276\336:/\023 \3365TS""; ","validation: """"\200\000\000\001&\000\000\000\022)/\352\2246:Q\231\304\227'3\313\030Q\025{\341\203\016\355Wm\222\t\022+\207\321\343}^\317s\206\320\316\221\322\t\214\257\211\366S\177\277P\027\000\000\000\000\000\000\000\000\000\000\000\000\000\000\000\000\000\000\000\000\000\000\000\000\000\000\000\000\000\000\000\000P\031\336\037\263=\026\236A\324J9\261\341@\353\236\027\243\365\225\347\2315\205\014\356\333\201\232V!\026\010s!\003ql\302)\235\321\t\213\224\356\374%%\311\327\037\374\304\t\335\2359\344\233\035]\347<u\236\364\222vF0D\002 h\317Nq\t\200\020w\362_\327\265\035\3249\342\032\244{\223L\022\315B)\2041K\242x/\263\002 48\0131\345\214\006D@\020\\366\025\r\276T\003\271\n<\227\373\276\336:/\023 \3365TS""; "
1750587318343,1750587318343,0,1,2,4,TMValidation,"validation: """"\200\000\000\001&\000\000\000\022)/\352\2246:Q\231\304\227'3\313\030Q\025{\341\203\016\355Wm\222\t\022+\207\321\343}^\317s\206\320\316\221\322\t\214\257\211\366S\177\277P\027\000\000\000\000\000\000\000\000\000\000\000\000\000\000\000\000\000\000\000\000\000\000\000\000\000\000\000\000\000\000\000\000P\031\336\037\263=\026\236A\324J9\261\341@\353\236\027\243\365\225\347\2315\205\014\356\333\201\232V!\026\010s!\003ql\302)\235\321\t\213\224\356\374%%\311\327\037\374\304\t\335\2359\344\233\035]\347<u\236\364\222vF0D\002 h\317Nq\t\200\020w\362_\327\265\035\3249\342\032\244{\223L\022\315B)\2041K\242x/\263\002 48\0131\345\214\006D@\020\\366\025\r\276T\003\271\n<\227\373\276\336:/\023 \3365TS""; ","validation: """"\200\000\000\001&\000\000\000\022)/\352\2246:Q\231\304\227'3\313\030Q\025{\341\203\016\355Wm\222\t\022+\207\321\343}^\317s\206\320\316\221\322\t\214\257\211\366S\177\277P\027\000\000\000\000\000\000\000\000\000\000\000\000\000\000\000\000\000\000\000\000\000\000\000\000\000\000\000\000\000\000\000\000P\031\336\037\263=\026\236A\324J9\261\341@\353\236\027\243\365\225\347\2315\205\014\356\333\201\232V!\026\010s!\003ql\302)\235\321\t\213\224\356\374%%\311\327\037\374\304\t\335\2359\344\233\035]\347<u\236\364\222vF0D\002 h\317Nq\t\200\020w\362_\327\265\035\3249\342\032\244{\223L\022\315B)\2041K\242x/\263\002 48\0131\345\214\006D@\020\\366\025\r\276T\003\271\n<\227\373\276\336:/\023 \3365TS""; "
1750587318343,1750587318343,0,1,2,1,TMValidation,"validation: """"\200\000\000\001&\000\000\000\022)/\352\2246:Q\231\304\227'3\313\030Q\025{\341\203\016\355Wm\222\t\022+\207\321\343}^\317s\206\320\316\221\322\t\214\257\211\366S\177\277P\027\000\000\000\000\000\000\000\000\000\000\000\000\000\000\000\000\000\000\000\000\000\000\000\000\000\000\000\000\000\000\000\000P\031\336\037\263=\026\236A\324J9\261\341@\353\236\027\243\365\225\347\2315\205\014\356\333\201\232V!\026\010s!\003ql\302)\235\321\t\213\224\356\374%%\311\327\037\374\304\t\335\2359\344\233\035]\347<u\236\364\222vF0D\002 h\317Nq\t\200\020w\362_\327\265\035\3249\342\032\244{\223L\022\315B)\2041K\242x/\263\002 48\0131\345\214\006D@\020\\366\025\r\276T\003\271\n<\227\373\276\336:/\023 \3365TS""; ","validation: """"\200\000\000\001&\000\000\000\022)/\352\2246:Q\231\304\227'3\313\030Q\025{\341\203\016\355Wm\222\t\022+\207\321\343}^\317s\206\320\316\221\322\t\214\257\211\366S\177\277P\027\000\000\000\000\000\000\000\000\000\000\000\000\000\000\000\000\000\000\000\000\000\000\000\000\000\000\000\000\000\000\000\000P\031\336\037\263=\026\236A\324J9\261\341@\353\236\027\243\365\225\347\2315\205\014\356\333\201\232V!\026\010s!\003ql\302)\235\321\t\213\224\356\374%%\311\327\037\374\304\t\335\2359\344\233\035]\347<u\236\364\222vF0D\002 h\317Nq\t\200\020w\362_\327\265\035\3249\342\032\244{\223L\022\315B)\2041K\242x/\263\002 48\0131\345\214\006D@\020\\366\025\r\276T\003\271\n<\227\373\276\336:/\023 \3365TS""; "
1750587318345,1750587318345,0,1,0,1,TMValidation,"validation: """"\200\000\000\001&\000\000\000\022)/\352\2246:Q\231\304\227'3\313\030Q\025{\341\203\016\355Wm\222\t\022+\207\321\343}^\317s\206\320\316\221\322\t\214\257\211\366S\177\277P\027\000\000\000\000\000\000\000\000\000\000\000\000\000\000\000\000\000\000\000\000\000\000\000\000\000\000\000\000\000\000\000\000P\031\336\037\263=\026\236A\324J9\261\341@\353\236\027\243\365\225\347\2315\205\014\356\333\201\232V!\026\010s!\003ql\302)\235\321\t\213\224\356\374%%\311\327\037\374\304\t\335\2359\344\233\035]\347<u\236\364\222vF0D\002 h\317Nq\t\200\020w\362_\327\265\035\3249\342\032\244{\223L\022\315B)\2041K\242x/\263\002 48\0131\345\214\006D@\020\\366\025\r\276T\003\271\n<\227\373\276\336:/\023 \3365TS""; ","validation: """"\200\000\000\001&\000\000\000\022)/\352\2246:Q\231\304\227'3\313\030Q\025{\341\203\016\355Wm\222\t\022+\207\321\343}^\317s\206\320\316\221\322\t\214\257\211\366S\177\277P\027\000\000\000\000\000\000\000\000\000\000\000\000\000\000\000\000\000\000\000\000\000\000\000\000\000\000\000\000\000\000\000\000P\031\336\037\263=\026\236A\324J9\261\341@\353\236\027\243\365\225\347\2315\205\014\356\333\201\232V!\026\010s!\003ql\302)\235\321\t\213\224\356\374%%\311\327\037\374\304\t\335\2359\344\233\035]\347<u\236\364\222vF0D\002 h\317Nq\t\200\020w\362_\327\265\035\3249\342\032\244{\223L\022\315B)\2041K\242x/\263\002 48\0131\345\214\006D@\020\\366\025\r\276T\003\271\n<\227\373\276\336:/\023 \3365TS""; "
1750587318345,1750587318345,0,1,0,3,TMValidation,"validation: """"\200\000\000\001&\000\000\000\022)/\352\2246:Q\231\304\227'3\313\030Q\025{\341\203\016\355Wm\222\t\022+\207\321\343}^\317s\206\320\316\221\322\t\214\257\211\366S\177\277P\027\000\000\000\000\000\000\000\000\000\000\000\000\000\000\000\000\000\000\000\000\000\000\000\000\000\000\000\000\000\000\000\000P\031\336\037\263=\026\236A\324J9\261\341@\353\236\027\243\365\225\347\2315\205\014\356\333\201\232V!\026\010s!\003ql\302)\235\321\t\213\224\356\374%%\311\327\037\374\304\t\335\2359\344\233\035]\347<u\236\364\222vF0D\002 h\317Nq\t\200\020w\362_\327\265\035\3249\342\032\244{\223L\022\315B)\2041K\242x/\263\002 48\0131\345\214\006D@\020\\366\025\r\276T\003\271\n<\227\373\276\336:/\023 \3365TS""; ","validation: """"\200\000\000\001&\000\000\000\022)/\352\2246:Q\231\304\227'3\313\030Q\025{\341\203\016\355Wm\222\t\022+\207\321\343}^\317s\206\320\316\221\322\t\214\257\211\366S\177\277P\027\000\000\000\000\000\000\000\000\000\000\000\000\000\000\000\000\000\000\000\000\000\000\000\000\000\000\000\000\000\000\000\000P\031\336\037\263=\026\236A\324J9\261\341@\353\236\027\243\365\225\347\2315\205\014\356\333\201\232V!\026\010s!\003ql\302)\235\321\t\213\224\356\374%%\311\327\037\374\304\t\335\2359\344\233\035]\347<u\236\364\222vF0D\002 h\317Nq\t\200\020w\362_\327\265\035\3249\342\032\244{\223L\022\315B)\2041K\242x/\263\002 48\0131\345\214\006D@\020\\366\025\r\276T\003\271\n<\227\373\276\336:/\023 \3365TS""; "
1750587318346,1750587318346,0,1,0,4,TMValidation,"validation: """"\200\000\000\001&\000\000\000\022)/\352\2246:Q\231\304\227'3\313\030Q\025{\341\203\016\355Wm\222\t\022+\207\321\343}^\317s\206\320\316\221\322\t\214\257\211\366S\177\277P\027\000\000\000\000\000\000\000\000\000\000\000\000\000\000\000\000\000\000\000\000\000\000\000\000\000\000\000\000\000\000\000\000P\031\336\037\263=\026\236A\324J9\261\341@\353\236\027\243\365\225\347\2315\205\014\356\333\201\232V!\026\010s!\003ql\302)\235\321\t\213\224\356\374%%\311\327\037\374\304\t\335\2359\344\233\035]\347<u\236\364\222vF0D\002 h\317Nq\t\200\020w\362_\327\265\035\3249\342\032\244{\223L\022\315B)\2041K\242x/\263\002 48\0131\345\214\006D@\020\\366\025\r\276T\003\271\n<\227\373\276\336:/\023 \3365TS""; ","validation: """"\200\000\000\001&\000\000\000\022)/\352\2246:Q\231\304\227'3\313\030Q\025{\341\203\016\355Wm\222\t\022+\207\321\343}^\317s\206\320\316\221\322\t\214\257\211\366S\177\277P\027\000\000\000\000\000\000\000\000\000\000\000\000\000\000\000\000\000\000\000\000\000\000\000\000\000\000\000\000\000\000\000\000P\031\336\037\263=\026\236A\324J9\261\341@\353\236\027\243\365\225\347\2315\205\014\356\333\201\232V!\026\010s!\003ql\302)\235\321\t\213\224\356\374%%\311\327\037\374\304\t\335\2359\344\233\035]\347<u\236\364\222vF0D\002 h\317Nq\t\200\020w\362_\327\265\035\3249\342\032\244{\223L\022\315B)\2041K\242x/\263\002 48\0131\345\214\006D@\020\\366\025\r\276T\003\271\n<\227\373\276\336:/\023 \3365TS""; "
1750587318346,1750587318347,0,1,3,4,TMValidation,"validation: """"\200\000\000\001&\000\000\000\022)/\352\2246:Q\231\304\227'3\313\030Q\025{\341\203\016\355Wm\222\t\022+\207\321\343}^\317s\206\320\316\221\322\t\214\257\211\366S\177\277P\027\000\000\000\000\000\000\000\000\000\000\000\000\000\000\000\000\000\000\000\000\000\000\000\000\000\000\000\000\000\000\000\000P\031\336\037\263=\026\236A\324J9\261\341@\353\236\027\243\365\225\347\2315\205\014\356\333\201\232V!\026\010s!\003ql\302)\235\321\t\213\224\356\374%%\311\327\037\374\304\t\335\2359\344\233\035]\347<u\236\364\222vF0D\002 h\317Nq\t\200\020w\362_\327\265\035\3249\342\032\244{\223L\022\315B)\2041K\242x/\263\002 48\0131\345\214\006D@\020\\366\025\r\276T\003\271\n<\227\373\276\336:/\023 \3365TS""; ","validation: """"\200\000\000\001&\000\000\000\022)/\352\2246:Q\231\304\227'3\313\030Q\025{\341\203\016\355Wm\222\t\022+\207\321\343}^\317s\206\320\316\221\322\t\214\257\211\366S\177\277P\027\000\000\000\000\000\000\000\000\000\000\000\000\000\000\000\000\000\000\000\000\000\000\000\000\000\000\000\000\000\000\000\000P\031\336\037\263=\026\236A\324J9\261\341@\353\236\027\243\365\225\347\2315\205\014\356\333\201\232V!\026\010s!\003ql\302)\235\321\t\213\224\356\374%%\311\327\037\374\304\t\335\2359\344\233\035]\347<u\236\364\222vF0D\002 h\317Nq\t\200\020w\362_\327\265\035\3249\342\032\244{\223L\022\315B)\2041K\242x/\263\002 48\0131\345\214\006D@\020\\366\025\r\276T\003\271\n<\227\373\276\336:/\023 \3365TS""; "
1750587318347,1750587318347,0,1,3,1,TMValidation,"validation: """"\200\000\000\001&\000\000\000\022)/\352\2246:Q\231\304\227'3\313\030Q\025{\341\203\016\355Wm\222\t\022+\207\321\343}^\317s\206\320\316\221\322\t\214\257\211\366S\177\277P\027\000\000\000\000\000\000\000\000\000\000\000\000\000\000\000\000\000\000\000\000\000\000\000\000\000\000\000\000\000\000\000\000P\031\336\037\263=\026\236A\324J9\261\341@\353\236\027\243\365\225\347\2315\205\014\356\333\201\232V!\026\010s!\003ql\302)\235\321\t\213\224\356\374%%\311\327\037\374\304\t\335\2359\344\233\035]\347<u\236\364\222vF0D\002 h\317Nq\t\200\020w\362_\327\265\035\3249\342\032\244{\223L\022\315B)\2041K\242x/\263\002 48\0131\345\214\006D@\020\\366\025\r\276T\003\271\n<\227\373\276\336:/\023 \3365TS""; ","validation: """"\200\000\000\001&\000\000\000\022)/\352\2246:Q\231\304\227'3\313\030Q\025{\341\203\016\355Wm\222\t\022+\207\321\343}^\317s\206\320\316\221\322\t\214\257\211\366S\177\277P\027\000\000\000\000\000\000\000\000\000\000\000\000\000\000\000\000\000\000\000\000\000\000\000\000\000\000\000\000\000\000\000\000P\031\336\037\263=\026\236A\324J9\261\341@\353\236\027\243\365\225\347\2315\205\014\356\333\201\232V!\026\010s!\003ql\302)\235\321\t\213\224\356\374%%\311\327\037\374\304\t\335\2359\344\233\035]\347<u\236\364\222vF0D\002 h\317Nq\t\200\020w\362_\327\265\035\3249\342\032\244{\223L\022\315B)\2041K\242x/\263\002 48\0131\345\214\006D@\020\\366\025\r\276T\003\271\n<\227\373\276\336:/\023 \3365TS""; "
1750587318347,1750587318348,0,1,3,0,TMValidation,"validation: """"\200\000\000\001&\000\000\000\022)/\352\2246:Q\231\304\227'3\313\030Q\025{\341\203\016\355Wm\222\t\022+\207\321\343}^\317s\206\320\316\221\322\t\214\257\211\366S\177\277P\027\000\000\000\000\000\000\000\000\000\000\000\000\000\000\000\000\000\000\000\000\000\000\000\000\000\000\000\000\000\000\000\000P\031\336\037\263=\026\236A\324J9\261\341@\353\236\027\243\365\225\347\2315\205\014\356\333\201\232V!\026\010s!\003ql\302)\235\321\t\213\224\356\374%%\311\327\037\374\304\t\335\2359\344\233\035]\347<u\236\364\222vF0D\002 h\317Nq\t\200\020w\362_\327\265\035\3249\342\032\244{\223L\022\315B)\2041K\242x/\263\002 48\0131\345\214\006D@\020\\366\025\r\276T\003\271\n<\227\373\276\336:/\023 \3365TS""; ","validation: """"\200\000\000\001&\000\000\000\022)/\352\2246:Q\231\304\227'3\313\030Q\025{\341\203\016\355Wm\222\t\022+\207\321\343}^\317s\206\320\316\221\322\t\214\257\211\366S\177\277P\027\000\000\000\000\000\000\000\000\000\000\000\000\000\000\000\000\000\000\000\000\000\000\000\000\000\000\000\000\000\000\000\000P\031\336\037\263=\026\236A\324J9\261\341@\353\236\027\243\365\225\347\2315\205\014\356\333\201\232V!\026\010s!\003ql\302)\235\321\t\213\224\356\374%%\311\327\037\374\304\t\335\2359\344\233\035]\347<u\236\364\222vF0D\002 h\317Nq\t\200\020w\362_\327\265\035\3249\342\032\244{\223L\022\315B)\2041K\242x/\263\002 48\0131\345\214\006D@\020\\366\025\r\276T\003\271\n<\227\373\276\336:/\023 \3365TS""; "
1750587318348,1750587318348,0,1,4,1,TMValidation,"validation: """"\200\000\000\001&\000\000\000\022)/\352\2246:Q\231\304\227'3\313\030Q\025{\341\203\016\355Wm\222\t\022+\207\321\343}^\317s\206\320\316\221\322\t\214\257\211\366S\177\277P\027\000\000\000\000\000\000\000\000\000\000\000\000\000\000\000\000\000\000\000\000\000\000\000\000\000\000\000\000\000\000\000\000P\031\336\037\263=\026\236A\324J9\261\341@\353\236\027\243\365\225\347\2315\205\014\356\333\201\232V!\026\010s!\003ql\302)\235\321\t\213\224\356\374%%\311\327\037\374\304\t\335\2359\344\233\035]\347<u\236\364\222vF0D\002 h\317Nq\t\200\020w\362_\327\265\035\3249\342\032\244{\223L\022\315B)\2041K\242x/\263\002 48\0131\345\214\006D@\020\\366\025\r\276T\003\271\n<\227\373\276\336:/\023 \3365TS""; ","validation: """"\200\000\000\001&\000\000\000\022)/\352\2246:Q\231\304\227'3\313\030Q\025{\341\203\016\355Wm\222\t\022+\207\321\343}^\317s\206\320\316\221\322\t\214\257\211\366S\177\277P\027\000\000\000\000\000\000\000\000\000\000\000\000\000\000\000\000\000\000\000\000\000\000\000\000\000\000\000\000\000\000\000\000P\031\336\037\263=\026\236A\324J9\261\341@\353\236\027\243\365\225\347\2315\205\014\356\333\201\232V!\026\010s!\003ql\302)\235\321\t\213\224\356\374%%\311\327\037\374\304\t\335\2359\344\233\035]\347<u\236\364\222vF0D\002 h\317Nq\t\200\020w\362_\327\265\035\3249\342\032\244{\223L\022\315B)\2041K\242x/\263\002 48\0131\345\214\006D@\020\\366\025\r\276T\003\271\n<\227\373\276\336:/\023 \3365TS""; "
1750587318349,1750587318349,0,1,4,3,TMValidation,"validation: """"\200\000\000\001&\000\000\000\022)/\352\2246:Q\231\304\227'3\313\030Q\025{\341\203\016\355Wm\222\t\022+\207\321\343}^\317s\206\320\316\221\322\t\214\257\211\366S\177\277P\027\000\000\000\000\000\000\000\000\000\000\000\000\000\000\000\000\000\000\000\000\000\000\000\000\000\000\000\000\000\000\000\000P\031\336\037\263=\026\236A\324J9\261\341@\353\236\027\243\365\225\347\2315\205\014\356\333\201\232V!\026\010s!\003ql\302)\235\321\t\213\224\356\374%%\311\327\037\374\304\t\335\2359\344\233\035]\347<u\236\364\222vF0D\002 h\317Nq\t\200\020w\362_\327\265\035\3249\342\032\244{\223L\022\315B)\2041K\242x/\263\002 48\0131\345\214\006D@\020\\366\025\r\276T\003\271\n<\227\373\276\336:/\023 \3365TS""; ","validation: """"\200\000\000\001&\000\000\000\022)/\352\2246:Q\231\304\227'3\313\030Q\025{\341\203\016\355Wm\222\t\022+\207\321\343}^\317s\206\320\316\221\322\t\214\257\211\366S\177\277P\027\000\000\000\000\000\000\000\000\000\000\000\000\000\000\000\000\000\000\000\000\000\000\000\000\000\000\000\000\000\000\000\000P\031\336\037\263=\026\236A\324J9\261\341@\353\236\027\243\365\225\347\2315\205\014\356\333\201\232V!\026\010s!\003ql\302)\235\321\t\213\224\356\374%%\311\327\037\374\304\t\335\2359\344\233\035]\347<u\236\364\222vF0D\002 h\317Nq\t\200\020w\362_\327\265\035\3249\342\032\244{\223L\022\315B)\2041K\242x/\263\002 48\0131\345\214\006D@\020\\366\025\r\276T\003\271\n<\227\373\276\336:/\023 \3365TS""; "
1750587318350,1750587318350,0,1,1,4,TMValidation,"validation: """"\200\000\000\001&\000\000\000\022)/\352\2246:Q\231\304\227'3\313\030Q\025{\341\203\016\355Wm\222\t\022+\207\321\343}^\317s\206\320\316\221\322\t\214\257\211\366S\177\277P\027\000\000\000\000\000\000\000\000\000\000\000\000\000\000\000\000\000\000\000\000\000\000\000\000\000\000\000\000\000\000\000\000P\031\336\037\263=\026\236A\324J9\261\341@\353\236\027\243\365\225\347\2315\205\014\356\333\201\232V!\026\010s!\003ql\302)\235\321\t\213\224\356\374%%\311\327\037\374\304\t\335\2359\344\233\035]\347<u\236\364\222vF0D\002 h\317Nq\t\200\020w\362_\327\265\035\3249\342\032\244{\223L\022\315B)\2041K\242x/\263\002 48\0131\345\214\006D@\020\\366\025\r\276T\003\271\n<\227\373\276\336:/\023 \3365TS""; ","validation: """"\200\000\000\001&\000\000\000\022)/\352\2246:Q\231\304\227'3\313\030Q\025{\341\203\016\355Wm\222\t\022+\207\321\343}^\317s\206\320\316\221\322\t\214\257\211\366S\177\277P\027\000\000\000\000\000\000\000\000\000\000\000\000\000\000\000\000\000\000\000\000\000\000\000\000\000\000\000\000\000\000\000\000P\031\336\037\263=\026\236A\324J9\261\341@\353\236\027\243\365\225\347\2315\205\014\356\333\201\232V!\026\010s!\003ql\302)\235\321\t\213\224\356\374%%\311\327\037\374\304\t\335\2359\344\233\035]\347<u\236\364\222vF0D\002 h\317Nq\t\200\020w\362_\327\265\035\3249\342\032\244{\223L\022\315B)\2041K\242x/\263\002 48\0131\345\214\006D@\020\\366\025\r\276T\003\271\n<\227\373\276\336:/\023 \3365TS""; "
1750587318350,1750587318350,0,1,1,3,TMValidation,"validation: """"\200\000\000\001&\000\000\000\022)/\352\2246:Q\231\304\227'3\313\030Q\025{\341\203\016\355Wm\222\t\022+\207\321\343}^\317s\206\320\316\221\322\t\214\257\211\366S\177\277P\027\000\000\000\000\000\000\000\000\000\000\000\000\000\000\000\000\000\000\000\000\000\000\000\000\000\000\000\000\000\000\000\000P\031\336\037\263=\026\236A\324J9\261\341@\353\236\027\243\365\225\347\2315\205\014\356\333\201\232V!\026\010s!\003ql\302)\235\321\t\213\224\356\374%%\311\327\037\374\304\t\335\2359\344\233\035]\347<u\236\364\222vF0D\002 h\317Nq\t\200\020w\362_\327\265\035\3249\342\032\244{\223L\022\315B)\2041K\242x/\263\002 48\0131\345\214\006D@\020\\366\025\r\276T\003\271\n<\227\373\276\336:/\023 \3365TS""; ","validation: """"\200\000\000\001&\000\000\000\022)/\352\2246:Q\231\304\227'3\313\030Q\025{\341\203\016\355Wm\222\t\022+\207\321\343}^\317s\206\320\316\221\322\t\214\257\211\366S\177\277P\027\000\000\000\000\000\000\000\000\000\000\000\000\000\000\000\000\000\000\000\000\000\000\000\000\000\000\000\000\000\000\000\000P\031\336\037\263=\026\236A\324J9\261\341@\353\236\027\243\365\225\347\2315\205\014\356\333\201\232V!\026\010s!\003ql\302)\235\321\t\213\224\356\374%%\311\327\037\374\304\t\335\2359\344\233\035]\347<u\236\364\222vF0D\002 h\317Nq\t\200\020w\362_\327\265\035\3249\342\032\244{\223L\022\315B)\2041K\242x/\263\002 48\0131\345\214\006D@\020\\366\025\r\276T\003\271\n<\227\373\276\336:/\023 \3365TS""; "
1750587318350,1750587318350,0,1,4,0,TMValidation,"validation: """"\200\000\000\001&\000\000\000\022)/\352\2246:Q\231\304\227'3\313\030Q\025{\341\203\016\355Wm\222\t\022+\207\321\343}^\317s\206\320\316\221\322\t\214\257\211\366S\177\277P\027\000\000\000\000\000\000\000\000\000\000\000\000\000\000\000\000\000\000\000\000\000\000\000\000\000\000\000\000\000\000\000\000P\031\336\037\263=\026\236A\324J9\261\341@\353\236\027\243\365\225\347\2315\205\014\356\333\201\232V!\026\010s!\003ql\302)\235\321\t\213\224\356\374%%\311\327\037\374\304\t\335\2359\344\233\035]\347<u\236\364\222vF0D\002 h\317Nq\t\200\020w\362_\327\265\035\3249\342\032\244{\223L\022\315B)\2041K\242x/\263\002 48\0131\345\214\006D@\020\\366\025\r\276T\003\271\n<\227\373\276\336:/\023 \3365TS""; ","validation: """"\200\000\000\001&\000\000\000\022)/\352\2246:Q\231\304\227'3\313\030Q\025{\341\203\016\355Wm\222\t\022+\207\321\343}^\317s\206\320\316\221\322\t\214\257\211\366S\177\277P\027\000\000\000\000\000\000\000\000\000\000\000\000\000\000\000\000\000\000\000\000\000\000\000\000\000\000\000\000\000\000\000\000P\031\336\037\263=\026\236A\324J9\261\341@\353\236\027\243\365\225\347\2315\205\014\356\333\201\232V!\026\010s!\003ql\302)\235\321\t\213\224\356\374%%\311\327\037\374\304\t\335\2359\344\233\035]\347<u\236\364\222vF0D\002 h\317Nq\t\200\020w\362_\327\265\035\3249\342\032\244{\223L\022\315B)\2041K\242x/\263\002 48\0131\345\214\006D@\020\\366\025\r\276T\003\271\n<\227\373\276\336:/\023 \3365TS""; "
1750587318350,1750587318351,0,1,1,0,TMValidation,"validation: """"\200\000\000\001&\000\000\000\022)/\352\2246:Q\231\304\227'3\313\030Q\025{\341\203\016\355Wm\222\t\022+\207\321\343}^\317s\206\320\316\221\322\t\214\257\211\366S\177\277P\027\000\000\000\000\000\000\000\000\000\000\000\000\000\000\000\000\000\000\000\000\000\000\000\000\000\000\000\000\000\000\000\000P\031\336\037\263=\026\236A\324J9\261\341@\353\236\027\243\365\225\347\2315\205\014\356\333\201\232V!\026\010s!\003ql\302)\235\321\t\213\224\356\374%%\311\327\037\374\304\t\335\2359\344\233\035]\347<u\236\364\222vF0D\002 h\317Nq\t\200\020w\362_\327\265\035\3249\342\032\244{\223L\022\315B)\2041K\242x/\263\002 48\0131\345\214\006D@\020\\366\025\r\276T\003\271\n<\227\373\276\336:/\023 \3365TS""; ","validation: """"\200\000\000\001&\000\000\000\022)/\352\2246:Q\231\304\227'3\313\030Q\025{\341\203\016\355Wm\222\t\022+\207\321\343}^\317s\206\320\316\221\322\t\214\257\211\366S\177\277P\027\000\000\000\000\000\000\000\000\000\000\000\000\000\000\000\000\000\000\000\000\000\000\000\000\000\000\000\000\000\000\000\000P\031\336\037\263=\026\236A\324J9\261\341@\353\236\027\243\365\225\347\2315\205\014\356\333\201\232V!\026\010s!\003ql\302)\235\321\t\213\224\356\374%%\311\327\037\374\304\t\335\2359\344\233\035]\347<u\236\364\222vF0D\002 h\317Nq\t\200\020w\362_\327\265\035\3249\342\032\244{\223L\022\315B)\2041K\242x/\263\002 48\0131\345\214\006D@\020\\366\025\r\276T\003\271\n<\227\373\276\336:/\023 \3365TS""; "
1750587318498,1750587318498,0,1,1,2,TMProposeSet,"proposeSeq: 0; currentTxHash: ""\000\000\000\000\000\000\000\000\000\000\000\000\000\000\000\000\000\000\000\000\000\000\000\000\000\000\000\000\000\000\000\000""; nodePubKey: ""\003\343\005\311u\203\370\0338\3174\324\010\006\301\251\177\261\304eOX\262)FA-\022r\263wm\024""; closeTime: 803902518; signature: ""0D\002 \036\rT<\333\330\236T\253g\305\\334Vu`\001y\357\336\213\341^\3321\336A\231\231y\363]\002 `+yX\212\224 \017\252&\000I\312\263w\365\205\203\021O\025\226Gv\004AQ\233\373\337A\270""; previousledger: ""\025{\341\203\016\355Wm\222\t\022+\207\321\343}^\317s\206\320\316\221\322\t\214\257\211\366S\177\277""; ","proposeSeq: 0; currentTxHash: ""\000\000\000\000\000\000\000\000\000\000\000\000\000\000\000\000\000\000\000\000\000\000\000\000\000\000\000\000\000\000\000\000""; nodePubKey: ""\003\343\005\311u\203\370\0338\3174\324\010\006\301\251\177\261\304eOX\262)FA-\022r\263wm\024""; closeTime: 803902518; signature: ""0D\002 \036\rT<\333\330\236T\253g\305\\334Vu`\001y\357\336\213\341^\3321\336A\231\231y\363]\002 `+yX\212\224 \017\252&\000I\312\263w\365\205\203\021O\025\226Gv\004AQ\233\373\337A\270""; previousledger: ""\025{\341\203\016\355Wm\222\t\022+\207\321\343}^\317s\206\320\316\221\322\t\214\257\211\366S\177\277""; "
1750587318499,1750587318499,0,1,1,0,TMProposeSet,"proposeSeq: 0; currentTxHash: ""\000\000\000\000\000\000\000\000\000\000\000\000\000\000\000\000\000\000\000\000\000\000\000\000\000\000\000\000\000\000\000\000""; nodePubKey: ""\003\343\005\311u\203\370\0338\3174\324\010\006\301\251\177\261\304eOX\262)FA-\022r\263wm\024""; closeTime: 803902518; signature: ""0D\002 \036\rT<\333\330\236T\253g\305\\334Vu`\001y\357\336\213\341^\3321\336A\231\231y\363]\002 `+yX\212\224 \017\252&\000I\312\263w\365\205\203\021O\025\226Gv\004AQ\233\373\337A\270""; previousledger: ""\025{\341\203\016\355Wm\222\t\022+\207\321\343}^\317s\206\320\316\221\322\t\214\257\211\366S\177\277""; ","proposeSeq: 0; currentTxHash: ""\000\000\000\000\000\000\000\000\000\000\000\000\000\000\000\000\000\000\000\000\000\000\000\000\000\000\000\000\000\000\000\000""; nodePubKey: ""\003\343\005\311u\203\370\0338\3174\324\010\006\301\251\177\261\304eOX\262)FA-\022r\263wm\024""; closeTime: 803902518; signature: ""0D\002 \036\rT<\333\330\236T\253g\305\\334Vu`\001y\357\336\213\341^\3321\336A\231\231y\363]\002 `+yX\212\224 \017\252&\000I\312\263w\365\205\203\021O\025\226Gv\004AQ\233\373\337A\270""; previousledger: ""\025{\341\203\016\355Wm\222\t\022+\207\321\343}^\317s\206\320\316\221\322\t\214\257\211\366S\177\277""; "
1750587318499,1750587318499,0,1,1,3,TMProposeSet,"proposeSeq: 0; currentTxHash: ""\000\000\000\000\000\000\000\000\000\000\000\000\000\000\000\000\000\000\000\000\000\000\000\000\000\000\000\000\000\000\000\000""; nodePubKey: ""\003\343\005\311u\203\370\0338\3174\324\010\006\301\251\177\261\304eOX\262)FA-\022r\263wm\024""; closeTime: 803902518; signature: ""0D\002 \036\rT<\333\330\236T\253g\305\\334Vu`\001y\357\336\213\341^\3321\336A\231\231y\363]\002 `+yX\212\224 \017\252&\000I\312\263w\365\205\203\021O\025\226Gv\004AQ\233\373\337A\270""; previousledger: ""\025{\341\203\016\355Wm\222\t\022+\207\321\343}^\317s\206\320\316\221\322\t\214\257\211\366S\177\277""; ","proposeSeq: 0; currentTxHash: ""\000\000\000\000\000\000\000\000\000\000\000\000\000\000\000\000\000\000\000\000\000\000\000\000\000\000\000\000\000\000\000\000""; nodePubKey: ""\003\343\005\311u\203\370\0338\3174\324\010\006\301\251\177\261\304eOX\262)FA-\022r\263wm\024""; closeTime: 803902518; signature: ""0D\002 \036\rT<\333\330\236T\253g\305\\334Vu`\001y\357\336\213\341^\3321\336A\231\231y\363]\002 `+yX\212\224 \017\252&\000I\312\263w\365\205\203\021O\025\226Gv\004AQ\233\373\337A\270""; previousledger: ""\025{\341\203\016\355Wm\222\t\022+\207\321\343}^\317s\206\320\316\221\322\t\214\257\211\366S\177\277""; "
1750587318498,1750587318498,0,1,1,4,TMProposeSet,"proposeSeq: 0; currentTxHash: ""\000\000\000\000\000\000\000\000\000\000\000\000\000\000\000\000\000\000\000\000\000\000\000\000\000\000\000\000\000\000\000\000""; nodePubKey: ""\003\343\005\311u\203\370\0338\3174\324\010\006\301\251\177\261\304eOX\262)FA-\022r\263wm\024""; closeTime: 803902518; signature: ""0D\002 \036\rT<\333\330\236T\253g\305\\334Vu`\001y\357\336\213\341^\3321\336A\231\231y\363]\002 `+yX\212\224 \017\252&\000I\312\263w\365\205\203\021O\025\226Gv\004AQ\233\373\337A\270""; previousledger: ""\025{\341\203\016\355Wm\222\t\022+\207\321\343}^\317s\206\320\316\221\322\t\214\257\211\366S\177\277""; ","proposeSeq: 0; currentTxHash: ""\000\000\000\000\000\000\000\000\000\000\000\000\000\000\000\000\000\000\000\000\000\000\000\000\000\000\000\000\000\000\000\000""; nodePubKey: ""\003\343\005\311u\203\370\0338\3174\324\010\006\301\251\177\261\304eOX\262)FA-\022r\263wm\024""; closeTime: 803902518; signature: ""0D\002 \036\rT<\333\330\236T\253g\305\\334Vu`\001y\357\336\213\341^\3321\336A\231\231y\363]\002 `+yX\212\224 \017\252&\000I\312\263w\365\205\203\021O\025\226Gv\004AQ\233\373\337A\270""; previousledger: ""\025{\341\203\016\355Wm\222\t\022+\207\321\343}^\317s\206\320\316\221\322\t\214\257\211\366S\177\277""; "
1750587318501,1750587318501,0,1,2,4,TMProposeSet,"proposeSeq: 0; currentTxHash: ""\000\000\000\000\000\000\000\000\000\000\000\000\000\000\000\000\000\000\000\000\000\000\000\000\000\000\000\000\000\000\000\000""; nodePubKey: ""\003\343\005\311u\203\370\0338\3174\324\010\006\301\251\177\261\304eOX\262)FA-\022r\263wm\024""; closeTime: 803902518; signature: ""0D\002 \036\rT<\333\330\236T\253g\305\\334Vu`\001y\357\336\213\341^\3321\336A\231\231y\363]\002 `+yX\212\224 \017\252&\000I\312\263w\365\205\203\021O\025\226Gv\004AQ\233\373\337A\270""; previousledger: ""\025{\341\203\016\355Wm\222\t\022+\207\321\343}^\317s\206\320\316\221\322\t\214\257\211\366S\177\277""; ","proposeSeq: 0; currentTxHash: ""\000\000\000\000\000\000\000\000\000\000\000\000\000\000\000\000\000\000\000\000\000\000\000\000\000\000\000\000\000\000\000\000""; nodePubKey: ""\003\343\005\311u\203\370\0338\3174\324\010\006\301\251\177\261\304eOX\262)FA-\022r\263wm\024""; closeTime: 803902518; signature: ""0D\002 \036\rT<\333\330\236T\253g\305\\334Vu`\001y\357\336\213\341^\3321\336A\231\231y\363]\002 `+yX\212\224 \017\252&\000I\312\263w\365\205\203\021O\025\226Gv\004AQ\233\373\337A\270""; previousledger: ""\025{\341\203\016\355Wm\222\t\022+\207\321\343}^\317s\206\320\316\221\322\t\214\257\211\366S\177\277""; "
1750587318501,1750587318501,0,1,2,3,TMProposeSet,"proposeSeq: 0; currentTxHash: ""\000\000\000\000\000\000\000\000\000\000\000\000\000\000\000\000\000\000\000\000\000\000\000\000\000\000\000\000\000\000\000\000""; nodePubKey: ""\003\343\005\311u\203\370\0338\3174\324\010\006\301\251\177\261\304eOX\262)FA-\022r\263wm\024""; closeTime: 803902518; signature: ""0D\002 \036\rT<\333\330\236T\253g\305\\334Vu`\001y\357\336\213\341^\3321\336A\231\231y\363]\002 `+yX\212\224 \017\252&\000I\312\263w\365\205\203\021O\025\226Gv\004AQ\233\373\337A\270""; previousledger: ""\025{\341\203\016\355Wm\222\t\022+\207\321\343}^\317s\206\320\316\221\322\t\214\257\211\366S\177\277""; ","proposeSeq: 0; currentTxHash: ""\000\000\000\000\000\000\000\000\000\000\000\000\000\000\000\000\000\000\000\000\000\000\000\000\000\000\000\000\000\000\000\000""; nodePubKey: ""\003\343\005\311u\203\370\0338\3174\324\010\006\301\251\177\261\304eOX\262)FA-\022r\263wm\024""; closeTime: 803902518; signature: ""0D\002 \036\rT<\333\330\236T\253g\305\\334Vu`\001y\357\336\213\341^\3321\336A\231\231y\363]\002 `+yX\212\224 \017\252&\000I\312\263w\365\205\203\021O\025\226Gv\004AQ\233\373\337A\270""; previousledger: ""\025{\341\203\016\355Wm\222\t\022+\207\321\343}^\317s\206\320\316\221\322\t\214\257\211\366S\177\277""; "
1750587318502,1750587318502,0,1,0,3,TMProposeSet,"proposeSeq: 0; currentTxHash: ""\000\000\000\000\000\000\000\000\000\000\000\000\000\000\000\000\000\000\000\000\000\000\000\000\000\000\000\000\000\000\000\000""; nodePubKey: ""\003\343\005\311u\203\370\0338\3174\324\010\006\301\251\177\261\304eOX\262)FA-\022r\263wm\024""; closeTime: 803902518; signature: ""0D\002 \036\rT<\333\330\236T\253g\305\\334Vu`\001y\357\336\213\341^\3321\336A\231\231y\363]\002 `+yX\212\224 \017\252&\000I\312\263w\365\205\203\021O\025\226Gv\004AQ\233\373\337A\270""; previousledger: ""\025{\341\203\016\355Wm\222\t\022+\207\321\343}^\317s\206\320\316\221\322\t\214\257\211\366S\177\277""; ","proposeSeq: 0; currentTxHash: ""\000\000\000\000\000\000\000\000\000\000\000\000\000\000\000\000\000\000\000\000\000\000\000\000\000\000\000\000\000\000\000\000""; nodePubKey: ""\003\343\005\311u\203\370\0338\3174\324\010\006\301\251\177\261\304eOX\262)FA-\022r\263wm\024""; closeTime: 803902518; signature: ""0D\002 \036\rT<\333\330\236T\253g\305\\334Vu`\001y\357\336\213\341^\3321\336A\231\231y\363]\002 `+yX\212\224 \017\252&\000I\312\263w\365\205\203\021O\025\226Gv\004AQ\233\373\337A\270""; previousledger: ""\025{\341\203\016\355Wm\222\t\022+\207\321\343}^\317s\206\320\316\221\322\t\214\257\211\366S\177\277""; "
1750587318502,1750587318502,0,1,0,4,TMProposeSet,"proposeSeq: 0; currentTxHash: ""\000\000\000\000\000\000\000\000\000\000\000\000\000\000\000\000\000\000\000\000\000\000\000\000\000\000\000\000\000\000\000\000""; nodePubKey: ""\003\343\005\311u\203\370\0338\3174\324\010\006\301\251\177\261\304eOX\262)FA-\022r\263wm\024""; closeTime: 803902518; signature: ""0D\002 \036\rT<\333\330\236T\253g\305\\334Vu`\001y\357\336\213\341^\3321\336A\231\231y\363]\002 `+yX\212\224 \017\252&\000I\312\263w\365\205\203\021O\025\226Gv\004AQ\233\373\337A\270""; previousledger: ""\025{\341\203\016\355Wm\222\t\022+\207\321\343}^\317s\206\320\316\221\322\t\214\257\211\366S\177\277""; ","proposeSeq: 0; currentTxHash: ""\000\000\000\000\000\000\000\000\000\000\000\000\000\000\000\000\000\000\000\000\000\000\000\000\000\000\000\000\000\000\000\000""; nodePubKey: ""\003\343\005\311u\203\370\0338\3174\324\010\006\301\251\177\261\304eOX\262)FA-\022r\263wm\024""; closeTime: 803902518; signature: ""0D\002 \036\rT<\333\330\236T\253g\305\\334Vu`\001y\357\336\213\341^\3321\336A\231\231y\363]\002 `+yX\212\224 \017\252&\000I\312\263w\365\205\203\021O\025\226Gv\004AQ\233\373\337A\270""; previousledger: ""\025{\341\203\016\355Wm\222\t\022+\207\321\343}^\317s\206\320\316\221\322\t\214\257\211\366S\177\277""; "
1750587318502,1750587318502,0,1,2,0,TMProposeSet,"proposeSeq: 0; currentTxHash: ""\000\000\000\000\000\000\000\000\000\000\000\000\000\000\000\000\000\000\000\000\000\000\000\000\000\000\000\000\000\000\000\000""; nodePubKey: ""\003\343\005\311u\203\370\0338\3174\324\010\006\301\251\177\261\304eOX\262)FA-\022r\263wm\024""; closeTime: 803902518; signature: ""0D\002 \036\rT<\333\330\236T\253g\305\\334Vu`\001y\357\336\213\341^\3321\336A\231\231y\363]\002 `+yX\212\224 \017\252&\000I\312\263w\365\205\203\021O\025\226Gv\004AQ\233\373\337A\270""; previousledger: ""\025{\341\203\016\355Wm\222\t\022+\207\321\343}^\317s\206\320\316\221\322\t\214\257\211\366S\177\277""; ","proposeSeq: 0; currentTxHash: ""\000\000\000\000\000\000\000\000\000\000\000\000\000\000\000\000\000\000\000\000\000\000\000\000\000\000\000\000\000\000\000\000""; nodePubKey: ""\003\343\005\311u\203\370\0338\3174\324\010\006\301\251\177\261\304eOX\262)FA-\022r\263wm\024""; closeTime: 803902518; signature: ""0D\002 \036\rT<\333\330\236T\253g\305\\334Vu`\001y\357\336\213\341^\3321\336A\231\231y\363]\002 `+yX\212\224 \017\252&\000I\312\263w\365\205\203\021O\025\226Gv\004AQ\233\373\337A\270""; previousledger: ""\025{\341\203\016\355Wm\222\t\022+\207\321\343}^\317s\206\320\316\221\322\t\214\257\211\366S\177\277""; "
1750587318503,1750587318503,0,1,0,2,TMProposeSet,"proposeSeq: 0; currentTxHash: ""\000\000\000\000\000\000\000\000\000\000\000\000\000\000\000\000\000\000\000\000\000\000\000\000\000\000\000\000\000\000\000\000""; nodePubKey: ""\003\343\005\311u\203\370\0338\3174\324\010\006\301\251\177\261\304eOX\262)FA-\022r\263wm\024""; closeTime: 803902518; signature: ""0D\002 \036\rT<\333\330\236T\253g\305\\334Vu`\001y\357\336\213\341^\3321\336A\231\231y\363]\002 `+yX\212\224 \017\252&\000I\312\263w\365\205\203\021O\025\226Gv\004AQ\233\373\337A\270""; previousledger: ""\025{\341\203\016\355Wm\222\t\022+\207\321\343}^\317s\206\320\316\221\322\t\214\257\211\366S\177\277""; ","proposeSeq: 0; currentTxHash: ""\000\000\000\000\000\000\000\000\000\000\000\000\000\000\000\000\000\000\000\000\000\000\000\000\000\000\000\000\000\000\000\000""; nodePubKey: ""\003\343\005\311u\203\370\0338\3174\324\010\006\301\251\177\261\304eOX\262)FA-\022r\263wm\024""; closeTime: 803902518; signature: ""0D\002 \036\rT<\333\330\236T\253g\305\\334Vu`\001y\357\336\213\341^\3321\336A\231\231y\363]\002 `+yX\212\224 \017\252&\000I\312\263w\365\205\203\021O\025\226Gv\004AQ\233\373\337A\270""; previousledger: ""\025{\341\203\016\355Wm\222\t\022+\207\321\343}^\317s\206\320\316\221\322\t\214\257\211\366S\177\277""; "
1750587318503,1750587318503,0,1,3,2,TMProposeSet,"proposeSeq: 0; currentTxHash: ""\000\000\000\000\000\000\000\000\000\000\000\000\000\000\000\000\000\000\000\000\000\000\000\000\000\000\000\000\000\000\000\000""; nodePubKey: ""\003\343\005\311u\203\370\0338\3174\324\010\006\301\251\177\261\304eOX\262)FA-\022r\263wm\024""; closeTime: 803902518; signature: ""0D\002 \036\rT<\333\330\236T\253g\305\\334Vu`\001y\357\336\213\341^\3321\336A\231\231y\363]\002 `+yX\212\224 \017\252&\000I\312\263w\365\205\203\021O\025\226Gv\004AQ\233\373\337A\270""; previousledger: ""\025{\341\203\016\355Wm\222\t\022+\207\321\343}^\317s\206\320\316\221\322\t\214\257\211\366S\177\277""; ","proposeSeq: 0; currentTxHash: ""\000\000\000\000\000\000\000\000\000\000\000\000\000\000\000\000\000\000\000\000\000\000\000\000\000\000\000\000\000\000\000\000""; nodePubKey: ""\003\343\005\311u\203\370\0338\3174\324\010\006\301\251\177\261\304eOX\262)FA-\022r\263wm\024""; closeTime: 803902518; signature: ""0D\002 \036\rT<\333\330\236T\253g\305\\334Vu`\001y\357\336\213\341^\3321\336A\231\231y\363]\002 `+yX\212\224 \017\252&\000I\312\263w\365\205\203\021O\025\226Gv\004AQ\233\373\337A\270""; previousledger: ""\025{\341\203\016\355Wm\222\t\022+\207\321\343}^\317s\206\320\316\221\322\t\214\257\211\366S\177\277""; "
1750587318504,1750587318504,0,1,3,4,TMProposeSet,"proposeSeq: 0; currentTxHash: ""\000\000\000\000\000\000\000\000\000\000\000\000\000\000\000\000\000\000\000\000\000\000\000\000\000\000\000\000\000\000\000\000""; nodePubKey: ""\003\343\005\311u\203\370\0338\3174\324\010\006\301\251\177\261\304eOX\262)FA-\022r\263wm\024""; closeTime: 803902518; signature: ""0D\002 \036\rT<\333\330\236T\253g\305\\334Vu`\001y\357\336\213\341^\3321\336A\231\231y\363]\002 `+yX\212\224 \017\252&\000I\312\263w\365\205\203\021O\025\226Gv\004AQ\233\373\337A\270""; previousledger: ""\025{\341\203\016\355Wm\222\t\022+\207\321\343}^\317s\206\320\316\221\322\t\214\257\211\366S\177\277""; ","proposeSeq: 0; currentTxHash: ""\000\000\000\000\000\000\000\000\000\000\000\000\000\000\000\000\000\000\000\000\000\000\000\000\000\000\000\000\000\000\000\000""; nodePubKey: ""\003\343\005\311u\203\370\0338\3174\324\010\006\301\251\177\261\304eOX\262)FA-\022r\263wm\024""; closeTime: 803902518; signature: ""0D\002 \036\rT<\333\330\236T\253g\305\\334Vu`\001y\357\336\213\341^\3321\336A\231\231y\363]\002 `+yX\212\224 \017\252&\000I\312\263w\365\205\203\021O\025\226Gv\004AQ\233\373\337A\270""; previousledger: ""\025{\341\203\016\355Wm\222\t\022+\207\321\343}^\317s\206\320\316\221\322\t\214\257\211\366S\177\277""; "
1750587318504,1750587318504,0,1,3,0,TMProposeSet,"proposeSeq: 0; currentTxHash: ""\000\000\000\000\000\000\000\000\000\000\000\000\000\000\000\000\000\000\000\000\000\000\000\000\000\000\000\000\000\000\000\000""; nodePubKey: ""\003\343\005\311u\203\370\0338\3174\324\010\006\301\251\177\261\304eOX\262)FA-\022r\263wm\024""; closeTime: 803902518; signature: ""0D\002 \036\rT<\333\330\236T\253g\305\\334Vu`\001y\357\336\213\341^\3321\336A\231\231y\363]\002 `+yX\212\224 \017\252&\000I\312\263w\365\205\203\021O\025\226Gv\004AQ\233\373\337A\270""; previousledger: ""\025{\341\203\016\355Wm\222\t\022+\207\321\343}^\317s\206\320\316\221\322\t\214\257\211\366S\177\277""; ","proposeSeq: 0; currentTxHash: ""\000\000\000\000\000\000\000\000\000\000\000\000\000\000\000\000\000\000\000\000\000\000\000\000\000\000\000\000\000\000\000\000""; nodePubKey: ""\003\343\005\311u\203\370\0338\3174\324\010\006\301\251\177\261\304eOX\262)FA-\022r\263wm\024""; closeTime: 803902518; signature: ""0D\002 \036\rT<\333\330\236T\253g\305\\334Vu`\001y\357\336\213\341^\3321\336A\231\231y\363]\002 `+yX\212\224 \017\252&\000I\312\263w\365\205\203\021O\025\226Gv\004AQ\233\373\337A\270""; previousledger: ""\025{\341\203\016\355Wm\222\t\022+\207\321\343}^\317s\206\320\316\221\322\t\214\257\211\366S\177\277""; "
1750587318457,1750587318541,0,1,1,4,TMStatusChange,"newEvent: neCLOSING_LEDGER; ledgerSeq: 18; ledgerHash: ""\025{\341\203\016\355Wm\222\t\022+\207\321\343}^\317s\206\320\316\221\322\t\214\257\211\366S\177\277""; ledgerHashPrevious: ""\336\037\263=\026\236A\324J9\261\341@\353\236\027\243\365\225\347\2315\205\014\356\333\201\232V!\026\010""; networkTime: 803902518; firstSeq: 1; lastSeq: 18; ","newEvent: neCLOSING_LEDGER; ledgerSeq: 18; ledgerHash: ""\025{\341\203\016\355Wm\222\t\022+\207\321\343}^\317s\206\320\316\221\322\t\214\257\211\366S\177\277""; ledgerHashPrevious: ""\336\037\263=\026\236A\324J9\261\341@\353\236\027\243\365\225\347\2315\205\014\356\333\201\232V!\026\010""; networkTime: 803902518; firstSeq: 1; lastSeq: 18; "
1750587318460,1750587318541,0,1,1,3,TMStatusChange,"newEvent: neCLOSING_LEDGER; ledgerSeq: 18; ledgerHash: ""\025{\341\203\016\355Wm\222\t\022+\207\321\343}^\317s\206\320\316\221\322\t\214\257\211\366S\177\277""; ledgerHashPrevious: ""\336\037\263=\026\236A\324J9\261\341@\353\236\027\243\365\225\347\2315\205\014\356\333\201\232V!\026\010""; networkTime: 803902518; firstSeq: 1; lastSeq: 18; ","newEvent: neCLOSING_LEDGER; ledgerSeq: 18; ledgerHash: ""\025{\341\203\016\355Wm\222\t\022+\207\321\343}^\317s\206\320\316\221\322\t\214\257\211\366S\177\277""; ledgerHashPrevious: ""\336\037\263=\026\236A\324J9\261\341@\353\236\027\243\365\225\347\2315\205\014\356\333\201\232V!\026\010""; networkTime: 803902518; firstSeq: 1; lastSeq: 18; "
1750587318460,1750587318542,0,1,1,0,TMStatusChange,"newEvent: neCLOSING_LEDGER; ledgerSeq: 18; ledgerHash: ""\025{\341\203\016\355Wm\222\t\022+\207\321\343}^\317s\206\320\316\221\322\t\214\257\211\366S\177\277""; ledgerHashPrevious: ""\336\037\263=\026\236A\324J9\261\341@\353\236\027\243\365\225\347\2315\205\014\356\333\201\232V!\026\010""; networkTime: 803902518; firstSeq: 1; lastSeq: 18; ","newEvent: neCLOSING_LEDGER; ledgerSeq: 18; ledgerHash: ""\025{\341\203\016\355Wm\222\t\022+\207\321\343}^\317s\206\320\316\221\322\t\214\257\211\366S\177\277""; ledgerHashPrevious: ""\336\037\263=\026\236A\324J9\261\341@\353\236\027\243\365\225\347\2315\205\014\356\333\201\232V!\026\010""; networkTime: 803902518; firstSeq: 1; lastSeq: 18; "
1750587318463,1750587318544,0,1,1,2,TMStatusChange,"newEvent: neCLOSING_LEDGER; ledgerSeq: 18; ledgerHash: ""\025{\341\203\016\355Wm\222\t\022+\207\321\343}^\317s\206\320\316\221\322\t\214\257\211\366S\177\277""; ledgerHashPrevious: ""\336\037\263=\026\236A\324J9\261\341@\353\236\027\243\365\225\347\2315\205\014\356\333\201\232V!\026\010""; networkTime: 803902518; firstSeq: 1; lastSeq: 18; ","newEvent: neCLOSING_LEDGER; ledgerSeq: 18; ledgerHash: ""\025{\341\203\016\355Wm\222\t\022+\207\321\343}^\317s\206\320\316\221\322\t\214\257\211\366S\177\277""; ledgerHashPrevious: ""\336\037\263=\026\236A\324J9\261\341@\353\236\027\243\365\225\347\2315\205\014\356\333\201\232V!\026\010""; networkTime: 803902518; firstSeq: 1; lastSeq: 18; "
1750587318773,1750587318773,0,1,4,1,TMStatusChange,"newEvent: neACCEPTED_LEDGER; ledgerSeq: 18; ledgerHash: ""\025{\341\203\016\355Wm\222\t\022+\207\321\343}^\317s\206\320\316\221\322\t\214\257\211\366S\177\277""; ledgerHashPrevious: ""\336\037\263=\026\236A\324J9\261\341@\353\236\027\243\365\225\347\2315\205\014\356\333\201\232V!\026\010""; networkTime: 803902518; firstSeq: 1; lastSeq: 17; ","newEvent: neACCEPTED_LEDGER; ledgerSeq: 18; ledgerHash: ""\025{\341\203\016\355Wm\222\t\022+\207\321\343}^\317s\206\320\316\221\322\t\214\257\211\366S\177\277""; ledgerHashPrevious: ""\336\037\263=\026\236A\324J9\261\341@\353\236\027\243\365\225\347\2315\205\014\356\333\201\232V!\026\010""; networkTime: 803902518; firstSeq: 1; lastSeq: 17; "
1750587318774,1750587318774,0,1,4,0,TMStatusChange,"newEvent: neACCEPTED_LEDGER; ledgerSeq: 18; ledgerHash: ""\025{\341\203\016\355Wm\222\t\022+\207\321\343}^\317s\206\320\316\221\322\t\214\257\211\366S\177\277""; ledgerHashPrevious: ""\336\037\263=\026\236A\324J9\261\341@\353\236\027\243\365\225\347\2315\205\014\356\333\201\232V!\026\010""; networkTime: 803902518; firstSeq: 1; lastSeq: 17; ","newEvent: neACCEPTED_LEDGER; ledgerSeq: 18; ledgerHash: ""\025{\341\203\016\355Wm\222\t\022+\207\321\343}^\317s\206\320\316\221\322\t\214\257\211\366S\177\277""; ledgerHashPrevious: ""\336\037\263=\026\236A\324J9\261\341@\353\236\027\243\365\225\347\2315\205\014\356\333\201\232V!\026\010""; networkTime: 803902518; firstSeq: 1; lastSeq: 17; "
1750587318774,1750587318774,0,1,4,2,TMStatusChange,"newEvent: neACCEPTED_LEDGER; ledgerSeq: 18; ledgerHash: ""\025{\341\203\016\355Wm\222\t\022+\207\321\343}^\317s\206\320\316\221\322\t\214\257\211\366S\177\277""; ledgerHashPrevious: ""\336\037\263=\026\236A\324J9\261\341@\353\236\027\243\365\225\347\2315\205\014\356\333\201\232V!\026\010""; networkTime: 803902518; firstSeq: 1; lastSeq: 17; ","newEvent: neACCEPTED_LEDGER; ledgerSeq: 18; ledgerHash: ""\025{\341\203\016\355Wm\222\t\022+\207\321\343}^\317s\206\320\316\221\322\t\214\257\211\366S\177\277""; ledgerHashPrevious: ""\336\037\263=\026\236A\324J9\261\341@\353\236\027\243\365\225\347\2315\205\014\356\333\201\232V!\026\010""; networkTime: 803902518; firstSeq: 1; lastSeq: 17; "
1750587318774,1750587318774,0,1,4,3,TMStatusChange,"newEvent: neACCEPTED_LEDGER; ledgerSeq: 18; ledgerHash: ""\025{\341\203\016\355Wm\222\t\022+\207\321\343}^\317s\206\320\316\221\322\t\214\257\211\366S\177\277""; ledgerHashPrevious: ""\336\037\263=\026\236A\324J9\261\341@\353\236\027\243\365\225\347\2315\205\014\356\333\201\232V!\026\010""; networkTime: 803902518; firstSeq: 1; lastSeq: 17; ","newEvent: neACCEPTED_LEDGER; ledgerSeq: 18; ledgerHash: ""\025{\341\203\016\355Wm\222\t\022+\207\321\343}^\317s\206\320\316\221\322\t\214\257\211\366S\177\277""; ledgerHashPrevious: ""\336\037\263=\026\236A\324J9\261\341@\353\236\027\243\365\225\347\2315\205\014\356\333\201\232V!\026\010""; networkTime: 803902518; firstSeq: 1; lastSeq: 17; "
1750587318814,1750587318814,0,1,4,2,TMValidation,"validation: """"\200\000\000\001&\000\000\000\022)/\352\2246:v|\203\267)\257\206\032Q\025{\341\203\016\355Wm\222\t\022+\207\321\343}^\317s\206\320\316\221\322\t\214\257\211\366S\177\277P\027\000\000\000\000\000\000\000\000\000\000\000\000\000\000\000\000\000\000\000\000\000\000\000\000\000\000\000\000\000\000\000\000P\031\336\037\263=\026\236A\324J9\261\341@\353\236\027\243\365\225\347\2315\205\014\356\333\201\232V!\026\010s!\003.\200\224\215?)t\306\315\242\313\251\255\302\204=\232.\271%}\013\024s\024\002@\216l""\241FvG0E\002!\000\2547\307;@a""Idv\002\272\230\rg\006\266\213R\253>\355u\335)p\345\n\030""\346t\002 :\333J\202E\037\025K f\222\332s{tg\327II\034\233`\332\201;\222\333[\244q\313\217""; ","validation: """"\200\000\000\001&\000\000\000\022)/\352\2246:v|\203\267)\257\206\032Q\025{\341\203\016\355Wm\222\t\022+\207\321\343}^\317s\206\320\316\221\322\t\214\257\211\366S\177\277P\027\000\000\000\000\000\000\000\000\000\000\000\000\000\000\000\000\000\000\000\000\000\000\000\000\000\000\000\000\000\000\000\000P\031\336\037\263=\026\236A\324J9\261\341@\353\236\027\243\365\225\347\2315\205\014\356\333\201\232V!\026\010s!\003.\200\224\215?)t\306\315\242\313\251\255\302\204=\232.\271%}\013\024s\024\002@\216l""\241FvG0E\002!\000\2547\307;@a""Idv\002\272\230\rg\006\266\213R\253>\355u\335)p\345\n\030""\346t\002 :\333J\202E\037\025K f\222\332s{tg\327II\034\233`\332\201;\222\333[\244q\313\217""; "
1750587318815,1750587318815,0,1,4,1,TMValidation,"validation: """"\200\000\000\001&\000\000\000\022)/\352\2246:v|\203\267)\257\206\032Q\025{\341\203\016\355Wm\222\t\022+\207\321\343}^\317s\206\320\316\221\322\t\214\257\211\366S\177\277P\027\000\000\000\000\000\000\000\000\000\000\000\000\000\000\000\000\000\000\000\000\000\000\000\000\000\000\000\000\000\000\000\000P\031\336\037\263=\026\236A\324J9\261\341@\353\236\027\243\365\225\347\2315\205\014\356\333\201\232V!\026\010s!\003.\200\224\215?)t\306\315\242\313\251\255\302\204=\232.\271%}\013\024s\024\002@\216l""\241FvG0E\002!\000\2547\307;@a""Idv\002\272\230\rg\006\266\213R\253>\355u\335)p\345\n\030""\346t\002 :\333J\202E\037\025K f\222\332s{tg\327II\034\233`\332\201;\222\333[\244q\313\217""; ","validation: """"\200\000\000\001&\000\000\000\022)/\352\2246:v|\203\267)\257\206\032Q\025{\341\203\016\355Wm\222\t\022+\207\321\343}^\317s\206\320\316\221\322\t\214\257\211\366S\177\277P\027\000\000\000\000\000\000\000\000\000\000\000\000\000\000\000\000\000\000\000\000\000\000\000\000\000\000\000\000\000\000\000\000P\031\336\037\263=\026\236A\324J9\261\341@\353\236\027\243\365\225\347\2315\205\014\356\333\201\232V!\026\010s!\003.\200\224\215?)t\306\315\242\313\251\255\302\204=\232.\271%}\013\024s\024\002@\216l""\241FvG0E\002!\000\2547\307;@a""Idv\002\272\230\rg\006\266\213R\253>\355u\335)p\345\n\030""\346t\002 :\333J\202E\037\025K f\222\332s{tg\327II\034\233`\332\201;\222\333[\244q\313\217""; "
1750587318814,1750587318814,0,1,4,0,TMValidation,"validation: """"\200\000\000\001&\000\000\000\022)/\352\2246:v|\203\267)\257\206\032Q\025{\341\203\016\355Wm\222\t\022+\207\321\343}^\317s\206\320\316\221\322\t\214\257\211\366S\177\277P\027\000\000\000\000\000\000\000\000\000\000\000\000\000\000\000\000\000\000\000\000\000\000\000\000\000\000\000\000\000\000\000\000P\031\336\037\263=\026\236A\324J9\261\341@\353\236\027\243\365\225\347\2315\205\014\356\333\201\232V!\026\010s!\003.\200\224\215?)t\306\315\242\313\251\255\302\204=\232.\271%}\013\024s\024\002@\216l""\241FvG0E\002!\000\2547\307;@a""Idv\002\272\230\rg\006\266\213R\253>\355u\335)p\345\n\030""\346t\002 :\333J\202E\037\025K f\222\332s{tg\327II\034\233`\332\201;\222\333[\244q\313\217""; ","validation: """"\200\000\000\001&\000\000\000\022)/\352\2246:v|\203\267)\257\206\032Q\025{\341\203\016\355Wm\222\t\022+\207\321\343}^\317s\206\320\316\221\322\t\214\257\211\366S\177\277P\027\000\000\000\000\000\000\000\000\000\000\000\000\000\000\000\000\000\000\000\000\000\000\000\000\000\000\000\000\000\000\000\000P\031\336\037\263=\026\236A\324J9\261\341@\353\236\027\243\365\225\347\2315\205\014\356\333\201\232V!\026\010s!\003.\200\224\215?)t\306\315\242\313\251\255\302\204=\232.\271%}\013\024s\024\002@\216l""\241FvG0E\002!\000\2547\307;@a""Idv\002\272\230\rg\006\266\213R\253>\355u\335)p\345\n\030""\346t\002 :\333J\202E\037\025K f\222\332s{tg\327II\034\233`\332\201;\222\333[\244q\313\217""; "
1750587318816,1750587318816,0,1,4,3,TMValidation,"validation: """"\200\000\000\001&\000\000\000\022)/\352\2246:v|\203\267)\257\206\032Q\025{\341\203\016\355Wm\222\t\022+\207\321\343}^\317s\206\320\316\221\322\t\214\257\211\366S\177\277P\027\000\000\000\000\000\000\000\000\000\000\000\000\000\000\000\000\000\000\000\000\000\000\000\000\000\000\000\000\000\000\000\000P\031\336\037\263=\026\236A\324J9\261\341@\353\236\027\243\365\225\347\2315\205\014\356\333\201\232V!\026\010s!\003.\200\224\215?)t\306\315\242\313\251\255\302\204=\232.\271%}\013\024s\024\002@\216l""\241FvG0E\002!\000\2547\307;@a""Idv\002\272\230\rg\006\266\213R\253>\355u\335)p\345\n\030""\346t\002 :\333J\202E\037\025K f\222\332s{tg\327II\034\233`\332\201;\222\333[\244q\313\217""; ","validation: """"\200\000\000\001&\000\000\000\022)/\352\2246:v|\203\267)\257\206\032Q\025{\341\203\016\355Wm\222\t\022+\207\321\343}^\317s\206\320\316\221\322\t\214\257\211\366S\177\277P\027\000\000\000\000\000\000\000\000\000\000\000\000\000\000\000\000\000\000\000\000\000\000\000\000\000\000\000\000\000\000\000\000P\031\336\037\263=\026\236A\324J9\261\341@\353\236\027\243\365\225\347\2315\205\014\356\333\201\232V!\026\010s!\003.\200\224\215?)t\306\315\242\313\251\255\302\204=\232.\271%}\013\024s\024\002@\216l""\241FvG0E\002!\000\2547\307;@a""Idv\002\272\230\rg\006\266\213R\253>\355u\335)p\345\n\030""\346t\002 :\333J\202E\037\025K f\222\332s{tg\327II\034\233`\332\201;\222\333[\244q\313\217""; "
1750587318817,1750587318818,0,1,2,1,TMValidation,"validation: """"\200\000\000\001&\000\000\000\022)/\352\2246:v|\203\267)\257\206\032Q\025{\341\203\016\355Wm\222\t\022+\207\321\343}^\317s\206\320\316\221\322\t\214\257\211\366S\177\277P\027\000\000\000\000\000\000\000\000\000\000\000\000\000\000\000\000\000\000\000\000\000\000\000\000\000\000\000\000\000\000\000\000P\031\336\037\263=\026\236A\324J9\261\341@\353\236\027\243\365\225\347\2315\205\014\356\333\201\232V!\026\010s!\003.\200\224\215?)t\306\315\242\313\251\255\302\204=\232.\271%}\013\024s\024\002@\216l""\241FvG0E\002!\000\2547\307;@a""Idv\002\272\230\rg\006\266\213R\253>\355u\335)p\345\n\030""\346t\002 :\333J\202E\037\025K f\222\332s{tg\327II\034\233`\332\201;\222\333[\244q\313\217""; ","validation: """"\200\000\000\001&\000\000\000\022)/\352\2246:v|\203\267)\257\206\032Q\025{\341\203\016\355Wm\222\t\022+\207\321\343}^\317s\206\320\316\221\322\t\214\257\211\366S\177\277P\027\000\000\000\000\000\000\000\000\000\000\000\000\000\000\000\000\000\000\000\000\000\000\000\000\000\000\000\000\000\000\000\000P\031\336\037\263=\026\236A\324J9\261\341@\353\236\027\243\365\225\347\2315\205\014\356\333\201\232V!\026\010s!\003.\200\224\215?)t\306\315\242\313\251\255\302\204=\232.\271%}\013\024s\024\002@\216l""\241FvG0E\002!\000\2547\307;@a""Idv\002\272\230\rg\006\266\213R\253>\355u\335)p\345\n\030""\346t\002 :\333J\202E\037\025K f\222\332s{tg\327II\034\233`\332\201;\222\333[\244q\313\217""; "
1750587318818,1750587318818,0,1,2,0,TMValidation,"validation: """"\200\000\000\001&\000\000\000\022)/\352\2246:v|\203\267)\257\206\032Q\025{\341\203\016\355Wm\222\t\022+\207\321\343}^\317s\206\320\316\221\322\t\214\257\211\366S\177\277P\027\000\000\000\000\000\000\000\000\000\000\000\000\000\000\000\000\000\000\000\000\000\000\000\000\000\000\000\000\000\000\000\000P\031\336\037\263=\026\236A\324J9\261\341@\353\236\027\243\365\225\347\2315\205\014\356\333\201\232V!\026\010s!\003.\200\224\215?)t\306\315\242\313\251\255\302\204=\232.\271%}\013\024s\024\002@\216l""\241FvG0E\002!\000\2547\307;@a""Idv\002\272\230\rg\006\266\213R\253>\355u\335)p\345\n\030""\346t\002 :\333J\202E\037\025K f\222\332s{tg\327II\034\233`\332\201;\222\333[\244q\313\217""; ","validation: """"\200\000\000\001&\000\000\000\022)/\352\2246:v|\203\267)\257\206\032Q\025{\341\203\016\355Wm\222\t\022+\207\321\343}^\317s\206\320\316\221\322\t\214\257\211\366S\177\277P\027\000\000\000\000\000\000\000\000\000\000\000\000\000\000\000\000\000\000\000\000\000\000\000\000\000\000\000\000\000\000\000\000P\031\336\037\263=\026\236A\324J9\261\341@\353\236\027\243\365\225\347\2315\205\014\356\333\201\232V!\026\010s!\003.\200\224\215?)t\306\315\242\313\251\255\302\204=\232.\271%}\013\024s\024\002@\216l""\241FvG0E\002!\000\2547\307;@a""Idv\002\272\230\rg\006\266\213R\253>\355u\335)p\345\n\030""\346t\002 :\333J\202E\037\025K f\222\332s{tg\327II\034\233`\332\201;\222\333[\244q\313\217""; "
1750587318819,1750587318819,0,1,2,3,TMValidation,"validation: """"\200\000\000\001&\000\000\000\022)/\352\2246:v|\203\267)\257\206\032Q\025{\341\203\016\355Wm\222\t\022+\207\321\343}^\317s\206\320\316\221\322\t\214\257\211\366S\177\277P\027\000\000\000\000\000\000\000\000\000\000\000\000\000\000\000\000\000\000\000\000\000\000\000\000\000\000\000\000\000\000\000\000P\031\336\037\263=\026\236A\324J9\261\341@\353\236\027\243\365\225\347\2315\205\014\356\333\201\232V!\026\010s!\003.\200\224\215?)t\306\315\242\313\251\255\302\204=\232.\271%}\013\024s\024\002@\216l""\241FvG0E\002!\000\2547\307;@a""Idv\002\272\230\rg\006\266\213R\253>\355u\335)p\345\n\030""\346t\002 :\333J\202E\037\025K f\222\332s{tg\327II\034\233`\332\201;\222\333[\244q\313\217""; ","validation: """"\200\000\000\001&\000\000\000\022)/\352\2246:v|\203\267)\257\206\032Q\025{\341\203\016\355Wm\222\t\022+\207\321\343}^\317s\206\320\316\221\322\t\214\257\211\366S\177\277P\027\000\000\000\000\000\000\000\000\000\000\000\000\000\000\000\000\000\000\000\000\000\000\000\000\000\000\000\000\000\000\000\000P\031\336\037\263=\026\236A\324J9\261\341@\353\236\027\243\365\225\347\2315\205\014\356\333\201\232V!\026\010s!\003.\200\224\215?)t\306\315\242\313\251\255\302\204=\232.\271%}\013\024s\024\002@\216l""\241FvG0E\002!\000\2547\307;@a""Idv\002\272\230\rg\006\266\213R\253>\355u\335)p\345\n\030""\346t\002 :\333J\202E\037\025K f\222\332s{tg\327II\034\233`\332\201;\222\333[\244q\313\217""; "
1750587318819,1750587318819,0,1,1,3,TMValidation,"validation: """"\200\000\000\001&\000\000\000\022)/\352\2246:v|\203\267)\257\206\032Q\025{\341\203\016\355Wm\222\t\022+\207\321\343}^\317s\206\320\316\221\322\t\214\257\211\366S\177\277P\027\000\000\000\000\000\000\000\000\000\000\000\000\000\000\000\000\000\000\000\000\000\000\000\000\000\000\000\000\000\000\000\000P\031\336\037\263=\026\236A\324J9\261\341@\353\236\027\243\365\225\347\2315\205\014\356\333\201\232V!\026\010s!\003.\200\224\215?)t\306\315\242\313\251\255\302\204=\232.\271%}\013\024s\024\002@\216l""\241FvG0E\002!\000\2547\307;@a""Idv\002\272\230\rg\006\266\213R\253>\355u\335)p\345\n\030""\346t\002 :\333J\202E\037\025K f\222\332s{tg\327II\034\233`\332\201;\222\333[\244q\313\217""; ","validation: """"\200\000\000\001&\000\000\000\022)/\352\2246:v|\203\267)\257\206\032Q\025{\341\203\016\355Wm\222\t\022+\207\321\343}^\317s\206\320\316\221\322\t\214\257\211\366S\177\277P\027\000\000\000\000\000\000\000\000\000\000\000\000\000\000\000\000\000\000\000\000\000\000\000\000\000\000\000\000\000\000\000\000P\031\336\037\263=\026\236A\324J9\261\341@\353\236\027\243\365\225\347\2315\205\014\356\333\201\232V!\026\010s!\003.\200\224\215?)t\306\315\242\313\251\255\302\204=\232.\271%}\013\024s\024\002@\216l""\241FvG0E\002!\000\2547\307;@a""Idv\002\272\230\rg\006\266\213R\253>\355u\335)p\345\n\030""\346t\002 :\333J\202E\037\025K f\222\332s{tg\327II\034\233`\332\201;\222\333[\244q\313\217""; "
1750587318820,1750587318820,0,1,1,0,TMValidation,"validation: """"\200\000\000\001&\000\000\000\022)/\352\2246:v|\203\267)\257\206\032Q\025{\341\203\016\355Wm\222\t\022+\207\321\343}^\317s\206\320\316\221\322\t\214\257\211\366S\177\277P\027\000\000\000\000\000\000\000\000\000\000\000\000\000\000\000\000\000\000\000\000\000\000\000\000\000\000\000\000\000\000\000\000P\031\336\037\263=\026\236A\324J9\261\341@\353\236\027\243\365\225\347\2315\205\014\356\333\201\232V!\026\010s!\003.\200\224\215?)t\306\315\242\313\251\255\302\204=\232.\271%}\013\024s\024\002@\216l""\241FvG0E\002!\000\2547\307;@a""Idv\002\272\230\rg\006\266\213R\253>\355u\335)p\345\n\030""\346t\002 :\333J\202E\037\025K f\222\332s{tg\327II\034\233`\332\201;\222\333[\244q\313\217""; ","validation: """"\200\000\000\001&\000\000\000\022)/\352\2246:v|\203\267)\257\206\032Q\025{\341\203\016\355Wm\222\t\022+\207\321\343}^\317s\206\320\316\221\322\t\214\257\211\366S\177\277P\027\000\000\000\000\000\000\000\000\000\000\000\000\000\000\000\000\000\000\000\000\000\000\000\000\000\000\000\000\000\000\000\000P\031\336\037\263=\026\236A\324J9\261\341@\353\236\027\243\365\225\347\2315\205\014\356\333\201\232V!\026\010s!\003.\200\224\215?)t\306\315\242\313\251\255\302\204=\232.\271%}\013\024s\024\002@\216l""\241FvG0E\002!\000\2547\307;@a""Idv\002\272\230\rg\006\266\213R\253>\355u\335)p\345\n\030""\346t\002 :\333J\202E\037\025K f\222\332s{tg\327II\034\233`\332\201;\222\333[\244q\313\217""; "
1750587318821,1750587318821,0,1,1,2,TMValidation,"validation: """"\200\000\000\001&\000\000\000\022)/\352\2246:v|\203\267)\257\206\032Q\025{\341\203\016\355Wm\222\t\022+\207\321\343}^\317s\206\320\316\221\322\t\214\257\211\366S\177\277P\027\000\000\000\000\000\000\000\000\000\000\000\000\000\000\000\000\000\000\000\000\000\000\000\000\000\000\000\000\000\000\000\000P\031\336\037\263=\026\236A\324J9\261\341@\353\236\027\243\365\225\347\2315\205\014\356\333\201\232V!\026\010s!\003.\200\224\215?)t\306\315\242\313\251\255\302\204=\232.\271%}\013\024s\024\002@\216l""\241FvG0E\002!\000\2547\307;@a""Idv\002\272\230\rg\006\266\213R\253>\355u\335)p\345\n\030""\346t\002 :\333J\202E\037\025K f\222\332s{tg\327II\034\233`\332\201;\222\333[\244q\313\217""; ","validation: """"\200\000\000\001&\000\000\000\022)/\352\2246:v|\203\267)\257\206\032Q\025{\341\203\016\355Wm\222\t\022+\207\321\343}^\317s\206\320\316\221\322\t\214\257\211\366S\177\277P\027\000\000\000\000\000\000\000\000\000\000\000\000\000\000\000\000\000\000\000\000\000\000\000\000\000\000\000\000\000\000\000\000P\031\336\037\263=\026\236A\324J9\261\341@\353\236\027\243\365\225\347\2315\205\014\356\333\201\232V!\026\010s!\003.\200\224\215?)t\306\315\242\313\251\255\302\204=\232.\271%}\013\024s\024\002@\216l""\241FvG0E\002!\000\2547\307;@a""Idv\002\272\230\rg\006\266\213R\253>\355u\335)p\345\n\030""\346t\002 :\333J\202E\037\025K f\222\332s{tg\327II\034\233`\332\201;\222\333[\244q\313\217""; "
1750587318821,1750587318822,0,1,0,3,TMValidation,"validation: """"\200\000\000\001&\000\000\000\022)/\352\2246:v|\203\267)\257\206\032Q\025{\341\203\016\355Wm\222\t\022+\207\321\343}^\317s\206\320\316\221\322\t\214\257\211\366S\177\277P\027\000\000\000\000\000\000\000\000\000\000\000\000\000\000\000\000\000\000\000\000\000\000\000\000\000\000\000\000\000\000\000\000P\031\336\037\263=\026\236A\324J9\261\341@\353\236\027\243\365\225\347\2315\205\014\356\333\201\232V!\026\010s!\003.\200\224\215?)t\306\315\242\313\251\255\302\204=\232.\271%}\013\024s\024\002@\216l""\241FvG0E\002!\000\2547\307;@a""Idv\002\272\230\rg\006\266\213R\253>\355u\335)p\345\n\030""\346t\002 :\333J\202E\037\025K f\222\332s{tg\327II\034\233`\332\201;\222\333[\244q\313\217""; ","validation: """"\200\000\000\001&\000\000\000\022)/\352\2246:v|\203\267)\257\206\032Q\025{\341\203\016\355Wm\222\t\022+\207\321\343}^\317s\206\320\316\221\322\t\214\257\211\366S\177\277P\027\000\000\000\000\000\000\000\000\000\000\000\000\000\000\000\000\000\000\000\000\000\000\000\000\000\000\000\000\000\000\000\000P\031\336\037\263=\026\236A\324J9\261\341@\353\236\027\243\365\225\347\2315\205\014\356\333\201\232V!\026\010s!\003.\200\224\215?)t\306\315\242\313\251\255\302\204=\232.\271%}\013\024s\024\002@\216l""\241FvG0E\002!\000\2547\307;@a""Idv\002\272\230\rg\006\266\213R\253>\355u\335)p\345\n\030""\346t\002 :\333J\202E\037\025K f\222\332s{tg\327II\034\233`\332\201;\222\333[\244q\313\217""; "
1750587318822,1750587318822,0,1,0,2,TMValidation,"validation: """"\200\000\000\001&\000\000\000\022)/\352\2246:v|\203\267)\257\206\032Q\025{\341\203\016\355Wm\222\t\022+\207\321\343}^\317s\206\320\316\221\322\t\214\257\211\366S\177\277P\027\000\000\000\000\000\000\000\000\000\000\000\000\000\000\000\000\000\000\000\000\000\000\000\000\000\000\000\000\000\000\000\000P\031\336\037\263=\026\236A\324J9\261\341@\353\236\027\243\365\225\347\2315\205\014\356\333\201\232V!\026\010s!\003.\200\224\215?)t\306\315\242\313\251\255\302\204=\232.\271%}\013\024s\024\002@\216l""\241FvG0E\002!\000\2547\307;@a""Idv\002\272\230\rg\006\266\213R\253>\355u\335)p\345\n\030""\346t\002 :\333J\202E\037\025K f\222\332s{tg\327II\034\233`\332\201;\222\333[\244q\313\217""; ","validation: """"\200\000\000\001&\000\000\000\022)/\352\2246:v|\203\267)\257\206\032Q\025{\341\203\016\355Wm\222\t\022+\207\321\343}^\317s\206\320\316\221\322\t\214\257\211\366S\177\277P\027\000\000\000\000\000\000\000\000\000\000\000\000\000\000\000\000\000\000\000\000\000\000\000\000\000\000\000\000\000\000\000\000P\031\336\037\263=\026\236A\324J9\261\341@\353\236\027\243\365\225\347\2315\205\014\356\333\201\232V!\026\010s!\003.\200\224\215?)t\306\315\242\313\251\255\302\204=\232.\271%}\013\024s\024\002@\216l""\241FvG0E\002!\000\2547\307;@a""Idv\002\272\230\rg\006\266\213R\253>\355u\335)p\345\n\030""\346t\002 :\333J\202E\037\025K f\222\332s{tg\327II\034\233`\332\201;\222\333[\244q\313\217""; "
1750587318823,1750587318823,0,1,0,1,TMValidation,"validation: """"\200\000\000\001&\000\000\000\022)/\352\2246:v|\203\267)\257\206\032Q\025{\341\203\016\355Wm\222\t\022+\207\321\343}^\317s\206\320\316\221\322\t\214\257\211\366S\177\277P\027\000\000\000\000\000\000\000\000\000\000\000\000\000\000\000\000\000\000\000\000\000\000\000\000\000\000\000\000\000\000\000\000P\031\336\037\263=\026\236A\324J9\261\341@\353\236\027\243\365\225\347\2315\205\014\356\333\201\232V!\026\010s!\003.\200\224\215?)t\306\315\242\313\251\255\302\204=\232.\271%}\013\024s\024\002@\216l""\241FvG0E\002!\000\2547\307;@a""Idv\002\272\230\rg\006\266\213R\253>\355u\335)p\345\n\030""\346t\002 :\333J\202E\037\025K f\222\332s{tg\327II\034\233`\332\201;\222\333[\244q\313\217""; ","validation: """"\200\000\000\001&\000\000\000\022)/\352\2246:v|\203\267)\257\206\032Q\025{\341\203\016\355Wm\222\t\022+\207\321\343}^\317s\206\320\316\221\322\t\214\257\211\366S\177\277P\027\000\000\000\000\000\000\000\000\000\000\000\000\000\000\000\000\000\000\000\000\000\000\000\000\000\000\000\000\000\000\000\000P\031\336\037\263=\026\236A\324J9\261\341@\353\236\027\243\365\225\347\2315\205\014\356\333\201\232V!\026\010s!\003.\200\224\215?)t\306\315\242\313\251\255\302\204=\232.\271%}\013\024s\024\002@\216l""\241FvG0E\002!\000\2547\307;@a""Idv\002\272\230\rg\006\266\213R\253>\355u\335)p\345\n\030""\346t\002 :\333J\202E\037\025K f\222\332s{tg\327II\034\233`\332\201;\222\333[\244q\313\217""; "
1750587318823,1750587318823,0,1,3,2,TMValidation,"validation: """"\200\000\000\001&\000\000\000\022)/\352\2246:v|\203\267)\257\206\032Q\025{\341\203\016\355Wm\222\t\022+\207\321\343}^\317s\206\320\316\221\322\t\214\257\211\366S\177\277P\027\000\000\000\000\000\000\000\000\000\000\000\000\000\000\000\000\000\000\000\000\000\000\000\000\000\000\000\000\000\000\000\000P\031\336\037\263=\026\236A\324J9\261\341@\353\236\027\243\365\225\347\2315\205\014\356\333\201\232V!\026\010s!\003.\200\224\215?)t\306\315\242\313\251\255\302\204=\232.\271%}\013\024s\024\002@\216l""\241FvG0E\002!\000\2547\307;@a""Idv\002\272\230\rg\006\266\213R\253>\355u\335)p\345\n\030""\346t\002 :\333J\202E\037\025K f\222\332s{tg\327II\034\233`\332\201;\222\333[\244q\313\217""; ","validation: """"\200\000\000\001&\000\000\000\022)/\352\2246:v|\203\267)\257\206\032Q\025{\341\203\016\355Wm\222\t\022+\207\321\343}^\317s\206\320\316\221\322\t\214\257\211\366S\177\277P\027\000\000\000\000\000\000\000\000\000\000\000\000\000\000\000\000\000\000\000\000\000\000\000\000\000\000\000\000\000\000\000\000P\031\336\037\263=\026\236A\324J9\261\341@\353\236\027\243\365\225\347\2315\205\014\356\333\201\232V!\026\010s!\003.\200\224\215?)t\306\315\242\313\251\255\302\204=\232.\271%}\013\024s\024\002@\216l""\241FvG0E\002!\000\2547\307;@a""Idv\002\272\230\rg\006\266\213R\253>\355u\335)p\345\n\030""\346t\002 :\333J\202E\037\025K f\222\332s{tg\327II\034\233`\332\201;\222\333[\244q\313\217""; "
1750587318824,1750587318824,0,1,3,0,TMValidation,"validation: """"\200\000\000\001&\000\000\000\022)/\352\2246:v|\203\267)\257\206\032Q\025{\341\203\016\355Wm\222\t\022+\207\321\343}^\317s\206\320\316\221\322\t\214\257\211\366S\177\277P\027\000\000\000\000\000\000\000\000\000\000\000\000\000\000\000\000\000\000\000\000\000\000\000\000\000\000\000\000\000\000\000\000P\031\336\037\263=\026\236A\324J9\261\341@\353\236\027\243\365\225\347\2315\205\014\356\333\201\232V!\026\010s!\003.\200\224\215?)t\306\315\242\313\251\255\302\204=\232.\271%}\013\024s\024\002@\216l""\241FvG0E\002!\000\2547\307;@a""Idv\002\272\230\rg\006\266\213R\253>\355u\335)p\345\n\030""\346t\002 :\333J\202E\037\025K f\222\332s{tg\327II\034\233`\332\201;\222\333[\244q\313\217""; ","validation: """"\200\000\000\001&\000\000\000\022)/\352\2246:v|\203\267)\257\206\032Q\025{\341\203\016\355Wm\222\t\022+\207\321\343}^\317s\206\320\316\221\322\t\214\257\211\366S\177\277P\027\000\000\000\000\000\000\000\000\000\000\000\000\000\000\000\000\000\000\000\000\000\000\000\000\000\000\000\000\000\000\000\000P\031\336\037\263=\026\236A\324J9\261\341@\353\236\027\243\365\225\347\2315\205\014\356\333\201\232V!\026\010s!\003.\200\224\215?)t\306\315\242\313\251\255\302\204=\232.\271%}\013\024s\024\002@\216l""\241FvG0E\002!\000\2547\307;@a""Idv\002\272\230\rg\006\266\213R\253>\355u\335)p\345\n\030""\346t\002 :\333J\202E\037\025K f\222\332s{tg\327II\034\233`\332\201;\222\333[\244q\313\217""; "
1750587318824,1750587318824,0,1,3,1,TMValidation,"validation: """"\200\000\000\001&\000\000\000\022)/\352\2246:v|\203\267)\257\206\032Q\025{\341\203\016\355Wm\222\t\022+\207\321\343}^\317s\206\320\316\221\322\t\214\257\211\366S\177\277P\027\000\000\000\000\000\000\000\000\000\000\000\000\000\000\000\000\000\000\000\000\000\000\000\000\000\000\000\000\000\000\000\000P\031\336\037\263=\026\236A\324J9\261\341@\353\236\027\243\365\225\347\2315\205\014\356\333\201\232V!\026\010s!\003.\200\224\215?)t\306\315\242\313\251\255\302\204=\232.\271%}\013\024s\024\002@\216l""\241FvG0E\002!\000\2547\307;@a""Idv\002\272\230\rg\006\266\213R\253>\355u\335)p\345\n\030""\346t\002 :\333J\202E\037\025K f\222\332s{tg\327II\034\233`\332\201;\222\333[\244q\313\217""; ","validation: """"\200\000\000\001&\000\000\000\022)/\352\2246:v|\203\267)\257\206\032Q\025{\341\203\016\355Wm\222\t\022+\207\321\343}^\317s\206\320\316\221\322\t\214\257\211\366S\177\277P\027\000\000\000\000\000\000\000\000\000\000\000\000\000\000\000\000\000\000\000\000\000\000\000\000\000\000\000\000\000\000\000\000P\031\336\037\263=\026\236A\324J9\261\341@\353\236\027\243\365\225\347\2315\205\014\356\333\201\232V!\026\010s!\003.\200\224\215?)t\306\315\242\313\251\255\302\204=\232.\271%}\013\024s\024\002@\216l""\241FvG0E\002!\000\2547\307;@a""Idv\002\272\230\rg\006\266\213R\253>\355u\335)p\345\n\030""\346t\002 :\333J\202E\037\025K f\222\332s{tg\327II\034\233`\332\201;\222\333[\244q\313\217""; "
1750587318889,1750587318889,0,1,3,4,TMProposeSet,"proposeSeq: 0; currentTxHash: ""\000\000\000\000\000\000\000\000\000\000\000\000\000\000\000\000\000\000\000\000\000\000\000\000\000\000\000\000\000\000\000\000""; nodePubKey: ""\003\325Q\255\224\274R@\312\253\262\347\352\034\346\347\242\215,\312\376=\277\353{\350\225\301\305`^, ""; closeTime: 803902518; signature: ""0D\002 S\267:\027q2\356\373\251}}\212i\031\332\250A\240\374\255\004\272z7d\374\223\265\201\r\031\337\002 O\376\326\010pL\006(\362\307\317\273\335\204\301{\307s\001\033\177\275\370b\352m}$I^i*""; previousledger: ""\025{\341\203\016\355Wm\222\t\022+\207\321\343}^\317s\206\320\316\221\322\t\214\257\211\366S\177\277""; ","proposeSeq: 0; currentTxHash: ""\000\000\000\000\000\000\000\000\000\000\000\000\000\000\000\000\000\000\000\000\000\000\000\000\000\000\000\000\000\000\000\000""; nodePubKey: ""\003\325Q\255\224\274R@\312\253\262\347\352\034\346\347\242\215,\312\376=\277\353{\350\225\301\305`^, ""; closeTime: 803902518; signature: ""0D\002 S\267:\027q2\356\373\251}}\212i\031\332\250A\240\374\255\004\272z7d\374\223\265\201\r\031\337\002 O\376\326\010pL\006(\362\307\317\273\335\204\301{\307s\001\033\177\275\370b\352m}$I^i*""; previousledger: ""\025{\341\203\016\355Wm\222\t\022+\207\321\343}^\317s\206\320\316\221\322\t\214\257\211\366S\177\277""; "
1750587318891,1750587318891,0,1,4,1,TMProposeSet,"proposeSeq: 0; currentTxHash: ""\000\000\000\000\000\000\000\000\000\000\000\000\000\000\000\000\000\000\000\000\000\000\000\000\000\000\000\000\000\000\000\000""; nodePubKey: ""\003\325Q\255\224\274R@\312\253\262\347\352\034\346\347\242\215,\312\376=\277\353{\350\225\301\305`^, ""; closeTime: 803902518; signature: ""0D\002 S\267:\027q2\356\373\251}}\212i\031\332\250A\240\374\255\004\272z7d\374\223\265\201\r\031\337\002 O\376\326\010pL\006(\362\307\317\273\335\204\301{\307s\001\033\177\275\370b\352m}$I^i*""; previousledger: ""\025{\341\203\016\355Wm\222\t\022+\207\321\343}^\317s\206\320\316\221\322\t\214\257\211\366S\177\277""; ","proposeSeq: 0; currentTxHash: ""\000\000\000\000\000\000\000\000\000\000\000\000\000\000\000\000\000\000\000\000\000\000\000\000\000\000\000\000\000\000\000\000""; nodePubKey: ""\003\325Q\255\224\274R@\312\253\262\347\352\034\346\347\242\215,\312\376=\277\353{\350\225\301\305`^, ""; closeTime: 803902518; signature: ""0D\002 S\267:\027q2\356\373\251}}\212i\031\332\250A\240\374\255\004\272z7d\374\223\265\201\r\031\337\002 O\376\326\010pL\006(\362\307\317\273\335\204\301{\307s\001\033\177\275\370b\352m}$I^i*""; previousledger: ""\025{\341\203\016\355Wm\222\t\022+\207\321\343}^\317s\206\320\316\221\322\t\214\257\211\366S\177\277""; "
1750587318892,1750587318892,0,1,4,0,TMProposeSet,"proposeSeq: 0; currentTxHash: ""\000\000\000\000\000\000\000\000\000\000\000\000\000\000\000\000\000\000\000\000\000\000\000\000\000\000\000\000\000\000\000\000""; nodePubKey: ""\003\325Q\255\224\274R@\312\253\262\347\352\034\346\347\242\215,\312\376=\277\353{\350\225\301\305`^, ""; closeTime: 803902518; signature: ""0D\002 S\267:\027q2\356\373\251}}\212i\031\332\250A\240\374\255\004\272z7d\374\223\265\201\r\031\337\002 O\376\326\010pL\006(\362\307\317\273\335\204\301{\307s\001\033\177\275\370b\352m}$I^i*""; previousledger: ""\025{\341\203\016\355Wm\222\t\022+\207\321\343}^\317s\206\320\316\221\322\t\214\257\211\366S\177\277""; ","proposeSeq: 0; currentTxHash: ""\000\000\000\000\000\000\000\000\000\000\000\000\000\000\000\000\000\000\000\000\000\000\000\000\000\000\000\000\000\000\000\000""; nodePubKey: ""\003\325Q\255\224\274R@\312\253\262\347\352\034\346\347\242\215,\312\376=\277\353{\350\225\301\305`^, ""; closeTime: 803902518; signature: ""0D\002 S\267:\027q2\356\373\251}}\212i\031\332\250A\240\374\255\004\272z7d\374\223\265\201\r\031\337\002 O\376\326\010pL\006(\362\307\317\273\335\204\301{\307s\001\033\177\275\370b\352m}$I^i*""; previousledger: ""\025{\341\203\016\355Wm\222\t\022+\207\321\343}^\317s\206\320\316\221\322\t\214\257\211\366S\177\277""; "
1750587318892,1750587318892,0,1,4,2,TMProposeSet,"proposeSeq: 0; currentTxHash: ""\000\000\000\000\000\000\000\000\000\000\000\000\000\000\000\000\000\000\000\000\000\000\000\000\000\000\000\000\000\000\000\000""; nodePubKey: ""\003\325Q\255\224\274R@\312\253\262\347\352\034\346\347\242\215,\312\376=\277\353{\350\225\301\305`^, ""; closeTime: 803902518; signature: ""0D\002 S\267:\027q2\356\373\251}}\212i\031\332\250A\240\374\255\004\272z7d\374\223\265\201\r\031\337\002 O\376\326\010pL\006(\362\307\317\273\335\204\301{\307s\001\033\177\275\370b\352m}$I^i*""; previousledger: ""\025{\341\203\016\355Wm\222\t\022+\207\321\343}^\317s\206\320\316\221\322\t\214\257\211\366S\177\277""; ","proposeSeq: 0; currentTxHash: ""\000\000\000\000\000\000\000\000\000\000\000\000\000\000\000\000\000\000\000\000\000\000\000\000\000\000\000\000\000\000\000\000""; nodePubKey: ""\003\325Q\255\224\274R@\312\253\262\347\352\034\346\347\242\215,\312\376=\277\353{\350\225\301\305`^, ""; closeTime: 803902518; signature: ""0D\002 S\267:\027q2\356\373\251}}\212i\031\332\250A\240\374\255\004\272z7d\374\223\265\201\r\031\337\002 O\376\326\010pL\006(\362\307\317\273\335\204\301{\307s\001\033\177\275\370b\352m}$I^i*""; previousledger: ""\025{\341\203\016\355Wm\222\t\022+\207\321\343}^\317s\206\320\316\221\322\t\214\257\211\366S\177\277""; "
1750587318894,1750587318894,0,1,1,3,TMProposeSet,"proposeSeq: 0; currentTxHash: ""\000\000\000\000\000\000\000\000\000\000\000\000\000\000\000\000\000\000\000\000\000\000\000\000\000\000\000\000\000\000\000\000""; nodePubKey: ""\003\325Q\255\224\274R@\312\253\262\347\352\034\346\347\242\215,\312\376=\277\353{\350\225\301\305`^, ""; closeTime: 803902518; signature: ""0D\002 S\267:\027q2\356\373\251}}\212i\031\332\250A\240\374\255\004\272z7d\374\223\265\201\r\031\337\002 O\376\326\010pL\006(\362\307\317\273\335\204\301{\307s\001\033\177\275\370b\352m}$I^i*""; previousledger: ""\025{\341\203\016\355Wm\222\t\022+\207\321\343}^\317s\206\320\316\221\322\t\214\257\211\366S\177\277""; ","proposeSeq: 0; currentTxHash: ""\000\000\000\000\000\000\000\000\000\000\000\000\000\000\000\000\000\000\000\000\000\000\000\000\000\000\000\000\000\000\000\000""; nodePubKey: ""\003\325Q\255\224\274R@\312\253\262\347\352\034\346\347\242\215,\312\376=\277\353{\350\225\301\305`^, ""; closeTime: 803902518; signature: ""0D\002 S\267:\027q2\356\373\251}}\212i\031\332\250A\240\374\255\004\272z7d\374\223\265\201\r\031\337\002 O\376\326\010pL\006(\362\307\317\273\335\204\301{\307s\001\033\177\275\370b\352m}$I^i*""; previousledger: ""\025{\341\203\016\355Wm\222\t\022+\207\321\343}^\317s\206\320\316\221\322\t\214\257\211\366S\177\277""; "
1750587318894,1750587318894,0,1,1,0,TMProposeSet,"proposeSeq: 0; currentTxHash: ""\000\000\000\000\000\000\000\000\000\000\000\000\000\000\000\000\000\000\000\000\000\000\000\000\000\000\000\000\000\000\000\000""; nodePubKey: ""\003\325Q\255\224\274R@\312\253\262\347\352\034\346\347\242\215,\312\376=\277\353{\350\225\301\305`^, ""; closeTime: 803902518; signature: ""0D\002 S\267:\027q2\356\373\251}}\212i\031\332\250A\240\374\255\004\272z7d\374\223\265\201\r\031\337\002 O\376\326\010pL\006(\362\307\317\273\335\204\301{\307s\001\033\177\275\370b\352m}$I^i*""; previousledger: ""\025{\341\203\016\355Wm\222\t\022+\207\321\343}^\317s\206\320\316\221\322\t\214\257\211\366S\177\277""; ","proposeSeq: 0; currentTxHash: ""\000\000\000\000\000\000\000\000\000\000\000\000\000\000\000\000\000\000\000\000\000\000\000\000\000\000\000\000\000\000\000\000""; nodePubKey: ""\003\325Q\255\224\274R@\312\253\262\347\352\034\346\347\242\215,\312\376=\277\353{\350\225\301\305`^, ""; closeTime: 803902518; signature: ""0D\002 S\267:\027q2\356\373\251}}\212i\031\332\250A\240\374\255\004\272z7d\374\223\265\201\r\031\337\002 O\376\326\010pL\006(\362\307\317\273\335\204\301{\307s\001\033\177\275\370b\352m}$I^i*""; previousledger: ""\025{\341\203\016\355Wm\222\t\022+\207\321\343}^\317s\206\320\316\221\322\t\214\257\211\366S\177\277""; "
1750587318895,1750587318895,0,1,1,2,TMProposeSet,"proposeSeq: 0; currentTxHash: ""\000\000\000\000\000\000\000\000\000\000\000\000\000\000\000\000\000\000\000\000\000\000\000\000\000\000\000\000\000\000\000\000""; nodePubKey: ""\003\325Q\255\224\274R@\312\253\262\347\352\034\346\347\242\215,\312\376=\277\353{\350\225\301\305`^, ""; closeTime: 803902518; signature: ""0D\002 S\267:\027q2\356\373\251}}\212i\031\332\250A\240\374\255\004\272z7d\374\223\265\201\r\031\337\002 O\376\326\010pL\006(\362\307\317\273\335\204\301{\307s\001\033\177\275\370b\352m}$I^i*""; previousledger: ""\025{\341\203\016\355Wm\222\t\022+\207\321\343}^\317s\206\320\316\221\322\t\214\257\211\366S\177\277""; ","proposeSeq: 0; currentTxHash: ""\000\000\000\000\000\000\000\000\000\000\000\000\000\000\000\000\000\000\000\000\000\000\000\000\000\000\000\000\000\000\000\000""; nodePubKey: ""\003\325Q\255\224\274R@\312\253\262\347\352\034\346\347\242\215,\312\376=\277\353{\350\225\301\305`^, ""; closeTime: 803902518; signature: ""0D\002 S\267:\027q2\356\373\251}}\212i\031\332\250A\240\374\255\004\272z7d\374\223\265\201\r\031\337\002 O\376\326\010pL\006(\362\307\317\273\335\204\301{\307s\001\033\177\275\370b\352m}$I^i*""; previousledger: ""\025{\341\203\016\355Wm\222\t\022+\207\321\343}^\317s\206\320\316\221\322\t\214\257\211\366S\177\277""; "
1750587318895,1750587318895,0,1,0,2,TMProposeSet,"proposeSeq: 0; currentTxHash: ""\000\000\000\000\000\000\000\000\000\000\000\000\000\000\000\000\000\000\000\000\000\000\000\000\000\000\000\000\000\000\000\000""; nodePubKey: ""\003\325Q\255\224\274R@\312\253\262\347\352\034\346\347\242\215,\312\376=\277\353{\350\225\301\305`^, ""; closeTime: 803902518; signature: ""0D\002 S\267:\027q2\356\373\251}}\212i\031\332\250A\240\374\255\004\272z7d\374\223\265\201\r\031\337\002 O\376\326\010pL\006(\362\307\317\273\335\204\301{\307s\001\033\177\275\370b\352m}$I^i*""; previousledger: ""\025{\341\203\016\355Wm\222\t\022+\207\321\343}^\317s\206\320\316\221\322\t\214\257\211\366S\177\277""; ","proposeSeq: 0; currentTxHash: ""\000\000\000\000\000\000\000\000\000\000\000\000\000\000\000\000\000\000\000\000\000\000\000\000\000\000\000\000\000\000\000\000""; nodePubKey: ""\003\325Q\255\224\274R@\312\253\262\347\352\034\346\347\242\215,\312\376=\277\353{\350\225\301\305`^, ""; closeTime: 803902518; signature: ""0D\002 S\267:\027q2\356\373\251}}\212i\031\332\250A\240\374\255\004\272z7d\374\223\265\201\r\031\337\002 O\376\326\010pL\006(\362\307\317\273\335\204\301{\307s\001\033\177\275\370b\352m}$I^i*""; previousledger: ""\025{\341\203\016\355Wm\222\t\022+\207\321\343}^\317s\206\320\316\221\322\t\214\257\211\366S\177\277""; "
1750587318896,1750587318896,0,1,0,3,TMProposeSet,"proposeSeq: 0; currentTxHash: ""\000\000\000\000\000\000\000\000\000\000\000\000\000\000\000\000\000\000\000\000\000\000\000\000\000\000\000\000\000\000\000\000""; nodePubKey: ""\003\325Q\255\224\274R@\312\253\262\347\352\034\346\347\242\215,\312\376=\277\353{\350\225\301\305`^, ""; closeTime: 803902518; signature: ""0D\002 S\267:\027q2\356\373\251}}\212i\031\332\250A\240\374\255\004\272z7d\374\223\265\201\r\031\337\002 O\376\326\010pL\006(\362\307\317\273\335\204\301{\307s\001\033\177\275\370b\352m}$I^i*""; previousledger: ""\025{\341\203\016\355Wm\222\t\022+\207\321\343}^\317s\206\320\316\221\322\t\214\257\211\366S\177\277""; ","proposeSeq: 0; currentTxHash: ""\000\000\000\000\000\000\000\000\000\000\000\000\000\000\000\000\000\000\000\000\000\000\000\000\000\000\000\000\000\000\000\000""; nodePubKey: ""\003\325Q\255\224\274R@\312\253\262\347\352\034\346\347\242\215,\312\376=\277\353{\350\225\301\305`^, ""; closeTime: 803902518; signature: ""0D\002 S\267:\027q2\356\373\251}}\212i\031\332\250A\240\374\255\004\272z7d\374\223\265\201\r\031\337\002 O\376\326\010pL\006(\362\307\317\273\335\204\301{\307s\001\033\177\275\370b\352m}$I^i*""; previousledger: ""\025{\341\203\016\355Wm\222\t\022+\207\321\343}^\317s\206\320\316\221\322\t\214\257\211\366S\177\277""; "
1750587318896,1750587318896,0,1,0,1,TMProposeSet,"proposeSeq: 0; currentTxHash: ""\000\000\000\000\000\000\000\000\000\000\000\000\000\000\000\000\000\000\000\000\000\000\000\000\000\000\000\000\000\000\000\000""; nodePubKey: ""\003\325Q\255\224\274R@\312\253\262\347\352\034\346\347\242\215,\312\376=\277\353{\350\225\301\305`^, ""; closeTime: 803902518; signature: ""0D\002 S\267:\027q2\356\373\251}}\212i\031\332\250A\240\374\255\004\272z7d\374\223\265\201\r\031\337\002 O\376\326\010pL\006(\362\307\317\273\335\204\301{\307s\001\033\177\275\370b\352m}$I^i*""; previousledger: ""\025{\341\203\016\355Wm\222\t\022+\207\321\343}^\317s\206\320\316\221\322\t\214\257\211\366S\177\277""; ","proposeSeq: 0; currentTxHash: ""\000\000\000\000\000\000\000\000\000\000\000\000\000\000\000\000\000\000\000\000\000\000\000\000\000\000\000\000\000\000\000\000""; nodePubKey: ""\003\325Q\255\224\274R@\312\253\262\347\352\034\346\347\242\215,\312\376=\277\353{\350\225\301\305`^, ""; closeTime: 803902518; signature: ""0D\002 S\267:\027q2\356\373\251}}\212i\031\332\250A\240\374\255\004\272z7d\374\223\265\201\r\031\337\002 O\376\326\010pL\006(\362\307\317\273\335\204\301{\307s\001\033\177\275\370b\352m}$I^i*""; previousledger: ""\025{\341\203\016\355Wm\222\t\022+\207\321\343}^\317s\206\320\316\221\322\t\214\257\211\366S\177\277""; "
1750587318897,1750587318897,0,1,2,3,TMProposeSet,"proposeSeq: 0; currentTxHash: ""\000\000\000\000\000\000\000\000\000\000\000\000\000\000\000\000\000\000\000\000\000\000\000\000\000\000\000\000\000\000\000\000""; nodePubKey: ""\003\325Q\255\224\274R@\312\253\262\347\352\034\346\347\242\215,\312\376=\277\353{\350\225\301\305`^, ""; closeTime: 803902518; signature: ""0D\002 S\267:\027q2\356\373\251}}\212i\031\332\250A\240\374\255\004\272z7d\374\223\265\201\r\031\337\002 O\376\326\010pL\006(\362\307\317\273\335\204\301{\307s\001\033\177\275\370b\352m}$I^i*""; previousledger: ""\025{\341\203\016\355Wm\222\t\022+\207\321\343}^\317s\206\320\316\221\322\t\214\257\211\366S\177\277""; ","proposeSeq: 0; currentTxHash: ""\000\000\000\000\000\000\000\000\000\000\000\000\000\000\000\000\000\000\000\000\000\000\000\000\000\000\000\000\000\000\000\000""; nodePubKey: ""\003\325Q\255\224\274R@\312\253\262\347\352\034\346\347\242\215,\312\376=\277\353{\350\225\301\305`^, ""; closeTime: 803902518; signature: ""0D\002 S\267:\027q2\356\373\251}}\212i\031\332\250A\240\374\255\004\272z7d\374\223\265\201\r\031\337\002 O\376\326\010pL\006(\362\307\317\273\335\204\301{\307s\001\033\177\275\370b\352m}$I^i*""; previousledger: ""\025{\341\203\016\355Wm\222\t\022+\207\321\343}^\317s\206\320\316\221\322\t\214\257\211\366S\177\277""; "
1750587318897,1750587318898,0,1,2,0,TMProposeSet,"proposeSeq: 0; currentTxHash: ""\000\000\000\000\000\000\000\000\000\000\000\000\000\000\000\000\000\000\000\000\000\000\000\000\000\000\000\000\000\000\000\000""; nodePubKey: ""\003\325Q\255\224\274R@\312\253\262\347\352\034\346\347\242\215,\312\376=\277\353{\350\225\301\305`^, ""; closeTime: 803902518; signature: ""0D\002 S\267:\027q2\356\373\251}}\212i\031\332\250A\240\374\255\004\272z7d\374\223\265\201\r\031\337\002 O\376\326\010pL\006(\362\307\317\273\335\204\301{\307s\001\033\177\275\370b\352m}$I^i*""; previousledger: ""\025{\341\203\016\355Wm\222\t\022+\207\321\343}^\317s\206\320\316\221\322\t\214\257\211\366S\177\277""; ","proposeSeq: 0; currentTxHash: ""\000\000\000\000\000\000\000\000\000\000\000\000\000\000\000\000\000\000\000\000\000\000\000\000\000\000\000\000\000\000\000\000""; nodePubKey: ""\003\325Q\255\224\274R@\312\253\262\347\352\034\346\347\242\215,\312\376=\277\353{\350\225\301\305`^, ""; closeTime: 803902518; signature: ""0D\002 S\267:\027q2\356\373\251}}\212i\031\332\250A\240\374\255\004\272z7d\374\223\265\201\r\031\337\002 O\376\326\010pL\006(\362\307\317\273\335\204\301{\307s\001\033\177\275\370b\352m}$I^i*""; previousledger: ""\025{\341\203\016\355Wm\222\t\022+\207\321\343}^\317s\206\320\316\221\322\t\214\257\211\366S\177\277""; "
1750587318898,1750587318898,0,1,2,1,TMProposeSet,"proposeSeq: 0; currentTxHash: ""\000\000\000\000\000\000\000\000\000\000\000\000\000\000\000\000\000\000\000\000\000\000\000\000\000\000\000\000\000\000\000\000""; nodePubKey: ""\003\325Q\255\224\274R@\312\253\262\347\352\034\346\347\242\215,\312\376=\277\353{\350\225\301\305`^, ""; closeTime: 803902518; signature: ""0D\002 S\267:\027q2\356\373\251}}\212i\031\332\250A\240\374\255\004\272z7d\374\223\265\201\r\031\337\002 O\376\326\010pL\006(\362\307\317\273\335\204\301{\307s\001\033\177\275\370b\352m}$I^i*""; previousledger: ""\025{\341\203\016\355Wm\222\t\022+\207\321\343}^\317s\206\320\316\221\322\t\214\257\211\366S\177\277""; ","proposeSeq: 0; currentTxHash: ""\000\000\000\000\000\000\000\000\000\000\000\000\000\000\000\000\000\000\000\000\000\000\000\000\000\000\000\000\000\000\000\000""; nodePubKey: ""\003\325Q\255\224\274R@\312\253\262\347\352\034\346\347\242\215,\312\376=\277\353{\350\225\301\305`^, ""; closeTime: 803902518; signature: ""0D\002 S\267:\027q2\356\373\251}}\212i\031\332\250A\240\374\255\004\272z7d\374\223\265\201\r\031\337\002 O\376\326\010pL\006(\362\307\317\273\335\204\301{\307s\001\033\177\275\370b\352m}$I^i*""; previousledger: ""\025{\341\203\016\355Wm\222\t\022+\207\321\343}^\317s\206\320\316\221\322\t\214\257\211\366S\177\277""; "
1750587318898,1750587318899,0,1,3,1,TMProposeSet,"proposeSeq: 0; currentTxHash: ""\000\000\000\000\000\000\000\000\000\000\000\000\000\000\000\000\000\000\000\000\000\000\000\000\000\000\000\000\000\000\000\000""; nodePubKey: ""\003\325Q\255\224\274R@\312\253\262\347\352\034\346\347\242\215,\312\376=\277\353{\350\225\301\305`^, ""; closeTime: 803902518; signature: ""0D\002 S\267:\027q2\356\373\251}}\212i\031\332\250A\240\374\255\004\272z7d\374\223\265\201\r\031\337\002 O\376\326\010pL\006(\362\307\317\273\335\204\301{\307s\001\033\177\275\370b\352m}$I^i*""; previousledger: ""\025{\341\203\016\355Wm\222\t\022+\207\321\343}^\317s\206\320\316\221\322\t\214\257\211\366S\177\277""; ","proposeSeq: 0; currentTxHash: ""\000\000\000\000\000\000\000\000\000\000\000\000\000\000\000\000\000\000\000\000\000\000\000\000\000\000\000\000\000\000\000\000""; nodePubKey: ""\003\325Q\255\224\274R@\312\253\262\347\352\034\346\347\242\215,\312\376=\277\353{\350\225\301\305`^, ""; closeTime: 803902518; signature: ""0D\002 S\267:\027q2\356\373\251}}\212i\031\332\250A\240\374\255\004\272z7d\374\223\265\201\r\031\337\002 O\376\326\010pL\006(\362\307\317\273\335\204\301{\307s\001\033\177\275\370b\352m}$I^i*""; previousledger: ""\025{\341\203\016\355Wm\222\t\022+\207\321\343}^\317s\206\320\316\221\322\t\214\257\211\366S\177\277""; "
1750587318901,1750587318901,0,1,3,2,TMProposeSet,"proposeSeq: 0; currentTxHash: ""\000\000\000\000\000\000\000\000\000\000\000\000\000\000\000\000\000\000\000\000\000\000\000\000\000\000\000\000\000\000\000\000""; nodePubKey: ""\003\325Q\255\224\274R@\312\253\262\347\352\034\346\347\242\215,\312\376=\277\353{\350\225\301\305`^, ""; closeTime: 803902518; signature: ""0D\002 S\267:\027q2\356\373\251}}\212i\031\332\250A\240\374\255\004\272z7d\374\223\265\201\r\031\337\002 O\376\326\010pL\006(\362\307\317\273\335\204\301{\307s\001\033\177\275\370b\352m}$I^i*""; previousledger: ""\025{\341\203\016\355Wm\222\t\022+\207\321\343}^\317s\206\320\316\221\322\t\214\257\211\366S\177\277""; ","proposeSeq: 0; currentTxHash: ""\000\000\000\000\000\000\000\000\000\000\000\000\000\000\000\000\000\000\000\000\000\000\000\000\000\000\000\000\000\000\000\000""; nodePubKey: ""\003\325Q\255\224\274R@\312\253\262\347\352\034\346\347\242\215,\312\376=\277\353{\350\225\301\305`^, ""; closeTime: 803902518; signature: ""0D\002 S\267:\027q2\356\373\251}}\212i\031\332\250A\240\374\255\004\272z7d\374\223\265\201\r\031\337\002 O\376\326\010pL\006(\362\307\317\273\335\204\301{\307s\001\033\177\275\370b\352m}$I^i*""; previousledger: ""\025{\341\203\016\355Wm\222\t\022+\207\321\343}^\317s\206\320\316\221\322\t\214\257\211\366S\177\277""; "
1750587318900,1750587318900,0,1,3,0,TMProposeSet,"proposeSeq: 0; currentTxHash: ""\000\000\000\000\000\000\000\000\000\000\000\000\000\000\000\000\000\000\000\000\000\000\000\000\000\000\000\000\000\000\000\000""; nodePubKey: ""\003\325Q\255\224\274R@\312\253\262\347\352\034\346\347\242\215,\312\376=\277\353{\350\225\301\305`^, ""; closeTime: 803902518; signature: ""0D\002 S\267:\027q2\356\373\251}}\212i\031\332\250A\240\374\255\004\272z7d\374\223\265\201\r\031\337\002 O\376\326\010pL\006(\362\307\317\273\335\204\301{\307s\001\033\177\275\370b\352m}$I^i*""; previousledger: ""\025{\341\203\016\355Wm\222\t\022+\207\321\343}^\317s\206\320\316\221\322\t\214\257\211\366S\177\277""; ","proposeSeq: 0; currentTxHash: ""\000\000\000\000\000\000\000\000\000\000\000\000\000\000\000\000\000\000\000\000\000\000\000\000\000\000\000\000\000\000\000\000""; nodePubKey: ""\003\325Q\255\224\274R@\312\253\262\347\352\034\346\347\242\215,\312\376=\277\353{\350\225\301\305`^, ""; closeTime: 803902518; signature: ""0D\002 S\267:\027q2\356\373\251}}\212i\031\332\250A\240\374\255\004\272z7d\374\223\265\201\r\031\337\002 O\376\326\010pL\006(\362\307\317\273\335\204\301{\307s\001\033\177\275\370b\352m}$I^i*""; previousledger: ""\025{\341\203\016\355Wm\222\t\022+\207\321\343}^\317s\206\320\316\221\322\t\214\257\211\366S\177\277""; "
1750587318887,1750587318965,0,1,3,4,TMStatusChange,"newEvent: neCLOSING_LEDGER; ledgerSeq: 18; ledgerHash: ""\025{\341\203\016\355Wm\222\t\022+\207\321\343}^\317s\206\320\316\221\322\t\214\257\211\366S\177\277""; ledgerHashPrevious: ""\336\037\263=\026\236A\324J9\261\341@\353\236\027\243\365\225\347\2315\205\014\356\333\201\232V!\026\010""; networkTime: 803902518; firstSeq: 9; lastSeq: 18; ","newEvent: neCLOSING_LEDGER; ledgerSeq: 18; ledgerHash: ""\025{\341\203\016\355Wm\222\t\022+\207\321\343}^\317s\206\320\316\221\322\t\214\257\211\366S\177\277""; ledgerHashPrevious: ""\336\037\263=\026\236A\324J9\261\341@\353\236\027\243\365\225\347\2315\205\014\356\333\201\232V!\026\010""; networkTime: 803902518; firstSeq: 9; lastSeq: 18; "
1750587318890,1750587318965,0,1,3,0,TMStatusChange,"newEvent: neCLOSING_LEDGER; ledgerSeq: 18; ledgerHash: ""\025{\341\203\016\355Wm\222\t\022+\207\321\343}^\317s\206\320\316\221\322\t\214\257\211\366S\177\277""; ledgerHashPrevious: ""\336\037\263=\026\236A\324J9\261\341@\353\236\027\243\365\225\347\2315\205\014\356\333\201\232V!\026\010""; networkTime: 803902518; firstSeq: 9; lastSeq: 18; ","newEvent: neCLOSING_LEDGER; ledgerSeq: 18; ledgerHash: ""\025{\341\203\016\355Wm\222\t\022+\207\321\343}^\317s\206\320\316\221\322\t\214\257\211\366S\177\277""; ledgerHashPrevious: ""\336\037\263=\026\236A\324J9\261\341@\353\236\027\243\365\225\347\2315\205\014\356\333\201\232V!\026\010""; networkTime: 803902518; firstSeq: 9; lastSeq: 18; "
1750587318890,1750587318966,0,1,3,2,TMStatusChange,"newEvent: neCLOSING_LEDGER; ledgerSeq: 18; ledgerHash: ""\025{\341\203\016\355Wm\222\t\022+\207\321\343}^\317s\206\320\316\221\322\t\214\257\211\366S\177\277""; ledgerHashPrevious: ""\336\037\263=\026\236A\324J9\261\341@\353\236\027\243\365\225\347\2315\205\014\356\333\201\232V!\026\010""; networkTime: 803902518; firstSeq: 9; lastSeq: 18; ","newEvent: neCLOSING_LEDGER; ledgerSeq: 18; ledgerHash: ""\025{\341\203\016\355Wm\222\t\022+\207\321\343}^\317s\206\320\316\221\322\t\214\257\211\366S\177\277""; ledgerHashPrevious: ""\336\037\263=\026\236A\324J9\261\341@\353\236\027\243\365\225\347\2315\205\014\356\333\201\232V!\026\010""; networkTime: 803902518; firstSeq: 9; lastSeq: 18; "
1750587318890,1750587318966,0,1,3,1,TMStatusChange,"newEvent: neCLOSING_LEDGER; ledgerSeq: 18; ledgerHash: ""\025{\341\203\016\355Wm\222\t\022+\207\321\343}^\317s\206\320\316\221\322\t\214\257\211\366S\177\277""; ledgerHashPrevious: ""\336\037\263=\026\236A\324J9\261\341@\353\236\027\243\365\225\347\2315\205\014\356\333\201\232V!\026\010""; networkTime: 803902518; firstSeq: 9; lastSeq: 18; ","newEvent: neCLOSING_LEDGER; ledgerSeq: 18; ledgerHash: ""\025{\341\203\016\355Wm\222\t\022+\207\321\343}^\317s\206\320\316\221\322\t\214\257\211\366S\177\277""; ledgerHashPrevious: ""\336\037\263=\026\236A\324J9\261\341@\353\236\027\243\365\225\347\2315\205\014\356\333\201\232V!\026\010""; networkTime: 803902518; firstSeq: 9; lastSeq: 18; "
1750587319023,1750587319024,0,1,0,4,TMProposeSet,"proposeSeq: 0; currentTxHash: ""\000\000\000\000\000\000\000\000\000\000\000\000\000\000\000\000\000\000\000\000\000\000\000\000\000\000\000\000\000\000\000\000""; nodePubKey: ""\002\347\243J\206W\025ML\260\226\0163\217\250\337\325W\253\356*O\245Z\271\234\207C\274\375`\335\311""; closeTime: 803902519; signature: ""0E\002!\000\364\263V\027q\202.\354\212\343_h2\237\265\377\003\274\032\217\027%\221\330Z\265\374\016?j\342z\002 S\347\213D\315LD\374\000\263\274\356R\322\2065E4\350\371#\003\313\275\334N\336\005B\360\342\263""; previousledger: ""\025{\341\203\016\355Wm\222\t\022+\207\321\343}^\317s\206\320\316\221\322\t\214\257\211\366S\177\277""; ","proposeSeq: 0; currentTxHash: ""\000\000\000\000\000\000\000\000\000\000\000\000\000\000\000\000\000\000\000\000\000\000\000\000\000\000\000\000\000\000\000\000""; nodePubKey: ""\002\347\243J\206W\025ML\260\226\0163\217\250\337\325W\253\356*O\245Z\271\234\207C\274\375`\335\311""; closeTime: 803902519; signature: ""0E\002!\000\364\263V\027q\202.\354\212\343_h2\237\265\377\003\274\032\217\027%\221\330Z\265\374\016?j\342z\002 S\347\213D\315LD\374\000\263\274\356R\322\2065E4\350\371#\003\313\275\334N\336\005B\360\342\263""; previousledger: ""\025{\341\203\016\355Wm\222\t\022+\207\321\343}^\317s\206\320\316\221\322\t\214\257\211\366S\177\277""; "
1750587319026,1750587319026,0,1,4,3,TMProposeSet,"proposeSeq: 0; currentTxHash: ""\000\000\000\000\000\000\000\000\000\000\000\000\000\000\000\000\000\000\000\000\000\000\000\000\000\000\000\000\000\000\000\000""; nodePubKey: ""\002\347\243J\206W\025ML\260\226\0163\217\250\337\325W\253\356*O\245Z\271\234\207C\274\375`\335\311""; closeTime: 803902519; signature: ""0E\002!\000\364\263V\027q\202.\354\212\343_h2\237\265\377\003\274\032\217\027%\221\330Z\265\374\016?j\342z\002 S\347\213D\315LD\374\000\263\274\356R\322\2065E4\350\371#\003\313\275\334N\336\005B\360\342\263""; previousledger: ""\025{\341\203\016\355Wm\222\t\022+\207\321\343}^\317s\206\320\316\221\322\t\214\257\211\366S\177\277""; ","proposeSeq: 0; currentTxHash: ""\000\000\000\000\000\000\000\000\000\000\000\000\000\000\000\000\000\000\000\000\000\000\000\000\000\000\000\000\000\000\000\000""; nodePubKey: ""\002\347\243J\206W\025ML\260\226\0163\217\250\337\325W\253\356*O\245Z\271\234\207C\274\375`\335\311""; closeTime: 803902519; signature: ""0E\002!\000\364\263V\027q\202.\354\212\343_h2\237\265\377\003\274\032\217\027%\221\330Z\265\374\016?j\342z\002 S\347\213D\315LD\374\000\263\274\356R\322\2065E4\350\371#\003\313\275\334N\336\005B\360\342\263""; previousledger: ""\025{\341\203\016\355Wm\222\t\022+\207\321\343}^\317s\206\320\316\221\322\t\214\257\211\366S\177\277""; "
1750587319026,1750587319026,0,1,4,2,TMProposeSet,"proposeSeq: 0; currentTxHash: ""\000\000\000\000\000\000\000\000\000\000\000\000\000\000\000\000\000\000\000\000\000\000\000\000\000\000\000\000\000\000\000\000""; nodePubKey: ""\002\347\243J\206W\025ML\260\226\0163\217\250\337\325W\253\356*O\245Z\271\234\207C\274\375`\335\311""; closeTime: 803902519; signature: ""0E\002!\000\364\263V\027q\202.\354\212\343_h2\237\265\377\003\274\032\217\027%\221\330Z\265\374\016?j\342z\002 S\347\213D\315LD\374\000\263\274\356R\322\2065E4\350\371#\003\313\275\334N\336\005B\360\342\263""; previousledger: ""\025{\341\203\016\355Wm\222\t\022+\207\321\343}^\317s\206\320\316\221\322\t\214\257\211\366S\177\277""; ","proposeSeq: 0; currentTxHash: ""\000\000\000\000\000\000\000\000\000\000\000\000\000\000\000\000\000\000\000\000\000\000\000\000\000\000\000\000\000\000\000\000""; nodePubKey: ""\002\347\243J\206W\025ML\260\226\0163\217\250\337\325W\253\356*O\245Z\271\234\207C\274\375`\335\311""; closeTime: 803902519; signature: ""0E\002!\000\364\263V\027q\202.\354\212\343_h2\237\265\377\003\274\032\217\027%\221\330Z\265\374\016?j\342z\002 S\347\213D\315LD\374\000\263\274\356R\322\2065E4\350\371#\003\313\275\334N\336\005B\360\342\263""; previousledger: ""\025{\341\203\016\355Wm\222\t\022+\207\321\343}^\317s\206\320\316\221\322\t\214\257\211\366S\177\277""; "
1750587319026,1750587319026,0,1,4,1,TMProposeSet,"proposeSeq: 0; currentTxHash: ""\000\000\000\000\000\000\000\000\000\000\000\000\000\000\000\000\000\000\000\000\000\000\000\000\000\000\000\000\000\000\000\000""; nodePubKey: ""\002\347\243J\206W\025ML\260\226\0163\217\250\337\325W\253\356*O\245Z\271\234\207C\274\375`\335\311""; closeTime: 803902519; signature: ""0E\002!\000\364\263V\027q\202.\354\212\343_h2\237\265\377\003\274\032\217\027%\221\330Z\265\374\016?j\342z\002 S\347\213D\315LD\374\000\263\274\356R\322\2065E4\350\371#\003\313\275\334N\336\005B\360\342\263""; previousledger: ""\025{\341\203\016\355Wm\222\t\022+\207\321\343}^\317s\206\320\316\221\322\t\214\257\211\366S\177\277""; ","proposeSeq: 0; currentTxHash: ""\000\000\000\000\000\000\000\000\000\000\000\000\000\000\000\000\000\000\000\000\000\000\000\000\000\000\000\000\000\000\000\000""; nodePubKey: ""\002\347\243J\206W\025ML\260\226\0163\217\250\337\325W\253\356*O\245Z\271\234\207C\274\375`\335\311""; closeTime: 803902519; signature: ""0E\002!\000\364\263V\027q\202.\354\212\343_h2\237\265\377\003\274\032\217\027%\221\330Z\265\374\016?j\342z\002 S\347\213D\315LD\374\000\263\274\356R\322\2065E4\350\371#\003\313\275\334N\336\005B\360\342\263""; previousledger: ""\025{\341\203\016\355Wm\222\t\022+\207\321\343}^\317s\206\320\316\221\322\t\214\257\211\366S\177\277""; "
1750587319028,1750587319028,0,1,3,0,TMProposeSet,"proposeSeq: 0; currentTxHash: ""\000\000\000\000\000\000\000\000\000\000\000\000\000\000\000\000\000\000\000\000\000\000\000\000\000\000\000\000\000\000\000\000""; nodePubKey: ""\002\347\243J\206W\025ML\260\226\0163\217\250\337\325W\253\356*O\245Z\271\234\207C\274\375`\335\311""; closeTime: 803902519; signature: ""0E\002!\000\364\263V\027q\202.\354\212\343_h2\237\265\377\003\274\032\217\027%\221\330Z\265\374\016?j\342z\002 S\347\213D\315LD\374\000\263\274\356R\322\2065E4\350\371#\003\313\275\334N\336\005B\360\342\263""; previousledger: ""\025{\341\203\016\355Wm\222\t\022+\207\321\343}^\317s\206\320\316\221\322\t\214\257\211\366S\177\277""; ","proposeSeq: 0; currentTxHash: ""\000\000\000\000\000\000\000\000\000\000\000\000\000\000\000\000\000\000\000\000\000\000\000\000\000\000\000\000\000\000\000\000""; nodePubKey: ""\002\347\243J\206W\025ML\260\226\0163\217\250\337\325W\253\356*O\245Z\271\234\207C\274\375`\335\311""; closeTime: 803902519; signature: ""0E\002!\000\364\263V\027q\202.\354\212\343_h2\237\265\377\003\274\032\217\027%\221\330Z\265\374\016?j\342z\002 S\347\213D\315LD\374\000\263\274\356R\322\2065E4\350\371#\003\313\275\334N\336\005B\360\342\263""; previousledger: ""\025{\341\203\016\355Wm\222\t\022+\207\321\343}^\317s\206\320\316\221\322\t\214\257\211\366S\177\277""; "
1750587319028,1750587319028,0,1,3,2,TMProposeSet,"proposeSeq: 0; currentTxHash: ""\000\000\000\000\000\000\000\000\000\000\000\000\000\000\000\000\000\000\000\000\000\000\000\000\000\000\000\000\000\000\000\000""; nodePubKey: ""\002\347\243J\206W\025ML\260\226\0163\217\250\337\325W\253\356*O\245Z\271\234\207C\274\375`\335\311""; closeTime: 803902519; signature: ""0E\002!\000\364\263V\027q\202.\354\212\343_h2\237\265\377\003\274\032\217\027%\221\330Z\265\374\016?j\342z\002 S\347\213D\315LD\374\000\263\274\356R\322\2065E4\350\371#\003\313\275\334N\336\005B\360\342\263""; previousledger: ""\025{\341\203\016\355Wm\222\t\022+\207\321\343}^\317s\206\320\316\221\322\t\214\257\211\366S\177\277""; ","proposeSeq: 0; currentTxHash: ""\000\000\000\000\000\000\000\000\000\000\000\000\000\000\000\000\000\000\000\000\000\000\000\000\000\000\000\000\000\000\000\000""; nodePubKey: ""\002\347\243J\206W\025ML\260\226\0163\217\250\337\325W\253\356*O\245Z\271\234\207C\274\375`\335\311""; closeTime: 803902519; signature: ""0E\002!\000\364\263V\027q\202.\354\212\343_h2\237\265\377\003\274\032\217\027%\221\330Z\265\374\016?j\342z\002 S\347\213D\315LD\374\000\263\274\356R\322\2065E4\350\371#\003\313\275\334N\336\005B\360\342\263""; previousledger: ""\025{\341\203\016\355Wm\222\t\022+\207\321\343}^\317s\206\320\316\221\322\t\214\257\211\366S\177\277""; "
1750587319029,1750587319029,0,1,2,1,TMProposeSet,"proposeSeq: 0; currentTxHash: ""\000\000\000\000\000\000\000\000\000\000\000\000\000\000\000\000\000\000\000\000\000\000\000\000\000\000\000\000\000\000\000\000""; nodePubKey: ""\002\347\243J\206W\025ML\260\226\0163\217\250\337\325W\253\356*O\245Z\271\234\207C\274\375`\335\311""; closeTime: 803902519; signature: ""0E\002!\000\364\263V\027q\202.\354\212\343_h2\237\265\377\003\274\032\217\027%\221\330Z\265\374\016?j\342z\002 S\347\213D\315LD\374\000\263\274\356R\322\2065E4\350\371#\003\313\275\334N\336\005B\360\342\263""; previousledger: ""\025{\341\203\016\355Wm\222\t\022+\207\321\343}^\317s\206\320\316\221\322\t\214\257\211\366S\177\277""; ","proposeSeq: 0; currentTxHash: ""\000\000\000\000\000\000\000\000\000\000\000\000\000\000\000\000\000\000\000\000\000\000\000\000\000\000\000\000\000\000\000\000""; nodePubKey: ""\002\347\243J\206W\025ML\260\226\0163\217\250\337\325W\253\356*O\245Z\271\234\207C\274\375`\335\311""; closeTime: 803902519; signature: ""0E\002!\000\364\263V\027q\202.\354\212\343_h2\237\265\377\003\274\032\217\027%\221\330Z\265\374\016?j\342z\002 S\347\213D\315LD\374\000\263\274\356R\322\2065E4\350\371#\003\313\275\334N\336\005B\360\342\263""; previousledger: ""\025{\341\203\016\355Wm\222\t\022+\207\321\343}^\317s\206\320\316\221\322\t\214\257\211\366S\177\277""; "
1750587319029,1750587319029,0,1,3,1,TMProposeSet,"proposeSeq: 0; currentTxHash: ""\000\000\000\000\000\000\000\000\000\000\000\000\000\000\000\000\000\000\000\000\000\000\000\000\000\000\000\000\000\000\000\000""; nodePubKey: ""\002\347\243J\206W\025ML\260\226\0163\217\250\337\325W\253\356*O\245Z\271\234\207C\274\375`\335\311""; closeTime: 803902519; signature: ""0E\002!\000\364\263V\027q\202.\354\212\343_h2\237\265\377\003\274\032\217\027%\221\330Z\265\374\016?j\342z\002 S\347\213D\315LD\374\000\263\274\356R\322\2065E4\350\371#\003\313\275\334N\336\005B\360\342\263""; previousledger: ""\025{\341\203\016\355Wm\222\t\022+\207\321\343}^\317s\206\320\316\221\322\t\214\257\211\366S\177\277""; ","proposeSeq: 0; currentTxHash: ""\000\000\000\000\000\000\000\000\000\000\000\000\000\000\000\000\000\000\000\000\000\000\000\000\000\000\000\000\000\000\000\000""; nodePubKey: ""\002\347\243J\206W\025ML\260\226\0163\217\250\337\325W\253\356*O\245Z\271\234\207C\274\375`\335\311""; closeTime: 803902519; signature: ""0E\002!\000\364\263V\027q\202.\354\212\343_h2\237\265\377\003\274\032\217\027%\221\330Z\265\374\016?j\342z\002 S\347\213D\315LD\374\000\263\274\356R\322\2065E4\350\371#\003\313\275\334N\336\005B\360\342\263""; previousledger: ""\025{\341\203\016\355Wm\222\t\022+\207\321\343}^\317s\206\320\316\221\322\t\214\257\211\366S\177\277""; "
1750587319029,1750587319029,0,1,2,3,TMProposeSet,"proposeSeq: 0; currentTxHash: ""\000\000\000\000\000\000\000\000\000\000\000\000\000\000\000\000\000\000\000\000\000\000\000\000\000\000\000\000\000\000\000\000""; nodePubKey: ""\002\347\243J\206W\025ML\260\226\0163\217\250\337\325W\253\356*O\245Z\271\234\207C\274\375`\335\311""; closeTime: 803902519; signature: ""0E\002!\000\364\263V\027q\202.\354\212\343_h2\237\265\377\003\274\032\217\027%\221\330Z\265\374\016?j\342z\002 S\347\213D\315LD\374\000\263\274\356R\322\2065E4\350\371#\003\313\275\334N\336\005B\360\342\263""; previousledger: ""\025{\341\203\016\355Wm\222\t\022+\207\321\343}^\317s\206\320\316\221\322\t\214\257\211\366S\177\277""; ","proposeSeq: 0; currentTxHash: ""\000\000\000\000\000\000\000\000\000\000\000\000\000\000\000\000\000\000\000\000\000\000\000\000\000\000\000\000\000\000\000\000""; nodePubKey: ""\002\347\243J\206W\025ML\260\226\0163\217\250\337\325W\253\356*O\245Z\271\234\207C\274\375`\335\311""; closeTime: 803902519; signature: ""0E\002!\000\364\263V\027q\202.\354\212\343_h2\237\265\377\003\274\032\217\027%\221\330Z\265\374\016?j\342z\002 S\347\213D\315LD\374\000\263\274\356R\322\2065E4\350\371#\003\313\275\334N\336\005B\360\342\263""; previousledger: ""\025{\341\203\016\355Wm\222\t\022+\207\321\343}^\317s\206\320\316\221\322\t\214\257\211\366S\177\277""; "
1750587319030,1750587319030,0,1,1,3,TMProposeSet,"proposeSeq: 0; currentTxHash: ""\000\000\000\000\000\000\000\000\000\000\000\000\000\000\000\000\000\000\000\000\000\000\000\000\000\000\000\000\000\000\000\000""; nodePubKey: ""\002\347\243J\206W\025ML\260\226\0163\217\250\337\325W\253\356*O\245Z\271\234\207C\274\375`\335\311""; closeTime: 803902519; signature: ""0E\002!\000\364\263V\027q\202.\354\212\343_h2\237\265\377\003\274\032\217\027%\221\330Z\265\374\016?j\342z\002 S\347\213D\315LD\374\000\263\274\356R\322\2065E4\350\371#\003\313\275\334N\336\005B\360\342\263""; previousledger: ""\025{\341\203\016\355Wm\222\t\022+\207\321\343}^\317s\206\320\316\221\322\t\214\257\211\366S\177\277""; ","proposeSeq: 0; currentTxHash: ""\000\000\000\000\000\000\000\000\000\000\000\000\000\000\000\000\000\000\000\000\000\000\000\000\000\000\000\000\000\000\000\000""; nodePubKey: ""\002\347\243J\206W\025ML\260\226\0163\217\250\337\325W\253\356*O\245Z\271\234\207C\274\375`\335\311""; closeTime: 803902519; signature: ""0E\002!\000\364\263V\027q\202.\354\212\343_h2\237\265\377\003\274\032\217\027%\221\330Z\265\374\016?j\342z\002 S\347\213D\315LD\374\000\263\274\356R\322\2065E4\350\371#\003\313\275\334N\336\005B\360\342\263""; previousledger: ""\025{\341\203\016\355Wm\222\t\022+\207\321\343}^\317s\206\320\316\221\322\t\214\257\211\366S\177\277""; "
1750587319031,1750587319031,0,1,2,0,TMProposeSet,"proposeSeq: 0; currentTxHash: ""\000\000\000\000\000\000\000\000\000\000\000\000\000\000\000\000\000\000\000\000\000\000\000\000\000\000\000\000\000\000\000\000""; nodePubKey: ""\002\347\243J\206W\025ML\260\226\0163\217\250\337\325W\253\356*O\245Z\271\234\207C\274\375`\335\311""; closeTime: 803902519; signature: ""0E\002!\000\364\263V\027q\202.\354\212\343_h2\237\265\377\003\274\032\217\027%\221\330Z\265\374\016?j\342z\002 S\347\213D\315LD\374\000\263\274\356R\322\2065E4\350\371#\003\313\275\334N\336\005B\360\342\263""; previousledger: ""\025{\341\203\016\355Wm\222\t\022+\207\321\343}^\317s\206\320\316\221\322\t\214\257\211\366S\177\277""; ","proposeSeq: 0; currentTxHash: ""\000\000\000\000\000\000\000\000\000\000\000\000\000\000\000\000\000\000\000\000\000\000\000\000\000\000\000\000\000\000\000\000""; nodePubKey: ""\002\347\243J\206W\025ML\260\226\0163\217\250\337\325W\253\356*O\245Z\271\234\207C\274\375`\335\311""; closeTime: 803902519; signature: ""0E\002!\000\364\263V\027q\202.\354\212\343_h2\237\265\377\003\274\032\217\027%\221\330Z\265\374\016?j\342z\002 S\347\213D\315LD\374\000\263\274\356R\322\2065E4\350\371#\003\313\275\334N\336\005B\360\342\263""; previousledger: ""\025{\341\203\016\355Wm\222\t\022+\207\321\343}^\317s\206\320\316\221\322\t\214\257\211\366S\177\277""; "
1750587319031,1750587319031,0,1,1,0,TMProposeSet,"proposeSeq: 0; currentTxHash: ""\000\000\000\000\000\000\000\000\000\000\000\000\000\000\000\000\000\000\000\000\000\000\000\000\000\000\000\000\000\000\000\000""; nodePubKey: ""\002\347\243J\206W\025ML\260\226\0163\217\250\337\325W\253\356*O\245Z\271\234\207C\274\375`\335\311""; closeTime: 803902519; signature: ""0E\002!\000\364\263V\027q\202.\354\212\343_h2\237\265\377\003\274\032\217\027%\221\330Z\265\374\016?j\342z\002 S\347\213D\315LD\374\000\263\274\356R\322\2065E4\350\371#\003\313\275\334N\336\005B\360\342\263""; previousledger: ""\025{\341\203\016\355Wm\222\t\022+\207\321\343}^\317s\206\320\316\221\322\t\214\257\211\366S\177\277""; ","proposeSeq: 0; currentTxHash: ""\000\000\000\000\000\000\000\000\000\000\000\000\000\000\000\000\000\000\000\000\000\000\000\000\000\000\000\000\000\000\000\000""; nodePubKey: ""\002\347\243J\206W\025ML\260\226\0163\217\250\337\325W\253\356*O\245Z\271\234\207C\274\375`\335\311""; closeTime: 803902519; signature: ""0E\002!\000\364\263V\027q\202.\354\212\343_h2\237\265\377\003\274\032\217\027%\221\330Z\265\374\016?j\342z\002 S\347\213D\315LD\374\000\263\274\356R\322\2065E4\350\371#\003\313\275\334N\336\005B\360\342\263""; previousledger: ""\025{\341\203\016\355Wm\222\t\022+\207\321\343}^\317s\206\320\316\221\322\t\214\257\211\366S\177\277""; "
1750587319032,1750587319032,0,1,1,2,TMProposeSet,"proposeSeq: 0; currentTxHash: ""\000\000\000\000\000\000\000\000\000\000\000\000\000\000\000\000\000\000\000\000\000\000\000\000\000\000\000\000\000\000\000\000""; nodePubKey: ""\002\347\243J\206W\025ML\260\226\0163\217\250\337\325W\253\356*O\245Z\271\234\207C\274\375`\335\311""; closeTime: 803902519; signature: ""0E\002!\000\364\263V\027q\202.\354\212\343_h2\237\265\377\003\274\032\217\027%\221\330Z\265\374\016?j\342z\002 S\347\213D\315LD\374\000\263\274\356R\322\2065E4\350\371#\003\313\275\334N\336\005B\360\342\263""; previousledger: ""\025{\341\203\016\355Wm\222\t\022+\207\321\343}^\317s\206\320\316\221\322\t\214\257\211\366S\177\277""; ","proposeSeq: 0; currentTxHash: ""\000\000\000\000\000\000\000\000\000\000\000\000\000\000\000\000\000\000\000\000\000\000\000\000\000\000\000\000\000\000\000\000""; nodePubKey: ""\002\347\243J\206W\025ML\260\226\0163\217\250\337\325W\253\356*O\245Z\271\234\207C\274\375`\335\311""; closeTime: 803902519; signature: ""0E\002!\000\364\263V\027q\202.\354\212\343_h2\237\265\377\003\274\032\217\027%\221\330Z\265\374\016?j\342z\002 S\347\213D\315LD\374\000\263\274\356R\322\2065E4\350\371#\003\313\275\334N\336\005B\360\342\263""; previousledger: ""\025{\341\203\016\355Wm\222\t\022+\207\321\343}^\317s\206\320\316\221\322\t\214\257\211\366S\177\277""; "
1750587319032,1750587319032,0,1,0,3,TMProposeSet,"proposeSeq: 0; currentTxHash: ""\000\000\000\000\000\000\000\000\000\000\000\000\000\000\000\000\000\000\000\000\000\000\000\000\000\000\000\000\000\000\000\000""; nodePubKey: ""\002\347\243J\206W\025ML\260\226\0163\217\250\337\325W\253\356*O\245Z\271\234\207C\274\375`\335\311""; closeTime: 803902519; signature: ""0E\002!\000\364\263V\027q\202.\354\212\343_h2\237\265\377\003\274\032\217\027%\221\330Z\265\374\016?j\342z\002 S\347\213D\315LD\374\000\263\274\356R\322\2065E4\350\371#\003\313\275\334N\336\005B\360\342\263""; previousledger: ""\025{\341\203\016\355Wm\222\t\022+\207\321\343}^\317s\206\320\316\221\322\t\214\257\211\366S\177\277""; ","proposeSeq: 0; currentTxHash: ""\000\000\000\000\000\000\000\000\000\000\000\000\000\000\000\000\000\000\000\000\000\000\000\000\000\000\000\000\000\000\000\000""; nodePubKey: ""\002\347\243J\206W\025ML\260\226\0163\217\250\337\325W\253\356*O\245Z\271\234\207C\274\375`\335\311""; closeTime: 803902519; signature: ""0E\002!\000\364\263V\027q\202.\354\212\343_h2\237\265\377\003\274\032\217\027%\221\330Z\265\374\016?j\342z\002 S\347\213D\315LD\374\000\263\274\356R\322\2065E4\350\371#\003\313\275\334N\336\005B\360\342\263""; previousledger: ""\025{\341\203\016\355Wm\222\t\022+\207\321\343}^\317s\206\320\316\221\322\t\214\257\211\366S\177\277""; "
1750587319034,1750587319034,0,1,0,2,TMProposeSet,"proposeSeq: 0; currentTxHash: ""\000\000\000\000\000\000\000\000\000\000\000\000\000\000\000\000\000\000\000\000\000\000\000\000\000\000\000\000\000\000\000\000""; nodePubKey: ""\002\347\243J\206W\025ML\260\226\0163\217\250\337\325W\253\356*O\245Z\271\234\207C\274\375`\335\311""; closeTime: 803902519; signature: ""0E\002!\000\364\263V\027q\202.\354\212\343_h2\237\265\377\003\274\032\217\027%\221\330Z\265\374\016?j\342z\002 S\347\213D\315LD\374\000\263\274\356R\322\2065E4\350\371#\003\313\275\334N\336\005B\360\342\263""; previousledger: ""\025{\341\203\016\355Wm\222\t\022+\207\321\343}^\317s\206\320\316\221\322\t\214\257\211\366S\177\277""; ","proposeSeq: 0; currentTxHash: ""\000\000\000\000\000\000\000\000\000\000\000\000\000\000\000\000\000\000\000\000\000\000\000\000\000\000\000\000\000\000\000\000""; nodePubKey: ""\002\347\243J\206W\025ML\260\226\0163\217\250\337\325W\253\356*O\245Z\271\234\207C\274\375`\335\311""; closeTime: 803902519; signature: ""0E\002!\000\364\263V\027q\202.\354\212\343_h2\237\265\377\003\274\032\217\027%\221\330Z\265\374\016?j\342z\002 S\347\213D\315LD\374\000\263\274\356R\322\2065E4\350\371#\003\313\275\334N\336\005B\360\342\263""; previousledger: ""\025{\341\203\016\355Wm\222\t\022+\207\321\343}^\317s\206\320\316\221\322\t\214\257\211\366S\177\277""; "
1750587319035,1750587319035,0,1,0,1,TMProposeSet,"proposeSeq: 0; currentTxHash: ""\000\000\000\000\000\000\000\000\000\000\000\000\000\000\000\000\000\000\000\000\000\000\000\000\000\000\000\000\000\000\000\000""; nodePubKey: ""\002\347\243J\206W\025ML\260\226\0163\217\250\337\325W\253\356*O\245Z\271\234\207C\274\375`\335\311""; closeTime: 803902519; signature: ""0E\002!\000\364\263V\027q\202.\354\212\343_h2\237\265\377\003\274\032\217\027%\221\330Z\265\374\016?j\342z\002 S\347\213D\315LD\374\000\263\274\356R\322\2065E4\350\371#\003\313\275\334N\336\005B\360\342\263""; previousledger: ""\025{\341\203\016\355Wm\222\t\022+\207\321\343}^\317s\206\320\316\221\322\t\214\257\211\366S\177\277""; ","proposeSeq: 0; currentTxHash: ""\000\000\000\000\000\000\000\000\000\000\000\000\000\000\000\000\000\000\000\000\000\000\000\000\000\000\000\000\000\000\000\000""; nodePubKey: ""\002\347\243J\206W\025ML\260\226\0163\217\250\337\325W\253\356*O\245Z\271\234\207C\274\375`\335\311""; closeTime: 803902519; signature: ""0E\002!\000\364\263V\027q\202.\354\212\343_h2\237\265\377\003\274\032\217\027%\221\330Z\265\374\016?j\342z\002 S\347\213D\315LD\374\000\263\274\356R\322\2065E4\350\371#\003\313\275\334N\336\005B\360\342\263""; previousledger: ""\025{\341\203\016\355Wm\222\t\022+\207\321\343}^\317s\206\320\316\221\322\t\214\257\211\366S\177\277""; "
1750587319022,1750587319098,0,1,0,3,TMStatusChange,"newEvent: neCLOSING_LEDGER; ledgerSeq: 18; ledgerHash: ""\025{\341\203\016\355Wm\222\t\022+\207\321\343}^\317s\206\320\316\221\322\t\214\257\211\366S\177\277""; ledgerHashPrevious: ""\336\037\263=\026\236A\324J9\261\341@\353\236\027\243\365\225\347\2315\205\014\356\333\201\232V!\026\010""; networkTime: 803902519; firstSeq: 9; lastSeq: 18; ","newEvent: neCLOSING_LEDGER; ledgerSeq: 18; ledgerHash: ""\025{\341\203\016\355Wm\222\t\022+\207\321\343}^\317s\206\320\316\221\322\t\214\257\211\366S\177\277""; ledgerHashPrevious: ""\336\037\263=\026\236A\324J9\261\341@\353\236\027\243\365\225\347\2315\205\014\356\333\201\232V!\026\010""; networkTime: 803902519; firstSeq: 9; lastSeq: 18; "
1750587319023,1750587319099,0,1,0,4,TMStatusChange,"newEvent: neCLOSING_LEDGER; ledgerSeq: 18; ledgerHash: ""\025{\341\203\016\355Wm\222\t\022+\207\321\343}^\317s\206\320\316\221\322\t\214\257\211\366S\177\277""; ledgerHashPrevious: ""\336\037\263=\026\236A\324J9\261\341@\353\236\027\243\365\225\347\2315\205\014\356\333\201\232V!\026\010""; networkTime: 803902519; firstSeq: 9; lastSeq: 18; ","newEvent: neCLOSING_LEDGER; ledgerSeq: 18; ledgerHash: ""\025{\341\203\016\355Wm\222\t\022+\207\321\343}^\317s\206\320\316\221\322\t\214\257\211\366S\177\277""; ledgerHashPrevious: ""\336\037\263=\026\236A\324J9\261\341@\353\236\027\243\365\225\347\2315\205\014\356\333\201\232V!\026\010""; networkTime: 803902519; firstSeq: 9; lastSeq: 18; "
1750587319023,1750587319099,0,1,0,1,TMStatusChange,"newEvent: neCLOSING_LEDGER; ledgerSeq: 18; ledgerHash: ""\025{\341\203\016\355Wm\222\t\022+\207\321\343}^\317s\206\320\316\221\322\t\214\257\211\366S\177\277""; ledgerHashPrevious: ""\336\037\263=\026\236A\324J9\261\341@\353\236\027\243\365\225\347\2315\205\014\356\333\201\232V!\026\010""; networkTime: 803902519; firstSeq: 9; lastSeq: 18; ","newEvent: neCLOSING_LEDGER; ledgerSeq: 18; ledgerHash: ""\025{\341\203\016\355Wm\222\t\022+\207\321\343}^\317s\206\320\316\221\322\t\214\257\211\366S\177\277""; ledgerHashPrevious: ""\336\037\263=\026\236A\324J9\261\341@\353\236\027\243\365\225\347\2315\205\014\356\333\201\232V!\026\010""; networkTime: 803902519; firstSeq: 9; lastSeq: 18; "
1750587319023,1750587319099,0,1,0,2,TMStatusChange,"newEvent: neCLOSING_LEDGER; ledgerSeq: 18; ledgerHash: ""\025{\341\203\016\355Wm\222\t\022+\207\321\343}^\317s\206\320\316\221\322\t\214\257\211\366S\177\277""; ledgerHashPrevious: ""\336\037\263=\026\236A\324J9\261\341@\353\236\027\243\365\225\347\2315\205\014\356\333\201\232V!\026\010""; networkTime: 803902519; firstSeq: 9; lastSeq: 18; ","newEvent: neCLOSING_LEDGER; ledgerSeq: 18; ledgerHash: ""\025{\341\203\016\355Wm\222\t\022+\207\321\343}^\317s\206\320\316\221\322\t\214\257\211\366S\177\277""; ledgerHashPrevious: ""\336\037\263=\026\236A\324J9\261\341@\353\236\027\243\365\225\347\2315\205\014\356\333\201\232V!\026\010""; networkTime: 803902519; firstSeq: 9; lastSeq: 18; "
1750587319302,1750587319303,0,1,2,4,TMProposeSet,"proposeSeq: 0; currentTxHash: ""\000\000\000\000\000\000\000\000\000\000\000\000\000\000\000\000\000\000\000\000\000\000\000\000\000\000\000\000\000\000\000\000""; nodePubKey: ""\003ql\302)\235\321\t\213\224\356\374%%\311\327\037\374\304\t\335\2359\344\233\035]\347<u\236\364\222""; closeTime: 803902519; signature: ""0D\002 \002\232\370\327|'\264\026\352G\031\201\026\334\202K\313l\277\225S-\004'2\230]ry\010\252%\002 E\241c\315\345^<\010\205\307\275\330\262\037\313WC\223\347\307\212\361\231\261g~\317d\020\310\0357""; previousledger: ""\025{\341\203\016\355Wm\222\t\022+\207\321\343}^\317s\206\320\316\221\322\t\214\257\211\366S\177\277""; ","proposeSeq: 0; currentTxHash: ""\000\000\000\000\000\000\000\000\000\000\000\000\000\000\000\000\000\000\000\000\000\000\000\000\000\000\000\000\000\000\000\000""; nodePubKey: ""\003ql\302)\235\321\t\213\224\356\374%%\311\327\037\374\304\t\335\2359\344\233\035]\347<u\236\364\222""; closeTime: 803902519; signature: ""0D\002 \002\232\370\327|'\264\026\352G\031\201\026\334\202K\313l\277\225S-\004'2\230]ry\010\252%\002 E\241c\315\345^<\010\205\307\275\330\262\037\313WC\223\347\307\212\361\231\261g~\317d\020\310\0357""; previousledger: ""\025{\341\203\016\355Wm\222\t\022+\207\321\343}^\317s\206\320\316\221\322\t\214\257\211\366S\177\277""; "
1750587319305,1750587319305,0,1,4,1,TMProposeSet,"proposeSeq: 0; currentTxHash: ""\000\000\000\000\000\000\000\000\000\000\000\000\000\000\000\000\000\000\000\000\000\000\000\000\000\000\000\000\000\000\000\000""; nodePubKey: ""\003ql\302)\235\321\t\213\224\356\374%%\311\327\037\374\304\t\335\2359\344\233\035]\347<u\236\364\222""; closeTime: 803902519; signature: ""0D\002 \002\232\370\327|'\264\026\352G\031\201\026\334\202K\313l\277\225S-\004'2\230]ry\010\252%\002 E\241c\315\345^<\010\205\307\275\330\262\037\313WC\223\347\307\212\361\231\261g~\317d\020\310\0357""; previousledger: ""\025{\341\203\016\355Wm\222\t\022+\207\321\343}^\317s\206\320\316\221\322\t\214\257\211\366S\177\277""; ","proposeSeq: 0; currentTxHash: ""\000\000\000\000\000\000\000\000\000\000\000\000\000\000\000\000\000\000\000\000\000\000\000\000\000\000\000\000\000\000\000\000""; nodePubKey: ""\003ql\302)\235\321\t\213\224\356\374%%\311\327\037\374\304\t\335\2359\344\233\035]\347<u\236\364\222""; closeTime: 803902519; signature: ""0D\002 \002\232\370\327|'\264\026\352G\031\201\026\334\202K\313l\277\225S-\004'2\230]ry\010\252%\002 E\241c\315\345^<\010\205\307\275\330\262\037\313WC\223\347\307\212\361\231\261g~\317d\020\310\0357""; previousledger: ""\025{\341\203\016\355Wm\222\t\022+\207\321\343}^\317s\206\320\316\221\322\t\214\257\211\366S\177\277""; "
1750587319306,1750587319306,0,1,4,3,TMProposeSet,"proposeSeq: 0; currentTxHash: ""\000\000\000\000\000\000\000\000\000\000\000\000\000\000\000\000\000\000\000\000\000\000\000\000\000\000\000\000\000\000\000\000""; nodePubKey: ""\003ql\302)\235\321\t\213\224\356\374%%\311\327\037\374\304\t\335\2359\344\233\035]\347<u\236\364\222""; closeTime: 803902519; signature: ""0D\002 \002\232\370\327|'\264\026\352G\031\201\026\334\202K\313l\277\225S-\004'2\230]ry\010\252%\002 E\241c\315\345^<\010\205\307\275\330\262\037\313WC\223\347\307\212\361\231\261g~\317d\020\310\0357""; previousledger: ""\025{\341\203\016\355Wm\222\t\022+\207\321\343}^\317s\206\320\316\221\322\t\214\257\211\366S\177\277""; ","proposeSeq: 0; currentTxHash: ""\000\000\000\000\000\000\000\000\000\000\000\000\000\000\000\000\000\000\000\000\000\000\000\000\000\000\000\000\000\000\000\000""; nodePubKey: ""\003ql\302)\235\321\t\213\224\356\374%%\311\327\037\374\304\t\335\2359\344\233\035]\347<u\236\364\222""; closeTime: 803902519; signature: ""0D\002 \002\232\370\327|'\264\026\352G\031\201\026\334\202K\313l\277\225S-\004'2\230]ry\010\252%\002 E\241c\315\345^<\010\205\307\275\330\262\037\313WC\223\347\307\212\361\231\261g~\317d\020\310\0357""; previousledger: ""\025{\341\203\016\355Wm\222\t\022+\207\321\343}^\317s\206\320\316\221\322\t\214\257\211\366S\177\277""; "
1750587319307,1750587319307,0,1,4,0,TMProposeSet,"proposeSeq: 0; currentTxHash: ""\000\000\000\000\000\000\000\000\000\000\000\000\000\000\000\000\000\000\000\000\000\000\000\000\000\000\000\000\000\000\000\000""; nodePubKey: ""\003ql\302)\235\321\t\213\224\356\374%%\311\327\037\374\304\t\335\2359\344\233\035]\347<u\236\364\222""; closeTime: 803902519; signature: ""0D\002 \002\232\370\327|'\264\026\352G\031\201\026\334\202K\313l\277\225S-\004'2\230]ry\010\252%\002 E\241c\315\345^<\010\205\307\275\330\262\037\313WC\223\347\307\212\361\231\261g~\317d\020\310\0357""; previousledger: ""\025{\341\203\016\355Wm\222\t\022+\207\321\343}^\317s\206\320\316\221\322\t\214\257\211\366S\177\277""; ","proposeSeq: 0; currentTxHash: ""\000\000\000\000\000\000\000\000\000\000\000\000\000\000\000\000\000\000\000\000\000\000\000\000\000\000\000\000\000\000\000\000""; nodePubKey: ""\003ql\302)\235\321\t\213\224\356\374%%\311\327\037\374\304\t\335\2359\344\233\035]\347<u\236\364\222""; closeTime: 803902519; signature: ""0D\002 \002\232\370\327|'\264\026\352G\031\201\026\334\202K\313l\277\225S-\004'2\230]ry\010\252%\002 E\241c\315\345^<\010\205\307\275\330\262\037\313WC\223\347\307\212\361\231\261g~\317d\020\310\0357""; previousledger: ""\025{\341\203\016\355Wm\222\t\022+\207\321\343}^\317s\206\320\316\221\322\t\214\257\211\366S\177\277""; "
1750587319308,1750587319308,0,1,1,0,TMProposeSet,"proposeSeq: 0; currentTxHash: ""\000\000\000\000\000\000\000\000\000\000\000\000\000\000\000\000\000\000\000\000\000\000\000\000\000\000\000\000\000\000\000\000""; nodePubKey: ""\003ql\302)\235\321\t\213\224\356\374%%\311\327\037\374\304\t\335\2359\344\233\035]\347<u\236\364\222""; closeTime: 803902519; signature: ""0D\002 \002\232\370\327|'\264\026\352G\031\201\026\334\202K\313l\277\225S-\004'2\230]ry\010\252%\002 E\241c\315\345^<\010\205\307\275\330\262\037\313WC\223\347\307\212\361\231\261g~\317d\020\310\0357""; previousledger: ""\025{\341\203\016\355Wm\222\t\022+\207\321\343}^\317s\206\320\316\221\322\t\214\257\211\366S\177\277""; ","proposeSeq: 0; currentTxHash: ""\000\000\000\000\000\000\000\000\000\000\000\000\000\000\000\000\000\000\000\000\000\000\000\000\000\000\000\000\000\000\000\000""; nodePubKey: ""\003ql\302)\235\321\t\213\224\356\374%%\311\327\037\374\304\t\335\2359\344\233\035]\347<u\236\364\222""; closeTime: 803902519; signature: ""0D\002 \002\232\370\327|'\264\026\352G\031\201\026\334\202K\313l\277\225S-\004'2\230]ry\010\252%\002 E\241c\315\345^<\010\205\307\275\330\262\037\313WC\223\347\307\212\361\231\261g~\317d\020\310\0357""; previousledger: ""\025{\341\203\016\355Wm\222\t\022+\207\321\343}^\317s\206\320\316\221\322\t\214\257\211\366S\177\277""; "
1750587319309,1750587319309,0,1,1,2,TMProposeSet,"proposeSeq: 0; currentTxHash: ""\000\000\000\000\000\000\000\000\000\000\000\000\000\000\000\000\000\000\000\000\000\000\000\000\000\000\000\000\000\000\000\000""; nodePubKey: ""\003ql\302)\235\321\t\213\224\356\374%%\311\327\037\374\304\t\335\2359\344\233\035]\347<u\236\364\222""; closeTime: 803902519; signature: ""0D\002 \002\232\370\327|'\264\026\352G\031\201\026\334\202K\313l\277\225S-\004'2\230]ry\010\252%\002 E\241c\315\345^<\010\205\307\275\330\262\037\313WC\223\347\307\212\361\231\261g~\317d\020\310\0357""; previousledger: ""\025{\341\203\016\355Wm\222\t\022+\207\321\343}^\317s\206\320\316\221\322\t\214\257\211\366S\177\277""; ","proposeSeq: 0; currentTxHash: ""\000\000\000\000\000\000\000\000\000\000\000\000\000\000\000\000\000\000\000\000\000\000\000\000\000\000\000\000\000\000\000\000""; nodePubKey: ""\003ql\302)\235\321\t\213\224\356\374%%\311\327\037\374\304\t\335\2359\344\233\035]\347<u\236\364\222""; closeTime: 803902519; signature: ""0D\002 \002\232\370\327|'\264\026\352G\031\201\026\334\202K\313l\277\225S-\004'2\230]ry\010\252%\002 E\241c\315\345^<\010\205\307\275\330\262\037\313WC\223\347\307\212\361\231\261g~\317d\020\310\0357""; previousledger: ""\025{\341\203\016\355Wm\222\t\022+\207\321\343}^\317s\206\320\316\221\322\t\214\257\211\366S\177\277""; "
1750587319311,1750587319311,0,1,3,1,TMProposeSet,"proposeSeq: 0; currentTxHash: ""\000\000\000\000\000\000\000\000\000\000\000\000\000\000\000\000\000\000\000\000\000\000\000\000\000\000\000\000\000\000\000\000""; nodePubKey: ""\003ql\302)\235\321\t\213\224\356\374%%\311\327\037\374\304\t\335\2359\344\233\035]\347<u\236\364\222""; closeTime: 803902519; signature: ""0D\002 \002\232\370\327|'\264\026\352G\031\201\026\334\202K\313l\277\225S-\004'2\230]ry\010\252%\002 E\241c\315\345^<\010\205\307\275\330\262\037\313WC\223\347\307\212\361\231\261g~\317d\020\310\0357""; previousledger: ""\025{\341\203\016\355Wm\222\t\022+\207\321\343}^\317s\206\320\316\221\322\t\214\257\211\366S\177\277""; ","proposeSeq: 0; currentTxHash: ""\000\000\000\000\000\000\000\000\000\000\000\000\000\000\000\000\000\000\000\000\000\000\000\000\000\000\000\000\000\000\000\000""; nodePubKey: ""\003ql\302)\235\321\t\213\224\356\374%%\311\327\037\374\304\t\335\2359\344\233\035]\347<u\236\364\222""; closeTime: 803902519; signature: ""0D\002 \002\232\370\327|'\264\026\352G\031\201\026\334\202K\313l\277\225S-\004'2\230]ry\010\252%\002 E\241c\315\345^<\010\205\307\275\330\262\037\313WC\223\347\307\212\361\231\261g~\317d\020\310\0357""; previousledger: ""\025{\341\203\016\355Wm\222\t\022+\207\321\343}^\317s\206\320\316\221\322\t\214\257\211\366S\177\277""; "
1750587319311,1750587319311,0,1,3,2,TMProposeSet,"proposeSeq: 0; currentTxHash: ""\000\000\000\000\000\000\000\000\000\000\000\000\000\000\000\000\000\000\000\000\000\000\000\000\000\000\000\000\000\000\000\000""; nodePubKey: ""\003ql\302)\235\321\t\213\224\356\374%%\311\327\037\374\304\t\335\2359\344\233\035]\347<u\236\364\222""; closeTime: 803902519; signature: ""0D\002 \002\232\370\327|'\264\026\352G\031\201\026\334\202K\313l\277\225S-\004'2\230]ry\010\252%\002 E\241c\315\345^<\010\205\307\275\330\262\037\313WC\223\347\307\212\361\231\261g~\317d\020\310\0357""; previousledger: ""\025{\341\203\016\355Wm\222\t\022+\207\321\343}^\317s\206\320\316\221\322\t\214\257\211\366S\177\277""; ","proposeSeq: 0; currentTxHash: ""\000\000\000\000\000\000\000\000\000\000\000\000\000\000\000\000\000\000\000\000\000\000\000\000\000\000\000\000\000\000\000\000""; nodePubKey: ""\003ql\302)\235\321\t\213\224\356\374%%\311\327\037\374\304\t\335\2359\344\233\035]\347<u\236\364\222""; closeTime: 803902519; signature: ""0D\002 \002\232\370\327|'\264\026\352G\031\201\026\334\202K\313l\277\225S-\004'2\230]ry\010\252%\002 E\241c\315\345^<\010\205\307\275\330\262\037\313WC\223\347\307\212\361\231\261g~\317d\020\310\0357""; previousledger: ""\025{\341\203\016\355Wm\222\t\022+\207\321\343}^\317s\206\320\316\221\322\t\214\257\211\366S\177\277""; "
1750587319310,1750587319310,0,1,1,3,TMProposeSet,"proposeSeq: 0; currentTxHash: ""\000\000\000\000\000\000\000\000\000\000\000\000\000\000\000\000\000\000\000\000\000\000\000\000\000\000\000\000\000\000\000\000""; nodePubKey: ""\003ql\302)\235\321\t\213\224\356\374%%\311\327\037\374\304\t\335\2359\344\233\035]\347<u\236\364\222""; closeTime: 803902519; signature: ""0D\002 \002\232\370\327|'\264\026\352G\031\201\026\334\202K\313l\277\225S-\004'2\230]ry\010\252%\002 E\241c\315\345^<\010\205\307\275\330\262\037\313WC\223\347\307\212\361\231\261g~\317d\020\310\0357""; previousledger: ""\025{\341\203\016\355Wm\222\t\022+\207\321\343}^\317s\206\320\316\221\322\t\214\257\211\366S\177\277""; ","proposeSeq: 0; currentTxHash: ""\000\000\000\000\000\000\000\000\000\000\000\000\000\000\000\000\000\000\000\000\000\000\000\000\000\000\000\000\000\000\000\000""; nodePubKey: ""\003ql\302)\235\321\t\213\224\356\374%%\311\327\037\374\304\t\335\2359\344\233\035]\347<u\236\364\222""; closeTime: 803902519; signature: ""0D\002 \002\232\370\327|'\264\026\352G\031\201\026\334\202K\313l\277\225S-\004'2\230]ry\010\252%\002 E\241c\315\345^<\010\205\307\275\330\262\037\313WC\223\347\307\212\361\231\261g~\317d\020\310\0357""; previousledger: ""\025{\341\203\016\355Wm\222\t\022+\207\321\343}^\317s\206\320\316\221\322\t\214\257\211\366S\177\277""; "
1750587319347,1750587319347,0,1,0,3,TMProposeSet,"proposeSeq: 0; currentTxHash: ""\000\000\000\000\000\000\000\000\000\000\000\000\000\000\000\000\000\000\000\000\000\000\000\000\000\000\000\000\000\000\000\000""; nodePubKey: ""\003ql\302)\235\321\t\213\224\356\374%%\311\327\037\374\304\t\335\2359\344\233\035]\347<u\236\364\222""; closeTime: 803902519; signature: ""0D\002 \002\232\370\327|'\264\026\352G\031\201\026\334\202K\313l\277\225S-\004'2\230]ry\010\252%\002 E\241c\315\345^<\010\205\307\275\330\262\037\313WC\223\347\307\212\361\231\261g~\317d\020\310\0357""; previousledger: ""\025{\341\203\016\355Wm\222\t\022+\207\321\343}^\317s\206\320\316\221\322\t\214\257\211\366S\177\277""; ","proposeSeq: 0; currentTxHash: ""\000\000\000\000\000\000\000\000\000\000\000\000\000\000\000\000\000\000\000\000\000\000\000\000\000\000\000\000\000\000\000\000""; nodePubKey: ""\003ql\302)\235\321\t\213\224\356\374%%\311\327\037\374\304\t\335\2359\344\233\035]\347<u\236\364\222""; closeTime: 803902519; signature: ""0D\002 \002\232\370\327|'\264\026\352G\031\201\026\334\202K\313l\277\225S-\004'2\230]ry\010\252%\002 E\241c\315\345^<\010\205\307\275\330\262\037\313WC\223\347\307\212\361\231\261g~\317d\020\310\0357""; previousledger: ""\025{\341\203\016\355Wm\222\t\022+\207\321\343}^\317s\206\320\316\221\322\t\214\257\211\366S\177\277""; "
1750587319348,1750587319348,0,1,3,0,TMProposeSet,"proposeSeq: 0; currentTxHash: ""\000\000\000\000\000\000\000\000\000\000\000\000\000\000\000\000\000\000\000\000\000\000\000\000\000\000\000\000\000\000\000\000""; nodePubKey: ""\003ql\302)\235\321\t\213\224\356\374%%\311\327\037\374\304\t\335\2359\344\233\035]\347<u\236\364\222""; closeTime: 803902519; signature: ""0D\002 \002\232\370\327|'\264\026\352G\031\201\026\334\202K\313l\277\225S-\004'2\230]ry\010\252%\002 E\241c\315\345^<\010\205\307\275\330\262\037\313WC\223\347\307\212\361\231\261g~\317d\020\310\0357""; previousledger: ""\025{\341\203\016\355Wm\222\t\022+\207\321\343}^\317s\206\320\316\221\322\t\214\257\211\366S\177\277""; ","proposeSeq: 0; currentTxHash: ""\000\000\000\000\000\000\000\000\000\000\000\000\000\000\000\000\000\000\000\000\000\000\000\000\000\000\000\000\000\000\000\000""; nodePubKey: ""\003ql\302)\235\321\t\213\224\356\374%%\311\327\037\374\304\t\335\2359\344\233\035]\347<u\236\364\222""; closeTime: 803902519; signature: ""0D\002 \002\232\370\327|'\264\026\352G\031\201\026\334\202K\313l\277\225S-\004'2\230]ry\010\252%\002 E\241c\315\345^<\010\205\307\275\330\262\037\313WC\223\347\307\212\361\231\261g~\317d\020\310\0357""; previousledger: ""\025{\341\203\016\355Wm\222\t\022+\207\321\343}^\317s\206\320\316\221\322\t\214\257\211\366S\177\277""; "
1750587319349,1750587319349,0,1,0,2,TMProposeSet,"proposeSeq: 0; currentTxHash: ""\000\000\000\000\000\000\000\000\000\000\000\000\000\000\000\000\000\000\000\000\000\000\000\000\000\000\000\000\000\000\000\000""; nodePubKey: ""\003ql\302)\235\321\t\213\224\356\374%%\311\327\037\374\304\t\335\2359\344\233\035]\347<u\236\364\222""; closeTime: 803902519; signature: ""0D\002 \002\232\370\327|'\264\026\352G\031\201\026\334\202K\313l\277\225S-\004'2\230]ry\010\252%\002 E\241c\315\345^<\010\205\307\275\330\262\037\313WC\223\347\307\212\361\231\261g~\317d\020\310\0357""; previousledger: ""\025{\341\203\016\355Wm\222\t\022+\207\321\343}^\317s\206\320\316\221\322\t\214\257\211\366S\177\277""; ","proposeSeq: 0; currentTxHash: ""\000\000\000\000\000\000\000\000\000\000\000\000\000\000\000\000\000\000\000\000\000\000\000\000\000\000\000\000\000\000\000\000""; nodePubKey: ""\003ql\302)\235\321\t\213\224\356\374%%\311\327\037\374\304\t\335\2359\344\233\035]\347<u\236\364\222""; closeTime: 803902519; signature: ""0D\002 \002\232\370\327|'\264\026\352G\031\201\026\334\202K\313l\277\225S-\004'2\230]ry\010\252%\002 E\241c\315\345^<\010\205\307\275\330\262\037\313WC\223\347\307\212\361\231\261g~\317d\020\310\0357""; previousledger: ""\025{\341\203\016\355Wm\222\t\022+\207\321\343}^\317s\206\320\316\221\322\t\214\257\211\366S\177\277""; "
1750587319350,1750587319350,0,1,0,1,TMProposeSet,"proposeSeq: 0; currentTxHash: ""\000\000\000\000\000\000\000\000\000\000\000\000\000\000\000\000\000\000\000\000\000\000\000\000\000\000\000\000\000\000\000\000""; nodePubKey: ""\003ql\302)\235\321\t\213\224\356\374%%\311\327\037\374\304\t\335\2359\344\233\035]\347<u\236\364\222""; closeTime: 803902519; signature: ""0D\002 \002\232\370\327|'\264\026\352G\031\201\026\334\202K\313l\277\225S-\004'2\230]ry\010\252%\002 E\241c\315\345^<\010\205\307\275\330\262\037\313WC\223\347\307\212\361\231\261g~\317d\020\310\0357""; previousledger: ""\025{\341\203\016\355Wm\222\t\022+\207\321\343}^\317s\206\320\316\221\322\t\214\257\211\366S\177\277""; ","proposeSeq: 0; currentTxHash: ""\000\000\000\000\000\000\000\000\000\000\000\000\000\000\000\000\000\000\000\000\000\000\000\000\000\000\000\000\000\000\000\000""; nodePubKey: ""\003ql\302)\235\321\t\213\224\356\374%%\311\327\037\374\304\t\335\2359\344\233\035]\347<u\236\364\222""; closeTime: 803902519; signature: ""0D\002 \002\232\370\327|'\264\026\352G\031\201\026\334\202K\313l\277\225S-\004'2\230]ry\010\252%\002 E\241c\315\345^<\010\205\307\275\330\262\037\313WC\223\347\307\212\361\231\261g~\317d\020\310\0357""; previousledger: ""\025{\341\203\016\355Wm\222\t\022+\207\321\343}^\317s\206\320\316\221\322\t\214\257\211\366S\177\277""; "
1750587319352,1750587319352,0,1,2,1,TMProposeSet,"proposeSeq: 0; currentTxHash: ""\000\000\000\000\000\000\000\000\000\000\000\000\000\000\000\000\000\000\000\000\000\000\000\000\000\000\000\000\000\000\000\000""; nodePubKey: ""\003ql\302)\235\321\t\213\224\356\374%%\311\327\037\374\304\t\335\2359\344\233\035]\347<u\236\364\222""; closeTime: 803902519; signature: ""0D\002 \002\232\370\327|'\264\026\352G\031\201\026\334\202K\313l\277\225S-\004'2\230]ry\010\252%\002 E\241c\315\345^<\010\205\307\275\330\262\037\313WC\223\347\307\212\361\231\261g~\317d\020\310\0357""; previousledger: ""\025{\341\203\016\355Wm\222\t\022+\207\321\343}^\317s\206\320\316\221\322\t\214\257\211\366S\177\277""; ","proposeSeq: 0; currentTxHash: ""\000\000\000\000\000\000\000\000\000\000\000\000\000\000\000\000\000\000\000\000\000\000\000\000\000\000\000\000\000\000\000\000""; nodePubKey: ""\003ql\302)\235\321\t\213\224\356\374%%\311\327\037\374\304\t\335\2359\344\233\035]\347<u\236\364\222""; closeTime: 803902519; signature: ""0D\002 \002\232\370\327|'\264\026\352G\031\201\026\334\202K\313l\277\225S-\004'2\230]ry\010\252%\002 E\241c\315\345^<\010\205\307\275\330\262\037\313WC\223\347\307\212\361\231\261g~\317d\020\310\0357""; previousledger: ""\025{\341\203\016\355Wm\222\t\022+\207\321\343}^\317s\206\320\316\221\322\t\214\257\211\366S\177\277""; "
1750587319355,1750587319355,0,1,2,0,TMProposeSet,"proposeSeq: 0; currentTxHash: ""\000\000\000\000\000\000\000\000\000\000\000\000\000\000\000\000\000\000\000\000\000\000\000\000\000\000\000\000\000\000\000\000""; nodePubKey: ""\003ql\302)\235\321\t\213\224\356\374%%\311\327\037\374\304\t\335\2359\344\233\035]\347<u\236\364\222""; closeTime: 803902519; signature: ""0D\002 \002\232\370\327|'\264\026\352G\031\201\026\334\202K\313l\277\225S-\004'2\230]ry\010\252%\002 E\241c\315\345^<\010\205\307\275\330\262\037\313WC\223\347\307\212\361\231\261g~\317d\020\310\0357""; previousledger: ""\025{\341\203\016\355Wm\222\t\022+\207\321\343}^\317s\206\320\316\221\322\t\214\257\211\366S\177\277""; ","proposeSeq: 0; currentTxHash: ""\000\000\000\000\000\000\000\000\000\000\000\000\000\000\000\000\000\000\000\000\000\000\000\000\000\000\000\000\000\000\000\000""; nodePubKey: ""\003ql\302)\235\321\t\213\224\356\374%%\311\327\037\374\304\t\335\2359\344\233\035]\347<u\236\364\222""; closeTime: 803902519; signature: ""0D\002 \002\232\370\327|'\264\026\352G\031\201\026\334\202K\313l\277\225S-\004'2\230]ry\010\252%\002 E\241c\315\345^<\010\205\307\275\330\262\037\313WC\223\347\307\212\361\231\261g~\317d\020\310\0357""; previousledger: ""\025{\341\203\016\355Wm\222\t\022+\207\321\343}^\317s\206\320\316\221\322\t\214\257\211\366S\177\277""; "
1750587319356,1750587319356,0,1,2,3,TMProposeSet,"proposeSeq: 0; currentTxHash: ""\000\000\000\000\000\000\000\000\000\000\000\000\000\000\000\000\000\000\000\000\000\000\000\000\000\000\000\000\000\000\000\000""; nodePubKey: ""\003ql\302)\235\321\t\213\224\356\374%%\311\327\037\374\304\t\335\2359\344\233\035]\347<u\236\364\222""; closeTime: 803902519; signature: ""0D\002 \002\232\370\327|'\264\026\352G\031\201\026\334\202K\313l\277\225S-\004'2\230]ry\010\252%\002 E\241c\315\345^<\010\205\307\275\330\262\037\313WC\223\347\307\212\361\231\261g~\317d\020\310\0357""; previousledger: ""\025{\341\203\016\355Wm\222\t\022+\207\321\343}^\317s\206\320\316\221\322\t\214\257\211\366S\177\277""; ","proposeSeq: 0; currentTxHash: ""\000\000\000\000\000\000\000\000\000\000\000\000\000\000\000\000\000\000\000\000\000\000\000\000\000\000\000\000\000\000\000\000""; nodePubKey: ""\003ql\302)\235\321\t\213\224\356\374%%\311\327\037\374\304\t\335\2359\344\233\035]\347<u\236\364\222""; closeTime: 803902519; signature: ""0D\002 \002\232\370\327|'\264\026\352G\031\201\026\334\202K\313l\277\225S-\004'2\230]ry\010\252%\002 E\241c\315\345^<\010\205\307\275\330\262\037\313WC\223\347\307\212\361\231\261g~\317d\020\310\0357""; previousledger: ""\025{\341\203\016\355Wm\222\t\022+\207\321\343}^\317s\206\320\316\221\322\t\214\257\211\366S\177\277""; "
1750587319301,1750587319359,0,1,2,4,TMStatusChange,"newEvent: neCLOSING_LEDGER; ledgerSeq: 18; ledgerHash: ""\025{\341\203\016\355Wm\222\t\022+\207\321\343}^\317s\206\320\316\221\322\t\214\257\211\366S\177\277""; ledgerHashPrevious: ""\336\037\263=\026\236A\324J9\261\341@\353\236\027\243\365\225\347\2315\205\014\356\333\201\232V!\026\010""; networkTime: 803902519; firstSeq: 1; lastSeq: 18; ","newEvent: neCLOSING_LEDGER; ledgerSeq: 18; ledgerHash: ""\025{\341\203\016\355Wm\222\t\022+\207\321\343}^\317s\206\320\316\221\322\t\214\257\211\366S\177\277""; ledgerHashPrevious: ""\336\037\263=\026\236A\324J9\261\341@\353\236\027\243\365\225\347\2315\205\014\356\333\201\232V!\026\010""; networkTime: 803902519; firstSeq: 1; lastSeq: 18; "
1750587319303,1750587319359,0,1,2,3,TMStatusChange,"newEvent: neCLOSING_LEDGER; ledgerSeq: 18; ledgerHash: ""\025{\341\203\016\355Wm\222\t\022+\207\321\343}^\317s\206\320\316\221\322\t\214\257\211\366S\177\277""; ledgerHashPrevious: ""\336\037\263=\026\236A\324J9\261\341@\353\236\027\243\365\225\347\2315\205\014\356\333\201\232V!\026\010""; networkTime: 803902519; firstSeq: 1; lastSeq: 18; ","newEvent: neCLOSING_LEDGER; ledgerSeq: 18; ledgerHash: ""\025{\341\203\016\355Wm\222\t\022+\207\321\343}^\317s\206\320\316\221\322\t\214\257\211\366S\177\277""; ledgerHashPrevious: ""\336\037\263=\026\236A\324J9\261\341@\353\236\027\243\365\225\347\2315\205\014\356\333\201\232V!\026\010""; networkTime: 803902519; firstSeq: 1; lastSeq: 18; "
1750587319304,1750587319359,0,1,2,1,TMStatusChange,"newEvent: neCLOSING_LEDGER; ledgerSeq: 18; ledgerHash: ""\025{\341\203\016\355Wm\222\t\022+\207\321\343}^\317s\206\320\316\221\322\t\214\257\211\366S\177\277""; ledgerHashPrevious: ""\336\037\263=\026\236A\324J9\261\341@\353\236\027\243\365\225\347\2315\205\014\356\333\201\232V!\026\010""; networkTime: 803902519; firstSeq: 1; lastSeq: 18; ","newEvent: neCLOSING_LEDGER; ledgerSeq: 18; ledgerHash: ""\025{\341\203\016\355Wm\222\t\022+\207\321\343}^\317s\206\320\316\221\322\t\214\257\211\366S\177\277""; ledgerHashPrevious: ""\336\037\263=\026\236A\324J9\261\341@\353\236\027\243\365\225\347\2315\205\014\356\333\201\232V!\026\010""; networkTime: 803902519; firstSeq: 1; lastSeq: 18; "
1750587319304,1750587319359,0,1,2,0,TMStatusChange,"newEvent: neCLOSING_LEDGER; ledgerSeq: 18; ledgerHash: ""\025{\341\203\016\355Wm\222\t\022+\207\321\343}^\317s\206\320\316\221\322\t\214\257\211\366S\177\277""; ledgerHashPrevious: ""\336\037\263=\026\236A\324J9\261\341@\353\236\027\243\365\225\347\2315\205\014\356\333\201\232V!\026\010""; networkTime: 803902519; firstSeq: 1; lastSeq: 18; ","newEvent: neCLOSING_LEDGER; ledgerSeq: 18; ledgerHash: ""\025{\341\203\016\355Wm\222\t\022+\207\321\343}^\317s\206\320\316\221\322\t\214\257\211\366S\177\277""; ledgerHashPrevious: ""\336\037\263=\026\236A\324J9\261\341@\353\236\027\243\365\225\347\2315\205\014\356\333\201\232V!\026\010""; networkTime: 803902519; firstSeq: 1; lastSeq: 18; "
1750587319773,1750587319773,0,1,4,2,TMProposeSet,"proposeSeq: 0; currentTxHash: ""\000\000\000\000\000\000\000\000\000\000\000\000\000\000\000\000\000\000\000\000\000\000\000\000\000\000\000\000\000\000\000\000""; nodePubKey: ""\003.\200\224\215?)t\306\315\242\313\251\255\302\204=\232.\271%}\013\024s\024\002@\216l""\241F""; closeTime: 803902519; signature: ""0E\002!\000\201\216\n\206\027\346\352\224E\222my+N\260\311\367`\002\360\354\251\202""\335R""\003\231\030\232[\002 EM\007\203[\311\324\205\203\325\351\033tf\200\0062+b.e\246\025\246\375\276\235\272\364\353\316\007""; previousledger: ""\025{\341\203\016\355Wm\222\t\022+\207\321\343}^\317s\206\320\316\221\322\t\214\257\211\366S\177\277""; ","proposeSeq: 0; currentTxHash: ""\000\000\000\000\000\000\000\000\000\000\000\000\000\000\000\000\000\000\000\000\000\000\000\000\000\000\000\000\000\000\000\000""; nodePubKey: ""\003.\200\224\215?)t\306\315\242\313\251\255\302\204=\232.\271%}\013\024s\024\002@\216l""\241F""; closeTime: 803902519; signature: ""0E\002!\000\201\216\n\206\027\346\352\224E\222my+N\260\311\367`\002\360\354\251\202""\335R""\003\231\030\232[\002 EM\007\203[\311\324\205\203\325\351\033tf\200\0062+b.e\246\025\246\375\276\235\272\364\353\316\007""; previousledger: ""\025{\341\203\016\355Wm\222\t\022+\207\321\343}^\317s\206\320\316\221\322\t\214\257\211\366S\177\277""; "
1750587319773,1750587319773,0,1,4,3,TMProposeSet,"proposeSeq: 0; currentTxHash: ""\000\000\000\000\000\000\000\000\000\000\000\000\000\000\000\000\000\000\000\000\000\000\000\000\000\000\000\000\000\000\000\000""; nodePubKey: ""\003.\200\224\215?)t\306\315\242\313\251\255\302\204=\232.\271%}\013\024s\024\002@\216l""\241F""; closeTime: 803902519; signature: ""0E\002!\000\201\216\n\206\027\346\352\224E\222my+N\260\311\367`\002\360\354\251\202""\335R""\003\231\030\232[\002 EM\007\203[\311\324\205\203\325\351\033tf\200\0062+b.e\246\025\246\375\276\235\272\364\353\316\007""; previousledger: ""\025{\341\203\016\355Wm\222\t\022+\207\321\343}^\317s\206\320\316\221\322\t\214\257\211\366S\177\277""; ","proposeSeq: 0; currentTxHash: ""\000\000\000\000\000\000\000\000\000\000\000\000\000\000\000\000\000\000\000\000\000\000\000\000\000\000\000\000\000\000\000\000""; nodePubKey: ""\003.\200\224\215?)t\306\315\242\313\251\255\302\204=\232.\271%}\013\024s\024\002@\216l""\241F""; closeTime: 803902519; signature: ""0E\002!\000\201\216\n\206\027\346\352\224E\222my+N\260\311\367`\002\360\354\251\202""\335R""\003\231\030\232[\002 EM\007\203[\311\324\205\203\325\351\033tf\200\0062+b.e\246\025\246\375\276\235\272\364\353\316\007""; previousledger: ""\025{\341\203\016\355Wm\222\t\022+\207\321\343}^\317s\206\320\316\221\322\t\214\257\211\366S\177\277""; "
1750587319774,1750587319774,0,1,4,0,TMProposeSet,"proposeSeq: 0; currentTxHash: ""\000\000\000\000\000\000\000\000\000\000\000\000\000\000\000\000\000\000\000\000\000\000\000\000\000\000\000\000\000\000\000\000""; nodePubKey: ""\003.\200\224\215?)t\306\315\242\313\251\255\302\204=\232.\271%}\013\024s\024\002@\216l""\241F""; closeTime: 803902519; signature: ""0E\002!\000\201\216\n\206\027\346\352\224E\222my+N\260\311\367`\002\360\354\251\202""\335R""\003\231\030\232[\002 EM\007\203[\311\324\205\203\325\351\033tf\200\0062+b.e\246\025\246\375\276\235\272\364\353\316\007""; previousledger: ""\025{\341\203\016\355Wm\222\t\022+\207\321\343}^\317s\206\320\316\221\322\t\214\257\211\366S\177\277""; ","proposeSeq: 0; currentTxHash: ""\000\000\000\000\000\000\000\000\000\000\000\000\000\000\000\000\000\000\000\000\000\000\000\000\000\000\000\000\000\000\000\000""; nodePubKey: ""\003.\200\224\215?)t\306\315\242\313\251\255\302\204=\232.\271%}\013\024s\024\002@\216l""\241F""; closeTime: 803902519; signature: ""0E\002!\000\201\216\n\206\027\346\352\224E\222my+N\260\311\367`\002\360\354\251\202""\335R""\003\231\030\232[\002 EM\007\203[\311\324\205\203\325\351\033tf\200\0062+b.e\246\025\246\375\276\235\272\364\353\316\007""; previousledger: ""\025{\341\203\016\355Wm\222\t\022+\207\321\343}^\317s\206\320\316\221\322\t\214\257\211\366S\177\277""; "
1750587319775,1750587319775,0,1,4,1,TMProposeSet,"proposeSeq: 0; currentTxHash: ""\000\000\000\000\000\000\000\000\000\000\000\000\000\000\000\000\000\000\000\000\000\000\000\000\000\000\000\000\000\000\000\000""; nodePubKey: ""\003.\200\224\215?)t\306\315\242\313\251\255\302\204=\232.\271%}\013\024s\024\002@\216l""\241F""; closeTime: 803902519; signature: ""0E\002!\000\201\216\n\206\027\346\352\224E\222my+N\260\311\367`\002\360\354\251\202""\335R""\003\231\030\232[\002 EM\007\203[\311\324\205\203\325\351\033tf\200\0062+b.e\246\025\246\375\276\235\272\364\353\316\007""; previousledger: ""\025{\341\203\016\355Wm\222\t\022+\207\321\343}^\317s\206\320\316\221\322\t\214\257\211\366S\177\277""; ","proposeSeq: 0; currentTxHash: ""\000\000\000\000\000\000\000\000\000\000\000\000\000\000\000\000\000\000\000\000\000\000\000\000\000\000\000\000\000\000\000\000""; nodePubKey: ""\003.\200\224\215?)t\306\315\242\313\251\255\302\204=\232.\271%}\013\024s\024\002@\216l""\241F""; closeTime: 803902519; signature: ""0E\002!\000\201\216\n\206\027\346\352\224E\222my+N\260\311\367`\002\360\354\251\202""\335R""\003\231\030\232[\002 EM\007\203[\311\324\205\203\325\351\033tf\200\0062+b.e\246\025\246\375\276\235\272\364\353\316\007""; previousledger: ""\025{\341\203\016\355Wm\222\t\022+\207\321\343}^\317s\206\320\316\221\322\t\214\257\211\366S\177\277""; "
1750587319776,1750587319776,0,1,2,3,TMProposeSet,"proposeSeq: 0; currentTxHash: ""\000\000\000\000\000\000\000\000\000\000\000\000\000\000\000\000\000\000\000\000\000\000\000\000\000\000\000\000\000\000\000\000""; nodePubKey: ""\003.\200\224\215?)t\306\315\242\313\251\255\302\204=\232.\271%}\013\024s\024\002@\216l""\241F""; closeTime: 803902519; signature: ""0E\002!\000\201\216\n\206\027\346\352\224E\222my+N\260\311\367`\002\360\354\251\202""\335R""\003\231\030\232[\002 EM\007\203[\311\324\205\203\325\351\033tf\200\0062+b.e\246\025\246\375\276\235\272\364\353\316\007""; previousledger: ""\025{\341\203\016\355Wm\222\t\022+\207\321\343}^\317s\206\320\316\221\322\t\214\257\211\366S\177\277""; ","proposeSeq: 0; currentTxHash: ""\000\000\000\000\000\000\000\000\000\000\000\000\000\000\000\000\000\000\000\000\000\000\000\000\000\000\000\000\000\000\000\000""; nodePubKey: ""\003.\200\224\215?)t\306\315\242\313\251\255\302\204=\232.\271%}\013\024s\024\002@\216l""\241F""; closeTime: 803902519; signature: ""0E\002!\000\201\216\n\206\027\346\352\224E\222my+N\260\311\367`\002\360\354\251\202""\335R""\003\231\030\232[\002 EM\007\203[\311\324\205\203\325\351\033tf\200\0062+b.e\246\025\246\375\276\235\272\364\353\316\007""; previousledger: ""\025{\341\203\016\355Wm\222\t\022+\207\321\343}^\317s\206\320\316\221\322\t\214\257\211\366S\177\277""; "
1750587319776,1750587319777,0,1,2,1,TMProposeSet,"proposeSeq: 0; currentTxHash: ""\000\000\000\000\000\000\000\000\000\000\000\000\000\000\000\000\000\000\000\000\000\000\000\000\000\000\000\000\000\000\000\000""; nodePubKey: ""\003.\200\224\215?)t\306\315\242\313\251\255\302\204=\232.\271%}\013\024s\024\002@\216l""\241F""; closeTime: 803902519; signature: ""0E\002!\000\201\216\n\206\027\346\352\224E\222my+N\260\311\367`\002\360\354\251\202""\335R""\003\231\030\232[\002 EM\007\203[\311\324\205\203\325\351\033tf\200\0062+b.e\246\025\246\375\276\235\272\364\353\316\007""; previousledger: ""\025{\341\203\016\355Wm\222\t\022+\207\321\343}^\317s\206\320\316\221\322\t\214\257\211\366S\177\277""; ","proposeSeq: 0; currentTxHash: ""\000\000\000\000\000\000\000\000\000\000\000\000\000\000\000\000\000\000\000\000\000\000\000\000\000\000\000\000\000\000\000\000""; nodePubKey: ""\003.\200\224\215?)t\306\315\242\313\251\255\302\204=\232.\271%}\013\024s\024\002@\216l""\241F""; closeTime: 803902519; signature: ""0E\002!\000\201\216\n\206\027\346\352\224E\222my+N\260\311\367`\002\360\354\251\202""\335R""\003\231\030\232[\002 EM\007\203[\311\324\205\203\325\351\033tf\200\0062+b.e\246\025\246\375\276\235\272\364\353\316\007""; previousledger: ""\025{\341\203\016\355Wm\222\t\022+\207\321\343}^\317s\206\320\316\221\322\t\214\257\211\366S\177\277""; "
1750587319778,1750587319778,0,1,2,0,TMProposeSet,"proposeSeq: 0; currentTxHash: ""\000\000\000\000\000\000\000\000\000\000\000\000\000\000\000\000\000\000\000\000\000\000\000\000\000\000\000\000\000\000\000\000""; nodePubKey: ""\003.\200\224\215?)t\306\315\242\313\251\255\302\204=\232.\271%}\013\024s\024\002@\216l""\241F""; closeTime: 803902519; signature: ""0E\002!\000\201\216\n\206\027\346\352\224E\222my+N\260\311\367`\002\360\354\251\202""\335R""\003\231\030\232[\002 EM\007\203[\311\324\205\203\325\351\033tf\200\0062+b.e\246\025\246\375\276\235\272\364\353\316\007""; previousledger: ""\025{\341\203\016\355Wm\222\t\022+\207\321\343}^\317s\206\320\316\221\322\t\214\257\211\366S\177\277""; ","proposeSeq: 0; currentTxHash: ""\000\000\000\000\000\000\000\000\000\000\000\000\000\000\000\000\000\000\000\000\000\000\000\000\000\000\000\000\000\000\000\000""; nodePubKey: ""\003.\200\224\215?)t\306\315\242\313\251\255\302\204=\232.\271%}\013\024s\024\002@\216l""\241F""; closeTime: 803902519; signature: ""0E\002!\000\201\216\n\206\027\346\352\224E\222my+N\260\311\367`\002\360\354\251\202""\335R""\003\231\030\232[\002 EM\007\203[\311\324\205\203\325\351\033tf\200\0062+b.e\246\025\246\375\276\235\272\364\353\316\007""; previousledger: ""\025{\341\203\016\355Wm\222\t\022+\207\321\343}^\317s\206\320\316\221\322\t\214\257\211\366S\177\277""; "
1750587319778,1750587319778,0,1,3,2,TMProposeSet,"proposeSeq: 0; currentTxHash: ""\000\000\000\000\000\000\000\000\000\000\000\000\000\000\000\000\000\000\000\000\000\000\000\000\000\000\000\000\000\000\000\000""; nodePubKey: ""\003.\200\224\215?)t\306\315\242\313\251\255\302\204=\232.\271%}\013\024s\024\002@\216l""\241F""; closeTime: 803902519; signature: ""0E\002!\000\201\216\n\206\027\346\352\224E\222my+N\260\311\367`\002\360\354\251\202""\335R""\003\231\030\232[\002 EM\007\203[\311\324\205\203\325\351\033tf\200\0062+b.e\246\025\246\375\276\235\272\364\353\316\007""; previousledger: ""\025{\341\203\016\355Wm\222\t\022+\207\321\343}^\317s\206\320\316\221\322\t\214\257\211\366S\177\277""; ","proposeSeq: 0; currentTxHash: ""\000\000\000\000\000\000\000\000\000\000\000\000\000\000\000\000\000\000\000\000\000\000\000\000\000\000\000\000\000\000\000\000""; nodePubKey: ""\003.\200\224\215?)t\306\315\242\313\251\255\302\204=\232.\271%}\013\024s\024\002@\216l""\241F""; closeTime: 803902519; signature: ""0E\002!\000\201\216\n\206\027\346\352\224E\222my+N\260\311\367`\002\360\354\251\202""\335R""\003\231\030\232[\002 EM\007\203[\311\324\205\203\325\351\033tf\200\0062+b.e\246\025\246\375\276\235\272\364\353\316\007""; previousledger: ""\025{\341\203\016\355Wm\222\t\022+\207\321\343}^\317s\206\320\316\221\322\t\214\257\211\366S\177\277""; "
1750587319778,1750587319778,0,1,3,0,TMProposeSet,"proposeSeq: 0; currentTxHash: ""\000\000\000\000\000\000\000\000\000\000\000\000\000\000\000\000\000\000\000\000\000\000\000\000\000\000\000\000\000\000\000\000""; nodePubKey: ""\003.\200\224\215?)t\306\315\242\313\251\255\302\204=\232.\271%}\013\024s\024\002@\216l""\241F""; closeTime: 803902519; signature: ""0E\002!\000\201\216\n\206\027\346\352\224E\222my+N\260\311\367`\002\360\354\251\202""\335R""\003\231\030\232[\002 EM\007\203[\311\324\205\203\325\351\033tf\200\0062+b.e\246\025\246\375\276\235\272\364\353\316\007""; previousledger: ""\025{\341\203\016\355Wm\222\t\022+\207\321\343}^\317s\206\320\316\221\322\t\214\257\211\366S\177\277""; ","proposeSeq: 0; currentTxHash: ""\000\000\000\000\000\000\000\000\000\000\000\000\000\000\000\000\000\000\000\000\000\000\000\000\000\000\000\000\000\000\000\000""; nodePubKey: ""\003.\200\224\215?)t\306\315\242\313\251\255\302\204=\232.\271%}\013\024s\024\002@\216l""\241F""; closeTime: 803902519; signature: ""0E\002!\000\201\216\n\206\027\346\352\224E\222my+N\260\311\367`\002\360\354\251\202""\335R""\003\231\030\232[\002 EM\007\203[\311\324\205\203\325\351\033tf\200\0062+b.e\246\025\246\375\276\235\272\364\353\316\007""; previousledger: ""\025{\341\203\016\355Wm\222\t\022+\207\321\343}^\317s\206\320\316\221\322\t\214\257\211\366S\177\277""; "
1750587319778,1750587319778,0,1,3,1,TMProposeSet,"proposeSeq: 0; currentTxHash: ""\000\000\000\000\000\000\000\000\000\000\000\000\000\000\000\000\000\000\000\000\000\000\000\000\000\000\000\000\000\000\000\000""; nodePubKey: ""\003.\200\224\215?)t\306\315\242\313\251\255\302\204=\232.\271%}\013\024s\024\002@\216l""\241F""; closeTime: 803902519; signature: ""0E\002!\000\201\216\n\206\027\346\352\224E\222my+N\260\311\367`\002\360\354\251\202""\335R""\003\231\030\232[\002 EM\007\203[\311\324\205\203\325\351\033tf\200\0062+b.e\246\025\246\375\276\235\272\364\353\316\007""; previousledger: ""\025{\341\203\016\355Wm\222\t\022+\207\321\343}^\317s\206\320\316\221\322\t\214\257\211\366S\177\277""; ","proposeSeq: 0; currentTxHash: ""\000\000\000\000\000\000\000\000\000\000\000\000\000\000\000\000\000\000\000\000\000\000\000\000\000\000\000\000\000\000\000\000""; nodePubKey: ""\003.\200\224\215?)t\306\315\242\313\251\255\302\204=\232.\271%}\013\024s\024\002@\216l""\241F""; closeTime: 803902519; signature: ""0E\002!\000\201\216\n\206\027\346\352\224E\222my+N\260\311\367`\002\360\354\251\202""\335R""\003\231\030\232[\002 EM\007\203[\311\324\205\203\325\351\033tf\200\0062+b.e\246\025\246\375\276\235\272\364\353\316\007""; previousledger: ""\025{\341\203\016\355Wm\222\t\022+\207\321\343}^\317s\206\320\316\221\322\t\214\257\211\366S\177\277""; "
1750587319779,1750587319779,0,1,0,3,TMProposeSet,"proposeSeq: 0; currentTxHash: ""\000\000\000\000\000\000\000\000\000\000\000\000\000\000\000\000\000\000\000\000\000\000\000\000\000\000\000\000\000\000\000\000""; nodePubKey: ""\003.\200\224\215?)t\306\315\242\313\251\255\302\204=\232.\271%}\013\024s\024\002@\216l""\241F""; closeTime: 803902519; signature: ""0E\002!\000\201\216\n\206\027\346\352\224E\222my+N\260\311\367`\002\360\354\251\202""\335R""\003\231\030\232[\002 EM\007\203[\311\324\205\203\325\351\033tf\200\0062+b.e\246\025\246\375\276\235\272\364\353\316\007""; previousledger: ""\025{\341\203\016\355Wm\222\t\022+\207\321\343}^\317s\206\320\316\221\322\t\214\257\211\366S\177\277""; ","proposeSeq: 0; currentTxHash: ""\000\000\000\000\000\000\000\000\000\000\000\000\000\000\000\000\000\000\000\000\000\000\000\000\000\000\000\000\000\000\000\000""; nodePubKey: ""\003.\200\224\215?)t\306\315\242\313\251\255\302\204=\232.\271%}\013\024s\024\002@\216l""\241F""; closeTime: 803902519; signature: ""0E\002!\000\201\216\n\206\027\346\352\224E\222my+N\260\311\367`\002\360\354\251\202""\335R""\003\231\030\232[\002 EM\007\203[\311\324\205\203\325\351\033tf\200\0062+b.e\246\025\246\375\276\235\272\364\353\316\007""; previousledger: ""\025{\341\203\016\355Wm\222\t\022+\207\321\343}^\317s\206\320\316\221\322\t\214\257\211\366S\177\277""; "
1750587319780,1750587319780,0,1,0,2,TMProposeSet,"proposeSeq: 0; currentTxHash: ""\000\000\000\000\000\000\000\000\000\000\000\000\000\000\000\000\000\000\000\000\000\000\000\000\000\000\000\000\000\000\000\000""; nodePubKey: ""\003.\200\224\215?)t\306\315\242\313\251\255\302\204=\232.\271%}\013\024s\024\002@\216l""\241F""; closeTime: 803902519; signature: ""0E\002!\000\201\216\n\206\027\346\352\224E\222my+N\260\311\367`\002\360\354\251\202""\335R""\003\231\030\232[\002 EM\007\203[\311\324\205\203\325\351\033tf\200\0062+b.e\246\025\246\375\276\235\272\364\353\316\007""; previousledger: ""\025{\341\203\016\355Wm\222\t\022+\207\321\343}^\317s\206\320\316\221\322\t\214\257\211\366S\177\277""; ","proposeSeq: 0; currentTxHash: ""\000\000\000\000\000\000\000\000\000\000\000\000\000\000\000\000\000\000\000\000\000\000\000\000\000\000\000\000\000\000\000\000""; nodePubKey: ""\003.\200\224\215?)t\306\315\242\313\251\255\302\204=\232.\271%}\013\024s\024\002@\216l""\241F""; closeTime: 803902519; signature: ""0E\002!\000\201\216\n\206\027\346\352\224E\222my+N\260\311\367`\002\360\354\251\202""\335R""\003\231\030\232[\002 EM\007\203[\311\324\205\203\325\351\033tf\200\0062+b.e\246\025\246\375\276\235\272\364\353\316\007""; previousledger: ""\025{\341\203\016\355Wm\222\t\022+\207\321\343}^\317s\206\320\316\221\322\t\214\257\211\366S\177\277""; "
1750587319780,1750587319780,0,1,0,1,TMProposeSet,"proposeSeq: 0; currentTxHash: ""\000\000\000\000\000\000\000\000\000\000\000\000\000\000\000\000\000\000\000\000\000\000\000\000\000\000\000\000\000\000\000\000""; nodePubKey: ""\003.\200\224\215?)t\306\315\242\313\251\255\302\204=\232.\271%}\013\024s\024\002@\216l""\241F""; closeTime: 803902519; signature: ""0E\002!\000\201\216\n\206\027\346\352\224E\222my+N\260\311\367`\002\360\354\251\202""\335R""\003\231\030\232[\002 EM\007\203[\311\324\205\203\325\351\033tf\200\0062+b.e\246\025\246\375\276\235\272\364\353\316\007""; previousledger: ""\025{\341\203\016\355Wm\222\t\022+\207\321\343}^\317s\206\320\316\221\322\t\214\257\211\366S\177\277""; ","proposeSeq: 0; currentTxHash: ""\000\000\000\000\000\000\000\000\000\000\000\000\000\000\000\000\000\000\000\000\000\000\000\000\000\000\000\000\000\000\000\000""; nodePubKey: ""\003.\200\224\215?)t\306\315\242\313\251\255\302\204=\232.\271%}\013\024s\024\002@\216l""\241F""; closeTime: 803902519; signature: ""0E\002!\000\201\216\n\206\027\346\352\224E\222my+N\260\311\367`\002\360\354\251\202""\335R""\003\231\030\232[\002 EM\007\203[\311\324\205\203\325\351\033tf\200\0062+b.e\246\025\246\375\276\235\272\364\353\316\007""; previousledger: ""\025{\341\203\016\355Wm\222\t\022+\207\321\343}^\317s\206\320\316\221\322\t\214\257\211\366S\177\277""; "
1750587319781,1750587319781,0,1,1,3,TMProposeSet,"proposeSeq: 0; currentTxHash: ""\000\000\000\000\000\000\000\000\000\000\000\000\000\000\000\000\000\000\000\000\000\000\000\000\000\000\000\000\000\000\000\000""; nodePubKey: ""\003.\200\224\215?)t\306\315\242\313\251\255\302\204=\232.\271%}\013\024s\024\002@\216l""\241F""; closeTime: 803902519; signature: ""0E\002!\000\201\216\n\206\027\346\352\224E\222my+N\260\311\367`\002\360\354\251\202""\335R""\003\231\030\232[\002 EM\007\203[\311\324\205\203\325\351\033tf\200\0062+b.e\246\025\246\375\276\235\272\364\353\316\007""; previousledger: ""\025{\341\203\016\355Wm\222\t\022+\207\321\343}^\317s\206\320\316\221\322\t\214\257\211\366S\177\277""; ","proposeSeq: 0; currentTxHash: ""\000\000\000\000\000\000\000\000\000\000\000\000\000\000\000\000\000\000\000\000\000\000\000\000\000\000\000\000\000\000\000\000""; nodePubKey: ""\003.\200\224\215?)t\306\315\242\313\251\255\302\204=\232.\271%}\013\024s\024\002@\216l""\241F""; closeTime: 803902519; signature: ""0E\002!\000\201\216\n\206\027\346\352\224E\222my+N\260\311\367`\002\360\354\251\202""\335R""\003\231\030\232[\002 EM\007\203[\311\324\205\203\325\351\033tf\200\0062+b.e\246\025\246\375\276\235\272\364\353\316\007""; previousledger: ""\025{\341\203\016\355Wm\222\t\022+\207\321\343}^\317s\206\320\316\221\322\t\214\257\211\366S\177\277""; "
1750587319781,1750587319781,0,1,1,2,TMProposeSet,"proposeSeq: 0; currentTxHash: ""\000\000\000\000\000\000\000\000\000\000\000\000\000\000\000\000\000\000\000\000\000\000\000\000\000\000\000\000\000\000\000\000""; nodePubKey: ""\003.\200\224\215?)t\306\315\242\313\251\255\302\204=\232.\271%}\013\024s\024\002@\216l""\241F""; closeTime: 803902519; signature: ""0E\002!\000\201\216\n\206\027\346\352\224E\222my+N\260\311\367`\002\360\354\251\202""\335R""\003\231\030\232[\002 EM\007\203[\311\324\205\203\325\351\033tf\200\0062+b.e\246\025\246\375\276\235\272\364\353\316\007""; previousledger: ""\025{\341\203\016\355Wm\222\t\022+\207\321\343}^\317s\206\320\316\221\322\t\214\257\211\366S\177\277""; ","proposeSeq: 0; currentTxHash: ""\000\000\000\000\000\000\000\000\000\000\000\000\000\000\000\000\000\000\000\000\000\000\000\000\000\000\000\000\000\000\000\000""; nodePubKey: ""\003.\200\224\215?)t\306\315\242\313\251\255\302\204=\232.\271%}\013\024s\024\002@\216l""\241F""; closeTime: 803902519; signature: ""0E\002!\000\201\216\n\206\027\346\352\224E\222my+N\260\311\367`\002\360\354\251\202""\335R""\003\231\030\232[\002 EM\007\203[\311\324\205\203\325\351\033tf\200\0062+b.e\246\025\246\375\276\235\272\364\353\316\007""; previousledger: ""\025{\341\203\016\355Wm\222\t\022+\207\321\343}^\317s\206\320\316\221\322\t\214\257\211\366S\177\277""; "
1750587319781,1750587319781,0,1,1,0,TMProposeSet,"proposeSeq: 0; currentTxHash: ""\000\000\000\000\000\000\000\000\000\000\000\000\000\000\000\000\000\000\000\000\000\000\000\000\000\000\000\000\000\000\000\000""; nodePubKey: ""\003.\200\224\215?)t\306\315\242\313\251\255\302\204=\232.\271%}\013\024s\024\002@\216l""\241F""; closeTime: 803902519; signature: ""0E\002!\000\201\216\n\206\027\346\352\224E\222my+N\260\311\367`\002\360\354\251\202""\335R""\003\231\030\232[\002 EM\007\203[\311\324\205\203\325\351\033tf\200\0062+b.e\246\025\246\375\276\235\272\364\353\316\007""; previousledger: ""\025{\341\203\016\355Wm\222\t\022+\207\321\343}^\317s\206\320\316\221\322\t\214\257\211\366S\177\277""; ","proposeSeq: 0; currentTxHash: ""\000\000\000\000\000\000\000\000\000\000\000\000\000\000\000\000\000\000\000\000\000\000\000\000\000\000\000\000\000\000\000\000""; nodePubKey: ""\003.\200\224\215?)t\306\315\242\313\251\255\302\204=\232.\271%}\013\024s\024\002@\216l""\241F""; closeTime: 803902519; signature: ""0E\002!\000\201\216\n\206\027\346\352\224E\222my+N\260\311\367`\002\360\354\251\202""\335R""\003\231\030\232[\002 EM\007\203[\311\324\205\203\325\351\033tf\200\0062+b.e\246\025\246\375\276\235\272\364\353\316\007""; previousledger: ""\025{\341\203\016\355Wm\222\t\022+\207\321\343}^\317s\206\320\316\221\322\t\214\257\211\366S\177\277""; "
1750587319773,1750587319849,0,1,4,2,TMStatusChange,"newEvent: neCLOSING_LEDGER; ledgerSeq: 18; ledgerHash: ""\025{\341\203\016\355Wm\222\t\022+\207\321\343}^\317s\206\320\316\221\322\t\214\257\211\366S\177\277""; ledgerHashPrevious: ""\336\037\263=\026\236A\324J9\261\341@\353\236\027\243\365\225\347\2315\205\014\356\333\201\232V!\026\010""; networkTime: 803902519; firstSeq: 1; lastSeq: 18; ","newEvent: neCLOSING_LEDGER; ledgerSeq: 18; ledgerHash: ""\025{\341\203\016\355Wm\222\t\022+\207\321\343}^\317s\206\320\316\221\322\t\214\257\211\366S\177\277""; ledgerHashPrevious: ""\336\037\263=\026\236A\324J9\261\341@\353\236\027\243\365\225\347\2315\205\014\356\333\201\232V!\026\010""; networkTime: 803902519; firstSeq: 1; lastSeq: 18; "
1750587319775,1750587319850,0,1,4,1,TMStatusChange,"newEvent: neCLOSING_LEDGER; ledgerSeq: 18; ledgerHash: ""\025{\341\203\016\355Wm\222\t\022+\207\321\343}^\317s\206\320\316\221\322\t\214\257\211\366S\177\277""; ledgerHashPrevious: ""\336\037\263=\026\236A\324J9\261\341@\353\236\027\243\365\225\347\2315\205\014\356\333\201\232V!\026\010""; networkTime: 803902519; firstSeq: 1; lastSeq: 18; ","newEvent: neCLOSING_LEDGER; ledgerSeq: 18; ledgerHash: ""\025{\341\203\016\355Wm\222\t\022+\207\321\343}^\317s\206\320\316\221\322\t\214\257\211\366S\177\277""; ledgerHashPrevious: ""\336\037\263=\026\236A\324J9\261\341@\353\236\027\243\365\225\347\2315\205\014\356\333\201\232V!\026\010""; networkTime: 803902519; firstSeq: 1; lastSeq: 18; "
1750587319774,1750587319849,0,1,4,0,TMStatusChange,"newEvent: neCLOSING_LEDGER; ledgerSeq: 18; ledgerHash: ""\025{\341\203\016\355Wm\222\t\022+\207\321\343}^\317s\206\320\316\221\322\t\214\257\211\366S\177\277""; ledgerHashPrevious: ""\336\037\263=\026\236A\324J9\261\341@\353\236\027\243\365\225\347\2315\205\014\356\333\201\232V!\026\010""; networkTime: 803902519; firstSeq: 1; lastSeq: 18; ","newEvent: neCLOSING_LEDGER; ledgerSeq: 18; ledgerHash: ""\025{\341\203\016\355Wm\222\t\022+\207\321\343}^\317s\206\320\316\221\322\t\214\257\211\366S\177\277""; ledgerHashPrevious: ""\336\037\263=\026\236A\324J9\261\341@\353\236\027\243\365\225\347\2315\205\014\356\333\201\232V!\026\010""; networkTime: 803902519; firstSeq: 1; lastSeq: 18; "
1750587319774,1750587319849,0,1,4,3,TMStatusChange,"newEvent: neCLOSING_LEDGER; ledgerSeq: 18; ledgerHash: ""\025{\341\203\016\355Wm\222\t\022+\207\321\343}^\317s\206\320\316\221\322\t\214\257\211\366S\177\277""; ledgerHashPrevious: ""\336\037\263=\026\236A\324J9\261\341@\353\236\027\243\365\225\347\2315\205\014\356\333\201\232V!\026\010""; networkTime: 803902519; firstSeq: 1; lastSeq: 18; ","newEvent: neCLOSING_LEDGER; ledgerSeq: 18; ledgerHash: ""\025{\341\203\016\355Wm\222\t\022+\207\321\343}^\317s\206\320\316\221\322\t\214\257\211\366S\177\277""; ledgerHashPrevious: ""\336\037\263=\026\236A\324J9\261\341@\353\236\027\243\365\225\347\2315\205\014\356\333\201\232V!\026\010""; networkTime: 803902519; firstSeq: 1; lastSeq: 18; "
1750587320459,1750587320459,0,1,1,3,TMStatusChange,"newEvent: neACCEPTED_LEDGER; ledgerSeq: 19; ledgerHash: ""\370\361\367\235\210sr\037\032`/X%b\364\000\2261<\024n\271\n\247\213\340ngjzz\321""; ledgerHashPrevious: ""\025{\341\203\016\355Wm\222\t\022+\207\321\343}^\317s\206\320\316\221\322\t\214\257\211\366S\177\277""; networkTime: 803902520; firstSeq: 1; lastSeq: 18; ","newEvent: neACCEPTED_LEDGER; ledgerSeq: 19; ledgerHash: ""\370\361\367\235\210sr\037\032`/X%b\364\000\2261<\024n\271\n\247\213\340ngjzz\321""; ledgerHashPrevious: ""\025{\341\203\016\355Wm\222\t\022+\207\321\343}^\317s\206\320\316\221\322\t\214\257\211\366S\177\277""; networkTime: 803902520; firstSeq: 1; lastSeq: 18; "
1750587320460,1750587320460,0,1,1,4,TMValidation,"validation: """"\200\000\000\001&\000\000\000\023)/\352\2248:?HT\314/\177\320^Q\370\361\367\235\210sr\037\032`/X%b\364\000\2261<\024n\271\n\247\213\340ngjzz\321P\027\000\000\000\000\000\000\000\000\000\000\000\000\000\000\000\000\000\000\000\000\000\000\000\000\000\000\000\000\000\000\000\000P\031\025{\341\203\016\355Wm\222\t\022+\207\321\343}^\317s\206\320\316\221\322\t\214\257\211\366S\177\277s!\003\343\005\311u\203\370\0338\3174\324\010\006\301\251\177\261\304eOX\262)FA-\022r\263wm\024vG0E\002!\000\251\037\006\372\246\362\326\322\251\243ZI\222\350~l:}\345\370\364\320\204<P\261\243\225r3\366\250\002 c\233\220\035$\331&n\236uI8\351\253\322\2140_y'\274A\322\232\025\253\326\225\204\033\211\363""; ","validation: """"\200\000\000\001&\000\000\000\023)/\352\2248:?HT\314/\177\320^Q\370\361\367\235\210sr\037\032`/X%b\364\000\2261<\024n\271\n\247\213\340ngjzz\321P\027\000\000\000\000\000\000\000\000\000\000\000\000\000\000\000\000\000\000\000\000\000\000\000\000\000\000\000\000\000\000\000\000P\031\025{\341\203\016\355Wm\222\t\022+\207\321\343}^\317s\206\320\316\221\322\t\214\257\211\366S\177\277s!\003\343\005\311u\203\370\0338\3174\324\010\006\301\251\177\261\304eOX\262)FA-\022r\263wm\024vG0E\002!\000\251\037\006\372\246\362\326\322\251\243ZI\222\350~l:}\345\370\364\320\204<P\261\243\225r3\366\250\002 c\233\220\035$\331&n\236uI8\351\253\322\2140_y'\274A\322\232\025\253\326\225\204\033\211\363""; "
1750587320461,1750587320461,0,1,1,2,TMStatusChange,"newEvent: neACCEPTED_LEDGER; ledgerSeq: 19; ledgerHash: ""\370\361\367\235\210sr\037\032`/X%b\364\000\2261<\024n\271\n\247\213\340ngjzz\321""; ledgerHashPrevious: ""\025{\341\203\016\355Wm\222\t\022+\207\321\343}^\317s\206\320\316\221\322\t\214\257\211\366S\177\277""; networkTime: 803902520; firstSeq: 1; lastSeq: 18; ","newEvent: neACCEPTED_LEDGER; ledgerSeq: 19; ledgerHash: ""\370\361\367\235\210sr\037\032`/X%b\364\000\2261<\024n\271\n\247\213\340ngjzz\321""; ledgerHashPrevious: ""\025{\341\203\016\355Wm\222\t\022+\207\321\343}^\317s\206\320\316\221\322\t\214\257\211\366S\177\277""; networkTime: 803902520; firstSeq: 1; lastSeq: 18; "
1750587320460,1750587320460,0,1,1,4,TMStatusChange,"newEvent: neACCEPTED_LEDGER; ledgerSeq: 19; ledgerHash: ""\370\361\367\235\210sr\037\032`/X%b\364\000\2261<\024n\271\n\247\213\340ngjzz\321""; ledgerHashPrevious: ""\025{\341\203\016\355Wm\222\t\022+\207\321\343}^\317s\206\320\316\221\322\t\214\257\211\366S\177\277""; networkTime: 803902520; firstSeq: 1; lastSeq: 18; ","newEvent: neACCEPTED_LEDGER; ledgerSeq: 19; ledgerHash: ""\370\361\367\235\210sr\037\032`/X%b\364\000\2261<\024n\271\n\247\213\340ngjzz\321""; ledgerHashPrevious: ""\025{\341\203\016\355Wm\222\t\022+\207\321\343}^\317s\206\320\316\221\322\t\214\257\211\366S\177\277""; networkTime: 803902520; firstSeq: 1; lastSeq: 18; "
1750587320462,1750587320462,0,1,1,0,TMStatusChange,"newEvent: neACCEPTED_LEDGER; ledgerSeq: 19; ledgerHash: ""\370\361\367\235\210sr\037\032`/X%b\364\000\2261<\024n\271\n\247\213\340ngjzz\321""; ledgerHashPrevious: ""\025{\341\203\016\355Wm\222\t\022+\207\321\343}^\317s\206\320\316\221\322\t\214\257\211\366S\177\277""; networkTime: 803902520; firstSeq: 1; lastSeq: 18; ","newEvent: neACCEPTED_LEDGER; ledgerSeq: 19; ledgerHash: ""\370\361\367\235\210sr\037\032`/X%b\364\000\2261<\024n\271\n\247\213\340ngjzz\321""; ledgerHashPrevious: ""\025{\341\203\016\355Wm\222\t\022+\207\321\343}^\317s\206\320\316\221\322\t\214\257\211\366S\177\277""; networkTime: 803902520; firstSeq: 1; lastSeq: 18; "
1750587320464,1750587320464,0,1,4,3,TMValidation,"validation: """"\200\000\000\001&\000\000\000\023)/\352\2248:?HT\314/\177\320^Q\370\361\367\235\210sr\037\032`/X%b\364\000\2261<\024n\271\n\247\213\340ngjzz\321P\027\000\000\000\000\000\000\000\000\000\000\000\000\000\000\000\000\000\000\000\000\000\000\000\000\000\000\000\000\000\000\000\000P\031\025{\341\203\016\355Wm\222\t\022+\207\321\343}^\317s\206\320\316\221\322\t\214\257\211\366S\177\277s!\003\343\005\311u\203\370\0338\3174\324\010\006\301\251\177\261\304eOX\262)FA-\022r\263wm\024vG0E\002!\000\251\037\006\372\246\362\326\322\251\243ZI\222\350~l:}\345\370\364\320\204<P\261\243\225r3\366\250\002 c\233\220\035$\331&n\236uI8\351\253\322\2140_y'\274A\322\232\025\253\326\225\204\033\211\363""; ","validation: """"\200\000\000\001&\000\000\000\023)/\352\2248:?HT\314/\177\320^Q\370\361\367\235\210sr\037\032`/X%b\364\000\2261<\024n\271\n\247\213\340ngjzz\321P\027\000\000\000\000\000\000\000\000\000\000\000\000\000\000\000\000\000\000\000\000\000\000\000\000\000\000\000\000\000\000\000\000P\031\025{\341\203\016\355Wm\222\t\022+\207\321\343}^\317s\206\320\316\221\322\t\214\257\211\366S\177\277s!\003\343\005\311u\203\370\0338\3174\324\010\006\301\251\177\261\304eOX\262)FA-\022r\263wm\024vG0E\002!\000\251\037\006\372\246\362\326\322\251\243ZI\222\350~l:}\345\370\364\320\204<P\261\243\225r3\366\250\002 c\233\220\035$\331&n\236uI8\351\253\322\2140_y'\274A\322\232\025\253\326\225\204\033\211\363""; "
1750587320465,1750587320465,0,1,4,0,TMGetLedger,"itype: liBASE; ledgerHash: ""\370\361\367\235\210sr\037\032`/X%b\364\000\2261<\024n\271\n\247\213\340ngjzz\321""; ","itype: liBASE; ledgerHash: ""\370\361\367\235\210sr\037\032`/X%b\364\000\2261<\024n\271\n\247\213\340ngjzz\321""; "
1750587320465,1750587320465,0,1,4,2,TMValidation,"validation: """"\200\000\000\001&\000\000\000\023)/\352\2248:?HT\314/\177\320^Q\370\361\367\235\210sr\037\032`/X%b\364\000\2261<\024n\271\n\247\213\340ngjzz\321P\027\000\000\000\000\000\000\000\000\000\000\000\000\000\000\000\000\000\000\000\000\000\000\000\000\000\000\000\000\000\000\000\000P\031\025{\341\203\016\355Wm\222\t\022+\207\321\343}^\317s\206\320\316\221\322\t\214\257\211\366S\177\277s!\003\343\005\311u\203\370\0338\3174\324\010\006\301\251\177\261\304eOX\262)FA-\022r\263wm\024vG0E\002!\000\251\037\006\372\246\362\326\322\251\243ZI\222\350~l:}\345\370\364\320\204<P\261\243\225r3\366\250\002 c\233\220\035$\331&n\236uI8\351\253\322\2140_y'\274A\322\232\025\253\326\225\204\033\211\363""; ","validation: """"\200\000\000\001&\000\000\000\023)/\352\2248:?HT\314/\177\320^Q\370\361\367\235\210sr\037\032`/X%b\364\000\2261<\024n\271\n\247\213\340ngjzz\321P\027\000\000\000\000\000\000\000\000\000\000\000\000\000\000\000\000\000\000\000\000\000\000\000\000\000\000\000\000\000\000\000\000P\031\025{\341\203\016\355Wm\222\t\022+\207\321\343}^\317s\206\320\316\221\322\t\214\257\211\366S\177\277s!\003\343\005\311u\203\370\0338\3174\324\010\006\301\251\177\261\304eOX\262)FA-\022r\263wm\024vG0E\002!\000\251\037\006\372\246\362\326\322\251\243ZI\222\350~l:}\345\370\364\320\204<P\261\243\225r3\366\250\002 c\233\220\035$\331&n\236uI8\351\253\322\2140_y'\274A\322\232\025\253\326\225\204\033\211\363""; "
1750587320465,1750587320465,0,1,4,3,TMGetLedger,"itype: liBASE; ledgerHash: ""\370\361\367\235\210sr\037\032`/X%b\364\000\2261<\024n\271\n\247\213\340ngjzz\321""; ","itype: liBASE; ledgerHash: ""\370\361\367\235\210sr\037\032`/X%b\364\000\2261<\024n\271\n\247\213\340ngjzz\321""; "
1750587320466,1750587320466,0,1,4,0,TMValidation,"validation: """"\200\000\000\001&\000\000\000\023)/\352\2248:?HT\314/\177\320^Q\370\361\367\235\210sr\037\032`/X%b\364\000\2261<\024n\271\n\247\213\340ngjzz\321P\027\000\000\000\000\000\000\000\000\000\000\000\000\000\000\000\000\000\000\000\000\000\000\000\000\000\000\000\000\000\000\000\000P\031\025{\341\203\016\355Wm\222\t\022+\207\321\343}^\317s\206\320\316\221\322\t\214\257\211\366S\177\277s!\003\343\005\311u\203\370\0338\3174\324\010\006\301\251\177\261\304eOX\262)FA-\022r\263wm\024vG0E\002!\000\251\037\006\372\246\362\326\322\251\243ZI\222\350~l:}\345\370\364\320\204<P\261\243\225r3\366\250\002 c\233\220\035$\331&n\236uI8\351\253\322\2140_y'\274A\322\232\025\253\326\225\204\033\211\363""; ","validation: """"\200\000\000\001&\000\000\000\023)/\352\2248:?HT\314/\177\320^Q\370\361\367\235\210sr\037\032`/X%b\364\000\2261<\024n\271\n\247\213\340ngjzz\321P\027\000\000\000\000\000\000\000\000\000\000\000\000\000\000\000\000\000\000\000\000\000\000\000\000\000\000\000\000\000\000\000\000P\031\025{\341\203\016\355Wm\222\t\022+\207\321\343}^\317s\206\320\316\221\322\t\214\257\211\366S\177\277s!\003\343\005\311u\203\370\0338\3174\324\010\006\301\251\177\261\304eOX\262)FA-\022r\263wm\024vG0E\002!\000\251\037\006\372\246\362\326\322\251\243ZI\222\350~l:}\345\370\364\320\204<P\261\243\225r3\366\250\002 c\233\220\035$\331&n\236uI8\351\253\322\2140_y'\274A\322\232\025\253\326\225\204\033\211\363""; "
1750587320466,1750587320466,0,1,4,1,TMGetLedger,"itype: liBASE; ledgerHash: ""\370\361\367\235\210sr\037\032`/X%b\364\000\2261<\024n\271\n\247\213\340ngjzz\321""; ","itype: liBASE; ledgerHash: ""\370\361\367\235\210sr\037\032`/X%b\364\000\2261<\024n\271\n\247\213\340ngjzz\321""; "
1750587320467,1750587320467,0,1,4,2,TMGetLedger,"itype: liBASE; ledgerHash: ""\370\361\367\235\210sr\037\032`/X%b\364\000\2261<\024n\271\n\247\213\340ngjzz\321""; ","itype: liBASE; ledgerHash: ""\370\361\367\235\210sr\037\032`/X%b\364\000\2261<\024n\271\n\247\213\340ngjzz\321""; "
1750587320467,1750587320467,0,1,4,0,TMGetLedger,"itype: liBASE; ledgerHash: ""\370\361\367\235\210sr\037\032`/X%b\364\000\2261<\024n\271\n\247\213\340ngjzz\321""; queryType: qtINDIRECT; ","itype: liBASE; ledgerHash: ""\370\361\367\235\210sr\037\032`/X%b\364\000\2261<\024n\271\n\247\213\340ngjzz\321""; queryType: qtINDIRECT; "
1750587320468,1750587320468,0,1,4,2,TMGetLedger,"itype: liBASE; ledgerHash: ""\370\361\367\235\210sr\037\032`/X%b\364\000\2261<\024n\271\n\247\213\340ngjzz\321""; queryType: qtINDIRECT; ","itype: liBASE; ledgerHash: ""\370\361\367\235\210sr\037\032`/X%b\364\000\2261<\024n\271\n\247\213\340ngjzz\321""; queryType: qtINDIRECT; "
1750587320469,1750587320469,0,1,4,3,TMGetLedger,"itype: liBASE; ledgerHash: ""\370\361\367\235\210sr\037\032`/X%b\364\000\2261<\024n\271\n\247\213\340ngjzz\321""; queryType: qtINDIRECT; ","itype: liBASE; ledgerHash: ""\370\361\367\235\210sr\037\032`/X%b\364\000\2261<\024n\271\n\247\213\340ngjzz\321""; queryType: qtINDIRECT; "
1750587320469,1750587320469,0,1,4,1,TMGetLedger,"itype: liBASE; ledgerHash: ""\370\361\367\235\210sr\037\032`/X%b\364\000\2261<\024n\271\n\247\213\340ngjzz\321""; queryType: qtINDIRECT; ","itype: liBASE; ledgerHash: ""\370\361\367\235\210sr\037\032`/X%b\364\000\2261<\024n\271\n\247\213\340ngjzz\321""; queryType: qtINDIRECT; "
1750587320470,1750587320470,0,1,3,2,TMValidation,"validation: """"\200\000\000\001&\000\000\000\023)/\352\2248:?HT\314/\177\320^Q\370\361\367\235\210sr\037\032`/X%b\364\000\2261<\024n\271\n\247\213\340ngjzz\321P\027\000\000\000\000\000\000\000\000\000\000\000\000\000\000\000\000\000\000\000\000\000\000\000\000\000\000\000\000\000\000\000\000P\031\025{\341\203\016\355Wm\222\t\022+\207\321\343}^\317s\206\320\316\221\322\t\214\257\211\366S\177\277s!\003\343\005\311u\203\370\0338\3174\324\010\006\301\251\177\261\304eOX\262)FA-\022r\263wm\024vG0E\002!\000\251\037\006\372\246\362\326\322\251\243ZI\222\350~l:}\345\370\364\320\204<P\261\243\225r3\366\250\002 c\233\220\035$\331&n\236uI8\351\253\322\2140_y'\274A\322\232\025\253\326\225\204\033\211\363""; ","validation: """"\200\000\000\001&\000\000\000\023)/\352\2248:?HT\314/\177\320^Q\370\361\367\235\210sr\037\032`/X%b\364\000\2261<\024n\271\n\247\213\340ngjzz\321P\027\000\000\000\000\000\000\000\000\000\000\000\000\000\000\000\000\000\000\000\000\000\000\000\000\000\000\000\000\000\000\000\000P\031\025{\341\203\016\355Wm\222\t\022+\207\321\343}^\317s\206\320\316\221\322\t\214\257\211\366S\177\277s!\003\343\005\311u\203\370\0338\3174\324\010\006\301\251\177\261\304eOX\262)FA-\022r\263wm\024vG0E\002!\000\251\037\006\372\246\362\326\322\251\243ZI\222\350~l:}\345\370\364\320\204<P\261\243\225r3\366\250\002 c\233\220\035$\331&n\236uI8\351\253\322\2140_y'\274A\322\232\025\253\326\225\204\033\211\363""; "
1750587320470,1750587320471,0,1,3,1,TMValidation,"validation: """"\200\000\000\001&\000\000\000\023)/\352\2248:?HT\314/\177\320^Q\370\361\367\235\210sr\037\032`/X%b\364\000\2261<\024n\271\n\247\213\340ngjzz\321P\027\000\000\000\000\000\000\000\000\000\000\000\000\000\000\000\000\000\000\000\000\000\000\000\000\000\000\000\000\000\000\000\000P\031\025{\341\203\016\355Wm\222\t\022+\207\321\343}^\317s\206\320\316\221\322\t\214\257\211\366S\177\277s!\003\343\005\311u\203\370\0338\3174\324\010\006\301\251\177\261\304eOX\262)FA-\022r\263wm\024vG0E\002!\000\251\037\006\372\246\362\326\322\251\243ZI\222\350~l:}\345\370\364\320\204<P\261\243\225r3\366\250\002 c\233\220\035$\331&n\236uI8\351\253\322\2140_y'\274A\322\232\025\253\326\225\204\033\211\363""; ","validation: """"\200\000\000\001&\000\000\000\023)/\352\2248:?HT\314/\177\320^Q\370\361\367\235\210sr\037\032`/X%b\364\000\2261<\024n\271\n\247\213\340ngjzz\321P\027\000\000\000\000\000\000\000\000\000\000\000\000\000\000\000\000\000\000\000\000\000\000\000\000\000\000\000\000\000\000\000\000P\031\025{\341\203\016\355Wm\222\t\022+\207\321\343}^\317s\206\320\316\221\322\t\214\257\211\366S\177\277s!\003\343\005\311u\203\370\0338\3174\324\010\006\301\251\177\261\304eOX\262)FA-\022r\263wm\024vG0E\002!\000\251\037\006\372\246\362\326\322\251\243ZI\222\350~l:}\345\370\364\320\204<P\261\243\225r3\366\250\002 c\233\220\035$\331&n\236uI8\351\253\322\2140_y'\274A\322\232\025\253\326\225\204\033\211\363""; "
1750587320471,1750587320471,0,1,3,0,TMValidation,"validation: """"\200\000\000\001&\000\000\000\023)/\352\2248:?HT\314/\177\320^Q\370\361\367\235\210sr\037\032`/X%b\364\000\2261<\024n\271\n\247\213\340ngjzz\321P\027\000\000\000\000\000\000\000\000\000\000\000\000\000\000\000\000\000\000\000\000\000\000\000\000\000\000\000\000\000\000\000\000P\031\025{\341\203\016\355Wm\222\t\022+\207\321\343}^\317s\206\320\316\221\322\t\214\257\211\366S\177\277s!\003\343\005\311u\203\370\0338\3174\324\010\006\301\251\177\261\304eOX\262)FA-\022r\263wm\024vG0E\002!\000\251\037\006\372\246\362\326\322\251\243ZI\222\350~l:}\345\370\364\320\204<P\261\243\225r3\366\250\002 c\233\220\035$\331&n\236uI8\351\253\322\2140_y'\274A\322\232\025\253\326\225\204\033\211\363""; ","validation: """"\200\000\000\001&\000\000\000\023)/\352\2248:?HT\314/\177\320^Q\370\361\367\235\210sr\037\032`/X%b\364\000\2261<\024n\271\n\247\213\340ngjzz\321P\027\000\000\000\000\000\000\000\000\000\000\000\000\000\000\000\000\000\000\000\000\000\000\000\000\000\000\000\000\000\000\000\000P\031\025{\341\203\016\355Wm\222\t\022+\207\321\343}^\317s\206\320\316\221\322\t\214\257\211\366S\177\277s!\003\343\005\311u\203\370\0338\3174\324\010\006\301\251\177\261\304eOX\262)FA-\022r\263wm\024vG0E\002!\000\251\037\006\372\246\362\326\322\251\243ZI\222\350~l:}\345\370\364\320\204<P\261\243\225r3\366\250\002 c\233\220\035$\331&n\236uI8\351\253\322\2140_y'\274A\322\232\025\253\326\225\204\033\211\363""; "
1750587320472,1750587320472,0,1,3,4,TMGetLedger,"itype: liBASE; ledgerHash: ""\370\361\367\235\210sr\037\032`/X%b\364\000\2261<\024n\271\n\247\213\340ngjzz\321""; ","itype: liBASE; ledgerHash: ""\370\361\367\235\210sr\037\032`/X%b\364\000\2261<\024n\271\n\247\213\340ngjzz\321""; "
1750587320473,1750587320473,0,1,3,4,TMGetLedger,"itype: liBASE; ledgerHash: ""\370\361\367\235\210sr\037\032`/X%b\364\000\2261<\024n\271\n\247\213\340ngjzz\321""; queryType: qtINDIRECT; ","itype: liBASE; ledgerHash: ""\370\361\367\235\210sr\037\032`/X%b\364\000\2261<\024n\271\n\247\213\340ngjzz\321""; queryType: qtINDIRECT; "
1750587320474,1750587320474,0,1,2,1,TMValidation,"validation: """"\200\000\000\001&\000\000\000\023)/\352\2248:?HT\314/\177\320^Q\370\361\367\235\210sr\037\032`/X%b\364\000\2261<\024n\271\n\247\213\340ngjzz\321P\027\000\000\000\000\000\000\000\000\000\000\000\000\000\000\000\000\000\000\000\000\000\000\000\000\000\000\000\000\000\000\000\000P\031\025{\341\203\016\355Wm\222\t\022+\207\321\343}^\317s\206\320\316\221\322\t\214\257\211\366S\177\277s!\003\343\005\311u\203\370\0338\3174\324\010\006\301\251\177\261\304eOX\262)FA-\022r\263wm\024vG0E\002!\000\251\037\006\372\246\362\326\322\251\243ZI\222\350~l:}\345\370\364\320\204<P\261\243\225r3\366\250\002 c\233\220\035$\331&n\236uI8\351\253\322\2140_y'\274A\322\232\025\253\326\225\204\033\211\363""; ","validation: """"\200\000\000\001&\000\000\000\023)/\352\2248:?HT\314/\177\320^Q\370\361\367\235\210sr\037\032`/X%b\364\000\2261<\024n\271\n\247\213\340ngjzz\321P\027\000\000\000\000\000\000\000\000\000\000\000\000\000\000\000\000\000\000\000\000\000\000\000\000\000\000\000\000\000\000\000\000P\031\025{\341\203\016\355Wm\222\t\022+\207\321\343}^\317s\206\320\316\221\322\t\214\257\211\366S\177\277s!\003\343\005\311u\203\370\0338\3174\324\010\006\301\251\177\261\304eOX\262)FA-\022r\263wm\024vG0E\002!\000\251\037\006\372\246\362\326\322\251\243ZI\222\350~l:}\345\370\364\320\204<P\261\243\225r3\366\250\002 c\233\220\035$\331&n\236uI8\351\253\322\2140_y'\274A\322\232\025\253\326\225\204\033\211\363""; "
1750587320475,1750587320475,0,1,2,3,TMValidation,"validation: """"\200\000\000\001&\000\000\000\023)/\352\2248:?HT\314/\177\320^Q\370\361\367\235\210sr\037\032`/X%b\364\000\2261<\024n\271\n\247\213\340ngjzz\321P\027\000\000\000\000\000\000\000\000\000\000\000\000\000\000\000\000\000\000\000\000\000\000\000\000\000\000\000\000\000\000\000\000P\031\025{\341\203\016\355Wm\222\t\022+\207\321\343}^\317s\206\320\316\221\322\t\214\257\211\366S\177\277s!\003\343\005\311u\203\370\0338\3174\324\010\006\301\251\177\261\304eOX\262)FA-\022r\263wm\024vG0E\002!\000\251\037\006\372\246\362\326\322\251\243ZI\222\350~l:}\345\370\364\320\204<P\261\243\225r3\366\250\002 c\233\220\035$\331&n\236uI8\351\253\322\2140_y'\274A\322\232\025\253\326\225\204\033\211\363""; ","validation: """"\200\000\000\001&\000\000\000\023)/\352\2248:?HT\314/\177\320^Q\370\361\367\235\210sr\037\032`/X%b\364\000\2261<\024n\271\n\247\213\340ngjzz\321P\027\000\000\000\000\000\000\000\000\000\000\000\000\000\000\000\000\000\000\000\000\000\000\000\000\000\000\000\000\000\000\000\000P\031\025{\341\203\016\355Wm\222\t\022+\207\321\343}^\317s\206\320\316\221\322\t\214\257\211\366S\177\277s!\003\343\005\311u\203\370\0338\3174\324\010\006\301\251\177\261\304eOX\262)FA-\022r\263wm\024vG0E\002!\000\251\037\006\372\246\362\326\322\251\243ZI\222\350~l:}\345\370\364\320\204<P\261\243\225r3\366\250\002 c\233\220\035$\331&n\236uI8\351\253\322\2140_y'\274A\322\232\025\253\326\225\204\033\211\363""; "
1750587320476,1750587320476,0,1,2,0,TMValidation,"validation: """"\200\000\000\001&\000\000\000\023)/\352\2248:?HT\314/\177\320^Q\370\361\367\235\210sr\037\032`/X%b\364\000\2261<\024n\271\n\247\213\340ngjzz\321P\027\000\000\000\000\000\000\000\000\000\000\000\000\000\000\000\000\000\000\000\000\000\000\000\000\000\000\000\000\000\000\000\000P\031\025{\341\203\016\355Wm\222\t\022+\207\321\343}^\317s\206\320\316\221\322\t\214\257\211\366S\177\277s!\003\343\005\311u\203\370\0338\3174\324\010\006\301\251\177\261\304eOX\262)FA-\022r\263wm\024vG0E\002!\000\251\037\006\372\246\362\326\322\251\243ZI\222\350~l:}\345\370\364\320\204<P\261\243\225r3\366\250\002 c\233\220\035$\331&n\236uI8\351\253\322\2140_y'\274A\322\232\025\253\326\225\204\033\211\363""; ","validation: """"\200\000\000\001&\000\000\000\023)/\352\2248:?HT\314/\177\320^Q\370\361\367\235\210sr\037\032`/X%b\364\000\2261<\024n\271\n\247\213\340ngjzz\321P\027\000\000\000\000\000\000\000\000\000\000\000\000\000\000\000\000\000\000\000\000\000\000\000\000\000\000\000\000\000\000\000\000P\031\025{\341\203\016\355Wm\222\t\022+\207\321\343}^\317s\206\320\316\221\322\t\214\257\211\366S\177\277s!\003\343\005\311u\203\370\0338\3174\324\010\006\301\251\177\261\304eOX\262)FA-\022r\263wm\024vG0E\002!\000\251\037\006\372\246\362\326\322\251\243ZI\222\350~l:}\345\370\364\320\204<P\261\243\225r3\366\250\002 c\233\220\035$\331&n\236uI8\351\253\322\2140_y'\274A\322\232\025\253\326\225\204\033\211\363""; "
1750587320476,1750587320476,0,1,2,4,TMGetLedger,"itype: liBASE; ledgerHash: ""\370\361\367\235\210sr\037\032`/X%b\364\000\2261<\024n\271\n\247\213\340ngjzz\321""; ","itype: liBASE; ledgerHash: ""\370\361\367\235\210sr\037\032`/X%b\364\000\2261<\024n\271\n\247\213\340ngjzz\321""; "
1750587320477,1750587320477,0,1,2,4,TMGetLedger,"itype: liBASE; ledgerHash: ""\370\361\367\235\210sr\037\032`/X%b\364\000\2261<\024n\271\n\247\213\340ngjzz\321""; queryType: qtINDIRECT; ","itype: liBASE; ledgerHash: ""\370\361\367\235\210sr\037\032`/X%b\364\000\2261<\024n\271\n\247\213\340ngjzz\321""; queryType: qtINDIRECT; "
1750587320477,1750587320478,0,1,0,3,TMValidation,"validation: """"\200\000\000\001&\000\000\000\023)/\352\2248:?HT\314/\177\320^Q\370\361\367\235\210sr\037\032`/X%b\364\000\2261<\024n\271\n\247\213\340ngjzz\321P\027\000\000\000\000\000\000\000\000\000\000\000\000\000\000\000\000\000\000\000\000\000\000\000\000\000\000\000\000\000\000\000\000P\031\025{\341\203\016\355Wm\222\t\022+\207\321\343}^\317s\206\320\316\221\322\t\214\257\211\366S\177\277s!\003\343\005\311u\203\370\0338\3174\324\010\006\301\251\177\261\304eOX\262)FA-\022r\263wm\024vG0E\002!\000\251\037\006\372\246\362\326\322\251\243ZI\222\350~l:}\345\370\364\320\204<P\261\243\225r3\366\250\002 c\233\220\035$\331&n\236uI8\351\253\322\2140_y'\274A\322\232\025\253\326\225\204\033\211\363""; ","validation: """"\200\000\000\001&\000\000\000\023)/\352\2248:?HT\314/\177\320^Q\370\361\367\235\210sr\037\032`/X%b\364\000\2261<\024n\271\n\247\213\340ngjzz\321P\027\000\000\000\000\000\000\000\000\000\000\000\000\000\000\000\000\000\000\000\000\000\000\000\000\000\000\000\000\000\000\000\000P\031\025{\341\203\016\355Wm\222\t\022+\207\321\343}^\317s\206\320\316\221\322\t\214\257\211\366S\177\277s!\003\343\005\311u\203\370\0338\3174\324\010\006\301\251\177\261\304eOX\262)FA-\022r\263wm\024vG0E\002!\000\251\037\006\372\246\362\326\322\251\243ZI\222\350~l:}\345\370\364\320\204<P\261\243\225r3\366\250\002 c\233\220\035$\331&n\236uI8\351\253\322\2140_y'\274A\322\232\025\253\326\225\204\033\211\363""; "
1750587320478,1750587320478,0,1,0,2,TMValidation,"validation: """"\200\000\000\001&\000\000\000\023)/\352\2248:?HT\314/\177\320^Q\370\361\367\235\210sr\037\032`/X%b\364\000\2261<\024n\271\n\247\213\340ngjzz\321P\027\000\000\000\000\000\000\000\000\000\000\000\000\000\000\000\000\000\000\000\000\000\000\000\000\000\000\000\000\000\000\000\000P\031\025{\341\203\016\355Wm\222\t\022+\207\321\343}^\317s\206\320\316\221\322\t\214\257\211\366S\177\277s!\003\343\005\311u\203\370\0338\3174\324\010\006\301\251\177\261\304eOX\262)FA-\022r\263wm\024vG0E\002!\000\251\037\006\372\246\362\326\322\251\243ZI\222\350~l:}\345\370\364\320\204<P\261\243\225r3\366\250\002 c\233\220\035$\331&n\236uI8\351\253\322\2140_y'\274A\322\232\025\253\326\225\204\033\211\363""; ","validation: """"\200\000\000\001&\000\000\000\023)/\352\2248:?HT\314/\177\320^Q\370\361\367\235\210sr\037\032`/X%b\364\000\2261<\024n\271\n\247\213\340ngjzz\321P\027\000\000\000\000\000\000\000\000\000\000\000\000\000\000\000\000\000\000\000\000\000\000\000\000\000\000\000\000\000\000\000\000P\031\025{\341\203\016\355Wm\222\t\022+\207\321\343}^\317s\206\320\316\221\322\t\214\257\211\366S\177\277s!\003\343\005\311u\203\370\0338\3174\324\010\006\301\251\177\261\304eOX\262)FA-\022r\263wm\024vG0E\002!\000\251\037\006\372\246\362\326\322\251\243ZI\222\350~l:}\345\370\364\320\204<P\261\243\225r3\366\250\002 c\233\220\035$\331&n\236uI8\351\253\322\2140_y'\274A\322\232\025\253\326\225\204\033\211\363""; "
1750587320479,1750587320479,0,1,0,4,TMGetLedger,"itype: liBASE; ledgerHash: ""\370\361\367\235\210sr\037\032`/X%b\364\000\2261<\024n\271\n\247\213\340ngjzz\321""; ","itype: liBASE; ledgerHash: ""\370\361\367\235\210sr\037\032`/X%b\364\000\2261<\024n\271\n\247\213\340ngjzz\321""; "
1750587320479,1750587320480,0,1,0,1,TMValidation,"validation: """"\200\000\000\001&\000\000\000\023)/\352\2248:?HT\314/\177\320^Q\370\361\367\235\210sr\037\032`/X%b\364\000\2261<\024n\271\n\247\213\340ngjzz\321P\027\000\000\000\000\000\000\000\000\000\000\000\000\000\000\000\000\000\000\000\000\000\000\000\000\000\000\000\000\000\000\000\000P\031\025{\341\203\016\355Wm\222\t\022+\207\321\343}^\317s\206\320\316\221\322\t\214\257\211\366S\177\277s!\003\343\005\311u\203\370\0338\3174\324\010\006\301\251\177\261\304eOX\262)FA-\022r\263wm\024vG0E\002!\000\251\037\006\372\246\362\326\322\251\243ZI\222\350~l:}\345\370\364\320\204<P\261\243\225r3\366\250\002 c\233\220\035$\331&n\236uI8\351\253\322\2140_y'\274A\322\232\025\253\326\225\204\033\211\363""; ","validation: """"\200\000\000\001&\000\000\000\023)/\352\2248:?HT\314/\177\320^Q\370\361\367\235\210sr\037\032`/X%b\364\000\2261<\024n\271\n\247\213\340ngjzz\321P\027\000\000\000\000\000\000\000\000\000\000\000\000\000\000\000\000\000\000\000\000\000\000\000\000\000\000\000\000\000\000\000\000P\031\025{\341\203\016\355Wm\222\t\022+\207\321\343}^\317s\206\320\316\221\322\t\214\257\211\366S\177\277s!\003\343\005\311u\203\370\0338\3174\324\010\006\301\251\177\261\304eOX\262)FA-\022r\263wm\024vG0E\002!\000\251\037\006\372\246\362\326\322\251\243ZI\222\350~l:}\345\370\364\320\204<P\261\243\225r3\366\250\002 c\233\220\035$\331&n\236uI8\351\253\322\2140_y'\274A\322\232\025\253\326\225\204\033\211\363""; "
1750587320481,1750587320481,0,1,0,4,TMGetLedger,"itype: liBASE; ledgerHash: ""\370\361\367\235\210sr\037\032`/X%b\364\000\2261<\024n\271\n\247\213\340ngjzz\321""; queryType: qtINDIRECT; ","itype: liBASE; ledgerHash: ""\370\361\367\235\210sr\037\032`/X%b\364\000\2261<\024n\271\n\247\213\340ngjzz\321""; queryType: qtINDIRECT; "
1750587320481,1750587320481,0,1,1,4,TMLedgerData,"ledgerHash: ""\370\361\367\235\210sr\037\032`/X%b\364\000\2261<\024n\271\n\247\213\340ngjzz\321""; ledgerSeq: 19; type: liBASE; nodes {;   nodedata: ""\000\000\000\023\001cEx]\211\377\330\025{\341\203\016\355Wm\222\t\022+\207\321\343}^\317s\206\320\316\221\322\t\214\257\211\366S\177\277\000\000\000\000\000\000\000\000\000\000\000\000\000\000\000\000\000\000\000\000\000\000\000\000\000\000\000\000\000\000\000\000N\241\341ZP\2722\360r\246\353!P:\320\374x\3414\227K\230\010 \250t\266\3350QD\004/\352\2248/\352\2249\n\000""; }; nodes {;   nodedata: ""h\315\350\215y\203\242]\371\235\232Pt&\325\210eZ\346\237XZ \277\2457n\221\336\253\245\317\002\304\206+8\t]\351\316\373|\311\263V\300\023\035\211\237\260\300\r\033u3a1\203\303\365\307k\347\006E\344\037@\210\363\010\336T\226\247'\204_{\261\370""1\235\2445\343\033Y!\212\201\341\272\225'\007*$\244&\336\343'\233i\332\374\245 {^\306-N\333\gE\006\347\212\331C\211Z\177\247\031\n+h\312D\3750\343\206J\340\301i\355\362B\306\222U\017\343\213\352\357\206\340m\267\260\r\236e\234\013\202_n)6q\357\2538_-\302\252B\204v\277\254\373\3322Ca\020\243\0105\263\257\367\032\254\016\003""; }; ","ledgerHash: ""\370\361\367\235\210sr\037\032`/X%b\364\000\2261<\024n\271\n\247\213\340ngjzz\321""; ledgerSeq: 19; type: liBASE; nodes {;   nodedata: ""\000\000\000\023\001cEx]\211\377\330\025{\341\203\016\355Wm\222\t\022+\207\321\343}^\317s\206\320\316\221\322\t\214\257\211\366S\177\277\000\000\000\000\000\000\000\000\000\000\000\000\000\000\000\000\000\000\000\000\000\000\000\000\000\000\000\000\000\000\000\000N\241\341ZP\2722\360r\246\353!P:\320\374x\3414\227K\230\010 \250t\266\3350QD\004/\352\2248/\352\2249\n\000""; }; nodes {;   nodedata: ""h\315\350\215y\203\242]\371\235\232Pt&\325\210eZ\346\237XZ \277\2457n\221\336\253\245\317\002\304\206+8\t]\351\316\373|\311\263V\300\023\035\211\237\260\300\r\033u3a1\203\303\365\307k\347\006E\344\037@\210\363\010\336T\226\247'\204_{\261\370""1\235\2445\343\033Y!\212\201\341\272\225'\007*$\244&\336\343'\233i\332\374\245 {^\306-N\333\gE\006\347\212\331C\211Z\177\247\031\n+h\312D\3750\343\206J\340\301i\355\362B\306\222U\017\343\213\352\357\206\340m\267\260\r\236e\234\013\202_n)6q\357\2538_-\302\252B\204v\277\254\373\3322Ca\020\243\0105\263\257\367\032\254\016\003""; }; "
1750587320481,1750587320482,0,1,1,4,TMLedgerData,"ledgerHash: ""\370\361\367\235\210sr\037\032`/X%b\364\000\2261<\024n\271\n\247\213\340ngjzz\321""; ledgerSeq: 19; type: liBASE; nodes {;   nodedata: ""\000\000\000\023\001cEx]\211\377\330\025{\341\203\016\355Wm\222\t\022+\207\321\343}^\317s\206\320\316\221\322\t\214\257\211\366S\177\277\000\000\000\000\000\000\000\000\000\000\000\000\000\000\000\000\000\000\000\000\000\000\000\000\000\000\000\000\000\000\000\000N\241\341ZP\2722\360r\246\353!P:\320\374x\3414\227K\230\010 \250t\266\3350QD\004/\352\2248/\352\2249\n\000""; }; nodes {;   nodedata: ""h\315\350\215y\203\242]\371\235\232Pt&\325\210eZ\346\237XZ \277\2457n\221\336\253\245\317\002\304\206+8\t]\351\316\373|\311\263V\300\023\035\211\237\260\300\r\033u3a1\203\303\365\307k\347\006E\344\037@\210\363\010\336T\226\247'\204_{\261\370""1\235\2445\343\033Y!\212\201\341\272\225'\007*$\244&\336\343'\233i\332\374\245 {^\306-N\333\gE\006\347\212\331C\211Z\177\247\031\n+h\312D\3750\343\206J\340\301i\355\362B\306\222U\017\343\213\352\357\206\340m\267\260\r\236e\234\013\202_n)6q\357\2538_-\302\252B\204v\277\254\373\3322Ca\020\243\0105\263\257\367\032\254\016\003""; }; ","ledgerHash: ""\370\361\367\235\210sr\037\032`/X%b\364\000\2261<\024n\271\n\247\213\340ngjzz\321""; ledgerSeq: 19; type: liBASE; nodes {;   nodedata: ""\000\000\000\023\001cEx]\211\377\330\025{\341\203\016\355Wm\222\t\022+\207\321\343}^\317s\206\320\316\221\322\t\214\257\211\366S\177\277\000\000\000\000\000\000\000\000\000\000\000\000\000\000\000\000\000\000\000\000\000\000\000\000\000\000\000\000\000\000\000\000N\241\341ZP\2722\360r\246\353!P:\320\374x\3414\227K\230\010 \250t\266\3350QD\004/\352\2248/\352\2249\n\000""; }; nodes {;   nodedata: ""h\315\350\215y\203\242]\371\235\232Pt&\325\210eZ\346\237XZ \277\2457n\221\336\253\245\317\002\304\206+8\t]\351\316\373|\311\263V\300\023\035\211\237\260\300\r\033u3a1\203\303\365\307k\347\006E\344\037@\210\363\010\336T\226\247'\204_{\261\370""1\235\2445\343\033Y!\212\201\341\272\225'\007*$\244&\336\343'\233i\332\374\245 {^\306-N\333\gE\006\347\212\331C\211Z\177\247\031\n+h\312D\3750\343\206J\340\301i\355\362B\306\222U\017\343\213\352\357\206\340m\267\260\r\236e\234\013\202_n)6q\357\2538_-\302\252B\204v\277\254\373\3322Ca\020\243\0105\263\257\367\032\254\016\003""; }; "
1750587320483,1750587320483,0,1,2,3,TMGetLedger,"itype: liBASE; ledgerHash: ""\370\361\367\235\210sr\037\032`/X%b\364\000\2261<\024n\271\n\247\213\340ngjzz\321""; queryType: qtINDIRECT; ","itype: liBASE; ledgerHash: ""\370\361\367\235\210sr\037\032`/X%b\364\000\2261<\024n\271\n\247\213\340ngjzz\321""; queryType: qtINDIRECT; "
1750587320484,1750587320484,0,1,2,3,TMGetLedger,"itype: liBASE; ledgerHash: ""\370\361\367\235\210sr\037\032`/X%b\364\000\2261<\024n\271\n\247\213\340ngjzz\321""; ","itype: liBASE; ledgerHash: ""\370\361\367\235\210sr\037\032`/X%b\364\000\2261<\024n\271\n\247\213\340ngjzz\321""; "
1750587320484,1750587320484,0,1,1,3,TMValidation,"validation: """"\200\000\000\001&\000\000\000\023)/\352\2248:?HT\314/\177\320^Q\370\361\367\235\210sr\037\032`/X%b\364\000\2261<\024n\271\n\247\213\340ngjzz\321P\027\000\000\000\000\000\000\000\000\000\000\000\000\000\000\000\000\000\000\000\000\000\000\000\000\000\000\000\000\000\000\000\000P\031\025{\341\203\016\355Wm\222\t\022+\207\321\343}^\317s\206\320\316\221\322\t\214\257\211\366S\177\277s!\003\343\005\311u\203\370\0338\3174\324\010\006\301\251\177\261\304eOX\262)FA-\022r\263wm\024vG0E\002!\000\251\037\006\372\246\362\326\322\251\243ZI\222\350~l:}\345\370\364\320\204<P\261\243\225r3\366\250\002 c\233\220\035$\331&n\236uI8\351\253\322\2140_y'\274A\322\232\025\253\326\225\204\033\211\363""; ","validation: """"\200\000\000\001&\000\000\000\023)/\352\2248:?HT\314/\177\320^Q\370\361\367\235\210sr\037\032`/X%b\364\000\2261<\024n\271\n\247\213\340ngjzz\321P\027\000\000\000\000\000\000\000\000\000\000\000\000\000\000\000\000\000\000\000\000\000\000\000\000\000\000\000\000\000\000\000\000P\031\025{\341\203\016\355Wm\222\t\022+\207\321\343}^\317s\206\320\316\221\322\t\214\257\211\366S\177\277s!\003\343\005\311u\203\370\0338\3174\324\010\006\301\251\177\261\304eOX\262)FA-\022r\263wm\024vG0E\002!\000\251\037\006\372\246\362\326\322\251\243ZI\222\350~l:}\345\370\364\320\204<P\261\243\225r3\366\250\002 c\233\220\035$\331&n\236uI8\351\253\322\2140_y'\274A\322\232\025\253\326\225\204\033\211\363""; "
1750587320485,1750587320485,0,1,0,3,TMGetLedger,"itype: liBASE; ledgerHash: ""\370\361\367\235\210sr\037\032`/X%b\364\000\2261<\024n\271\n\247\213\340ngjzz\321""; queryType: qtINDIRECT; ","itype: liBASE; ledgerHash: ""\370\361\367\235\210sr\037\032`/X%b\364\000\2261<\024n\271\n\247\213\340ngjzz\321""; queryType: qtINDIRECT; "
1750587320485,1750587320486,0,1,0,3,TMGetLedger,"itype: liBASE; ledgerHash: ""\370\361\367\235\210sr\037\032`/X%b\364\000\2261<\024n\271\n\247\213\340ngjzz\321""; ","itype: liBASE; ledgerHash: ""\370\361\367\235\210sr\037\032`/X%b\364\000\2261<\024n\271\n\247\213\340ngjzz\321""; "
1750587320486,1750587320486,0,1,4,1,TMGetLedger,"itype: liBASE; ledgerHash: ""\370\361\367\235\210sr\037\032`/X%b\364\000\2261<\024n\271\n\247\213\340ngjzz\321""; requestCookie: 4; queryType: qtINDIRECT; ","itype: liBASE; ledgerHash: ""\370\361\367\235\210sr\037\032`/X%b\364\000\2261<\024n\271\n\247\213\340ngjzz\321""; requestCookie: 4; queryType: qtINDIRECT; "
1750587320487,1750587320488,0,1,1,2,TMValidation,"validation: """"\200\000\000\001&\000\000\000\023)/\352\2248:?HT\314/\177\320^Q\370\361\367\235\210sr\037\032`/X%b\364\000\2261<\024n\271\n\247\213\340ngjzz\321P\027\000\000\000\000\000\000\000\000\000\000\000\000\000\000\000\000\000\000\000\000\000\000\000\000\000\000\000\000\000\000\000\000P\031\025{\341\203\016\355Wm\222\t\022+\207\321\343}^\317s\206\320\316\221\322\t\214\257\211\366S\177\277s!\003\343\005\311u\203\370\0338\3174\324\010\006\301\251\177\261\304eOX\262)FA-\022r\263wm\024vG0E\002!\000\251\037\006\372\246\362\326\322\251\243ZI\222\350~l:}\345\370\364\320\204<P\261\243\225r3\366\250\002 c\233\220\035$\331&n\236uI8\351\253\322\2140_y'\274A\322\232\025\253\326\225\204\033\211\363""; ","validation: """"\200\000\000\001&\000\000\000\023)/\352\2248:?HT\314/\177\320^Q\370\361\367\235\210sr\037\032`/X%b\364\000\2261<\024n\271\n\247\213\340ngjzz\321P\027\000\000\000\000\000\000\000\000\000\000\000\000\000\000\000\000\000\000\000\000\000\000\000\000\000\000\000\000\000\000\000\000P\031\025{\341\203\016\355Wm\222\t\022+\207\321\343}^\317s\206\320\316\221\322\t\214\257\211\366S\177\277s!\003\343\005\311u\203\370\0338\3174\324\010\006\301\251\177\261\304eOX\262)FA-\022r\263wm\024vG0E\002!\000\251\037\006\372\246\362\326\322\251\243ZI\222\350~l:}\345\370\364\320\204<P\261\243\225r3\366\250\002 c\233\220\035$\331&n\236uI8\351\253\322\2140_y'\274A\322\232\025\253\326\225\204\033\211\363""; "
1750587320488,1750587320488,0,1,3,2,TMGetLedger,"itype: liBASE; ledgerHash: ""\370\361\367\235\210sr\037\032`/X%b\364\000\2261<\024n\271\n\247\213\340ngjzz\321""; queryType: qtINDIRECT; ","itype: liBASE; ledgerHash: ""\370\361\367\235\210sr\037\032`/X%b\364\000\2261<\024n\271\n\247\213\340ngjzz\321""; queryType: qtINDIRECT; "
1750587320488,1750587320489,0,1,3,2,TMGetLedger,"itype: liBASE; ledgerHash: ""\370\361\367\235\210sr\037\032`/X%b\364\000\2261<\024n\271\n\247\213\340ngjzz\321""; ","itype: liBASE; ledgerHash: ""\370\361\367\235\210sr\037\032`/X%b\364\000\2261<\024n\271\n\247\213\340ngjzz\321""; "
1750587320489,1750587320489,0,1,0,2,TMGetLedger,"itype: liBASE; ledgerHash: ""\370\361\367\235\210sr\037\032`/X%b\364\000\2261<\024n\271\n\247\213\340ngjzz\321""; ","itype: liBASE; ledgerHash: ""\370\361\367\235\210sr\037\032`/X%b\364\000\2261<\024n\271\n\247\213\340ngjzz\321""; "
1750587320490,1750587320490,0,1,0,2,TMGetLedger,"itype: liBASE; ledgerHash: ""\370\361\367\235\210sr\037\032`/X%b\364\000\2261<\024n\271\n\247\213\340ngjzz\321""; queryType: qtINDIRECT; ","itype: liBASE; ledgerHash: ""\370\361\367\235\210sr\037\032`/X%b\364\000\2261<\024n\271\n\247\213\340ngjzz\321""; queryType: qtINDIRECT; "
1750587320491,1750587320491,0,1,3,0,TMGetLedger,"itype: liBASE; ledgerHash: ""\370\361\367\235\210sr\037\032`/X%b\364\000\2261<\024n\271\n\247\213\340ngjzz\321""; queryType: qtINDIRECT; ","itype: liBASE; ledgerHash: ""\370\361\367\235\210sr\037\032`/X%b\364\000\2261<\024n\271\n\247\213\340ngjzz\321""; queryType: qtINDIRECT; "
1750587320491,1750587320491,0,1,3,0,TMGetLedger,"itype: liBASE; ledgerHash: ""\370\361\367\235\210sr\037\032`/X%b\364\000\2261<\024n\271\n\247\213\340ngjzz\321""; ","itype: liBASE; ledgerHash: ""\370\361\367\235\210sr\037\032`/X%b\364\000\2261<\024n\271\n\247\213\340ngjzz\321""; "
1750587320492,1750587320492,0,1,2,0,TMGetLedger,"itype: liBASE; ledgerHash: ""\370\361\367\235\210sr\037\032`/X%b\364\000\2261<\024n\271\n\247\213\340ngjzz\321""; ","itype: liBASE; ledgerHash: ""\370\361\367\235\210sr\037\032`/X%b\364\000\2261<\024n\271\n\247\213\340ngjzz\321""; "
1750587320492,1750587320493,0,1,2,0,TMGetLedger,"itype: liBASE; ledgerHash: ""\370\361\367\235\210sr\037\032`/X%b\364\000\2261<\024n\271\n\247\213\340ngjzz\321""; queryType: qtINDIRECT; ","itype: liBASE; ledgerHash: ""\370\361\367\235\210sr\037\032`/X%b\364\000\2261<\024n\271\n\247\213\340ngjzz\321""; queryType: qtINDIRECT; "
1750587320493,1750587320493,0,1,1,0,TMValidation,"validation: """"\200\000\000\001&\000\000\000\023)/\352\2248:?HT\314/\177\320^Q\370\361\367\235\210sr\037\032`/X%b\364\000\2261<\024n\271\n\247\213\340ngjzz\321P\027\000\000\000\000\000\000\000\000\000\000\000\000\000\000\000\000\000\000\000\000\000\000\000\000\000\000\000\000\000\000\000\000P\031\025{\341\203\016\355Wm\222\t\022+\207\321\343}^\317s\206\320\316\221\322\t\214\257\211\366S\177\277s!\003\343\005\311u\203\370\0338\3174\324\010\006\301\251\177\261\304eOX\262)FA-\022r\263wm\024vG0E\002!\000\251\037\006\372\246\362\326\322\251\243ZI\222\350~l:}\345\370\364\320\204<P\261\243\225r3\366\250\002 c\233\220\035$\331&n\236uI8\351\253\322\2140_y'\274A\322\232\025\253\326\225\204\033\211\363""; ","validation: """"\200\000\000\001&\000\000\000\023)/\352\2248:?HT\314/\177\320^Q\370\361\367\235\210sr\037\032`/X%b\364\000\2261<\024n\271\n\247\213\340ngjzz\321P\027\000\000\000\000\000\000\000\000\000\000\000\000\000\000\000\000\000\000\000\000\000\000\000\000\000\000\000\000\000\000\000\000P\031\025{\341\203\016\355Wm\222\t\022+\207\321\343}^\317s\206\320\316\221\322\t\214\257\211\366S\177\277s!\003\343\005\311u\203\370\0338\3174\324\010\006\301\251\177\261\304eOX\262)FA-\022r\263wm\024vG0E\002!\000\251\037\006\372\246\362\326\322\251\243ZI\222\350~l:}\345\370\364\320\204<P\261\243\225r3\366\250\002 c\233\220\035$\331&n\236uI8\351\253\322\2140_y'\274A\322\232\025\253\326\225\204\033\211\363""; "
1750587320494,1750587320494,0,1,4,1,TMGetLedger,"itype: liBASE; ledgerHash: ""\370\361\367\235\210sr\037\032`/X%b\364\000\2261<\024n\271\n\247\213\340ngjzz\321""; requestCookie: 1; queryType: qtINDIRECT; ","itype: liBASE; ledgerHash: ""\370\361\367\235\210sr\037\032`/X%b\364\000\2261<\024n\271\n\247\213\340ngjzz\321""; requestCookie: 1; queryType: qtINDIRECT; "
1750587320495,1750587320495,0,1,4,1,TMGetLedger,"itype: liBASE; ledgerHash: ""\370\361\367\235\210sr\037\032`/X%b\364\000\2261<\024n\271\n\247\213\340ngjzz\321""; requestCookie: 3; queryType: qtINDIRECT; ","itype: liBASE; ledgerHash: ""\370\361\367\235\210sr\037\032`/X%b\364\000\2261<\024n\271\n\247\213\340ngjzz\321""; requestCookie: 3; queryType: qtINDIRECT; "
1750587320495,1750587320496,0,1,4,1,TMGetLedger,"itype: liAS_NODE; ledgerHash: ""\370\361\367\235\210sr\037\032`/X%b\364\000\2261<\024n\271\n\247\213\340ngjzz\321""; ledgerSeq: 19; nodeIDs: ""\260\000\000\000\000\000\000\000\000\000\000\000\000\000\000\000\000\000\000\000\000\000\000\000\000\000\000\000\000\000\000\000\001""; queryType: qtINDIRECT; queryDepth: 1; ","itype: liAS_NODE; ledgerHash: ""\370\361\367\235\210sr\037\032`/X%b\364\000\2261<\024n\271\n\247\213\340ngjzz\321""; ledgerSeq: 19; nodeIDs: ""\260\000\000\000\000\000\000\000\000\000\000\000\000\000\000\000\000\000\000\000\000\000\000\000\000\000\000\000\000\000\000\000\001""; queryType: qtINDIRECT; queryDepth: 1; "
1750587320496,1750587320496,0,1,3,1,TMGetLedger,"itype: liBASE; ledgerHash: ""\370\361\367\235\210sr\037\032`/X%b\364\000\2261<\024n\271\n\247\213\340ngjzz\321""; ","itype: liBASE; ledgerHash: ""\370\361\367\235\210sr\037\032`/X%b\364\000\2261<\024n\271\n\247\213\340ngjzz\321""; "
1750587320496,1750587320496,0,1,3,1,TMGetLedger,"itype: liBASE; ledgerHash: ""\370\361\367\235\210sr\037\032`/X%b\364\000\2261<\024n\271\n\247\213\340ngjzz\321""; queryType: qtINDIRECT; ","itype: liBASE; ledgerHash: ""\370\361\367\235\210sr\037\032`/X%b\364\000\2261<\024n\271\n\247\213\340ngjzz\321""; queryType: qtINDIRECT; "
1750587320497,1750587320497,0,1,3,1,TMGetLedger,"itype: liBASE; ledgerHash: ""\370\361\367\235\210sr\037\032`/X%b\364\000\2261<\024n\271\n\247\213\340ngjzz\321""; requestCookie: 4; queryType: qtINDIRECT; ","itype: liBASE; ledgerHash: ""\370\361\367\235\210sr\037\032`/X%b\364\000\2261<\024n\271\n\247\213\340ngjzz\321""; requestCookie: 4; queryType: qtINDIRECT; "
1750587320498,1750587320498,0,1,3,1,TMGetLedger,"itype: liBASE; ledgerHash: ""\370\361\367\235\210sr\037\032`/X%b\364\000\2261<\024n\271\n\247\213\340ngjzz\321""; requestCookie: 5; queryType: qtINDIRECT; ","itype: liBASE; ledgerHash: ""\370\361\367\235\210sr\037\032`/X%b\364\000\2261<\024n\271\n\247\213\340ngjzz\321""; requestCookie: 5; queryType: qtINDIRECT; "
1750587320498,1750587320498,0,1,1,4,TMLedgerData,"ledgerHash: ""\370\361\367\235\210sr\037\032`/X%b\364\000\2261<\024n\271\n\247\213\340ngjzz\321""; ledgerSeq: 19; type: liBASE; nodes {;   nodedata: ""\000\000\000\023\001cEx]\211\377\330\025{\341\203\016\355Wm\222\t\022+\207\321\343}^\317s\206\320\316\221\322\t\214\257\211\366S\177\277\000\000\000\000\000\000\000\000\000\000\000\000\000\000\000\000\000\000\000\000\000\000\000\000\000\000\000\000\000\000\000\000N\241\341ZP\2722\360r\246\353!P:\320\374x\3414\227K\230\010 \250t\266\3350QD\004/\352\2248/\352\2249\n\000""; }; nodes {;   nodedata: ""h\315\350\215y\203\242]\371\235\232Pt&\325\210eZ\346\237XZ \277\2457n\221\336\253\245\317\002\304\206+8\t]\351\316\373|\311\263V\300\023\035\211\237\260\300\r\033u3a1\203\303\365\307k\347\006E\344\037@\210\363\010\336T\226\247'\204_{\261\370""1\235\2445\343\033Y!\212\201\341\272\225'\007*$\244&\336\343'\233i\332\374\245 {^\306-N\333\gE\006\347\212\331C\211Z\177\247\031\n+h\312D\3750\343\206J\340\301i\355\362B\306\222U\017\343\213\352\357\206\340m\267\260\r\236e\234\013\202_n)6q\357\2538_-\302\252B\204v\277\254\373\3322Ca\020\243\0105\263\257\367\032\254\016\003""; }; requestCookie: 4; ","ledgerHash: ""\370\361\367\235\210sr\037\032`/X%b\364\000\2261<\024n\271\n\247\213\340ngjzz\321""; ledgerSeq: 19; type: liBASE; nodes {;   nodedata: ""\000\000\000\023\001cEx]\211\377\330\025{\341\203\016\355Wm\222\t\022+\207\321\343}^\317s\206\320\316\221\322\t\214\257\211\366S\177\277\000\000\000\000\000\000\000\000\000\000\000\000\000\000\000\000\000\000\000\000\000\000\000\000\000\000\000\000\000\000\000\000N\241\341ZP\2722\360r\246\353!P:\320\374x\3414\227K\230\010 \250t\266\3350QD\004/\352\2248/\352\2249\n\000""; }; nodes {;   nodedata: ""h\315\350\215y\203\242]\371\235\232Pt&\325\210eZ\346\237XZ \277\2457n\221\336\253\245\317\002\304\206+8\t]\351\316\373|\311\263V\300\023\035\211\237\260\300\r\033u3a1\203\303\365\307k\347\006E\344\037@\210\363\010\336T\226\247'\204_{\261\370""1\235\2445\343\033Y!\212\201\341\272\225'\007*$\244&\336\343'\233i\332\374\245 {^\306-N\333\gE\006\347\212\331C\211Z\177\247\031\n+h\312D\3750\343\206J\340\301i\355\362B\306\222U\017\343\213\352\357\206\340m\267\260\r\236e\234\013\202_n)6q\357\2538_-\302\252B\204v\277\254\373\3322Ca\020\243\0105\263\257\367\032\254\016\003""; }; requestCookie: 4; "
1750587320499,1750587320499,0,1,2,1,TMGetLedger,"itype: liBASE; ledgerHash: ""\370\361\367\235\210sr\037\032`/X%b\364\000\2261<\024n\271\n\247\213\340ngjzz\321""; ","itype: liBASE; ledgerHash: ""\370\361\367\235\210sr\037\032`/X%b\364\000\2261<\024n\271\n\247\213\340ngjzz\321""; "
1750587320499,1750587320499,0,1,2,1,TMGetLedger,"itype: liBASE; ledgerHash: ""\370\361\367\235\210sr\037\032`/X%b\364\000\2261<\024n\271\n\247\213\340ngjzz\321""; requestCookie: 5; queryType: qtINDIRECT; ","itype: liBASE; ledgerHash: ""\370\361\367\235\210sr\037\032`/X%b\364\000\2261<\024n\271\n\247\213\340ngjzz\321""; requestCookie: 5; queryType: qtINDIRECT; "
1750587320500,1750587320500,0,1,2,1,TMGetLedger,"itype: liBASE; ledgerHash: ""\370\361\367\235\210sr\037\032`/X%b\364\000\2261<\024n\271\n\247\213\340ngjzz\321""; queryType: qtINDIRECT; ","itype: liBASE; ledgerHash: ""\370\361\367\235\210sr\037\032`/X%b\364\000\2261<\024n\271\n\247\213\340ngjzz\321""; queryType: qtINDIRECT; "
1750587320501,1750587320501,0,1,0,1,TMGetLedger,"itype: liBASE; ledgerHash: ""\370\361\367\235\210sr\037\032`/X%b\364\000\2261<\024n\271\n\247\213\340ngjzz\321""; ","itype: liBASE; ledgerHash: ""\370\361\367\235\210sr\037\032`/X%b\364\000\2261<\024n\271\n\247\213\340ngjzz\321""; "
1750587320502,1750587320502,0,1,0,1,TMGetLedger,"itype: liBASE; ledgerHash: ""\370\361\367\235\210sr\037\032`/X%b\364\000\2261<\024n\271\n\247\213\340ngjzz\321""; queryType: qtINDIRECT; ","itype: liBASE; ledgerHash: ""\370\361\367\235\210sr\037\032`/X%b\364\000\2261<\024n\271\n\247\213\340ngjzz\321""; queryType: qtINDIRECT; "
1750587320503,1750587320503,0,1,0,1,TMGetLedger,"itype: liBASE; ledgerHash: ""\370\361\367\235\210sr\037\032`/X%b\364\000\2261<\024n\271\n\247\213\340ngjzz\321""; requestCookie: 4; queryType: qtINDIRECT; ","itype: liBASE; ledgerHash: ""\370\361\367\235\210sr\037\032`/X%b\364\000\2261<\024n\271\n\247\213\340ngjzz\321""; requestCookie: 4; queryType: qtINDIRECT; "
1750587320503,1750587320503,0,1,0,1,TMGetLedger,"itype: liBASE; ledgerHash: ""\370\361\367\235\210sr\037\032`/X%b\364\000\2261<\024n\271\n\247\213\340ngjzz\321""; requestCookie: 5; queryType: qtINDIRECT; ","itype: liBASE; ledgerHash: ""\370\361\367\235\210sr\037\032`/X%b\364\000\2261<\024n\271\n\247\213\340ngjzz\321""; requestCookie: 5; queryType: qtINDIRECT; "
1750587320504,1750587320504,0,1,1,4,TMLedgerData,"ledgerHash: ""\370\361\367\235\210sr\037\032`/X%b\364\000\2261<\024n\271\n\247\213\340ngjzz\321""; ledgerSeq: 19; type: liBASE; nodes {;   nodedata: ""\000\000\000\023\001cEx]\211\377\330\025{\341\203\016\355Wm\222\t\022+\207\321\343}^\317s\206\320\316\221\322\t\214\257\211\366S\177\277\000\000\000\000\000\000\000\000\000\000\000\000\000\000\000\000\000\000\000\000\000\000\000\000\000\000\000\000\000\000\000\000N\241\341ZP\2722\360r\246\353!P:\320\374x\3414\227K\230\010 \250t\266\3350QD\004/\352\2248/\352\2249\n\000""; }; nodes {;   nodedata: ""h\315\350\215y\203\242]\371\235\232Pt&\325\210eZ\346\237XZ \277\2457n\221\336\253\245\317\002\304\206+8\t]\351\316\373|\311\263V\300\023\035\211\237\260\300\r\033u3a1\203\303\365\307k\347\006E\344\037@\210\363\010\336T\226\247'\204_{\261\370""1\235\2445\343\033Y!\212\201\341\272\225'\007*$\244&\336\343'\233i\332\374\245 {^\306-N\333\gE\006\347\212\331C\211Z\177\247\031\n+h\312D\3750\343\206J\340\301i\355\362B\306\222U\017\343\213\352\357\206\340m\267\260\r\236e\234\013\202_n)6q\357\2538_-\302\252B\204v\277\254\373\3322Ca\020\243\0105\263\257\367\032\254\016\003""; }; requestCookie: 1; ","ledgerHash: ""\370\361\367\235\210sr\037\032`/X%b\364\000\2261<\024n\271\n\247\213\340ngjzz\321""; ledgerSeq: 19; type: liBASE; nodes {;   nodedata: ""\000\000\000\023\001cEx]\211\377\330\025{\341\203\016\355Wm\222\t\022+\207\321\343}^\317s\206\320\316\221\322\t\214\257\211\366S\177\277\000\000\000\000\000\000\000\000\000\000\000\000\000\000\000\000\000\000\000\000\000\000\000\000\000\000\000\000\000\000\000\000N\241\341ZP\2722\360r\246\353!P:\320\374x\3414\227K\230\010 \250t\266\3350QD\004/\352\2248/\352\2249\n\000""; }; nodes {;   nodedata: ""h\315\350\215y\203\242]\371\235\232Pt&\325\210eZ\346\237XZ \277\2457n\221\336\253\245\317\002\304\206+8\t]\351\316\373|\311\263V\300\023\035\211\237\260\300\r\033u3a1\203\303\365\307k\347\006E\344\037@\210\363\010\336T\226\247'\204_{\261\370""1\235\2445\343\033Y!\212\201\341\272\225'\007*$\244&\336\343'\233i\332\374\245 {^\306-N\333\gE\006\347\212\331C\211Z\177\247\031\n+h\312D\3750\343\206J\340\301i\355\362B\306\222U\017\343\213\352\357\206\340m\267\260\r\236e\234\013\202_n)6q\357\2538_-\302\252B\204v\277\254\373\3322Ca\020\243\0105\263\257\367\032\254\016\003""; }; requestCookie: 1; "
1750587320505,1750587320505,0,1,0,1,TMGetLedger,"itype: liBASE; ledgerHash: ""\370\361\367\235\210sr\037\032`/X%b\364\000\2261<\024n\271\n\247\213\340ngjzz\321""; requestCookie: 3; queryType: qtINDIRECT; ","itype: liBASE; ledgerHash: ""\370\361\367\235\210sr\037\032`/X%b\364\000\2261<\024n\271\n\247\213\340ngjzz\321""; requestCookie: 3; queryType: qtINDIRECT; "
1750587320505,1750587320505,0,1,1,4,TMLedgerData,"ledgerHash: ""\370\361\367\235\210sr\037\032`/X%b\364\000\2261<\024n\271\n\247\213\340ngjzz\321""; ledgerSeq: 19; type: liBASE; nodes {;   nodedata: ""\000\000\000\023\001cEx]\211\377\330\025{\341\203\016\355Wm\222\t\022+\207\321\343}^\317s\206\320\316\221\322\t\214\257\211\366S\177\277\000\000\000\000\000\000\000\000\000\000\000\000\000\000\000\000\000\000\000\000\000\000\000\000\000\000\000\000\000\000\000\000N\241\341ZP\2722\360r\246\353!P:\320\374x\3414\227K\230\010 \250t\266\3350QD\004/\352\2248/\352\2249\n\000""; }; nodes {;   nodedata: ""h\315\350\215y\203\242]\371\235\232Pt&\325\210eZ\346\237XZ \277\2457n\221\336\253\245\317\002\304\206+8\t]\351\316\373|\311\263V\300\023\035\211\237\260\300\r\033u3a1\203\303\365\307k\347\006E\344\037@\210\363\010\336T\226\247'\204_{\261\370""1\235\2445\343\033Y!\212\201\341\272\225'\007*$\244&\336\343'\233i\332\374\245 {^\306-N\333\gE\006\347\212\331C\211Z\177\247\031\n+h\312D\3750\343\206J\340\301i\355\362B\306\222U\017\343\213\352\357\206\340m\267\260\r\236e\234\013\202_n)6q\357\2538_-\302\252B\204v\277\254\373\3322Ca\020\243\0105\263\257\367\032\254\016\003""; }; requestCookie: 3; ","ledgerHash: ""\370\361\367\235\210sr\037\032`/X%b\364\000\2261<\024n\271\n\247\213\340ngjzz\321""; ledgerSeq: 19; type: liBASE; nodes {;   nodedata: ""\000\000\000\023\001cEx]\211\377\330\025{\341\203\016\355Wm\222\t\022+\207\321\343}^\317s\206\320\316\221\322\t\214\257\211\366S\177\277\000\000\000\000\000\000\000\000\000\000\000\000\000\000\000\000\000\000\000\000\000\000\000\000\000\000\000\000\000\000\000\000N\241\341ZP\2722\360r\246\353!P:\320\374x\3414\227K\230\010 \250t\266\3350QD\004/\352\2248/\352\2249\n\000""; }; nodes {;   nodedata: ""h\315\350\215y\203\242]\371\235\232Pt&\325\210eZ\346\237XZ \277\2457n\221\336\253\245\317\002\304\206+8\t]\351\316\373|\311\263V\300\023\035\211\237\260\300\r\033u3a1\203\303\365\307k\347\006E\344\037@\210\363\010\336T\226\247'\204_{\261\370""1\235\2445\343\033Y!\212\201\341\272\225'\007*$\244&\336\343'\233i\332\374\245 {^\306-N\333\gE\006\347\212\331C\211Z\177\247\031\n+h\312D\3750\343\206J\340\301i\355\362B\306\222U\017\343\213\352\357\206\340m\267\260\r\236e\234\013\202_n)6q\357\2538_-\302\252B\204v\277\254\373\3322Ca\020\243\0105\263\257\367\032\254\016\003""; }; requestCookie: 3; "
1750587320506,1750587320506,0,1,1,4,TMLedgerData,"ledgerHash: ""\370\361\367\235\210sr\037\032`/X%b\364\000\2261<\024n\271\n\247\213\340ngjzz\321""; ledgerSeq: 19; type: liAS_NODE; nodes {;   nodedata: ""\021\000h""\000\000\000\000 \033\000\000\000\022\002\023\302\237\330\356GuH\375\327!\255\371\r\231\262R\256J\034\222\241\355X\265E\241^W\225\304\014\361CX-}\351f\032\255\274\334m\326c\017\014ao[\342\230\003\245\245\3341Hm\326^\017jy\335\261\214.\207\210%\003 \010ML\347\200R\304&\320_\215\226\344\334\033\354\2002\255\216\332\317\255\034\017T\270\242(,&\233\326\374o\306[\235\317>\021e\005s\261\371l\216\017\003\032\017J\217\244W<\241'\332/+\360Bx\036+\210j\237K%\340]\246E\2434\264K\036\030qP\317\315\336\325\007\372\373$P*|\321\342\002\026\n\3215\340\3203\200x\327D\301]5\237\247Yz\3711!L\214\221=\252\002\267\225zg\264\253\271T\346ji\003\235\236Pis\264\375\222|H\344\261g?[g\311\347s\234ae\204\263\365U\334\372D\354\345\276\201f\035\271%#\375\245\314.""\373\330&\3746\354@[\274\202\021\202\373Vi\243\n\325\250\005e\360""m\346'\311@\343\016$L\346\334\360<w\317\351\2337\023\262\336W\254\222\315\335\317oP\221\031g\037\220\357Ft\030n\306\370\n\354\226\365\346\276\322i\233\014\037\027Z\351\022\216@=S\205\334\033\374\234n\r\270\210]\013\203\356\024\366\354\260\007L\324\236aQ\361\020X\372\353 3\347\310*\253\021gT!>\003\325\254,\003\367\204\031\331\255\240\304J\342j\272\270\274\360\307\356\347\200Ywm#\014\233\301\022L\232T\033N\341\232\325\233\227\313\307\302\001\313@D\264\016\334\r\034\035\\276\225\314|\234S*r\007\370x>\305D*\007b\276v\316D!=\355\210\037\325\034/l\242\365\034!w\324\362\3252-\025\351\314\2334,\306Dd\037v\256\345X\002=\033c\255\253\226\014-o\364!\262f\370\222\250\377\220&p\343\245\3604Op\353\317\305?Z\326\257)\2439\250\272\002\370\360\022\220W 062/8s4\204\363\253&I\000m\335\025\336\037\263=\026\236A\324J9\261\341@\353\236\027\243\365\225\347\2315\205\014\356\333\201\232V!\026\010\025{\341\203\016\355Wm\222\t\022+\207\321\343}^\317s\206\320\316\221\322\t\214\257\211\366S\177\277\264\227\2326\315\307\363\323\325\303\032N\256*\307\327 \235\332\207u\210\271\257\306g\231i*\260\326k\001"";   nodeid: ""\260\000\000\000\000\000\000\000\000\000\000\000\000\000\000\000\000\000\000\000\000\000\000\000\000\000\000\000\000\000\000\000\001""; }; ","ledgerHash: ""\370\361\367\235\210sr\037\032`/X%b\364\000\2261<\024n\271\n\247\213\340ngjzz\321""; ledgerSeq: 19; type: liAS_NODE; nodes {;   nodedata: ""\021\000h""\000\000\000\000 \033\000\000\000\022\002\023\302\237\330\356GuH\375\327!\255\371\r\231\262R\256J\034\222\241\355X\265E\241^W\225\304\014\361CX-}\351f\032\255\274\334m\326c\017\014ao[\342\230\003\245\245\3341Hm\326^\017jy\335\261\214.\207\210%\003 \010ML\347\200R\304&\320_\215\226\344\334\033\354\2002\255\216\332\317\255\034\017T\270\242(,&\233\326\374o\306[\235\317>\021e\005s\261\371l\216\017\003\032\017J\217\244W<\241'\332/+\360Bx\036+\210j\237K%\340]\246E\2434\264K\036\030qP\317\315\336\325\007\372\373$P*|\321\342\002\026\n\3215\340\3203\200x\327D\301]5\237\247Yz\3711!L\214\221=\252\002\267\225zg\264\253\271T\346ji\003\235\236Pis\264\375\222|H\344\261g?[g\311\347s\234ae\204\263\365U\334\372D\354\345\276\201f\035\271%#\375\245\314.""\373\330&\3746\354@[\274\202\021\202\373Vi\243\n\325\250\005e\360""m\346'\311@\343\016$L\346\334\360<w\317\351\2337\023\262\336W\254\222\315\335\317oP\221\031g\037\220\357Ft\030n\306\370\n\354\226\365\346\276\322i\233\014\037\027Z\351\022\216@=S\205\334\033\374\234n\r\270\210]\013\203\356\024\366\354\260\007L\324\236aQ\361\020X\372\353 3\347\310*\253\021gT!>\003\325\254,\003\367\204\031\331\255\240\304J\342j\272\270\274\360\307\356\347\200Ywm#\014\233\301\022L\232T\033N\341\232\325\233\227\313\307\302\001\313@D\264\016\334\r\034\035\\276\225\314|\234S*r\007\370x>\305D*\007b\276v\316D!=\355\210\037\325\034/l\242\365\034!w\324\362\3252-\025\351\314\2334,\306Dd\037v\256\345X\002=\033c\255\253\226\014-o\364!\262f\370\222\250\377\220&p\343\245\3604Op\353\317\305?Z\326\257)\2439\250\272\002\370\360\022\220W 062/8s4\204\363\253&I\000m\335\025\336\037\263=\026\236A\324J9\261\341@\353\236\027\243\365\225\347\2315\205\014\356\333\201\232V!\026\010\025{\341\203\016\355Wm\222\t\022+\207\321\343}^\317s\206\320\316\221\322\t\214\257\211\366S\177\277\264\227\2326\315\307\363\323\325\303\032N\256*\307\327 \235\332\207u\210\271\257\306g\231i*\260\326k\001"";   nodeid: ""\260\000\000\000\000\000\000\000\000\000\000\000\000\000\000\000\000\000\000\000\000\000\000\000\000\000\000\000\000\000\000\000\001""; }; "
1750587320507,1750587320507,0,1,1,3,TMLedgerData,"ledgerHash: ""\370\361\367\235\210sr\037\032`/X%b\364\000\2261<\024n\271\n\247\213\340ngjzz\321""; ledgerSeq: 19; type: liBASE; nodes {;   nodedata: ""\000\000\000\023\001cEx]\211\377\330\025{\341\203\016\355Wm\222\t\022+\207\321\343}^\317s\206\320\316\221\322\t\214\257\211\366S\177\277\000\000\000\000\000\000\000\000\000\000\000\000\000\000\000\000\000\000\000\000\000\000\000\000\000\000\000\000\000\000\000\000N\241\341ZP\2722\360r\246\353!P:\320\374x\3414\227K\230\010 \250t\266\3350QD\004/\352\2248/\352\2249\n\000""; }; nodes {;   nodedata: ""h\315\350\215y\203\242]\371\235\232Pt&\325\210eZ\346\237XZ \277\2457n\221\336\253\245\317\002\304\206+8\t]\351\316\373|\311\263V\300\023\035\211\237\260\300\r\033u3a1\203\303\365\307k\347\006E\344\037@\210\363\010\336T\226\247'\204_{\261\370""1\235\2445\343\033Y!\212\201\341\272\225'\007*$\244&\336\343'\233i\332\374\245 {^\306-N\333\gE\006\347\212\331C\211Z\177\247\031\n+h\312D\3750\343\206J\340\301i\355\362B\306\222U\017\343\213\352\357\206\340m\267\260\r\236e\234\013\202_n)6q\357\2538_-\302\252B\204v\277\254\373\3322Ca\020\243\0105\263\257\367\032\254\016\003""; }; ","ledgerHash: ""\370\361\367\235\210sr\037\032`/X%b\364\000\2261<\024n\271\n\247\213\340ngjzz\321""; ledgerSeq: 19; type: liBASE; nodes {;   nodedata: ""\000\000\000\023\001cEx]\211\377\330\025{\341\203\016\355Wm\222\t\022+\207\321\343}^\317s\206\320\316\221\322\t\214\257\211\366S\177\277\000\000\000\000\000\000\000\000\000\000\000\000\000\000\000\000\000\000\000\000\000\000\000\000\000\000\000\000\000\000\000\000N\241\341ZP\2722\360r\246\353!P:\320\374x\3414\227K\230\010 \250t\266\3350QD\004/\352\2248/\352\2249\n\000""; }; nodes {;   nodedata: ""h\315\350\215y\203\242]\371\235\232Pt&\325\210eZ\346\237XZ \277\2457n\221\336\253\245\317\002\304\206+8\t]\351\316\373|\311\263V\300\023\035\211\237\260\300\r\033u3a1\203\303\365\307k\347\006E\344\037@\210\363\010\336T\226\247'\204_{\261\370""1\235\2445\343\033Y!\212\201\341\272\225'\007*$\244&\336\343'\233i\332\374\245 {^\306-N\333\gE\006\347\212\331C\211Z\177\247\031\n+h\312D\3750\343\206J\340\301i\355\362B\306\222U\017\343\213\352\357\206\340m\267\260\r\236e\234\013\202_n)6q\357\2538_-\302\252B\204v\277\254\373\3322Ca\020\243\0105\263\257\367\032\254\016\003""; }; "
1750587320508,1750587320508,0,1,1,3,TMLedgerData,"ledgerHash: ""\370\361\367\235\210sr\037\032`/X%b\364\000\2261<\024n\271\n\247\213\340ngjzz\321""; ledgerSeq: 19; type: liBASE; nodes {;   nodedata: ""\000\000\000\023\001cEx]\211\377\330\025{\341\203\016\355Wm\222\t\022+\207\321\343}^\317s\206\320\316\221\322\t\214\257\211\366S\177\277\000\000\000\000\000\000\000\000\000\000\000\000\000\000\000\000\000\000\000\000\000\000\000\000\000\000\000\000\000\000\000\000N\241\341ZP\2722\360r\246\353!P:\320\374x\3414\227K\230\010 \250t\266\3350QD\004/\352\2248/\352\2249\n\000""; }; nodes {;   nodedata: ""h\315\350\215y\203\242]\371\235\232Pt&\325\210eZ\346\237XZ \277\2457n\221\336\253\245\317\002\304\206+8\t]\351\316\373|\311\263V\300\023\035\211\237\260\300\r\033u3a1\203\303\365\307k\347\006E\344\037@\210\363\010\336T\226\247'\204_{\261\370""1\235\2445\343\033Y!\212\201\341\272\225'\007*$\244&\336\343'\233i\332\374\245 {^\306-N\333\gE\006\347\212\331C\211Z\177\247\031\n+h\312D\3750\343\206J\340\301i\355\362B\306\222U\017\343\213\352\357\206\340m\267\260\r\236e\234\013\202_n)6q\357\2538_-\302\252B\204v\277\254\373\3322Ca\020\243\0105\263\257\367\032\254\016\003""; }; ","ledgerHash: ""\370\361\367\235\210sr\037\032`/X%b\364\000\2261<\024n\271\n\247\213\340ngjzz\321""; ledgerSeq: 19; type: liBASE; nodes {;   nodedata: ""\000\000\000\023\001cEx]\211\377\330\025{\341\203\016\355Wm\222\t\022+\207\321\343}^\317s\206\320\316\221\322\t\214\257\211\366S\177\277\000\000\000\000\000\000\000\000\000\000\000\000\000\000\000\000\000\000\000\000\000\000\000\000\000\000\000\000\000\000\000\000N\241\341ZP\2722\360r\246\353!P:\320\374x\3414\227K\230\010 \250t\266\3350QD\004/\352\2248/\352\2249\n\000""; }; nodes {;   nodedata: ""h\315\350\215y\203\242]\371\235\232Pt&\325\210eZ\346\237XZ \277\2457n\221\336\253\245\317\002\304\206+8\t]\351\316\373|\311\263V\300\023\035\211\237\260\300\r\033u3a1\203\303\365\307k\347\006E\344\037@\210\363\010\336T\226\247'\204_{\261\370""1\235\2445\343\033Y!\212\201\341\272\225'\007*$\244&\336\343'\233i\332\374\245 {^\306-N\333\gE\006\347\212\331C\211Z\177\247\031\n+h\312D\3750\343\206J\340\301i\355\362B\306\222U\017\343\213\352\357\206\340m\267\260\r\236e\234\013\202_n)6q\357\2538_-\302\252B\204v\277\254\373\3322Ca\020\243\0105\263\257\367\032\254\016\003""; }; "
1750587320509,1750587320509,0,1,1,3,TMLedgerData,"ledgerHash: ""\370\361\367\235\210sr\037\032`/X%b\364\000\2261<\024n\271\n\247\213\340ngjzz\321""; ledgerSeq: 19; type: liBASE; nodes {;   nodedata: ""\000\000\000\023\001cEx]\211\377\330\025{\341\203\016\355Wm\222\t\022+\207\321\343}^\317s\206\320\316\221\322\t\214\257\211\366S\177\277\000\000\000\000\000\000\000\000\000\000\000\000\000\000\000\000\000\000\000\000\000\000\000\000\000\000\000\000\000\000\000\000N\241\341ZP\2722\360r\246\353!P:\320\374x\3414\227K\230\010 \250t\266\3350QD\004/\352\2248/\352\2249\n\000""; }; nodes {;   nodedata: ""h\315\350\215y\203\242]\371\235\232Pt&\325\210eZ\346\237XZ \277\2457n\221\336\253\245\317\002\304\206+8\t]\351\316\373|\311\263V\300\023\035\211\237\260\300\r\033u3a1\203\303\365\307k\347\006E\344\037@\210\363\010\336T\226\247'\204_{\261\370""1\235\2445\343\033Y!\212\201\341\272\225'\007*$\244&\336\343'\233i\332\374\245 {^\306-N\333\gE\006\347\212\331C\211Z\177\247\031\n+h\312D\3750\343\206J\340\301i\355\362B\306\222U\017\343\213\352\357\206\340m\267\260\r\236e\234\013\202_n)6q\357\2538_-\302\252B\204v\277\254\373\3322Ca\020\243\0105\263\257\367\032\254\016\003""; }; requestCookie: 4; ","ledgerHash: ""\370\361\367\235\210sr\037\032`/X%b\364\000\2261<\024n\271\n\247\213\340ngjzz\321""; ledgerSeq: 19; type: liBASE; nodes {;   nodedata: ""\000\000\000\023\001cEx]\211\377\330\025{\341\203\016\355Wm\222\t\022+\207\321\343}^\317s\206\320\316\221\322\t\214\257\211\366S\177\277\000\000\000\000\000\000\000\000\000\000\000\000\000\000\000\000\000\000\000\000\000\000\000\000\000\000\000\000\000\000\000\000N\241\341ZP\2722\360r\246\353!P:\320\374x\3414\227K\230\010 \250t\266\3350QD\004/\352\2248/\352\2249\n\000""; }; nodes {;   nodedata: ""h\315\350\215y\203\242]\371\235\232Pt&\325\210eZ\346\237XZ \277\2457n\221\336\253\245\317\002\304\206+8\t]\351\316\373|\311\263V\300\023\035\211\237\260\300\r\033u3a1\203\303\365\307k\347\006E\344\037@\210\363\010\336T\226\247'\204_{\261\370""1\235\2445\343\033Y!\212\201\341\272\225'\007*$\244&\336\343'\233i\332\374\245 {^\306-N\333\gE\006\347\212\331C\211Z\177\247\031\n+h\312D\3750\343\206J\340\301i\355\362B\306\222U\017\343\213\352\357\206\340m\267\260\r\236e\234\013\202_n)6q\357\2538_-\302\252B\204v\277\254\373\3322Ca\020\243\0105\263\257\367\032\254\016\003""; }; requestCookie: 4; "
1750587320510,1750587320510,0,1,4,3,TMLedgerData,"ledgerHash: ""\370\361\367\235\210sr\037\032`/X%b\364\000\2261<\024n\271\n\247\213\340ngjzz\321""; ledgerSeq: 19; type: liBASE; nodes {;   nodedata: ""\000\000\000\023\001cEx]\211\377\330\025{\341\203\016\355Wm\222\t\022+\207\321\343}^\317s\206\320\316\221\322\t\214\257\211\366S\177\277\000\000\000\000\000\000\000\000\000\000\000\000\000\000\000\000\000\000\000\000\000\000\000\000\000\000\000\000\000\000\000\000N\241\341ZP\2722\360r\246\353!P:\320\374x\3414\227K\230\010 \250t\266\3350QD\004/\352\2248/\352\2249\n\000""; }; nodes {;   nodedata: ""h\315\350\215y\203\242]\371\235\232Pt&\325\210eZ\346\237XZ \277\2457n\221\336\253\245\317\002\304\206+8\t]\351\316\373|\311\263V\300\023\035\211\237\260\300\r\033u3a1\203\303\365\307k\347\006E\344\037@\210\363\010\336T\226\247'\204_{\261\370""1\235\2445\343\033Y!\212\201\341\272\225'\007*$\244&\336\343'\233i\332\374\245 {^\306-N\333\gE\006\347\212\331C\211Z\177\247\031\n+h\312D\3750\343\206J\340\301i\355\362B\306\222U\017\343\213\352\357\206\340m\267\260\r\236e\234\013\202_n)6q\357\2538_-\302\252B\204v\277\254\373\3322Ca\020\243\0105\263\257\367\032\254\016\003""; }; ","ledgerHash: ""\370\361\367\235\210sr\037\032`/X%b\364\000\2261<\024n\271\n\247\213\340ngjzz\321""; ledgerSeq: 19; type: liBASE; nodes {;   nodedata: ""\000\000\000\023\001cEx]\211\377\330\025{\341\203\016\355Wm\222\t\022+\207\321\343}^\317s\206\320\316\221\322\t\214\257\211\366S\177\277\000\000\000\000\000\000\000\000\000\000\000\000\000\000\000\000\000\000\000\000\000\000\000\000\000\000\000\000\000\000\000\000N\241\341ZP\2722\360r\246\353!P:\320\374x\3414\227K\230\010 \250t\266\3350QD\004/\352\2248/\352\2249\n\000""; }; nodes {;   nodedata: ""h\315\350\215y\203\242]\371\235\232Pt&\325\210eZ\346\237XZ \277\2457n\221\336\253\245\317\002\304\206+8\t]\351\316\373|\311\263V\300\023\035\211\237\260\300\r\033u3a1\203\303\365\307k\347\006E\344\037@\210\363\010\336T\226\247'\204_{\261\370""1\235\2445\343\033Y!\212\201\341\272\225'\007*$\244&\336\343'\233i\332\374\245 {^\306-N\333\gE\006\347\212\331C\211Z\177\247\031\n+h\312D\3750\343\206J\340\301i\355\362B\306\222U\017\343\213\352\357\206\340m\267\260\r\236e\234\013\202_n)6q\357\2538_-\302\252B\204v\277\254\373\3322Ca\020\243\0105\263\257\367\032\254\016\003""; }; "
1750587320510,1750587320510,0,1,1,2,TMLedgerData,"ledgerHash: ""\370\361\367\235\210sr\037\032`/X%b\364\000\2261<\024n\271\n\247\213\340ngjzz\321""; ledgerSeq: 19; type: liBASE; nodes {;   nodedata: ""\000\000\000\023\001cEx]\211\377\330\025{\341\203\016\355Wm\222\t\022+\207\321\343}^\317s\206\320\316\221\322\t\214\257\211\366S\177\277\000\000\000\000\000\000\000\000\000\000\000\000\000\000\000\000\000\000\000\000\000\000\000\000\000\000\000\000\000\000\000\000N\241\341ZP\2722\360r\246\353!P:\320\374x\3414\227K\230\010 \250t\266\3350QD\004/\352\2248/\352\2249\n\000""; }; nodes {;   nodedata: ""h\315\350\215y\203\242]\371\235\232Pt&\325\210eZ\346\237XZ \277\2457n\221\336\253\245\317\002\304\206+8\t]\351\316\373|\311\263V\300\023\035\211\237\260\300\r\033u3a1\203\303\365\307k\347\006E\344\037@\210\363\010\336T\226\247'\204_{\261\370""1\235\2445\343\033Y!\212\201\341\272\225'\007*$\244&\336\343'\233i\332\374\245 {^\306-N\333\gE\006\347\212\331C\211Z\177\247\031\n+h\312D\3750\343\206J\340\301i\355\362B\306\222U\017\343\213\352\357\206\340m\267\260\r\236e\234\013\202_n)6q\357\2538_-\302\252B\204v\277\254\373\3322Ca\020\243\0105\263\257\367\032\254\016\003""; }; ","ledgerHash: ""\370\361\367\235\210sr\037\032`/X%b\364\000\2261<\024n\271\n\247\213\340ngjzz\321""; ledgerSeq: 19; type: liBASE; nodes {;   nodedata: ""\000\000\000\023\001cEx]\211\377\330\025{\341\203\016\355Wm\222\t\022+\207\321\343}^\317s\206\320\316\221\322\t\214\257\211\366S\177\277\000\000\000\000\000\000\000\000\000\000\000\000\000\000\000\000\000\000\000\000\000\000\000\000\000\000\000\000\000\000\000\000N\241\341ZP\2722\360r\246\353!P:\320\374x\3414\227K\230\010 \250t\266\3350QD\004/\352\2248/\352\2249\n\000""; }; nodes {;   nodedata: ""h\315\350\215y\203\242]\371\235\232Pt&\325\210eZ\346\237XZ \277\2457n\221\336\253\245\317\002\304\206+8\t]\351\316\373|\311\263V\300\023\035\211\237\260\300\r\033u3a1\203\303\365\307k\347\006E\344\037@\210\363\010\336T\226\247'\204_{\261\370""1\235\2445\343\033Y!\212\201\341\272\225'\007*$\244&\336\343'\233i\332\374\245 {^\306-N\333\gE\006\347\212\331C\211Z\177\247\031\n+h\312D\3750\343\206J\340\301i\355\362B\306\222U\017\343\213\352\357\206\340m\267\260\r\236e\234\013\202_n)6q\357\2538_-\302\252B\204v\277\254\373\3322Ca\020\243\0105\263\257\367\032\254\016\003""; }; "
1750587320511,1750587320512,0,1,1,2,TMLedgerData,"ledgerHash: ""\370\361\367\235\210sr\037\032`/X%b\364\000\2261<\024n\271\n\247\213\340ngjzz\321""; ledgerSeq: 19; type: liBASE; nodes {;   nodedata: ""\000\000\000\023\001cEx]\211\377\330\025{\341\203\016\355Wm\222\t\022+\207\321\343}^\317s\206\320\316\221\322\t\214\257\211\366S\177\277\000\000\000\000\000\000\000\000\000\000\000\000\000\000\000\000\000\000\000\000\000\000\000\000\000\000\000\000\000\000\000\000N\241\341ZP\2722\360r\246\353!P:\320\374x\3414\227K\230\010 \250t\266\3350QD\004/\352\2248/\352\2249\n\000""; }; nodes {;   nodedata: ""h\315\350\215y\203\242]\371\235\232Pt&\325\210eZ\346\237XZ \277\2457n\221\336\253\245\317\002\304\206+8\t]\351\316\373|\311\263V\300\023\035\211\237\260\300\r\033u3a1\203\303\365\307k\347\006E\344\037@\210\363\010\336T\226\247'\204_{\261\370""1\235\2445\343\033Y!\212\201\341\272\225'\007*$\244&\336\343'\233i\332\374\245 {^\306-N\333\gE\006\347\212\331C\211Z\177\247\031\n+h\312D\3750\343\206J\340\301i\355\362B\306\222U\017\343\213\352\357\206\340m\267\260\r\236e\234\013\202_n)6q\357\2538_-\302\252B\204v\277\254\373\3322Ca\020\243\0105\263\257\367\032\254\016\003""; }; requestCookie: 5; ","ledgerHash: ""\370\361\367\235\210sr\037\032`/X%b\364\000\2261<\024n\271\n\247\213\340ngjzz\321""; ledgerSeq: 19; type: liBASE; nodes {;   nodedata: ""\000\000\000\023\001cEx]\211\377\330\025{\341\203\016\355Wm\222\t\022+\207\321\343}^\317s\206\320\316\221\322\t\214\257\211\366S\177\277\000\000\000\000\000\000\000\000\000\000\000\000\000\000\000\000\000\000\000\000\000\000\000\000\000\000\000\000\000\000\000\000N\241\341ZP\2722\360r\246\353!P:\320\374x\3414\227K\230\010 \250t\266\3350QD\004/\352\2248/\352\2249\n\000""; }; nodes {;   nodedata: ""h\315\350\215y\203\242]\371\235\232Pt&\325\210eZ\346\237XZ \277\2457n\221\336\253\245\317\002\304\206+8\t]\351\316\373|\311\263V\300\023\035\211\237\260\300\r\033u3a1\203\303\365\307k\347\006E\344\037@\210\363\010\336T\226\247'\204_{\261\370""1\235\2445\343\033Y!\212\201\341\272\225'\007*$\244&\336\343'\233i\332\374\245 {^\306-N\333\gE\006\347\212\331C\211Z\177\247\031\n+h\312D\3750\343\206J\340\301i\355\362B\306\222U\017\343\213\352\357\206\340m\267\260\r\236e\234\013\202_n)6q\357\2538_-\302\252B\204v\277\254\373\3322Ca\020\243\0105\263\257\367\032\254\016\003""; }; requestCookie: 5; "
1750587320512,1750587320513,0,1,1,2,TMLedgerData,"ledgerHash: ""\370\361\367\235\210sr\037\032`/X%b\364\000\2261<\024n\271\n\247\213\340ngjzz\321""; ledgerSeq: 19; type: liBASE; nodes {;   nodedata: ""\000\000\000\023\001cEx]\211\377\330\025{\341\203\016\355Wm\222\t\022+\207\321\343}^\317s\206\320\316\221\322\t\214\257\211\366S\177\277\000\000\000\000\000\000\000\000\000\000\000\000\000\000\000\000\000\000\000\000\000\000\000\000\000\000\000\000\000\000\000\000N\241\341ZP\2722\360r\246\353!P:\320\374x\3414\227K\230\010 \250t\266\3350QD\004/\352\2248/\352\2249\n\000""; }; nodes {;   nodedata: ""h\315\350\215y\203\242]\371\235\232Pt&\325\210eZ\346\237XZ \277\2457n\221\336\253\245\317\002\304\206+8\t]\351\316\373|\311\263V\300\023\035\211\237\260\300\r\033u3a1\203\303\365\307k\347\006E\344\037@\210\363\010\336T\226\247'\204_{\261\370""1\235\2445\343\033Y!\212\201\341\272\225'\007*$\244&\336\343'\233i\332\374\245 {^\306-N\333\gE\006\347\212\331C\211Z\177\247\031\n+h\312D\3750\343\206J\340\301i\355\362B\306\222U\017\343\213\352\357\206\340m\267\260\r\236e\234\013\202_n)6q\357\2538_-\302\252B\204v\277\254\373\3322Ca\020\243\0105\263\257\367\032\254\016\003""; }; ","ledgerHash: ""\370\361\367\235\210sr\037\032`/X%b\364\000\2261<\024n\271\n\247\213\340ngjzz\321""; ledgerSeq: 19; type: liBASE; nodes {;   nodedata: ""\000\000\000\023\001cEx]\211\377\330\025{\341\203\016\355Wm\222\t\022+\207\321\343}^\317s\206\320\316\221\322\t\214\257\211\366S\177\277\000\000\000\000\000\000\000\000\000\000\000\000\000\000\000\000\000\000\000\000\000\000\000\000\000\000\000\000\000\000\000\000N\241\341ZP\2722\360r\246\353!P:\320\374x\3414\227K\230\010 \250t\266\3350QD\004/\352\2248/\352\2249\n\000""; }; nodes {;   nodedata: ""h\315\350\215y\203\242]\371\235\232Pt&\325\210eZ\346\237XZ \277\2457n\221\336\253\245\317\002\304\206+8\t]\351\316\373|\311\263V\300\023\035\211\237\260\300\r\033u3a1\203\303\365\307k\347\006E\344\037@\210\363\010\336T\226\247'\204_{\261\370""1\235\2445\343\033Y!\212\201\341\272\225'\007*$\244&\336\343'\233i\332\374\245 {^\306-N\333\gE\006\347\212\331C\211Z\177\247\031\n+h\312D\3750\343\206J\340\301i\355\362B\306\222U\017\343\213\352\357\206\340m\267\260\r\236e\234\013\202_n)6q\357\2538_-\302\252B\204v\277\254\373\3322Ca\020\243\0105\263\257\367\032\254\016\003""; }; "
1750587320513,1750587320514,0,1,1,0,TMLedgerData,"ledgerHash: ""\370\361\367\235\210sr\037\032`/X%b\364\000\2261<\024n\271\n\247\213\340ngjzz\321""; ledgerSeq: 19; type: liBASE; nodes {;   nodedata: ""\000\000\000\023\001cEx]\211\377\330\025{\341\203\016\355Wm\222\t\022+\207\321\343}^\317s\206\320\316\221\322\t\214\257\211\366S\177\277\000\000\000\000\000\000\000\000\000\000\000\000\000\000\000\000\000\000\000\000\000\000\000\000\000\000\000\000\000\000\000\000N\241\341ZP\2722\360r\246\353!P:\320\374x\3414\227K\230\010 \250t\266\3350QD\004/\352\2248/\352\2249\n\000""; }; nodes {;   nodedata: ""h\315\350\215y\203\242]\371\235\232Pt&\325\210eZ\346\237XZ \277\2457n\221\336\253\245\317\002\304\206+8\t]\351\316\373|\311\263V\300\023\035\211\237\260\300\r\033u3a1\203\303\365\307k\347\006E\344\037@\210\363\010\336T\226\247'\204_{\261\370""1\235\2445\343\033Y!\212\201\341\272\225'\007*$\244&\336\343'\233i\332\374\245 {^\306-N\333\gE\006\347\212\331C\211Z\177\247\031\n+h\312D\3750\343\206J\340\301i\355\362B\306\222U\017\343\213\352\357\206\340m\267\260\r\236e\234\013\202_n)6q\357\2538_-\302\252B\204v\277\254\373\3322Ca\020\243\0105\263\257\367\032\254\016\003""; }; ","ledgerHash: ""\370\361\367\235\210sr\037\032`/X%b\364\000\2261<\024n\271\n\247\213\340ngjzz\321""; ledgerSeq: 19; type: liBASE; nodes {;   nodedata: ""\000\000\000\023\001cEx]\211\377\330\025{\341\203\016\355Wm\222\t\022+\207\321\343}^\317s\206\320\316\221\322\t\214\257\211\366S\177\277\000\000\000\000\000\000\000\000\000\000\000\000\000\000\000\000\000\000\000\000\000\000\000\000\000\000\000\000\000\000\000\000N\241\341ZP\2722\360r\246\353!P:\320\374x\3414\227K\230\010 \250t\266\3350QD\004/\352\2248/\352\2249\n\000""; }; nodes {;   nodedata: ""h\315\350\215y\203\242]\371\235\232Pt&\325\210eZ\346\237XZ \277\2457n\221\336\253\245\317\002\304\206+8\t]\351\316\373|\311\263V\300\023\035\211\237\260\300\r\033u3a1\203\303\365\307k\347\006E\344\037@\210\363\010\336T\226\247'\204_{\261\370""1\235\2445\343\033Y!\212\201\341\272\225'\007*$\244&\336\343'\233i\332\374\245 {^\306-N\333\gE\006\347\212\331C\211Z\177\247\031\n+h\312D\3750\343\206J\340\301i\355\362B\306\222U\017\343\213\352\357\206\340m\267\260\r\236e\234\013\202_n)6q\357\2538_-\302\252B\204v\277\254\373\3322Ca\020\243\0105\263\257\367\032\254\016\003""; }; "
1750587320514,1750587320514,0,1,1,0,TMLedgerData,"ledgerHash: ""\370\361\367\235\210sr\037\032`/X%b\364\000\2261<\024n\271\n\247\213\340ngjzz\321""; ledgerSeq: 19; type: liBASE; nodes {;   nodedata: ""\000\000\000\023\001cEx]\211\377\330\025{\341\203\016\355Wm\222\t\022+\207\321\343}^\317s\206\320\316\221\322\t\214\257\211\366S\177\277\000\000\000\000\000\000\000\000\000\000\000\000\000\000\000\000\000\000\000\000\000\000\000\000\000\000\000\000\000\000\000\000N\241\341ZP\2722\360r\246\353!P:\320\374x\3414\227K\230\010 \250t\266\3350QD\004/\352\2248/\352\2249\n\000""; }; nodes {;   nodedata: ""h\315\350\215y\203\242]\371\235\232Pt&\325\210eZ\346\237XZ \277\2457n\221\336\253\245\317\002\304\206+8\t]\351\316\373|\311\263V\300\023\035\211\237\260\300\r\033u3a1\203\303\365\307k\347\006E\344\037@\210\363\010\336T\226\247'\204_{\261\370""1\235\2445\343\033Y!\212\201\341\272\225'\007*$\244&\336\343'\233i\332\374\245 {^\306-N\333\gE\006\347\212\331C\211Z\177\247\031\n+h\312D\3750\343\206J\340\301i\355\362B\306\222U\017\343\213\352\357\206\340m\267\260\r\236e\234\013\202_n)6q\357\2538_-\302\252B\204v\277\254\373\3322Ca\020\243\0105\263\257\367\032\254\016\003""; }; ","ledgerHash: ""\370\361\367\235\210sr\037\032`/X%b\364\000\2261<\024n\271\n\247\213\340ngjzz\321""; ledgerSeq: 19; type: liBASE; nodes {;   nodedata: ""\000\000\000\023\001cEx]\211\377\330\025{\341\203\016\355Wm\222\t\022+\207\321\343}^\317s\206\320\316\221\322\t\214\257\211\366S\177\277\000\000\000\000\000\000\000\000\000\000\000\000\000\000\000\000\000\000\000\000\000\000\000\000\000\000\000\000\000\000\000\000N\241\341ZP\2722\360r\246\353!P:\320\374x\3414\227K\230\010 \250t\266\3350QD\004/\352\2248/\352\2249\n\000""; }; nodes {;   nodedata: ""h\315\350\215y\203\242]\371\235\232Pt&\325\210eZ\346\237XZ \277\2457n\221\336\253\245\317\002\304\206+8\t]\351\316\373|\311\263V\300\023\035\211\237\260\300\r\033u3a1\203\303\365\307k\347\006E\344\037@\210\363\010\336T\226\247'\204_{\261\370""1\235\2445\343\033Y!\212\201\341\272\225'\007*$\244&\336\343'\233i\332\374\245 {^\306-N\333\gE\006\347\212\331C\211Z\177\247\031\n+h\312D\3750\343\206J\340\301i\355\362B\306\222U\017\343\213\352\357\206\340m\267\260\r\236e\234\013\202_n)6q\357\2538_-\302\252B\204v\277\254\373\3322Ca\020\243\0105\263\257\367\032\254\016\003""; }; "
1750587320515,1750587320515,0,1,1,0,TMLedgerData,"ledgerHash: ""\370\361\367\235\210sr\037\032`/X%b\364\000\2261<\024n\271\n\247\213\340ngjzz\321""; ledgerSeq: 19; type: liBASE; nodes {;   nodedata: ""\000\000\000\023\001cEx]\211\377\330\025{\341\203\016\355Wm\222\t\022+\207\321\343}^\317s\206\320\316\221\322\t\214\257\211\366S\177\277\000\000\000\000\000\000\000\000\000\000\000\000\000\000\000\000\000\000\000\000\000\000\000\000\000\000\000\000\000\000\000\000N\241\341ZP\2722\360r\246\353!P:\320\374x\3414\227K\230\010 \250t\266\3350QD\004/\352\2248/\352\2249\n\000""; }; nodes {;   nodedata: ""h\315\350\215y\203\242]\371\235\232Pt&\325\210eZ\346\237XZ \277\2457n\221\336\253\245\317\002\304\206+8\t]\351\316\373|\311\263V\300\023\035\211\237\260\300\r\033u3a1\203\303\365\307k\347\006E\344\037@\210\363\010\336T\226\247'\204_{\261\370""1\235\2445\343\033Y!\212\201\341\272\225'\007*$\244&\336\343'\233i\332\374\245 {^\306-N\333\gE\006\347\212\331C\211Z\177\247\031\n+h\312D\3750\343\206J\340\301i\355\362B\306\222U\017\343\213\352\357\206\340m\267\260\r\236e\234\013\202_n)6q\357\2538_-\302\252B\204v\277\254\373\3322Ca\020\243\0105\263\257\367\032\254\016\003""; }; requestCookie: 4; ","ledgerHash: ""\370\361\367\235\210sr\037\032`/X%b\364\000\2261<\024n\271\n\247\213\340ngjzz\321""; ledgerSeq: 19; type: liBASE; nodes {;   nodedata: ""\000\000\000\023\001cEx]\211\377\330\025{\341\203\016\355Wm\222\t\022+\207\321\343}^\317s\206\320\316\221\322\t\214\257\211\366S\177\277\000\000\000\000\000\000\000\000\000\000\000\000\000\000\000\000\000\000\000\000\000\000\000\000\000\000\000\000\000\000\000\000N\241\341ZP\2722\360r\246\353!P:\320\374x\3414\227K\230\010 \250t\266\3350QD\004/\352\2248/\352\2249\n\000""; }; nodes {;   nodedata: ""h\315\350\215y\203\242]\371\235\232Pt&\325\210eZ\346\237XZ \277\2457n\221\336\253\245\317\002\304\206+8\t]\351\316\373|\311\263V\300\023\035\211\237\260\300\r\033u3a1\203\303\365\307k\347\006E\344\037@\210\363\010\336T\226\247'\204_{\261\370""1\235\2445\343\033Y!\212\201\341\272\225'\007*$\244&\336\343'\233i\332\374\245 {^\306-N\333\gE\006\347\212\331C\211Z\177\247\031\n+h\312D\3750\343\206J\340\301i\355\362B\306\222U\017\343\213\352\357\206\340m\267\260\r\236e\234\013\202_n)6q\357\2538_-\302\252B\204v\277\254\373\3322Ca\020\243\0105\263\257\367\032\254\016\003""; }; requestCookie: 4; "
1750587320516,1750587320516,0,1,1,0,TMLedgerData,"ledgerHash: ""\370\361\367\235\210sr\037\032`/X%b\364\000\2261<\024n\271\n\247\213\340ngjzz\321""; ledgerSeq: 19; type: liBASE; nodes {;   nodedata: ""\000\000\000\023\001cEx]\211\377\330\025{\341\203\016\355Wm\222\t\022+\207\321\343}^\317s\206\320\316\221\322\t\214\257\211\366S\177\277\000\000\000\000\000\000\000\000\000\000\000\000\000\000\000\000\000\000\000\000\000\000\000\000\000\000\000\000\000\000\000\000N\241\341ZP\2722\360r\246\353!P:\320\374x\3414\227K\230\010 \250t\266\3350QD\004/\352\2248/\352\2249\n\000""; }; nodes {;   nodedata: ""h\315\350\215y\203\242]\371\235\232Pt&\325\210eZ\346\237XZ \277\2457n\221\336\253\245\317\002\304\206+8\t]\351\316\373|\311\263V\300\023\035\211\237\260\300\r\033u3a1\203\303\365\307k\347\006E\344\037@\210\363\010\336T\226\247'\204_{\261\370""1\235\2445\343\033Y!\212\201\341\272\225'\007*$\244&\336\343'\233i\332\374\245 {^\306-N\333\gE\006\347\212\331C\211Z\177\247\031\n+h\312D\3750\343\206J\340\301i\355\362B\306\222U\017\343\213\352\357\206\340m\267\260\r\236e\234\013\202_n)6q\357\2538_-\302\252B\204v\277\254\373\3322Ca\020\243\0105\263\257\367\032\254\016\003""; }; requestCookie: 5; ","ledgerHash: ""\370\361\367\235\210sr\037\032`/X%b\364\000\2261<\024n\271\n\247\213\340ngjzz\321""; ledgerSeq: 19; type: liBASE; nodes {;   nodedata: ""\000\000\000\023\001cEx]\211\377\330\025{\341\203\016\355Wm\222\t\022+\207\321\343}^\317s\206\320\316\221\322\t\214\257\211\366S\177\277\000\000\000\000\000\000\000\000\000\000\000\000\000\000\000\000\000\000\000\000\000\000\000\000\000\000\000\000\000\000\000\000N\241\341ZP\2722\360r\246\353!P:\320\374x\3414\227K\230\010 \250t\266\3350QD\004/\352\2248/\352\2249\n\000""; }; nodes {;   nodedata: ""h\315\350\215y\203\242]\371\235\232Pt&\325\210eZ\346\237XZ \277\2457n\221\336\253\245\317\002\304\206+8\t]\351\316\373|\311\263V\300\023\035\211\237\260\300\r\033u3a1\203\303\365\307k\347\006E\344\037@\210\363\010\336T\226\247'\204_{\261\370""1\235\2445\343\033Y!\212\201\341\272\225'\007*$\244&\336\343'\233i\332\374\245 {^\306-N\333\gE\006\347\212\331C\211Z\177\247\031\n+h\312D\3750\343\206J\340\301i\355\362B\306\222U\017\343\213\352\357\206\340m\267\260\r\236e\234\013\202_n)6q\357\2538_-\302\252B\204v\277\254\373\3322Ca\020\243\0105\263\257\367\032\254\016\003""; }; requestCookie: 5; "
1750587320517,1750587320517,0,1,4,0,TMLedgerData,"ledgerHash: ""\370\361\367\235\210sr\037\032`/X%b\364\000\2261<\024n\271\n\247\213\340ngjzz\321""; ledgerSeq: 19; type: liBASE; nodes {;   nodedata: ""\000\000\000\023\001cEx]\211\377\330\025{\341\203\016\355Wm\222\t\022+\207\321\343}^\317s\206\320\316\221\322\t\214\257\211\366S\177\277\000\000\000\000\000\000\000\000\000\000\000\000\000\000\000\000\000\000\000\000\000\000\000\000\000\000\000\000\000\000\000\000N\241\341ZP\2722\360r\246\353!P:\320\374x\3414\227K\230\010 \250t\266\3350QD\004/\352\2248/\352\2249\n\000""; }; nodes {;   nodedata: ""h\315\350\215y\203\242]\371\235\232Pt&\325\210eZ\346\237XZ \277\2457n\221\336\253\245\317\002\304\206+8\t]\351\316\373|\311\263V\300\023\035\211\237\260\300\r\033u3a1\203\303\365\307k\347\006E\344\037@\210\363\010\336T\226\247'\204_{\261\370""1\235\2445\343\033Y!\212\201\341\272\225'\007*$\244&\336\343'\233i\332\374\245 {^\306-N\333\gE\006\347\212\331C\211Z\177\247\031\n+h\312D\3750\343\206J\340\301i\355\362B\306\222U\017\343\213\352\357\206\340m\267\260\r\236e\234\013\202_n)6q\357\2538_-\302\252B\204v\277\254\373\3322Ca\020\243\0105\263\257\367\032\254\016\003""; }; ","ledgerHash: ""\370\361\367\235\210sr\037\032`/X%b\364\000\2261<\024n\271\n\247\213\340ngjzz\321""; ledgerSeq: 19; type: liBASE; nodes {;   nodedata: ""\000\000\000\023\001cEx]\211\377\330\025{\341\203\016\355Wm\222\t\022+\207\321\343}^\317s\206\320\316\221\322\t\214\257\211\366S\177\277\000\000\000\000\000\000\000\000\000\000\000\000\000\000\000\000\000\000\000\000\000\000\000\000\000\000\000\000\000\000\000\000N\241\341ZP\2722\360r\246\353!P:\320\374x\3414\227K\230\010 \250t\266\3350QD\004/\352\2248/\352\2249\n\000""; }; nodes {;   nodedata: ""h\315\350\215y\203\242]\371\235\232Pt&\325\210eZ\346\237XZ \277\2457n\221\336\253\245\317\002\304\206+8\t]\351\316\373|\311\263V\300\023\035\211\237\260\300\r\033u3a1\203\303\365\307k\347\006E\344\037@\210\363\010\336T\226\247'\204_{\261\370""1\235\2445\343\033Y!\212\201\341\272\225'\007*$\244&\336\343'\233i\332\374\245 {^\306-N\333\gE\006\347\212\331C\211Z\177\247\031\n+h\312D\3750\343\206J\340\301i\355\362B\306\222U\017\343\213\352\357\206\340m\267\260\r\236e\234\013\202_n)6q\357\2538_-\302\252B\204v\277\254\373\3322Ca\020\243\0105\263\257\367\032\254\016\003""; }; "
1750587320518,1750587320518,0,1,1,0,TMLedgerData,"ledgerHash: ""\370\361\367\235\210sr\037\032`/X%b\364\000\2261<\024n\271\n\247\213\340ngjzz\321""; ledgerSeq: 19; type: liBASE; nodes {;   nodedata: ""\000\000\000\023\001cEx]\211\377\330\025{\341\203\016\355Wm\222\t\022+\207\321\343}^\317s\206\320\316\221\322\t\214\257\211\366S\177\277\000\000\000\000\000\000\000\000\000\000\000\000\000\000\000\000\000\000\000\000\000\000\000\000\000\000\000\000\000\000\000\000N\241\341ZP\2722\360r\246\353!P:\320\374x\3414\227K\230\010 \250t\266\3350QD\004/\352\2248/\352\2249\n\000""; }; nodes {;   nodedata: ""h\315\350\215y\203\242]\371\235\232Pt&\325\210eZ\346\237XZ \277\2457n\221\336\253\245\317\002\304\206+8\t]\351\316\373|\311\263V\300\023\035\211\237\260\300\r\033u3a1\203\303\365\307k\347\006E\344\037@\210\363\010\336T\226\247'\204_{\261\370""1\235\2445\343\033Y!\212\201\341\272\225'\007*$\244&\336\343'\233i\332\374\245 {^\306-N\333\gE\006\347\212\331C\211Z\177\247\031\n+h\312D\3750\343\206J\340\301i\355\362B\306\222U\017\343\213\352\357\206\340m\267\260\r\236e\234\013\202_n)6q\357\2538_-\302\252B\204v\277\254\373\3322Ca\020\243\0105\263\257\367\032\254\016\003""; }; requestCookie: 3; ","ledgerHash: ""\370\361\367\235\210sr\037\032`/X%b\364\000\2261<\024n\271\n\247\213\340ngjzz\321""; ledgerSeq: 19; type: liBASE; nodes {;   nodedata: ""\000\000\000\023\001cEx]\211\377\330\025{\341\203\016\355Wm\222\t\022+\207\321\343}^\317s\206\320\316\221\322\t\214\257\211\366S\177\277\000\000\000\000\000\000\000\000\000\000\000\000\000\000\000\000\000\000\000\000\000\000\000\000\000\000\000\000\000\000\000\000N\241\341ZP\2722\360r\246\353!P:\320\374x\3414\227K\230\010 \250t\266\3350QD\004/\352\2248/\352\2249\n\000""; }; nodes {;   nodedata: ""h\315\350\215y\203\242]\371\235\232Pt&\325\210eZ\346\237XZ \277\2457n\221\336\253\245\317\002\304\206+8\t]\351\316\373|\311\263V\300\023\035\211\237\260\300\r\033u3a1\203\303\365\307k\347\006E\344\037@\210\363\010\336T\226\247'\204_{\261\370""1\235\2445\343\033Y!\212\201\341\272\225'\007*$\244&\336\343'\233i\332\374\245 {^\306-N\333\gE\006\347\212\331C\211Z\177\247\031\n+h\312D\3750\343\206J\340\301i\355\362B\306\222U\017\343\213\352\357\206\340m\267\260\r\236e\234\013\202_n)6q\357\2538_-\302\252B\204v\277\254\373\3322Ca\020\243\0105\263\257\367\032\254\016\003""; }; requestCookie: 3; "
1750587320518,1750587320519,0,1,4,2,TMLedgerData,"ledgerHash: ""\370\361\367\235\210sr\037\032`/X%b\364\000\2261<\024n\271\n\247\213\340ngjzz\321""; ledgerSeq: 19; type: liBASE; nodes {;   nodedata: ""\000\000\000\023\001cEx]\211\377\330\025{\341\203\016\355Wm\222\t\022+\207\321\343}^\317s\206\320\316\221\322\t\214\257\211\366S\177\277\000\000\000\000\000\000\000\000\000\000\000\000\000\000\000\000\000\000\000\000\000\000\000\000\000\000\000\000\000\000\000\000N\241\341ZP\2722\360r\246\353!P:\320\374x\3414\227K\230\010 \250t\266\3350QD\004/\352\2248/\352\2249\n\000""; }; nodes {;   nodedata: ""h\315\350\215y\203\242]\371\235\232Pt&\325\210eZ\346\237XZ \277\2457n\221\336\253\245\317\002\304\206+8\t]\351\316\373|\311\263V\300\023\035\211\237\260\300\r\033u3a1\203\303\365\307k\347\006E\344\037@\210\363\010\336T\226\247'\204_{\261\370""1\235\2445\343\033Y!\212\201\341\272\225'\007*$\244&\336\343'\233i\332\374\245 {^\306-N\333\gE\006\347\212\331C\211Z\177\247\031\n+h\312D\3750\343\206J\340\301i\355\362B\306\222U\017\343\213\352\357\206\340m\267\260\r\236e\234\013\202_n)6q\357\2538_-\302\252B\204v\277\254\373\3322Ca\020\243\0105\263\257\367\032\254\016\003""; }; ","ledgerHash: ""\370\361\367\235\210sr\037\032`/X%b\364\000\2261<\024n\271\n\247\213\340ngjzz\321""; ledgerSeq: 19; type: liBASE; nodes {;   nodedata: ""\000\000\000\023\001cEx]\211\377\330\025{\341\203\016\355Wm\222\t\022+\207\321\343}^\317s\206\320\316\221\322\t\214\257\211\366S\177\277\000\000\000\000\000\000\000\000\000\000\000\000\000\000\000\000\000\000\000\000\000\000\000\000\000\000\000\000\000\000\000\000N\241\341ZP\2722\360r\246\353!P:\320\374x\3414\227K\230\010 \250t\266\3350QD\004/\352\2248/\352\2249\n\000""; }; nodes {;   nodedata: ""h\315\350\215y\203\242]\371\235\232Pt&\325\210eZ\346\237XZ \277\2457n\221\336\253\245\317\002\304\206+8\t]\351\316\373|\311\263V\300\023\035\211\237\260\300\r\033u3a1\203\303\365\307k\347\006E\344\037@\210\363\010\336T\226\247'\204_{\261\370""1\235\2445\343\033Y!\212\201\341\272\225'\007*$\244&\336\343'\233i\332\374\245 {^\306-N\333\gE\006\347\212\331C\211Z\177\247\031\n+h\312D\3750\343\206J\340\301i\355\362B\306\222U\017\343\213\352\357\206\340m\267\260\r\236e\234\013\202_n)6q\357\2538_-\302\252B\204v\277\254\373\3322Ca\020\243\0105\263\257\367\032\254\016\003""; }; "
1750587320519,1750587320519,0,1,3,1,TMGetLedger,"itype: liBASE; ledgerHash: ""\370\361\367\235\210sr\037\032`/X%b\364\000\2261<\024n\271\n\247\213\340ngjzz\321""; requestCookie: 2; queryType: qtINDIRECT; ","itype: liBASE; ledgerHash: ""\370\361\367\235\210sr\037\032`/X%b\364\000\2261<\024n\271\n\247\213\340ngjzz\321""; requestCookie: 2; queryType: qtINDIRECT; "
1750587320520,1750587320520,0,1,3,1,TMGetLedger,"itype: liAS_NODE; ledgerHash: ""\370\361\367\235\210sr\037\032`/X%b\364\000\2261<\024n\271\n\247\213\340ngjzz\321""; ledgerSeq: 19; nodeIDs: ""\260\000\000\000\000\000\000\000\000\000\000\000\000\000\000\000\000\000\000\000\000\000\000\000\000\000\000\000\000\000\000\000\001""; queryType: qtINDIRECT; queryDepth: 1; ","itype: liAS_NODE; ledgerHash: ""\370\361\367\235\210sr\037\032`/X%b\364\000\2261<\024n\271\n\247\213\340ngjzz\321""; ledgerSeq: 19; nodeIDs: ""\260\000\000\000\000\000\000\000\000\000\000\000\000\000\000\000\000\000\000\000\000\000\000\000\000\000\000\000\000\000\000\000\001""; queryType: qtINDIRECT; queryDepth: 1; "
1750587320521,1750587320521,0,1,3,2,TMLedgerData,"ledgerHash: ""\370\361\367\235\210sr\037\032`/X%b\364\000\2261<\024n\271\n\247\213\340ngjzz\321""; ledgerSeq: 19; type: liBASE; nodes {;   nodedata: ""\000\000\000\023\001cEx]\211\377\330\025{\341\203\016\355Wm\222\t\022+\207\321\343}^\317s\206\320\316\221\322\t\214\257\211\366S\177\277\000\000\000\000\000\000\000\000\000\000\000\000\000\000\000\000\000\000\000\000\000\000\000\000\000\000\000\000\000\000\000\000N\241\341ZP\2722\360r\246\353!P:\320\374x\3414\227K\230\010 \250t\266\3350QD\004/\352\2248/\352\2249\n\000""; }; nodes {;   nodedata: ""h\315\350\215y\203\242]\371\235\232Pt&\325\210eZ\346\237XZ \277\2457n\221\336\253\245\317\002\304\206+8\t]\351\316\373|\311\263V\300\023\035\211\237\260\300\r\033u3a1\203\303\365\307k\347\006E\344\037@\210\363\010\336T\226\247'\204_{\261\370""1\235\2445\343\033Y!\212\201\341\272\225'\007*$\244&\336\343'\233i\332\374\245 {^\306-N\333\gE\006\347\212\331C\211Z\177\247\031\n+h\312D\3750\343\206J\340\301i\355\362B\306\222U\017\343\213\352\357\206\340m\267\260\r\236e\234\013\202_n)6q\357\2538_-\302\252B\204v\277\254\373\3322Ca\020\243\0105\263\257\367\032\254\016\003""; }; ","ledgerHash: ""\370\361\367\235\210sr\037\032`/X%b\364\000\2261<\024n\271\n\247\213\340ngjzz\321""; ledgerSeq: 19; type: liBASE; nodes {;   nodedata: ""\000\000\000\023\001cEx]\211\377\330\025{\341\203\016\355Wm\222\t\022+\207\321\343}^\317s\206\320\316\221\322\t\214\257\211\366S\177\277\000\000\000\000\000\000\000\000\000\000\000\000\000\000\000\000\000\000\000\000\000\000\000\000\000\000\000\000\000\000\000\000N\241\341ZP\2722\360r\246\353!P:\320\374x\3414\227K\230\010 \250t\266\3350QD\004/\352\2248/\352\2249\n\000""; }; nodes {;   nodedata: ""h\315\350\215y\203\242]\371\235\232Pt&\325\210eZ\346\237XZ \277\2457n\221\336\253\245\317\002\304\206+8\t]\351\316\373|\311\263V\300\023\035\211\237\260\300\r\033u3a1\203\303\365\307k\347\006E\344\037@\210\363\010\336T\226\247'\204_{\261\370""1\235\2445\343\033Y!\212\201\341\272\225'\007*$\244&\336\343'\233i\332\374\245 {^\306-N\333\gE\006\347\212\331C\211Z\177\247\031\n+h\312D\3750\343\206J\340\301i\355\362B\306\222U\017\343\213\352\357\206\340m\267\260\r\236e\234\013\202_n)6q\357\2538_-\302\252B\204v\277\254\373\3322Ca\020\243\0105\263\257\367\032\254\016\003""; }; "
1750587320522,1750587320522,0,1,2,1,TMGetLedger,"itype: liBASE; ledgerHash: ""\370\361\367\235\210sr\037\032`/X%b\364\000\2261<\024n\271\n\247\213\340ngjzz\321""; requestCookie: 2; queryType: qtINDIRECT; ","itype: liBASE; ledgerHash: ""\370\361\367\235\210sr\037\032`/X%b\364\000\2261<\024n\271\n\247\213\340ngjzz\321""; requestCookie: 2; queryType: qtINDIRECT; "
1750587320523,1750587320523,0,1,2,1,TMGetLedger,"itype: liAS_NODE; ledgerHash: ""\370\361\367\235\210sr\037\032`/X%b\364\000\2261<\024n\271\n\247\213\340ngjzz\321""; ledgerSeq: 19; nodeIDs: ""\260\000\000\000\000\000\000\000\000\000\000\000\000\000\000\000\000\000\000\000\000\000\000\000\000\000\000\000\000\000\000\000\001""; queryType: qtINDIRECT; queryDepth: 1; ","itype: liAS_NODE; ledgerHash: ""\370\361\367\235\210sr\037\032`/X%b\364\000\2261<\024n\271\n\247\213\340ngjzz\321""; ledgerSeq: 19; nodeIDs: ""\260\000\000\000\000\000\000\000\000\000\000\000\000\000\000\000\000\000\000\000\000\000\000\000\000\000\000\000\000\000\000\000\001""; queryType: qtINDIRECT; queryDepth: 1; "
1750587320523,1750587320523,0,1,2,1,TMGetLedger,"itype: liBASE; ledgerHash: ""\370\361\367\235\210sr\037\032`/X%b\364\000\2261<\024n\271\n\247\213\340ngjzz\321""; requestCookie: 4; queryType: qtINDIRECT; ","itype: liBASE; ledgerHash: ""\370\361\367\235\210sr\037\032`/X%b\364\000\2261<\024n\271\n\247\213\340ngjzz\321""; requestCookie: 4; queryType: qtINDIRECT; "
1750587320523,1750587320524,0,1,2,4,TMLedgerData,"ledgerHash: ""\370\361\367\235\210sr\037\032`/X%b\364\000\2261<\024n\271\n\247\213\340ngjzz\321""; ledgerSeq: 19; type: liBASE; nodes {;   nodedata: ""\000\000\000\023\001cEx]\211\377\330\025{\341\203\016\355Wm\222\t\022+\207\321\343}^\317s\206\320\316\221\322\t\214\257\211\366S\177\277\000\000\000\000\000\000\000\000\000\000\000\000\000\000\000\000\000\000\000\000\000\000\000\000\000\000\000\000\000\000\000\000N\241\341ZP\2722\360r\246\353!P:\320\374x\3414\227K\230\010 \250t\266\3350QD\004/\352\2248/\352\2249\n\000""; }; nodes {;   nodedata: ""h\315\350\215y\203\242]\371\235\232Pt&\325\210eZ\346\237XZ \277\2457n\221\336\253\245\317\002\304\206+8\t]\351\316\373|\311\263V\300\023\035\211\237\260\300\r\033u3a1\203\303\365\307k\347\006E\344\037@\210\363\010\336T\226\247'\204_{\261\370""1\235\2445\343\033Y!\212\201\341\272\225'\007*$\244&\336\343'\233i\332\374\245 {^\306-N\333\gE\006\347\212\331C\211Z\177\247\031\n+h\312D\3750\343\206J\340\301i\355\362B\306\222U\017\343\213\352\357\206\340m\267\260\r\236e\234\013\202_n)6q\357\2538_-\302\252B\204v\277\254\373\3322Ca\020\243\0105\263\257\367\032\254\016\003""; }; ","ledgerHash: ""\370\361\367\235\210sr\037\032`/X%b\364\000\2261<\024n\271\n\247\213\340ngjzz\321""; ledgerSeq: 19; type: liBASE; nodes {;   nodedata: ""\000\000\000\023\001cEx]\211\377\330\025{\341\203\016\355Wm\222\t\022+\207\321\343}^\317s\206\320\316\221\322\t\214\257\211\366S\177\277\000\000\000\000\000\000\000\000\000\000\000\000\000\000\000\000\000\000\000\000\000\000\000\000\000\000\000\000\000\000\000\000N\241\341ZP\2722\360r\246\353!P:\320\374x\3414\227K\230\010 \250t\266\3350QD\004/\352\2248/\352\2249\n\000""; }; nodes {;   nodedata: ""h\315\350\215y\203\242]\371\235\232Pt&\325\210eZ\346\237XZ \277\2457n\221\336\253\245\317\002\304\206+8\t]\351\316\373|\311\263V\300\023\035\211\237\260\300\r\033u3a1\203\303\365\307k\347\006E\344\037@\210\363\010\336T\226\247'\204_{\261\370""1\235\2445\343\033Y!\212\201\341\272\225'\007*$\244&\336\343'\233i\332\374\245 {^\306-N\333\gE\006\347\212\331C\211Z\177\247\031\n+h\312D\3750\343\206J\340\301i\355\362B\306\222U\017\343\213\352\357\206\340m\267\260\r\236e\234\013\202_n)6q\357\2538_-\302\252B\204v\277\254\373\3322Ca\020\243\0105\263\257\367\032\254\016\003""; }; "
1750587320525,1750587320525,0,1,0,1,TMGetLedger,"itype: liAS_NODE; ledgerHash: ""\370\361\367\235\210sr\037\032`/X%b\364\000\2261<\024n\271\n\247\213\340ngjzz\321""; ledgerSeq: 19; nodeIDs: ""\260\000\000\000\000\000\000\000\000\000\000\000\000\000\000\000\000\000\000\000\000\000\000\000\000\000\000\000\000\000\000\000\001""; queryType: qtINDIRECT; queryDepth: 1; ","itype: liAS_NODE; ledgerHash: ""\370\361\367\235\210sr\037\032`/X%b\364\000\2261<\024n\271\n\247\213\340ngjzz\321""; ledgerSeq: 19; nodeIDs: ""\260\000\000\000\000\000\000\000\000\000\000\000\000\000\000\000\000\000\000\000\000\000\000\000\000\000\000\000\000\000\000\000\001""; queryType: qtINDIRECT; queryDepth: 1; "
1750587320525,1750587320525,0,1,0,3,TMLedgerData,"ledgerHash: ""\370\361\367\235\210sr\037\032`/X%b\364\000\2261<\024n\271\n\247\213\340ngjzz\321""; ledgerSeq: 19; type: liBASE; nodes {;   nodedata: ""\000\000\000\023\001cEx]\211\377\330\025{\341\203\016\355Wm\222\t\022+\207\321\343}^\317s\206\320\316\221\322\t\214\257\211\366S\177\277\000\000\000\000\000\000\000\000\000\000\000\000\000\000\000\000\000\000\000\000\000\000\000\000\000\000\000\000\000\000\000\000N\241\341ZP\2722\360r\246\353!P:\320\374x\3414\227K\230\010 \250t\266\3350QD\004/\352\2248/\352\2249\n\000""; }; nodes {;   nodedata: ""h\315\350\215y\203\242]\371\235\232Pt&\325\210eZ\346\237XZ \277\2457n\221\336\253\245\317\002\304\206+8\t]\351\316\373|\311\263V\300\023\035\211\237\260\300\r\033u3a1\203\303\365\307k\347\006E\344\037@\210\363\010\336T\226\247'\204_{\261\370""1\235\2445\343\033Y!\212\201\341\272\225'\007*$\244&\336\343'\233i\332\374\245 {^\306-N\333\gE\006\347\212\331C\211Z\177\247\031\n+h\312D\3750\343\206J\340\301i\355\362B\306\222U\017\343\213\352\357\206\340m\267\260\r\236e\234\013\202_n)6q\357\2538_-\302\252B\204v\277\254\373\3322Ca\020\243\0105\263\257\367\032\254\016\003""; }; ","ledgerHash: ""\370\361\367\235\210sr\037\032`/X%b\364\000\2261<\024n\271\n\247\213\340ngjzz\321""; ledgerSeq: 19; type: liBASE; nodes {;   nodedata: ""\000\000\000\023\001cEx]\211\377\330\025{\341\203\016\355Wm\222\t\022+\207\321\343}^\317s\206\320\316\221\322\t\214\257\211\366S\177\277\000\000\000\000\000\000\000\000\000\000\000\000\000\000\000\000\000\000\000\000\000\000\000\000\000\000\000\000\000\000\000\000N\241\341ZP\2722\360r\246\353!P:\320\374x\3414\227K\230\010 \250t\266\3350QD\004/\352\2248/\352\2249\n\000""; }; nodes {;   nodedata: ""h\315\350\215y\203\242]\371\235\232Pt&\325\210eZ\346\237XZ \277\2457n\221\336\253\245\317\002\304\206+8\t]\351\316\373|\311\263V\300\023\035\211\237\260\300\r\033u3a1\203\303\365\307k\347\006E\344\037@\210\363\010\336T\226\247'\204_{\261\370""1\235\2445\343\033Y!\212\201\341\272\225'\007*$\244&\336\343'\233i\332\374\245 {^\306-N\333\gE\006\347\212\331C\211Z\177\247\031\n+h\312D\3750\343\206J\340\301i\355\362B\306\222U\017\343\213\352\357\206\340m\267\260\r\236e\234\013\202_n)6q\357\2538_-\302\252B\204v\277\254\373\3322Ca\020\243\0105\263\257\367\032\254\016\003""; }; "
1750587320526,1750587320526,0,1,0,4,TMLedgerData,"ledgerHash: ""\370\361\367\235\210sr\037\032`/X%b\364\000\2261<\024n\271\n\247\213\340ngjzz\321""; ledgerSeq: 19; type: liBASE; nodes {;   nodedata: ""\000\000\000\023\001cEx]\211\377\330\025{\341\203\016\355Wm\222\t\022+\207\321\343}^\317s\206\320\316\221\322\t\214\257\211\366S\177\277\000\000\000\000\000\000\000\000\000\000\000\000\000\000\000\000\000\000\000\000\000\000\000\000\000\000\000\000\000\000\000\000N\241\341ZP\2722\360r\246\353!P:\320\374x\3414\227K\230\010 \250t\266\3350QD\004/\352\2248/\352\2249\n\000""; }; nodes {;   nodedata: ""h\315\350\215y\203\242]\371\235\232Pt&\325\210eZ\346\237XZ \277\2457n\221\336\253\245\317\002\304\206+8\t]\351\316\373|\311\263V\300\023\035\211\237\260\300\r\033u3a1\203\303\365\307k\347\006E\344\037@\210\363\010\336T\226\247'\204_{\261\370""1\235\2445\343\033Y!\212\201\341\272\225'\007*$\244&\336\343'\233i\332\374\245 {^\306-N\333\gE\006\347\212\331C\211Z\177\247\031\n+h\312D\3750\343\206J\340\301i\355\362B\306\222U\017\343\213\352\357\206\340m\267\260\r\236e\234\013\202_n)6q\357\2538_-\302\252B\204v\277\254\373\3322Ca\020\243\0105\263\257\367\032\254\016\003""; }; ","ledgerHash: ""\370\361\367\235\210sr\037\032`/X%b\364\000\2261<\024n\271\n\247\213\340ngjzz\321""; ledgerSeq: 19; type: liBASE; nodes {;   nodedata: ""\000\000\000\023\001cEx]\211\377\330\025{\341\203\016\355Wm\222\t\022+\207\321\343}^\317s\206\320\316\221\322\t\214\257\211\366S\177\277\000\000\000\000\000\000\000\000\000\000\000\000\000\000\000\000\000\000\000\000\000\000\000\000\000\000\000\000\000\000\000\000N\241\341ZP\2722\360r\246\353!P:\320\374x\3414\227K\230\010 \250t\266\3350QD\004/\352\2248/\352\2249\n\000""; }; nodes {;   nodedata: ""h\315\350\215y\203\242]\371\235\232Pt&\325\210eZ\346\237XZ \277\2457n\221\336\253\245\317\002\304\206+8\t]\351\316\373|\311\263V\300\023\035\211\237\260\300\r\033u3a1\203\303\365\307k\347\006E\344\037@\210\363\010\336T\226\247'\204_{\261\370""1\235\2445\343\033Y!\212\201\341\272\225'\007*$\244&\336\343'\233i\332\374\245 {^\306-N\333\gE\006\347\212\331C\211Z\177\247\031\n+h\312D\3750\343\206J\340\301i\355\362B\306\222U\017\343\213\352\357\206\340m\267\260\r\236e\234\013\202_n)6q\357\2538_-\302\252B\204v\277\254\373\3322Ca\020\243\0105\263\257\367\032\254\016\003""; }; "
1750587320527,1750587320527,0,1,0,2,TMLedgerData,"ledgerHash: ""\370\361\367\235\210sr\037\032`/X%b\364\000\2261<\024n\271\n\247\213\340ngjzz\321""; ledgerSeq: 19; type: liBASE; nodes {;   nodedata: ""\000\000\000\023\001cEx]\211\377\330\025{\341\203\016\355Wm\222\t\022+\207\321\343}^\317s\206\320\316\221\322\t\214\257\211\366S\177\277\000\000\000\000\000\000\000\000\000\000\000\000\000\000\000\000\000\000\000\000\000\000\000\000\000\000\000\000\000\000\000\000N\241\341ZP\2722\360r\246\353!P:\320\374x\3414\227K\230\010 \250t\266\3350QD\004/\352\2248/\352\2249\n\000""; }; nodes {;   nodedata: ""h\315\350\215y\203\242]\371\235\232Pt&\325\210eZ\346\237XZ \277\2457n\221\336\253\245\317\002\304\206+8\t]\351\316\373|\311\263V\300\023\035\211\237\260\300\r\033u3a1\203\303\365\307k\347\006E\344\037@\210\363\010\336T\226\247'\204_{\261\370""1\235\2445\343\033Y!\212\201\341\272\225'\007*$\244&\336\343'\233i\332\374\245 {^\306-N\333\gE\006\347\212\331C\211Z\177\247\031\n+h\312D\3750\343\206J\340\301i\355\362B\306\222U\017\343\213\352\357\206\340m\267\260\r\236e\234\013\202_n)6q\357\2538_-\302\252B\204v\277\254\373\3322Ca\020\243\0105\263\257\367\032\254\016\003""; }; ","ledgerHash: ""\370\361\367\235\210sr\037\032`/X%b\364\000\2261<\024n\271\n\247\213\340ngjzz\321""; ledgerSeq: 19; type: liBASE; nodes {;   nodedata: ""\000\000\000\023\001cEx]\211\377\330\025{\341\203\016\355Wm\222\t\022+\207\321\343}^\317s\206\320\316\221\322\t\214\257\211\366S\177\277\000\000\000\000\000\000\000\000\000\000\000\000\000\000\000\000\000\000\000\000\000\000\000\000\000\000\000\000\000\000\000\000N\241\341ZP\2722\360r\246\353!P:\320\374x\3414\227K\230\010 \250t\266\3350QD\004/\352\2248/\352\2249\n\000""; }; nodes {;   nodedata: ""h\315\350\215y\203\242]\371\235\232Pt&\325\210eZ\346\237XZ \277\2457n\221\336\253\245\317\002\304\206+8\t]\351\316\373|\311\263V\300\023\035\211\237\260\300\r\033u3a1\203\303\365\307k\347\006E\344\037@\210\363\010\336T\226\247'\204_{\261\370""1\235\2445\343\033Y!\212\201\341\272\225'\007*$\244&\336\343'\233i\332\374\245 {^\306-N\333\gE\006\347\212\331C\211Z\177\247\031\n+h\312D\3750\343\206J\340\301i\355\362B\306\222U\017\343\213\352\357\206\340m\267\260\r\236e\234\013\202_n)6q\357\2538_-\302\252B\204v\277\254\373\3322Ca\020\243\0105\263\257\367\032\254\016\003""; }; "
1750587320528,1750587320528,0,1,1,3,TMLedgerData,"ledgerHash: ""\370\361\367\235\210sr\037\032`/X%b\364\000\2261<\024n\271\n\247\213\340ngjzz\321""; ledgerSeq: 19; type: liBASE; nodes {;   nodedata: ""\000\000\000\023\001cEx]\211\377\330\025{\341\203\016\355Wm\222\t\022+\207\321\343}^\317s\206\320\316\221\322\t\214\257\211\366S\177\277\000\000\000\000\000\000\000\000\000\000\000\000\000\000\000\000\000\000\000\000\000\000\000\000\000\000\000\000\000\000\000\000N\241\341ZP\2722\360r\246\353!P:\320\374x\3414\227K\230\010 \250t\266\3350QD\004/\352\2248/\352\2249\n\000""; }; nodes {;   nodedata: ""h\315\350\215y\203\242]\371\235\232Pt&\325\210eZ\346\237XZ \277\2457n\221\336\253\245\317\002\304\206+8\t]\351\316\373|\311\263V\300\023\035\211\237\260\300\r\033u3a1\203\303\365\307k\347\006E\344\037@\210\363\010\336T\226\247'\204_{\261\370""1\235\2445\343\033Y!\212\201\341\272\225'\007*$\244&\336\343'\233i\332\374\245 {^\306-N\333\gE\006\347\212\331C\211Z\177\247\031\n+h\312D\3750\343\206J\340\301i\355\362B\306\222U\017\343\213\352\357\206\340m\267\260\r\236e\234\013\202_n)6q\357\2538_-\302\252B\204v\277\254\373\3322Ca\020\243\0105\263\257\367\032\254\016\003""; }; requestCookie: 2; ","ledgerHash: ""\370\361\367\235\210sr\037\032`/X%b\364\000\2261<\024n\271\n\247\213\340ngjzz\321""; ledgerSeq: 19; type: liBASE; nodes {;   nodedata: ""\000\000\000\023\001cEx]\211\377\330\025{\341\203\016\355Wm\222\t\022+\207\321\343}^\317s\206\320\316\221\322\t\214\257\211\366S\177\277\000\000\000\000\000\000\000\000\000\000\000\000\000\000\000\000\000\000\000\000\000\000\000\000\000\000\000\000\000\000\000\000N\241\341ZP\2722\360r\246\353!P:\320\374x\3414\227K\230\010 \250t\266\3350QD\004/\352\2248/\352\2249\n\000""; }; nodes {;   nodedata: ""h\315\350\215y\203\242]\371\235\232Pt&\325\210eZ\346\237XZ \277\2457n\221\336\253\245\317\002\304\206+8\t]\351\316\373|\311\263V\300\023\035\211\237\260\300\r\033u3a1\203\303\365\307k\347\006E\344\037@\210\363\010\336T\226\247'\204_{\261\370""1\235\2445\343\033Y!\212\201\341\272\225'\007*$\244&\336\343'\233i\332\374\245 {^\306-N\333\gE\006\347\212\331C\211Z\177\247\031\n+h\312D\3750\343\206J\340\301i\355\362B\306\222U\017\343\213\352\357\206\340m\267\260\r\236e\234\013\202_n)6q\357\2538_-\302\252B\204v\277\254\373\3322Ca\020\243\0105\263\257\367\032\254\016\003""; }; requestCookie: 2; "
1750587320528,1750587320529,0,1,1,3,TMLedgerData,"ledgerHash: ""\370\361\367\235\210sr\037\032`/X%b\364\000\2261<\024n\271\n\247\213\340ngjzz\321""; ledgerSeq: 19; type: liBASE; nodes {;   nodedata: ""\000\000\000\023\001cEx]\211\377\330\025{\341\203\016\355Wm\222\t\022+\207\321\343}^\317s\206\320\316\221\322\t\214\257\211\366S\177\277\000\000\000\000\000\000\000\000\000\000\000\000\000\000\000\000\000\000\000\000\000\000\000\000\000\000\000\000\000\000\000\000N\241\341ZP\2722\360r\246\353!P:\320\374x\3414\227K\230\010 \250t\266\3350QD\004/\352\2248/\352\2249\n\000""; }; nodes {;   nodedata: ""h\315\350\215y\203\242]\371\235\232Pt&\325\210eZ\346\237XZ \277\2457n\221\336\253\245\317\002\304\206+8\t]\351\316\373|\311\263V\300\023\035\211\237\260\300\r\033u3a1\203\303\365\307k\347\006E\344\037@\210\363\010\336T\226\247'\204_{\261\370""1\235\2445\343\033Y!\212\201\341\272\225'\007*$\244&\336\343'\233i\332\374\245 {^\306-N\333\gE\006\347\212\331C\211Z\177\247\031\n+h\312D\3750\343\206J\340\301i\355\362B\306\222U\017\343\213\352\357\206\340m\267\260\r\236e\234\013\202_n)6q\357\2538_-\302\252B\204v\277\254\373\3322Ca\020\243\0105\263\257\367\032\254\016\003""; }; requestCookie: 5; ","ledgerHash: ""\370\361\367\235\210sr\037\032`/X%b\364\000\2261<\024n\271\n\247\213\340ngjzz\321""; ledgerSeq: 19; type: liBASE; nodes {;   nodedata: ""\000\000\000\023\001cEx]\211\377\330\025{\341\203\016\355Wm\222\t\022+\207\321\343}^\317s\206\320\316\221\322\t\214\257\211\366S\177\277\000\000\000\000\000\000\000\000\000\000\000\000\000\000\000\000\000\000\000\000\000\000\000\000\000\000\000\000\000\000\000\000N\241\341ZP\2722\360r\246\353!P:\320\374x\3414\227K\230\010 \250t\266\3350QD\004/\352\2248/\352\2249\n\000""; }; nodes {;   nodedata: ""h\315\350\215y\203\242]\371\235\232Pt&\325\210eZ\346\237XZ \277\2457n\221\336\253\245\317\002\304\206+8\t]\351\316\373|\311\263V\300\023\035\211\237\260\300\r\033u3a1\203\303\365\307k\347\006E\344\037@\210\363\010\336T\226\247'\204_{\261\370""1\235\2445\343\033Y!\212\201\341\272\225'\007*$\244&\336\343'\233i\332\374\245 {^\306-N\333\gE\006\347\212\331C\211Z\177\247\031\n+h\312D\3750\343\206J\340\301i\355\362B\306\222U\017\343\213\352\357\206\340m\267\260\r\236e\234\013\202_n)6q\357\2538_-\302\252B\204v\277\254\373\3322Ca\020\243\0105\263\257\367\032\254\016\003""; }; requestCookie: 5; "
1750587320530,1750587320531,0,1,1,2,TMLedgerData,"ledgerHash: ""\370\361\367\235\210sr\037\032`/X%b\364\000\2261<\024n\271\n\247\213\340ngjzz\321""; ledgerSeq: 19; type: liBASE; nodes {;   nodedata: ""\000\000\000\023\001cEx]\211\377\330\025{\341\203\016\355Wm\222\t\022+\207\321\343}^\317s\206\320\316\221\322\t\214\257\211\366S\177\277\000\000\000\000\000\000\000\000\000\000\000\000\000\000\000\000\000\000\000\000\000\000\000\000\000\000\000\000\000\000\000\000N\241\341ZP\2722\360r\246\353!P:\320\374x\3414\227K\230\010 \250t\266\3350QD\004/\352\2248/\352\2249\n\000""; }; nodes {;   nodedata: ""h\315\350\215y\203\242]\371\235\232Pt&\325\210eZ\346\237XZ \277\2457n\221\336\253\245\317\002\304\206+8\t]\351\316\373|\311\263V\300\023\035\211\237\260\300\r\033u3a1\203\303\365\307k\347\006E\344\037@\210\363\010\336T\226\247'\204_{\261\370""1\235\2445\343\033Y!\212\201\341\272\225'\007*$\244&\336\343'\233i\332\374\245 {^\306-N\333\gE\006\347\212\331C\211Z\177\247\031\n+h\312D\3750\343\206J\340\301i\355\362B\306\222U\017\343\213\352\357\206\340m\267\260\r\236e\234\013\202_n)6q\357\2538_-\302\252B\204v\277\254\373\3322Ca\020\243\0105\263\257\367\032\254\016\003""; }; requestCookie: 2; ","ledgerHash: ""\370\361\367\235\210sr\037\032`/X%b\364\000\2261<\024n\271\n\247\213\340ngjzz\321""; ledgerSeq: 19; type: liBASE; nodes {;   nodedata: ""\000\000\000\023\001cEx]\211\377\330\025{\341\203\016\355Wm\222\t\022+\207\321\343}^\317s\206\320\316\221\322\t\214\257\211\366S\177\277\000\000\000\000\000\000\000\000\000\000\000\000\000\000\000\000\000\000\000\000\000\000\000\000\000\000\000\000\000\000\000\000N\241\341ZP\2722\360r\246\353!P:\320\374x\3414\227K\230\010 \250t\266\3350QD\004/\352\2248/\352\2249\n\000""; }; nodes {;   nodedata: ""h\315\350\215y\203\242]\371\235\232Pt&\325\210eZ\346\237XZ \277\2457n\221\336\253\245\317\002\304\206+8\t]\351\316\373|\311\263V\300\023\035\211\237\260\300\r\033u3a1\203\303\365\307k\347\006E\344\037@\210\363\010\336T\226\247'\204_{\261\370""1\235\2445\343\033Y!\212\201\341\272\225'\007*$\244&\336\343'\233i\332\374\245 {^\306-N\333\gE\006\347\212\331C\211Z\177\247\031\n+h\312D\3750\343\206J\340\301i\355\362B\306\222U\017\343\213\352\357\206\340m\267\260\r\236e\234\013\202_n)6q\357\2538_-\302\252B\204v\277\254\373\3322Ca\020\243\0105\263\257\367\032\254\016\003""; }; requestCookie: 2; "
1750587320531,1750587320531,0,1,1,2,TMLedgerData,"ledgerHash: ""\370\361\367\235\210sr\037\032`/X%b\364\000\2261<\024n\271\n\247\213\340ngjzz\321""; ledgerSeq: 19; type: liAS_NODE; nodes {;   nodedata: ""\021\000h""\000\000\000\000 \033\000\000\000\022\002\023\302\237\330\356GuH\375\327!\255\371\r\231\262R\256J\034\222\241\355X\265E\241^W\225\304\014\361CX-}\351f\032\255\274\334m\326c\017\014ao[\342\230\003\245\245\3341Hm\326^\017jy\335\261\214.\207\210%\003 \010ML\347\200R\304&\320_\215\226\344\334\033\354\2002\255\216\332\317\255\034\017T\270\242(,&\233\326\374o\306[\235\317>\021e\005s\261\371l\216\017\003\032\017J\217\244W<\241'\332/+\360Bx\036+\210j\237K%\340]\246E\2434\264K\036\030qP\317\315\336\325\007\372\373$P*|\321\342\002\026\n\3215\340\3203\200x\327D\301]5\237\247Yz\3711!L\214\221=\252\002\267\225zg\264\253\271T\346ji\003\235\236Pis\264\375\222|H\344\261g?[g\311\347s\234ae\204\263\365U\334\372D\354\345\276\201f\035\271%#\375\245\314.""\373\330&\3746\354@[\274\202\021\202\373Vi\243\n\325\250\005e\360""m\346'\311@\343\016$L\346\334\360<w\317\351\2337\023\262\336W\254\222\315\335\317oP\221\031g\037\220\357Ft\030n\306\370\n\354\226\365\346\276\322i\233\014\037\027Z\351\022\216@=S\205\334\033\374\234n\r\270\210]\013\203\356\024\366\354\260\007L\324\236aQ\361\020X\372\353 3\347\310*\253\021gT!>\003\325\254,\003\367\204\031\331\255\240\304J\342j\272\270\274\360\307\356\347\200Ywm#\014\233\301\022L\232T\033N\341\232\325\233\227\313\307\302\001\313@D\264\016\334\r\034\035\\276\225\314|\234S*r\007\370x>\305D*\007b\276v\316D!=\355\210\037\325\034/l\242\365\034!w\324\362\3252-\025\351\314\2334,\306Dd\037v\256\345X\002=\033c\255\253\226\014-o\364!\262f\370\222\250\377\220&p\343\245\3604Op\353\317\305?Z\326\257)\2439\250\272\002\370\360\022\220W 062/8s4\204\363\253&I\000m\335\025\336\037\263=\026\236A\324J9\261\341@\353\236\027\243\365\225\347\2315\205\014\356\333\201\232V!\026\010\025{\341\203\016\355Wm\222\t\022+\207\321\343}^\317s\206\320\316\221\322\t\214\257\211\366S\177\277\264\227\2326\315\307\363\323\325\303\032N\256*\307\327 \235\332\207u\210\271\257\306g\231i*\260\326k\001"";   nodeid: ""\260\000\000\000\000\000\000\000\000\000\000\000\000\000\000\000\000\000\000\000\000\000\000\000\000\000\000\000\000\000\000\000\001""; }; ","ledgerHash: ""\370\361\367\235\210sr\037\032`/X%b\364\000\2261<\024n\271\n\247\213\340ngjzz\321""; ledgerSeq: 19; type: liAS_NODE; nodes {;   nodedata: ""\021\000h""\000\000\000\000 \033\000\000\000\022\002\023\302\237\330\356GuH\375\327!\255\371\r\231\262R\256J\034\222\241\355X\265E\241^W\225\304\014\361CX-}\351f\032\255\274\334m\326c\017\014ao[\342\230\003\245\245\3341Hm\326^\017jy\335\261\214.\207\210%\003 \010ML\347\200R\304&\320_\215\226\344\334\033\354\2002\255\216\332\317\255\034\017T\270\242(,&\233\326\374o\306[\235\317>\021e\005s\261\371l\216\017\003\032\017J\217\244W<\241'\332/+\360Bx\036+\210j\237K%\340]\246E\2434\264K\036\030qP\317\315\336\325\007\372\373$P*|\321\342\002\026\n\3215\340\3203\200x\327D\301]5\237\247Yz\3711!L\214\221=\252\002\267\225zg\264\253\271T\346ji\003\235\236Pis\264\375\222|H\344\261g?[g\311\347s\234ae\204\263\365U\334\372D\354\345\276\201f\035\271%#\375\245\314.""\373\330&\3746\354@[\274\202\021\202\373Vi\243\n\325\250\005e\360""m\346'\311@\343\016$L\346\334\360<w\317\351\2337\023\262\336W\254\222\315\335\317oP\221\031g\037\220\357Ft\030n\306\370\n\354\226\365\346\276\322i\233\014\037\027Z\351\022\216@=S\205\334\033\374\234n\r\270\210]\013\203\356\024\366\354\260\007L\324\236aQ\361\020X\372\353 3\347\310*\253\021gT!>\003\325\254,\003\367\204\031\331\255\240\304J\342j\272\270\274\360\307\356\347\200Ywm#\014\233\301\022L\232T\033N\341\232\325\233\227\313\307\302\001\313@D\264\016\334\r\034\035\\276\225\314|\234S*r\007\370x>\305D*\007b\276v\316D!=\355\210\037\325\034/l\242\365\034!w\324\362\3252-\025\351\314\2334,\306Dd\037v\256\345X\002=\033c\255\253\226\014-o\364!\262f\370\222\250\377\220&p\343\245\3604Op\353\317\305?Z\326\257)\2439\250\272\002\370\360\022\220W 062/8s4\204\363\253&I\000m\335\025\336\037\263=\026\236A\324J9\261\341@\353\236\027\243\365\225\347\2315\205\014\356\333\201\232V!\026\010\025{\341\203\016\355Wm\222\t\022+\207\321\343}^\317s\206\320\316\221\322\t\214\257\211\366S\177\277\264\227\2326\315\307\363\323\325\303\032N\256*\307\327 \235\332\207u\210\271\257\306g\231i*\260\326k\001"";   nodeid: ""\260\000\000\000\000\000\000\000\000\000\000\000\000\000\000\000\000\000\000\000\000\000\000\000\000\000\000\000\000\000\000\000\001""; }; "
1750587320532,1750587320532,0,1,1,0,TMLedgerData,"ledgerHash: ""\370\361\367\235\210sr\037\032`/X%b\364\000\2261<\024n\271\n\247\213\340ngjzz\321""; ledgerSeq: 19; type: liAS_NODE; nodes {;   nodedata: ""\021\000h""\000\000\000\000 \033\000\000\000\022\002\023\302\237\330\356GuH\375\327!\255\371\r\231\262R\256J\034\222\241\355X\265E\241^W\225\304\014\361CX-}\351f\032\255\274\334m\326c\017\014ao[\342\230\003\245\245\3341Hm\326^\017jy\335\261\214.\207\210%\003 \010ML\347\200R\304&\320_\215\226\344\334\033\354\2002\255\216\332\317\255\034\017T\270\242(,&\233\326\374o\306[\235\317>\021e\005s\261\371l\216\017\003\032\017J\217\244W<\241'\332/+\360Bx\036+\210j\237K%\340]\246E\2434\264K\036\030qP\317\315\336\325\007\372\373$P*|\321\342\002\026\n\3215\340\3203\200x\327D\301]5\237\247Yz\3711!L\214\221=\252\002\267\225zg\264\253\271T\346ji\003\235\236Pis\264\375\222|H\344\261g?[g\311\347s\234ae\204\263\365U\334\372D\354\345\276\201f\035\271%#\375\245\314.""\373\330&\3746\354@[\274\202\021\202\373Vi\243\n\325\250\005e\360""m\346'\311@\343\016$L\346\334\360<w\317\351\2337\023\262\336W\254\222\315\335\317oP\221\031g\037\220\357Ft\030n\306\370\n\354\226\365\346\276\322i\233\014\037\027Z\351\022\216@=S\205\334\033\374\234n\r\270\210]\013\203\356\024\366\354\260\007L\324\236aQ\361\020X\372\353 3\347\310*\253\021gT!>\003\325\254,\003\367\204\031\331\255\240\304J\342j\272\270\274\360\307\356\347\200Ywm#\014\233\301\022L\232T\033N\341\232\325\233\227\313\307\302\001\313@D\264\016\334\r\034\035\\276\225\314|\234S*r\007\370x>\305D*\007b\276v\316D!=\355\210\037\325\034/l\242\365\034!w\324\362\3252-\025\351\314\2334,\306Dd\037v\256\345X\002=\033c\255\253\226\014-o\364!\262f\370\222\250\377\220&p\343\245\3604Op\353\317\305?Z\326\257)\2439\250\272\002\370\360\022\220W 062/8s4\204\363\253&I\000m\335\025\336\037\263=\026\236A\324J9\261\341@\353\236\027\243\365\225\347\2315\205\014\356\333\201\232V!\026\010\025{\341\203\016\355Wm\222\t\022+\207\321\343}^\317s\206\320\316\221\322\t\214\257\211\366S\177\277\264\227\2326\315\307\363\323\325\303\032N\256*\307\327 \235\332\207u\210\271\257\306g\231i*\260\326k\001"";   nodeid: ""\260\000\000\000\000\000\000\000\000\000\000\000\000\000\000\000\000\000\000\000\000\000\000\000\000\000\000\000\000\000\000\000\001""; }; ","ledgerHash: ""\370\361\367\235\210sr\037\032`/X%b\364\000\2261<\024n\271\n\247\213\340ngjzz\321""; ledgerSeq: 19; type: liAS_NODE; nodes {;   nodedata: ""\021\000h""\000\000\000\000 \033\000\000\000\022\002\023\302\237\330\356GuH\375\327!\255\371\r\231\262R\256J\034\222\241\355X\265E\241^W\225\304\014\361CX-}\351f\032\255\274\334m\326c\017\014ao[\342\230\003\245\245\3341Hm\326^\017jy\335\261\214.\207\210%\003 \010ML\347\200R\304&\320_\215\226\344\334\033\354\2002\255\216\332\317\255\034\017T\270\242(,&\233\326\374o\306[\235\317>\021e\005s\261\371l\216\017\003\032\017J\217\244W<\241'\332/+\360Bx\036+\210j\237K%\340]\246E\2434\264K\036\030qP\317\315\336\325\007\372\373$P*|\321\342\002\026\n\3215\340\3203\200x\327D\301]5\237\247Yz\3711!L\214\221=\252\002\267\225zg\264\253\271T\346ji\003\235\236Pis\264\375\222|H\344\261g?[g\311\347s\234ae\204\263\365U\334\372D\354\345\276\201f\035\271%#\375\245\314.""\373\330&\3746\354@[\274\202\021\202\373Vi\243\n\325\250\005e\360""m\346'\311@\343\016$L\346\334\360<w\317\351\2337\023\262\336W\254\222\315\335\317oP\221\031g\037\220\357Ft\030n\306\370\n\354\226\365\346\276\322i\233\014\037\027Z\351\022\216@=S\205\334\033\374\234n\r\270\210]\013\203\356\024\366\354\260\007L\324\236aQ\361\020X\372\353 3\347\310*\253\021gT!>\003\325\254,\003\367\204\031\331\255\240\304J\342j\272\270\274\360\307\356\347\200Ywm#\014\233\301\022L\232T\033N\341\232\325\233\227\313\307\302\001\313@D\264\016\334\r\034\035\\276\225\314|\234S*r\007\370x>\305D*\007b\276v\316D!=\355\210\037\325\034/l\242\365\034!w\324\362\3252-\025\351\314\2334,\306Dd\037v\256\345X\002=\033c\255\253\226\014-o\364!\262f\370\222\250\377\220&p\343\245\3604Op\353\317\305?Z\326\257)\2439\250\272\002\370\360\022\220W 062/8s4\204\363\253&I\000m\335\025\336\037\263=\026\236A\324J9\261\341@\353\236\027\243\365\225\347\2315\205\014\356\333\201\232V!\026\010\025{\341\203\016\355Wm\222\t\022+\207\321\343}^\317s\206\320\316\221\322\t\214\257\211\366S\177\277\264\227\2326\315\307\363\323\325\303\032N\256*\307\327 \235\332\207u\210\271\257\306g\231i*\260\326k\001"";   nodeid: ""\260\000\000\000\000\000\000\000\000\000\000\000\000\000\000\000\000\000\000\000\000\000\000\000\000\000\000\000\000\000\000\000\001""; }; "
1750587320535,1750587320535,0,1,3,0,TMLedgerData,"ledgerHash: ""\370\361\367\235\210sr\037\032`/X%b\364\000\2261<\024n\271\n\247\213\340ngjzz\321""; ledgerSeq: 19; type: liBASE; nodes {;   nodedata: ""\000\000\000\023\001cEx]\211\377\330\025{\341\203\016\355Wm\222\t\022+\207\321\343}^\317s\206\320\316\221\322\t\214\257\211\366S\177\277\000\000\000\000\000\000\000\000\000\000\000\000\000\000\000\000\000\000\000\000\000\000\000\000\000\000\000\000\000\000\000\000N\241\341ZP\2722\360r\246\353!P:\320\374x\3414\227K\230\010 \250t\266\3350QD\004/\352\2248/\352\2249\n\000""; }; nodes {;   nodedata: ""h\315\350\215y\203\242]\371\235\232Pt&\325\210eZ\346\237XZ \277\2457n\221\336\253\245\317\002\304\206+8\t]\351\316\373|\311\263V\300\023\035\211\237\260\300\r\033u3a1\203\303\365\307k\347\006E\344\037@\210\363\010\336T\226\247'\204_{\261\370""1\235\2445\343\033Y!\212\201\341\272\225'\007*$\244&\336\343'\233i\332\374\245 {^\306-N\333\gE\006\347\212\331C\211Z\177\247\031\n+h\312D\3750\343\206J\340\301i\355\362B\306\222U\017\343\213\352\357\206\340m\267\260\r\236e\234\013\202_n)6q\357\2538_-\302\252B\204v\277\254\373\3322Ca\020\243\0105\263\257\367\032\254\016\003""; }; ","ledgerHash: ""\370\361\367\235\210sr\037\032`/X%b\364\000\2261<\024n\271\n\247\213\340ngjzz\321""; ledgerSeq: 19; type: liBASE; nodes {;   nodedata: ""\000\000\000\023\001cEx]\211\377\330\025{\341\203\016\355Wm\222\t\022+\207\321\343}^\317s\206\320\316\221\322\t\214\257\211\366S\177\277\000\000\000\000\000\000\000\000\000\000\000\000\000\000\000\000\000\000\000\000\000\000\000\000\000\000\000\000\000\000\000\000N\241\341ZP\2722\360r\246\353!P:\320\374x\3414\227K\230\010 \250t\266\3350QD\004/\352\2248/\352\2249\n\000""; }; nodes {;   nodedata: ""h\315\350\215y\203\242]\371\235\232Pt&\325\210eZ\346\237XZ \277\2457n\221\336\253\245\317\002\304\206+8\t]\351\316\373|\311\263V\300\023\035\211\237\260\300\r\033u3a1\203\303\365\307k\347\006E\344\037@\210\363\010\336T\226\247'\204_{\261\370""1\235\2445\343\033Y!\212\201\341\272\225'\007*$\244&\336\343'\233i\332\374\245 {^\306-N\333\gE\006\347\212\331C\211Z\177\247\031\n+h\312D\3750\343\206J\340\301i\355\362B\306\222U\017\343\213\352\357\206\340m\267\260\r\236e\234\013\202_n)6q\357\2538_-\302\252B\204v\277\254\373\3322Ca\020\243\0105\263\257\367\032\254\016\003""; }; "
1750587320535,1750587320536,0,1,3,4,TMLedgerData,"ledgerHash: ""\370\361\367\235\210sr\037\032`/X%b\364\000\2261<\024n\271\n\247\213\340ngjzz\321""; ledgerSeq: 19; type: liBASE; nodes {;   nodedata: ""\000\000\000\023\001cEx]\211\377\330\025{\341\203\016\355Wm\222\t\022+\207\321\343}^\317s\206\320\316\221\322\t\214\257\211\366S\177\277\000\000\000\000\000\000\000\000\000\000\000\000\000\000\000\000\000\000\000\000\000\000\000\000\000\000\000\000\000\000\000\000N\241\341ZP\2722\360r\246\353!P:\320\374x\3414\227K\230\010 \250t\266\3350QD\004/\352\2248/\352\2249\n\000""; }; nodes {;   nodedata: ""h\315\350\215y\203\242]\371\235\232Pt&\325\210eZ\346\237XZ \277\2457n\221\336\253\245\317\002\304\206+8\t]\351\316\373|\311\263V\300\023\035\211\237\260\300\r\033u3a1\203\303\365\307k\347\006E\344\037@\210\363\010\336T\226\247'\204_{\261\370""1\235\2445\343\033Y!\212\201\341\272\225'\007*$\244&\336\343'\233i\332\374\245 {^\306-N\333\gE\006\347\212\331C\211Z\177\247\031\n+h\312D\3750\343\206J\340\301i\355\362B\306\222U\017\343\213\352\357\206\340m\267\260\r\236e\234\013\202_n)6q\357\2538_-\302\252B\204v\277\254\373\3322Ca\020\243\0105\263\257\367\032\254\016\003""; }; ","ledgerHash: ""\370\361\367\235\210sr\037\032`/X%b\364\000\2261<\024n\271\n\247\213\340ngjzz\321""; ledgerSeq: 19; type: liBASE; nodes {;   nodedata: ""\000\000\000\023\001cEx]\211\377\330\025{\341\203\016\355Wm\222\t\022+\207\321\343}^\317s\206\320\316\221\322\t\214\257\211\366S\177\277\000\000\000\000\000\000\000\000\000\000\000\000\000\000\000\000\000\000\000\000\000\000\000\000\000\000\000\000\000\000\000\000N\241\341ZP\2722\360r\246\353!P:\320\374x\3414\227K\230\010 \250t\266\3350QD\004/\352\2248/\352\2249\n\000""; }; nodes {;   nodedata: ""h\315\350\215y\203\242]\371\235\232Pt&\325\210eZ\346\237XZ \277\2457n\221\336\253\245\317\002\304\206+8\t]\351\316\373|\311\263V\300\023\035\211\237\260\300\r\033u3a1\203\303\365\307k\347\006E\344\037@\210\363\010\336T\226\247'\204_{\261\370""1\235\2445\343\033Y!\212\201\341\272\225'\007*$\244&\336\343'\233i\332\374\245 {^\306-N\333\gE\006\347\212\331C\211Z\177\247\031\n+h\312D\3750\343\206J\340\301i\355\362B\306\222U\017\343\213\352\357\206\340m\267\260\r\236e\234\013\202_n)6q\357\2538_-\302\252B\204v\277\254\373\3322Ca\020\243\0105\263\257\367\032\254\016\003""; }; "
1750587320536,1750587320537,0,1,2,0,TMLedgerData,"ledgerHash: ""\370\361\367\235\210sr\037\032`/X%b\364\000\2261<\024n\271\n\247\213\340ngjzz\321""; ledgerSeq: 19; type: liBASE; nodes {;   nodedata: ""\000\000\000\023\001cEx]\211\377\330\025{\341\203\016\355Wm\222\t\022+\207\321\343}^\317s\206\320\316\221\322\t\214\257\211\366S\177\277\000\000\000\000\000\000\000\000\000\000\000\000\000\000\000\000\000\000\000\000\000\000\000\000\000\000\000\000\000\000\000\000N\241\341ZP\2722\360r\246\353!P:\320\374x\3414\227K\230\010 \250t\266\3350QD\004/\352\2248/\352\2249\n\000""; }; nodes {;   nodedata: ""h\315\350\215y\203\242]\371\235\232Pt&\325\210eZ\346\237XZ \277\2457n\221\336\253\245\317\002\304\206+8\t]\351\316\373|\311\263V\300\023\035\211\237\260\300\r\033u3a1\203\303\365\307k\347\006E\344\037@\210\363\010\336T\226\247'\204_{\261\370""1\235\2445\343\033Y!\212\201\341\272\225'\007*$\244&\336\343'\233i\332\374\245 {^\306-N\333\gE\006\347\212\331C\211Z\177\247\031\n+h\312D\3750\343\206J\340\301i\355\362B\306\222U\017\343\213\352\357\206\340m\267\260\r\236e\234\013\202_n)6q\357\2538_-\302\252B\204v\277\254\373\3322Ca\020\243\0105\263\257\367\032\254\016\003""; }; ","ledgerHash: ""\370\361\367\235\210sr\037\032`/X%b\364\000\2261<\024n\271\n\247\213\340ngjzz\321""; ledgerSeq: 19; type: liBASE; nodes {;   nodedata: ""\000\000\000\023\001cEx]\211\377\330\025{\341\203\016\355Wm\222\t\022+\207\321\343}^\317s\206\320\316\221\322\t\214\257\211\366S\177\277\000\000\000\000\000\000\000\000\000\000\000\000\000\000\000\000\000\000\000\000\000\000\000\000\000\000\000\000\000\000\000\000N\241\341ZP\2722\360r\246\353!P:\320\374x\3414\227K\230\010 \250t\266\3350QD\004/\352\2248/\352\2249\n\000""; }; nodes {;   nodedata: ""h\315\350\215y\203\242]\371\235\232Pt&\325\210eZ\346\237XZ \277\2457n\221\336\253\245\317\002\304\206+8\t]\351\316\373|\311\263V\300\023\035\211\237\260\300\r\033u3a1\203\303\365\307k\347\006E\344\037@\210\363\010\336T\226\247'\204_{\261\370""1\235\2445\343\033Y!\212\201\341\272\225'\007*$\244&\336\343'\233i\332\374\245 {^\306-N\333\gE\006\347\212\331C\211Z\177\247\031\n+h\312D\3750\343\206J\340\301i\355\362B\306\222U\017\343\213\352\357\206\340m\267\260\r\236e\234\013\202_n)6q\357\2538_-\302\252B\204v\277\254\373\3322Ca\020\243\0105\263\257\367\032\254\016\003""; }; "
1750587320570,1750587320570,0,1,1,3,TMLedgerData,"ledgerHash: ""\370\361\367\235\210sr\037\032`/X%b\364\000\2261<\024n\271\n\247\213\340ngjzz\321""; ledgerSeq: 19; type: liAS_NODE; nodes {;   nodedata: ""\021\000h""\000\000\000\000 \033\000\000\000\022\002\023\302\237\330\356GuH\375\327!\255\371\r\231\262R\256J\034\222\241\355X\265E\241^W\225\304\014\361CX-}\351f\032\255\274\334m\326c\017\014ao[\342\230\003\245\245\3341Hm\326^\017jy\335\261\214.\207\210%\003 \010ML\347\200R\304&\320_\215\226\344\334\033\354\2002\255\216\332\317\255\034\017T\270\242(,&\233\326\374o\306[\235\317>\021e\005s\261\371l\216\017\003\032\017J\217\244W<\241'\332/+\360Bx\036+\210j\237K%\340]\246E\2434\264K\036\030qP\317\315\336\325\007\372\373$P*|\321\342\002\026\n\3215\340\3203\200x\327D\301]5\237\247Yz\3711!L\214\221=\252\002\267\225zg\264\253\271T\346ji\003\235\236Pis\264\375\222|H\344\261g?[g\311\347s\234ae\204\263\365U\334\372D\354\345\276\201f\035\271%#\375\245\314.""\373\330&\3746\354@[\274\202\021\202\373Vi\243\n\325\250\005e\360""m\346'\311@\343\016$L\346\334\360<w\317\351\2337\023\262\336W\254\222\315\335\317oP\221\031g\037\220\357Ft\030n\306\370\n\354\226\365\346\276\322i\233\014\037\027Z\351\022\216@=S\205\334\033\374\234n\r\270\210]\013\203\356\024\366\354\260\007L\324\236aQ\361\020X\372\353 3\347\310*\253\021gT!>\003\325\254,\003\367\204\031\331\255\240\304J\342j\272\270\274\360\307\356\347\200Ywm#\014\233\301\022L\232T\033N\341\232\325\233\227\313\307\302\001\313@D\264\016\334\r\034\035\\276\225\314|\234S*r\007\370x>\305D*\007b\276v\316D!=\355\210\037\325\034/l\242\365\034!w\324\362\3252-\025\351\314\2334,\306Dd\037v\256\345X\002=\033c\255\253\226\014-o\364!\262f\370\222\250\377\220&p\343\245\3604Op\353\317\305?Z\326\257)\2439\250\272\002\370\360\022\220W 062/8s4\204\363\253&I\000m\335\025\336\037\263=\026\236A\324J9\261\341@\353\236\027\243\365\225\347\2315\205\014\356\333\201\232V!\026\010\025{\341\203\016\355Wm\222\t\022+\207\321\343}^\317s\206\320\316\221\322\t\214\257\211\366S\177\277\264\227\2326\315\307\363\323\325\303\032N\256*\307\327 \235\332\207u\210\271\257\306g\231i*\260\326k\001"";   nodeid: ""\260\000\000\000\000\000\000\000\000\000\000\000\000\000\000\000\000\000\000\000\000\000\000\000\000\000\000\000\000\000\000\000\001""; }; ","ledgerHash: ""\370\361\367\235\210sr\037\032`/X%b\364\000\2261<\024n\271\n\247\213\340ngjzz\321""; ledgerSeq: 19; type: liAS_NODE; nodes {;   nodedata: ""\021\000h""\000\000\000\000 \033\000\000\000\022\002\023\302\237\330\356GuH\375\327!\255\371\r\231\262R\256J\034\222\241\355X\265E\241^W\225\304\014\361CX-}\351f\032\255\274\334m\326c\017\014ao[\342\230\003\245\245\3341Hm\326^\017jy\335\261\214.\207\210%\003 \010ML\347\200R\304&\320_\215\226\344\334\033\354\2002\255\216\332\317\255\034\017T\270\242(,&\233\326\374o\306[\235\317>\021e\005s\261\371l\216\017\003\032\017J\217\244W<\241'\332/+\360Bx\036+\210j\237K%\340]\246E\2434\264K\036\030qP\317\315\336\325\007\372\373$P*|\321\342\002\026\n\3215\340\3203\200x\327D\301]5\237\247Yz\3711!L\214\221=\252\002\267\225zg\264\253\271T\346ji\003\235\236Pis\264\375\222|H\344\261g?[g\311\347s\234ae\204\263\365U\334\372D\354\345\276\201f\035\271%#\375\245\314.""\373\330&\3746\354@[\274\202\021\202\373Vi\243\n\325\250\005e\360""m\346'\311@\343\016$L\346\334\360<w\317\351\2337\023\262\336W\254\222\315\335\317oP\221\031g\037\220\357Ft\030n\306\370\n\354\226\365\346\276\322i\233\014\037\027Z\351\022\216@=S\205\334\033\374\234n\r\270\210]\013\203\356\024\366\354\260\007L\324\236aQ\361\020X\372\353 3\347\310*\253\021gT!>\003\325\254,\003\367\204\031\331\255\240\304J\342j\272\270\274\360\307\356\347\200Ywm#\014\233\301\022L\232T\033N\341\232\325\233\227\313\307\302\001\313@D\264\016\334\r\034\035\\276\225\314|\234S*r\007\370x>\305D*\007b\276v\316D!=\355\210\037\325\034/l\242\365\034!w\324\362\3252-\025\351\314\2334,\306Dd\037v\256\345X\002=\033c\255\253\226\014-o\364!\262f\370\222\250\377\220&p\343\245\3604Op\353\317\305?Z\326\257)\2439\250\272\002\370\360\022\220W 062/8s4\204\363\253&I\000m\335\025\336\037\263=\026\236A\324J9\261\341@\353\236\027\243\365\225\347\2315\205\014\356\333\201\232V!\026\010\025{\341\203\016\355Wm\222\t\022+\207\321\343}^\317s\206\320\316\221\322\t\214\257\211\366S\177\277\264\227\2326\315\307\363\323\325\303\032N\256*\307\327 \235\332\207u\210\271\257\306g\231i*\260\326k\001"";   nodeid: ""\260\000\000\000\000\000\000\000\000\000\000\000\000\000\000\000\000\000\000\000\000\000\000\000\000\000\000\000\000\000\000\000\001""; }; "
1750587320573,1750587320574,0,1,1,2,TMLedgerData,"ledgerHash: ""\370\361\367\235\210sr\037\032`/X%b\364\000\2261<\024n\271\n\247\213\340ngjzz\321""; ledgerSeq: 19; type: liBASE; nodes {;   nodedata: ""\000\000\000\023\001cEx]\211\377\330\025{\341\203\016\355Wm\222\t\022+\207\321\343}^\317s\206\320\316\221\322\t\214\257\211\366S\177\277\000\000\000\000\000\000\000\000\000\000\000\000\000\000\000\000\000\000\000\000\000\000\000\000\000\000\000\000\000\000\000\000N\241\341ZP\2722\360r\246\353!P:\320\374x\3414\227K\230\010 \250t\266\3350QD\004/\352\2248/\352\2249\n\000""; }; nodes {;   nodedata: ""h\315\350\215y\203\242]\371\235\232Pt&\325\210eZ\346\237XZ \277\2457n\221\336\253\245\317\002\304\206+8\t]\351\316\373|\311\263V\300\023\035\211\237\260\300\r\033u3a1\203\303\365\307k\347\006E\344\037@\210\363\010\336T\226\247'\204_{\261\370""1\235\2445\343\033Y!\212\201\341\272\225'\007*$\244&\336\343'\233i\332\374\245 {^\306-N\333\gE\006\347\212\331C\211Z\177\247\031\n+h\312D\3750\343\206J\340\301i\355\362B\306\222U\017\343\213\352\357\206\340m\267\260\r\236e\234\013\202_n)6q\357\2538_-\302\252B\204v\277\254\373\3322Ca\020\243\0105\263\257\367\032\254\016\003""; }; requestCookie: 4; ","ledgerHash: ""\370\361\367\235\210sr\037\032`/X%b\364\000\2261<\024n\271\n\247\213\340ngjzz\321""; ledgerSeq: 19; type: liBASE; nodes {;   nodedata: ""\000\000\000\023\001cEx]\211\377\330\025{\341\203\016\355Wm\222\t\022+\207\321\343}^\317s\206\320\316\221\322\t\214\257\211\366S\177\277\000\000\000\000\000\000\000\000\000\000\000\000\000\000\000\000\000\000\000\000\000\000\000\000\000\000\000\000\000\000\000\000N\241\341ZP\2722\360r\246\353!P:\320\374x\3414\227K\230\010 \250t\266\3350QD\004/\352\2248/\352\2249\n\000""; }; nodes {;   nodedata: ""h\315\350\215y\203\242]\371\235\232Pt&\325\210eZ\346\237XZ \277\2457n\221\336\253\245\317\002\304\206+8\t]\351\316\373|\311\263V\300\023\035\211\237\260\300\r\033u3a1\203\303\365\307k\347\006E\344\037@\210\363\010\336T\226\247'\204_{\261\370""1\235\2445\343\033Y!\212\201\341\272\225'\007*$\244&\336\343'\233i\332\374\245 {^\306-N\333\gE\006\347\212\331C\211Z\177\247\031\n+h\312D\3750\343\206J\340\301i\355\362B\306\222U\017\343\213\352\357\206\340m\267\260\r\236e\234\013\202_n)6q\357\2538_-\302\252B\204v\277\254\373\3322Ca\020\243\0105\263\257\367\032\254\016\003""; }; requestCookie: 4; "
1750587320575,1750587320575,0,1,2,3,TMLedgerData,"ledgerHash: ""\370\361\367\235\210sr\037\032`/X%b\364\000\2261<\024n\271\n\247\213\340ngjzz\321""; ledgerSeq: 19; type: liBASE; nodes {;   nodedata: ""\000\000\000\023\001cEx]\211\377\330\025{\341\203\016\355Wm\222\t\022+\207\321\343}^\317s\206\320\316\221\322\t\214\257\211\366S\177\277\000\000\000\000\000\000\000\000\000\000\000\000\000\000\000\000\000\000\000\000\000\000\000\000\000\000\000\000\000\000\000\000N\241\341ZP\2722\360r\246\353!P:\320\374x\3414\227K\230\010 \250t\266\3350QD\004/\352\2248/\352\2249\n\000""; }; nodes {;   nodedata: ""h\315\350\215y\203\242]\371\235\232Pt&\325\210eZ\346\237XZ \277\2457n\221\336\253\245\317\002\304\206+8\t]\351\316\373|\311\263V\300\023\035\211\237\260\300\r\033u3a1\203\303\365\307k\347\006E\344\037@\210\363\010\336T\226\247'\204_{\261\370""1\235\2445\343\033Y!\212\201\341\272\225'\007*$\244&\336\343'\233i\332\374\245 {^\306-N\333\gE\006\347\212\331C\211Z\177\247\031\n+h\312D\3750\343\206J\340\301i\355\362B\306\222U\017\343\213\352\357\206\340m\267\260\r\236e\234\013\202_n)6q\357\2538_-\302\252B\204v\277\254\373\3322Ca\020\243\0105\263\257\367\032\254\016\003""; }; ","ledgerHash: ""\370\361\367\235\210sr\037\032`/X%b\364\000\2261<\024n\271\n\247\213\340ngjzz\321""; ledgerSeq: 19; type: liBASE; nodes {;   nodedata: ""\000\000\000\023\001cEx]\211\377\330\025{\341\203\016\355Wm\222\t\022+\207\321\343}^\317s\206\320\316\221\322\t\214\257\211\366S\177\277\000\000\000\000\000\000\000\000\000\000\000\000\000\000\000\000\000\000\000\000\000\000\000\000\000\000\000\000\000\000\000\000N\241\341ZP\2722\360r\246\353!P:\320\374x\3414\227K\230\010 \250t\266\3350QD\004/\352\2248/\352\2249\n\000""; }; nodes {;   nodedata: ""h\315\350\215y\203\242]\371\235\232Pt&\325\210eZ\346\237XZ \277\2457n\221\336\253\245\317\002\304\206+8\t]\351\316\373|\311\263V\300\023\035\211\237\260\300\r\033u3a1\203\303\365\307k\347\006E\344\037@\210\363\010\336T\226\247'\204_{\261\370""1\235\2445\343\033Y!\212\201\341\272\225'\007*$\244&\336\343'\233i\332\374\245 {^\306-N\333\gE\006\347\212\331C\211Z\177\247\031\n+h\312D\3750\343\206J\340\301i\355\362B\306\222U\017\343\213\352\357\206\340m\267\260\r\236e\234\013\202_n)6q\357\2538_-\302\252B\204v\277\254\373\3322Ca\020\243\0105\263\257\367\032\254\016\003""; }; "
1750587320890,1750587320890,0,1,3,4,TMStatusChange,"newEvent: neACCEPTED_LEDGER; ledgerSeq: 19; ledgerHash: ""\370\361\367\235\210sr\037\032`/X%b\364\000\2261<\024n\271\n\247\213\340ngjzz\321""; ledgerHashPrevious: ""\025{\341\203\016\355Wm\222\t\022+\207\321\343}^\317s\206\320\316\221\322\t\214\257\211\366S\177\277""; networkTime: 803902520; firstSeq: 9; lastSeq: 18; ","newEvent: neACCEPTED_LEDGER; ledgerSeq: 19; ledgerHash: ""\370\361\367\235\210sr\037\032`/X%b\364\000\2261<\024n\271\n\247\213\340ngjzz\321""; ledgerHashPrevious: ""\025{\341\203\016\355Wm\222\t\022+\207\321\343}^\317s\206\320\316\221\322\t\214\257\211\366S\177\277""; networkTime: 803902520; firstSeq: 9; lastSeq: 18; "
1750587320891,1750587320891,0,1,3,1,TMStatusChange,"newEvent: neACCEPTED_LEDGER; ledgerSeq: 19; ledgerHash: ""\370\361\367\235\210sr\037\032`/X%b\364\000\2261<\024n\271\n\247\213\340ngjzz\321""; ledgerHashPrevious: ""\025{\341\203\016\355Wm\222\t\022+\207\321\343}^\317s\206\320\316\221\322\t\214\257\211\366S\177\277""; networkTime: 803902520; firstSeq: 9; lastSeq: 18; ","newEvent: neACCEPTED_LEDGER; ledgerSeq: 19; ledgerHash: ""\370\361\367\235\210sr\037\032`/X%b\364\000\2261<\024n\271\n\247\213\340ngjzz\321""; ledgerHashPrevious: ""\025{\341\203\016\355Wm\222\t\022+\207\321\343}^\317s\206\320\316\221\322\t\214\257\211\366S\177\277""; networkTime: 803902520; firstSeq: 9; lastSeq: 18; "
1750587320891,1750587320891,0,1,3,0,TMValidation,"validation: """"\200\000\000\001&\000\000\000\023)/\352\2248:\211l\014`\252m\212dQ\370\361\367\235\210sr\037\032`/X%b\364\000\2261<\024n\271\n\247\213\340ngjzz\321P\027\000\000\000\000\000\000\000\000\000\000\000\000\000\000\000\000\000\000\000\000\000\000\000\000\000\000\000\000\000\000\000\000P\031\025{\341\203\016\355Wm\222\t\022+\207\321\343}^\317s\206\320\316\221\322\t\214\257\211\366S\177\277s!\003\325Q\255\224\274R@\312\253\262\347\352\034\346\347\242\215,\312\376=\277\353{\350\225\301\305`^, vG0E\002!\000\300\234~\224\227\027G2\377\264\321\320\304\215\210\2065I$>iCh\024\004\273\2315\tP\235W\002 7-\311\rq\243\256\233\331\177GJ\024\016\274p\231\302\177js\t!\276)\027\274\334o\210\362\365""; ","validation: """"\200\000\000\001&\000\000\000\023)/\352\2248:\211l\014`\252m\212dQ\370\361\367\235\210sr\037\032`/X%b\364\000\2261<\024n\271\n\247\213\340ngjzz\321P\027\000\000\000\000\000\000\000\000\000\000\000\000\000\000\000\000\000\000\000\000\000\000\000\000\000\000\000\000\000\000\000\000P\031\025{\341\203\016\355Wm\222\t\022+\207\321\343}^\317s\206\320\316\221\322\t\214\257\211\366S\177\277s!\003\325Q\255\224\274R@\312\253\262\347\352\034\346\347\242\215,\312\376=\277\353{\350\225\301\305`^, vG0E\002!\000\300\234~\224\227\027G2\377\264\321\320\304\215\210\2065I$>iCh\024\004\273\2315\tP\235W\002 7-\311\rq\243\256\233\331\177GJ\024\016\274p\231\302\177js\t!\276)\027\274\334o\210\362\365""; "
1750587320891,1750587320891,0,1,3,2,TMValidation,"validation: """"\200\000\000\001&\000\000\000\023)/\352\2248:\211l\014`\252m\212dQ\370\361\367\235\210sr\037\032`/X%b\364\000\2261<\024n\271\n\247\213\340ngjzz\321P\027\000\000\000\000\000\000\000\000\000\000\000\000\000\000\000\000\000\000\000\000\000\000\000\000\000\000\000\000\000\000\000\000P\031\025{\341\203\016\355Wm\222\t\022+\207\321\343}^\317s\206\320\316\221\322\t\214\257\211\366S\177\277s!\003\325Q\255\224\274R@\312\253\262\347\352\034\346\347\242\215,\312\376=\277\353{\350\225\301\305`^, vG0E\002!\000\300\234~\224\227\027G2\377\264\321\320\304\215\210\2065I$>iCh\024\004\273\2315\tP\235W\002 7-\311\rq\243\256\233\331\177GJ\024\016\274p\231\302\177js\t!\276)\027\274\334o\210\362\365""; ","validation: """"\200\000\000\001&\000\000\000\023)/\352\2248:\211l\014`\252m\212dQ\370\361\367\235\210sr\037\032`/X%b\364\000\2261<\024n\271\n\247\213\340ngjzz\321P\027\000\000\000\000\000\000\000\000\000\000\000\000\000\000\000\000\000\000\000\000\000\000\000\000\000\000\000\000\000\000\000\000P\031\025{\341\203\016\355Wm\222\t\022+\207\321\343}^\317s\206\320\316\221\322\t\214\257\211\366S\177\277s!\003\325Q\255\224\274R@\312\253\262\347\352\034\346\347\242\215,\312\376=\277\353{\350\225\301\305`^, vG0E\002!\000\300\234~\224\227\027G2\377\264\321\320\304\215\210\2065I$>iCh\024\004\273\2315\tP\235W\002 7-\311\rq\243\256\233\331\177GJ\024\016\274p\231\302\177js\t!\276)\027\274\334o\210\362\365""; "
1750587320891,1750587320892,0,1,3,4,TMValidation,"validation: """"\200\000\000\001&\000\000\000\023)/\352\2248:\211l\014`\252m\212dQ\370\361\367\235\210sr\037\032`/X%b\364\000\2261<\024n\271\n\247\213\340ngjzz\321P\027\000\000\000\000\000\000\000\000\000\000\000\000\000\000\000\000\000\000\000\000\000\000\000\000\000\000\000\000\000\000\000\000P\031\025{\341\203\016\355Wm\222\t\022+\207\321\343}^\317s\206\320\316\221\322\t\214\257\211\366S\177\277s!\003\325Q\255\224\274R@\312\253\262\347\352\034\346\347\242\215,\312\376=\277\353{\350\225\301\305`^, vG0E\002!\000\300\234~\224\227\027G2\377\264\321\320\304\215\210\2065I$>iCh\024\004\273\2315\tP\235W\002 7-\311\rq\243\256\233\331\177GJ\024\016\274p\231\302\177js\t!\276)\027\274\334o\210\362\365""; ","validation: """"\200\000\000\001&\000\000\000\023)/\352\2248:\211l\014`\252m\212dQ\370\361\367\235\210sr\037\032`/X%b\364\000\2261<\024n\271\n\247\213\340ngjzz\321P\027\000\000\000\000\000\000\000\000\000\000\000\000\000\000\000\000\000\000\000\000\000\000\000\000\000\000\000\000\000\000\000\000P\031\025{\341\203\016\355Wm\222\t\022+\207\321\343}^\317s\206\320\316\221\322\t\214\257\211\366S\177\277s!\003\325Q\255\224\274R@\312\253\262\347\352\034\346\347\242\215,\312\376=\277\353{\350\225\301\305`^, vG0E\002!\000\300\234~\224\227\027G2\377\264\321\320\304\215\210\2065I$>iCh\024\004\273\2315\tP\235W\002 7-\311\rq\243\256\233\331\177GJ\024\016\274p\231\302\177js\t!\276)\027\274\334o\210\362\365""; "
1750587320892,1750587320892,0,1,3,0,TMStatusChange,"newEvent: neACCEPTED_LEDGER; ledgerSeq: 19; ledgerHash: ""\370\361\367\235\210sr\037\032`/X%b\364\000\2261<\024n\271\n\247\213\340ngjzz\321""; ledgerHashPrevious: ""\025{\341\203\016\355Wm\222\t\022+\207\321\343}^\317s\206\320\316\221\322\t\214\257\211\366S\177\277""; networkTime: 803902520; firstSeq: 9; lastSeq: 18; ","newEvent: neACCEPTED_LEDGER; ledgerSeq: 19; ledgerHash: ""\370\361\367\235\210sr\037\032`/X%b\364\000\2261<\024n\271\n\247\213\340ngjzz\321""; ledgerHashPrevious: ""\025{\341\203\016\355Wm\222\t\022+\207\321\343}^\317s\206\320\316\221\322\t\214\257\211\366S\177\277""; networkTime: 803902520; firstSeq: 9; lastSeq: 18; "
1750587320892,1750587320892,0,1,3,2,TMStatusChange,"newEvent: neACCEPTED_LEDGER; ledgerSeq: 19; ledgerHash: ""\370\361\367\235\210sr\037\032`/X%b\364\000\2261<\024n\271\n\247\213\340ngjzz\321""; ledgerHashPrevious: ""\025{\341\203\016\355Wm\222\t\022+\207\321\343}^\317s\206\320\316\221\322\t\214\257\211\366S\177\277""; networkTime: 803902520; firstSeq: 9; lastSeq: 18; ","newEvent: neACCEPTED_LEDGER; ledgerSeq: 19; ledgerHash: ""\370\361\367\235\210sr\037\032`/X%b\364\000\2261<\024n\271\n\247\213\340ngjzz\321""; ledgerHashPrevious: ""\025{\341\203\016\355Wm\222\t\022+\207\321\343}^\317s\206\320\316\221\322\t\214\257\211\366S\177\277""; networkTime: 803902520; firstSeq: 9; lastSeq: 18; "
1750587320894,1750587320894,0,1,0,4,TMValidation,"validation: """"\200\000\000\001&\000\000\000\023)/\352\2248:\211l\014`\252m\212dQ\370\361\367\235\210sr\037\032`/X%b\364\000\2261<\024n\271\n\247\213\340ngjzz\321P\027\000\000\000\000\000\000\000\000\000\000\000\000\000\000\000\000\000\000\000\000\000\000\000\000\000\000\000\000\000\000\000\000P\031\025{\341\203\016\355Wm\222\t\022+\207\321\343}^\317s\206\320\316\221\322\t\214\257\211\366S\177\277s!\003\325Q\255\224\274R@\312\253\262\347\352\034\346\347\242\215,\312\376=\277\353{\350\225\301\305`^, vG0E\002!\000\300\234~\224\227\027G2\377\264\321\320\304\215\210\2065I$>iCh\024\004\273\2315\tP\235W\002 7-\311\rq\243\256\233\331\177GJ\024\016\274p\231\302\177js\t!\276)\027\274\334o\210\362\365""; ","validation: """"\200\000\000\001&\000\000\000\023)/\352\2248:\211l\014`\252m\212dQ\370\361\367\235\210sr\037\032`/X%b\364\000\2261<\024n\271\n\247\213\340ngjzz\321P\027\000\000\000\000\000\000\000\000\000\000\000\000\000\000\000\000\000\000\000\000\000\000\000\000\000\000\000\000\000\000\000\000P\031\025{\341\203\016\355Wm\222\t\022+\207\321\343}^\317s\206\320\316\221\322\t\214\257\211\366S\177\277s!\003\325Q\255\224\274R@\312\253\262\347\352\034\346\347\242\215,\312\376=\277\353{\350\225\301\305`^, vG0E\002!\000\300\234~\224\227\027G2\377\264\321\320\304\215\210\2065I$>iCh\024\004\273\2315\tP\235W\002 7-\311\rq\243\256\233\331\177GJ\024\016\274p\231\302\177js\t!\276)\027\274\334o\210\362\365""; "
1750587320895,1750587320895,0,1,0,2,TMValidation,"validation: """"\200\000\000\001&\000\000\000\023)/\352\2248:\211l\014`\252m\212dQ\370\361\367\235\210sr\037\032`/X%b\364\000\2261<\024n\271\n\247\213\340ngjzz\321P\027\000\000\000\000\000\000\000\000\000\000\000\000\000\000\000\000\000\000\000\000\000\000\000\000\000\000\000\000\000\000\000\000P\031\025{\341\203\016\355Wm\222\t\022+\207\321\343}^\317s\206\320\316\221\322\t\214\257\211\366S\177\277s!\003\325Q\255\224\274R@\312\253\262\347\352\034\346\347\242\215,\312\376=\277\353{\350\225\301\305`^, vG0E\002!\000\300\234~\224\227\027G2\377\264\321\320\304\215\210\2065I$>iCh\024\004\273\2315\tP\235W\002 7-\311\rq\243\256\233\331\177GJ\024\016\274p\231\302\177js\t!\276)\027\274\334o\210\362\365""; ","validation: """"\200\000\000\001&\000\000\000\023)/\352\2248:\211l\014`\252m\212dQ\370\361\367\235\210sr\037\032`/X%b\364\000\2261<\024n\271\n\247\213\340ngjzz\321P\027\000\000\000\000\000\000\000\000\000\000\000\000\000\000\000\000\000\000\000\000\000\000\000\000\000\000\000\000\000\000\000\000P\031\025{\341\203\016\355Wm\222\t\022+\207\321\343}^\317s\206\320\316\221\322\t\214\257\211\366S\177\277s!\003\325Q\255\224\274R@\312\253\262\347\352\034\346\347\242\215,\312\376=\277\353{\350\225\301\305`^, vG0E\002!\000\300\234~\224\227\027G2\377\264\321\320\304\215\210\2065I$>iCh\024\004\273\2315\tP\235W\002 7-\311\rq\243\256\233\331\177GJ\024\016\274p\231\302\177js\t!\276)\027\274\334o\210\362\365""; "
1750587320895,1750587320895,0,1,0,1,TMValidation,"validation: """"\200\000\000\001&\000\000\000\023)/\352\2248:\211l\014`\252m\212dQ\370\361\367\235\210sr\037\032`/X%b\364\000\2261<\024n\271\n\247\213\340ngjzz\321P\027\000\000\000\000\000\000\000\000\000\000\000\000\000\000\000\000\000\000\000\000\000\000\000\000\000\000\000\000\000\000\000\000P\031\025{\341\203\016\355Wm\222\t\022+\207\321\343}^\317s\206\320\316\221\322\t\214\257\211\366S\177\277s!\003\325Q\255\224\274R@\312\253\262\347\352\034\346\347\242\215,\312\376=\277\353{\350\225\301\305`^, vG0E\002!\000\300\234~\224\227\027G2\377\264\321\320\304\215\210\2065I$>iCh\024\004\273\2315\tP\235W\002 7-\311\rq\243\256\233\331\177GJ\024\016\274p\231\302\177js\t!\276)\027\274\334o\210\362\365""; ","validation: """"\200\000\000\001&\000\000\000\023)/\352\2248:\211l\014`\252m\212dQ\370\361\367\235\210sr\037\032`/X%b\364\000\2261<\024n\271\n\247\213\340ngjzz\321P\027\000\000\000\000\000\000\000\000\000\000\000\000\000\000\000\000\000\000\000\000\000\000\000\000\000\000\000\000\000\000\000\000P\031\025{\341\203\016\355Wm\222\t\022+\207\321\343}^\317s\206\320\316\221\322\t\214\257\211\366S\177\277s!\003\325Q\255\224\274R@\312\253\262\347\352\034\346\347\242\215,\312\376=\277\353{\350\225\301\305`^, vG0E\002!\000\300\234~\224\227\027G2\377\264\321\320\304\215\210\2065I$>iCh\024\004\273\2315\tP\235W\002 7-\311\rq\243\256\233\331\177GJ\024\016\274p\231\302\177js\t!\276)\027\274\334o\210\362\365""; "
1750587320895,1750587320895,0,1,2,1,TMValidation,"validation: """"\200\000\000\001&\000\000\000\023)/\352\2248:\211l\014`\252m\212dQ\370\361\367\235\210sr\037\032`/X%b\364\000\2261<\024n\271\n\247\213\340ngjzz\321P\027\000\000\000\000\000\000\000\000\000\000\000\000\000\000\000\000\000\000\000\000\000\000\000\000\000\000\000\000\000\000\000\000P\031\025{\341\203\016\355Wm\222\t\022+\207\321\343}^\317s\206\320\316\221\322\t\214\257\211\366S\177\277s!\003\325Q\255\224\274R@\312\253\262\347\352\034\346\347\242\215,\312\376=\277\353{\350\225\301\305`^, vG0E\002!\000\300\234~\224\227\027G2\377\264\321\320\304\215\210\2065I$>iCh\024\004\273\2315\tP\235W\002 7-\311\rq\243\256\233\331\177GJ\024\016\274p\231\302\177js\t!\276)\027\274\334o\210\362\365""; ","validation: """"\200\000\000\001&\000\000\000\023)/\352\2248:\211l\014`\252m\212dQ\370\361\367\235\210sr\037\032`/X%b\364\000\2261<\024n\271\n\247\213\340ngjzz\321P\027\000\000\000\000\000\000\000\000\000\000\000\000\000\000\000\000\000\000\000\000\000\000\000\000\000\000\000\000\000\000\000\000P\031\025{\341\203\016\355Wm\222\t\022+\207\321\343}^\317s\206\320\316\221\322\t\214\257\211\366S\177\277s!\003\325Q\255\224\274R@\312\253\262\347\352\034\346\347\242\215,\312\376=\277\353{\350\225\301\305`^, vG0E\002!\000\300\234~\224\227\027G2\377\264\321\320\304\215\210\2065I$>iCh\024\004\273\2315\tP\235W\002 7-\311\rq\243\256\233\331\177GJ\024\016\274p\231\302\177js\t!\276)\027\274\334o\210\362\365""; "
1750587320896,1750587320896,0,1,2,4,TMValidation,"validation: """"\200\000\000\001&\000\000\000\023)/\352\2248:\211l\014`\252m\212dQ\370\361\367\235\210sr\037\032`/X%b\364\000\2261<\024n\271\n\247\213\340ngjzz\321P\027\000\000\000\000\000\000\000\000\000\000\000\000\000\000\000\000\000\000\000\000\000\000\000\000\000\000\000\000\000\000\000\000P\031\025{\341\203\016\355Wm\222\t\022+\207\321\343}^\317s\206\320\316\221\322\t\214\257\211\366S\177\277s!\003\325Q\255\224\274R@\312\253\262\347\352\034\346\347\242\215,\312\376=\277\353{\350\225\301\305`^, vG0E\002!\000\300\234~\224\227\027G2\377\264\321\320\304\215\210\2065I$>iCh\024\004\273\2315\tP\235W\002 7-\311\rq\243\256\233\331\177GJ\024\016\274p\231\302\177js\t!\276)\027\274\334o\210\362\365""; ","validation: """"\200\000\000\001&\000\000\000\023)/\352\2248:\211l\014`\252m\212dQ\370\361\367\235\210sr\037\032`/X%b\364\000\2261<\024n\271\n\247\213\340ngjzz\321P\027\000\000\000\000\000\000\000\000\000\000\000\000\000\000\000\000\000\000\000\000\000\000\000\000\000\000\000\000\000\000\000\000P\031\025{\341\203\016\355Wm\222\t\022+\207\321\343}^\317s\206\320\316\221\322\t\214\257\211\366S\177\277s!\003\325Q\255\224\274R@\312\253\262\347\352\034\346\347\242\215,\312\376=\277\353{\350\225\301\305`^, vG0E\002!\000\300\234~\224\227\027G2\377\264\321\320\304\215\210\2065I$>iCh\024\004\273\2315\tP\235W\002 7-\311\rq\243\256\233\331\177GJ\024\016\274p\231\302\177js\t!\276)\027\274\334o\210\362\365""; "
1750587320896,1750587320897,0,1,4,1,TMValidation,"validation: """"\200\000\000\001&\000\000\000\023)/\352\2248:\211l\014`\252m\212dQ\370\361\367\235\210sr\037\032`/X%b\364\000\2261<\024n\271\n\247\213\340ngjzz\321P\027\000\000\000\000\000\000\000\000\000\000\000\000\000\000\000\000\000\000\000\000\000\000\000\000\000\000\000\000\000\000\000\000P\031\025{\341\203\016\355Wm\222\t\022+\207\321\343}^\317s\206\320\316\221\322\t\214\257\211\366S\177\277s!\003\325Q\255\224\274R@\312\253\262\347\352\034\346\347\242\215,\312\376=\277\353{\350\225\301\305`^, vG0E\002!\000\300\234~\224\227\027G2\377\264\321\320\304\215\210\2065I$>iCh\024\004\273\2315\tP\235W\002 7-\311\rq\243\256\233\331\177GJ\024\016\274p\231\302\177js\t!\276)\027\274\334o\210\362\365""; ","validation: """"\200\000\000\001&\000\000\000\023)/\352\2248:\211l\014`\252m\212dQ\370\361\367\235\210sr\037\032`/X%b\364\000\2261<\024n\271\n\247\213\340ngjzz\321P\027\000\000\000\000\000\000\000\000\000\000\000\000\000\000\000\000\000\000\000\000\000\000\000\000\000\000\000\000\000\000\000\000P\031\025{\341\203\016\355Wm\222\t\022+\207\321\343}^\317s\206\320\316\221\322\t\214\257\211\366S\177\277s!\003\325Q\255\224\274R@\312\253\262\347\352\034\346\347\242\215,\312\376=\277\353{\350\225\301\305`^, vG0E\002!\000\300\234~\224\227\027G2\377\264\321\320\304\215\210\2065I$>iCh\024\004\273\2315\tP\235W\002 7-\311\rq\243\256\233\331\177GJ\024\016\274p\231\302\177js\t!\276)\027\274\334o\210\362\365""; "
1750587320897,1750587320897,0,1,4,0,TMValidation,"validation: """"\200\000\000\001&\000\000\000\023)/\352\2248:\211l\014`\252m\212dQ\370\361\367\235\210sr\037\032`/X%b\364\000\2261<\024n\271\n\247\213\340ngjzz\321P\027\000\000\000\000\000\000\000\000\000\000\000\000\000\000\000\000\000\000\000\000\000\000\000\000\000\000\000\000\000\000\000\000P\031\025{\341\203\016\355Wm\222\t\022+\207\321\343}^\317s\206\320\316\221\322\t\214\257\211\366S\177\277s!\003\325Q\255\224\274R@\312\253\262\347\352\034\346\347\242\215,\312\376=\277\353{\350\225\301\305`^, vG0E\002!\000\300\234~\224\227\027G2\377\264\321\320\304\215\210\2065I$>iCh\024\004\273\2315\tP\235W\002 7-\311\rq\243\256\233\331\177GJ\024\016\274p\231\302\177js\t!\276)\027\274\334o\210\362\365""; ","validation: """"\200\000\000\001&\000\000\000\023)/\352\2248:\211l\014`\252m\212dQ\370\361\367\235\210sr\037\032`/X%b\364\000\2261<\024n\271\n\247\213\340ngjzz\321P\027\000\000\000\000\000\000\000\000\000\000\000\000\000\000\000\000\000\000\000\000\000\000\000\000\000\000\000\000\000\000\000\000P\031\025{\341\203\016\355Wm\222\t\022+\207\321\343}^\317s\206\320\316\221\322\t\214\257\211\366S\177\277s!\003\325Q\255\224\274R@\312\253\262\347\352\034\346\347\242\215,\312\376=\277\353{\350\225\301\305`^, vG0E\002!\000\300\234~\224\227\027G2\377\264\321\320\304\215\210\2065I$>iCh\024\004\273\2315\tP\235W\002 7-\311\rq\243\256\233\331\177GJ\024\016\274p\231\302\177js\t!\276)\027\274\334o\210\362\365""; "
1750587320897,1750587320897,0,1,4,2,TMValidation,"validation: """"\200\000\000\001&\000\000\000\023)/\352\2248:\211l\014`\252m\212dQ\370\361\367\235\210sr\037\032`/X%b\364\000\2261<\024n\271\n\247\213\340ngjzz\321P\027\000\000\000\000\000\000\000\000\000\000\000\000\000\000\000\000\000\000\000\000\000\000\000\000\000\000\000\000\000\000\000\000P\031\025{\341\203\016\355Wm\222\t\022+\207\321\343}^\317s\206\320\316\221\322\t\214\257\211\366S\177\277s!\003\325Q\255\224\274R@\312\253\262\347\352\034\346\347\242\215,\312\376=\277\353{\350\225\301\305`^, vG0E\002!\000\300\234~\224\227\027G2\377\264\321\320\304\215\210\2065I$>iCh\024\004\273\2315\tP\235W\002 7-\311\rq\243\256\233\331\177GJ\024\016\274p\231\302\177js\t!\276)\027\274\334o\210\362\365""; ","validation: """"\200\000\000\001&\000\000\000\023)/\352\2248:\211l\014`\252m\212dQ\370\361\367\235\210sr\037\032`/X%b\364\000\2261<\024n\271\n\247\213\340ngjzz\321P\027\000\000\000\000\000\000\000\000\000\000\000\000\000\000\000\000\000\000\000\000\000\000\000\000\000\000\000\000\000\000\000\000P\031\025{\341\203\016\355Wm\222\t\022+\207\321\343}^\317s\206\320\316\221\322\t\214\257\211\366S\177\277s!\003\325Q\255\224\274R@\312\253\262\347\352\034\346\347\242\215,\312\376=\277\353{\350\225\301\305`^, vG0E\002!\000\300\234~\224\227\027G2\377\264\321\320\304\215\210\2065I$>iCh\024\004\273\2315\tP\235W\002 7-\311\rq\243\256\233\331\177GJ\024\016\274p\231\302\177js\t!\276)\027\274\334o\210\362\365""; "
1750587320897,1750587320897,0,1,2,0,TMValidation,"validation: """"\200\000\000\001&\000\000\000\023)/\352\2248:\211l\014`\252m\212dQ\370\361\367\235\210sr\037\032`/X%b\364\000\2261<\024n\271\n\247\213\340ngjzz\321P\027\000\000\000\000\000\000\000\000\000\000\000\000\000\000\000\000\000\000\000\000\000\000\000\000\000\000\000\000\000\000\000\000P\031\025{\341\203\016\355Wm\222\t\022+\207\321\343}^\317s\206\320\316\221\322\t\214\257\211\366S\177\277s!\003\325Q\255\224\274R@\312\253\262\347\352\034\346\347\242\215,\312\376=\277\353{\350\225\301\305`^, vG0E\002!\000\300\234~\224\227\027G2\377\264\321\320\304\215\210\2065I$>iCh\024\004\273\2315\tP\235W\002 7-\311\rq\243\256\233\331\177GJ\024\016\274p\231\302\177js\t!\276)\027\274\334o\210\362\365""; ","validation: """"\200\000\000\001&\000\000\000\023)/\352\2248:\211l\014`\252m\212dQ\370\361\367\235\210sr\037\032`/X%b\364\000\2261<\024n\271\n\247\213\340ngjzz\321P\027\000\000\000\000\000\000\000\000\000\000\000\000\000\000\000\000\000\000\000\000\000\000\000\000\000\000\000\000\000\000\000\000P\031\025{\341\203\016\355Wm\222\t\022+\207\321\343}^\317s\206\320\316\221\322\t\214\257\211\366S\177\277s!\003\325Q\255\224\274R@\312\253\262\347\352\034\346\347\242\215,\312\376=\277\353{\350\225\301\305`^, vG0E\002!\000\300\234~\224\227\027G2\377\264\321\320\304\215\210\2065I$>iCh\024\004\273\2315\tP\235W\002 7-\311\rq\243\256\233\331\177GJ\024\016\274p\231\302\177js\t!\276)\027\274\334o\210\362\365""; "
1750587320899,1750587320899,0,1,1,4,TMValidation,"validation: """"\200\000\000\001&\000\000\000\023)/\352\2248:\211l\014`\252m\212dQ\370\361\367\235\210sr\037\032`/X%b\364\000\2261<\024n\271\n\247\213\340ngjzz\321P\027\000\000\000\000\000\000\000\000\000\000\000\000\000\000\000\000\000\000\000\000\000\000\000\000\000\000\000\000\000\000\000\000P\031\025{\341\203\016\355Wm\222\t\022+\207\321\343}^\317s\206\320\316\221\322\t\214\257\211\366S\177\277s!\003\325Q\255\224\274R@\312\253\262\347\352\034\346\347\242\215,\312\376=\277\353{\350\225\301\305`^, vG0E\002!\000\300\234~\224\227\027G2\377\264\321\320\304\215\210\2065I$>iCh\024\004\273\2315\tP\235W\002 7-\311\rq\243\256\233\331\177GJ\024\016\274p\231\302\177js\t!\276)\027\274\334o\210\362\365""; ","validation: """"\200\000\000\001&\000\000\000\023)/\352\2248:\211l\014`\252m\212dQ\370\361\367\235\210sr\037\032`/X%b\364\000\2261<\024n\271\n\247\213\340ngjzz\321P\027\000\000\000\000\000\000\000\000\000\000\000\000\000\000\000\000\000\000\000\000\000\000\000\000\000\000\000\000\000\000\000\000P\031\025{\341\203\016\355Wm\222\t\022+\207\321\343}^\317s\206\320\316\221\322\t\214\257\211\366S\177\277s!\003\325Q\255\224\274R@\312\253\262\347\352\034\346\347\242\215,\312\376=\277\353{\350\225\301\305`^, vG0E\002!\000\300\234~\224\227\027G2\377\264\321\320\304\215\210\2065I$>iCh\024\004\273\2315\tP\235W\002 7-\311\rq\243\256\233\331\177GJ\024\016\274p\231\302\177js\t!\276)\027\274\334o\210\362\365""; "
1750587320899,1750587320899,0,1,1,3,TMValidation,"validation: """"\200\000\000\001&\000\000\000\023)/\352\2248:\211l\014`\252m\212dQ\370\361\367\235\210sr\037\032`/X%b\364\000\2261<\024n\271\n\247\213\340ngjzz\321P\027\000\000\000\000\000\000\000\000\000\000\000\000\000\000\000\000\000\000\000\000\000\000\000\000\000\000\000\000\000\000\000\000P\031\025{\341\203\016\355Wm\222\t\022+\207\321\343}^\317s\206\320\316\221\322\t\214\257\211\366S\177\277s!\003\325Q\255\224\274R@\312\253\262\347\352\034\346\347\242\215,\312\376=\277\353{\350\225\301\305`^, vG0E\002!\000\300\234~\224\227\027G2\377\264\321\320\304\215\210\2065I$>iCh\024\004\273\2315\tP\235W\002 7-\311\rq\243\256\233\331\177GJ\024\016\274p\231\302\177js\t!\276)\027\274\334o\210\362\365""; ","validation: """"\200\000\000\001&\000\000\000\023)/\352\2248:\211l\014`\252m\212dQ\370\361\367\235\210sr\037\032`/X%b\364\000\2261<\024n\271\n\247\213\340ngjzz\321P\027\000\000\000\000\000\000\000\000\000\000\000\000\000\000\000\000\000\000\000\000\000\000\000\000\000\000\000\000\000\000\000\000P\031\025{\341\203\016\355Wm\222\t\022+\207\321\343}^\317s\206\320\316\221\322\t\214\257\211\366S\177\277s!\003\325Q\255\224\274R@\312\253\262\347\352\034\346\347\242\215,\312\376=\277\353{\350\225\301\305`^, vG0E\002!\000\300\234~\224\227\027G2\377\264\321\320\304\215\210\2065I$>iCh\024\004\273\2315\tP\235W\002 7-\311\rq\243\256\233\331\177GJ\024\016\274p\231\302\177js\t!\276)\027\274\334o\210\362\365""; "
1750587320899,1750587320899,0,1,1,2,TMValidation,"validation: """"\200\000\000\001&\000\000\000\023)/\352\2248:\211l\014`\252m\212dQ\370\361\367\235\210sr\037\032`/X%b\364\000\2261<\024n\271\n\247\213\340ngjzz\321P\027\000\000\000\000\000\000\000\000\000\000\000\000\000\000\000\000\000\000\000\000\000\000\000\000\000\000\000\000\000\000\000\000P\031\025{\341\203\016\355Wm\222\t\022+\207\321\343}^\317s\206\320\316\221\322\t\214\257\211\366S\177\277s!\003\325Q\255\224\274R@\312\253\262\347\352\034\346\347\242\215,\312\376=\277\353{\350\225\301\305`^, vG0E\002!\000\300\234~\224\227\027G2\377\264\321\320\304\215\210\2065I$>iCh\024\004\273\2315\tP\235W\002 7-\311\rq\243\256\233\331\177GJ\024\016\274p\231\302\177js\t!\276)\027\274\334o\210\362\365""; ","validation: """"\200\000\000\001&\000\000\000\023)/\352\2248:\211l\014`\252m\212dQ\370\361\367\235\210sr\037\032`/X%b\364\000\2261<\024n\271\n\247\213\340ngjzz\321P\027\000\000\000\000\000\000\000\000\000\000\000\000\000\000\000\000\000\000\000\000\000\000\000\000\000\000\000\000\000\000\000\000P\031\025{\341\203\016\355Wm\222\t\022+\207\321\343}^\317s\206\320\316\221\322\t\214\257\211\366S\177\277s!\003\325Q\255\224\274R@\312\253\262\347\352\034\346\347\242\215,\312\376=\277\353{\350\225\301\305`^, vG0E\002!\000\300\234~\224\227\027G2\377\264\321\320\304\215\210\2065I$>iCh\024\004\273\2315\tP\235W\002 7-\311\rq\243\256\233\331\177GJ\024\016\274p\231\302\177js\t!\276)\027\274\334o\210\362\365""; "
1750587320901,1750587320901,0,1,3,1,TMValidation,"validation: """"\200\000\000\001&\000\000\000\023)/\352\2248:\211l\014`\252m\212dQ\370\361\367\235\210sr\037\032`/X%b\364\000\2261<\024n\271\n\247\213\340ngjzz\321P\027\000\000\000\000\000\000\000\000\000\000\000\000\000\000\000\000\000\000\000\000\000\000\000\000\000\000\000\000\000\000\000\000P\031\025{\341\203\016\355Wm\222\t\022+\207\321\343}^\317s\206\320\316\221\322\t\214\257\211\366S\177\277s!\003\325Q\255\224\274R@\312\253\262\347\352\034\346\347\242\215,\312\376=\277\353{\350\225\301\305`^, vG0E\002!\000\300\234~\224\227\027G2\377\264\321\320\304\215\210\2065I$>iCh\024\004\273\2315\tP\235W\002 7-\311\rq\243\256\233\331\177GJ\024\016\274p\231\302\177js\t!\276)\027\274\334o\210\362\365""; ","validation: """"\200\000\000\001&\000\000\000\023)/\352\2248:\211l\014`\252m\212dQ\370\361\367\235\210sr\037\032`/X%b\364\000\2261<\024n\271\n\247\213\340ngjzz\321P\027\000\000\000\000\000\000\000\000\000\000\000\000\000\000\000\000\000\000\000\000\000\000\000\000\000\000\000\000\000\000\000\000P\031\025{\341\203\016\355Wm\222\t\022+\207\321\343}^\317s\206\320\316\221\322\t\214\257\211\366S\177\277s!\003\325Q\255\224\274R@\312\253\262\347\352\034\346\347\242\215,\312\376=\277\353{\350\225\301\305`^, vG0E\002!\000\300\234~\224\227\027G2\377\264\321\320\304\215\210\2065I$>iCh\024\004\273\2315\tP\235W\002 7-\311\rq\243\256\233\331\177GJ\024\016\274p\231\302\177js\t!\276)\027\274\334o\210\362\365""; "
1750587321023,1750587321023,0,1,0,4,TMStatusChange,"newEvent: neACCEPTED_LEDGER; ledgerSeq: 19; ledgerHash: ""\370\361\367\235\210sr\037\032`/X%b\364\000\2261<\024n\271\n\247\213\340ngjzz\321""; ledgerHashPrevious: ""\025{\341\203\016\355Wm\222\t\022+\207\321\343}^\317s\206\320\316\221\322\t\214\257\211\366S\177\277""; networkTime: 803902521; firstSeq: 9; lastSeq: 18; ","newEvent: neACCEPTED_LEDGER; ledgerSeq: 19; ledgerHash: ""\370\361\367\235\210sr\037\032`/X%b\364\000\2261<\024n\271\n\247\213\340ngjzz\321""; ledgerHashPrevious: ""\025{\341\203\016\355Wm\222\t\022+\207\321\343}^\317s\206\320\316\221\322\t\214\257\211\366S\177\277""; networkTime: 803902521; firstSeq: 9; lastSeq: 18; "
1750587321024,1750587321024,0,1,0,1,TMValidation,"validation: """"\200\000\000\001&\000\000\000\023)/\352\2249:I\203w\200\211\SGQ\370\361\367\235\210sr\037\032`/X%b\364\000\2261<\024n\271\n\247\213\340ngjzz\321P\027\000\000\000\000\000\000\000\000\000\000\000\000\000\000\000\000\000\000\000\000\000\000\000\000\000\000\000\000\000\000\000\000P\031\025{\341\203\016\355Wm\222\t\022+\207\321\343}^\317s\206\320\316\221\322\t\214\257\211\366S\177\277s!\002\347\243J\206W\025ML\260\226\0163\217\250\337\325W\253\356*O\245Z\271\234\207C\274\375`\335\311vF0D\002 3\323\342\363\2431\355\230\200#-\335\375\216J\232H\345\n\03196\2305\256\027\024\361\306\330\345\364\002 \000\251\244.)]>L\004\237_IJ\373C\262\330\311<\212\251Nr6\315\250\277@O!\251\306""; ","validation: """"\200\000\000\001&\000\000\000\023)/\352\2249:I\203w\200\211\SGQ\370\361\367\235\210sr\037\032`/X%b\364\000\2261<\024n\271\n\247\213\340ngjzz\321P\027\000\000\000\000\000\000\000\000\000\000\000\000\000\000\000\000\000\000\000\000\000\000\000\000\000\000\000\000\000\000\000\000P\031\025{\341\203\016\355Wm\222\t\022+\207\321\343}^\317s\206\320\316\221\322\t\214\257\211\366S\177\277s!\002\347\243J\206W\025ML\260\226\0163\217\250\337\325W\253\356*O\245Z\271\234\207C\274\375`\335\311vF0D\002 3\323\342\363\2431\355\230\200#-\335\375\216J\232H\345\n\03196\2305\256\027\024\361\306\330\345\364\002 \000\251\244.)]>L\004\237_IJ\373C\262\330\311<\212\251Nr6\315\250\277@O!\251\306""; "
1750587321025,1750587321025,0,1,0,3,TMStatusChange,"newEvent: neACCEPTED_LEDGER; ledgerSeq: 19; ledgerHash: ""\370\361\367\235\210sr\037\032`/X%b\364\000\2261<\024n\271\n\247\213\340ngjzz\321""; ledgerHashPrevious: ""\025{\341\203\016\355Wm\222\t\022+\207\321\343}^\317s\206\320\316\221\322\t\214\257\211\366S\177\277""; networkTime: 803902521; firstSeq: 9; lastSeq: 18; ","newEvent: neACCEPTED_LEDGER; ledgerSeq: 19; ledgerHash: ""\370\361\367\235\210sr\037\032`/X%b\364\000\2261<\024n\271\n\247\213\340ngjzz\321""; ledgerHashPrevious: ""\025{\341\203\016\355Wm\222\t\022+\207\321\343}^\317s\206\320\316\221\322\t\214\257\211\366S\177\277""; networkTime: 803902521; firstSeq: 9; lastSeq: 18; "
1750587321025,1750587321025,0,1,0,1,TMStatusChange,"newEvent: neACCEPTED_LEDGER; ledgerSeq: 19; ledgerHash: ""\370\361\367\235\210sr\037\032`/X%b\364\000\2261<\024n\271\n\247\213\340ngjzz\321""; ledgerHashPrevious: ""\025{\341\203\016\355Wm\222\t\022+\207\321\343}^\317s\206\320\316\221\322\t\214\257\211\366S\177\277""; networkTime: 803902521; firstSeq: 9; lastSeq: 18; ","newEvent: neACCEPTED_LEDGER; ledgerSeq: 19; ledgerHash: ""\370\361\367\235\210sr\037\032`/X%b\364\000\2261<\024n\271\n\247\213\340ngjzz\321""; ledgerHashPrevious: ""\025{\341\203\016\355Wm\222\t\022+\207\321\343}^\317s\206\320\316\221\322\t\214\257\211\366S\177\277""; networkTime: 803902521; firstSeq: 9; lastSeq: 18; "
1750587321026,1750587321026,0,1,0,2,TMStatusChange,"newEvent: neACCEPTED_LEDGER; ledgerSeq: 19; ledgerHash: ""\370\361\367\235\210sr\037\032`/X%b\364\000\2261<\024n\271\n\247\213\340ngjzz\321""; ledgerHashPrevious: ""\025{\341\203\016\355Wm\222\t\022+\207\321\343}^\317s\206\320\316\221\322\t\214\257\211\366S\177\277""; networkTime: 803902521; firstSeq: 9; lastSeq: 18; ","newEvent: neACCEPTED_LEDGER; ledgerSeq: 19; ledgerHash: ""\370\361\367\235\210sr\037\032`/X%b\364\000\2261<\024n\271\n\247\213\340ngjzz\321""; ledgerHashPrevious: ""\025{\341\203\016\355Wm\222\t\022+\207\321\343}^\317s\206\320\316\221\322\t\214\257\211\366S\177\277""; networkTime: 803902521; firstSeq: 9; lastSeq: 18; "
1750587321028,1750587321028,0,1,1,4,TMValidation,"validation: """"\200\000\000\001&\000\000\000\023)/\352\2249:I\203w\200\211\SGQ\370\361\367\235\210sr\037\032`/X%b\364\000\2261<\024n\271\n\247\213\340ngjzz\321P\027\000\000\000\000\000\000\000\000\000\000\000\000\000\000\000\000\000\000\000\000\000\000\000\000\000\000\000\000\000\000\000\000P\031\025{\341\203\016\355Wm\222\t\022+\207\321\343}^\317s\206\320\316\221\322\t\214\257\211\366S\177\277s!\002\347\243J\206W\025ML\260\226\0163\217\250\337\325W\253\356*O\245Z\271\234\207C\274\375`\335\311vF0D\002 3\323\342\363\2431\355\230\200#-\335\375\216J\232H\345\n\03196\2305\256\027\024\361\306\330\345\364\002 \000\251\244.)]>L\004\237_IJ\373C\262\330\311<\212\251Nr6\315\250\277@O!\251\306""; ","validation: """"\200\000\000\001&\000\000\000\023)/\352\2249:I\203w\200\211\SGQ\370\361\367\235\210sr\037\032`/X%b\364\000\2261<\024n\271\n\247\213\340ngjzz\321P\027\000\000\000\000\000\000\000\000\000\000\000\000\000\000\000\000\000\000\000\000\000\000\000\000\000\000\000\000\000\000\000\000P\031\025{\341\203\016\355Wm\222\t\022+\207\321\343}^\317s\206\320\316\221\322\t\214\257\211\366S\177\277s!\002\347\243J\206W\025ML\260\226\0163\217\250\337\325W\253\356*O\245Z\271\234\207C\274\375`\335\311vF0D\002 3\323\342\363\2431\355\230\200#-\335\375\216J\232H\345\n\03196\2305\256\027\024\361\306\330\345\364\002 \000\251\244.)]>L\004\237_IJ\373C\262\330\311<\212\251Nr6\315\250\277@O!\251\306""; "
1750587321028,1750587321028,0,1,1,2,TMValidation,"validation: """"\200\000\000\001&\000\000\000\023)/\352\2249:I\203w\200\211\SGQ\370\361\367\235\210sr\037\032`/X%b\364\000\2261<\024n\271\n\247\213\340ngjzz\321P\027\000\000\000\000\000\000\000\000\000\000\000\000\000\000\000\000\000\000\000\000\000\000\000\000\000\000\000\000\000\000\000\000P\031\025{\341\203\016\355Wm\222\t\022+\207\321\343}^\317s\206\320\316\221\322\t\214\257\211\366S\177\277s!\002\347\243J\206W\025ML\260\226\0163\217\250\337\325W\253\356*O\245Z\271\234\207C\274\375`\335\311vF0D\002 3\323\342\363\2431\355\230\200#-\335\375\216J\232H\345\n\03196\2305\256\027\024\361\306\330\345\364\002 \000\251\244.)]>L\004\237_IJ\373C\262\330\311<\212\251Nr6\315\250\277@O!\251\306""; ","validation: """"\200\000\000\001&\000\000\000\023)/\352\2249:I\203w\200\211\SGQ\370\361\367\235\210sr\037\032`/X%b\364\000\2261<\024n\271\n\247\213\340ngjzz\321P\027\000\000\000\000\000\000\000\000\000\000\000\000\000\000\000\000\000\000\000\000\000\000\000\000\000\000\000\000\000\000\000\000P\031\025{\341\203\016\355Wm\222\t\022+\207\321\343}^\317s\206\320\316\221\322\t\214\257\211\366S\177\277s!\002\347\243J\206W\025ML\260\226\0163\217\250\337\325W\253\356*O\245Z\271\234\207C\274\375`\335\311vF0D\002 3\323\342\363\2431\355\230\200#-\335\375\216J\232H\345\n\03196\2305\256\027\024\361\306\330\345\364\002 \000\251\244.)]>L\004\237_IJ\373C\262\330\311<\212\251Nr6\315\250\277@O!\251\306""; "
1750587321029,1750587321029,0,1,1,3,TMValidation,"validation: """"\200\000\000\001&\000\000\000\023)/\352\2249:I\203w\200\211\SGQ\370\361\367\235\210sr\037\032`/X%b\364\000\2261<\024n\271\n\247\213\340ngjzz\321P\027\000\000\000\000\000\000\000\000\000\000\000\000\000\000\000\000\000\000\000\000\000\000\000\000\000\000\000\000\000\000\000\000P\031\025{\341\203\016\355Wm\222\t\022+\207\321\343}^\317s\206\320\316\221\322\t\214\257\211\366S\177\277s!\002\347\243J\206W\025ML\260\226\0163\217\250\337\325W\253\356*O\245Z\271\234\207C\274\375`\335\311vF0D\002 3\323\342\363\2431\355\230\200#-\335\375\216J\232H\345\n\03196\2305\256\027\024\361\306\330\345\364\002 \000\251\244.)]>L\004\237_IJ\373C\262\330\311<\212\251Nr6\315\250\277@O!\251\306""; ","validation: """"\200\000\000\001&\000\000\000\023)/\352\2249:I\203w\200\211\SGQ\370\361\367\235\210sr\037\032`/X%b\364\000\2261<\024n\271\n\247\213\340ngjzz\321P\027\000\000\000\000\000\000\000\000\000\000\000\000\000\000\000\000\000\000\000\000\000\000\000\000\000\000\000\000\000\000\000\000P\031\025{\341\203\016\355Wm\222\t\022+\207\321\343}^\317s\206\320\316\221\322\t\214\257\211\366S\177\277s!\002\347\243J\206W\025ML\260\226\0163\217\250\337\325W\253\356*O\245Z\271\234\207C\274\375`\335\311vF0D\002 3\323\342\363\2431\355\230\200#-\335\375\216J\232H\345\n\03196\2305\256\027\024\361\306\330\345\364\002 \000\251\244.)]>L\004\237_IJ\373C\262\330\311<\212\251Nr6\315\250\277@O!\251\306""; "
1750587321031,1750587321031,0,1,4,3,TMValidation,"validation: """"\200\000\000\001&\000\000\000\023)/\352\2249:I\203w\200\211\SGQ\370\361\367\235\210sr\037\032`/X%b\364\000\2261<\024n\271\n\247\213\340ngjzz\321P\027\000\000\000\000\000\000\000\000\000\000\000\000\000\000\000\000\000\000\000\000\000\000\000\000\000\000\000\000\000\000\000\000P\031\025{\341\203\016\355Wm\222\t\022+\207\321\343}^\317s\206\320\316\221\322\t\214\257\211\366S\177\277s!\002\347\243J\206W\025ML\260\226\0163\217\250\337\325W\253\356*O\245Z\271\234\207C\274\375`\335\311vF0D\002 3\323\342\363\2431\355\230\200#-\335\375\216J\232H\345\n\03196\2305\256\027\024\361\306\330\345\364\002 \000\251\244.)]>L\004\237_IJ\373C\262\330\311<\212\251Nr6\315\250\277@O!\251\306""; ","validation: """"\200\000\000\001&\000\000\000\023)/\352\2249:I\203w\200\211\SGQ\370\361\367\235\210sr\037\032`/X%b\364\000\2261<\024n\271\n\247\213\340ngjzz\321P\027\000\000\000\000\000\000\000\000\000\000\000\000\000\000\000\000\000\000\000\000\000\000\000\000\000\000\000\000\000\000\000\000P\031\025{\341\203\016\355Wm\222\t\022+\207\321\343}^\317s\206\320\316\221\322\t\214\257\211\366S\177\277s!\002\347\243J\206W\025ML\260\226\0163\217\250\337\325W\253\356*O\245Z\271\234\207C\274\375`\335\311vF0D\002 3\323\342\363\2431\355\230\200#-\335\375\216J\232H\345\n\03196\2305\256\027\024\361\306\330\345\364\002 \000\251\244.)]>L\004\237_IJ\373C\262\330\311<\212\251Nr6\315\250\277@O!\251\306""; "
1750587321031,1750587321031,0,1,4,2,TMValidation,"validation: """"\200\000\000\001&\000\000\000\023)/\352\2249:I\203w\200\211\SGQ\370\361\367\235\210sr\037\032`/X%b\364\000\2261<\024n\271\n\247\213\340ngjzz\321P\027\000\000\000\000\000\000\000\000\000\000\000\000\000\000\000\000\000\000\000\000\000\000\000\000\000\000\000\000\000\000\000\000P\031\025{\341\203\016\355Wm\222\t\022+\207\321\343}^\317s\206\320\316\221\322\t\214\257\211\366S\177\277s!\002\347\243J\206W\025ML\260\226\0163\217\250\337\325W\253\356*O\245Z\271\234\207C\274\375`\335\311vF0D\002 3\323\342\363\2431\355\230\200#-\335\375\216J\232H\345\n\03196\2305\256\027\024\361\306\330\345\364\002 \000\251\244.)]>L\004\237_IJ\373C\262\330\311<\212\251Nr6\315\250\277@O!\251\306""; ","validation: """"\200\000\000\001&\000\000\000\023)/\352\2249:I\203w\200\211\SGQ\370\361\367\235\210sr\037\032`/X%b\364\000\2261<\024n\271\n\247\213\340ngjzz\321P\027\000\000\000\000\000\000\000\000\000\000\000\000\000\000\000\000\000\000\000\000\000\000\000\000\000\000\000\000\000\000\000\000P\031\025{\341\203\016\355Wm\222\t\022+\207\321\343}^\317s\206\320\316\221\322\t\214\257\211\366S\177\277s!\002\347\243J\206W\025ML\260\226\0163\217\250\337\325W\253\356*O\245Z\271\234\207C\274\375`\335\311vF0D\002 3\323\342\363\2431\355\230\200#-\335\375\216J\232H\345\n\03196\2305\256\027\024\361\306\330\345\364\002 \000\251\244.)]>L\004\237_IJ\373C\262\330\311<\212\251Nr6\315\250\277@O!\251\306""; "
1750587321032,1750587321032,0,1,4,0,TMValidation,"validation: """"\200\000\000\001&\000\000\000\023)/\352\2249:I\203w\200\211\SGQ\370\361\367\235\210sr\037\032`/X%b\364\000\2261<\024n\271\n\247\213\340ngjzz\321P\027\000\000\000\000\000\000\000\000\000\000\000\000\000\000\000\000\000\000\000\000\000\000\000\000\000\000\000\000\000\000\000\000P\031\025{\341\203\016\355Wm\222\t\022+\207\321\343}^\317s\206\320\316\221\322\t\214\257\211\366S\177\277s!\002\347\243J\206W\025ML\260\226\0163\217\250\337\325W\253\356*O\245Z\271\234\207C\274\375`\335\311vF0D\002 3\323\342\363\2431\355\230\200#-\335\375\216J\232H\345\n\03196\2305\256\027\024\361\306\330\345\364\002 \000\251\244.)]>L\004\237_IJ\373C\262\330\311<\212\251Nr6\315\250\277@O!\251\306""; ","validation: """"\200\000\000\001&\000\000\000\023)/\352\2249:I\203w\200\211\SGQ\370\361\367\235\210sr\037\032`/X%b\364\000\2261<\024n\271\n\247\213\340ngjzz\321P\027\000\000\000\000\000\000\000\000\000\000\000\000\000\000\000\000\000\000\000\000\000\000\000\000\000\000\000\000\000\000\000\000P\031\025{\341\203\016\355Wm\222\t\022+\207\321\343}^\317s\206\320\316\221\322\t\214\257\211\366S\177\277s!\002\347\243J\206W\025ML\260\226\0163\217\250\337\325W\253\356*O\245Z\271\234\207C\274\375`\335\311vF0D\002 3\323\342\363\2431\355\230\200#-\335\375\216J\232H\345\n\03196\2305\256\027\024\361\306\330\345\364\002 \000\251\244.)]>L\004\237_IJ\373C\262\330\311<\212\251Nr6\315\250\277@O!\251\306""; "
1750587321033,1750587321033,0,1,2,3,TMValidation,"validation: """"\200\000\000\001&\000\000\000\023)/\352\2249:I\203w\200\211\SGQ\370\361\367\235\210sr\037\032`/X%b\364\000\2261<\024n\271\n\247\213\340ngjzz\321P\027\000\000\000\000\000\000\000\000\000\000\000\000\000\000\000\000\000\000\000\000\000\000\000\000\000\000\000\000\000\000\000\000P\031\025{\341\203\016\355Wm\222\t\022+\207\321\343}^\317s\206\320\316\221\322\t\214\257\211\366S\177\277s!\002\347\243J\206W\025ML\260\226\0163\217\250\337\325W\253\356*O\245Z\271\234\207C\274\375`\335\311vF0D\002 3\323\342\363\2431\355\230\200#-\335\375\216J\232H\345\n\03196\2305\256\027\024\361\306\330\345\364\002 \000\251\244.)]>L\004\237_IJ\373C\262\330\311<\212\251Nr6\315\250\277@O!\251\306""; ","validation: """"\200\000\000\001&\000\000\000\023)/\352\2249:I\203w\200\211\SGQ\370\361\367\235\210sr\037\032`/X%b\364\000\2261<\024n\271\n\247\213\340ngjzz\321P\027\000\000\000\000\000\000\000\000\000\000\000\000\000\000\000\000\000\000\000\000\000\000\000\000\000\000\000\000\000\000\000\000P\031\025{\341\203\016\355Wm\222\t\022+\207\321\343}^\317s\206\320\316\221\322\t\214\257\211\366S\177\277s!\002\347\243J\206W\025ML\260\226\0163\217\250\337\325W\253\356*O\245Z\271\234\207C\274\375`\335\311vF0D\002 3\323\342\363\2431\355\230\200#-\335\375\216J\232H\345\n\03196\2305\256\027\024\361\306\330\345\364\002 \000\251\244.)]>L\004\237_IJ\373C\262\330\311<\212\251Nr6\315\250\277@O!\251\306""; "
1750587321033,1750587321033,0,1,2,0,TMValidation,"validation: """"\200\000\000\001&\000\000\000\023)/\352\2249:I\203w\200\211\SGQ\370\361\367\235\210sr\037\032`/X%b\364\000\2261<\024n\271\n\247\213\340ngjzz\321P\027\000\000\000\000\000\000\000\000\000\000\000\000\000\000\000\000\000\000\000\000\000\000\000\000\000\000\000\000\000\000\000\000P\031\025{\341\203\016\355Wm\222\t\022+\207\321\343}^\317s\206\320\316\221\322\t\214\257\211\366S\177\277s!\002\347\243J\206W\025ML\260\226\0163\217\250\337\325W\253\356*O\245Z\271\234\207C\274\375`\335\311vF0D\002 3\323\342\363\2431\355\230\200#-\335\375\216J\232H\345\n\03196\2305\256\027\024\361\306\330\345\364\002 \000\251\244.)]>L\004\237_IJ\373C\262\330\311<\212\251Nr6\315\250\277@O!\251\306""; ","validation: """"\200\000\000\001&\000\000\000\023)/\352\2249:I\203w\200\211\SGQ\370\361\367\235\210sr\037\032`/X%b\364\000\2261<\024n\271\n\247\213\340ngjzz\321P\027\000\000\000\000\000\000\000\000\000\000\000\000\000\000\000\000\000\000\000\000\000\000\000\000\000\000\000\000\000\000\000\000P\031\025{\341\203\016\355Wm\222\t\022+\207\321\343}^\317s\206\320\316\221\322\t\214\257\211\366S\177\277s!\002\347\243J\206W\025ML\260\226\0163\217\250\337\325W\253\356*O\245Z\271\234\207C\274\375`\335\311vF0D\002 3\323\342\363\2431\355\230\200#-\335\375\216J\232H\345\n\03196\2305\256\027\024\361\306\330\345\364\002 \000\251\244.)]>L\004\237_IJ\373C\262\330\311<\212\251Nr6\315\250\277@O!\251\306""; "
1750587321033,1750587321033,0,1,2,4,TMValidation,"validation: """"\200\000\000\001&\000\000\000\023)/\352\2249:I\203w\200\211\SGQ\370\361\367\235\210sr\037\032`/X%b\364\000\2261<\024n\271\n\247\213\340ngjzz\321P\027\000\000\000\000\000\000\000\000\000\000\000\000\000\000\000\000\000\000\000\000\000\000\000\000\000\000\000\000\000\000\000\000P\031\025{\341\203\016\355Wm\222\t\022+\207\321\343}^\317s\206\320\316\221\322\t\214\257\211\366S\177\277s!\002\347\243J\206W\025ML\260\226\0163\217\250\337\325W\253\356*O\245Z\271\234\207C\274\375`\335\311vF0D\002 3\323\342\363\2431\355\230\200#-\335\375\216J\232H\345\n\03196\2305\256\027\024\361\306\330\345\364\002 \000\251\244.)]>L\004\237_IJ\373C\262\330\311<\212\251Nr6\315\250\277@O!\251\306""; ","validation: """"\200\000\000\001&\000\000\000\023)/\352\2249:I\203w\200\211\SGQ\370\361\367\235\210sr\037\032`/X%b\364\000\2261<\024n\271\n\247\213\340ngjzz\321P\027\000\000\000\000\000\000\000\000\000\000\000\000\000\000\000\000\000\000\000\000\000\000\000\000\000\000\000\000\000\000\000\000P\031\025{\341\203\016\355Wm\222\t\022+\207\321\343}^\317s\206\320\316\221\322\t\214\257\211\366S\177\277s!\002\347\243J\206W\025ML\260\226\0163\217\250\337\325W\253\356*O\245Z\271\234\207C\274\375`\335\311vF0D\002 3\323\342\363\2431\355\230\200#-\335\375\216J\232H\345\n\03196\2305\256\027\024\361\306\330\345\364\002 \000\251\244.)]>L\004\237_IJ\373C\262\330\311<\212\251Nr6\315\250\277@O!\251\306""; "
1750587321035,1750587321035,0,1,3,4,TMValidation,"validation: """"\200\000\000\001&\000\000\000\023)/\352\2249:I\203w\200\211\SGQ\370\361\367\235\210sr\037\032`/X%b\364\000\2261<\024n\271\n\247\213\340ngjzz\321P\027\000\000\000\000\000\000\000\000\000\000\000\000\000\000\000\000\000\000\000\000\000\000\000\000\000\000\000\000\000\000\000\000P\031\025{\341\203\016\355Wm\222\t\022+\207\321\343}^\317s\206\320\316\221\322\t\214\257\211\366S\177\277s!\002\347\243J\206W\025ML\260\226\0163\217\250\337\325W\253\356*O\245Z\271\234\207C\274\375`\335\311vF0D\002 3\323\342\363\2431\355\230\200#-\335\375\216J\232H\345\n\03196\2305\256\027\024\361\306\330\345\364\002 \000\251\244.)]>L\004\237_IJ\373C\262\330\311<\212\251Nr6\315\250\277@O!\251\306""; ","validation: """"\200\000\000\001&\000\000\000\023)/\352\2249:I\203w\200\211\SGQ\370\361\367\235\210sr\037\032`/X%b\364\000\2261<\024n\271\n\247\213\340ngjzz\321P\027\000\000\000\000\000\000\000\000\000\000\000\000\000\000\000\000\000\000\000\000\000\000\000\000\000\000\000\000\000\000\000\000P\031\025{\341\203\016\355Wm\222\t\022+\207\321\343}^\317s\206\320\316\221\322\t\214\257\211\366S\177\277s!\002\347\243J\206W\025ML\260\226\0163\217\250\337\325W\253\356*O\245Z\271\234\207C\274\375`\335\311vF0D\002 3\323\342\363\2431\355\230\200#-\335\375\216J\232H\345\n\03196\2305\256\027\024\361\306\330\345\364\002 \000\251\244.)]>L\004\237_IJ\373C\262\330\311<\212\251Nr6\315\250\277@O!\251\306""; "
1750587321035,1750587321035,0,1,3,2,TMValidation,"validation: """"\200\000\000\001&\000\000\000\023)/\352\2249:I\203w\200\211\SGQ\370\361\367\235\210sr\037\032`/X%b\364\000\2261<\024n\271\n\247\213\340ngjzz\321P\027\000\000\000\000\000\000\000\000\000\000\000\000\000\000\000\000\000\000\000\000\000\000\000\000\000\000\000\000\000\000\000\000P\031\025{\341\203\016\355Wm\222\t\022+\207\321\343}^\317s\206\320\316\221\322\t\214\257\211\366S\177\277s!\002\347\243J\206W\025ML\260\226\0163\217\250\337\325W\253\356*O\245Z\271\234\207C\274\375`\335\311vF0D\002 3\323\342\363\2431\355\230\200#-\335\375\216J\232H\345\n\03196\2305\256\027\024\361\306\330\345\364\002 \000\251\244.)]>L\004\237_IJ\373C\262\330\311<\212\251Nr6\315\250\277@O!\251\306""; ","validation: """"\200\000\000\001&\000\000\000\023)/\352\2249:I\203w\200\211\SGQ\370\361\367\235\210sr\037\032`/X%b\364\000\2261<\024n\271\n\247\213\340ngjzz\321P\027\000\000\000\000\000\000\000\000\000\000\000\000\000\000\000\000\000\000\000\000\000\000\000\000\000\000\000\000\000\000\000\000P\031\025{\341\203\016\355Wm\222\t\022+\207\321\343}^\317s\206\320\316\221\322\t\214\257\211\366S\177\277s!\002\347\243J\206W\025ML\260\226\0163\217\250\337\325W\253\356*O\245Z\271\234\207C\274\375`\335\311vF0D\002 3\323\342\363\2431\355\230\200#-\335\375\216J\232H\345\n\03196\2305\256\027\024\361\306\330\345\364\002 \000\251\244.)]>L\004\237_IJ\373C\262\330\311<\212\251Nr6\315\250\277@O!\251\306""; "
1750587321035,1750587321035,0,1,3,0,TMValidation,"validation: """"\200\000\000\001&\000\000\000\023)/\352\2249:I\203w\200\211\SGQ\370\361\367\235\210sr\037\032`/X%b\364\000\2261<\024n\271\n\247\213\340ngjzz\321P\027\000\000\000\000\000\000\000\000\000\000\000\000\000\000\000\000\000\000\000\000\000\000\000\000\000\000\000\000\000\000\000\000P\031\025{\341\203\016\355Wm\222\t\022+\207\321\343}^\317s\206\320\316\221\322\t\214\257\211\366S\177\277s!\002\347\243J\206W\025ML\260\226\0163\217\250\337\325W\253\356*O\245Z\271\234\207C\274\375`\335\311vF0D\002 3\323\342\363\2431\355\230\200#-\335\375\216J\232H\345\n\03196\2305\256\027\024\361\306\330\345\364\002 \000\251\244.)]>L\004\237_IJ\373C\262\330\311<\212\251Nr6\315\250\277@O!\251\306""; ","validation: """"\200\000\000\001&\000\000\000\023)/\352\2249:I\203w\200\211\SGQ\370\361\367\235\210sr\037\032`/X%b\364\000\2261<\024n\271\n\247\213\340ngjzz\321P\027\000\000\000\000\000\000\000\000\000\000\000\000\000\000\000\000\000\000\000\000\000\000\000\000\000\000\000\000\000\000\000\000P\031\025{\341\203\016\355Wm\222\t\022+\207\321\343}^\317s\206\320\316\221\322\t\214\257\211\366S\177\277s!\002\347\243J\206W\025ML\260\226\0163\217\250\337\325W\253\356*O\245Z\271\234\207C\274\375`\335\311vF0D\002 3\323\342\363\2431\355\230\200#-\335\375\216J\232H\345\n\03196\2305\256\027\024\361\306\330\345\364\002 \000\251\244.)]>L\004\237_IJ\373C\262\330\311<\212\251Nr6\315\250\277@O!\251\306""; "
1750587321036,1750587321036,0,1,0,4,TMValidation,"validation: """"\200\000\000\001&\000\000\000\023)/\352\2249:I\203w\200\211\SGQ\370\361\367\235\210sr\037\032`/X%b\364\000\2261<\024n\271\n\247\213\340ngjzz\321P\027\000\000\000\000\000\000\000\000\000\000\000\000\000\000\000\000\000\000\000\000\000\000\000\000\000\000\000\000\000\000\000\000P\031\025{\341\203\016\355Wm\222\t\022+\207\321\343}^\317s\206\320\316\221\322\t\214\257\211\366S\177\277s!\002\347\243J\206W\025ML\260\226\0163\217\250\337\325W\253\356*O\245Z\271\234\207C\274\375`\335\311vF0D\002 3\323\342\363\2431\355\230\200#-\335\375\216J\232H\345\n\03196\2305\256\027\024\361\306\330\345\364\002 \000\251\244.)]>L\004\237_IJ\373C\262\330\311<\212\251Nr6\315\250\277@O!\251\306""; ","validation: """"\200\000\000\001&\000\000\000\023)/\352\2249:I\203w\200\211\SGQ\370\361\367\235\210sr\037\032`/X%b\364\000\2261<\024n\271\n\247\213\340ngjzz\321P\027\000\000\000\000\000\000\000\000\000\000\000\000\000\000\000\000\000\000\000\000\000\000\000\000\000\000\000\000\000\000\000\000P\031\025{\341\203\016\355Wm\222\t\022+\207\321\343}^\317s\206\320\316\221\322\t\214\257\211\366S\177\277s!\002\347\243J\206W\025ML\260\226\0163\217\250\337\325W\253\356*O\245Z\271\234\207C\274\375`\335\311vF0D\002 3\323\342\363\2431\355\230\200#-\335\375\216J\232H\345\n\03196\2305\256\027\024\361\306\330\345\364\002 \000\251\244.)]>L\004\237_IJ\373C\262\330\311<\212\251Nr6\315\250\277@O!\251\306""; "
1750587321037,1750587321037,0,1,0,2,TMValidation,"validation: """"\200\000\000\001&\000\000\000\023)/\352\2249:I\203w\200\211\SGQ\370\361\367\235\210sr\037\032`/X%b\364\000\2261<\024n\271\n\247\213\340ngjzz\321P\027\000\000\000\000\000\000\000\000\000\000\000\000\000\000\000\000\000\000\000\000\000\000\000\000\000\000\000\000\000\000\000\000P\031\025{\341\203\016\355Wm\222\t\022+\207\321\343}^\317s\206\320\316\221\322\t\214\257\211\366S\177\277s!\002\347\243J\206W\025ML\260\226\0163\217\250\337\325W\253\356*O\245Z\271\234\207C\274\375`\335\311vF0D\002 3\323\342\363\2431\355\230\200#-\335\375\216J\232H\345\n\03196\2305\256\027\024\361\306\330\345\364\002 \000\251\244.)]>L\004\237_IJ\373C\262\330\311<\212\251Nr6\315\250\277@O!\251\306""; ","validation: """"\200\000\000\001&\000\000\000\023)/\352\2249:I\203w\200\211\SGQ\370\361\367\235\210sr\037\032`/X%b\364\000\2261<\024n\271\n\247\213\340ngjzz\321P\027\000\000\000\000\000\000\000\000\000\000\000\000\000\000\000\000\000\000\000\000\000\000\000\000\000\000\000\000\000\000\000\000P\031\025{\341\203\016\355Wm\222\t\022+\207\321\343}^\317s\206\320\316\221\322\t\214\257\211\366S\177\277s!\002\347\243J\206W\025ML\260\226\0163\217\250\337\325W\253\356*O\245Z\271\234\207C\274\375`\335\311vF0D\002 3\323\342\363\2431\355\230\200#-\335\375\216J\232H\345\n\03196\2305\256\027\024\361\306\330\345\364\002 \000\251\244.)]>L\004\237_IJ\373C\262\330\311<\212\251Nr6\315\250\277@O!\251\306""; "
1750587321039,1750587321039,0,1,0,3,TMValidation,"validation: """"\200\000\000\001&\000\000\000\023)/\352\2249:I\203w\200\211\SGQ\370\361\367\235\210sr\037\032`/X%b\364\000\2261<\024n\271\n\247\213\340ngjzz\321P\027\000\000\000\000\000\000\000\000\000\000\000\000\000\000\000\000\000\000\000\000\000\000\000\000\000\000\000\000\000\000\000\000P\031\025{\341\203\016\355Wm\222\t\022+\207\321\343}^\317s\206\320\316\221\322\t\214\257\211\366S\177\277s!\002\347\243J\206W\025ML\260\226\0163\217\250\337\325W\253\356*O\245Z\271\234\207C\274\375`\335\311vF0D\002 3\323\342\363\2431\355\230\200#-\335\375\216J\232H\345\n\03196\2305\256\027\024\361\306\330\345\364\002 \000\251\244.)]>L\004\237_IJ\373C\262\330\311<\212\251Nr6\315\250\277@O!\251\306""; ","validation: """"\200\000\000\001&\000\000\000\023)/\352\2249:I\203w\200\211\SGQ\370\361\367\235\210sr\037\032`/X%b\364\000\2261<\024n\271\n\247\213\340ngjzz\321P\027\000\000\000\000\000\000\000\000\000\000\000\000\000\000\000\000\000\000\000\000\000\000\000\000\000\000\000\000\000\000\000\000P\031\025{\341\203\016\355Wm\222\t\022+\207\321\343}^\317s\206\320\316\221\322\t\214\257\211\366S\177\277s!\002\347\243J\206W\025ML\260\226\0163\217\250\337\325W\253\356*O\245Z\271\234\207C\274\375`\335\311vF0D\002 3\323\342\363\2431\355\230\200#-\335\375\216J\232H\345\n\03196\2305\256\027\024\361\306\330\345\364\002 \000\251\244.)]>L\004\237_IJ\373C\262\330\311<\212\251Nr6\315\250\277@O!\251\306""; "
1750587321303,1750587321303,0,1,2,3,TMStatusChange,"newEvent: neACCEPTED_LEDGER; ledgerSeq: 19; ledgerHash: ""\370\361\367\235\210sr\037\032`/X%b\364\000\2261<\024n\271\n\247\213\340ngjzz\321""; ledgerHashPrevious: ""\025{\341\203\016\355Wm\222\t\022+\207\321\343}^\317s\206\320\316\221\322\t\214\257\211\366S\177\277""; networkTime: 803902521; firstSeq: 1; lastSeq: 18; ","newEvent: neACCEPTED_LEDGER; ledgerSeq: 19; ledgerHash: ""\370\361\367\235\210sr\037\032`/X%b\364\000\2261<\024n\271\n\247\213\340ngjzz\321""; ledgerHashPrevious: ""\025{\341\203\016\355Wm\222\t\022+\207\321\343}^\317s\206\320\316\221\322\t\214\257\211\366S\177\277""; networkTime: 803902521; firstSeq: 1; lastSeq: 18; "
1750587321303,1750587321303,0,1,2,1,TMStatusChange,"newEvent: neACCEPTED_LEDGER; ledgerSeq: 19; ledgerHash: ""\370\361\367\235\210sr\037\032`/X%b\364\000\2261<\024n\271\n\247\213\340ngjzz\321""; ledgerHashPrevious: ""\025{\341\203\016\355Wm\222\t\022+\207\321\343}^\317s\206\320\316\221\322\t\214\257\211\366S\177\277""; networkTime: 803902521; firstSeq: 1; lastSeq: 18; ","newEvent: neACCEPTED_LEDGER; ledgerSeq: 19; ledgerHash: ""\370\361\367\235\210sr\037\032`/X%b\364\000\2261<\024n\271\n\247\213\340ngjzz\321""; ledgerHashPrevious: ""\025{\341\203\016\355Wm\222\t\022+\207\321\343}^\317s\206\320\316\221\322\t\214\257\211\366S\177\277""; networkTime: 803902521; firstSeq: 1; lastSeq: 18; "
1750587321303,1750587321303,0,1,2,4,TMStatusChange,"newEvent: neACCEPTED_LEDGER; ledgerSeq: 19; ledgerHash: ""\370\361\367\235\210sr\037\032`/X%b\364\000\2261<\024n\271\n\247\213\340ngjzz\321""; ledgerHashPrevious: ""\025{\341\203\016\355Wm\222\t\022+\207\321\343}^\317s\206\320\316\221\322\t\214\257\211\366S\177\277""; networkTime: 803902521; firstSeq: 1; lastSeq: 18; ","newEvent: neACCEPTED_LEDGER; ledgerSeq: 19; ledgerHash: ""\370\361\367\235\210sr\037\032`/X%b\364\000\2261<\024n\271\n\247\213\340ngjzz\321""; ledgerHashPrevious: ""\025{\341\203\016\355Wm\222\t\022+\207\321\343}^\317s\206\320\316\221\322\t\214\257\211\366S\177\277""; networkTime: 803902521; firstSeq: 1; lastSeq: 18; "
1750587321304,1750587321304,0,1,2,0,TMStatusChange,"newEvent: neACCEPTED_LEDGER; ledgerSeq: 19; ledgerHash: ""\370\361\367\235\210sr\037\032`/X%b\364\000\2261<\024n\271\n\247\213\340ngjzz\321""; ledgerHashPrevious: ""\025{\341\203\016\355Wm\222\t\022+\207\321\343}^\317s\206\320\316\221\322\t\214\257\211\366S\177\277""; networkTime: 803902521; firstSeq: 1; lastSeq: 18; ","newEvent: neACCEPTED_LEDGER; ledgerSeq: 19; ledgerHash: ""\370\361\367\235\210sr\037\032`/X%b\364\000\2261<\024n\271\n\247\213\340ngjzz\321""; ledgerHashPrevious: ""\025{\341\203\016\355Wm\222\t\022+\207\321\343}^\317s\206\320\316\221\322\t\214\257\211\366S\177\277""; networkTime: 803902521; firstSeq: 1; lastSeq: 18; "
1750587321346,1750587321347,0,1,2,4,TMValidation,"validation: """"\200\000\000\001&\000\000\000\023)/\352\2249:Q\231\304\227'3\313\030Q\370\361\367\235\210sr\037\032`/X%b\364\000\2261<\024n\271\n\247\213\340ngjzz\321P\027\000\000\000\000\000\000\000\000\000\000\000\000\000\000\000\000\000\000\000\000\000\000\000\000\000\000\000\000\000\000\000\000P\031\025{\341\203\016\355Wm\222\t\022+\207\321\343}^\317s\206\320\316\221\322\t\214\257\211\366S\177\277s!\003ql\302)\235\321\t\213\224\356\374%%\311\327\037\374\304\t\335\2359\344\233\035]\347<u\236\364\222vG0E\002!\000\354GL\362\304U\330\177H\211\013\006\317}\010\035\326\211\276\246\375\244\213\210\262\006]\272\305\250\217\356\002 3b\254\360fdW\344<\214-)c\341\262\343\300]`\002\264\340\220\n7\367I\204\337\214NE""; ","validation: """"\200\000\000\001&\000\000\000\023)/\352\2249:Q\231\304\227'3\313\030Q\370\361\367\235\210sr\037\032`/X%b\364\000\2261<\024n\271\n\247\213\340ngjzz\321P\027\000\000\000\000\000\000\000\000\000\000\000\000\000\000\000\000\000\000\000\000\000\000\000\000\000\000\000\000\000\000\000\000P\031\025{\341\203\016\355Wm\222\t\022+\207\321\343}^\317s\206\320\316\221\322\t\214\257\211\366S\177\277s!\003ql\302)\235\321\t\213\224\356\374%%\311\327\037\374\304\t\335\2359\344\233\035]\347<u\236\364\222vG0E\002!\000\354GL\362\304U\330\177H\211\013\006\317}\010\035\326\211\276\246\375\244\213\210\262\006]\272\305\250\217\356\002 3b\254\360fdW\344<\214-)c\341\262\343\300]`\002\264\340\220\n7\367I\204\337\214NE""; "
1750587321347,1750587321347,0,1,2,1,TMValidation,"validation: """"\200\000\000\001&\000\000\000\023)/\352\2249:Q\231\304\227'3\313\030Q\370\361\367\235\210sr\037\032`/X%b\364\000\2261<\024n\271\n\247\213\340ngjzz\321P\027\000\000\000\000\000\000\000\000\000\000\000\000\000\000\000\000\000\000\000\000\000\000\000\000\000\000\000\000\000\000\000\000P\031\025{\341\203\016\355Wm\222\t\022+\207\321\343}^\317s\206\320\316\221\322\t\214\257\211\366S\177\277s!\003ql\302)\235\321\t\213\224\356\374%%\311\327\037\374\304\t\335\2359\344\233\035]\347<u\236\364\222vG0E\002!\000\354GL\362\304U\330\177H\211\013\006\317}\010\035\326\211\276\246\375\244\213\210\262\006]\272\305\250\217\356\002 3b\254\360fdW\344<\214-)c\341\262\343\300]`\002\264\340\220\n7\367I\204\337\214NE""; ","validation: """"\200\000\000\001&\000\000\000\023)/\352\2249:Q\231\304\227'3\313\030Q\370\361\367\235\210sr\037\032`/X%b\364\000\2261<\024n\271\n\247\213\340ngjzz\321P\027\000\000\000\000\000\000\000\000\000\000\000\000\000\000\000\000\000\000\000\000\000\000\000\000\000\000\000\000\000\000\000\000P\031\025{\341\203\016\355Wm\222\t\022+\207\321\343}^\317s\206\320\316\221\322\t\214\257\211\366S\177\277s!\003ql\302)\235\321\t\213\224\356\374%%\311\327\037\374\304\t\335\2359\344\233\035]\347<u\236\364\222vG0E\002!\000\354GL\362\304U\330\177H\211\013\006\317}\010\035\326\211\276\246\375\244\213\210\262\006]\272\305\250\217\356\002 3b\254\360fdW\344<\214-)c\341\262\343\300]`\002\264\340\220\n7\367I\204\337\214NE""; "
1750587321347,1750587321347,0,1,2,0,TMValidation,"validation: """"\200\000\000\001&\000\000\000\023)/\352\2249:Q\231\304\227'3\313\030Q\370\361\367\235\210sr\037\032`/X%b\364\000\2261<\024n\271\n\247\213\340ngjzz\321P\027\000\000\000\000\000\000\000\000\000\000\000\000\000\000\000\000\000\000\000\000\000\000\000\000\000\000\000\000\000\000\000\000P\031\025{\341\203\016\355Wm\222\t\022+\207\321\343}^\317s\206\320\316\221\322\t\214\257\211\366S\177\277s!\003ql\302)\235\321\t\213\224\356\374%%\311\327\037\374\304\t\335\2359\344\233\035]\347<u\236\364\222vG0E\002!\000\354GL\362\304U\330\177H\211\013\006\317}\010\035\326\211\276\246\375\244\213\210\262\006]\272\305\250\217\356\002 3b\254\360fdW\344<\214-)c\341\262\343\300]`\002\264\340\220\n7\367I\204\337\214NE""; ","validation: """"\200\000\000\001&\000\000\000\023)/\352\2249:Q\231\304\227'3\313\030Q\370\361\367\235\210sr\037\032`/X%b\364\000\2261<\024n\271\n\247\213\340ngjzz\321P\027\000\000\000\000\000\000\000\000\000\000\000\000\000\000\000\000\000\000\000\000\000\000\000\000\000\000\000\000\000\000\000\000P\031\025{\341\203\016\355Wm\222\t\022+\207\321\343}^\317s\206\320\316\221\322\t\214\257\211\366S\177\277s!\003ql\302)\235\321\t\213\224\356\374%%\311\327\037\374\304\t\335\2359\344\233\035]\347<u\236\364\222vG0E\002!\000\354GL\362\304U\330\177H\211\013\006\317}\010\035\326\211\276\246\375\244\213\210\262\006]\272\305\250\217\356\002 3b\254\360fdW\344<\214-)c\341\262\343\300]`\002\264\340\220\n7\367I\204\337\214NE""; "
1750587321347,1750587321347,0,1,2,3,TMValidation,"validation: """"\200\000\000\001&\000\000\000\023)/\352\2249:Q\231\304\227'3\313\030Q\370\361\367\235\210sr\037\032`/X%b\364\000\2261<\024n\271\n\247\213\340ngjzz\321P\027\000\000\000\000\000\000\000\000\000\000\000\000\000\000\000\000\000\000\000\000\000\000\000\000\000\000\000\000\000\000\000\000P\031\025{\341\203\016\355Wm\222\t\022+\207\321\343}^\317s\206\320\316\221\322\t\214\257\211\366S\177\277s!\003ql\302)\235\321\t\213\224\356\374%%\311\327\037\374\304\t\335\2359\344\233\035]\347<u\236\364\222vG0E\002!\000\354GL\362\304U\330\177H\211\013\006\317}\010\035\326\211\276\246\375\244\213\210\262\006]\272\305\250\217\356\002 3b\254\360fdW\344<\214-)c\341\262\343\300]`\002\264\340\220\n7\367I\204\337\214NE""; ","validation: """"\200\000\000\001&\000\000\000\023)/\352\2249:Q\231\304\227'3\313\030Q\370\361\367\235\210sr\037\032`/X%b\364\000\2261<\024n\271\n\247\213\340ngjzz\321P\027\000\000\000\000\000\000\000\000\000\000\000\000\000\000\000\000\000\000\000\000\000\000\000\000\000\000\000\000\000\000\000\000P\031\025{\341\203\016\355Wm\222\t\022+\207\321\343}^\317s\206\320\316\221\322\t\214\257\211\366S\177\277s!\003ql\302)\235\321\t\213\224\356\374%%\311\327\037\374\304\t\335\2359\344\233\035]\347<u\236\364\222vG0E\002!\000\354GL\362\304U\330\177H\211\013\006\317}\010\035\326\211\276\246\375\244\213\210\262\006]\272\305\250\217\356\002 3b\254\360fdW\344<\214-)c\341\262\343\300]`\002\264\340\220\n7\367I\204\337\214NE""; "
1750587321349,1750587321349,0,1,4,3,TMValidation,"validation: """"\200\000\000\001&\000\000\000\023)/\352\2249:Q\231\304\227'3\313\030Q\370\361\367\235\210sr\037\032`/X%b\364\000\2261<\024n\271\n\247\213\340ngjzz\321P\027\000\000\000\000\000\000\000\000\000\000\000\000\000\000\000\000\000\000\000\000\000\000\000\000\000\000\000\000\000\000\000\000P\031\025{\341\203\016\355Wm\222\t\022+\207\321\343}^\317s\206\320\316\221\322\t\214\257\211\366S\177\277s!\003ql\302)\235\321\t\213\224\356\374%%\311\327\037\374\304\t\335\2359\344\233\035]\347<u\236\364\222vG0E\002!\000\354GL\362\304U\330\177H\211\013\006\317}\010\035\326\211\276\246\375\244\213\210\262\006]\272\305\250\217\356\002 3b\254\360fdW\344<\214-)c\341\262\343\300]`\002\264\340\220\n7\367I\204\337\214NE""; ","validation: """"\200\000\000\001&\000\000\000\023)/\352\2249:Q\231\304\227'3\313\030Q\370\361\367\235\210sr\037\032`/X%b\364\000\2261<\024n\271\n\247\213\340ngjzz\321P\027\000\000\000\000\000\000\000\000\000\000\000\000\000\000\000\000\000\000\000\000\000\000\000\000\000\000\000\000\000\000\000\000P\031\025{\341\203\016\355Wm\222\t\022+\207\321\343}^\317s\206\320\316\221\322\t\214\257\211\366S\177\277s!\003ql\302)\235\321\t\213\224\356\374%%\311\327\037\374\304\t\335\2359\344\233\035]\347<u\236\364\222vG0E\002!\000\354GL\362\304U\330\177H\211\013\006\317}\010\035\326\211\276\246\375\244\213\210\262\006]\272\305\250\217\356\002 3b\254\360fdW\344<\214-)c\341\262\343\300]`\002\264\340\220\n7\367I\204\337\214NE""; "
1750587321350,1750587321350,0,1,4,0,TMValidation,"validation: """"\200\000\000\001&\000\000\000\023)/\352\2249:Q\231\304\227'3\313\030Q\370\361\367\235\210sr\037\032`/X%b\364\000\2261<\024n\271\n\247\213\340ngjzz\321P\027\000\000\000\000\000\000\000\000\000\000\000\000\000\000\000\000\000\000\000\000\000\000\000\000\000\000\000\000\000\000\000\000P\031\025{\341\203\016\355Wm\222\t\022+\207\321\343}^\317s\206\320\316\221\322\t\214\257\211\366S\177\277s!\003ql\302)\235\321\t\213\224\356\374%%\311\327\037\374\304\t\335\2359\344\233\035]\347<u\236\364\222vG0E\002!\000\354GL\362\304U\330\177H\211\013\006\317}\010\035\326\211\276\246\375\244\213\210\262\006]\272\305\250\217\356\002 3b\254\360fdW\344<\214-)c\341\262\343\300]`\002\264\340\220\n7\367I\204\337\214NE""; ","validation: """"\200\000\000\001&\000\000\000\023)/\352\2249:Q\231\304\227'3\313\030Q\370\361\367\235\210sr\037\032`/X%b\364\000\2261<\024n\271\n\247\213\340ngjzz\321P\027\000\000\000\000\000\000\000\000\000\000\000\000\000\000\000\000\000\000\000\000\000\000\000\000\000\000\000\000\000\000\000\000P\031\025{\341\203\016\355Wm\222\t\022+\207\321\343}^\317s\206\320\316\221\322\t\214\257\211\366S\177\277s!\003ql\302)\235\321\t\213\224\356\374%%\311\327\037\374\304\t\335\2359\344\233\035]\347<u\236\364\222vG0E\002!\000\354GL\362\304U\330\177H\211\013\006\317}\010\035\326\211\276\246\375\244\213\210\262\006]\272\305\250\217\356\002 3b\254\360fdW\344<\214-)c\341\262\343\300]`\002\264\340\220\n7\367I\204\337\214NE""; "
1750587321350,1750587321350,0,1,4,1,TMValidation,"validation: """"\200\000\000\001&\000\000\000\023)/\352\2249:Q\231\304\227'3\313\030Q\370\361\367\235\210sr\037\032`/X%b\364\000\2261<\024n\271\n\247\213\340ngjzz\321P\027\000\000\000\000\000\000\000\000\000\000\000\000\000\000\000\000\000\000\000\000\000\000\000\000\000\000\000\000\000\000\000\000P\031\025{\341\203\016\355Wm\222\t\022+\207\321\343}^\317s\206\320\316\221\322\t\214\257\211\366S\177\277s!\003ql\302)\235\321\t\213\224\356\374%%\311\327\037\374\304\t\335\2359\344\233\035]\347<u\236\364\222vG0E\002!\000\354GL\362\304U\330\177H\211\013\006\317}\010\035\326\211\276\246\375\244\213\210\262\006]\272\305\250\217\356\002 3b\254\360fdW\344<\214-)c\341\262\343\300]`\002\264\340\220\n7\367I\204\337\214NE""; ","validation: """"\200\000\000\001&\000\000\000\023)/\352\2249:Q\231\304\227'3\313\030Q\370\361\367\235\210sr\037\032`/X%b\364\000\2261<\024n\271\n\247\213\340ngjzz\321P\027\000\000\000\000\000\000\000\000\000\000\000\000\000\000\000\000\000\000\000\000\000\000\000\000\000\000\000\000\000\000\000\000P\031\025{\341\203\016\355Wm\222\t\022+\207\321\343}^\317s\206\320\316\221\322\t\214\257\211\366S\177\277s!\003ql\302)\235\321\t\213\224\356\374%%\311\327\037\374\304\t\335\2359\344\233\035]\347<u\236\364\222vG0E\002!\000\354GL\362\304U\330\177H\211\013\006\317}\010\035\326\211\276\246\375\244\213\210\262\006]\272\305\250\217\356\002 3b\254\360fdW\344<\214-)c\341\262\343\300]`\002\264\340\220\n7\367I\204\337\214NE""; "
1750587321351,1750587321351,0,1,1,4,TMValidation,"validation: """"\200\000\000\001&\000\000\000\023)/\352\2249:Q\231\304\227'3\313\030Q\370\361\367\235\210sr\037\032`/X%b\364\000\2261<\024n\271\n\247\213\340ngjzz\321P\027\000\000\000\000\000\000\000\000\000\000\000\000\000\000\000\000\000\000\000\000\000\000\000\000\000\000\000\000\000\000\000\000P\031\025{\341\203\016\355Wm\222\t\022+\207\321\343}^\317s\206\320\316\221\322\t\214\257\211\366S\177\277s!\003ql\302)\235\321\t\213\224\356\374%%\311\327\037\374\304\t\335\2359\344\233\035]\347<u\236\364\222vG0E\002!\000\354GL\362\304U\330\177H\211\013\006\317}\010\035\326\211\276\246\375\244\213\210\262\006]\272\305\250\217\356\002 3b\254\360fdW\344<\214-)c\341\262\343\300]`\002\264\340\220\n7\367I\204\337\214NE""; ","validation: """"\200\000\000\001&\000\000\000\023)/\352\2249:Q\231\304\227'3\313\030Q\370\361\367\235\210sr\037\032`/X%b\364\000\2261<\024n\271\n\247\213\340ngjzz\321P\027\000\000\000\000\000\000\000\000\000\000\000\000\000\000\000\000\000\000\000\000\000\000\000\000\000\000\000\000\000\000\000\000P\031\025{\341\203\016\355Wm\222\t\022+\207\321\343}^\317s\206\320\316\221\322\t\214\257\211\366S\177\277s!\003ql\302)\235\321\t\213\224\356\374%%\311\327\037\374\304\t\335\2359\344\233\035]\347<u\236\364\222vG0E\002!\000\354GL\362\304U\330\177H\211\013\006\317}\010\035\326\211\276\246\375\244\213\210\262\006]\272\305\250\217\356\002 3b\254\360fdW\344<\214-)c\341\262\343\300]`\002\264\340\220\n7\367I\204\337\214NE""; "
1750587321351,1750587321351,0,1,1,0,TMValidation,"validation: """"\200\000\000\001&\000\000\000\023)/\352\2249:Q\231\304\227'3\313\030Q\370\361\367\235\210sr\037\032`/X%b\364\000\2261<\024n\271\n\247\213\340ngjzz\321P\027\000\000\000\000\000\000\000\000\000\000\000\000\000\000\000\000\000\000\000\000\000\000\000\000\000\000\000\000\000\000\000\000P\031\025{\341\203\016\355Wm\222\t\022+\207\321\343}^\317s\206\320\316\221\322\t\214\257\211\366S\177\277s!\003ql\302)\235\321\t\213\224\356\374%%\311\327\037\374\304\t\335\2359\344\233\035]\347<u\236\364\222vG0E\002!\000\354GL\362\304U\330\177H\211\013\006\317}\010\035\326\211\276\246\375\244\213\210\262\006]\272\305\250\217\356\002 3b\254\360fdW\344<\214-)c\341\262\343\300]`\002\264\340\220\n7\367I\204\337\214NE""; ","validation: """"\200\000\000\001&\000\000\000\023)/\352\2249:Q\231\304\227'3\313\030Q\370\361\367\235\210sr\037\032`/X%b\364\000\2261<\024n\271\n\247\213\340ngjzz\321P\027\000\000\000\000\000\000\000\000\000\000\000\000\000\000\000\000\000\000\000\000\000\000\000\000\000\000\000\000\000\000\000\000P\031\025{\341\203\016\355Wm\222\t\022+\207\321\343}^\317s\206\320\316\221\322\t\214\257\211\366S\177\277s!\003ql\302)\235\321\t\213\224\356\374%%\311\327\037\374\304\t\335\2359\344\233\035]\347<u\236\364\222vG0E\002!\000\354GL\362\304U\330\177H\211\013\006\317}\010\035\326\211\276\246\375\244\213\210\262\006]\272\305\250\217\356\002 3b\254\360fdW\344<\214-)c\341\262\343\300]`\002\264\340\220\n7\367I\204\337\214NE""; "
1750587321351,1750587321351,0,1,1,3,TMValidation,"validation: """"\200\000\000\001&\000\000\000\023)/\352\2249:Q\231\304\227'3\313\030Q\370\361\367\235\210sr\037\032`/X%b\364\000\2261<\024n\271\n\247\213\340ngjzz\321P\027\000\000\000\000\000\000\000\000\000\000\000\000\000\000\000\000\000\000\000\000\000\000\000\000\000\000\000\000\000\000\000\000P\031\025{\341\203\016\355Wm\222\t\022+\207\321\343}^\317s\206\320\316\221\322\t\214\257\211\366S\177\277s!\003ql\302)\235\321\t\213\224\356\374%%\311\327\037\374\304\t\335\2359\344\233\035]\347<u\236\364\222vG0E\002!\000\354GL\362\304U\330\177H\211\013\006\317}\010\035\326\211\276\246\375\244\213\210\262\006]\272\305\250\217\356\002 3b\254\360fdW\344<\214-)c\341\262\343\300]`\002\264\340\220\n7\367I\204\337\214NE""; ","validation: """"\200\000\000\001&\000\000\000\023)/\352\2249:Q\231\304\227'3\313\030Q\370\361\367\235\210sr\037\032`/X%b\364\000\2261<\024n\271\n\247\213\340ngjzz\321P\027\000\000\000\000\000\000\000\000\000\000\000\000\000\000\000\000\000\000\000\000\000\000\000\000\000\000\000\000\000\000\000\000P\031\025{\341\203\016\355Wm\222\t\022+\207\321\343}^\317s\206\320\316\221\322\t\214\257\211\366S\177\277s!\003ql\302)\235\321\t\213\224\356\374%%\311\327\037\374\304\t\335\2359\344\233\035]\347<u\236\364\222vG0E\002!\000\354GL\362\304U\330\177H\211\013\006\317}\010\035\326\211\276\246\375\244\213\210\262\006]\272\305\250\217\356\002 3b\254\360fdW\344<\214-)c\341\262\343\300]`\002\264\340\220\n7\367I\204\337\214NE""; "
1750587321352,1750587321352,0,1,0,1,TMValidation,"validation: """"\200\000\000\001&\000\000\000\023)/\352\2249:Q\231\304\227'3\313\030Q\370\361\367\235\210sr\037\032`/X%b\364\000\2261<\024n\271\n\247\213\340ngjzz\321P\027\000\000\000\000\000\000\000\000\000\000\000\000\000\000\000\000\000\000\000\000\000\000\000\000\000\000\000\000\000\000\000\000P\031\025{\341\203\016\355Wm\222\t\022+\207\321\343}^\317s\206\320\316\221\322\t\214\257\211\366S\177\277s!\003ql\302)\235\321\t\213\224\356\374%%\311\327\037\374\304\t\335\2359\344\233\035]\347<u\236\364\222vG0E\002!\000\354GL\362\304U\330\177H\211\013\006\317}\010\035\326\211\276\246\375\244\213\210\262\006]\272\305\250\217\356\002 3b\254\360fdW\344<\214-)c\341\262\343\300]`\002\264\340\220\n7\367I\204\337\214NE""; ","validation: """"\200\000\000\001&\000\000\000\023)/\352\2249:Q\231\304\227'3\313\030Q\370\361\367\235\210sr\037\032`/X%b\364\000\2261<\024n\271\n\247\213\340ngjzz\321P\027\000\000\000\000\000\000\000\000\000\000\000\000\000\000\000\000\000\000\000\000\000\000\000\000\000\000\000\000\000\000\000\000P\031\025{\341\203\016\355Wm\222\t\022+\207\321\343}^\317s\206\320\316\221\322\t\214\257\211\366S\177\277s!\003ql\302)\235\321\t\213\224\356\374%%\311\327\037\374\304\t\335\2359\344\233\035]\347<u\236\364\222vG0E\002!\000\354GL\362\304U\330\177H\211\013\006\317}\010\035\326\211\276\246\375\244\213\210\262\006]\272\305\250\217\356\002 3b\254\360fdW\344<\214-)c\341\262\343\300]`\002\264\340\220\n7\367I\204\337\214NE""; "
1750587321352,1750587321352,0,1,0,4,TMValidation,"validation: """"\200\000\000\001&\000\000\000\023)/\352\2249:Q\231\304\227'3\313\030Q\370\361\367\235\210sr\037\032`/X%b\364\000\2261<\024n\271\n\247\213\340ngjzz\321P\027\000\000\000\000\000\000\000\000\000\000\000\000\000\000\000\000\000\000\000\000\000\000\000\000\000\000\000\000\000\000\000\000P\031\025{\341\203\016\355Wm\222\t\022+\207\321\343}^\317s\206\320\316\221\322\t\214\257\211\366S\177\277s!\003ql\302)\235\321\t\213\224\356\374%%\311\327\037\374\304\t\335\2359\344\233\035]\347<u\236\364\222vG0E\002!\000\354GL\362\304U\330\177H\211\013\006\317}\010\035\326\211\276\246\375\244\213\210\262\006]\272\305\250\217\356\002 3b\254\360fdW\344<\214-)c\341\262\343\300]`\002\264\340\220\n7\367I\204\337\214NE""; ","validation: """"\200\000\000\001&\000\000\000\023)/\352\2249:Q\231\304\227'3\313\030Q\370\361\367\235\210sr\037\032`/X%b\364\000\2261<\024n\271\n\247\213\340ngjzz\321P\027\000\000\000\000\000\000\000\000\000\000\000\000\000\000\000\000\000\000\000\000\000\000\000\000\000\000\000\000\000\000\000\000P\031\025{\341\203\016\355Wm\222\t\022+\207\321\343}^\317s\206\320\316\221\322\t\214\257\211\366S\177\277s!\003ql\302)\235\321\t\213\224\356\374%%\311\327\037\374\304\t\335\2359\344\233\035]\347<u\236\364\222vG0E\002!\000\354GL\362\304U\330\177H\211\013\006\317}\010\035\326\211\276\246\375\244\213\210\262\006]\272\305\250\217\356\002 3b\254\360fdW\344<\214-)c\341\262\343\300]`\002\264\340\220\n7\367I\204\337\214NE""; "
1750587321352,1750587321353,0,1,3,1,TMValidation,"validation: """"\200\000\000\001&\000\000\000\023)/\352\2249:Q\231\304\227'3\313\030Q\370\361\367\235\210sr\037\032`/X%b\364\000\2261<\024n\271\n\247\213\340ngjzz\321P\027\000\000\000\000\000\000\000\000\000\000\000\000\000\000\000\000\000\000\000\000\000\000\000\000\000\000\000\000\000\000\000\000P\031\025{\341\203\016\355Wm\222\t\022+\207\321\343}^\317s\206\320\316\221\322\t\214\257\211\366S\177\277s!\003ql\302)\235\321\t\213\224\356\374%%\311\327\037\374\304\t\335\2359\344\233\035]\347<u\236\364\222vG0E\002!\000\354GL\362\304U\330\177H\211\013\006\317}\010\035\326\211\276\246\375\244\213\210\262\006]\272\305\250\217\356\002 3b\254\360fdW\344<\214-)c\341\262\343\300]`\002\264\340\220\n7\367I\204\337\214NE""; ","validation: """"\200\000\000\001&\000\000\000\023)/\352\2249:Q\231\304\227'3\313\030Q\370\361\367\235\210sr\037\032`/X%b\364\000\2261<\024n\271\n\247\213\340ngjzz\321P\027\000\000\000\000\000\000\000\000\000\000\000\000\000\000\000\000\000\000\000\000\000\000\000\000\000\000\000\000\000\000\000\000P\031\025{\341\203\016\355Wm\222\t\022+\207\321\343}^\317s\206\320\316\221\322\t\214\257\211\366S\177\277s!\003ql\302)\235\321\t\213\224\356\374%%\311\327\037\374\304\t\335\2359\344\233\035]\347<u\236\364\222vG0E\002!\000\354GL\362\304U\330\177H\211\013\006\317}\010\035\326\211\276\246\375\244\213\210\262\006]\272\305\250\217\356\002 3b\254\360fdW\344<\214-)c\341\262\343\300]`\002\264\340\220\n7\367I\204\337\214NE""; "
1750587321353,1750587321353,0,1,0,3,TMValidation,"validation: """"\200\000\000\001&\000\000\000\023)/\352\2249:Q\231\304\227'3\313\030Q\370\361\367\235\210sr\037\032`/X%b\364\000\2261<\024n\271\n\247\213\340ngjzz\321P\027\000\000\000\000\000\000\000\000\000\000\000\000\000\000\000\000\000\000\000\000\000\000\000\000\000\000\000\000\000\000\000\000P\031\025{\341\203\016\355Wm\222\t\022+\207\321\343}^\317s\206\320\316\221\322\t\214\257\211\366S\177\277s!\003ql\302)\235\321\t\213\224\356\374%%\311\327\037\374\304\t\335\2359\344\233\035]\347<u\236\364\222vG0E\002!\000\354GL\362\304U\330\177H\211\013\006\317}\010\035\326\211\276\246\375\244\213\210\262\006]\272\305\250\217\356\002 3b\254\360fdW\344<\214-)c\341\262\343\300]`\002\264\340\220\n7\367I\204\337\214NE""; ","validation: """"\200\000\000\001&\000\000\000\023)/\352\2249:Q\231\304\227'3\313\030Q\370\361\367\235\210sr\037\032`/X%b\364\000\2261<\024n\271\n\247\213\340ngjzz\321P\027\000\000\000\000\000\000\000\000\000\000\000\000\000\000\000\000\000\000\000\000\000\000\000\000\000\000\000\000\000\000\000\000P\031\025{\341\203\016\355Wm\222\t\022+\207\321\343}^\317s\206\320\316\221\322\t\214\257\211\366S\177\277s!\003ql\302)\235\321\t\213\224\356\374%%\311\327\037\374\304\t\335\2359\344\233\035]\347<u\236\364\222vG0E\002!\000\354GL\362\304U\330\177H\211\013\006\317}\010\035\326\211\276\246\375\244\213\210\262\006]\272\305\250\217\356\002 3b\254\360fdW\344<\214-)c\341\262\343\300]`\002\264\340\220\n7\367I\204\337\214NE""; "
1750587321353,1750587321353,0,1,3,4,TMValidation,"validation: """"\200\000\000\001&\000\000\000\023)/\352\2249:Q\231\304\227'3\313\030Q\370\361\367\235\210sr\037\032`/X%b\364\000\2261<\024n\271\n\247\213\340ngjzz\321P\027\000\000\000\000\000\000\000\000\000\000\000\000\000\000\000\000\000\000\000\000\000\000\000\000\000\000\000\000\000\000\000\000P\031\025{\341\203\016\355Wm\222\t\022+\207\321\343}^\317s\206\320\316\221\322\t\214\257\211\366S\177\277s!\003ql\302)\235\321\t\213\224\356\374%%\311\327\037\374\304\t\335\2359\344\233\035]\347<u\236\364\222vG0E\002!\000\354GL\362\304U\330\177H\211\013\006\317}\010\035\326\211\276\246\375\244\213\210\262\006]\272\305\250\217\356\002 3b\254\360fdW\344<\214-)c\341\262\343\300]`\002\264\340\220\n7\367I\204\337\214NE""; ","validation: """"\200\000\000\001&\000\000\000\023)/\352\2249:Q\231\304\227'3\313\030Q\370\361\367\235\210sr\037\032`/X%b\364\000\2261<\024n\271\n\247\213\340ngjzz\321P\027\000\000\000\000\000\000\000\000\000\000\000\000\000\000\000\000\000\000\000\000\000\000\000\000\000\000\000\000\000\000\000\000P\031\025{\341\203\016\355Wm\222\t\022+\207\321\343}^\317s\206\320\316\221\322\t\214\257\211\366S\177\277s!\003ql\302)\235\321\t\213\224\356\374%%\311\327\037\374\304\t\335\2359\344\233\035]\347<u\236\364\222vG0E\002!\000\354GL\362\304U\330\177H\211\013\006\317}\010\035\326\211\276\246\375\244\213\210\262\006]\272\305\250\217\356\002 3b\254\360fdW\344<\214-)c\341\262\343\300]`\002\264\340\220\n7\367I\204\337\214NE""; "
1750587321354,1750587321354,0,1,3,0,TMValidation,"validation: """"\200\000\000\001&\000\000\000\023)/\352\2249:Q\231\304\227'3\313\030Q\370\361\367\235\210sr\037\032`/X%b\364\000\2261<\024n\271\n\247\213\340ngjzz\321P\027\000\000\000\000\000\000\000\000\000\000\000\000\000\000\000\000\000\000\000\000\000\000\000\000\000\000\000\000\000\000\000\000P\031\025{\341\203\016\355Wm\222\t\022+\207\321\343}^\317s\206\320\316\221\322\t\214\257\211\366S\177\277s!\003ql\302)\235\321\t\213\224\356\374%%\311\327\037\374\304\t\335\2359\344\233\035]\347<u\236\364\222vG0E\002!\000\354GL\362\304U\330\177H\211\013\006\317}\010\035\326\211\276\246\375\244\213\210\262\006]\272\305\250\217\356\002 3b\254\360fdW\344<\214-)c\341\262\343\300]`\002\264\340\220\n7\367I\204\337\214NE""; ","validation: """"\200\000\000\001&\000\000\000\023)/\352\2249:Q\231\304\227'3\313\030Q\370\361\367\235\210sr\037\032`/X%b\364\000\2261<\024n\271\n\247\213\340ngjzz\321P\027\000\000\000\000\000\000\000\000\000\000\000\000\000\000\000\000\000\000\000\000\000\000\000\000\000\000\000\000\000\000\000\000P\031\025{\341\203\016\355Wm\222\t\022+\207\321\343}^\317s\206\320\316\221\322\t\214\257\211\366S\177\277s!\003ql\302)\235\321\t\213\224\356\374%%\311\327\037\374\304\t\335\2359\344\233\035]\347<u\236\364\222vG0E\002!\000\354GL\362\304U\330\177H\211\013\006\317}\010\035\326\211\276\246\375\244\213\210\262\006]\272\305\250\217\356\002 3b\254\360fdW\344<\214-)c\341\262\343\300]`\002\264\340\220\n7\367I\204\337\214NE""; "
1750587321461,1750587321461,0,1,1,2,TMProposeSet,"proposeSeq: 0; currentTxHash: ""\000\000\000\000\000\000\000\000\000\000\000\000\000\000\000\000\000\000\000\000\000\000\000\000\000\000\000\000\000\000\000\000""; nodePubKey: ""\003\343\005\311u\203\370\0338\3174\324\010\006\301\251\177\261\304eOX\262)FA-\022r\263wm\024""; closeTime: 803902521; signature: ""0E\002!\000\351\221\333\310\212@\007.\327\361\345AW\366B6\3011d5\373F_\202\352k\331\235\331\3531\224\002 }Ef\315Qd\200;\314\360t\036{\2258\314\+h\376V\004\244{\370G\234\375\306\343\362\n""; previousledger: ""\370\361\367\235\210sr\037\032`/X%b\364\000\2261<\024n\271\n\247\213\340ngjzz\321""; ","proposeSeq: 0; currentTxHash: ""\000\000\000\000\000\000\000\000\000\000\000\000\000\000\000\000\000\000\000\000\000\000\000\000\000\000\000\000\000\000\000\000""; nodePubKey: ""\003\343\005\311u\203\370\0338\3174\324\010\006\301\251\177\261\304eOX\262)FA-\022r\263wm\024""; closeTime: 803902521; signature: ""0E\002!\000\351\221\333\310\212@\007.\327\361\345AW\366B6\3011d5\373F_\202\352k\331\235\331\3531\224\002 }Ef\315Qd\200;\314\360t\036{\2258\314\+h\376V\004\244{\370G\234\375\306\343\362\n""; previousledger: ""\370\361\367\235\210sr\037\032`/X%b\364\000\2261<\024n\271\n\247\213\340ngjzz\321""; "
1750587321463,1750587321463,0,1,2,4,TMProposeSet,"proposeSeq: 0; currentTxHash: ""\000\000\000\000\000\000\000\000\000\000\000\000\000\000\000\000\000\000\000\000\000\000\000\000\000\000\000\000\000\000\000\000""; nodePubKey: ""\003\343\005\311u\203\370\0338\3174\324\010\006\301\251\177\261\304eOX\262)FA-\022r\263wm\024""; closeTime: 803902521; signature: ""0E\002!\000\351\221\333\310\212@\007.\327\361\345AW\366B6\3011d5\373F_\202\352k\331\235\331\3531\224\002 }Ef\315Qd\200;\314\360t\036{\2258\314\+h\376V\004\244{\370G\234\375\306\343\362\n""; previousledger: ""\370\361\367\235\210sr\037\032`/X%b\364\000\2261<\024n\271\n\247\213\340ngjzz\321""; ","proposeSeq: 0; currentTxHash: ""\000\000\000\000\000\000\000\000\000\000\000\000\000\000\000\000\000\000\000\000\000\000\000\000\000\000\000\000\000\000\000\000""; nodePubKey: ""\003\343\005\311u\203\370\0338\3174\324\010\006\301\251\177\261\304eOX\262)FA-\022r\263wm\024""; closeTime: 803902521; signature: ""0E\002!\000\351\221\333\310\212@\007.\327\361\345AW\366B6\3011d5\373F_\202\352k\331\235\331\3531\224\002 }Ef\315Qd\200;\314\360t\036{\2258\314\+h\376V\004\244{\370G\234\375\306\343\362\n""; previousledger: ""\370\361\367\235\210sr\037\032`/X%b\364\000\2261<\024n\271\n\247\213\340ngjzz\321""; "
1750587321463,1750587321463,0,1,2,3,TMProposeSet,"proposeSeq: 0; currentTxHash: ""\000\000\000\000\000\000\000\000\000\000\000\000\000\000\000\000\000\000\000\000\000\000\000\000\000\000\000\000\000\000\000\000""; nodePubKey: ""\003\343\005\311u\203\370\0338\3174\324\010\006\301\251\177\261\304eOX\262)FA-\022r\263wm\024""; closeTime: 803902521; signature: ""0E\002!\000\351\221\333\310\212@\007.\327\361\345AW\366B6\3011d5\373F_\202\352k\331\235\331\3531\224\002 }Ef\315Qd\200;\314\360t\036{\2258\314\+h\376V\004\244{\370G\234\375\306\343\362\n""; previousledger: ""\370\361\367\235\210sr\037\032`/X%b\364\000\2261<\024n\271\n\247\213\340ngjzz\321""; ","proposeSeq: 0; currentTxHash: ""\000\000\000\000\000\000\000\000\000\000\000\000\000\000\000\000\000\000\000\000\000\000\000\000\000\000\000\000\000\000\000\000""; nodePubKey: ""\003\343\005\311u\203\370\0338\3174\324\010\006\301\251\177\261\304eOX\262)FA-\022r\263wm\024""; closeTime: 803902521; signature: ""0E\002!\000\351\221\333\310\212@\007.\327\361\345AW\366B6\3011d5\373F_\202\352k\331\235\331\3531\224\002 }Ef\315Qd\200;\314\360t\036{\2258\314\+h\376V\004\244{\370G\234\375\306\343\362\n""; previousledger: ""\370\361\367\235\210sr\037\032`/X%b\364\000\2261<\024n\271\n\247\213\340ngjzz\321""; "
1750587321464,1750587321464,0,1,2,0,TMProposeSet,"proposeSeq: 0; currentTxHash: ""\000\000\000\000\000\000\000\000\000\000\000\000\000\000\000\000\000\000\000\000\000\000\000\000\000\000\000\000\000\000\000\000""; nodePubKey: ""\003\343\005\311u\203\370\0338\3174\324\010\006\301\251\177\261\304eOX\262)FA-\022r\263wm\024""; closeTime: 803902521; signature: ""0E\002!\000\351\221\333\310\212@\007.\327\361\345AW\366B6\3011d5\373F_\202\352k\331\235\331\3531\224\002 }Ef\315Qd\200;\314\360t\036{\2258\314\+h\376V\004\244{\370G\234\375\306\343\362\n""; previousledger: ""\370\361\367\235\210sr\037\032`/X%b\364\000\2261<\024n\271\n\247\213\340ngjzz\321""; ","proposeSeq: 0; currentTxHash: ""\000\000\000\000\000\000\000\000\000\000\000\000\000\000\000\000\000\000\000\000\000\000\000\000\000\000\000\000\000\000\000\000""; nodePubKey: ""\003\343\005\311u\203\370\0338\3174\324\010\006\301\251\177\261\304eOX\262)FA-\022r\263wm\024""; closeTime: 803902521; signature: ""0E\002!\000\351\221\333\310\212@\007.\327\361\345AW\366B6\3011d5\373F_\202\352k\331\235\331\3531\224\002 }Ef\315Qd\200;\314\360t\036{\2258\314\+h\376V\004\244{\370G\234\375\306\343\362\n""; previousledger: ""\370\361\367\235\210sr\037\032`/X%b\364\000\2261<\024n\271\n\247\213\340ngjzz\321""; "
1750587321465,1750587321465,0,1,3,1,TMProposeSet,"proposeSeq: 0; currentTxHash: ""\000\000\000\000\000\000\000\000\000\000\000\000\000\000\000\000\000\000\000\000\000\000\000\000\000\000\000\000\000\000\000\000""; nodePubKey: ""\003\343\005\311u\203\370\0338\3174\324\010\006\301\251\177\261\304eOX\262)FA-\022r\263wm\024""; closeTime: 803902521; signature: ""0E\002!\000\351\221\333\310\212@\007.\327\361\345AW\366B6\3011d5\373F_\202\352k\331\235\331\3531\224\002 }Ef\315Qd\200;\314\360t\036{\2258\314\+h\376V\004\244{\370G\234\375\306\343\362\n""; previousledger: ""\370\361\367\235\210sr\037\032`/X%b\364\000\2261<\024n\271\n\247\213\340ngjzz\321""; ","proposeSeq: 0; currentTxHash: ""\000\000\000\000\000\000\000\000\000\000\000\000\000\000\000\000\000\000\000\000\000\000\000\000\000\000\000\000\000\000\000\000""; nodePubKey: ""\003\343\005\311u\203\370\0338\3174\324\010\006\301\251\177\261\304eOX\262)FA-\022r\263wm\024""; closeTime: 803902521; signature: ""0E\002!\000\351\221\333\310\212@\007.\327\361\345AW\366B6\3011d5\373F_\202\352k\331\235\331\3531\224\002 }Ef\315Qd\200;\314\360t\036{\2258\314\+h\376V\004\244{\370G\234\375\306\343\362\n""; previousledger: ""\370\361\367\235\210sr\037\032`/X%b\364\000\2261<\024n\271\n\247\213\340ngjzz\321""; "
1750587321467,1750587321467,0,1,0,4,TMProposeSet,"proposeSeq: 0; currentTxHash: ""\000\000\000\000\000\000\000\000\000\000\000\000\000\000\000\000\000\000\000\000\000\000\000\000\000\000\000\000\000\000\000\000""; nodePubKey: ""\003\343\005\311u\203\370\0338\3174\324\010\006\301\251\177\261\304eOX\262)FA-\022r\263wm\024""; closeTime: 803902521; signature: ""0E\002!\000\351\221\333\310\212@\007.\327\361\345AW\366B6\3011d5\373F_\202\352k\331\235\331\3531\224\002 }Ef\315Qd\200;\314\360t\036{\2258\314\+h\376V\004\244{\370G\234\375\306\343\362\n""; previousledger: ""\370\361\367\235\210sr\037\032`/X%b\364\000\2261<\024n\271\n\247\213\340ngjzz\321""; ","proposeSeq: 0; currentTxHash: ""\000\000\000\000\000\000\000\000\000\000\000\000\000\000\000\000\000\000\000\000\000\000\000\000\000\000\000\000\000\000\000\000""; nodePubKey: ""\003\343\005\311u\203\370\0338\3174\324\010\006\301\251\177\261\304eOX\262)FA-\022r\263wm\024""; closeTime: 803902521; signature: ""0E\002!\000\351\221\333\310\212@\007.\327\361\345AW\366B6\3011d5\373F_\202\352k\331\235\331\3531\224\002 }Ef\315Qd\200;\314\360t\036{\2258\314\+h\376V\004\244{\370G\234\375\306\343\362\n""; previousledger: ""\370\361\367\235\210sr\037\032`/X%b\364\000\2261<\024n\271\n\247\213\340ngjzz\321""; "
1750587321466,1750587321466,0,1,3,0,TMProposeSet,"proposeSeq: 0; currentTxHash: ""\000\000\000\000\000\000\000\000\000\000\000\000\000\000\000\000\000\000\000\000\000\000\000\000\000\000\000\000\000\000\000\000""; nodePubKey: ""\003\343\005\311u\203\370\0338\3174\324\010\006\301\251\177\261\304eOX\262)FA-\022r\263wm\024""; closeTime: 803902521; signature: ""0E\002!\000\351\221\333\310\212@\007.\327\361\345AW\366B6\3011d5\373F_\202\352k\331\235\331\3531\224\002 }Ef\315Qd\200;\314\360t\036{\2258\314\+h\376V\004\244{\370G\234\375\306\343\362\n""; previousledger: ""\370\361\367\235\210sr\037\032`/X%b\364\000\2261<\024n\271\n\247\213\340ngjzz\321""; ","proposeSeq: 0; currentTxHash: ""\000\000\000\000\000\000\000\000\000\000\000\000\000\000\000\000\000\000\000\000\000\000\000\000\000\000\000\000\000\000\000\000""; nodePubKey: ""\003\343\005\311u\203\370\0338\3174\324\010\006\301\251\177\261\304eOX\262)FA-\022r\263wm\024""; closeTime: 803902521; signature: ""0E\002!\000\351\221\333\310\212@\007.\327\361\345AW\366B6\3011d5\373F_\202\352k\331\235\331\3531\224\002 }Ef\315Qd\200;\314\360t\036{\2258\314\+h\376V\004\244{\370G\234\375\306\343\362\n""; previousledger: ""\370\361\367\235\210sr\037\032`/X%b\364\000\2261<\024n\271\n\247\213\340ngjzz\321""; "
1750587321466,1750587321466,0,1,3,4,TMProposeSet,"proposeSeq: 0; currentTxHash: ""\000\000\000\000\000\000\000\000\000\000\000\000\000\000\000\000\000\000\000\000\000\000\000\000\000\000\000\000\000\000\000\000""; nodePubKey: ""\003\343\005\311u\203\370\0338\3174\324\010\006\301\251\177\261\304eOX\262)FA-\022r\263wm\024""; closeTime: 803902521; signature: ""0E\002!\000\351\221\333\310\212@\007.\327\361\345AW\366B6\3011d5\373F_\202\352k\331\235\331\3531\224\002 }Ef\315Qd\200;\314\360t\036{\2258\314\+h\376V\004\244{\370G\234\375\306\343\362\n""; previousledger: ""\370\361\367\235\210sr\037\032`/X%b\364\000\2261<\024n\271\n\247\213\340ngjzz\321""; ","proposeSeq: 0; currentTxHash: ""\000\000\000\000\000\000\000\000\000\000\000\000\000\000\000\000\000\000\000\000\000\000\000\000\000\000\000\000\000\000\000\000""; nodePubKey: ""\003\343\005\311u\203\370\0338\3174\324\010\006\301\251\177\261\304eOX\262)FA-\022r\263wm\024""; closeTime: 803902521; signature: ""0E\002!\000\351\221\333\310\212@\007.\327\361\345AW\366B6\3011d5\373F_\202\352k\331\235\331\3531\224\002 }Ef\315Qd\200;\314\360t\036{\2258\314\+h\376V\004\244{\370G\234\375\306\343\362\n""; previousledger: ""\370\361\367\235\210sr\037\032`/X%b\364\000\2261<\024n\271\n\247\213\340ngjzz\321""; "
1750587321466,1750587321466,0,1,0,3,TMProposeSet,"proposeSeq: 0; currentTxHash: ""\000\000\000\000\000\000\000\000\000\000\000\000\000\000\000\000\000\000\000\000\000\000\000\000\000\000\000\000\000\000\000\000""; nodePubKey: ""\003\343\005\311u\203\370\0338\3174\324\010\006\301\251\177\261\304eOX\262)FA-\022r\263wm\024""; closeTime: 803902521; signature: ""0E\002!\000\351\221\333\310\212@\007.\327\361\345AW\366B6\3011d5\373F_\202\352k\331\235\331\3531\224\002 }Ef\315Qd\200;\314\360t\036{\2258\314\+h\376V\004\244{\370G\234\375\306\343\362\n""; previousledger: ""\370\361\367\235\210sr\037\032`/X%b\364\000\2261<\024n\271\n\247\213\340ngjzz\321""; ","proposeSeq: 0; currentTxHash: ""\000\000\000\000\000\000\000\000\000\000\000\000\000\000\000\000\000\000\000\000\000\000\000\000\000\000\000\000\000\000\000\000""; nodePubKey: ""\003\343\005\311u\203\370\0338\3174\324\010\006\301\251\177\261\304eOX\262)FA-\022r\263wm\024""; closeTime: 803902521; signature: ""0E\002!\000\351\221\333\310\212@\007.\327\361\345AW\366B6\3011d5\373F_\202\352k\331\235\331\3531\224\002 }Ef\315Qd\200;\314\360t\036{\2258\314\+h\376V\004\244{\370G\234\375\306\343\362\n""; previousledger: ""\370\361\367\235\210sr\037\032`/X%b\364\000\2261<\024n\271\n\247\213\340ngjzz\321""; "
1750587321467,1750587321467,0,1,0,1,TMProposeSet,"proposeSeq: 0; currentTxHash: ""\000\000\000\000\000\000\000\000\000\000\000\000\000\000\000\000\000\000\000\000\000\000\000\000\000\000\000\000\000\000\000\000""; nodePubKey: ""\003\343\005\311u\203\370\0338\3174\324\010\006\301\251\177\261\304eOX\262)FA-\022r\263wm\024""; closeTime: 803902521; signature: ""0E\002!\000\351\221\333\310\212@\007.\327\361\345AW\366B6\3011d5\373F_\202\352k\331\235\331\3531\224\002 }Ef\315Qd\200;\314\360t\036{\2258\314\+h\376V\004\244{\370G\234\375\306\343\362\n""; previousledger: ""\370\361\367\235\210sr\037\032`/X%b\364\000\2261<\024n\271\n\247\213\340ngjzz\321""; ","proposeSeq: 0; currentTxHash: ""\000\000\000\000\000\000\000\000\000\000\000\000\000\000\000\000\000\000\000\000\000\000\000\000\000\000\000\000\000\000\000\000""; nodePubKey: ""\003\343\005\311u\203\370\0338\3174\324\010\006\301\251\177\261\304eOX\262)FA-\022r\263wm\024""; closeTime: 803902521; signature: ""0E\002!\000\351\221\333\310\212@\007.\327\361\345AW\366B6\3011d5\373F_\202\352k\331\235\331\3531\224\002 }Ef\315Qd\200;\314\360t\036{\2258\314\+h\376V\004\244{\370G\234\375\306\343\362\n""; previousledger: ""\370\361\367\235\210sr\037\032`/X%b\364\000\2261<\024n\271\n\247\213\340ngjzz\321""; "
1750587321468,1750587321468,0,1,1,3,TMProposeSet,"proposeSeq: 0; currentTxHash: ""\000\000\000\000\000\000\000\000\000\000\000\000\000\000\000\000\000\000\000\000\000\000\000\000\000\000\000\000\000\000\000\000""; nodePubKey: ""\003\343\005\311u\203\370\0338\3174\324\010\006\301\251\177\261\304eOX\262)FA-\022r\263wm\024""; closeTime: 803902521; signature: ""0E\002!\000\351\221\333\310\212@\007.\327\361\345AW\366B6\3011d5\373F_\202\352k\331\235\331\3531\224\002 }Ef\315Qd\200;\314\360t\036{\2258\314\+h\376V\004\244{\370G\234\375\306\343\362\n""; previousledger: ""\370\361\367\235\210sr\037\032`/X%b\364\000\2261<\024n\271\n\247\213\340ngjzz\321""; ","proposeSeq: 0; currentTxHash: ""\000\000\000\000\000\000\000\000\000\000\000\000\000\000\000\000\000\000\000\000\000\000\000\000\000\000\000\000\000\000\000\000""; nodePubKey: ""\003\343\005\311u\203\370\0338\3174\324\010\006\301\251\177\261\304eOX\262)FA-\022r\263wm\024""; closeTime: 803902521; signature: ""0E\002!\000\351\221\333\310\212@\007.\327\361\345AW\366B6\3011d5\373F_\202\352k\331\235\331\3531\224\002 }Ef\315Qd\200;\314\360t\036{\2258\314\+h\376V\004\244{\370G\234\375\306\343\362\n""; previousledger: ""\370\361\367\235\210sr\037\032`/X%b\364\000\2261<\024n\271\n\247\213\340ngjzz\321""; "
1750587321469,1750587321469,0,1,1,0,TMProposeSet,"proposeSeq: 0; currentTxHash: ""\000\000\000\000\000\000\000\000\000\000\000\000\000\000\000\000\000\000\000\000\000\000\000\000\000\000\000\000\000\000\000\000""; nodePubKey: ""\003\343\005\311u\203\370\0338\3174\324\010\006\301\251\177\261\304eOX\262)FA-\022r\263wm\024""; closeTime: 803902521; signature: ""0E\002!\000\351\221\333\310\212@\007.\327\361\345AW\366B6\3011d5\373F_\202\352k\331\235\331\3531\224\002 }Ef\315Qd\200;\314\360t\036{\2258\314\+h\376V\004\244{\370G\234\375\306\343\362\n""; previousledger: ""\370\361\367\235\210sr\037\032`/X%b\364\000\2261<\024n\271\n\247\213\340ngjzz\321""; ","proposeSeq: 0; currentTxHash: ""\000\000\000\000\000\000\000\000\000\000\000\000\000\000\000\000\000\000\000\000\000\000\000\000\000\000\000\000\000\000\000\000""; nodePubKey: ""\003\343\005\311u\203\370\0338\3174\324\010\006\301\251\177\261\304eOX\262)FA-\022r\263wm\024""; closeTime: 803902521; signature: ""0E\002!\000\351\221\333\310\212@\007.\327\361\345AW\366B6\3011d5\373F_\202\352k\331\235\331\3531\224\002 }Ef\315Qd\200;\314\360t\036{\2258\314\+h\376V\004\244{\370G\234\375\306\343\362\n""; previousledger: ""\370\361\367\235\210sr\037\032`/X%b\364\000\2261<\024n\271\n\247\213\340ngjzz\321""; "
1750587321502,1750587321502,0,1,1,4,TMProposeSet,"proposeSeq: 0; currentTxHash: ""\000\000\000\000\000\000\000\000\000\000\000\000\000\000\000\000\000\000\000\000\000\000\000\000\000\000\000\000\000\000\000\000""; nodePubKey: ""\003\343\005\311u\203\370\0338\3174\324\010\006\301\251\177\261\304eOX\262)FA-\022r\263wm\024""; closeTime: 803902521; signature: ""0E\002!\000\351\221\333\310\212@\007.\327\361\345AW\366B6\3011d5\373F_\202\352k\331\235\331\3531\224\002 }Ef\315Qd\200;\314\360t\036{\2258\314\+h\376V\004\244{\370G\234\375\306\343\362\n""; previousledger: ""\370\361\367\235\210sr\037\032`/X%b\364\000\2261<\024n\271\n\247\213\340ngjzz\321""; ","proposeSeq: 0; currentTxHash: ""\000\000\000\000\000\000\000\000\000\000\000\000\000\000\000\000\000\000\000\000\000\000\000\000\000\000\000\000\000\000\000\000""; nodePubKey: ""\003\343\005\311u\203\370\0338\3174\324\010\006\301\251\177\261\304eOX\262)FA-\022r\263wm\024""; closeTime: 803902521; signature: ""0E\002!\000\351\221\333\310\212@\007.\327\361\345AW\366B6\3011d5\373F_\202\352k\331\235\331\3531\224\002 }Ef\315Qd\200;\314\360t\036{\2258\314\+h\376V\004\244{\370G\234\375\306\343\362\n""; previousledger: ""\370\361\367\235\210sr\037\032`/X%b\364\000\2261<\024n\271\n\247\213\340ngjzz\321""; "
1750587321459,1750587321504,0,1,1,3,TMStatusChange,"newEvent: neCLOSING_LEDGER; ledgerSeq: 19; ledgerHash: ""\370\361\367\235\210sr\037\032`/X%b\364\000\2261<\024n\271\n\247\213\340ngjzz\321""; ledgerHashPrevious: ""\025{\341\203\016\355Wm\222\t\022+\207\321\343}^\317s\206\320\316\221\322\t\214\257\211\366S\177\277""; networkTime: 803902521; firstSeq: 1; lastSeq: 19; ","newEvent: neCLOSING_LEDGER; ledgerSeq: 19; ledgerHash: ""\370\361\367\235\210sr\037\032`/X%b\364\000\2261<\024n\271\n\247\213\340ngjzz\321""; ledgerHashPrevious: ""\025{\341\203\016\355Wm\222\t\022+\207\321\343}^\317s\206\320\316\221\322\t\214\257\211\366S\177\277""; networkTime: 803902521; firstSeq: 1; lastSeq: 19; "
1750587321460,1750587321505,0,1,1,2,TMStatusChange,"newEvent: neCLOSING_LEDGER; ledgerSeq: 19; ledgerHash: ""\370\361\367\235\210sr\037\032`/X%b\364\000\2261<\024n\271\n\247\213\340ngjzz\321""; ledgerHashPrevious: ""\025{\341\203\016\355Wm\222\t\022+\207\321\343}^\317s\206\320\316\221\322\t\214\257\211\366S\177\277""; networkTime: 803902521; firstSeq: 1; lastSeq: 19; ","newEvent: neCLOSING_LEDGER; ledgerSeq: 19; ledgerHash: ""\370\361\367\235\210sr\037\032`/X%b\364\000\2261<\024n\271\n\247\213\340ngjzz\321""; ledgerHashPrevious: ""\025{\341\203\016\355Wm\222\t\022+\207\321\343}^\317s\206\320\316\221\322\t\214\257\211\366S\177\277""; networkTime: 803902521; firstSeq: 1; lastSeq: 19; "
1750587321461,1750587321505,0,1,1,0,TMStatusChange,"newEvent: neCLOSING_LEDGER; ledgerSeq: 19; ledgerHash: ""\370\361\367\235\210sr\037\032`/X%b\364\000\2261<\024n\271\n\247\213\340ngjzz\321""; ledgerHashPrevious: ""\025{\341\203\016\355Wm\222\t\022+\207\321\343}^\317s\206\320\316\221\322\t\214\257\211\366S\177\277""; networkTime: 803902521; firstSeq: 1; lastSeq: 19; ","newEvent: neCLOSING_LEDGER; ledgerSeq: 19; ledgerHash: ""\370\361\367\235\210sr\037\032`/X%b\364\000\2261<\024n\271\n\247\213\340ngjzz\321""; ledgerHashPrevious: ""\025{\341\203\016\355Wm\222\t\022+\207\321\343}^\317s\206\320\316\221\322\t\214\257\211\366S\177\277""; networkTime: 803902521; firstSeq: 1; lastSeq: 19; "
1750587321461,1750587321506,0,1,1,4,TMStatusChange,"newEvent: neCLOSING_LEDGER; ledgerSeq: 19; ledgerHash: ""\370\361\367\235\210sr\037\032`/X%b\364\000\2261<\024n\271\n\247\213\340ngjzz\321""; ledgerHashPrevious: ""\025{\341\203\016\355Wm\222\t\022+\207\321\343}^\317s\206\320\316\221\322\t\214\257\211\366S\177\277""; networkTime: 803902521; firstSeq: 1; lastSeq: 19; ","newEvent: neCLOSING_LEDGER; ledgerSeq: 19; ledgerHash: ""\370\361\367\235\210sr\037\032`/X%b\364\000\2261<\024n\271\n\247\213\340ngjzz\321""; ledgerHashPrevious: ""\025{\341\203\016\355Wm\222\t\022+\207\321\343}^\317s\206\320\316\221\322\t\214\257\211\366S\177\277""; networkTime: 803902521; firstSeq: 1; lastSeq: 19; "
1750587321774,1750587321774,0,1,4,2,TMStatusChange,"newEvent: neACCEPTED_LEDGER; ledgerSeq: 19; ledgerHash: ""\370\361\367\235\210sr\037\032`/X%b\364\000\2261<\024n\271\n\247\213\340ngjzz\321""; ledgerHashPrevious: ""\025{\341\203\016\355Wm\222\t\022+\207\321\343}^\317s\206\320\316\221\322\t\214\257\211\366S\177\277""; networkTime: 803902521; firstSeq: 1; lastSeq: 18; ","newEvent: neACCEPTED_LEDGER; ledgerSeq: 19; ledgerHash: ""\370\361\367\235\210sr\037\032`/X%b\364\000\2261<\024n\271\n\247\213\340ngjzz\321""; ledgerHashPrevious: ""\025{\341\203\016\355Wm\222\t\022+\207\321\343}^\317s\206\320\316\221\322\t\214\257\211\366S\177\277""; networkTime: 803902521; firstSeq: 1; lastSeq: 18; "
1750587321775,1750587321775,0,1,4,1,TMStatusChange,"newEvent: neACCEPTED_LEDGER; ledgerSeq: 19; ledgerHash: ""\370\361\367\235\210sr\037\032`/X%b\364\000\2261<\024n\271\n\247\213\340ngjzz\321""; ledgerHashPrevious: ""\025{\341\203\016\355Wm\222\t\022+\207\321\343}^\317s\206\320\316\221\322\t\214\257\211\366S\177\277""; networkTime: 803902521; firstSeq: 1; lastSeq: 18; ","newEvent: neACCEPTED_LEDGER; ledgerSeq: 19; ledgerHash: ""\370\361\367\235\210sr\037\032`/X%b\364\000\2261<\024n\271\n\247\213\340ngjzz\321""; ledgerHashPrevious: ""\025{\341\203\016\355Wm\222\t\022+\207\321\343}^\317s\206\320\316\221\322\t\214\257\211\366S\177\277""; networkTime: 803902521; firstSeq: 1; lastSeq: 18; "
1750587321775,1750587321775,0,1,4,3,TMStatusChange,"newEvent: neACCEPTED_LEDGER; ledgerSeq: 19; ledgerHash: ""\370\361\367\235\210sr\037\032`/X%b\364\000\2261<\024n\271\n\247\213\340ngjzz\321""; ledgerHashPrevious: ""\025{\341\203\016\355Wm\222\t\022+\207\321\343}^\317s\206\320\316\221\322\t\214\257\211\366S\177\277""; networkTime: 803902521; firstSeq: 1; lastSeq: 18; ","newEvent: neACCEPTED_LEDGER; ledgerSeq: 19; ledgerHash: ""\370\361\367\235\210sr\037\032`/X%b\364\000\2261<\024n\271\n\247\213\340ngjzz\321""; ledgerHashPrevious: ""\025{\341\203\016\355Wm\222\t\022+\207\321\343}^\317s\206\320\316\221\322\t\214\257\211\366S\177\277""; networkTime: 803902521; firstSeq: 1; lastSeq: 18; "
1750587321775,1750587321775,0,1,4,0,TMStatusChange,"newEvent: neACCEPTED_LEDGER; ledgerSeq: 19; ledgerHash: ""\370\361\367\235\210sr\037\032`/X%b\364\000\2261<\024n\271\n\247\213\340ngjzz\321""; ledgerHashPrevious: ""\025{\341\203\016\355Wm\222\t\022+\207\321\343}^\317s\206\320\316\221\322\t\214\257\211\366S\177\277""; networkTime: 803902521; firstSeq: 1; lastSeq: 18; ","newEvent: neACCEPTED_LEDGER; ledgerSeq: 19; ledgerHash: ""\370\361\367\235\210sr\037\032`/X%b\364\000\2261<\024n\271\n\247\213\340ngjzz\321""; ledgerHashPrevious: ""\025{\341\203\016\355Wm\222\t\022+\207\321\343}^\317s\206\320\316\221\322\t\214\257\211\366S\177\277""; networkTime: 803902521; firstSeq: 1; lastSeq: 18; "
1750587321814,1750587321814,0,1,4,3,TMValidation,"validation: """"\200\000\000\001&\000\000\000\023)/\352\2249:v|\203\267)\257\206\032Q\370\361\367\235\210sr\037\032`/X%b\364\000\2261<\024n\271\n\247\213\340ngjzz\321P\027\000\000\000\000\000\000\000\000\000\000\000\000\000\000\000\000\000\000\000\000\000\000\000\000\000\000\000\000\000\000\000\000P\031\025{\341\203\016\355Wm\222\t\022+\207\321\343}^\317s\206\320\316\221\322\t\214\257\211\366S\177\277s!\003.\200\224\215?)t\306\315\242\313\251\255\302\204=\232.\271%}\013\024s\024\002@\216l""\241FvG0E\002!\000\346P\310\t\267t&\021\221\270C\235\216\353\032\326\237dP:@\215\315m\201Q\325\304\376]i\212\002 \016\274\013K\026p\333\346]J$\203\211c\216Qf)(\004JD\037(p;a\231\26102g""; ","validation: """"\200\000\000\001&\000\000\000\023)/\352\2249:v|\203\267)\257\206\032Q\370\361\367\235\210sr\037\032`/X%b\364\000\2261<\024n\271\n\247\213\340ngjzz\321P\027\000\000\000\000\000\000\000\000\000\000\000\000\000\000\000\000\000\000\000\000\000\000\000\000\000\000\000\000\000\000\000\000P\031\025{\341\203\016\355Wm\222\t\022+\207\321\343}^\317s\206\320\316\221\322\t\214\257\211\366S\177\277s!\003.\200\224\215?)t\306\315\242\313\251\255\302\204=\232.\271%}\013\024s\024\002@\216l""\241FvG0E\002!\000\346P\310\t\267t&\021\221\270C\235\216\353\032\326\237dP:@\215\315m\201Q\325\304\376]i\212\002 \016\274\013K\026p\333\346]J$\203\211c\216Qf)(\004JD\037(p;a\231\26102g""; "
1750587321815,1750587321816,0,1,4,0,TMValidation,"validation: """"\200\000\000\001&\000\000\000\023)/\352\2249:v|\203\267)\257\206\032Q\370\361\367\235\210sr\037\032`/X%b\364\000\2261<\024n\271\n\247\213\340ngjzz\321P\027\000\000\000\000\000\000\000\000\000\000\000\000\000\000\000\000\000\000\000\000\000\000\000\000\000\000\000\000\000\000\000\000P\031\025{\341\203\016\355Wm\222\t\022+\207\321\343}^\317s\206\320\316\221\322\t\214\257\211\366S\177\277s!\003.\200\224\215?)t\306\315\242\313\251\255\302\204=\232.\271%}\013\024s\024\002@\216l""\241FvG0E\002!\000\346P\310\t\267t&\021\221\270C\235\216\353\032\326\237dP:@\215\315m\201Q\325\304\376]i\212\002 \016\274\013K\026p\333\346]J$\203\211c\216Qf)(\004JD\037(p;a\231\26102g""; ","validation: """"\200\000\000\001&\000\000\000\023)/\352\2249:v|\203\267)\257\206\032Q\370\361\367\235\210sr\037\032`/X%b\364\000\2261<\024n\271\n\247\213\340ngjzz\321P\027\000\000\000\000\000\000\000\000\000\000\000\000\000\000\000\000\000\000\000\000\000\000\000\000\000\000\000\000\000\000\000\000P\031\025{\341\203\016\355Wm\222\t\022+\207\321\343}^\317s\206\320\316\221\322\t\214\257\211\366S\177\277s!\003.\200\224\215?)t\306\315\242\313\251\255\302\204=\232.\271%}\013\024s\024\002@\216l""\241FvG0E\002!\000\346P\310\t\267t&\021\221\270C\235\216\353\032\326\237dP:@\215\315m\201Q\325\304\376]i\212\002 \016\274\013K\026p\333\346]J$\203\211c\216Qf)(\004JD\037(p;a\231\26102g""; "
1750587321815,1750587321815,0,1,4,2,TMValidation,"validation: """"\200\000\000\001&\000\000\000\023)/\352\2249:v|\203\267)\257\206\032Q\370\361\367\235\210sr\037\032`/X%b\364\000\2261<\024n\271\n\247\213\340ngjzz\321P\027\000\000\000\000\000\000\000\000\000\000\000\000\000\000\000\000\000\000\000\000\000\000\000\000\000\000\000\000\000\000\000\000P\031\025{\341\203\016\355Wm\222\t\022+\207\321\343}^\317s\206\320\316\221\322\t\214\257\211\366S\177\277s!\003.\200\224\215?)t\306\315\242\313\251\255\302\204=\232.\271%}\013\024s\024\002@\216l""\241FvG0E\002!\000\346P\310\t\267t&\021\221\270C\235\216\353\032\326\237dP:@\215\315m\201Q\325\304\376]i\212\002 \016\274\013K\026p\333\346]J$\203\211c\216Qf)(\004JD\037(p;a\231\26102g""; ","validation: """"\200\000\000\001&\000\000\000\023)/\352\2249:v|\203\267)\257\206\032Q\370\361\367\235\210sr\037\032`/X%b\364\000\2261<\024n\271\n\247\213\340ngjzz\321P\027\000\000\000\000\000\000\000\000\000\000\000\000\000\000\000\000\000\000\000\000\000\000\000\000\000\000\000\000\000\000\000\000P\031\025{\341\203\016\355Wm\222\t\022+\207\321\343}^\317s\206\320\316\221\322\t\214\257\211\366S\177\277s!\003.\200\224\215?)t\306\315\242\313\251\255\302\204=\232.\271%}\013\024s\024\002@\216l""\241FvG0E\002!\000\346P\310\t\267t&\021\221\270C\235\216\353\032\326\237dP:@\215\315m\201Q\325\304\376]i\212\002 \016\274\013K\026p\333\346]J$\203\211c\216Qf)(\004JD\037(p;a\231\26102g""; "
1750587321814,1750587321815,0,1,4,1,TMValidation,"validation: """"\200\000\000\001&\000\000\000\023)/\352\2249:v|\203\267)\257\206\032Q\370\361\367\235\210sr\037\032`/X%b\364\000\2261<\024n\271\n\247\213\340ngjzz\321P\027\000\000\000\000\000\000\000\000\000\000\000\000\000\000\000\000\000\000\000\000\000\000\000\000\000\000\000\000\000\000\000\000P\031\025{\341\203\016\355Wm\222\t\022+\207\321\343}^\317s\206\320\316\221\322\t\214\257\211\366S\177\277s!\003.\200\224\215?)t\306\315\242\313\251\255\302\204=\232.\271%}\013\024s\024\002@\216l""\241FvG0E\002!\000\346P\310\t\267t&\021\221\270C\235\216\353\032\326\237dP:@\215\315m\201Q\325\304\376]i\212\002 \016\274\013K\026p\333\346]J$\203\211c\216Qf)(\004JD\037(p;a\231\26102g""; ","validation: """"\200\000\000\001&\000\000\000\023)/\352\2249:v|\203\267)\257\206\032Q\370\361\367\235\210sr\037\032`/X%b\364\000\2261<\024n\271\n\247\213\340ngjzz\321P\027\000\000\000\000\000\000\000\000\000\000\000\000\000\000\000\000\000\000\000\000\000\000\000\000\000\000\000\000\000\000\000\000P\031\025{\341\203\016\355Wm\222\t\022+\207\321\343}^\317s\206\320\316\221\322\t\214\257\211\366S\177\277s!\003.\200\224\215?)t\306\315\242\313\251\255\302\204=\232.\271%}\013\024s\024\002@\216l""\241FvG0E\002!\000\346P\310\t\267t&\021\221\270C\235\216\353\032\326\237dP:@\215\315m\201Q\325\304\376]i\212\002 \016\274\013K\026p\333\346]J$\203\211c\216Qf)(\004JD\037(p;a\231\26102g""; "
1750587321817,1750587321817,0,1,0,1,TMValidation,"validation: """"\200\000\000\001&\000\000\000\023)/\352\2249:v|\203\267)\257\206\032Q\370\361\367\235\210sr\037\032`/X%b\364\000\2261<\024n\271\n\247\213\340ngjzz\321P\027\000\000\000\000\000\000\000\000\000\000\000\000\000\000\000\000\000\000\000\000\000\000\000\000\000\000\000\000\000\000\000\000P\031\025{\341\203\016\355Wm\222\t\022+\207\321\343}^\317s\206\320\316\221\322\t\214\257\211\366S\177\277s!\003.\200\224\215?)t\306\315\242\313\251\255\302\204=\232.\271%}\013\024s\024\002@\216l""\241FvG0E\002!\000\346P\310\t\267t&\021\221\270C\235\216\353\032\326\237dP:@\215\315m\201Q\325\304\376]i\212\002 \016\274\013K\026p\333\346]J$\203\211c\216Qf)(\004JD\037(p;a\231\26102g""; ","validation: """"\200\000\000\001&\000\000\000\023)/\352\2249:v|\203\267)\257\206\032Q\370\361\367\235\210sr\037\032`/X%b\364\000\2261<\024n\271\n\247\213\340ngjzz\321P\027\000\000\000\000\000\000\000\000\000\000\000\000\000\000\000\000\000\000\000\000\000\000\000\000\000\000\000\000\000\000\000\000P\031\025{\341\203\016\355Wm\222\t\022+\207\321\343}^\317s\206\320\316\221\322\t\214\257\211\366S\177\277s!\003.\200\224\215?)t\306\315\242\313\251\255\302\204=\232.\271%}\013\024s\024\002@\216l""\241FvG0E\002!\000\346P\310\t\267t&\021\221\270C\235\216\353\032\326\237dP:@\215\315m\201Q\325\304\376]i\212\002 \016\274\013K\026p\333\346]J$\203\211c\216Qf)(\004JD\037(p;a\231\26102g""; "
1750587321818,1750587321818,0,1,3,0,TMValidation,"validation: """"\200\000\000\001&\000\000\000\023)/\352\2249:v|\203\267)\257\206\032Q\370\361\367\235\210sr\037\032`/X%b\364\000\2261<\024n\271\n\247\213\340ngjzz\321P\027\000\000\000\000\000\000\000\000\000\000\000\000\000\000\000\000\000\000\000\000\000\000\000\000\000\000\000\000\000\000\000\000P\031\025{\341\203\016\355Wm\222\t\022+\207\321\343}^\317s\206\320\316\221\322\t\214\257\211\366S\177\277s!\003.\200\224\215?)t\306\315\242\313\251\255\302\204=\232.\271%}\013\024s\024\002@\216l""\241FvG0E\002!\000\346P\310\t\267t&\021\221\270C\235\216\353\032\326\237dP:@\215\315m\201Q\325\304\376]i\212\002 \016\274\013K\026p\333\346]J$\203\211c\216Qf)(\004JD\037(p;a\231\26102g""; ","validation: """"\200\000\000\001&\000\000\000\023)/\352\2249:v|\203\267)\257\206\032Q\370\361\367\235\210sr\037\032`/X%b\364\000\2261<\024n\271\n\247\213\340ngjzz\321P\027\000\000\000\000\000\000\000\000\000\000\000\000\000\000\000\000\000\000\000\000\000\000\000\000\000\000\000\000\000\000\000\000P\031\025{\341\203\016\355Wm\222\t\022+\207\321\343}^\317s\206\320\316\221\322\t\214\257\211\366S\177\277s!\003.\200\224\215?)t\306\315\242\313\251\255\302\204=\232.\271%}\013\024s\024\002@\216l""\241FvG0E\002!\000\346P\310\t\267t&\021\221\270C\235\216\353\032\326\237dP:@\215\315m\201Q\325\304\376]i\212\002 \016\274\013K\026p\333\346]J$\203\211c\216Qf)(\004JD\037(p;a\231\26102g""; "
1750587321819,1750587321819,0,1,0,3,TMValidation,"validation: """"\200\000\000\001&\000\000\000\023)/\352\2249:v|\203\267)\257\206\032Q\370\361\367\235\210sr\037\032`/X%b\364\000\2261<\024n\271\n\247\213\340ngjzz\321P\027\000\000\000\000\000\000\000\000\000\000\000\000\000\000\000\000\000\000\000\000\000\000\000\000\000\000\000\000\000\000\000\000P\031\025{\341\203\016\355Wm\222\t\022+\207\321\343}^\317s\206\320\316\221\322\t\214\257\211\366S\177\277s!\003.\200\224\215?)t\306\315\242\313\251\255\302\204=\232.\271%}\013\024s\024\002@\216l""\241FvG0E\002!\000\346P\310\t\267t&\021\221\270C\235\216\353\032\326\237dP:@\215\315m\201Q\325\304\376]i\212\002 \016\274\013K\026p\333\346]J$\203\211c\216Qf)(\004JD\037(p;a\231\26102g""; ","validation: """"\200\000\000\001&\000\000\000\023)/\352\2249:v|\203\267)\257\206\032Q\370\361\367\235\210sr\037\032`/X%b\364\000\2261<\024n\271\n\247\213\340ngjzz\321P\027\000\000\000\000\000\000\000\000\000\000\000\000\000\000\000\000\000\000\000\000\000\000\000\000\000\000\000\000\000\000\000\000P\031\025{\341\203\016\355Wm\222\t\022+\207\321\343}^\317s\206\320\316\221\322\t\214\257\211\366S\177\277s!\003.\200\224\215?)t\306\315\242\313\251\255\302\204=\232.\271%}\013\024s\024\002@\216l""\241FvG0E\002!\000\346P\310\t\267t&\021\221\270C\235\216\353\032\326\237dP:@\215\315m\201Q\325\304\376]i\212\002 \016\274\013K\026p\333\346]J$\203\211c\216Qf)(\004JD\037(p;a\231\26102g""; "
1750587321819,1750587321820,0,1,2,1,TMValidation,"validation: """"\200\000\000\001&\000\000\000\023)/\352\2249:v|\203\267)\257\206\032Q\370\361\367\235\210sr\037\032`/X%b\364\000\2261<\024n\271\n\247\213\340ngjzz\321P\027\000\000\000\000\000\000\000\000\000\000\000\000\000\000\000\000\000\000\000\000\000\000\000\000\000\000\000\000\000\000\000\000P\031\025{\341\203\016\355Wm\222\t\022+\207\321\343}^\317s\206\320\316\221\322\t\214\257\211\366S\177\277s!\003.\200\224\215?)t\306\315\242\313\251\255\302\204=\232.\271%}\013\024s\024\002@\216l""\241FvG0E\002!\000\346P\310\t\267t&\021\221\270C\235\216\353\032\326\237dP:@\215\315m\201Q\325\304\376]i\212\002 \016\274\013K\026p\333\346]J$\203\211c\216Qf)(\004JD\037(p;a\231\26102g""; ","validation: """"\200\000\000\001&\000\000\000\023)/\352\2249:v|\203\267)\257\206\032Q\370\361\367\235\210sr\037\032`/X%b\364\000\2261<\024n\271\n\247\213\340ngjzz\321P\027\000\000\000\000\000\000\000\000\000\000\000\000\000\000\000\000\000\000\000\000\000\000\000\000\000\000\000\000\000\000\000\000P\031\025{\341\203\016\355Wm\222\t\022+\207\321\343}^\317s\206\320\316\221\322\t\214\257\211\366S\177\277s!\003.\200\224\215?)t\306\315\242\313\251\255\302\204=\232.\271%}\013\024s\024\002@\216l""\241FvG0E\002!\000\346P\310\t\267t&\021\221\270C\235\216\353\032\326\237dP:@\215\315m\201Q\325\304\376]i\212\002 \016\274\013K\026p\333\346]J$\203\211c\216Qf)(\004JD\037(p;a\231\26102g""; "
1750587321820,1750587321820,0,1,3,1,TMValidation,"validation: """"\200\000\000\001&\000\000\000\023)/\352\2249:v|\203\267)\257\206\032Q\370\361\367\235\210sr\037\032`/X%b\364\000\2261<\024n\271\n\247\213\340ngjzz\321P\027\000\000\000\000\000\000\000\000\000\000\000\000\000\000\000\000\000\000\000\000\000\000\000\000\000\000\000\000\000\000\000\000P\031\025{\341\203\016\355Wm\222\t\022+\207\321\343}^\317s\206\320\316\221\322\t\214\257\211\366S\177\277s!\003.\200\224\215?)t\306\315\242\313\251\255\302\204=\232.\271%}\013\024s\024\002@\216l""\241FvG0E\002!\000\346P\310\t\267t&\021\221\270C\235\216\353\032\326\237dP:@\215\315m\201Q\325\304\376]i\212\002 \016\274\013K\026p\333\346]J$\203\211c\216Qf)(\004JD\037(p;a\231\26102g""; ","validation: """"\200\000\000\001&\000\000\000\023)/\352\2249:v|\203\267)\257\206\032Q\370\361\367\235\210sr\037\032`/X%b\364\000\2261<\024n\271\n\247\213\340ngjzz\321P\027\000\000\000\000\000\000\000\000\000\000\000\000\000\000\000\000\000\000\000\000\000\000\000\000\000\000\000\000\000\000\000\000P\031\025{\341\203\016\355Wm\222\t\022+\207\321\343}^\317s\206\320\316\221\322\t\214\257\211\366S\177\277s!\003.\200\224\215?)t\306\315\242\313\251\255\302\204=\232.\271%}\013\024s\024\002@\216l""\241FvG0E\002!\000\346P\310\t\267t&\021\221\270C\235\216\353\032\326\237dP:@\215\315m\201Q\325\304\376]i\212\002 \016\274\013K\026p\333\346]J$\203\211c\216Qf)(\004JD\037(p;a\231\26102g""; "
1750587321820,1750587321820,0,1,3,2,TMValidation,"validation: """"\200\000\000\001&\000\000\000\023)/\352\2249:v|\203\267)\257\206\032Q\370\361\367\235\210sr\037\032`/X%b\364\000\2261<\024n\271\n\247\213\340ngjzz\321P\027\000\000\000\000\000\000\000\000\000\000\000\000\000\000\000\000\000\000\000\000\000\000\000\000\000\000\000\000\000\000\000\000P\031\025{\341\203\016\355Wm\222\t\022+\207\321\343}^\317s\206\320\316\221\322\t\214\257\211\366S\177\277s!\003.\200\224\215?)t\306\315\242\313\251\255\302\204=\232.\271%}\013\024s\024\002@\216l""\241FvG0E\002!\000\346P\310\t\267t&\021\221\270C\235\216\353\032\326\237dP:@\215\315m\201Q\325\304\376]i\212\002 \016\274\013K\026p\333\346]J$\203\211c\216Qf)(\004JD\037(p;a\231\26102g""; ","validation: """"\200\000\000\001&\000\000\000\023)/\352\2249:v|\203\267)\257\206\032Q\370\361\367\235\210sr\037\032`/X%b\364\000\2261<\024n\271\n\247\213\340ngjzz\321P\027\000\000\000\000\000\000\000\000\000\000\000\000\000\000\000\000\000\000\000\000\000\000\000\000\000\000\000\000\000\000\000\000P\031\025{\341\203\016\355Wm\222\t\022+\207\321\343}^\317s\206\320\316\221\322\t\214\257\211\366S\177\277s!\003.\200\224\215?)t\306\315\242\313\251\255\302\204=\232.\271%}\013\024s\024\002@\216l""\241FvG0E\002!\000\346P\310\t\267t&\021\221\270C\235\216\353\032\326\237dP:@\215\315m\201Q\325\304\376]i\212\002 \016\274\013K\026p\333\346]J$\203\211c\216Qf)(\004JD\037(p;a\231\26102g""; "
1750587321820,1750587321821,0,1,2,3,TMValidation,"validation: """"\200\000\000\001&\000\000\000\023)/\352\2249:v|\203\267)\257\206\032Q\370\361\367\235\210sr\037\032`/X%b\364\000\2261<\024n\271\n\247\213\340ngjzz\321P\027\000\000\000\000\000\000\000\000\000\000\000\000\000\000\000\000\000\000\000\000\000\000\000\000\000\000\000\000\000\000\000\000P\031\025{\341\203\016\355Wm\222\t\022+\207\321\343}^\317s\206\320\316\221\322\t\214\257\211\366S\177\277s!\003.\200\224\215?)t\306\315\242\313\251\255\302\204=\232.\271%}\013\024s\024\002@\216l""\241FvG0E\002!\000\346P\310\t\267t&\021\221\270C\235\216\353\032\326\237dP:@\215\315m\201Q\325\304\376]i\212\002 \016\274\013K\026p\333\346]J$\203\211c\216Qf)(\004JD\037(p;a\231\26102g""; ","validation: """"\200\000\000\001&\000\000\000\023)/\352\2249:v|\203\267)\257\206\032Q\370\361\367\235\210sr\037\032`/X%b\364\000\2261<\024n\271\n\247\213\340ngjzz\321P\027\000\000\000\000\000\000\000\000\000\000\000\000\000\000\000\000\000\000\000\000\000\000\000\000\000\000\000\000\000\000\000\000P\031\025{\341\203\016\355Wm\222\t\022+\207\321\343}^\317s\206\320\316\221\322\t\214\257\211\366S\177\277s!\003.\200\224\215?)t\306\315\242\313\251\255\302\204=\232.\271%}\013\024s\024\002@\216l""\241FvG0E\002!\000\346P\310\t\267t&\021\221\270C\235\216\353\032\326\237dP:@\215\315m\201Q\325\304\376]i\212\002 \016\274\013K\026p\333\346]J$\203\211c\216Qf)(\004JD\037(p;a\231\26102g""; "
1750587321821,1750587321821,0,1,0,2,TMValidation,"validation: """"\200\000\000\001&\000\000\000\023)/\352\2249:v|\203\267)\257\206\032Q\370\361\367\235\210sr\037\032`/X%b\364\000\2261<\024n\271\n\247\213\340ngjzz\321P\027\000\000\000\000\000\000\000\000\000\000\000\000\000\000\000\000\000\000\000\000\000\000\000\000\000\000\000\000\000\000\000\000P\031\025{\341\203\016\355Wm\222\t\022+\207\321\343}^\317s\206\320\316\221\322\t\214\257\211\366S\177\277s!\003.\200\224\215?)t\306\315\242\313\251\255\302\204=\232.\271%}\013\024s\024\002@\216l""\241FvG0E\002!\000\346P\310\t\267t&\021\221\270C\235\216\353\032\326\237dP:@\215\315m\201Q\325\304\376]i\212\002 \016\274\013K\026p\333\346]J$\203\211c\216Qf)(\004JD\037(p;a\231\26102g""; ","validation: """"\200\000\000\001&\000\000\000\023)/\352\2249:v|\203\267)\257\206\032Q\370\361\367\235\210sr\037\032`/X%b\364\000\2261<\024n\271\n\247\213\340ngjzz\321P\027\000\000\000\000\000\000\000\000\000\000\000\000\000\000\000\000\000\000\000\000\000\000\000\000\000\000\000\000\000\000\000\000P\031\025{\341\203\016\355Wm\222\t\022+\207\321\343}^\317s\206\320\316\221\322\t\214\257\211\366S\177\277s!\003.\200\224\215?)t\306\315\242\313\251\255\302\204=\232.\271%}\013\024s\024\002@\216l""\241FvG0E\002!\000\346P\310\t\267t&\021\221\270C\235\216\353\032\326\237dP:@\215\315m\201Q\325\304\376]i\212\002 \016\274\013K\026p\333\346]J$\203\211c\216Qf)(\004JD\037(p;a\231\26102g""; "
1750587321821,1750587321821,0,1,2,0,TMValidation,"validation: """"\200\000\000\001&\000\000\000\023)/\352\2249:v|\203\267)\257\206\032Q\370\361\367\235\210sr\037\032`/X%b\364\000\2261<\024n\271\n\247\213\340ngjzz\321P\027\000\000\000\000\000\000\000\000\000\000\000\000\000\000\000\000\000\000\000\000\000\000\000\000\000\000\000\000\000\000\000\000P\031\025{\341\203\016\355Wm\222\t\022+\207\321\343}^\317s\206\320\316\221\322\t\214\257\211\366S\177\277s!\003.\200\224\215?)t\306\315\242\313\251\255\302\204=\232.\271%}\013\024s\024\002@\216l""\241FvG0E\002!\000\346P\310\t\267t&\021\221\270C\235\216\353\032\326\237dP:@\215\315m\201Q\325\304\376]i\212\002 \016\274\013K\026p\333\346]J$\203\211c\216Qf)(\004JD\037(p;a\231\26102g""; ","validation: """"\200\000\000\001&\000\000\000\023)/\352\2249:v|\203\267)\257\206\032Q\370\361\367\235\210sr\037\032`/X%b\364\000\2261<\024n\271\n\247\213\340ngjzz\321P\027\000\000\000\000\000\000\000\000\000\000\000\000\000\000\000\000\000\000\000\000\000\000\000\000\000\000\000\000\000\000\000\000P\031\025{\341\203\016\355Wm\222\t\022+\207\321\343}^\317s\206\320\316\221\322\t\214\257\211\366S\177\277s!\003.\200\224\215?)t\306\315\242\313\251\255\302\204=\232.\271%}\013\024s\024\002@\216l""\241FvG0E\002!\000\346P\310\t\267t&\021\221\270C\235\216\353\032\326\237dP:@\215\315m\201Q\325\304\376]i\212\002 \016\274\013K\026p\333\346]J$\203\211c\216Qf)(\004JD\037(p;a\231\26102g""; "
1750587321822,1750587321822,0,1,1,3,TMValidation,"validation: """"\200\000\000\001&\000\000\000\023)/\352\2249:v|\203\267)\257\206\032Q\370\361\367\235\210sr\037\032`/X%b\364\000\2261<\024n\271\n\247\213\340ngjzz\321P\027\000\000\000\000\000\000\000\000\000\000\000\000\000\000\000\000\000\000\000\000\000\000\000\000\000\000\000\000\000\000\000\000P\031\025{\341\203\016\355Wm\222\t\022+\207\321\343}^\317s\206\320\316\221\322\t\214\257\211\366S\177\277s!\003.\200\224\215?)t\306\315\242\313\251\255\302\204=\232.\271%}\013\024s\024\002@\216l""\241FvG0E\002!\000\346P\310\t\267t&\021\221\270C\235\216\353\032\326\237dP:@\215\315m\201Q\325\304\376]i\212\002 \016\274\013K\026p\333\346]J$\203\211c\216Qf)(\004JD\037(p;a\231\26102g""; ","validation: """"\200\000\000\001&\000\000\000\023)/\352\2249:v|\203\267)\257\206\032Q\370\361\367\235\210sr\037\032`/X%b\364\000\2261<\024n\271\n\247\213\340ngjzz\321P\027\000\000\000\000\000\000\000\000\000\000\000\000\000\000\000\000\000\000\000\000\000\000\000\000\000\000\000\000\000\000\000\000P\031\025{\341\203\016\355Wm\222\t\022+\207\321\343}^\317s\206\320\316\221\322\t\214\257\211\366S\177\277s!\003.\200\224\215?)t\306\315\242\313\251\255\302\204=\232.\271%}\013\024s\024\002@\216l""\241FvG0E\002!\000\346P\310\t\267t&\021\221\270C\235\216\353\032\326\237dP:@\215\315m\201Q\325\304\376]i\212\002 \016\274\013K\026p\333\346]J$\203\211c\216Qf)(\004JD\037(p;a\231\26102g""; "
1750587321822,1750587321822,0,1,1,2,TMValidation,"validation: """"\200\000\000\001&\000\000\000\023)/\352\2249:v|\203\267)\257\206\032Q\370\361\367\235\210sr\037\032`/X%b\364\000\2261<\024n\271\n\247\213\340ngjzz\321P\027\000\000\000\000\000\000\000\000\000\000\000\000\000\000\000\000\000\000\000\000\000\000\000\000\000\000\000\000\000\000\000\000P\031\025{\341\203\016\355Wm\222\t\022+\207\321\343}^\317s\206\320\316\221\322\t\214\257\211\366S\177\277s!\003.\200\224\215?)t\306\315\242\313\251\255\302\204=\232.\271%}\013\024s\024\002@\216l""\241FvG0E\002!\000\346P\310\t\267t&\021\221\270C\235\216\353\032\326\237dP:@\215\315m\201Q\325\304\376]i\212\002 \016\274\013K\026p\333\346]J$\203\211c\216Qf)(\004JD\037(p;a\231\26102g""; ","validation: """"\200\000\000\001&\000\000\000\023)/\352\2249:v|\203\267)\257\206\032Q\370\361\367\235\210sr\037\032`/X%b\364\000\2261<\024n\271\n\247\213\340ngjzz\321P\027\000\000\000\000\000\000\000\000\000\000\000\000\000\000\000\000\000\000\000\000\000\000\000\000\000\000\000\000\000\000\000\000P\031\025{\341\203\016\355Wm\222\t\022+\207\321\343}^\317s\206\320\316\221\322\t\214\257\211\366S\177\277s!\003.\200\224\215?)t\306\315\242\313\251\255\302\204=\232.\271%}\013\024s\024\002@\216l""\241FvG0E\002!\000\346P\310\t\267t&\021\221\270C\235\216\353\032\326\237dP:@\215\315m\201Q\325\304\376]i\212\002 \016\274\013K\026p\333\346]J$\203\211c\216Qf)(\004JD\037(p;a\231\26102g""; "
1750587321822,1750587321822,0,1,1,0,TMValidation,"validation: """"\200\000\000\001&\000\000\000\023)/\352\2249:v|\203\267)\257\206\032Q\370\361\367\235\210sr\037\032`/X%b\364\000\2261<\024n\271\n\247\213\340ngjzz\321P\027\000\000\000\000\000\000\000\000\000\000\000\000\000\000\000\000\000\000\000\000\000\000\000\000\000\000\000\000\000\000\000\000P\031\025{\341\203\016\355Wm\222\t\022+\207\321\343}^\317s\206\320\316\221\322\t\214\257\211\366S\177\277s!\003.\200\224\215?)t\306\315\242\313\251\255\302\204=\232.\271%}\013\024s\024\002@\216l""\241FvG0E\002!\000\346P\310\t\267t&\021\221\270C\235\216\353\032\326\237dP:@\215\315m\201Q\325\304\376]i\212\002 \016\274\013K\026p\333\346]J$\203\211c\216Qf)(\004JD\037(p;a\231\26102g""; ","validation: """"\200\000\000\001&\000\000\000\023)/\352\2249:v|\203\267)\257\206\032Q\370\361\367\235\210sr\037\032`/X%b\364\000\2261<\024n\271\n\247\213\340ngjzz\321P\027\000\000\000\000\000\000\000\000\000\000\000\000\000\000\000\000\000\000\000\000\000\000\000\000\000\000\000\000\000\000\000\000P\031\025{\341\203\016\355Wm\222\t\022+\207\321\343}^\317s\206\320\316\221\322\t\214\257\211\366S\177\277s!\003.\200\224\215?)t\306\315\242\313\251\255\302\204=\232.\271%}\013\024s\024\002@\216l""\241FvG0E\002!\000\346P\310\t\267t&\021\221\270C\235\216\353\032\326\237dP:@\215\315m\201Q\325\304\376]i\212\002 \016\274\013K\026p\333\346]J$\203\211c\216Qf)(\004JD\037(p;a\231\26102g""; "
1750587321890,1750587321890,0,1,3,4,TMProposeSet,"proposeSeq: 0; currentTxHash: ""\000\000\000\000\000\000\000\000\000\000\000\000\000\000\000\000\000\000\000\000\000\000\000\000\000\000\000\000\000\000\000\000""; nodePubKey: ""\003\325Q\255\224\274R@\312\253\262\347\352\034\346\347\242\215,\312\376=\277\353{\350\225\301\305`^, ""; closeTime: 803902521; signature: ""0D\002 ,`\333/LQ\010\326\337`(\365\316f\032\370\021[\232\034#r\010\223\342\341\0010*\0257\201\002 n\340\334U\032\344o\347\324\311\313f\246Z\216\215\242\034R\250\360\270\311\312Q9nT\003h)/""; previousledger: ""\370\361\367\235\210sr\037\032`/X%b\364\000\2261<\024n\271\n\247\213\340ngjzz\321""; ","proposeSeq: 0; currentTxHash: ""\000\000\000\000\000\000\000\000\000\000\000\000\000\000\000\000\000\000\000\000\000\000\000\000\000\000\000\000\000\000\000\000""; nodePubKey: ""\003\325Q\255\224\274R@\312\253\262\347\352\034\346\347\242\215,\312\376=\277\353{\350\225\301\305`^, ""; closeTime: 803902521; signature: ""0D\002 ,`\333/LQ\010\326\337`(\365\316f\032\370\021[\232\034#r\010\223\342\341\0010*\0257\201\002 n\340\334U\032\344o\347\324\311\313f\246Z\216\215\242\034R\250\360\270\311\312Q9nT\003h)/""; previousledger: ""\370\361\367\235\210sr\037\032`/X%b\364\000\2261<\024n\271\n\247\213\340ngjzz\321""; "
1750587321893,1750587321893,0,1,4,1,TMProposeSet,"proposeSeq: 0; currentTxHash: ""\000\000\000\000\000\000\000\000\000\000\000\000\000\000\000\000\000\000\000\000\000\000\000\000\000\000\000\000\000\000\000\000""; nodePubKey: ""\003\325Q\255\224\274R@\312\253\262\347\352\034\346\347\242\215,\312\376=\277\353{\350\225\301\305`^, ""; closeTime: 803902521; signature: ""0D\002 ,`\333/LQ\010\326\337`(\365\316f\032\370\021[\232\034#r\010\223\342\341\0010*\0257\201\002 n\340\334U\032\344o\347\324\311\313f\246Z\216\215\242\034R\250\360\270\311\312Q9nT\003h)/""; previousledger: ""\370\361\367\235\210sr\037\032`/X%b\364\000\2261<\024n\271\n\247\213\340ngjzz\321""; ","proposeSeq: 0; currentTxHash: ""\000\000\000\000\000\000\000\000\000\000\000\000\000\000\000\000\000\000\000\000\000\000\000\000\000\000\000\000\000\000\000\000""; nodePubKey: ""\003\325Q\255\224\274R@\312\253\262\347\352\034\346\347\242\215,\312\376=\277\353{\350\225\301\305`^, ""; closeTime: 803902521; signature: ""0D\002 ,`\333/LQ\010\326\337`(\365\316f\032\370\021[\232\034#r\010\223\342\341\0010*\0257\201\002 n\340\334U\032\344o\347\324\311\313f\246Z\216\215\242\034R\250\360\270\311\312Q9nT\003h)/""; previousledger: ""\370\361\367\235\210sr\037\032`/X%b\364\000\2261<\024n\271\n\247\213\340ngjzz\321""; "
1750587321894,1750587321894,0,1,4,2,TMProposeSet,"proposeSeq: 0; currentTxHash: ""\000\000\000\000\000\000\000\000\000\000\000\000\000\000\000\000\000\000\000\000\000\000\000\000\000\000\000\000\000\000\000\000""; nodePubKey: ""\003\325Q\255\224\274R@\312\253\262\347\352\034\346\347\242\215,\312\376=\277\353{\350\225\301\305`^, ""; closeTime: 803902521; signature: ""0D\002 ,`\333/LQ\010\326\337`(\365\316f\032\370\021[\232\034#r\010\223\342\341\0010*\0257\201\002 n\340\334U\032\344o\347\324\311\313f\246Z\216\215\242\034R\250\360\270\311\312Q9nT\003h)/""; previousledger: ""\370\361\367\235\210sr\037\032`/X%b\364\000\2261<\024n\271\n\247\213\340ngjzz\321""; ","proposeSeq: 0; currentTxHash: ""\000\000\000\000\000\000\000\000\000\000\000\000\000\000\000\000\000\000\000\000\000\000\000\000\000\000\000\000\000\000\000\000""; nodePubKey: ""\003\325Q\255\224\274R@\312\253\262\347\352\034\346\347\242\215,\312\376=\277\353{\350\225\301\305`^, ""; closeTime: 803902521; signature: ""0D\002 ,`\333/LQ\010\326\337`(\365\316f\032\370\021[\232\034#r\010\223\342\341\0010*\0257\201\002 n\340\334U\032\344o\347\324\311\313f\246Z\216\215\242\034R\250\360\270\311\312Q9nT\003h)/""; previousledger: ""\370\361\367\235\210sr\037\032`/X%b\364\000\2261<\024n\271\n\247\213\340ngjzz\321""; "
1750587321894,1750587321894,0,1,4,0,TMProposeSet,"proposeSeq: 0; currentTxHash: ""\000\000\000\000\000\000\000\000\000\000\000\000\000\000\000\000\000\000\000\000\000\000\000\000\000\000\000\000\000\000\000\000""; nodePubKey: ""\003\325Q\255\224\274R@\312\253\262\347\352\034\346\347\242\215,\312\376=\277\353{\350\225\301\305`^, ""; closeTime: 803902521; signature: ""0D\002 ,`\333/LQ\010\326\337`(\365\316f\032\370\021[\232\034#r\010\223\342\341\0010*\0257\201\002 n\340\334U\032\344o\347\324\311\313f\246Z\216\215\242\034R\250\360\270\311\312Q9nT\003h)/""; previousledger: ""\370\361\367\235\210sr\037\032`/X%b\364\000\2261<\024n\271\n\247\213\340ngjzz\321""; ","proposeSeq: 0; currentTxHash: ""\000\000\000\000\000\000\000\000\000\000\000\000\000\000\000\000\000\000\000\000\000\000\000\000\000\000\000\000\000\000\000\000""; nodePubKey: ""\003\325Q\255\224\274R@\312\253\262\347\352\034\346\347\242\215,\312\376=\277\353{\350\225\301\305`^, ""; closeTime: 803902521; signature: ""0D\002 ,`\333/LQ\010\326\337`(\365\316f\032\370\021[\232\034#r\010\223\342\341\0010*\0257\201\002 n\340\334U\032\344o\347\324\311\313f\246Z\216\215\242\034R\250\360\270\311\312Q9nT\003h)/""; previousledger: ""\370\361\367\235\210sr\037\032`/X%b\364\000\2261<\024n\271\n\247\213\340ngjzz\321""; "
1750587321896,1750587321896,0,1,1,3,TMProposeSet,"proposeSeq: 0; currentTxHash: ""\000\000\000\000\000\000\000\000\000\000\000\000\000\000\000\000\000\000\000\000\000\000\000\000\000\000\000\000\000\000\000\000""; nodePubKey: ""\003\325Q\255\224\274R@\312\253\262\347\352\034\346\347\242\215,\312\376=\277\353{\350\225\301\305`^, ""; closeTime: 803902521; signature: ""0D\002 ,`\333/LQ\010\326\337`(\365\316f\032\370\021[\232\034#r\010\223\342\341\0010*\0257\201\002 n\340\334U\032\344o\347\324\311\313f\246Z\216\215\242\034R\250\360\270\311\312Q9nT\003h)/""; previousledger: ""\370\361\367\235\210sr\037\032`/X%b\364\000\2261<\024n\271\n\247\213\340ngjzz\321""; ","proposeSeq: 0; currentTxHash: ""\000\000\000\000\000\000\000\000\000\000\000\000\000\000\000\000\000\000\000\000\000\000\000\000\000\000\000\000\000\000\000\000""; nodePubKey: ""\003\325Q\255\224\274R@\312\253\262\347\352\034\346\347\242\215,\312\376=\277\353{\350\225\301\305`^, ""; closeTime: 803902521; signature: ""0D\002 ,`\333/LQ\010\326\337`(\365\316f\032\370\021[\232\034#r\010\223\342\341\0010*\0257\201\002 n\340\334U\032\344o\347\324\311\313f\246Z\216\215\242\034R\250\360\270\311\312Q9nT\003h)/""; previousledger: ""\370\361\367\235\210sr\037\032`/X%b\364\000\2261<\024n\271\n\247\213\340ngjzz\321""; "
1750587321896,1750587321896,0,1,1,2,TMProposeSet,"proposeSeq: 0; currentTxHash: ""\000\000\000\000\000\000\000\000\000\000\000\000\000\000\000\000\000\000\000\000\000\000\000\000\000\000\000\000\000\000\000\000""; nodePubKey: ""\003\325Q\255\224\274R@\312\253\262\347\352\034\346\347\242\215,\312\376=\277\353{\350\225\301\305`^, ""; closeTime: 803902521; signature: ""0D\002 ,`\333/LQ\010\326\337`(\365\316f\032\370\021[\232\034#r\010\223\342\341\0010*\0257\201\002 n\340\334U\032\344o\347\324\311\313f\246Z\216\215\242\034R\250\360\270\311\312Q9nT\003h)/""; previousledger: ""\370\361\367\235\210sr\037\032`/X%b\364\000\2261<\024n\271\n\247\213\340ngjzz\321""; ","proposeSeq: 0; currentTxHash: ""\000\000\000\000\000\000\000\000\000\000\000\000\000\000\000\000\000\000\000\000\000\000\000\000\000\000\000\000\000\000\000\000""; nodePubKey: ""\003\325Q\255\224\274R@\312\253\262\347\352\034\346\347\242\215,\312\376=\277\353{\350\225\301\305`^, ""; closeTime: 803902521; signature: ""0D\002 ,`\333/LQ\010\326\337`(\365\316f\032\370\021[\232\034#r\010\223\342\341\0010*\0257\201\002 n\340\334U\032\344o\347\324\311\313f\246Z\216\215\242\034R\250\360\270\311\312Q9nT\003h)/""; previousledger: ""\370\361\367\235\210sr\037\032`/X%b\364\000\2261<\024n\271\n\247\213\340ngjzz\321""; "
1750587321897,1750587321897,0,1,2,1,TMProposeSet,"proposeSeq: 0; currentTxHash: ""\000\000\000\000\000\000\000\000\000\000\000\000\000\000\000\000\000\000\000\000\000\000\000\000\000\000\000\000\000\000\000\000""; nodePubKey: ""\003\325Q\255\224\274R@\312\253\262\347\352\034\346\347\242\215,\312\376=\277\353{\350\225\301\305`^, ""; closeTime: 803902521; signature: ""0D\002 ,`\333/LQ\010\326\337`(\365\316f\032\370\021[\232\034#r\010\223\342\341\0010*\0257\201\002 n\340\334U\032\344o\347\324\311\313f\246Z\216\215\242\034R\250\360\270\311\312Q9nT\003h)/""; previousledger: ""\370\361\367\235\210sr\037\032`/X%b\364\000\2261<\024n\271\n\247\213\340ngjzz\321""; ","proposeSeq: 0; currentTxHash: ""\000\000\000\000\000\000\000\000\000\000\000\000\000\000\000\000\000\000\000\000\000\000\000\000\000\000\000\000\000\000\000\000""; nodePubKey: ""\003\325Q\255\224\274R@\312\253\262\347\352\034\346\347\242\215,\312\376=\277\353{\350\225\301\305`^, ""; closeTime: 803902521; signature: ""0D\002 ,`\333/LQ\010\326\337`(\365\316f\032\370\021[\232\034#r\010\223\342\341\0010*\0257\201\002 n\340\334U\032\344o\347\324\311\313f\246Z\216\215\242\034R\250\360\270\311\312Q9nT\003h)/""; previousledger: ""\370\361\367\235\210sr\037\032`/X%b\364\000\2261<\024n\271\n\247\213\340ngjzz\321""; "
1750587321897,1750587321898,0,1,1,0,TMProposeSet,"proposeSeq: 0; currentTxHash: ""\000\000\000\000\000\000\000\000\000\000\000\000\000\000\000\000\000\000\000\000\000\000\000\000\000\000\000\000\000\000\000\000""; nodePubKey: ""\003\325Q\255\224\274R@\312\253\262\347\352\034\346\347\242\215,\312\376=\277\353{\350\225\301\305`^, ""; closeTime: 803902521; signature: ""0D\002 ,`\333/LQ\010\326\337`(\365\316f\032\370\021[\232\034#r\010\223\342\341\0010*\0257\201\002 n\340\334U\032\344o\347\324\311\313f\246Z\216\215\242\034R\250\360\270\311\312Q9nT\003h)/""; previousledger: ""\370\361\367\235\210sr\037\032`/X%b\364\000\2261<\024n\271\n\247\213\340ngjzz\321""; ","proposeSeq: 0; currentTxHash: ""\000\000\000\000\000\000\000\000\000\000\000\000\000\000\000\000\000\000\000\000\000\000\000\000\000\000\000\000\000\000\000\000""; nodePubKey: ""\003\325Q\255\224\274R@\312\253\262\347\352\034\346\347\242\215,\312\376=\277\353{\350\225\301\305`^, ""; closeTime: 803902521; signature: ""0D\002 ,`\333/LQ\010\326\337`(\365\316f\032\370\021[\232\034#r\010\223\342\341\0010*\0257\201\002 n\340\334U\032\344o\347\324\311\313f\246Z\216\215\242\034R\250\360\270\311\312Q9nT\003h)/""; previousledger: ""\370\361\367\235\210sr\037\032`/X%b\364\000\2261<\024n\271\n\247\213\340ngjzz\321""; "
1750587321898,1750587321898,0,1,2,0,TMProposeSet,"proposeSeq: 0; currentTxHash: ""\000\000\000\000\000\000\000\000\000\000\000\000\000\000\000\000\000\000\000\000\000\000\000\000\000\000\000\000\000\000\000\000""; nodePubKey: ""\003\325Q\255\224\274R@\312\253\262\347\352\034\346\347\242\215,\312\376=\277\353{\350\225\301\305`^, ""; closeTime: 803902521; signature: ""0D\002 ,`\333/LQ\010\326\337`(\365\316f\032\370\021[\232\034#r\010\223\342\341\0010*\0257\201\002 n\340\334U\032\344o\347\324\311\313f\246Z\216\215\242\034R\250\360\270\311\312Q9nT\003h)/""; previousledger: ""\370\361\367\235\210sr\037\032`/X%b\364\000\2261<\024n\271\n\247\213\340ngjzz\321""; ","proposeSeq: 0; currentTxHash: ""\000\000\000\000\000\000\000\000\000\000\000\000\000\000\000\000\000\000\000\000\000\000\000\000\000\000\000\000\000\000\000\000""; nodePubKey: ""\003\325Q\255\224\274R@\312\253\262\347\352\034\346\347\242\215,\312\376=\277\353{\350\225\301\305`^, ""; closeTime: 803902521; signature: ""0D\002 ,`\333/LQ\010\326\337`(\365\316f\032\370\021[\232\034#r\010\223\342\341\0010*\0257\201\002 n\340\334U\032\344o\347\324\311\313f\246Z\216\215\242\034R\250\360\270\311\312Q9nT\003h)/""; previousledger: ""\370\361\367\235\210sr\037\032`/X%b\364\000\2261<\024n\271\n\247\213\340ngjzz\321""; "
1750587321899,1750587321899,0,1,2,3,TMProposeSet,"proposeSeq: 0; currentTxHash: ""\000\000\000\000\000\000\000\000\000\000\000\000\000\000\000\000\000\000\000\000\000\000\000\000\000\000\000\000\000\000\000\000""; nodePubKey: ""\003\325Q\255\224\274R@\312\253\262\347\352\034\346\347\242\215,\312\376=\277\353{\350\225\301\305`^, ""; closeTime: 803902521; signature: ""0D\002 ,`\333/LQ\010\326\337`(\365\316f\032\370\021[\232\034#r\010\223\342\341\0010*\0257\201\002 n\340\334U\032\344o\347\324\311\313f\246Z\216\215\242\034R\250\360\270\311\312Q9nT\003h)/""; previousledger: ""\370\361\367\235\210sr\037\032`/X%b\364\000\2261<\024n\271\n\247\213\340ngjzz\321""; ","proposeSeq: 0; currentTxHash: ""\000\000\000\000\000\000\000\000\000\000\000\000\000\000\000\000\000\000\000\000\000\000\000\000\000\000\000\000\000\000\000\000""; nodePubKey: ""\003\325Q\255\224\274R@\312\253\262\347\352\034\346\347\242\215,\312\376=\277\353{\350\225\301\305`^, ""; closeTime: 803902521; signature: ""0D\002 ,`\333/LQ\010\326\337`(\365\316f\032\370\021[\232\034#r\010\223\342\341\0010*\0257\201\002 n\340\334U\032\344o\347\324\311\313f\246Z\216\215\242\034R\250\360\270\311\312Q9nT\003h)/""; previousledger: ""\370\361\367\235\210sr\037\032`/X%b\364\000\2261<\024n\271\n\247\213\340ngjzz\321""; "
1750587321899,1750587321899,0,1,0,2,TMProposeSet,"proposeSeq: 0; currentTxHash: ""\000\000\000\000\000\000\000\000\000\000\000\000\000\000\000\000\000\000\000\000\000\000\000\000\000\000\000\000\000\000\000\000""; nodePubKey: ""\003\325Q\255\224\274R@\312\253\262\347\352\034\346\347\242\215,\312\376=\277\353{\350\225\301\305`^, ""; closeTime: 803902521; signature: ""0D\002 ,`\333/LQ\010\326\337`(\365\316f\032\370\021[\232\034#r\010\223\342\341\0010*\0257\201\002 n\340\334U\032\344o\347\324\311\313f\246Z\216\215\242\034R\250\360\270\311\312Q9nT\003h)/""; previousledger: ""\370\361\367\235\210sr\037\032`/X%b\364\000\2261<\024n\271\n\247\213\340ngjzz\321""; ","proposeSeq: 0; currentTxHash: ""\000\000\000\000\000\000\000\000\000\000\000\000\000\000\000\000\000\000\000\000\000\000\000\000\000\000\000\000\000\000\000\000""; nodePubKey: ""\003\325Q\255\224\274R@\312\253\262\347\352\034\346\347\242\215,\312\376=\277\353{\350\225\301\305`^, ""; closeTime: 803902521; signature: ""0D\002 ,`\333/LQ\010\326\337`(\365\316f\032\370\021[\232\034#r\010\223\342\341\0010*\0257\201\002 n\340\334U\032\344o\347\324\311\313f\246Z\216\215\242\034R\250\360\270\311\312Q9nT\003h)/""; previousledger: ""\370\361\367\235\210sr\037\032`/X%b\364\000\2261<\024n\271\n\247\213\340ngjzz\321""; "
1750587321899,1750587321900,0,1,0,3,TMProposeSet,"proposeSeq: 0; currentTxHash: ""\000\000\000\000\000\000\000\000\000\000\000\000\000\000\000\000\000\000\000\000\000\000\000\000\000\000\000\000\000\000\000\000""; nodePubKey: ""\003\325Q\255\224\274R@\312\253\262\347\352\034\346\347\242\215,\312\376=\277\353{\350\225\301\305`^, ""; closeTime: 803902521; signature: ""0D\002 ,`\333/LQ\010\326\337`(\365\316f\032\370\021[\232\034#r\010\223\342\341\0010*\0257\201\002 n\340\334U\032\344o\347\324\311\313f\246Z\216\215\242\034R\250\360\270\311\312Q9nT\003h)/""; previousledger: ""\370\361\367\235\210sr\037\032`/X%b\364\000\2261<\024n\271\n\247\213\340ngjzz\321""; ","proposeSeq: 0; currentTxHash: ""\000\000\000\000\000\000\000\000\000\000\000\000\000\000\000\000\000\000\000\000\000\000\000\000\000\000\000\000\000\000\000\000""; nodePubKey: ""\003\325Q\255\224\274R@\312\253\262\347\352\034\346\347\242\215,\312\376=\277\353{\350\225\301\305`^, ""; closeTime: 803902521; signature: ""0D\002 ,`\333/LQ\010\326\337`(\365\316f\032\370\021[\232\034#r\010\223\342\341\0010*\0257\201\002 n\340\334U\032\344o\347\324\311\313f\246Z\216\215\242\034R\250\360\270\311\312Q9nT\003h)/""; previousledger: ""\370\361\367\235\210sr\037\032`/X%b\364\000\2261<\024n\271\n\247\213\340ngjzz\321""; "
1750587321900,1750587321900,0,1,0,1,TMProposeSet,"proposeSeq: 0; currentTxHash: ""\000\000\000\000\000\000\000\000\000\000\000\000\000\000\000\000\000\000\000\000\000\000\000\000\000\000\000\000\000\000\000\000""; nodePubKey: ""\003\325Q\255\224\274R@\312\253\262\347\352\034\346\347\242\215,\312\376=\277\353{\350\225\301\305`^, ""; closeTime: 803902521; signature: ""0D\002 ,`\333/LQ\010\326\337`(\365\316f\032\370\021[\232\034#r\010\223\342\341\0010*\0257\201\002 n\340\334U\032\344o\347\324\311\313f\246Z\216\215\242\034R\250\360\270\311\312Q9nT\003h)/""; previousledger: ""\370\361\367\235\210sr\037\032`/X%b\364\000\2261<\024n\271\n\247\213\340ngjzz\321""; ","proposeSeq: 0; currentTxHash: ""\000\000\000\000\000\000\000\000\000\000\000\000\000\000\000\000\000\000\000\000\000\000\000\000\000\000\000\000\000\000\000\000""; nodePubKey: ""\003\325Q\255\224\274R@\312\253\262\347\352\034\346\347\242\215,\312\376=\277\353{\350\225\301\305`^, ""; closeTime: 803902521; signature: ""0D\002 ,`\333/LQ\010\326\337`(\365\316f\032\370\021[\232\034#r\010\223\342\341\0010*\0257\201\002 n\340\334U\032\344o\347\324\311\313f\246Z\216\215\242\034R\250\360\270\311\312Q9nT\003h)/""; previousledger: ""\370\361\367\235\210sr\037\032`/X%b\364\000\2261<\024n\271\n\247\213\340ngjzz\321""; "
1750587321901,1750587321901,0,1,3,1,TMProposeSet,"proposeSeq: 0; currentTxHash: ""\000\000\000\000\000\000\000\000\000\000\000\000\000\000\000\000\000\000\000\000\000\000\000\000\000\000\000\000\000\000\000\000""; nodePubKey: ""\003\325Q\255\224\274R@\312\253\262\347\352\034\346\347\242\215,\312\376=\277\353{\350\225\301\305`^, ""; closeTime: 803902521; signature: ""0D\002 ,`\333/LQ\010\326\337`(\365\316f\032\370\021[\232\034#r\010\223\342\341\0010*\0257\201\002 n\340\334U\032\344o\347\324\311\313f\246Z\216\215\242\034R\250\360\270\311\312Q9nT\003h)/""; previousledger: ""\370\361\367\235\210sr\037\032`/X%b\364\000\2261<\024n\271\n\247\213\340ngjzz\321""; ","proposeSeq: 0; currentTxHash: ""\000\000\000\000\000\000\000\000\000\000\000\000\000\000\000\000\000\000\000\000\000\000\000\000\000\000\000\000\000\000\000\000""; nodePubKey: ""\003\325Q\255\224\274R@\312\253\262\347\352\034\346\347\242\215,\312\376=\277\353{\350\225\301\305`^, ""; closeTime: 803902521; signature: ""0D\002 ,`\333/LQ\010\326\337`(\365\316f\032\370\021[\232\034#r\010\223\342\341\0010*\0257\201\002 n\340\334U\032\344o\347\324\311\313f\246Z\216\215\242\034R\250\360\270\311\312Q9nT\003h)/""; previousledger: ""\370\361\367\235\210sr\037\032`/X%b\364\000\2261<\024n\271\n\247\213\340ngjzz\321""; "
1750587321905,1750587321906,0,1,3,2,TMProposeSet,"proposeSeq: 0; currentTxHash: ""\000\000\000\000\000\000\000\000\000\000\000\000\000\000\000\000\000\000\000\000\000\000\000\000\000\000\000\000\000\000\000\000""; nodePubKey: ""\003\325Q\255\224\274R@\312\253\262\347\352\034\346\347\242\215,\312\376=\277\353{\350\225\301\305`^, ""; closeTime: 803902521; signature: ""0D\002 ,`\333/LQ\010\326\337`(\365\316f\032\370\021[\232\034#r\010\223\342\341\0010*\0257\201\002 n\340\334U\032\344o\347\324\311\313f\246Z\216\215\242\034R\250\360\270\311\312Q9nT\003h)/""; previousledger: ""\370\361\367\235\210sr\037\032`/X%b\364\000\2261<\024n\271\n\247\213\340ngjzz\321""; ","proposeSeq: 0; currentTxHash: ""\000\000\000\000\000\000\000\000\000\000\000\000\000\000\000\000\000\000\000\000\000\000\000\000\000\000\000\000\000\000\000\000""; nodePubKey: ""\003\325Q\255\224\274R@\312\253\262\347\352\034\346\347\242\215,\312\376=\277\353{\350\225\301\305`^, ""; closeTime: 803902521; signature: ""0D\002 ,`\333/LQ\010\326\337`(\365\316f\032\370\021[\232\034#r\010\223\342\341\0010*\0257\201\002 n\340\334U\032\344o\347\324\311\313f\246Z\216\215\242\034R\250\360\270\311\312Q9nT\003h)/""; previousledger: ""\370\361\367\235\210sr\037\032`/X%b\364\000\2261<\024n\271\n\247\213\340ngjzz\321""; "
1750587321907,1750587321907,0,1,3,0,TMProposeSet,"proposeSeq: 0; currentTxHash: ""\000\000\000\000\000\000\000\000\000\000\000\000\000\000\000\000\000\000\000\000\000\000\000\000\000\000\000\000\000\000\000\000""; nodePubKey: ""\003\325Q\255\224\274R@\312\253\262\347\352\034\346\347\242\215,\312\376=\277\353{\350\225\301\305`^, ""; closeTime: 803902521; signature: ""0D\002 ,`\333/LQ\010\326\337`(\365\316f\032\370\021[\232\034#r\010\223\342\341\0010*\0257\201\002 n\340\334U\032\344o\347\324\311\313f\246Z\216\215\242\034R\250\360\270\311\312Q9nT\003h)/""; previousledger: ""\370\361\367\235\210sr\037\032`/X%b\364\000\2261<\024n\271\n\247\213\340ngjzz\321""; ","proposeSeq: 0; currentTxHash: ""\000\000\000\000\000\000\000\000\000\000\000\000\000\000\000\000\000\000\000\000\000\000\000\000\000\000\000\000\000\000\000\000""; nodePubKey: ""\003\325Q\255\224\274R@\312\253\262\347\352\034\346\347\242\215,\312\376=\277\353{\350\225\301\305`^, ""; closeTime: 803902521; signature: ""0D\002 ,`\333/LQ\010\326\337`(\365\316f\032\370\021[\232\034#r\010\223\342\341\0010*\0257\201\002 n\340\334U\032\344o\347\324\311\313f\246Z\216\215\242\034R\250\360\270\311\312Q9nT\003h)/""; previousledger: ""\370\361\367\235\210sr\037\032`/X%b\364\000\2261<\024n\271\n\247\213\340ngjzz\321""; "
1750587321889,1750587321934,0,1,3,2,TMStatusChange,"newEvent: neCLOSING_LEDGER; ledgerSeq: 19; ledgerHash: ""\370\361\367\235\210sr\037\032`/X%b\364\000\2261<\024n\271\n\247\213\340ngjzz\321""; ledgerHashPrevious: ""\025{\341\203\016\355Wm\222\t\022+\207\321\343}^\317s\206\320\316\221\322\t\214\257\211\366S\177\277""; networkTime: 803902521; firstSeq: 9; lastSeq: 19; ","newEvent: neCLOSING_LEDGER; ledgerSeq: 19; ledgerHash: ""\370\361\367\235\210sr\037\032`/X%b\364\000\2261<\024n\271\n\247\213\340ngjzz\321""; ledgerHashPrevious: ""\025{\341\203\016\355Wm\222\t\022+\207\321\343}^\317s\206\320\316\221\322\t\214\257\211\366S\177\277""; networkTime: 803902521; firstSeq: 9; lastSeq: 19; "
1750587321891,1750587321934,0,1,3,1,TMStatusChange,"newEvent: neCLOSING_LEDGER; ledgerSeq: 19; ledgerHash: ""\370\361\367\235\210sr\037\032`/X%b\364\000\2261<\024n\271\n\247\213\340ngjzz\321""; ledgerHashPrevious: ""\025{\341\203\016\355Wm\222\t\022+\207\321\343}^\317s\206\320\316\221\322\t\214\257\211\366S\177\277""; networkTime: 803902521; firstSeq: 9; lastSeq: 19; ","newEvent: neCLOSING_LEDGER; ledgerSeq: 19; ledgerHash: ""\370\361\367\235\210sr\037\032`/X%b\364\000\2261<\024n\271\n\247\213\340ngjzz\321""; ledgerHashPrevious: ""\025{\341\203\016\355Wm\222\t\022+\207\321\343}^\317s\206\320\316\221\322\t\214\257\211\366S\177\277""; networkTime: 803902521; firstSeq: 9; lastSeq: 19; "
1750587321891,1750587321934,0,1,3,4,TMStatusChange,"newEvent: neCLOSING_LEDGER; ledgerSeq: 19; ledgerHash: ""\370\361\367\235\210sr\037\032`/X%b\364\000\2261<\024n\271\n\247\213\340ngjzz\321""; ledgerHashPrevious: ""\025{\341\203\016\355Wm\222\t\022+\207\321\343}^\317s\206\320\316\221\322\t\214\257\211\366S\177\277""; networkTime: 803902521; firstSeq: 9; lastSeq: 19; ","newEvent: neCLOSING_LEDGER; ledgerSeq: 19; ledgerHash: ""\370\361\367\235\210sr\037\032`/X%b\364\000\2261<\024n\271\n\247\213\340ngjzz\321""; ledgerHashPrevious: ""\025{\341\203\016\355Wm\222\t\022+\207\321\343}^\317s\206\320\316\221\322\t\214\257\211\366S\177\277""; networkTime: 803902521; firstSeq: 9; lastSeq: 19; "
1750587321891,1750587321935,0,1,3,0,TMStatusChange,"newEvent: neCLOSING_LEDGER; ledgerSeq: 19; ledgerHash: ""\370\361\367\235\210sr\037\032`/X%b\364\000\2261<\024n\271\n\247\213\340ngjzz\321""; ledgerHashPrevious: ""\025{\341\203\016\355Wm\222\t\022+\207\321\343}^\317s\206\320\316\221\322\t\214\257\211\366S\177\277""; networkTime: 803902521; firstSeq: 9; lastSeq: 19; ","newEvent: neCLOSING_LEDGER; ledgerSeq: 19; ledgerHash: ""\370\361\367\235\210sr\037\032`/X%b\364\000\2261<\024n\271\n\247\213\340ngjzz\321""; ledgerHashPrevious: ""\025{\341\203\016\355Wm\222\t\022+\207\321\343}^\317s\206\320\316\221\322\t\214\257\211\366S\177\277""; networkTime: 803902521; firstSeq: 9; lastSeq: 19; "
1750587322025,1750587322026,0,1,0,4,TMProposeSet,"proposeSeq: 0; currentTxHash: ""\000\000\000\000\000\000\000\000\000\000\000\000\000\000\000\000\000\000\000\000\000\000\000\000\000\000\000\000\000\000\000\000""; nodePubKey: ""\002\347\243J\206W\025ML\260\226\0163\217\250\337\325W\253\356*O\245Z\271\234\207C\274\375`\335\311""; closeTime: 803902522; signature: ""0D\002 O\367(\351""\371I\213!\2444\305\262\345KJo\013\365/\013\242\014K\274B-\205!gUF\002 )\275\341)\210\350*\025j`v\020\2506/\234\233k\220\313\245\215\262\232\0306\354\210\006\3672%""; previousledger: ""\370\361\367\235\210sr\037\032`/X%b\364\000\2261<\024n\271\n\247\213\340ngjzz\321""; ","proposeSeq: 0; currentTxHash: ""\000\000\000\000\000\000\000\000\000\000\000\000\000\000\000\000\000\000\000\000\000\000\000\000\000\000\000\000\000\000\000\000""; nodePubKey: ""\002\347\243J\206W\025ML\260\226\0163\217\250\337\325W\253\356*O\245Z\271\234\207C\274\375`\335\311""; closeTime: 803902522; signature: ""0D\002 O\367(\351""\371I\213!\2444\305\262\345KJo\013\365/\013\242\014K\274B-\205!gUF\002 )\275\341)\210\350*\025j`v\020\2506/\234\233k\220\313\245\215\262\232\0306\354\210\006\3672%""; previousledger: ""\370\361\367\235\210sr\037\032`/X%b\364\000\2261<\024n\271\n\247\213\340ngjzz\321""; "
1750587322028,1750587322028,0,1,4,2,TMProposeSet,"proposeSeq: 0; currentTxHash: ""\000\000\000\000\000\000\000\000\000\000\000\000\000\000\000\000\000\000\000\000\000\000\000\000\000\000\000\000\000\000\000\000""; nodePubKey: ""\002\347\243J\206W\025ML\260\226\0163\217\250\337\325W\253\356*O\245Z\271\234\207C\274\375`\335\311""; closeTime: 803902522; signature: ""0D\002 O\367(\351""\371I\213!\2444\305\262\345KJo\013\365/\013\242\014K\274B-\205!gUF\002 )\275\341)\210\350*\025j`v\020\2506/\234\233k\220\313\245\215\262\232\0306\354\210\006\3672%""; previousledger: ""\370\361\367\235\210sr\037\032`/X%b\364\000\2261<\024n\271\n\247\213\340ngjzz\321""; ","proposeSeq: 0; currentTxHash: ""\000\000\000\000\000\000\000\000\000\000\000\000\000\000\000\000\000\000\000\000\000\000\000\000\000\000\000\000\000\000\000\000""; nodePubKey: ""\002\347\243J\206W\025ML\260\226\0163\217\250\337\325W\253\356*O\245Z\271\234\207C\274\375`\335\311""; closeTime: 803902522; signature: ""0D\002 O\367(\351""\371I\213!\2444\305\262\345KJo\013\365/\013\242\014K\274B-\205!gUF\002 )\275\341)\210\350*\025j`v\020\2506/\234\233k\220\313\245\215\262\232\0306\354\210\006\3672%""; previousledger: ""\370\361\367\235\210sr\037\032`/X%b\364\000\2261<\024n\271\n\247\213\340ngjzz\321""; "
1750587322029,1750587322029,0,1,4,3,TMProposeSet,"proposeSeq: 0; currentTxHash: ""\000\000\000\000\000\000\000\000\000\000\000\000\000\000\000\000\000\000\000\000\000\000\000\000\000\000\000\000\000\000\000\000""; nodePubKey: ""\002\347\243J\206W\025ML\260\226\0163\217\250\337\325W\253\356*O\245Z\271\234\207C\274\375`\335\311""; closeTime: 803902522; signature: ""0D\002 O\367(\351""\371I\213!\2444\305\262\345KJo\013\365/\013\242\014K\274B-\205!gUF\002 )\275\341)\210\350*\025j`v\020\2506/\234\233k\220\313\245\215\262\232\0306\354\210\006\3672%""; previousledger: ""\370\361\367\235\210sr\037\032`/X%b\364\000\2261<\024n\271\n\247\213\340ngjzz\321""; ","proposeSeq: 0; currentTxHash: ""\000\000\000\000\000\000\000\000\000\000\000\000\000\000\000\000\000\000\000\000\000\000\000\000\000\000\000\000\000\000\000\000""; nodePubKey: ""\002\347\243J\206W\025ML\260\226\0163\217\250\337\325W\253\356*O\245Z\271\234\207C\274\375`\335\311""; closeTime: 803902522; signature: ""0D\002 O\367(\351""\371I\213!\2444\305\262\345KJo\013\365/\013\242\014K\274B-\205!gUF\002 )\275\341)\210\350*\025j`v\020\2506/\234\233k\220\313\245\215\262\232\0306\354\210\006\3672%""; previousledger: ""\370\361\367\235\210sr\037\032`/X%b\364\000\2261<\024n\271\n\247\213\340ngjzz\321""; "
1750587322029,1750587322029,0,1,4,1,TMProposeSet,"proposeSeq: 0; currentTxHash: ""\000\000\000\000\000\000\000\000\000\000\000\000\000\000\000\000\000\000\000\000\000\000\000\000\000\000\000\000\000\000\000\000""; nodePubKey: ""\002\347\243J\206W\025ML\260\226\0163\217\250\337\325W\253\356*O\245Z\271\234\207C\274\375`\335\311""; closeTime: 803902522; signature: ""0D\002 O\367(\351""\371I\213!\2444\305\262\345KJo\013\365/\013\242\014K\274B-\205!gUF\002 )\275\341)\210\350*\025j`v\020\2506/\234\233k\220\313\245\215\262\232\0306\354\210\006\3672%""; previousledger: ""\370\361\367\235\210sr\037\032`/X%b\364\000\2261<\024n\271\n\247\213\340ngjzz\321""; ","proposeSeq: 0; currentTxHash: ""\000\000\000\000\000\000\000\000\000\000\000\000\000\000\000\000\000\000\000\000\000\000\000\000\000\000\000\000\000\000\000\000""; nodePubKey: ""\002\347\243J\206W\025ML\260\226\0163\217\250\337\325W\253\356*O\245Z\271\234\207C\274\375`\335\311""; closeTime: 803902522; signature: ""0D\002 O\367(\351""\371I\213!\2444\305\262\345KJo\013\365/\013\242\014K\274B-\205!gUF\002 )\275\341)\210\350*\025j`v\020\2506/\234\233k\220\313\245\215\262\232\0306\354\210\006\3672%""; previousledger: ""\370\361\367\235\210sr\037\032`/X%b\364\000\2261<\024n\271\n\247\213\340ngjzz\321""; "
1750587322031,1750587322031,0,1,2,3,TMProposeSet,"proposeSeq: 0; currentTxHash: ""\000\000\000\000\000\000\000\000\000\000\000\000\000\000\000\000\000\000\000\000\000\000\000\000\000\000\000\000\000\000\000\000""; nodePubKey: ""\002\347\243J\206W\025ML\260\226\0163\217\250\337\325W\253\356*O\245Z\271\234\207C\274\375`\335\311""; closeTime: 803902522; signature: ""0D\002 O\367(\351""\371I\213!\2444\305\262\345KJo\013\365/\013\242\014K\274B-\205!gUF\002 )\275\341)\210\350*\025j`v\020\2506/\234\233k\220\313\245\215\262\232\0306\354\210\006\3672%""; previousledger: ""\370\361\367\235\210sr\037\032`/X%b\364\000\2261<\024n\271\n\247\213\340ngjzz\321""; ","proposeSeq: 0; currentTxHash: ""\000\000\000\000\000\000\000\000\000\000\000\000\000\000\000\000\000\000\000\000\000\000\000\000\000\000\000\000\000\000\000\000""; nodePubKey: ""\002\347\243J\206W\025ML\260\226\0163\217\250\337\325W\253\356*O\245Z\271\234\207C\274\375`\335\311""; closeTime: 803902522; signature: ""0D\002 O\367(\351""\371I\213!\2444\305\262\345KJo\013\365/\013\242\014K\274B-\205!gUF\002 )\275\341)\210\350*\025j`v\020\2506/\234\233k\220\313\245\215\262\232\0306\354\210\006\3672%""; previousledger: ""\370\361\367\235\210sr\037\032`/X%b\364\000\2261<\024n\271\n\247\213\340ngjzz\321""; "
1750587322031,1750587322031,0,1,2,0,TMProposeSet,"proposeSeq: 0; currentTxHash: ""\000\000\000\000\000\000\000\000\000\000\000\000\000\000\000\000\000\000\000\000\000\000\000\000\000\000\000\000\000\000\000\000""; nodePubKey: ""\002\347\243J\206W\025ML\260\226\0163\217\250\337\325W\253\356*O\245Z\271\234\207C\274\375`\335\311""; closeTime: 803902522; signature: ""0D\002 O\367(\351""\371I\213!\2444\305\262\345KJo\013\365/\013\242\014K\274B-\205!gUF\002 )\275\341)\210\350*\025j`v\020\2506/\234\233k\220\313\245\215\262\232\0306\354\210\006\3672%""; previousledger: ""\370\361\367\235\210sr\037\032`/X%b\364\000\2261<\024n\271\n\247\213\340ngjzz\321""; ","proposeSeq: 0; currentTxHash: ""\000\000\000\000\000\000\000\000\000\000\000\000\000\000\000\000\000\000\000\000\000\000\000\000\000\000\000\000\000\000\000\000""; nodePubKey: ""\002\347\243J\206W\025ML\260\226\0163\217\250\337\325W\253\356*O\245Z\271\234\207C\274\375`\335\311""; closeTime: 803902522; signature: ""0D\002 O\367(\351""\371I\213!\2444\305\262\345KJo\013\365/\013\242\014K\274B-\205!gUF\002 )\275\341)\210\350*\025j`v\020\2506/\234\233k\220\313\245\215\262\232\0306\354\210\006\3672%""; previousledger: ""\370\361\367\235\210sr\037\032`/X%b\364\000\2261<\024n\271\n\247\213\340ngjzz\321""; "
1750587322032,1750587322032,0,1,2,1,TMProposeSet,"proposeSeq: 0; currentTxHash: ""\000\000\000\000\000\000\000\000\000\000\000\000\000\000\000\000\000\000\000\000\000\000\000\000\000\000\000\000\000\000\000\000""; nodePubKey: ""\002\347\243J\206W\025ML\260\226\0163\217\250\337\325W\253\356*O\245Z\271\234\207C\274\375`\335\311""; closeTime: 803902522; signature: ""0D\002 O\367(\351""\371I\213!\2444\305\262\345KJo\013\365/\013\242\014K\274B-\205!gUF\002 )\275\341)\210\350*\025j`v\020\2506/\234\233k\220\313\245\215\262\232\0306\354\210\006\3672%""; previousledger: ""\370\361\367\235\210sr\037\032`/X%b\364\000\2261<\024n\271\n\247\213\340ngjzz\321""; ","proposeSeq: 0; currentTxHash: ""\000\000\000\000\000\000\000\000\000\000\000\000\000\000\000\000\000\000\000\000\000\000\000\000\000\000\000\000\000\000\000\000""; nodePubKey: ""\002\347\243J\206W\025ML\260\226\0163\217\250\337\325W\253\356*O\245Z\271\234\207C\274\375`\335\311""; closeTime: 803902522; signature: ""0D\002 O\367(\351""\371I\213!\2444\305\262\345KJo\013\365/\013\242\014K\274B-\205!gUF\002 )\275\341)\210\350*\025j`v\020\2506/\234\233k\220\313\245\215\262\232\0306\354\210\006\3672%""; previousledger: ""\370\361\367\235\210sr\037\032`/X%b\364\000\2261<\024n\271\n\247\213\340ngjzz\321""; "
1750587322032,1750587322032,0,1,3,1,TMProposeSet,"proposeSeq: 0; currentTxHash: ""\000\000\000\000\000\000\000\000\000\000\000\000\000\000\000\000\000\000\000\000\000\000\000\000\000\000\000\000\000\000\000\000""; nodePubKey: ""\002\347\243J\206W\025ML\260\226\0163\217\250\337\325W\253\356*O\245Z\271\234\207C\274\375`\335\311""; closeTime: 803902522; signature: ""0D\002 O\367(\351""\371I\213!\2444\305\262\345KJo\013\365/\013\242\014K\274B-\205!gUF\002 )\275\341)\210\350*\025j`v\020\2506/\234\233k\220\313\245\215\262\232\0306\354\210\006\3672%""; previousledger: ""\370\361\367\235\210sr\037\032`/X%b\364\000\2261<\024n\271\n\247\213\340ngjzz\321""; ","proposeSeq: 0; currentTxHash: ""\000\000\000\000\000\000\000\000\000\000\000\000\000\000\000\000\000\000\000\000\000\000\000\000\000\000\000\000\000\000\000\000""; nodePubKey: ""\002\347\243J\206W\025ML\260\226\0163\217\250\337\325W\253\356*O\245Z\271\234\207C\274\375`\335\311""; closeTime: 803902522; signature: ""0D\002 O\367(\351""\371I\213!\2444\305\262\345KJo\013\365/\013\242\014K\274B-\205!gUF\002 )\275\341)\210\350*\025j`v\020\2506/\234\233k\220\313\245\215\262\232\0306\354\210\006\3672%""; previousledger: ""\370\361\367\235\210sr\037\032`/X%b\364\000\2261<\024n\271\n\247\213\340ngjzz\321""; "
1750587322033,1750587322033,0,1,1,2,TMProposeSet,"proposeSeq: 0; currentTxHash: ""\000\000\000\000\000\000\000\000\000\000\000\000\000\000\000\000\000\000\000\000\000\000\000\000\000\000\000\000\000\000\000\000""; nodePubKey: ""\002\347\243J\206W\025ML\260\226\0163\217\250\337\325W\253\356*O\245Z\271\234\207C\274\375`\335\311""; closeTime: 803902522; signature: ""0D\002 O\367(\351""\371I\213!\2444\305\262\345KJo\013\365/\013\242\014K\274B-\205!gUF\002 )\275\341)\210\350*\025j`v\020\2506/\234\233k\220\313\245\215\262\232\0306\354\210\006\3672%""; previousledger: ""\370\361\367\235\210sr\037\032`/X%b\364\000\2261<\024n\271\n\247\213\340ngjzz\321""; ","proposeSeq: 0; currentTxHash: ""\000\000\000\000\000\000\000\000\000\000\000\000\000\000\000\000\000\000\000\000\000\000\000\000\000\000\000\000\000\000\000\000""; nodePubKey: ""\002\347\243J\206W\025ML\260\226\0163\217\250\337\325W\253\356*O\245Z\271\234\207C\274\375`\335\311""; closeTime: 803902522; signature: ""0D\002 O\367(\351""\371I\213!\2444\305\262\345KJo\013\365/\013\242\014K\274B-\205!gUF\002 )\275\341)\210\350*\025j`v\020\2506/\234\233k\220\313\245\215\262\232\0306\354\210\006\3672%""; previousledger: ""\370\361\367\235\210sr\037\032`/X%b\364\000\2261<\024n\271\n\247\213\340ngjzz\321""; "
1750587322034,1750587322034,0,1,3,2,TMProposeSet,"proposeSeq: 0; currentTxHash: ""\000\000\000\000\000\000\000\000\000\000\000\000\000\000\000\000\000\000\000\000\000\000\000\000\000\000\000\000\000\000\000\000""; nodePubKey: ""\002\347\243J\206W\025ML\260\226\0163\217\250\337\325W\253\356*O\245Z\271\234\207C\274\375`\335\311""; closeTime: 803902522; signature: ""0D\002 O\367(\351""\371I\213!\2444\305\262\345KJo\013\365/\013\242\014K\274B-\205!gUF\002 )\275\341)\210\350*\025j`v\020\2506/\234\233k\220\313\245\215\262\232\0306\354\210\006\3672%""; previousledger: ""\370\361\367\235\210sr\037\032`/X%b\364\000\2261<\024n\271\n\247\213\340ngjzz\321""; ","proposeSeq: 0; currentTxHash: ""\000\000\000\000\000\000\000\000\000\000\000\000\000\000\000\000\000\000\000\000\000\000\000\000\000\000\000\000\000\000\000\000""; nodePubKey: ""\002\347\243J\206W\025ML\260\226\0163\217\250\337\325W\253\356*O\245Z\271\234\207C\274\375`\335\311""; closeTime: 803902522; signature: ""0D\002 O\367(\351""\371I\213!\2444\305\262\345KJo\013\365/\013\242\014K\274B-\205!gUF\002 )\275\341)\210\350*\025j`v\020\2506/\234\233k\220\313\245\215\262\232\0306\354\210\006\3672%""; previousledger: ""\370\361\367\235\210sr\037\032`/X%b\364\000\2261<\024n\271\n\247\213\340ngjzz\321""; "
1750587322034,1750587322034,0,1,1,0,TMProposeSet,"proposeSeq: 0; currentTxHash: ""\000\000\000\000\000\000\000\000\000\000\000\000\000\000\000\000\000\000\000\000\000\000\000\000\000\000\000\000\000\000\000\000""; nodePubKey: ""\002\347\243J\206W\025ML\260\226\0163\217\250\337\325W\253\356*O\245Z\271\234\207C\274\375`\335\311""; closeTime: 803902522; signature: ""0D\002 O\367(\351""\371I\213!\2444\305\262\345KJo\013\365/\013\242\014K\274B-\205!gUF\002 )\275\341)\210\350*\025j`v\020\2506/\234\233k\220\313\245\215\262\232\0306\354\210\006\3672%""; previousledger: ""\370\361\367\235\210sr\037\032`/X%b\364\000\2261<\024n\271\n\247\213\340ngjzz\321""; ","proposeSeq: 0; currentTxHash: ""\000\000\000\000\000\000\000\000\000\000\000\000\000\000\000\000\000\000\000\000\000\000\000\000\000\000\000\000\000\000\000\000""; nodePubKey: ""\002\347\243J\206W\025ML\260\226\0163\217\250\337\325W\253\356*O\245Z\271\234\207C\274\375`\335\311""; closeTime: 803902522; signature: ""0D\002 O\367(\351""\371I\213!\2444\305\262\345KJo\013\365/\013\242\014K\274B-\205!gUF\002 )\275\341)\210\350*\025j`v\020\2506/\234\233k\220\313\245\215\262\232\0306\354\210\006\3672%""; previousledger: ""\370\361\367\235\210sr\037\032`/X%b\364\000\2261<\024n\271\n\247\213\340ngjzz\321""; "
1750587322035,1750587322035,0,1,3,0,TMProposeSet,"proposeSeq: 0; currentTxHash: ""\000\000\000\000\000\000\000\000\000\000\000\000\000\000\000\000\000\000\000\000\000\000\000\000\000\000\000\000\000\000\000\000""; nodePubKey: ""\002\347\243J\206W\025ML\260\226\0163\217\250\337\325W\253\356*O\245Z\271\234\207C\274\375`\335\311""; closeTime: 803902522; signature: ""0D\002 O\367(\351""\371I\213!\2444\305\262\345KJo\013\365/\013\242\014K\274B-\205!gUF\002 )\275\341)\210\350*\025j`v\020\2506/\234\233k\220\313\245\215\262\232\0306\354\210\006\3672%""; previousledger: ""\370\361\367\235\210sr\037\032`/X%b\364\000\2261<\024n\271\n\247\213\340ngjzz\321""; ","proposeSeq: 0; currentTxHash: ""\000\000\000\000\000\000\000\000\000\000\000\000\000\000\000\000\000\000\000\000\000\000\000\000\000\000\000\000\000\000\000\000""; nodePubKey: ""\002\347\243J\206W\025ML\260\226\0163\217\250\337\325W\253\356*O\245Z\271\234\207C\274\375`\335\311""; closeTime: 803902522; signature: ""0D\002 O\367(\351""\371I\213!\2444\305\262\345KJo\013\365/\013\242\014K\274B-\205!gUF\002 )\275\341)\210\350*\025j`v\020\2506/\234\233k\220\313\245\215\262\232\0306\354\210\006\3672%""; previousledger: ""\370\361\367\235\210sr\037\032`/X%b\364\000\2261<\024n\271\n\247\213\340ngjzz\321""; "
1750587322035,1750587322036,0,1,1,3,TMProposeSet,"proposeSeq: 0; currentTxHash: ""\000\000\000\000\000\000\000\000\000\000\000\000\000\000\000\000\000\000\000\000\000\000\000\000\000\000\000\000\000\000\000\000""; nodePubKey: ""\002\347\243J\206W\025ML\260\226\0163\217\250\337\325W\253\356*O\245Z\271\234\207C\274\375`\335\311""; closeTime: 803902522; signature: ""0D\002 O\367(\351""\371I\213!\2444\305\262\345KJo\013\365/\013\242\014K\274B-\205!gUF\002 )\275\341)\210\350*\025j`v\020\2506/\234\233k\220\313\245\215\262\232\0306\354\210\006\3672%""; previousledger: ""\370\361\367\235\210sr\037\032`/X%b\364\000\2261<\024n\271\n\247\213\340ngjzz\321""; ","proposeSeq: 0; currentTxHash: ""\000\000\000\000\000\000\000\000\000\000\000\000\000\000\000\000\000\000\000\000\000\000\000\000\000\000\000\000\000\000\000\000""; nodePubKey: ""\002\347\243J\206W\025ML\260\226\0163\217\250\337\325W\253\356*O\245Z\271\234\207C\274\375`\335\311""; closeTime: 803902522; signature: ""0D\002 O\367(\351""\371I\213!\2444\305\262\345KJo\013\365/\013\242\014K\274B-\205!gUF\002 )\275\341)\210\350*\025j`v\020\2506/\234\233k\220\313\245\215\262\232\0306\354\210\006\3672%""; previousledger: ""\370\361\367\235\210sr\037\032`/X%b\364\000\2261<\024n\271\n\247\213\340ngjzz\321""; "
1750587322036,1750587322036,0,1,0,2,TMProposeSet,"proposeSeq: 0; currentTxHash: ""\000\000\000\000\000\000\000\000\000\000\000\000\000\000\000\000\000\000\000\000\000\000\000\000\000\000\000\000\000\000\000\000""; nodePubKey: ""\002\347\243J\206W\025ML\260\226\0163\217\250\337\325W\253\356*O\245Z\271\234\207C\274\375`\335\311""; closeTime: 803902522; signature: ""0D\002 O\367(\351""\371I\213!\2444\305\262\345KJo\013\365/\013\242\014K\274B-\205!gUF\002 )\275\341)\210\350*\025j`v\020\2506/\234\233k\220\313\245\215\262\232\0306\354\210\006\3672%""; previousledger: ""\370\361\367\235\210sr\037\032`/X%b\364\000\2261<\024n\271\n\247\213\340ngjzz\321""; ","proposeSeq: 0; currentTxHash: ""\000\000\000\000\000\000\000\000\000\000\000\000\000\000\000\000\000\000\000\000\000\000\000\000\000\000\000\000\000\000\000\000""; nodePubKey: ""\002\347\243J\206W\025ML\260\226\0163\217\250\337\325W\253\356*O\245Z\271\234\207C\274\375`\335\311""; closeTime: 803902522; signature: ""0D\002 O\367(\351""\371I\213!\2444\305\262\345KJo\013\365/\013\242\014K\274B-\205!gUF\002 )\275\341)\210\350*\025j`v\020\2506/\234\233k\220\313\245\215\262\232\0306\354\210\006\3672%""; previousledger: ""\370\361\367\235\210sr\037\032`/X%b\364\000\2261<\024n\271\n\247\213\340ngjzz\321""; "
1750587322038,1750587322038,0,1,0,1,TMProposeSet,"proposeSeq: 0; currentTxHash: ""\000\000\000\000\000\000\000\000\000\000\000\000\000\000\000\000\000\000\000\000\000\000\000\000\000\000\000\000\000\000\000\000""; nodePubKey: ""\002\347\243J\206W\025ML\260\226\0163\217\250\337\325W\253\356*O\245Z\271\234\207C\274\375`\335\311""; closeTime: 803902522; signature: ""0D\002 O\367(\351""\371I\213!\2444\305\262\345KJo\013\365/\013\242\014K\274B-\205!gUF\002 )\275\341)\210\350*\025j`v\020\2506/\234\233k\220\313\245\215\262\232\0306\354\210\006\3672%""; previousledger: ""\370\361\367\235\210sr\037\032`/X%b\364\000\2261<\024n\271\n\247\213\340ngjzz\321""; ","proposeSeq: 0; currentTxHash: ""\000\000\000\000\000\000\000\000\000\000\000\000\000\000\000\000\000\000\000\000\000\000\000\000\000\000\000\000\000\000\000\000""; nodePubKey: ""\002\347\243J\206W\025ML\260\226\0163\217\250\337\325W\253\356*O\245Z\271\234\207C\274\375`\335\311""; closeTime: 803902522; signature: ""0D\002 O\367(\351""\371I\213!\2444\305\262\345KJo\013\365/\013\242\014K\274B-\205!gUF\002 )\275\341)\210\350*\025j`v\020\2506/\234\233k\220\313\245\215\262\232\0306\354\210\006\3672%""; previousledger: ""\370\361\367\235\210sr\037\032`/X%b\364\000\2261<\024n\271\n\247\213\340ngjzz\321""; "
1750587322039,1750587322039,0,1,0,3,TMProposeSet,"proposeSeq: 0; currentTxHash: ""\000\000\000\000\000\000\000\000\000\000\000\000\000\000\000\000\000\000\000\000\000\000\000\000\000\000\000\000\000\000\000\000""; nodePubKey: ""\002\347\243J\206W\025ML\260\226\0163\217\250\337\325W\253\356*O\245Z\271\234\207C\274\375`\335\311""; closeTime: 803902522; signature: ""0D\002 O\367(\351""\371I\213!\2444\305\262\345KJo\013\365/\013\242\014K\274B-\205!gUF\002 )\275\341)\210\350*\025j`v\020\2506/\234\233k\220\313\245\215\262\232\0306\354\210\006\3672%""; previousledger: ""\370\361\367\235\210sr\037\032`/X%b\364\000\2261<\024n\271\n\247\213\340ngjzz\321""; ","proposeSeq: 0; currentTxHash: ""\000\000\000\000\000\000\000\000\000\000\000\000\000\000\000\000\000\000\000\000\000\000\000\000\000\000\000\000\000\000\000\000""; nodePubKey: ""\002\347\243J\206W\025ML\260\226\0163\217\250\337\325W\253\356*O\245Z\271\234\207C\274\375`\335\311""; closeTime: 803902522; signature: ""0D\002 O\367(\351""\371I\213!\2444\305\262\345KJo\013\365/\013\242\014K\274B-\205!gUF\002 )\275\341)\210\350*\025j`v\020\2506/\234\233k\220\313\245\215\262\232\0306\354\210\006\3672%""; previousledger: ""\370\361\367\235\210sr\037\032`/X%b\364\000\2261<\024n\271\n\247\213\340ngjzz\321""; "
1750587322023,1750587322085,0,1,0,2,TMStatusChange,"newEvent: neCLOSING_LEDGER; ledgerSeq: 19; ledgerHash: ""\370\361\367\235\210sr\037\032`/X%b\364\000\2261<\024n\271\n\247\213\340ngjzz\321""; ledgerHashPrevious: ""\025{\341\203\016\355Wm\222\t\022+\207\321\343}^\317s\206\320\316\221\322\t\214\257\211\366S\177\277""; networkTime: 803902522; firstSeq: 9; lastSeq: 19; ","newEvent: neCLOSING_LEDGER; ledgerSeq: 19; ledgerHash: ""\370\361\367\235\210sr\037\032`/X%b\364\000\2261<\024n\271\n\247\213\340ngjzz\321""; ledgerHashPrevious: ""\025{\341\203\016\355Wm\222\t\022+\207\321\343}^\317s\206\320\316\221\322\t\214\257\211\366S\177\277""; networkTime: 803902522; firstSeq: 9; lastSeq: 19; "
1750587322026,1750587322086,0,1,0,1,TMStatusChange,"newEvent: neCLOSING_LEDGER; ledgerSeq: 19; ledgerHash: ""\370\361\367\235\210sr\037\032`/X%b\364\000\2261<\024n\271\n\247\213\340ngjzz\321""; ledgerHashPrevious: ""\025{\341\203\016\355Wm\222\t\022+\207\321\343}^\317s\206\320\316\221\322\t\214\257\211\366S\177\277""; networkTime: 803902522; firstSeq: 9; lastSeq: 19; ","newEvent: neCLOSING_LEDGER; ledgerSeq: 19; ledgerHash: ""\370\361\367\235\210sr\037\032`/X%b\364\000\2261<\024n\271\n\247\213\340ngjzz\321""; ledgerHashPrevious: ""\025{\341\203\016\355Wm\222\t\022+\207\321\343}^\317s\206\320\316\221\322\t\214\257\211\366S\177\277""; networkTime: 803902522; firstSeq: 9; lastSeq: 19; "
1750587322026,1750587322087,0,1,0,4,TMStatusChange,"newEvent: neCLOSING_LEDGER; ledgerSeq: 19; ledgerHash: ""\370\361\367\235\210sr\037\032`/X%b\364\000\2261<\024n\271\n\247\213\340ngjzz\321""; ledgerHashPrevious: ""\025{\341\203\016\355Wm\222\t\022+\207\321\343}^\317s\206\320\316\221\322\t\214\257\211\366S\177\277""; networkTime: 803902522; firstSeq: 9; lastSeq: 19; ","newEvent: neCLOSING_LEDGER; ledgerSeq: 19; ledgerHash: ""\370\361\367\235\210sr\037\032`/X%b\364\000\2261<\024n\271\n\247\213\340ngjzz\321""; ledgerHashPrevious: ""\025{\341\203\016\355Wm\222\t\022+\207\321\343}^\317s\206\320\316\221\322\t\214\257\211\366S\177\277""; networkTime: 803902522; firstSeq: 9; lastSeq: 19; "
1750587322025,1750587322085,0,1,0,3,TMStatusChange,"newEvent: neCLOSING_LEDGER; ledgerSeq: 19; ledgerHash: ""\370\361\367\235\210sr\037\032`/X%b\364\000\2261<\024n\271\n\247\213\340ngjzz\321""; ledgerHashPrevious: ""\025{\341\203\016\355Wm\222\t\022+\207\321\343}^\317s\206\320\316\221\322\t\214\257\211\366S\177\277""; networkTime: 803902522; firstSeq: 9; lastSeq: 19; ","newEvent: neCLOSING_LEDGER; ledgerSeq: 19; ledgerHash: ""\370\361\367\235\210sr\037\032`/X%b\364\000\2261<\024n\271\n\247\213\340ngjzz\321""; ledgerHashPrevious: ""\025{\341\203\016\355Wm\222\t\022+\207\321\343}^\317s\206\320\316\221\322\t\214\257\211\366S\177\277""; networkTime: 803902522; firstSeq: 9; lastSeq: 19; "
1750587322302,1750587322303,0,1,2,4,TMProposeSet,"proposeSeq: 0; currentTxHash: ""\000\000\000\000\000\000\000\000\000\000\000\000\000\000\000\000\000\000\000\000\000\000\000\000\000\000\000\000\000\000\000\000""; nodePubKey: ""\003ql\302)\235\321\t\213\224\356\374%%\311\327\037\374\304\t\335\2359\344\233\035]\347<u\236\364\222""; closeTime: 803902522; signature: ""0E\002!\000\372\325`+\014A\005.\351.\301\330\177\256\340n\0161\330\215tw\032\227\000\266i\345d\265\007\206\002 \017\233\245\024\364\005\327UT\207 'l\373\231\203\211\021\347\302\242\262\031\320\341\264\302\326\330\247\320\t""; previousledger: ""\370\361\367\235\210sr\037\032`/X%b\364\000\2261<\024n\271\n\247\213\340ngjzz\321""; ","proposeSeq: 0; currentTxHash: ""\000\000\000\000\000\000\000\000\000\000\000\000\000\000\000\000\000\000\000\000\000\000\000\000\000\000\000\000\000\000\000\000""; nodePubKey: ""\003ql\302)\235\321\t\213\224\356\374%%\311\327\037\374\304\t\335\2359\344\233\035]\347<u\236\364\222""; closeTime: 803902522; signature: ""0E\002!\000\372\325`+\014A\005.\351.\301\330\177\256\340n\0161\330\215tw\032\227\000\266i\345d\265\007\206\002 \017\233\245\024\364\005\327UT\207 'l\373\231\203\211\021\347\302\242\262\031\320\341\264\302\326\330\247\320\t""; previousledger: ""\370\361\367\235\210sr\037\032`/X%b\364\000\2261<\024n\271\n\247\213\340ngjzz\321""; "
1750587322306,1750587322306,0,1,4,1,TMProposeSet,"proposeSeq: 0; currentTxHash: ""\000\000\000\000\000\000\000\000\000\000\000\000\000\000\000\000\000\000\000\000\000\000\000\000\000\000\000\000\000\000\000\000""; nodePubKey: ""\003ql\302)\235\321\t\213\224\356\374%%\311\327\037\374\304\t\335\2359\344\233\035]\347<u\236\364\222""; closeTime: 803902522; signature: ""0E\002!\000\372\325`+\014A\005.\351.\301\330\177\256\340n\0161\330\215tw\032\227\000\266i\345d\265\007\206\002 \017\233\245\024\364\005\327UT\207 'l\373\231\203\211\021\347\302\242\262\031\320\341\264\302\326\330\247\320\t""; previousledger: ""\370\361\367\235\210sr\037\032`/X%b\364\000\2261<\024n\271\n\247\213\340ngjzz\321""; ","proposeSeq: 0; currentTxHash: ""\000\000\000\000\000\000\000\000\000\000\000\000\000\000\000\000\000\000\000\000\000\000\000\000\000\000\000\000\000\000\000\000""; nodePubKey: ""\003ql\302)\235\321\t\213\224\356\374%%\311\327\037\374\304\t\335\2359\344\233\035]\347<u\236\364\222""; closeTime: 803902522; signature: ""0E\002!\000\372\325`+\014A\005.\351.\301\330\177\256\340n\0161\330\215tw\032\227\000\266i\345d\265\007\206\002 \017\233\245\024\364\005\327UT\207 'l\373\231\203\211\021\347\302\242\262\031\320\341\264\302\326\330\247\320\t""; previousledger: ""\370\361\367\235\210sr\037\032`/X%b\364\000\2261<\024n\271\n\247\213\340ngjzz\321""; "
1750587322307,1750587322307,0,1,4,0,TMProposeSet,"proposeSeq: 0; currentTxHash: ""\000\000\000\000\000\000\000\000\000\000\000\000\000\000\000\000\000\000\000\000\000\000\000\000\000\000\000\000\000\000\000\000""; nodePubKey: ""\003ql\302)\235\321\t\213\224\356\374%%\311\327\037\374\304\t\335\2359\344\233\035]\347<u\236\364\222""; closeTime: 803902522; signature: ""0E\002!\000\372\325`+\014A\005.\351.\301\330\177\256\340n\0161\330\215tw\032\227\000\266i\345d\265\007\206\002 \017\233\245\024\364\005\327UT\207 'l\373\231\203\211\021\347\302\242\262\031\320\341\264\302\326\330\247\320\t""; previousledger: ""\370\361\367\235\210sr\037\032`/X%b\364\000\2261<\024n\271\n\247\213\340ngjzz\321""; ","proposeSeq: 0; currentTxHash: ""\000\000\000\000\000\000\000\000\000\000\000\000\000\000\000\000\000\000\000\000\000\000\000\000\000\000\000\000\000\000\000\000""; nodePubKey: ""\003ql\302)\235\321\t\213\224\356\374%%\311\327\037\374\304\t\335\2359\344\233\035]\347<u\236\364\222""; closeTime: 803902522; signature: ""0E\002!\000\372\325`+\014A\005.\351.\301\330\177\256\340n\0161\330\215tw\032\227\000\266i\345d\265\007\206\002 \017\233\245\024\364\005\327UT\207 'l\373\231\203\211\021\347\302\242\262\031\320\341\264\302\326\330\247\320\t""; previousledger: ""\370\361\367\235\210sr\037\032`/X%b\364\000\2261<\024n\271\n\247\213\340ngjzz\321""; "
1750587322307,1750587322307,0,1,4,3,TMProposeSet,"proposeSeq: 0; currentTxHash: ""\000\000\000\000\000\000\000\000\000\000\000\000\000\000\000\000\000\000\000\000\000\000\000\000\000\000\000\000\000\000\000\000""; nodePubKey: ""\003ql\302)\235\321\t\213\224\356\374%%\311\327\037\374\304\t\335\2359\344\233\035]\347<u\236\364\222""; closeTime: 803902522; signature: ""0E\002!\000\372\325`+\014A\005.\351.\301\330\177\256\340n\0161\330\215tw\032\227\000\266i\345d\265\007\206\002 \017\233\245\024\364\005\327UT\207 'l\373\231\203\211\021\347\302\242\262\031\320\341\264\302\326\330\247\320\t""; previousledger: ""\370\361\367\235\210sr\037\032`/X%b\364\000\2261<\024n\271\n\247\213\340ngjzz\321""; ","proposeSeq: 0; currentTxHash: ""\000\000\000\000\000\000\000\000\000\000\000\000\000\000\000\000\000\000\000\000\000\000\000\000\000\000\000\000\000\000\000\000""; nodePubKey: ""\003ql\302)\235\321\t\213\224\356\374%%\311\327\037\374\304\t\335\2359\344\233\035]\347<u\236\364\222""; closeTime: 803902522; signature: ""0E\002!\000\372\325`+\014A\005.\351.\301\330\177\256\340n\0161\330\215tw\032\227\000\266i\345d\265\007\206\002 \017\233\245\024\364\005\327UT\207 'l\373\231\203\211\021\347\302\242\262\031\320\341\264\302\326\330\247\320\t""; previousledger: ""\370\361\367\235\210sr\037\032`/X%b\364\000\2261<\024n\271\n\247\213\340ngjzz\321""; "
1750587322309,1750587322309,0,1,1,3,TMProposeSet,"proposeSeq: 0; currentTxHash: ""\000\000\000\000\000\000\000\000\000\000\000\000\000\000\000\000\000\000\000\000\000\000\000\000\000\000\000\000\000\000\000\000""; nodePubKey: ""\003ql\302)\235\321\t\213\224\356\374%%\311\327\037\374\304\t\335\2359\344\233\035]\347<u\236\364\222""; closeTime: 803902522; signature: ""0E\002!\000\372\325`+\014A\005.\351.\301\330\177\256\340n\0161\330\215tw\032\227\000\266i\345d\265\007\206\002 \017\233\245\024\364\005\327UT\207 'l\373\231\203\211\021\347\302\242\262\031\320\341\264\302\326\330\247\320\t""; previousledger: ""\370\361\367\235\210sr\037\032`/X%b\364\000\2261<\024n\271\n\247\213\340ngjzz\321""; ","proposeSeq: 0; currentTxHash: ""\000\000\000\000\000\000\000\000\000\000\000\000\000\000\000\000\000\000\000\000\000\000\000\000\000\000\000\000\000\000\000\000""; nodePubKey: ""\003ql\302)\235\321\t\213\224\356\374%%\311\327\037\374\304\t\335\2359\344\233\035]\347<u\236\364\222""; closeTime: 803902522; signature: ""0E\002!\000\372\325`+\014A\005.\351.\301\330\177\256\340n\0161\330\215tw\032\227\000\266i\345d\265\007\206\002 \017\233\245\024\364\005\327UT\207 'l\373\231\203\211\021\347\302\242\262\031\320\341\264\302\326\330\247\320\t""; previousledger: ""\370\361\367\235\210sr\037\032`/X%b\364\000\2261<\024n\271\n\247\213\340ngjzz\321""; "
1750587322309,1750587322310,0,1,1,0,TMProposeSet,"proposeSeq: 0; currentTxHash: ""\000\000\000\000\000\000\000\000\000\000\000\000\000\000\000\000\000\000\000\000\000\000\000\000\000\000\000\000\000\000\000\000""; nodePubKey: ""\003ql\302)\235\321\t\213\224\356\374%%\311\327\037\374\304\t\335\2359\344\233\035]\347<u\236\364\222""; closeTime: 803902522; signature: ""0E\002!\000\372\325`+\014A\005.\351.\301\330\177\256\340n\0161\330\215tw\032\227\000\266i\345d\265\007\206\002 \017\233\245\024\364\005\327UT\207 'l\373\231\203\211\021\347\302\242\262\031\320\341\264\302\326\330\247\320\t""; previousledger: ""\370\361\367\235\210sr\037\032`/X%b\364\000\2261<\024n\271\n\247\213\340ngjzz\321""; ","proposeSeq: 0; currentTxHash: ""\000\000\000\000\000\000\000\000\000\000\000\000\000\000\000\000\000\000\000\000\000\000\000\000\000\000\000\000\000\000\000\000""; nodePubKey: ""\003ql\302)\235\321\t\213\224\356\374%%\311\327\037\374\304\t\335\2359\344\233\035]\347<u\236\364\222""; closeTime: 803902522; signature: ""0E\002!\000\372\325`+\014A\005.\351.\301\330\177\256\340n\0161\330\215tw\032\227\000\266i\345d\265\007\206\002 \017\233\245\024\364\005\327UT\207 'l\373\231\203\211\021\347\302\242\262\031\320\341\264\302\326\330\247\320\t""; previousledger: ""\370\361\367\235\210sr\037\032`/X%b\364\000\2261<\024n\271\n\247\213\340ngjzz\321""; "
1750587322311,1750587322311,0,1,0,2,TMProposeSet,"proposeSeq: 0; currentTxHash: ""\000\000\000\000\000\000\000\000\000\000\000\000\000\000\000\000\000\000\000\000\000\000\000\000\000\000\000\000\000\000\000\000""; nodePubKey: ""\003ql\302)\235\321\t\213\224\356\374%%\311\327\037\374\304\t\335\2359\344\233\035]\347<u\236\364\222""; closeTime: 803902522; signature: ""0E\002!\000\372\325`+\014A\005.\351.\301\330\177\256\340n\0161\330\215tw\032\227\000\266i\345d\265\007\206\002 \017\233\245\024\364\005\327UT\207 'l\373\231\203\211\021\347\302\242\262\031\320\341\264\302\326\330\247\320\t""; previousledger: ""\370\361\367\235\210sr\037\032`/X%b\364\000\2261<\024n\271\n\247\213\340ngjzz\321""; ","proposeSeq: 0; currentTxHash: ""\000\000\000\000\000\000\000\000\000\000\000\000\000\000\000\000\000\000\000\000\000\000\000\000\000\000\000\000\000\000\000\000""; nodePubKey: ""\003ql\302)\235\321\t\213\224\356\374%%\311\327\037\374\304\t\335\2359\344\233\035]\347<u\236\364\222""; closeTime: 803902522; signature: ""0E\002!\000\372\325`+\014A\005.\351.\301\330\177\256\340n\0161\330\215tw\032\227\000\266i\345d\265\007\206\002 \017\233\245\024\364\005\327UT\207 'l\373\231\203\211\021\347\302\242\262\031\320\341\264\302\326\330\247\320\t""; previousledger: ""\370\361\367\235\210sr\037\032`/X%b\364\000\2261<\024n\271\n\247\213\340ngjzz\321""; "
1750587322312,1750587322312,0,1,0,3,TMProposeSet,"proposeSeq: 0; currentTxHash: ""\000\000\000\000\000\000\000\000\000\000\000\000\000\000\000\000\000\000\000\000\000\000\000\000\000\000\000\000\000\000\000\000""; nodePubKey: ""\003ql\302)\235\321\t\213\224\356\374%%\311\327\037\374\304\t\335\2359\344\233\035]\347<u\236\364\222""; closeTime: 803902522; signature: ""0E\002!\000\372\325`+\014A\005.\351.\301\330\177\256\340n\0161\330\215tw\032\227\000\266i\345d\265\007\206\002 \017\233\245\024\364\005\327UT\207 'l\373\231\203\211\021\347\302\242\262\031\320\341\264\302\326\330\247\320\t""; previousledger: ""\370\361\367\235\210sr\037\032`/X%b\364\000\2261<\024n\271\n\247\213\340ngjzz\321""; ","proposeSeq: 0; currentTxHash: ""\000\000\000\000\000\000\000\000\000\000\000\000\000\000\000\000\000\000\000\000\000\000\000\000\000\000\000\000\000\000\000\000""; nodePubKey: ""\003ql\302)\235\321\t\213\224\356\374%%\311\327\037\374\304\t\335\2359\344\233\035]\347<u\236\364\222""; closeTime: 803902522; signature: ""0E\002!\000\372\325`+\014A\005.\351.\301\330\177\256\340n\0161\330\215tw\032\227\000\266i\345d\265\007\206\002 \017\233\245\024\364\005\327UT\207 'l\373\231\203\211\021\347\302\242\262\031\320\341\264\302\326\330\247\320\t""; previousledger: ""\370\361\367\235\210sr\037\032`/X%b\364\000\2261<\024n\271\n\247\213\340ngjzz\321""; "
1750587322312,1750587322312,0,1,0,1,TMProposeSet,"proposeSeq: 0; currentTxHash: ""\000\000\000\000\000\000\000\000\000\000\000\000\000\000\000\000\000\000\000\000\000\000\000\000\000\000\000\000\000\000\000\000""; nodePubKey: ""\003ql\302)\235\321\t\213\224\356\374%%\311\327\037\374\304\t\335\2359\344\233\035]\347<u\236\364\222""; closeTime: 803902522; signature: ""0E\002!\000\372\325`+\014A\005.\351.\301\330\177\256\340n\0161\330\215tw\032\227\000\266i\345d\265\007\206\002 \017\233\245\024\364\005\327UT\207 'l\373\231\203\211\021\347\302\242\262\031\320\341\264\302\326\330\247\320\t""; previousledger: ""\370\361\367\235\210sr\037\032`/X%b\364\000\2261<\024n\271\n\247\213\340ngjzz\321""; ","proposeSeq: 0; currentTxHash: ""\000\000\000\000\000\000\000\000\000\000\000\000\000\000\000\000\000\000\000\000\000\000\000\000\000\000\000\000\000\000\000\000""; nodePubKey: ""\003ql\302)\235\321\t\213\224\356\374%%\311\327\037\374\304\t\335\2359\344\233\035]\347<u\236\364\222""; closeTime: 803902522; signature: ""0E\002!\000\372\325`+\014A\005.\351.\301\330\177\256\340n\0161\330\215tw\032\227\000\266i\345d\265\007\206\002 \017\233\245\024\364\005\327UT\207 'l\373\231\203\211\021\347\302\242\262\031\320\341\264\302\326\330\247\320\t""; previousledger: ""\370\361\367\235\210sr\037\032`/X%b\364\000\2261<\024n\271\n\247\213\340ngjzz\321""; "
1750587322312,1750587322312,0,1,1,2,TMProposeSet,"proposeSeq: 0; currentTxHash: ""\000\000\000\000\000\000\000\000\000\000\000\000\000\000\000\000\000\000\000\000\000\000\000\000\000\000\000\000\000\000\000\000""; nodePubKey: ""\003ql\302)\235\321\t\213\224\356\374%%\311\327\037\374\304\t\335\2359\344\233\035]\347<u\236\364\222""; closeTime: 803902522; signature: ""0E\002!\000\372\325`+\014A\005.\351.\301\330\177\256\340n\0161\330\215tw\032\227\000\266i\345d\265\007\206\002 \017\233\245\024\364\005\327UT\207 'l\373\231\203\211\021\347\302\242\262\031\320\341\264\302\326\330\247\320\t""; previousledger: ""\370\361\367\235\210sr\037\032`/X%b\364\000\2261<\024n\271\n\247\213\340ngjzz\321""; ","proposeSeq: 0; currentTxHash: ""\000\000\000\000\000\000\000\000\000\000\000\000\000\000\000\000\000\000\000\000\000\000\000\000\000\000\000\000\000\000\000\000""; nodePubKey: ""\003ql\302)\235\321\t\213\224\356\374%%\311\327\037\374\304\t\335\2359\344\233\035]\347<u\236\364\222""; closeTime: 803902522; signature: ""0E\002!\000\372\325`+\014A\005.\351.\301\330\177\256\340n\0161\330\215tw\032\227\000\266i\345d\265\007\206\002 \017\233\245\024\364\005\327UT\207 'l\373\231\203\211\021\347\302\242\262\031\320\341\264\302\326\330\247\320\t""; previousledger: ""\370\361\367\235\210sr\037\032`/X%b\364\000\2261<\024n\271\n\247\213\340ngjzz\321""; "
1750587322312,1750587322312,0,1,3,2,TMProposeSet,"proposeSeq: 0; currentTxHash: ""\000\000\000\000\000\000\000\000\000\000\000\000\000\000\000\000\000\000\000\000\000\000\000\000\000\000\000\000\000\000\000\000""; nodePubKey: ""\003ql\302)\235\321\t\213\224\356\374%%\311\327\037\374\304\t\335\2359\344\233\035]\347<u\236\364\222""; closeTime: 803902522; signature: ""0E\002!\000\372\325`+\014A\005.\351.\301\330\177\256\340n\0161\330\215tw\032\227\000\266i\345d\265\007\206\002 \017\233\245\024\364\005\327UT\207 'l\373\231\203\211\021\347\302\242\262\031\320\341\264\302\326\330\247\320\t""; previousledger: ""\370\361\367\235\210sr\037\032`/X%b\364\000\2261<\024n\271\n\247\213\340ngjzz\321""; ","proposeSeq: 0; currentTxHash: ""\000\000\000\000\000\000\000\000\000\000\000\000\000\000\000\000\000\000\000\000\000\000\000\000\000\000\000\000\000\000\000\000""; nodePubKey: ""\003ql\302)\235\321\t\213\224\356\374%%\311\327\037\374\304\t\335\2359\344\233\035]\347<u\236\364\222""; closeTime: 803902522; signature: ""0E\002!\000\372\325`+\014A\005.\351.\301\330\177\256\340n\0161\330\215tw\032\227\000\266i\345d\265\007\206\002 \017\233\245\024\364\005\327UT\207 'l\373\231\203\211\021\347\302\242\262\031\320\341\264\302\326\330\247\320\t""; previousledger: ""\370\361\367\235\210sr\037\032`/X%b\364\000\2261<\024n\271\n\247\213\340ngjzz\321""; "
1750587322313,1750587322313,0,1,3,0,TMProposeSet,"proposeSeq: 0; currentTxHash: ""\000\000\000\000\000\000\000\000\000\000\000\000\000\000\000\000\000\000\000\000\000\000\000\000\000\000\000\000\000\000\000\000""; nodePubKey: ""\003ql\302)\235\321\t\213\224\356\374%%\311\327\037\374\304\t\335\2359\344\233\035]\347<u\236\364\222""; closeTime: 803902522; signature: ""0E\002!\000\372\325`+\014A\005.\351.\301\330\177\256\340n\0161\330\215tw\032\227\000\266i\345d\265\007\206\002 \017\233\245\024\364\005\327UT\207 'l\373\231\203\211\021\347\302\242\262\031\320\341\264\302\326\330\247\320\t""; previousledger: ""\370\361\367\235\210sr\037\032`/X%b\364\000\2261<\024n\271\n\247\213\340ngjzz\321""; ","proposeSeq: 0; currentTxHash: ""\000\000\000\000\000\000\000\000\000\000\000\000\000\000\000\000\000\000\000\000\000\000\000\000\000\000\000\000\000\000\000\000""; nodePubKey: ""\003ql\302)\235\321\t\213\224\356\374%%\311\327\037\374\304\t\335\2359\344\233\035]\347<u\236\364\222""; closeTime: 803902522; signature: ""0E\002!\000\372\325`+\014A\005.\351.\301\330\177\256\340n\0161\330\215tw\032\227\000\266i\345d\265\007\206\002 \017\233\245\024\364\005\327UT\207 'l\373\231\203\211\021\347\302\242\262\031\320\341\264\302\326\330\247\320\t""; previousledger: ""\370\361\367\235\210sr\037\032`/X%b\364\000\2261<\024n\271\n\247\213\340ngjzz\321""; "
1750587322314,1750587322314,0,1,3,1,TMProposeSet,"proposeSeq: 0; currentTxHash: ""\000\000\000\000\000\000\000\000\000\000\000\000\000\000\000\000\000\000\000\000\000\000\000\000\000\000\000\000\000\000\000\000""; nodePubKey: ""\003ql\302)\235\321\t\213\224\356\374%%\311\327\037\374\304\t\335\2359\344\233\035]\347<u\236\364\222""; closeTime: 803902522; signature: ""0E\002!\000\372\325`+\014A\005.\351.\301\330\177\256\340n\0161\330\215tw\032\227\000\266i\345d\265\007\206\002 \017\233\245\024\364\005\327UT\207 'l\373\231\203\211\021\347\302\242\262\031\320\341\264\302\326\330\247\320\t""; previousledger: ""\370\361\367\235\210sr\037\032`/X%b\364\000\2261<\024n\271\n\247\213\340ngjzz\321""; ","proposeSeq: 0; currentTxHash: ""\000\000\000\000\000\000\000\000\000\000\000\000\000\000\000\000\000\000\000\000\000\000\000\000\000\000\000\000\000\000\000\000""; nodePubKey: ""\003ql\302)\235\321\t\213\224\356\374%%\311\327\037\374\304\t\335\2359\344\233\035]\347<u\236\364\222""; closeTime: 803902522; signature: ""0E\002!\000\372\325`+\014A\005.\351.\301\330\177\256\340n\0161\330\215tw\032\227\000\266i\345d\265\007\206\002 \017\233\245\024\364\005\327UT\207 'l\373\231\203\211\021\347\302\242\262\031\320\341\264\302\326\330\247\320\t""; previousledger: ""\370\361\367\235\210sr\037\032`/X%b\364\000\2261<\024n\271\n\247\213\340ngjzz\321""; "
1750587322315,1750587322315,0,1,2,0,TMProposeSet,"proposeSeq: 0; currentTxHash: ""\000\000\000\000\000\000\000\000\000\000\000\000\000\000\000\000\000\000\000\000\000\000\000\000\000\000\000\000\000\000\000\000""; nodePubKey: ""\003ql\302)\235\321\t\213\224\356\374%%\311\327\037\374\304\t\335\2359\344\233\035]\347<u\236\364\222""; closeTime: 803902522; signature: ""0E\002!\000\372\325`+\014A\005.\351.\301\330\177\256\340n\0161\330\215tw\032\227\000\266i\345d\265\007\206\002 \017\233\245\024\364\005\327UT\207 'l\373\231\203\211\021\347\302\242\262\031\320\341\264\302\326\330\247\320\t""; previousledger: ""\370\361\367\235\210sr\037\032`/X%b\364\000\2261<\024n\271\n\247\213\340ngjzz\321""; ","proposeSeq: 0; currentTxHash: ""\000\000\000\000\000\000\000\000\000\000\000\000\000\000\000\000\000\000\000\000\000\000\000\000\000\000\000\000\000\000\000\000""; nodePubKey: ""\003ql\302)\235\321\t\213\224\356\374%%\311\327\037\374\304\t\335\2359\344\233\035]\347<u\236\364\222""; closeTime: 803902522; signature: ""0E\002!\000\372\325`+\014A\005.\351.\301\330\177\256\340n\0161\330\215tw\032\227\000\266i\345d\265\007\206\002 \017\233\245\024\364\005\327UT\207 'l\373\231\203\211\021\347\302\242\262\031\320\341\264\302\326\330\247\320\t""; previousledger: ""\370\361\367\235\210sr\037\032`/X%b\364\000\2261<\024n\271\n\247\213\340ngjzz\321""; "
1750587322317,1750587322317,0,1,2,3,TMProposeSet,"proposeSeq: 0; currentTxHash: ""\000\000\000\000\000\000\000\000\000\000\000\000\000\000\000\000\000\000\000\000\000\000\000\000\000\000\000\000\000\000\000\000""; nodePubKey: ""\003ql\302)\235\321\t\213\224\356\374%%\311\327\037\374\304\t\335\2359\344\233\035]\347<u\236\364\222""; closeTime: 803902522; signature: ""0E\002!\000\372\325`+\014A\005.\351.\301\330\177\256\340n\0161\330\215tw\032\227\000\266i\345d\265\007\206\002 \017\233\245\024\364\005\327UT\207 'l\373\231\203\211\021\347\302\242\262\031\320\341\264\302\326\330\247\320\t""; previousledger: ""\370\361\367\235\210sr\037\032`/X%b\364\000\2261<\024n\271\n\247\213\340ngjzz\321""; ","proposeSeq: 0; currentTxHash: ""\000\000\000\000\000\000\000\000\000\000\000\000\000\000\000\000\000\000\000\000\000\000\000\000\000\000\000\000\000\000\000\000""; nodePubKey: ""\003ql\302)\235\321\t\213\224\356\374%%\311\327\037\374\304\t\335\2359\344\233\035]\347<u\236\364\222""; closeTime: 803902522; signature: ""0E\002!\000\372\325`+\014A\005.\351.\301\330\177\256\340n\0161\330\215tw\032\227\000\266i\345d\265\007\206\002 \017\233\245\024\364\005\327UT\207 'l\373\231\203\211\021\347\302\242\262\031\320\341\264\302\326\330\247\320\t""; previousledger: ""\370\361\367\235\210sr\037\032`/X%b\364\000\2261<\024n\271\n\247\213\340ngjzz\321""; "
1750587322317,1750587322317,0,1,2,1,TMProposeSet,"proposeSeq: 0; currentTxHash: ""\000\000\000\000\000\000\000\000\000\000\000\000\000\000\000\000\000\000\000\000\000\000\000\000\000\000\000\000\000\000\000\000""; nodePubKey: ""\003ql\302)\235\321\t\213\224\356\374%%\311\327\037\374\304\t\335\2359\344\233\035]\347<u\236\364\222""; closeTime: 803902522; signature: ""0E\002!\000\372\325`+\014A\005.\351.\301\330\177\256\340n\0161\330\215tw\032\227\000\266i\345d\265\007\206\002 \017\233\245\024\364\005\327UT\207 'l\373\231\203\211\021\347\302\242\262\031\320\341\264\302\326\330\247\320\t""; previousledger: ""\370\361\367\235\210sr\037\032`/X%b\364\000\2261<\024n\271\n\247\213\340ngjzz\321""; ","proposeSeq: 0; currentTxHash: ""\000\000\000\000\000\000\000\000\000\000\000\000\000\000\000\000\000\000\000\000\000\000\000\000\000\000\000\000\000\000\000\000""; nodePubKey: ""\003ql\302)\235\321\t\213\224\356\374%%\311\327\037\374\304\t\335\2359\344\233\035]\347<u\236\364\222""; closeTime: 803902522; signature: ""0E\002!\000\372\325`+\014A\005.\351.\301\330\177\256\340n\0161\330\215tw\032\227\000\266i\345d\265\007\206\002 \017\233\245\024\364\005\327UT\207 'l\373\231\203\211\021\347\302\242\262\031\320\341\264\302\326\330\247\320\t""; previousledger: ""\370\361\367\235\210sr\037\032`/X%b\364\000\2261<\024n\271\n\247\213\340ngjzz\321""; "
1750587322304,1750587322384,0,1,2,3,TMStatusChange,"newEvent: neCLOSING_LEDGER; ledgerSeq: 19; ledgerHash: ""\370\361\367\235\210sr\037\032`/X%b\364\000\2261<\024n\271\n\247\213\340ngjzz\321""; ledgerHashPrevious: ""\025{\341\203\016\355Wm\222\t\022+\207\321\343}^\317s\206\320\316\221\322\t\214\257\211\366S\177\277""; networkTime: 803902522; firstSeq: 1; lastSeq: 19; ","newEvent: neCLOSING_LEDGER; ledgerSeq: 19; ledgerHash: ""\370\361\367\235\210sr\037\032`/X%b\364\000\2261<\024n\271\n\247\213\340ngjzz\321""; ledgerHashPrevious: ""\025{\341\203\016\355Wm\222\t\022+\207\321\343}^\317s\206\320\316\221\322\t\214\257\211\366S\177\277""; networkTime: 803902522; firstSeq: 1; lastSeq: 19; "
1750587322305,1750587322384,0,1,2,1,TMStatusChange,"newEvent: neCLOSING_LEDGER; ledgerSeq: 19; ledgerHash: ""\370\361\367\235\210sr\037\032`/X%b\364\000\2261<\024n\271\n\247\213\340ngjzz\321""; ledgerHashPrevious: ""\025{\341\203\016\355Wm\222\t\022+\207\321\343}^\317s\206\320\316\221\322\t\214\257\211\366S\177\277""; networkTime: 803902522; firstSeq: 1; lastSeq: 19; ","newEvent: neCLOSING_LEDGER; ledgerSeq: 19; ledgerHash: ""\370\361\367\235\210sr\037\032`/X%b\364\000\2261<\024n\271\n\247\213\340ngjzz\321""; ledgerHashPrevious: ""\025{\341\203\016\355Wm\222\t\022+\207\321\343}^\317s\206\320\316\221\322\t\214\257\211\366S\177\277""; networkTime: 803902522; firstSeq: 1; lastSeq: 19; "
1750587322305,1750587322384,0,1,2,4,TMStatusChange,"newEvent: neCLOSING_LEDGER; ledgerSeq: 19; ledgerHash: ""\370\361\367\235\210sr\037\032`/X%b\364\000\2261<\024n\271\n\247\213\340ngjzz\321""; ledgerHashPrevious: ""\025{\341\203\016\355Wm\222\t\022+\207\321\343}^\317s\206\320\316\221\322\t\214\257\211\366S\177\277""; networkTime: 803902522; firstSeq: 1; lastSeq: 19; ","newEvent: neCLOSING_LEDGER; ledgerSeq: 19; ledgerHash: ""\370\361\367\235\210sr\037\032`/X%b\364\000\2261<\024n\271\n\247\213\340ngjzz\321""; ledgerHashPrevious: ""\025{\341\203\016\355Wm\222\t\022+\207\321\343}^\317s\206\320\316\221\322\t\214\257\211\366S\177\277""; networkTime: 803902522; firstSeq: 1; lastSeq: 19; "
1750587322306,1750587322386,0,1,2,0,TMStatusChange,"newEvent: neCLOSING_LEDGER; ledgerSeq: 19; ledgerHash: ""\370\361\367\235\210sr\037\032`/X%b\364\000\2261<\024n\271\n\247\213\340ngjzz\321""; ledgerHashPrevious: ""\025{\341\203\016\355Wm\222\t\022+\207\321\343}^\317s\206\320\316\221\322\t\214\257\211\366S\177\277""; networkTime: 803902522; firstSeq: 1; lastSeq: 19; ","newEvent: neCLOSING_LEDGER; ledgerSeq: 19; ledgerHash: ""\370\361\367\235\210sr\037\032`/X%b\364\000\2261<\024n\271\n\247\213\340ngjzz\321""; ledgerHashPrevious: ""\025{\341\203\016\355Wm\222\t\022+\207\321\343}^\317s\206\320\316\221\322\t\214\257\211\366S\177\277""; networkTime: 803902522; firstSeq: 1; lastSeq: 19; "
1750587322774,1750587322774,0,1,4,3,TMProposeSet,"proposeSeq: 0; currentTxHash: ""\000\000\000\000\000\000\000\000\000\000\000\000\000\000\000\000\000\000\000\000\000\000\000\000\000\000\000\000\000\000\000\000""; nodePubKey: ""\003.\200\224\215?)t\306\315\242\313\251\255\302\204=\232.\271%}\013\024s\024\002@\216l""\241F""; closeTime: 803902522; signature: ""0D\002 \\263\217\014}<\252\000E\237T\007\331\340\rO\331\212\231\226\372u\211\244\021[!\310\351\246\361\276\002 =\260<h\330\026\036\363\351l\312\027\331\216,\344sk\255s!\316!""\003\302\331\007\224\341\357\223""; previousledger: ""\370\361\367\235\210sr\037\032`/X%b\364\000\2261<\024n\271\n\247\213\340ngjzz\321""; ","proposeSeq: 0; currentTxHash: ""\000\000\000\000\000\000\000\000\000\000\000\000\000\000\000\000\000\000\000\000\000\000\000\000\000\000\000\000\000\000\000\000""; nodePubKey: ""\003.\200\224\215?)t\306\315\242\313\251\255\302\204=\232.\271%}\013\024s\024\002@\216l""\241F""; closeTime: 803902522; signature: ""0D\002 \\263\217\014}<\252\000E\237T\007\331\340\rO\331\212\231\226\372u\211\244\021[!\310\351\246\361\276\002 =\260<h\330\026\036\363\351l\312\027\331\216,\344sk\255s!\316!""\003\302\331\007\224\341\357\223""; previousledger: ""\370\361\367\235\210sr\037\032`/X%b\364\000\2261<\024n\271\n\247\213\340ngjzz\321""; "
1750587322776,1750587322776,0,1,4,0,TMProposeSet,"proposeSeq: 0; currentTxHash: ""\000\000\000\000\000\000\000\000\000\000\000\000\000\000\000\000\000\000\000\000\000\000\000\000\000\000\000\000\000\000\000\000""; nodePubKey: ""\003.\200\224\215?)t\306\315\242\313\251\255\302\204=\232.\271%}\013\024s\024\002@\216l""\241F""; closeTime: 803902522; signature: ""0D\002 \\263\217\014}<\252\000E\237T\007\331\340\rO\331\212\231\226\372u\211\244\021[!\310\351\246\361\276\002 =\260<h\330\026\036\363\351l\312\027\331\216,\344sk\255s!\316!""\003\302\331\007\224\341\357\223""; previousledger: ""\370\361\367\235\210sr\037\032`/X%b\364\000\2261<\024n\271\n\247\213\340ngjzz\321""; ","proposeSeq: 0; currentTxHash: ""\000\000\000\000\000\000\000\000\000\000\000\000\000\000\000\000\000\000\000\000\000\000\000\000\000\000\000\000\000\000\000\000""; nodePubKey: ""\003.\200\224\215?)t\306\315\242\313\251\255\302\204=\232.\271%}\013\024s\024\002@\216l""\241F""; closeTime: 803902522; signature: ""0D\002 \\263\217\014}<\252\000E\237T\007\331\340\rO\331\212\231\226\372u\211\244\021[!\310\351\246\361\276\002 =\260<h\330\026\036\363\351l\312\027\331\216,\344sk\255s!\316!""\003\302\331\007\224\341\357\223""; previousledger: ""\370\361\367\235\210sr\037\032`/X%b\364\000\2261<\024n\271\n\247\213\340ngjzz\321""; "
1750587322778,1750587322779,0,1,4,1,TMProposeSet,"proposeSeq: 0; currentTxHash: ""\000\000\000\000\000\000\000\000\000\000\000\000\000\000\000\000\000\000\000\000\000\000\000\000\000\000\000\000\000\000\000\000""; nodePubKey: ""\003.\200\224\215?)t\306\315\242\313\251\255\302\204=\232.\271%}\013\024s\024\002@\216l""\241F""; closeTime: 803902522; signature: ""0D\002 \\263\217\014}<\252\000E\237T\007\331\340\rO\331\212\231\226\372u\211\244\021[!\310\351\246\361\276\002 =\260<h\330\026\036\363\351l\312\027\331\216,\344sk\255s!\316!""\003\302\331\007\224\341\357\223""; previousledger: ""\370\361\367\235\210sr\037\032`/X%b\364\000\2261<\024n\271\n\247\213\340ngjzz\321""; ","proposeSeq: 0; currentTxHash: ""\000\000\000\000\000\000\000\000\000\000\000\000\000\000\000\000\000\000\000\000\000\000\000\000\000\000\000\000\000\000\000\000""; nodePubKey: ""\003.\200\224\215?)t\306\315\242\313\251\255\302\204=\232.\271%}\013\024s\024\002@\216l""\241F""; closeTime: 803902522; signature: ""0D\002 \\263\217\014}<\252\000E\237T\007\331\340\rO\331\212\231\226\372u\211\244\021[!\310\351\246\361\276\002 =\260<h\330\026\036\363\351l\312\027\331\216,\344sk\255s!\316!""\003\302\331\007\224\341\357\223""; previousledger: ""\370\361\367\235\210sr\037\032`/X%b\364\000\2261<\024n\271\n\247\213\340ngjzz\321""; "
1750587322779,1750587322780,0,1,3,1,TMProposeSet,"proposeSeq: 0; currentTxHash: ""\000\000\000\000\000\000\000\000\000\000\000\000\000\000\000\000\000\000\000\000\000\000\000\000\000\000\000\000\000\000\000\000""; nodePubKey: ""\003.\200\224\215?)t\306\315\242\313\251\255\302\204=\232.\271%}\013\024s\024\002@\216l""\241F""; closeTime: 803902522; signature: ""0D\002 \\263\217\014}<\252\000E\237T\007\331\340\rO\331\212\231\226\372u\211\244\021[!\310\351\246\361\276\002 =\260<h\330\026\036\363\351l\312\027\331\216,\344sk\255s!\316!""\003\302\331\007\224\341\357\223""; previousledger: ""\370\361\367\235\210sr\037\032`/X%b\364\000\2261<\024n\271\n\247\213\340ngjzz\321""; ","proposeSeq: 0; currentTxHash: ""\000\000\000\000\000\000\000\000\000\000\000\000\000\000\000\000\000\000\000\000\000\000\000\000\000\000\000\000\000\000\000\000""; nodePubKey: ""\003.\200\224\215?)t\306\315\242\313\251\255\302\204=\232.\271%}\013\024s\024\002@\216l""\241F""; closeTime: 803902522; signature: ""0D\002 \\263\217\014}<\252\000E\237T\007\331\340\rO\331\212\231\226\372u\211\244\021[!\310\351\246\361\276\002 =\260<h\330\026\036\363\351l\312\027\331\216,\344sk\255s!\316!""\003\302\331\007\224\341\357\223""; previousledger: ""\370\361\367\235\210sr\037\032`/X%b\364\000\2261<\024n\271\n\247\213\340ngjzz\321""; "
1750587322780,1750587322780,0,1,4,2,TMProposeSet,"proposeSeq: 0; currentTxHash: ""\000\000\000\000\000\000\000\000\000\000\000\000\000\000\000\000\000\000\000\000\000\000\000\000\000\000\000\000\000\000\000\000""; nodePubKey: ""\003.\200\224\215?)t\306\315\242\313\251\255\302\204=\232.\271%}\013\024s\024\002@\216l""\241F""; closeTime: 803902522; signature: ""0D\002 \\263\217\014}<\252\000E\237T\007\331\340\rO\331\212\231\226\372u\211\244\021[!\310\351\246\361\276\002 =\260<h\330\026\036\363\351l\312\027\331\216,\344sk\255s!\316!""\003\302\331\007\224\341\357\223""; previousledger: ""\370\361\367\235\210sr\037\032`/X%b\364\000\2261<\024n\271\n\247\213\340ngjzz\321""; ","proposeSeq: 0; currentTxHash: ""\000\000\000\000\000\000\000\000\000\000\000\000\000\000\000\000\000\000\000\000\000\000\000\000\000\000\000\000\000\000\000\000""; nodePubKey: ""\003.\200\224\215?)t\306\315\242\313\251\255\302\204=\232.\271%}\013\024s\024\002@\216l""\241F""; closeTime: 803902522; signature: ""0D\002 \\263\217\014}<\252\000E\237T\007\331\340\rO\331\212\231\226\372u\211\244\021[!\310\351\246\361\276\002 =\260<h\330\026\036\363\351l\312\027\331\216,\344sk\255s!\316!""\003\302\331\007\224\341\357\223""; previousledger: ""\370\361\367\235\210sr\037\032`/X%b\364\000\2261<\024n\271\n\247\213\340ngjzz\321""; "
1750587322781,1750587322781,0,1,3,2,TMProposeSet,"proposeSeq: 0; currentTxHash: ""\000\000\000\000\000\000\000\000\000\000\000\000\000\000\000\000\000\000\000\000\000\000\000\000\000\000\000\000\000\000\000\000""; nodePubKey: ""\003.\200\224\215?)t\306\315\242\313\251\255\302\204=\232.\271%}\013\024s\024\002@\216l""\241F""; closeTime: 803902522; signature: ""0D\002 \\263\217\014}<\252\000E\237T\007\331\340\rO\331\212\231\226\372u\211\244\021[!\310\351\246\361\276\002 =\260<h\330\026\036\363\351l\312\027\331\216,\344sk\255s!\316!""\003\302\331\007\224\341\357\223""; previousledger: ""\370\361\367\235\210sr\037\032`/X%b\364\000\2261<\024n\271\n\247\213\340ngjzz\321""; ","proposeSeq: 0; currentTxHash: ""\000\000\000\000\000\000\000\000\000\000\000\000\000\000\000\000\000\000\000\000\000\000\000\000\000\000\000\000\000\000\000\000""; nodePubKey: ""\003.\200\224\215?)t\306\315\242\313\251\255\302\204=\232.\271%}\013\024s\024\002@\216l""\241F""; closeTime: 803902522; signature: ""0D\002 \\263\217\014}<\252\000E\237T\007\331\340\rO\331\212\231\226\372u\211\244\021[!\310\351\246\361\276\002 =\260<h\330\026\036\363\351l\312\027\331\216,\344sk\255s!\316!""\003\302\331\007\224\341\357\223""; previousledger: ""\370\361\367\235\210sr\037\032`/X%b\364\000\2261<\024n\271\n\247\213\340ngjzz\321""; "
1750587322781,1750587322782,0,1,3,0,TMProposeSet,"proposeSeq: 0; currentTxHash: ""\000\000\000\000\000\000\000\000\000\000\000\000\000\000\000\000\000\000\000\000\000\000\000\000\000\000\000\000\000\000\000\000""; nodePubKey: ""\003.\200\224\215?)t\306\315\242\313\251\255\302\204=\232.\271%}\013\024s\024\002@\216l""\241F""; closeTime: 803902522; signature: ""0D\002 \\263\217\014}<\252\000E\237T\007\331\340\rO\331\212\231\226\372u\211\244\021[!\310\351\246\361\276\002 =\260<h\330\026\036\363\351l\312\027\331\216,\344sk\255s!\316!""\003\302\331\007\224\341\357\223""; previousledger: ""\370\361\367\235\210sr\037\032`/X%b\364\000\2261<\024n\271\n\247\213\340ngjzz\321""; ","proposeSeq: 0; currentTxHash: ""\000\000\000\000\000\000\000\000\000\000\000\000\000\000\000\000\000\000\000\000\000\000\000\000\000\000\000\000\000\000\000\000""; nodePubKey: ""\003.\200\224\215?)t\306\315\242\313\251\255\302\204=\232.\271%}\013\024s\024\002@\216l""\241F""; closeTime: 803902522; signature: ""0D\002 \\263\217\014}<\252\000E\237T\007\331\340\rO\331\212\231\226\372u\211\244\021[!\310\351\246\361\276\002 =\260<h\330\026\036\363\351l\312\027\331\216,\344sk\255s!\316!""\003\302\331\007\224\341\357\223""; previousledger: ""\370\361\367\235\210sr\037\032`/X%b\364\000\2261<\024n\271\n\247\213\340ngjzz\321""; "
1750587322782,1750587322782,0,1,0,3,TMProposeSet,"proposeSeq: 0; currentTxHash: ""\000\000\000\000\000\000\000\000\000\000\000\000\000\000\000\000\000\000\000\000\000\000\000\000\000\000\000\000\000\000\000\000""; nodePubKey: ""\003.\200\224\215?)t\306\315\242\313\251\255\302\204=\232.\271%}\013\024s\024\002@\216l""\241F""; closeTime: 803902522; signature: ""0D\002 \\263\217\014}<\252\000E\237T\007\331\340\rO\331\212\231\226\372u\211\244\021[!\310\351\246\361\276\002 =\260<h\330\026\036\363\351l\312\027\331\216,\344sk\255s!\316!""\003\302\331\007\224\341\357\223""; previousledger: ""\370\361\367\235\210sr\037\032`/X%b\364\000\2261<\024n\271\n\247\213\340ngjzz\321""; ","proposeSeq: 0; currentTxHash: ""\000\000\000\000\000\000\000\000\000\000\000\000\000\000\000\000\000\000\000\000\000\000\000\000\000\000\000\000\000\000\000\000""; nodePubKey: ""\003.\200\224\215?)t\306\315\242\313\251\255\302\204=\232.\271%}\013\024s\024\002@\216l""\241F""; closeTime: 803902522; signature: ""0D\002 \\263\217\014}<\252\000E\237T\007\331\340\rO\331\212\231\226\372u\211\244\021[!\310\351\246\361\276\002 =\260<h\330\026\036\363\351l\312\027\331\216,\344sk\255s!\316!""\003\302\331\007\224\341\357\223""; previousledger: ""\370\361\367\235\210sr\037\032`/X%b\364\000\2261<\024n\271\n\247\213\340ngjzz\321""; "
1750587322783,1750587322783,0,1,0,2,TMProposeSet,"proposeSeq: 0; currentTxHash: ""\000\000\000\000\000\000\000\000\000\000\000\000\000\000\000\000\000\000\000\000\000\000\000\000\000\000\000\000\000\000\000\000""; nodePubKey: ""\003.\200\224\215?)t\306\315\242\313\251\255\302\204=\232.\271%}\013\024s\024\002@\216l""\241F""; closeTime: 803902522; signature: ""0D\002 \\263\217\014}<\252\000E\237T\007\331\340\rO\331\212\231\226\372u\211\244\021[!\310\351\246\361\276\002 =\260<h\330\026\036\363\351l\312\027\331\216,\344sk\255s!\316!""\003\302\331\007\224\341\357\223""; previousledger: ""\370\361\367\235\210sr\037\032`/X%b\364\000\2261<\024n\271\n\247\213\340ngjzz\321""; ","proposeSeq: 0; currentTxHash: ""\000\000\000\000\000\000\000\000\000\000\000\000\000\000\000\000\000\000\000\000\000\000\000\000\000\000\000\000\000\000\000\000""; nodePubKey: ""\003.\200\224\215?)t\306\315\242\313\251\255\302\204=\232.\271%}\013\024s\024\002@\216l""\241F""; closeTime: 803902522; signature: ""0D\002 \\263\217\014}<\252\000E\237T\007\331\340\rO\331\212\231\226\372u\211\244\021[!\310\351\246\361\276\002 =\260<h\330\026\036\363\351l\312\027\331\216,\344sk\255s!\316!""\003\302\331\007\224\341\357\223""; previousledger: ""\370\361\367\235\210sr\037\032`/X%b\364\000\2261<\024n\271\n\247\213\340ngjzz\321""; "
1750587322784,1750587322784,0,1,0,1,TMProposeSet,"proposeSeq: 0; currentTxHash: ""\000\000\000\000\000\000\000\000\000\000\000\000\000\000\000\000\000\000\000\000\000\000\000\000\000\000\000\000\000\000\000\000""; nodePubKey: ""\003.\200\224\215?)t\306\315\242\313\251\255\302\204=\232.\271%}\013\024s\024\002@\216l""\241F""; closeTime: 803902522; signature: ""0D\002 \\263\217\014}<\252\000E\237T\007\331\340\rO\331\212\231\226\372u\211\244\021[!\310\351\246\361\276\002 =\260<h\330\026\036\363\351l\312\027\331\216,\344sk\255s!\316!""\003\302\331\007\224\341\357\223""; previousledger: ""\370\361\367\235\210sr\037\032`/X%b\364\000\2261<\024n\271\n\247\213\340ngjzz\321""; ","proposeSeq: 0; currentTxHash: ""\000\000\000\000\000\000\000\000\000\000\000\000\000\000\000\000\000\000\000\000\000\000\000\000\000\000\000\000\000\000\000\000""; nodePubKey: ""\003.\200\224\215?)t\306\315\242\313\251\255\302\204=\232.\271%}\013\024s\024\002@\216l""\241F""; closeTime: 803902522; signature: ""0D\002 \\263\217\014}<\252\000E\237T\007\331\340\rO\331\212\231\226\372u\211\244\021[!\310\351\246\361\276\002 =\260<h\330\026\036\363\351l\312\027\331\216,\344sk\255s!\316!""\003\302\331\007\224\341\357\223""; previousledger: ""\370\361\367\235\210sr\037\032`/X%b\364\000\2261<\024n\271\n\247\213\340ngjzz\321""; "
1750587322784,1750587322784,0,1,1,2,TMProposeSet,"proposeSeq: 0; currentTxHash: ""\000\000\000\000\000\000\000\000\000\000\000\000\000\000\000\000\000\000\000\000\000\000\000\000\000\000\000\000\000\000\000\000""; nodePubKey: ""\003.\200\224\215?)t\306\315\242\313\251\255\302\204=\232.\271%}\013\024s\024\002@\216l""\241F""; closeTime: 803902522; signature: ""0D\002 \\263\217\014}<\252\000E\237T\007\331\340\rO\331\212\231\226\372u\211\244\021[!\310\351\246\361\276\002 =\260<h\330\026\036\363\351l\312\027\331\216,\344sk\255s!\316!""\003\302\331\007\224\341\357\223""; previousledger: ""\370\361\367\235\210sr\037\032`/X%b\364\000\2261<\024n\271\n\247\213\340ngjzz\321""; ","proposeSeq: 0; currentTxHash: ""\000\000\000\000\000\000\000\000\000\000\000\000\000\000\000\000\000\000\000\000\000\000\000\000\000\000\000\000\000\000\000\000""; nodePubKey: ""\003.\200\224\215?)t\306\315\242\313\251\255\302\204=\232.\271%}\013\024s\024\002@\216l""\241F""; closeTime: 803902522; signature: ""0D\002 \\263\217\014}<\252\000E\237T\007\331\340\rO\331\212\231\226\372u\211\244\021[!\310\351\246\361\276\002 =\260<h\330\026\036\363\351l\312\027\331\216,\344sk\255s!\316!""\003\302\331\007\224\341\357\223""; previousledger: ""\370\361\367\235\210sr\037\032`/X%b\364\000\2261<\024n\271\n\247\213\340ngjzz\321""; "
1750587322785,1750587322786,0,1,1,0,TMProposeSet,"proposeSeq: 0; currentTxHash: ""\000\000\000\000\000\000\000\000\000\000\000\000\000\000\000\000\000\000\000\000\000\000\000\000\000\000\000\000\000\000\000\000""; nodePubKey: ""\003.\200\224\215?)t\306\315\242\313\251\255\302\204=\232.\271%}\013\024s\024\002@\216l""\241F""; closeTime: 803902522; signature: ""0D\002 \\263\217\014}<\252\000E\237T\007\331\340\rO\331\212\231\226\372u\211\244\021[!\310\351\246\361\276\002 =\260<h\330\026\036\363\351l\312\027\331\216,\344sk\255s!\316!""\003\302\331\007\224\341\357\223""; previousledger: ""\370\361\367\235\210sr\037\032`/X%b\364\000\2261<\024n\271\n\247\213\340ngjzz\321""; ","proposeSeq: 0; currentTxHash: ""\000\000\000\000\000\000\000\000\000\000\000\000\000\000\000\000\000\000\000\000\000\000\000\000\000\000\000\000\000\000\000\000""; nodePubKey: ""\003.\200\224\215?)t\306\315\242\313\251\255\302\204=\232.\271%}\013\024s\024\002@\216l""\241F""; closeTime: 803902522; signature: ""0D\002 \\263\217\014}<\252\000E\237T\007\331\340\rO\331\212\231\226\372u\211\244\021[!\310\351\246\361\276\002 =\260<h\330\026\036\363\351l\312\027\331\216,\344sk\255s!\316!""\003\302\331\007\224\341\357\223""; previousledger: ""\370\361\367\235\210sr\037\032`/X%b\364\000\2261<\024n\271\n\247\213\340ngjzz\321""; "
1750587322786,1750587322786,0,1,1,3,TMProposeSet,"proposeSeq: 0; currentTxHash: ""\000\000\000\000\000\000\000\000\000\000\000\000\000\000\000\000\000\000\000\000\000\000\000\000\000\000\000\000\000\000\000\000""; nodePubKey: ""\003.\200\224\215?)t\306\315\242\313\251\255\302\204=\232.\271%}\013\024s\024\002@\216l""\241F""; closeTime: 803902522; signature: ""0D\002 \\263\217\014}<\252\000E\237T\007\331\340\rO\331\212\231\226\372u\211\244\021[!\310\351\246\361\276\002 =\260<h\330\026\036\363\351l\312\027\331\216,\344sk\255s!\316!""\003\302\331\007\224\341\357\223""; previousledger: ""\370\361\367\235\210sr\037\032`/X%b\364\000\2261<\024n\271\n\247\213\340ngjzz\321""; ","proposeSeq: 0; currentTxHash: ""\000\000\000\000\000\000\000\000\000\000\000\000\000\000\000\000\000\000\000\000\000\000\000\000\000\000\000\000\000\000\000\000""; nodePubKey: ""\003.\200\224\215?)t\306\315\242\313\251\255\302\204=\232.\271%}\013\024s\024\002@\216l""\241F""; closeTime: 803902522; signature: ""0D\002 \\263\217\014}<\252\000E\237T\007\331\340\rO\331\212\231\226\372u\211\244\021[!\310\351\246\361\276\002 =\260<h\330\026\036\363\351l\312\027\331\216,\344sk\255s!\316!""\003\302\331\007\224\341\357\223""; previousledger: ""\370\361\367\235\210sr\037\032`/X%b\364\000\2261<\024n\271\n\247\213\340ngjzz\321""; "
1750587322787,1750587322787,0,1,2,3,TMProposeSet,"proposeSeq: 0; currentTxHash: ""\000\000\000\000\000\000\000\000\000\000\000\000\000\000\000\000\000\000\000\000\000\000\000\000\000\000\000\000\000\000\000\000""; nodePubKey: ""\003.\200\224\215?)t\306\315\242\313\251\255\302\204=\232.\271%}\013\024s\024\002@\216l""\241F""; closeTime: 803902522; signature: ""0D\002 \\263\217\014}<\252\000E\237T\007\331\340\rO\331\212\231\226\372u\211\244\021[!\310\351\246\361\276\002 =\260<h\330\026\036\363\351l\312\027\331\216,\344sk\255s!\316!""\003\302\331\007\224\341\357\223""; previousledger: ""\370\361\367\235\210sr\037\032`/X%b\364\000\2261<\024n\271\n\247\213\340ngjzz\321""; ","proposeSeq: 0; currentTxHash: ""\000\000\000\000\000\000\000\000\000\000\000\000\000\000\000\000\000\000\000\000\000\000\000\000\000\000\000\000\000\000\000\000""; nodePubKey: ""\003.\200\224\215?)t\306\315\242\313\251\255\302\204=\232.\271%}\013\024s\024\002@\216l""\241F""; closeTime: 803902522; signature: ""0D\002 \\263\217\014}<\252\000E\237T\007\331\340\rO\331\212\231\226\372u\211\244\021[!\310\351\246\361\276\002 =\260<h\330\026\036\363\351l\312\027\331\216,\344sk\255s!\316!""\003\302\331\007\224\341\357\223""; previousledger: ""\370\361\367\235\210sr\037\032`/X%b\364\000\2261<\024n\271\n\247\213\340ngjzz\321""; "
1750587322788,1750587322788,0,1,2,1,TMProposeSet,"proposeSeq: 0; currentTxHash: ""\000\000\000\000\000\000\000\000\000\000\000\000\000\000\000\000\000\000\000\000\000\000\000\000\000\000\000\000\000\000\000\000""; nodePubKey: ""\003.\200\224\215?)t\306\315\242\313\251\255\302\204=\232.\271%}\013\024s\024\002@\216l""\241F""; closeTime: 803902522; signature: ""0D\002 \\263\217\014}<\252\000E\237T\007\331\340\rO\331\212\231\226\372u\211\244\021[!\310\351\246\361\276\002 =\260<h\330\026\036\363\351l\312\027\331\216,\344sk\255s!\316!""\003\302\331\007\224\341\357\223""; previousledger: ""\370\361\367\235\210sr\037\032`/X%b\364\000\2261<\024n\271\n\247\213\340ngjzz\321""; ","proposeSeq: 0; currentTxHash: ""\000\000\000\000\000\000\000\000\000\000\000\000\000\000\000\000\000\000\000\000\000\000\000\000\000\000\000\000\000\000\000\000""; nodePubKey: ""\003.\200\224\215?)t\306\315\242\313\251\255\302\204=\232.\271%}\013\024s\024\002@\216l""\241F""; closeTime: 803902522; signature: ""0D\002 \\263\217\014}<\252\000E\237T\007\331\340\rO\331\212\231\226\372u\211\244\021[!\310\351\246\361\276\002 =\260<h\330\026\036\363\351l\312\027\331\216,\344sk\255s!\316!""\003\302\331\007\224\341\357\223""; previousledger: ""\370\361\367\235\210sr\037\032`/X%b\364\000\2261<\024n\271\n\247\213\340ngjzz\321""; "
1750587322788,1750587322788,0,1,2,0,TMProposeSet,"proposeSeq: 0; currentTxHash: ""\000\000\000\000\000\000\000\000\000\000\000\000\000\000\000\000\000\000\000\000\000\000\000\000\000\000\000\000\000\000\000\000""; nodePubKey: ""\003.\200\224\215?)t\306\315\242\313\251\255\302\204=\232.\271%}\013\024s\024\002@\216l""\241F""; closeTime: 803902522; signature: ""0D\002 \\263\217\014}<\252\000E\237T\007\331\340\rO\331\212\231\226\372u\211\244\021[!\310\351\246\361\276\002 =\260<h\330\026\036\363\351l\312\027\331\216,\344sk\255s!\316!""\003\302\331\007\224\341\357\223""; previousledger: ""\370\361\367\235\210sr\037\032`/X%b\364\000\2261<\024n\271\n\247\213\340ngjzz\321""; ","proposeSeq: 0; currentTxHash: ""\000\000\000\000\000\000\000\000\000\000\000\000\000\000\000\000\000\000\000\000\000\000\000\000\000\000\000\000\000\000\000\000""; nodePubKey: ""\003.\200\224\215?)t\306\315\242\313\251\255\302\204=\232.\271%}\013\024s\024\002@\216l""\241F""; closeTime: 803902522; signature: ""0D\002 \\263\217\014}<\252\000E\237T\007\331\340\rO\331\212\231\226\372u\211\244\021[!\310\351\246\361\276\002 =\260<h\330\026\036\363\351l\312\027\331\216,\344sk\255s!\316!""\003\302\331\007\224\341\357\223""; previousledger: ""\370\361\367\235\210sr\037\032`/X%b\364\000\2261<\024n\271\n\247\213\340ngjzz\321""; "
1750587322774,1750587322841,0,1,4,3,TMStatusChange,"newEvent: neCLOSING_LEDGER; ledgerSeq: 19; ledgerHash: ""\370\361\367\235\210sr\037\032`/X%b\364\000\2261<\024n\271\n\247\213\340ngjzz\321""; ledgerHashPrevious: ""\025{\341\203\016\355Wm\222\t\022+\207\321\343}^\317s\206\320\316\221\322\t\214\257\211\366S\177\277""; networkTime: 803902522; firstSeq: 1; lastSeq: 19; ","newEvent: neCLOSING_LEDGER; ledgerSeq: 19; ledgerHash: ""\370\361\367\235\210sr\037\032`/X%b\364\000\2261<\024n\271\n\247\213\340ngjzz\321""; ledgerHashPrevious: ""\025{\341\203\016\355Wm\222\t\022+\207\321\343}^\317s\206\320\316\221\322\t\214\257\211\366S\177\277""; networkTime: 803902522; firstSeq: 1; lastSeq: 19; "
1750587322780,1750587322842,0,1,4,2,TMStatusChange,"newEvent: neCLOSING_LEDGER; ledgerSeq: 19; ledgerHash: ""\370\361\367\235\210sr\037\032`/X%b\364\000\2261<\024n\271\n\247\213\340ngjzz\321""; ledgerHashPrevious: ""\025{\341\203\016\355Wm\222\t\022+\207\321\343}^\317s\206\320\316\221\322\t\214\257\211\366S\177\277""; networkTime: 803902522; firstSeq: 1; lastSeq: 19; ","newEvent: neCLOSING_LEDGER; ledgerSeq: 19; ledgerHash: ""\370\361\367\235\210sr\037\032`/X%b\364\000\2261<\024n\271\n\247\213\340ngjzz\321""; ledgerHashPrevious: ""\025{\341\203\016\355Wm\222\t\022+\207\321\343}^\317s\206\320\316\221\322\t\214\257\211\366S\177\277""; networkTime: 803902522; firstSeq: 1; lastSeq: 19; "
1750587322778,1750587322842,0,1,4,1,TMStatusChange,"newEvent: neCLOSING_LEDGER; ledgerSeq: 19; ledgerHash: ""\370\361\367\235\210sr\037\032`/X%b\364\000\2261<\024n\271\n\247\213\340ngjzz\321""; ledgerHashPrevious: ""\025{\341\203\016\355Wm\222\t\022+\207\321\343}^\317s\206\320\316\221\322\t\214\257\211\366S\177\277""; networkTime: 803902522; firstSeq: 1; lastSeq: 19; ","newEvent: neCLOSING_LEDGER; ledgerSeq: 19; ledgerHash: ""\370\361\367\235\210sr\037\032`/X%b\364\000\2261<\024n\271\n\247\213\340ngjzz\321""; ledgerHashPrevious: ""\025{\341\203\016\355Wm\222\t\022+\207\321\343}^\317s\206\320\316\221\322\t\214\257\211\366S\177\277""; networkTime: 803902522; firstSeq: 1; lastSeq: 19; "
1750587322777,1750587322842,0,1,4,0,TMStatusChange,"newEvent: neCLOSING_LEDGER; ledgerSeq: 19; ledgerHash: ""\370\361\367\235\210sr\037\032`/X%b\364\000\2261<\024n\271\n\247\213\340ngjzz\321""; ledgerHashPrevious: ""\025{\341\203\016\355Wm\222\t\022+\207\321\343}^\317s\206\320\316\221\322\t\214\257\211\366S\177\277""; networkTime: 803902522; firstSeq: 1; lastSeq: 19; ","newEvent: neCLOSING_LEDGER; ledgerSeq: 19; ledgerHash: ""\370\361\367\235\210sr\037\032`/X%b\364\000\2261<\024n\271\n\247\213\340ngjzz\321""; ledgerHashPrevious: ""\025{\341\203\016\355Wm\222\t\022+\207\321\343}^\317s\206\320\316\221\322\t\214\257\211\366S\177\277""; networkTime: 803902522; firstSeq: 1; lastSeq: 19; "
1750587323461,1750587323461,0,1,1,3,TMStatusChange,"newEvent: neACCEPTED_LEDGER; ledgerSeq: 20; ledgerHash: ""\264XQl\247\003\354\245\364D\352R\216\206b4,p\2079'\3229\214pa\315o:\200`\214""; ledgerHashPrevious: ""\370\361\367\235\210sr\037\032`/X%b\364\000\2261<\024n\271\n\247\213\340ngjzz\321""; networkTime: 803902523; firstSeq: 1; lastSeq: 19; ","newEvent: neACCEPTED_LEDGER; ledgerSeq: 20; ledgerHash: ""\264XQl\247\003\354\245\364D\352R\216\206b4,p\2079'\3229\214pa\315o:\200`\214""; ledgerHashPrevious: ""\370\361\367\235\210sr\037\032`/X%b\364\000\2261<\024n\271\n\247\213\340ngjzz\321""; networkTime: 803902523; firstSeq: 1; lastSeq: 19; "
1750587323461,1750587323461,0,1,1,0,TMStatusChange,"newEvent: neACCEPTED_LEDGER; ledgerSeq: 20; ledgerHash: ""\264XQl\247\003\354\245\364D\352R\216\206b4,p\2079'\3229\214pa\315o:\200`\214""; ledgerHashPrevious: ""\370\361\367\235\210sr\037\032`/X%b\364\000\2261<\024n\271\n\247\213\340ngjzz\321""; networkTime: 803902523; firstSeq: 1; lastSeq: 19; ","newEvent: neACCEPTED_LEDGER; ledgerSeq: 20; ledgerHash: ""\264XQl\247\003\354\245\364D\352R\216\206b4,p\2079'\3229\214pa\315o:\200`\214""; ledgerHashPrevious: ""\370\361\367\235\210sr\037\032`/X%b\364\000\2261<\024n\271\n\247\213\340ngjzz\321""; networkTime: 803902523; firstSeq: 1; lastSeq: 19; "
1750587323462,1750587323462,0,1,1,4,TMValidation,"validation: """"\200\000\000\001&\000\000\000\024)/\352\224;:?HT\314/\177\320^Q\264XQl\247\003\354\245\364D\352R\216\206b4,p\2079'\3229\214pa\315o:\200`\214P\027\000\000\000\000\000\000\000\000\000\000\000\000\000\000\000\000\000\000\000\000\000\000\000\000\000\000\000\000\000\000\000\000P\031\370\361\367\235\210sr\037\032`/X%b\364\000\2261<\024n\271\n\247\213\340ngjzz\321s!\003\343\005\311u\203\370\0338\3174\324\010\006\301\251\177\261\304eOX\262)FA-\022r\263wm\024vG0E\002!\000\313?r\314\373\3538o)a \317k\231\246\272`p\373""z\304dy\212\230\n\t\226\030h-\002 R\001\237\301oN\200\232\365S\275M\031\374\224W\362\002RF\002\351\322\036:O&\320\357-\255\337""; ","validation: """"\200\000\000\001&\000\000\000\024)/\352\224;:?HT\314/\177\320^Q\264XQl\247\003\354\245\364D\352R\216\206b4,p\2079'\3229\214pa\315o:\200`\214P\027\000\000\000\000\000\000\000\000\000\000\000\000\000\000\000\000\000\000\000\000\000\000\000\000\000\000\000\000\000\000\000\000P\031\370\361\367\235\210sr\037\032`/X%b\364\000\2261<\024n\271\n\247\213\340ngjzz\321s!\003\343\005\311u\203\370\0338\3174\324\010\006\301\251\177\261\304eOX\262)FA-\022r\263wm\024vG0E\002!\000\313?r\314\373\3538o)a \317k\231\246\272`p\373""z\304dy\212\230\n\t\226\030h-\002 R\001\237\301oN\200\232\365S\275M\031\374\224W\362\002RF\002\351\322\036:O&\320\357-\255\337""; "
1750587323462,1750587323462,0,1,1,4,TMStatusChange,"newEvent: neACCEPTED_LEDGER; ledgerSeq: 20; ledgerHash: ""\264XQl\247\003\354\245\364D\352R\216\206b4,p\2079'\3229\214pa\315o:\200`\214""; ledgerHashPrevious: ""\370\361\367\235\210sr\037\032`/X%b\364\000\2261<\024n\271\n\247\213\340ngjzz\321""; networkTime: 803902523; firstSeq: 1; lastSeq: 19; ","newEvent: neACCEPTED_LEDGER; ledgerSeq: 20; ledgerHash: ""\264XQl\247\003\354\245\364D\352R\216\206b4,p\2079'\3229\214pa\315o:\200`\214""; ledgerHashPrevious: ""\370\361\367\235\210sr\037\032`/X%b\364\000\2261<\024n\271\n\247\213\340ngjzz\321""; networkTime: 803902523; firstSeq: 1; lastSeq: 19; "
1750587323462,1750587323462,0,1,1,2,TMStatusChange,"newEvent: neACCEPTED_LEDGER; ledgerSeq: 20; ledgerHash: ""\264XQl\247\003\354\245\364D\352R\216\206b4,p\2079'\3229\214pa\315o:\200`\214""; ledgerHashPrevious: ""\370\361\367\235\210sr\037\032`/X%b\364\000\2261<\024n\271\n\247\213\340ngjzz\321""; networkTime: 803902523; firstSeq: 1; lastSeq: 19; ","newEvent: neACCEPTED_LEDGER; ledgerSeq: 20; ledgerHash: ""\264XQl\247\003\354\245\364D\352R\216\206b4,p\2079'\3229\214pa\315o:\200`\214""; ledgerHashPrevious: ""\370\361\367\235\210sr\037\032`/X%b\364\000\2261<\024n\271\n\247\213\340ngjzz\321""; networkTime: 803902523; firstSeq: 1; lastSeq: 19; "
1750587323468,1750587323468,0,1,4,3,TMValidation,"validation: """"\200\000\000\001&\000\000\000\024)/\352\224;:?HT\314/\177\320^Q\264XQl\247\003\354\245\364D\352R\216\206b4,p\2079'\3229\214pa\315o:\200`\214P\027\000\000\000\000\000\000\000\000\000\000\000\000\000\000\000\000\000\000\000\000\000\000\000\000\000\000\000\000\000\000\000\000P\031\370\361\367\235\210sr\037\032`/X%b\364\000\2261<\024n\271\n\247\213\340ngjzz\321s!\003\343\005\311u\203\370\0338\3174\324\010\006\301\251\177\261\304eOX\262)FA-\022r\263wm\024vG0E\002!\000\313?r\314\373\3538o)a \317k\231\246\272`p\373""z\304dy\212\230\n\t\226\030h-\002 R\001\237\301oN\200\232\365S\275M\031\374\224W\362\002RF\002\351\322\036:O&\320\357-\255\337""; ","validation: """"\200\000\000\001&\000\000\000\024)/\352\224;:?HT\314/\177\320^Q\264XQl\247\003\354\245\364D\352R\216\206b4,p\2079'\3229\214pa\315o:\200`\214P\027\000\000\000\000\000\000\000\000\000\000\000\000\000\000\000\000\000\000\000\000\000\000\000\000\000\000\000\000\000\000\000\000P\031\370\361\367\235\210sr\037\032`/X%b\364\000\2261<\024n\271\n\247\213\340ngjzz\321s!\003\343\005\311u\203\370\0338\3174\324\010\006\301\251\177\261\304eOX\262)FA-\022r\263wm\024vG0E\002!\000\313?r\314\373\3538o)a \317k\231\246\272`p\373""z\304dy\212\230\n\t\226\030h-\002 R\001\237\301oN\200\232\365S\275M\031\374\224W\362\002RF\002\351\322\036:O&\320\357-\255\337""; "
1750587323469,1750587323469,0,1,4,3,TMGetLedger,"itype: liBASE; ledgerHash: ""\264XQl\247\003\354\245\364D\352R\216\206b4,p\2079'\3229\214pa\315o:\200`\214""; ","itype: liBASE; ledgerHash: ""\264XQl\247\003\354\245\364D\352R\216\206b4,p\2079'\3229\214pa\315o:\200`\214""; "
1750587323469,1750587323470,0,1,4,0,TMGetLedger,"itype: liBASE; ledgerHash: ""\264XQl\247\003\354\245\364D\352R\216\206b4,p\2079'\3229\214pa\315o:\200`\214""; ","itype: liBASE; ledgerHash: ""\264XQl\247\003\354\245\364D\352R\216\206b4,p\2079'\3229\214pa\315o:\200`\214""; "
1750587323470,1750587323470,0,1,4,0,TMValidation,"validation: """"\200\000\000\001&\000\000\000\024)/\352\224;:?HT\314/\177\320^Q\264XQl\247\003\354\245\364D\352R\216\206b4,p\2079'\3229\214pa\315o:\200`\214P\027\000\000\000\000\000\000\000\000\000\000\000\000\000\000\000\000\000\000\000\000\000\000\000\000\000\000\000\000\000\000\000\000P\031\370\361\367\235\210sr\037\032`/X%b\364\000\2261<\024n\271\n\247\213\340ngjzz\321s!\003\343\005\311u\203\370\0338\3174\324\010\006\301\251\177\261\304eOX\262)FA-\022r\263wm\024vG0E\002!\000\313?r\314\373\3538o)a \317k\231\246\272`p\373""z\304dy\212\230\n\t\226\030h-\002 R\001\237\301oN\200\232\365S\275M\031\374\224W\362\002RF\002\351\322\036:O&\320\357-\255\337""; ","validation: """"\200\000\000\001&\000\000\000\024)/\352\224;:?HT\314/\177\320^Q\264XQl\247\003\354\245\364D\352R\216\206b4,p\2079'\3229\214pa\315o:\200`\214P\027\000\000\000\000\000\000\000\000\000\000\000\000\000\000\000\000\000\000\000\000\000\000\000\000\000\000\000\000\000\000\000\000P\031\370\361\367\235\210sr\037\032`/X%b\364\000\2261<\024n\271\n\247\213\340ngjzz\321s!\003\343\005\311u\203\370\0338\3174\324\010\006\301\251\177\261\304eOX\262)FA-\022r\263wm\024vG0E\002!\000\313?r\314\373\3538o)a \317k\231\246\272`p\373""z\304dy\212\230\n\t\226\030h-\002 R\001\237\301oN\200\232\365S\275M\031\374\224W\362\002RF\002\351\322\036:O&\320\357-\255\337""; "
1750587323471,1750587323471,0,1,4,2,TMValidation,"validation: """"\200\000\000\001&\000\000\000\024)/\352\224;:?HT\314/\177\320^Q\264XQl\247\003\354\245\364D\352R\216\206b4,p\2079'\3229\214pa\315o:\200`\214P\027\000\000\000\000\000\000\000\000\000\000\000\000\000\000\000\000\000\000\000\000\000\000\000\000\000\000\000\000\000\000\000\000P\031\370\361\367\235\210sr\037\032`/X%b\364\000\2261<\024n\271\n\247\213\340ngjzz\321s!\003\343\005\311u\203\370\0338\3174\324\010\006\301\251\177\261\304eOX\262)FA-\022r\263wm\024vG0E\002!\000\313?r\314\373\3538o)a \317k\231\246\272`p\373""z\304dy\212\230\n\t\226\030h-\002 R\001\237\301oN\200\232\365S\275M\031\374\224W\362\002RF\002\351\322\036:O&\320\357-\255\337""; ","validation: """"\200\000\000\001&\000\000\000\024)/\352\224;:?HT\314/\177\320^Q\264XQl\247\003\354\245\364D\352R\216\206b4,p\2079'\3229\214pa\315o:\200`\214P\027\000\000\000\000\000\000\000\000\000\000\000\000\000\000\000\000\000\000\000\000\000\000\000\000\000\000\000\000\000\000\000\000P\031\370\361\367\235\210sr\037\032`/X%b\364\000\2261<\024n\271\n\247\213\340ngjzz\321s!\003\343\005\311u\203\370\0338\3174\324\010\006\301\251\177\261\304eOX\262)FA-\022r\263wm\024vG0E\002!\000\313?r\314\373\3538o)a \317k\231\246\272`p\373""z\304dy\212\230\n\t\226\030h-\002 R\001\237\301oN\200\232\365S\275M\031\374\224W\362\002RF\002\351\322\036:O&\320\357-\255\337""; "
1750587323471,1750587323471,0,1,4,1,TMGetLedger,"itype: liBASE; ledgerHash: ""\264XQl\247\003\354\245\364D\352R\216\206b4,p\2079'\3229\214pa\315o:\200`\214""; ","itype: liBASE; ledgerHash: ""\264XQl\247\003\354\245\364D\352R\216\206b4,p\2079'\3229\214pa\315o:\200`\214""; "
1750587323472,1750587323472,0,1,4,1,TMGetLedger,"itype: liBASE; ledgerHash: ""\264XQl\247\003\354\245\364D\352R\216\206b4,p\2079'\3229\214pa\315o:\200`\214""; queryType: qtINDIRECT; ","itype: liBASE; ledgerHash: ""\264XQl\247\003\354\245\364D\352R\216\206b4,p\2079'\3229\214pa\315o:\200`\214""; queryType: qtINDIRECT; "
1750587323472,1750587323472,0,1,4,2,TMGetLedger,"itype: liBASE; ledgerHash: ""\264XQl\247\003\354\245\364D\352R\216\206b4,p\2079'\3229\214pa\315o:\200`\214""; ","itype: liBASE; ledgerHash: ""\264XQl\247\003\354\245\364D\352R\216\206b4,p\2079'\3229\214pa\315o:\200`\214""; "
1750587323472,1750587323472,0,1,4,0,TMGetLedger,"itype: liBASE; ledgerHash: ""\264XQl\247\003\354\245\364D\352R\216\206b4,p\2079'\3229\214pa\315o:\200`\214""; queryType: qtINDIRECT; ","itype: liBASE; ledgerHash: ""\264XQl\247\003\354\245\364D\352R\216\206b4,p\2079'\3229\214pa\315o:\200`\214""; queryType: qtINDIRECT; "
1750587323473,1750587323473,0,1,4,3,TMGetLedger,"itype: liBASE; ledgerHash: ""\264XQl\247\003\354\245\364D\352R\216\206b4,p\2079'\3229\214pa\315o:\200`\214""; queryType: qtINDIRECT; ","itype: liBASE; ledgerHash: ""\264XQl\247\003\354\245\364D\352R\216\206b4,p\2079'\3229\214pa\315o:\200`\214""; queryType: qtINDIRECT; "
1750587323474,1750587323474,0,1,4,2,TMGetLedger,"itype: liBASE; ledgerHash: ""\264XQl\247\003\354\245\364D\352R\216\206b4,p\2079'\3229\214pa\315o:\200`\214""; queryType: qtINDIRECT; ","itype: liBASE; ledgerHash: ""\264XQl\247\003\354\245\364D\352R\216\206b4,p\2079'\3229\214pa\315o:\200`\214""; queryType: qtINDIRECT; "
1750587323474,1750587323475,0,1,3,2,TMValidation,"validation: """"\200\000\000\001&\000\000\000\024)/\352\224;:?HT\314/\177\320^Q\264XQl\247\003\354\245\364D\352R\216\206b4,p\2079'\3229\214pa\315o:\200`\214P\027\000\000\000\000\000\000\000\000\000\000\000\000\000\000\000\000\000\000\000\000\000\000\000\000\000\000\000\000\000\000\000\000P\031\370\361\367\235\210sr\037\032`/X%b\364\000\2261<\024n\271\n\247\213\340ngjzz\321s!\003\343\005\311u\203\370\0338\3174\324\010\006\301\251\177\261\304eOX\262)FA-\022r\263wm\024vG0E\002!\000\313?r\314\373\3538o)a \317k\231\246\272`p\373""z\304dy\212\230\n\t\226\030h-\002 R\001\237\301oN\200\232\365S\275M\031\374\224W\362\002RF\002\351\322\036:O&\320\357-\255\337""; ","validation: """"\200\000\000\001&\000\000\000\024)/\352\224;:?HT\314/\177\320^Q\264XQl\247\003\354\245\364D\352R\216\206b4,p\2079'\3229\214pa\315o:\200`\214P\027\000\000\000\000\000\000\000\000\000\000\000\000\000\000\000\000\000\000\000\000\000\000\000\000\000\000\000\000\000\000\000\000P\031\370\361\367\235\210sr\037\032`/X%b\364\000\2261<\024n\271\n\247\213\340ngjzz\321s!\003\343\005\311u\203\370\0338\3174\324\010\006\301\251\177\261\304eOX\262)FA-\022r\263wm\024vG0E\002!\000\313?r\314\373\3538o)a \317k\231\246\272`p\373""z\304dy\212\230\n\t\226\030h-\002 R\001\237\301oN\200\232\365S\275M\031\374\224W\362\002RF\002\351\322\036:O&\320\357-\255\337""; "
1750587323475,1750587323475,0,1,3,0,TMValidation,"validation: """"\200\000\000\001&\000\000\000\024)/\352\224;:?HT\314/\177\320^Q\264XQl\247\003\354\245\364D\352R\216\206b4,p\2079'\3229\214pa\315o:\200`\214P\027\000\000\000\000\000\000\000\000\000\000\000\000\000\000\000\000\000\000\000\000\000\000\000\000\000\000\000\000\000\000\000\000P\031\370\361\367\235\210sr\037\032`/X%b\364\000\2261<\024n\271\n\247\213\340ngjzz\321s!\003\343\005\311u\203\370\0338\3174\324\010\006\301\251\177\261\304eOX\262)FA-\022r\263wm\024vG0E\002!\000\313?r\314\373\3538o)a \317k\231\246\272`p\373""z\304dy\212\230\n\t\226\030h-\002 R\001\237\301oN\200\232\365S\275M\031\374\224W\362\002RF\002\351\322\036:O&\320\357-\255\337""; ","validation: """"\200\000\000\001&\000\000\000\024)/\352\224;:?HT\314/\177\320^Q\264XQl\247\003\354\245\364D\352R\216\206b4,p\2079'\3229\214pa\315o:\200`\214P\027\000\000\000\000\000\000\000\000\000\000\000\000\000\000\000\000\000\000\000\000\000\000\000\000\000\000\000\000\000\000\000\000P\031\370\361\367\235\210sr\037\032`/X%b\364\000\2261<\024n\271\n\247\213\340ngjzz\321s!\003\343\005\311u\203\370\0338\3174\324\010\006\301\251\177\261\304eOX\262)FA-\022r\263wm\024vG0E\002!\000\313?r\314\373\3538o)a \317k\231\246\272`p\373""z\304dy\212\230\n\t\226\030h-\002 R\001\237\301oN\200\232\365S\275M\031\374\224W\362\002RF\002\351\322\036:O&\320\357-\255\337""; "
1750587323475,1750587323475,0,1,3,4,TMGetLedger,"itype: liBASE; ledgerHash: ""\264XQl\247\003\354\245\364D\352R\216\206b4,p\2079'\3229\214pa\315o:\200`\214""; ","itype: liBASE; ledgerHash: ""\264XQl\247\003\354\245\364D\352R\216\206b4,p\2079'\3229\214pa\315o:\200`\214""; "
1750587323475,1750587323475,0,1,3,1,TMValidation,"validation: """"\200\000\000\001&\000\000\000\024)/\352\224;:?HT\314/\177\320^Q\264XQl\247\003\354\245\364D\352R\216\206b4,p\2079'\3229\214pa\315o:\200`\214P\027\000\000\000\000\000\000\000\000\000\000\000\000\000\000\000\000\000\000\000\000\000\000\000\000\000\000\000\000\000\000\000\000P\031\370\361\367\235\210sr\037\032`/X%b\364\000\2261<\024n\271\n\247\213\340ngjzz\321s!\003\343\005\311u\203\370\0338\3174\324\010\006\301\251\177\261\304eOX\262)FA-\022r\263wm\024vG0E\002!\000\313?r\314\373\3538o)a \317k\231\246\272`p\373""z\304dy\212\230\n\t\226\030h-\002 R\001\237\301oN\200\232\365S\275M\031\374\224W\362\002RF\002\351\322\036:O&\320\357-\255\337""; ","validation: """"\200\000\000\001&\000\000\000\024)/\352\224;:?HT\314/\177\320^Q\264XQl\247\003\354\245\364D\352R\216\206b4,p\2079'\3229\214pa\315o:\200`\214P\027\000\000\000\000\000\000\000\000\000\000\000\000\000\000\000\000\000\000\000\000\000\000\000\000\000\000\000\000\000\000\000\000P\031\370\361\367\235\210sr\037\032`/X%b\364\000\2261<\024n\271\n\247\213\340ngjzz\321s!\003\343\005\311u\203\370\0338\3174\324\010\006\301\251\177\261\304eOX\262)FA-\022r\263wm\024vG0E\002!\000\313?r\314\373\3538o)a \317k\231\246\272`p\373""z\304dy\212\230\n\t\226\030h-\002 R\001\237\301oN\200\232\365S\275M\031\374\224W\362\002RF\002\351\322\036:O&\320\357-\255\337""; "
1750587323476,1750587323477,0,1,3,4,TMGetLedger,"itype: liBASE; ledgerHash: ""\264XQl\247\003\354\245\364D\352R\216\206b4,p\2079'\3229\214pa\315o:\200`\214""; queryType: qtINDIRECT; ","itype: liBASE; ledgerHash: ""\264XQl\247\003\354\245\364D\352R\216\206b4,p\2079'\3229\214pa\315o:\200`\214""; queryType: qtINDIRECT; "
1750587323478,1750587323478,0,1,0,1,TMValidation,"validation: """"\200\000\000\001&\000\000\000\024)/\352\224;:?HT\314/\177\320^Q\264XQl\247\003\354\245\364D\352R\216\206b4,p\2079'\3229\214pa\315o:\200`\214P\027\000\000\000\000\000\000\000\000\000\000\000\000\000\000\000\000\000\000\000\000\000\000\000\000\000\000\000\000\000\000\000\000P\031\370\361\367\235\210sr\037\032`/X%b\364\000\2261<\024n\271\n\247\213\340ngjzz\321s!\003\343\005\311u\203\370\0338\3174\324\010\006\301\251\177\261\304eOX\262)FA-\022r\263wm\024vG0E\002!\000\313?r\314\373\3538o)a \317k\231\246\272`p\373""z\304dy\212\230\n\t\226\030h-\002 R\001\237\301oN\200\232\365S\275M\031\374\224W\362\002RF\002\351\322\036:O&\320\357-\255\337""; ","validation: """"\200\000\000\001&\000\000\000\024)/\352\224;:?HT\314/\177\320^Q\264XQl\247\003\354\245\364D\352R\216\206b4,p\2079'\3229\214pa\315o:\200`\214P\027\000\000\000\000\000\000\000\000\000\000\000\000\000\000\000\000\000\000\000\000\000\000\000\000\000\000\000\000\000\000\000\000P\031\370\361\367\235\210sr\037\032`/X%b\364\000\2261<\024n\271\n\247\213\340ngjzz\321s!\003\343\005\311u\203\370\0338\3174\324\010\006\301\251\177\261\304eOX\262)FA-\022r\263wm\024vG0E\002!\000\313?r\314\373\3538o)a \317k\231\246\272`p\373""z\304dy\212\230\n\t\226\030h-\002 R\001\237\301oN\200\232\365S\275M\031\374\224W\362\002RF\002\351\322\036:O&\320\357-\255\337""; "
1750587323478,1750587323478,0,1,0,3,TMValidation,"validation: """"\200\000\000\001&\000\000\000\024)/\352\224;:?HT\314/\177\320^Q\264XQl\247\003\354\245\364D\352R\216\206b4,p\2079'\3229\214pa\315o:\200`\214P\027\000\000\000\000\000\000\000\000\000\000\000\000\000\000\000\000\000\000\000\000\000\000\000\000\000\000\000\000\000\000\000\000P\031\370\361\367\235\210sr\037\032`/X%b\364\000\2261<\024n\271\n\247\213\340ngjzz\321s!\003\343\005\311u\203\370\0338\3174\324\010\006\301\251\177\261\304eOX\262)FA-\022r\263wm\024vG0E\002!\000\313?r\314\373\3538o)a \317k\231\246\272`p\373""z\304dy\212\230\n\t\226\030h-\002 R\001\237\301oN\200\232\365S\275M\031\374\224W\362\002RF\002\351\322\036:O&\320\357-\255\337""; ","validation: """"\200\000\000\001&\000\000\000\024)/\352\224;:?HT\314/\177\320^Q\264XQl\247\003\354\245\364D\352R\216\206b4,p\2079'\3229\214pa\315o:\200`\214P\027\000\000\000\000\000\000\000\000\000\000\000\000\000\000\000\000\000\000\000\000\000\000\000\000\000\000\000\000\000\000\000\000P\031\370\361\367\235\210sr\037\032`/X%b\364\000\2261<\024n\271\n\247\213\340ngjzz\321s!\003\343\005\311u\203\370\0338\3174\324\010\006\301\251\177\261\304eOX\262)FA-\022r\263wm\024vG0E\002!\000\313?r\314\373\3538o)a \317k\231\246\272`p\373""z\304dy\212\230\n\t\226\030h-\002 R\001\237\301oN\200\232\365S\275M\031\374\224W\362\002RF\002\351\322\036:O&\320\357-\255\337""; "
1750587323479,1750587323479,0,1,0,2,TMValidation,"validation: """"\200\000\000\001&\000\000\000\024)/\352\224;:?HT\314/\177\320^Q\264XQl\247\003\354\245\364D\352R\216\206b4,p\2079'\3229\214pa\315o:\200`\214P\027\000\000\000\000\000\000\000\000\000\000\000\000\000\000\000\000\000\000\000\000\000\000\000\000\000\000\000\000\000\000\000\000P\031\370\361\367\235\210sr\037\032`/X%b\364\000\2261<\024n\271\n\247\213\340ngjzz\321s!\003\343\005\311u\203\370\0338\3174\324\010\006\301\251\177\261\304eOX\262)FA-\022r\263wm\024vG0E\002!\000\313?r\314\373\3538o)a \317k\231\246\272`p\373""z\304dy\212\230\n\t\226\030h-\002 R\001\237\301oN\200\232\365S\275M\031\374\224W\362\002RF\002\351\322\036:O&\320\357-\255\337""; ","validation: """"\200\000\000\001&\000\000\000\024)/\352\224;:?HT\314/\177\320^Q\264XQl\247\003\354\245\364D\352R\216\206b4,p\2079'\3229\214pa\315o:\200`\214P\027\000\000\000\000\000\000\000\000\000\000\000\000\000\000\000\000\000\000\000\000\000\000\000\000\000\000\000\000\000\000\000\000P\031\370\361\367\235\210sr\037\032`/X%b\364\000\2261<\024n\271\n\247\213\340ngjzz\321s!\003\343\005\311u\203\370\0338\3174\324\010\006\301\251\177\261\304eOX\262)FA-\022r\263wm\024vG0E\002!\000\313?r\314\373\3538o)a \317k\231\246\272`p\373""z\304dy\212\230\n\t\226\030h-\002 R\001\237\301oN\200\232\365S\275M\031\374\224W\362\002RF\002\351\322\036:O&\320\357-\255\337""; "
1750587323480,1750587323480,0,1,0,4,TMGetLedger,"itype: liBASE; ledgerHash: ""\264XQl\247\003\354\245\364D\352R\216\206b4,p\2079'\3229\214pa\315o:\200`\214""; ","itype: liBASE; ledgerHash: ""\264XQl\247\003\354\245\364D\352R\216\206b4,p\2079'\3229\214pa\315o:\200`\214""; "
1750587323480,1750587323480,0,1,0,4,TMGetLedger,"itype: liBASE; ledgerHash: ""\264XQl\247\003\354\245\364D\352R\216\206b4,p\2079'\3229\214pa\315o:\200`\214""; queryType: qtINDIRECT; ","itype: liBASE; ledgerHash: ""\264XQl\247\003\354\245\364D\352R\216\206b4,p\2079'\3229\214pa\315o:\200`\214""; queryType: qtINDIRECT; "
1750587323481,1750587323481,0,1,2,1,TMValidation,"validation: """"\200\000\000\001&\000\000\000\024)/\352\224;:?HT\314/\177\320^Q\264XQl\247\003\354\245\364D\352R\216\206b4,p\2079'\3229\214pa\315o:\200`\214P\027\000\000\000\000\000\000\000\000\000\000\000\000\000\000\000\000\000\000\000\000\000\000\000\000\000\000\000\000\000\000\000\000P\031\370\361\367\235\210sr\037\032`/X%b\364\000\2261<\024n\271\n\247\213\340ngjzz\321s!\003\343\005\311u\203\370\0338\3174\324\010\006\301\251\177\261\304eOX\262)FA-\022r\263wm\024vG0E\002!\000\313?r\314\373\3538o)a \317k\231\246\272`p\373""z\304dy\212\230\n\t\226\030h-\002 R\001\237\301oN\200\232\365S\275M\031\374\224W\362\002RF\002\351\322\036:O&\320\357-\255\337""; ","validation: """"\200\000\000\001&\000\000\000\024)/\352\224;:?HT\314/\177\320^Q\264XQl\247\003\354\245\364D\352R\216\206b4,p\2079'\3229\214pa\315o:\200`\214P\027\000\000\000\000\000\000\000\000\000\000\000\000\000\000\000\000\000\000\000\000\000\000\000\000\000\000\000\000\000\000\000\000P\031\370\361\367\235\210sr\037\032`/X%b\364\000\2261<\024n\271\n\247\213\340ngjzz\321s!\003\343\005\311u\203\370\0338\3174\324\010\006\301\251\177\261\304eOX\262)FA-\022r\263wm\024vG0E\002!\000\313?r\314\373\3538o)a \317k\231\246\272`p\373""z\304dy\212\230\n\t\226\030h-\002 R\001\237\301oN\200\232\365S\275M\031\374\224W\362\002RF\002\351\322\036:O&\320\357-\255\337""; "
1750587323482,1750587323482,0,1,2,3,TMValidation,"validation: """"\200\000\000\001&\000\000\000\024)/\352\224;:?HT\314/\177\320^Q\264XQl\247\003\354\245\364D\352R\216\206b4,p\2079'\3229\214pa\315o:\200`\214P\027\000\000\000\000\000\000\000\000\000\000\000\000\000\000\000\000\000\000\000\000\000\000\000\000\000\000\000\000\000\000\000\000P\031\370\361\367\235\210sr\037\032`/X%b\364\000\2261<\024n\271\n\247\213\340ngjzz\321s!\003\343\005\311u\203\370\0338\3174\324\010\006\301\251\177\261\304eOX\262)FA-\022r\263wm\024vG0E\002!\000\313?r\314\373\3538o)a \317k\231\246\272`p\373""z\304dy\212\230\n\t\226\030h-\002 R\001\237\301oN\200\232\365S\275M\031\374\224W\362\002RF\002\351\322\036:O&\320\357-\255\337""; ","validation: """"\200\000\000\001&\000\000\000\024)/\352\224;:?HT\314/\177\320^Q\264XQl\247\003\354\245\364D\352R\216\206b4,p\2079'\3229\214pa\315o:\200`\214P\027\000\000\000\000\000\000\000\000\000\000\000\000\000\000\000\000\000\000\000\000\000\000\000\000\000\000\000\000\000\000\000\000P\031\370\361\367\235\210sr\037\032`/X%b\364\000\2261<\024n\271\n\247\213\340ngjzz\321s!\003\343\005\311u\203\370\0338\3174\324\010\006\301\251\177\261\304eOX\262)FA-\022r\263wm\024vG0E\002!\000\313?r\314\373\3538o)a \317k\231\246\272`p\373""z\304dy\212\230\n\t\226\030h-\002 R\001\237\301oN\200\232\365S\275M\031\374\224W\362\002RF\002\351\322\036:O&\320\357-\255\337""; "
1750587323482,1750587323482,0,1,2,0,TMValidation,"validation: """"\200\000\000\001&\000\000\000\024)/\352\224;:?HT\314/\177\320^Q\264XQl\247\003\354\245\364D\352R\216\206b4,p\2079'\3229\214pa\315o:\200`\214P\027\000\000\000\000\000\000\000\000\000\000\000\000\000\000\000\000\000\000\000\000\000\000\000\000\000\000\000\000\000\000\000\000P\031\370\361\367\235\210sr\037\032`/X%b\364\000\2261<\024n\271\n\247\213\340ngjzz\321s!\003\343\005\311u\203\370\0338\3174\324\010\006\301\251\177\261\304eOX\262)FA-\022r\263wm\024vG0E\002!\000\313?r\314\373\3538o)a \317k\231\246\272`p\373""z\304dy\212\230\n\t\226\030h-\002 R\001\237\301oN\200\232\365S\275M\031\374\224W\362\002RF\002\351\322\036:O&\320\357-\255\337""; ","validation: """"\200\000\000\001&\000\000\000\024)/\352\224;:?HT\314/\177\320^Q\264XQl\247\003\354\245\364D\352R\216\206b4,p\2079'\3229\214pa\315o:\200`\214P\027\000\000\000\000\000\000\000\000\000\000\000\000\000\000\000\000\000\000\000\000\000\000\000\000\000\000\000\000\000\000\000\000P\031\370\361\367\235\210sr\037\032`/X%b\364\000\2261<\024n\271\n\247\213\340ngjzz\321s!\003\343\005\311u\203\370\0338\3174\324\010\006\301\251\177\261\304eOX\262)FA-\022r\263wm\024vG0E\002!\000\313?r\314\373\3538o)a \317k\231\246\272`p\373""z\304dy\212\230\n\t\226\030h-\002 R\001\237\301oN\200\232\365S\275M\031\374\224W\362\002RF\002\351\322\036:O&\320\357-\255\337""; "
1750587323483,1750587323483,0,1,2,4,TMGetLedger,"itype: liBASE; ledgerHash: ""\264XQl\247\003\354\245\364D\352R\216\206b4,p\2079'\3229\214pa\315o:\200`\214""; ","itype: liBASE; ledgerHash: ""\264XQl\247\003\354\245\364D\352R\216\206b4,p\2079'\3229\214pa\315o:\200`\214""; "
1750587323484,1750587323484,0,1,1,4,TMLedgerData,"ledgerHash: ""\264XQl\247\003\354\245\364D\352R\216\206b4,p\2079'\3229\214pa\315o:\200`\214""; ledgerSeq: 20; type: liBASE; nodes {;   nodedata: ""\000\000\000\024\001cEx]\211\377\330\370\361\367\235\210sr\037\032`/X%b\364\000\2261<\024n\271\n\247\213\340ngjzz\321\000\000\000\000\000\000\000\000\000\000\000\000\000\000\000\000\000\000\000\000\000\000\000\000\000\000\000\000\000\000\000\000HGY\230\367Z?\244\377\2727\021\330\340\034x\t\237T\345Q\253\275\024/,\206\330\020\311\022\226/\352\2249/\352\224:\n\000""; }; nodes {;   nodedata: ""h\315\350\215y\203\242]\371\235\232Pt&\325\210eZ\346\237XZ \277\2457n\221\336\253\245\317\002\304\206+8\t]\351\316\373|\311\263V\300\023\035\211\237\260\300\r\033u3a1\203\303\365\307k\347\006E\344\037@\210\363\010\336T\226\247'\204_{\261\370""1\235\2445\343\033Y!\212\201\341\272\225'\007*$\244&\336\343'\233i\332\374\245 {^\306-N\333\gE\006\347\212\331C\211Z\177\247\031\n\305\247\364\313\215\244F\357<\251\245\214s\253\372\354}@\035\316\027\033)\370\376.\000\021\001.Id\013\202_n)6q\357\2538_-\302\252B\204v\277\254\373\3322Ca\020\243\0105\263\257\367\032\254\016\003""; }; ","ledgerHash: ""\264XQl\247\003\354\245\364D\352R\216\206b4,p\2079'\3229\214pa\315o:\200`\214""; ledgerSeq: 20; type: liBASE; nodes {;   nodedata: ""\000\000\000\024\001cEx]\211\377\330\370\361\367\235\210sr\037\032`/X%b\364\000\2261<\024n\271\n\247\213\340ngjzz\321\000\000\000\000\000\000\000\000\000\000\000\000\000\000\000\000\000\000\000\000\000\000\000\000\000\000\000\000\000\000\000\000HGY\230\367Z?\244\377\2727\021\330\340\034x\t\237T\345Q\253\275\024/,\206\330\020\311\022\226/\352\2249/\352\224:\n\000""; }; nodes {;   nodedata: ""h\315\350\215y\203\242]\371\235\232Pt&\325\210eZ\346\237XZ \277\2457n\221\336\253\245\317\002\304\206+8\t]\351\316\373|\311\263V\300\023\035\211\237\260\300\r\033u3a1\203\303\365\307k\347\006E\344\037@\210\363\010\336T\226\247'\204_{\261\370""1\235\2445\343\033Y!\212\201\341\272\225'\007*$\244&\336\343'\233i\332\374\245 {^\306-N\333\gE\006\347\212\331C\211Z\177\247\031\n\305\247\364\313\215\244F\357<\251\245\214s\253\372\354}@\035\316\027\033)\370\376.\000\021\001.Id\013\202_n)6q\357\2538_-\302\252B\204v\277\254\373\3322Ca\020\243\0105\263\257\367\032\254\016\003""; }; "
1750587323484,1750587323485,0,1,2,4,TMGetLedger,"itype: liBASE; ledgerHash: ""\264XQl\247\003\354\245\364D\352R\216\206b4,p\2079'\3229\214pa\315o:\200`\214""; queryType: qtINDIRECT; ","itype: liBASE; ledgerHash: ""\264XQl\247\003\354\245\364D\352R\216\206b4,p\2079'\3229\214pa\315o:\200`\214""; queryType: qtINDIRECT; "
1750587323485,1750587323485,0,1,1,4,TMLedgerData,"ledgerHash: ""\264XQl\247\003\354\245\364D\352R\216\206b4,p\2079'\3229\214pa\315o:\200`\214""; ledgerSeq: 20; type: liBASE; nodes {;   nodedata: ""\000\000\000\024\001cEx]\211\377\330\370\361\367\235\210sr\037\032`/X%b\364\000\2261<\024n\271\n\247\213\340ngjzz\321\000\000\000\000\000\000\000\000\000\000\000\000\000\000\000\000\000\000\000\000\000\000\000\000\000\000\000\000\000\000\000\000HGY\230\367Z?\244\377\2727\021\330\340\034x\t\237T\345Q\253\275\024/,\206\330\020\311\022\226/\352\2249/\352\224:\n\000""; }; nodes {;   nodedata: ""h\315\350\215y\203\242]\371\235\232Pt&\325\210eZ\346\237XZ \277\2457n\221\336\253\245\317\002\304\206+8\t]\351\316\373|\311\263V\300\023\035\211\237\260\300\r\033u3a1\203\303\365\307k\347\006E\344\037@\210\363\010\336T\226\247'\204_{\261\370""1\235\2445\343\033Y!\212\201\341\272\225'\007*$\244&\336\343'\233i\332\374\245 {^\306-N\333\gE\006\347\212\331C\211Z\177\247\031\n\305\247\364\313\215\244F\357<\251\245\214s\253\372\354}@\035\316\027\033)\370\376.\000\021\001.Id\013\202_n)6q\357\2538_-\302\252B\204v\277\254\373\3322Ca\020\243\0105\263\257\367\032\254\016\003""; }; ","ledgerHash: ""\264XQl\247\003\354\245\364D\352R\216\206b4,p\2079'\3229\214pa\315o:\200`\214""; ledgerSeq: 20; type: liBASE; nodes {;   nodedata: ""\000\000\000\024\001cEx]\211\377\330\370\361\367\235\210sr\037\032`/X%b\364\000\2261<\024n\271\n\247\213\340ngjzz\321\000\000\000\000\000\000\000\000\000\000\000\000\000\000\000\000\000\000\000\000\000\000\000\000\000\000\000\000\000\000\000\000HGY\230\367Z?\244\377\2727\021\330\340\034x\t\237T\345Q\253\275\024/,\206\330\020\311\022\226/\352\2249/\352\224:\n\000""; }; nodes {;   nodedata: ""h\315\350\215y\203\242]\371\235\232Pt&\325\210eZ\346\237XZ \277\2457n\221\336\253\245\317\002\304\206+8\t]\351\316\373|\311\263V\300\023\035\211\237\260\300\r\033u3a1\203\303\365\307k\347\006E\344\037@\210\363\010\336T\226\247'\204_{\261\370""1\235\2445\343\033Y!\212\201\341\272\225'\007*$\244&\336\343'\233i\332\374\245 {^\306-N\333\gE\006\347\212\331C\211Z\177\247\031\n\305\247\364\313\215\244F\357<\251\245\214s\253\372\354}@\035\316\027\033)\370\376.\000\021\001.Id\013\202_n)6q\357\2538_-\302\252B\204v\277\254\373\3322Ca\020\243\0105\263\257\367\032\254\016\003""; }; "
1750587323486,1750587323486,0,1,2,3,TMGetLedger,"itype: liBASE; ledgerHash: ""\264XQl\247\003\354\245\364D\352R\216\206b4,p\2079'\3229\214pa\315o:\200`\214""; ","itype: liBASE; ledgerHash: ""\264XQl\247\003\354\245\364D\352R\216\206b4,p\2079'\3229\214pa\315o:\200`\214""; "
1750587323487,1750587323487,0,1,2,3,TMGetLedger,"itype: liBASE; ledgerHash: ""\264XQl\247\003\354\245\364D\352R\216\206b4,p\2079'\3229\214pa\315o:\200`\214""; queryType: qtINDIRECT; ","itype: liBASE; ledgerHash: ""\264XQl\247\003\354\245\364D\352R\216\206b4,p\2079'\3229\214pa\315o:\200`\214""; queryType: qtINDIRECT; "
1750587323487,1750587323487,0,1,0,3,TMGetLedger,"itype: liBASE; ledgerHash: ""\264XQl\247\003\354\245\364D\352R\216\206b4,p\2079'\3229\214pa\315o:\200`\214""; queryType: qtINDIRECT; ","itype: liBASE; ledgerHash: ""\264XQl\247\003\354\245\364D\352R\216\206b4,p\2079'\3229\214pa\315o:\200`\214""; queryType: qtINDIRECT; "
1750587323488,1750587323488,0,1,0,3,TMGetLedger,"itype: liBASE; ledgerHash: ""\264XQl\247\003\354\245\364D\352R\216\206b4,p\2079'\3229\214pa\315o:\200`\214""; ","itype: liBASE; ledgerHash: ""\264XQl\247\003\354\245\364D\352R\216\206b4,p\2079'\3229\214pa\315o:\200`\214""; "
1750587323488,1750587323488,0,1,1,3,TMValidation,"validation: """"\200\000\000\001&\000\000\000\024)/\352\224;:?HT\314/\177\320^Q\264XQl\247\003\354\245\364D\352R\216\206b4,p\2079'\3229\214pa\315o:\200`\214P\027\000\000\000\000\000\000\000\000\000\000\000\000\000\000\000\000\000\000\000\000\000\000\000\000\000\000\000\000\000\000\000\000P\031\370\361\367\235\210sr\037\032`/X%b\364\000\2261<\024n\271\n\247\213\340ngjzz\321s!\003\343\005\311u\203\370\0338\3174\324\010\006\301\251\177\261\304eOX\262)FA-\022r\263wm\024vG0E\002!\000\313?r\314\373\3538o)a \317k\231\246\272`p\373""z\304dy\212\230\n\t\226\030h-\002 R\001\237\301oN\200\232\365S\275M\031\374\224W\362\002RF\002\351\322\036:O&\320\357-\255\337""; ","validation: """"\200\000\000\001&\000\000\000\024)/\352\224;:?HT\314/\177\320^Q\264XQl\247\003\354\245\364D\352R\216\206b4,p\2079'\3229\214pa\315o:\200`\214P\027\000\000\000\000\000\000\000\000\000\000\000\000\000\000\000\000\000\000\000\000\000\000\000\000\000\000\000\000\000\000\000\000P\031\370\361\367\235\210sr\037\032`/X%b\364\000\2261<\024n\271\n\247\213\340ngjzz\321s!\003\343\005\311u\203\370\0338\3174\324\010\006\301\251\177\261\304eOX\262)FA-\022r\263wm\024vG0E\002!\000\313?r\314\373\3538o)a \317k\231\246\272`p\373""z\304dy\212\230\n\t\226\030h-\002 R\001\237\301oN\200\232\365S\275M\031\374\224W\362\002RF\002\351\322\036:O&\320\357-\255\337""; "
1750587323489,1750587323489,0,1,4,1,TMGetLedger,"itype: liBASE; ledgerHash: ""\264XQl\247\003\354\245\364D\352R\216\206b4,p\2079'\3229\214pa\315o:\200`\214""; requestCookie: 4; queryType: qtINDIRECT; ","itype: liBASE; ledgerHash: ""\264XQl\247\003\354\245\364D\352R\216\206b4,p\2079'\3229\214pa\315o:\200`\214""; requestCookie: 4; queryType: qtINDIRECT; "
1750587323490,1750587323490,0,1,1,0,TMValidation,"validation: """"\200\000\000\001&\000\000\000\024)/\352\224;:?HT\314/\177\320^Q\264XQl\247\003\354\245\364D\352R\216\206b4,p\2079'\3229\214pa\315o:\200`\214P\027\000\000\000\000\000\000\000\000\000\000\000\000\000\000\000\000\000\000\000\000\000\000\000\000\000\000\000\000\000\000\000\000P\031\370\361\367\235\210sr\037\032`/X%b\364\000\2261<\024n\271\n\247\213\340ngjzz\321s!\003\343\005\311u\203\370\0338\3174\324\010\006\301\251\177\261\304eOX\262)FA-\022r\263wm\024vG0E\002!\000\313?r\314\373\3538o)a \317k\231\246\272`p\373""z\304dy\212\230\n\t\226\030h-\002 R\001\237\301oN\200\232\365S\275M\031\374\224W\362\002RF\002\351\322\036:O&\320\357-\255\337""; ","validation: """"\200\000\000\001&\000\000\000\024)/\352\224;:?HT\314/\177\320^Q\264XQl\247\003\354\245\364D\352R\216\206b4,p\2079'\3229\214pa\315o:\200`\214P\027\000\000\000\000\000\000\000\000\000\000\000\000\000\000\000\000\000\000\000\000\000\000\000\000\000\000\000\000\000\000\000\000P\031\370\361\367\235\210sr\037\032`/X%b\364\000\2261<\024n\271\n\247\213\340ngjzz\321s!\003\343\005\311u\203\370\0338\3174\324\010\006\301\251\177\261\304eOX\262)FA-\022r\263wm\024vG0E\002!\000\313?r\314\373\3538o)a \317k\231\246\272`p\373""z\304dy\212\230\n\t\226\030h-\002 R\001\237\301oN\200\232\365S\275M\031\374\224W\362\002RF\002\351\322\036:O&\320\357-\255\337""; "
1750587323490,1750587323490,0,1,3,0,TMGetLedger,"itype: liBASE; ledgerHash: ""\264XQl\247\003\354\245\364D\352R\216\206b4,p\2079'\3229\214pa\315o:\200`\214""; queryType: qtINDIRECT; ","itype: liBASE; ledgerHash: ""\264XQl\247\003\354\245\364D\352R\216\206b4,p\2079'\3229\214pa\315o:\200`\214""; queryType: qtINDIRECT; "
1750587323491,1750587323491,0,1,3,0,TMGetLedger,"itype: liBASE; ledgerHash: ""\264XQl\247\003\354\245\364D\352R\216\206b4,p\2079'\3229\214pa\315o:\200`\214""; ","itype: liBASE; ledgerHash: ""\264XQl\247\003\354\245\364D\352R\216\206b4,p\2079'\3229\214pa\315o:\200`\214""; "
1750587323492,1750587323492,0,1,2,0,TMGetLedger,"itype: liBASE; ledgerHash: ""\264XQl\247\003\354\245\364D\352R\216\206b4,p\2079'\3229\214pa\315o:\200`\214""; queryType: qtINDIRECT; ","itype: liBASE; ledgerHash: ""\264XQl\247\003\354\245\364D\352R\216\206b4,p\2079'\3229\214pa\315o:\200`\214""; queryType: qtINDIRECT; "
1750587323492,1750587323492,0,1,2,0,TMGetLedger,"itype: liBASE; ledgerHash: ""\264XQl\247\003\354\245\364D\352R\216\206b4,p\2079'\3229\214pa\315o:\200`\214""; ","itype: liBASE; ledgerHash: ""\264XQl\247\003\354\245\364D\352R\216\206b4,p\2079'\3229\214pa\315o:\200`\214""; "
1750587323493,1750587323493,0,1,4,1,TMGetLedger,"itype: liBASE; ledgerHash: ""\264XQl\247\003\354\245\364D\352R\216\206b4,p\2079'\3229\214pa\315o:\200`\214""; requestCookie: 1; queryType: qtINDIRECT; ","itype: liBASE; ledgerHash: ""\264XQl\247\003\354\245\364D\352R\216\206b4,p\2079'\3229\214pa\315o:\200`\214""; requestCookie: 1; queryType: qtINDIRECT; "
1750587323493,1750587323494,0,1,1,2,TMValidation,"validation: """"\200\000\000\001&\000\000\000\024)/\352\224;:?HT\314/\177\320^Q\264XQl\247\003\354\245\364D\352R\216\206b4,p\2079'\3229\214pa\315o:\200`\214P\027\000\000\000\000\000\000\000\000\000\000\000\000\000\000\000\000\000\000\000\000\000\000\000\000\000\000\000\000\000\000\000\000P\031\370\361\367\235\210sr\037\032`/X%b\364\000\2261<\024n\271\n\247\213\340ngjzz\321s!\003\343\005\311u\203\370\0338\3174\324\010\006\301\251\177\261\304eOX\262)FA-\022r\263wm\024vG0E\002!\000\313?r\314\373\3538o)a \317k\231\246\272`p\373""z\304dy\212\230\n\t\226\030h-\002 R\001\237\301oN\200\232\365S\275M\031\374\224W\362\002RF\002\351\322\036:O&\320\357-\255\337""; ","validation: """"\200\000\000\001&\000\000\000\024)/\352\224;:?HT\314/\177\320^Q\264XQl\247\003\354\245\364D\352R\216\206b4,p\2079'\3229\214pa\315o:\200`\214P\027\000\000\000\000\000\000\000\000\000\000\000\000\000\000\000\000\000\000\000\000\000\000\000\000\000\000\000\000\000\000\000\000P\031\370\361\367\235\210sr\037\032`/X%b\364\000\2261<\024n\271\n\247\213\340ngjzz\321s!\003\343\005\311u\203\370\0338\3174\324\010\006\301\251\177\261\304eOX\262)FA-\022r\263wm\024vG0E\002!\000\313?r\314\373\3538o)a \317k\231\246\272`p\373""z\304dy\212\230\n\t\226\030h-\002 R\001\237\301oN\200\232\365S\275M\031\374\224W\362\002RF\002\351\322\036:O&\320\357-\255\337""; "
1750587323494,1750587323494,0,1,3,2,TMGetLedger,"itype: liBASE; ledgerHash: ""\264XQl\247\003\354\245\364D\352R\216\206b4,p\2079'\3229\214pa\315o:\200`\214""; ","itype: liBASE; ledgerHash: ""\264XQl\247\003\354\245\364D\352R\216\206b4,p\2079'\3229\214pa\315o:\200`\214""; "
1750587323494,1750587323494,0,1,3,2,TMGetLedger,"itype: liBASE; ledgerHash: ""\264XQl\247\003\354\245\364D\352R\216\206b4,p\2079'\3229\214pa\315o:\200`\214""; queryType: qtINDIRECT; ","itype: liBASE; ledgerHash: ""\264XQl\247\003\354\245\364D\352R\216\206b4,p\2079'\3229\214pa\315o:\200`\214""; queryType: qtINDIRECT; "
1750587323495,1750587323495,0,1,0,2,TMGetLedger,"itype: liBASE; ledgerHash: ""\264XQl\247\003\354\245\364D\352R\216\206b4,p\2079'\3229\214pa\315o:\200`\214""; queryType: qtINDIRECT; ","itype: liBASE; ledgerHash: ""\264XQl\247\003\354\245\364D\352R\216\206b4,p\2079'\3229\214pa\315o:\200`\214""; queryType: qtINDIRECT; "
1750587323495,1750587323495,0,1,0,2,TMGetLedger,"itype: liBASE; ledgerHash: ""\264XQl\247\003\354\245\364D\352R\216\206b4,p\2079'\3229\214pa\315o:\200`\214""; ","itype: liBASE; ledgerHash: ""\264XQl\247\003\354\245\364D\352R\216\206b4,p\2079'\3229\214pa\315o:\200`\214""; "
1750587323496,1750587323496,0,1,4,1,TMGetLedger,"itype: liAS_NODE; ledgerHash: ""\264XQl\247\003\354\245\364D\352R\216\206b4,p\2079'\3229\214pa\315o:\200`\214""; ledgerSeq: 20; nodeIDs: ""\260\000\000\000\000\000\000\000\000\000\000\000\000\000\000\000\000\000\000\000\000\000\000\000\000\000\000\000\000\000\000\000\001""; queryType: qtINDIRECT; queryDepth: 1; ","itype: liAS_NODE; ledgerHash: ""\264XQl\247\003\354\245\364D\352R\216\206b4,p\2079'\3229\214pa\315o:\200`\214""; ledgerSeq: 20; nodeIDs: ""\260\000\000\000\000\000\000\000\000\000\000\000\000\000\000\000\000\000\000\000\000\000\000\000\000\000\000\000\000\000\000\000\001""; queryType: qtINDIRECT; queryDepth: 1; "
1750587323517,1750587323517,0,1,4,1,TMGetLedger,"itype: liBASE; ledgerHash: ""\264XQl\247\003\354\245\364D\352R\216\206b4,p\2079'\3229\214pa\315o:\200`\214""; requestCookie: 3; queryType: qtINDIRECT; ","itype: liBASE; ledgerHash: ""\264XQl\247\003\354\245\364D\352R\216\206b4,p\2079'\3229\214pa\315o:\200`\214""; requestCookie: 3; queryType: qtINDIRECT; "
1750587323518,1750587323518,0,1,3,1,TMGetLedger,"itype: liBASE; ledgerHash: ""\264XQl\247\003\354\245\364D\352R\216\206b4,p\2079'\3229\214pa\315o:\200`\214""; queryType: qtINDIRECT; ","itype: liBASE; ledgerHash: ""\264XQl\247\003\354\245\364D\352R\216\206b4,p\2079'\3229\214pa\315o:\200`\214""; queryType: qtINDIRECT; "
1750587323518,1750587323519,0,1,3,1,TMGetLedger,"itype: liBASE; ledgerHash: ""\264XQl\247\003\354\245\364D\352R\216\206b4,p\2079'\3229\214pa\315o:\200`\214""; ","itype: liBASE; ledgerHash: ""\264XQl\247\003\354\245\364D\352R\216\206b4,p\2079'\3229\214pa\315o:\200`\214""; "
1750587323520,1750587323520,0,1,3,1,TMGetLedger,"itype: liBASE; ledgerHash: ""\264XQl\247\003\354\245\364D\352R\216\206b4,p\2079'\3229\214pa\315o:\200`\214""; requestCookie: 5; queryType: qtINDIRECT; ","itype: liBASE; ledgerHash: ""\264XQl\247\003\354\245\364D\352R\216\206b4,p\2079'\3229\214pa\315o:\200`\214""; requestCookie: 5; queryType: qtINDIRECT; "
1750587323520,1750587323520,0,1,3,1,TMGetLedger,"itype: liBASE; ledgerHash: ""\264XQl\247\003\354\245\364D\352R\216\206b4,p\2079'\3229\214pa\315o:\200`\214""; requestCookie: 4; queryType: qtINDIRECT; ","itype: liBASE; ledgerHash: ""\264XQl\247\003\354\245\364D\352R\216\206b4,p\2079'\3229\214pa\315o:\200`\214""; requestCookie: 4; queryType: qtINDIRECT; "
1750587323521,1750587323521,0,1,1,4,TMLedgerData,"ledgerHash: ""\264XQl\247\003\354\245\364D\352R\216\206b4,p\2079'\3229\214pa\315o:\200`\214""; ledgerSeq: 20; type: liBASE; nodes {;   nodedata: ""\000\000\000\024\001cEx]\211\377\330\370\361\367\235\210sr\037\032`/X%b\364\000\2261<\024n\271\n\247\213\340ngjzz\321\000\000\000\000\000\000\000\000\000\000\000\000\000\000\000\000\000\000\000\000\000\000\000\000\000\000\000\000\000\000\000\000HGY\230\367Z?\244\377\2727\021\330\340\034x\t\237T\345Q\253\275\024/,\206\330\020\311\022\226/\352\2249/\352\224:\n\000""; }; nodes {;   nodedata: ""h\315\350\215y\203\242]\371\235\232Pt&\325\210eZ\346\237XZ \277\2457n\221\336\253\245\317\002\304\206+8\t]\351\316\373|\311\263V\300\023\035\211\237\260\300\r\033u3a1\203\303\365\307k\347\006E\344\037@\210\363\010\336T\226\247'\204_{\261\370""1\235\2445\343\033Y!\212\201\341\272\225'\007*$\244&\336\343'\233i\332\374\245 {^\306-N\333\gE\006\347\212\331C\211Z\177\247\031\n\305\247\364\313\215\244F\357<\251\245\214s\253\372\354}@\035\316\027\033)\370\376.\000\021\001.Id\013\202_n)6q\357\2538_-\302\252B\204v\277\254\373\3322Ca\020\243\0105\263\257\367\032\254\016\003""; }; requestCookie: 4; ","ledgerHash: ""\264XQl\247\003\354\245\364D\352R\216\206b4,p\2079'\3229\214pa\315o:\200`\214""; ledgerSeq: 20; type: liBASE; nodes {;   nodedata: ""\000\000\000\024\001cEx]\211\377\330\370\361\367\235\210sr\037\032`/X%b\364\000\2261<\024n\271\n\247\213\340ngjzz\321\000\000\000\000\000\000\000\000\000\000\000\000\000\000\000\000\000\000\000\000\000\000\000\000\000\000\000\000\000\000\000\000HGY\230\367Z?\244\377\2727\021\330\340\034x\t\237T\345Q\253\275\024/,\206\330\020\311\022\226/\352\2249/\352\224:\n\000""; }; nodes {;   nodedata: ""h\315\350\215y\203\242]\371\235\232Pt&\325\210eZ\346\237XZ \277\2457n\221\336\253\245\317\002\304\206+8\t]\351\316\373|\311\263V\300\023\035\211\237\260\300\r\033u3a1\203\303\365\307k\347\006E\344\037@\210\363\010\336T\226\247'\204_{\261\370""1\235\2445\343\033Y!\212\201\341\272\225'\007*$\244&\336\343'\233i\332\374\245 {^\306-N\333\gE\006\347\212\331C\211Z\177\247\031\n\305\247\364\313\215\244F\357<\251\245\214s\253\372\354}@\035\316\027\033)\370\376.\000\021\001.Id\013\202_n)6q\357\2538_-\302\252B\204v\277\254\373\3322Ca\020\243\0105\263\257\367\032\254\016\003""; }; requestCookie: 4; "
1750587323521,1750587323521,0,1,3,1,TMGetLedger,"itype: liBASE; ledgerHash: ""\264XQl\247\003\354\245\364D\352R\216\206b4,p\2079'\3229\214pa\315o:\200`\214""; requestCookie: 2; queryType: qtINDIRECT; ","itype: liBASE; ledgerHash: ""\264XQl\247\003\354\245\364D\352R\216\206b4,p\2079'\3229\214pa\315o:\200`\214""; requestCookie: 2; queryType: qtINDIRECT; "
1750587323522,1750587323523,0,1,0,1,TMGetLedger,"itype: liBASE; ledgerHash: ""\264XQl\247\003\354\245\364D\352R\216\206b4,p\2079'\3229\214pa\315o:\200`\214""; ","itype: liBASE; ledgerHash: ""\264XQl\247\003\354\245\364D\352R\216\206b4,p\2079'\3229\214pa\315o:\200`\214""; "
1750587323523,1750587323523,0,1,0,1,TMGetLedger,"itype: liBASE; ledgerHash: ""\264XQl\247\003\354\245\364D\352R\216\206b4,p\2079'\3229\214pa\315o:\200`\214""; queryType: qtINDIRECT; ","itype: liBASE; ledgerHash: ""\264XQl\247\003\354\245\364D\352R\216\206b4,p\2079'\3229\214pa\315o:\200`\214""; queryType: qtINDIRECT; "
1750587323524,1750587323524,0,1,0,1,TMGetLedger,"itype: liBASE; ledgerHash: ""\264XQl\247\003\354\245\364D\352R\216\206b4,p\2079'\3229\214pa\315o:\200`\214""; requestCookie: 5; queryType: qtINDIRECT; ","itype: liBASE; ledgerHash: ""\264XQl\247\003\354\245\364D\352R\216\206b4,p\2079'\3229\214pa\315o:\200`\214""; requestCookie: 5; queryType: qtINDIRECT; "
1750587323524,1750587323524,0,1,2,1,TMGetLedger,"itype: liBASE; ledgerHash: ""\264XQl\247\003\354\245\364D\352R\216\206b4,p\2079'\3229\214pa\315o:\200`\214""; requestCookie: 5; queryType: qtINDIRECT; ","itype: liBASE; ledgerHash: ""\264XQl\247\003\354\245\364D\352R\216\206b4,p\2079'\3229\214pa\315o:\200`\214""; requestCookie: 5; queryType: qtINDIRECT; "
1750587323525,1750587323525,0,1,2,1,TMGetLedger,"itype: liBASE; ledgerHash: ""\264XQl\247\003\354\245\364D\352R\216\206b4,p\2079'\3229\214pa\315o:\200`\214""; ","itype: liBASE; ledgerHash: ""\264XQl\247\003\354\245\364D\352R\216\206b4,p\2079'\3229\214pa\315o:\200`\214""; "
1750587323526,1750587323526,0,1,2,1,TMGetLedger,"itype: liBASE; ledgerHash: ""\264XQl\247\003\354\245\364D\352R\216\206b4,p\2079'\3229\214pa\315o:\200`\214""; queryType: qtINDIRECT; ","itype: liBASE; ledgerHash: ""\264XQl\247\003\354\245\364D\352R\216\206b4,p\2079'\3229\214pa\315o:\200`\214""; queryType: qtINDIRECT; "
1750587323526,1750587323527,0,1,1,4,TMLedgerData,"ledgerHash: ""\264XQl\247\003\354\245\364D\352R\216\206b4,p\2079'\3229\214pa\315o:\200`\214""; ledgerSeq: 20; type: liBASE; nodes {;   nodedata: ""\000\000\000\024\001cEx]\211\377\330\370\361\367\235\210sr\037\032`/X%b\364\000\2261<\024n\271\n\247\213\340ngjzz\321\000\000\000\000\000\000\000\000\000\000\000\000\000\000\000\000\000\000\000\000\000\000\000\000\000\000\000\000\000\000\000\000HGY\230\367Z?\244\377\2727\021\330\340\034x\t\237T\345Q\253\275\024/,\206\330\020\311\022\226/\352\2249/\352\224:\n\000""; }; nodes {;   nodedata: ""h\315\350\215y\203\242]\371\235\232Pt&\325\210eZ\346\237XZ \277\2457n\221\336\253\245\317\002\304\206+8\t]\351\316\373|\311\263V\300\023\035\211\237\260\300\r\033u3a1\203\303\365\307k\347\006E\344\037@\210\363\010\336T\226\247'\204_{\261\370""1\235\2445\343\033Y!\212\201\341\272\225'\007*$\244&\336\343'\233i\332\374\245 {^\306-N\333\gE\006\347\212\331C\211Z\177\247\031\n\305\247\364\313\215\244F\357<\251\245\214s\253\372\354}@\035\316\027\033)\370\376.\000\021\001.Id\013\202_n)6q\357\2538_-\302\252B\204v\277\254\373\3322Ca\020\243\0105\263\257\367\032\254\016\003""; }; requestCookie: 1; ","ledgerHash: ""\264XQl\247\003\354\245\364D\352R\216\206b4,p\2079'\3229\214pa\315o:\200`\214""; ledgerSeq: 20; type: liBASE; nodes {;   nodedata: ""\000\000\000\024\001cEx]\211\377\330\370\361\367\235\210sr\037\032`/X%b\364\000\2261<\024n\271\n\247\213\340ngjzz\321\000\000\000\000\000\000\000\000\000\000\000\000\000\000\000\000\000\000\000\000\000\000\000\000\000\000\000\000\000\000\000\000HGY\230\367Z?\244\377\2727\021\330\340\034x\t\237T\345Q\253\275\024/,\206\330\020\311\022\226/\352\2249/\352\224:\n\000""; }; nodes {;   nodedata: ""h\315\350\215y\203\242]\371\235\232Pt&\325\210eZ\346\237XZ \277\2457n\221\336\253\245\317\002\304\206+8\t]\351\316\373|\311\263V\300\023\035\211\237\260\300\r\033u3a1\203\303\365\307k\347\006E\344\037@\210\363\010\336T\226\247'\204_{\261\370""1\235\2445\343\033Y!\212\201\341\272\225'\007*$\244&\336\343'\233i\332\374\245 {^\306-N\333\gE\006\347\212\331C\211Z\177\247\031\n\305\247\364\313\215\244F\357<\251\245\214s\253\372\354}@\035\316\027\033)\370\376.\000\021\001.Id\013\202_n)6q\357\2538_-\302\252B\204v\277\254\373\3322Ca\020\243\0105\263\257\367\032\254\016\003""; }; requestCookie: 1; "
1750587323527,1750587323527,0,1,2,1,TMGetLedger,"itype: liBASE; ledgerHash: ""\264XQl\247\003\354\245\364D\352R\216\206b4,p\2079'\3229\214pa\315o:\200`\214""; requestCookie: 4; queryType: qtINDIRECT; ","itype: liBASE; ledgerHash: ""\264XQl\247\003\354\245\364D\352R\216\206b4,p\2079'\3229\214pa\315o:\200`\214""; requestCookie: 4; queryType: qtINDIRECT; "
1750587323527,1750587323528,0,1,1,4,TMLedgerData,"ledgerHash: ""\264XQl\247\003\354\245\364D\352R\216\206b4,p\2079'\3229\214pa\315o:\200`\214""; ledgerSeq: 20; type: liAS_NODE; nodes {;   nodedata: ""\021\000h""\000\000\000\000 \033\000\000\000\023\002\023\302\277\330\356GuH\375\327!\255\371\r\231\262R\256J\034\222\241\355X\265E\241^W\225\304\014\361CX-}\351f\032\255\274\334m\326c\017\014ao[\342\230\003\245\245\3341Hm\326^\017jy\335\261\214.\207\210%\003 \010ML\347\200R\304&\320_\215\226\344\334\033\354\2002\255\216\332\317\255\034\017T\270\242(,&\233\326\374o\306[\235\317>\021e\005s\261\371l\216\017\003\032\017J\217\244W<\241'\332/+\360Bx\036+\210j\237K%\340]\246E\2434\264K\036\030qP\317\315\336\325\007\372\373$P*|\321\342\002\026\n\3215\340\3203\200x\327D\301]5\237\247Yz\3711!L\214\221=\252\002\267\225zg\264\253\271T\346ji\003\235\236Pis\264\375\222|H\344\261g?[g\311\347s\234ae\204\263\365U\334\372D\354\345\276\201f\035\271%#\375\245\314.""\373\330&\3746\354@[\274\202\021\202\373Vi\243\n\325\250\005e\360""m\346'\311@\343\016$L\346\334\360<w\317\351\2337\023\262\336W\254\222\315\335\317oP\221\031g\037\220\357Ft\030n\306\370\n\354\226\365\346\276\322i\233\014\037\027Z\351\022\216@=S\205\334\033\374\234n\r\270\210]\013\203\356\024\366\354\260\007L\324\236aQ\361\020X\372\353 3\347\310*\253\021gT!>\003\325\254,\003\367\204\031\331\255\240\304J\342j\272\270\274\360\307\356\347\200Ywm#\014\233\301\022L\232T\033N\341\232\325\233\227\313\307\302\001\313@D\264\016\334\r\034\035\\276\225\314|\234S*r\007\370x>\305D*\007b\276v\316D!=\355\210\037\325\034/l\242\365\034!w\324\362\3252-\025\351\314\2334,\306Dd\037v\256\345X\002=\033c\255\253\226\014-o\364!\262f\370\222\250\377\220&p\343\245\3604Op\353\317\305?Z\326\257)\2439\250\272\002\370\360\022\220W 062/8s4\204\363\253&I\000m\335\025\336\037\263=\026\236A\324J9\261\341@\353\236\027\243\365\225\347\2315\205\014\356\333\201\232V!\026\010\025{\341\203\016\355Wm\222\t\022+\207\321\343}^\317s\206\320\316\221\322\t\214\257\211\366S\177\277\370\361\367\235\210sr\037\032`/X%b\364\000\2261<\024n\271\n\247\213\340ngjzz\321\264\227\2326\315\307\363\323\325\303\032N\256*\307\327 \235\332\207u\210\271\257\306g\231i*\260\326k\001"";   nodeid: ""\260\000\000\000\000\000\000\000\000\000\000\000\000\000\000\000\000\000\000\000\000\000\000\000\000\000\000\000\000\000\000\000\001""; }; ","ledgerHash: ""\264XQl\247\003\354\245\364D\352R\216\206b4,p\2079'\3229\214pa\315o:\200`\214""; ledgerSeq: 20; type: liAS_NODE; nodes {;   nodedata: ""\021\000h""\000\000\000\000 \033\000\000\000\023\002\023\302\277\330\356GuH\375\327!\255\371\r\231\262R\256J\034\222\241\355X\265E\241^W\225\304\014\361CX-}\351f\032\255\274\334m\326c\017\014ao[\342\230\003\245\245\3341Hm\326^\017jy\335\261\214.\207\210%\003 \010ML\347\200R\304&\320_\215\226\344\334\033\354\2002\255\216\332\317\255\034\017T\270\242(,&\233\326\374o\306[\235\317>\021e\005s\261\371l\216\017\003\032\017J\217\244W<\241'\332/+\360Bx\036+\210j\237K%\340]\246E\2434\264K\036\030qP\317\315\336\325\007\372\373$P*|\321\342\002\026\n\3215\340\3203\200x\327D\301]5\237\247Yz\3711!L\214\221=\252\002\267\225zg\264\253\271T\346ji\003\235\236Pis\264\375\222|H\344\261g?[g\311\347s\234ae\204\263\365U\334\372D\354\345\276\201f\035\271%#\375\245\314.""\373\330&\3746\354@[\274\202\021\202\373Vi\243\n\325\250\005e\360""m\346'\311@\343\016$L\346\334\360<w\317\351\2337\023\262\336W\254\222\315\335\317oP\221\031g\037\220\357Ft\030n\306\370\n\354\226\365\346\276\322i\233\014\037\027Z\351\022\216@=S\205\334\033\374\234n\r\270\210]\013\203\356\024\366\354\260\007L\324\236aQ\361\020X\372\353 3\347\310*\253\021gT!>\003\325\254,\003\367\204\031\331\255\240\304J\342j\272\270\274\360\307\356\347\200Ywm#\014\233\301\022L\232T\033N\341\232\325\233\227\313\307\302\001\313@D\264\016\334\r\034\035\\276\225\314|\234S*r\007\370x>\305D*\007b\276v\316D!=\355\210\037\325\034/l\242\365\034!w\324\362\3252-\025\351\314\2334,\306Dd\037v\256\345X\002=\033c\255\253\226\014-o\364!\262f\370\222\250\377\220&p\343\245\3604Op\353\317\305?Z\326\257)\2439\250\272\002\370\360\022\220W 062/8s4\204\363\253&I\000m\335\025\336\037\263=\026\236A\324J9\261\341@\353\236\027\243\365\225\347\2315\205\014\356\333\201\232V!\026\010\025{\341\203\016\355Wm\222\t\022+\207\321\343}^\317s\206\320\316\221\322\t\214\257\211\366S\177\277\370\361\367\235\210sr\037\032`/X%b\364\000\2261<\024n\271\n\247\213\340ngjzz\321\264\227\2326\315\307\363\323\325\303\032N\256*\307\327 \235\332\207u\210\271\257\306g\231i*\260\326k\001"";   nodeid: ""\260\000\000\000\000\000\000\000\000\000\000\000\000\000\000\000\000\000\000\000\000\000\000\000\000\000\000\000\000\000\000\000\001""; }; "
1750587323528,1750587323529,0,1,1,4,TMLedgerData,"ledgerHash: ""\264XQl\247\003\354\245\364D\352R\216\206b4,p\2079'\3229\214pa\315o:\200`\214""; ledgerSeq: 20; type: liBASE; nodes {;   nodedata: ""\000\000\000\024\001cEx]\211\377\330\370\361\367\235\210sr\037\032`/X%b\364\000\2261<\024n\271\n\247\213\340ngjzz\321\000\000\000\000\000\000\000\000\000\000\000\000\000\000\000\000\000\000\000\000\000\000\000\000\000\000\000\000\000\000\000\000HGY\230\367Z?\244\377\2727\021\330\340\034x\t\237T\345Q\253\275\024/,\206\330\020\311\022\226/\352\2249/\352\224:\n\000""; }; nodes {;   nodedata: ""h\315\350\215y\203\242]\371\235\232Pt&\325\210eZ\346\237XZ \277\2457n\221\336\253\245\317\002\304\206+8\t]\351\316\373|\311\263V\300\023\035\211\237\260\300\r\033u3a1\203\303\365\307k\347\006E\344\037@\210\363\010\336T\226\247'\204_{\261\370""1\235\2445\343\033Y!\212\201\341\272\225'\007*$\244&\336\343'\233i\332\374\245 {^\306-N\333\gE\006\347\212\331C\211Z\177\247\031\n\305\247\364\313\215\244F\357<\251\245\214s\253\372\354}@\035\316\027\033)\370\376.\000\021\001.Id\013\202_n)6q\357\2538_-\302\252B\204v\277\254\373\3322Ca\020\243\0105\263\257\367\032\254\016\003""; }; requestCookie: 3; ","ledgerHash: ""\264XQl\247\003\354\245\364D\352R\216\206b4,p\2079'\3229\214pa\315o:\200`\214""; ledgerSeq: 20; type: liBASE; nodes {;   nodedata: ""\000\000\000\024\001cEx]\211\377\330\370\361\367\235\210sr\037\032`/X%b\364\000\2261<\024n\271\n\247\213\340ngjzz\321\000\000\000\000\000\000\000\000\000\000\000\000\000\000\000\000\000\000\000\000\000\000\000\000\000\000\000\000\000\000\000\000HGY\230\367Z?\244\377\2727\021\330\340\034x\t\237T\345Q\253\275\024/,\206\330\020\311\022\226/\352\2249/\352\224:\n\000""; }; nodes {;   nodedata: ""h\315\350\215y\203\242]\371\235\232Pt&\325\210eZ\346\237XZ \277\2457n\221\336\253\245\317\002\304\206+8\t]\351\316\373|\311\263V\300\023\035\211\237\260\300\r\033u3a1\203\303\365\307k\347\006E\344\037@\210\363\010\336T\226\247'\204_{\261\370""1\235\2445\343\033Y!\212\201\341\272\225'\007*$\244&\336\343'\233i\332\374\245 {^\306-N\333\gE\006\347\212\331C\211Z\177\247\031\n\305\247\364\313\215\244F\357<\251\245\214s\253\372\354}@\035\316\027\033)\370\376.\000\021\001.Id\013\202_n)6q\357\2538_-\302\252B\204v\277\254\373\3322Ca\020\243\0105\263\257\367\032\254\016\003""; }; requestCookie: 3; "
1750587323530,1750587323530,0,1,1,3,TMLedgerData,"ledgerHash: ""\264XQl\247\003\354\245\364D\352R\216\206b4,p\2079'\3229\214pa\315o:\200`\214""; ledgerSeq: 20; type: liBASE; nodes {;   nodedata: ""\000\000\000\024\001cEx]\211\377\330\370\361\367\235\210sr\037\032`/X%b\364\000\2261<\024n\271\n\247\213\340ngjzz\321\000\000\000\000\000\000\000\000\000\000\000\000\000\000\000\000\000\000\000\000\000\000\000\000\000\000\000\000\000\000\000\000HGY\230\367Z?\244\377\2727\021\330\340\034x\t\237T\345Q\253\275\024/,\206\330\020\311\022\226/\352\2249/\352\224:\n\000""; }; nodes {;   nodedata: ""h\315\350\215y\203\242]\371\235\232Pt&\325\210eZ\346\237XZ \277\2457n\221\336\253\245\317\002\304\206+8\t]\351\316\373|\311\263V\300\023\035\211\237\260\300\r\033u3a1\203\303\365\307k\347\006E\344\037@\210\363\010\336T\226\247'\204_{\261\370""1\235\2445\343\033Y!\212\201\341\272\225'\007*$\244&\336\343'\233i\332\374\245 {^\306-N\333\gE\006\347\212\331C\211Z\177\247\031\n\305\247\364\313\215\244F\357<\251\245\214s\253\372\354}@\035\316\027\033)\370\376.\000\021\001.Id\013\202_n)6q\357\2538_-\302\252B\204v\277\254\373\3322Ca\020\243\0105\263\257\367\032\254\016\003""; }; ","ledgerHash: ""\264XQl\247\003\354\245\364D\352R\216\206b4,p\2079'\3229\214pa\315o:\200`\214""; ledgerSeq: 20; type: liBASE; nodes {;   nodedata: ""\000\000\000\024\001cEx]\211\377\330\370\361\367\235\210sr\037\032`/X%b\364\000\2261<\024n\271\n\247\213\340ngjzz\321\000\000\000\000\000\000\000\000\000\000\000\000\000\000\000\000\000\000\000\000\000\000\000\000\000\000\000\000\000\000\000\000HGY\230\367Z?\244\377\2727\021\330\340\034x\t\237T\345Q\253\275\024/,\206\330\020\311\022\226/\352\2249/\352\224:\n\000""; }; nodes {;   nodedata: ""h\315\350\215y\203\242]\371\235\232Pt&\325\210eZ\346\237XZ \277\2457n\221\336\253\245\317\002\304\206+8\t]\351\316\373|\311\263V\300\023\035\211\237\260\300\r\033u3a1\203\303\365\307k\347\006E\344\037@\210\363\010\336T\226\247'\204_{\261\370""1\235\2445\343\033Y!\212\201\341\272\225'\007*$\244&\336\343'\233i\332\374\245 {^\306-N\333\gE\006\347\212\331C\211Z\177\247\031\n\305\247\364\313\215\244F\357<\251\245\214s\253\372\354}@\035\316\027\033)\370\376.\000\021\001.Id\013\202_n)6q\357\2538_-\302\252B\204v\277\254\373\3322Ca\020\243\0105\263\257\367\032\254\016\003""; }; "
1750587323530,1750587323530,0,1,1,3,TMLedgerData,"ledgerHash: ""\264XQl\247\003\354\245\364D\352R\216\206b4,p\2079'\3229\214pa\315o:\200`\214""; ledgerSeq: 20; type: liBASE; nodes {;   nodedata: ""\000\000\000\024\001cEx]\211\377\330\370\361\367\235\210sr\037\032`/X%b\364\000\2261<\024n\271\n\247\213\340ngjzz\321\000\000\000\000\000\000\000\000\000\000\000\000\000\000\000\000\000\000\000\000\000\000\000\000\000\000\000\000\000\000\000\000HGY\230\367Z?\244\377\2727\021\330\340\034x\t\237T\345Q\253\275\024/,\206\330\020\311\022\226/\352\2249/\352\224:\n\000""; }; nodes {;   nodedata: ""h\315\350\215y\203\242]\371\235\232Pt&\325\210eZ\346\237XZ \277\2457n\221\336\253\245\317\002\304\206+8\t]\351\316\373|\311\263V\300\023\035\211\237\260\300\r\033u3a1\203\303\365\307k\347\006E\344\037@\210\363\010\336T\226\247'\204_{\261\370""1\235\2445\343\033Y!\212\201\341\272\225'\007*$\244&\336\343'\233i\332\374\245 {^\306-N\333\gE\006\347\212\331C\211Z\177\247\031\n\305\247\364\313\215\244F\357<\251\245\214s\253\372\354}@\035\316\027\033)\370\376.\000\021\001.Id\013\202_n)6q\357\2538_-\302\252B\204v\277\254\373\3322Ca\020\243\0105\263\257\367\032\254\016\003""; }; ","ledgerHash: ""\264XQl\247\003\354\245\364D\352R\216\206b4,p\2079'\3229\214pa\315o:\200`\214""; ledgerSeq: 20; type: liBASE; nodes {;   nodedata: ""\000\000\000\024\001cEx]\211\377\330\370\361\367\235\210sr\037\032`/X%b\364\000\2261<\024n\271\n\247\213\340ngjzz\321\000\000\000\000\000\000\000\000\000\000\000\000\000\000\000\000\000\000\000\000\000\000\000\000\000\000\000\000\000\000\000\000HGY\230\367Z?\244\377\2727\021\330\340\034x\t\237T\345Q\253\275\024/,\206\330\020\311\022\226/\352\2249/\352\224:\n\000""; }; nodes {;   nodedata: ""h\315\350\215y\203\242]\371\235\232Pt&\325\210eZ\346\237XZ \277\2457n\221\336\253\245\317\002\304\206+8\t]\351\316\373|\311\263V\300\023\035\211\237\260\300\r\033u3a1\203\303\365\307k\347\006E\344\037@\210\363\010\336T\226\247'\204_{\261\370""1\235\2445\343\033Y!\212\201\341\272\225'\007*$\244&\336\343'\233i\332\374\245 {^\306-N\333\gE\006\347\212\331C\211Z\177\247\031\n\305\247\364\313\215\244F\357<\251\245\214s\253\372\354}@\035\316\027\033)\370\376.\000\021\001.Id\013\202_n)6q\357\2538_-\302\252B\204v\277\254\373\3322Ca\020\243\0105\263\257\367\032\254\016\003""; }; "
1750587323530,1750587323531,0,1,1,3,TMLedgerData,"ledgerHash: ""\264XQl\247\003\354\245\364D\352R\216\206b4,p\2079'\3229\214pa\315o:\200`\214""; ledgerSeq: 20; type: liBASE; nodes {;   nodedata: ""\000\000\000\024\001cEx]\211\377\330\370\361\367\235\210sr\037\032`/X%b\364\000\2261<\024n\271\n\247\213\340ngjzz\321\000\000\000\000\000\000\000\000\000\000\000\000\000\000\000\000\000\000\000\000\000\000\000\000\000\000\000\000\000\000\000\000HGY\230\367Z?\244\377\2727\021\330\340\034x\t\237T\345Q\253\275\024/,\206\330\020\311\022\226/\352\2249/\352\224:\n\000""; }; nodes {;   nodedata: ""h\315\350\215y\203\242]\371\235\232Pt&\325\210eZ\346\237XZ \277\2457n\221\336\253\245\317\002\304\206+8\t]\351\316\373|\311\263V\300\023\035\211\237\260\300\r\033u3a1\203\303\365\307k\347\006E\344\037@\210\363\010\336T\226\247'\204_{\261\370""1\235\2445\343\033Y!\212\201\341\272\225'\007*$\244&\336\343'\233i\332\374\245 {^\306-N\333\gE\006\347\212\331C\211Z\177\247\031\n\305\247\364\313\215\244F\357<\251\245\214s\253\372\354}@\035\316\027\033)\370\376.\000\021\001.Id\013\202_n)6q\357\2538_-\302\252B\204v\277\254\373\3322Ca\020\243\0105\263\257\367\032\254\016\003""; }; requestCookie: 5; ","ledgerHash: ""\264XQl\247\003\354\245\364D\352R\216\206b4,p\2079'\3229\214pa\315o:\200`\214""; ledgerSeq: 20; type: liBASE; nodes {;   nodedata: ""\000\000\000\024\001cEx]\211\377\330\370\361\367\235\210sr\037\032`/X%b\364\000\2261<\024n\271\n\247\213\340ngjzz\321\000\000\000\000\000\000\000\000\000\000\000\000\000\000\000\000\000\000\000\000\000\000\000\000\000\000\000\000\000\000\000\000HGY\230\367Z?\244\377\2727\021\330\340\034x\t\237T\345Q\253\275\024/,\206\330\020\311\022\226/\352\2249/\352\224:\n\000""; }; nodes {;   nodedata: ""h\315\350\215y\203\242]\371\235\232Pt&\325\210eZ\346\237XZ \277\2457n\221\336\253\245\317\002\304\206+8\t]\351\316\373|\311\263V\300\023\035\211\237\260\300\r\033u3a1\203\303\365\307k\347\006E\344\037@\210\363\010\336T\226\247'\204_{\261\370""1\235\2445\343\033Y!\212\201\341\272\225'\007*$\244&\336\343'\233i\332\374\245 {^\306-N\333\gE\006\347\212\331C\211Z\177\247\031\n\305\247\364\313\215\244F\357<\251\245\214s\253\372\354}@\035\316\027\033)\370\376.\000\021\001.Id\013\202_n)6q\357\2538_-\302\252B\204v\277\254\373\3322Ca\020\243\0105\263\257\367\032\254\016\003""; }; requestCookie: 5; "
1750587323531,1750587323532,0,1,1,3,TMLedgerData,"ledgerHash: ""\264XQl\247\003\354\245\364D\352R\216\206b4,p\2079'\3229\214pa\315o:\200`\214""; ledgerSeq: 20; type: liBASE; nodes {;   nodedata: ""\000\000\000\024\001cEx]\211\377\330\370\361\367\235\210sr\037\032`/X%b\364\000\2261<\024n\271\n\247\213\340ngjzz\321\000\000\000\000\000\000\000\000\000\000\000\000\000\000\000\000\000\000\000\000\000\000\000\000\000\000\000\000\000\000\000\000HGY\230\367Z?\244\377\2727\021\330\340\034x\t\237T\345Q\253\275\024/,\206\330\020\311\022\226/\352\2249/\352\224:\n\000""; }; nodes {;   nodedata: ""h\315\350\215y\203\242]\371\235\232Pt&\325\210eZ\346\237XZ \277\2457n\221\336\253\245\317\002\304\206+8\t]\351\316\373|\311\263V\300\023\035\211\237\260\300\r\033u3a1\203\303\365\307k\347\006E\344\037@\210\363\010\336T\226\247'\204_{\261\370""1\235\2445\343\033Y!\212\201\341\272\225'\007*$\244&\336\343'\233i\332\374\245 {^\306-N\333\gE\006\347\212\331C\211Z\177\247\031\n\305\247\364\313\215\244F\357<\251\245\214s\253\372\354}@\035\316\027\033)\370\376.\000\021\001.Id\013\202_n)6q\357\2538_-\302\252B\204v\277\254\373\3322Ca\020\243\0105\263\257\367\032\254\016\003""; }; requestCookie: 4; ","ledgerHash: ""\264XQl\247\003\354\245\364D\352R\216\206b4,p\2079'\3229\214pa\315o:\200`\214""; ledgerSeq: 20; type: liBASE; nodes {;   nodedata: ""\000\000\000\024\001cEx]\211\377\330\370\361\367\235\210sr\037\032`/X%b\364\000\2261<\024n\271\n\247\213\340ngjzz\321\000\000\000\000\000\000\000\000\000\000\000\000\000\000\000\000\000\000\000\000\000\000\000\000\000\000\000\000\000\000\000\000HGY\230\367Z?\244\377\2727\021\330\340\034x\t\237T\345Q\253\275\024/,\206\330\020\311\022\226/\352\2249/\352\224:\n\000""; }; nodes {;   nodedata: ""h\315\350\215y\203\242]\371\235\232Pt&\325\210eZ\346\237XZ \277\2457n\221\336\253\245\317\002\304\206+8\t]\351\316\373|\311\263V\300\023\035\211\237\260\300\r\033u3a1\203\303\365\307k\347\006E\344\037@\210\363\010\336T\226\247'\204_{\261\370""1\235\2445\343\033Y!\212\201\341\272\225'\007*$\244&\336\343'\233i\332\374\245 {^\306-N\333\gE\006\347\212\331C\211Z\177\247\031\n\305\247\364\313\215\244F\357<\251\245\214s\253\372\354}@\035\316\027\033)\370\376.\000\021\001.Id\013\202_n)6q\357\2538_-\302\252B\204v\277\254\373\3322Ca\020\243\0105\263\257\367\032\254\016\003""; }; requestCookie: 4; "
1750587323532,1750587323532,0,1,4,3,TMLedgerData,"ledgerHash: ""\264XQl\247\003\354\245\364D\352R\216\206b4,p\2079'\3229\214pa\315o:\200`\214""; ledgerSeq: 20; type: liBASE; nodes {;   nodedata: ""\000\000\000\024\001cEx]\211\377\330\370\361\367\235\210sr\037\032`/X%b\364\000\2261<\024n\271\n\247\213\340ngjzz\321\000\000\000\000\000\000\000\000\000\000\000\000\000\000\000\000\000\000\000\000\000\000\000\000\000\000\000\000\000\000\000\000HGY\230\367Z?\244\377\2727\021\330\340\034x\t\237T\345Q\253\275\024/,\206\330\020\311\022\226/\352\2249/\352\224:\n\000""; }; nodes {;   nodedata: ""h\315\350\215y\203\242]\371\235\232Pt&\325\210eZ\346\237XZ \277\2457n\221\336\253\245\317\002\304\206+8\t]\351\316\373|\311\263V\300\023\035\211\237\260\300\r\033u3a1\203\303\365\307k\347\006E\344\037@\210\363\010\336T\226\247'\204_{\261\370""1\235\2445\343\033Y!\212\201\341\272\225'\007*$\244&\336\343'\233i\332\374\245 {^\306-N\333\gE\006\347\212\331C\211Z\177\247\031\n\305\247\364\313\215\244F\357<\251\245\214s\253\372\354}@\035\316\027\033)\370\376.\000\021\001.Id\013\202_n)6q\357\2538_-\302\252B\204v\277\254\373\3322Ca\020\243\0105\263\257\367\032\254\016\003""; }; ","ledgerHash: ""\264XQl\247\003\354\245\364D\352R\216\206b4,p\2079'\3229\214pa\315o:\200`\214""; ledgerSeq: 20; type: liBASE; nodes {;   nodedata: ""\000\000\000\024\001cEx]\211\377\330\370\361\367\235\210sr\037\032`/X%b\364\000\2261<\024n\271\n\247\213\340ngjzz\321\000\000\000\000\000\000\000\000\000\000\000\000\000\000\000\000\000\000\000\000\000\000\000\000\000\000\000\000\000\000\000\000HGY\230\367Z?\244\377\2727\021\330\340\034x\t\237T\345Q\253\275\024/,\206\330\020\311\022\226/\352\2249/\352\224:\n\000""; }; nodes {;   nodedata: ""h\315\350\215y\203\242]\371\235\232Pt&\325\210eZ\346\237XZ \277\2457n\221\336\253\245\317\002\304\206+8\t]\351\316\373|\311\263V\300\023\035\211\237\260\300\r\033u3a1\203\303\365\307k\347\006E\344\037@\210\363\010\336T\226\247'\204_{\261\370""1\235\2445\343\033Y!\212\201\341\272\225'\007*$\244&\336\343'\233i\332\374\245 {^\306-N\333\gE\006\347\212\331C\211Z\177\247\031\n\305\247\364\313\215\244F\357<\251\245\214s\253\372\354}@\035\316\027\033)\370\376.\000\021\001.Id\013\202_n)6q\357\2538_-\302\252B\204v\277\254\373\3322Ca\020\243\0105\263\257\367\032\254\016\003""; }; "
1750587323533,1750587323533,0,1,1,3,TMLedgerData,"ledgerHash: ""\264XQl\247\003\354\245\364D\352R\216\206b4,p\2079'\3229\214pa\315o:\200`\214""; ledgerSeq: 20; type: liBASE; nodes {;   nodedata: ""\000\000\000\024\001cEx]\211\377\330\370\361\367\235\210sr\037\032`/X%b\364\000\2261<\024n\271\n\247\213\340ngjzz\321\000\000\000\000\000\000\000\000\000\000\000\000\000\000\000\000\000\000\000\000\000\000\000\000\000\000\000\000\000\000\000\000HGY\230\367Z?\244\377\2727\021\330\340\034x\t\237T\345Q\253\275\024/,\206\330\020\311\022\226/\352\2249/\352\224:\n\000""; }; nodes {;   nodedata: ""h\315\350\215y\203\242]\371\235\232Pt&\325\210eZ\346\237XZ \277\2457n\221\336\253\245\317\002\304\206+8\t]\351\316\373|\311\263V\300\023\035\211\237\260\300\r\033u3a1\203\303\365\307k\347\006E\344\037@\210\363\010\336T\226\247'\204_{\261\370""1\235\2445\343\033Y!\212\201\341\272\225'\007*$\244&\336\343'\233i\332\374\245 {^\306-N\333\gE\006\347\212\331C\211Z\177\247\031\n\305\247\364\313\215\244F\357<\251\245\214s\253\372\354}@\035\316\027\033)\370\376.\000\021\001.Id\013\202_n)6q\357\2538_-\302\252B\204v\277\254\373\3322Ca\020\243\0105\263\257\367\032\254\016\003""; }; requestCookie: 2; ","ledgerHash: ""\264XQl\247\003\354\245\364D\352R\216\206b4,p\2079'\3229\214pa\315o:\200`\214""; ledgerSeq: 20; type: liBASE; nodes {;   nodedata: ""\000\000\000\024\001cEx]\211\377\330\370\361\367\235\210sr\037\032`/X%b\364\000\2261<\024n\271\n\247\213\340ngjzz\321\000\000\000\000\000\000\000\000\000\000\000\000\000\000\000\000\000\000\000\000\000\000\000\000\000\000\000\000\000\000\000\000HGY\230\367Z?\244\377\2727\021\330\340\034x\t\237T\345Q\253\275\024/,\206\330\020\311\022\226/\352\2249/\352\224:\n\000""; }; nodes {;   nodedata: ""h\315\350\215y\203\242]\371\235\232Pt&\325\210eZ\346\237XZ \277\2457n\221\336\253\245\317\002\304\206+8\t]\351\316\373|\311\263V\300\023\035\211\237\260\300\r\033u3a1\203\303\365\307k\347\006E\344\037@\210\363\010\336T\226\247'\204_{\261\370""1\235\2445\343\033Y!\212\201\341\272\225'\007*$\244&\336\343'\233i\332\374\245 {^\306-N\333\gE\006\347\212\331C\211Z\177\247\031\n\305\247\364\313\215\244F\357<\251\245\214s\253\372\354}@\035\316\027\033)\370\376.\000\021\001.Id\013\202_n)6q\357\2538_-\302\252B\204v\277\254\373\3322Ca\020\243\0105\263\257\367\032\254\016\003""; }; requestCookie: 2; "
1750587323534,1750587323534,0,1,1,0,TMLedgerData,"ledgerHash: ""\264XQl\247\003\354\245\364D\352R\216\206b4,p\2079'\3229\214pa\315o:\200`\214""; ledgerSeq: 20; type: liBASE; nodes {;   nodedata: ""\000\000\000\024\001cEx]\211\377\330\370\361\367\235\210sr\037\032`/X%b\364\000\2261<\024n\271\n\247\213\340ngjzz\321\000\000\000\000\000\000\000\000\000\000\000\000\000\000\000\000\000\000\000\000\000\000\000\000\000\000\000\000\000\000\000\000HGY\230\367Z?\244\377\2727\021\330\340\034x\t\237T\345Q\253\275\024/,\206\330\020\311\022\226/\352\2249/\352\224:\n\000""; }; nodes {;   nodedata: ""h\315\350\215y\203\242]\371\235\232Pt&\325\210eZ\346\237XZ \277\2457n\221\336\253\245\317\002\304\206+8\t]\351\316\373|\311\263V\300\023\035\211\237\260\300\r\033u3a1\203\303\365\307k\347\006E\344\037@\210\363\010\336T\226\247'\204_{\261\370""1\235\2445\343\033Y!\212\201\341\272\225'\007*$\244&\336\343'\233i\332\374\245 {^\306-N\333\gE\006\347\212\331C\211Z\177\247\031\n\305\247\364\313\215\244F\357<\251\245\214s\253\372\354}@\035\316\027\033)\370\376.\000\021\001.Id\013\202_n)6q\357\2538_-\302\252B\204v\277\254\373\3322Ca\020\243\0105\263\257\367\032\254\016\003""; }; ","ledgerHash: ""\264XQl\247\003\354\245\364D\352R\216\206b4,p\2079'\3229\214pa\315o:\200`\214""; ledgerSeq: 20; type: liBASE; nodes {;   nodedata: ""\000\000\000\024\001cEx]\211\377\330\370\361\367\235\210sr\037\032`/X%b\364\000\2261<\024n\271\n\247\213\340ngjzz\321\000\000\000\000\000\000\000\000\000\000\000\000\000\000\000\000\000\000\000\000\000\000\000\000\000\000\000\000\000\000\000\000HGY\230\367Z?\244\377\2727\021\330\340\034x\t\237T\345Q\253\275\024/,\206\330\020\311\022\226/\352\2249/\352\224:\n\000""; }; nodes {;   nodedata: ""h\315\350\215y\203\242]\371\235\232Pt&\325\210eZ\346\237XZ \277\2457n\221\336\253\245\317\002\304\206+8\t]\351\316\373|\311\263V\300\023\035\211\237\260\300\r\033u3a1\203\303\365\307k\347\006E\344\037@\210\363\010\336T\226\247'\204_{\261\370""1\235\2445\343\033Y!\212\201\341\272\225'\007*$\244&\336\343'\233i\332\374\245 {^\306-N\333\gE\006\347\212\331C\211Z\177\247\031\n\305\247\364\313\215\244F\357<\251\245\214s\253\372\354}@\035\316\027\033)\370\376.\000\021\001.Id\013\202_n)6q\357\2538_-\302\252B\204v\277\254\373\3322Ca\020\243\0105\263\257\367\032\254\016\003""; }; "
1750587323535,1750587323535,0,1,1,0,TMLedgerData,"ledgerHash: ""\264XQl\247\003\354\245\364D\352R\216\206b4,p\2079'\3229\214pa\315o:\200`\214""; ledgerSeq: 20; type: liBASE; nodes {;   nodedata: ""\000\000\000\024\001cEx]\211\377\330\370\361\367\235\210sr\037\032`/X%b\364\000\2261<\024n\271\n\247\213\340ngjzz\321\000\000\000\000\000\000\000\000\000\000\000\000\000\000\000\000\000\000\000\000\000\000\000\000\000\000\000\000\000\000\000\000HGY\230\367Z?\244\377\2727\021\330\340\034x\t\237T\345Q\253\275\024/,\206\330\020\311\022\226/\352\2249/\352\224:\n\000""; }; nodes {;   nodedata: ""h\315\350\215y\203\242]\371\235\232Pt&\325\210eZ\346\237XZ \277\2457n\221\336\253\245\317\002\304\206+8\t]\351\316\373|\311\263V\300\023\035\211\237\260\300\r\033u3a1\203\303\365\307k\347\006E\344\037@\210\363\010\336T\226\247'\204_{\261\370""1\235\2445\343\033Y!\212\201\341\272\225'\007*$\244&\336\343'\233i\332\374\245 {^\306-N\333\gE\006\347\212\331C\211Z\177\247\031\n\305\247\364\313\215\244F\357<\251\245\214s\253\372\354}@\035\316\027\033)\370\376.\000\021\001.Id\013\202_n)6q\357\2538_-\302\252B\204v\277\254\373\3322Ca\020\243\0105\263\257\367\032\254\016\003""; }; ","ledgerHash: ""\264XQl\247\003\354\245\364D\352R\216\206b4,p\2079'\3229\214pa\315o:\200`\214""; ledgerSeq: 20; type: liBASE; nodes {;   nodedata: ""\000\000\000\024\001cEx]\211\377\330\370\361\367\235\210sr\037\032`/X%b\364\000\2261<\024n\271\n\247\213\340ngjzz\321\000\000\000\000\000\000\000\000\000\000\000\000\000\000\000\000\000\000\000\000\000\000\000\000\000\000\000\000\000\000\000\000HGY\230\367Z?\244\377\2727\021\330\340\034x\t\237T\345Q\253\275\024/,\206\330\020\311\022\226/\352\2249/\352\224:\n\000""; }; nodes {;   nodedata: ""h\315\350\215y\203\242]\371\235\232Pt&\325\210eZ\346\237XZ \277\2457n\221\336\253\245\317\002\304\206+8\t]\351\316\373|\311\263V\300\023\035\211\237\260\300\r\033u3a1\203\303\365\307k\347\006E\344\037@\210\363\010\336T\226\247'\204_{\261\370""1\235\2445\343\033Y!\212\201\341\272\225'\007*$\244&\336\343'\233i\332\374\245 {^\306-N\333\gE\006\347\212\331C\211Z\177\247\031\n\305\247\364\313\215\244F\357<\251\245\214s\253\372\354}@\035\316\027\033)\370\376.\000\021\001.Id\013\202_n)6q\357\2538_-\302\252B\204v\277\254\373\3322Ca\020\243\0105\263\257\367\032\254\016\003""; }; "
1750587323535,1750587323535,0,1,1,0,TMLedgerData,"ledgerHash: ""\264XQl\247\003\354\245\364D\352R\216\206b4,p\2079'\3229\214pa\315o:\200`\214""; ledgerSeq: 20; type: liBASE; nodes {;   nodedata: ""\000\000\000\024\001cEx]\211\377\330\370\361\367\235\210sr\037\032`/X%b\364\000\2261<\024n\271\n\247\213\340ngjzz\321\000\000\000\000\000\000\000\000\000\000\000\000\000\000\000\000\000\000\000\000\000\000\000\000\000\000\000\000\000\000\000\000HGY\230\367Z?\244\377\2727\021\330\340\034x\t\237T\345Q\253\275\024/,\206\330\020\311\022\226/\352\2249/\352\224:\n\000""; }; nodes {;   nodedata: ""h\315\350\215y\203\242]\371\235\232Pt&\325\210eZ\346\237XZ \277\2457n\221\336\253\245\317\002\304\206+8\t]\351\316\373|\311\263V\300\023\035\211\237\260\300\r\033u3a1\203\303\365\307k\347\006E\344\037@\210\363\010\336T\226\247'\204_{\261\370""1\235\2445\343\033Y!\212\201\341\272\225'\007*$\244&\336\343'\233i\332\374\245 {^\306-N\333\gE\006\347\212\331C\211Z\177\247\031\n\305\247\364\313\215\244F\357<\251\245\214s\253\372\354}@\035\316\027\033)\370\376.\000\021\001.Id\013\202_n)6q\357\2538_-\302\252B\204v\277\254\373\3322Ca\020\243\0105\263\257\367\032\254\016\003""; }; requestCookie: 5; ","ledgerHash: ""\264XQl\247\003\354\245\364D\352R\216\206b4,p\2079'\3229\214pa\315o:\200`\214""; ledgerSeq: 20; type: liBASE; nodes {;   nodedata: ""\000\000\000\024\001cEx]\211\377\330\370\361\367\235\210sr\037\032`/X%b\364\000\2261<\024n\271\n\247\213\340ngjzz\321\000\000\000\000\000\000\000\000\000\000\000\000\000\000\000\000\000\000\000\000\000\000\000\000\000\000\000\000\000\000\000\000HGY\230\367Z?\244\377\2727\021\330\340\034x\t\237T\345Q\253\275\024/,\206\330\020\311\022\226/\352\2249/\352\224:\n\000""; }; nodes {;   nodedata: ""h\315\350\215y\203\242]\371\235\232Pt&\325\210eZ\346\237XZ \277\2457n\221\336\253\245\317\002\304\206+8\t]\351\316\373|\311\263V\300\023\035\211\237\260\300\r\033u3a1\203\303\365\307k\347\006E\344\037@\210\363\010\336T\226\247'\204_{\261\370""1\235\2445\343\033Y!\212\201\341\272\225'\007*$\244&\336\343'\233i\332\374\245 {^\306-N\333\gE\006\347\212\331C\211Z\177\247\031\n\305\247\364\313\215\244F\357<\251\245\214s\253\372\354}@\035\316\027\033)\370\376.\000\021\001.Id\013\202_n)6q\357\2538_-\302\252B\204v\277\254\373\3322Ca\020\243\0105\263\257\367\032\254\016\003""; }; requestCookie: 5; "
1750587323536,1750587323536,0,1,1,2,TMLedgerData,"ledgerHash: ""\264XQl\247\003\354\245\364D\352R\216\206b4,p\2079'\3229\214pa\315o:\200`\214""; ledgerSeq: 20; type: liBASE; nodes {;   nodedata: ""\000\000\000\024\001cEx]\211\377\330\370\361\367\235\210sr\037\032`/X%b\364\000\2261<\024n\271\n\247\213\340ngjzz\321\000\000\000\000\000\000\000\000\000\000\000\000\000\000\000\000\000\000\000\000\000\000\000\000\000\000\000\000\000\000\000\000HGY\230\367Z?\244\377\2727\021\330\340\034x\t\237T\345Q\253\275\024/,\206\330\020\311\022\226/\352\2249/\352\224:\n\000""; }; nodes {;   nodedata: ""h\315\350\215y\203\242]\371\235\232Pt&\325\210eZ\346\237XZ \277\2457n\221\336\253\245\317\002\304\206+8\t]\351\316\373|\311\263V\300\023\035\211\237\260\300\r\033u3a1\203\303\365\307k\347\006E\344\037@\210\363\010\336T\226\247'\204_{\261\370""1\235\2445\343\033Y!\212\201\341\272\225'\007*$\244&\336\343'\233i\332\374\245 {^\306-N\333\gE\006\347\212\331C\211Z\177\247\031\n\305\247\364\313\215\244F\357<\251\245\214s\253\372\354}@\035\316\027\033)\370\376.\000\021\001.Id\013\202_n)6q\357\2538_-\302\252B\204v\277\254\373\3322Ca\020\243\0105\263\257\367\032\254\016\003""; }; requestCookie: 5; ","ledgerHash: ""\264XQl\247\003\354\245\364D\352R\216\206b4,p\2079'\3229\214pa\315o:\200`\214""; ledgerSeq: 20; type: liBASE; nodes {;   nodedata: ""\000\000\000\024\001cEx]\211\377\330\370\361\367\235\210sr\037\032`/X%b\364\000\2261<\024n\271\n\247\213\340ngjzz\321\000\000\000\000\000\000\000\000\000\000\000\000\000\000\000\000\000\000\000\000\000\000\000\000\000\000\000\000\000\000\000\000HGY\230\367Z?\244\377\2727\021\330\340\034x\t\237T\345Q\253\275\024/,\206\330\020\311\022\226/\352\2249/\352\224:\n\000""; }; nodes {;   nodedata: ""h\315\350\215y\203\242]\371\235\232Pt&\325\210eZ\346\237XZ \277\2457n\221\336\253\245\317\002\304\206+8\t]\351\316\373|\311\263V\300\023\035\211\237\260\300\r\033u3a1\203\303\365\307k\347\006E\344\037@\210\363\010\336T\226\247'\204_{\261\370""1\235\2445\343\033Y!\212\201\341\272\225'\007*$\244&\336\343'\233i\332\374\245 {^\306-N\333\gE\006\347\212\331C\211Z\177\247\031\n\305\247\364\313\215\244F\357<\251\245\214s\253\372\354}@\035\316\027\033)\370\376.\000\021\001.Id\013\202_n)6q\357\2538_-\302\252B\204v\277\254\373\3322Ca\020\243\0105\263\257\367\032\254\016\003""; }; requestCookie: 5; "
1750587323537,1750587323537,0,1,1,2,TMLedgerData,"ledgerHash: ""\264XQl\247\003\354\245\364D\352R\216\206b4,p\2079'\3229\214pa\315o:\200`\214""; ledgerSeq: 20; type: liBASE; nodes {;   nodedata: ""\000\000\000\024\001cEx]\211\377\330\370\361\367\235\210sr\037\032`/X%b\364\000\2261<\024n\271\n\247\213\340ngjzz\321\000\000\000\000\000\000\000\000\000\000\000\000\000\000\000\000\000\000\000\000\000\000\000\000\000\000\000\000\000\000\000\000HGY\230\367Z?\244\377\2727\021\330\340\034x\t\237T\345Q\253\275\024/,\206\330\020\311\022\226/\352\2249/\352\224:\n\000""; }; nodes {;   nodedata: ""h\315\350\215y\203\242]\371\235\232Pt&\325\210eZ\346\237XZ \277\2457n\221\336\253\245\317\002\304\206+8\t]\351\316\373|\311\263V\300\023\035\211\237\260\300\r\033u3a1\203\303\365\307k\347\006E\344\037@\210\363\010\336T\226\247'\204_{\261\370""1\235\2445\343\033Y!\212\201\341\272\225'\007*$\244&\336\343'\233i\332\374\245 {^\306-N\333\gE\006\347\212\331C\211Z\177\247\031\n\305\247\364\313\215\244F\357<\251\245\214s\253\372\354}@\035\316\027\033)\370\376.\000\021\001.Id\013\202_n)6q\357\2538_-\302\252B\204v\277\254\373\3322Ca\020\243\0105\263\257\367\032\254\016\003""; }; ","ledgerHash: ""\264XQl\247\003\354\245\364D\352R\216\206b4,p\2079'\3229\214pa\315o:\200`\214""; ledgerSeq: 20; type: liBASE; nodes {;   nodedata: ""\000\000\000\024\001cEx]\211\377\330\370\361\367\235\210sr\037\032`/X%b\364\000\2261<\024n\271\n\247\213\340ngjzz\321\000\000\000\000\000\000\000\000\000\000\000\000\000\000\000\000\000\000\000\000\000\000\000\000\000\000\000\000\000\000\000\000HGY\230\367Z?\244\377\2727\021\330\340\034x\t\237T\345Q\253\275\024/,\206\330\020\311\022\226/\352\2249/\352\224:\n\000""; }; nodes {;   nodedata: ""h\315\350\215y\203\242]\371\235\232Pt&\325\210eZ\346\237XZ \277\2457n\221\336\253\245\317\002\304\206+8\t]\351\316\373|\311\263V\300\023\035\211\237\260\300\r\033u3a1\203\303\365\307k\347\006E\344\037@\210\363\010\336T\226\247'\204_{\261\370""1\235\2445\343\033Y!\212\201\341\272\225'\007*$\244&\336\343'\233i\332\374\245 {^\306-N\333\gE\006\347\212\331C\211Z\177\247\031\n\305\247\364\313\215\244F\357<\251\245\214s\253\372\354}@\035\316\027\033)\370\376.\000\021\001.Id\013\202_n)6q\357\2538_-\302\252B\204v\277\254\373\3322Ca\020\243\0105\263\257\367\032\254\016\003""; }; "
1750587323538,1750587323538,0,1,1,2,TMLedgerData,"ledgerHash: ""\264XQl\247\003\354\245\364D\352R\216\206b4,p\2079'\3229\214pa\315o:\200`\214""; ledgerSeq: 20; type: liBASE; nodes {;   nodedata: ""\000\000\000\024\001cEx]\211\377\330\370\361\367\235\210sr\037\032`/X%b\364\000\2261<\024n\271\n\247\213\340ngjzz\321\000\000\000\000\000\000\000\000\000\000\000\000\000\000\000\000\000\000\000\000\000\000\000\000\000\000\000\000\000\000\000\000HGY\230\367Z?\244\377\2727\021\330\340\034x\t\237T\345Q\253\275\024/,\206\330\020\311\022\226/\352\2249/\352\224:\n\000""; }; nodes {;   nodedata: ""h\315\350\215y\203\242]\371\235\232Pt&\325\210eZ\346\237XZ \277\2457n\221\336\253\245\317\002\304\206+8\t]\351\316\373|\311\263V\300\023\035\211\237\260\300\r\033u3a1\203\303\365\307k\347\006E\344\037@\210\363\010\336T\226\247'\204_{\261\370""1\235\2445\343\033Y!\212\201\341\272\225'\007*$\244&\336\343'\233i\332\374\245 {^\306-N\333\gE\006\347\212\331C\211Z\177\247\031\n\305\247\364\313\215\244F\357<\251\245\214s\253\372\354}@\035\316\027\033)\370\376.\000\021\001.Id\013\202_n)6q\357\2538_-\302\252B\204v\277\254\373\3322Ca\020\243\0105\263\257\367\032\254\016\003""; }; ","ledgerHash: ""\264XQl\247\003\354\245\364D\352R\216\206b4,p\2079'\3229\214pa\315o:\200`\214""; ledgerSeq: 20; type: liBASE; nodes {;   nodedata: ""\000\000\000\024\001cEx]\211\377\330\370\361\367\235\210sr\037\032`/X%b\364\000\2261<\024n\271\n\247\213\340ngjzz\321\000\000\000\000\000\000\000\000\000\000\000\000\000\000\000\000\000\000\000\000\000\000\000\000\000\000\000\000\000\000\000\000HGY\230\367Z?\244\377\2727\021\330\340\034x\t\237T\345Q\253\275\024/,\206\330\020\311\022\226/\352\2249/\352\224:\n\000""; }; nodes {;   nodedata: ""h\315\350\215y\203\242]\371\235\232Pt&\325\210eZ\346\237XZ \277\2457n\221\336\253\245\317\002\304\206+8\t]\351\316\373|\311\263V\300\023\035\211\237\260\300\r\033u3a1\203\303\365\307k\347\006E\344\037@\210\363\010\336T\226\247'\204_{\261\370""1\235\2445\343\033Y!\212\201\341\272\225'\007*$\244&\336\343'\233i\332\374\245 {^\306-N\333\gE\006\347\212\331C\211Z\177\247\031\n\305\247\364\313\215\244F\357<\251\245\214s\253\372\354}@\035\316\027\033)\370\376.\000\021\001.Id\013\202_n)6q\357\2538_-\302\252B\204v\277\254\373\3322Ca\020\243\0105\263\257\367\032\254\016\003""; }; "
1750587323538,1750587323538,0,1,4,0,TMLedgerData,"ledgerHash: ""\264XQl\247\003\354\245\364D\352R\216\206b4,p\2079'\3229\214pa\315o:\200`\214""; ledgerSeq: 20; type: liBASE; nodes {;   nodedata: ""\000\000\000\024\001cEx]\211\377\330\370\361\367\235\210sr\037\032`/X%b\364\000\2261<\024n\271\n\247\213\340ngjzz\321\000\000\000\000\000\000\000\000\000\000\000\000\000\000\000\000\000\000\000\000\000\000\000\000\000\000\000\000\000\000\000\000HGY\230\367Z?\244\377\2727\021\330\340\034x\t\237T\345Q\253\275\024/,\206\330\020\311\022\226/\352\2249/\352\224:\n\000""; }; nodes {;   nodedata: ""h\315\350\215y\203\242]\371\235\232Pt&\325\210eZ\346\237XZ \277\2457n\221\336\253\245\317\002\304\206+8\t]\351\316\373|\311\263V\300\023\035\211\237\260\300\r\033u3a1\203\303\365\307k\347\006E\344\037@\210\363\010\336T\226\247'\204_{\261\370""1\235\2445\343\033Y!\212\201\341\272\225'\007*$\244&\336\343'\233i\332\374\245 {^\306-N\333\gE\006\347\212\331C\211Z\177\247\031\n\305\247\364\313\215\244F\357<\251\245\214s\253\372\354}@\035\316\027\033)\370\376.\000\021\001.Id\013\202_n)6q\357\2538_-\302\252B\204v\277\254\373\3322Ca\020\243\0105\263\257\367\032\254\016\003""; }; ","ledgerHash: ""\264XQl\247\003\354\245\364D\352R\216\206b4,p\2079'\3229\214pa\315o:\200`\214""; ledgerSeq: 20; type: liBASE; nodes {;   nodedata: ""\000\000\000\024\001cEx]\211\377\330\370\361\367\235\210sr\037\032`/X%b\364\000\2261<\024n\271\n\247\213\340ngjzz\321\000\000\000\000\000\000\000\000\000\000\000\000\000\000\000\000\000\000\000\000\000\000\000\000\000\000\000\000\000\000\000\000HGY\230\367Z?\244\377\2727\021\330\340\034x\t\237T\345Q\253\275\024/,\206\330\020\311\022\226/\352\2249/\352\224:\n\000""; }; nodes {;   nodedata: ""h\315\350\215y\203\242]\371\235\232Pt&\325\210eZ\346\237XZ \277\2457n\221\336\253\245\317\002\304\206+8\t]\351\316\373|\311\263V\300\023\035\211\237\260\300\r\033u3a1\203\303\365\307k\347\006E\344\037@\210\363\010\336T\226\247'\204_{\261\370""1\235\2445\343\033Y!\212\201\341\272\225'\007*$\244&\336\343'\233i\332\374\245 {^\306-N\333\gE\006\347\212\331C\211Z\177\247\031\n\305\247\364\313\215\244F\357<\251\245\214s\253\372\354}@\035\316\027\033)\370\376.\000\021\001.Id\013\202_n)6q\357\2538_-\302\252B\204v\277\254\373\3322Ca\020\243\0105\263\257\367\032\254\016\003""; }; "
1750587323539,1750587323539,0,1,1,2,TMLedgerData,"ledgerHash: ""\264XQl\247\003\354\245\364D\352R\216\206b4,p\2079'\3229\214pa\315o:\200`\214""; ledgerSeq: 20; type: liBASE; nodes {;   nodedata: ""\000\000\000\024\001cEx]\211\377\330\370\361\367\235\210sr\037\032`/X%b\364\000\2261<\024n\271\n\247\213\340ngjzz\321\000\000\000\000\000\000\000\000\000\000\000\000\000\000\000\000\000\000\000\000\000\000\000\000\000\000\000\000\000\000\000\000HGY\230\367Z?\244\377\2727\021\330\340\034x\t\237T\345Q\253\275\024/,\206\330\020\311\022\226/\352\2249/\352\224:\n\000""; }; nodes {;   nodedata: ""h\315\350\215y\203\242]\371\235\232Pt&\325\210eZ\346\237XZ \277\2457n\221\336\253\245\317\002\304\206+8\t]\351\316\373|\311\263V\300\023\035\211\237\260\300\r\033u3a1\203\303\365\307k\347\006E\344\037@\210\363\010\336T\226\247'\204_{\261\370""1\235\2445\343\033Y!\212\201\341\272\225'\007*$\244&\336\343'\233i\332\374\245 {^\306-N\333\gE\006\347\212\331C\211Z\177\247\031\n\305\247\364\313\215\244F\357<\251\245\214s\253\372\354}@\035\316\027\033)\370\376.\000\021\001.Id\013\202_n)6q\357\2538_-\302\252B\204v\277\254\373\3322Ca\020\243\0105\263\257\367\032\254\016\003""; }; requestCookie: 4; ","ledgerHash: ""\264XQl\247\003\354\245\364D\352R\216\206b4,p\2079'\3229\214pa\315o:\200`\214""; ledgerSeq: 20; type: liBASE; nodes {;   nodedata: ""\000\000\000\024\001cEx]\211\377\330\370\361\367\235\210sr\037\032`/X%b\364\000\2261<\024n\271\n\247\213\340ngjzz\321\000\000\000\000\000\000\000\000\000\000\000\000\000\000\000\000\000\000\000\000\000\000\000\000\000\000\000\000\000\000\000\000HGY\230\367Z?\244\377\2727\021\330\340\034x\t\237T\345Q\253\275\024/,\206\330\020\311\022\226/\352\2249/\352\224:\n\000""; }; nodes {;   nodedata: ""h\315\350\215y\203\242]\371\235\232Pt&\325\210eZ\346\237XZ \277\2457n\221\336\253\245\317\002\304\206+8\t]\351\316\373|\311\263V\300\023\035\211\237\260\300\r\033u3a1\203\303\365\307k\347\006E\344\037@\210\363\010\336T\226\247'\204_{\261\370""1\235\2445\343\033Y!\212\201\341\272\225'\007*$\244&\336\343'\233i\332\374\245 {^\306-N\333\gE\006\347\212\331C\211Z\177\247\031\n\305\247\364\313\215\244F\357<\251\245\214s\253\372\354}@\035\316\027\033)\370\376.\000\021\001.Id\013\202_n)6q\357\2538_-\302\252B\204v\277\254\373\3322Ca\020\243\0105\263\257\367\032\254\016\003""; }; requestCookie: 4; "
1750587323540,1750587323540,0,1,4,2,TMLedgerData,"ledgerHash: ""\264XQl\247\003\354\245\364D\352R\216\206b4,p\2079'\3229\214pa\315o:\200`\214""; ledgerSeq: 20; type: liBASE; nodes {;   nodedata: ""\000\000\000\024\001cEx]\211\377\330\370\361\367\235\210sr\037\032`/X%b\364\000\2261<\024n\271\n\247\213\340ngjzz\321\000\000\000\000\000\000\000\000\000\000\000\000\000\000\000\000\000\000\000\000\000\000\000\000\000\000\000\000\000\000\000\000HGY\230\367Z?\244\377\2727\021\330\340\034x\t\237T\345Q\253\275\024/,\206\330\020\311\022\226/\352\2249/\352\224:\n\000""; }; nodes {;   nodedata: ""h\315\350\215y\203\242]\371\235\232Pt&\325\210eZ\346\237XZ \277\2457n\221\336\253\245\317\002\304\206+8\t]\351\316\373|\311\263V\300\023\035\211\237\260\300\r\033u3a1\203\303\365\307k\347\006E\344\037@\210\363\010\336T\226\247'\204_{\261\370""1\235\2445\343\033Y!\212\201\341\272\225'\007*$\244&\336\343'\233i\332\374\245 {^\306-N\333\gE\006\347\212\331C\211Z\177\247\031\n\305\247\364\313\215\244F\357<\251\245\214s\253\372\354}@\035\316\027\033)\370\376.\000\021\001.Id\013\202_n)6q\357\2538_-\302\252B\204v\277\254\373\3322Ca\020\243\0105\263\257\367\032\254\016\003""; }; ","ledgerHash: ""\264XQl\247\003\354\245\364D\352R\216\206b4,p\2079'\3229\214pa\315o:\200`\214""; ledgerSeq: 20; type: liBASE; nodes {;   nodedata: ""\000\000\000\024\001cEx]\211\377\330\370\361\367\235\210sr\037\032`/X%b\364\000\2261<\024n\271\n\247\213\340ngjzz\321\000\000\000\000\000\000\000\000\000\000\000\000\000\000\000\000\000\000\000\000\000\000\000\000\000\000\000\000\000\000\000\000HGY\230\367Z?\244\377\2727\021\330\340\034x\t\237T\345Q\253\275\024/,\206\330\020\311\022\226/\352\2249/\352\224:\n\000""; }; nodes {;   nodedata: ""h\315\350\215y\203\242]\371\235\232Pt&\325\210eZ\346\237XZ \277\2457n\221\336\253\245\317\002\304\206+8\t]\351\316\373|\311\263V\300\023\035\211\237\260\300\r\033u3a1\203\303\365\307k\347\006E\344\037@\210\363\010\336T\226\247'\204_{\261\370""1\235\2445\343\033Y!\212\201\341\272\225'\007*$\244&\336\343'\233i\332\374\245 {^\306-N\333\gE\006\347\212\331C\211Z\177\247\031\n\305\247\364\313\215\244F\357<\251\245\214s\253\372\354}@\035\316\027\033)\370\376.\000\021\001.Id\013\202_n)6q\357\2538_-\302\252B\204v\277\254\373\3322Ca\020\243\0105\263\257\367\032\254\016\003""; }; "
1750587323541,1750587323541,0,1,3,1,TMGetLedger,"itype: liAS_NODE; ledgerHash: ""\264XQl\247\003\354\245\364D\352R\216\206b4,p\2079'\3229\214pa\315o:\200`\214""; ledgerSeq: 20; nodeIDs: ""\260\000\000\000\000\000\000\000\000\000\000\000\000\000\000\000\000\000\000\000\000\000\000\000\000\000\000\000\000\000\000\000\001""; queryType: qtINDIRECT; queryDepth: 1; ","itype: liAS_NODE; ledgerHash: ""\264XQl\247\003\354\245\364D\352R\216\206b4,p\2079'\3229\214pa\315o:\200`\214""; ledgerSeq: 20; nodeIDs: ""\260\000\000\000\000\000\000\000\000\000\000\000\000\000\000\000\000\000\000\000\000\000\000\000\000\000\000\000\000\000\000\000\001""; queryType: qtINDIRECT; queryDepth: 1; "
1750587323541,1750587323541,0,1,3,4,TMLedgerData,"ledgerHash: ""\264XQl\247\003\354\245\364D\352R\216\206b4,p\2079'\3229\214pa\315o:\200`\214""; ledgerSeq: 20; type: liBASE; nodes {;   nodedata: ""\000\000\000\024\001cEx]\211\377\330\370\361\367\235\210sr\037\032`/X%b\364\000\2261<\024n\271\n\247\213\340ngjzz\321\000\000\000\000\000\000\000\000\000\000\000\000\000\000\000\000\000\000\000\000\000\000\000\000\000\000\000\000\000\000\000\000HGY\230\367Z?\244\377\2727\021\330\340\034x\t\237T\345Q\253\275\024/,\206\330\020\311\022\226/\352\2249/\352\224:\n\000""; }; nodes {;   nodedata: ""h\315\350\215y\203\242]\371\235\232Pt&\325\210eZ\346\237XZ \277\2457n\221\336\253\245\317\002\304\206+8\t]\351\316\373|\311\263V\300\023\035\211\237\260\300\r\033u3a1\203\303\365\307k\347\006E\344\037@\210\363\010\336T\226\247'\204_{\261\370""1\235\2445\343\033Y!\212\201\341\272\225'\007*$\244&\336\343'\233i\332\374\245 {^\306-N\333\gE\006\347\212\331C\211Z\177\247\031\n\305\247\364\313\215\244F\357<\251\245\214s\253\372\354}@\035\316\027\033)\370\376.\000\021\001.Id\013\202_n)6q\357\2538_-\302\252B\204v\277\254\373\3322Ca\020\243\0105\263\257\367\032\254\016\003""; }; ","ledgerHash: ""\264XQl\247\003\354\245\364D\352R\216\206b4,p\2079'\3229\214pa\315o:\200`\214""; ledgerSeq: 20; type: liBASE; nodes {;   nodedata: ""\000\000\000\024\001cEx]\211\377\330\370\361\367\235\210sr\037\032`/X%b\364\000\2261<\024n\271\n\247\213\340ngjzz\321\000\000\000\000\000\000\000\000\000\000\000\000\000\000\000\000\000\000\000\000\000\000\000\000\000\000\000\000\000\000\000\000HGY\230\367Z?\244\377\2727\021\330\340\034x\t\237T\345Q\253\275\024/,\206\330\020\311\022\226/\352\2249/\352\224:\n\000""; }; nodes {;   nodedata: ""h\315\350\215y\203\242]\371\235\232Pt&\325\210eZ\346\237XZ \277\2457n\221\336\253\245\317\002\304\206+8\t]\351\316\373|\311\263V\300\023\035\211\237\260\300\r\033u3a1\203\303\365\307k\347\006E\344\037@\210\363\010\336T\226\247'\204_{\261\370""1\235\2445\343\033Y!\212\201\341\272\225'\007*$\244&\336\343'\233i\332\374\245 {^\306-N\333\gE\006\347\212\331C\211Z\177\247\031\n\305\247\364\313\215\244F\357<\251\245\214s\253\372\354}@\035\316\027\033)\370\376.\000\021\001.Id\013\202_n)6q\357\2538_-\302\252B\204v\277\254\373\3322Ca\020\243\0105\263\257\367\032\254\016\003""; }; "
1750587323542,1750587323543,0,1,3,2,TMLedgerData,"ledgerHash: ""\264XQl\247\003\354\245\364D\352R\216\206b4,p\2079'\3229\214pa\315o:\200`\214""; ledgerSeq: 20; type: liBASE; nodes {;   nodedata: ""\000\000\000\024\001cEx]\211\377\330\370\361\367\235\210sr\037\032`/X%b\364\000\2261<\024n\271\n\247\213\340ngjzz\321\000\000\000\000\000\000\000\000\000\000\000\000\000\000\000\000\000\000\000\000\000\000\000\000\000\000\000\000\000\000\000\000HGY\230\367Z?\244\377\2727\021\330\340\034x\t\237T\345Q\253\275\024/,\206\330\020\311\022\226/\352\2249/\352\224:\n\000""; }; nodes {;   nodedata: ""h\315\350\215y\203\242]\371\235\232Pt&\325\210eZ\346\237XZ \277\2457n\221\336\253\245\317\002\304\206+8\t]\351\316\373|\311\263V\300\023\035\211\237\260\300\r\033u3a1\203\303\365\307k\347\006E\344\037@\210\363\010\336T\226\247'\204_{\261\370""1\235\2445\343\033Y!\212\201\341\272\225'\007*$\244&\336\343'\233i\332\374\245 {^\306-N\333\gE\006\347\212\331C\211Z\177\247\031\n\305\247\364\313\215\244F\357<\251\245\214s\253\372\354}@\035\316\027\033)\370\376.\000\021\001.Id\013\202_n)6q\357\2538_-\302\252B\204v\277\254\373\3322Ca\020\243\0105\263\257\367\032\254\016\003""; }; ","ledgerHash: ""\264XQl\247\003\354\245\364D\352R\216\206b4,p\2079'\3229\214pa\315o:\200`\214""; ledgerSeq: 20; type: liBASE; nodes {;   nodedata: ""\000\000\000\024\001cEx]\211\377\330\370\361\367\235\210sr\037\032`/X%b\364\000\2261<\024n\271\n\247\213\340ngjzz\321\000\000\000\000\000\000\000\000\000\000\000\000\000\000\000\000\000\000\000\000\000\000\000\000\000\000\000\000\000\000\000\000HGY\230\367Z?\244\377\2727\021\330\340\034x\t\237T\345Q\253\275\024/,\206\330\020\311\022\226/\352\2249/\352\224:\n\000""; }; nodes {;   nodedata: ""h\315\350\215y\203\242]\371\235\232Pt&\325\210eZ\346\237XZ \277\2457n\221\336\253\245\317\002\304\206+8\t]\351\316\373|\311\263V\300\023\035\211\237\260\300\r\033u3a1\203\303\365\307k\347\006E\344\037@\210\363\010\336T\226\247'\204_{\261\370""1\235\2445\343\033Y!\212\201\341\272\225'\007*$\244&\336\343'\233i\332\374\245 {^\306-N\333\gE\006\347\212\331C\211Z\177\247\031\n\305\247\364\313\215\244F\357<\251\245\214s\253\372\354}@\035\316\027\033)\370\376.\000\021\001.Id\013\202_n)6q\357\2538_-\302\252B\204v\277\254\373\3322Ca\020\243\0105\263\257\367\032\254\016\003""; }; "
1750587323543,1750587323543,0,1,3,0,TMLedgerData,"ledgerHash: ""\264XQl\247\003\354\245\364D\352R\216\206b4,p\2079'\3229\214pa\315o:\200`\214""; ledgerSeq: 20; type: liBASE; nodes {;   nodedata: ""\000\000\000\024\001cEx]\211\377\330\370\361\367\235\210sr\037\032`/X%b\364\000\2261<\024n\271\n\247\213\340ngjzz\321\000\000\000\000\000\000\000\000\000\000\000\000\000\000\000\000\000\000\000\000\000\000\000\000\000\000\000\000\000\000\000\000HGY\230\367Z?\244\377\2727\021\330\340\034x\t\237T\345Q\253\275\024/,\206\330\020\311\022\226/\352\2249/\352\224:\n\000""; }; nodes {;   nodedata: ""h\315\350\215y\203\242]\371\235\232Pt&\325\210eZ\346\237XZ \277\2457n\221\336\253\245\317\002\304\206+8\t]\351\316\373|\311\263V\300\023\035\211\237\260\300\r\033u3a1\203\303\365\307k\347\006E\344\037@\210\363\010\336T\226\247'\204_{\261\370""1\235\2445\343\033Y!\212\201\341\272\225'\007*$\244&\336\343'\233i\332\374\245 {^\306-N\333\gE\006\347\212\331C\211Z\177\247\031\n\305\247\364\313\215\244F\357<\251\245\214s\253\372\354}@\035\316\027\033)\370\376.\000\021\001.Id\013\202_n)6q\357\2538_-\302\252B\204v\277\254\373\3322Ca\020\243\0105\263\257\367\032\254\016\003""; }; ","ledgerHash: ""\264XQl\247\003\354\245\364D\352R\216\206b4,p\2079'\3229\214pa\315o:\200`\214""; ledgerSeq: 20; type: liBASE; nodes {;   nodedata: ""\000\000\000\024\001cEx]\211\377\330\370\361\367\235\210sr\037\032`/X%b\364\000\2261<\024n\271\n\247\213\340ngjzz\321\000\000\000\000\000\000\000\000\000\000\000\000\000\000\000\000\000\000\000\000\000\000\000\000\000\000\000\000\000\000\000\000HGY\230\367Z?\244\377\2727\021\330\340\034x\t\237T\345Q\253\275\024/,\206\330\020\311\022\226/\352\2249/\352\224:\n\000""; }; nodes {;   nodedata: ""h\315\350\215y\203\242]\371\235\232Pt&\325\210eZ\346\237XZ \277\2457n\221\336\253\245\317\002\304\206+8\t]\351\316\373|\311\263V\300\023\035\211\237\260\300\r\033u3a1\203\303\365\307k\347\006E\344\037@\210\363\010\336T\226\247'\204_{\261\370""1\235\2445\343\033Y!\212\201\341\272\225'\007*$\244&\336\343'\233i\332\374\245 {^\306-N\333\gE\006\347\212\331C\211Z\177\247\031\n\305\247\364\313\215\244F\357<\251\245\214s\253\372\354}@\035\316\027\033)\370\376.\000\021\001.Id\013\202_n)6q\357\2538_-\302\252B\204v\277\254\373\3322Ca\020\243\0105\263\257\367\032\254\016\003""; }; "
1750587323544,1750587323544,0,1,0,1,TMGetLedger,"itype: liBASE; ledgerHash: ""\264XQl\247\003\354\245\364D\352R\216\206b4,p\2079'\3229\214pa\315o:\200`\214""; requestCookie: 4; queryType: qtINDIRECT; ","itype: liBASE; ledgerHash: ""\264XQl\247\003\354\245\364D\352R\216\206b4,p\2079'\3229\214pa\315o:\200`\214""; requestCookie: 4; queryType: qtINDIRECT; "
1750587323544,1750587323544,0,1,0,1,TMGetLedger,"itype: liBASE; ledgerHash: ""\264XQl\247\003\354\245\364D\352R\216\206b4,p\2079'\3229\214pa\315o:\200`\214""; requestCookie: 3; queryType: qtINDIRECT; ","itype: liBASE; ledgerHash: ""\264XQl\247\003\354\245\364D\352R\216\206b4,p\2079'\3229\214pa\315o:\200`\214""; requestCookie: 3; queryType: qtINDIRECT; "
1750587323545,1750587323545,0,1,0,1,TMGetLedger,"itype: liAS_NODE; ledgerHash: ""\264XQl\247\003\354\245\364D\352R\216\206b4,p\2079'\3229\214pa\315o:\200`\214""; ledgerSeq: 20; nodeIDs: ""\260\000\000\000\000\000\000\000\000\000\000\000\000\000\000\000\000\000\000\000\000\000\000\000\000\000\000\000\000\000\000\000\001""; queryType: qtINDIRECT; queryDepth: 1; ","itype: liAS_NODE; ledgerHash: ""\264XQl\247\003\354\245\364D\352R\216\206b4,p\2079'\3229\214pa\315o:\200`\214""; ledgerSeq: 20; nodeIDs: ""\260\000\000\000\000\000\000\000\000\000\000\000\000\000\000\000\000\000\000\000\000\000\000\000\000\000\000\000\000\000\000\000\001""; queryType: qtINDIRECT; queryDepth: 1; "
1750587323546,1750587323546,0,1,0,4,TMLedgerData,"ledgerHash: ""\264XQl\247\003\354\245\364D\352R\216\206b4,p\2079'\3229\214pa\315o:\200`\214""; ledgerSeq: 20; type: liBASE; nodes {;   nodedata: ""\000\000\000\024\001cEx]\211\377\330\370\361\367\235\210sr\037\032`/X%b\364\000\2261<\024n\271\n\247\213\340ngjzz\321\000\000\000\000\000\000\000\000\000\000\000\000\000\000\000\000\000\000\000\000\000\000\000\000\000\000\000\000\000\000\000\000HGY\230\367Z?\244\377\2727\021\330\340\034x\t\237T\345Q\253\275\024/,\206\330\020\311\022\226/\352\2249/\352\224:\n\000""; }; nodes {;   nodedata: ""h\315\350\215y\203\242]\371\235\232Pt&\325\210eZ\346\237XZ \277\2457n\221\336\253\245\317\002\304\206+8\t]\351\316\373|\311\263V\300\023\035\211\237\260\300\r\033u3a1\203\303\365\307k\347\006E\344\037@\210\363\010\336T\226\247'\204_{\261\370""1\235\2445\343\033Y!\212\201\341\272\225'\007*$\244&\336\343'\233i\332\374\245 {^\306-N\333\gE\006\347\212\331C\211Z\177\247\031\n\305\247\364\313\215\244F\357<\251\245\214s\253\372\354}@\035\316\027\033)\370\376.\000\021\001.Id\013\202_n)6q\357\2538_-\302\252B\204v\277\254\373\3322Ca\020\243\0105\263\257\367\032\254\016\003""; }; ","ledgerHash: ""\264XQl\247\003\354\245\364D\352R\216\206b4,p\2079'\3229\214pa\315o:\200`\214""; ledgerSeq: 20; type: liBASE; nodes {;   nodedata: ""\000\000\000\024\001cEx]\211\377\330\370\361\367\235\210sr\037\032`/X%b\364\000\2261<\024n\271\n\247\213\340ngjzz\321\000\000\000\000\000\000\000\000\000\000\000\000\000\000\000\000\000\000\000\000\000\000\000\000\000\000\000\000\000\000\000\000HGY\230\367Z?\244\377\2727\021\330\340\034x\t\237T\345Q\253\275\024/,\206\330\020\311\022\226/\352\2249/\352\224:\n\000""; }; nodes {;   nodedata: ""h\315\350\215y\203\242]\371\235\232Pt&\325\210eZ\346\237XZ \277\2457n\221\336\253\245\317\002\304\206+8\t]\351\316\373|\311\263V\300\023\035\211\237\260\300\r\033u3a1\203\303\365\307k\347\006E\344\037@\210\363\010\336T\226\247'\204_{\261\370""1\235\2445\343\033Y!\212\201\341\272\225'\007*$\244&\336\343'\233i\332\374\245 {^\306-N\333\gE\006\347\212\331C\211Z\177\247\031\n\305\247\364\313\215\244F\357<\251\245\214s\253\372\354}@\035\316\027\033)\370\376.\000\021\001.Id\013\202_n)6q\357\2538_-\302\252B\204v\277\254\373\3322Ca\020\243\0105\263\257\367\032\254\016\003""; }; "
1750587323546,1750587323546,0,1,2,1,TMGetLedger,"itype: liBASE; ledgerHash: ""\264XQl\247\003\354\245\364D\352R\216\206b4,p\2079'\3229\214pa\315o:\200`\214""; requestCookie: 2; queryType: qtINDIRECT; ","itype: liBASE; ledgerHash: ""\264XQl\247\003\354\245\364D\352R\216\206b4,p\2079'\3229\214pa\315o:\200`\214""; requestCookie: 2; queryType: qtINDIRECT; "
1750587323547,1750587323547,0,1,2,4,TMLedgerData,"ledgerHash: ""\264XQl\247\003\354\245\364D\352R\216\206b4,p\2079'\3229\214pa\315o:\200`\214""; ledgerSeq: 20; type: liBASE; nodes {;   nodedata: ""\000\000\000\024\001cEx]\211\377\330\370\361\367\235\210sr\037\032`/X%b\364\000\2261<\024n\271\n\247\213\340ngjzz\321\000\000\000\000\000\000\000\000\000\000\000\000\000\000\000\000\000\000\000\000\000\000\000\000\000\000\000\000\000\000\000\000HGY\230\367Z?\244\377\2727\021\330\340\034x\t\237T\345Q\253\275\024/,\206\330\020\311\022\226/\352\2249/\352\224:\n\000""; }; nodes {;   nodedata: ""h\315\350\215y\203\242]\371\235\232Pt&\325\210eZ\346\237XZ \277\2457n\221\336\253\245\317\002\304\206+8\t]\351\316\373|\311\263V\300\023\035\211\237\260\300\r\033u3a1\203\303\365\307k\347\006E\344\037@\210\363\010\336T\226\247'\204_{\261\370""1\235\2445\343\033Y!\212\201\341\272\225'\007*$\244&\336\343'\233i\332\374\245 {^\306-N\333\gE\006\347\212\331C\211Z\177\247\031\n\305\247\364\313\215\244F\357<\251\245\214s\253\372\354}@\035\316\027\033)\370\376.\000\021\001.Id\013\202_n)6q\357\2538_-\302\252B\204v\277\254\373\3322Ca\020\243\0105\263\257\367\032\254\016\003""; }; ","ledgerHash: ""\264XQl\247\003\354\245\364D\352R\216\206b4,p\2079'\3229\214pa\315o:\200`\214""; ledgerSeq: 20; type: liBASE; nodes {;   nodedata: ""\000\000\000\024\001cEx]\211\377\330\370\361\367\235\210sr\037\032`/X%b\364\000\2261<\024n\271\n\247\213\340ngjzz\321\000\000\000\000\000\000\000\000\000\000\000\000\000\000\000\000\000\000\000\000\000\000\000\000\000\000\000\000\000\000\000\000HGY\230\367Z?\244\377\2727\021\330\340\034x\t\237T\345Q\253\275\024/,\206\330\020\311\022\226/\352\2249/\352\224:\n\000""; }; nodes {;   nodedata: ""h\315\350\215y\203\242]\371\235\232Pt&\325\210eZ\346\237XZ \277\2457n\221\336\253\245\317\002\304\206+8\t]\351\316\373|\311\263V\300\023\035\211\237\260\300\r\033u3a1\203\303\365\307k\347\006E\344\037@\210\363\010\336T\226\247'\204_{\261\370""1\235\2445\343\033Y!\212\201\341\272\225'\007*$\244&\336\343'\233i\332\374\245 {^\306-N\333\gE\006\347\212\331C\211Z\177\247\031\n\305\247\364\313\215\244F\357<\251\245\214s\253\372\354}@\035\316\027\033)\370\376.\000\021\001.Id\013\202_n)6q\357\2538_-\302\252B\204v\277\254\373\3322Ca\020\243\0105\263\257\367\032\254\016\003""; }; "
1750587323547,1750587323548,0,1,2,1,TMGetLedger,"itype: liAS_NODE; ledgerHash: ""\264XQl\247\003\354\245\364D\352R\216\206b4,p\2079'\3229\214pa\315o:\200`\214""; ledgerSeq: 20; nodeIDs: ""\260\000\000\000\000\000\000\000\000\000\000\000\000\000\000\000\000\000\000\000\000\000\000\000\000\000\000\000\000\000\000\000\001""; queryType: qtINDIRECT; queryDepth: 1; ","itype: liAS_NODE; ledgerHash: ""\264XQl\247\003\354\245\364D\352R\216\206b4,p\2079'\3229\214pa\315o:\200`\214""; ledgerSeq: 20; nodeIDs: ""\260\000\000\000\000\000\000\000\000\000\000\000\000\000\000\000\000\000\000\000\000\000\000\000\000\000\000\000\000\000\000\000\001""; queryType: qtINDIRECT; queryDepth: 1; "
1750587323548,1750587323549,0,1,2,3,TMLedgerData,"ledgerHash: ""\264XQl\247\003\354\245\364D\352R\216\206b4,p\2079'\3229\214pa\315o:\200`\214""; ledgerSeq: 20; type: liBASE; nodes {;   nodedata: ""\000\000\000\024\001cEx]\211\377\330\370\361\367\235\210sr\037\032`/X%b\364\000\2261<\024n\271\n\247\213\340ngjzz\321\000\000\000\000\000\000\000\000\000\000\000\000\000\000\000\000\000\000\000\000\000\000\000\000\000\000\000\000\000\000\000\000HGY\230\367Z?\244\377\2727\021\330\340\034x\t\237T\345Q\253\275\024/,\206\330\020\311\022\226/\352\2249/\352\224:\n\000""; }; nodes {;   nodedata: ""h\315\350\215y\203\242]\371\235\232Pt&\325\210eZ\346\237XZ \277\2457n\221\336\253\245\317\002\304\206+8\t]\351\316\373|\311\263V\300\023\035\211\237\260\300\r\033u3a1\203\303\365\307k\347\006E\344\037@\210\363\010\336T\226\247'\204_{\261\370""1\235\2445\343\033Y!\212\201\341\272\225'\007*$\244&\336\343'\233i\332\374\245 {^\306-N\333\gE\006\347\212\331C\211Z\177\247\031\n\305\247\364\313\215\244F\357<\251\245\214s\253\372\354}@\035\316\027\033)\370\376.\000\021\001.Id\013\202_n)6q\357\2538_-\302\252B\204v\277\254\373\3322Ca\020\243\0105\263\257\367\032\254\016\003""; }; ","ledgerHash: ""\264XQl\247\003\354\245\364D\352R\216\206b4,p\2079'\3229\214pa\315o:\200`\214""; ledgerSeq: 20; type: liBASE; nodes {;   nodedata: ""\000\000\000\024\001cEx]\211\377\330\370\361\367\235\210sr\037\032`/X%b\364\000\2261<\024n\271\n\247\213\340ngjzz\321\000\000\000\000\000\000\000\000\000\000\000\000\000\000\000\000\000\000\000\000\000\000\000\000\000\000\000\000\000\000\000\000HGY\230\367Z?\244\377\2727\021\330\340\034x\t\237T\345Q\253\275\024/,\206\330\020\311\022\226/\352\2249/\352\224:\n\000""; }; nodes {;   nodedata: ""h\315\350\215y\203\242]\371\235\232Pt&\325\210eZ\346\237XZ \277\2457n\221\336\253\245\317\002\304\206+8\t]\351\316\373|\311\263V\300\023\035\211\237\260\300\r\033u3a1\203\303\365\307k\347\006E\344\037@\210\363\010\336T\226\247'\204_{\261\370""1\235\2445\343\033Y!\212\201\341\272\225'\007*$\244&\336\343'\233i\332\374\245 {^\306-N\333\gE\006\347\212\331C\211Z\177\247\031\n\305\247\364\313\215\244F\357<\251\245\214s\253\372\354}@\035\316\027\033)\370\376.\000\021\001.Id\013\202_n)6q\357\2538_-\302\252B\204v\277\254\373\3322Ca\020\243\0105\263\257\367\032\254\016\003""; }; "
1750587323549,1750587323550,0,1,1,3,TMLedgerData,"ledgerHash: ""\264XQl\247\003\354\245\364D\352R\216\206b4,p\2079'\3229\214pa\315o:\200`\214""; ledgerSeq: 20; type: liAS_NODE; nodes {;   nodedata: ""\021\000h""\000\000\000\000 \033\000\000\000\023\002\023\302\277\330\356GuH\375\327!\255\371\r\231\262R\256J\034\222\241\355X\265E\241^W\225\304\014\361CX-}\351f\032\255\274\334m\326c\017\014ao[\342\230\003\245\245\3341Hm\326^\017jy\335\261\214.\207\210%\003 \010ML\347\200R\304&\320_\215\226\344\334\033\354\2002\255\216\332\317\255\034\017T\270\242(,&\233\326\374o\306[\235\317>\021e\005s\261\371l\216\017\003\032\017J\217\244W<\241'\332/+\360Bx\036+\210j\237K%\340]\246E\2434\264K\036\030qP\317\315\336\325\007\372\373$P*|\321\342\002\026\n\3215\340\3203\200x\327D\301]5\237\247Yz\3711!L\214\221=\252\002\267\225zg\264\253\271T\346ji\003\235\236Pis\264\375\222|H\344\261g?[g\311\347s\234ae\204\263\365U\334\372D\354\345\276\201f\035\271%#\375\245\314.""\373\330&\3746\354@[\274\202\021\202\373Vi\243\n\325\250\005e\360""m\346'\311@\343\016$L\346\334\360<w\317\351\2337\023\262\336W\254\222\315\335\317oP\221\031g\037\220\357Ft\030n\306\370\n\354\226\365\346\276\322i\233\014\037\027Z\351\022\216@=S\205\334\033\374\234n\r\270\210]\013\203\356\024\366\354\260\007L\324\236aQ\361\020X\372\353 3\347\310*\253\021gT!>\003\325\254,\003\367\204\031\331\255\240\304J\342j\272\270\274\360\307\356\347\200Ywm#\014\233\301\022L\232T\033N\341\232\325\233\227\313\307\302\001\313@D\264\016\334\r\034\035\\276\225\314|\234S*r\007\370x>\305D*\007b\276v\316D!=\355\210\037\325\034/l\242\365\034!w\324\362\3252-\025\351\314\2334,\306Dd\037v\256\345X\002=\033c\255\253\226\014-o\364!\262f\370\222\250\377\220&p\343\245\3604Op\353\317\305?Z\326\257)\2439\250\272\002\370\360\022\220W 062/8s4\204\363\253&I\000m\335\025\336\037\263=\026\236A\324J9\261\341@\353\236\027\243\365\225\347\2315\205\014\356\333\201\232V!\026\010\025{\341\203\016\355Wm\222\t\022+\207\321\343}^\317s\206\320\316\221\322\t\214\257\211\366S\177\277\370\361\367\235\210sr\037\032`/X%b\364\000\2261<\024n\271\n\247\213\340ngjzz\321\264\227\2326\315\307\363\323\325\303\032N\256*\307\327 \235\332\207u\210\271\257\306g\231i*\260\326k\001"";   nodeid: ""\260\000\000\000\000\000\000\000\000\000\000\000\000\000\000\000\000\000\000\000\000\000\000\000\000\000\000\000\000\000\000\000\001""; }; ","ledgerHash: ""\264XQl\247\003\354\245\364D\352R\216\206b4,p\2079'\3229\214pa\315o:\200`\214""; ledgerSeq: 20; type: liAS_NODE; nodes {;   nodedata: ""\021\000h""\000\000\000\000 \033\000\000\000\023\002\023\302\277\330\356GuH\375\327!\255\371\r\231\262R\256J\034\222\241\355X\265E\241^W\225\304\014\361CX-}\351f\032\255\274\334m\326c\017\014ao[\342\230\003\245\245\3341Hm\326^\017jy\335\261\214.\207\210%\003 \010ML\347\200R\304&\320_\215\226\344\334\033\354\2002\255\216\332\317\255\034\017T\270\242(,&\233\326\374o\306[\235\317>\021e\005s\261\371l\216\017\003\032\017J\217\244W<\241'\332/+\360Bx\036+\210j\237K%\340]\246E\2434\264K\036\030qP\317\315\336\325\007\372\373$P*|\321\342\002\026\n\3215\340\3203\200x\327D\301]5\237\247Yz\3711!L\214\221=\252\002\267\225zg\264\253\271T\346ji\003\235\236Pis\264\375\222|H\344\261g?[g\311\347s\234ae\204\263\365U\334\372D\354\345\276\201f\035\271%#\375\245\314.""\373\330&\3746\354@[\274\202\021\202\373Vi\243\n\325\250\005e\360""m\346'\311@\343\016$L\346\334\360<w\317\351\2337\023\262\336W\254\222\315\335\317oP\221\031g\037\220\357Ft\030n\306\370\n\354\226\365\346\276\322i\233\014\037\027Z\351\022\216@=S\205\334\033\374\234n\r\270\210]\013\203\356\024\366\354\260\007L\324\236aQ\361\020X\372\353 3\347\310*\253\021gT!>\003\325\254,\003\367\204\031\331\255\240\304J\342j\272\270\274\360\307\356\347\200Ywm#\014\233\301\022L\232T\033N\341\232\325\233\227\313\307\302\001\313@D\264\016\334\r\034\035\\276\225\314|\234S*r\007\370x>\305D*\007b\276v\316D!=\355\210\037\325\034/l\242\365\034!w\324\362\3252-\025\351\314\2334,\306Dd\037v\256\345X\002=\033c\255\253\226\014-o\364!\262f\370\222\250\377\220&p\343\245\3604Op\353\317\305?Z\326\257)\2439\250\272\002\370\360\022\220W 062/8s4\204\363\253&I\000m\335\025\336\037\263=\026\236A\324J9\261\341@\353\236\027\243\365\225\347\2315\205\014\356\333\201\232V!\026\010\025{\341\203\016\355Wm\222\t\022+\207\321\343}^\317s\206\320\316\221\322\t\214\257\211\366S\177\277\370\361\367\235\210sr\037\032`/X%b\364\000\2261<\024n\271\n\247\213\340ngjzz\321\264\227\2326\315\307\363\323\325\303\032N\256*\307\327 \235\332\207u\210\271\257\306g\231i*\260\326k\001"";   nodeid: ""\260\000\000\000\000\000\000\000\000\000\000\000\000\000\000\000\000\000\000\000\000\000\000\000\000\000\000\000\000\000\000\000\001""; }; "
1750587323552,1750587323552,0,1,1,0,TMLedgerData,"ledgerHash: ""\264XQl\247\003\354\245\364D\352R\216\206b4,p\2079'\3229\214pa\315o:\200`\214""; ledgerSeq: 20; type: liBASE; nodes {;   nodedata: ""\000\000\000\024\001cEx]\211\377\330\370\361\367\235\210sr\037\032`/X%b\364\000\2261<\024n\271\n\247\213\340ngjzz\321\000\000\000\000\000\000\000\000\000\000\000\000\000\000\000\000\000\000\000\000\000\000\000\000\000\000\000\000\000\000\000\000HGY\230\367Z?\244\377\2727\021\330\340\034x\t\237T\345Q\253\275\024/,\206\330\020\311\022\226/\352\2249/\352\224:\n\000""; }; nodes {;   nodedata: ""h\315\350\215y\203\242]\371\235\232Pt&\325\210eZ\346\237XZ \277\2457n\221\336\253\245\317\002\304\206+8\t]\351\316\373|\311\263V\300\023\035\211\237\260\300\r\033u3a1\203\303\365\307k\347\006E\344\037@\210\363\010\336T\226\247'\204_{\261\370""1\235\2445\343\033Y!\212\201\341\272\225'\007*$\244&\336\343'\233i\332\374\245 {^\306-N\333\gE\006\347\212\331C\211Z\177\247\031\n\305\247\364\313\215\244F\357<\251\245\214s\253\372\354}@\035\316\027\033)\370\376.\000\021\001.Id\013\202_n)6q\357\2538_-\302\252B\204v\277\254\373\3322Ca\020\243\0105\263\257\367\032\254\016\003""; }; requestCookie: 4; ","ledgerHash: ""\264XQl\247\003\354\245\364D\352R\216\206b4,p\2079'\3229\214pa\315o:\200`\214""; ledgerSeq: 20; type: liBASE; nodes {;   nodedata: ""\000\000\000\024\001cEx]\211\377\330\370\361\367\235\210sr\037\032`/X%b\364\000\2261<\024n\271\n\247\213\340ngjzz\321\000\000\000\000\000\000\000\000\000\000\000\000\000\000\000\000\000\000\000\000\000\000\000\000\000\000\000\000\000\000\000\000HGY\230\367Z?\244\377\2727\021\330\340\034x\t\237T\345Q\253\275\024/,\206\330\020\311\022\226/\352\2249/\352\224:\n\000""; }; nodes {;   nodedata: ""h\315\350\215y\203\242]\371\235\232Pt&\325\210eZ\346\237XZ \277\2457n\221\336\253\245\317\002\304\206+8\t]\351\316\373|\311\263V\300\023\035\211\237\260\300\r\033u3a1\203\303\365\307k\347\006E\344\037@\210\363\010\336T\226\247'\204_{\261\370""1\235\2445\343\033Y!\212\201\341\272\225'\007*$\244&\336\343'\233i\332\374\245 {^\306-N\333\gE\006\347\212\331C\211Z\177\247\031\n\305\247\364\313\215\244F\357<\251\245\214s\253\372\354}@\035\316\027\033)\370\376.\000\021\001.Id\013\202_n)6q\357\2538_-\302\252B\204v\277\254\373\3322Ca\020\243\0105\263\257\367\032\254\016\003""; }; requestCookie: 4; "
1750587323552,1750587323552,0,1,1,0,TMLedgerData,"ledgerHash: ""\264XQl\247\003\354\245\364D\352R\216\206b4,p\2079'\3229\214pa\315o:\200`\214""; ledgerSeq: 20; type: liBASE; nodes {;   nodedata: ""\000\000\000\024\001cEx]\211\377\330\370\361\367\235\210sr\037\032`/X%b\364\000\2261<\024n\271\n\247\213\340ngjzz\321\000\000\000\000\000\000\000\000\000\000\000\000\000\000\000\000\000\000\000\000\000\000\000\000\000\000\000\000\000\000\000\000HGY\230\367Z?\244\377\2727\021\330\340\034x\t\237T\345Q\253\275\024/,\206\330\020\311\022\226/\352\2249/\352\224:\n\000""; }; nodes {;   nodedata: ""h\315\350\215y\203\242]\371\235\232Pt&\325\210eZ\346\237XZ \277\2457n\221\336\253\245\317\002\304\206+8\t]\351\316\373|\311\263V\300\023\035\211\237\260\300\r\033u3a1\203\303\365\307k\347\006E\344\037@\210\363\010\336T\226\247'\204_{\261\370""1\235\2445\343\033Y!\212\201\341\272\225'\007*$\244&\336\343'\233i\332\374\245 {^\306-N\333\gE\006\347\212\331C\211Z\177\247\031\n\305\247\364\313\215\244F\357<\251\245\214s\253\372\354}@\035\316\027\033)\370\376.\000\021\001.Id\013\202_n)6q\357\2538_-\302\252B\204v\277\254\373\3322Ca\020\243\0105\263\257\367\032\254\016\003""; }; requestCookie: 3; ","ledgerHash: ""\264XQl\247\003\354\245\364D\352R\216\206b4,p\2079'\3229\214pa\315o:\200`\214""; ledgerSeq: 20; type: liBASE; nodes {;   nodedata: ""\000\000\000\024\001cEx]\211\377\330\370\361\367\235\210sr\037\032`/X%b\364\000\2261<\024n\271\n\247\213\340ngjzz\321\000\000\000\000\000\000\000\000\000\000\000\000\000\000\000\000\000\000\000\000\000\000\000\000\000\000\000\000\000\000\000\000HGY\230\367Z?\244\377\2727\021\330\340\034x\t\237T\345Q\253\275\024/,\206\330\020\311\022\226/\352\2249/\352\224:\n\000""; }; nodes {;   nodedata: ""h\315\350\215y\203\242]\371\235\232Pt&\325\210eZ\346\237XZ \277\2457n\221\336\253\245\317\002\304\206+8\t]\351\316\373|\311\263V\300\023\035\211\237\260\300\r\033u3a1\203\303\365\307k\347\006E\344\037@\210\363\010\336T\226\247'\204_{\261\370""1\235\2445\343\033Y!\212\201\341\272\225'\007*$\244&\336\343'\233i\332\374\245 {^\306-N\333\gE\006\347\212\331C\211Z\177\247\031\n\305\247\364\313\215\244F\357<\251\245\214s\253\372\354}@\035\316\027\033)\370\376.\000\021\001.Id\013\202_n)6q\357\2538_-\302\252B\204v\277\254\373\3322Ca\020\243\0105\263\257\367\032\254\016\003""; }; requestCookie: 3; "
1750587323553,1750587323553,0,1,1,2,TMLedgerData,"ledgerHash: ""\264XQl\247\003\354\245\364D\352R\216\206b4,p\2079'\3229\214pa\315o:\200`\214""; ledgerSeq: 20; type: liBASE; nodes {;   nodedata: ""\000\000\000\024\001cEx]\211\377\330\370\361\367\235\210sr\037\032`/X%b\364\000\2261<\024n\271\n\247\213\340ngjzz\321\000\000\000\000\000\000\000\000\000\000\000\000\000\000\000\000\000\000\000\000\000\000\000\000\000\000\000\000\000\000\000\000HGY\230\367Z?\244\377\2727\021\330\340\034x\t\237T\345Q\253\275\024/,\206\330\020\311\022\226/\352\2249/\352\224:\n\000""; }; nodes {;   nodedata: ""h\315\350\215y\203\242]\371\235\232Pt&\325\210eZ\346\237XZ \277\2457n\221\336\253\245\317\002\304\206+8\t]\351\316\373|\311\263V\300\023\035\211\237\260\300\r\033u3a1\203\303\365\307k\347\006E\344\037@\210\363\010\336T\226\247'\204_{\261\370""1\235\2445\343\033Y!\212\201\341\272\225'\007*$\244&\336\343'\233i\332\374\245 {^\306-N\333\gE\006\347\212\331C\211Z\177\247\031\n\305\247\364\313\215\244F\357<\251\245\214s\253\372\354}@\035\316\027\033)\370\376.\000\021\001.Id\013\202_n)6q\357\2538_-\302\252B\204v\277\254\373\3322Ca\020\243\0105\263\257\367\032\254\016\003""; }; requestCookie: 2; ","ledgerHash: ""\264XQl\247\003\354\245\364D\352R\216\206b4,p\2079'\3229\214pa\315o:\200`\214""; ledgerSeq: 20; type: liBASE; nodes {;   nodedata: ""\000\000\000\024\001cEx]\211\377\330\370\361\367\235\210sr\037\032`/X%b\364\000\2261<\024n\271\n\247\213\340ngjzz\321\000\000\000\000\000\000\000\000\000\000\000\000\000\000\000\000\000\000\000\000\000\000\000\000\000\000\000\000\000\000\000\000HGY\230\367Z?\244\377\2727\021\330\340\034x\t\237T\345Q\253\275\024/,\206\330\020\311\022\226/\352\2249/\352\224:\n\000""; }; nodes {;   nodedata: ""h\315\350\215y\203\242]\371\235\232Pt&\325\210eZ\346\237XZ \277\2457n\221\336\253\245\317\002\304\206+8\t]\351\316\373|\311\263V\300\023\035\211\237\260\300\r\033u3a1\203\303\365\307k\347\006E\344\037@\210\363\010\336T\226\247'\204_{\261\370""1\235\2445\343\033Y!\212\201\341\272\225'\007*$\244&\336\343'\233i\332\374\245 {^\306-N\333\gE\006\347\212\331C\211Z\177\247\031\n\305\247\364\313\215\244F\357<\251\245\214s\253\372\354}@\035\316\027\033)\370\376.\000\021\001.Id\013\202_n)6q\357\2538_-\302\252B\204v\277\254\373\3322Ca\020\243\0105\263\257\367\032\254\016\003""; }; requestCookie: 2; "
1750587323555,1750587323555,0,1,1,2,TMLedgerData,"ledgerHash: ""\264XQl\247\003\354\245\364D\352R\216\206b4,p\2079'\3229\214pa\315o:\200`\214""; ledgerSeq: 20; type: liAS_NODE; nodes {;   nodedata: ""\021\000h""\000\000\000\000 \033\000\000\000\023\002\023\302\277\330\356GuH\375\327!\255\371\r\231\262R\256J\034\222\241\355X\265E\241^W\225\304\014\361CX-}\351f\032\255\274\334m\326c\017\014ao[\342\230\003\245\245\3341Hm\326^\017jy\335\261\214.\207\210%\003 \010ML\347\200R\304&\320_\215\226\344\334\033\354\2002\255\216\332\317\255\034\017T\270\242(,&\233\326\374o\306[\235\317>\021e\005s\261\371l\216\017\003\032\017J\217\244W<\241'\332/+\360Bx\036+\210j\237K%\340]\246E\2434\264K\036\030qP\317\315\336\325\007\372\373$P*|\321\342\002\026\n\3215\340\3203\200x\327D\301]5\237\247Yz\3711!L\214\221=\252\002\267\225zg\264\253\271T\346ji\003\235\236Pis\264\375\222|H\344\261g?[g\311\347s\234ae\204\263\365U\334\372D\354\345\276\201f\035\271%#\375\245\314.""\373\330&\3746\354@[\274\202\021\202\373Vi\243\n\325\250\005e\360""m\346'\311@\343\016$L\346\334\360<w\317\351\2337\023\262\336W\254\222\315\335\317oP\221\031g\037\220\357Ft\030n\306\370\n\354\226\365\346\276\322i\233\014\037\027Z\351\022\216@=S\205\334\033\374\234n\r\270\210]\013\203\356\024\366\354\260\007L\324\236aQ\361\020X\372\353 3\347\310*\253\021gT!>\003\325\254,\003\367\204\031\331\255\240\304J\342j\272\270\274\360\307\356\347\200Ywm#\014\233\301\022L\232T\033N\341\232\325\233\227\313\307\302\001\313@D\264\016\334\r\034\035\\276\225\314|\234S*r\007\370x>\305D*\007b\276v\316D!=\355\210\037\325\034/l\242\365\034!w\324\362\3252-\025\351\314\2334,\306Dd\037v\256\345X\002=\033c\255\253\226\014-o\364!\262f\370\222\250\377\220&p\343\245\3604Op\353\317\305?Z\326\257)\2439\250\272\002\370\360\022\220W 062/8s4\204\363\253&I\000m\335\025\336\037\263=\026\236A\324J9\261\341@\353\236\027\243\365\225\347\2315\205\014\356\333\201\232V!\026\010\025{\341\203\016\355Wm\222\t\022+\207\321\343}^\317s\206\320\316\221\322\t\214\257\211\366S\177\277\370\361\367\235\210sr\037\032`/X%b\364\000\2261<\024n\271\n\247\213\340ngjzz\321\264\227\2326\315\307\363\323\325\303\032N\256*\307\327 \235\332\207u\210\271\257\306g\231i*\260\326k\001"";   nodeid: ""\260\000\000\000\000\000\000\000\000\000\000\000\000\000\000\000\000\000\000\000\000\000\000\000\000\000\000\000\000\000\000\000\001""; }; ","ledgerHash: ""\264XQl\247\003\354\245\364D\352R\216\206b4,p\2079'\3229\214pa\315o:\200`\214""; ledgerSeq: 20; type: liAS_NODE; nodes {;   nodedata: ""\021\000h""\000\000\000\000 \033\000\000\000\023\002\023\302\277\330\356GuH\375\327!\255\371\r\231\262R\256J\034\222\241\355X\265E\241^W\225\304\014\361CX-}\351f\032\255\274\334m\326c\017\014ao[\342\230\003\245\245\3341Hm\326^\017jy\335\261\214.\207\210%\003 \010ML\347\200R\304&\320_\215\226\344\334\033\354\2002\255\216\332\317\255\034\017T\270\242(,&\233\326\374o\306[\235\317>\021e\005s\261\371l\216\017\003\032\017J\217\244W<\241'\332/+\360Bx\036+\210j\237K%\340]\246E\2434\264K\036\030qP\317\315\336\325\007\372\373$P*|\321\342\002\026\n\3215\340\3203\200x\327D\301]5\237\247Yz\3711!L\214\221=\252\002\267\225zg\264\253\271T\346ji\003\235\236Pis\264\375\222|H\344\261g?[g\311\347s\234ae\204\263\365U\334\372D\354\345\276\201f\035\271%#\375\245\314.""\373\330&\3746\354@[\274\202\021\202\373Vi\243\n\325\250\005e\360""m\346'\311@\343\016$L\346\334\360<w\317\351\2337\023\262\336W\254\222\315\335\317oP\221\031g\037\220\357Ft\030n\306\370\n\354\226\365\346\276\322i\233\014\037\027Z\351\022\216@=S\205\334\033\374\234n\r\270\210]\013\203\356\024\366\354\260\007L\324\236aQ\361\020X\372\353 3\347\310*\253\021gT!>\003\325\254,\003\367\204\031\331\255\240\304J\342j\272\270\274\360\307\356\347\200Ywm#\014\233\301\022L\232T\033N\341\232\325\233\227\313\307\302\001\313@D\264\016\334\r\034\035\\276\225\314|\234S*r\007\370x>\305D*\007b\276v\316D!=\355\210\037\325\034/l\242\365\034!w\324\362\3252-\025\351\314\2334,\306Dd\037v\256\345X\002=\033c\255\253\226\014-o\364!\262f\370\222\250\377\220&p\343\245\3604Op\353\317\305?Z\326\257)\2439\250\272\002\370\360\022\220W 062/8s4\204\363\253&I\000m\335\025\336\037\263=\026\236A\324J9\261\341@\353\236\027\243\365\225\347\2315\205\014\356\333\201\232V!\026\010\025{\341\203\016\355Wm\222\t\022+\207\321\343}^\317s\206\320\316\221\322\t\214\257\211\366S\177\277\370\361\367\235\210sr\037\032`/X%b\364\000\2261<\024n\271\n\247\213\340ngjzz\321\264\227\2326\315\307\363\323\325\303\032N\256*\307\327 \235\332\207u\210\271\257\306g\231i*\260\326k\001"";   nodeid: ""\260\000\000\000\000\000\000\000\000\000\000\000\000\000\000\000\000\000\000\000\000\000\000\000\000\000\000\000\000\000\000\000\001""; }; "
1750587323556,1750587323556,0,1,0,3,TMLedgerData,"ledgerHash: ""\264XQl\247\003\354\245\364D\352R\216\206b4,p\2079'\3229\214pa\315o:\200`\214""; ledgerSeq: 20; type: liBASE; nodes {;   nodedata: ""\000\000\000\024\001cEx]\211\377\330\370\361\367\235\210sr\037\032`/X%b\364\000\2261<\024n\271\n\247\213\340ngjzz\321\000\000\000\000\000\000\000\000\000\000\000\000\000\000\000\000\000\000\000\000\000\000\000\000\000\000\000\000\000\000\000\000HGY\230\367Z?\244\377\2727\021\330\340\034x\t\237T\345Q\253\275\024/,\206\330\020\311\022\226/\352\2249/\352\224:\n\000""; }; nodes {;   nodedata: ""h\315\350\215y\203\242]\371\235\232Pt&\325\210eZ\346\237XZ \277\2457n\221\336\253\245\317\002\304\206+8\t]\351\316\373|\311\263V\300\023\035\211\237\260\300\r\033u3a1\203\303\365\307k\347\006E\344\037@\210\363\010\336T\226\247'\204_{\261\370""1\235\2445\343\033Y!\212\201\341\272\225'\007*$\244&\336\343'\233i\332\374\245 {^\306-N\333\gE\006\347\212\331C\211Z\177\247\031\n\305\247\364\313\215\244F\357<\251\245\214s\253\372\354}@\035\316\027\033)\370\376.\000\021\001.Id\013\202_n)6q\357\2538_-\302\252B\204v\277\254\373\3322Ca\020\243\0105\263\257\367\032\254\016\003""; }; ","ledgerHash: ""\264XQl\247\003\354\245\364D\352R\216\206b4,p\2079'\3229\214pa\315o:\200`\214""; ledgerSeq: 20; type: liBASE; nodes {;   nodedata: ""\000\000\000\024\001cEx]\211\377\330\370\361\367\235\210sr\037\032`/X%b\364\000\2261<\024n\271\n\247\213\340ngjzz\321\000\000\000\000\000\000\000\000\000\000\000\000\000\000\000\000\000\000\000\000\000\000\000\000\000\000\000\000\000\000\000\000HGY\230\367Z?\244\377\2727\021\330\340\034x\t\237T\345Q\253\275\024/,\206\330\020\311\022\226/\352\2249/\352\224:\n\000""; }; nodes {;   nodedata: ""h\315\350\215y\203\242]\371\235\232Pt&\325\210eZ\346\237XZ \277\2457n\221\336\253\245\317\002\304\206+8\t]\351\316\373|\311\263V\300\023\035\211\237\260\300\r\033u3a1\203\303\365\307k\347\006E\344\037@\210\363\010\336T\226\247'\204_{\261\370""1\235\2445\343\033Y!\212\201\341\272\225'\007*$\244&\336\343'\233i\332\374\245 {^\306-N\333\gE\006\347\212\331C\211Z\177\247\031\n\305\247\364\313\215\244F\357<\251\245\214s\253\372\354}@\035\316\027\033)\370\376.\000\021\001.Id\013\202_n)6q\357\2538_-\302\252B\204v\277\254\373\3322Ca\020\243\0105\263\257\367\032\254\016\003""; }; "
1750587323557,1750587323557,0,1,0,2,TMLedgerData,"ledgerHash: ""\264XQl\247\003\354\245\364D\352R\216\206b4,p\2079'\3229\214pa\315o:\200`\214""; ledgerSeq: 20; type: liBASE; nodes {;   nodedata: ""\000\000\000\024\001cEx]\211\377\330\370\361\367\235\210sr\037\032`/X%b\364\000\2261<\024n\271\n\247\213\340ngjzz\321\000\000\000\000\000\000\000\000\000\000\000\000\000\000\000\000\000\000\000\000\000\000\000\000\000\000\000\000\000\000\000\000HGY\230\367Z?\244\377\2727\021\330\340\034x\t\237T\345Q\253\275\024/,\206\330\020\311\022\226/\352\2249/\352\224:\n\000""; }; nodes {;   nodedata: ""h\315\350\215y\203\242]\371\235\232Pt&\325\210eZ\346\237XZ \277\2457n\221\336\253\245\317\002\304\206+8\t]\351\316\373|\311\263V\300\023\035\211\237\260\300\r\033u3a1\203\303\365\307k\347\006E\344\037@\210\363\010\336T\226\247'\204_{\261\370""1\235\2445\343\033Y!\212\201\341\272\225'\007*$\244&\336\343'\233i\332\374\245 {^\306-N\333\gE\006\347\212\331C\211Z\177\247\031\n\305\247\364\313\215\244F\357<\251\245\214s\253\372\354}@\035\316\027\033)\370\376.\000\021\001.Id\013\202_n)6q\357\2538_-\302\252B\204v\277\254\373\3322Ca\020\243\0105\263\257\367\032\254\016\003""; }; ","ledgerHash: ""\264XQl\247\003\354\245\364D\352R\216\206b4,p\2079'\3229\214pa\315o:\200`\214""; ledgerSeq: 20; type: liBASE; nodes {;   nodedata: ""\000\000\000\024\001cEx]\211\377\330\370\361\367\235\210sr\037\032`/X%b\364\000\2261<\024n\271\n\247\213\340ngjzz\321\000\000\000\000\000\000\000\000\000\000\000\000\000\000\000\000\000\000\000\000\000\000\000\000\000\000\000\000\000\000\000\000HGY\230\367Z?\244\377\2727\021\330\340\034x\t\237T\345Q\253\275\024/,\206\330\020\311\022\226/\352\2249/\352\224:\n\000""; }; nodes {;   nodedata: ""h\315\350\215y\203\242]\371\235\232Pt&\325\210eZ\346\237XZ \277\2457n\221\336\253\245\317\002\304\206+8\t]\351\316\373|\311\263V\300\023\035\211\237\260\300\r\033u3a1\203\303\365\307k\347\006E\344\037@\210\363\010\336T\226\247'\204_{\261\370""1\235\2445\343\033Y!\212\201\341\272\225'\007*$\244&\336\343'\233i\332\374\245 {^\306-N\333\gE\006\347\212\331C\211Z\177\247\031\n\305\247\364\313\215\244F\357<\251\245\214s\253\372\354}@\035\316\027\033)\370\376.\000\021\001.Id\013\202_n)6q\357\2538_-\302\252B\204v\277\254\373\3322Ca\020\243\0105\263\257\367\032\254\016\003""; }; "
1750587323557,1750587323558,0,1,2,0,TMLedgerData,"ledgerHash: ""\264XQl\247\003\354\245\364D\352R\216\206b4,p\2079'\3229\214pa\315o:\200`\214""; ledgerSeq: 20; type: liBASE; nodes {;   nodedata: ""\000\000\000\024\001cEx]\211\377\330\370\361\367\235\210sr\037\032`/X%b\364\000\2261<\024n\271\n\247\213\340ngjzz\321\000\000\000\000\000\000\000\000\000\000\000\000\000\000\000\000\000\000\000\000\000\000\000\000\000\000\000\000\000\000\000\000HGY\230\367Z?\244\377\2727\021\330\340\034x\t\237T\345Q\253\275\024/,\206\330\020\311\022\226/\352\2249/\352\224:\n\000""; }; nodes {;   nodedata: ""h\315\350\215y\203\242]\371\235\232Pt&\325\210eZ\346\237XZ \277\2457n\221\336\253\245\317\002\304\206+8\t]\351\316\373|\311\263V\300\023\035\211\237\260\300\r\033u3a1\203\303\365\307k\347\006E\344\037@\210\363\010\336T\226\247'\204_{\261\370""1\235\2445\343\033Y!\212\201\341\272\225'\007*$\244&\336\343'\233i\332\374\245 {^\306-N\333\gE\006\347\212\331C\211Z\177\247\031\n\305\247\364\313\215\244F\357<\251\245\214s\253\372\354}@\035\316\027\033)\370\376.\000\021\001.Id\013\202_n)6q\357\2538_-\302\252B\204v\277\254\373\3322Ca\020\243\0105\263\257\367\032\254\016\003""; }; ","ledgerHash: ""\264XQl\247\003\354\245\364D\352R\216\206b4,p\2079'\3229\214pa\315o:\200`\214""; ledgerSeq: 20; type: liBASE; nodes {;   nodedata: ""\000\000\000\024\001cEx]\211\377\330\370\361\367\235\210sr\037\032`/X%b\364\000\2261<\024n\271\n\247\213\340ngjzz\321\000\000\000\000\000\000\000\000\000\000\000\000\000\000\000\000\000\000\000\000\000\000\000\000\000\000\000\000\000\000\000\000HGY\230\367Z?\244\377\2727\021\330\340\034x\t\237T\345Q\253\275\024/,\206\330\020\311\022\226/\352\2249/\352\224:\n\000""; }; nodes {;   nodedata: ""h\315\350\215y\203\242]\371\235\232Pt&\325\210eZ\346\237XZ \277\2457n\221\336\253\245\317\002\304\206+8\t]\351\316\373|\311\263V\300\023\035\211\237\260\300\r\033u3a1\203\303\365\307k\347\006E\344\037@\210\363\010\336T\226\247'\204_{\261\370""1\235\2445\343\033Y!\212\201\341\272\225'\007*$\244&\336\343'\233i\332\374\245 {^\306-N\333\gE\006\347\212\331C\211Z\177\247\031\n\305\247\364\313\215\244F\357<\251\245\214s\253\372\354}@\035\316\027\033)\370\376.\000\021\001.Id\013\202_n)6q\357\2538_-\302\252B\204v\277\254\373\3322Ca\020\243\0105\263\257\367\032\254\016\003""; }; "
1750587323594,1750587323594,0,1,1,0,TMLedgerData,"ledgerHash: ""\264XQl\247\003\354\245\364D\352R\216\206b4,p\2079'\3229\214pa\315o:\200`\214""; ledgerSeq: 20; type: liAS_NODE; nodes {;   nodedata: ""\021\000h""\000\000\000\000 \033\000\000\000\023\002\023\302\277\330\356GuH\375\327!\255\371\r\231\262R\256J\034\222\241\355X\265E\241^W\225\304\014\361CX-}\351f\032\255\274\334m\326c\017\014ao[\342\230\003\245\245\3341Hm\326^\017jy\335\261\214.\207\210%\003 \010ML\347\200R\304&\320_\215\226\344\334\033\354\2002\255\216\332\317\255\034\017T\270\242(,&\233\326\374o\306[\235\317>\021e\005s\261\371l\216\017\003\032\017J\217\244W<\241'\332/+\360Bx\036+\210j\237K%\340]\246E\2434\264K\036\030qP\317\315\336\325\007\372\373$P*|\321\342\002\026\n\3215\340\3203\200x\327D\301]5\237\247Yz\3711!L\214\221=\252\002\267\225zg\264\253\271T\346ji\003\235\236Pis\264\375\222|H\344\261g?[g\311\347s\234ae\204\263\365U\334\372D\354\345\276\201f\035\271%#\375\245\314.""\373\330&\3746\354@[\274\202\021\202\373Vi\243\n\325\250\005e\360""m\346'\311@\343\016$L\346\334\360<w\317\351\2337\023\262\336W\254\222\315\335\317oP\221\031g\037\220\357Ft\030n\306\370\n\354\226\365\346\276\322i\233\014\037\027Z\351\022\216@=S\205\334\033\374\234n\r\270\210]\013\203\356\024\366\354\260\007L\324\236aQ\361\020X\372\353 3\347\310*\253\021gT!>\003\325\254,\003\367\204\031\331\255\240\304J\342j\272\270\274\360\307\356\347\200Ywm#\014\233\301\022L\232T\033N\341\232\325\233\227\313\307\302\001\313@D\264\016\334\r\034\035\\276\225\314|\234S*r\007\370x>\305D*\007b\276v\316D!=\355\210\037\325\034/l\242\365\034!w\324\362\3252-\025\351\314\2334,\306Dd\037v\256\345X\002=\033c\255\253\226\014-o\364!\262f\370\222\250\377\220&p\343\245\3604Op\353\317\305?Z\326\257)\2439\250\272\002\370\360\022\220W 062/8s4\204\363\253&I\000m\335\025\336\037\263=\026\236A\324J9\261\341@\353\236\027\243\365\225\347\2315\205\014\356\333\201\232V!\026\010\025{\341\203\016\355Wm\222\t\022+\207\321\343}^\317s\206\320\316\221\322\t\214\257\211\366S\177\277\370\361\367\235\210sr\037\032`/X%b\364\000\2261<\024n\271\n\247\213\340ngjzz\321\264\227\2326\315\307\363\323\325\303\032N\256*\307\327 \235\332\207u\210\271\257\306g\231i*\260\326k\001"";   nodeid: ""\260\000\000\000\000\000\000\000\000\000\000\000\000\000\000\000\000\000\000\000\000\000\000\000\000\000\000\000\000\000\000\000\001""; }; ","ledgerHash: ""\264XQl\247\003\354\245\364D\352R\216\206b4,p\2079'\3229\214pa\315o:\200`\214""; ledgerSeq: 20; type: liAS_NODE; nodes {;   nodedata: ""\021\000h""\000\000\000\000 \033\000\000\000\023\002\023\302\277\330\356GuH\375\327!\255\371\r\231\262R\256J\034\222\241\355X\265E\241^W\225\304\014\361CX-}\351f\032\255\274\334m\326c\017\014ao[\342\230\003\245\245\3341Hm\326^\017jy\335\261\214.\207\210%\003 \010ML\347\200R\304&\320_\215\226\344\334\033\354\2002\255\216\332\317\255\034\017T\270\242(,&\233\326\374o\306[\235\317>\021e\005s\261\371l\216\017\003\032\017J\217\244W<\241'\332/+\360Bx\036+\210j\237K%\340]\246E\2434\264K\036\030qP\317\315\336\325\007\372\373$P*|\321\342\002\026\n\3215\340\3203\200x\327D\301]5\237\247Yz\3711!L\214\221=\252\002\267\225zg\264\253\271T\346ji\003\235\236Pis\264\375\222|H\344\261g?[g\311\347s\234ae\204\263\365U\334\372D\354\345\276\201f\035\271%#\375\245\314.""\373\330&\3746\354@[\274\202\021\202\373Vi\243\n\325\250\005e\360""m\346'\311@\343\016$L\346\334\360<w\317\351\2337\023\262\336W\254\222\315\335\317oP\221\031g\037\220\357Ft\030n\306\370\n\354\226\365\346\276\322i\233\014\037\027Z\351\022\216@=S\205\334\033\374\234n\r\270\210]\013\203\356\024\366\354\260\007L\324\236aQ\361\020X\372\353 3\347\310*\253\021gT!>\003\325\254,\003\367\204\031\331\255\240\304J\342j\272\270\274\360\307\356\347\200Ywm#\014\233\301\022L\232T\033N\341\232\325\233\227\313\307\302\001\313@D\264\016\334\r\034\035\\276\225\314|\234S*r\007\370x>\305D*\007b\276v\316D!=\355\210\037\325\034/l\242\365\034!w\324\362\3252-\025\351\314\2334,\306Dd\037v\256\345X\002=\033c\255\253\226\014-o\364!\262f\370\222\250\377\220&p\343\245\3604Op\353\317\305?Z\326\257)\2439\250\272\002\370\360\022\220W 062/8s4\204\363\253&I\000m\335\025\336\037\263=\026\236A\324J9\261\341@\353\236\027\243\365\225\347\2315\205\014\356\333\201\232V!\026\010\025{\341\203\016\355Wm\222\t\022+\207\321\343}^\317s\206\320\316\221\322\t\214\257\211\366S\177\277\370\361\367\235\210sr\037\032`/X%b\364\000\2261<\024n\271\n\247\213\340ngjzz\321\264\227\2326\315\307\363\323\325\303\032N\256*\307\327 \235\332\207u\210\271\257\306g\231i*\260\326k\001"";   nodeid: ""\260\000\000\000\000\000\000\000\000\000\000\000\000\000\000\000\000\000\000\000\000\000\000\000\000\000\000\000\000\000\000\000\001""; }; "
1750587323890,1750587323890,0,1,3,4,TMStatusChange,"newEvent: neACCEPTED_LEDGER; ledgerSeq: 20; ledgerHash: ""\264XQl\247\003\354\245\364D\352R\216\206b4,p\2079'\3229\214pa\315o:\200`\214""; ledgerHashPrevious: ""\370\361\367\235\210sr\037\032`/X%b\364\000\2261<\024n\271\n\247\213\340ngjzz\321""; networkTime: 803902523; firstSeq: 9; lastSeq: 19; ","newEvent: neACCEPTED_LEDGER; ledgerSeq: 20; ledgerHash: ""\264XQl\247\003\354\245\364D\352R\216\206b4,p\2079'\3229\214pa\315o:\200`\214""; ledgerHashPrevious: ""\370\361\367\235\210sr\037\032`/X%b\364\000\2261<\024n\271\n\247\213\340ngjzz\321""; networkTime: 803902523; firstSeq: 9; lastSeq: 19; "
1750587323892,1750587323892,0,1,3,2,TMStatusChange,"newEvent: neACCEPTED_LEDGER; ledgerSeq: 20; ledgerHash: ""\264XQl\247\003\354\245\364D\352R\216\206b4,p\2079'\3229\214pa\315o:\200`\214""; ledgerHashPrevious: ""\370\361\367\235\210sr\037\032`/X%b\364\000\2261<\024n\271\n\247\213\340ngjzz\321""; networkTime: 803902523; firstSeq: 9; lastSeq: 19; ","newEvent: neACCEPTED_LEDGER; ledgerSeq: 20; ledgerHash: ""\264XQl\247\003\354\245\364D\352R\216\206b4,p\2079'\3229\214pa\315o:\200`\214""; ledgerHashPrevious: ""\370\361\367\235\210sr\037\032`/X%b\364\000\2261<\024n\271\n\247\213\340ngjzz\321""; networkTime: 803902523; firstSeq: 9; lastSeq: 19; "
1750587323891,1750587323891,0,1,3,0,TMStatusChange,"newEvent: neACCEPTED_LEDGER; ledgerSeq: 20; ledgerHash: ""\264XQl\247\003\354\245\364D\352R\216\206b4,p\2079'\3229\214pa\315o:\200`\214""; ledgerHashPrevious: ""\370\361\367\235\210sr\037\032`/X%b\364\000\2261<\024n\271\n\247\213\340ngjzz\321""; networkTime: 803902523; firstSeq: 9; lastSeq: 19; ","newEvent: neACCEPTED_LEDGER; ledgerSeq: 20; ledgerHash: ""\264XQl\247\003\354\245\364D\352R\216\206b4,p\2079'\3229\214pa\315o:\200`\214""; ledgerHashPrevious: ""\370\361\367\235\210sr\037\032`/X%b\364\000\2261<\024n\271\n\247\213\340ngjzz\321""; networkTime: 803902523; firstSeq: 9; lastSeq: 19; "
1750587323891,1750587323891,0,1,3,1,TMStatusChange,"newEvent: neACCEPTED_LEDGER; ledgerSeq: 20; ledgerHash: ""\264XQl\247\003\354\245\364D\352R\216\206b4,p\2079'\3229\214pa\315o:\200`\214""; ledgerHashPrevious: ""\370\361\367\235\210sr\037\032`/X%b\364\000\2261<\024n\271\n\247\213\340ngjzz\321""; networkTime: 803902523; firstSeq: 9; lastSeq: 19; ","newEvent: neACCEPTED_LEDGER; ledgerSeq: 20; ledgerHash: ""\264XQl\247\003\354\245\364D\352R\216\206b4,p\2079'\3229\214pa\315o:\200`\214""; ledgerHashPrevious: ""\370\361\367\235\210sr\037\032`/X%b\364\000\2261<\024n\271\n\247\213\340ngjzz\321""; networkTime: 803902523; firstSeq: 9; lastSeq: 19; "
1750587323934,1750587323934,0,1,3,4,TMValidation,"validation: """"\200\000\000\001&\000\000\000\024)/\352\224;:\211l\014`\252m\212dQ\264XQl\247\003\354\245\364D\352R\216\206b4,p\2079'\3229\214pa\315o:\200`\214P\027\000\000\000\000\000\000\000\000\000\000\000\000\000\000\000\000\000\000\000\000\000\000\000\000\000\000\000\000\000\000\000\000P\031\370\361\367\235\210sr\037\032`/X%b\364\000\2261<\024n\271\n\247\213\340ngjzz\321s!\003\325Q\255\224\274R@\312\253\262\347\352\034\346\347\242\215,\312\376=\277\353{\350\225\301\305`^, vG0E\002!\000\247\310\t: \360\240\224\344\352\313\005g\246\252K\355\344\270\344\231Ifp\244\212d\272*\370\213y\002 Hu\r\352\344\207[e\030)&\351c\214""\310\347\313\302\267i\n\247\260\266\362tv\355\375J\313""; ","validation: """"\200\000\000\001&\000\000\000\024)/\352\224;:\211l\014`\252m\212dQ\264XQl\247\003\354\245\364D\352R\216\206b4,p\2079'\3229\214pa\315o:\200`\214P\027\000\000\000\000\000\000\000\000\000\000\000\000\000\000\000\000\000\000\000\000\000\000\000\000\000\000\000\000\000\000\000\000P\031\370\361\367\235\210sr\037\032`/X%b\364\000\2261<\024n\271\n\247\213\340ngjzz\321s!\003\325Q\255\224\274R@\312\253\262\347\352\034\346\347\242\215,\312\376=\277\353{\350\225\301\305`^, vG0E\002!\000\247\310\t: \360\240\224\344\352\313\005g\246\252K\355\344\270\344\231Ifp\244\212d\272*\370\213y\002 Hu\r\352\344\207[e\030)&\351c\214""\310\347\313\302\267i\n\247\260\266\362tv\355\375J\313""; "
1750587323935,1750587323935,0,1,3,0,TMValidation,"validation: """"\200\000\000\001&\000\000\000\024)/\352\224;:\211l\014`\252m\212dQ\264XQl\247\003\354\245\364D\352R\216\206b4,p\2079'\3229\214pa\315o:\200`\214P\027\000\000\000\000\000\000\000\000\000\000\000\000\000\000\000\000\000\000\000\000\000\000\000\000\000\000\000\000\000\000\000\000P\031\370\361\367\235\210sr\037\032`/X%b\364\000\2261<\024n\271\n\247\213\340ngjzz\321s!\003\325Q\255\224\274R@\312\253\262\347\352\034\346\347\242\215,\312\376=\277\353{\350\225\301\305`^, vG0E\002!\000\247\310\t: \360\240\224\344\352\313\005g\246\252K\355\344\270\344\231Ifp\244\212d\272*\370\213y\002 Hu\r\352\344\207[e\030)&\351c\214""\310\347\313\302\267i\n\247\260\266\362tv\355\375J\313""; ","validation: """"\200\000\000\001&\000\000\000\024)/\352\224;:\211l\014`\252m\212dQ\264XQl\247\003\354\245\364D\352R\216\206b4,p\2079'\3229\214pa\315o:\200`\214P\027\000\000\000\000\000\000\000\000\000\000\000\000\000\000\000\000\000\000\000\000\000\000\000\000\000\000\000\000\000\000\000\000P\031\370\361\367\235\210sr\037\032`/X%b\364\000\2261<\024n\271\n\247\213\340ngjzz\321s!\003\325Q\255\224\274R@\312\253\262\347\352\034\346\347\242\215,\312\376=\277\353{\350\225\301\305`^, vG0E\002!\000\247\310\t: \360\240\224\344\352\313\005g\246\252K\355\344\270\344\231Ifp\244\212d\272*\370\213y\002 Hu\r\352\344\207[e\030)&\351c\214""\310\347\313\302\267i\n\247\260\266\362tv\355\375J\313""; "
1750587323935,1750587323935,0,1,3,1,TMValidation,"validation: """"\200\000\000\001&\000\000\000\024)/\352\224;:\211l\014`\252m\212dQ\264XQl\247\003\354\245\364D\352R\216\206b4,p\2079'\3229\214pa\315o:\200`\214P\027\000\000\000\000\000\000\000\000\000\000\000\000\000\000\000\000\000\000\000\000\000\000\000\000\000\000\000\000\000\000\000\000P\031\370\361\367\235\210sr\037\032`/X%b\364\000\2261<\024n\271\n\247\213\340ngjzz\321s!\003\325Q\255\224\274R@\312\253\262\347\352\034\346\347\242\215,\312\376=\277\353{\350\225\301\305`^, vG0E\002!\000\247\310\t: \360\240\224\344\352\313\005g\246\252K\355\344\270\344\231Ifp\244\212d\272*\370\213y\002 Hu\r\352\344\207[e\030)&\351c\214""\310\347\313\302\267i\n\247\260\266\362tv\355\375J\313""; ","validation: """"\200\000\000\001&\000\000\000\024)/\352\224;:\211l\014`\252m\212dQ\264XQl\247\003\354\245\364D\352R\216\206b4,p\2079'\3229\214pa\315o:\200`\214P\027\000\000\000\000\000\000\000\000\000\000\000\000\000\000\000\000\000\000\000\000\000\000\000\000\000\000\000\000\000\000\000\000P\031\370\361\367\235\210sr\037\032`/X%b\364\000\2261<\024n\271\n\247\213\340ngjzz\321s!\003\325Q\255\224\274R@\312\253\262\347\352\034\346\347\242\215,\312\376=\277\353{\350\225\301\305`^, vG0E\002!\000\247\310\t: \360\240\224\344\352\313\005g\246\252K\355\344\270\344\231Ifp\244\212d\272*\370\213y\002 Hu\r\352\344\207[e\030)&\351c\214""\310\347\313\302\267i\n\247\260\266\362tv\355\375J\313""; "
1750587323936,1750587323936,0,1,3,2,TMValidation,"validation: """"\200\000\000\001&\000\000\000\024)/\352\224;:\211l\014`\252m\212dQ\264XQl\247\003\354\245\364D\352R\216\206b4,p\2079'\3229\214pa\315o:\200`\214P\027\000\000\000\000\000\000\000\000\000\000\000\000\000\000\000\000\000\000\000\000\000\000\000\000\000\000\000\000\000\000\000\000P\031\370\361\367\235\210sr\037\032`/X%b\364\000\2261<\024n\271\n\247\213\340ngjzz\321s!\003\325Q\255\224\274R@\312\253\262\347\352\034\346\347\242\215,\312\376=\277\353{\350\225\301\305`^, vG0E\002!\000\247\310\t: \360\240\224\344\352\313\005g\246\252K\355\344\270\344\231Ifp\244\212d\272*\370\213y\002 Hu\r\352\344\207[e\030)&\351c\214""\310\347\313\302\267i\n\247\260\266\362tv\355\375J\313""; ","validation: """"\200\000\000\001&\000\000\000\024)/\352\224;:\211l\014`\252m\212dQ\264XQl\247\003\354\245\364D\352R\216\206b4,p\2079'\3229\214pa\315o:\200`\214P\027\000\000\000\000\000\000\000\000\000\000\000\000\000\000\000\000\000\000\000\000\000\000\000\000\000\000\000\000\000\000\000\000P\031\370\361\367\235\210sr\037\032`/X%b\364\000\2261<\024n\271\n\247\213\340ngjzz\321s!\003\325Q\255\224\274R@\312\253\262\347\352\034\346\347\242\215,\312\376=\277\353{\350\225\301\305`^, vG0E\002!\000\247\310\t: \360\240\224\344\352\313\005g\246\252K\355\344\270\344\231Ifp\244\212d\272*\370\213y\002 Hu\r\352\344\207[e\030)&\351c\214""\310\347\313\302\267i\n\247\260\266\362tv\355\375J\313""; "
1750587323937,1750587323937,0,1,4,2,TMValidation,"validation: """"\200\000\000\001&\000\000\000\024)/\352\224;:\211l\014`\252m\212dQ\264XQl\247\003\354\245\364D\352R\216\206b4,p\2079'\3229\214pa\315o:\200`\214P\027\000\000\000\000\000\000\000\000\000\000\000\000\000\000\000\000\000\000\000\000\000\000\000\000\000\000\000\000\000\000\000\000P\031\370\361\367\235\210sr\037\032`/X%b\364\000\2261<\024n\271\n\247\213\340ngjzz\321s!\003\325Q\255\224\274R@\312\253\262\347\352\034\346\347\242\215,\312\376=\277\353{\350\225\301\305`^, vG0E\002!\000\247\310\t: \360\240\224\344\352\313\005g\246\252K\355\344\270\344\231Ifp\244\212d\272*\370\213y\002 Hu\r\352\344\207[e\030)&\351c\214""\310\347\313\302\267i\n\247\260\266\362tv\355\375J\313""; ","validation: """"\200\000\000\001&\000\000\000\024)/\352\224;:\211l\014`\252m\212dQ\264XQl\247\003\354\245\364D\352R\216\206b4,p\2079'\3229\214pa\315o:\200`\214P\027\000\000\000\000\000\000\000\000\000\000\000\000\000\000\000\000\000\000\000\000\000\000\000\000\000\000\000\000\000\000\000\000P\031\370\361\367\235\210sr\037\032`/X%b\364\000\2261<\024n\271\n\247\213\340ngjzz\321s!\003\325Q\255\224\274R@\312\253\262\347\352\034\346\347\242\215,\312\376=\277\353{\350\225\301\305`^, vG0E\002!\000\247\310\t: \360\240\224\344\352\313\005g\246\252K\355\344\270\344\231Ifp\244\212d\272*\370\213y\002 Hu\r\352\344\207[e\030)&\351c\214""\310\347\313\302\267i\n\247\260\266\362tv\355\375J\313""; "
1750587323937,1750587323937,0,1,4,1,TMValidation,"validation: """"\200\000\000\001&\000\000\000\024)/\352\224;:\211l\014`\252m\212dQ\264XQl\247\003\354\245\364D\352R\216\206b4,p\2079'\3229\214pa\315o:\200`\214P\027\000\000\000\000\000\000\000\000\000\000\000\000\000\000\000\000\000\000\000\000\000\000\000\000\000\000\000\000\000\000\000\000P\031\370\361\367\235\210sr\037\032`/X%b\364\000\2261<\024n\271\n\247\213\340ngjzz\321s!\003\325Q\255\224\274R@\312\253\262\347\352\034\346\347\242\215,\312\376=\277\353{\350\225\301\305`^, vG0E\002!\000\247\310\t: \360\240\224\344\352\313\005g\246\252K\355\344\270\344\231Ifp\244\212d\272*\370\213y\002 Hu\r\352\344\207[e\030)&\351c\214""\310\347\313\302\267i\n\247\260\266\362tv\355\375J\313""; ","validation: """"\200\000\000\001&\000\000\000\024)/\352\224;:\211l\014`\252m\212dQ\264XQl\247\003\354\245\364D\352R\216\206b4,p\2079'\3229\214pa\315o:\200`\214P\027\000\000\000\000\000\000\000\000\000\000\000\000\000\000\000\000\000\000\000\000\000\000\000\000\000\000\000\000\000\000\000\000P\031\370\361\367\235\210sr\037\032`/X%b\364\000\2261<\024n\271\n\247\213\340ngjzz\321s!\003\325Q\255\224\274R@\312\253\262\347\352\034\346\347\242\215,\312\376=\277\353{\350\225\301\305`^, vG0E\002!\000\247\310\t: \360\240\224\344\352\313\005g\246\252K\355\344\270\344\231Ifp\244\212d\272*\370\213y\002 Hu\r\352\344\207[e\030)&\351c\214""\310\347\313\302\267i\n\247\260\266\362tv\355\375J\313""; "
1750587323937,1750587323937,0,1,4,0,TMValidation,"validation: """"\200\000\000\001&\000\000\000\024)/\352\224;:\211l\014`\252m\212dQ\264XQl\247\003\354\245\364D\352R\216\206b4,p\2079'\3229\214pa\315o:\200`\214P\027\000\000\000\000\000\000\000\000\000\000\000\000\000\000\000\000\000\000\000\000\000\000\000\000\000\000\000\000\000\000\000\000P\031\370\361\367\235\210sr\037\032`/X%b\364\000\2261<\024n\271\n\247\213\340ngjzz\321s!\003\325Q\255\224\274R@\312\253\262\347\352\034\346\347\242\215,\312\376=\277\353{\350\225\301\305`^, vG0E\002!\000\247\310\t: \360\240\224\344\352\313\005g\246\252K\355\344\270\344\231Ifp\244\212d\272*\370\213y\002 Hu\r\352\344\207[e\030)&\351c\214""\310\347\313\302\267i\n\247\260\266\362tv\355\375J\313""; ","validation: """"\200\000\000\001&\000\000\000\024)/\352\224;:\211l\014`\252m\212dQ\264XQl\247\003\354\245\364D\352R\216\206b4,p\2079'\3229\214pa\315o:\200`\214P\027\000\000\000\000\000\000\000\000\000\000\000\000\000\000\000\000\000\000\000\000\000\000\000\000\000\000\000\000\000\000\000\000P\031\370\361\367\235\210sr\037\032`/X%b\364\000\2261<\024n\271\n\247\213\340ngjzz\321s!\003\325Q\255\224\274R@\312\253\262\347\352\034\346\347\242\215,\312\376=\277\353{\350\225\301\305`^, vG0E\002!\000\247\310\t: \360\240\224\344\352\313\005g\246\252K\355\344\270\344\231Ifp\244\212d\272*\370\213y\002 Hu\r\352\344\207[e\030)&\351c\214""\310\347\313\302\267i\n\247\260\266\362tv\355\375J\313""; "
1750587323938,1750587323938,0,1,0,4,TMValidation,"validation: """"\200\000\000\001&\000\000\000\024)/\352\224;:\211l\014`\252m\212dQ\264XQl\247\003\354\245\364D\352R\216\206b4,p\2079'\3229\214pa\315o:\200`\214P\027\000\000\000\000\000\000\000\000\000\000\000\000\000\000\000\000\000\000\000\000\000\000\000\000\000\000\000\000\000\000\000\000P\031\370\361\367\235\210sr\037\032`/X%b\364\000\2261<\024n\271\n\247\213\340ngjzz\321s!\003\325Q\255\224\274R@\312\253\262\347\352\034\346\347\242\215,\312\376=\277\353{\350\225\301\305`^, vG0E\002!\000\247\310\t: \360\240\224\344\352\313\005g\246\252K\355\344\270\344\231Ifp\244\212d\272*\370\213y\002 Hu\r\352\344\207[e\030)&\351c\214""\310\347\313\302\267i\n\247\260\266\362tv\355\375J\313""; ","validation: """"\200\000\000\001&\000\000\000\024)/\352\224;:\211l\014`\252m\212dQ\264XQl\247\003\354\245\364D\352R\216\206b4,p\2079'\3229\214pa\315o:\200`\214P\027\000\000\000\000\000\000\000\000\000\000\000\000\000\000\000\000\000\000\000\000\000\000\000\000\000\000\000\000\000\000\000\000P\031\370\361\367\235\210sr\037\032`/X%b\364\000\2261<\024n\271\n\247\213\340ngjzz\321s!\003\325Q\255\224\274R@\312\253\262\347\352\034\346\347\242\215,\312\376=\277\353{\350\225\301\305`^, vG0E\002!\000\247\310\t: \360\240\224\344\352\313\005g\246\252K\355\344\270\344\231Ifp\244\212d\272*\370\213y\002 Hu\r\352\344\207[e\030)&\351c\214""\310\347\313\302\267i\n\247\260\266\362tv\355\375J\313""; "
1750587323938,1750587323938,0,1,0,2,TMValidation,"validation: """"\200\000\000\001&\000\000\000\024)/\352\224;:\211l\014`\252m\212dQ\264XQl\247\003\354\245\364D\352R\216\206b4,p\2079'\3229\214pa\315o:\200`\214P\027\000\000\000\000\000\000\000\000\000\000\000\000\000\000\000\000\000\000\000\000\000\000\000\000\000\000\000\000\000\000\000\000P\031\370\361\367\235\210sr\037\032`/X%b\364\000\2261<\024n\271\n\247\213\340ngjzz\321s!\003\325Q\255\224\274R@\312\253\262\347\352\034\346\347\242\215,\312\376=\277\353{\350\225\301\305`^, vG0E\002!\000\247\310\t: \360\240\224\344\352\313\005g\246\252K\355\344\270\344\231Ifp\244\212d\272*\370\213y\002 Hu\r\352\344\207[e\030)&\351c\214""\310\347\313\302\267i\n\247\260\266\362tv\355\375J\313""; ","validation: """"\200\000\000\001&\000\000\000\024)/\352\224;:\211l\014`\252m\212dQ\264XQl\247\003\354\245\364D\352R\216\206b4,p\2079'\3229\214pa\315o:\200`\214P\027\000\000\000\000\000\000\000\000\000\000\000\000\000\000\000\000\000\000\000\000\000\000\000\000\000\000\000\000\000\000\000\000P\031\370\361\367\235\210sr\037\032`/X%b\364\000\2261<\024n\271\n\247\213\340ngjzz\321s!\003\325Q\255\224\274R@\312\253\262\347\352\034\346\347\242\215,\312\376=\277\353{\350\225\301\305`^, vG0E\002!\000\247\310\t: \360\240\224\344\352\313\005g\246\252K\355\344\270\344\231Ifp\244\212d\272*\370\213y\002 Hu\r\352\344\207[e\030)&\351c\214""\310\347\313\302\267i\n\247\260\266\362tv\355\375J\313""; "
1750587323939,1750587323939,0,1,1,4,TMValidation,"validation: """"\200\000\000\001&\000\000\000\024)/\352\224;:\211l\014`\252m\212dQ\264XQl\247\003\354\245\364D\352R\216\206b4,p\2079'\3229\214pa\315o:\200`\214P\027\000\000\000\000\000\000\000\000\000\000\000\000\000\000\000\000\000\000\000\000\000\000\000\000\000\000\000\000\000\000\000\000P\031\370\361\367\235\210sr\037\032`/X%b\364\000\2261<\024n\271\n\247\213\340ngjzz\321s!\003\325Q\255\224\274R@\312\253\262\347\352\034\346\347\242\215,\312\376=\277\353{\350\225\301\305`^, vG0E\002!\000\247\310\t: \360\240\224\344\352\313\005g\246\252K\355\344\270\344\231Ifp\244\212d\272*\370\213y\002 Hu\r\352\344\207[e\030)&\351c\214""\310\347\313\302\267i\n\247\260\266\362tv\355\375J\313""; ","validation: """"\200\000\000\001&\000\000\000\024)/\352\224;:\211l\014`\252m\212dQ\264XQl\247\003\354\245\364D\352R\216\206b4,p\2079'\3229\214pa\315o:\200`\214P\027\000\000\000\000\000\000\000\000\000\000\000\000\000\000\000\000\000\000\000\000\000\000\000\000\000\000\000\000\000\000\000\000P\031\370\361\367\235\210sr\037\032`/X%b\364\000\2261<\024n\271\n\247\213\340ngjzz\321s!\003\325Q\255\224\274R@\312\253\262\347\352\034\346\347\242\215,\312\376=\277\353{\350\225\301\305`^, vG0E\002!\000\247\310\t: \360\240\224\344\352\313\005g\246\252K\355\344\270\344\231Ifp\244\212d\272*\370\213y\002 Hu\r\352\344\207[e\030)&\351c\214""\310\347\313\302\267i\n\247\260\266\362tv\355\375J\313""; "
1750587323939,1750587323940,0,1,1,0,TMValidation,"validation: """"\200\000\000\001&\000\000\000\024)/\352\224;:\211l\014`\252m\212dQ\264XQl\247\003\354\245\364D\352R\216\206b4,p\2079'\3229\214pa\315o:\200`\214P\027\000\000\000\000\000\000\000\000\000\000\000\000\000\000\000\000\000\000\000\000\000\000\000\000\000\000\000\000\000\000\000\000P\031\370\361\367\235\210sr\037\032`/X%b\364\000\2261<\024n\271\n\247\213\340ngjzz\321s!\003\325Q\255\224\274R@\312\253\262\347\352\034\346\347\242\215,\312\376=\277\353{\350\225\301\305`^, vG0E\002!\000\247\310\t: \360\240\224\344\352\313\005g\246\252K\355\344\270\344\231Ifp\244\212d\272*\370\213y\002 Hu\r\352\344\207[e\030)&\351c\214""\310\347\313\302\267i\n\247\260\266\362tv\355\375J\313""; ","validation: """"\200\000\000\001&\000\000\000\024)/\352\224;:\211l\014`\252m\212dQ\264XQl\247\003\354\245\364D\352R\216\206b4,p\2079'\3229\214pa\315o:\200`\214P\027\000\000\000\000\000\000\000\000\000\000\000\000\000\000\000\000\000\000\000\000\000\000\000\000\000\000\000\000\000\000\000\000P\031\370\361\367\235\210sr\037\032`/X%b\364\000\2261<\024n\271\n\247\213\340ngjzz\321s!\003\325Q\255\224\274R@\312\253\262\347\352\034\346\347\242\215,\312\376=\277\353{\350\225\301\305`^, vG0E\002!\000\247\310\t: \360\240\224\344\352\313\005g\246\252K\355\344\270\344\231Ifp\244\212d\272*\370\213y\002 Hu\r\352\344\207[e\030)&\351c\214""\310\347\313\302\267i\n\247\260\266\362tv\355\375J\313""; "
1750587323940,1750587323940,0,1,0,1,TMValidation,"validation: """"\200\000\000\001&\000\000\000\024)/\352\224;:\211l\014`\252m\212dQ\264XQl\247\003\354\245\364D\352R\216\206b4,p\2079'\3229\214pa\315o:\200`\214P\027\000\000\000\000\000\000\000\000\000\000\000\000\000\000\000\000\000\000\000\000\000\000\000\000\000\000\000\000\000\000\000\000P\031\370\361\367\235\210sr\037\032`/X%b\364\000\2261<\024n\271\n\247\213\340ngjzz\321s!\003\325Q\255\224\274R@\312\253\262\347\352\034\346\347\242\215,\312\376=\277\353{\350\225\301\305`^, vG0E\002!\000\247\310\t: \360\240\224\344\352\313\005g\246\252K\355\344\270\344\231Ifp\244\212d\272*\370\213y\002 Hu\r\352\344\207[e\030)&\351c\214""\310\347\313\302\267i\n\247\260\266\362tv\355\375J\313""; ","validation: """"\200\000\000\001&\000\000\000\024)/\352\224;:\211l\014`\252m\212dQ\264XQl\247\003\354\245\364D\352R\216\206b4,p\2079'\3229\214pa\315o:\200`\214P\027\000\000\000\000\000\000\000\000\000\000\000\000\000\000\000\000\000\000\000\000\000\000\000\000\000\000\000\000\000\000\000\000P\031\370\361\367\235\210sr\037\032`/X%b\364\000\2261<\024n\271\n\247\213\340ngjzz\321s!\003\325Q\255\224\274R@\312\253\262\347\352\034\346\347\242\215,\312\376=\277\353{\350\225\301\305`^, vG0E\002!\000\247\310\t: \360\240\224\344\352\313\005g\246\252K\355\344\270\344\231Ifp\244\212d\272*\370\213y\002 Hu\r\352\344\207[e\030)&\351c\214""\310\347\313\302\267i\n\247\260\266\362tv\355\375J\313""; "
1750587323940,1750587323940,0,1,1,2,TMValidation,"validation: """"\200\000\000\001&\000\000\000\024)/\352\224;:\211l\014`\252m\212dQ\264XQl\247\003\354\245\364D\352R\216\206b4,p\2079'\3229\214pa\315o:\200`\214P\027\000\000\000\000\000\000\000\000\000\000\000\000\000\000\000\000\000\000\000\000\000\000\000\000\000\000\000\000\000\000\000\000P\031\370\361\367\235\210sr\037\032`/X%b\364\000\2261<\024n\271\n\247\213\340ngjzz\321s!\003\325Q\255\224\274R@\312\253\262\347\352\034\346\347\242\215,\312\376=\277\353{\350\225\301\305`^, vG0E\002!\000\247\310\t: \360\240\224\344\352\313\005g\246\252K\355\344\270\344\231Ifp\244\212d\272*\370\213y\002 Hu\r\352\344\207[e\030)&\351c\214""\310\347\313\302\267i\n\247\260\266\362tv\355\375J\313""; ","validation: """"\200\000\000\001&\000\000\000\024)/\352\224;:\211l\014`\252m\212dQ\264XQl\247\003\354\245\364D\352R\216\206b4,p\2079'\3229\214pa\315o:\200`\214P\027\000\000\000\000\000\000\000\000\000\000\000\000\000\000\000\000\000\000\000\000\000\000\000\000\000\000\000\000\000\000\000\000P\031\370\361\367\235\210sr\037\032`/X%b\364\000\2261<\024n\271\n\247\213\340ngjzz\321s!\003\325Q\255\224\274R@\312\253\262\347\352\034\346\347\242\215,\312\376=\277\353{\350\225\301\305`^, vG0E\002!\000\247\310\t: \360\240\224\344\352\313\005g\246\252K\355\344\270\344\231Ifp\244\212d\272*\370\213y\002 Hu\r\352\344\207[e\030)&\351c\214""\310\347\313\302\267i\n\247\260\266\362tv\355\375J\313""; "
1750587323940,1750587323940,0,1,2,4,TMValidation,"validation: """"\200\000\000\001&\000\000\000\024)/\352\224;:\211l\014`\252m\212dQ\264XQl\247\003\354\245\364D\352R\216\206b4,p\2079'\3229\214pa\315o:\200`\214P\027\000\000\000\000\000\000\000\000\000\000\000\000\000\000\000\000\000\000\000\000\000\000\000\000\000\000\000\000\000\000\000\000P\031\370\361\367\235\210sr\037\032`/X%b\364\000\2261<\024n\271\n\247\213\340ngjzz\321s!\003\325Q\255\224\274R@\312\253\262\347\352\034\346\347\242\215,\312\376=\277\353{\350\225\301\305`^, vG0E\002!\000\247\310\t: \360\240\224\344\352\313\005g\246\252K\355\344\270\344\231Ifp\244\212d\272*\370\213y\002 Hu\r\352\344\207[e\030)&\351c\214""\310\347\313\302\267i\n\247\260\266\362tv\355\375J\313""; ","validation: """"\200\000\000\001&\000\000\000\024)/\352\224;:\211l\014`\252m\212dQ\264XQl\247\003\354\245\364D\352R\216\206b4,p\2079'\3229\214pa\315o:\200`\214P\027\000\000\000\000\000\000\000\000\000\000\000\000\000\000\000\000\000\000\000\000\000\000\000\000\000\000\000\000\000\000\000\000P\031\370\361\367\235\210sr\037\032`/X%b\364\000\2261<\024n\271\n\247\213\340ngjzz\321s!\003\325Q\255\224\274R@\312\253\262\347\352\034\346\347\242\215,\312\376=\277\353{\350\225\301\305`^, vG0E\002!\000\247\310\t: \360\240\224\344\352\313\005g\246\252K\355\344\270\344\231Ifp\244\212d\272*\370\213y\002 Hu\r\352\344\207[e\030)&\351c\214""\310\347\313\302\267i\n\247\260\266\362tv\355\375J\313""; "
1750587323940,1750587323940,0,1,2,1,TMValidation,"validation: """"\200\000\000\001&\000\000\000\024)/\352\224;:\211l\014`\252m\212dQ\264XQl\247\003\354\245\364D\352R\216\206b4,p\2079'\3229\214pa\315o:\200`\214P\027\000\000\000\000\000\000\000\000\000\000\000\000\000\000\000\000\000\000\000\000\000\000\000\000\000\000\000\000\000\000\000\000P\031\370\361\367\235\210sr\037\032`/X%b\364\000\2261<\024n\271\n\247\213\340ngjzz\321s!\003\325Q\255\224\274R@\312\253\262\347\352\034\346\347\242\215,\312\376=\277\353{\350\225\301\305`^, vG0E\002!\000\247\310\t: \360\240\224\344\352\313\005g\246\252K\355\344\270\344\231Ifp\244\212d\272*\370\213y\002 Hu\r\352\344\207[e\030)&\351c\214""\310\347\313\302\267i\n\247\260\266\362tv\355\375J\313""; ","validation: """"\200\000\000\001&\000\000\000\024)/\352\224;:\211l\014`\252m\212dQ\264XQl\247\003\354\245\364D\352R\216\206b4,p\2079'\3229\214pa\315o:\200`\214P\027\000\000\000\000\000\000\000\000\000\000\000\000\000\000\000\000\000\000\000\000\000\000\000\000\000\000\000\000\000\000\000\000P\031\370\361\367\235\210sr\037\032`/X%b\364\000\2261<\024n\271\n\247\213\340ngjzz\321s!\003\325Q\255\224\274R@\312\253\262\347\352\034\346\347\242\215,\312\376=\277\353{\350\225\301\305`^, vG0E\002!\000\247\310\t: \360\240\224\344\352\313\005g\246\252K\355\344\270\344\231Ifp\244\212d\272*\370\213y\002 Hu\r\352\344\207[e\030)&\351c\214""\310\347\313\302\267i\n\247\260\266\362tv\355\375J\313""; "
1750587323941,1750587323941,0,1,2,0,TMValidation,"validation: """"\200\000\000\001&\000\000\000\024)/\352\224;:\211l\014`\252m\212dQ\264XQl\247\003\354\245\364D\352R\216\206b4,p\2079'\3229\214pa\315o:\200`\214P\027\000\000\000\000\000\000\000\000\000\000\000\000\000\000\000\000\000\000\000\000\000\000\000\000\000\000\000\000\000\000\000\000P\031\370\361\367\235\210sr\037\032`/X%b\364\000\2261<\024n\271\n\247\213\340ngjzz\321s!\003\325Q\255\224\274R@\312\253\262\347\352\034\346\347\242\215,\312\376=\277\353{\350\225\301\305`^, vG0E\002!\000\247\310\t: \360\240\224\344\352\313\005g\246\252K\355\344\270\344\231Ifp\244\212d\272*\370\213y\002 Hu\r\352\344\207[e\030)&\351c\214""\310\347\313\302\267i\n\247\260\266\362tv\355\375J\313""; ","validation: """"\200\000\000\001&\000\000\000\024)/\352\224;:\211l\014`\252m\212dQ\264XQl\247\003\354\245\364D\352R\216\206b4,p\2079'\3229\214pa\315o:\200`\214P\027\000\000\000\000\000\000\000\000\000\000\000\000\000\000\000\000\000\000\000\000\000\000\000\000\000\000\000\000\000\000\000\000P\031\370\361\367\235\210sr\037\032`/X%b\364\000\2261<\024n\271\n\247\213\340ngjzz\321s!\003\325Q\255\224\274R@\312\253\262\347\352\034\346\347\242\215,\312\376=\277\353{\350\225\301\305`^, vG0E\002!\000\247\310\t: \360\240\224\344\352\313\005g\246\252K\355\344\270\344\231Ifp\244\212d\272*\370\213y\002 Hu\r\352\344\207[e\030)&\351c\214""\310\347\313\302\267i\n\247\260\266\362tv\355\375J\313""; "
1750587324025,1750587324025,0,1,0,1,TMStatusChange,"newEvent: neACCEPTED_LEDGER; ledgerSeq: 20; ledgerHash: ""\264XQl\247\003\354\245\364D\352R\216\206b4,p\2079'\3229\214pa\315o:\200`\214""; ledgerHashPrevious: ""\370\361\367\235\210sr\037\032`/X%b\364\000\2261<\024n\271\n\247\213\340ngjzz\321""; networkTime: 803902524; firstSeq: 9; lastSeq: 19; ","newEvent: neACCEPTED_LEDGER; ledgerSeq: 20; ledgerHash: ""\264XQl\247\003\354\245\364D\352R\216\206b4,p\2079'\3229\214pa\315o:\200`\214""; ledgerHashPrevious: ""\370\361\367\235\210sr\037\032`/X%b\364\000\2261<\024n\271\n\247\213\340ngjzz\321""; networkTime: 803902524; firstSeq: 9; lastSeq: 19; "
1750587324026,1750587324026,0,1,0,4,TMStatusChange,"newEvent: neACCEPTED_LEDGER; ledgerSeq: 20; ledgerHash: ""\264XQl\247\003\354\245\364D\352R\216\206b4,p\2079'\3229\214pa\315o:\200`\214""; ledgerHashPrevious: ""\370\361\367\235\210sr\037\032`/X%b\364\000\2261<\024n\271\n\247\213\340ngjzz\321""; networkTime: 803902524; firstSeq: 9; lastSeq: 19; ","newEvent: neACCEPTED_LEDGER; ledgerSeq: 20; ledgerHash: ""\264XQl\247\003\354\245\364D\352R\216\206b4,p\2079'\3229\214pa\315o:\200`\214""; ledgerHashPrevious: ""\370\361\367\235\210sr\037\032`/X%b\364\000\2261<\024n\271\n\247\213\340ngjzz\321""; networkTime: 803902524; firstSeq: 9; lastSeq: 19; "
1750587324026,1750587324026,0,1,0,3,TMValidation,"validation: """"\200\000\000\001&\000\000\000\024)/\352\224<:I\203w\200\211\SGQ\264XQl\247\003\354\245\364D\352R\216\206b4,p\2079'\3229\214pa\315o:\200`\214P\027\000\000\000\000\000\000\000\000\000\000\000\000\000\000\000\000\000\000\000\000\000\000\000\000\000\000\000\000\000\000\000\000P\031\370\361\367\235\210sr\037\032`/X%b\364\000\2261<\024n\271\n\247\213\340ngjzz\321s!\002\347\243J\206W\025ML\260\226\0163\217\250\337\325W\253\356*O\245Z\271\234\207C\274\375`\335\311vG0E\002!\000\213\345t!ri4\004w\336\361V\276\230\253n\334y\325\247\263\230\211\016\203\242`P&5\335`\002 \033\256\331\262\233w\220\376\355E\260\n\275r\030\301\256-\335\242\277ui\254\322\277\340\212n\227\365V""; ","validation: """"\200\000\000\001&\000\000\000\024)/\352\224<:I\203w\200\211\SGQ\264XQl\247\003\354\245\364D\352R\216\206b4,p\2079'\3229\214pa\315o:\200`\214P\027\000\000\000\000\000\000\000\000\000\000\000\000\000\000\000\000\000\000\000\000\000\000\000\000\000\000\000\000\000\000\000\000P\031\370\361\367\235\210sr\037\032`/X%b\364\000\2261<\024n\271\n\247\213\340ngjzz\321s!\002\347\243J\206W\025ML\260\226\0163\217\250\337\325W\253\356*O\245Z\271\234\207C\274\375`\335\311vG0E\002!\000\213\345t!ri4\004w\336\361V\276\230\253n\334y\325\247\263\230\211\016\203\242`P&5\335`\002 \033\256\331\262\233w\220\376\355E\260\n\275r\030\301\256-\335\242\277ui\254\322\277\340\212n\227\365V""; "
1750587324026,1750587324026,0,1,0,3,TMStatusChange,"newEvent: neACCEPTED_LEDGER; ledgerSeq: 20; ledgerHash: ""\264XQl\247\003\354\245\364D\352R\216\206b4,p\2079'\3229\214pa\315o:\200`\214""; ledgerHashPrevious: ""\370\361\367\235\210sr\037\032`/X%b\364\000\2261<\024n\271\n\247\213\340ngjzz\321""; networkTime: 803902524; firstSeq: 9; lastSeq: 19; ","newEvent: neACCEPTED_LEDGER; ledgerSeq: 20; ledgerHash: ""\264XQl\247\003\354\245\364D\352R\216\206b4,p\2079'\3229\214pa\315o:\200`\214""; ledgerHashPrevious: ""\370\361\367\235\210sr\037\032`/X%b\364\000\2261<\024n\271\n\247\213\340ngjzz\321""; networkTime: 803902524; firstSeq: 9; lastSeq: 19; "
1750587324027,1750587324027,0,1,0,2,TMStatusChange,"newEvent: neACCEPTED_LEDGER; ledgerSeq: 20; ledgerHash: ""\264XQl\247\003\354\245\364D\352R\216\206b4,p\2079'\3229\214pa\315o:\200`\214""; ledgerHashPrevious: ""\370\361\367\235\210sr\037\032`/X%b\364\000\2261<\024n\271\n\247\213\340ngjzz\321""; networkTime: 803902524; firstSeq: 9; lastSeq: 19; ","newEvent: neACCEPTED_LEDGER; ledgerSeq: 20; ledgerHash: ""\264XQl\247\003\354\245\364D\352R\216\206b4,p\2079'\3229\214pa\315o:\200`\214""; ledgerHashPrevious: ""\370\361\367\235\210sr\037\032`/X%b\364\000\2261<\024n\271\n\247\213\340ngjzz\321""; networkTime: 803902524; firstSeq: 9; lastSeq: 19; "
1750587324028,1750587324029,0,1,3,4,TMValidation,"validation: """"\200\000\000\001&\000\000\000\024)/\352\224<:I\203w\200\211\SGQ\264XQl\247\003\354\245\364D\352R\216\206b4,p\2079'\3229\214pa\315o:\200`\214P\027\000\000\000\000\000\000\000\000\000\000\000\000\000\000\000\000\000\000\000\000\000\000\000\000\000\000\000\000\000\000\000\000P\031\370\361\367\235\210sr\037\032`/X%b\364\000\2261<\024n\271\n\247\213\340ngjzz\321s!\002\347\243J\206W\025ML\260\226\0163\217\250\337\325W\253\356*O\245Z\271\234\207C\274\375`\335\311vG0E\002!\000\213\345t!ri4\004w\336\361V\276\230\253n\334y\325\247\263\230\211\016\203\242`P&5\335`\002 \033\256\331\262\233w\220\376\355E\260\n\275r\030\301\256-\335\242\277ui\254\322\277\340\212n\227\365V""; ","validation: """"\200\000\000\001&\000\000\000\024)/\352\224<:I\203w\200\211\SGQ\264XQl\247\003\354\245\364D\352R\216\206b4,p\2079'\3229\214pa\315o:\200`\214P\027\000\000\000\000\000\000\000\000\000\000\000\000\000\000\000\000\000\000\000\000\000\000\000\000\000\000\000\000\000\000\000\000P\031\370\361\367\235\210sr\037\032`/X%b\364\000\2261<\024n\271\n\247\213\340ngjzz\321s!\002\347\243J\206W\025ML\260\226\0163\217\250\337\325W\253\356*O\245Z\271\234\207C\274\375`\335\311vG0E\002!\000\213\345t!ri4\004w\336\361V\276\230\253n\334y\325\247\263\230\211\016\203\242`P&5\335`\002 \033\256\331\262\233w\220\376\355E\260\n\275r\030\301\256-\335\242\277ui\254\322\277\340\212n\227\365V""; "
1750587324029,1750587324029,0,1,3,1,TMValidation,"validation: """"\200\000\000\001&\000\000\000\024)/\352\224<:I\203w\200\211\SGQ\264XQl\247\003\354\245\364D\352R\216\206b4,p\2079'\3229\214pa\315o:\200`\214P\027\000\000\000\000\000\000\000\000\000\000\000\000\000\000\000\000\000\000\000\000\000\000\000\000\000\000\000\000\000\000\000\000P\031\370\361\367\235\210sr\037\032`/X%b\364\000\2261<\024n\271\n\247\213\340ngjzz\321s!\002\347\243J\206W\025ML\260\226\0163\217\250\337\325W\253\356*O\245Z\271\234\207C\274\375`\335\311vG0E\002!\000\213\345t!ri4\004w\336\361V\276\230\253n\334y\325\247\263\230\211\016\203\242`P&5\335`\002 \033\256\331\262\233w\220\376\355E\260\n\275r\030\301\256-\335\242\277ui\254\322\277\340\212n\227\365V""; ","validation: """"\200\000\000\001&\000\000\000\024)/\352\224<:I\203w\200\211\SGQ\264XQl\247\003\354\245\364D\352R\216\206b4,p\2079'\3229\214pa\315o:\200`\214P\027\000\000\000\000\000\000\000\000\000\000\000\000\000\000\000\000\000\000\000\000\000\000\000\000\000\000\000\000\000\000\000\000P\031\370\361\367\235\210sr\037\032`/X%b\364\000\2261<\024n\271\n\247\213\340ngjzz\321s!\002\347\243J\206W\025ML\260\226\0163\217\250\337\325W\253\356*O\245Z\271\234\207C\274\375`\335\311vG0E\002!\000\213\345t!ri4\004w\336\361V\276\230\253n\334y\325\247\263\230\211\016\203\242`P&5\335`\002 \033\256\331\262\233w\220\376\355E\260\n\275r\030\301\256-\335\242\277ui\254\322\277\340\212n\227\365V""; "
1750587324029,1750587324029,0,1,3,2,TMValidation,"validation: """"\200\000\000\001&\000\000\000\024)/\352\224<:I\203w\200\211\SGQ\264XQl\247\003\354\245\364D\352R\216\206b4,p\2079'\3229\214pa\315o:\200`\214P\027\000\000\000\000\000\000\000\000\000\000\000\000\000\000\000\000\000\000\000\000\000\000\000\000\000\000\000\000\000\000\000\000P\031\370\361\367\235\210sr\037\032`/X%b\364\000\2261<\024n\271\n\247\213\340ngjzz\321s!\002\347\243J\206W\025ML\260\226\0163\217\250\337\325W\253\356*O\245Z\271\234\207C\274\375`\335\311vG0E\002!\000\213\345t!ri4\004w\336\361V\276\230\253n\334y\325\247\263\230\211\016\203\242`P&5\335`\002 \033\256\331\262\233w\220\376\355E\260\n\275r\030\301\256-\335\242\277ui\254\322\277\340\212n\227\365V""; ","validation: """"\200\000\000\001&\000\000\000\024)/\352\224<:I\203w\200\211\SGQ\264XQl\247\003\354\245\364D\352R\216\206b4,p\2079'\3229\214pa\315o:\200`\214P\027\000\000\000\000\000\000\000\000\000\000\000\000\000\000\000\000\000\000\000\000\000\000\000\000\000\000\000\000\000\000\000\000P\031\370\361\367\235\210sr\037\032`/X%b\364\000\2261<\024n\271\n\247\213\340ngjzz\321s!\002\347\243J\206W\025ML\260\226\0163\217\250\337\325W\253\356*O\245Z\271\234\207C\274\375`\335\311vG0E\002!\000\213\345t!ri4\004w\336\361V\276\230\253n\334y\325\247\263\230\211\016\203\242`P&5\335`\002 \033\256\331\262\233w\220\376\355E\260\n\275r\030\301\256-\335\242\277ui\254\322\277\340\212n\227\365V""; "
1750587324031,1750587324031,0,1,4,2,TMValidation,"validation: """"\200\000\000\001&\000\000\000\024)/\352\224<:I\203w\200\211\SGQ\264XQl\247\003\354\245\364D\352R\216\206b4,p\2079'\3229\214pa\315o:\200`\214P\027\000\000\000\000\000\000\000\000\000\000\000\000\000\000\000\000\000\000\000\000\000\000\000\000\000\000\000\000\000\000\000\000P\031\370\361\367\235\210sr\037\032`/X%b\364\000\2261<\024n\271\n\247\213\340ngjzz\321s!\002\347\243J\206W\025ML\260\226\0163\217\250\337\325W\253\356*O\245Z\271\234\207C\274\375`\335\311vG0E\002!\000\213\345t!ri4\004w\336\361V\276\230\253n\334y\325\247\263\230\211\016\203\242`P&5\335`\002 \033\256\331\262\233w\220\376\355E\260\n\275r\030\301\256-\335\242\277ui\254\322\277\340\212n\227\365V""; ","validation: """"\200\000\000\001&\000\000\000\024)/\352\224<:I\203w\200\211\SGQ\264XQl\247\003\354\245\364D\352R\216\206b4,p\2079'\3229\214pa\315o:\200`\214P\027\000\000\000\000\000\000\000\000\000\000\000\000\000\000\000\000\000\000\000\000\000\000\000\000\000\000\000\000\000\000\000\000P\031\370\361\367\235\210sr\037\032`/X%b\364\000\2261<\024n\271\n\247\213\340ngjzz\321s!\002\347\243J\206W\025ML\260\226\0163\217\250\337\325W\253\356*O\245Z\271\234\207C\274\375`\335\311vG0E\002!\000\213\345t!ri4\004w\336\361V\276\230\253n\334y\325\247\263\230\211\016\203\242`P&5\335`\002 \033\256\331\262\233w\220\376\355E\260\n\275r\030\301\256-\335\242\277ui\254\322\277\340\212n\227\365V""; "
1750587324031,1750587324031,0,1,4,1,TMValidation,"validation: """"\200\000\000\001&\000\000\000\024)/\352\224<:I\203w\200\211\SGQ\264XQl\247\003\354\245\364D\352R\216\206b4,p\2079'\3229\214pa\315o:\200`\214P\027\000\000\000\000\000\000\000\000\000\000\000\000\000\000\000\000\000\000\000\000\000\000\000\000\000\000\000\000\000\000\000\000P\031\370\361\367\235\210sr\037\032`/X%b\364\000\2261<\024n\271\n\247\213\340ngjzz\321s!\002\347\243J\206W\025ML\260\226\0163\217\250\337\325W\253\356*O\245Z\271\234\207C\274\375`\335\311vG0E\002!\000\213\345t!ri4\004w\336\361V\276\230\253n\334y\325\247\263\230\211\016\203\242`P&5\335`\002 \033\256\331\262\233w\220\376\355E\260\n\275r\030\301\256-\335\242\277ui\254\322\277\340\212n\227\365V""; ","validation: """"\200\000\000\001&\000\000\000\024)/\352\224<:I\203w\200\211\SGQ\264XQl\247\003\354\245\364D\352R\216\206b4,p\2079'\3229\214pa\315o:\200`\214P\027\000\000\000\000\000\000\000\000\000\000\000\000\000\000\000\000\000\000\000\000\000\000\000\000\000\000\000\000\000\000\000\000P\031\370\361\367\235\210sr\037\032`/X%b\364\000\2261<\024n\271\n\247\213\340ngjzz\321s!\002\347\243J\206W\025ML\260\226\0163\217\250\337\325W\253\356*O\245Z\271\234\207C\274\375`\335\311vG0E\002!\000\213\345t!ri4\004w\336\361V\276\230\253n\334y\325\247\263\230\211\016\203\242`P&5\335`\002 \033\256\331\262\233w\220\376\355E\260\n\275r\030\301\256-\335\242\277ui\254\322\277\340\212n\227\365V""; "
1750587324031,1750587324032,0,1,4,0,TMValidation,"validation: """"\200\000\000\001&\000\000\000\024)/\352\224<:I\203w\200\211\SGQ\264XQl\247\003\354\245\364D\352R\216\206b4,p\2079'\3229\214pa\315o:\200`\214P\027\000\000\000\000\000\000\000\000\000\000\000\000\000\000\000\000\000\000\000\000\000\000\000\000\000\000\000\000\000\000\000\000P\031\370\361\367\235\210sr\037\032`/X%b\364\000\2261<\024n\271\n\247\213\340ngjzz\321s!\002\347\243J\206W\025ML\260\226\0163\217\250\337\325W\253\356*O\245Z\271\234\207C\274\375`\335\311vG0E\002!\000\213\345t!ri4\004w\336\361V\276\230\253n\334y\325\247\263\230\211\016\203\242`P&5\335`\002 \033\256\331\262\233w\220\376\355E\260\n\275r\030\301\256-\335\242\277ui\254\322\277\340\212n\227\365V""; ","validation: """"\200\000\000\001&\000\000\000\024)/\352\224<:I\203w\200\211\SGQ\264XQl\247\003\354\245\364D\352R\216\206b4,p\2079'\3229\214pa\315o:\200`\214P\027\000\000\000\000\000\000\000\000\000\000\000\000\000\000\000\000\000\000\000\000\000\000\000\000\000\000\000\000\000\000\000\000P\031\370\361\367\235\210sr\037\032`/X%b\364\000\2261<\024n\271\n\247\213\340ngjzz\321s!\002\347\243J\206W\025ML\260\226\0163\217\250\337\325W\253\356*O\245Z\271\234\207C\274\375`\335\311vG0E\002!\000\213\345t!ri4\004w\336\361V\276\230\253n\334y\325\247\263\230\211\016\203\242`P&5\335`\002 \033\256\331\262\233w\220\376\355E\260\n\275r\030\301\256-\335\242\277ui\254\322\277\340\212n\227\365V""; "
1750587324032,1750587324032,0,1,1,2,TMValidation,"validation: """"\200\000\000\001&\000\000\000\024)/\352\224<:I\203w\200\211\SGQ\264XQl\247\003\354\245\364D\352R\216\206b4,p\2079'\3229\214pa\315o:\200`\214P\027\000\000\000\000\000\000\000\000\000\000\000\000\000\000\000\000\000\000\000\000\000\000\000\000\000\000\000\000\000\000\000\000P\031\370\361\367\235\210sr\037\032`/X%b\364\000\2261<\024n\271\n\247\213\340ngjzz\321s!\002\347\243J\206W\025ML\260\226\0163\217\250\337\325W\253\356*O\245Z\271\234\207C\274\375`\335\311vG0E\002!\000\213\345t!ri4\004w\336\361V\276\230\253n\334y\325\247\263\230\211\016\203\242`P&5\335`\002 \033\256\331\262\233w\220\376\355E\260\n\275r\030\301\256-\335\242\277ui\254\322\277\340\212n\227\365V""; ","validation: """"\200\000\000\001&\000\000\000\024)/\352\224<:I\203w\200\211\SGQ\264XQl\247\003\354\245\364D\352R\216\206b4,p\2079'\3229\214pa\315o:\200`\214P\027\000\000\000\000\000\000\000\000\000\000\000\000\000\000\000\000\000\000\000\000\000\000\000\000\000\000\000\000\000\000\000\000P\031\370\361\367\235\210sr\037\032`/X%b\364\000\2261<\024n\271\n\247\213\340ngjzz\321s!\002\347\243J\206W\025ML\260\226\0163\217\250\337\325W\253\356*O\245Z\271\234\207C\274\375`\335\311vG0E\002!\000\213\345t!ri4\004w\336\361V\276\230\253n\334y\325\247\263\230\211\016\203\242`P&5\335`\002 \033\256\331\262\233w\220\376\355E\260\n\275r\030\301\256-\335\242\277ui\254\322\277\340\212n\227\365V""; "
1750587324032,1750587324032,0,1,1,4,TMValidation,"validation: """"\200\000\000\001&\000\000\000\024)/\352\224<:I\203w\200\211\SGQ\264XQl\247\003\354\245\364D\352R\216\206b4,p\2079'\3229\214pa\315o:\200`\214P\027\000\000\000\000\000\000\000\000\000\000\000\000\000\000\000\000\000\000\000\000\000\000\000\000\000\000\000\000\000\000\000\000P\031\370\361\367\235\210sr\037\032`/X%b\364\000\2261<\024n\271\n\247\213\340ngjzz\321s!\002\347\243J\206W\025ML\260\226\0163\217\250\337\325W\253\356*O\245Z\271\234\207C\274\375`\335\311vG0E\002!\000\213\345t!ri4\004w\336\361V\276\230\253n\334y\325\247\263\230\211\016\203\242`P&5\335`\002 \033\256\331\262\233w\220\376\355E\260\n\275r\030\301\256-\335\242\277ui\254\322\277\340\212n\227\365V""; ","validation: """"\200\000\000\001&\000\000\000\024)/\352\224<:I\203w\200\211\SGQ\264XQl\247\003\354\245\364D\352R\216\206b4,p\2079'\3229\214pa\315o:\200`\214P\027\000\000\000\000\000\000\000\000\000\000\000\000\000\000\000\000\000\000\000\000\000\000\000\000\000\000\000\000\000\000\000\000P\031\370\361\367\235\210sr\037\032`/X%b\364\000\2261<\024n\271\n\247\213\340ngjzz\321s!\002\347\243J\206W\025ML\260\226\0163\217\250\337\325W\253\356*O\245Z\271\234\207C\274\375`\335\311vG0E\002!\000\213\345t!ri4\004w\336\361V\276\230\253n\334y\325\247\263\230\211\016\203\242`P&5\335`\002 \033\256\331\262\233w\220\376\355E\260\n\275r\030\301\256-\335\242\277ui\254\322\277\340\212n\227\365V""; "
1750587324033,1750587324033,0,1,1,0,TMValidation,"validation: """"\200\000\000\001&\000\000\000\024)/\352\224<:I\203w\200\211\SGQ\264XQl\247\003\354\245\364D\352R\216\206b4,p\2079'\3229\214pa\315o:\200`\214P\027\000\000\000\000\000\000\000\000\000\000\000\000\000\000\000\000\000\000\000\000\000\000\000\000\000\000\000\000\000\000\000\000P\031\370\361\367\235\210sr\037\032`/X%b\364\000\2261<\024n\271\n\247\213\340ngjzz\321s!\002\347\243J\206W\025ML\260\226\0163\217\250\337\325W\253\356*O\245Z\271\234\207C\274\375`\335\311vG0E\002!\000\213\345t!ri4\004w\336\361V\276\230\253n\334y\325\247\263\230\211\016\203\242`P&5\335`\002 \033\256\331\262\233w\220\376\355E\260\n\275r\030\301\256-\335\242\277ui\254\322\277\340\212n\227\365V""; ","validation: """"\200\000\000\001&\000\000\000\024)/\352\224<:I\203w\200\211\SGQ\264XQl\247\003\354\245\364D\352R\216\206b4,p\2079'\3229\214pa\315o:\200`\214P\027\000\000\000\000\000\000\000\000\000\000\000\000\000\000\000\000\000\000\000\000\000\000\000\000\000\000\000\000\000\000\000\000P\031\370\361\367\235\210sr\037\032`/X%b\364\000\2261<\024n\271\n\247\213\340ngjzz\321s!\002\347\243J\206W\025ML\260\226\0163\217\250\337\325W\253\356*O\245Z\271\234\207C\274\375`\335\311vG0E\002!\000\213\345t!ri4\004w\336\361V\276\230\253n\334y\325\247\263\230\211\016\203\242`P&5\335`\002 \033\256\331\262\233w\220\376\355E\260\n\275r\030\301\256-\335\242\277ui\254\322\277\340\212n\227\365V""; "
1750587324033,1750587324033,0,1,2,4,TMValidation,"validation: """"\200\000\000\001&\000\000\000\024)/\352\224<:I\203w\200\211\SGQ\264XQl\247\003\354\245\364D\352R\216\206b4,p\2079'\3229\214pa\315o:\200`\214P\027\000\000\000\000\000\000\000\000\000\000\000\000\000\000\000\000\000\000\000\000\000\000\000\000\000\000\000\000\000\000\000\000P\031\370\361\367\235\210sr\037\032`/X%b\364\000\2261<\024n\271\n\247\213\340ngjzz\321s!\002\347\243J\206W\025ML\260\226\0163\217\250\337\325W\253\356*O\245Z\271\234\207C\274\375`\335\311vG0E\002!\000\213\345t!ri4\004w\336\361V\276\230\253n\334y\325\247\263\230\211\016\203\242`P&5\335`\002 \033\256\331\262\233w\220\376\355E\260\n\275r\030\301\256-\335\242\277ui\254\322\277\340\212n\227\365V""; ","validation: """"\200\000\000\001&\000\000\000\024)/\352\224<:I\203w\200\211\SGQ\264XQl\247\003\354\245\364D\352R\216\206b4,p\2079'\3229\214pa\315o:\200`\214P\027\000\000\000\000\000\000\000\000\000\000\000\000\000\000\000\000\000\000\000\000\000\000\000\000\000\000\000\000\000\000\000\000P\031\370\361\367\235\210sr\037\032`/X%b\364\000\2261<\024n\271\n\247\213\340ngjzz\321s!\002\347\243J\206W\025ML\260\226\0163\217\250\337\325W\253\356*O\245Z\271\234\207C\274\375`\335\311vG0E\002!\000\213\345t!ri4\004w\336\361V\276\230\253n\334y\325\247\263\230\211\016\203\242`P&5\335`\002 \033\256\331\262\233w\220\376\355E\260\n\275r\030\301\256-\335\242\277ui\254\322\277\340\212n\227\365V""; "
1750587324033,1750587324034,0,1,2,1,TMValidation,"validation: """"\200\000\000\001&\000\000\000\024)/\352\224<:I\203w\200\211\SGQ\264XQl\247\003\354\245\364D\352R\216\206b4,p\2079'\3229\214pa\315o:\200`\214P\027\000\000\000\000\000\000\000\000\000\000\000\000\000\000\000\000\000\000\000\000\000\000\000\000\000\000\000\000\000\000\000\000P\031\370\361\367\235\210sr\037\032`/X%b\364\000\2261<\024n\271\n\247\213\340ngjzz\321s!\002\347\243J\206W\025ML\260\226\0163\217\250\337\325W\253\356*O\245Z\271\234\207C\274\375`\335\311vG0E\002!\000\213\345t!ri4\004w\336\361V\276\230\253n\334y\325\247\263\230\211\016\203\242`P&5\335`\002 \033\256\331\262\233w\220\376\355E\260\n\275r\030\301\256-\335\242\277ui\254\322\277\340\212n\227\365V""; ","validation: """"\200\000\000\001&\000\000\000\024)/\352\224<:I\203w\200\211\SGQ\264XQl\247\003\354\245\364D\352R\216\206b4,p\2079'\3229\214pa\315o:\200`\214P\027\000\000\000\000\000\000\000\000\000\000\000\000\000\000\000\000\000\000\000\000\000\000\000\000\000\000\000\000\000\000\000\000P\031\370\361\367\235\210sr\037\032`/X%b\364\000\2261<\024n\271\n\247\213\340ngjzz\321s!\002\347\243J\206W\025ML\260\226\0163\217\250\337\325W\253\356*O\245Z\271\234\207C\274\375`\335\311vG0E\002!\000\213\345t!ri4\004w\336\361V\276\230\253n\334y\325\247\263\230\211\016\203\242`P&5\335`\002 \033\256\331\262\233w\220\376\355E\260\n\275r\030\301\256-\335\242\277ui\254\322\277\340\212n\227\365V""; "
1750587324034,1750587324034,0,1,2,0,TMValidation,"validation: """"\200\000\000\001&\000\000\000\024)/\352\224<:I\203w\200\211\SGQ\264XQl\247\003\354\245\364D\352R\216\206b4,p\2079'\3229\214pa\315o:\200`\214P\027\000\000\000\000\000\000\000\000\000\000\000\000\000\000\000\000\000\000\000\000\000\000\000\000\000\000\000\000\000\000\000\000P\031\370\361\367\235\210sr\037\032`/X%b\364\000\2261<\024n\271\n\247\213\340ngjzz\321s!\002\347\243J\206W\025ML\260\226\0163\217\250\337\325W\253\356*O\245Z\271\234\207C\274\375`\335\311vG0E\002!\000\213\345t!ri4\004w\336\361V\276\230\253n\334y\325\247\263\230\211\016\203\242`P&5\335`\002 \033\256\331\262\233w\220\376\355E\260\n\275r\030\301\256-\335\242\277ui\254\322\277\340\212n\227\365V""; ","validation: """"\200\000\000\001&\000\000\000\024)/\352\224<:I\203w\200\211\SGQ\264XQl\247\003\354\245\364D\352R\216\206b4,p\2079'\3229\214pa\315o:\200`\214P\027\000\000\000\000\000\000\000\000\000\000\000\000\000\000\000\000\000\000\000\000\000\000\000\000\000\000\000\000\000\000\000\000P\031\370\361\367\235\210sr\037\032`/X%b\364\000\2261<\024n\271\n\247\213\340ngjzz\321s!\002\347\243J\206W\025ML\260\226\0163\217\250\337\325W\253\356*O\245Z\271\234\207C\274\375`\335\311vG0E\002!\000\213\345t!ri4\004w\336\361V\276\230\253n\334y\325\247\263\230\211\016\203\242`P&5\335`\002 \033\256\331\262\233w\220\376\355E\260\n\275r\030\301\256-\335\242\277ui\254\322\277\340\212n\227\365V""; "
1750587324035,1750587324035,0,1,0,4,TMValidation,"validation: """"\200\000\000\001&\000\000\000\024)/\352\224<:I\203w\200\211\SGQ\264XQl\247\003\354\245\364D\352R\216\206b4,p\2079'\3229\214pa\315o:\200`\214P\027\000\000\000\000\000\000\000\000\000\000\000\000\000\000\000\000\000\000\000\000\000\000\000\000\000\000\000\000\000\000\000\000P\031\370\361\367\235\210sr\037\032`/X%b\364\000\2261<\024n\271\n\247\213\340ngjzz\321s!\002\347\243J\206W\025ML\260\226\0163\217\250\337\325W\253\356*O\245Z\271\234\207C\274\375`\335\311vG0E\002!\000\213\345t!ri4\004w\336\361V\276\230\253n\334y\325\247\263\230\211\016\203\242`P&5\335`\002 \033\256\331\262\233w\220\376\355E\260\n\275r\030\301\256-\335\242\277ui\254\322\277\340\212n\227\365V""; ","validation: """"\200\000\000\001&\000\000\000\024)/\352\224<:I\203w\200\211\SGQ\264XQl\247\003\354\245\364D\352R\216\206b4,p\2079'\3229\214pa\315o:\200`\214P\027\000\000\000\000\000\000\000\000\000\000\000\000\000\000\000\000\000\000\000\000\000\000\000\000\000\000\000\000\000\000\000\000P\031\370\361\367\235\210sr\037\032`/X%b\364\000\2261<\024n\271\n\247\213\340ngjzz\321s!\002\347\243J\206W\025ML\260\226\0163\217\250\337\325W\253\356*O\245Z\271\234\207C\274\375`\335\311vG0E\002!\000\213\345t!ri4\004w\336\361V\276\230\253n\334y\325\247\263\230\211\016\203\242`P&5\335`\002 \033\256\331\262\233w\220\376\355E\260\n\275r\030\301\256-\335\242\277ui\254\322\277\340\212n\227\365V""; "
1750587324036,1750587324036,0,1,0,1,TMValidation,"validation: """"\200\000\000\001&\000\000\000\024)/\352\224<:I\203w\200\211\SGQ\264XQl\247\003\354\245\364D\352R\216\206b4,p\2079'\3229\214pa\315o:\200`\214P\027\000\000\000\000\000\000\000\000\000\000\000\000\000\000\000\000\000\000\000\000\000\000\000\000\000\000\000\000\000\000\000\000P\031\370\361\367\235\210sr\037\032`/X%b\364\000\2261<\024n\271\n\247\213\340ngjzz\321s!\002\347\243J\206W\025ML\260\226\0163\217\250\337\325W\253\356*O\245Z\271\234\207C\274\375`\335\311vG0E\002!\000\213\345t!ri4\004w\336\361V\276\230\253n\334y\325\247\263\230\211\016\203\242`P&5\335`\002 \033\256\331\262\233w\220\376\355E\260\n\275r\030\301\256-\335\242\277ui\254\322\277\340\212n\227\365V""; ","validation: """"\200\000\000\001&\000\000\000\024)/\352\224<:I\203w\200\211\SGQ\264XQl\247\003\354\245\364D\352R\216\206b4,p\2079'\3229\214pa\315o:\200`\214P\027\000\000\000\000\000\000\000\000\000\000\000\000\000\000\000\000\000\000\000\000\000\000\000\000\000\000\000\000\000\000\000\000P\031\370\361\367\235\210sr\037\032`/X%b\364\000\2261<\024n\271\n\247\213\340ngjzz\321s!\002\347\243J\206W\025ML\260\226\0163\217\250\337\325W\253\356*O\245Z\271\234\207C\274\375`\335\311vG0E\002!\000\213\345t!ri4\004w\336\361V\276\230\253n\334y\325\247\263\230\211\016\203\242`P&5\335`\002 \033\256\331\262\233w\220\376\355E\260\n\275r\030\301\256-\335\242\277ui\254\322\277\340\212n\227\365V""; "
1750587324037,1750587324037,0,1,0,2,TMValidation,"validation: """"\200\000\000\001&\000\000\000\024)/\352\224<:I\203w\200\211\SGQ\264XQl\247\003\354\245\364D\352R\216\206b4,p\2079'\3229\214pa\315o:\200`\214P\027\000\000\000\000\000\000\000\000\000\000\000\000\000\000\000\000\000\000\000\000\000\000\000\000\000\000\000\000\000\000\000\000P\031\370\361\367\235\210sr\037\032`/X%b\364\000\2261<\024n\271\n\247\213\340ngjzz\321s!\002\347\243J\206W\025ML\260\226\0163\217\250\337\325W\253\356*O\245Z\271\234\207C\274\375`\335\311vG0E\002!\000\213\345t!ri4\004w\336\361V\276\230\253n\334y\325\247\263\230\211\016\203\242`P&5\335`\002 \033\256\331\262\233w\220\376\355E\260\n\275r\030\301\256-\335\242\277ui\254\322\277\340\212n\227\365V""; ","validation: """"\200\000\000\001&\000\000\000\024)/\352\224<:I\203w\200\211\SGQ\264XQl\247\003\354\245\364D\352R\216\206b4,p\2079'\3229\214pa\315o:\200`\214P\027\000\000\000\000\000\000\000\000\000\000\000\000\000\000\000\000\000\000\000\000\000\000\000\000\000\000\000\000\000\000\000\000P\031\370\361\367\235\210sr\037\032`/X%b\364\000\2261<\024n\271\n\247\213\340ngjzz\321s!\002\347\243J\206W\025ML\260\226\0163\217\250\337\325W\253\356*O\245Z\271\234\207C\274\375`\335\311vG0E\002!\000\213\345t!ri4\004w\336\361V\276\230\253n\334y\325\247\263\230\211\016\203\242`P&5\335`\002 \033\256\331\262\233w\220\376\355E\260\n\275r\030\301\256-\335\242\277ui\254\322\277\340\212n\227\365V""; "
1750587324304,1750587324304,0,1,2,3,TMStatusChange,"newEvent: neACCEPTED_LEDGER; ledgerSeq: 20; ledgerHash: ""\264XQl\247\003\354\245\364D\352R\216\206b4,p\2079'\3229\214pa\315o:\200`\214""; ledgerHashPrevious: ""\370\361\367\235\210sr\037\032`/X%b\364\000\2261<\024n\271\n\247\213\340ngjzz\321""; networkTime: 803902524; firstSeq: 1; lastSeq: 19; ","newEvent: neACCEPTED_LEDGER; ledgerSeq: 20; ledgerHash: ""\264XQl\247\003\354\245\364D\352R\216\206b4,p\2079'\3229\214pa\315o:\200`\214""; ledgerHashPrevious: ""\370\361\367\235\210sr\037\032`/X%b\364\000\2261<\024n\271\n\247\213\340ngjzz\321""; networkTime: 803902524; firstSeq: 1; lastSeq: 19; "
1750587324304,1750587324304,0,1,2,4,TMStatusChange,"newEvent: neACCEPTED_LEDGER; ledgerSeq: 20; ledgerHash: ""\264XQl\247\003\354\245\364D\352R\216\206b4,p\2079'\3229\214pa\315o:\200`\214""; ledgerHashPrevious: ""\370\361\367\235\210sr\037\032`/X%b\364\000\2261<\024n\271\n\247\213\340ngjzz\321""; networkTime: 803902524; firstSeq: 1; lastSeq: 19; ","newEvent: neACCEPTED_LEDGER; ledgerSeq: 20; ledgerHash: ""\264XQl\247\003\354\245\364D\352R\216\206b4,p\2079'\3229\214pa\315o:\200`\214""; ledgerHashPrevious: ""\370\361\367\235\210sr\037\032`/X%b\364\000\2261<\024n\271\n\247\213\340ngjzz\321""; networkTime: 803902524; firstSeq: 1; lastSeq: 19; "
1750587324304,1750587324304,0,1,2,0,TMStatusChange,"newEvent: neACCEPTED_LEDGER; ledgerSeq: 20; ledgerHash: ""\264XQl\247\003\354\245\364D\352R\216\206b4,p\2079'\3229\214pa\315o:\200`\214""; ledgerHashPrevious: ""\370\361\367\235\210sr\037\032`/X%b\364\000\2261<\024n\271\n\247\213\340ngjzz\321""; networkTime: 803902524; firstSeq: 1; lastSeq: 19; ","newEvent: neACCEPTED_LEDGER; ledgerSeq: 20; ledgerHash: ""\264XQl\247\003\354\245\364D\352R\216\206b4,p\2079'\3229\214pa\315o:\200`\214""; ledgerHashPrevious: ""\370\361\367\235\210sr\037\032`/X%b\364\000\2261<\024n\271\n\247\213\340ngjzz\321""; networkTime: 803902524; firstSeq: 1; lastSeq: 19; "
1750587324304,1750587324304,0,1,2,1,TMStatusChange,"newEvent: neACCEPTED_LEDGER; ledgerSeq: 20; ledgerHash: ""\264XQl\247\003\354\245\364D\352R\216\206b4,p\2079'\3229\214pa\315o:\200`\214""; ledgerHashPrevious: ""\370\361\367\235\210sr\037\032`/X%b\364\000\2261<\024n\271\n\247\213\340ngjzz\321""; networkTime: 803902524; firstSeq: 1; lastSeq: 19; ","newEvent: neACCEPTED_LEDGER; ledgerSeq: 20; ledgerHash: ""\264XQl\247\003\354\245\364D\352R\216\206b4,p\2079'\3229\214pa\315o:\200`\214""; ledgerHashPrevious: ""\370\361\367\235\210sr\037\032`/X%b\364\000\2261<\024n\271\n\247\213\340ngjzz\321""; networkTime: 803902524; firstSeq: 1; lastSeq: 19; "
1750587324346,1750587324346,0,1,2,3,TMValidation,"validation: """"\200\000\000\001&\000\000\000\024)/\352\224<:Q\231\304\227'3\313\030Q\264XQl\247\003\354\245\364D\352R\216\206b4,p\2079'\3229\214pa\315o:\200`\214P\027\000\000\000\000\000\000\000\000\000\000\000\000\000\000\000\000\000\000\000\000\000\000\000\000\000\000\000\000\000\000\000\000P\031\370\361\367\235\210sr\037\032`/X%b\364\000\2261<\024n\271\n\247\213\340ngjzz\321s!\003ql\302)\235\321\t\213\224\356\374%%\311\327\037\374\304\t\335\2359\344\233\035]\347<u\236\364\222vG0E\002!\000\305Qb\315i<\251\264\327\276\020\345&\271\226v\266\326obU*\021\322\362e\017\177\006`\375b\002 /\302\341];\247\227\316\371\0076\020R\3227/\271\032\277E\246\331\251\374\236\231\250\016\323\004\201&""; ","validation: """"\200\000\000\001&\000\000\000\024)/\352\224<:Q\231\304\227'3\313\030Q\264XQl\247\003\354\245\364D\352R\216\206b4,p\2079'\3229\214pa\315o:\200`\214P\027\000\000\000\000\000\000\000\000\000\000\000\000\000\000\000\000\000\000\000\000\000\000\000\000\000\000\000\000\000\000\000\000P\031\370\361\367\235\210sr\037\032`/X%b\364\000\2261<\024n\271\n\247\213\340ngjzz\321s!\003ql\302)\235\321\t\213\224\356\374%%\311\327\037\374\304\t\335\2359\344\233\035]\347<u\236\364\222vG0E\002!\000\305Qb\315i<\251\264\327\276\020\345&\271\226v\266\326obU*\021\322\362e\017\177\006`\375b\002 /\302\341];\247\227\316\371\0076\020R\3227/\271\032\277E\246\331\251\374\236\231\250\016\323\004\201&""; "
1750587324346,1750587324346,0,1,2,0,TMValidation,"validation: """"\200\000\000\001&\000\000\000\024)/\352\224<:Q\231\304\227'3\313\030Q\264XQl\247\003\354\245\364D\352R\216\206b4,p\2079'\3229\214pa\315o:\200`\214P\027\000\000\000\000\000\000\000\000\000\000\000\000\000\000\000\000\000\000\000\000\000\000\000\000\000\000\000\000\000\000\000\000P\031\370\361\367\235\210sr\037\032`/X%b\364\000\2261<\024n\271\n\247\213\340ngjzz\321s!\003ql\302)\235\321\t\213\224\356\374%%\311\327\037\374\304\t\335\2359\344\233\035]\347<u\236\364\222vG0E\002!\000\305Qb\315i<\251\264\327\276\020\345&\271\226v\266\326obU*\021\322\362e\017\177\006`\375b\002 /\302\341];\247\227\316\371\0076\020R\3227/\271\032\277E\246\331\251\374\236\231\250\016\323\004\201&""; ","validation: """"\200\000\000\001&\000\000\000\024)/\352\224<:Q\231\304\227'3\313\030Q\264XQl\247\003\354\245\364D\352R\216\206b4,p\2079'\3229\214pa\315o:\200`\214P\027\000\000\000\000\000\000\000\000\000\000\000\000\000\000\000\000\000\000\000\000\000\000\000\000\000\000\000\000\000\000\000\000P\031\370\361\367\235\210sr\037\032`/X%b\364\000\2261<\024n\271\n\247\213\340ngjzz\321s!\003ql\302)\235\321\t\213\224\356\374%%\311\327\037\374\304\t\335\2359\344\233\035]\347<u\236\364\222vG0E\002!\000\305Qb\315i<\251\264\327\276\020\345&\271\226v\266\326obU*\021\322\362e\017\177\006`\375b\002 /\302\341];\247\227\316\371\0076\020R\3227/\271\032\277E\246\331\251\374\236\231\250\016\323\004\201&""; "
1750587324346,1750587324346,0,1,2,1,TMValidation,"validation: """"\200\000\000\001&\000\000\000\024)/\352\224<:Q\231\304\227'3\313\030Q\264XQl\247\003\354\245\364D\352R\216\206b4,p\2079'\3229\214pa\315o:\200`\214P\027\000\000\000\000\000\000\000\000\000\000\000\000\000\000\000\000\000\000\000\000\000\000\000\000\000\000\000\000\000\000\000\000P\031\370\361\367\235\210sr\037\032`/X%b\364\000\2261<\024n\271\n\247\213\340ngjzz\321s!\003ql\302)\235\321\t\213\224\356\374%%\311\327\037\374\304\t\335\2359\344\233\035]\347<u\236\364\222vG0E\002!\000\305Qb\315i<\251\264\327\276\020\345&\271\226v\266\326obU*\021\322\362e\017\177\006`\375b\002 /\302\341];\247\227\316\371\0076\020R\3227/\271\032\277E\246\331\251\374\236\231\250\016\323\004\201&""; ","validation: """"\200\000\000\001&\000\000\000\024)/\352\224<:Q\231\304\227'3\313\030Q\264XQl\247\003\354\245\364D\352R\216\206b4,p\2079'\3229\214pa\315o:\200`\214P\027\000\000\000\000\000\000\000\000\000\000\000\000\000\000\000\000\000\000\000\000\000\000\000\000\000\000\000\000\000\000\000\000P\031\370\361\367\235\210sr\037\032`/X%b\364\000\2261<\024n\271\n\247\213\340ngjzz\321s!\003ql\302)\235\321\t\213\224\356\374%%\311\327\037\374\304\t\335\2359\344\233\035]\347<u\236\364\222vG0E\002!\000\305Qb\315i<\251\264\327\276\020\345&\271\226v\266\326obU*\021\322\362e\017\177\006`\375b\002 /\302\341];\247\227\316\371\0076\020R\3227/\271\032\277E\246\331\251\374\236\231\250\016\323\004\201&""; "
1750587324347,1750587324347,0,1,2,4,TMValidation,"validation: """"\200\000\000\001&\000\000\000\024)/\352\224<:Q\231\304\227'3\313\030Q\264XQl\247\003\354\245\364D\352R\216\206b4,p\2079'\3229\214pa\315o:\200`\214P\027\000\000\000\000\000\000\000\000\000\000\000\000\000\000\000\000\000\000\000\000\000\000\000\000\000\000\000\000\000\000\000\000P\031\370\361\367\235\210sr\037\032`/X%b\364\000\2261<\024n\271\n\247\213\340ngjzz\321s!\003ql\302)\235\321\t\213\224\356\374%%\311\327\037\374\304\t\335\2359\344\233\035]\347<u\236\364\222vG0E\002!\000\305Qb\315i<\251\264\327\276\020\345&\271\226v\266\326obU*\021\322\362e\017\177\006`\375b\002 /\302\341];\247\227\316\371\0076\020R\3227/\271\032\277E\246\331\251\374\236\231\250\016\323\004\201&""; ","validation: """"\200\000\000\001&\000\000\000\024)/\352\224<:Q\231\304\227'3\313\030Q\264XQl\247\003\354\245\364D\352R\216\206b4,p\2079'\3229\214pa\315o:\200`\214P\027\000\000\000\000\000\000\000\000\000\000\000\000\000\000\000\000\000\000\000\000\000\000\000\000\000\000\000\000\000\000\000\000P\031\370\361\367\235\210sr\037\032`/X%b\364\000\2261<\024n\271\n\247\213\340ngjzz\321s!\003ql\302)\235\321\t\213\224\356\374%%\311\327\037\374\304\t\335\2359\344\233\035]\347<u\236\364\222vG0E\002!\000\305Qb\315i<\251\264\327\276\020\345&\271\226v\266\326obU*\021\322\362e\017\177\006`\375b\002 /\302\341];\247\227\316\371\0076\020R\3227/\271\032\277E\246\331\251\374\236\231\250\016\323\004\201&""; "
1750587324348,1750587324348,0,1,3,1,TMValidation,"validation: """"\200\000\000\001&\000\000\000\024)/\352\224<:Q\231\304\227'3\313\030Q\264XQl\247\003\354\245\364D\352R\216\206b4,p\2079'\3229\214pa\315o:\200`\214P\027\000\000\000\000\000\000\000\000\000\000\000\000\000\000\000\000\000\000\000\000\000\000\000\000\000\000\000\000\000\000\000\000P\031\370\361\367\235\210sr\037\032`/X%b\364\000\2261<\024n\271\n\247\213\340ngjzz\321s!\003ql\302)\235\321\t\213\224\356\374%%\311\327\037\374\304\t\335\2359\344\233\035]\347<u\236\364\222vG0E\002!\000\305Qb\315i<\251\264\327\276\020\345&\271\226v\266\326obU*\021\322\362e\017\177\006`\375b\002 /\302\341];\247\227\316\371\0076\020R\3227/\271\032\277E\246\331\251\374\236\231\250\016\323\004\201&""; ","validation: """"\200\000\000\001&\000\000\000\024)/\352\224<:Q\231\304\227'3\313\030Q\264XQl\247\003\354\245\364D\352R\216\206b4,p\2079'\3229\214pa\315o:\200`\214P\027\000\000\000\000\000\000\000\000\000\000\000\000\000\000\000\000\000\000\000\000\000\000\000\000\000\000\000\000\000\000\000\000P\031\370\361\367\235\210sr\037\032`/X%b\364\000\2261<\024n\271\n\247\213\340ngjzz\321s!\003ql\302)\235\321\t\213\224\356\374%%\311\327\037\374\304\t\335\2359\344\233\035]\347<u\236\364\222vG0E\002!\000\305Qb\315i<\251\264\327\276\020\345&\271\226v\266\326obU*\021\322\362e\017\177\006`\375b\002 /\302\341];\247\227\316\371\0076\020R\3227/\271\032\277E\246\331\251\374\236\231\250\016\323\004\201&""; "
1750587324348,1750587324348,0,1,3,4,TMValidation,"validation: """"\200\000\000\001&\000\000\000\024)/\352\224<:Q\231\304\227'3\313\030Q\264XQl\247\003\354\245\364D\352R\216\206b4,p\2079'\3229\214pa\315o:\200`\214P\027\000\000\000\000\000\000\000\000\000\000\000\000\000\000\000\000\000\000\000\000\000\000\000\000\000\000\000\000\000\000\000\000P\031\370\361\367\235\210sr\037\032`/X%b\364\000\2261<\024n\271\n\247\213\340ngjzz\321s!\003ql\302)\235\321\t\213\224\356\374%%\311\327\037\374\304\t\335\2359\344\233\035]\347<u\236\364\222vG0E\002!\000\305Qb\315i<\251\264\327\276\020\345&\271\226v\266\326obU*\021\322\362e\017\177\006`\375b\002 /\302\341];\247\227\316\371\0076\020R\3227/\271\032\277E\246\331\251\374\236\231\250\016\323\004\201&""; ","validation: """"\200\000\000\001&\000\000\000\024)/\352\224<:Q\231\304\227'3\313\030Q\264XQl\247\003\354\245\364D\352R\216\206b4,p\2079'\3229\214pa\315o:\200`\214P\027\000\000\000\000\000\000\000\000\000\000\000\000\000\000\000\000\000\000\000\000\000\000\000\000\000\000\000\000\000\000\000\000P\031\370\361\367\235\210sr\037\032`/X%b\364\000\2261<\024n\271\n\247\213\340ngjzz\321s!\003ql\302)\235\321\t\213\224\356\374%%\311\327\037\374\304\t\335\2359\344\233\035]\347<u\236\364\222vG0E\002!\000\305Qb\315i<\251\264\327\276\020\345&\271\226v\266\326obU*\021\322\362e\017\177\006`\375b\002 /\302\341];\247\227\316\371\0076\020R\3227/\271\032\277E\246\331\251\374\236\231\250\016\323\004\201&""; "
1750587324349,1750587324349,0,1,3,0,TMValidation,"validation: """"\200\000\000\001&\000\000\000\024)/\352\224<:Q\231\304\227'3\313\030Q\264XQl\247\003\354\245\364D\352R\216\206b4,p\2079'\3229\214pa\315o:\200`\214P\027\000\000\000\000\000\000\000\000\000\000\000\000\000\000\000\000\000\000\000\000\000\000\000\000\000\000\000\000\000\000\000\000P\031\370\361\367\235\210sr\037\032`/X%b\364\000\2261<\024n\271\n\247\213\340ngjzz\321s!\003ql\302)\235\321\t\213\224\356\374%%\311\327\037\374\304\t\335\2359\344\233\035]\347<u\236\364\222vG0E\002!\000\305Qb\315i<\251\264\327\276\020\345&\271\226v\266\326obU*\021\322\362e\017\177\006`\375b\002 /\302\341];\247\227\316\371\0076\020R\3227/\271\032\277E\246\331\251\374\236\231\250\016\323\004\201&""; ","validation: """"\200\000\000\001&\000\000\000\024)/\352\224<:Q\231\304\227'3\313\030Q\264XQl\247\003\354\245\364D\352R\216\206b4,p\2079'\3229\214pa\315o:\200`\214P\027\000\000\000\000\000\000\000\000\000\000\000\000\000\000\000\000\000\000\000\000\000\000\000\000\000\000\000\000\000\000\000\000P\031\370\361\367\235\210sr\037\032`/X%b\364\000\2261<\024n\271\n\247\213\340ngjzz\321s!\003ql\302)\235\321\t\213\224\356\374%%\311\327\037\374\304\t\335\2359\344\233\035]\347<u\236\364\222vG0E\002!\000\305Qb\315i<\251\264\327\276\020\345&\271\226v\266\326obU*\021\322\362e\017\177\006`\375b\002 /\302\341];\247\227\316\371\0076\020R\3227/\271\032\277E\246\331\251\374\236\231\250\016\323\004\201&""; "
1750587324349,1750587324349,0,1,0,3,TMValidation,"validation: """"\200\000\000\001&\000\000\000\024)/\352\224<:Q\231\304\227'3\313\030Q\264XQl\247\003\354\245\364D\352R\216\206b4,p\2079'\3229\214pa\315o:\200`\214P\027\000\000\000\000\000\000\000\000\000\000\000\000\000\000\000\000\000\000\000\000\000\000\000\000\000\000\000\000\000\000\000\000P\031\370\361\367\235\210sr\037\032`/X%b\364\000\2261<\024n\271\n\247\213\340ngjzz\321s!\003ql\302)\235\321\t\213\224\356\374%%\311\327\037\374\304\t\335\2359\344\233\035]\347<u\236\364\222vG0E\002!\000\305Qb\315i<\251\264\327\276\020\345&\271\226v\266\326obU*\021\322\362e\017\177\006`\375b\002 /\302\341];\247\227\316\371\0076\020R\3227/\271\032\277E\246\331\251\374\236\231\250\016\323\004\201&""; ","validation: """"\200\000\000\001&\000\000\000\024)/\352\224<:Q\231\304\227'3\313\030Q\264XQl\247\003\354\245\364D\352R\216\206b4,p\2079'\3229\214pa\315o:\200`\214P\027\000\000\000\000\000\000\000\000\000\000\000\000\000\000\000\000\000\000\000\000\000\000\000\000\000\000\000\000\000\000\000\000P\031\370\361\367\235\210sr\037\032`/X%b\364\000\2261<\024n\271\n\247\213\340ngjzz\321s!\003ql\302)\235\321\t\213\224\356\374%%\311\327\037\374\304\t\335\2359\344\233\035]\347<u\236\364\222vG0E\002!\000\305Qb\315i<\251\264\327\276\020\345&\271\226v\266\326obU*\021\322\362e\017\177\006`\375b\002 /\302\341];\247\227\316\371\0076\020R\3227/\271\032\277E\246\331\251\374\236\231\250\016\323\004\201&""; "
1750587324350,1750587324350,0,1,0,1,TMValidation,"validation: """"\200\000\000\001&\000\000\000\024)/\352\224<:Q\231\304\227'3\313\030Q\264XQl\247\003\354\245\364D\352R\216\206b4,p\2079'\3229\214pa\315o:\200`\214P\027\000\000\000\000\000\000\000\000\000\000\000\000\000\000\000\000\000\000\000\000\000\000\000\000\000\000\000\000\000\000\000\000P\031\370\361\367\235\210sr\037\032`/X%b\364\000\2261<\024n\271\n\247\213\340ngjzz\321s!\003ql\302)\235\321\t\213\224\356\374%%\311\327\037\374\304\t\335\2359\344\233\035]\347<u\236\364\222vG0E\002!\000\305Qb\315i<\251\264\327\276\020\345&\271\226v\266\326obU*\021\322\362e\017\177\006`\375b\002 /\302\341];\247\227\316\371\0076\020R\3227/\271\032\277E\246\331\251\374\236\231\250\016\323\004\201&""; ","validation: """"\200\000\000\001&\000\000\000\024)/\352\224<:Q\231\304\227'3\313\030Q\264XQl\247\003\354\245\364D\352R\216\206b4,p\2079'\3229\214pa\315o:\200`\214P\027\000\000\000\000\000\000\000\000\000\000\000\000\000\000\000\000\000\000\000\000\000\000\000\000\000\000\000\000\000\000\000\000P\031\370\361\367\235\210sr\037\032`/X%b\364\000\2261<\024n\271\n\247\213\340ngjzz\321s!\003ql\302)\235\321\t\213\224\356\374%%\311\327\037\374\304\t\335\2359\344\233\035]\347<u\236\364\222vG0E\002!\000\305Qb\315i<\251\264\327\276\020\345&\271\226v\266\326obU*\021\322\362e\017\177\006`\375b\002 /\302\341];\247\227\316\371\0076\020R\3227/\271\032\277E\246\331\251\374\236\231\250\016\323\004\201&""; "
1750587324351,1750587324351,0,1,1,0,TMValidation,"validation: """"\200\000\000\001&\000\000\000\024)/\352\224<:Q\231\304\227'3\313\030Q\264XQl\247\003\354\245\364D\352R\216\206b4,p\2079'\3229\214pa\315o:\200`\214P\027\000\000\000\000\000\000\000\000\000\000\000\000\000\000\000\000\000\000\000\000\000\000\000\000\000\000\000\000\000\000\000\000P\031\370\361\367\235\210sr\037\032`/X%b\364\000\2261<\024n\271\n\247\213\340ngjzz\321s!\003ql\302)\235\321\t\213\224\356\374%%\311\327\037\374\304\t\335\2359\344\233\035]\347<u\236\364\222vG0E\002!\000\305Qb\315i<\251\264\327\276\020\345&\271\226v\266\326obU*\021\322\362e\017\177\006`\375b\002 /\302\341];\247\227\316\371\0076\020R\3227/\271\032\277E\246\331\251\374\236\231\250\016\323\004\201&""; ","validation: """"\200\000\000\001&\000\000\000\024)/\352\224<:Q\231\304\227'3\313\030Q\264XQl\247\003\354\245\364D\352R\216\206b4,p\2079'\3229\214pa\315o:\200`\214P\027\000\000\000\000\000\000\000\000\000\000\000\000\000\000\000\000\000\000\000\000\000\000\000\000\000\000\000\000\000\000\000\000P\031\370\361\367\235\210sr\037\032`/X%b\364\000\2261<\024n\271\n\247\213\340ngjzz\321s!\003ql\302)\235\321\t\213\224\356\374%%\311\327\037\374\304\t\335\2359\344\233\035]\347<u\236\364\222vG0E\002!\000\305Qb\315i<\251\264\327\276\020\345&\271\226v\266\326obU*\021\322\362e\017\177\006`\375b\002 /\302\341];\247\227\316\371\0076\020R\3227/\271\032\277E\246\331\251\374\236\231\250\016\323\004\201&""; "
1750587324349,1750587324350,0,1,0,4,TMValidation,"validation: """"\200\000\000\001&\000\000\000\024)/\352\224<:Q\231\304\227'3\313\030Q\264XQl\247\003\354\245\364D\352R\216\206b4,p\2079'\3229\214pa\315o:\200`\214P\027\000\000\000\000\000\000\000\000\000\000\000\000\000\000\000\000\000\000\000\000\000\000\000\000\000\000\000\000\000\000\000\000P\031\370\361\367\235\210sr\037\032`/X%b\364\000\2261<\024n\271\n\247\213\340ngjzz\321s!\003ql\302)\235\321\t\213\224\356\374%%\311\327\037\374\304\t\335\2359\344\233\035]\347<u\236\364\222vG0E\002!\000\305Qb\315i<\251\264\327\276\020\345&\271\226v\266\326obU*\021\322\362e\017\177\006`\375b\002 /\302\341];\247\227\316\371\0076\020R\3227/\271\032\277E\246\331\251\374\236\231\250\016\323\004\201&""; ","validation: """"\200\000\000\001&\000\000\000\024)/\352\224<:Q\231\304\227'3\313\030Q\264XQl\247\003\354\245\364D\352R\216\206b4,p\2079'\3229\214pa\315o:\200`\214P\027\000\000\000\000\000\000\000\000\000\000\000\000\000\000\000\000\000\000\000\000\000\000\000\000\000\000\000\000\000\000\000\000P\031\370\361\367\235\210sr\037\032`/X%b\364\000\2261<\024n\271\n\247\213\340ngjzz\321s!\003ql\302)\235\321\t\213\224\356\374%%\311\327\037\374\304\t\335\2359\344\233\035]\347<u\236\364\222vG0E\002!\000\305Qb\315i<\251\264\327\276\020\345&\271\226v\266\326obU*\021\322\362e\017\177\006`\375b\002 /\302\341];\247\227\316\371\0076\020R\3227/\271\032\277E\246\331\251\374\236\231\250\016\323\004\201&""; "
1750587324351,1750587324351,0,1,1,4,TMValidation,"validation: """"\200\000\000\001&\000\000\000\024)/\352\224<:Q\231\304\227'3\313\030Q\264XQl\247\003\354\245\364D\352R\216\206b4,p\2079'\3229\214pa\315o:\200`\214P\027\000\000\000\000\000\000\000\000\000\000\000\000\000\000\000\000\000\000\000\000\000\000\000\000\000\000\000\000\000\000\000\000P\031\370\361\367\235\210sr\037\032`/X%b\364\000\2261<\024n\271\n\247\213\340ngjzz\321s!\003ql\302)\235\321\t\213\224\356\374%%\311\327\037\374\304\t\335\2359\344\233\035]\347<u\236\364\222vG0E\002!\000\305Qb\315i<\251\264\327\276\020\345&\271\226v\266\326obU*\021\322\362e\017\177\006`\375b\002 /\302\341];\247\227\316\371\0076\020R\3227/\271\032\277E\246\331\251\374\236\231\250\016\323\004\201&""; ","validation: """"\200\000\000\001&\000\000\000\024)/\352\224<:Q\231\304\227'3\313\030Q\264XQl\247\003\354\245\364D\352R\216\206b4,p\2079'\3229\214pa\315o:\200`\214P\027\000\000\000\000\000\000\000\000\000\000\000\000\000\000\000\000\000\000\000\000\000\000\000\000\000\000\000\000\000\000\000\000P\031\370\361\367\235\210sr\037\032`/X%b\364\000\2261<\024n\271\n\247\213\340ngjzz\321s!\003ql\302)\235\321\t\213\224\356\374%%\311\327\037\374\304\t\335\2359\344\233\035]\347<u\236\364\222vG0E\002!\000\305Qb\315i<\251\264\327\276\020\345&\271\226v\266\326obU*\021\322\362e\017\177\006`\375b\002 /\302\341];\247\227\316\371\0076\020R\3227/\271\032\277E\246\331\251\374\236\231\250\016\323\004\201&""; "
1750587324350,1750587324350,0,1,1,3,TMValidation,"validation: """"\200\000\000\001&\000\000\000\024)/\352\224<:Q\231\304\227'3\313\030Q\264XQl\247\003\354\245\364D\352R\216\206b4,p\2079'\3229\214pa\315o:\200`\214P\027\000\000\000\000\000\000\000\000\000\000\000\000\000\000\000\000\000\000\000\000\000\000\000\000\000\000\000\000\000\000\000\000P\031\370\361\367\235\210sr\037\032`/X%b\364\000\2261<\024n\271\n\247\213\340ngjzz\321s!\003ql\302)\235\321\t\213\224\356\374%%\311\327\037\374\304\t\335\2359\344\233\035]\347<u\236\364\222vG0E\002!\000\305Qb\315i<\251\264\327\276\020\345&\271\226v\266\326obU*\021\322\362e\017\177\006`\375b\002 /\302\341];\247\227\316\371\0076\020R\3227/\271\032\277E\246\331\251\374\236\231\250\016\323\004\201&""; ","validation: """"\200\000\000\001&\000\000\000\024)/\352\224<:Q\231\304\227'3\313\030Q\264XQl\247\003\354\245\364D\352R\216\206b4,p\2079'\3229\214pa\315o:\200`\214P\027\000\000\000\000\000\000\000\000\000\000\000\000\000\000\000\000\000\000\000\000\000\000\000\000\000\000\000\000\000\000\000\000P\031\370\361\367\235\210sr\037\032`/X%b\364\000\2261<\024n\271\n\247\213\340ngjzz\321s!\003ql\302)\235\321\t\213\224\356\374%%\311\327\037\374\304\t\335\2359\344\233\035]\347<u\236\364\222vG0E\002!\000\305Qb\315i<\251\264\327\276\020\345&\271\226v\266\326obU*\021\322\362e\017\177\006`\375b\002 /\302\341];\247\227\316\371\0076\020R\3227/\271\032\277E\246\331\251\374\236\231\250\016\323\004\201&""; "
1750587324352,1750587324352,0,1,4,3,TMValidation,"validation: """"\200\000\000\001&\000\000\000\024)/\352\224<:Q\231\304\227'3\313\030Q\264XQl\247\003\354\245\364D\352R\216\206b4,p\2079'\3229\214pa\315o:\200`\214P\027\000\000\000\000\000\000\000\000\000\000\000\000\000\000\000\000\000\000\000\000\000\000\000\000\000\000\000\000\000\000\000\000P\031\370\361\367\235\210sr\037\032`/X%b\364\000\2261<\024n\271\n\247\213\340ngjzz\321s!\003ql\302)\235\321\t\213\224\356\374%%\311\327\037\374\304\t\335\2359\344\233\035]\347<u\236\364\222vG0E\002!\000\305Qb\315i<\251\264\327\276\020\345&\271\226v\266\326obU*\021\322\362e\017\177\006`\375b\002 /\302\341];\247\227\316\371\0076\020R\3227/\271\032\277E\246\331\251\374\236\231\250\016\323\004\201&""; ","validation: """"\200\000\000\001&\000\000\000\024)/\352\224<:Q\231\304\227'3\313\030Q\264XQl\247\003\354\245\364D\352R\216\206b4,p\2079'\3229\214pa\315o:\200`\214P\027\000\000\000\000\000\000\000\000\000\000\000\000\000\000\000\000\000\000\000\000\000\000\000\000\000\000\000\000\000\000\000\000P\031\370\361\367\235\210sr\037\032`/X%b\364\000\2261<\024n\271\n\247\213\340ngjzz\321s!\003ql\302)\235\321\t\213\224\356\374%%\311\327\037\374\304\t\335\2359\344\233\035]\347<u\236\364\222vG0E\002!\000\305Qb\315i<\251\264\327\276\020\345&\271\226v\266\326obU*\021\322\362e\017\177\006`\375b\002 /\302\341];\247\227\316\371\0076\020R\3227/\271\032\277E\246\331\251\374\236\231\250\016\323\004\201&""; "
1750587324354,1750587324354,0,1,4,0,TMValidation,"validation: """"\200\000\000\001&\000\000\000\024)/\352\224<:Q\231\304\227'3\313\030Q\264XQl\247\003\354\245\364D\352R\216\206b4,p\2079'\3229\214pa\315o:\200`\214P\027\000\000\000\000\000\000\000\000\000\000\000\000\000\000\000\000\000\000\000\000\000\000\000\000\000\000\000\000\000\000\000\000P\031\370\361\367\235\210sr\037\032`/X%b\364\000\2261<\024n\271\n\247\213\340ngjzz\321s!\003ql\302)\235\321\t\213\224\356\374%%\311\327\037\374\304\t\335\2359\344\233\035]\347<u\236\364\222vG0E\002!\000\305Qb\315i<\251\264\327\276\020\345&\271\226v\266\326obU*\021\322\362e\017\177\006`\375b\002 /\302\341];\247\227\316\371\0076\020R\3227/\271\032\277E\246\331\251\374\236\231\250\016\323\004\201&""; ","validation: """"\200\000\000\001&\000\000\000\024)/\352\224<:Q\231\304\227'3\313\030Q\264XQl\247\003\354\245\364D\352R\216\206b4,p\2079'\3229\214pa\315o:\200`\214P\027\000\000\000\000\000\000\000\000\000\000\000\000\000\000\000\000\000\000\000\000\000\000\000\000\000\000\000\000\000\000\000\000P\031\370\361\367\235\210sr\037\032`/X%b\364\000\2261<\024n\271\n\247\213\340ngjzz\321s!\003ql\302)\235\321\t\213\224\356\374%%\311\327\037\374\304\t\335\2359\344\233\035]\347<u\236\364\222vG0E\002!\000\305Qb\315i<\251\264\327\276\020\345&\271\226v\266\326obU*\021\322\362e\017\177\006`\375b\002 /\302\341];\247\227\316\371\0076\020R\3227/\271\032\277E\246\331\251\374\236\231\250\016\323\004\201&""; "
1750587324354,1750587324354,0,1,4,1,TMValidation,"validation: """"\200\000\000\001&\000\000\000\024)/\352\224<:Q\231\304\227'3\313\030Q\264XQl\247\003\354\245\364D\352R\216\206b4,p\2079'\3229\214pa\315o:\200`\214P\027\000\000\000\000\000\000\000\000\000\000\000\000\000\000\000\000\000\000\000\000\000\000\000\000\000\000\000\000\000\000\000\000P\031\370\361\367\235\210sr\037\032`/X%b\364\000\2261<\024n\271\n\247\213\340ngjzz\321s!\003ql\302)\235\321\t\213\224\356\374%%\311\327\037\374\304\t\335\2359\344\233\035]\347<u\236\364\222vG0E\002!\000\305Qb\315i<\251\264\327\276\020\345&\271\226v\266\326obU*\021\322\362e\017\177\006`\375b\002 /\302\341];\247\227\316\371\0076\020R\3227/\271\032\277E\246\331\251\374\236\231\250\016\323\004\201&""; ","validation: """"\200\000\000\001&\000\000\000\024)/\352\224<:Q\231\304\227'3\313\030Q\264XQl\247\003\354\245\364D\352R\216\206b4,p\2079'\3229\214pa\315o:\200`\214P\027\000\000\000\000\000\000\000\000\000\000\000\000\000\000\000\000\000\000\000\000\000\000\000\000\000\000\000\000\000\000\000\000P\031\370\361\367\235\210sr\037\032`/X%b\364\000\2261<\024n\271\n\247\213\340ngjzz\321s!\003ql\302)\235\321\t\213\224\356\374%%\311\327\037\374\304\t\335\2359\344\233\035]\347<u\236\364\222vG0E\002!\000\305Qb\315i<\251\264\327\276\020\345&\271\226v\266\326obU*\021\322\362e\017\177\006`\375b\002 /\302\341];\247\227\316\371\0076\020R\3227/\271\032\277E\246\331\251\374\236\231\250\016\323\004\201&""; "
1750587324459,1750587324499,0,1,1,4,TMStatusChange,"newEvent: neCLOSING_LEDGER; ledgerSeq: 20; ledgerHash: ""\264XQl\247\003\354\245\364D\352R\216\206b4,p\2079'\3229\214pa\315o:\200`\214""; ledgerHashPrevious: ""\370\361\367\235\210sr\037\032`/X%b\364\000\2261<\024n\271\n\247\213\340ngjzz\321""; networkTime: 803902524; firstSeq: 1; lastSeq: 20; ","newEvent: neCLOSING_LEDGER; ledgerSeq: 20; ledgerHash: ""\264XQl\247\003\354\245\364D\352R\216\206b4,p\2079'\3229\214pa\315o:\200`\214""; ledgerHashPrevious: ""\370\361\367\235\210sr\037\032`/X%b\364\000\2261<\024n\271\n\247\213\340ngjzz\321""; networkTime: 803902524; firstSeq: 1; lastSeq: 20; "
1750587324460,1750587324499,0,1,1,3,TMStatusChange,"newEvent: neCLOSING_LEDGER; ledgerSeq: 20; ledgerHash: ""\264XQl\247\003\354\245\364D\352R\216\206b4,p\2079'\3229\214pa\315o:\200`\214""; ledgerHashPrevious: ""\370\361\367\235\210sr\037\032`/X%b\364\000\2261<\024n\271\n\247\213\340ngjzz\321""; networkTime: 803902524; firstSeq: 1; lastSeq: 20; ","newEvent: neCLOSING_LEDGER; ledgerSeq: 20; ledgerHash: ""\264XQl\247\003\354\245\364D\352R\216\206b4,p\2079'\3229\214pa\315o:\200`\214""; ledgerHashPrevious: ""\370\361\367\235\210sr\037\032`/X%b\364\000\2261<\024n\271\n\247\213\340ngjzz\321""; networkTime: 803902524; firstSeq: 1; lastSeq: 20; "
1750587324460,1750587324500,0,1,1,2,TMStatusChange,"newEvent: neCLOSING_LEDGER; ledgerSeq: 20; ledgerHash: ""\264XQl\247\003\354\245\364D\352R\216\206b4,p\2079'\3229\214pa\315o:\200`\214""; ledgerHashPrevious: ""\370\361\367\235\210sr\037\032`/X%b\364\000\2261<\024n\271\n\247\213\340ngjzz\321""; networkTime: 803902524; firstSeq: 1; lastSeq: 20; ","newEvent: neCLOSING_LEDGER; ledgerSeq: 20; ledgerHash: ""\264XQl\247\003\354\245\364D\352R\216\206b4,p\2079'\3229\214pa\315o:\200`\214""; ledgerHashPrevious: ""\370\361\367\235\210sr\037\032`/X%b\364\000\2261<\024n\271\n\247\213\340ngjzz\321""; networkTime: 803902524; firstSeq: 1; lastSeq: 20; "
1750587324460,1750587324499,0,1,1,0,TMStatusChange,"newEvent: neCLOSING_LEDGER; ledgerSeq: 20; ledgerHash: ""\264XQl\247\003\354\245\364D\352R\216\206b4,p\2079'\3229\214pa\315o:\200`\214""; ledgerHashPrevious: ""\370\361\367\235\210sr\037\032`/X%b\364\000\2261<\024n\271\n\247\213\340ngjzz\321""; networkTime: 803902524; firstSeq: 1; lastSeq: 20; ","newEvent: neCLOSING_LEDGER; ledgerSeq: 20; ledgerHash: ""\264XQl\247\003\354\245\364D\352R\216\206b4,p\2079'\3229\214pa\315o:\200`\214""; ledgerHashPrevious: ""\370\361\367\235\210sr\037\032`/X%b\364\000\2261<\024n\271\n\247\213\340ngjzz\321""; networkTime: 803902524; firstSeq: 1; lastSeq: 20; "
1750587324502,1750587324502,0,1,1,4,TMProposeSet,"proposeSeq: 0; currentTxHash: ""\000\000\000\000\000\000\000\000\000\000\000\000\000\000\000\000\000\000\000\000\000\000\000\000\000\000\000\000\000\000\000\000""; nodePubKey: ""\003\343\005\311u\203\370\0338\3174\324\010\006\301\251\177\261\304eOX\262)FA-\022r\263wm\024""; closeTime: 803902524; signature: ""0D\002 r\267\274\322\t\353Q'_\256\354m#c\307\331%lwjl\367\375\022\020_\355 \250\206\241f\002 6\2038&N\247\311\353n\204\255\034\264\022/\264\021\350\303\325\332\204]\266m\365\315\304\345S\302\211""; previousledger: ""\264XQl\247\003\354\245\364D\352R\216\206b4,p\2079'\3229\214pa\315o:\200`\214""; ","proposeSeq: 0; currentTxHash: ""\000\000\000\000\000\000\000\000\000\000\000\000\000\000\000\000\000\000\000\000\000\000\000\000\000\000\000\000\000\000\000\000""; nodePubKey: ""\003\343\005\311u\203\370\0338\3174\324\010\006\301\251\177\261\304eOX\262)FA-\022r\263wm\024""; closeTime: 803902524; signature: ""0D\002 r\267\274\322\t\353Q'_\256\354m#c\307\331%lwjl\367\375\022\020_\355 \250\206\241f\002 6\2038&N\247\311\353n\204\255\034\264\022/\264\021\350\303\325\332\204]\266m\365\315\304\345S\302\211""; previousledger: ""\264XQl\247\003\354\245\364D\352R\216\206b4,p\2079'\3229\214pa\315o:\200`\214""; "
1750587324502,1750587324503,0,1,1,0,TMProposeSet,"proposeSeq: 0; currentTxHash: ""\000\000\000\000\000\000\000\000\000\000\000\000\000\000\000\000\000\000\000\000\000\000\000\000\000\000\000\000\000\000\000\000""; nodePubKey: ""\003\343\005\311u\203\370\0338\3174\324\010\006\301\251\177\261\304eOX\262)FA-\022r\263wm\024""; closeTime: 803902524; signature: ""0D\002 r\267\274\322\t\353Q'_\256\354m#c\307\331%lwjl\367\375\022\020_\355 \250\206\241f\002 6\2038&N\247\311\353n\204\255\034\264\022/\264\021\350\303\325\332\204]\266m\365\315\304\345S\302\211""; previousledger: ""\264XQl\247\003\354\245\364D\352R\216\206b4,p\2079'\3229\214pa\315o:\200`\214""; ","proposeSeq: 0; currentTxHash: ""\000\000\000\000\000\000\000\000\000\000\000\000\000\000\000\000\000\000\000\000\000\000\000\000\000\000\000\000\000\000\000\000""; nodePubKey: ""\003\343\005\311u\203\370\0338\3174\324\010\006\301\251\177\261\304eOX\262)FA-\022r\263wm\024""; closeTime: 803902524; signature: ""0D\002 r\267\274\322\t\353Q'_\256\354m#c\307\331%lwjl\367\375\022\020_\355 \250\206\241f\002 6\2038&N\247\311\353n\204\255\034\264\022/\264\021\350\303\325\332\204]\266m\365\315\304\345S\302\211""; previousledger: ""\264XQl\247\003\354\245\364D\352R\216\206b4,p\2079'\3229\214pa\315o:\200`\214""; "
1750587324503,1750587324503,0,1,1,3,TMProposeSet,"proposeSeq: 0; currentTxHash: ""\000\000\000\000\000\000\000\000\000\000\000\000\000\000\000\000\000\000\000\000\000\000\000\000\000\000\000\000\000\000\000\000""; nodePubKey: ""\003\343\005\311u\203\370\0338\3174\324\010\006\301\251\177\261\304eOX\262)FA-\022r\263wm\024""; closeTime: 803902524; signature: ""0D\002 r\267\274\322\t\353Q'_\256\354m#c\307\331%lwjl\367\375\022\020_\355 \250\206\241f\002 6\2038&N\247\311\353n\204\255\034\264\022/\264\021\350\303\325\332\204]\266m\365\315\304\345S\302\211""; previousledger: ""\264XQl\247\003\354\245\364D\352R\216\206b4,p\2079'\3229\214pa\315o:\200`\214""; ","proposeSeq: 0; currentTxHash: ""\000\000\000\000\000\000\000\000\000\000\000\000\000\000\000\000\000\000\000\000\000\000\000\000\000\000\000\000\000\000\000\000""; nodePubKey: ""\003\343\005\311u\203\370\0338\3174\324\010\006\301\251\177\261\304eOX\262)FA-\022r\263wm\024""; closeTime: 803902524; signature: ""0D\002 r\267\274\322\t\353Q'_\256\354m#c\307\331%lwjl\367\375\022\020_\355 \250\206\241f\002 6\2038&N\247\311\353n\204\255\034\264\022/\264\021\350\303\325\332\204]\266m\365\315\304\345S\302\211""; previousledger: ""\264XQl\247\003\354\245\364D\352R\216\206b4,p\2079'\3229\214pa\315o:\200`\214""; "
1750587324503,1750587324503,0,1,1,2,TMProposeSet,"proposeSeq: 0; currentTxHash: ""\000\000\000\000\000\000\000\000\000\000\000\000\000\000\000\000\000\000\000\000\000\000\000\000\000\000\000\000\000\000\000\000""; nodePubKey: ""\003\343\005\311u\203\370\0338\3174\324\010\006\301\251\177\261\304eOX\262)FA-\022r\263wm\024""; closeTime: 803902524; signature: ""0D\002 r\267\274\322\t\353Q'_\256\354m#c\307\331%lwjl\367\375\022\020_\355 \250\206\241f\002 6\2038&N\247\311\353n\204\255\034\264\022/\264\021\350\303\325\332\204]\266m\365\315\304\345S\302\211""; previousledger: ""\264XQl\247\003\354\245\364D\352R\216\206b4,p\2079'\3229\214pa\315o:\200`\214""; ","proposeSeq: 0; currentTxHash: ""\000\000\000\000\000\000\000\000\000\000\000\000\000\000\000\000\000\000\000\000\000\000\000\000\000\000\000\000\000\000\000\000""; nodePubKey: ""\003\343\005\311u\203\370\0338\3174\324\010\006\301\251\177\261\304eOX\262)FA-\022r\263wm\024""; closeTime: 803902524; signature: ""0D\002 r\267\274\322\t\353Q'_\256\354m#c\307\331%lwjl\367\375\022\020_\355 \250\206\241f\002 6\2038&N\247\311\353n\204\255\034\264\022/\264\021\350\303\325\332\204]\266m\365\315\304\345S\302\211""; previousledger: ""\264XQl\247\003\354\245\364D\352R\216\206b4,p\2079'\3229\214pa\315o:\200`\214""; "
1750587324506,1750587324506,0,1,0,4,TMProposeSet,"proposeSeq: 0; currentTxHash: ""\000\000\000\000\000\000\000\000\000\000\000\000\000\000\000\000\000\000\000\000\000\000\000\000\000\000\000\000\000\000\000\000""; nodePubKey: ""\003\343\005\311u\203\370\0338\3174\324\010\006\301\251\177\261\304eOX\262)FA-\022r\263wm\024""; closeTime: 803902524; signature: ""0D\002 r\267\274\322\t\353Q'_\256\354m#c\307\331%lwjl\367\375\022\020_\355 \250\206\241f\002 6\2038&N\247\311\353n\204\255\034\264\022/\264\021\350\303\325\332\204]\266m\365\315\304\345S\302\211""; previousledger: ""\264XQl\247\003\354\245\364D\352R\216\206b4,p\2079'\3229\214pa\315o:\200`\214""; ","proposeSeq: 0; currentTxHash: ""\000\000\000\000\000\000\000\000\000\000\000\000\000\000\000\000\000\000\000\000\000\000\000\000\000\000\000\000\000\000\000\000""; nodePubKey: ""\003\343\005\311u\203\370\0338\3174\324\010\006\301\251\177\261\304eOX\262)FA-\022r\263wm\024""; closeTime: 803902524; signature: ""0D\002 r\267\274\322\t\353Q'_\256\354m#c\307\331%lwjl\367\375\022\020_\355 \250\206\241f\002 6\2038&N\247\311\353n\204\255\034\264\022/\264\021\350\303\325\332\204]\266m\365\315\304\345S\302\211""; previousledger: ""\264XQl\247\003\354\245\364D\352R\216\206b4,p\2079'\3229\214pa\315o:\200`\214""; "
1750587324506,1750587324506,0,1,0,3,TMProposeSet,"proposeSeq: 0; currentTxHash: ""\000\000\000\000\000\000\000\000\000\000\000\000\000\000\000\000\000\000\000\000\000\000\000\000\000\000\000\000\000\000\000\000""; nodePubKey: ""\003\343\005\311u\203\370\0338\3174\324\010\006\301\251\177\261\304eOX\262)FA-\022r\263wm\024""; closeTime: 803902524; signature: ""0D\002 r\267\274\322\t\353Q'_\256\354m#c\307\331%lwjl\367\375\022\020_\355 \250\206\241f\002 6\2038&N\247\311\353n\204\255\034\264\022/\264\021\350\303\325\332\204]\266m\365\315\304\345S\302\211""; previousledger: ""\264XQl\247\003\354\245\364D\352R\216\206b4,p\2079'\3229\214pa\315o:\200`\214""; ","proposeSeq: 0; currentTxHash: ""\000\000\000\000\000\000\000\000\000\000\000\000\000\000\000\000\000\000\000\000\000\000\000\000\000\000\000\000\000\000\000\000""; nodePubKey: ""\003\343\005\311u\203\370\0338\3174\324\010\006\301\251\177\261\304eOX\262)FA-\022r\263wm\024""; closeTime: 803902524; signature: ""0D\002 r\267\274\322\t\353Q'_\256\354m#c\307\331%lwjl\367\375\022\020_\355 \250\206\241f\002 6\2038&N\247\311\353n\204\255\034\264\022/\264\021\350\303\325\332\204]\266m\365\315\304\345S\302\211""; previousledger: ""\264XQl\247\003\354\245\364D\352R\216\206b4,p\2079'\3229\214pa\315o:\200`\214""; "
1750587324507,1750587324507,0,1,0,2,TMProposeSet,"proposeSeq: 0; currentTxHash: ""\000\000\000\000\000\000\000\000\000\000\000\000\000\000\000\000\000\000\000\000\000\000\000\000\000\000\000\000\000\000\000\000""; nodePubKey: ""\003\343\005\311u\203\370\0338\3174\324\010\006\301\251\177\261\304eOX\262)FA-\022r\263wm\024""; closeTime: 803902524; signature: ""0D\002 r\267\274\322\t\353Q'_\256\354m#c\307\331%lwjl\367\375\022\020_\355 \250\206\241f\002 6\2038&N\247\311\353n\204\255\034\264\022/\264\021\350\303\325\332\204]\266m\365\315\304\345S\302\211""; previousledger: ""\264XQl\247\003\354\245\364D\352R\216\206b4,p\2079'\3229\214pa\315o:\200`\214""; ","proposeSeq: 0; currentTxHash: ""\000\000\000\000\000\000\000\000\000\000\000\000\000\000\000\000\000\000\000\000\000\000\000\000\000\000\000\000\000\000\000\000""; nodePubKey: ""\003\343\005\311u\203\370\0338\3174\324\010\006\301\251\177\261\304eOX\262)FA-\022r\263wm\024""; closeTime: 803902524; signature: ""0D\002 r\267\274\322\t\353Q'_\256\354m#c\307\331%lwjl\367\375\022\020_\355 \250\206\241f\002 6\2038&N\247\311\353n\204\255\034\264\022/\264\021\350\303\325\332\204]\266m\365\315\304\345S\302\211""; previousledger: ""\264XQl\247\003\354\245\364D\352R\216\206b4,p\2079'\3229\214pa\315o:\200`\214""; "
1750587324508,1750587324508,0,1,3,0,TMProposeSet,"proposeSeq: 0; currentTxHash: ""\000\000\000\000\000\000\000\000\000\000\000\000\000\000\000\000\000\000\000\000\000\000\000\000\000\000\000\000\000\000\000\000""; nodePubKey: ""\003\343\005\311u\203\370\0338\3174\324\010\006\301\251\177\261\304eOX\262)FA-\022r\263wm\024""; closeTime: 803902524; signature: ""0D\002 r\267\274\322\t\353Q'_\256\354m#c\307\331%lwjl\367\375\022\020_\355 \250\206\241f\002 6\2038&N\247\311\353n\204\255\034\264\022/\264\021\350\303\325\332\204]\266m\365\315\304\345S\302\211""; previousledger: ""\264XQl\247\003\354\245\364D\352R\216\206b4,p\2079'\3229\214pa\315o:\200`\214""; ","proposeSeq: 0; currentTxHash: ""\000\000\000\000\000\000\000\000\000\000\000\000\000\000\000\000\000\000\000\000\000\000\000\000\000\000\000\000\000\000\000\000""; nodePubKey: ""\003\343\005\311u\203\370\0338\3174\324\010\006\301\251\177\261\304eOX\262)FA-\022r\263wm\024""; closeTime: 803902524; signature: ""0D\002 r\267\274\322\t\353Q'_\256\354m#c\307\331%lwjl\367\375\022\020_\355 \250\206\241f\002 6\2038&N\247\311\353n\204\255\034\264\022/\264\021\350\303\325\332\204]\266m\365\315\304\345S\302\211""; previousledger: ""\264XQl\247\003\354\245\364D\352R\216\206b4,p\2079'\3229\214pa\315o:\200`\214""; "
1750587324508,1750587324508,0,1,3,4,TMProposeSet,"proposeSeq: 0; currentTxHash: ""\000\000\000\000\000\000\000\000\000\000\000\000\000\000\000\000\000\000\000\000\000\000\000\000\000\000\000\000\000\000\000\000""; nodePubKey: ""\003\343\005\311u\203\370\0338\3174\324\010\006\301\251\177\261\304eOX\262)FA-\022r\263wm\024""; closeTime: 803902524; signature: ""0D\002 r\267\274\322\t\353Q'_\256\354m#c\307\331%lwjl\367\375\022\020_\355 \250\206\241f\002 6\2038&N\247\311\353n\204\255\034\264\022/\264\021\350\303\325\332\204]\266m\365\315\304\345S\302\211""; previousledger: ""\264XQl\247\003\354\245\364D\352R\216\206b4,p\2079'\3229\214pa\315o:\200`\214""; ","proposeSeq: 0; currentTxHash: ""\000\000\000\000\000\000\000\000\000\000\000\000\000\000\000\000\000\000\000\000\000\000\000\000\000\000\000\000\000\000\000\000""; nodePubKey: ""\003\343\005\311u\203\370\0338\3174\324\010\006\301\251\177\261\304eOX\262)FA-\022r\263wm\024""; closeTime: 803902524; signature: ""0D\002 r\267\274\322\t\353Q'_\256\354m#c\307\331%lwjl\367\375\022\020_\355 \250\206\241f\002 6\2038&N\247\311\353n\204\255\034\264\022/\264\021\350\303\325\332\204]\266m\365\315\304\345S\302\211""; previousledger: ""\264XQl\247\003\354\245\364D\352R\216\206b4,p\2079'\3229\214pa\315o:\200`\214""; "
1750587324508,1750587324508,0,1,3,2,TMProposeSet,"proposeSeq: 0; currentTxHash: ""\000\000\000\000\000\000\000\000\000\000\000\000\000\000\000\000\000\000\000\000\000\000\000\000\000\000\000\000\000\000\000\000""; nodePubKey: ""\003\343\005\311u\203\370\0338\3174\324\010\006\301\251\177\261\304eOX\262)FA-\022r\263wm\024""; closeTime: 803902524; signature: ""0D\002 r\267\274\322\t\353Q'_\256\354m#c\307\331%lwjl\367\375\022\020_\355 \250\206\241f\002 6\2038&N\247\311\353n\204\255\034\264\022/\264\021\350\303\325\332\204]\266m\365\315\304\345S\302\211""; previousledger: ""\264XQl\247\003\354\245\364D\352R\216\206b4,p\2079'\3229\214pa\315o:\200`\214""; ","proposeSeq: 0; currentTxHash: ""\000\000\000\000\000\000\000\000\000\000\000\000\000\000\000\000\000\000\000\000\000\000\000\000\000\000\000\000\000\000\000\000""; nodePubKey: ""\003\343\005\311u\203\370\0338\3174\324\010\006\301\251\177\261\304eOX\262)FA-\022r\263wm\024""; closeTime: 803902524; signature: ""0D\002 r\267\274\322\t\353Q'_\256\354m#c\307\331%lwjl\367\375\022\020_\355 \250\206\241f\002 6\2038&N\247\311\353n\204\255\034\264\022/\264\021\350\303\325\332\204]\266m\365\315\304\345S\302\211""; previousledger: ""\264XQl\247\003\354\245\364D\352R\216\206b4,p\2079'\3229\214pa\315o:\200`\214""; "
1750587324509,1750587324509,0,1,2,4,TMProposeSet,"proposeSeq: 0; currentTxHash: ""\000\000\000\000\000\000\000\000\000\000\000\000\000\000\000\000\000\000\000\000\000\000\000\000\000\000\000\000\000\000\000\000""; nodePubKey: ""\003\343\005\311u\203\370\0338\3174\324\010\006\301\251\177\261\304eOX\262)FA-\022r\263wm\024""; closeTime: 803902524; signature: ""0D\002 r\267\274\322\t\353Q'_\256\354m#c\307\331%lwjl\367\375\022\020_\355 \250\206\241f\002 6\2038&N\247\311\353n\204\255\034\264\022/\264\021\350\303\325\332\204]\266m\365\315\304\345S\302\211""; previousledger: ""\264XQl\247\003\354\245\364D\352R\216\206b4,p\2079'\3229\214pa\315o:\200`\214""; ","proposeSeq: 0; currentTxHash: ""\000\000\000\000\000\000\000\000\000\000\000\000\000\000\000\000\000\000\000\000\000\000\000\000\000\000\000\000\000\000\000\000""; nodePubKey: ""\003\343\005\311u\203\370\0338\3174\324\010\006\301\251\177\261\304eOX\262)FA-\022r\263wm\024""; closeTime: 803902524; signature: ""0D\002 r\267\274\322\t\353Q'_\256\354m#c\307\331%lwjl\367\375\022\020_\355 \250\206\241f\002 6\2038&N\247\311\353n\204\255\034\264\022/\264\021\350\303\325\332\204]\266m\365\315\304\345S\302\211""; previousledger: ""\264XQl\247\003\354\245\364D\352R\216\206b4,p\2079'\3229\214pa\315o:\200`\214""; "
1750587324509,1750587324509,0,1,2,0,TMProposeSet,"proposeSeq: 0; currentTxHash: ""\000\000\000\000\000\000\000\000\000\000\000\000\000\000\000\000\000\000\000\000\000\000\000\000\000\000\000\000\000\000\000\000""; nodePubKey: ""\003\343\005\311u\203\370\0338\3174\324\010\006\301\251\177\261\304eOX\262)FA-\022r\263wm\024""; closeTime: 803902524; signature: ""0D\002 r\267\274\322\t\353Q'_\256\354m#c\307\331%lwjl\367\375\022\020_\355 \250\206\241f\002 6\2038&N\247\311\353n\204\255\034\264\022/\264\021\350\303\325\332\204]\266m\365\315\304\345S\302\211""; previousledger: ""\264XQl\247\003\354\245\364D\352R\216\206b4,p\2079'\3229\214pa\315o:\200`\214""; ","proposeSeq: 0; currentTxHash: ""\000\000\000\000\000\000\000\000\000\000\000\000\000\000\000\000\000\000\000\000\000\000\000\000\000\000\000\000\000\000\000\000""; nodePubKey: ""\003\343\005\311u\203\370\0338\3174\324\010\006\301\251\177\261\304eOX\262)FA-\022r\263wm\024""; closeTime: 803902524; signature: ""0D\002 r\267\274\322\t\353Q'_\256\354m#c\307\331%lwjl\367\375\022\020_\355 \250\206\241f\002 6\2038&N\247\311\353n\204\255\034\264\022/\264\021\350\303\325\332\204]\266m\365\315\304\345S\302\211""; previousledger: ""\264XQl\247\003\354\245\364D\352R\216\206b4,p\2079'\3229\214pa\315o:\200`\214""; "
1750587324510,1750587324510,0,1,2,3,TMProposeSet,"proposeSeq: 0; currentTxHash: ""\000\000\000\000\000\000\000\000\000\000\000\000\000\000\000\000\000\000\000\000\000\000\000\000\000\000\000\000\000\000\000\000""; nodePubKey: ""\003\343\005\311u\203\370\0338\3174\324\010\006\301\251\177\261\304eOX\262)FA-\022r\263wm\024""; closeTime: 803902524; signature: ""0D\002 r\267\274\322\t\353Q'_\256\354m#c\307\331%lwjl\367\375\022\020_\355 \250\206\241f\002 6\2038&N\247\311\353n\204\255\034\264\022/\264\021\350\303\325\332\204]\266m\365\315\304\345S\302\211""; previousledger: ""\264XQl\247\003\354\245\364D\352R\216\206b4,p\2079'\3229\214pa\315o:\200`\214""; ","proposeSeq: 0; currentTxHash: ""\000\000\000\000\000\000\000\000\000\000\000\000\000\000\000\000\000\000\000\000\000\000\000\000\000\000\000\000\000\000\000\000""; nodePubKey: ""\003\343\005\311u\203\370\0338\3174\324\010\006\301\251\177\261\304eOX\262)FA-\022r\263wm\024""; closeTime: 803902524; signature: ""0D\002 r\267\274\322\t\353Q'_\256\354m#c\307\331%lwjl\367\375\022\020_\355 \250\206\241f\002 6\2038&N\247\311\353n\204\255\034\264\022/\264\021\350\303\325\332\204]\266m\365\315\304\345S\302\211""; previousledger: ""\264XQl\247\003\354\245\364D\352R\216\206b4,p\2079'\3229\214pa\315o:\200`\214""; "
1750587324775,1750587324775,0,1,4,1,TMStatusChange,"newEvent: neACCEPTED_LEDGER; ledgerSeq: 20; ledgerHash: ""\264XQl\247\003\354\245\364D\352R\216\206b4,p\2079'\3229\214pa\315o:\200`\214""; ledgerHashPrevious: ""\370\361\367\235\210sr\037\032`/X%b\364\000\2261<\024n\271\n\247\213\340ngjzz\321""; networkTime: 803902524; firstSeq: 1; lastSeq: 19; ","newEvent: neACCEPTED_LEDGER; ledgerSeq: 20; ledgerHash: ""\264XQl\247\003\354\245\364D\352R\216\206b4,p\2079'\3229\214pa\315o:\200`\214""; ledgerHashPrevious: ""\370\361\367\235\210sr\037\032`/X%b\364\000\2261<\024n\271\n\247\213\340ngjzz\321""; networkTime: 803902524; firstSeq: 1; lastSeq: 19; "
1750587324777,1750587324777,0,1,4,0,TMStatusChange,"newEvent: neACCEPTED_LEDGER; ledgerSeq: 20; ledgerHash: ""\264XQl\247\003\354\245\364D\352R\216\206b4,p\2079'\3229\214pa\315o:\200`\214""; ledgerHashPrevious: ""\370\361\367\235\210sr\037\032`/X%b\364\000\2261<\024n\271\n\247\213\340ngjzz\321""; networkTime: 803902524; firstSeq: 1; lastSeq: 19; ","newEvent: neACCEPTED_LEDGER; ledgerSeq: 20; ledgerHash: ""\264XQl\247\003\354\245\364D\352R\216\206b4,p\2079'\3229\214pa\315o:\200`\214""; ledgerHashPrevious: ""\370\361\367\235\210sr\037\032`/X%b\364\000\2261<\024n\271\n\247\213\340ngjzz\321""; networkTime: 803902524; firstSeq: 1; lastSeq: 19; "
1750587324776,1750587324776,0,1,4,3,TMStatusChange,"newEvent: neACCEPTED_LEDGER; ledgerSeq: 20; ledgerHash: ""\264XQl\247\003\354\245\364D\352R\216\206b4,p\2079'\3229\214pa\315o:\200`\214""; ledgerHashPrevious: ""\370\361\367\235\210sr\037\032`/X%b\364\000\2261<\024n\271\n\247\213\340ngjzz\321""; networkTime: 803902524; firstSeq: 1; lastSeq: 19; ","newEvent: neACCEPTED_LEDGER; ledgerSeq: 20; ledgerHash: ""\264XQl\247\003\354\245\364D\352R\216\206b4,p\2079'\3229\214pa\315o:\200`\214""; ledgerHashPrevious: ""\370\361\367\235\210sr\037\032`/X%b\364\000\2261<\024n\271\n\247\213\340ngjzz\321""; networkTime: 803902524; firstSeq: 1; lastSeq: 19; "
1750587324776,1750587324776,0,1,4,2,TMStatusChange,"newEvent: neACCEPTED_LEDGER; ledgerSeq: 20; ledgerHash: ""\264XQl\247\003\354\245\364D\352R\216\206b4,p\2079'\3229\214pa\315o:\200`\214""; ledgerHashPrevious: ""\370\361\367\235\210sr\037\032`/X%b\364\000\2261<\024n\271\n\247\213\340ngjzz\321""; networkTime: 803902524; firstSeq: 1; lastSeq: 19; ","newEvent: neACCEPTED_LEDGER; ledgerSeq: 20; ledgerHash: ""\264XQl\247\003\354\245\364D\352R\216\206b4,p\2079'\3229\214pa\315o:\200`\214""; ledgerHashPrevious: ""\370\361\367\235\210sr\037\032`/X%b\364\000\2261<\024n\271\n\247\213\340ngjzz\321""; networkTime: 803902524; firstSeq: 1; lastSeq: 19; "
1750587324818,1750587324818,0,1,4,1,TMValidation,"validation: """"\200\000\000\001&\000\000\000\024)/\352\224<:v|\203\267)\257\206\032Q\264XQl\247\003\354\245\364D\352R\216\206b4,p\2079'\3229\214pa\315o:\200`\214P\027\000\000\000\000\000\000\000\000\000\000\000\000\000\000\000\000\000\000\000\000\000\000\000\000\000\000\000\000\000\000\000\000P\031\370\361\367\235\210sr\037\032`/X%b\364\000\2261<\024n\271\n\247\213\340ngjzz\321s!\003.\200\224\215?)t\306\315\242\313\251\255\302\204=\232.\271%}\013\024s\024\002@\216l""\241FvF0D\002 *\nY4\253>^\307\312\221\337\205\014b\366d\215VDR&\330W\312\3305\233\330\233u\310\311\002 \r\200\256N\241/M\021\365\275\200\224f_\325\366\346M\354\276\346\253\223\337\2613\321\247JR\354\002""; ","validation: """"\200\000\000\001&\000\000\000\024)/\352\224<:v|\203\267)\257\206\032Q\264XQl\247\003\354\245\364D\352R\216\206b4,p\2079'\3229\214pa\315o:\200`\214P\027\000\000\000\000\000\000\000\000\000\000\000\000\000\000\000\000\000\000\000\000\000\000\000\000\000\000\000\000\000\000\000\000P\031\370\361\367\235\210sr\037\032`/X%b\364\000\2261<\024n\271\n\247\213\340ngjzz\321s!\003.\200\224\215?)t\306\315\242\313\251\255\302\204=\232.\271%}\013\024s\024\002@\216l""\241FvF0D\002 *\nY4\253>^\307\312\221\337\205\014b\366d\215VDR&\330W\312\3305\233\330\233u\310\311\002 \r\200\256N\241/M\021\365\275\200\224f_\325\366\346M\354\276\346\253\223\337\2613\321\247JR\354\002""; "
1750587324818,1750587324818,0,1,4,0,TMValidation,"validation: """"\200\000\000\001&\000\000\000\024)/\352\224<:v|\203\267)\257\206\032Q\264XQl\247\003\354\245\364D\352R\216\206b4,p\2079'\3229\214pa\315o:\200`\214P\027\000\000\000\000\000\000\000\000\000\000\000\000\000\000\000\000\000\000\000\000\000\000\000\000\000\000\000\000\000\000\000\000P\031\370\361\367\235\210sr\037\032`/X%b\364\000\2261<\024n\271\n\247\213\340ngjzz\321s!\003.\200\224\215?)t\306\315\242\313\251\255\302\204=\232.\271%}\013\024s\024\002@\216l""\241FvF0D\002 *\nY4\253>^\307\312\221\337\205\014b\366d\215VDR&\330W\312\3305\233\330\233u\310\311\002 \r\200\256N\241/M\021\365\275\200\224f_\325\366\346M\354\276\346\253\223\337\2613\321\247JR\354\002""; ","validation: """"\200\000\000\001&\000\000\000\024)/\352\224<:v|\203\267)\257\206\032Q\264XQl\247\003\354\245\364D\352R\216\206b4,p\2079'\3229\214pa\315o:\200`\214P\027\000\000\000\000\000\000\000\000\000\000\000\000\000\000\000\000\000\000\000\000\000\000\000\000\000\000\000\000\000\000\000\000P\031\370\361\367\235\210sr\037\032`/X%b\364\000\2261<\024n\271\n\247\213\340ngjzz\321s!\003.\200\224\215?)t\306\315\242\313\251\255\302\204=\232.\271%}\013\024s\024\002@\216l""\241FvF0D\002 *\nY4\253>^\307\312\221\337\205\014b\366d\215VDR&\330W\312\3305\233\330\233u\310\311\002 \r\200\256N\241/M\021\365\275\200\224f_\325\366\346M\354\276\346\253\223\337\2613\321\247JR\354\002""; "
1750587324819,1750587324819,0,1,4,3,TMValidation,"validation: """"\200\000\000\001&\000\000\000\024)/\352\224<:v|\203\267)\257\206\032Q\264XQl\247\003\354\245\364D\352R\216\206b4,p\2079'\3229\214pa\315o:\200`\214P\027\000\000\000\000\000\000\000\000\000\000\000\000\000\000\000\000\000\000\000\000\000\000\000\000\000\000\000\000\000\000\000\000P\031\370\361\367\235\210sr\037\032`/X%b\364\000\2261<\024n\271\n\247\213\340ngjzz\321s!\003.\200\224\215?)t\306\315\242\313\251\255\302\204=\232.\271%}\013\024s\024\002@\216l""\241FvF0D\002 *\nY4\253>^\307\312\221\337\205\014b\366d\215VDR&\330W\312\3305\233\330\233u\310\311\002 \r\200\256N\241/M\021\365\275\200\224f_\325\366\346M\354\276\346\253\223\337\2613\321\247JR\354\002""; ","validation: """"\200\000\000\001&\000\000\000\024)/\352\224<:v|\203\267)\257\206\032Q\264XQl\247\003\354\245\364D\352R\216\206b4,p\2079'\3229\214pa\315o:\200`\214P\027\000\000\000\000\000\000\000\000\000\000\000\000\000\000\000\000\000\000\000\000\000\000\000\000\000\000\000\000\000\000\000\000P\031\370\361\367\235\210sr\037\032`/X%b\364\000\2261<\024n\271\n\247\213\340ngjzz\321s!\003.\200\224\215?)t\306\315\242\313\251\255\302\204=\232.\271%}\013\024s\024\002@\216l""\241FvF0D\002 *\nY4\253>^\307\312\221\337\205\014b\366d\215VDR&\330W\312\3305\233\330\233u\310\311\002 \r\200\256N\241/M\021\365\275\200\224f_\325\366\346M\354\276\346\253\223\337\2613\321\247JR\354\002""; "
1750587324820,1750587324820,0,1,4,2,TMValidation,"validation: """"\200\000\000\001&\000\000\000\024)/\352\224<:v|\203\267)\257\206\032Q\264XQl\247\003\354\245\364D\352R\216\206b4,p\2079'\3229\214pa\315o:\200`\214P\027\000\000\000\000\000\000\000\000\000\000\000\000\000\000\000\000\000\000\000\000\000\000\000\000\000\000\000\000\000\000\000\000P\031\370\361\367\235\210sr\037\032`/X%b\364\000\2261<\024n\271\n\247\213\340ngjzz\321s!\003.\200\224\215?)t\306\315\242\313\251\255\302\204=\232.\271%}\013\024s\024\002@\216l""\241FvF0D\002 *\nY4\253>^\307\312\221\337\205\014b\366d\215VDR&\330W\312\3305\233\330\233u\310\311\002 \r\200\256N\241/M\021\365\275\200\224f_\325\366\346M\354\276\346\253\223\337\2613\321\247JR\354\002""; ","validation: """"\200\000\000\001&\000\000\000\024)/\352\224<:v|\203\267)\257\206\032Q\264XQl\247\003\354\245\364D\352R\216\206b4,p\2079'\3229\214pa\315o:\200`\214P\027\000\000\000\000\000\000\000\000\000\000\000\000\000\000\000\000\000\000\000\000\000\000\000\000\000\000\000\000\000\000\000\000P\031\370\361\367\235\210sr\037\032`/X%b\364\000\2261<\024n\271\n\247\213\340ngjzz\321s!\003.\200\224\215?)t\306\315\242\313\251\255\302\204=\232.\271%}\013\024s\024\002@\216l""\241FvF0D\002 *\nY4\253>^\307\312\221\337\205\014b\366d\215VDR&\330W\312\3305\233\330\233u\310\311\002 \r\200\256N\241/M\021\365\275\200\224f_\325\366\346M\354\276\346\253\223\337\2613\321\247JR\354\002""; "
1750587324820,1750587324820,0,1,1,0,TMValidation,"validation: """"\200\000\000\001&\000\000\000\024)/\352\224<:v|\203\267)\257\206\032Q\264XQl\247\003\354\245\364D\352R\216\206b4,p\2079'\3229\214pa\315o:\200`\214P\027\000\000\000\000\000\000\000\000\000\000\000\000\000\000\000\000\000\000\000\000\000\000\000\000\000\000\000\000\000\000\000\000P\031\370\361\367\235\210sr\037\032`/X%b\364\000\2261<\024n\271\n\247\213\340ngjzz\321s!\003.\200\224\215?)t\306\315\242\313\251\255\302\204=\232.\271%}\013\024s\024\002@\216l""\241FvF0D\002 *\nY4\253>^\307\312\221\337\205\014b\366d\215VDR&\330W\312\3305\233\330\233u\310\311\002 \r\200\256N\241/M\021\365\275\200\224f_\325\366\346M\354\276\346\253\223\337\2613\321\247JR\354\002""; ","validation: """"\200\000\000\001&\000\000\000\024)/\352\224<:v|\203\267)\257\206\032Q\264XQl\247\003\354\245\364D\352R\216\206b4,p\2079'\3229\214pa\315o:\200`\214P\027\000\000\000\000\000\000\000\000\000\000\000\000\000\000\000\000\000\000\000\000\000\000\000\000\000\000\000\000\000\000\000\000P\031\370\361\367\235\210sr\037\032`/X%b\364\000\2261<\024n\271\n\247\213\340ngjzz\321s!\003.\200\224\215?)t\306\315\242\313\251\255\302\204=\232.\271%}\013\024s\024\002@\216l""\241FvF0D\002 *\nY4\253>^\307\312\221\337\205\014b\366d\215VDR&\330W\312\3305\233\330\233u\310\311\002 \r\200\256N\241/M\021\365\275\200\224f_\325\366\346M\354\276\346\253\223\337\2613\321\247JR\354\002""; "
1750587324821,1750587324821,0,1,1,3,TMValidation,"validation: """"\200\000\000\001&\000\000\000\024)/\352\224<:v|\203\267)\257\206\032Q\264XQl\247\003\354\245\364D\352R\216\206b4,p\2079'\3229\214pa\315o:\200`\214P\027\000\000\000\000\000\000\000\000\000\000\000\000\000\000\000\000\000\000\000\000\000\000\000\000\000\000\000\000\000\000\000\000P\031\370\361\367\235\210sr\037\032`/X%b\364\000\2261<\024n\271\n\247\213\340ngjzz\321s!\003.\200\224\215?)t\306\315\242\313\251\255\302\204=\232.\271%}\013\024s\024\002@\216l""\241FvF0D\002 *\nY4\253>^\307\312\221\337\205\014b\366d\215VDR&\330W\312\3305\233\330\233u\310\311\002 \r\200\256N\241/M\021\365\275\200\224f_\325\366\346M\354\276\346\253\223\337\2613\321\247JR\354\002""; ","validation: """"\200\000\000\001&\000\000\000\024)/\352\224<:v|\203\267)\257\206\032Q\264XQl\247\003\354\245\364D\352R\216\206b4,p\2079'\3229\214pa\315o:\200`\214P\027\000\000\000\000\000\000\000\000\000\000\000\000\000\000\000\000\000\000\000\000\000\000\000\000\000\000\000\000\000\000\000\000P\031\370\361\367\235\210sr\037\032`/X%b\364\000\2261<\024n\271\n\247\213\340ngjzz\321s!\003.\200\224\215?)t\306\315\242\313\251\255\302\204=\232.\271%}\013\024s\024\002@\216l""\241FvF0D\002 *\nY4\253>^\307\312\221\337\205\014b\366d\215VDR&\330W\312\3305\233\330\233u\310\311\002 \r\200\256N\241/M\021\365\275\200\224f_\325\366\346M\354\276\346\253\223\337\2613\321\247JR\354\002""; "
1750587324821,1750587324821,0,1,1,2,TMValidation,"validation: """"\200\000\000\001&\000\000\000\024)/\352\224<:v|\203\267)\257\206\032Q\264XQl\247\003\354\245\364D\352R\216\206b4,p\2079'\3229\214pa\315o:\200`\214P\027\000\000\000\000\000\000\000\000\000\000\000\000\000\000\000\000\000\000\000\000\000\000\000\000\000\000\000\000\000\000\000\000P\031\370\361\367\235\210sr\037\032`/X%b\364\000\2261<\024n\271\n\247\213\340ngjzz\321s!\003.\200\224\215?)t\306\315\242\313\251\255\302\204=\232.\271%}\013\024s\024\002@\216l""\241FvF0D\002 *\nY4\253>^\307\312\221\337\205\014b\366d\215VDR&\330W\312\3305\233\330\233u\310\311\002 \r\200\256N\241/M\021\365\275\200\224f_\325\366\346M\354\276\346\253\223\337\2613\321\247JR\354\002""; ","validation: """"\200\000\000\001&\000\000\000\024)/\352\224<:v|\203\267)\257\206\032Q\264XQl\247\003\354\245\364D\352R\216\206b4,p\2079'\3229\214pa\315o:\200`\214P\027\000\000\000\000\000\000\000\000\000\000\000\000\000\000\000\000\000\000\000\000\000\000\000\000\000\000\000\000\000\000\000\000P\031\370\361\367\235\210sr\037\032`/X%b\364\000\2261<\024n\271\n\247\213\340ngjzz\321s!\003.\200\224\215?)t\306\315\242\313\251\255\302\204=\232.\271%}\013\024s\024\002@\216l""\241FvF0D\002 *\nY4\253>^\307\312\221\337\205\014b\366d\215VDR&\330W\312\3305\233\330\233u\310\311\002 \r\200\256N\241/M\021\365\275\200\224f_\325\366\346M\354\276\346\253\223\337\2613\321\247JR\354\002""; "
1750587324822,1750587324823,0,1,0,1,TMValidation,"validation: """"\200\000\000\001&\000\000\000\024)/\352\224<:v|\203\267)\257\206\032Q\264XQl\247\003\354\245\364D\352R\216\206b4,p\2079'\3229\214pa\315o:\200`\214P\027\000\000\000\000\000\000\000\000\000\000\000\000\000\000\000\000\000\000\000\000\000\000\000\000\000\000\000\000\000\000\000\000P\031\370\361\367\235\210sr\037\032`/X%b\364\000\2261<\024n\271\n\247\213\340ngjzz\321s!\003.\200\224\215?)t\306\315\242\313\251\255\302\204=\232.\271%}\013\024s\024\002@\216l""\241FvF0D\002 *\nY4\253>^\307\312\221\337\205\014b\366d\215VDR&\330W\312\3305\233\330\233u\310\311\002 \r\200\256N\241/M\021\365\275\200\224f_\325\366\346M\354\276\346\253\223\337\2613\321\247JR\354\002""; ","validation: """"\200\000\000\001&\000\000\000\024)/\352\224<:v|\203\267)\257\206\032Q\264XQl\247\003\354\245\364D\352R\216\206b4,p\2079'\3229\214pa\315o:\200`\214P\027\000\000\000\000\000\000\000\000\000\000\000\000\000\000\000\000\000\000\000\000\000\000\000\000\000\000\000\000\000\000\000\000P\031\370\361\367\235\210sr\037\032`/X%b\364\000\2261<\024n\271\n\247\213\340ngjzz\321s!\003.\200\224\215?)t\306\315\242\313\251\255\302\204=\232.\271%}\013\024s\024\002@\216l""\241FvF0D\002 *\nY4\253>^\307\312\221\337\205\014b\366d\215VDR&\330W\312\3305\233\330\233u\310\311\002 \r\200\256N\241/M\021\365\275\200\224f_\325\366\346M\354\276\346\253\223\337\2613\321\247JR\354\002""; "
1750587324823,1750587324823,0,1,3,2,TMValidation,"validation: """"\200\000\000\001&\000\000\000\024)/\352\224<:v|\203\267)\257\206\032Q\264XQl\247\003\354\245\364D\352R\216\206b4,p\2079'\3229\214pa\315o:\200`\214P\027\000\000\000\000\000\000\000\000\000\000\000\000\000\000\000\000\000\000\000\000\000\000\000\000\000\000\000\000\000\000\000\000P\031\370\361\367\235\210sr\037\032`/X%b\364\000\2261<\024n\271\n\247\213\340ngjzz\321s!\003.\200\224\215?)t\306\315\242\313\251\255\302\204=\232.\271%}\013\024s\024\002@\216l""\241FvF0D\002 *\nY4\253>^\307\312\221\337\205\014b\366d\215VDR&\330W\312\3305\233\330\233u\310\311\002 \r\200\256N\241/M\021\365\275\200\224f_\325\366\346M\354\276\346\253\223\337\2613\321\247JR\354\002""; ","validation: """"\200\000\000\001&\000\000\000\024)/\352\224<:v|\203\267)\257\206\032Q\264XQl\247\003\354\245\364D\352R\216\206b4,p\2079'\3229\214pa\315o:\200`\214P\027\000\000\000\000\000\000\000\000\000\000\000\000\000\000\000\000\000\000\000\000\000\000\000\000\000\000\000\000\000\000\000\000P\031\370\361\367\235\210sr\037\032`/X%b\364\000\2261<\024n\271\n\247\213\340ngjzz\321s!\003.\200\224\215?)t\306\315\242\313\251\255\302\204=\232.\271%}\013\024s\024\002@\216l""\241FvF0D\002 *\nY4\253>^\307\312\221\337\205\014b\366d\215VDR&\330W\312\3305\233\330\233u\310\311\002 \r\200\256N\241/M\021\365\275\200\224f_\325\366\346M\354\276\346\253\223\337\2613\321\247JR\354\002""; "
1750587324823,1750587324823,0,1,0,2,TMValidation,"validation: """"\200\000\000\001&\000\000\000\024)/\352\224<:v|\203\267)\257\206\032Q\264XQl\247\003\354\245\364D\352R\216\206b4,p\2079'\3229\214pa\315o:\200`\214P\027\000\000\000\000\000\000\000\000\000\000\000\000\000\000\000\000\000\000\000\000\000\000\000\000\000\000\000\000\000\000\000\000P\031\370\361\367\235\210sr\037\032`/X%b\364\000\2261<\024n\271\n\247\213\340ngjzz\321s!\003.\200\224\215?)t\306\315\242\313\251\255\302\204=\232.\271%}\013\024s\024\002@\216l""\241FvF0D\002 *\nY4\253>^\307\312\221\337\205\014b\366d\215VDR&\330W\312\3305\233\330\233u\310\311\002 \r\200\256N\241/M\021\365\275\200\224f_\325\366\346M\354\276\346\253\223\337\2613\321\247JR\354\002""; ","validation: """"\200\000\000\001&\000\000\000\024)/\352\224<:v|\203\267)\257\206\032Q\264XQl\247\003\354\245\364D\352R\216\206b4,p\2079'\3229\214pa\315o:\200`\214P\027\000\000\000\000\000\000\000\000\000\000\000\000\000\000\000\000\000\000\000\000\000\000\000\000\000\000\000\000\000\000\000\000P\031\370\361\367\235\210sr\037\032`/X%b\364\000\2261<\024n\271\n\247\213\340ngjzz\321s!\003.\200\224\215?)t\306\315\242\313\251\255\302\204=\232.\271%}\013\024s\024\002@\216l""\241FvF0D\002 *\nY4\253>^\307\312\221\337\205\014b\366d\215VDR&\330W\312\3305\233\330\233u\310\311\002 \r\200\256N\241/M\021\365\275\200\224f_\325\366\346M\354\276\346\253\223\337\2613\321\247JR\354\002""; "
1750587324823,1750587324823,0,1,3,1,TMValidation,"validation: """"\200\000\000\001&\000\000\000\024)/\352\224<:v|\203\267)\257\206\032Q\264XQl\247\003\354\245\364D\352R\216\206b4,p\2079'\3229\214pa\315o:\200`\214P\027\000\000\000\000\000\000\000\000\000\000\000\000\000\000\000\000\000\000\000\000\000\000\000\000\000\000\000\000\000\000\000\000P\031\370\361\367\235\210sr\037\032`/X%b\364\000\2261<\024n\271\n\247\213\340ngjzz\321s!\003.\200\224\215?)t\306\315\242\313\251\255\302\204=\232.\271%}\013\024s\024\002@\216l""\241FvF0D\002 *\nY4\253>^\307\312\221\337\205\014b\366d\215VDR&\330W\312\3305\233\330\233u\310\311\002 \r\200\256N\241/M\021\365\275\200\224f_\325\366\346M\354\276\346\253\223\337\2613\321\247JR\354\002""; ","validation: """"\200\000\000\001&\000\000\000\024)/\352\224<:v|\203\267)\257\206\032Q\264XQl\247\003\354\245\364D\352R\216\206b4,p\2079'\3229\214pa\315o:\200`\214P\027\000\000\000\000\000\000\000\000\000\000\000\000\000\000\000\000\000\000\000\000\000\000\000\000\000\000\000\000\000\000\000\000P\031\370\361\367\235\210sr\037\032`/X%b\364\000\2261<\024n\271\n\247\213\340ngjzz\321s!\003.\200\224\215?)t\306\315\242\313\251\255\302\204=\232.\271%}\013\024s\024\002@\216l""\241FvF0D\002 *\nY4\253>^\307\312\221\337\205\014b\366d\215VDR&\330W\312\3305\233\330\233u\310\311\002 \r\200\256N\241/M\021\365\275\200\224f_\325\366\346M\354\276\346\253\223\337\2613\321\247JR\354\002""; "
1750587324823,1750587324823,0,1,0,3,TMValidation,"validation: """"\200\000\000\001&\000\000\000\024)/\352\224<:v|\203\267)\257\206\032Q\264XQl\247\003\354\245\364D\352R\216\206b4,p\2079'\3229\214pa\315o:\200`\214P\027\000\000\000\000\000\000\000\000\000\000\000\000\000\000\000\000\000\000\000\000\000\000\000\000\000\000\000\000\000\000\000\000P\031\370\361\367\235\210sr\037\032`/X%b\364\000\2261<\024n\271\n\247\213\340ngjzz\321s!\003.\200\224\215?)t\306\315\242\313\251\255\302\204=\232.\271%}\013\024s\024\002@\216l""\241FvF0D\002 *\nY4\253>^\307\312\221\337\205\014b\366d\215VDR&\330W\312\3305\233\330\233u\310\311\002 \r\200\256N\241/M\021\365\275\200\224f_\325\366\346M\354\276\346\253\223\337\2613\321\247JR\354\002""; ","validation: """"\200\000\000\001&\000\000\000\024)/\352\224<:v|\203\267)\257\206\032Q\264XQl\247\003\354\245\364D\352R\216\206b4,p\2079'\3229\214pa\315o:\200`\214P\027\000\000\000\000\000\000\000\000\000\000\000\000\000\000\000\000\000\000\000\000\000\000\000\000\000\000\000\000\000\000\000\000P\031\370\361\367\235\210sr\037\032`/X%b\364\000\2261<\024n\271\n\247\213\340ngjzz\321s!\003.\200\224\215?)t\306\315\242\313\251\255\302\204=\232.\271%}\013\024s\024\002@\216l""\241FvF0D\002 *\nY4\253>^\307\312\221\337\205\014b\366d\215VDR&\330W\312\3305\233\330\233u\310\311\002 \r\200\256N\241/M\021\365\275\200\224f_\325\366\346M\354\276\346\253\223\337\2613\321\247JR\354\002""; "
1750587324825,1750587324825,0,1,3,0,TMValidation,"validation: """"\200\000\000\001&\000\000\000\024)/\352\224<:v|\203\267)\257\206\032Q\264XQl\247\003\354\245\364D\352R\216\206b4,p\2079'\3229\214pa\315o:\200`\214P\027\000\000\000\000\000\000\000\000\000\000\000\000\000\000\000\000\000\000\000\000\000\000\000\000\000\000\000\000\000\000\000\000P\031\370\361\367\235\210sr\037\032`/X%b\364\000\2261<\024n\271\n\247\213\340ngjzz\321s!\003.\200\224\215?)t\306\315\242\313\251\255\302\204=\232.\271%}\013\024s\024\002@\216l""\241FvF0D\002 *\nY4\253>^\307\312\221\337\205\014b\366d\215VDR&\330W\312\3305\233\330\233u\310\311\002 \r\200\256N\241/M\021\365\275\200\224f_\325\366\346M\354\276\346\253\223\337\2613\321\247JR\354\002""; ","validation: """"\200\000\000\001&\000\000\000\024)/\352\224<:v|\203\267)\257\206\032Q\264XQl\247\003\354\245\364D\352R\216\206b4,p\2079'\3229\214pa\315o:\200`\214P\027\000\000\000\000\000\000\000\000\000\000\000\000\000\000\000\000\000\000\000\000\000\000\000\000\000\000\000\000\000\000\000\000P\031\370\361\367\235\210sr\037\032`/X%b\364\000\2261<\024n\271\n\247\213\340ngjzz\321s!\003.\200\224\215?)t\306\315\242\313\251\255\302\204=\232.\271%}\013\024s\024\002@\216l""\241FvF0D\002 *\nY4\253>^\307\312\221\337\205\014b\366d\215VDR&\330W\312\3305\233\330\233u\310\311\002 \r\200\256N\241/M\021\365\275\200\224f_\325\366\346M\354\276\346\253\223\337\2613\321\247JR\354\002""; "
1750587324825,1750587324825,0,1,2,1,TMValidation,"validation: """"\200\000\000\001&\000\000\000\024)/\352\224<:v|\203\267)\257\206\032Q\264XQl\247\003\354\245\364D\352R\216\206b4,p\2079'\3229\214pa\315o:\200`\214P\027\000\000\000\000\000\000\000\000\000\000\000\000\000\000\000\000\000\000\000\000\000\000\000\000\000\000\000\000\000\000\000\000P\031\370\361\367\235\210sr\037\032`/X%b\364\000\2261<\024n\271\n\247\213\340ngjzz\321s!\003.\200\224\215?)t\306\315\242\313\251\255\302\204=\232.\271%}\013\024s\024\002@\216l""\241FvF0D\002 *\nY4\253>^\307\312\221\337\205\014b\366d\215VDR&\330W\312\3305\233\330\233u\310\311\002 \r\200\256N\241/M\021\365\275\200\224f_\325\366\346M\354\276\346\253\223\337\2613\321\247JR\354\002""; ","validation: """"\200\000\000\001&\000\000\000\024)/\352\224<:v|\203\267)\257\206\032Q\264XQl\247\003\354\245\364D\352R\216\206b4,p\2079'\3229\214pa\315o:\200`\214P\027\000\000\000\000\000\000\000\000\000\000\000\000\000\000\000\000\000\000\000\000\000\000\000\000\000\000\000\000\000\000\000\000P\031\370\361\367\235\210sr\037\032`/X%b\364\000\2261<\024n\271\n\247\213\340ngjzz\321s!\003.\200\224\215?)t\306\315\242\313\251\255\302\204=\232.\271%}\013\024s\024\002@\216l""\241FvF0D\002 *\nY4\253>^\307\312\221\337\205\014b\366d\215VDR&\330W\312\3305\233\330\233u\310\311\002 \r\200\256N\241/M\021\365\275\200\224f_\325\366\346M\354\276\346\253\223\337\2613\321\247JR\354\002""; "
1750587324825,1750587324825,0,1,2,3,TMValidation,"validation: """"\200\000\000\001&\000\000\000\024)/\352\224<:v|\203\267)\257\206\032Q\264XQl\247\003\354\245\364D\352R\216\206b4,p\2079'\3229\214pa\315o:\200`\214P\027\000\000\000\000\000\000\000\000\000\000\000\000\000\000\000\000\000\000\000\000\000\000\000\000\000\000\000\000\000\000\000\000P\031\370\361\367\235\210sr\037\032`/X%b\364\000\2261<\024n\271\n\247\213\340ngjzz\321s!\003.\200\224\215?)t\306\315\242\313\251\255\302\204=\232.\271%}\013\024s\024\002@\216l""\241FvF0D\002 *\nY4\253>^\307\312\221\337\205\014b\366d\215VDR&\330W\312\3305\233\330\233u\310\311\002 \r\200\256N\241/M\021\365\275\200\224f_\325\366\346M\354\276\346\253\223\337\2613\321\247JR\354\002""; ","validation: """"\200\000\000\001&\000\000\000\024)/\352\224<:v|\203\267)\257\206\032Q\264XQl\247\003\354\245\364D\352R\216\206b4,p\2079'\3229\214pa\315o:\200`\214P\027\000\000\000\000\000\000\000\000\000\000\000\000\000\000\000\000\000\000\000\000\000\000\000\000\000\000\000\000\000\000\000\000P\031\370\361\367\235\210sr\037\032`/X%b\364\000\2261<\024n\271\n\247\213\340ngjzz\321s!\003.\200\224\215?)t\306\315\242\313\251\255\302\204=\232.\271%}\013\024s\024\002@\216l""\241FvF0D\002 *\nY4\253>^\307\312\221\337\205\014b\366d\215VDR&\330W\312\3305\233\330\233u\310\311\002 \r\200\256N\241/M\021\365\275\200\224f_\325\366\346M\354\276\346\253\223\337\2613\321\247JR\354\002""; "
1750587324826,1750587324826,0,1,2,0,TMValidation,"validation: """"\200\000\000\001&\000\000\000\024)/\352\224<:v|\203\267)\257\206\032Q\264XQl\247\003\354\245\364D\352R\216\206b4,p\2079'\3229\214pa\315o:\200`\214P\027\000\000\000\000\000\000\000\000\000\000\000\000\000\000\000\000\000\000\000\000\000\000\000\000\000\000\000\000\000\000\000\000P\031\370\361\367\235\210sr\037\032`/X%b\364\000\2261<\024n\271\n\247\213\340ngjzz\321s!\003.\200\224\215?)t\306\315\242\313\251\255\302\204=\232.\271%}\013\024s\024\002@\216l""\241FvF0D\002 *\nY4\253>^\307\312\221\337\205\014b\366d\215VDR&\330W\312\3305\233\330\233u\310\311\002 \r\200\256N\241/M\021\365\275\200\224f_\325\366\346M\354\276\346\253\223\337\2613\321\247JR\354\002""; ","validation: """"\200\000\000\001&\000\000\000\024)/\352\224<:v|\203\267)\257\206\032Q\264XQl\247\003\354\245\364D\352R\216\206b4,p\2079'\3229\214pa\315o:\200`\214P\027\000\000\000\000\000\000\000\000\000\000\000\000\000\000\000\000\000\000\000\000\000\000\000\000\000\000\000\000\000\000\000\000P\031\370\361\367\235\210sr\037\032`/X%b\364\000\2261<\024n\271\n\247\213\340ngjzz\321s!\003.\200\224\215?)t\306\315\242\313\251\255\302\204=\232.\271%}\013\024s\024\002@\216l""\241FvF0D\002 *\nY4\253>^\307\312\221\337\205\014b\366d\215VDR&\330W\312\3305\233\330\233u\310\311\002 \r\200\256N\241/M\021\365\275\200\224f_\325\366\346M\354\276\346\253\223\337\2613\321\247JR\354\002""; "
1750587324890,1750587324891,0,1,3,4,TMProposeSet,"proposeSeq: 0; currentTxHash: ""\000\000\000\000\000\000\000\000\000\000\000\000\000\000\000\000\000\000\000\000\000\000\000\000\000\000\000\000\000\000\000\000""; nodePubKey: ""\003\325Q\255\224\274R@\312\253\262\347\352\034\346\347\242\215,\312\376=\277\353{\350\225\301\305`^, ""; closeTime: 803902524; signature: ""0E\002!\000\212\224^\031y\315\031\210\270\363\273\334\347\2627\275%\333\316\237\013O\342\372\357\000\022\324\315!&\354\002 S\361\212\2143M\364\371\034X\230K\232\354\200\013\317?\034\374\031\324\247\272\013\353H\254\310\221~V""; previousledger: ""\264XQl\247\003\354\245\364D\352R\216\206b4,p\2079'\3229\214pa\315o:\200`\214""; ","proposeSeq: 0; currentTxHash: ""\000\000\000\000\000\000\000\000\000\000\000\000\000\000\000\000\000\000\000\000\000\000\000\000\000\000\000\000\000\000\000\000""; nodePubKey: ""\003\325Q\255\224\274R@\312\253\262\347\352\034\346\347\242\215,\312\376=\277\353{\350\225\301\305`^, ""; closeTime: 803902524; signature: ""0E\002!\000\212\224^\031y\315\031\210\270\363\273\334\347\2627\275%\333\316\237\013O\342\372\357\000\022\324\315!&\354\002 S\361\212\2143M\364\371\034X\230K\232\354\200\013\317?\034\374\031\324\247\272\013\353H\254\310\221~V""; previousledger: ""\264XQl\247\003\354\245\364D\352R\216\206b4,p\2079'\3229\214pa\315o:\200`\214""; "
1750587324894,1750587324894,0,1,4,1,TMProposeSet,"proposeSeq: 0; currentTxHash: ""\000\000\000\000\000\000\000\000\000\000\000\000\000\000\000\000\000\000\000\000\000\000\000\000\000\000\000\000\000\000\000\000""; nodePubKey: ""\003\325Q\255\224\274R@\312\253\262\347\352\034\346\347\242\215,\312\376=\277\353{\350\225\301\305`^, ""; closeTime: 803902524; signature: ""0E\002!\000\212\224^\031y\315\031\210\270\363\273\334\347\2627\275%\333\316\237\013O\342\372\357\000\022\324\315!&\354\002 S\361\212\2143M\364\371\034X\230K\232\354\200\013\317?\034\374\031\324\247\272\013\353H\254\310\221~V""; previousledger: ""\264XQl\247\003\354\245\364D\352R\216\206b4,p\2079'\3229\214pa\315o:\200`\214""; ","proposeSeq: 0; currentTxHash: ""\000\000\000\000\000\000\000\000\000\000\000\000\000\000\000\000\000\000\000\000\000\000\000\000\000\000\000\000\000\000\000\000""; nodePubKey: ""\003\325Q\255\224\274R@\312\253\262\347\352\034\346\347\242\215,\312\376=\277\353{\350\225\301\305`^, ""; closeTime: 803902524; signature: ""0E\002!\000\212\224^\031y\315\031\210\270\363\273\334\347\2627\275%\333\316\237\013O\342\372\357\000\022\324\315!&\354\002 S\361\212\2143M\364\371\034X\230K\232\354\200\013\317?\034\374\031\324\247\272\013\353H\254\310\221~V""; previousledger: ""\264XQl\247\003\354\245\364D\352R\216\206b4,p\2079'\3229\214pa\315o:\200`\214""; "
1750587324894,1750587324894,0,1,4,0,TMProposeSet,"proposeSeq: 0; currentTxHash: ""\000\000\000\000\000\000\000\000\000\000\000\000\000\000\000\000\000\000\000\000\000\000\000\000\000\000\000\000\000\000\000\000""; nodePubKey: ""\003\325Q\255\224\274R@\312\253\262\347\352\034\346\347\242\215,\312\376=\277\353{\350\225\301\305`^, ""; closeTime: 803902524; signature: ""0E\002!\000\212\224^\031y\315\031\210\270\363\273\334\347\2627\275%\333\316\237\013O\342\372\357\000\022\324\315!&\354\002 S\361\212\2143M\364\371\034X\230K\232\354\200\013\317?\034\374\031\324\247\272\013\353H\254\310\221~V""; previousledger: ""\264XQl\247\003\354\245\364D\352R\216\206b4,p\2079'\3229\214pa\315o:\200`\214""; ","proposeSeq: 0; currentTxHash: ""\000\000\000\000\000\000\000\000\000\000\000\000\000\000\000\000\000\000\000\000\000\000\000\000\000\000\000\000\000\000\000\000""; nodePubKey: ""\003\325Q\255\224\274R@\312\253\262\347\352\034\346\347\242\215,\312\376=\277\353{\350\225\301\305`^, ""; closeTime: 803902524; signature: ""0E\002!\000\212\224^\031y\315\031\210\270\363\273\334\347\2627\275%\333\316\237\013O\342\372\357\000\022\324\315!&\354\002 S\361\212\2143M\364\371\034X\230K\232\354\200\013\317?\034\374\031\324\247\272\013\353H\254\310\221~V""; previousledger: ""\264XQl\247\003\354\245\364D\352R\216\206b4,p\2079'\3229\214pa\315o:\200`\214""; "
1750587324894,1750587324894,0,1,4,2,TMProposeSet,"proposeSeq: 0; currentTxHash: ""\000\000\000\000\000\000\000\000\000\000\000\000\000\000\000\000\000\000\000\000\000\000\000\000\000\000\000\000\000\000\000\000""; nodePubKey: ""\003\325Q\255\224\274R@\312\253\262\347\352\034\346\347\242\215,\312\376=\277\353{\350\225\301\305`^, ""; closeTime: 803902524; signature: ""0E\002!\000\212\224^\031y\315\031\210\270\363\273\334\347\2627\275%\333\316\237\013O\342\372\357\000\022\324\315!&\354\002 S\361\212\2143M\364\371\034X\230K\232\354\200\013\317?\034\374\031\324\247\272\013\353H\254\310\221~V""; previousledger: ""\264XQl\247\003\354\245\364D\352R\216\206b4,p\2079'\3229\214pa\315o:\200`\214""; ","proposeSeq: 0; currentTxHash: ""\000\000\000\000\000\000\000\000\000\000\000\000\000\000\000\000\000\000\000\000\000\000\000\000\000\000\000\000\000\000\000\000""; nodePubKey: ""\003\325Q\255\224\274R@\312\253\262\347\352\034\346\347\242\215,\312\376=\277\353{\350\225\301\305`^, ""; closeTime: 803902524; signature: ""0E\002!\000\212\224^\031y\315\031\210\270\363\273\334\347\2627\275%\333\316\237\013O\342\372\357\000\022\324\315!&\354\002 S\361\212\2143M\364\371\034X\230K\232\354\200\013\317?\034\374\031\324\247\272\013\353H\254\310\221~V""; previousledger: ""\264XQl\247\003\354\245\364D\352R\216\206b4,p\2079'\3229\214pa\315o:\200`\214""; "
1750587324896,1750587324896,0,1,1,3,TMProposeSet,"proposeSeq: 0; currentTxHash: ""\000\000\000\000\000\000\000\000\000\000\000\000\000\000\000\000\000\000\000\000\000\000\000\000\000\000\000\000\000\000\000\000""; nodePubKey: ""\003\325Q\255\224\274R@\312\253\262\347\352\034\346\347\242\215,\312\376=\277\353{\350\225\301\305`^, ""; closeTime: 803902524; signature: ""0E\002!\000\212\224^\031y\315\031\210\270\363\273\334\347\2627\275%\333\316\237\013O\342\372\357\000\022\324\315!&\354\002 S\361\212\2143M\364\371\034X\230K\232\354\200\013\317?\034\374\031\324\247\272\013\353H\254\310\221~V""; previousledger: ""\264XQl\247\003\354\245\364D\352R\216\206b4,p\2079'\3229\214pa\315o:\200`\214""; ","proposeSeq: 0; currentTxHash: ""\000\000\000\000\000\000\000\000\000\000\000\000\000\000\000\000\000\000\000\000\000\000\000\000\000\000\000\000\000\000\000\000""; nodePubKey: ""\003\325Q\255\224\274R@\312\253\262\347\352\034\346\347\242\215,\312\376=\277\353{\350\225\301\305`^, ""; closeTime: 803902524; signature: ""0E\002!\000\212\224^\031y\315\031\210\270\363\273\334\347\2627\275%\333\316\237\013O\342\372\357\000\022\324\315!&\354\002 S\361\212\2143M\364\371\034X\230K\232\354\200\013\317?\034\374\031\324\247\272\013\353H\254\310\221~V""; previousledger: ""\264XQl\247\003\354\245\364D\352R\216\206b4,p\2079'\3229\214pa\315o:\200`\214""; "
1750587324896,1750587324896,0,1,1,0,TMProposeSet,"proposeSeq: 0; currentTxHash: ""\000\000\000\000\000\000\000\000\000\000\000\000\000\000\000\000\000\000\000\000\000\000\000\000\000\000\000\000\000\000\000\000""; nodePubKey: ""\003\325Q\255\224\274R@\312\253\262\347\352\034\346\347\242\215,\312\376=\277\353{\350\225\301\305`^, ""; closeTime: 803902524; signature: ""0E\002!\000\212\224^\031y\315\031\210\270\363\273\334\347\2627\275%\333\316\237\013O\342\372\357\000\022\324\315!&\354\002 S\361\212\2143M\364\371\034X\230K\232\354\200\013\317?\034\374\031\324\247\272\013\353H\254\310\221~V""; previousledger: ""\264XQl\247\003\354\245\364D\352R\216\206b4,p\2079'\3229\214pa\315o:\200`\214""; ","proposeSeq: 0; currentTxHash: ""\000\000\000\000\000\000\000\000\000\000\000\000\000\000\000\000\000\000\000\000\000\000\000\000\000\000\000\000\000\000\000\000""; nodePubKey: ""\003\325Q\255\224\274R@\312\253\262\347\352\034\346\347\242\215,\312\376=\277\353{\350\225\301\305`^, ""; closeTime: 803902524; signature: ""0E\002!\000\212\224^\031y\315\031\210\270\363\273\334\347\2627\275%\333\316\237\013O\342\372\357\000\022\324\315!&\354\002 S\361\212\2143M\364\371\034X\230K\232\354\200\013\317?\034\374\031\324\247\272\013\353H\254\310\221~V""; previousledger: ""\264XQl\247\003\354\245\364D\352R\216\206b4,p\2079'\3229\214pa\315o:\200`\214""; "
1750587324896,1750587324896,0,1,1,2,TMProposeSet,"proposeSeq: 0; currentTxHash: ""\000\000\000\000\000\000\000\000\000\000\000\000\000\000\000\000\000\000\000\000\000\000\000\000\000\000\000\000\000\000\000\000""; nodePubKey: ""\003\325Q\255\224\274R@\312\253\262\347\352\034\346\347\242\215,\312\376=\277\353{\350\225\301\305`^, ""; closeTime: 803902524; signature: ""0E\002!\000\212\224^\031y\315\031\210\270\363\273\334\347\2627\275%\333\316\237\013O\342\372\357\000\022\324\315!&\354\002 S\361\212\2143M\364\371\034X\230K\232\354\200\013\317?\034\374\031\324\247\272\013\353H\254\310\221~V""; previousledger: ""\264XQl\247\003\354\245\364D\352R\216\206b4,p\2079'\3229\214pa\315o:\200`\214""; ","proposeSeq: 0; currentTxHash: ""\000\000\000\000\000\000\000\000\000\000\000\000\000\000\000\000\000\000\000\000\000\000\000\000\000\000\000\000\000\000\000\000""; nodePubKey: ""\003\325Q\255\224\274R@\312\253\262\347\352\034\346\347\242\215,\312\376=\277\353{\350\225\301\305`^, ""; closeTime: 803902524; signature: ""0E\002!\000\212\224^\031y\315\031\210\270\363\273\334\347\2627\275%\333\316\237\013O\342\372\357\000\022\324\315!&\354\002 S\361\212\2143M\364\371\034X\230K\232\354\200\013\317?\034\374\031\324\247\272\013\353H\254\310\221~V""; previousledger: ""\264XQl\247\003\354\245\364D\352R\216\206b4,p\2079'\3229\214pa\315o:\200`\214""; "
1750587324897,1750587324897,0,1,0,3,TMProposeSet,"proposeSeq: 0; currentTxHash: ""\000\000\000\000\000\000\000\000\000\000\000\000\000\000\000\000\000\000\000\000\000\000\000\000\000\000\000\000\000\000\000\000""; nodePubKey: ""\003\325Q\255\224\274R@\312\253\262\347\352\034\346\347\242\215,\312\376=\277\353{\350\225\301\305`^, ""; closeTime: 803902524; signature: ""0E\002!\000\212\224^\031y\315\031\210\270\363\273\334\347\2627\275%\333\316\237\013O\342\372\357\000\022\324\315!&\354\002 S\361\212\2143M\364\371\034X\230K\232\354\200\013\317?\034\374\031\324\247\272\013\353H\254\310\221~V""; previousledger: ""\264XQl\247\003\354\245\364D\352R\216\206b4,p\2079'\3229\214pa\315o:\200`\214""; ","proposeSeq: 0; currentTxHash: ""\000\000\000\000\000\000\000\000\000\000\000\000\000\000\000\000\000\000\000\000\000\000\000\000\000\000\000\000\000\000\000\000""; nodePubKey: ""\003\325Q\255\224\274R@\312\253\262\347\352\034\346\347\242\215,\312\376=\277\353{\350\225\301\305`^, ""; closeTime: 803902524; signature: ""0E\002!\000\212\224^\031y\315\031\210\270\363\273\334\347\2627\275%\333\316\237\013O\342\372\357\000\022\324\315!&\354\002 S\361\212\2143M\364\371\034X\230K\232\354\200\013\317?\034\374\031\324\247\272\013\353H\254\310\221~V""; previousledger: ""\264XQl\247\003\354\245\364D\352R\216\206b4,p\2079'\3229\214pa\315o:\200`\214""; "
1750587324897,1750587324897,0,1,0,1,TMProposeSet,"proposeSeq: 0; currentTxHash: ""\000\000\000\000\000\000\000\000\000\000\000\000\000\000\000\000\000\000\000\000\000\000\000\000\000\000\000\000\000\000\000\000""; nodePubKey: ""\003\325Q\255\224\274R@\312\253\262\347\352\034\346\347\242\215,\312\376=\277\353{\350\225\301\305`^, ""; closeTime: 803902524; signature: ""0E\002!\000\212\224^\031y\315\031\210\270\363\273\334\347\2627\275%\333\316\237\013O\342\372\357\000\022\324\315!&\354\002 S\361\212\2143M\364\371\034X\230K\232\354\200\013\317?\034\374\031\324\247\272\013\353H\254\310\221~V""; previousledger: ""\264XQl\247\003\354\245\364D\352R\216\206b4,p\2079'\3229\214pa\315o:\200`\214""; ","proposeSeq: 0; currentTxHash: ""\000\000\000\000\000\000\000\000\000\000\000\000\000\000\000\000\000\000\000\000\000\000\000\000\000\000\000\000\000\000\000\000""; nodePubKey: ""\003\325Q\255\224\274R@\312\253\262\347\352\034\346\347\242\215,\312\376=\277\353{\350\225\301\305`^, ""; closeTime: 803902524; signature: ""0E\002!\000\212\224^\031y\315\031\210\270\363\273\334\347\2627\275%\333\316\237\013O\342\372\357\000\022\324\315!&\354\002 S\361\212\2143M\364\371\034X\230K\232\354\200\013\317?\034\374\031\324\247\272\013\353H\254\310\221~V""; previousledger: ""\264XQl\247\003\354\245\364D\352R\216\206b4,p\2079'\3229\214pa\315o:\200`\214""; "
1750587324897,1750587324898,0,1,0,2,TMProposeSet,"proposeSeq: 0; currentTxHash: ""\000\000\000\000\000\000\000\000\000\000\000\000\000\000\000\000\000\000\000\000\000\000\000\000\000\000\000\000\000\000\000\000""; nodePubKey: ""\003\325Q\255\224\274R@\312\253\262\347\352\034\346\347\242\215,\312\376=\277\353{\350\225\301\305`^, ""; closeTime: 803902524; signature: ""0E\002!\000\212\224^\031y\315\031\210\270\363\273\334\347\2627\275%\333\316\237\013O\342\372\357\000\022\324\315!&\354\002 S\361\212\2143M\364\371\034X\230K\232\354\200\013\317?\034\374\031\324\247\272\013\353H\254\310\221~V""; previousledger: ""\264XQl\247\003\354\245\364D\352R\216\206b4,p\2079'\3229\214pa\315o:\200`\214""; ","proposeSeq: 0; currentTxHash: ""\000\000\000\000\000\000\000\000\000\000\000\000\000\000\000\000\000\000\000\000\000\000\000\000\000\000\000\000\000\000\000\000""; nodePubKey: ""\003\325Q\255\224\274R@\312\253\262\347\352\034\346\347\242\215,\312\376=\277\353{\350\225\301\305`^, ""; closeTime: 803902524; signature: ""0E\002!\000\212\224^\031y\315\031\210\270\363\273\334\347\2627\275%\333\316\237\013O\342\372\357\000\022\324\315!&\354\002 S\361\212\2143M\364\371\034X\230K\232\354\200\013\317?\034\374\031\324\247\272\013\353H\254\310\221~V""; previousledger: ""\264XQl\247\003\354\245\364D\352R\216\206b4,p\2079'\3229\214pa\315o:\200`\214""; "
1750587324898,1750587324898,0,1,2,3,TMProposeSet,"proposeSeq: 0; currentTxHash: ""\000\000\000\000\000\000\000\000\000\000\000\000\000\000\000\000\000\000\000\000\000\000\000\000\000\000\000\000\000\000\000\000""; nodePubKey: ""\003\325Q\255\224\274R@\312\253\262\347\352\034\346\347\242\215,\312\376=\277\353{\350\225\301\305`^, ""; closeTime: 803902524; signature: ""0E\002!\000\212\224^\031y\315\031\210\270\363\273\334\347\2627\275%\333\316\237\013O\342\372\357\000\022\324\315!&\354\002 S\361\212\2143M\364\371\034X\230K\232\354\200\013\317?\034\374\031\324\247\272\013\353H\254\310\221~V""; previousledger: ""\264XQl\247\003\354\245\364D\352R\216\206b4,p\2079'\3229\214pa\315o:\200`\214""; ","proposeSeq: 0; currentTxHash: ""\000\000\000\000\000\000\000\000\000\000\000\000\000\000\000\000\000\000\000\000\000\000\000\000\000\000\000\000\000\000\000\000""; nodePubKey: ""\003\325Q\255\224\274R@\312\253\262\347\352\034\346\347\242\215,\312\376=\277\353{\350\225\301\305`^, ""; closeTime: 803902524; signature: ""0E\002!\000\212\224^\031y\315\031\210\270\363\273\334\347\2627\275%\333\316\237\013O\342\372\357\000\022\324\315!&\354\002 S\361\212\2143M\364\371\034X\230K\232\354\200\013\317?\034\374\031\324\247\272\013\353H\254\310\221~V""; previousledger: ""\264XQl\247\003\354\245\364D\352R\216\206b4,p\2079'\3229\214pa\315o:\200`\214""; "
1750587324898,1750587324898,0,1,2,1,TMProposeSet,"proposeSeq: 0; currentTxHash: ""\000\000\000\000\000\000\000\000\000\000\000\000\000\000\000\000\000\000\000\000\000\000\000\000\000\000\000\000\000\000\000\000""; nodePubKey: ""\003\325Q\255\224\274R@\312\253\262\347\352\034\346\347\242\215,\312\376=\277\353{\350\225\301\305`^, ""; closeTime: 803902524; signature: ""0E\002!\000\212\224^\031y\315\031\210\270\363\273\334\347\2627\275%\333\316\237\013O\342\372\357\000\022\324\315!&\354\002 S\361\212\2143M\364\371\034X\230K\232\354\200\013\317?\034\374\031\324\247\272\013\353H\254\310\221~V""; previousledger: ""\264XQl\247\003\354\245\364D\352R\216\206b4,p\2079'\3229\214pa\315o:\200`\214""; ","proposeSeq: 0; currentTxHash: ""\000\000\000\000\000\000\000\000\000\000\000\000\000\000\000\000\000\000\000\000\000\000\000\000\000\000\000\000\000\000\000\000""; nodePubKey: ""\003\325Q\255\224\274R@\312\253\262\347\352\034\346\347\242\215,\312\376=\277\353{\350\225\301\305`^, ""; closeTime: 803902524; signature: ""0E\002!\000\212\224^\031y\315\031\210\270\363\273\334\347\2627\275%\333\316\237\013O\342\372\357\000\022\324\315!&\354\002 S\361\212\2143M\364\371\034X\230K\232\354\200\013\317?\034\374\031\324\247\272\013\353H\254\310\221~V""; previousledger: ""\264XQl\247\003\354\245\364D\352R\216\206b4,p\2079'\3229\214pa\315o:\200`\214""; "
1750587324899,1750587324899,0,1,2,0,TMProposeSet,"proposeSeq: 0; currentTxHash: ""\000\000\000\000\000\000\000\000\000\000\000\000\000\000\000\000\000\000\000\000\000\000\000\000\000\000\000\000\000\000\000\000""; nodePubKey: ""\003\325Q\255\224\274R@\312\253\262\347\352\034\346\347\242\215,\312\376=\277\353{\350\225\301\305`^, ""; closeTime: 803902524; signature: ""0E\002!\000\212\224^\031y\315\031\210\270\363\273\334\347\2627\275%\333\316\237\013O\342\372\357\000\022\324\315!&\354\002 S\361\212\2143M\364\371\034X\230K\232\354\200\013\317?\034\374\031\324\247\272\013\353H\254\310\221~V""; previousledger: ""\264XQl\247\003\354\245\364D\352R\216\206b4,p\2079'\3229\214pa\315o:\200`\214""; ","proposeSeq: 0; currentTxHash: ""\000\000\000\000\000\000\000\000\000\000\000\000\000\000\000\000\000\000\000\000\000\000\000\000\000\000\000\000\000\000\000\000""; nodePubKey: ""\003\325Q\255\224\274R@\312\253\262\347\352\034\346\347\242\215,\312\376=\277\353{\350\225\301\305`^, ""; closeTime: 803902524; signature: ""0E\002!\000\212\224^\031y\315\031\210\270\363\273\334\347\2627\275%\333\316\237\013O\342\372\357\000\022\324\315!&\354\002 S\361\212\2143M\364\371\034X\230K\232\354\200\013\317?\034\374\031\324\247\272\013\353H\254\310\221~V""; previousledger: ""\264XQl\247\003\354\245\364D\352R\216\206b4,p\2079'\3229\214pa\315o:\200`\214""; "
1750587324899,1750587324899,0,1,3,1,TMProposeSet,"proposeSeq: 0; currentTxHash: ""\000\000\000\000\000\000\000\000\000\000\000\000\000\000\000\000\000\000\000\000\000\000\000\000\000\000\000\000\000\000\000\000""; nodePubKey: ""\003\325Q\255\224\274R@\312\253\262\347\352\034\346\347\242\215,\312\376=\277\353{\350\225\301\305`^, ""; closeTime: 803902524; signature: ""0E\002!\000\212\224^\031y\315\031\210\270\363\273\334\347\2627\275%\333\316\237\013O\342\372\357\000\022\324\315!&\354\002 S\361\212\2143M\364\371\034X\230K\232\354\200\013\317?\034\374\031\324\247\272\013\353H\254\310\221~V""; previousledger: ""\264XQl\247\003\354\245\364D\352R\216\206b4,p\2079'\3229\214pa\315o:\200`\214""; ","proposeSeq: 0; currentTxHash: ""\000\000\000\000\000\000\000\000\000\000\000\000\000\000\000\000\000\000\000\000\000\000\000\000\000\000\000\000\000\000\000\000""; nodePubKey: ""\003\325Q\255\224\274R@\312\253\262\347\352\034\346\347\242\215,\312\376=\277\353{\350\225\301\305`^, ""; closeTime: 803902524; signature: ""0E\002!\000\212\224^\031y\315\031\210\270\363\273\334\347\2627\275%\333\316\237\013O\342\372\357\000\022\324\315!&\354\002 S\361\212\2143M\364\371\034X\230K\232\354\200\013\317?\034\374\031\324\247\272\013\353H\254\310\221~V""; previousledger: ""\264XQl\247\003\354\245\364D\352R\216\206b4,p\2079'\3229\214pa\315o:\200`\214""; "
1750587324900,1750587324900,0,1,3,0,TMProposeSet,"proposeSeq: 0; currentTxHash: ""\000\000\000\000\000\000\000\000\000\000\000\000\000\000\000\000\000\000\000\000\000\000\000\000\000\000\000\000\000\000\000\000""; nodePubKey: ""\003\325Q\255\224\274R@\312\253\262\347\352\034\346\347\242\215,\312\376=\277\353{\350\225\301\305`^, ""; closeTime: 803902524; signature: ""0E\002!\000\212\224^\031y\315\031\210\270\363\273\334\347\2627\275%\333\316\237\013O\342\372\357\000\022\324\315!&\354\002 S\361\212\2143M\364\371\034X\230K\232\354\200\013\317?\034\374\031\324\247\272\013\353H\254\310\221~V""; previousledger: ""\264XQl\247\003\354\245\364D\352R\216\206b4,p\2079'\3229\214pa\315o:\200`\214""; ","proposeSeq: 0; currentTxHash: ""\000\000\000\000\000\000\000\000\000\000\000\000\000\000\000\000\000\000\000\000\000\000\000\000\000\000\000\000\000\000\000\000""; nodePubKey: ""\003\325Q\255\224\274R@\312\253\262\347\352\034\346\347\242\215,\312\376=\277\353{\350\225\301\305`^, ""; closeTime: 803902524; signature: ""0E\002!\000\212\224^\031y\315\031\210\270\363\273\334\347\2627\275%\333\316\237\013O\342\372\357\000\022\324\315!&\354\002 S\361\212\2143M\364\371\034X\230K\232\354\200\013\317?\034\374\031\324\247\272\013\353H\254\310\221~V""; previousledger: ""\264XQl\247\003\354\245\364D\352R\216\206b4,p\2079'\3229\214pa\315o:\200`\214""; "
1750587324902,1750587324902,0,1,3,2,TMProposeSet,"proposeSeq: 0; currentTxHash: ""\000\000\000\000\000\000\000\000\000\000\000\000\000\000\000\000\000\000\000\000\000\000\000\000\000\000\000\000\000\000\000\000""; nodePubKey: ""\003\325Q\255\224\274R@\312\253\262\347\352\034\346\347\242\215,\312\376=\277\353{\350\225\301\305`^, ""; closeTime: 803902524; signature: ""0E\002!\000\212\224^\031y\315\031\210\270\363\273\334\347\2627\275%\333\316\237\013O\342\372\357\000\022\324\315!&\354\002 S\361\212\2143M\364\371\034X\230K\232\354\200\013\317?\034\374\031\324\247\272\013\353H\254\310\221~V""; previousledger: ""\264XQl\247\003\354\245\364D\352R\216\206b4,p\2079'\3229\214pa\315o:\200`\214""; ","proposeSeq: 0; currentTxHash: ""\000\000\000\000\000\000\000\000\000\000\000\000\000\000\000\000\000\000\000\000\000\000\000\000\000\000\000\000\000\000\000\000""; nodePubKey: ""\003\325Q\255\224\274R@\312\253\262\347\352\034\346\347\242\215,\312\376=\277\353{\350\225\301\305`^, ""; closeTime: 803902524; signature: ""0E\002!\000\212\224^\031y\315\031\210\270\363\273\334\347\2627\275%\333\316\237\013O\342\372\357\000\022\324\315!&\354\002 S\361\212\2143M\364\371\034X\230K\232\354\200\013\317?\034\374\031\324\247\272\013\353H\254\310\221~V""; previousledger: ""\264XQl\247\003\354\245\364D\352R\216\206b4,p\2079'\3229\214pa\315o:\200`\214""; "
1750587324891,1750587324952,0,1,3,4,TMStatusChange,"newEvent: neCLOSING_LEDGER; ledgerSeq: 20; ledgerHash: ""\264XQl\247\003\354\245\364D\352R\216\206b4,p\2079'\3229\214pa\315o:\200`\214""; ledgerHashPrevious: ""\370\361\367\235\210sr\037\032`/X%b\364\000\2261<\024n\271\n\247\213\340ngjzz\321""; networkTime: 803902524; firstSeq: 9; lastSeq: 20; ","newEvent: neCLOSING_LEDGER; ledgerSeq: 20; ledgerHash: ""\264XQl\247\003\354\245\364D\352R\216\206b4,p\2079'\3229\214pa\315o:\200`\214""; ledgerHashPrevious: ""\370\361\367\235\210sr\037\032`/X%b\364\000\2261<\024n\271\n\247\213\340ngjzz\321""; networkTime: 803902524; firstSeq: 9; lastSeq: 20; "
1750587324891,1750587324952,0,1,3,1,TMStatusChange,"newEvent: neCLOSING_LEDGER; ledgerSeq: 20; ledgerHash: ""\264XQl\247\003\354\245\364D\352R\216\206b4,p\2079'\3229\214pa\315o:\200`\214""; ledgerHashPrevious: ""\370\361\367\235\210sr\037\032`/X%b\364\000\2261<\024n\271\n\247\213\340ngjzz\321""; networkTime: 803902524; firstSeq: 9; lastSeq: 20; ","newEvent: neCLOSING_LEDGER; ledgerSeq: 20; ledgerHash: ""\264XQl\247\003\354\245\364D\352R\216\206b4,p\2079'\3229\214pa\315o:\200`\214""; ledgerHashPrevious: ""\370\361\367\235\210sr\037\032`/X%b\364\000\2261<\024n\271\n\247\213\340ngjzz\321""; networkTime: 803902524; firstSeq: 9; lastSeq: 20; "
1750587324892,1750587324952,0,1,3,2,TMStatusChange,"newEvent: neCLOSING_LEDGER; ledgerSeq: 20; ledgerHash: ""\264XQl\247\003\354\245\364D\352R\216\206b4,p\2079'\3229\214pa\315o:\200`\214""; ledgerHashPrevious: ""\370\361\367\235\210sr\037\032`/X%b\364\000\2261<\024n\271\n\247\213\340ngjzz\321""; networkTime: 803902524; firstSeq: 9; lastSeq: 20; ","newEvent: neCLOSING_LEDGER; ledgerSeq: 20; ledgerHash: ""\264XQl\247\003\354\245\364D\352R\216\206b4,p\2079'\3229\214pa\315o:\200`\214""; ledgerHashPrevious: ""\370\361\367\235\210sr\037\032`/X%b\364\000\2261<\024n\271\n\247\213\340ngjzz\321""; networkTime: 803902524; firstSeq: 9; lastSeq: 20; "
1750587324892,1750587324952,0,1,3,0,TMStatusChange,"newEvent: neCLOSING_LEDGER; ledgerSeq: 20; ledgerHash: ""\264XQl\247\003\354\245\364D\352R\216\206b4,p\2079'\3229\214pa\315o:\200`\214""; ledgerHashPrevious: ""\370\361\367\235\210sr\037\032`/X%b\364\000\2261<\024n\271\n\247\213\340ngjzz\321""; networkTime: 803902524; firstSeq: 9; lastSeq: 20; ","newEvent: neCLOSING_LEDGER; ledgerSeq: 20; ledgerHash: ""\264XQl\247\003\354\245\364D\352R\216\206b4,p\2079'\3229\214pa\315o:\200`\214""; ledgerHashPrevious: ""\370\361\367\235\210sr\037\032`/X%b\364\000\2261<\024n\271\n\247\213\340ngjzz\321""; networkTime: 803902524; firstSeq: 9; lastSeq: 20; "
1750587325025,1750587325025,0,1,0,4,TMProposeSet,"proposeSeq: 0; currentTxHash: ""\000\000\000\000\000\000\000\000\000\000\000\000\000\000\000\000\000\000\000\000\000\000\000\000\000\000\000\000\000\000\000\000""; nodePubKey: ""\002\347\243J\206W\025ML\260\226\0163\217\250\337\325W\253\356*O\245Z\271\234\207C\274\375`\335\311""; closeTime: 803902525; signature: ""0E\002!\000\333uS\346\006\250\377\241\277\2777\327\322\240\235'\030p\215\007!\215-/:A\353-yl\223/\002 (\034\3552(\310,\021\303\377\2172\256\242\320\005\370\313)\212\317\3259#@pA\221\006\320\006M""; previousledger: ""\264XQl\247\003\354\245\364D\352R\216\206b4,p\2079'\3229\214pa\315o:\200`\214""; ","proposeSeq: 0; currentTxHash: ""\000\000\000\000\000\000\000\000\000\000\000\000\000\000\000\000\000\000\000\000\000\000\000\000\000\000\000\000\000\000\000\000""; nodePubKey: ""\002\347\243J\206W\025ML\260\226\0163\217\250\337\325W\253\356*O\245Z\271\234\207C\274\375`\335\311""; closeTime: 803902525; signature: ""0E\002!\000\333uS\346\006\250\377\241\277\2777\327\322\240\235'\030p\215\007!\215-/:A\353-yl\223/\002 (\034\3552(\310,\021\303\377\2172\256\242\320\005\370\313)\212\317\3259#@pA\221\006\320\006M""; previousledger: ""\264XQl\247\003\354\245\364D\352R\216\206b4,p\2079'\3229\214pa\315o:\200`\214""; "
1750587325027,1750587325028,0,1,4,1,TMProposeSet,"proposeSeq: 0; currentTxHash: ""\000\000\000\000\000\000\000\000\000\000\000\000\000\000\000\000\000\000\000\000\000\000\000\000\000\000\000\000\000\000\000\000""; nodePubKey: ""\002\347\243J\206W\025ML\260\226\0163\217\250\337\325W\253\356*O\245Z\271\234\207C\274\375`\335\311""; closeTime: 803902525; signature: ""0E\002!\000\333uS\346\006\250\377\241\277\2777\327\322\240\235'\030p\215\007!\215-/:A\353-yl\223/\002 (\034\3552(\310,\021\303\377\2172\256\242\320\005\370\313)\212\317\3259#@pA\221\006\320\006M""; previousledger: ""\264XQl\247\003\354\245\364D\352R\216\206b4,p\2079'\3229\214pa\315o:\200`\214""; ","proposeSeq: 0; currentTxHash: ""\000\000\000\000\000\000\000\000\000\000\000\000\000\000\000\000\000\000\000\000\000\000\000\000\000\000\000\000\000\000\000\000""; nodePubKey: ""\002\347\243J\206W\025ML\260\226\0163\217\250\337\325W\253\356*O\245Z\271\234\207C\274\375`\335\311""; closeTime: 803902525; signature: ""0E\002!\000\333uS\346\006\250\377\241\277\2777\327\322\240\235'\030p\215\007!\215-/:A\353-yl\223/\002 (\034\3552(\310,\021\303\377\2172\256\242\320\005\370\313)\212\317\3259#@pA\221\006\320\006M""; previousledger: ""\264XQl\247\003\354\245\364D\352R\216\206b4,p\2079'\3229\214pa\315o:\200`\214""; "
1750587325028,1750587325028,0,1,4,3,TMProposeSet,"proposeSeq: 0; currentTxHash: ""\000\000\000\000\000\000\000\000\000\000\000\000\000\000\000\000\000\000\000\000\000\000\000\000\000\000\000\000\000\000\000\000""; nodePubKey: ""\002\347\243J\206W\025ML\260\226\0163\217\250\337\325W\253\356*O\245Z\271\234\207C\274\375`\335\311""; closeTime: 803902525; signature: ""0E\002!\000\333uS\346\006\250\377\241\277\2777\327\322\240\235'\030p\215\007!\215-/:A\353-yl\223/\002 (\034\3552(\310,\021\303\377\2172\256\242\320\005\370\313)\212\317\3259#@pA\221\006\320\006M""; previousledger: ""\264XQl\247\003\354\245\364D\352R\216\206b4,p\2079'\3229\214pa\315o:\200`\214""; ","proposeSeq: 0; currentTxHash: ""\000\000\000\000\000\000\000\000\000\000\000\000\000\000\000\000\000\000\000\000\000\000\000\000\000\000\000\000\000\000\000\000""; nodePubKey: ""\002\347\243J\206W\025ML\260\226\0163\217\250\337\325W\253\356*O\245Z\271\234\207C\274\375`\335\311""; closeTime: 803902525; signature: ""0E\002!\000\333uS\346\006\250\377\241\277\2777\327\322\240\235'\030p\215\007!\215-/:A\353-yl\223/\002 (\034\3552(\310,\021\303\377\2172\256\242\320\005\370\313)\212\317\3259#@pA\221\006\320\006M""; previousledger: ""\264XQl\247\003\354\245\364D\352R\216\206b4,p\2079'\3229\214pa\315o:\200`\214""; "
1750587325028,1750587325028,0,1,4,2,TMProposeSet,"proposeSeq: 0; currentTxHash: ""\000\000\000\000\000\000\000\000\000\000\000\000\000\000\000\000\000\000\000\000\000\000\000\000\000\000\000\000\000\000\000\000""; nodePubKey: ""\002\347\243J\206W\025ML\260\226\0163\217\250\337\325W\253\356*O\245Z\271\234\207C\274\375`\335\311""; closeTime: 803902525; signature: ""0E\002!\000\333uS\346\006\250\377\241\277\2777\327\322\240\235'\030p\215\007!\215-/:A\353-yl\223/\002 (\034\3552(\310,\021\303\377\2172\256\242\320\005\370\313)\212\317\3259#@pA\221\006\320\006M""; previousledger: ""\264XQl\247\003\354\245\364D\352R\216\206b4,p\2079'\3229\214pa\315o:\200`\214""; ","proposeSeq: 0; currentTxHash: ""\000\000\000\000\000\000\000\000\000\000\000\000\000\000\000\000\000\000\000\000\000\000\000\000\000\000\000\000\000\000\000\000""; nodePubKey: ""\002\347\243J\206W\025ML\260\226\0163\217\250\337\325W\253\356*O\245Z\271\234\207C\274\375`\335\311""; closeTime: 803902525; signature: ""0E\002!\000\333uS\346\006\250\377\241\277\2777\327\322\240\235'\030p\215\007!\215-/:A\353-yl\223/\002 (\034\3552(\310,\021\303\377\2172\256\242\320\005\370\313)\212\317\3259#@pA\221\006\320\006M""; previousledger: ""\264XQl\247\003\354\245\364D\352R\216\206b4,p\2079'\3229\214pa\315o:\200`\214""; "
1750587325029,1750587325029,0,1,1,2,TMProposeSet,"proposeSeq: 0; currentTxHash: ""\000\000\000\000\000\000\000\000\000\000\000\000\000\000\000\000\000\000\000\000\000\000\000\000\000\000\000\000\000\000\000\000""; nodePubKey: ""\002\347\243J\206W\025ML\260\226\0163\217\250\337\325W\253\356*O\245Z\271\234\207C\274\375`\335\311""; closeTime: 803902525; signature: ""0E\002!\000\333uS\346\006\250\377\241\277\2777\327\322\240\235'\030p\215\007!\215-/:A\353-yl\223/\002 (\034\3552(\310,\021\303\377\2172\256\242\320\005\370\313)\212\317\3259#@pA\221\006\320\006M""; previousledger: ""\264XQl\247\003\354\245\364D\352R\216\206b4,p\2079'\3229\214pa\315o:\200`\214""; ","proposeSeq: 0; currentTxHash: ""\000\000\000\000\000\000\000\000\000\000\000\000\000\000\000\000\000\000\000\000\000\000\000\000\000\000\000\000\000\000\000\000""; nodePubKey: ""\002\347\243J\206W\025ML\260\226\0163\217\250\337\325W\253\356*O\245Z\271\234\207C\274\375`\335\311""; closeTime: 803902525; signature: ""0E\002!\000\333uS\346\006\250\377\241\277\2777\327\322\240\235'\030p\215\007!\215-/:A\353-yl\223/\002 (\034\3552(\310,\021\303\377\2172\256\242\320\005\370\313)\212\317\3259#@pA\221\006\320\006M""; previousledger: ""\264XQl\247\003\354\245\364D\352R\216\206b4,p\2079'\3229\214pa\315o:\200`\214""; "
1750587325030,1750587325030,0,1,3,2,TMProposeSet,"proposeSeq: 0; currentTxHash: ""\000\000\000\000\000\000\000\000\000\000\000\000\000\000\000\000\000\000\000\000\000\000\000\000\000\000\000\000\000\000\000\000""; nodePubKey: ""\002\347\243J\206W\025ML\260\226\0163\217\250\337\325W\253\356*O\245Z\271\234\207C\274\375`\335\311""; closeTime: 803902525; signature: ""0E\002!\000\333uS\346\006\250\377\241\277\2777\327\322\240\235'\030p\215\007!\215-/:A\353-yl\223/\002 (\034\3552(\310,\021\303\377\2172\256\242\320\005\370\313)\212\317\3259#@pA\221\006\320\006M""; previousledger: ""\264XQl\247\003\354\245\364D\352R\216\206b4,p\2079'\3229\214pa\315o:\200`\214""; ","proposeSeq: 0; currentTxHash: ""\000\000\000\000\000\000\000\000\000\000\000\000\000\000\000\000\000\000\000\000\000\000\000\000\000\000\000\000\000\000\000\000""; nodePubKey: ""\002\347\243J\206W\025ML\260\226\0163\217\250\337\325W\253\356*O\245Z\271\234\207C\274\375`\335\311""; closeTime: 803902525; signature: ""0E\002!\000\333uS\346\006\250\377\241\277\2777\327\322\240\235'\030p\215\007!\215-/:A\353-yl\223/\002 (\034\3552(\310,\021\303\377\2172\256\242\320\005\370\313)\212\317\3259#@pA\221\006\320\006M""; previousledger: ""\264XQl\247\003\354\245\364D\352R\216\206b4,p\2079'\3229\214pa\315o:\200`\214""; "
1750587325030,1750587325030,0,1,1,3,TMProposeSet,"proposeSeq: 0; currentTxHash: ""\000\000\000\000\000\000\000\000\000\000\000\000\000\000\000\000\000\000\000\000\000\000\000\000\000\000\000\000\000\000\000\000""; nodePubKey: ""\002\347\243J\206W\025ML\260\226\0163\217\250\337\325W\253\356*O\245Z\271\234\207C\274\375`\335\311""; closeTime: 803902525; signature: ""0E\002!\000\333uS\346\006\250\377\241\277\2777\327\322\240\235'\030p\215\007!\215-/:A\353-yl\223/\002 (\034\3552(\310,\021\303\377\2172\256\242\320\005\370\313)\212\317\3259#@pA\221\006\320\006M""; previousledger: ""\264XQl\247\003\354\245\364D\352R\216\206b4,p\2079'\3229\214pa\315o:\200`\214""; ","proposeSeq: 0; currentTxHash: ""\000\000\000\000\000\000\000\000\000\000\000\000\000\000\000\000\000\000\000\000\000\000\000\000\000\000\000\000\000\000\000\000""; nodePubKey: ""\002\347\243J\206W\025ML\260\226\0163\217\250\337\325W\253\356*O\245Z\271\234\207C\274\375`\335\311""; closeTime: 803902525; signature: ""0E\002!\000\333uS\346\006\250\377\241\277\2777\327\322\240\235'\030p\215\007!\215-/:A\353-yl\223/\002 (\034\3552(\310,\021\303\377\2172\256\242\320\005\370\313)\212\317\3259#@pA\221\006\320\006M""; previousledger: ""\264XQl\247\003\354\245\364D\352R\216\206b4,p\2079'\3229\214pa\315o:\200`\214""; "
1750587325030,1750587325030,0,1,1,0,TMProposeSet,"proposeSeq: 0; currentTxHash: ""\000\000\000\000\000\000\000\000\000\000\000\000\000\000\000\000\000\000\000\000\000\000\000\000\000\000\000\000\000\000\000\000""; nodePubKey: ""\002\347\243J\206W\025ML\260\226\0163\217\250\337\325W\253\356*O\245Z\271\234\207C\274\375`\335\311""; closeTime: 803902525; signature: ""0E\002!\000\333uS\346\006\250\377\241\277\2777\327\322\240\235'\030p\215\007!\215-/:A\353-yl\223/\002 (\034\3552(\310,\021\303\377\2172\256\242\320\005\370\313)\212\317\3259#@pA\221\006\320\006M""; previousledger: ""\264XQl\247\003\354\245\364D\352R\216\206b4,p\2079'\3229\214pa\315o:\200`\214""; ","proposeSeq: 0; currentTxHash: ""\000\000\000\000\000\000\000\000\000\000\000\000\000\000\000\000\000\000\000\000\000\000\000\000\000\000\000\000\000\000\000\000""; nodePubKey: ""\002\347\243J\206W\025ML\260\226\0163\217\250\337\325W\253\356*O\245Z\271\234\207C\274\375`\335\311""; closeTime: 803902525; signature: ""0E\002!\000\333uS\346\006\250\377\241\277\2777\327\322\240\235'\030p\215\007!\215-/:A\353-yl\223/\002 (\034\3552(\310,\021\303\377\2172\256\242\320\005\370\313)\212\317\3259#@pA\221\006\320\006M""; previousledger: ""\264XQl\247\003\354\245\364D\352R\216\206b4,p\2079'\3229\214pa\315o:\200`\214""; "
1750587325031,1750587325031,0,1,3,1,TMProposeSet,"proposeSeq: 0; currentTxHash: ""\000\000\000\000\000\000\000\000\000\000\000\000\000\000\000\000\000\000\000\000\000\000\000\000\000\000\000\000\000\000\000\000""; nodePubKey: ""\002\347\243J\206W\025ML\260\226\0163\217\250\337\325W\253\356*O\245Z\271\234\207C\274\375`\335\311""; closeTime: 803902525; signature: ""0E\002!\000\333uS\346\006\250\377\241\277\2777\327\322\240\235'\030p\215\007!\215-/:A\353-yl\223/\002 (\034\3552(\310,\021\303\377\2172\256\242\320\005\370\313)\212\317\3259#@pA\221\006\320\006M""; previousledger: ""\264XQl\247\003\354\245\364D\352R\216\206b4,p\2079'\3229\214pa\315o:\200`\214""; ","proposeSeq: 0; currentTxHash: ""\000\000\000\000\000\000\000\000\000\000\000\000\000\000\000\000\000\000\000\000\000\000\000\000\000\000\000\000\000\000\000\000""; nodePubKey: ""\002\347\243J\206W\025ML\260\226\0163\217\250\337\325W\253\356*O\245Z\271\234\207C\274\375`\335\311""; closeTime: 803902525; signature: ""0E\002!\000\333uS\346\006\250\377\241\277\2777\327\322\240\235'\030p\215\007!\215-/:A\353-yl\223/\002 (\034\3552(\310,\021\303\377\2172\256\242\320\005\370\313)\212\317\3259#@pA\221\006\320\006M""; previousledger: ""\264XQl\247\003\354\245\364D\352R\216\206b4,p\2079'\3229\214pa\315o:\200`\214""; "
1750587325031,1750587325031,0,1,3,0,TMProposeSet,"proposeSeq: 0; currentTxHash: ""\000\000\000\000\000\000\000\000\000\000\000\000\000\000\000\000\000\000\000\000\000\000\000\000\000\000\000\000\000\000\000\000""; nodePubKey: ""\002\347\243J\206W\025ML\260\226\0163\217\250\337\325W\253\356*O\245Z\271\234\207C\274\375`\335\311""; closeTime: 803902525; signature: ""0E\002!\000\333uS\346\006\250\377\241\277\2777\327\322\240\235'\030p\215\007!\215-/:A\353-yl\223/\002 (\034\3552(\310,\021\303\377\2172\256\242\320\005\370\313)\212\317\3259#@pA\221\006\320\006M""; previousledger: ""\264XQl\247\003\354\245\364D\352R\216\206b4,p\2079'\3229\214pa\315o:\200`\214""; ","proposeSeq: 0; currentTxHash: ""\000\000\000\000\000\000\000\000\000\000\000\000\000\000\000\000\000\000\000\000\000\000\000\000\000\000\000\000\000\000\000\000""; nodePubKey: ""\002\347\243J\206W\025ML\260\226\0163\217\250\337\325W\253\356*O\245Z\271\234\207C\274\375`\335\311""; closeTime: 803902525; signature: ""0E\002!\000\333uS\346\006\250\377\241\277\2777\327\322\240\235'\030p\215\007!\215-/:A\353-yl\223/\002 (\034\3552(\310,\021\303\377\2172\256\242\320\005\370\313)\212\317\3259#@pA\221\006\320\006M""; previousledger: ""\264XQl\247\003\354\245\364D\352R\216\206b4,p\2079'\3229\214pa\315o:\200`\214""; "
1750587325031,1750587325031,0,1,2,0,TMProposeSet,"proposeSeq: 0; currentTxHash: ""\000\000\000\000\000\000\000\000\000\000\000\000\000\000\000\000\000\000\000\000\000\000\000\000\000\000\000\000\000\000\000\000""; nodePubKey: ""\002\347\243J\206W\025ML\260\226\0163\217\250\337\325W\253\356*O\245Z\271\234\207C\274\375`\335\311""; closeTime: 803902525; signature: ""0E\002!\000\333uS\346\006\250\377\241\277\2777\327\322\240\235'\030p\215\007!\215-/:A\353-yl\223/\002 (\034\3552(\310,\021\303\377\2172\256\242\320\005\370\313)\212\317\3259#@pA\221\006\320\006M""; previousledger: ""\264XQl\247\003\354\245\364D\352R\216\206b4,p\2079'\3229\214pa\315o:\200`\214""; ","proposeSeq: 0; currentTxHash: ""\000\000\000\000\000\000\000\000\000\000\000\000\000\000\000\000\000\000\000\000\000\000\000\000\000\000\000\000\000\000\000\000""; nodePubKey: ""\002\347\243J\206W\025ML\260\226\0163\217\250\337\325W\253\356*O\245Z\271\234\207C\274\375`\335\311""; closeTime: 803902525; signature: ""0E\002!\000\333uS\346\006\250\377\241\277\2777\327\322\240\235'\030p\215\007!\215-/:A\353-yl\223/\002 (\034\3552(\310,\021\303\377\2172\256\242\320\005\370\313)\212\317\3259#@pA\221\006\320\006M""; previousledger: ""\264XQl\247\003\354\245\364D\352R\216\206b4,p\2079'\3229\214pa\315o:\200`\214""; "
1750587325033,1750587325033,0,1,0,1,TMProposeSet,"proposeSeq: 0; currentTxHash: ""\000\000\000\000\000\000\000\000\000\000\000\000\000\000\000\000\000\000\000\000\000\000\000\000\000\000\000\000\000\000\000\000""; nodePubKey: ""\002\347\243J\206W\025ML\260\226\0163\217\250\337\325W\253\356*O\245Z\271\234\207C\274\375`\335\311""; closeTime: 803902525; signature: ""0E\002!\000\333uS\346\006\250\377\241\277\2777\327\322\240\235'\030p\215\007!\215-/:A\353-yl\223/\002 (\034\3552(\310,\021\303\377\2172\256\242\320\005\370\313)\212\317\3259#@pA\221\006\320\006M""; previousledger: ""\264XQl\247\003\354\245\364D\352R\216\206b4,p\2079'\3229\214pa\315o:\200`\214""; ","proposeSeq: 0; currentTxHash: ""\000\000\000\000\000\000\000\000\000\000\000\000\000\000\000\000\000\000\000\000\000\000\000\000\000\000\000\000\000\000\000\000""; nodePubKey: ""\002\347\243J\206W\025ML\260\226\0163\217\250\337\325W\253\356*O\245Z\271\234\207C\274\375`\335\311""; closeTime: 803902525; signature: ""0E\002!\000\333uS\346\006\250\377\241\277\2777\327\322\240\235'\030p\215\007!\215-/:A\353-yl\223/\002 (\034\3552(\310,\021\303\377\2172\256\242\320\005\370\313)\212\317\3259#@pA\221\006\320\006M""; previousledger: ""\264XQl\247\003\354\245\364D\352R\216\206b4,p\2079'\3229\214pa\315o:\200`\214""; "
1750587325032,1750587325032,0,1,2,3,TMProposeSet,"proposeSeq: 0; currentTxHash: ""\000\000\000\000\000\000\000\000\000\000\000\000\000\000\000\000\000\000\000\000\000\000\000\000\000\000\000\000\000\000\000\000""; nodePubKey: ""\002\347\243J\206W\025ML\260\226\0163\217\250\337\325W\253\356*O\245Z\271\234\207C\274\375`\335\311""; closeTime: 803902525; signature: ""0E\002!\000\333uS\346\006\250\377\241\277\2777\327\322\240\235'\030p\215\007!\215-/:A\353-yl\223/\002 (\034\3552(\310,\021\303\377\2172\256\242\320\005\370\313)\212\317\3259#@pA\221\006\320\006M""; previousledger: ""\264XQl\247\003\354\245\364D\352R\216\206b4,p\2079'\3229\214pa\315o:\200`\214""; ","proposeSeq: 0; currentTxHash: ""\000\000\000\000\000\000\000\000\000\000\000\000\000\000\000\000\000\000\000\000\000\000\000\000\000\000\000\000\000\000\000\000""; nodePubKey: ""\002\347\243J\206W\025ML\260\226\0163\217\250\337\325W\253\356*O\245Z\271\234\207C\274\375`\335\311""; closeTime: 803902525; signature: ""0E\002!\000\333uS\346\006\250\377\241\277\2777\327\322\240\235'\030p\215\007!\215-/:A\353-yl\223/\002 (\034\3552(\310,\021\303\377\2172\256\242\320\005\370\313)\212\317\3259#@pA\221\006\320\006M""; previousledger: ""\264XQl\247\003\354\245\364D\352R\216\206b4,p\2079'\3229\214pa\315o:\200`\214""; "
1750587325032,1750587325032,0,1,2,1,TMProposeSet,"proposeSeq: 0; currentTxHash: ""\000\000\000\000\000\000\000\000\000\000\000\000\000\000\000\000\000\000\000\000\000\000\000\000\000\000\000\000\000\000\000\000""; nodePubKey: ""\002\347\243J\206W\025ML\260\226\0163\217\250\337\325W\253\356*O\245Z\271\234\207C\274\375`\335\311""; closeTime: 803902525; signature: ""0E\002!\000\333uS\346\006\250\377\241\277\2777\327\322\240\235'\030p\215\007!\215-/:A\353-yl\223/\002 (\034\3552(\310,\021\303\377\2172\256\242\320\005\370\313)\212\317\3259#@pA\221\006\320\006M""; previousledger: ""\264XQl\247\003\354\245\364D\352R\216\206b4,p\2079'\3229\214pa\315o:\200`\214""; ","proposeSeq: 0; currentTxHash: ""\000\000\000\000\000\000\000\000\000\000\000\000\000\000\000\000\000\000\000\000\000\000\000\000\000\000\000\000\000\000\000\000""; nodePubKey: ""\002\347\243J\206W\025ML\260\226\0163\217\250\337\325W\253\356*O\245Z\271\234\207C\274\375`\335\311""; closeTime: 803902525; signature: ""0E\002!\000\333uS\346\006\250\377\241\277\2777\327\322\240\235'\030p\215\007!\215-/:A\353-yl\223/\002 (\034\3552(\310,\021\303\377\2172\256\242\320\005\370\313)\212\317\3259#@pA\221\006\320\006M""; previousledger: ""\264XQl\247\003\354\245\364D\352R\216\206b4,p\2079'\3229\214pa\315o:\200`\214""; "
1750587325034,1750587325034,0,1,0,2,TMProposeSet,"proposeSeq: 0; currentTxHash: ""\000\000\000\000\000\000\000\000\000\000\000\000\000\000\000\000\000\000\000\000\000\000\000\000\000\000\000\000\000\000\000\000""; nodePubKey: ""\002\347\243J\206W\025ML\260\226\0163\217\250\337\325W\253\356*O\245Z\271\234\207C\274\375`\335\311""; closeTime: 803902525; signature: ""0E\002!\000\333uS\346\006\250\377\241\277\2777\327\322\240\235'\030p\215\007!\215-/:A\353-yl\223/\002 (\034\3552(\310,\021\303\377\2172\256\242\320\005\370\313)\212\317\3259#@pA\221\006\320\006M""; previousledger: ""\264XQl\247\003\354\245\364D\352R\216\206b4,p\2079'\3229\214pa\315o:\200`\214""; ","proposeSeq: 0; currentTxHash: ""\000\000\000\000\000\000\000\000\000\000\000\000\000\000\000\000\000\000\000\000\000\000\000\000\000\000\000\000\000\000\000\000""; nodePubKey: ""\002\347\243J\206W\025ML\260\226\0163\217\250\337\325W\253\356*O\245Z\271\234\207C\274\375`\335\311""; closeTime: 803902525; signature: ""0E\002!\000\333uS\346\006\250\377\241\277\2777\327\322\240\235'\030p\215\007!\215-/:A\353-yl\223/\002 (\034\3552(\310,\021\303\377\2172\256\242\320\005\370\313)\212\317\3259#@pA\221\006\320\006M""; previousledger: ""\264XQl\247\003\354\245\364D\352R\216\206b4,p\2079'\3229\214pa\315o:\200`\214""; "
1750587325034,1750587325034,0,1,0,3,TMProposeSet,"proposeSeq: 0; currentTxHash: ""\000\000\000\000\000\000\000\000\000\000\000\000\000\000\000\000\000\000\000\000\000\000\000\000\000\000\000\000\000\000\000\000""; nodePubKey: ""\002\347\243J\206W\025ML\260\226\0163\217\250\337\325W\253\356*O\245Z\271\234\207C\274\375`\335\311""; closeTime: 803902525; signature: ""0E\002!\000\333uS\346\006\250\377\241\277\2777\327\322\240\235'\030p\215\007!\215-/:A\353-yl\223/\002 (\034\3552(\310,\021\303\377\2172\256\242\320\005\370\313)\212\317\3259#@pA\221\006\320\006M""; previousledger: ""\264XQl\247\003\354\245\364D\352R\216\206b4,p\2079'\3229\214pa\315o:\200`\214""; ","proposeSeq: 0; currentTxHash: ""\000\000\000\000\000\000\000\000\000\000\000\000\000\000\000\000\000\000\000\000\000\000\000\000\000\000\000\000\000\000\000\000""; nodePubKey: ""\002\347\243J\206W\025ML\260\226\0163\217\250\337\325W\253\356*O\245Z\271\234\207C\274\375`\335\311""; closeTime: 803902525; signature: ""0E\002!\000\333uS\346\006\250\377\241\277\2777\327\322\240\235'\030p\215\007!\215-/:A\353-yl\223/\002 (\034\3552(\310,\021\303\377\2172\256\242\320\005\370\313)\212\317\3259#@pA\221\006\320\006M""; previousledger: ""\264XQl\247\003\354\245\364D\352R\216\206b4,p\2079'\3229\214pa\315o:\200`\214""; "
1750587325024,1750587325064,0,1,0,4,TMStatusChange,"newEvent: neCLOSING_LEDGER; ledgerSeq: 20; ledgerHash: ""\264XQl\247\003\354\245\364D\352R\216\206b4,p\2079'\3229\214pa\315o:\200`\214""; ledgerHashPrevious: ""\370\361\367\235\210sr\037\032`/X%b\364\000\2261<\024n\271\n\247\213\340ngjzz\321""; networkTime: 803902525; firstSeq: 9; lastSeq: 20; ","newEvent: neCLOSING_LEDGER; ledgerSeq: 20; ledgerHash: ""\264XQl\247\003\354\245\364D\352R\216\206b4,p\2079'\3229\214pa\315o:\200`\214""; ledgerHashPrevious: ""\370\361\367\235\210sr\037\032`/X%b\364\000\2261<\024n\271\n\247\213\340ngjzz\321""; networkTime: 803902525; firstSeq: 9; lastSeq: 20; "
1750587325025,1750587325065,0,1,0,3,TMStatusChange,"newEvent: neCLOSING_LEDGER; ledgerSeq: 20; ledgerHash: ""\264XQl\247\003\354\245\364D\352R\216\206b4,p\2079'\3229\214pa\315o:\200`\214""; ledgerHashPrevious: ""\370\361\367\235\210sr\037\032`/X%b\364\000\2261<\024n\271\n\247\213\340ngjzz\321""; networkTime: 803902525; firstSeq: 9; lastSeq: 20; ","newEvent: neCLOSING_LEDGER; ledgerSeq: 20; ledgerHash: ""\264XQl\247\003\354\245\364D\352R\216\206b4,p\2079'\3229\214pa\315o:\200`\214""; ledgerHashPrevious: ""\370\361\367\235\210sr\037\032`/X%b\364\000\2261<\024n\271\n\247\213\340ngjzz\321""; networkTime: 803902525; firstSeq: 9; lastSeq: 20; "
1750587325026,1750587325065,0,1,0,2,TMStatusChange,"newEvent: neCLOSING_LEDGER; ledgerSeq: 20; ledgerHash: ""\264XQl\247\003\354\245\364D\352R\216\206b4,p\2079'\3229\214pa\315o:\200`\214""; ledgerHashPrevious: ""\370\361\367\235\210sr\037\032`/X%b\364\000\2261<\024n\271\n\247\213\340ngjzz\321""; networkTime: 803902525; firstSeq: 9; lastSeq: 20; ","newEvent: neCLOSING_LEDGER; ledgerSeq: 20; ledgerHash: ""\264XQl\247\003\354\245\364D\352R\216\206b4,p\2079'\3229\214pa\315o:\200`\214""; ledgerHashPrevious: ""\370\361\367\235\210sr\037\032`/X%b\364\000\2261<\024n\271\n\247\213\340ngjzz\321""; networkTime: 803902525; firstSeq: 9; lastSeq: 20; "
1750587325026,1750587325065,0,1,0,1,TMStatusChange,"newEvent: neCLOSING_LEDGER; ledgerSeq: 20; ledgerHash: ""\264XQl\247\003\354\245\364D\352R\216\206b4,p\2079'\3229\214pa\315o:\200`\214""; ledgerHashPrevious: ""\370\361\367\235\210sr\037\032`/X%b\364\000\2261<\024n\271\n\247\213\340ngjzz\321""; networkTime: 803902525; firstSeq: 9; lastSeq: 20; ","newEvent: neCLOSING_LEDGER; ledgerSeq: 20; ledgerHash: ""\264XQl\247\003\354\245\364D\352R\216\206b4,p\2079'\3229\214pa\315o:\200`\214""; ledgerHashPrevious: ""\370\361\367\235\210sr\037\032`/X%b\364\000\2261<\024n\271\n\247\213\340ngjzz\321""; networkTime: 803902525; firstSeq: 9; lastSeq: 20; "
1750587325303,1750587325304,0,1,2,4,TMProposeSet,"proposeSeq: 0; currentTxHash: ""\000\000\000\000\000\000\000\000\000\000\000\000\000\000\000\000\000\000\000\000\000\000\000\000\000\000\000\000\000\000\000\000""; nodePubKey: ""\003ql\302)\235\321\t\213\224\356\374%%\311\327\037\374\304\t\335\2359\344\233\035]\347<u\236\364\222""; closeTime: 803902525; signature: ""0E\002!\000\255\267L1d\022\257\370\304\303l`8YFe*'^\274\271\252\254p\3141\371\214\201\236\304m\002 h\361\333$\275\\265uu>\327&KpMe\243\027\002M\343\203\220lD1\272h\262\246\217'""; previousledger: ""\264XQl\247\003\354\245\364D\352R\216\206b4,p\2079'\3229\214pa\315o:\200`\214""; ","proposeSeq: 0; currentTxHash: ""\000\000\000\000\000\000\000\000\000\000\000\000\000\000\000\000\000\000\000\000\000\000\000\000\000\000\000\000\000\000\000\000""; nodePubKey: ""\003ql\302)\235\321\t\213\224\356\374%%\311\327\037\374\304\t\335\2359\344\233\035]\347<u\236\364\222""; closeTime: 803902525; signature: ""0E\002!\000\255\267L1d\022\257\370\304\303l`8YFe*'^\274\271\252\254p\3141\371\214\201\236\304m\002 h\361\333$\275\\265uu>\327&KpMe\243\027\002M\343\203\220lD1\272h\262\246\217'""; previousledger: ""\264XQl\247\003\354\245\364D\352R\216\206b4,p\2079'\3229\214pa\315o:\200`\214""; "
1750587325306,1750587325306,0,1,4,3,TMProposeSet,"proposeSeq: 0; currentTxHash: ""\000\000\000\000\000\000\000\000\000\000\000\000\000\000\000\000\000\000\000\000\000\000\000\000\000\000\000\000\000\000\000\000""; nodePubKey: ""\003ql\302)\235\321\t\213\224\356\374%%\311\327\037\374\304\t\335\2359\344\233\035]\347<u\236\364\222""; closeTime: 803902525; signature: ""0E\002!\000\255\267L1d\022\257\370\304\303l`8YFe*'^\274\271\252\254p\3141\371\214\201\236\304m\002 h\361\333$\275\\265uu>\327&KpMe\243\027\002M\343\203\220lD1\272h\262\246\217'""; previousledger: ""\264XQl\247\003\354\245\364D\352R\216\206b4,p\2079'\3229\214pa\315o:\200`\214""; ","proposeSeq: 0; currentTxHash: ""\000\000\000\000\000\000\000\000\000\000\000\000\000\000\000\000\000\000\000\000\000\000\000\000\000\000\000\000\000\000\000\000""; nodePubKey: ""\003ql\302)\235\321\t\213\224\356\374%%\311\327\037\374\304\t\335\2359\344\233\035]\347<u\236\364\222""; closeTime: 803902525; signature: ""0E\002!\000\255\267L1d\022\257\370\304\303l`8YFe*'^\274\271\252\254p\3141\371\214\201\236\304m\002 h\361\333$\275\\265uu>\327&KpMe\243\027\002M\343\203\220lD1\272h\262\246\217'""; previousledger: ""\264XQl\247\003\354\245\364D\352R\216\206b4,p\2079'\3229\214pa\315o:\200`\214""; "
1750587325307,1750587325307,0,1,4,1,TMProposeSet,"proposeSeq: 0; currentTxHash: ""\000\000\000\000\000\000\000\000\000\000\000\000\000\000\000\000\000\000\000\000\000\000\000\000\000\000\000\000\000\000\000\000""; nodePubKey: ""\003ql\302)\235\321\t\213\224\356\374%%\311\327\037\374\304\t\335\2359\344\233\035]\347<u\236\364\222""; closeTime: 803902525; signature: ""0E\002!\000\255\267L1d\022\257\370\304\303l`8YFe*'^\274\271\252\254p\3141\371\214\201\236\304m\002 h\361\333$\275\\265uu>\327&KpMe\243\027\002M\343\203\220lD1\272h\262\246\217'""; previousledger: ""\264XQl\247\003\354\245\364D\352R\216\206b4,p\2079'\3229\214pa\315o:\200`\214""; ","proposeSeq: 0; currentTxHash: ""\000\000\000\000\000\000\000\000\000\000\000\000\000\000\000\000\000\000\000\000\000\000\000\000\000\000\000\000\000\000\000\000""; nodePubKey: ""\003ql\302)\235\321\t\213\224\356\374%%\311\327\037\374\304\t\335\2359\344\233\035]\347<u\236\364\222""; closeTime: 803902525; signature: ""0E\002!\000\255\267L1d\022\257\370\304\303l`8YFe*'^\274\271\252\254p\3141\371\214\201\236\304m\002 h\361\333$\275\\265uu>\327&KpMe\243\027\002M\343\203\220lD1\272h\262\246\217'""; previousledger: ""\264XQl\247\003\354\245\364D\352R\216\206b4,p\2079'\3229\214pa\315o:\200`\214""; "
1750587325307,1750587325307,0,1,4,0,TMProposeSet,"proposeSeq: 0; currentTxHash: ""\000\000\000\000\000\000\000\000\000\000\000\000\000\000\000\000\000\000\000\000\000\000\000\000\000\000\000\000\000\000\000\000""; nodePubKey: ""\003ql\302)\235\321\t\213\224\356\374%%\311\327\037\374\304\t\335\2359\344\233\035]\347<u\236\364\222""; closeTime: 803902525; signature: ""0E\002!\000\255\267L1d\022\257\370\304\303l`8YFe*'^\274\271\252\254p\3141\371\214\201\236\304m\002 h\361\333$\275\\265uu>\327&KpMe\243\027\002M\343\203\220lD1\272h\262\246\217'""; previousledger: ""\264XQl\247\003\354\245\364D\352R\216\206b4,p\2079'\3229\214pa\315o:\200`\214""; ","proposeSeq: 0; currentTxHash: ""\000\000\000\000\000\000\000\000\000\000\000\000\000\000\000\000\000\000\000\000\000\000\000\000\000\000\000\000\000\000\000\000""; nodePubKey: ""\003ql\302)\235\321\t\213\224\356\374%%\311\327\037\374\304\t\335\2359\344\233\035]\347<u\236\364\222""; closeTime: 803902525; signature: ""0E\002!\000\255\267L1d\022\257\370\304\303l`8YFe*'^\274\271\252\254p\3141\371\214\201\236\304m\002 h\361\333$\275\\265uu>\327&KpMe\243\027\002M\343\203\220lD1\272h\262\246\217'""; previousledger: ""\264XQl\247\003\354\245\364D\352R\216\206b4,p\2079'\3229\214pa\315o:\200`\214""; "
1750587325309,1750587325309,0,1,1,3,TMProposeSet,"proposeSeq: 0; currentTxHash: ""\000\000\000\000\000\000\000\000\000\000\000\000\000\000\000\000\000\000\000\000\000\000\000\000\000\000\000\000\000\000\000\000""; nodePubKey: ""\003ql\302)\235\321\t\213\224\356\374%%\311\327\037\374\304\t\335\2359\344\233\035]\347<u\236\364\222""; closeTime: 803902525; signature: ""0E\002!\000\255\267L1d\022\257\370\304\303l`8YFe*'^\274\271\252\254p\3141\371\214\201\236\304m\002 h\361\333$\275\\265uu>\327&KpMe\243\027\002M\343\203\220lD1\272h\262\246\217'""; previousledger: ""\264XQl\247\003\354\245\364D\352R\216\206b4,p\2079'\3229\214pa\315o:\200`\214""; ","proposeSeq: 0; currentTxHash: ""\000\000\000\000\000\000\000\000\000\000\000\000\000\000\000\000\000\000\000\000\000\000\000\000\000\000\000\000\000\000\000\000""; nodePubKey: ""\003ql\302)\235\321\t\213\224\356\374%%\311\327\037\374\304\t\335\2359\344\233\035]\347<u\236\364\222""; closeTime: 803902525; signature: ""0E\002!\000\255\267L1d\022\257\370\304\303l`8YFe*'^\274\271\252\254p\3141\371\214\201\236\304m\002 h\361\333$\275\\265uu>\327&KpMe\243\027\002M\343\203\220lD1\272h\262\246\217'""; previousledger: ""\264XQl\247\003\354\245\364D\352R\216\206b4,p\2079'\3229\214pa\315o:\200`\214""; "
1750587325309,1750587325310,0,1,1,2,TMProposeSet,"proposeSeq: 0; currentTxHash: ""\000\000\000\000\000\000\000\000\000\000\000\000\000\000\000\000\000\000\000\000\000\000\000\000\000\000\000\000\000\000\000\000""; nodePubKey: ""\003ql\302)\235\321\t\213\224\356\374%%\311\327\037\374\304\t\335\2359\344\233\035]\347<u\236\364\222""; closeTime: 803902525; signature: ""0E\002!\000\255\267L1d\022\257\370\304\303l`8YFe*'^\274\271\252\254p\3141\371\214\201\236\304m\002 h\361\333$\275\\265uu>\327&KpMe\243\027\002M\343\203\220lD1\272h\262\246\217'""; previousledger: ""\264XQl\247\003\354\245\364D\352R\216\206b4,p\2079'\3229\214pa\315o:\200`\214""; ","proposeSeq: 0; currentTxHash: ""\000\000\000\000\000\000\000\000\000\000\000\000\000\000\000\000\000\000\000\000\000\000\000\000\000\000\000\000\000\000\000\000""; nodePubKey: ""\003ql\302)\235\321\t\213\224\356\374%%\311\327\037\374\304\t\335\2359\344\233\035]\347<u\236\364\222""; closeTime: 803902525; signature: ""0E\002!\000\255\267L1d\022\257\370\304\303l`8YFe*'^\274\271\252\254p\3141\371\214\201\236\304m\002 h\361\333$\275\\265uu>\327&KpMe\243\027\002M\343\203\220lD1\272h\262\246\217'""; previousledger: ""\264XQl\247\003\354\245\364D\352R\216\206b4,p\2079'\3229\214pa\315o:\200`\214""; "
1750587325310,1750587325310,0,1,3,0,TMProposeSet,"proposeSeq: 0; currentTxHash: ""\000\000\000\000\000\000\000\000\000\000\000\000\000\000\000\000\000\000\000\000\000\000\000\000\000\000\000\000\000\000\000\000""; nodePubKey: ""\003ql\302)\235\321\t\213\224\356\374%%\311\327\037\374\304\t\335\2359\344\233\035]\347<u\236\364\222""; closeTime: 803902525; signature: ""0E\002!\000\255\267L1d\022\257\370\304\303l`8YFe*'^\274\271\252\254p\3141\371\214\201\236\304m\002 h\361\333$\275\\265uu>\327&KpMe\243\027\002M\343\203\220lD1\272h\262\246\217'""; previousledger: ""\264XQl\247\003\354\245\364D\352R\216\206b4,p\2079'\3229\214pa\315o:\200`\214""; ","proposeSeq: 0; currentTxHash: ""\000\000\000\000\000\000\000\000\000\000\000\000\000\000\000\000\000\000\000\000\000\000\000\000\000\000\000\000\000\000\000\000""; nodePubKey: ""\003ql\302)\235\321\t\213\224\356\374%%\311\327\037\374\304\t\335\2359\344\233\035]\347<u\236\364\222""; closeTime: 803902525; signature: ""0E\002!\000\255\267L1d\022\257\370\304\303l`8YFe*'^\274\271\252\254p\3141\371\214\201\236\304m\002 h\361\333$\275\\265uu>\327&KpMe\243\027\002M\343\203\220lD1\272h\262\246\217'""; previousledger: ""\264XQl\247\003\354\245\364D\352R\216\206b4,p\2079'\3229\214pa\315o:\200`\214""; "
1750587325311,1750587325311,0,1,0,3,TMProposeSet,"proposeSeq: 0; currentTxHash: ""\000\000\000\000\000\000\000\000\000\000\000\000\000\000\000\000\000\000\000\000\000\000\000\000\000\000\000\000\000\000\000\000""; nodePubKey: ""\003ql\302)\235\321\t\213\224\356\374%%\311\327\037\374\304\t\335\2359\344\233\035]\347<u\236\364\222""; closeTime: 803902525; signature: ""0E\002!\000\255\267L1d\022\257\370\304\303l`8YFe*'^\274\271\252\254p\3141\371\214\201\236\304m\002 h\361\333$\275\\265uu>\327&KpMe\243\027\002M\343\203\220lD1\272h\262\246\217'""; previousledger: ""\264XQl\247\003\354\245\364D\352R\216\206b4,p\2079'\3229\214pa\315o:\200`\214""; ","proposeSeq: 0; currentTxHash: ""\000\000\000\000\000\000\000\000\000\000\000\000\000\000\000\000\000\000\000\000\000\000\000\000\000\000\000\000\000\000\000\000""; nodePubKey: ""\003ql\302)\235\321\t\213\224\356\374%%\311\327\037\374\304\t\335\2359\344\233\035]\347<u\236\364\222""; closeTime: 803902525; signature: ""0E\002!\000\255\267L1d\022\257\370\304\303l`8YFe*'^\274\271\252\254p\3141\371\214\201\236\304m\002 h\361\333$\275\\265uu>\327&KpMe\243\027\002M\343\203\220lD1\272h\262\246\217'""; previousledger: ""\264XQl\247\003\354\245\364D\352R\216\206b4,p\2079'\3229\214pa\315o:\200`\214""; "
1750587325310,1750587325310,0,1,1,0,TMProposeSet,"proposeSeq: 0; currentTxHash: ""\000\000\000\000\000\000\000\000\000\000\000\000\000\000\000\000\000\000\000\000\000\000\000\000\000\000\000\000\000\000\000\000""; nodePubKey: ""\003ql\302)\235\321\t\213\224\356\374%%\311\327\037\374\304\t\335\2359\344\233\035]\347<u\236\364\222""; closeTime: 803902525; signature: ""0E\002!\000\255\267L1d\022\257\370\304\303l`8YFe*'^\274\271\252\254p\3141\371\214\201\236\304m\002 h\361\333$\275\\265uu>\327&KpMe\243\027\002M\343\203\220lD1\272h\262\246\217'""; previousledger: ""\264XQl\247\003\354\245\364D\352R\216\206b4,p\2079'\3229\214pa\315o:\200`\214""; ","proposeSeq: 0; currentTxHash: ""\000\000\000\000\000\000\000\000\000\000\000\000\000\000\000\000\000\000\000\000\000\000\000\000\000\000\000\000\000\000\000\000""; nodePubKey: ""\003ql\302)\235\321\t\213\224\356\374%%\311\327\037\374\304\t\335\2359\344\233\035]\347<u\236\364\222""; closeTime: 803902525; signature: ""0E\002!\000\255\267L1d\022\257\370\304\303l`8YFe*'^\274\271\252\254p\3141\371\214\201\236\304m\002 h\361\333$\275\\265uu>\327&KpMe\243\027\002M\343\203\220lD1\272h\262\246\217'""; previousledger: ""\264XQl\247\003\354\245\364D\352R\216\206b4,p\2079'\3229\214pa\315o:\200`\214""; "
1750587325311,1750587325311,0,1,0,2,TMProposeSet,"proposeSeq: 0; currentTxHash: ""\000\000\000\000\000\000\000\000\000\000\000\000\000\000\000\000\000\000\000\000\000\000\000\000\000\000\000\000\000\000\000\000""; nodePubKey: ""\003ql\302)\235\321\t\213\224\356\374%%\311\327\037\374\304\t\335\2359\344\233\035]\347<u\236\364\222""; closeTime: 803902525; signature: ""0E\002!\000\255\267L1d\022\257\370\304\303l`8YFe*'^\274\271\252\254p\3141\371\214\201\236\304m\002 h\361\333$\275\\265uu>\327&KpMe\243\027\002M\343\203\220lD1\272h\262\246\217'""; previousledger: ""\264XQl\247\003\354\245\364D\352R\216\206b4,p\2079'\3229\214pa\315o:\200`\214""; ","proposeSeq: 0; currentTxHash: ""\000\000\000\000\000\000\000\000\000\000\000\000\000\000\000\000\000\000\000\000\000\000\000\000\000\000\000\000\000\000\000\000""; nodePubKey: ""\003ql\302)\235\321\t\213\224\356\374%%\311\327\037\374\304\t\335\2359\344\233\035]\347<u\236\364\222""; closeTime: 803902525; signature: ""0E\002!\000\255\267L1d\022\257\370\304\303l`8YFe*'^\274\271\252\254p\3141\371\214\201\236\304m\002 h\361\333$\275\\265uu>\327&KpMe\243\027\002M\343\203\220lD1\272h\262\246\217'""; previousledger: ""\264XQl\247\003\354\245\364D\352R\216\206b4,p\2079'\3229\214pa\315o:\200`\214""; "
1750587325311,1750587325311,0,1,3,2,TMProposeSet,"proposeSeq: 0; currentTxHash: ""\000\000\000\000\000\000\000\000\000\000\000\000\000\000\000\000\000\000\000\000\000\000\000\000\000\000\000\000\000\000\000\000""; nodePubKey: ""\003ql\302)\235\321\t\213\224\356\374%%\311\327\037\374\304\t\335\2359\344\233\035]\347<u\236\364\222""; closeTime: 803902525; signature: ""0E\002!\000\255\267L1d\022\257\370\304\303l`8YFe*'^\274\271\252\254p\3141\371\214\201\236\304m\002 h\361\333$\275\\265uu>\327&KpMe\243\027\002M\343\203\220lD1\272h\262\246\217'""; previousledger: ""\264XQl\247\003\354\245\364D\352R\216\206b4,p\2079'\3229\214pa\315o:\200`\214""; ","proposeSeq: 0; currentTxHash: ""\000\000\000\000\000\000\000\000\000\000\000\000\000\000\000\000\000\000\000\000\000\000\000\000\000\000\000\000\000\000\000\000""; nodePubKey: ""\003ql\302)\235\321\t\213\224\356\374%%\311\327\037\374\304\t\335\2359\344\233\035]\347<u\236\364\222""; closeTime: 803902525; signature: ""0E\002!\000\255\267L1d\022\257\370\304\303l`8YFe*'^\274\271\252\254p\3141\371\214\201\236\304m\002 h\361\333$\275\\265uu>\327&KpMe\243\027\002M\343\203\220lD1\272h\262\246\217'""; previousledger: ""\264XQl\247\003\354\245\364D\352R\216\206b4,p\2079'\3229\214pa\315o:\200`\214""; "
1750587325310,1750587325310,0,1,3,1,TMProposeSet,"proposeSeq: 0; currentTxHash: ""\000\000\000\000\000\000\000\000\000\000\000\000\000\000\000\000\000\000\000\000\000\000\000\000\000\000\000\000\000\000\000\000""; nodePubKey: ""\003ql\302)\235\321\t\213\224\356\374%%\311\327\037\374\304\t\335\2359\344\233\035]\347<u\236\364\222""; closeTime: 803902525; signature: ""0E\002!\000\255\267L1d\022\257\370\304\303l`8YFe*'^\274\271\252\254p\3141\371\214\201\236\304m\002 h\361\333$\275\\265uu>\327&KpMe\243\027\002M\343\203\220lD1\272h\262\246\217'""; previousledger: ""\264XQl\247\003\354\245\364D\352R\216\206b4,p\2079'\3229\214pa\315o:\200`\214""; ","proposeSeq: 0; currentTxHash: ""\000\000\000\000\000\000\000\000\000\000\000\000\000\000\000\000\000\000\000\000\000\000\000\000\000\000\000\000\000\000\000\000""; nodePubKey: ""\003ql\302)\235\321\t\213\224\356\374%%\311\327\037\374\304\t\335\2359\344\233\035]\347<u\236\364\222""; closeTime: 803902525; signature: ""0E\002!\000\255\267L1d\022\257\370\304\303l`8YFe*'^\274\271\252\254p\3141\371\214\201\236\304m\002 h\361\333$\275\\265uu>\327&KpMe\243\027\002M\343\203\220lD1\272h\262\246\217'""; previousledger: ""\264XQl\247\003\354\245\364D\352R\216\206b4,p\2079'\3229\214pa\315o:\200`\214""; "
1750587325312,1750587325312,0,1,0,1,TMProposeSet,"proposeSeq: 0; currentTxHash: ""\000\000\000\000\000\000\000\000\000\000\000\000\000\000\000\000\000\000\000\000\000\000\000\000\000\000\000\000\000\000\000\000""; nodePubKey: ""\003ql\302)\235\321\t\213\224\356\374%%\311\327\037\374\304\t\335\2359\344\233\035]\347<u\236\364\222""; closeTime: 803902525; signature: ""0E\002!\000\255\267L1d\022\257\370\304\303l`8YFe*'^\274\271\252\254p\3141\371\214\201\236\304m\002 h\361\333$\275\\265uu>\327&KpMe\243\027\002M\343\203\220lD1\272h\262\246\217'""; previousledger: ""\264XQl\247\003\354\245\364D\352R\216\206b4,p\2079'\3229\214pa\315o:\200`\214""; ","proposeSeq: 0; currentTxHash: ""\000\000\000\000\000\000\000\000\000\000\000\000\000\000\000\000\000\000\000\000\000\000\000\000\000\000\000\000\000\000\000\000""; nodePubKey: ""\003ql\302)\235\321\t\213\224\356\374%%\311\327\037\374\304\t\335\2359\344\233\035]\347<u\236\364\222""; closeTime: 803902525; signature: ""0E\002!\000\255\267L1d\022\257\370\304\303l`8YFe*'^\274\271\252\254p\3141\371\214\201\236\304m\002 h\361\333$\275\\265uu>\327&KpMe\243\027\002M\343\203\220lD1\272h\262\246\217'""; previousledger: ""\264XQl\247\003\354\245\364D\352R\216\206b4,p\2079'\3229\214pa\315o:\200`\214""; "
1750587325312,1750587325312,0,1,2,1,TMProposeSet,"proposeSeq: 0; currentTxHash: ""\000\000\000\000\000\000\000\000\000\000\000\000\000\000\000\000\000\000\000\000\000\000\000\000\000\000\000\000\000\000\000\000""; nodePubKey: ""\003ql\302)\235\321\t\213\224\356\374%%\311\327\037\374\304\t\335\2359\344\233\035]\347<u\236\364\222""; closeTime: 803902525; signature: ""0E\002!\000\255\267L1d\022\257\370\304\303l`8YFe*'^\274\271\252\254p\3141\371\214\201\236\304m\002 h\361\333$\275\\265uu>\327&KpMe\243\027\002M\343\203\220lD1\272h\262\246\217'""; previousledger: ""\264XQl\247\003\354\245\364D\352R\216\206b4,p\2079'\3229\214pa\315o:\200`\214""; ","proposeSeq: 0; currentTxHash: ""\000\000\000\000\000\000\000\000\000\000\000\000\000\000\000\000\000\000\000\000\000\000\000\000\000\000\000\000\000\000\000\000""; nodePubKey: ""\003ql\302)\235\321\t\213\224\356\374%%\311\327\037\374\304\t\335\2359\344\233\035]\347<u\236\364\222""; closeTime: 803902525; signature: ""0E\002!\000\255\267L1d\022\257\370\304\303l`8YFe*'^\274\271\252\254p\3141\371\214\201\236\304m\002 h\361\333$\275\\265uu>\327&KpMe\243\027\002M\343\203\220lD1\272h\262\246\217'""; previousledger: ""\264XQl\247\003\354\245\364D\352R\216\206b4,p\2079'\3229\214pa\315o:\200`\214""; "
1750587325313,1750587325313,0,1,2,0,TMProposeSet,"proposeSeq: 0; currentTxHash: ""\000\000\000\000\000\000\000\000\000\000\000\000\000\000\000\000\000\000\000\000\000\000\000\000\000\000\000\000\000\000\000\000""; nodePubKey: ""\003ql\302)\235\321\t\213\224\356\374%%\311\327\037\374\304\t\335\2359\344\233\035]\347<u\236\364\222""; closeTime: 803902525; signature: ""0E\002!\000\255\267L1d\022\257\370\304\303l`8YFe*'^\274\271\252\254p\3141\371\214\201\236\304m\002 h\361\333$\275\\265uu>\327&KpMe\243\027\002M\343\203\220lD1\272h\262\246\217'""; previousledger: ""\264XQl\247\003\354\245\364D\352R\216\206b4,p\2079'\3229\214pa\315o:\200`\214""; ","proposeSeq: 0; currentTxHash: ""\000\000\000\000\000\000\000\000\000\000\000\000\000\000\000\000\000\000\000\000\000\000\000\000\000\000\000\000\000\000\000\000""; nodePubKey: ""\003ql\302)\235\321\t\213\224\356\374%%\311\327\037\374\304\t\335\2359\344\233\035]\347<u\236\364\222""; closeTime: 803902525; signature: ""0E\002!\000\255\267L1d\022\257\370\304\303l`8YFe*'^\274\271\252\254p\3141\371\214\201\236\304m\002 h\361\333$\275\\265uu>\327&KpMe\243\027\002M\343\203\220lD1\272h\262\246\217'""; previousledger: ""\264XQl\247\003\354\245\364D\352R\216\206b4,p\2079'\3229\214pa\315o:\200`\214""; "
1750587325314,1750587325314,0,1,2,3,TMProposeSet,"proposeSeq: 0; currentTxHash: ""\000\000\000\000\000\000\000\000\000\000\000\000\000\000\000\000\000\000\000\000\000\000\000\000\000\000\000\000\000\000\000\000""; nodePubKey: ""\003ql\302)\235\321\t\213\224\356\374%%\311\327\037\374\304\t\335\2359\344\233\035]\347<u\236\364\222""; closeTime: 803902525; signature: ""0E\002!\000\255\267L1d\022\257\370\304\303l`8YFe*'^\274\271\252\254p\3141\371\214\201\236\304m\002 h\361\333$\275\\265uu>\327&KpMe\243\027\002M\343\203\220lD1\272h\262\246\217'""; previousledger: ""\264XQl\247\003\354\245\364D\352R\216\206b4,p\2079'\3229\214pa\315o:\200`\214""; ","proposeSeq: 0; currentTxHash: ""\000\000\000\000\000\000\000\000\000\000\000\000\000\000\000\000\000\000\000\000\000\000\000\000\000\000\000\000\000\000\000\000""; nodePubKey: ""\003ql\302)\235\321\t\213\224\356\374%%\311\327\037\374\304\t\335\2359\344\233\035]\347<u\236\364\222""; closeTime: 803902525; signature: ""0E\002!\000\255\267L1d\022\257\370\304\303l`8YFe*'^\274\271\252\254p\3141\371\214\201\236\304m\002 h\361\333$\275\\265uu>\327&KpMe\243\027\002M\343\203\220lD1\272h\262\246\217'""; previousledger: ""\264XQl\247\003\354\245\364D\352R\216\206b4,p\2079'\3229\214pa\315o:\200`\214""; "
1750587325304,1750587325343,0,1,2,3,TMStatusChange,"newEvent: neCLOSING_LEDGER; ledgerSeq: 20; ledgerHash: ""\264XQl\247\003\354\245\364D\352R\216\206b4,p\2079'\3229\214pa\315o:\200`\214""; ledgerHashPrevious: ""\370\361\367\235\210sr\037\032`/X%b\364\000\2261<\024n\271\n\247\213\340ngjzz\321""; networkTime: 803902525; firstSeq: 1; lastSeq: 20; ","newEvent: neCLOSING_LEDGER; ledgerSeq: 20; ledgerHash: ""\264XQl\247\003\354\245\364D\352R\216\206b4,p\2079'\3229\214pa\315o:\200`\214""; ledgerHashPrevious: ""\370\361\367\235\210sr\037\032`/X%b\364\000\2261<\024n\271\n\247\213\340ngjzz\321""; networkTime: 803902525; firstSeq: 1; lastSeq: 20; "
1750587325304,1750587325343,0,1,2,4,TMStatusChange,"newEvent: neCLOSING_LEDGER; ledgerSeq: 20; ledgerHash: ""\264XQl\247\003\354\245\364D\352R\216\206b4,p\2079'\3229\214pa\315o:\200`\214""; ledgerHashPrevious: ""\370\361\367\235\210sr\037\032`/X%b\364\000\2261<\024n\271\n\247\213\340ngjzz\321""; networkTime: 803902525; firstSeq: 1; lastSeq: 20; ","newEvent: neCLOSING_LEDGER; ledgerSeq: 20; ledgerHash: ""\264XQl\247\003\354\245\364D\352R\216\206b4,p\2079'\3229\214pa\315o:\200`\214""; ledgerHashPrevious: ""\370\361\367\235\210sr\037\032`/X%b\364\000\2261<\024n\271\n\247\213\340ngjzz\321""; networkTime: 803902525; firstSeq: 1; lastSeq: 20; "
1750587325305,1750587325343,0,1,2,1,TMStatusChange,"newEvent: neCLOSING_LEDGER; ledgerSeq: 20; ledgerHash: ""\264XQl\247\003\354\245\364D\352R\216\206b4,p\2079'\3229\214pa\315o:\200`\214""; ledgerHashPrevious: ""\370\361\367\235\210sr\037\032`/X%b\364\000\2261<\024n\271\n\247\213\340ngjzz\321""; networkTime: 803902525; firstSeq: 1; lastSeq: 20; ","newEvent: neCLOSING_LEDGER; ledgerSeq: 20; ledgerHash: ""\264XQl\247\003\354\245\364D\352R\216\206b4,p\2079'\3229\214pa\315o:\200`\214""; ledgerHashPrevious: ""\370\361\367\235\210sr\037\032`/X%b\364\000\2261<\024n\271\n\247\213\340ngjzz\321""; networkTime: 803902525; firstSeq: 1; lastSeq: 20; "
1750587325305,1750587325344,0,1,2,0,TMStatusChange,"newEvent: neCLOSING_LEDGER; ledgerSeq: 20; ledgerHash: ""\264XQl\247\003\354\245\364D\352R\216\206b4,p\2079'\3229\214pa\315o:\200`\214""; ledgerHashPrevious: ""\370\361\367\235\210sr\037\032`/X%b\364\000\2261<\024n\271\n\247\213\340ngjzz\321""; networkTime: 803902525; firstSeq: 1; lastSeq: 20; ","newEvent: neCLOSING_LEDGER; ledgerSeq: 20; ledgerHash: ""\264XQl\247\003\354\245\364D\352R\216\206b4,p\2079'\3229\214pa\315o:\200`\214""; ledgerHashPrevious: ""\370\361\367\235\210sr\037\032`/X%b\364\000\2261<\024n\271\n\247\213\340ngjzz\321""; networkTime: 803902525; firstSeq: 1; lastSeq: 20; "
1750587325778,1750587325778,0,1,4,2,TMProposeSet,"proposeSeq: 0; currentTxHash: ""\000\000\000\000\000\000\000\000\000\000\000\000\000\000\000\000\000\000\000\000\000\000\000\000\000\000\000\000\000\000\000\000""; nodePubKey: ""\003.\200\224\215?)t\306\315\242\313\251\255\302\204=\232.\271%}\013\024s\024\002@\216l""\241F""; closeTime: 803902525; signature: ""0E\002!\000\225\003\323\217h\317c{\r:#j\004\227dR\264d\315l\361e@Y\233\364/\305L\211}(\002 |>\275%\272\237\227\242!\213-\343\355\0042\227\356\307\2272\362\200\236\002\360\376\255N\tsx\216""; previousledger: ""\264XQl\247\003\354\245\364D\352R\216\206b4,p\2079'\3229\214pa\315o:\200`\214""; ","proposeSeq: 0; currentTxHash: ""\000\000\000\000\000\000\000\000\000\000\000\000\000\000\000\000\000\000\000\000\000\000\000\000\000\000\000\000\000\000\000\000""; nodePubKey: ""\003.\200\224\215?)t\306\315\242\313\251\255\302\204=\232.\271%}\013\024s\024\002@\216l""\241F""; closeTime: 803902525; signature: ""0E\002!\000\225\003\323\217h\317c{\r:#j\004\227dR\264d\315l\361e@Y\233\364/\305L\211}(\002 |>\275%\272\237\227\242!\213-\343\355\0042\227\356\307\2272\362\200\236\002\360\376\255N\tsx\216""; previousledger: ""\264XQl\247\003\354\245\364D\352R\216\206b4,p\2079'\3229\214pa\315o:\200`\214""; "
1750587325778,1750587325778,0,1,4,1,TMProposeSet,"proposeSeq: 0; currentTxHash: ""\000\000\000\000\000\000\000\000\000\000\000\000\000\000\000\000\000\000\000\000\000\000\000\000\000\000\000\000\000\000\000\000""; nodePubKey: ""\003.\200\224\215?)t\306\315\242\313\251\255\302\204=\232.\271%}\013\024s\024\002@\216l""\241F""; closeTime: 803902525; signature: ""0E\002!\000\225\003\323\217h\317c{\r:#j\004\227dR\264d\315l\361e@Y\233\364/\305L\211}(\002 |>\275%\272\237\227\242!\213-\343\355\0042\227\356\307\2272\362\200\236\002\360\376\255N\tsx\216""; previousledger: ""\264XQl\247\003\354\245\364D\352R\216\206b4,p\2079'\3229\214pa\315o:\200`\214""; ","proposeSeq: 0; currentTxHash: ""\000\000\000\000\000\000\000\000\000\000\000\000\000\000\000\000\000\000\000\000\000\000\000\000\000\000\000\000\000\000\000\000""; nodePubKey: ""\003.\200\224\215?)t\306\315\242\313\251\255\302\204=\232.\271%}\013\024s\024\002@\216l""\241F""; closeTime: 803902525; signature: ""0E\002!\000\225\003\323\217h\317c{\r:#j\004\227dR\264d\315l\361e@Y\233\364/\305L\211}(\002 |>\275%\272\237\227\242!\213-\343\355\0042\227\356\307\2272\362\200\236\002\360\376\255N\tsx\216""; previousledger: ""\264XQl\247\003\354\245\364D\352R\216\206b4,p\2079'\3229\214pa\315o:\200`\214""; "
1750587325778,1750587325778,0,1,4,3,TMProposeSet,"proposeSeq: 0; currentTxHash: ""\000\000\000\000\000\000\000\000\000\000\000\000\000\000\000\000\000\000\000\000\000\000\000\000\000\000\000\000\000\000\000\000""; nodePubKey: ""\003.\200\224\215?)t\306\315\242\313\251\255\302\204=\232.\271%}\013\024s\024\002@\216l""\241F""; closeTime: 803902525; signature: ""0E\002!\000\225\003\323\217h\317c{\r:#j\004\227dR\264d\315l\361e@Y\233\364/\305L\211}(\002 |>\275%\272\237\227\242!\213-\343\355\0042\227\356\307\2272\362\200\236\002\360\376\255N\tsx\216""; previousledger: ""\264XQl\247\003\354\245\364D\352R\216\206b4,p\2079'\3229\214pa\315o:\200`\214""; ","proposeSeq: 0; currentTxHash: ""\000\000\000\000\000\000\000\000\000\000\000\000\000\000\000\000\000\000\000\000\000\000\000\000\000\000\000\000\000\000\000\000""; nodePubKey: ""\003.\200\224\215?)t\306\315\242\313\251\255\302\204=\232.\271%}\013\024s\024\002@\216l""\241F""; closeTime: 803902525; signature: ""0E\002!\000\225\003\323\217h\317c{\r:#j\004\227dR\264d\315l\361e@Y\233\364/\305L\211}(\002 |>\275%\272\237\227\242!\213-\343\355\0042\227\356\307\2272\362\200\236\002\360\376\255N\tsx\216""; previousledger: ""\264XQl\247\003\354\245\364D\352R\216\206b4,p\2079'\3229\214pa\315o:\200`\214""; "
1750587325779,1750587325779,0,1,4,0,TMProposeSet,"proposeSeq: 0; currentTxHash: ""\000\000\000\000\000\000\000\000\000\000\000\000\000\000\000\000\000\000\000\000\000\000\000\000\000\000\000\000\000\000\000\000""; nodePubKey: ""\003.\200\224\215?)t\306\315\242\313\251\255\302\204=\232.\271%}\013\024s\024\002@\216l""\241F""; closeTime: 803902525; signature: ""0E\002!\000\225\003\323\217h\317c{\r:#j\004\227dR\264d\315l\361e@Y\233\364/\305L\211}(\002 |>\275%\272\237\227\242!\213-\343\355\0042\227\356\307\2272\362\200\236\002\360\376\255N\tsx\216""; previousledger: ""\264XQl\247\003\354\245\364D\352R\216\206b4,p\2079'\3229\214pa\315o:\200`\214""; ","proposeSeq: 0; currentTxHash: ""\000\000\000\000\000\000\000\000\000\000\000\000\000\000\000\000\000\000\000\000\000\000\000\000\000\000\000\000\000\000\000\000""; nodePubKey: ""\003.\200\224\215?)t\306\315\242\313\251\255\302\204=\232.\271%}\013\024s\024\002@\216l""\241F""; closeTime: 803902525; signature: ""0E\002!\000\225\003\323\217h\317c{\r:#j\004\227dR\264d\315l\361e@Y\233\364/\305L\211}(\002 |>\275%\272\237\227\242!\213-\343\355\0042\227\356\307\2272\362\200\236\002\360\376\255N\tsx\216""; previousledger: ""\264XQl\247\003\354\245\364D\352R\216\206b4,p\2079'\3229\214pa\315o:\200`\214""; "
1750587325781,1750587325781,0,1,2,3,TMProposeSet,"proposeSeq: 0; currentTxHash: ""\000\000\000\000\000\000\000\000\000\000\000\000\000\000\000\000\000\000\000\000\000\000\000\000\000\000\000\000\000\000\000\000""; nodePubKey: ""\003.\200\224\215?)t\306\315\242\313\251\255\302\204=\232.\271%}\013\024s\024\002@\216l""\241F""; closeTime: 803902525; signature: ""0E\002!\000\225\003\323\217h\317c{\r:#j\004\227dR\264d\315l\361e@Y\233\364/\305L\211}(\002 |>\275%\272\237\227\242!\213-\343\355\0042\227\356\307\2272\362\200\236\002\360\376\255N\tsx\216""; previousledger: ""\264XQl\247\003\354\245\364D\352R\216\206b4,p\2079'\3229\214pa\315o:\200`\214""; ","proposeSeq: 0; currentTxHash: ""\000\000\000\000\000\000\000\000\000\000\000\000\000\000\000\000\000\000\000\000\000\000\000\000\000\000\000\000\000\000\000\000""; nodePubKey: ""\003.\200\224\215?)t\306\315\242\313\251\255\302\204=\232.\271%}\013\024s\024\002@\216l""\241F""; closeTime: 803902525; signature: ""0E\002!\000\225\003\323\217h\317c{\r:#j\004\227dR\264d\315l\361e@Y\233\364/\305L\211}(\002 |>\275%\272\237\227\242!\213-\343\355\0042\227\356\307\2272\362\200\236\002\360\376\255N\tsx\216""; previousledger: ""\264XQl\247\003\354\245\364D\352R\216\206b4,p\2079'\3229\214pa\315o:\200`\214""; "
1750587325781,1750587325782,0,1,2,0,TMProposeSet,"proposeSeq: 0; currentTxHash: ""\000\000\000\000\000\000\000\000\000\000\000\000\000\000\000\000\000\000\000\000\000\000\000\000\000\000\000\000\000\000\000\000""; nodePubKey: ""\003.\200\224\215?)t\306\315\242\313\251\255\302\204=\232.\271%}\013\024s\024\002@\216l""\241F""; closeTime: 803902525; signature: ""0E\002!\000\225\003\323\217h\317c{\r:#j\004\227dR\264d\315l\361e@Y\233\364/\305L\211}(\002 |>\275%\272\237\227\242!\213-\343\355\0042\227\356\307\2272\362\200\236\002\360\376\255N\tsx\216""; previousledger: ""\264XQl\247\003\354\245\364D\352R\216\206b4,p\2079'\3229\214pa\315o:\200`\214""; ","proposeSeq: 0; currentTxHash: ""\000\000\000\000\000\000\000\000\000\000\000\000\000\000\000\000\000\000\000\000\000\000\000\000\000\000\000\000\000\000\000\000""; nodePubKey: ""\003.\200\224\215?)t\306\315\242\313\251\255\302\204=\232.\271%}\013\024s\024\002@\216l""\241F""; closeTime: 803902525; signature: ""0E\002!\000\225\003\323\217h\317c{\r:#j\004\227dR\264d\315l\361e@Y\233\364/\305L\211}(\002 |>\275%\272\237\227\242!\213-\343\355\0042\227\356\307\2272\362\200\236\002\360\376\255N\tsx\216""; previousledger: ""\264XQl\247\003\354\245\364D\352R\216\206b4,p\2079'\3229\214pa\315o:\200`\214""; "
1750587325783,1750587325783,0,1,1,3,TMProposeSet,"proposeSeq: 0; currentTxHash: ""\000\000\000\000\000\000\000\000\000\000\000\000\000\000\000\000\000\000\000\000\000\000\000\000\000\000\000\000\000\000\000\000""; nodePubKey: ""\003.\200\224\215?)t\306\315\242\313\251\255\302\204=\232.\271%}\013\024s\024\002@\216l""\241F""; closeTime: 803902525; signature: ""0E\002!\000\225\003\323\217h\317c{\r:#j\004\227dR\264d\315l\361e@Y\233\364/\305L\211}(\002 |>\275%\272\237\227\242!\213-\343\355\0042\227\356\307\2272\362\200\236\002\360\376\255N\tsx\216""; previousledger: ""\264XQl\247\003\354\245\364D\352R\216\206b4,p\2079'\3229\214pa\315o:\200`\214""; ","proposeSeq: 0; currentTxHash: ""\000\000\000\000\000\000\000\000\000\000\000\000\000\000\000\000\000\000\000\000\000\000\000\000\000\000\000\000\000\000\000\000""; nodePubKey: ""\003.\200\224\215?)t\306\315\242\313\251\255\302\204=\232.\271%}\013\024s\024\002@\216l""\241F""; closeTime: 803902525; signature: ""0E\002!\000\225\003\323\217h\317c{\r:#j\004\227dR\264d\315l\361e@Y\233\364/\305L\211}(\002 |>\275%\272\237\227\242!\213-\343\355\0042\227\356\307\2272\362\200\236\002\360\376\255N\tsx\216""; previousledger: ""\264XQl\247\003\354\245\364D\352R\216\206b4,p\2079'\3229\214pa\315o:\200`\214""; "
1750587325782,1750587325782,0,1,2,1,TMProposeSet,"proposeSeq: 0; currentTxHash: ""\000\000\000\000\000\000\000\000\000\000\000\000\000\000\000\000\000\000\000\000\000\000\000\000\000\000\000\000\000\000\000\000""; nodePubKey: ""\003.\200\224\215?)t\306\315\242\313\251\255\302\204=\232.\271%}\013\024s\024\002@\216l""\241F""; closeTime: 803902525; signature: ""0E\002!\000\225\003\323\217h\317c{\r:#j\004\227dR\264d\315l\361e@Y\233\364/\305L\211}(\002 |>\275%\272\237\227\242!\213-\343\355\0042\227\356\307\2272\362\200\236\002\360\376\255N\tsx\216""; previousledger: ""\264XQl\247\003\354\245\364D\352R\216\206b4,p\2079'\3229\214pa\315o:\200`\214""; ","proposeSeq: 0; currentTxHash: ""\000\000\000\000\000\000\000\000\000\000\000\000\000\000\000\000\000\000\000\000\000\000\000\000\000\000\000\000\000\000\000\000""; nodePubKey: ""\003.\200\224\215?)t\306\315\242\313\251\255\302\204=\232.\271%}\013\024s\024\002@\216l""\241F""; closeTime: 803902525; signature: ""0E\002!\000\225\003\323\217h\317c{\r:#j\004\227dR\264d\315l\361e@Y\233\364/\305L\211}(\002 |>\275%\272\237\227\242!\213-\343\355\0042\227\356\307\2272\362\200\236\002\360\376\255N\tsx\216""; previousledger: ""\264XQl\247\003\354\245\364D\352R\216\206b4,p\2079'\3229\214pa\315o:\200`\214""; "
1750587325783,1750587325783,0,1,1,2,TMProposeSet,"proposeSeq: 0; currentTxHash: ""\000\000\000\000\000\000\000\000\000\000\000\000\000\000\000\000\000\000\000\000\000\000\000\000\000\000\000\000\000\000\000\000""; nodePubKey: ""\003.\200\224\215?)t\306\315\242\313\251\255\302\204=\232.\271%}\013\024s\024\002@\216l""\241F""; closeTime: 803902525; signature: ""0E\002!\000\225\003\323\217h\317c{\r:#j\004\227dR\264d\315l\361e@Y\233\364/\305L\211}(\002 |>\275%\272\237\227\242!\213-\343\355\0042\227\356\307\2272\362\200\236\002\360\376\255N\tsx\216""; previousledger: ""\264XQl\247\003\354\245\364D\352R\216\206b4,p\2079'\3229\214pa\315o:\200`\214""; ","proposeSeq: 0; currentTxHash: ""\000\000\000\000\000\000\000\000\000\000\000\000\000\000\000\000\000\000\000\000\000\000\000\000\000\000\000\000\000\000\000\000""; nodePubKey: ""\003.\200\224\215?)t\306\315\242\313\251\255\302\204=\232.\271%}\013\024s\024\002@\216l""\241F""; closeTime: 803902525; signature: ""0E\002!\000\225\003\323\217h\317c{\r:#j\004\227dR\264d\315l\361e@Y\233\364/\305L\211}(\002 |>\275%\272\237\227\242!\213-\343\355\0042\227\356\307\2272\362\200\236\002\360\376\255N\tsx\216""; previousledger: ""\264XQl\247\003\354\245\364D\352R\216\206b4,p\2079'\3229\214pa\315o:\200`\214""; "
1750587325783,1750587325783,0,1,1,0,TMProposeSet,"proposeSeq: 0; currentTxHash: ""\000\000\000\000\000\000\000\000\000\000\000\000\000\000\000\000\000\000\000\000\000\000\000\000\000\000\000\000\000\000\000\000""; nodePubKey: ""\003.\200\224\215?)t\306\315\242\313\251\255\302\204=\232.\271%}\013\024s\024\002@\216l""\241F""; closeTime: 803902525; signature: ""0E\002!\000\225\003\323\217h\317c{\r:#j\004\227dR\264d\315l\361e@Y\233\364/\305L\211}(\002 |>\275%\272\237\227\242!\213-\343\355\0042\227\356\307\2272\362\200\236\002\360\376\255N\tsx\216""; previousledger: ""\264XQl\247\003\354\245\364D\352R\216\206b4,p\2079'\3229\214pa\315o:\200`\214""; ","proposeSeq: 0; currentTxHash: ""\000\000\000\000\000\000\000\000\000\000\000\000\000\000\000\000\000\000\000\000\000\000\000\000\000\000\000\000\000\000\000\000""; nodePubKey: ""\003.\200\224\215?)t\306\315\242\313\251\255\302\204=\232.\271%}\013\024s\024\002@\216l""\241F""; closeTime: 803902525; signature: ""0E\002!\000\225\003\323\217h\317c{\r:#j\004\227dR\264d\315l\361e@Y\233\364/\305L\211}(\002 |>\275%\272\237\227\242!\213-\343\355\0042\227\356\307\2272\362\200\236\002\360\376\255N\tsx\216""; previousledger: ""\264XQl\247\003\354\245\364D\352R\216\206b4,p\2079'\3229\214pa\315o:\200`\214""; "
1750587325783,1750587325784,0,1,3,1,TMProposeSet,"proposeSeq: 0; currentTxHash: ""\000\000\000\000\000\000\000\000\000\000\000\000\000\000\000\000\000\000\000\000\000\000\000\000\000\000\000\000\000\000\000\000""; nodePubKey: ""\003.\200\224\215?)t\306\315\242\313\251\255\302\204=\232.\271%}\013\024s\024\002@\216l""\241F""; closeTime: 803902525; signature: ""0E\002!\000\225\003\323\217h\317c{\r:#j\004\227dR\264d\315l\361e@Y\233\364/\305L\211}(\002 |>\275%\272\237\227\242!\213-\343\355\0042\227\356\307\2272\362\200\236\002\360\376\255N\tsx\216""; previousledger: ""\264XQl\247\003\354\245\364D\352R\216\206b4,p\2079'\3229\214pa\315o:\200`\214""; ","proposeSeq: 0; currentTxHash: ""\000\000\000\000\000\000\000\000\000\000\000\000\000\000\000\000\000\000\000\000\000\000\000\000\000\000\000\000\000\000\000\000""; nodePubKey: ""\003.\200\224\215?)t\306\315\242\313\251\255\302\204=\232.\271%}\013\024s\024\002@\216l""\241F""; closeTime: 803902525; signature: ""0E\002!\000\225\003\323\217h\317c{\r:#j\004\227dR\264d\315l\361e@Y\233\364/\305L\211}(\002 |>\275%\272\237\227\242!\213-\343\355\0042\227\356\307\2272\362\200\236\002\360\376\255N\tsx\216""; previousledger: ""\264XQl\247\003\354\245\364D\352R\216\206b4,p\2079'\3229\214pa\315o:\200`\214""; "
1750587325784,1750587325784,0,1,3,0,TMProposeSet,"proposeSeq: 0; currentTxHash: ""\000\000\000\000\000\000\000\000\000\000\000\000\000\000\000\000\000\000\000\000\000\000\000\000\000\000\000\000\000\000\000\000""; nodePubKey: ""\003.\200\224\215?)t\306\315\242\313\251\255\302\204=\232.\271%}\013\024s\024\002@\216l""\241F""; closeTime: 803902525; signature: ""0E\002!\000\225\003\323\217h\317c{\r:#j\004\227dR\264d\315l\361e@Y\233\364/\305L\211}(\002 |>\275%\272\237\227\242!\213-\343\355\0042\227\356\307\2272\362\200\236\002\360\376\255N\tsx\216""; previousledger: ""\264XQl\247\003\354\245\364D\352R\216\206b4,p\2079'\3229\214pa\315o:\200`\214""; ","proposeSeq: 0; currentTxHash: ""\000\000\000\000\000\000\000\000\000\000\000\000\000\000\000\000\000\000\000\000\000\000\000\000\000\000\000\000\000\000\000\000""; nodePubKey: ""\003.\200\224\215?)t\306\315\242\313\251\255\302\204=\232.\271%}\013\024s\024\002@\216l""\241F""; closeTime: 803902525; signature: ""0E\002!\000\225\003\323\217h\317c{\r:#j\004\227dR\264d\315l\361e@Y\233\364/\305L\211}(\002 |>\275%\272\237\227\242!\213-\343\355\0042\227\356\307\2272\362\200\236\002\360\376\255N\tsx\216""; previousledger: ""\264XQl\247\003\354\245\364D\352R\216\206b4,p\2079'\3229\214pa\315o:\200`\214""; "
1750587325784,1750587325784,0,1,3,2,TMProposeSet,"proposeSeq: 0; currentTxHash: ""\000\000\000\000\000\000\000\000\000\000\000\000\000\000\000\000\000\000\000\000\000\000\000\000\000\000\000\000\000\000\000\000""; nodePubKey: ""\003.\200\224\215?)t\306\315\242\313\251\255\302\204=\232.\271%}\013\024s\024\002@\216l""\241F""; closeTime: 803902525; signature: ""0E\002!\000\225\003\323\217h\317c{\r:#j\004\227dR\264d\315l\361e@Y\233\364/\305L\211}(\002 |>\275%\272\237\227\242!\213-\343\355\0042\227\356\307\2272\362\200\236\002\360\376\255N\tsx\216""; previousledger: ""\264XQl\247\003\354\245\364D\352R\216\206b4,p\2079'\3229\214pa\315o:\200`\214""; ","proposeSeq: 0; currentTxHash: ""\000\000\000\000\000\000\000\000\000\000\000\000\000\000\000\000\000\000\000\000\000\000\000\000\000\000\000\000\000\000\000\000""; nodePubKey: ""\003.\200\224\215?)t\306\315\242\313\251\255\302\204=\232.\271%}\013\024s\024\002@\216l""\241F""; closeTime: 803902525; signature: ""0E\002!\000\225\003\323\217h\317c{\r:#j\004\227dR\264d\315l\361e@Y\233\364/\305L\211}(\002 |>\275%\272\237\227\242!\213-\343\355\0042\227\356\307\2272\362\200\236\002\360\376\255N\tsx\216""; previousledger: ""\264XQl\247\003\354\245\364D\352R\216\206b4,p\2079'\3229\214pa\315o:\200`\214""; "
1750587325785,1750587325785,0,1,0,3,TMProposeSet,"proposeSeq: 0; currentTxHash: ""\000\000\000\000\000\000\000\000\000\000\000\000\000\000\000\000\000\000\000\000\000\000\000\000\000\000\000\000\000\000\000\000""; nodePubKey: ""\003.\200\224\215?)t\306\315\242\313\251\255\302\204=\232.\271%}\013\024s\024\002@\216l""\241F""; closeTime: 803902525; signature: ""0E\002!\000\225\003\323\217h\317c{\r:#j\004\227dR\264d\315l\361e@Y\233\364/\305L\211}(\002 |>\275%\272\237\227\242!\213-\343\355\0042\227\356\307\2272\362\200\236\002\360\376\255N\tsx\216""; previousledger: ""\264XQl\247\003\354\245\364D\352R\216\206b4,p\2079'\3229\214pa\315o:\200`\214""; ","proposeSeq: 0; currentTxHash: ""\000\000\000\000\000\000\000\000\000\000\000\000\000\000\000\000\000\000\000\000\000\000\000\000\000\000\000\000\000\000\000\000""; nodePubKey: ""\003.\200\224\215?)t\306\315\242\313\251\255\302\204=\232.\271%}\013\024s\024\002@\216l""\241F""; closeTime: 803902525; signature: ""0E\002!\000\225\003\323\217h\317c{\r:#j\004\227dR\264d\315l\361e@Y\233\364/\305L\211}(\002 |>\275%\272\237\227\242!\213-\343\355\0042\227\356\307\2272\362\200\236\002\360\376\255N\tsx\216""; previousledger: ""\264XQl\247\003\354\245\364D\352R\216\206b4,p\2079'\3229\214pa\315o:\200`\214""; "
1750587325785,1750587325785,0,1,0,2,TMProposeSet,"proposeSeq: 0; currentTxHash: ""\000\000\000\000\000\000\000\000\000\000\000\000\000\000\000\000\000\000\000\000\000\000\000\000\000\000\000\000\000\000\000\000""; nodePubKey: ""\003.\200\224\215?)t\306\315\242\313\251\255\302\204=\232.\271%}\013\024s\024\002@\216l""\241F""; closeTime: 803902525; signature: ""0E\002!\000\225\003\323\217h\317c{\r:#j\004\227dR\264d\315l\361e@Y\233\364/\305L\211}(\002 |>\275%\272\237\227\242!\213-\343\355\0042\227\356\307\2272\362\200\236\002\360\376\255N\tsx\216""; previousledger: ""\264XQl\247\003\354\245\364D\352R\216\206b4,p\2079'\3229\214pa\315o:\200`\214""; ","proposeSeq: 0; currentTxHash: ""\000\000\000\000\000\000\000\000\000\000\000\000\000\000\000\000\000\000\000\000\000\000\000\000\000\000\000\000\000\000\000\000""; nodePubKey: ""\003.\200\224\215?)t\306\315\242\313\251\255\302\204=\232.\271%}\013\024s\024\002@\216l""\241F""; closeTime: 803902525; signature: ""0E\002!\000\225\003\323\217h\317c{\r:#j\004\227dR\264d\315l\361e@Y\233\364/\305L\211}(\002 |>\275%\272\237\227\242!\213-\343\355\0042\227\356\307\2272\362\200\236\002\360\376\255N\tsx\216""; previousledger: ""\264XQl\247\003\354\245\364D\352R\216\206b4,p\2079'\3229\214pa\315o:\200`\214""; "
1750587325785,1750587325785,0,1,0,1,TMProposeSet,"proposeSeq: 0; currentTxHash: ""\000\000\000\000\000\000\000\000\000\000\000\000\000\000\000\000\000\000\000\000\000\000\000\000\000\000\000\000\000\000\000\000""; nodePubKey: ""\003.\200\224\215?)t\306\315\242\313\251\255\302\204=\232.\271%}\013\024s\024\002@\216l""\241F""; closeTime: 803902525; signature: ""0E\002!\000\225\003\323\217h\317c{\r:#j\004\227dR\264d\315l\361e@Y\233\364/\305L\211}(\002 |>\275%\272\237\227\242!\213-\343\355\0042\227\356\307\2272\362\200\236\002\360\376\255N\tsx\216""; previousledger: ""\264XQl\247\003\354\245\364D\352R\216\206b4,p\2079'\3229\214pa\315o:\200`\214""; ","proposeSeq: 0; currentTxHash: ""\000\000\000\000\000\000\000\000\000\000\000\000\000\000\000\000\000\000\000\000\000\000\000\000\000\000\000\000\000\000\000\000""; nodePubKey: ""\003.\200\224\215?)t\306\315\242\313\251\255\302\204=\232.\271%}\013\024s\024\002@\216l""\241F""; closeTime: 803902525; signature: ""0E\002!\000\225\003\323\217h\317c{\r:#j\004\227dR\264d\315l\361e@Y\233\364/\305L\211}(\002 |>\275%\272\237\227\242!\213-\343\355\0042\227\356\307\2272\362\200\236\002\360\376\255N\tsx\216""; previousledger: ""\264XQl\247\003\354\245\364D\352R\216\206b4,p\2079'\3229\214pa\315o:\200`\214""; "
1750587326464,1750587326464,0,1,1,2,TMProposeSet,"proposeSeq: 1; currentTxHash: ""\000\000\000\000\000\000\000\000\000\000\000\000\000\000\000\000\000\000\000\000\000\000\000\000\000\000\000\000\000\000\000\000""; nodePubKey: ""\003\343\005\311u\203\370\0338\3174\324\010\006\301\251\177\261\304eOX\262)FA-\022r\263wm\024""; closeTime: 803902530; signature: ""0D\002 BV\356JN\373\210\004\301\007\373Z\253\207\325\205\363\347\336&\213sZr{\377\253\346\n\247\2060\002 \020\220\3059\346\362B\354\007\032W\r(\371'&c\006Y\035\354\3328^\373ws\010\017\022a\220""; previousledger: ""\264XQl\247\003\354\245\364D\352R\216\206b4,p\2079'\3229\214pa\315o:\200`\214""; ","proposeSeq: 1; currentTxHash: ""\000\000\000\000\000\000\000\000\000\000\000\000\000\000\000\000\000\000\000\000\000\000\000\000\000\000\000\000\000\000\000\000""; nodePubKey: ""\003\343\005\311u\203\370\0338\3174\324\010\006\301\251\177\261\304eOX\262)FA-\022r\263wm\024""; closeTime: 803902530; signature: ""0D\002 BV\356JN\373\210\004\301\007\373Z\253\207\325\205\363\347\336&\213sZr{\377\253\346\n\247\2060\002 \020\220\3059\346\362B\354\007\032W\r(\371'&c\006Y\035\354\3328^\373ws\010\017\022a\220""; previousledger: ""\264XQl\247\003\354\245\364D\352R\216\206b4,p\2079'\3229\214pa\315o:\200`\214""; "
1750587326465,1750587326465,0,1,1,0,TMProposeSet,"proposeSeq: 1; currentTxHash: ""\000\000\000\000\000\000\000\000\000\000\000\000\000\000\000\000\000\000\000\000\000\000\000\000\000\000\000\000\000\000\000\000""; nodePubKey: ""\003\343\005\311u\203\370\0338\3174\324\010\006\301\251\177\261\304eOX\262)FA-\022r\263wm\024""; closeTime: 803902530; signature: ""0D\002 BV\356JN\373\210\004\301\007\373Z\253\207\325\205\363\347\336&\213sZr{\377\253\346\n\247\2060\002 \020\220\3059\346\362B\354\007\032W\r(\371'&c\006Y\035\354\3328^\373ws\010\017\022a\220""; previousledger: ""\264XQl\247\003\354\245\364D\352R\216\206b4,p\2079'\3229\214pa\315o:\200`\214""; ","proposeSeq: 1; currentTxHash: ""\000\000\000\000\000\000\000\000\000\000\000\000\000\000\000\000\000\000\000\000\000\000\000\000\000\000\000\000\000\000\000\000""; nodePubKey: ""\003\343\005\311u\203\370\0338\3174\324\010\006\301\251\177\261\304eOX\262)FA-\022r\263wm\024""; closeTime: 803902530; signature: ""0D\002 BV\356JN\373\210\004\301\007\373Z\253\207\325\205\363\347\336&\213sZr{\377\253\346\n\247\2060\002 \020\220\3059\346\362B\354\007\032W\r(\371'&c\006Y\035\354\3328^\373ws\010\017\022a\220""; previousledger: ""\264XQl\247\003\354\245\364D\352R\216\206b4,p\2079'\3229\214pa\315o:\200`\214""; "
1750587326465,1750587326465,0,1,1,4,TMProposeSet,"proposeSeq: 1; currentTxHash: ""\000\000\000\000\000\000\000\000\000\000\000\000\000\000\000\000\000\000\000\000\000\000\000\000\000\000\000\000\000\000\000\000""; nodePubKey: ""\003\343\005\311u\203\370\0338\3174\324\010\006\301\251\177\261\304eOX\262)FA-\022r\263wm\024""; closeTime: 803902530; signature: ""0D\002 BV\356JN\373\210\004\301\007\373Z\253\207\325\205\363\347\336&\213sZr{\377\253\346\n\247\2060\002 \020\220\3059\346\362B\354\007\032W\r(\371'&c\006Y\035\354\3328^\373ws\010\017\022a\220""; previousledger: ""\264XQl\247\003\354\245\364D\352R\216\206b4,p\2079'\3229\214pa\315o:\200`\214""; ","proposeSeq: 1; currentTxHash: ""\000\000\000\000\000\000\000\000\000\000\000\000\000\000\000\000\000\000\000\000\000\000\000\000\000\000\000\000\000\000\000\000""; nodePubKey: ""\003\343\005\311u\203\370\0338\3174\324\010\006\301\251\177\261\304eOX\262)FA-\022r\263wm\024""; closeTime: 803902530; signature: ""0D\002 BV\356JN\373\210\004\301\007\373Z\253\207\325\205\363\347\336&\213sZr{\377\253\346\n\247\2060\002 \020\220\3059\346\362B\354\007\032W\r(\371'&c\006Y\035\354\3328^\373ws\010\017\022a\220""; previousledger: ""\264XQl\247\003\354\245\364D\352R\216\206b4,p\2079'\3229\214pa\315o:\200`\214""; "
1750587326465,1750587326466,0,1,1,3,TMProposeSet,"proposeSeq: 1; currentTxHash: ""\000\000\000\000\000\000\000\000\000\000\000\000\000\000\000\000\000\000\000\000\000\000\000\000\000\000\000\000\000\000\000\000""; nodePubKey: ""\003\343\005\311u\203\370\0338\3174\324\010\006\301\251\177\261\304eOX\262)FA-\022r\263wm\024""; closeTime: 803902530; signature: ""0D\002 BV\356JN\373\210\004\301\007\373Z\253\207\325\205\363\347\336&\213sZr{\377\253\346\n\247\2060\002 \020\220\3059\346\362B\354\007\032W\r(\371'&c\006Y\035\354\3328^\373ws\010\017\022a\220""; previousledger: ""\264XQl\247\003\354\245\364D\352R\216\206b4,p\2079'\3229\214pa\315o:\200`\214""; ","proposeSeq: 1; currentTxHash: ""\000\000\000\000\000\000\000\000\000\000\000\000\000\000\000\000\000\000\000\000\000\000\000\000\000\000\000\000\000\000\000\000""; nodePubKey: ""\003\343\005\311u\203\370\0338\3174\324\010\006\301\251\177\261\304eOX\262)FA-\022r\263wm\024""; closeTime: 803902530; signature: ""0D\002 BV\356JN\373\210\004\301\007\373Z\253\207\325\205\363\347\336&\213sZr{\377\253\346\n\247\2060\002 \020\220\3059\346\362B\354\007\032W\r(\371'&c\006Y\035\354\3328^\373ws\010\017\022a\220""; previousledger: ""\264XQl\247\003\354\245\364D\352R\216\206b4,p\2079'\3229\214pa\315o:\200`\214""; "
1750587326466,1750587326466,0,1,1,4,TMValidation,"validation: """"\200\000\000\001&\000\000\000\025)/\352\224>:?HT\314/\177\320^Q\304\307\277\376\336\364\201Z\007\031\270,\205\243P"" !\022\304\354\323\023p\207F\337,\356]STP\027\000\000\000\000\000\000\000\000\000\000\000\000\000\000\000\000\000\000\000\000\000\000\000\000\000\000\000\000\000\000\000\000P\031\264XQl\247\003\354\245\364D\352R\216\206b4,p\2079'\3229\214pa\315o:\200`\214s!\003\343\005\311u\203\370\0338\3174\324\010\006\301\251\177\261\304eOX\262)FA-\022r\263wm\024vG0E\002!\000\302\356<\342\rJAA\006\0250\360\234\327\241\327\311\024\276\362[T\032\3233\305D\201\374\006\246)\002 \007\333\256\267\335)\026G\324d?\227\302\202\005\223n\003\205\245\231/\344\034:\024+5\223\320\233\301""; ","validation: """"\200\000\000\001&\000\000\000\025)/\352\224>:?HT\314/\177\320^Q\304\307\277\376\336\364\201Z\007\031\270,\205\243P"" !\022\304\354\323\023p\207F\337,\356]STP\027\000\000\000\000\000\000\000\000\000\000\000\000\000\000\000\000\000\000\000\000\000\000\000\000\000\000\000\000\000\000\000\000P\031\264XQl\247\003\354\245\364D\352R\216\206b4,p\2079'\3229\214pa\315o:\200`\214s!\003\343\005\311u\203\370\0338\3174\324\010\006\301\251\177\261\304eOX\262)FA-\022r\263wm\024vG0E\002!\000\302\356<\342\rJAA\006\0250\360\234\327\241\327\311\024\276\362[T\032\3233\305D\201\374\006\246)\002 \007\333\256\267\335)\026G\324d?\227\302\202\005\223n\003\205\245\231/\344\034:\024+5\223\320\233\301""; "
1750587326469,1750587326469,0,1,2,3,TMProposeSet,"proposeSeq: 1; currentTxHash: ""\000\000\000\000\000\000\000\000\000\000\000\000\000\000\000\000\000\000\000\000\000\000\000\000\000\000\000\000\000\000\000\000""; nodePubKey: ""\003\343\005\311u\203\370\0338\3174\324\010\006\301\251\177\261\304eOX\262)FA-\022r\263wm\024""; closeTime: 803902530; signature: ""0D\002 BV\356JN\373\210\004\301\007\373Z\253\207\325\205\363\347\336&\213sZr{\377\253\346\n\247\2060\002 \020\220\3059\346\362B\354\007\032W\r(\371'&c\006Y\035\354\3328^\373ws\010\017\022a\220""; previousledger: ""\264XQl\247\003\354\245\364D\352R\216\206b4,p\2079'\3229\214pa\315o:\200`\214""; ","proposeSeq: 1; currentTxHash: ""\000\000\000\000\000\000\000\000\000\000\000\000\000\000\000\000\000\000\000\000\000\000\000\000\000\000\000\000\000\000\000\000""; nodePubKey: ""\003\343\005\311u\203\370\0338\3174\324\010\006\301\251\177\261\304eOX\262)FA-\022r\263wm\024""; closeTime: 803902530; signature: ""0D\002 BV\356JN\373\210\004\301\007\373Z\253\207\325\205\363\347\336&\213sZr{\377\253\346\n\247\2060\002 \020\220\3059\346\362B\354\007\032W\r(\371'&c\006Y\035\354\3328^\373ws\010\017\022a\220""; previousledger: ""\264XQl\247\003\354\245\364D\352R\216\206b4,p\2079'\3229\214pa\315o:\200`\214""; "
1750587326469,1750587326469,0,1,2,4,TMProposeSet,"proposeSeq: 1; currentTxHash: ""\000\000\000\000\000\000\000\000\000\000\000\000\000\000\000\000\000\000\000\000\000\000\000\000\000\000\000\000\000\000\000\000""; nodePubKey: ""\003\343\005\311u\203\370\0338\3174\324\010\006\301\251\177\261\304eOX\262)FA-\022r\263wm\024""; closeTime: 803902530; signature: ""0D\002 BV\356JN\373\210\004\301\007\373Z\253\207\325\205\363\347\336&\213sZr{\377\253\346\n\247\2060\002 \020\220\3059\346\362B\354\007\032W\r(\371'&c\006Y\035\354\3328^\373ws\010\017\022a\220""; previousledger: ""\264XQl\247\003\354\245\364D\352R\216\206b4,p\2079'\3229\214pa\315o:\200`\214""; ","proposeSeq: 1; currentTxHash: ""\000\000\000\000\000\000\000\000\000\000\000\000\000\000\000\000\000\000\000\000\000\000\000\000\000\000\000\000\000\000\000\000""; nodePubKey: ""\003\343\005\311u\203\370\0338\3174\324\010\006\301\251\177\261\304eOX\262)FA-\022r\263wm\024""; closeTime: 803902530; signature: ""0D\002 BV\356JN\373\210\004\301\007\373Z\253\207\325\205\363\347\336&\213sZr{\377\253\346\n\247\2060\002 \020\220\3059\346\362B\354\007\032W\r(\371'&c\006Y\035\354\3328^\373ws\010\017\022a\220""; previousledger: ""\264XQl\247\003\354\245\364D\352R\216\206b4,p\2079'\3229\214pa\315o:\200`\214""; "
1750587326470,1750587326470,0,1,2,0,TMProposeSet,"proposeSeq: 1; currentTxHash: ""\000\000\000\000\000\000\000\000\000\000\000\000\000\000\000\000\000\000\000\000\000\000\000\000\000\000\000\000\000\000\000\000""; nodePubKey: ""\003\343\005\311u\203\370\0338\3174\324\010\006\301\251\177\261\304eOX\262)FA-\022r\263wm\024""; closeTime: 803902530; signature: ""0D\002 BV\356JN\373\210\004\301\007\373Z\253\207\325\205\363\347\336&\213sZr{\377\253\346\n\247\2060\002 \020\220\3059\346\362B\354\007\032W\r(\371'&c\006Y\035\354\3328^\373ws\010\017\022a\220""; previousledger: ""\264XQl\247\003\354\245\364D\352R\216\206b4,p\2079'\3229\214pa\315o:\200`\214""; ","proposeSeq: 1; currentTxHash: ""\000\000\000\000\000\000\000\000\000\000\000\000\000\000\000\000\000\000\000\000\000\000\000\000\000\000\000\000\000\000\000\000""; nodePubKey: ""\003\343\005\311u\203\370\0338\3174\324\010\006\301\251\177\261\304eOX\262)FA-\022r\263wm\024""; closeTime: 803902530; signature: ""0D\002 BV\356JN\373\210\004\301\007\373Z\253\207\325\205\363\347\336&\213sZr{\377\253\346\n\247\2060\002 \020\220\3059\346\362B\354\007\032W\r(\371'&c\006Y\035\354\3328^\373ws\010\017\022a\220""; previousledger: ""\264XQl\247\003\354\245\364D\352R\216\206b4,p\2079'\3229\214pa\315o:\200`\214""; "
1750587326471,1750587326471,0,1,0,4,TMProposeSet,"proposeSeq: 1; currentTxHash: ""\000\000\000\000\000\000\000\000\000\000\000\000\000\000\000\000\000\000\000\000\000\000\000\000\000\000\000\000\000\000\000\000""; nodePubKey: ""\003\343\005\311u\203\370\0338\3174\324\010\006\301\251\177\261\304eOX\262)FA-\022r\263wm\024""; closeTime: 803902530; signature: ""0D\002 BV\356JN\373\210\004\301\007\373Z\253\207\325\205\363\347\336&\213sZr{\377\253\346\n\247\2060\002 \020\220\3059\346\362B\354\007\032W\r(\371'&c\006Y\035\354\3328^\373ws\010\017\022a\220""; previousledger: ""\264XQl\247\003\354\245\364D\352R\216\206b4,p\2079'\3229\214pa\315o:\200`\214""; ","proposeSeq: 1; currentTxHash: ""\000\000\000\000\000\000\000\000\000\000\000\000\000\000\000\000\000\000\000\000\000\000\000\000\000\000\000\000\000\000\000\000""; nodePubKey: ""\003\343\005\311u\203\370\0338\3174\324\010\006\301\251\177\261\304eOX\262)FA-\022r\263wm\024""; closeTime: 803902530; signature: ""0D\002 BV\356JN\373\210\004\301\007\373Z\253\207\325\205\363\347\336&\213sZr{\377\253\346\n\247\2060\002 \020\220\3059\346\362B\354\007\032W\r(\371'&c\006Y\035\354\3328^\373ws\010\017\022a\220""; previousledger: ""\264XQl\247\003\354\245\364D\352R\216\206b4,p\2079'\3229\214pa\315o:\200`\214""; "
1750587326472,1750587326472,0,1,0,2,TMProposeSet,"proposeSeq: 1; currentTxHash: ""\000\000\000\000\000\000\000\000\000\000\000\000\000\000\000\000\000\000\000\000\000\000\000\000\000\000\000\000\000\000\000\000""; nodePubKey: ""\003\343\005\311u\203\370\0338\3174\324\010\006\301\251\177\261\304eOX\262)FA-\022r\263wm\024""; closeTime: 803902530; signature: ""0D\002 BV\356JN\373\210\004\301\007\373Z\253\207\325\205\363\347\336&\213sZr{\377\253\346\n\247\2060\002 \020\220\3059\346\362B\354\007\032W\r(\371'&c\006Y\035\354\3328^\373ws\010\017\022a\220""; previousledger: ""\264XQl\247\003\354\245\364D\352R\216\206b4,p\2079'\3229\214pa\315o:\200`\214""; ","proposeSeq: 1; currentTxHash: ""\000\000\000\000\000\000\000\000\000\000\000\000\000\000\000\000\000\000\000\000\000\000\000\000\000\000\000\000\000\000\000\000""; nodePubKey: ""\003\343\005\311u\203\370\0338\3174\324\010\006\301\251\177\261\304eOX\262)FA-\022r\263wm\024""; closeTime: 803902530; signature: ""0D\002 BV\356JN\373\210\004\301\007\373Z\253\207\325\205\363\347\336&\213sZr{\377\253\346\n\247\2060\002 \020\220\3059\346\362B\354\007\032W\r(\371'&c\006Y\035\354\3328^\373ws\010\017\022a\220""; previousledger: ""\264XQl\247\003\354\245\364D\352R\216\206b4,p\2079'\3229\214pa\315o:\200`\214""; "
1750587326472,1750587326472,0,1,0,3,TMProposeSet,"proposeSeq: 1; currentTxHash: ""\000\000\000\000\000\000\000\000\000\000\000\000\000\000\000\000\000\000\000\000\000\000\000\000\000\000\000\000\000\000\000\000""; nodePubKey: ""\003\343\005\311u\203\370\0338\3174\324\010\006\301\251\177\261\304eOX\262)FA-\022r\263wm\024""; closeTime: 803902530; signature: ""0D\002 BV\356JN\373\210\004\301\007\373Z\253\207\325\205\363\347\336&\213sZr{\377\253\346\n\247\2060\002 \020\220\3059\346\362B\354\007\032W\r(\371'&c\006Y\035\354\3328^\373ws\010\017\022a\220""; previousledger: ""\264XQl\247\003\354\245\364D\352R\216\206b4,p\2079'\3229\214pa\315o:\200`\214""; ","proposeSeq: 1; currentTxHash: ""\000\000\000\000\000\000\000\000\000\000\000\000\000\000\000\000\000\000\000\000\000\000\000\000\000\000\000\000\000\000\000\000""; nodePubKey: ""\003\343\005\311u\203\370\0338\3174\324\010\006\301\251\177\261\304eOX\262)FA-\022r\263wm\024""; closeTime: 803902530; signature: ""0D\002 BV\356JN\373\210\004\301\007\373Z\253\207\325\205\363\347\336&\213sZr{\377\253\346\n\247\2060\002 \020\220\3059\346\362B\354\007\032W\r(\371'&c\006Y\035\354\3328^\373ws\010\017\022a\220""; previousledger: ""\264XQl\247\003\354\245\364D\352R\216\206b4,p\2079'\3229\214pa\315o:\200`\214""; "
1750587326473,1750587326473,0,1,4,3,TMProposeSet,"proposeSeq: 1; currentTxHash: ""\000\000\000\000\000\000\000\000\000\000\000\000\000\000\000\000\000\000\000\000\000\000\000\000\000\000\000\000\000\000\000\000""; nodePubKey: ""\003\343\005\311u\203\370\0338\3174\324\010\006\301\251\177\261\304eOX\262)FA-\022r\263wm\024""; closeTime: 803902530; signature: ""0D\002 BV\356JN\373\210\004\301\007\373Z\253\207\325\205\363\347\336&\213sZr{\377\253\346\n\247\2060\002 \020\220\3059\346\362B\354\007\032W\r(\371'&c\006Y\035\354\3328^\373ws\010\017\022a\220""; previousledger: ""\264XQl\247\003\354\245\364D\352R\216\206b4,p\2079'\3229\214pa\315o:\200`\214""; ","proposeSeq: 1; currentTxHash: ""\000\000\000\000\000\000\000\000\000\000\000\000\000\000\000\000\000\000\000\000\000\000\000\000\000\000\000\000\000\000\000\000""; nodePubKey: ""\003\343\005\311u\203\370\0338\3174\324\010\006\301\251\177\261\304eOX\262)FA-\022r\263wm\024""; closeTime: 803902530; signature: ""0D\002 BV\356JN\373\210\004\301\007\373Z\253\207\325\205\363\347\336&\213sZr{\377\253\346\n\247\2060\002 \020\220\3059\346\362B\354\007\032W\r(\371'&c\006Y\035\354\3328^\373ws\010\017\022a\220""; previousledger: ""\264XQl\247\003\354\245\364D\352R\216\206b4,p\2079'\3229\214pa\315o:\200`\214""; "
1750587326474,1750587326474,0,1,4,2,TMProposeSet,"proposeSeq: 1; currentTxHash: ""\000\000\000\000\000\000\000\000\000\000\000\000\000\000\000\000\000\000\000\000\000\000\000\000\000\000\000\000\000\000\000\000""; nodePubKey: ""\003\343\005\311u\203\370\0338\3174\324\010\006\301\251\177\261\304eOX\262)FA-\022r\263wm\024""; closeTime: 803902530; signature: ""0D\002 BV\356JN\373\210\004\301\007\373Z\253\207\325\205\363\347\336&\213sZr{\377\253\346\n\247\2060\002 \020\220\3059\346\362B\354\007\032W\r(\371'&c\006Y\035\354\3328^\373ws\010\017\022a\220""; previousledger: ""\264XQl\247\003\354\245\364D\352R\216\206b4,p\2079'\3229\214pa\315o:\200`\214""; ","proposeSeq: 1; currentTxHash: ""\000\000\000\000\000\000\000\000\000\000\000\000\000\000\000\000\000\000\000\000\000\000\000\000\000\000\000\000\000\000\000\000""; nodePubKey: ""\003\343\005\311u\203\370\0338\3174\324\010\006\301\251\177\261\304eOX\262)FA-\022r\263wm\024""; closeTime: 803902530; signature: ""0D\002 BV\356JN\373\210\004\301\007\373Z\253\207\325\205\363\347\336&\213sZr{\377\253\346\n\247\2060\002 \020\220\3059\346\362B\354\007\032W\r(\371'&c\006Y\035\354\3328^\373ws\010\017\022a\220""; previousledger: ""\264XQl\247\003\354\245\364D\352R\216\206b4,p\2079'\3229\214pa\315o:\200`\214""; "
1750587326474,1750587326475,0,1,4,0,TMProposeSet,"proposeSeq: 1; currentTxHash: ""\000\000\000\000\000\000\000\000\000\000\000\000\000\000\000\000\000\000\000\000\000\000\000\000\000\000\000\000\000\000\000\000""; nodePubKey: ""\003\343\005\311u\203\370\0338\3174\324\010\006\301\251\177\261\304eOX\262)FA-\022r\263wm\024""; closeTime: 803902530; signature: ""0D\002 BV\356JN\373\210\004\301\007\373Z\253\207\325\205\363\347\336&\213sZr{\377\253\346\n\247\2060\002 \020\220\3059\346\362B\354\007\032W\r(\371'&c\006Y\035\354\3328^\373ws\010\017\022a\220""; previousledger: ""\264XQl\247\003\354\245\364D\352R\216\206b4,p\2079'\3229\214pa\315o:\200`\214""; ","proposeSeq: 1; currentTxHash: ""\000\000\000\000\000\000\000\000\000\000\000\000\000\000\000\000\000\000\000\000\000\000\000\000\000\000\000\000\000\000\000\000""; nodePubKey: ""\003\343\005\311u\203\370\0338\3174\324\010\006\301\251\177\261\304eOX\262)FA-\022r\263wm\024""; closeTime: 803902530; signature: ""0D\002 BV\356JN\373\210\004\301\007\373Z\253\207\325\205\363\347\336&\213sZr{\377\253\346\n\247\2060\002 \020\220\3059\346\362B\354\007\032W\r(\371'&c\006Y\035\354\3328^\373ws\010\017\022a\220""; previousledger: ""\264XQl\247\003\354\245\364D\352R\216\206b4,p\2079'\3229\214pa\315o:\200`\214""; "
1750587326475,1750587326475,0,1,3,4,TMProposeSet,"proposeSeq: 1; currentTxHash: ""\000\000\000\000\000\000\000\000\000\000\000\000\000\000\000\000\000\000\000\000\000\000\000\000\000\000\000\000\000\000\000\000""; nodePubKey: ""\003\343\005\311u\203\370\0338\3174\324\010\006\301\251\177\261\304eOX\262)FA-\022r\263wm\024""; closeTime: 803902530; signature: ""0D\002 BV\356JN\373\210\004\301\007\373Z\253\207\325\205\363\347\336&\213sZr{\377\253\346\n\247\2060\002 \020\220\3059\346\362B\354\007\032W\r(\371'&c\006Y\035\354\3328^\373ws\010\017\022a\220""; previousledger: ""\264XQl\247\003\354\245\364D\352R\216\206b4,p\2079'\3229\214pa\315o:\200`\214""; ","proposeSeq: 1; currentTxHash: ""\000\000\000\000\000\000\000\000\000\000\000\000\000\000\000\000\000\000\000\000\000\000\000\000\000\000\000\000\000\000\000\000""; nodePubKey: ""\003\343\005\311u\203\370\0338\3174\324\010\006\301\251\177\261\304eOX\262)FA-\022r\263wm\024""; closeTime: 803902530; signature: ""0D\002 BV\356JN\373\210\004\301\007\373Z\253\207\325\205\363\347\336&\213sZr{\377\253\346\n\247\2060\002 \020\220\3059\346\362B\354\007\032W\r(\371'&c\006Y\035\354\3328^\373ws\010\017\022a\220""; previousledger: ""\264XQl\247\003\354\245\364D\352R\216\206b4,p\2079'\3229\214pa\315o:\200`\214""; "
1750587326476,1750587326476,0,1,3,2,TMProposeSet,"proposeSeq: 1; currentTxHash: ""\000\000\000\000\000\000\000\000\000\000\000\000\000\000\000\000\000\000\000\000\000\000\000\000\000\000\000\000\000\000\000\000""; nodePubKey: ""\003\343\005\311u\203\370\0338\3174\324\010\006\301\251\177\261\304eOX\262)FA-\022r\263wm\024""; closeTime: 803902530; signature: ""0D\002 BV\356JN\373\210\004\301\007\373Z\253\207\325\205\363\347\336&\213sZr{\377\253\346\n\247\2060\002 \020\220\3059\346\362B\354\007\032W\r(\371'&c\006Y\035\354\3328^\373ws\010\017\022a\220""; previousledger: ""\264XQl\247\003\354\245\364D\352R\216\206b4,p\2079'\3229\214pa\315o:\200`\214""; ","proposeSeq: 1; currentTxHash: ""\000\000\000\000\000\000\000\000\000\000\000\000\000\000\000\000\000\000\000\000\000\000\000\000\000\000\000\000\000\000\000\000""; nodePubKey: ""\003\343\005\311u\203\370\0338\3174\324\010\006\301\251\177\261\304eOX\262)FA-\022r\263wm\024""; closeTime: 803902530; signature: ""0D\002 BV\356JN\373\210\004\301\007\373Z\253\207\325\205\363\347\336&\213sZr{\377\253\346\n\247\2060\002 \020\220\3059\346\362B\354\007\032W\r(\371'&c\006Y\035\354\3328^\373ws\010\017\022a\220""; previousledger: ""\264XQl\247\003\354\245\364D\352R\216\206b4,p\2079'\3229\214pa\315o:\200`\214""; "
1750587326477,1750587326477,0,1,4,2,TMValidation,"validation: """"\200\000\000\001&\000\000\000\025)/\352\224>:?HT\314/\177\320^Q\304\307\277\376\336\364\201Z\007\031\270,\205\243P"" !\022\304\354\323\023p\207F\337,\356]STP\027\000\000\000\000\000\000\000\000\000\000\000\000\000\000\000\000\000\000\000\000\000\000\000\000\000\000\000\000\000\000\000\000P\031\264XQl\247\003\354\245\364D\352R\216\206b4,p\2079'\3229\214pa\315o:\200`\214s!\003\343\005\311u\203\370\0338\3174\324\010\006\301\251\177\261\304eOX\262)FA-\022r\263wm\024vG0E\002!\000\302\356<\342\rJAA\006\0250\360\234\327\241\327\311\024\276\362[T\032\3233\305D\201\374\006\246)\002 \007\333\256\267\335)\026G\324d?\227\302\202\005\223n\003\205\245\231/\344\034:\024+5\223\320\233\301""; ","validation: """"\200\000\000\001&\000\000\000\025)/\352\224>:?HT\314/\177\320^Q\304\307\277\376\336\364\201Z\007\031\270,\205\243P"" !\022\304\354\323\023p\207F\337,\356]STP\027\000\000\000\000\000\000\000\000\000\000\000\000\000\000\000\000\000\000\000\000\000\000\000\000\000\000\000\000\000\000\000\000P\031\264XQl\247\003\354\245\364D\352R\216\206b4,p\2079'\3229\214pa\315o:\200`\214s!\003\343\005\311u\203\370\0338\3174\324\010\006\301\251\177\261\304eOX\262)FA-\022r\263wm\024vG0E\002!\000\302\356<\342\rJAA\006\0250\360\234\327\241\327\311\024\276\362[T\032\3233\305D\201\374\006\246)\002 \007\333\256\267\335)\026G\324d?\227\302\202\005\223n\003\205\245\231/\344\034:\024+5\223\320\233\301""; "
1750587326477,1750587326477,0,1,3,0,TMProposeSet,"proposeSeq: 1; currentTxHash: ""\000\000\000\000\000\000\000\000\000\000\000\000\000\000\000\000\000\000\000\000\000\000\000\000\000\000\000\000\000\000\000\000""; nodePubKey: ""\003\343\005\311u\203\370\0338\3174\324\010\006\301\251\177\261\304eOX\262)FA-\022r\263wm\024""; closeTime: 803902530; signature: ""0D\002 BV\356JN\373\210\004\301\007\373Z\253\207\325\205\363\347\336&\213sZr{\377\253\346\n\247\2060\002 \020\220\3059\346\362B\354\007\032W\r(\371'&c\006Y\035\354\3328^\373ws\010\017\022a\220""; previousledger: ""\264XQl\247\003\354\245\364D\352R\216\206b4,p\2079'\3229\214pa\315o:\200`\214""; ","proposeSeq: 1; currentTxHash: ""\000\000\000\000\000\000\000\000\000\000\000\000\000\000\000\000\000\000\000\000\000\000\000\000\000\000\000\000\000\000\000\000""; nodePubKey: ""\003\343\005\311u\203\370\0338\3174\324\010\006\301\251\177\261\304eOX\262)FA-\022r\263wm\024""; closeTime: 803902530; signature: ""0D\002 BV\356JN\373\210\004\301\007\373Z\253\207\325\205\363\347\336&\213sZr{\377\253\346\n\247\2060\002 \020\220\3059\346\362B\354\007\032W\r(\371'&c\006Y\035\354\3328^\373ws\010\017\022a\220""; previousledger: ""\264XQl\247\003\354\245\364D\352R\216\206b4,p\2079'\3229\214pa\315o:\200`\214""; "
1750587326478,1750587326478,0,1,4,0,TMValidation,"validation: """"\200\000\000\001&\000\000\000\025)/\352\224>:?HT\314/\177\320^Q\304\307\277\376\336\364\201Z\007\031\270,\205\243P"" !\022\304\354\323\023p\207F\337,\356]STP\027\000\000\000\000\000\000\000\000\000\000\000\000\000\000\000\000\000\000\000\000\000\000\000\000\000\000\000\000\000\000\000\000P\031\264XQl\247\003\354\245\364D\352R\216\206b4,p\2079'\3229\214pa\315o:\200`\214s!\003\343\005\311u\203\370\0338\3174\324\010\006\301\251\177\261\304eOX\262)FA-\022r\263wm\024vG0E\002!\000\302\356<\342\rJAA\006\0250\360\234\327\241\327\311\024\276\362[T\032\3233\305D\201\374\006\246)\002 \007\333\256\267\335)\026G\324d?\227\302\202\005\223n\003\205\245\231/\344\034:\024+5\223\320\233\301""; ","validation: """"\200\000\000\001&\000\000\000\025)/\352\224>:?HT\314/\177\320^Q\304\307\277\376\336\364\201Z\007\031\270,\205\243P"" !\022\304\354\323\023p\207F\337,\356]STP\027\000\000\000\000\000\000\000\000\000\000\000\000\000\000\000\000\000\000\000\000\000\000\000\000\000\000\000\000\000\000\000\000P\031\264XQl\247\003\354\245\364D\352R\216\206b4,p\2079'\3229\214pa\315o:\200`\214s!\003\343\005\311u\203\370\0338\3174\324\010\006\301\251\177\261\304eOX\262)FA-\022r\263wm\024vG0E\002!\000\302\356<\342\rJAA\006\0250\360\234\327\241\327\311\024\276\362[T\032\3233\305D\201\374\006\246)\002 \007\333\256\267\335)\026G\324d?\227\302\202\005\223n\003\205\245\231/\344\034:\024+5\223\320\233\301""; "
1750587326478,1750587326478,0,1,4,3,TMValidation,"validation: """"\200\000\000\001&\000\000\000\025)/\352\224>:?HT\314/\177\320^Q\304\307\277\376\336\364\201Z\007\031\270,\205\243P"" !\022\304\354\323\023p\207F\337,\356]STP\027\000\000\000\000\000\000\000\000\000\000\000\000\000\000\000\000\000\000\000\000\000\000\000\000\000\000\000\000\000\000\000\000P\031\264XQl\247\003\354\245\364D\352R\216\206b4,p\2079'\3229\214pa\315o:\200`\214s!\003\343\005\311u\203\370\0338\3174\324\010\006\301\251\177\261\304eOX\262)FA-\022r\263wm\024vG0E\002!\000\302\356<\342\rJAA\006\0250\360\234\327\241\327\311\024\276\362[T\032\3233\305D\201\374\006\246)\002 \007\333\256\267\335)\026G\324d?\227\302\202\005\223n\003\205\245\231/\344\034:\024+5\223\320\233\301""; ","validation: """"\200\000\000\001&\000\000\000\025)/\352\224>:?HT\314/\177\320^Q\304\307\277\376\336\364\201Z\007\031\270,\205\243P"" !\022\304\354\323\023p\207F\337,\356]STP\027\000\000\000\000\000\000\000\000\000\000\000\000\000\000\000\000\000\000\000\000\000\000\000\000\000\000\000\000\000\000\000\000P\031\264XQl\247\003\354\245\364D\352R\216\206b4,p\2079'\3229\214pa\315o:\200`\214s!\003\343\005\311u\203\370\0338\3174\324\010\006\301\251\177\261\304eOX\262)FA-\022r\263wm\024vG0E\002!\000\302\356<\342\rJAA\006\0250\360\234\327\241\327\311\024\276\362[T\032\3233\305D\201\374\006\246)\002 \007\333\256\267\335)\026G\324d?\227\302\202\005\223n\003\205\245\231/\344\034:\024+5\223\320\233\301""; "
1750587326479,1750587326479,0,1,4,3,TMGetLedger,"itype: liBASE; ledgerHash: ""\304\307\277\376\336\364\201Z\007\031\270,\205\243P"" !\022\304\354\323\023p\207F\337,\356]ST""; queryType: qtINDIRECT; ","itype: liBASE; ledgerHash: ""\304\307\277\376\336\364\201Z\007\031\270,\205\243P"" !\022\304\354\323\023p\207F\337,\356]ST""; queryType: qtINDIRECT; "
1750587326479,1750587326479,0,1,4,0,TMGetLedger,"itype: liBASE; ledgerHash: ""\304\307\277\376\336\364\201Z\007\031\270,\205\243P"" !\022\304\354\323\023p\207F\337,\356]ST""; ","itype: liBASE; ledgerHash: ""\304\307\277\376\336\364\201Z\007\031\270,\205\243P"" !\022\304\354\323\023p\207F\337,\356]ST""; "
1750587326478,1750587326478,0,1,4,1,TMGetLedger,"itype: liBASE; ledgerHash: ""\304\307\277\376\336\364\201Z\007\031\270,\205\243P"" !\022\304\354\323\023p\207F\337,\356]ST""; ","itype: liBASE; ledgerHash: ""\304\307\277\376\336\364\201Z\007\031\270,\205\243P"" !\022\304\354\323\023p\207F\337,\356]ST""; "
1750587326480,1750587326480,0,1,4,3,TMGetLedger,"itype: liBASE; ledgerHash: ""\304\307\277\376\336\364\201Z\007\031\270,\205\243P"" !\022\304\354\323\023p\207F\337,\356]ST""; ","itype: liBASE; ledgerHash: ""\304\307\277\376\336\364\201Z\007\031\270,\205\243P"" !\022\304\354\323\023p\207F\337,\356]ST""; "
1750587326480,1750587326480,0,1,4,0,TMGetLedger,"itype: liBASE; ledgerHash: ""\304\307\277\376\336\364\201Z\007\031\270,\205\243P"" !\022\304\354\323\023p\207F\337,\356]ST""; queryType: qtINDIRECT; ","itype: liBASE; ledgerHash: ""\304\307\277\376\336\364\201Z\007\031\270,\205\243P"" !\022\304\354\323\023p\207F\337,\356]ST""; queryType: qtINDIRECT; "
1750587326481,1750587326481,0,1,4,1,TMGetLedger,"itype: liBASE; ledgerHash: ""\304\307\277\376\336\364\201Z\007\031\270,\205\243P"" !\022\304\354\323\023p\207F\337,\356]ST""; queryType: qtINDIRECT; ","itype: liBASE; ledgerHash: ""\304\307\277\376\336\364\201Z\007\031\270,\205\243P"" !\022\304\354\323\023p\207F\337,\356]ST""; queryType: qtINDIRECT; "
1750587326482,1750587326482,0,1,2,1,TMValidation,"validation: """"\200\000\000\001&\000\000\000\025)/\352\224>:?HT\314/\177\320^Q\304\307\277\376\336\364\201Z\007\031\270,\205\243P"" !\022\304\354\323\023p\207F\337,\356]STP\027\000\000\000\000\000\000\000\000\000\000\000\000\000\000\000\000\000\000\000\000\000\000\000\000\000\000\000\000\000\000\000\000P\031\264XQl\247\003\354\245\364D\352R\216\206b4,p\2079'\3229\214pa\315o:\200`\214s!\003\343\005\311u\203\370\0338\3174\324\010\006\301\251\177\261\304eOX\262)FA-\022r\263wm\024vG0E\002!\000\302\356<\342\rJAA\006\0250\360\234\327\241\327\311\024\276\362[T\032\3233\305D\201\374\006\246)\002 \007\333\256\267\335)\026G\324d?\227\302\202\005\223n\003\205\245\231/\344\034:\024+5\223\320\233\301""; ","validation: """"\200\000\000\001&\000\000\000\025)/\352\224>:?HT\314/\177\320^Q\304\307\277\376\336\364\201Z\007\031\270,\205\243P"" !\022\304\354\323\023p\207F\337,\356]STP\027\000\000\000\000\000\000\000\000\000\000\000\000\000\000\000\000\000\000\000\000\000\000\000\000\000\000\000\000\000\000\000\000P\031\264XQl\247\003\354\245\364D\352R\216\206b4,p\2079'\3229\214pa\315o:\200`\214s!\003\343\005\311u\203\370\0338\3174\324\010\006\301\251\177\261\304eOX\262)FA-\022r\263wm\024vG0E\002!\000\302\356<\342\rJAA\006\0250\360\234\327\241\327\311\024\276\362[T\032\3233\305D\201\374\006\246)\002 \007\333\256\267\335)\026G\324d?\227\302\202\005\223n\003\205\245\231/\344\034:\024+5\223\320\233\301""; "
1750587326483,1750587326483,0,1,2,3,TMValidation,"validation: """"\200\000\000\001&\000\000\000\025)/\352\224>:?HT\314/\177\320^Q\304\307\277\376\336\364\201Z\007\031\270,\205\243P"" !\022\304\354\323\023p\207F\337,\356]STP\027\000\000\000\000\000\000\000\000\000\000\000\000\000\000\000\000\000\000\000\000\000\000\000\000\000\000\000\000\000\000\000\000P\031\264XQl\247\003\354\245\364D\352R\216\206b4,p\2079'\3229\214pa\315o:\200`\214s!\003\343\005\311u\203\370\0338\3174\324\010\006\301\251\177\261\304eOX\262)FA-\022r\263wm\024vG0E\002!\000\302\356<\342\rJAA\006\0250\360\234\327\241\327\311\024\276\362[T\032\3233\305D\201\374\006\246)\002 \007\333\256\267\335)\026G\324d?\227\302\202\005\223n\003\205\245\231/\344\034:\024+5\223\320\233\301""; ","validation: """"\200\000\000\001&\000\000\000\025)/\352\224>:?HT\314/\177\320^Q\304\307\277\376\336\364\201Z\007\031\270,\205\243P"" !\022\304\354\323\023p\207F\337,\356]STP\027\000\000\000\000\000\000\000\000\000\000\000\000\000\000\000\000\000\000\000\000\000\000\000\000\000\000\000\000\000\000\000\000P\031\264XQl\247\003\354\245\364D\352R\216\206b4,p\2079'\3229\214pa\315o:\200`\214s!\003\343\005\311u\203\370\0338\3174\324\010\006\301\251\177\261\304eOX\262)FA-\022r\263wm\024vG0E\002!\000\302\356<\342\rJAA\006\0250\360\234\327\241\327\311\024\276\362[T\032\3233\305D\201\374\006\246)\002 \007\333\256\267\335)\026G\324d?\227\302\202\005\223n\003\205\245\231/\344\034:\024+5\223\320\233\301""; "
1750587326483,1750587326483,0,1,2,0,TMValidation,"validation: """"\200\000\000\001&\000\000\000\025)/\352\224>:?HT\314/\177\320^Q\304\307\277\376\336\364\201Z\007\031\270,\205\243P"" !\022\304\354\323\023p\207F\337,\356]STP\027\000\000\000\000\000\000\000\000\000\000\000\000\000\000\000\000\000\000\000\000\000\000\000\000\000\000\000\000\000\000\000\000P\031\264XQl\247\003\354\245\364D\352R\216\206b4,p\2079'\3229\214pa\315o:\200`\214s!\003\343\005\311u\203\370\0338\3174\324\010\006\301\251\177\261\304eOX\262)FA-\022r\263wm\024vG0E\002!\000\302\356<\342\rJAA\006\0250\360\234\327\241\327\311\024\276\362[T\032\3233\305D\201\374\006\246)\002 \007\333\256\267\335)\026G\324d?\227\302\202\005\223n\003\205\245\231/\344\034:\024+5\223\320\233\301""; ","validation: """"\200\000\000\001&\000\000\000\025)/\352\224>:?HT\314/\177\320^Q\304\307\277\376\336\364\201Z\007\031\270,\205\243P"" !\022\304\354\323\023p\207F\337,\356]STP\027\000\000\000\000\000\000\000\000\000\000\000\000\000\000\000\000\000\000\000\000\000\000\000\000\000\000\000\000\000\000\000\000P\031\264XQl\247\003\354\245\364D\352R\216\206b4,p\2079'\3229\214pa\315o:\200`\214s!\003\343\005\311u\203\370\0338\3174\324\010\006\301\251\177\261\304eOX\262)FA-\022r\263wm\024vG0E\002!\000\302\356<\342\rJAA\006\0250\360\234\327\241\327\311\024\276\362[T\032\3233\305D\201\374\006\246)\002 \007\333\256\267\335)\026G\324d?\227\302\202\005\223n\003\205\245\231/\344\034:\024+5\223\320\233\301""; "
1750587326484,1750587326484,0,1,2,4,TMGetLedger,"itype: liBASE; ledgerHash: ""\304\307\277\376\336\364\201Z\007\031\270,\205\243P"" !\022\304\354\323\023p\207F\337,\356]ST""; ","itype: liBASE; ledgerHash: ""\304\307\277\376\336\364\201Z\007\031\270,\205\243P"" !\022\304\354\323\023p\207F\337,\356]ST""; "
1750587326484,1750587326484,0,1,0,2,TMValidation,"validation: """"\200\000\000\001&\000\000\000\025)/\352\224>:?HT\314/\177\320^Q\304\307\277\376\336\364\201Z\007\031\270,\205\243P"" !\022\304\354\323\023p\207F\337,\356]STP\027\000\000\000\000\000\000\000\000\000\000\000\000\000\000\000\000\000\000\000\000\000\000\000\000\000\000\000\000\000\000\000\000P\031\264XQl\247\003\354\245\364D\352R\216\206b4,p\2079'\3229\214pa\315o:\200`\214s!\003\343\005\311u\203\370\0338\3174\324\010\006\301\251\177\261\304eOX\262)FA-\022r\263wm\024vG0E\002!\000\302\356<\342\rJAA\006\0250\360\234\327\241\327\311\024\276\362[T\032\3233\305D\201\374\006\246)\002 \007\333\256\267\335)\026G\324d?\227\302\202\005\223n\003\205\245\231/\344\034:\024+5\223\320\233\301""; ","validation: """"\200\000\000\001&\000\000\000\025)/\352\224>:?HT\314/\177\320^Q\304\307\277\376\336\364\201Z\007\031\270,\205\243P"" !\022\304\354\323\023p\207F\337,\356]STP\027\000\000\000\000\000\000\000\000\000\000\000\000\000\000\000\000\000\000\000\000\000\000\000\000\000\000\000\000\000\000\000\000P\031\264XQl\247\003\354\245\364D\352R\216\206b4,p\2079'\3229\214pa\315o:\200`\214s!\003\343\005\311u\203\370\0338\3174\324\010\006\301\251\177\261\304eOX\262)FA-\022r\263wm\024vG0E\002!\000\302\356<\342\rJAA\006\0250\360\234\327\241\327\311\024\276\362[T\032\3233\305D\201\374\006\246)\002 \007\333\256\267\335)\026G\324d?\227\302\202\005\223n\003\205\245\231/\344\034:\024+5\223\320\233\301""; "
1750587326485,1750587326485,0,1,0,1,TMValidation,"validation: """"\200\000\000\001&\000\000\000\025)/\352\224>:?HT\314/\177\320^Q\304\307\277\376\336\364\201Z\007\031\270,\205\243P"" !\022\304\354\323\023p\207F\337,\356]STP\027\000\000\000\000\000\000\000\000\000\000\000\000\000\000\000\000\000\000\000\000\000\000\000\000\000\000\000\000\000\000\000\000P\031\264XQl\247\003\354\245\364D\352R\216\206b4,p\2079'\3229\214pa\315o:\200`\214s!\003\343\005\311u\203\370\0338\3174\324\010\006\301\251\177\261\304eOX\262)FA-\022r\263wm\024vG0E\002!\000\302\356<\342\rJAA\006\0250\360\234\327\241\327\311\024\276\362[T\032\3233\305D\201\374\006\246)\002 \007\333\256\267\335)\026G\324d?\227\302\202\005\223n\003\205\245\231/\344\034:\024+5\223\320\233\301""; ","validation: """"\200\000\000\001&\000\000\000\025)/\352\224>:?HT\314/\177\320^Q\304\307\277\376\336\364\201Z\007\031\270,\205\243P"" !\022\304\354\323\023p\207F\337,\356]STP\027\000\000\000\000\000\000\000\000\000\000\000\000\000\000\000\000\000\000\000\000\000\000\000\000\000\000\000\000\000\000\000\000P\031\264XQl\247\003\354\245\364D\352R\216\206b4,p\2079'\3229\214pa\315o:\200`\214s!\003\343\005\311u\203\370\0338\3174\324\010\006\301\251\177\261\304eOX\262)FA-\022r\263wm\024vG0E\002!\000\302\356<\342\rJAA\006\0250\360\234\327\241\327\311\024\276\362[T\032\3233\305D\201\374\006\246)\002 \007\333\256\267\335)\026G\324d?\227\302\202\005\223n\003\205\245\231/\344\034:\024+5\223\320\233\301""; "
1750587326485,1750587326485,0,1,0,4,TMGetLedger,"itype: liBASE; ledgerHash: ""\304\307\277\376\336\364\201Z\007\031\270,\205\243P"" !\022\304\354\323\023p\207F\337,\356]ST""; ","itype: liBASE; ledgerHash: ""\304\307\277\376\336\364\201Z\007\031\270,\205\243P"" !\022\304\354\323\023p\207F\337,\356]ST""; "
1750587326486,1750587326486,0,1,0,3,TMValidation,"validation: """"\200\000\000\001&\000\000\000\025)/\352\224>:?HT\314/\177\320^Q\304\307\277\376\336\364\201Z\007\031\270,\205\243P"" !\022\304\354\323\023p\207F\337,\356]STP\027\000\000\000\000\000\000\000\000\000\000\000\000\000\000\000\000\000\000\000\000\000\000\000\000\000\000\000\000\000\000\000\000P\031\264XQl\247\003\354\245\364D\352R\216\206b4,p\2079'\3229\214pa\315o:\200`\214s!\003\343\005\311u\203\370\0338\3174\324\010\006\301\251\177\261\304eOX\262)FA-\022r\263wm\024vG0E\002!\000\302\356<\342\rJAA\006\0250\360\234\327\241\327\311\024\276\362[T\032\3233\305D\201\374\006\246)\002 \007\333\256\267\335)\026G\324d?\227\302\202\005\223n\003\205\245\231/\344\034:\024+5\223\320\233\301""; ","validation: """"\200\000\000\001&\000\000\000\025)/\352\224>:?HT\314/\177\320^Q\304\307\277\376\336\364\201Z\007\031\270,\205\243P"" !\022\304\354\323\023p\207F\337,\356]STP\027\000\000\000\000\000\000\000\000\000\000\000\000\000\000\000\000\000\000\000\000\000\000\000\000\000\000\000\000\000\000\000\000P\031\264XQl\247\003\354\245\364D\352R\216\206b4,p\2079'\3229\214pa\315o:\200`\214s!\003\343\005\311u\203\370\0338\3174\324\010\006\301\251\177\261\304eOX\262)FA-\022r\263wm\024vG0E\002!\000\302\356<\342\rJAA\006\0250\360\234\327\241\327\311\024\276\362[T\032\3233\305D\201\374\006\246)\002 \007\333\256\267\335)\026G\324d?\227\302\202\005\223n\003\205\245\231/\344\034:\024+5\223\320\233\301""; "
1750587326486,1750587326486,0,1,3,1,TMValidation,"validation: """"\200\000\000\001&\000\000\000\025)/\352\224>:?HT\314/\177\320^Q\304\307\277\376\336\364\201Z\007\031\270,\205\243P"" !\022\304\354\323\023p\207F\337,\356]STP\027\000\000\000\000\000\000\000\000\000\000\000\000\000\000\000\000\000\000\000\000\000\000\000\000\000\000\000\000\000\000\000\000P\031\264XQl\247\003\354\245\364D\352R\216\206b4,p\2079'\3229\214pa\315o:\200`\214s!\003\343\005\311u\203\370\0338\3174\324\010\006\301\251\177\261\304eOX\262)FA-\022r\263wm\024vG0E\002!\000\302\356<\342\rJAA\006\0250\360\234\327\241\327\311\024\276\362[T\032\3233\305D\201\374\006\246)\002 \007\333\256\267\335)\026G\324d?\227\302\202\005\223n\003\205\245\231/\344\034:\024+5\223\320\233\301""; ","validation: """"\200\000\000\001&\000\000\000\025)/\352\224>:?HT\314/\177\320^Q\304\307\277\376\336\364\201Z\007\031\270,\205\243P"" !\022\304\354\323\023p\207F\337,\356]STP\027\000\000\000\000\000\000\000\000\000\000\000\000\000\000\000\000\000\000\000\000\000\000\000\000\000\000\000\000\000\000\000\000P\031\264XQl\247\003\354\245\364D\352R\216\206b4,p\2079'\3229\214pa\315o:\200`\214s!\003\343\005\311u\203\370\0338\3174\324\010\006\301\251\177\261\304eOX\262)FA-\022r\263wm\024vG0E\002!\000\302\356<\342\rJAA\006\0250\360\234\327\241\327\311\024\276\362[T\032\3233\305D\201\374\006\246)\002 \007\333\256\267\335)\026G\324d?\227\302\202\005\223n\003\205\245\231/\344\034:\024+5\223\320\233\301""; "
1750587326487,1750587326488,0,1,3,0,TMValidation,"validation: """"\200\000\000\001&\000\000\000\025)/\352\224>:?HT\314/\177\320^Q\304\307\277\376\336\364\201Z\007\031\270,\205\243P"" !\022\304\354\323\023p\207F\337,\356]STP\027\000\000\000\000\000\000\000\000\000\000\000\000\000\000\000\000\000\000\000\000\000\000\000\000\000\000\000\000\000\000\000\000P\031\264XQl\247\003\354\245\364D\352R\216\206b4,p\2079'\3229\214pa\315o:\200`\214s!\003\343\005\311u\203\370\0338\3174\324\010\006\301\251\177\261\304eOX\262)FA-\022r\263wm\024vG0E\002!\000\302\356<\342\rJAA\006\0250\360\234\327\241\327\311\024\276\362[T\032\3233\305D\201\374\006\246)\002 \007\333\256\267\335)\026G\324d?\227\302\202\005\223n\003\205\245\231/\344\034:\024+5\223\320\233\301""; ","validation: """"\200\000\000\001&\000\000\000\025)/\352\224>:?HT\314/\177\320^Q\304\307\277\376\336\364\201Z\007\031\270,\205\243P"" !\022\304\354\323\023p\207F\337,\356]STP\027\000\000\000\000\000\000\000\000\000\000\000\000\000\000\000\000\000\000\000\000\000\000\000\000\000\000\000\000\000\000\000\000P\031\264XQl\247\003\354\245\364D\352R\216\206b4,p\2079'\3229\214pa\315o:\200`\214s!\003\343\005\311u\203\370\0338\3174\324\010\006\301\251\177\261\304eOX\262)FA-\022r\263wm\024vG0E\002!\000\302\356<\342\rJAA\006\0250\360\234\327\241\327\311\024\276\362[T\032\3233\305D\201\374\006\246)\002 \007\333\256\267\335)\026G\324d?\227\302\202\005\223n\003\205\245\231/\344\034:\024+5\223\320\233\301""; "
1750587326488,1750587326488,0,1,3,2,TMValidation,"validation: """"\200\000\000\001&\000\000\000\025)/\352\224>:?HT\314/\177\320^Q\304\307\277\376\336\364\201Z\007\031\270,\205\243P"" !\022\304\354\323\023p\207F\337,\356]STP\027\000\000\000\000\000\000\000\000\000\000\000\000\000\000\000\000\000\000\000\000\000\000\000\000\000\000\000\000\000\000\000\000P\031\264XQl\247\003\354\245\364D\352R\216\206b4,p\2079'\3229\214pa\315o:\200`\214s!\003\343\005\311u\203\370\0338\3174\324\010\006\301\251\177\261\304eOX\262)FA-\022r\263wm\024vG0E\002!\000\302\356<\342\rJAA\006\0250\360\234\327\241\327\311\024\276\362[T\032\3233\305D\201\374\006\246)\002 \007\333\256\267\335)\026G\324d?\227\302\202\005\223n\003\205\245\231/\344\034:\024+5\223\320\233\301""; ","validation: """"\200\000\000\001&\000\000\000\025)/\352\224>:?HT\314/\177\320^Q\304\307\277\376\336\364\201Z\007\031\270,\205\243P"" !\022\304\354\323\023p\207F\337,\356]STP\027\000\000\000\000\000\000\000\000\000\000\000\000\000\000\000\000\000\000\000\000\000\000\000\000\000\000\000\000\000\000\000\000P\031\264XQl\247\003\354\245\364D\352R\216\206b4,p\2079'\3229\214pa\315o:\200`\214s!\003\343\005\311u\203\370\0338\3174\324\010\006\301\251\177\261\304eOX\262)FA-\022r\263wm\024vG0E\002!\000\302\356<\342\rJAA\006\0250\360\234\327\241\327\311\024\276\362[T\032\3233\305D\201\374\006\246)\002 \007\333\256\267\335)\026G\324d?\227\302\202\005\223n\003\205\245\231/\344\034:\024+5\223\320\233\301""; "
1750587326489,1750587326489,0,1,3,4,TMGetLedger,"itype: liBASE; ledgerHash: ""\304\307\277\376\336\364\201Z\007\031\270,\205\243P"" !\022\304\354\323\023p\207F\337,\356]ST""; ","itype: liBASE; ledgerHash: ""\304\307\277\376\336\364\201Z\007\031\270,\205\243P"" !\022\304\354\323\023p\207F\337,\356]ST""; "
1750587326489,1750587326490,0,1,3,4,TMGetLedger,"itype: liBASE; ledgerHash: ""\304\307\277\376\336\364\201Z\007\031\270,\205\243P"" !\022\304\354\323\023p\207F\337,\356]ST""; queryType: qtINDIRECT; ","itype: liBASE; ledgerHash: ""\304\307\277\376\336\364\201Z\007\031\270,\205\243P"" !\022\304\354\323\023p\207F\337,\356]ST""; queryType: qtINDIRECT; "
1750587326490,1750587326490,0,1,0,4,TMGetLedger,"itype: liBASE; ledgerHash: ""\304\307\277\376\336\364\201Z\007\031\270,\205\243P"" !\022\304\354\323\023p\207F\337,\356]ST""; queryType: qtINDIRECT; ","itype: liBASE; ledgerHash: ""\304\307\277\376\336\364\201Z\007\031\270,\205\243P"" !\022\304\354\323\023p\207F\337,\356]ST""; queryType: qtINDIRECT; "
1750587326491,1750587326492,0,1,1,4,TMLedgerData,"ledgerHash: ""\304\307\277\376\336\364\201Z\007\031\270,\205\243P"" !\022\304\354\323\023p\207F\337,\356]ST""; ledgerSeq: 21; type: liBASE; nodes {;   nodedata: ""\000\000\000\025\001cEx]\211\377\330\264XQl\247\003\354\245\364D\352R\216\206b4,p\2079'\3229\214pa\315o:\200`\214\000\000\000\000\000\000\000\000\000\000\000\000\000\000\000\000\000\000\000\000\000\000\000\000\000\000\000\000\000\000\000\000\026\241\271\340\361\002\036\030\351\346\013\027\247\271\305\333\0211J\271\304\317\310\333\335B\275a^\023e?/\352\224:/\352\224B\n\000""; }; nodes {;   nodedata: ""h\315\350\215y\203\242]\371\235\232Pt&\325\210eZ\346\237XZ \277\2457n\221\336\253\245\317\002\304\206+8\t]\351\316\373|\311\263V\300\023\035\211\237\260\300\r\033u3a1\203\303\365\307k\347\006E\344\037@\210\363\010\336T\226\247'\204_{\261\370""1\235\2445\343\033Y!\212\201\341\272\225'\007*$\244&\336\343'\233i\332\374\245 {^\306-N\333\gE\006\347\212\331C\211Z\177\247\031\n\233&\316F\371\245CL\375N\204\344Z\273E\026\2408\261\334S\021\341b\316=\275R\0358\223T\013\202_n)6q\357\2538_-\302\252B\204v\277\254\373\3322Ca\020\243\0105\263\257\367\032\254\016\003""; }; ","ledgerHash: ""\304\307\277\376\336\364\201Z\007\031\270,\205\243P"" !\022\304\354\323\023p\207F\337,\356]ST""; ledgerSeq: 21; type: liBASE; nodes {;   nodedata: ""\000\000\000\025\001cEx]\211\377\330\264XQl\247\003\354\245\364D\352R\216\206b4,p\2079'\3229\214pa\315o:\200`\214\000\000\000\000\000\000\000\000\000\000\000\000\000\000\000\000\000\000\000\000\000\000\000\000\000\000\000\000\000\000\000\000\026\241\271\340\361\002\036\030\351\346\013\027\247\271\305\333\0211J\271\304\317\310\333\335B\275a^\023e?/\352\224:/\352\224B\n\000""; }; nodes {;   nodedata: ""h\315\350\215y\203\242]\371\235\232Pt&\325\210eZ\346\237XZ \277\2457n\221\336\253\245\317\002\304\206+8\t]\351\316\373|\311\263V\300\023\035\211\237\260\300\r\033u3a1\203\303\365\307k\347\006E\344\037@\210\363\010\336T\226\247'\204_{\261\370""1\235\2445\343\033Y!\212\201\341\272\225'\007*$\244&\336\343'\233i\332\374\245 {^\306-N\333\gE\006\347\212\331C\211Z\177\247\031\n\233&\316F\371\245CL\375N\204\344Z\273E\026\2408\261\334S\021\341b\316=\275R\0358\223T\013\202_n)6q\357\2538_-\302\252B\204v\277\254\373\3322Ca\020\243\0105\263\257\367\032\254\016\003""; }; "
1750587326492,1750587326492,0,1,1,4,TMLedgerData,"ledgerHash: ""\304\307\277\376\336\364\201Z\007\031\270,\205\243P"" !\022\304\354\323\023p\207F\337,\356]ST""; ledgerSeq: 21; type: liBASE; nodes {;   nodedata: ""\000\000\000\025\001cEx]\211\377\330\264XQl\247\003\354\245\364D\352R\216\206b4,p\2079'\3229\214pa\315o:\200`\214\000\000\000\000\000\000\000\000\000\000\000\000\000\000\000\000\000\000\000\000\000\000\000\000\000\000\000\000\000\000\000\000\026\241\271\340\361\002\036\030\351\346\013\027\247\271\305\333\0211J\271\304\317\310\333\335B\275a^\023e?/\352\224:/\352\224B\n\000""; }; nodes {;   nodedata: ""h\315\350\215y\203\242]\371\235\232Pt&\325\210eZ\346\237XZ \277\2457n\221\336\253\245\317\002\304\206+8\t]\351\316\373|\311\263V\300\023\035\211\237\260\300\r\033u3a1\203\303\365\307k\347\006E\344\037@\210\363\010\336T\226\247'\204_{\261\370""1\235\2445\343\033Y!\212\201\341\272\225'\007*$\244&\336\343'\233i\332\374\245 {^\306-N\333\gE\006\347\212\331C\211Z\177\247\031\n\233&\316F\371\245CL\375N\204\344Z\273E\026\2408\261\334S\021\341b\316=\275R\0358\223T\013\202_n)6q\357\2538_-\302\252B\204v\277\254\373\3322Ca\020\243\0105\263\257\367\032\254\016\003""; }; ","ledgerHash: ""\304\307\277\376\336\364\201Z\007\031\270,\205\243P"" !\022\304\354\323\023p\207F\337,\356]ST""; ledgerSeq: 21; type: liBASE; nodes {;   nodedata: ""\000\000\000\025\001cEx]\211\377\330\264XQl\247\003\354\245\364D\352R\216\206b4,p\2079'\3229\214pa\315o:\200`\214\000\000\000\000\000\000\000\000\000\000\000\000\000\000\000\000\000\000\000\000\000\000\000\000\000\000\000\000\000\000\000\000\026\241\271\340\361\002\036\030\351\346\013\027\247\271\305\333\0211J\271\304\317\310\333\335B\275a^\023e?/\352\224:/\352\224B\n\000""; }; nodes {;   nodedata: ""h\315\350\215y\203\242]\371\235\232Pt&\325\210eZ\346\237XZ \277\2457n\221\336\253\245\317\002\304\206+8\t]\351\316\373|\311\263V\300\023\035\211\237\260\300\r\033u3a1\203\303\365\307k\347\006E\344\037@\210\363\010\336T\226\247'\204_{\261\370""1\235\2445\343\033Y!\212\201\341\272\225'\007*$\244&\336\343'\233i\332\374\245 {^\306-N\333\gE\006\347\212\331C\211Z\177\247\031\n\233&\316F\371\245CL\375N\204\344Z\273E\026\2408\261\334S\021\341b\316=\275R\0358\223T\013\202_n)6q\357\2538_-\302\252B\204v\277\254\373\3322Ca\020\243\0105\263\257\367\032\254\016\003""; }; "
1750587326493,1750587326493,0,1,1,2,TMValidation,"validation: """"\200\000\000\001&\000\000\000\025)/\352\224>:?HT\314/\177\320^Q\304\307\277\376\336\364\201Z\007\031\270,\205\243P"" !\022\304\354\323\023p\207F\337,\356]STP\027\000\000\000\000\000\000\000\000\000\000\000\000\000\000\000\000\000\000\000\000\000\000\000\000\000\000\000\000\000\000\000\000P\031\264XQl\247\003\354\245\364D\352R\216\206b4,p\2079'\3229\214pa\315o:\200`\214s!\003\343\005\311u\203\370\0338\3174\324\010\006\301\251\177\261\304eOX\262)FA-\022r\263wm\024vG0E\002!\000\302\356<\342\rJAA\006\0250\360\234\327\241\327\311\024\276\362[T\032\3233\305D\201\374\006\246)\002 \007\333\256\267\335)\026G\324d?\227\302\202\005\223n\003\205\245\231/\344\034:\024+5\223\320\233\301""; ","validation: """"\200\000\000\001&\000\000\000\025)/\352\224>:?HT\314/\177\320^Q\304\307\277\376\336\364\201Z\007\031\270,\205\243P"" !\022\304\354\323\023p\207F\337,\356]STP\027\000\000\000\000\000\000\000\000\000\000\000\000\000\000\000\000\000\000\000\000\000\000\000\000\000\000\000\000\000\000\000\000P\031\264XQl\247\003\354\245\364D\352R\216\206b4,p\2079'\3229\214pa\315o:\200`\214s!\003\343\005\311u\203\370\0338\3174\324\010\006\301\251\177\261\304eOX\262)FA-\022r\263wm\024vG0E\002!\000\302\356<\342\rJAA\006\0250\360\234\327\241\327\311\024\276\362[T\032\3233\305D\201\374\006\246)\002 \007\333\256\267\335)\026G\324d?\227\302\202\005\223n\003\205\245\231/\344\034:\024+5\223\320\233\301""; "
1750587326494,1750587326494,0,1,3,2,TMGetLedger,"itype: liBASE; ledgerHash: ""\304\307\277\376\336\364\201Z\007\031\270,\205\243P"" !\022\304\354\323\023p\207F\337,\356]ST""; queryType: qtINDIRECT; ","itype: liBASE; ledgerHash: ""\304\307\277\376\336\364\201Z\007\031\270,\205\243P"" !\022\304\354\323\023p\207F\337,\356]ST""; queryType: qtINDIRECT; "
1750587326495,1750587326495,0,1,3,2,TMGetLedger,"itype: liBASE; ledgerHash: ""\304\307\277\376\336\364\201Z\007\031\270,\205\243P"" !\022\304\354\323\023p\207F\337,\356]ST""; ","itype: liBASE; ledgerHash: ""\304\307\277\376\336\364\201Z\007\031\270,\205\243P"" !\022\304\354\323\023p\207F\337,\356]ST""; "
1750587326495,1750587326495,0,1,0,2,TMGetLedger,"itype: liBASE; ledgerHash: ""\304\307\277\376\336\364\201Z\007\031\270,\205\243P"" !\022\304\354\323\023p\207F\337,\356]ST""; ","itype: liBASE; ledgerHash: ""\304\307\277\376\336\364\201Z\007\031\270,\205\243P"" !\022\304\354\323\023p\207F\337,\356]ST""; "
1750587326496,1750587326496,0,1,0,2,TMGetLedger,"itype: liBASE; ledgerHash: ""\304\307\277\376\336\364\201Z\007\031\270,\205\243P"" !\022\304\354\323\023p\207F\337,\356]ST""; queryType: qtINDIRECT; ","itype: liBASE; ledgerHash: ""\304\307\277\376\336\364\201Z\007\031\270,\205\243P"" !\022\304\354\323\023p\207F\337,\356]ST""; queryType: qtINDIRECT; "
1750587326497,1750587326497,0,1,4,2,TMGetLedger,"itype: liBASE; ledgerHash: ""\304\307\277\376\336\364\201Z\007\031\270,\205\243P"" !\022\304\354\323\023p\207F\337,\356]ST""; ","itype: liBASE; ledgerHash: ""\304\307\277\376\336\364\201Z\007\031\270,\205\243P"" !\022\304\354\323\023p\207F\337,\356]ST""; "
1750587326497,1750587326497,0,1,4,2,TMGetLedger,"itype: liBASE; ledgerHash: ""\304\307\277\376\336\364\201Z\007\031\270,\205\243P"" !\022\304\354\323\023p\207F\337,\356]ST""; queryType: qtINDIRECT; ","itype: liBASE; ledgerHash: ""\304\307\277\376\336\364\201Z\007\031\270,\205\243P"" !\022\304\354\323\023p\207F\337,\356]ST""; queryType: qtINDIRECT; "
1750587326498,1750587326498,0,1,2,0,TMGetLedger,"itype: liBASE; ledgerHash: ""\304\307\277\376\336\364\201Z\007\031\270,\205\243P"" !\022\304\354\323\023p\207F\337,\356]ST""; ","itype: liBASE; ledgerHash: ""\304\307\277\376\336\364\201Z\007\031\270,\205\243P"" !\022\304\354\323\023p\207F\337,\356]ST""; "
1750587326498,1750587326499,0,1,2,0,TMGetLedger,"itype: liBASE; ledgerHash: ""\304\307\277\376\336\364\201Z\007\031\270,\205\243P"" !\022\304\354\323\023p\207F\337,\356]ST""; queryType: qtINDIRECT; ","itype: liBASE; ledgerHash: ""\304\307\277\376\336\364\201Z\007\031\270,\205\243P"" !\022\304\354\323\023p\207F\337,\356]ST""; queryType: qtINDIRECT; "
1750587326499,1750587326499,0,1,1,0,TMValidation,"validation: """"\200\000\000\001&\000\000\000\025)/\352\224>:?HT\314/\177\320^Q\304\307\277\376\336\364\201Z\007\031\270,\205\243P"" !\022\304\354\323\023p\207F\337,\356]STP\027\000\000\000\000\000\000\000\000\000\000\000\000\000\000\000\000\000\000\000\000\000\000\000\000\000\000\000\000\000\000\000\000P\031\264XQl\247\003\354\245\364D\352R\216\206b4,p\2079'\3229\214pa\315o:\200`\214s!\003\343\005\311u\203\370\0338\3174\324\010\006\301\251\177\261\304eOX\262)FA-\022r\263wm\024vG0E\002!\000\302\356<\342\rJAA\006\0250\360\234\327\241\327\311\024\276\362[T\032\3233\305D\201\374\006\246)\002 \007\333\256\267\335)\026G\324d?\227\302\202\005\223n\003\205\245\231/\344\034:\024+5\223\320\233\301""; ","validation: """"\200\000\000\001&\000\000\000\025)/\352\224>:?HT\314/\177\320^Q\304\307\277\376\336\364\201Z\007\031\270,\205\243P"" !\022\304\354\323\023p\207F\337,\356]STP\027\000\000\000\000\000\000\000\000\000\000\000\000\000\000\000\000\000\000\000\000\000\000\000\000\000\000\000\000\000\000\000\000P\031\264XQl\247\003\354\245\364D\352R\216\206b4,p\2079'\3229\214pa\315o:\200`\214s!\003\343\005\311u\203\370\0338\3174\324\010\006\301\251\177\261\304eOX\262)FA-\022r\263wm\024vG0E\002!\000\302\356<\342\rJAA\006\0250\360\234\327\241\327\311\024\276\362[T\032\3233\305D\201\374\006\246)\002 \007\333\256\267\335)\026G\324d?\227\302\202\005\223n\003\205\245\231/\344\034:\024+5\223\320\233\301""; "
1750587326501,1750587326501,0,1,3,0,TMGetLedger,"itype: liBASE; ledgerHash: ""\304\307\277\376\336\364\201Z\007\031\270,\205\243P"" !\022\304\354\323\023p\207F\337,\356]ST""; queryType: qtINDIRECT; ","itype: liBASE; ledgerHash: ""\304\307\277\376\336\364\201Z\007\031\270,\205\243P"" !\022\304\354\323\023p\207F\337,\356]ST""; queryType: qtINDIRECT; "
1750587326500,1750587326500,0,1,3,0,TMGetLedger,"itype: liBASE; ledgerHash: ""\304\307\277\376\336\364\201Z\007\031\270,\205\243P"" !\022\304\354\323\023p\207F\337,\356]ST""; ","itype: liBASE; ledgerHash: ""\304\307\277\376\336\364\201Z\007\031\270,\205\243P"" !\022\304\354\323\023p\207F\337,\356]ST""; "
1750587326503,1750587326503,0,1,1,3,TMValidation,"validation: """"\200\000\000\001&\000\000\000\025)/\352\224>:?HT\314/\177\320^Q\304\307\277\376\336\364\201Z\007\031\270,\205\243P"" !\022\304\354\323\023p\207F\337,\356]STP\027\000\000\000\000\000\000\000\000\000\000\000\000\000\000\000\000\000\000\000\000\000\000\000\000\000\000\000\000\000\000\000\000P\031\264XQl\247\003\354\245\364D\352R\216\206b4,p\2079'\3229\214pa\315o:\200`\214s!\003\343\005\311u\203\370\0338\3174\324\010\006\301\251\177\261\304eOX\262)FA-\022r\263wm\024vG0E\002!\000\302\356<\342\rJAA\006\0250\360\234\327\241\327\311\024\276\362[T\032\3233\305D\201\374\006\246)\002 \007\333\256\267\335)\026G\324d?\227\302\202\005\223n\003\205\245\231/\344\034:\024+5\223\320\233\301""; ","validation: """"\200\000\000\001&\000\000\000\025)/\352\224>:?HT\314/\177\320^Q\304\307\277\376\336\364\201Z\007\031\270,\205\243P"" !\022\304\354\323\023p\207F\337,\356]STP\027\000\000\000\000\000\000\000\000\000\000\000\000\000\000\000\000\000\000\000\000\000\000\000\000\000\000\000\000\000\000\000\000P\031\264XQl\247\003\354\245\364D\352R\216\206b4,p\2079'\3229\214pa\315o:\200`\214s!\003\343\005\311u\203\370\0338\3174\324\010\006\301\251\177\261\304eOX\262)FA-\022r\263wm\024vG0E\002!\000\302\356<\342\rJAA\006\0250\360\234\327\241\327\311\024\276\362[T\032\3233\305D\201\374\006\246)\002 \007\333\256\267\335)\026G\324d?\227\302\202\005\223n\003\205\245\231/\344\034:\024+5\223\320\233\301""; "
1750587326505,1750587326505,0,1,0,3,TMGetLedger,"itype: liBASE; ledgerHash: ""\304\307\277\376\336\364\201Z\007\031\270,\205\243P"" !\022\304\354\323\023p\207F\337,\356]ST""; queryType: qtINDIRECT; ","itype: liBASE; ledgerHash: ""\304\307\277\376\336\364\201Z\007\031\270,\205\243P"" !\022\304\354\323\023p\207F\337,\356]ST""; queryType: qtINDIRECT; "
1750587326505,1750587326505,0,1,0,3,TMGetLedger,"itype: liBASE; ledgerHash: ""\304\307\277\376\336\364\201Z\007\031\270,\205\243P"" !\022\304\354\323\023p\207F\337,\356]ST""; ","itype: liBASE; ledgerHash: ""\304\307\277\376\336\364\201Z\007\031\270,\205\243P"" !\022\304\354\323\023p\207F\337,\356]ST""; "
1750587326506,1750587326506,0,1,2,3,TMGetLedger,"itype: liBASE; ledgerHash: ""\304\307\277\376\336\364\201Z\007\031\270,\205\243P"" !\022\304\354\323\023p\207F\337,\356]ST""; ","itype: liBASE; ledgerHash: ""\304\307\277\376\336\364\201Z\007\031\270,\205\243P"" !\022\304\354\323\023p\207F\337,\356]ST""; "
1750587326506,1750587326506,0,1,2,3,TMGetLedger,"itype: liBASE; ledgerHash: ""\304\307\277\376\336\364\201Z\007\031\270,\205\243P"" !\022\304\354\323\023p\207F\337,\356]ST""; queryType: qtINDIRECT; ","itype: liBASE; ledgerHash: ""\304\307\277\376\336\364\201Z\007\031\270,\205\243P"" !\022\304\354\323\023p\207F\337,\356]ST""; queryType: qtINDIRECT; "
1750587326508,1750587326508,0,1,4,1,TMGetLedger,"itype: liAS_NODE; ledgerHash: ""\304\307\277\376\336\364\201Z\007\031\270,\205\243P"" !\022\304\354\323\023p\207F\337,\356]ST""; ledgerSeq: 21; nodeIDs: ""\260\000\000\000\000\000\000\000\000\000\000\000\000\000\000\000\000\000\000\000\000\000\000\000\000\000\000\000\000\000\000\000\001""; queryType: qtINDIRECT; queryDepth: 1; ","itype: liAS_NODE; ledgerHash: ""\304\307\277\376\336\364\201Z\007\031\270,\205\243P"" !\022\304\354\323\023p\207F\337,\356]ST""; ledgerSeq: 21; nodeIDs: ""\260\000\000\000\000\000\000\000\000\000\000\000\000\000\000\000\000\000\000\000\000\000\000\000\000\000\000\000\000\000\000\000\001""; queryType: qtINDIRECT; queryDepth: 1; "
1750587326508,1750587326508,0,1,2,1,TMGetLedger,"itype: liBASE; ledgerHash: ""\304\307\277\376\336\364\201Z\007\031\270,\205\243P"" !\022\304\354\323\023p\207F\337,\356]ST""; ","itype: liBASE; ledgerHash: ""\304\307\277\376\336\364\201Z\007\031\270,\205\243P"" !\022\304\354\323\023p\207F\337,\356]ST""; "
1750587326509,1750587326509,0,1,2,1,TMGetLedger,"itype: liBASE; ledgerHash: ""\304\307\277\376\336\364\201Z\007\031\270,\205\243P"" !\022\304\354\323\023p\207F\337,\356]ST""; queryType: qtINDIRECT; ","itype: liBASE; ledgerHash: ""\304\307\277\376\336\364\201Z\007\031\270,\205\243P"" !\022\304\354\323\023p\207F\337,\356]ST""; queryType: qtINDIRECT; "
1750587326509,1750587326509,0,1,2,4,TMGetLedger,"itype: liBASE; ledgerHash: ""\304\307\277\376\336\364\201Z\007\031\270,\205\243P"" !\022\304\354\323\023p\207F\337,\356]ST""; queryType: qtINDIRECT; ","itype: liBASE; ledgerHash: ""\304\307\277\376\336\364\201Z\007\031\270,\205\243P"" !\022\304\354\323\023p\207F\337,\356]ST""; queryType: qtINDIRECT; "
1750587326510,1750587326510,0,1,0,1,TMGetLedger,"itype: liBASE; ledgerHash: ""\304\307\277\376\336\364\201Z\007\031\270,\205\243P"" !\022\304\354\323\023p\207F\337,\356]ST""; queryType: qtINDIRECT; ","itype: liBASE; ledgerHash: ""\304\307\277\376\336\364\201Z\007\031\270,\205\243P"" !\022\304\354\323\023p\207F\337,\356]ST""; queryType: qtINDIRECT; "
1750587326511,1750587326511,0,1,0,1,TMGetLedger,"itype: liBASE; ledgerHash: ""\304\307\277\376\336\364\201Z\007\031\270,\205\243P"" !\022\304\354\323\023p\207F\337,\356]ST""; ","itype: liBASE; ledgerHash: ""\304\307\277\376\336\364\201Z\007\031\270,\205\243P"" !\022\304\354\323\023p\207F\337,\356]ST""; "
1750587326511,1750587326511,0,1,3,1,TMGetLedger,"itype: liBASE; ledgerHash: ""\304\307\277\376\336\364\201Z\007\031\270,\205\243P"" !\022\304\354\323\023p\207F\337,\356]ST""; queryType: qtINDIRECT; ","itype: liBASE; ledgerHash: ""\304\307\277\376\336\364\201Z\007\031\270,\205\243P"" !\022\304\354\323\023p\207F\337,\356]ST""; queryType: qtINDIRECT; "
1750587326511,1750587326511,0,1,3,1,TMGetLedger,"itype: liBASE; ledgerHash: ""\304\307\277\376\336\364\201Z\007\031\270,\205\243P"" !\022\304\354\323\023p\207F\337,\356]ST""; ","itype: liBASE; ledgerHash: ""\304\307\277\376\336\364\201Z\007\031\270,\205\243P"" !\022\304\354\323\023p\207F\337,\356]ST""; "
1750587326512,1750587326512,0,1,1,4,TMLedgerData,"ledgerHash: ""\304\307\277\376\336\364\201Z\007\031\270,\205\243P"" !\022\304\354\323\023p\207F\337,\356]ST""; ledgerSeq: 21; type: liAS_NODE; nodes {;   nodedata: ""\021\000h""\000\000\000\000 \033\000\000\000\024\002\023\302\337\330\356GuH\375\327!\255\371\r\231\262R\256J\034\222\241\355X\265E\241^W\225\304\014\361CX-}\351f\032\255\274\334m\326c\017\014ao[\342\230\003\245\245\3341Hm\326^\017jy\335\261\214.\207\210%\003 \010ML\347\200R\304&\320_\215\226\344\334\033\354\2002\255\216\332\317\255\034\017T\270\242(,&\233\326\374o\306[\235\317>\021e\005s\261\371l\216\017\003\032\017J\217\244W<\241'\332/+\360Bx\036+\210j\237K%\340]\246E\2434\264K\036\030qP\317\315\336\325\007\372\373$P*|\321\342\002\026\n\3215\340\3203\200x\327D\301]5\237\247Yz\3711!L\214\221=\252\002\267\225zg\264\253\271T\346ji\003\235\236Pis\264\375\222|H\344\261g?[g\311\347s\234ae\204\263\365U\334\372D\354\345\276\201f\035\271%#\375\245\314.""\373\330&\3746\354@[\274\202\021\202\373Vi\243\n\325\250\005e\360""m\346'\311@\343\016$L\346\334\360<w\317\351\2337\023\262\336W\254\222\315\335\317oP\221\031g\037\220\357Ft\030n\306\370\n\354\226\365\346\276\322i\233\014\037\027Z\351\022\216@=S\205\334\033\374\234n\r\270\210]\013\203\356\024\366\354\260\007L\324\236aQ\361\020X\372\353 3\347\310*\253\021gT!>\003\325\254,\003\367\204\031\331\255\240\304J\342j\272\270\274\360\307\356\347\200Ywm#\014\233\301\022L\232T\033N\341\232\325\233\227\313\307\302\001\313@D\264\016\334\r\034\035\\276\225\314|\234S*r\007\370x>\305D*\007b\276v\316D!=\355\210\037\325\034/l\242\365\034!w\324\362\3252-\025\351\314\2334,\306Dd\037v\256\345X\002=\033c\255\253\226\014-o\364!\262f\370\222\250\377\220&p\343\245\3604Op\353\317\305?Z\326\257)\2439\250\272\002\370\360\022\220W 062/8s4\204\363\253&I\000m\335\025\336\037\263=\026\236A\324J9\261\341@\353\236\027\243\365\225\347\2315\205\014\356\333\201\232V!\026\010\025{\341\203\016\355Wm\222\t\022+\207\321\343}^\317s\206\320\316\221\322\t\214\257\211\366S\177\277\370\361\367\235\210sr\037\032`/X%b\364\000\2261<\024n\271\n\247\213\340ngjzz\321\264XQl\247\003\354\245\364D\352R\216\206b4,p\2079'\3229\214pa\315o:\200`\214\264\227\2326\315\307\363\323\325\303\032N\256*\307\327 \235\332\207u\210\271\257\306g\231i*\260\326k\001"";   nodeid: ""\260\000\000\000\000\000\000\000\000\000\000\000\000\000\000\000\000\000\000\000\000\000\000\000\000\000\000\000\000\000\000\000\001""; }; ","ledgerHash: ""\304\307\277\376\336\364\201Z\007\031\270,\205\243P"" !\022\304\354\323\023p\207F\337,\356]ST""; ledgerSeq: 21; type: liAS_NODE; nodes {;   nodedata: ""\021\000h""\000\000\000\000 \033\000\000\000\024\002\023\302\337\330\356GuH\375\327!\255\371\r\231\262R\256J\034\222\241\355X\265E\241^W\225\304\014\361CX-}\351f\032\255\274\334m\326c\017\014ao[\342\230\003\245\245\3341Hm\326^\017jy\335\261\214.\207\210%\003 \010ML\347\200R\304&\320_\215\226\344\334\033\354\2002\255\216\332\317\255\034\017T\270\242(,&\233\326\374o\306[\235\317>\021e\005s\261\371l\216\017\003\032\017J\217\244W<\241'\332/+\360Bx\036+\210j\237K%\340]\246E\2434\264K\036\030qP\317\315\336\325\007\372\373$P*|\321\342\002\026\n\3215\340\3203\200x\327D\301]5\237\247Yz\3711!L\214\221=\252\002\267\225zg\264\253\271T\346ji\003\235\236Pis\264\375\222|H\344\261g?[g\311\347s\234ae\204\263\365U\334\372D\354\345\276\201f\035\271%#\375\245\314.""\373\330&\3746\354@[\274\202\021\202\373Vi\243\n\325\250\005e\360""m\346'\311@\343\016$L\346\334\360<w\317\351\2337\023\262\336W\254\222\315\335\317oP\221\031g\037\220\357Ft\030n\306\370\n\354\226\365\346\276\322i\233\014\037\027Z\351\022\216@=S\205\334\033\374\234n\r\270\210]\013\203\356\024\366\354\260\007L\324\236aQ\361\020X\372\353 3\347\310*\253\021gT!>\003\325\254,\003\367\204\031\331\255\240\304J\342j\272\270\274\360\307\356\347\200Ywm#\014\233\301\022L\232T\033N\341\232\325\233\227\313\307\302\001\313@D\264\016\334\r\034\035\\276\225\314|\234S*r\007\370x>\305D*\007b\276v\316D!=\355\210\037\325\034/l\242\365\034!w\324\362\3252-\025\351\314\2334,\306Dd\037v\256\345X\002=\033c\255\253\226\014-o\364!\262f\370\222\250\377\220&p\343\245\3604Op\353\317\305?Z\326\257)\2439\250\272\002\370\360\022\220W 062/8s4\204\363\253&I\000m\335\025\336\037\263=\026\236A\324J9\261\341@\353\236\027\243\365\225\347\2315\205\014\356\333\201\232V!\026\010\025{\341\203\016\355Wm\222\t\022+\207\321\343}^\317s\206\320\316\221\322\t\214\257\211\366S\177\277\370\361\367\235\210sr\037\032`/X%b\364\000\2261<\024n\271\n\247\213\340ngjzz\321\264XQl\247\003\354\245\364D\352R\216\206b4,p\2079'\3229\214pa\315o:\200`\214\264\227\2326\315\307\363\323\325\303\032N\256*\307\327 \235\332\207u\210\271\257\306g\231i*\260\326k\001"";   nodeid: ""\260\000\000\000\000\000\000\000\000\000\000\000\000\000\000\000\000\000\000\000\000\000\000\000\000\000\000\000\000\000\000\000\001""; }; "
1750587326512,1750587326513,0,1,1,2,TMLedgerData,"ledgerHash: ""\304\307\277\376\336\364\201Z\007\031\270,\205\243P"" !\022\304\354\323\023p\207F\337,\356]ST""; ledgerSeq: 21; type: liBASE; nodes {;   nodedata: ""\000\000\000\025\001cEx]\211\377\330\264XQl\247\003\354\245\364D\352R\216\206b4,p\2079'\3229\214pa\315o:\200`\214\000\000\000\000\000\000\000\000\000\000\000\000\000\000\000\000\000\000\000\000\000\000\000\000\000\000\000\000\000\000\000\000\026\241\271\340\361\002\036\030\351\346\013\027\247\271\305\333\0211J\271\304\317\310\333\335B\275a^\023e?/\352\224:/\352\224B\n\000""; }; nodes {;   nodedata: ""h\315\350\215y\203\242]\371\235\232Pt&\325\210eZ\346\237XZ \277\2457n\221\336\253\245\317\002\304\206+8\t]\351\316\373|\311\263V\300\023\035\211\237\260\300\r\033u3a1\203\303\365\307k\347\006E\344\037@\210\363\010\336T\226\247'\204_{\261\370""1\235\2445\343\033Y!\212\201\341\272\225'\007*$\244&\336\343'\233i\332\374\245 {^\306-N\333\gE\006\347\212\331C\211Z\177\247\031\n\233&\316F\371\245CL\375N\204\344Z\273E\026\2408\261\334S\021\341b\316=\275R\0358\223T\013\202_n)6q\357\2538_-\302\252B\204v\277\254\373\3322Ca\020\243\0105\263\257\367\032\254\016\003""; }; ","ledgerHash: ""\304\307\277\376\336\364\201Z\007\031\270,\205\243P"" !\022\304\354\323\023p\207F\337,\356]ST""; ledgerSeq: 21; type: liBASE; nodes {;   nodedata: ""\000\000\000\025\001cEx]\211\377\330\264XQl\247\003\354\245\364D\352R\216\206b4,p\2079'\3229\214pa\315o:\200`\214\000\000\000\000\000\000\000\000\000\000\000\000\000\000\000\000\000\000\000\000\000\000\000\000\000\000\000\000\000\000\000\000\026\241\271\340\361\002\036\030\351\346\013\027\247\271\305\333\0211J\271\304\317\310\333\335B\275a^\023e?/\352\224:/\352\224B\n\000""; }; nodes {;   nodedata: ""h\315\350\215y\203\242]\371\235\232Pt&\325\210eZ\346\237XZ \277\2457n\221\336\253\245\317\002\304\206+8\t]\351\316\373|\311\263V\300\023\035\211\237\260\300\r\033u3a1\203\303\365\307k\347\006E\344\037@\210\363\010\336T\226\247'\204_{\261\370""1\235\2445\343\033Y!\212\201\341\272\225'\007*$\244&\336\343'\233i\332\374\245 {^\306-N\333\gE\006\347\212\331C\211Z\177\247\031\n\233&\316F\371\245CL\375N\204\344Z\273E\026\2408\261\334S\021\341b\316=\275R\0358\223T\013\202_n)6q\357\2538_-\302\252B\204v\277\254\373\3322Ca\020\243\0105\263\257\367\032\254\016\003""; }; "
1750587326513,1750587326513,0,1,1,2,TMLedgerData,"ledgerHash: ""\304\307\277\376\336\364\201Z\007\031\270,\205\243P"" !\022\304\354\323\023p\207F\337,\356]ST""; ledgerSeq: 21; type: liBASE; nodes {;   nodedata: ""\000\000\000\025\001cEx]\211\377\330\264XQl\247\003\354\245\364D\352R\216\206b4,p\2079'\3229\214pa\315o:\200`\214\000\000\000\000\000\000\000\000\000\000\000\000\000\000\000\000\000\000\000\000\000\000\000\000\000\000\000\000\000\000\000\000\026\241\271\340\361\002\036\030\351\346\013\027\247\271\305\333\0211J\271\304\317\310\333\335B\275a^\023e?/\352\224:/\352\224B\n\000""; }; nodes {;   nodedata: ""h\315\350\215y\203\242]\371\235\232Pt&\325\210eZ\346\237XZ \277\2457n\221\336\253\245\317\002\304\206+8\t]\351\316\373|\311\263V\300\023\035\211\237\260\300\r\033u3a1\203\303\365\307k\347\006E\344\037@\210\363\010\336T\226\247'\204_{\261\370""1\235\2445\343\033Y!\212\201\341\272\225'\007*$\244&\336\343'\233i\332\374\245 {^\306-N\333\gE\006\347\212\331C\211Z\177\247\031\n\233&\316F\371\245CL\375N\204\344Z\273E\026\2408\261\334S\021\341b\316=\275R\0358\223T\013\202_n)6q\357\2538_-\302\252B\204v\277\254\373\3322Ca\020\243\0105\263\257\367\032\254\016\003""; }; ","ledgerHash: ""\304\307\277\376\336\364\201Z\007\031\270,\205\243P"" !\022\304\354\323\023p\207F\337,\356]ST""; ledgerSeq: 21; type: liBASE; nodes {;   nodedata: ""\000\000\000\025\001cEx]\211\377\330\264XQl\247\003\354\245\364D\352R\216\206b4,p\2079'\3229\214pa\315o:\200`\214\000\000\000\000\000\000\000\000\000\000\000\000\000\000\000\000\000\000\000\000\000\000\000\000\000\000\000\000\000\000\000\000\026\241\271\340\361\002\036\030\351\346\013\027\247\271\305\333\0211J\271\304\317\310\333\335B\275a^\023e?/\352\224:/\352\224B\n\000""; }; nodes {;   nodedata: ""h\315\350\215y\203\242]\371\235\232Pt&\325\210eZ\346\237XZ \277\2457n\221\336\253\245\317\002\304\206+8\t]\351\316\373|\311\263V\300\023\035\211\237\260\300\r\033u3a1\203\303\365\307k\347\006E\344\037@\210\363\010\336T\226\247'\204_{\261\370""1\235\2445\343\033Y!\212\201\341\272\225'\007*$\244&\336\343'\233i\332\374\245 {^\306-N\333\gE\006\347\212\331C\211Z\177\247\031\n\233&\316F\371\245CL\375N\204\344Z\273E\026\2408\261\334S\021\341b\316=\275R\0358\223T\013\202_n)6q\357\2538_-\302\252B\204v\277\254\373\3322Ca\020\243\0105\263\257\367\032\254\016\003""; }; "
1750587326514,1750587326514,0,1,1,0,TMLedgerData,"ledgerHash: ""\304\307\277\376\336\364\201Z\007\031\270,\205\243P"" !\022\304\354\323\023p\207F\337,\356]ST""; ledgerSeq: 21; type: liBASE; nodes {;   nodedata: ""\000\000\000\025\001cEx]\211\377\330\264XQl\247\003\354\245\364D\352R\216\206b4,p\2079'\3229\214pa\315o:\200`\214\000\000\000\000\000\000\000\000\000\000\000\000\000\000\000\000\000\000\000\000\000\000\000\000\000\000\000\000\000\000\000\000\026\241\271\340\361\002\036\030\351\346\013\027\247\271\305\333\0211J\271\304\317\310\333\335B\275a^\023e?/\352\224:/\352\224B\n\000""; }; nodes {;   nodedata: ""h\315\350\215y\203\242]\371\235\232Pt&\325\210eZ\346\237XZ \277\2457n\221\336\253\245\317\002\304\206+8\t]\351\316\373|\311\263V\300\023\035\211\237\260\300\r\033u3a1\203\303\365\307k\347\006E\344\037@\210\363\010\336T\226\247'\204_{\261\370""1\235\2445\343\033Y!\212\201\341\272\225'\007*$\244&\336\343'\233i\332\374\245 {^\306-N\333\gE\006\347\212\331C\211Z\177\247\031\n\233&\316F\371\245CL\375N\204\344Z\273E\026\2408\261\334S\021\341b\316=\275R\0358\223T\013\202_n)6q\357\2538_-\302\252B\204v\277\254\373\3322Ca\020\243\0105\263\257\367\032\254\016\003""; }; ","ledgerHash: ""\304\307\277\376\336\364\201Z\007\031\270,\205\243P"" !\022\304\354\323\023p\207F\337,\356]ST""; ledgerSeq: 21; type: liBASE; nodes {;   nodedata: ""\000\000\000\025\001cEx]\211\377\330\264XQl\247\003\354\245\364D\352R\216\206b4,p\2079'\3229\214pa\315o:\200`\214\000\000\000\000\000\000\000\000\000\000\000\000\000\000\000\000\000\000\000\000\000\000\000\000\000\000\000\000\000\000\000\000\026\241\271\340\361\002\036\030\351\346\013\027\247\271\305\333\0211J\271\304\317\310\333\335B\275a^\023e?/\352\224:/\352\224B\n\000""; }; nodes {;   nodedata: ""h\315\350\215y\203\242]\371\235\232Pt&\325\210eZ\346\237XZ \277\2457n\221\336\253\245\317\002\304\206+8\t]\351\316\373|\311\263V\300\023\035\211\237\260\300\r\033u3a1\203\303\365\307k\347\006E\344\037@\210\363\010\336T\226\247'\204_{\261\370""1\235\2445\343\033Y!\212\201\341\272\225'\007*$\244&\336\343'\233i\332\374\245 {^\306-N\333\gE\006\347\212\331C\211Z\177\247\031\n\233&\316F\371\245CL\375N\204\344Z\273E\026\2408\261\334S\021\341b\316=\275R\0358\223T\013\202_n)6q\357\2538_-\302\252B\204v\277\254\373\3322Ca\020\243\0105\263\257\367\032\254\016\003""; }; "
1750587326514,1750587326514,0,1,1,3,TMLedgerData,"ledgerHash: ""\304\307\277\376\336\364\201Z\007\031\270,\205\243P"" !\022\304\354\323\023p\207F\337,\356]ST""; ledgerSeq: 21; type: liBASE; nodes {;   nodedata: ""\000\000\000\025\001cEx]\211\377\330\264XQl\247\003\354\245\364D\352R\216\206b4,p\2079'\3229\214pa\315o:\200`\214\000\000\000\000\000\000\000\000\000\000\000\000\000\000\000\000\000\000\000\000\000\000\000\000\000\000\000\000\000\000\000\000\026\241\271\340\361\002\036\030\351\346\013\027\247\271\305\333\0211J\271\304\317\310\333\335B\275a^\023e?/\352\224:/\352\224B\n\000""; }; nodes {;   nodedata: ""h\315\350\215y\203\242]\371\235\232Pt&\325\210eZ\346\237XZ \277\2457n\221\336\253\245\317\002\304\206+8\t]\351\316\373|\311\263V\300\023\035\211\237\260\300\r\033u3a1\203\303\365\307k\347\006E\344\037@\210\363\010\336T\226\247'\204_{\261\370""1\235\2445\343\033Y!\212\201\341\272\225'\007*$\244&\336\343'\233i\332\374\245 {^\306-N\333\gE\006\347\212\331C\211Z\177\247\031\n\233&\316F\371\245CL\375N\204\344Z\273E\026\2408\261\334S\021\341b\316=\275R\0358\223T\013\202_n)6q\357\2538_-\302\252B\204v\277\254\373\3322Ca\020\243\0105\263\257\367\032\254\016\003""; }; ","ledgerHash: ""\304\307\277\376\336\364\201Z\007\031\270,\205\243P"" !\022\304\354\323\023p\207F\337,\356]ST""; ledgerSeq: 21; type: liBASE; nodes {;   nodedata: ""\000\000\000\025\001cEx]\211\377\330\264XQl\247\003\354\245\364D\352R\216\206b4,p\2079'\3229\214pa\315o:\200`\214\000\000\000\000\000\000\000\000\000\000\000\000\000\000\000\000\000\000\000\000\000\000\000\000\000\000\000\000\000\000\000\000\026\241\271\340\361\002\036\030\351\346\013\027\247\271\305\333\0211J\271\304\317\310\333\335B\275a^\023e?/\352\224:/\352\224B\n\000""; }; nodes {;   nodedata: ""h\315\350\215y\203\242]\371\235\232Pt&\325\210eZ\346\237XZ \277\2457n\221\336\253\245\317\002\304\206+8\t]\351\316\373|\311\263V\300\023\035\211\237\260\300\r\033u3a1\203\303\365\307k\347\006E\344\037@\210\363\010\336T\226\247'\204_{\261\370""1\235\2445\343\033Y!\212\201\341\272\225'\007*$\244&\336\343'\233i\332\374\245 {^\306-N\333\gE\006\347\212\331C\211Z\177\247\031\n\233&\316F\371\245CL\375N\204\344Z\273E\026\2408\261\334S\021\341b\316=\275R\0358\223T\013\202_n)6q\357\2538_-\302\252B\204v\277\254\373\3322Ca\020\243\0105\263\257\367\032\254\016\003""; }; "
1750587326515,1750587326515,0,1,1,3,TMLedgerData,"ledgerHash: ""\304\307\277\376\336\364\201Z\007\031\270,\205\243P"" !\022\304\354\323\023p\207F\337,\356]ST""; ledgerSeq: 21; type: liBASE; nodes {;   nodedata: ""\000\000\000\025\001cEx]\211\377\330\264XQl\247\003\354\245\364D\352R\216\206b4,p\2079'\3229\214pa\315o:\200`\214\000\000\000\000\000\000\000\000\000\000\000\000\000\000\000\000\000\000\000\000\000\000\000\000\000\000\000\000\000\000\000\000\026\241\271\340\361\002\036\030\351\346\013\027\247\271\305\333\0211J\271\304\317\310\333\335B\275a^\023e?/\352\224:/\352\224B\n\000""; }; nodes {;   nodedata: ""h\315\350\215y\203\242]\371\235\232Pt&\325\210eZ\346\237XZ \277\2457n\221\336\253\245\317\002\304\206+8\t]\351\316\373|\311\263V\300\023\035\211\237\260\300\r\033u3a1\203\303\365\307k\347\006E\344\037@\210\363\010\336T\226\247'\204_{\261\370""1\235\2445\343\033Y!\212\201\341\272\225'\007*$\244&\336\343'\233i\332\374\245 {^\306-N\333\gE\006\347\212\331C\211Z\177\247\031\n\233&\316F\371\245CL\375N\204\344Z\273E\026\2408\261\334S\021\341b\316=\275R\0358\223T\013\202_n)6q\357\2538_-\302\252B\204v\277\254\373\3322Ca\020\243\0105\263\257\367\032\254\016\003""; }; ","ledgerHash: ""\304\307\277\376\336\364\201Z\007\031\270,\205\243P"" !\022\304\354\323\023p\207F\337,\356]ST""; ledgerSeq: 21; type: liBASE; nodes {;   nodedata: ""\000\000\000\025\001cEx]\211\377\330\264XQl\247\003\354\245\364D\352R\216\206b4,p\2079'\3229\214pa\315o:\200`\214\000\000\000\000\000\000\000\000\000\000\000\000\000\000\000\000\000\000\000\000\000\000\000\000\000\000\000\000\000\000\000\000\026\241\271\340\361\002\036\030\351\346\013\027\247\271\305\333\0211J\271\304\317\310\333\335B\275a^\023e?/\352\224:/\352\224B\n\000""; }; nodes {;   nodedata: ""h\315\350\215y\203\242]\371\235\232Pt&\325\210eZ\346\237XZ \277\2457n\221\336\253\245\317\002\304\206+8\t]\351\316\373|\311\263V\300\023\035\211\237\260\300\r\033u3a1\203\303\365\307k\347\006E\344\037@\210\363\010\336T\226\247'\204_{\261\370""1\235\2445\343\033Y!\212\201\341\272\225'\007*$\244&\336\343'\233i\332\374\245 {^\306-N\333\gE\006\347\212\331C\211Z\177\247\031\n\233&\316F\371\245CL\375N\204\344Z\273E\026\2408\261\334S\021\341b\316=\275R\0358\223T\013\202_n)6q\357\2538_-\302\252B\204v\277\254\373\3322Ca\020\243\0105\263\257\367\032\254\016\003""; }; "
1750587326515,1750587326516,0,1,2,1,TMGetLedger,"itype: liAS_NODE; ledgerHash: ""\304\307\277\376\336\364\201Z\007\031\270,\205\243P"" !\022\304\354\323\023p\207F\337,\356]ST""; ledgerSeq: 21; nodeIDs: ""\260\000\000\000\000\000\000\000\000\000\000\000\000\000\000\000\000\000\000\000\000\000\000\000\000\000\000\000\000\000\000\000\001""; queryType: qtINDIRECT; queryDepth: 1; ","itype: liAS_NODE; ledgerHash: ""\304\307\277\376\336\364\201Z\007\031\270,\205\243P"" !\022\304\354\323\023p\207F\337,\356]ST""; ledgerSeq: 21; nodeIDs: ""\260\000\000\000\000\000\000\000\000\000\000\000\000\000\000\000\000\000\000\000\000\000\000\000\000\000\000\000\000\000\000\000\001""; queryType: qtINDIRECT; queryDepth: 1; "
1750587326516,1750587326516,0,1,3,1,TMGetLedger,"itype: liAS_NODE; ledgerHash: ""\304\307\277\376\336\364\201Z\007\031\270,\205\243P"" !\022\304\354\323\023p\207F\337,\356]ST""; ledgerSeq: 21; nodeIDs: ""\260\000\000\000\000\000\000\000\000\000\000\000\000\000\000\000\000\000\000\000\000\000\000\000\000\000\000\000\000\000\000\000\001""; queryType: qtINDIRECT; queryDepth: 1; ","itype: liAS_NODE; ledgerHash: ""\304\307\277\376\336\364\201Z\007\031\270,\205\243P"" !\022\304\354\323\023p\207F\337,\356]ST""; ledgerSeq: 21; nodeIDs: ""\260\000\000\000\000\000\000\000\000\000\000\000\000\000\000\000\000\000\000\000\000\000\000\000\000\000\000\000\000\000\000\000\001""; queryType: qtINDIRECT; queryDepth: 1; "
1750587326517,1750587326517,0,1,0,1,TMGetLedger,"itype: liAS_NODE; ledgerHash: ""\304\307\277\376\336\364\201Z\007\031\270,\205\243P"" !\022\304\354\323\023p\207F\337,\356]ST""; ledgerSeq: 21; nodeIDs: ""\260\000\000\000\000\000\000\000\000\000\000\000\000\000\000\000\000\000\000\000\000\000\000\000\000\000\000\000\000\000\000\000\001""; queryType: qtINDIRECT; queryDepth: 1; ","itype: liAS_NODE; ledgerHash: ""\304\307\277\376\336\364\201Z\007\031\270,\205\243P"" !\022\304\354\323\023p\207F\337,\356]ST""; ledgerSeq: 21; nodeIDs: ""\260\000\000\000\000\000\000\000\000\000\000\000\000\000\000\000\000\000\000\000\000\000\000\000\000\000\000\000\000\000\000\000\001""; queryType: qtINDIRECT; queryDepth: 1; "
1750587326517,1750587326518,0,1,1,2,TMLedgerData,"ledgerHash: ""\304\307\277\376\336\364\201Z\007\031\270,\205\243P"" !\022\304\354\323\023p\207F\337,\356]ST""; ledgerSeq: 21; type: liAS_NODE; nodes {;   nodedata: ""\021\000h""\000\000\000\000 \033\000\000\000\024\002\023\302\337\330\356GuH\375\327!\255\371\r\231\262R\256J\034\222\241\355X\265E\241^W\225\304\014\361CX-}\351f\032\255\274\334m\326c\017\014ao[\342\230\003\245\245\3341Hm\326^\017jy\335\261\214.\207\210%\003 \010ML\347\200R\304&\320_\215\226\344\334\033\354\2002\255\216\332\317\255\034\017T\270\242(,&\233\326\374o\306[\235\317>\021e\005s\261\371l\216\017\003\032\017J\217\244W<\241'\332/+\360Bx\036+\210j\237K%\340]\246E\2434\264K\036\030qP\317\315\336\325\007\372\373$P*|\321\342\002\026\n\3215\340\3203\200x\327D\301]5\237\247Yz\3711!L\214\221=\252\002\267\225zg\264\253\271T\346ji\003\235\236Pis\264\375\222|H\344\261g?[g\311\347s\234ae\204\263\365U\334\372D\354\345\276\201f\035\271%#\375\245\314.""\373\330&\3746\354@[\274\202\021\202\373Vi\243\n\325\250\005e\360""m\346'\311@\343\016$L\346\334\360<w\317\351\2337\023\262\336W\254\222\315\335\317oP\221\031g\037\220\357Ft\030n\306\370\n\354\226\365\346\276\322i\233\014\037\027Z\351\022\216@=S\205\334\033\374\234n\r\270\210]\013\203\356\024\366\354\260\007L\324\236aQ\361\020X\372\353 3\347\310*\253\021gT!>\003\325\254,\003\367\204\031\331\255\240\304J\342j\272\270\274\360\307\356\347\200Ywm#\014\233\301\022L\232T\033N\341\232\325\233\227\313\307\302\001\313@D\264\016\334\r\034\035\\276\225\314|\234S*r\007\370x>\305D*\007b\276v\316D!=\355\210\037\325\034/l\242\365\034!w\324\362\3252-\025\351\314\2334,\306Dd\037v\256\345X\002=\033c\255\253\226\014-o\364!\262f\370\222\250\377\220&p\343\245\3604Op\353\317\305?Z\326\257)\2439\250\272\002\370\360\022\220W 062/8s4\204\363\253&I\000m\335\025\336\037\263=\026\236A\324J9\261\341@\353\236\027\243\365\225\347\2315\205\014\356\333\201\232V!\026\010\025{\341\203\016\355Wm\222\t\022+\207\321\343}^\317s\206\320\316\221\322\t\214\257\211\366S\177\277\370\361\367\235\210sr\037\032`/X%b\364\000\2261<\024n\271\n\247\213\340ngjzz\321\264XQl\247\003\354\245\364D\352R\216\206b4,p\2079'\3229\214pa\315o:\200`\214\264\227\2326\315\307\363\323\325\303\032N\256*\307\327 \235\332\207u\210\271\257\306g\231i*\260\326k\001"";   nodeid: ""\260\000\000\000\000\000\000\000\000\000\000\000\000\000\000\000\000\000\000\000\000\000\000\000\000\000\000\000\000\000\000\000\001""; }; ","ledgerHash: ""\304\307\277\376\336\364\201Z\007\031\270,\205\243P"" !\022\304\354\323\023p\207F\337,\356]ST""; ledgerSeq: 21; type: liAS_NODE; nodes {;   nodedata: ""\021\000h""\000\000\000\000 \033\000\000\000\024\002\023\302\337\330\356GuH\375\327!\255\371\r\231\262R\256J\034\222\241\355X\265E\241^W\225\304\014\361CX-}\351f\032\255\274\334m\326c\017\014ao[\342\230\003\245\245\3341Hm\326^\017jy\335\261\214.\207\210%\003 \010ML\347\200R\304&\320_\215\226\344\334\033\354\2002\255\216\332\317\255\034\017T\270\242(,&\233\326\374o\306[\235\317>\021e\005s\261\371l\216\017\003\032\017J\217\244W<\241'\332/+\360Bx\036+\210j\237K%\340]\246E\2434\264K\036\030qP\317\315\336\325\007\372\373$P*|\321\342\002\026\n\3215\340\3203\200x\327D\301]5\237\247Yz\3711!L\214\221=\252\002\267\225zg\264\253\271T\346ji\003\235\236Pis\264\375\222|H\344\261g?[g\311\347s\234ae\204\263\365U\334\372D\354\345\276\201f\035\271%#\375\245\314.""\373\330&\3746\354@[\274\202\021\202\373Vi\243\n\325\250\005e\360""m\346'\311@\343\016$L\346\334\360<w\317\351\2337\023\262\336W\254\222\315\335\317oP\221\031g\037\220\357Ft\030n\306\370\n\354\226\365\346\276\322i\233\014\037\027Z\351\022\216@=S\205\334\033\374\234n\r\270\210]\013\203\356\024\366\354\260\007L\324\236aQ\361\020X\372\353 3\347\310*\253\021gT!>\003\325\254,\003\367\204\031\331\255\240\304J\342j\272\270\274\360\307\356\347\200Ywm#\014\233\301\022L\232T\033N\341\232\325\233\227\313\307\302\001\313@D\264\016\334\r\034\035\\276\225\314|\234S*r\007\370x>\305D*\007b\276v\316D!=\355\210\037\325\034/l\242\365\034!w\324\362\3252-\025\351\314\2334,\306Dd\037v\256\345X\002=\033c\255\253\226\014-o\364!\262f\370\222\250\377\220&p\343\245\3604Op\353\317\305?Z\326\257)\2439\250\272\002\370\360\022\220W 062/8s4\204\363\253&I\000m\335\025\336\037\263=\026\236A\324J9\261\341@\353\236\027\243\365\225\347\2315\205\014\356\333\201\232V!\026\010\025{\341\203\016\355Wm\222\t\022+\207\321\343}^\317s\206\320\316\221\322\t\214\257\211\366S\177\277\370\361\367\235\210sr\037\032`/X%b\364\000\2261<\024n\271\n\247\213\340ngjzz\321\264XQl\247\003\354\245\364D\352R\216\206b4,p\2079'\3229\214pa\315o:\200`\214\264\227\2326\315\307\363\323\325\303\032N\256*\307\327 \235\332\207u\210\271\257\306g\231i*\260\326k\001"";   nodeid: ""\260\000\000\000\000\000\000\000\000\000\000\000\000\000\000\000\000\000\000\000\000\000\000\000\000\000\000\000\000\000\000\000\001""; }; "
1750587326518,1750587326518,0,1,1,0,TMLedgerData,"ledgerHash: ""\304\307\277\376\336\364\201Z\007\031\270,\205\243P"" !\022\304\354\323\023p\207F\337,\356]ST""; ledgerSeq: 21; type: liBASE; nodes {;   nodedata: ""\000\000\000\025\001cEx]\211\377\330\264XQl\247\003\354\245\364D\352R\216\206b4,p\2079'\3229\214pa\315o:\200`\214\000\000\000\000\000\000\000\000\000\000\000\000\000\000\000\000\000\000\000\000\000\000\000\000\000\000\000\000\000\000\000\000\026\241\271\340\361\002\036\030\351\346\013\027\247\271\305\333\0211J\271\304\317\310\333\335B\275a^\023e?/\352\224:/\352\224B\n\000""; }; nodes {;   nodedata: ""h\315\350\215y\203\242]\371\235\232Pt&\325\210eZ\346\237XZ \277\2457n\221\336\253\245\317\002\304\206+8\t]\351\316\373|\311\263V\300\023\035\211\237\260\300\r\033u3a1\203\303\365\307k\347\006E\344\037@\210\363\010\336T\226\247'\204_{\261\370""1\235\2445\343\033Y!\212\201\341\272\225'\007*$\244&\336\343'\233i\332\374\245 {^\306-N\333\gE\006\347\212\331C\211Z\177\247\031\n\233&\316F\371\245CL\375N\204\344Z\273E\026\2408\261\334S\021\341b\316=\275R\0358\223T\013\202_n)6q\357\2538_-\302\252B\204v\277\254\373\3322Ca\020\243\0105\263\257\367\032\254\016\003""; }; ","ledgerHash: ""\304\307\277\376\336\364\201Z\007\031\270,\205\243P"" !\022\304\354\323\023p\207F\337,\356]ST""; ledgerSeq: 21; type: liBASE; nodes {;   nodedata: ""\000\000\000\025\001cEx]\211\377\330\264XQl\247\003\354\245\364D\352R\216\206b4,p\2079'\3229\214pa\315o:\200`\214\000\000\000\000\000\000\000\000\000\000\000\000\000\000\000\000\000\000\000\000\000\000\000\000\000\000\000\000\000\000\000\000\026\241\271\340\361\002\036\030\351\346\013\027\247\271\305\333\0211J\271\304\317\310\333\335B\275a^\023e?/\352\224:/\352\224B\n\000""; }; nodes {;   nodedata: ""h\315\350\215y\203\242]\371\235\232Pt&\325\210eZ\346\237XZ \277\2457n\221\336\253\245\317\002\304\206+8\t]\351\316\373|\311\263V\300\023\035\211\237\260\300\r\033u3a1\203\303\365\307k\347\006E\344\037@\210\363\010\336T\226\247'\204_{\261\370""1\235\2445\343\033Y!\212\201\341\272\225'\007*$\244&\336\343'\233i\332\374\245 {^\306-N\333\gE\006\347\212\331C\211Z\177\247\031\n\233&\316F\371\245CL\375N\204\344Z\273E\026\2408\261\334S\021\341b\316=\275R\0358\223T\013\202_n)6q\357\2538_-\302\252B\204v\277\254\373\3322Ca\020\243\0105\263\257\367\032\254\016\003""; }; "
1750587326519,1750587326520,0,1,1,3,TMLedgerData,"ledgerHash: ""\304\307\277\376\336\364\201Z\007\031\270,\205\243P"" !\022\304\354\323\023p\207F\337,\356]ST""; ledgerSeq: 21; type: liAS_NODE; nodes {;   nodedata: ""\021\000h""\000\000\000\000 \033\000\000\000\024\002\023\302\337\330\356GuH\375\327!\255\371\r\231\262R\256J\034\222\241\355X\265E\241^W\225\304\014\361CX-}\351f\032\255\274\334m\326c\017\014ao[\342\230\003\245\245\3341Hm\326^\017jy\335\261\214.\207\210%\003 \010ML\347\200R\304&\320_\215\226\344\334\033\354\2002\255\216\332\317\255\034\017T\270\242(,&\233\326\374o\306[\235\317>\021e\005s\261\371l\216\017\003\032\017J\217\244W<\241'\332/+\360Bx\036+\210j\237K%\340]\246E\2434\264K\036\030qP\317\315\336\325\007\372\373$P*|\321\342\002\026\n\3215\340\3203\200x\327D\301]5\237\247Yz\3711!L\214\221=\252\002\267\225zg\264\253\271T\346ji\003\235\236Pis\264\375\222|H\344\261g?[g\311\347s\234ae\204\263\365U\334\372D\354\345\276\201f\035\271%#\375\245\314.""\373\330&\3746\354@[\274\202\021\202\373Vi\243\n\325\250\005e\360""m\346'\311@\343\016$L\346\334\360<w\317\351\2337\023\262\336W\254\222\315\335\317oP\221\031g\037\220\357Ft\030n\306\370\n\354\226\365\346\276\322i\233\014\037\027Z\351\022\216@=S\205\334\033\374\234n\r\270\210]\013\203\356\024\366\354\260\007L\324\236aQ\361\020X\372\353 3\347\310*\253\021gT!>\003\325\254,\003\367\204\031\331\255\240\304J\342j\272\270\274\360\307\356\347\200Ywm#\014\233\301\022L\232T\033N\341\232\325\233\227\313\307\302\001\313@D\264\016\334\r\034\035\\276\225\314|\234S*r\007\370x>\305D*\007b\276v\316D!=\355\210\037\325\034/l\242\365\034!w\324\362\3252-\025\351\314\2334,\306Dd\037v\256\345X\002=\033c\255\253\226\014-o\364!\262f\370\222\250\377\220&p\343\245\3604Op\353\317\305?Z\326\257)\2439\250\272\002\370\360\022\220W 062/8s4\204\363\253&I\000m\335\025\336\037\263=\026\236A\324J9\261\341@\353\236\027\243\365\225\347\2315\205\014\356\333\201\232V!\026\010\025{\341\203\016\355Wm\222\t\022+\207\321\343}^\317s\206\320\316\221\322\t\214\257\211\366S\177\277\370\361\367\235\210sr\037\032`/X%b\364\000\2261<\024n\271\n\247\213\340ngjzz\321\264XQl\247\003\354\245\364D\352R\216\206b4,p\2079'\3229\214pa\315o:\200`\214\264\227\2326\315\307\363\323\325\303\032N\256*\307\327 \235\332\207u\210\271\257\306g\231i*\260\326k\001"";   nodeid: ""\260\000\000\000\000\000\000\000\000\000\000\000\000\000\000\000\000\000\000\000\000\000\000\000\000\000\000\000\000\000\000\000\001""; }; ","ledgerHash: ""\304\307\277\376\336\364\201Z\007\031\270,\205\243P"" !\022\304\354\323\023p\207F\337,\356]ST""; ledgerSeq: 21; type: liAS_NODE; nodes {;   nodedata: ""\021\000h""\000\000\000\000 \033\000\000\000\024\002\023\302\337\330\356GuH\375\327!\255\371\r\231\262R\256J\034\222\241\355X\265E\241^W\225\304\014\361CX-}\351f\032\255\274\334m\326c\017\014ao[\342\230\003\245\245\3341Hm\326^\017jy\335\261\214.\207\210%\003 \010ML\347\200R\304&\320_\215\226\344\334\033\354\2002\255\216\332\317\255\034\017T\270\242(,&\233\326\374o\306[\235\317>\021e\005s\261\371l\216\017\003\032\017J\217\244W<\241'\332/+\360Bx\036+\210j\237K%\340]\246E\2434\264K\036\030qP\317\315\336\325\007\372\373$P*|\321\342\002\026\n\3215\340\3203\200x\327D\301]5\237\247Yz\3711!L\214\221=\252\002\267\225zg\264\253\271T\346ji\003\235\236Pis\264\375\222|H\344\261g?[g\311\347s\234ae\204\263\365U\334\372D\354\345\276\201f\035\271%#\375\245\314.""\373\330&\3746\354@[\274\202\021\202\373Vi\243\n\325\250\005e\360""m\346'\311@\343\016$L\346\334\360<w\317\351\2337\023\262\336W\254\222\315\335\317oP\221\031g\037\220\357Ft\030n\306\370\n\354\226\365\346\276\322i\233\014\037\027Z\351\022\216@=S\205\334\033\374\234n\r\270\210]\013\203\356\024\366\354\260\007L\324\236aQ\361\020X\372\353 3\347\310*\253\021gT!>\003\325\254,\003\367\204\031\331\255\240\304J\342j\272\270\274\360\307\356\347\200Ywm#\014\233\301\022L\232T\033N\341\232\325\233\227\313\307\302\001\313@D\264\016\334\r\034\035\\276\225\314|\234S*r\007\370x>\305D*\007b\276v\316D!=\355\210\037\325\034/l\242\365\034!w\324\362\3252-\025\351\314\2334,\306Dd\037v\256\345X\002=\033c\255\253\226\014-o\364!\262f\370\222\250\377\220&p\343\245\3604Op\353\317\305?Z\326\257)\2439\250\272\002\370\360\022\220W 062/8s4\204\363\253&I\000m\335\025\336\037\263=\026\236A\324J9\261\341@\353\236\027\243\365\225\347\2315\205\014\356\333\201\232V!\026\010\025{\341\203\016\355Wm\222\t\022+\207\321\343}^\317s\206\320\316\221\322\t\214\257\211\366S\177\277\370\361\367\235\210sr\037\032`/X%b\364\000\2261<\024n\271\n\247\213\340ngjzz\321\264XQl\247\003\354\245\364D\352R\216\206b4,p\2079'\3229\214pa\315o:\200`\214\264\227\2326\315\307\363\323\325\303\032N\256*\307\327 \235\332\207u\210\271\257\306g\231i*\260\326k\001"";   nodeid: ""\260\000\000\000\000\000\000\000\000\000\000\000\000\000\000\000\000\000\000\000\000\000\000\000\000\000\000\000\000\000\000\000\001""; }; "
1750587326562,1750587326562,0,1,1,0,TMLedgerData,"ledgerHash: ""\304\307\277\376\336\364\201Z\007\031\270,\205\243P"" !\022\304\354\323\023p\207F\337,\356]ST""; ledgerSeq: 21; type: liAS_NODE; nodes {;   nodedata: ""\021\000h""\000\000\000\000 \033\000\000\000\024\002\023\302\337\330\356GuH\375\327!\255\371\r\231\262R\256J\034\222\241\355X\265E\241^W\225\304\014\361CX-}\351f\032\255\274\334m\326c\017\014ao[\342\230\003\245\245\3341Hm\326^\017jy\335\261\214.\207\210%\003 \010ML\347\200R\304&\320_\215\226\344\334\033\354\2002\255\216\332\317\255\034\017T\270\242(,&\233\326\374o\306[\235\317>\021e\005s\261\371l\216\017\003\032\017J\217\244W<\241'\332/+\360Bx\036+\210j\237K%\340]\246E\2434\264K\036\030qP\317\315\336\325\007\372\373$P*|\321\342\002\026\n\3215\340\3203\200x\327D\301]5\237\247Yz\3711!L\214\221=\252\002\267\225zg\264\253\271T\346ji\003\235\236Pis\264\375\222|H\344\261g?[g\311\347s\234ae\204\263\365U\334\372D\354\345\276\201f\035\271%#\375\245\314.""\373\330&\3746\354@[\274\202\021\202\373Vi\243\n\325\250\005e\360""m\346'\311@\343\016$L\346\334\360<w\317\351\2337\023\262\336W\254\222\315\335\317oP\221\031g\037\220\357Ft\030n\306\370\n\354\226\365\346\276\322i\233\014\037\027Z\351\022\216@=S\205\334\033\374\234n\r\270\210]\013\203\356\024\366\354\260\007L\324\236aQ\361\020X\372\353 3\347\310*\253\021gT!>\003\325\254,\003\367\204\031\331\255\240\304J\342j\272\270\274\360\307\356\347\200Ywm#\014\233\301\022L\232T\033N\341\232\325\233\227\313\307\302\001\313@D\264\016\334\r\034\035\\276\225\314|\234S*r\007\370x>\305D*\007b\276v\316D!=\355\210\037\325\034/l\242\365\034!w\324\362\3252-\025\351\314\2334,\306Dd\037v\256\345X\002=\033c\255\253\226\014-o\364!\262f\370\222\250\377\220&p\343\245\3604Op\353\317\305?Z\326\257)\2439\250\272\002\370\360\022\220W 062/8s4\204\363\253&I\000m\335\025\336\037\263=\026\236A\324J9\261\341@\353\236\027\243\365\225\347\2315\205\014\356\333\201\232V!\026\010\025{\341\203\016\355Wm\222\t\022+\207\321\343}^\317s\206\320\316\221\322\t\214\257\211\366S\177\277\370\361\367\235\210sr\037\032`/X%b\364\000\2261<\024n\271\n\247\213\340ngjzz\321\264XQl\247\003\354\245\364D\352R\216\206b4,p\2079'\3229\214pa\315o:\200`\214\264\227\2326\315\307\363\323\325\303\032N\256*\307\327 \235\332\207u\210\271\257\306g\231i*\260\326k\001"";   nodeid: ""\260\000\000\000\000\000\000\000\000\000\000\000\000\000\000\000\000\000\000\000\000\000\000\000\000\000\000\000\000\000\000\000\001""; }; ","ledgerHash: ""\304\307\277\376\336\364\201Z\007\031\270,\205\243P"" !\022\304\354\323\023p\207F\337,\356]ST""; ledgerSeq: 21; type: liAS_NODE; nodes {;   nodedata: ""\021\000h""\000\000\000\000 \033\000\000\000\024\002\023\302\337\330\356GuH\375\327!\255\371\r\231\262R\256J\034\222\241\355X\265E\241^W\225\304\014\361CX-}\351f\032\255\274\334m\326c\017\014ao[\342\230\003\245\245\3341Hm\326^\017jy\335\261\214.\207\210%\003 \010ML\347\200R\304&\320_\215\226\344\334\033\354\2002\255\216\332\317\255\034\017T\270\242(,&\233\326\374o\306[\235\317>\021e\005s\261\371l\216\017\003\032\017J\217\244W<\241'\332/+\360Bx\036+\210j\237K%\340]\246E\2434\264K\036\030qP\317\315\336\325\007\372\373$P*|\321\342\002\026\n\3215\340\3203\200x\327D\301]5\237\247Yz\3711!L\214\221=\252\002\267\225zg\264\253\271T\346ji\003\235\236Pis\264\375\222|H\344\261g?[g\311\347s\234ae\204\263\365U\334\372D\354\345\276\201f\035\271%#\375\245\314.""\373\330&\3746\354@[\274\202\021\202\373Vi\243\n\325\250\005e\360""m\346'\311@\343\016$L\346\334\360<w\317\351\2337\023\262\336W\254\222\315\335\317oP\221\031g\037\220\357Ft\030n\306\370\n\354\226\365\346\276\322i\233\014\037\027Z\351\022\216@=S\205\334\033\374\234n\r\270\210]\013\203\356\024\366\354\260\007L\324\236aQ\361\020X\372\353 3\347\310*\253\021gT!>\003\325\254,\003\367\204\031\331\255\240\304J\342j\272\270\274\360\307\356\347\200Ywm#\014\233\301\022L\232T\033N\341\232\325\233\227\313\307\302\001\313@D\264\016\334\r\034\035\\276\225\314|\234S*r\007\370x>\305D*\007b\276v\316D!=\355\210\037\325\034/l\242\365\034!w\324\362\3252-\025\351\314\2334,\306Dd\037v\256\345X\002=\033c\255\253\226\014-o\364!\262f\370\222\250\377\220&p\343\245\3604Op\353\317\305?Z\326\257)\2439\250\272\002\370\360\022\220W 062/8s4\204\363\253&I\000m\335\025\336\037\263=\026\236A\324J9\261\341@\353\236\027\243\365\225\347\2315\205\014\356\333\201\232V!\026\010\025{\341\203\016\355Wm\222\t\022+\207\321\343}^\317s\206\320\316\221\322\t\214\257\211\366S\177\277\370\361\367\235\210sr\037\032`/X%b\364\000\2261<\024n\271\n\247\213\340ngjzz\321\264XQl\247\003\354\245\364D\352R\216\206b4,p\2079'\3229\214pa\315o:\200`\214\264\227\2326\315\307\363\323\325\303\032N\256*\307\327 \235\332\207u\210\271\257\306g\231i*\260\326k\001"";   nodeid: ""\260\000\000\000\000\000\000\000\000\000\000\000\000\000\000\000\000\000\000\000\000\000\000\000\000\000\000\000\000\000\000\000\001""; }; "
1750587326892,1750587326892,0,1,3,2,TMProposeSet,"proposeSeq: 1; currentTxHash: ""\000\000\000\000\000\000\000\000\000\000\000\000\000\000\000\000\000\000\000\000\000\000\000\000\000\000\000\000\000\000\000\000""; nodePubKey: ""\003\325Q\255\224\274R@\312\253\262\347\352\034\346\347\242\215,\312\376=\277\353{\350\225\301\305`^, ""; closeTime: 803902530; signature: ""0D\002 \006^fG\221\215\304\2409\335b\344\331v\000\216[yE\253;\272\037\223zw\237<~Z\271\354\002 0\260\223b\252\231k\256G\020\204\014\272!\2770\023\357\001c/\312\314\337\357\030\214o0x\242L""; previousledger: ""\264XQl\247\003\354\245\364D\352R\216\206b4,p\2079'\3229\214pa\315o:\200`\214""; ","proposeSeq: 1; currentTxHash: ""\000\000\000\000\000\000\000\000\000\000\000\000\000\000\000\000\000\000\000\000\000\000\000\000\000\000\000\000\000\000\000\000""; nodePubKey: ""\003\325Q\255\224\274R@\312\253\262\347\352\034\346\347\242\215,\312\376=\277\353{\350\225\301\305`^, ""; closeTime: 803902530; signature: ""0D\002 \006^fG\221\215\304\2409\335b\344\331v\000\216[yE\253;\272\037\223zw\237<~Z\271\354\002 0\260\223b\252\231k\256G\020\204\014\272!\2770\023\357\001c/\312\314\337\357\030\214o0x\242L""; previousledger: ""\264XQl\247\003\354\245\364D\352R\216\206b4,p\2079'\3229\214pa\315o:\200`\214""; "
1750587326944,1750587326944,0,1,3,4,TMProposeSet,"proposeSeq: 1; currentTxHash: ""\000\000\000\000\000\000\000\000\000\000\000\000\000\000\000\000\000\000\000\000\000\000\000\000\000\000\000\000\000\000\000\000""; nodePubKey: ""\003\325Q\255\224\274R@\312\253\262\347\352\034\346\347\242\215,\312\376=\277\353{\350\225\301\305`^, ""; closeTime: 803902530; signature: ""0D\002 \006^fG\221\215\304\2409\335b\344\331v\000\216[yE\253;\272\037\223zw\237<~Z\271\354\002 0\260\223b\252\231k\256G\020\204\014\272!\2770\023\357\001c/\312\314\337\357\030\214o0x\242L""; previousledger: ""\264XQl\247\003\354\245\364D\352R\216\206b4,p\2079'\3229\214pa\315o:\200`\214""; ","proposeSeq: 1; currentTxHash: ""\000\000\000\000\000\000\000\000\000\000\000\000\000\000\000\000\000\000\000\000\000\000\000\000\000\000\000\000\000\000\000\000""; nodePubKey: ""\003\325Q\255\224\274R@\312\253\262\347\352\034\346\347\242\215,\312\376=\277\353{\350\225\301\305`^, ""; closeTime: 803902530; signature: ""0D\002 \006^fG\221\215\304\2409\335b\344\331v\000\216[yE\253;\272\037\223zw\237<~Z\271\354\002 0\260\223b\252\231k\256G\020\204\014\272!\2770\023\357\001c/\312\314\337\357\030\214o0x\242L""; previousledger: ""\264XQl\247\003\354\245\364D\352R\216\206b4,p\2079'\3229\214pa\315o:\200`\214""; "
1750587326946,1750587326946,0,1,3,1,TMProposeSet,"proposeSeq: 1; currentTxHash: ""\000\000\000\000\000\000\000\000\000\000\000\000\000\000\000\000\000\000\000\000\000\000\000\000\000\000\000\000\000\000\000\000""; nodePubKey: ""\003\325Q\255\224\274R@\312\253\262\347\352\034\346\347\242\215,\312\376=\277\353{\350\225\301\305`^, ""; closeTime: 803902530; signature: ""0D\002 \006^fG\221\215\304\2409\335b\344\331v\000\216[yE\253;\272\037\223zw\237<~Z\271\354\002 0\260\223b\252\231k\256G\020\204\014\272!\2770\023\357\001c/\312\314\337\357\030\214o0x\242L""; previousledger: ""\264XQl\247\003\354\245\364D\352R\216\206b4,p\2079'\3229\214pa\315o:\200`\214""; ","proposeSeq: 1; currentTxHash: ""\000\000\000\000\000\000\000\000\000\000\000\000\000\000\000\000\000\000\000\000\000\000\000\000\000\000\000\000\000\000\000\000""; nodePubKey: ""\003\325Q\255\224\274R@\312\253\262\347\352\034\346\347\242\215,\312\376=\277\353{\350\225\301\305`^, ""; closeTime: 803902530; signature: ""0D\002 \006^fG\221\215\304\2409\335b\344\331v\000\216[yE\253;\272\037\223zw\237<~Z\271\354\002 0\260\223b\252\231k\256G\020\204\014\272!\2770\023\357\001c/\312\314\337\357\030\214o0x\242L""; previousledger: ""\264XQl\247\003\354\245\364D\352R\216\206b4,p\2079'\3229\214pa\315o:\200`\214""; "
1750587326945,1750587326945,0,1,3,0,TMProposeSet,"proposeSeq: 1; currentTxHash: ""\000\000\000\000\000\000\000\000\000\000\000\000\000\000\000\000\000\000\000\000\000\000\000\000\000\000\000\000\000\000\000\000""; nodePubKey: ""\003\325Q\255\224\274R@\312\253\262\347\352\034\346\347\242\215,\312\376=\277\353{\350\225\301\305`^, ""; closeTime: 803902530; signature: ""0D\002 \006^fG\221\215\304\2409\335b\344\331v\000\216[yE\253;\272\037\223zw\237<~Z\271\354\002 0\260\223b\252\231k\256G\020\204\014\272!\2770\023\357\001c/\312\314\337\357\030\214o0x\242L""; previousledger: ""\264XQl\247\003\354\245\364D\352R\216\206b4,p\2079'\3229\214pa\315o:\200`\214""; ","proposeSeq: 1; currentTxHash: ""\000\000\000\000\000\000\000\000\000\000\000\000\000\000\000\000\000\000\000\000\000\000\000\000\000\000\000\000\000\000\000\000""; nodePubKey: ""\003\325Q\255\224\274R@\312\253\262\347\352\034\346\347\242\215,\312\376=\277\353{\350\225\301\305`^, ""; closeTime: 803902530; signature: ""0D\002 \006^fG\221\215\304\2409\335b\344\331v\000\216[yE\253;\272\037\223zw\237<~Z\271\354\002 0\260\223b\252\231k\256G\020\204\014\272!\2770\023\357\001c/\312\314\337\357\030\214o0x\242L""; previousledger: ""\264XQl\247\003\354\245\364D\352R\216\206b4,p\2079'\3229\214pa\315o:\200`\214""; "
1750587326950,1750587326950,0,1,3,0,TMValidation,"validation: """"\200\000\000\001&\000\000\000\025)/\352\224>:\211l\014`\252m\212dQ\304\307\277\376\336\364\201Z\007\031\270,\205\243P"" !\022\304\354\323\023p\207F\337,\356]STP\027\000\000\000\000\000\000\000\000\000\000\000\000\000\000\000\000\000\000\000\000\000\000\000\000\000\000\000\000\000\000\000\000P\031\264XQl\247\003\354\245\364D\352R\216\206b4,p\2079'\3229\214pa\315o:\200`\214s!\003\325Q\255\224\274R@\312\253\262\347\352\034\346\347\242\215,\312\376=\277\353{\350\225\301\305`^, vG0E\002!\000\274\006\301D\247Q\360F\356\310o\346\3008\006\022\242\374U\365\250\353\243\202v\231\013\313J\25052\002 L\005\270H\266V\261\335h\352\354[\341\3111\253\356\304\375\025\234nl\272\307W\021|^\306\000\367""; ","validation: """"\200\000\000\001&\000\000\000\025)/\352\224>:\211l\014`\252m\212dQ\304\307\277\376\336\364\201Z\007\031\270,\205\243P"" !\022\304\354\323\023p\207F\337,\356]STP\027\000\000\000\000\000\000\000\000\000\000\000\000\000\000\000\000\000\000\000\000\000\000\000\000\000\000\000\000\000\000\000\000P\031\264XQl\247\003\354\245\364D\352R\216\206b4,p\2079'\3229\214pa\315o:\200`\214s!\003\325Q\255\224\274R@\312\253\262\347\352\034\346\347\242\215,\312\376=\277\353{\350\225\301\305`^, vG0E\002!\000\274\006\301D\247Q\360F\356\310o\346\3008\006\022\242\374U\365\250\353\243\202v\231\013\313J\25052\002 L\005\270H\266V\261\335h\352\354[\341\3111\253\356\304\375\025\234nl\272\307W\021|^\306\000\367""; "
1750587326953,1750587326953,0,1,3,4,TMValidation,"validation: """"\200\000\000\001&\000\000\000\025)/\352\224>:\211l\014`\252m\212dQ\304\307\277\376\336\364\201Z\007\031\270,\205\243P"" !\022\304\354\323\023p\207F\337,\356]STP\027\000\000\000\000\000\000\000\000\000\000\000\000\000\000\000\000\000\000\000\000\000\000\000\000\000\000\000\000\000\000\000\000P\031\264XQl\247\003\354\245\364D\352R\216\206b4,p\2079'\3229\214pa\315o:\200`\214s!\003\325Q\255\224\274R@\312\253\262\347\352\034\346\347\242\215,\312\376=\277\353{\350\225\301\305`^, vG0E\002!\000\274\006\301D\247Q\360F\356\310o\346\3008\006\022\242\374U\365\250\353\243\202v\231\013\313J\25052\002 L\005\270H\266V\261\335h\352\354[\341\3111\253\356\304\375\025\234nl\272\307W\021|^\306\000\367""; ","validation: """"\200\000\000\001&\000\000\000\025)/\352\224>:\211l\014`\252m\212dQ\304\307\277\376\336\364\201Z\007\031\270,\205\243P"" !\022\304\354\323\023p\207F\337,\356]STP\027\000\000\000\000\000\000\000\000\000\000\000\000\000\000\000\000\000\000\000\000\000\000\000\000\000\000\000\000\000\000\000\000P\031\264XQl\247\003\354\245\364D\352R\216\206b4,p\2079'\3229\214pa\315o:\200`\214s!\003\325Q\255\224\274R@\312\253\262\347\352\034\346\347\242\215,\312\376=\277\353{\350\225\301\305`^, vG0E\002!\000\274\006\301D\247Q\360F\356\310o\346\3008\006\022\242\374U\365\250\353\243\202v\231\013\313J\25052\002 L\005\270H\266V\261\335h\352\354[\341\3111\253\356\304\375\025\234nl\272\307W\021|^\306\000\367""; "
1750587325777,1750587343112,0,1,4,3,TMStatusChange,"newEvent: neCLOSING_LEDGER; ledgerSeq: 20; ledgerHash: ""\264XQl\247\003\354\245\364D\352R\216\206b4,p\2079'\3229\214pa\315o:\200`\214""; ledgerHashPrevious: ""\370\361\367\235\210sr\037\032`/X%b\364\000\2261<\024n\271\n\247\213\340ngjzz\321""; networkTime: 803902525; firstSeq: 1; lastSeq: 20; ","newEvent: neCLOSING_LEDGER; ledgerSeq: 20; ledgerHash: ""\264XQl\247\003\354\245\364D\352R\216\206b4,p\2079'\3229\214pa\315o:\200`\214""; ledgerHashPrevious: ""\370\361\367\235\210sr\037\032`/X%b\364\000\2261<\024n\271\n\247\213\340ngjzz\321""; networkTime: 803902525; firstSeq: 1; lastSeq: 20; "
1750587326465,1750587343114,0,1,1,4,TMStatusChange,"newEvent: neACCEPTED_LEDGER; ledgerSeq: 21; ledgerHash: ""\304\307\277\376\336\364\201Z\007\031\270,\205\243P"" !\022\304\354\323\023p\207F\337,\356]ST""; ledgerHashPrevious: ""\264XQl\247\003\354\245\364D\352R\216\206b4,p\2079'\3229\214pa\315o:\200`\214""; networkTime: 803902526; firstSeq: 1; lastSeq: 20; ","newEvent: neACCEPTED_LEDGER; ledgerSeq: 21; ledgerHash: ""\304\307\277\376\336\364\201Z\007\031\270,\205\243P"" !\022\304\354\323\023p\207F\337,\356]ST""; ledgerHashPrevious: ""\264XQl\247\003\354\245\364D\352R\216\206b4,p\2079'\3229\214pa\315o:\200`\214""; networkTime: 803902526; firstSeq: 1; lastSeq: 20; "
1750587326494,1750587343115,0,1,1,2,TMStatusChange,"newEvent: neACCEPTED_LEDGER; ledgerSeq: 21; ledgerHash: ""\304\307\277\376\336\364\201Z\007\031\270,\205\243P"" !\022\304\354\323\023p\207F\337,\356]ST""; ledgerHashPrevious: ""\264XQl\247\003\354\245\364D\352R\216\206b4,p\2079'\3229\214pa\315o:\200`\214""; networkTime: 803902526; firstSeq: 1; lastSeq: 20; ","newEvent: neACCEPTED_LEDGER; ledgerSeq: 21; ledgerHash: ""\304\307\277\376\336\364\201Z\007\031\270,\205\243P"" !\022\304\354\323\023p\207F\337,\356]ST""; ledgerHashPrevious: ""\264XQl\247\003\354\245\364D\352R\216\206b4,p\2079'\3229\214pa\315o:\200`\214""; networkTime: 803902526; firstSeq: 1; lastSeq: 20; "
1750587326954,1750587343118,0,1,3,4,TMStatusChange,"newEvent: neACCEPTED_LEDGER; ledgerSeq: 21; ledgerHash: ""\304\307\277\376\336\364\201Z\007\031\270,\205\243P"" !\022\304\354\323\023p\207F\337,\356]ST""; ledgerHashPrevious: ""\264XQl\247\003\354\245\364D\352R\216\206b4,p\2079'\3229\214pa\315o:\200`\214""; networkTime: 803902526; firstSeq: 9; lastSeq: 20; ","newEvent: neACCEPTED_LEDGER; ledgerSeq: 21; ledgerHash: ""\304\307\277\376\336\364\201Z\007\031\270,\205\243P"" !\022\304\354\323\023p\207F\337,\356]ST""; ledgerHashPrevious: ""\264XQl\247\003\354\245\364D\352R\216\206b4,p\2079'\3229\214pa\315o:\200`\214""; networkTime: 803902526; firstSeq: 9; lastSeq: 20; "
1750587326502,1750587343118,0,1,1,3,TMStatusChange,"newEvent: neACCEPTED_LEDGER; ledgerSeq: 21; ledgerHash: ""\304\307\277\376\336\364\201Z\007\031\270,\205\243P"" !\022\304\354\323\023p\207F\337,\356]ST""; ledgerHashPrevious: ""\264XQl\247\003\354\245\364D\352R\216\206b4,p\2079'\3229\214pa\315o:\200`\214""; networkTime: 803902526; firstSeq: 1; lastSeq: 20; ","newEvent: neACCEPTED_LEDGER; ledgerSeq: 21; ledgerHash: ""\304\307\277\376\336\364\201Z\007\031\270,\205\243P"" !\022\304\354\323\023p\207F\337,\356]ST""; ledgerHashPrevious: ""\264XQl\247\003\354\245\364D\352R\216\206b4,p\2079'\3229\214pa\315o:\200`\214""; networkTime: 803902526; firstSeq: 1; lastSeq: 20; "
1750587326952,1750587343118,0,1,3,0,TMStatusChange,"newEvent: neACCEPTED_LEDGER; ledgerSeq: 21; ledgerHash: ""\304\307\277\376\336\364\201Z\007\031\270,\205\243P"" !\022\304\354\323\023p\207F\337,\356]ST""; ledgerHashPrevious: ""\264XQl\247\003\354\245\364D\352R\216\206b4,p\2079'\3229\214pa\315o:\200`\214""; networkTime: 803902526; firstSeq: 9; lastSeq: 20; ","newEvent: neACCEPTED_LEDGER; ledgerSeq: 21; ledgerHash: ""\304\307\277\376\336\364\201Z\007\031\270,\205\243P"" !\022\304\354\323\023p\207F\337,\356]ST""; ledgerHashPrevious: ""\264XQl\247\003\354\245\364D\352R\216\206b4,p\2079'\3229\214pa\315o:\200`\214""; networkTime: 803902526; firstSeq: 9; lastSeq: 20; "
1750587326499,1750587343117,0,1,1,0,TMStatusChange,"newEvent: neACCEPTED_LEDGER; ledgerSeq: 21; ledgerHash: ""\304\307\277\376\336\364\201Z\007\031\270,\205\243P"" !\022\304\354\323\023p\207F\337,\356]ST""; ledgerHashPrevious: ""\264XQl\247\003\354\245\364D\352R\216\206b4,p\2079'\3229\214pa\315o:\200`\214""; networkTime: 803902526; firstSeq: 1; lastSeq: 20; ","newEvent: neACCEPTED_LEDGER; ledgerSeq: 21; ledgerHash: ""\304\307\277\376\336\364\201Z\007\031\270,\205\243P"" !\022\304\354\323\023p\207F\337,\356]ST""; ledgerHashPrevious: ""\264XQl\247\003\354\245\364D\352R\216\206b4,p\2079'\3229\214pa\315o:\200`\214""; networkTime: 803902526; firstSeq: 1; lastSeq: 20; "
