peer_id,account_alias,account_address,balance
0,Account1,rHUipQ6yUf1CGmFqCqfxigWmeUf5yS1t8V,20000999980
0,Account2,rE85zKYXHCx1PYM6AFNDLePofRahfaf73a,180001000000
0,Account3,r3wEKL521CWKwwDWzf7hCLjCycAC5NKgwt,100001000000
