sender_peer_id,receiver_peer_id,tx_hash,next_ledger_seq
1,3,0AFACBA44CA41643C108ECFA59C5F30BCAA21E07251FFC3CAF75DCD282FA3F18,4
1,2,0AFACBA44CA41643C108ECFA59C5F30BCAA21E07251FFC3CAF75DCD282FA3F18,4
1,0,0AFACBA44CA41643C108ECFA59C5F30BCAA21E07251FFC3CAF75DCD282FA3F18,4
1,4,0AFACBA44CA41643C108ECFA59C5F30BCAA21E07251FFC3CAF75DCD282FA3F18,4
2,0,0AFACBA44CA41643C108ECFA59C5F30BCAA21E07251FFC3CAF75DCD282FA3F18,4
2,4,0AFACBA44CA41643C108ECFA59C5F30BCAA21E07251FFC3CAF75DCD282FA3F18,4
2,3,0AFACBA44CA41643C108ECFA59C5F30BCAA21E07251FFC3CAF75DCD282FA3F18,4
1,3,82D8A1E9B70F7EB7B745B5EE52B1EA13E9D426CE01DBA8021EC0B3F052AEBE08,4
1,0,82D8A1E9B70F7EB7B745B5EE52B1EA13E9D426CE01DBA8021EC0B3F052AEBE08,4
1,4,82D8A1E9B70F7EB7B745B5EE52B1EA13E9D426CE01DBA8021EC0B3F052AEBE08,4
1,2,82D8A1E9B70F7EB7B745B5EE52B1EA13E9D426CE01DBA8021EC0B3F052AEBE08,4
2,3,82D8A1E9B70F7EB7B745B5EE52B1EA13E9D426CE01DBA8021EC0B3F052AEBE08,4
2,0,82D8A1E9B70F7EB7B745B5EE52B1EA13E9D426CE01DBA8021EC0B3F052AEBE08,4
2,4,82D8A1E9B70F7EB7B745B5EE52B1EA13E9D426CE01DBA8021EC0B3F052AEBE08,4
3,4,0AFACBA44CA41643C108ECFA59C5F30BCAA21E07251FFC3CAF75DCD282FA3F18,4
3,0,0AFACBA44CA41643C108ECFA59C5F30BCAA21E07251FFC3CAF75DCD282FA3F18,4
3,1,0AFACBA44CA41643C108ECFA59C5F30BCAA21E07251FFC3CAF75DCD282FA3F18,4
1,3,07308CE285207A0AA2D7FE65B7CAAC2DBA79D92F98000B99E5322060AC9CC473,4
1,4,07308CE285207A0AA2D7FE65B7CAAC2DBA79D92F98000B99E5322060AC9CC473,4
1,0,07308CE285207A0AA2D7FE65B7CAAC2DBA79D92F98000B99E5322060AC9CC473,4
1,2,07308CE285207A0AA2D7FE65B7CAAC2DBA79D92F98000B99E5322060AC9CC473,4
0,4,0AFACBA44CA41643C108ECFA59C5F30BCAA21E07251FFC3CAF75DCD282FA3F18,4
0,3,0AFACBA44CA41643C108ECFA59C5F30BCAA21E07251FFC3CAF75DCD282FA3F18,4
0,2,0AFACBA44CA41643C108ECFA59C5F30BCAA21E07251FFC3CAF75DCD282FA3F18,4
2,3,07308CE285207A0AA2D7FE65B7CAAC2DBA79D92F98000B99E5322060AC9CC473,4
2,0,07308CE285207A0AA2D7FE65B7CAAC2DBA79D92F98000B99E5322060AC9CC473,4
2,4,07308CE285207A0AA2D7FE65B7CAAC2DBA79D92F98000B99E5322060AC9CC473,4
3,4,82D8A1E9B70F7EB7B745B5EE52B1EA13E9D426CE01DBA8021EC0B3F052AEBE08,4
3,0,82D8A1E9B70F7EB7B745B5EE52B1EA13E9D426CE01DBA8021EC0B3F052AEBE08,4
3,1,82D8A1E9B70F7EB7B745B5EE52B1EA13E9D426CE01DBA8021EC0B3F052AEBE08,4
4,3,0AFACBA44CA41643C108ECFA59C5F30BCAA21E07251FFC3CAF75DCD282FA3F18,4
4,2,0AFACBA44CA41643C108ECFA59C5F30BCAA21E07251FFC3CAF75DCD282FA3F18,4
4,0,0AFACBA44CA41643C108ECFA59C5F30BCAA21E07251FFC3CAF75DCD282FA3F18,4
0,4,82D8A1E9B70F7EB7B745B5EE52B1EA13E9D426CE01DBA8021EC0B3F052AEBE08,4
0,3,82D8A1E9B70F7EB7B745B5EE52B1EA13E9D426CE01DBA8021EC0B3F052AEBE08,4
0,2,82D8A1E9B70F7EB7B745B5EE52B1EA13E9D426CE01DBA8021EC0B3F052AEBE08,4
3,4,07308CE285207A0AA2D7FE65B7CAAC2DBA79D92F98000B99E5322060AC9CC473,4
3,1,07308CE285207A0AA2D7FE65B7CAAC2DBA79D92F98000B99E5322060AC9CC473,4
3,0,07308CE285207A0AA2D7FE65B7CAAC2DBA79D92F98000B99E5322060AC9CC473,4
4,2,82D8A1E9B70F7EB7B745B5EE52B1EA13E9D426CE01DBA8021EC0B3F052AEBE08,4
4,0,82D8A1E9B70F7EB7B745B5EE52B1EA13E9D426CE01DBA8021EC0B3F052AEBE08,4
4,3,82D8A1E9B70F7EB7B745B5EE52B1EA13E9D426CE01DBA8021EC0B3F052AEBE08,4
0,4,07308CE285207A0AA2D7FE65B7CAAC2DBA79D92F98000B99E5322060AC9CC473,4
0,3,07308CE285207A0AA2D7FE65B7CAAC2DBA79D92F98000B99E5322060AC9CC473,4
0,2,07308CE285207A0AA2D7FE65B7CAAC2DBA79D92F98000B99E5322060AC9CC473,4
4,3,07308CE285207A0AA2D7FE65B7CAAC2DBA79D92F98000B99E5322060AC9CC473,5
4,2,07308CE285207A0AA2D7FE65B7CAAC2DBA79D92F98000B99E5322060AC9CC473,5
4,0,07308CE285207A0AA2D7FE65B7CAAC2DBA79D92F98000B99E5322060AC9CC473,5
2,3,A583A0AACB88622DB6751836CBADA499A5C798D4F99C3C60C3518395BF9EA4F7,6
2,4,A583A0AACB88622DB6751836CBADA499A5C798D4F99C3C60C3518395BF9EA4F7,6
2,0,A583A0AACB88622DB6751836CBADA499A5C798D4F99C3C60C3518395BF9EA4F7,6
2,1,A583A0AACB88622DB6751836CBADA499A5C798D4F99C3C60C3518395BF9EA4F7,6
0,2,89BB0B1FD7CBE39D214CC0FB29E3AE171F63268BEC7F5700F9B62A7834C84F09,6
0,4,89BB0B1FD7CBE39D214CC0FB29E3AE171F63268BEC7F5700F9B62A7834C84F09,6
0,1,89BB0B1FD7CBE39D214CC0FB29E3AE171F63268BEC7F5700F9B62A7834C84F09,6
1,4,5C79DAC5F53B90D5375794B7B6AFE882AC6161A39BB696D4CE885C16C5FF0C4B,6
1,3,5C79DAC5F53B90D5375794B7B6AFE882AC6161A39BB696D4CE885C16C5FF0C4B,6
0,3,89BB0B1FD7CBE39D214CC0FB29E3AE171F63268BEC7F5700F9B62A7834C84F09,6
1,2,5C79DAC5F53B90D5375794B7B6AFE882AC6161A39BB696D4CE885C16C5FF0C4B,6
1,0,5C79DAC5F53B90D5375794B7B6AFE882AC6161A39BB696D4CE885C16C5FF0C4B,6
3,2,885BD502DB64D8E988C1EBEE2769B0436FA85496D0FBA5B29E9A6E2B354BF4FF,6
3,4,885BD502DB64D8E988C1EBEE2769B0436FA85496D0FBA5B29E9A6E2B354BF4FF,6
3,0,885BD502DB64D8E988C1EBEE2769B0436FA85496D0FBA5B29E9A6E2B354BF4FF,6
3,1,885BD502DB64D8E988C1EBEE2769B0436FA85496D0FBA5B29E9A6E2B354BF4FF,6
4,3,89BB0B1FD7CBE39D214CC0FB29E3AE171F63268BEC7F5700F9B62A7834C84F09,6
4,2,89BB0B1FD7CBE39D214CC0FB29E3AE171F63268BEC7F5700F9B62A7834C84F09,6
4,1,89BB0B1FD7CBE39D214CC0FB29E3AE171F63268BEC7F5700F9B62A7834C84F09,6
2,3,5C79DAC5F53B90D5375794B7B6AFE882AC6161A39BB696D4CE885C16C5FF0C4B,7
2,4,5C79DAC5F53B90D5375794B7B6AFE882AC6161A39BB696D4CE885C16C5FF0C4B,7
2,1,5C79DAC5F53B90D5375794B7B6AFE882AC6161A39BB696D4CE885C16C5FF0C4B,7
2,0,5C79DAC5F53B90D5375794B7B6AFE882AC6161A39BB696D4CE885C16C5FF0C4B,7
2,1,885BD502DB64D8E988C1EBEE2769B0436FA85496D0FBA5B29E9A6E2B354BF4FF,7
2,3,885BD502DB64D8E988C1EBEE2769B0436FA85496D0FBA5B29E9A6E2B354BF4FF,7
2,4,885BD502DB64D8E988C1EBEE2769B0436FA85496D0FBA5B29E9A6E2B354BF4FF,7
2,0,885BD502DB64D8E988C1EBEE2769B0436FA85496D0FBA5B29E9A6E2B354BF4FF,7
1,0,89BB0B1FD7CBE39D214CC0FB29E3AE171F63268BEC7F5700F9B62A7834C84F09,7
1,4,89BB0B1FD7CBE39D214CC0FB29E3AE171F63268BEC7F5700F9B62A7834C84F09,7
1,2,89BB0B1FD7CBE39D214CC0FB29E3AE171F63268BEC7F5700F9B62A7834C84F09,7
1,3,89BB0B1FD7CBE39D214CC0FB29E3AE171F63268BEC7F5700F9B62A7834C84F09,7
3,4,89BB0B1FD7CBE39D214CC0FB29E3AE171F63268BEC7F5700F9B62A7834C84F09,7
3,1,89BB0B1FD7CBE39D214CC0FB29E3AE171F63268BEC7F5700F9B62A7834C84F09,7
3,2,89BB0B1FD7CBE39D214CC0FB29E3AE171F63268BEC7F5700F9B62A7834C84F09,7
3,0,89BB0B1FD7CBE39D214CC0FB29E3AE171F63268BEC7F5700F9B62A7834C84F09,7
1,4,885BD502DB64D8E988C1EBEE2769B0436FA85496D0FBA5B29E9A6E2B354BF4FF,7
1,3,885BD502DB64D8E988C1EBEE2769B0436FA85496D0FBA5B29E9A6E2B354BF4FF,7
1,0,885BD502DB64D8E988C1EBEE2769B0436FA85496D0FBA5B29E9A6E2B354BF4FF,7
1,2,885BD502DB64D8E988C1EBEE2769B0436FA85496D0FBA5B29E9A6E2B354BF4FF,7
